"p0": 0.00026343469924224885
"p1": 8.279376261899251E-05
"p2": 1.1290058538953523E-05
"p3": 0
"p4": 0.0006472966895666684
"p5": 0.00019381267158536877
"p6": 2.0698440654748124E-05
"p7": 0
"p8": 0.0014545358751018457
"p9": 0.000568266279793994
"p10": 9.972885042742277E-05
"p11": 5.645029269476761E-06
"p12": 0.0035845935861177443
"p13": 0.0015523830491061092
"p14": 0.00033493840332228785
"p15": 1.6935087808430282E-05
"p16": 0
"p17": 0
"p18": 0
"p19": 0
"p20": 4.516023415581409E-05
"p21": 0
"p22": 0
"p23": 0
"p24": 5.645029269476761E-06
"p25": 0
"p26": 0
"p27": 0
"p28": 3.387017561686057E-05
"p29": 5.645029269476761E-06
"p30": 0
"p31": 0
"p32": 5.080526342529085E-05
"p33": 5.645029269476761E-06
"p34": 0
"p35": 0
"p36": 0.0002878964927433149
"p37": 6.774035123372113E-05
"p38": 5.645029269476761E-06
"p39": 0
"p40": 0.0016050699889545586
"p41": 0.0004666557529434122
"p42": 7.714873334951573E-05
"p43": 5.645029269476761E-06
"p44": 0.0045818820903919715
"p45": 0.0016408218409945789
"p46": 0.0002464996114338186
"p47": 1.8816764231589203E-05
"p48": 0.00011101890896637629
"p49": 1.8816764231589203E-05
"p50": 0
"p51": 0
"p52": 0.0004271405480570749
"p53": 0.00011666393823585305
"p54": 9.408382115794602E-06
"p55": 0
"p56": 0.0007545522456867272
"p57": 0.00013359902604428335
"p58": 1.5053411385271363E-05
"p59": 0
"p60": 0.002357740558218128
"p61": 0.0006454150131435097
"p62": 6.962202765688006E-05
