"p0": 1.1290058538953523E-05
"p1": 0
"p2": 0
"p3": 0
"p4": 0.0003180033155138575
"p5": 3.7633528463178407E-05
"p6": 3.7633528463178407E-06
"p7": 0
"p8": 0.0001580608195453493
"p9": 2.4461793501065966E-05
"p10": 1.8816764231589204E-06
"p11": 0
"p12": 0.0006736401594908935
"p13": 0.0001768775837769385
"p14": 2.6343469924224884E-05
"p15": 0
"p16": 0
"p17": 0
"p18": 0
"p19": 0
"p20": 0
"p21": 0
"p22": 0
"p23": 0
"p24": 0
"p25": 0
"p26": 0
"p27": 0
"p28": 5.080526342529085E-05
"p29": 5.645029269476761E-06
"p30": 0
"p31": 0
"p32": 0.00029165984558963265
"p33": 8.279376261899251E-05
"p34": 1.1290058538953523E-05
"p35": 0
"p36": 0.0008486360668446729
"p37": 0.0002276828472022294
"p38": 2.0698440654748124E-05
"p39": 0
"p40": 0.0027585376363509773
"p41": 0.0009558916229647315
"p42": 0.00017123255450746173
"p43": 1.1290058538953523E-05
"p44": 0.007839063978880062
"p45": 0.0029786937778605704
"p46": 0.0005870830440255833
"p47": 3.575185204001948E-05
"p48": 3.7633528463178407E-05
"p49": 7.5267056926356815E-06
"p50": 0
"p51": 0
"p52": 0.00019757602443168663
"p53": 2.8225146347383805E-05
"p54": 0
"p55": 0
"p56": 0.0003932703724402144
"p57": 6.209532196424438E-05
"p58": 1.8816764231589204E-06
"p59": 0
"p60": 0.001951298450815801
"p61": 0.0005720296326403118
"p62": 7.714873334951574E-05
