"p0": 1.6935087808430286E-05
"p1": 1.8816764231589204E-06
"p2": 0
"p3": 0
"p4": 0.0001938126715853688
"p5": 3.387017561686057E-05
"p6": 0
"p7": 0
"p8": 7.5267056926356815E-06
"p9": 0
"p10": 0
"p11": 0
"p12": 0.00010537387969689955
"p13": 2.4461793501065963E-05
"p14": 0
"p15": 0
"p16": 0
"p17": 0
"p18": 0
"p19": 0
"p20": 5.645029269476761E-06
"p21": 0
"p22": 0
"p23": 0
"p24": 0
"p25": 0
"p26": 0
"p27": 0
"p28": 0
"p29": 0
"p30": 0
"p31": 0
"p32": 0.0005701479562171529
"p33": 0.00015241579027587256
"p34": 1.5053411385271363E-05
"p35": 0
"p36": 0.002427362585875007
"p37": 0.0007470255399940913
"p38": 0.00010725555612005845
"p39": 0
"p40": 5.080526342529086E-05
"p41": 3.7633528463178407E-06
"p42": 0
"p43": 0
"p44": 0.0009765900636194797
"p45": 0.00023520955289486501
"p46": 1.8816764231589203E-05
"p47": 0
"p48": 6.774035123372114E-05
"p49": 1.5053411385271363E-05
"p50": 0
"p51": 0
"p52": 0.0004290222244802338
"p53": 0.00011666393823585307
"p54": 1.3171734962112442E-05
"p55": 0
"p56": 1.8816764231589204E-06
"p57": 0
"p58": 0
"p59": 0
"p60": 4.516023415581409E-05
"p61": 5.645029269476761E-06
"p62": 0
