"p0": 5.6450292694767617E-05
"p1": 1.8816764231589204E-06
"p2": 0
"p3": 0
"p4": 0
"p5": 0
"p6": 0
"p7": 0
"p8": 0.0011948645287059142
"p9": 0.0002897781691664737
"p10": 2.2580117077907045E-05
"p11": 1.8816764231589204E-06
"p12": 9.032046831162818E-05
"p13": 3.7633528463178407E-06
"p14": 0
"p15": 0
"p16": 0.00027284308135804345
"p17": 3.7633528463178407E-05
"p18": 3.7633528463178407E-06
"p19": 0
"p20": 0
"p21": 0
"p22": 0
"p23": 0
"p24": 0.0007714873334951573
"p25": 0.00018816764231589206
"p26": 2.8225146347383805E-05
"p27": 0
"p28": 0.00011666393823585305
"p29": 1.3171734962112444E-05
"p30": 0
"p31": 0
"p32": 0.00034999181470755925
"p33": 6.021364554108545E-05
"p34": 0
"p35": 0
"p36": 5.645029269476761E-06
"p37": 0
"p38": 0
"p39": 0
"p40": 0.004687255970088871
"p41": 0.0015918982539924469
"p42": 0.00027284308135804345
"p43": 1.6935087808430282E-05
"p44": 0.001763130808499908
"p45": 0.0004704191057897301
"p46": 8.467543904215141E-05
"p47": 5.645029269476761E-06
"p48": 0.0005757929854866296
"p49": 0.00018252261304641524
"p50": 2.0698440654748124E-05
"p51": 0
"p52": 7.338538050319788E-05
"p53": 1.5053411385271363E-05
"p54": 0
"p55": 0
"p56": 0.004500970004196138
"p57": 0.0017123255450746172
"p58": 0.00035375516755387705
"p59": 1.8816764231589203E-05
"p60": 0.0022918818834075654
"p61": 0.0008241742733436071
"p62": 0.00012607232035164766
