"p0": 3.7633528463178407E-06
"p1": 0
"p2": 0
"p3": 0
"p4": 0
"p5": 0
"p6": 0
"p7": 0
"p8": 0.0003180033155138576
"p9": 4.1396881309496255E-05
"p10": 3.7633528463178407E-06
"p11": 0
"p12": 4.139688130949625E-05
"p13": 5.645029269476761E-06
"p14": 0
"p15": 0
"p16": 4.516023415581409E-05
"p17": 7.5267056926356815E-06
"p18": 0
"p19": 0
"p20": 0
"p21": 0
"p22": 0
"p23": 0
"p24": 0.0001975760244316866
"p25": 2.2580117077907045E-05
"p26": 0
"p27": 0
"p28": 6.962202765688006E-05
"p29": 1.1290058538953523E-05
"p30": 0
"p31": 0
"p32": 0.00010537387969689955
"p33": 1.5053411385271363E-05
"p34": 0
"p35": 0
"p36": 0
"p37": 0
"p38": 0
"p39": 0
"p40": 0.002628701963153012
"p41": 0.0005814380147561065
"p42": 6.021364554108546E-05
"p43": 3.7633528463178407E-06
"p44": 0.00040079707813285006
"p45": 7.526705692635681E-05
"p46": 0
"p47": 0
"p48": 0.0001580608195453493
"p49": 1.8816764231589203E-05
"p50": 0
"p51": 0
"p52": 1.1290058538953523E-05
"p53": 0
"p54": 0
"p55": 0
"p56": 0.002641873698115124
"p57": 0.0005833196911792653
"p58": 6.774035123372114E-05
"p59": 3.7633528463178407E-06
"p60": 0.00066235010095194
"p61": 0.00011101890896637632
"p62": 3.7633528463178407E-06
