"p0": 0.0012833033205943837
"p1": 0.0005080526342529085
"p2": 8.655711546531032E-05
"p3": 5.645029269476761E-06
"p4": 0.002782999429852043
"p5": 0.0012268530278996162
"p6": 0.0002897781691664738
"p7": 1.6935087808430282E-05
"p8": 0.0002973048748591094
"p9": 9.972885042742278E-05
"p10": 1.8816764231589203E-05
"p11": 0
"p12": 0.0017085621922283
"p13": 0.0006209532196424437
"p14": 8.27937626189925E-05
"p15": 0
"p16": 5.645029269476761E-06
"p17": 0
"p18": 0
"p19": 0
"p20": 5.645029269476761E-05
"p21": 5.645029269476761E-06
"p22": 0
"p23": 0
"p24": 0
"p25": 0
"p26": 0
"p27": 0
"p28": 0
"p29": 0
"p30": 0
"p31": 0
"p32": 0.0014507725222555274
"p33": 0.00042525887163391595
"p34": 6.962202765688005E-05
"p35": 5.645029269476761E-06
"p36": 0.004337264155381312
"p37": 0.0015693181369145393
"p38": 0.00024085458216434183
"p39": 1.8816764231589203E-05
"p40": 0.0002427362585875007
"p41": 7.903040977267465E-05
"p42": 1.5053411385271365E-05
"p43": 0
"p44": 0.0007413805107246144
"p45": 0.00022580117077907047
"p46": 2.8225146347383805E-05
"p47": 0
"p48": 0.0007432621871477737
"p49": 0.00013924405531376012
"p50": 1.5053411385271363E-05
"p51": 0
"p52": 0.0021846263272875064
"p53": 0.0005739113090634706
"p54": 5.833196911792654E-05
"p55": 1.8816764231589204E-06
"p56": 9.032046831162817E-05
"p57": 1.5053411385271363E-05
"p58": 1.8816764231589204E-06
"p59": 0
"p60": 0.0005005259285602728
"p61": 0.00013171734962112442
"p62": 9.408382115794602E-06
