"p0": 0.00023520955289486504
"p1": 6.021364554108545E-05
"p2": 5.645029269476761E-06
"p3": 0
"p4": 0.0011271241774721932
"p5": 0.0003688085789391484
"p6": 5.080526342529085E-05
"p7": 0
"p8": 1.8816764231589207E-05
"p9": 1.8816764231589204E-06
"p10": 0
"p11": 0
"p12": 0.0003104766098212219
"p13": 6.585867481056221E-05
"p14": 1.8816764231589204E-06
"p15": 0
"p16": 0.00037257193178546626
"p17": 9.972885042742277E-05
"p18": 9.408382115794602E-06
"p19": 0
"p20": 0.0012833033205943837
"p21": 0.00041396881309496247
"p22": 6.585867481056221E-05
"p23": 0
"p24": 3.010682277054273E-05
"p25": 1.8816764231589204E-06
"p26": 0
"p27": 0
"p28": 0.0007206820700698665
"p29": 0.00017875926020009743
"p30": 1.6935087808430282E-05
"p31": 0
"p32": 3.198849919370165E-05
"p33": 3.7633528463178407E-06
"p34": 0
"p35": 0
"p36": 0.0006303616017582383
"p37": 0.00016935087808430283
"p38": 1.8816764231589204E-06
"p39": 0
"p40": 1.8816764231589204E-06
"p41": 0
"p42": 0
"p43": 0
"p44": 3.951520488633733E-05
"p45": 1.5053411385271363E-05
"p46": 1.8816764231589204E-06
"p47": 0
"p48": 3.198849919370165E-05
"p49": 5.645029269476761E-06
"p50": 0
"p51": 0
"p52": 0.000521224369215021
"p53": 0.00012230896750532982
"p54": 1.8816764231589204E-06
"p55": 0
"p56": 3.7633528463178407E-06
"p57": 0
"p58": 0
"p59": 0
"p60": 0.00013359902604428335
"p61": 3.3870175616860565E-05
"p62": 1.8816764231589204E-06
