"p0": 0.0001279539967748066
"p1": 2.0698440654748124E-05
"p2": 1.8816764231589204E-06
"p3": 0
"p4": 0
"p5": 0
"p6": 0
"p7": 0
"p8": 2.6343469924224887E-05
"p9": 1.8816764231589204E-06
"p10": 0
"p11": 0
"p12": 3.575185204001949E-05
"p13": 0
"p14": 0
"p15": 0
"p16": 9.972885042742277E-05
"p17": 1.5053411385271363E-05
"p18": 0
"p19": 0
"p20": 1.1290058538953523E-05
"p21": 0
"p22": 0
"p23": 0
"p24": 5.645029269476762E-05
"p25": 1.3171734962112442E-05
"p26": 0
"p27": 0
"p28": 0.00013924405531376012
"p29": 2.6343469924224884E-05
"p30": 0
"p31": 0
"p32": 0.0016615202816493264
"p33": 0.0005042892814065907
"p34": 7.714873334951573E-05
"p35": 1.1290058538953523E-05
"p36": 5.645029269476761E-06
"p37": 0
"p38": 0
"p39": 0
"p40": 0.00045724737082761767
"p41": 9.032046831162818E-05
"p42": 9.408382115794602E-06
"p43": 0
"p44": 0.001396203905983919
"p45": 0.0002991865512822683
"p46": 1.1290058538953523E-05
"p47": 0
"p48": 0.0013152918197880854
"p49": 0.00041773216594128033
"p50": 6.774035123372113E-05
"p51": 1.1290058538953523E-05
"p52": 7.33853805031979E-05
"p53": 3.7633528463178407E-06
"p54": 0
"p55": 0
"p56": 0.0005588578976781994
"p57": 0.00012419064392848873
"p58": 9.408382115794602E-06
"p59": 0
"p60": 0.0019738785678937074
"p61": 0.00048359084075184255
"p62": 3.387017561686057E-05
