"p0": 8.091208619583358E-05
"p1": 1.3171734962112444E-05
"p2": 0
"p3": 0
"p4": 0
"p5": 0
"p6": 0
"p7": 0
"p8": 0.00018816764231589203
"p9": 3.387017561686057E-05
"p10": 0
"p11": 0
"p12": 2.0698440654748124E-05
"p13": 1.8816764231589204E-06
"p14": 0
"p15": 0
"p16": 0
"p17": 0
"p18": 0
"p19": 0
"p20": 0
"p21": 0
"p22": 0
"p23": 0
"p24": 5.645029269476761E-06
"p25": 0
"p26": 0
"p27": 0
"p28": 0
"p29": 0
"p30": 0
"p31": 0
"p32": 0.0004139688130949625
"p33": 8.843879188846926E-05
"p34": 5.645029269476761E-06
"p35": 0
"p36": 3.575185204001949E-05
"p37": 3.7633528463178407E-06
"p38": 0
"p39": 0
"p40": 0.002406664145220259
"p41": 0.0007376171578782968
"p42": 0.00010725555612005845
"p43": 0
"p44": 0.0008937963010004871
"p45": 0.00020133937727800447
"p46": 2.446179350106597E-05
"p47": 0
"p48": 4.5160234155814084E-05
"p49": 3.7633528463178407E-06
"p50": 0
"p51": 0
"p52": 0
"p53": 0
"p54": 0
"p55": 0
"p56": 0.00043090390090339274
"p57": 0.00011666393823585307
"p58": 1.3171734962112442E-05
"p59": 0
"p60": 6.962202765688005E-05
"p61": 1.3171734962112442E-05
"p62": 0
