"p0": 1.6935087808430282E-05
"p1": 1.8816764231589204E-06
"p2": 0
"p3": 0
"p4": 0.00014488908458323686
"p5": 2.0698440654748124E-05
"p6": 1.8816764231589204E-06
"p7": 0
"p8": 0
"p9": 0
"p10": 0
"p11": 0
"p12": 3.0106822770542726E-05
"p13": 0
"p14": 0
"p15": 0
"p16": 2.0698440654748124E-05
"p17": 1.8816764231589204E-06
"p18": 0
"p19": 0
"p20": 0.0001561791431221904
"p21": 2.6343469924224884E-05
"p22": 0
"p23": 0
"p24": 3.7633528463178407E-06
"p25": 0
"p26": 0
"p27": 0
"p28": 0.00012607232035164768
"p29": 2.6343469924224884E-05
"p30": 0
"p31": 0
"p32": 0.0009257848001941888
"p33": 0.00021639278866327584
"p34": 1.8816764231589203E-05
"p35": 0
"p36": 0.0019249549808915752
"p37": 0.0005663846033708349
"p38": 8.655711546531033E-05
"p39": 1.1290058538953523E-05
"p40": 0.0001768775837769385
"p41": 2.8225146347383808E-05
"p42": 0
"p43": 0
"p44": 0.0008298193026130839
"p45": 0.00017499590735377957
"p46": 3.7633528463178407E-06
"p47": 0
"p48": 0.0009690633579268438
"p49": 0.000259671346395931
"p50": 3.0106822770542726E-05
"p51": 0
"p52": 0.0015843715482998105
"p53": 0.0005042892814065906
"p54": 7.714873334951573E-05
"p55": 1.1290058538953523E-05
"p56": 0.00024461793501065964
"p57": 3.575185204001949E-05
"p58": 0
"p59": 0
"p60": 0.0013962039059839187
"p61": 0.0003499918147075592
"p62": 2.6343469924224884E-05
