"p0": 0.00014300740816007793
"p1": 1.8816764231589203E-05
"p2": 0
"p3": 0
"p4": 0
"p5": 0
"p6": 0
"p7": 0
"p8": 0.0003161216390906986
"p9": 2.6343469924224887E-05
"p10": 0
"p11": 0
"p12": 6.209532196424438E-05
"p13": 1.1290058538953523E-05
"p14": 0
"p15": 0
"p16": 0
"p17": 0
"p18": 0
"p19": 0
"p20": 0
"p21": 0
"p22": 0
"p23": 0
"p24": 2.2580117077907045E-05
"p25": 0
"p26": 0
"p27": 0
"p28": 0
"p29": 0
"p30": 0
"p31": 0
"p32": 0.0005833196911792654
"p33": 0.0001467707610063958
"p34": 2.2580117077907045E-05
"p35": 0
"p36": 0.00010913723254321736
"p37": 1.5053411385271363E-05
"p38": 0
"p39": 0
"p40": 0.007537995751174636
"p41": 0.0023201070297549486
"p42": 0.00042902222448023387
"p43": 6.021364554108545E-05
"p44": 0.006019482877685387
"p45": 0.001894848158121033
"p46": 0.00033870175616860566
"p47": 1.5053411385271363E-05
"p48": 0.0001317173496211244
"p49": 6.021364554108545E-05
"p50": 1.1290058538953523E-05
"p51": 0
"p52": 3.7633528463178407E-06
"p53": 0
"p54": 0
"p55": 0
"p56": 0.001443245816562892
"p57": 0.00036504522609283053
"p58": 2.6343469924224884E-05
"p59": 0
"p60": 0.0007263270993393432
"p61": 0.0002220378179327526
"p62": 3.387017561686057E-05
