"p0": 1.3171734962112444E-05
"p1": 0
"p2": 0
"p3": 0
"p4": 0
"p5": 0
"p6": 0
"p7": 0
"p8": 0.00015429746669903146
"p9": 2.2580117077907045E-05
"p10": 1.8816764231589204E-06
"p11": 0
"p12": 5.645029269476761E-06
"p13": 0
"p14": 0
"p15": 0
"p16": 9.784717400426387E-05
"p17": 1.5053411385271363E-05
"p18": 0
"p19": 0
"p20": 0
"p21": 0
"p22": 0
"p23": 0
"p24": 0.00015994249596850823
"p25": 2.8225146347383805E-05
"p26": 0
"p27": 0
"p28": 1.5053411385271363E-05
"p29": 0
"p30": 0
"p31": 0
"p32": 0.00026719805208856665
"p33": 4.516023415581409E-05
"p34": 0
"p35": 0
"p36": 3.7633528463178407E-06
"p37": 0
"p38": 0
"p39": 0
"p40": 0.0020435005955505873
"p41": 0.0005776746619097885
"p42": 8.655711546531033E-05
"p43": 1.1290058538953523E-05
"p44": 0.001061265502661631
"p45": 0.00021074775939379904
"p46": 7.5267056926356815E-06
"p47": 0
"p48": 0.00038009863747810193
"p49": 0.0001016105268505817
"p50": 1.1290058538953523E-05
"p51": 0
"p52": 7.33853805031979E-05
"p53": 3.7633528463178407E-06
"p54": 0
"p55": 0
"p56": 0.0017819475727314975
"p57": 0.0005249877220613388
"p58": 7.714873334951573E-05
"p59": 1.1290058538953523E-05
"p60": 0.0017461957206914781
"p61": 0.0003650452260928306
"p62": 1.8816764231589203E-05
