"p0": 0
"p1": 0
"p2": 0
"p3": 0
"p4": 7.903040977267466E-05
"p5": 1.8816764231589204E-06
"p6": 0
"p7": 0
"p8": 0.0001674692016611439
"p9": 2.6343469924224887E-05
"p10": 1.8816764231589204E-06
"p11": 0
"p12": 0.0011233608246258753
"p13": 0.0002784881106275202
"p14": 2.0698440654748124E-05
"p15": 1.8816764231589204E-06
"p16": 1.1290058538953523E-05
"p17": 0
"p18": 0
"p19": 0
"p20": 0.0003180033155138575
"p21": 3.7633528463178407E-05
"p22": 3.7633528463178407E-06
"p23": 0
"p24": 0.0001580608195453493
"p25": 2.4461793501065966E-05
"p26": 1.8816764231589204E-06
"p27": 0
"p28": 0.0006736401594908935
"p29": 0.0001768775837769385
"p30": 2.6343469924224884E-05
"p31": 0
"p32": 7.714873334951572E-05
"p33": 1.5053411385271363E-05
"p34": 1.8816764231589204E-06
"p35": 0
"p36": 0.00035563684397703604
"p37": 6.021364554108545E-05
"p38": 0
"p39": 0
"p40": 0.0015975432832619233
"p41": 0.00047606413505920693
"p42": 8.46754390421514E-05
"p43": 5.645029269476761E-06
"p44": 0.004882950318097399
"p45": 0.0016615202816493266
"p46": 0.00028225146347383805
"p47": 1.6935087808430282E-05
"p48": 0.00027284308135804345
"p49": 8.279376261899251E-05
"p50": 1.1290058538953523E-05
"p51": 0
"p52": 0.0006491783659898272
"p53": 0.0001975760244316866
"p54": 2.0698440654748124E-05
"p55": 0
"p56": 0.0016652836344956442
"p57": 0.0005946097497182189
"p58": 0.0001016105268505817
"p59": 5.645029269476761E-06
"p60": 0.004960099051446915
"p61": 0.0019268366573147342
"p62": 0.00037821696105494305
