"p0": 2.0698440654748124E-05
"p1": 1.8816764231589204E-06
"p2": 0
"p3": 0
"p4": 0.0001561791431221904
"p5": 2.6343469924224884E-05
"p6": 0
"p7": 0
"p8": 3.7633528463178407E-06
"p9": 0
"p10": 0
"p11": 0
"p12": 0.00012607232035164768
"p13": 2.6343469924224884E-05
"p14": 0
"p15": 0
"p16": 0
"p17": 0
"p18": 0
"p19": 0
"p20": 5.645029269476761E-06
"p21": 0
"p22": 0
"p23": 0
"p24": 0
"p25": 0
"p26": 0
"p27": 0
"p28": 0
"p29": 0
"p30": 0
"p31": 0
"p32": 0.0016897454279967102
"p33": 0.00042714054805707494
"p34": 4.892358700213193E-05
"p35": 0
"p36": 0.0030200906591700675
"p37": 0.00087121618392258
"p38": 0.00014112573173691902
"p39": 2.2580117077907045E-05
"p40": 0.00040079707813285006
"p41": 6.39769983874033E-05
"p42": 0
"p43": 0
"p44": 0.0020905425061295605
"p45": 0.00047982748790552463
"p46": 3.0106822770542726E-05
"p47": 0
"p48": 0.00015806081954534932
"p49": 1.8816764231589203E-05
"p50": 0
"p51": 0
"p52": 0.0005381594570234513
"p53": 0.0001373623788906012
"p54": 1.3171734962112442E-05
"p55": 0
"p56": 2.0698440654748128E-05
"p57": 0
"p58": 0
"p59": 0
"p60": 0.00011666393823585305
"p61": 1.8816764231589203E-05
"p62": 0
