"p0": 9.972885042742277E-05
"p1": 1.5053411385271363E-05
"p2": 0
"p3": 0
"p4": 1.1290058538953523E-05
"p5": 0
"p6": 0
"p7": 0
"p8": 5.645029269476762E-05
"p9": 1.3171734962112442E-05
"p10": 0
"p11": 0
"p12": 0.00013924405531376012
"p13": 2.6343469924224884E-05
"p14": 0
"p15": 0
"p16": 5.645029269476761E-06
"p17": 0
"p18": 0
"p19": 0
"p20": 0
"p21": 0
"p22": 0
"p23": 0
"p24": 0
"p25": 0
"p26": 0
"p27": 0
"p28": 0
"p29": 0
"p30": 0
"p31": 0
"p32": 0.0025139197013403173
"p33": 0.0007338538050319789
"p34": 0.00012230896750532982
"p35": 2.2580117077907045E-05
"p36": 7.903040977267466E-05
"p37": 3.7633528463178407E-06
"p38": 0
"p39": 0
"p40": 0.000965300005080526
"p41": 0.00020322105370116337
"p42": 1.8816764231589203E-05
"p43": 0
"p44": 0.0031649797437533042
"p45": 0.0007169187172235485
"p46": 4.516023415581409E-05
"p47": 0
"p48": 0.0004854725171750014
"p49": 0.00012607232035164766
"p50": 1.3171734962112442E-05
"p51": 0
"p52": 0
"p53": 0
"p54": 0
"p55": 0
"p56": 8.655711546531035E-05
"p57": 1.3171734962112444E-05
"p58": 0
"p59": 0
"p60": 0.00016182417239166713
"p61": 2.4461793501065966E-05
"p62": 0
