"p0": 0.000353755167553877
"p1": 0.0001016105268505817
"p2": 1.1290058538953523E-05
"p3": 0
"p4": 7.33853805031979E-05
"p5": 3.7633528463178407E-06
"p6": 0
"p7": 0
"p8": 0.0016031883125314
"p9": 0.00047982748790552474
"p10": 7.526705692635681E-05
"p11": 1.1290058538953523E-05
"p12": 0.0016427035174177375
"p13": 0.000353755167553877
"p14": 1.8816764231589203E-05
"p15": 0
"p16": 3.7633528463178407E-06
"p17": 0
"p18": 0
"p19": 0
"p20": 0
"p21": 0
"p22": 0
"p23": 0
"p24": 5.645029269476761E-06
"p25": 0
"p26": 0
"p27": 0
"p28": 0
"p29": 0
"p30": 0
"p31": 0
"p32": 0.00019757602443168658
"p33": 2.0698440654748124E-05
"p34": 0
"p35": 0
"p36": 3.7633528463178407E-06
"p37": 0
"p38": 0
"p39": 0
"p40": 0.001819581101194676
"p41": 0.0004704191057897301
"p42": 6.585867481056221E-05
"p43": 1.1290058538953523E-05
"p44": 0.0008448727139983553
"p45": 0.00014300740816007796
"p46": 7.5267056926356815E-06
"p47": 0
"p48": 0.0002464996114338185
"p49": 6.209532196424438E-05
"p50": 0
"p51": 0
"p52": 0
"p53": 0
"p54": 0
"p55": 0
"p56": 0.0007300904521856612
"p57": 0.00017123255450746176
"p58": 1.3171734962112442E-05
"p59": 0
"p60": 0.0003989154017096912
"p61": 6.962202765688005E-05
"p62": 0
