"p0": 0.0002728430813580435
"p1": 3.7633528463178407E-05
"p2": 3.7633528463178407E-06
"p3": 0
"p4": 0
"p5": 0
"p6": 0
"p7": 0
"p8": 5.456861627160869E-05
"p9": 3.7633528463178407E-06
"p10": 0
"p11": 0
"p12": 7.526705692635681E-05
"p13": 5.645029269476761E-06
"p14": 0
"p15": 0
"p16": 0.00014300740816007796
"p17": 1.8816764231589203E-05
"p18": 0
"p19": 0
"p20": 0
"p21": 0
"p22": 0
"p23": 0
"p24": 7.526705692635681E-05
"p25": 1.3171734962112444E-05
"p26": 0
"p27": 0
"p28": 0.00014300740816007796
"p29": 3.575185204001949E-05
"p30": 0
"p31": 0
"p32": 0.001386795523868124
"p33": 0.0003123582862443808
"p34": 3.198849919370165E-05
"p35": 1.8816764231589204E-06
"p36": 0
"p37": 0
"p38": 0
"p39": 0
"p40": 0.0013510436718281048
"p41": 0.0002860148163201559
"p42": 2.8225146347383808E-05
"p43": 1.8816764231589204E-06
"p44": 0.0004647740765202533
"p45": 7.903040977267466E-05
"p46": 0
"p47": 0
"p48": 0.001204272910821709
"p49": 0.0002991865512822683
"p50": 3.198849919370165E-05
"p51": 1.8816764231589204E-06
"p52": 5.645029269476761E-06
"p53": 0
"p54": 0
"p55": 0
"p56": 0.0015505013726829502
"p57": 0.00030106822770542725
"p58": 3.575185204001949E-05
"p59": 1.8816764231589204E-06
"p60": 0.000730090452185661
"p61": 0.000118545614659012
"p62": 3.7633528463178407E-06
