"p0": 0.0008768612131920569
"p1": 0.0002446179350106596
"p2": 2.8225146347383808E-05
"p3": 1.8816764231589204E-06
"p4": 5.645029269476761E-06
"p5": 0
"p6": 0
"p7": 0
"p8": 0.0014620625807944812
"p9": 0.0002973048748591094
"p10": 3.575185204001949E-05
"p11": 1.8816764231589204E-06
"p12": 0.0006303616017582384
"p13": 9.596549758110495E-05
"p14": 3.7633528463178407E-06
"p15": 0
"p16": 5.645029269476761E-06
"p17": 0
"p18": 0
"p19": 0
"p20": 0
"p21": 0
"p22": 0
"p23": 0
"p24": 0
"p25": 0
"p26": 0
"p27": 0
"p28": 0
"p29": 0
"p30": 0
"p31": 0
"p32": 0.0014620625807944812
"p33": 0.0002973048748591094
"p34": 3.575185204001949E-05
"p35": 1.8816764231589204E-06
"p36": 0
"p37": 0
"p38": 0
"p39": 0
"p40": 0.0012362614100154107
"p41": 0.00027660643420436126
"p42": 2.8225146347383808E-05
"p43": 1.8816764231589204E-06
"p44": 0.00037257193178546626
"p45": 5.645029269476761E-05
"p46": 0
"p47": 0
"p48": 0.0006303616017582384
"p49": 9.596549758110495E-05
"p50": 3.7633528463178407E-06
"p51": 0
"p52": 0
"p53": 0
"p54": 0
"p55": 0
"p56": 0.0003725719317854662
"p57": 5.645029269476761E-05
"p58": 0
"p59": 0
"p60": 0.0002220378179327526
"p61": 3.3870175616860565E-05
"p62": 0
