"p0": 0.0023690306167570806
"p1": 0.000850517743267832
"p2": 0.00016370584881482604
"p3": 1.3171734962112444E-05
"p4": 9.408382115794602E-06
"p5": 0
"p6": 0
"p7": 0
"p8": 0.0010217502977752937
"p9": 0.0004158504895181214
"p10": 9.032046831162817E-05
"p11": 3.7633528463178407E-06
"p12": 0.0018986115109673502
"p13": 0.0005249877220613389
"p14": 8.467543904215141E-05
"p15": 5.645029269476761E-06
"p16": 0.0019287183337378933
"p17": 0.0008448727139983552
"p18": 0.00019004931873905096
"p19": 1.3171734962112444E-05
"p20": 9.972885042742278E-05
"p21": 1.5053411385271363E-05
"p22": 0
"p23": 0
"p24": 0.001153467647396418
"p25": 0.0005080526342529086
"p26": 0.00012419064392848875
"p27": 3.7633528463178407E-06
"p28": 0.002705850696502527
"p29": 0.001014223592082658
"p30": 0.00015241579027587253
"p31": 5.645029269476761E-06
"p32": 0.0019512984508158
"p33": 0.0005588578976781993
"p34": 3.9515204886337324E-05
"p35": 1.8816764231589204E-06
"p36": 0
"p37": 0
"p38": 0
"p39": 0
"p40": 0.0006209532196424435
"p41": 0.0002051027301243223
"p42": 3.7633528463178407E-06
"p43": 0
"p44": 0.0007620789513793625
"p45": 0.00015994249596850823
"p46": 1.6935087808430286E-05
"p47": 0
"p48": 0.0016013066361082406
"p49": 0.00038574366674757867
"p50": 3.575185204001949E-05
"p51": 1.8816764231589204E-06
"p52": 2.4461793501065963E-05
"p53": 5.645029269476761E-06
"p54": 0
"p55": 0
"p56": 0.00043654893017286954
"p57": 0.00011478226181269415
"p58": 5.645029269476761E-06
"p59": 0
"p60": 0.0008448727139983552
"p61": 0.00017311423093062066
"p62": 2.0698440654748124E-05
