"p0": 8.655711546531035E-05
"p1": 5.645029269476761E-06
"p2": 0
"p3": 0
"p4": 0.00013359902604428335
"p5": 9.408382115794602E-06
"p6": 0
"p7": 0
"p8": 7.5267056926356815E-06
"p9": 0
"p10": 0
"p11": 0
"p12": 5.645029269476761E-06
"p13": 0
"p14": 0
"p15": 0
"p16": 0.0001768775837769385
"p17": 3.9515204886337324E-05
"p18": 0
"p19": 0
"p20": 0.00017687758377693853
"p21": 4.3278557732655166E-05
"p22": 0
"p23": 0
"p24": 9.220214473478709E-05
"p25": 0
"p26": 0
"p27": 0
"p28": 7.33853805031979E-05
"p29": 0
"p30": 0
"p31": 0
"p32": 1.3171734962112442E-05
"p33": 0
"p34": 0
"p35": 0
"p36": 3.9515204886337324E-05
"p37": 1.8816764231589204E-06
"p38": 0
"p39": 0
"p40": 0
"p41": 0
"p42": 0
"p43": 0
"p44": 0
"p45": 0
"p46": 0
"p47": 0
"p48": 3.951520488633733E-05
"p49": 0
"p50": 0
"p51": 0
"p52": 0.0001016105268505817
"p53": 1.8816764231589204E-06
"p54": 0
"p55": 0
"p56": 3.7633528463178407E-06
"p57": 3.7633528463178407E-06
"p58": 0
"p59": 0
"p60": 1.1290058538953523E-05
"p61": 3.7633528463178407E-06
"p62": 0
