"p0": 0.00015053411385271363
"p1": 2.6343469924224887E-05
"p2": 1.8816764231589204E-06
"p3": 0
"p4": 0.0011177157953563984
"p5": 0.0002784881106275202
"p6": 2.0698440654748124E-05
"p7": 1.8816764231589204E-06
"p8": 1.6935087808430286E-05
"p9": 0
"p10": 0
"p11": 0
"p12": 0.00013171734962112442
"p13": 2.4461793501065963E-05
"p14": 0
"p15": 0
"p16": 0.0001279539967748066
"p17": 2.0698440654748128E-05
"p18": 1.8816764231589204E-06
"p19": 0
"p20": 0.00073197212860882
"p21": 0.0001749959073537796
"p22": 2.6343469924224884E-05
"p23": 0
"p24": 3.010682277054273E-05
"p25": 3.7633528463178407E-06
"p26": 0
"p27": 0
"p28": 0.00031988499193701646
"p29": 0.00011854561465901196
"p30": 1.8816764231589203E-05
"p31": 0
"p32": 0.0014263107287544616
"p33": 0.0004271405480570749
"p34": 7.714873334951573E-05
"p35": 5.645029269476761E-06
"p36": 0.004416294565153986
"p37": 0.0015185128734892485
"p38": 0.00026343469924224885
"p39": 1.6935087808430282E-05
"p40": 0.0002540263171264542
"p41": 7.526705692635681E-05
"p42": 1.3171734962112444E-05
"p43": 0
"p44": 0.0009389565351563011
"p45": 0.00022768284720222934
"p46": 2.6343469924224887E-05
"p47": 0
"p48": 0.0014564175515250043
"p49": 0.0005343961041771334
"p50": 8.843879188846925E-05
"p51": 5.645029269476761E-06
"p52": 0.004126516395987513
"p53": 0.0015918982539924464
"p54": 0.000333056726899129
"p55": 1.8816764231589203E-05
"p56": 0.0003349384033222878
"p57": 9.972885042742278E-05
"p58": 1.8816764231589203E-05
"p59": 0
"p60": 0.0017160888979209357
"p61": 0.0006209532196424437
"p62": 8.27937626189925E-05
