"p0": 0.0001279539967748066
"p1": 2.0698440654748128E-05
"p2": 1.8816764231589204E-06
"p3": 0
"p4": 0.00073197212860882
"p5": 0.0001749959073537796
"p6": 2.6343469924224884E-05
"p7": 0
"p8": 3.010682277054273E-05
"p9": 3.7633528463178407E-06
"p10": 0
"p11": 0
"p12": 0.00031988499193701646
"p13": 0.00011854561465901196
"p14": 1.8816764231589203E-05
"p15": 0
"p16": 0
"p17": 0
"p18": 0
"p19": 0
"p20": 5.080526342529085E-05
"p21": 5.645029269476761E-06
"p22": 0
"p23": 0
"p24": 0
"p25": 0
"p26": 0
"p27": 0
"p28": 0
"p29": 0
"p30": 0
"p31": 0
"p32": 0.002434889291567643
"p33": 0.0008542810961141499
"p34": 0.00015053411385271363
"p35": 1.1290058538953523E-05
"p36": 0.006802260269719498
"p37": 0.0025816600525740384
"p38": 0.0005362777806002923
"p39": 3.575185204001948E-05
"p40": 0.0005099343106760674
"p41": 0.000165587525237985
"p42": 3.198849919370165E-05
"p43": 0
"p44": 0.002421717556605531
"p45": 0.0008147658912278124
"p46": 0.00010537387969689955
"p47": 0
"p48": 0.00034999181470755925
"p49": 6.209532196424438E-05
"p50": 1.8816764231589204E-06
"p51": 0
"p52": 0.0018214627776178352
"p53": 0.0005061709578297496
"p54": 6.585867481056221E-05
"p55": 1.8816764231589204E-06
"p56": 6.585867481056221E-05
"p57": 1.8816764231589204E-06
"p58": 0
"p59": 0
"p60": 0.00016746920166114393
"p61": 3.198849919370165E-05
"p62": 0
