"p0": 0.00037257193178546626
"p1": 9.972885042742277E-05
"p2": 9.408382115794602E-06
"p3": 0
"p4": 0.0012889483498638602
"p5": 0.00041396881309496247
"p6": 6.585867481056221E-05
"p7": 0
"p8": 3.010682277054273E-05
"p9": 1.8816764231589204E-06
"p10": 0
"p11": 0
"p12": 0.0007263270993393431
"p13": 0.00017875926020009743
"p14": 1.6935087808430282E-05
"p15": 0
"p16": 0
"p17": 0
"p18": 0
"p19": 0
"p20": 1.1290058538953523E-05
"p21": 0
"p22": 0
"p23": 0
"p24": 0
"p25": 0
"p26": 0
"p27": 0
"p28": 0
"p29": 0
"p30": 0
"p31": 0
"p32": 0.00019757602443168663
"p33": 5.2686939848449775E-05
"p34": 5.645029269476761E-06
"p35": 0
"p36": 0.0013604520539438993
"p37": 0.00041208713667180354
"p38": 4.139688130949625E-05
"p39": 0
"p40": 2.0698440654748124E-05
"p41": 1.8816764231589204E-06
"p42": 0
"p43": 0
"p44": 0.00027284308135804345
"p45": 7.150370408003898E-05
"p46": 3.7633528463178407E-06
"p47": 0
"p48": 8.467543904215141E-05
"p49": 1.6935087808430286E-05
"p50": 0
"p51": 0
"p52": 0.0007376171578782968
"p53": 0.00019004931873905094
"p54": 1.3171734962112442E-05
"p55": 0
"p56": 3.7633528463178407E-06
"p57": 0
"p58": 0
"p59": 0
"p60": 0.0001712325545074617
"p61": 3.951520488633733E-05
"p62": 1.8816764231589204E-06
