"p0": 0.0011854561465901197
"p1": 0.0003857436667475787
"p2": 6.585867481056221E-05
"p3": 1.1290058538953523E-05
"p4": 7.33853805031979E-05
"p5": 3.7633528463178407E-06
"p6": 0
"p7": 0
"p8": 0.0005155793399455442
"p9": 0.00011101890896637629
"p10": 9.408382115794602E-06
"p11": 0
"p12": 0.0019682335386242305
"p13": 0.00048359084075184255
"p14": 3.387017561686057E-05
"p15": 0
"p16": 5.645029269476761E-06
"p17": 0
"p18": 0
"p19": 0
"p20": 3.7633528463178407E-06
"p21": 0
"p22": 0
"p23": 0
"p24": 0
"p25": 0
"p26": 0
"p27": 0
"p28": 0
"p29": 0
"p30": 0
"p31": 0
"p32": 0.0014658259336407988
"p33": 0.00040079707813285
"p34": 5.645029269476761E-05
"p35": 1.1290058538953523E-05
"p36": 5.645029269476761E-06
"p37": 0
"p38": 0
"p39": 0
"p40": 0.00043090390090339274
"p41": 8.843879188846926E-05
"p42": 9.408382115794602E-06
"p43": 0
"p44": 0.0012607232035164767
"p45": 0.0002502629642801364
"p46": 1.5053411385271363E-05
"p47": 0
"p48": 0.0006792851887603702
"p49": 0.0001674692016611439
"p50": 1.3171734962112442E-05
"p51": 0
"p52": 3.7633528463178407E-06
"p53": 3.7633528463178407E-06
"p54": 0
"p55": 0
"p56": 7.150370408003898E-05
"p57": 5.645029269476761E-06
"p58": 0
"p59": 0
"p60": 0.00033682007974544673
"p61": 6.585867481056221E-05
"p62": 3.7633528463178407E-06
