"p0": 0
"p1": 0
"p2": 0
"p3": 0
"p4": 3.7633528463178407E-06
"p5": 0
"p6": 0
"p7": 0
"p8": 8.467543904215141E-05
"p9": 1.3171734962112442E-05
"p10": 0
"p11": 0
"p12": 0.000284133139896997
"p13": 3.7633528463178407E-05
"p14": 3.7633528463178407E-06
"p15": 0
"p16": 3.7633528463178407E-06
"p17": 0
"p18": 0
"p19": 0
"p20": 4.516023415581409E-05
"p21": 7.5267056926356815E-06
"p22": 0
"p23": 0
"p24": 0.00010537387969689955
"p25": 1.5053411385271363E-05
"p26": 0
"p27": 0
"p28": 0.0001580608195453493
"p29": 1.8816764231589203E-05
"p30": 0
"p31": 0
"p32": 8.467543904215141E-05
"p33": 1.3171734962112442E-05
"p34": 0
"p35": 0
"p36": 0.00010537387969689955
"p37": 1.5053411385271363E-05
"p38": 0
"p39": 0
"p40": 0.0015072228149502949
"p41": 0.0003443467854380824
"p42": 2.8225146347383808E-05
"p43": 1.8816764231589204E-06
"p44": 0.0015599097547987443
"p45": 0.0003424651090149235
"p46": 3.198849919370165E-05
"p47": 1.8816764231589204E-06
"p48": 0.00028413313989699703
"p49": 3.7633528463178407E-05
"p50": 3.7633528463178407E-06
"p51": 0
"p52": 0.0001580608195453493
"p53": 1.8816764231589203E-05
"p54": 0
"p55": 0
"p56": 0.0015599097547987447
"p57": 0.0003424651090149235
"p58": 3.198849919370165E-05
"p59": 1.8816764231589204E-06
"p60": 0.0016031883125313998
"p61": 0.000353755167553877
"p62": 3.575185204001949E-05
