"p0": 0.0009088497123857585
"p1": 0.00025402631712645424
"p2": 2.4461793501065966E-05
"p3": 1.8816764231589204E-06
"p4": 0.00099352515142791
"p5": 0.00025967134639593104
"p6": 2.8225146347383808E-05
"p7": 1.8816764231589204E-06
"p8": 0.00045536569440445863
"p9": 6.774035123372114E-05
"p10": 1.8816764231589204E-06
"p11": 0
"p12": 0.0002333278764717061
"p13": 3.3870175616860565E-05
"p14": 0
"p15": 0
"p16": 0.00099352515142791
"p17": 0.000259671346395931
"p18": 2.8225146347383808E-05
"p19": 1.8816764231589204E-06
"p20": 0.0008317009790362428
"p21": 0.0002446179350106596
"p22": 2.8225146347383808E-05
"p23": 1.8816764231589204E-06
"p24": 0.000707510335107754
"p25": 0.0001016105268505817
"p26": 7.5267056926356815E-06
"p27": 0
"p28": 0.0004817091643286836
"p29": 6.209532196424438E-05
"p30": 3.7633528463178407E-06
"p31": 0
"p32": 0.00045536569440445863
"p33": 6.774035123372113E-05
"p34": 1.8816764231589204E-06
"p35": 0
"p36": 0.0007075103351077539
"p37": 0.0001016105268505817
"p38": 7.5267056926356815E-06
"p39": 0
"p40": 4.7041910578973015E-05
"p41": 1.3171734962112442E-05
"p42": 0
"p43": 0
"p44": 2.4461793501065966E-05
"p45": 9.408382115794602E-06
"p46": 0
"p47": 0
"p48": 0.0002333278764717061
"p49": 3.3870175616860565E-05
"p50": 0
"p51": 0
"p52": 0.0004817091643286836
"p53": 6.209532196424438E-05
"p54": 3.7633528463178407E-06
"p55": 0
"p56": 2.4461793501065966E-05
"p57": 9.408382115794602E-06
"p58": 0
"p59": 0
"p60": 9.596549758110495E-05
"p61": 1.6935087808430282E-05
"p62": 0
