"p0": 0.00099352515142791
"p1": 0.000259671346395931
"p2": 2.8225146347383808E-05
"p3": 1.8816764231589204E-06
"p4": 0.0008542810961141499
"p5": 0.0002446179350106596
"p6": 2.8225146347383808E-05
"p7": 1.8816764231589204E-06
"p8": 0.000707510335107754
"p9": 0.0001016105268505817
"p10": 7.5267056926356815E-06
"p11": 0
"p12": 0.0004948808992907961
"p13": 6.209532196424438E-05
"p14": 3.7633528463178407E-06
"p15": 0
"p16": 0
"p17": 0
"p18": 0
"p19": 0
"p20": 5.645029269476761E-06
"p21": 0
"p22": 0
"p23": 0
"p24": 0
"p25": 0
"p26": 0
"p27": 0
"p28": 0
"p29": 0
"p30": 0
"p31": 0
"p32": 0.001138414236011147
"p33": 0.00025402631712645424
"p34": 2.6343469924224887E-05
"p35": 1.8816764231589204E-06
"p36": 0.0014620625807944812
"p37": 0.0002973048748591094
"p38": 3.575185204001949E-05
"p39": 1.8816764231589204E-06
"p40": 0.0003876253431707376
"p41": 7.33853805031979E-05
"p42": 1.8816764231589204E-06
"p43": 0
"p44": 0.00019004931873905096
"p45": 3.9515204886337324E-05
"p46": 0
"p47": 0
"p48": 0.000378216961054943
"p49": 6.774035123372114E-05
"p50": 0
"p51": 0
"p52": 0.0006171898667961258
"p53": 9.596549758110495E-05
"p54": 3.7633528463178407E-06
"p55": 0
"p56": 0.00011101890896637632
"p57": 9.408382115794602E-06
"p58": 0
"p59": 0
"p60": 0.0001392440553137601
"p61": 1.6935087808430282E-05
"p62": 0
