"p0": 7.714873334951572E-05
"p1": 1.5053411385271363E-05
"p2": 1.8816764231589204E-06
"p3": 0
"p4": 0.00035563684397703604
"p5": 5.8331969117926534E-05
"p6": 0
"p7": 0
"p8": 0.0013021200848259728
"p9": 0.0004290222244802339
"p10": 7.903040977267465E-05
"p11": 5.645029269476761E-06
"p12": 0.0035224982641534988
"p13": 0.0013152918197880852
"p14": 0.0002577896699727721
"p15": 1.6935087808430282E-05
"p16": 0.00027284308135804345
"p17": 8.279376261899251E-05
"p18": 1.1290058538953523E-05
"p19": 0
"p20": 0.0006849302180298468
"p21": 0.0001975760244316866
"p22": 2.0698440654748124E-05
"p23": 0
"p24": 0.0014545358751018457
"p25": 0.000568266279793994
"p26": 9.972885042742277E-05
"p27": 5.645029269476761E-06
"p28": 0.00350368149992191
"p29": 0.0015467380198366323
"p30": 0.00033493840332228785
"p31": 1.6935087808430282E-05
"p32": 2.2580117077907045E-05
"p33": 5.645029269476761E-06
"p34": 0
"p35": 0
"p36": 8.655711546531033E-05
"p37": 3.575185204001948E-05
"p38": 5.645029269476761E-06
"p39": 0
"p40": 0.0007413805107246145
"p41": 0.00015241579027587256
"p42": 1.3171734962112442E-05
"p43": 0
"p44": 0.0025007479663782047
"p45": 0.0007394988343014556
"p46": 3.9515204886337324E-05
"p47": 1.8816764231589204E-06
"p48": 7.33853805031979E-05
"p49": 1.1290058538953523E-05
"p50": 0
"p51": 0
"p52": 0.0003180033155138576
"p53": 9.032046831162817E-05
"p54": 9.408382115794602E-06
"p55": 0
"p56": 0.000588964720448742
"p57": 9.784717400426387E-05
"p58": 1.5053411385271363E-05
"p59": 0
"p60": 0.0019418900687000061
"p61": 0.00047418245863604794
"p62": 3.575185204001949E-05
