"p0": 0.0022636567370601813
"p1": 0.0008072391855351769
"p2": 0.0001561791431221904
"p3": 1.8816764231589203E-05
"p4": 5.645029269476761E-06
"p5": 0
"p6": 0
"p7": 0
"p8": 0.0013886772002912832
"p9": 0.0003857436667475787
"p10": 6.209532196424436E-05
"p11": 1.1290058538953523E-05
"p12": 0.003339975651107084
"p13": 0.0009803534164657976
"p14": 0.00015053411385271363
"p15": 7.5267056926356815E-06
"p16": 0.00153356628487452
"p17": 0.0006322432781813972
"p18": 0.0001448890845832369
"p19": 1.8816764231589203E-05
"p20": 6.774035123372113E-05
"p21": 3.7633528463178407E-06
"p22": 0
"p23": 0
"p24": 0.0012343797335922517
"p25": 0.00040267875455600894
"p26": 6.585867481056221E-05
"p27": 1.1290058538953523E-05
"p28": 0.0034716930007282084
"p29": 0.0012795399677480658
"p30": 0.00024085458216434178
"p31": 7.5267056926356815E-06
"p32": 0.0017988826605399278
"p33": 0.000496762575713955
"p34": 4.704191057897301E-05
"p35": 0
"p36": 0
"p37": 0
"p38": 0
"p39": 0
"p40": 0.0006585867481056223
"p41": 0.000165587525237985
"p42": 9.408382115794602E-06
"p43": 0
"p44": 0.0011948645287059142
"p45": 0.00024461793501065964
"p46": 1.5053411385271363E-05
"p47": 0
"p48": 0.0008749795367688979
"p49": 0.00018064093662325633
"p50": 1.5053411385271363E-05
"p51": 0
"p52": 3.7633528463178407E-06
"p53": 3.7633528463178407E-06
"p54": 0
"p55": 0
"p56": 0.00026343469924224885
"p57": 5.645029269476761E-05
"p58": 0
"p59": 0
"p60": 0.0005249877220613389
"p61": 9.596549758110493E-05
"p62": 7.5267056926356815E-06
