"p0": 0.00018064093662325633
"p1": 1.5053411385271365E-05
"p2": 0
"p3": 0
"p4": 1.1290058538953523E-05
"p5": 0
"p6": 0
"p7": 0
"p8": 0.0001279539967748066
"p9": 1.1290058538953523E-05
"p10": 0
"p11": 0
"p12": 0.0002464996114338185
"p13": 6.39769983874033E-05
"p14": 7.5267056926356815E-06
"p15": 0
"p16": 2.2580117077907045E-05
"p17": 0
"p18": 0
"p19": 0
"p20": 0
"p21": 0
"p22": 0
"p23": 0
"p24": 0
"p25": 0
"p26": 0
"p27": 0
"p28": 0
"p29": 0
"p30": 0
"p31": 0
"p32": 0.004928110552253215
"p33": 0.0016445851938408967
"p34": 0.00032553002120649325
"p35": 3.7633528463178407E-05
"p36": 6.962202765688006E-05
"p37": 3.7633528463178407E-06
"p38": 0
"p39": 0
"p40": 0.002952350307936345
"p41": 0.0007978308034193824
"p42": 0.00012607232035164766
"p43": 2.2580117077907045E-05
"p44": 0.00711273687954072
"p45": 0.002256130031367545
"p46": 0.0003876253431707376
"p47": 1.5053411385271363E-05
"p48": 0.0009333115058868243
"p49": 0.00026907972851172564
"p50": 2.6343469924224884E-05
"p51": 0
"p52": 0
"p53": 0
"p54": 0
"p55": 0
"p56": 0.0005325144277539746
"p57": 0.0001016105268505817
"p58": 0
"p59": 0
"p60": 0.0004892358700213193
"p61": 0.00010725555612005848
"p62": 1.1290058538953523E-05
