"p0": 0
"p1": 0
"p2": 0
"p3": 0
"p4": 2.6343469924224887E-05
"p5": 0
"p6": 0
"p7": 0
"p8": 0.0001373623788906012
"p9": 2.2580117077907045E-05
"p10": 0
"p11": 0
"p12": 0.0005964914261413777
"p13": 0.00014112573173691902
"p14": 1.5053411385271363E-05
"p15": 0
"p16": 7.5267056926356815E-06
"p17": 0
"p18": 0
"p19": 0
"p20": 0.0001505341138527136
"p21": 1.8816764231589203E-05
"p22": 0
"p23": 0
"p24": 0.00011478226181269414
"p25": 1.5053411385271363E-05
"p26": 0
"p27": 0
"p28": 0.00024838128785697745
"p29": 2.258011707790705E-05
"p30": 0
"p31": 0
"p32": 0.0003481101382844003
"p33": 7.33853805031979E-05
"p34": 5.645029269476761E-06
"p35": 0
"p36": 0.00039703372528653215
"p37": 0.00010537387969689955
"p38": 1.1290058538953523E-05
"p39": 0
"p40": 0.0034848647356903206
"p41": 0.0009784717400426386
"p42": 0.00013548070246744226
"p43": 7.5267056926356815E-06
"p44": 0.0055490637718956575
"p45": 0.0017461957206914784
"p46": 0.0002784881106275202
"p47": 3.0106822770542726E-05
"p48": 0.0006171898667961257
"p49": 0.00018628596589273307
"p50": 2.0698440654748128E-05
"p51": 0
"p52": 0.00041585048951812135
"p53": 0.0001279539967748066
"p54": 2.2580117077907045E-05
"p55": 0
"p56": 0.0024781678493002975
"p57": 0.0008749795367688981
"p58": 0.00016182417239166713
"p59": 7.5267056926356815E-06
"p60": 0.003930822047978984
"p61": 0.0014093756409460313
"p62": 0.0002747247577812024
