"p0": 0.0002728430813580435
"p1": 3.7633528463178407E-05
"p2": 3.7633528463178407E-06
"p3": 0
"p4": 0.00014300740816007796
"p5": 1.8816764231589203E-05
"p6": 0
"p7": 0
"p8": 0.001386795523868124
"p9": 0.0003123582862443808
"p10": 3.198849919370165E-05
"p11": 1.8816764231589204E-06
"p12": 0.001204272910821709
"p13": 0.0002991865512822683
"p14": 3.198849919370165E-05
"p15": 1.8816764231589204E-06
"p16": 0
"p17": 0
"p18": 0
"p19": 0
"p20": 0
"p21": 0
"p22": 0
"p23": 0
"p24": 0
"p25": 0
"p26": 0
"p27": 0
"p28": 5.645029269476761E-06
"p29": 0
"p30": 0
"p31": 0
"p32": 5.456861627160869E-05
"p33": 3.7633528463178407E-06
"p34": 0
"p35": 0
"p36": 7.526705692635681E-05
"p37": 1.3171734962112444E-05
"p38": 0
"p39": 0
"p40": 0.0013510436718281048
"p41": 0.0002860148163201559
"p42": 2.8225146347383808E-05
"p43": 1.8816764231589204E-06
"p44": 0.0015505013726829506
"p45": 0.00030106822770542725
"p46": 3.575185204001949E-05
"p47": 1.8816764231589204E-06
"p48": 7.526705692635681E-05
"p49": 5.645029269476761E-06
"p50": 0
"p51": 0
"p52": 0.00014300740816007796
"p53": 3.575185204001949E-05
"p54": 0
"p55": 0
"p56": 0.0004647740765202533
"p57": 7.903040977267466E-05
"p58": 0
"p59": 0
"p60": 0.000730090452185661
"p61": 0.00011854561465901199
"p62": 3.7633528463178407E-06
