"p0": 0.0003255300212064932
"p1": 7.150370408003898E-05
"p2": 5.645029269476761E-06
"p3": 0
"p4": 3.575185204001949E-05
"p5": 3.7633528463178407E-06
"p6": 0
"p7": 0
"p8": 0.0012550781742469998
"p9": 0.0004045604309791679
"p10": 6.585867481056221E-05
"p11": 0
"p12": 0.0006604684245287812
"p13": 0.00015241579027587253
"p14": 1.8816764231589203E-05
"p15": 0
"p16": 5.645029269476761E-06
"p17": 0
"p18": 0
"p19": 0
"p20": 0
"p21": 0
"p22": 0
"p23": 0
"p24": 5.645029269476761E-06
"p25": 0
"p26": 0
"p27": 0
"p28": 0
"p29": 0
"p30": 0
"p31": 0
"p32": 0.00010537387969689955
"p33": 2.2580117077907045E-05
"p34": 0
"p35": 0
"p36": 0
"p37": 0
"p38": 0
"p39": 0
"p40": 0.0013736237889060117
"p41": 0.00041208713667180354
"p42": 4.139688130949625E-05
"p43": 0
"p44": 0.0002333278764717061
"p45": 4.892358700213193E-05
"p46": 5.645029269476761E-06
"p47": 0
"p48": 0.00016558752523798497
"p49": 3.951520488633733E-05
"p50": 0
"p51": 0
"p52": 0
"p53": 0
"p54": 0
"p55": 0
"p56": 0.0007263270993393433
"p57": 0.0001844042894695742
"p58": 1.3171734962112442E-05
"p59": 0
"p60": 0.00010913723254321738
"p61": 2.0698440654748128E-05
"p62": 0
