"p0": 3.7633528463178407E-06
"p1": 0
"p2": 0
"p3": 0
"p4": 4.516023415581409E-05
"p5": 7.5267056926356815E-06
"p6": 0
"p7": 0
"p8": 0.00010537387969689955
"p9": 1.5053411385271363E-05
"p10": 0
"p11": 0
"p12": 0.0001580608195453493
"p13": 1.8816764231589203E-05
"p14": 0
"p15": 0
"p16": 0
"p17": 0
"p18": 0
"p19": 0
"p20": 0
"p21": 0
"p22": 0
"p23": 0
"p24": 0
"p25": 0
"p26": 0
"p27": 0
"p28": 1.1290058538953523E-05
"p29": 0
"p30": 0
"p31": 0
"p32": 0.0003180033155138576
"p33": 4.1396881309496255E-05
"p34": 3.7633528463178407E-06
"p35": 0
"p36": 0.00019757602443168663
"p37": 2.2580117077907045E-05
"p38": 0
"p39": 0
"p40": 0.0026287019631530124
"p41": 0.0005814380147561064
"p42": 6.021364554108544E-05
"p43": 3.76335284631784E-06
"p44": 0.002641873698115124
"p45": 0.0005833196911792653
"p46": 6.774035123372113E-05
"p47": 3.76335284631784E-06
"p48": 4.1396881309496255E-05
"p49": 5.645029269476761E-06
"p50": 0
"p51": 0
"p52": 6.962202765688006E-05
"p53": 1.1290058538953523E-05
"p54": 0
"p55": 0
"p56": 0.00040079707813285006
"p57": 7.526705692635681E-05
"p58": 0
"p59": 0
"p60": 0.0006623501009519399
"p61": 0.00011101890896637632
"p62": 3.7633528463178407E-06
