"p0": 0.00014300740816007796
"p1": 1.8816764231589203E-05
"p2": 0
"p3": 0
"p4": 1.1290058538953523E-05
"p5": 0
"p6": 0
"p7": 0
"p8": 0.0022166148264812086
"p9": 0.0005249877220613388
"p10": 6.39769983874033E-05
"p11": 3.7633528463178407E-06
"p12": 0.0005268693984844977
"p13": 8.843879188846926E-05
"p14": 3.7633528463178407E-06
"p15": 0
"p16": 0
"p17": 0
"p18": 0
"p19": 0
"p20": 0
"p21": 0
"p22": 0
"p23": 0
"p24": 5.645029269476761E-06
"p25": 0
"p26": 0
"p27": 0
"p28": 0
"p29": 0
"p30": 0
"p31": 0
"p32": 7.526705692635681E-05
"p33": 1.3171734962112444E-05
"p34": 0
"p35": 0
"p36": 0
"p37": 0
"p38": 0
"p39": 0
"p40": 0.0025590799354961316
"p41": 0.0005362777806002922
"p42": 6.39769983874033E-05
"p43": 3.7633528463178407E-06
"p44": 0.0002728430813580435
"p45": 2.0698440654748124E-05
"p46": 0
"p47": 0
"p48": 0.00014300740816007796
"p49": 3.575185204001949E-05
"p50": 0
"p51": 0
"p52": 0
"p53": 0
"p54": 0
"p55": 0
"p56": 0.0010236319741984525
"p57": 0.00015429746669903146
"p58": 3.7633528463178407E-06
"p59": 0
"p60": 0.00020886608297064017
"p61": 3.951520488633733E-05
"p62": 0
