"p0": 0
"p1": 0
"p2": 0
"p3": 0
"p4": 1.3171734962112444E-05
"p5": 0
"p6": 0
"p7": 0
"p8": 1.6935087808430282E-05
"p9": 1.8816764231589204E-06
"p10": 0
"p11": 0
"p12": 0.00014488908458323686
"p13": 2.0698440654748124E-05
"p14": 1.8816764231589204E-06
"p15": 0
"p16": 0
"p17": 0
"p18": 0
"p19": 0
"p20": 0.0001016105268505817
"p21": 1.5053411385271363E-05
"p22": 0
"p23": 0
"p24": 2.4461793501065963E-05
"p25": 1.8816764231589204E-06
"p26": 0
"p27": 0
"p28": 0.0001467707610063958
"p29": 2.6343469924224884E-05
"p30": 0
"p31": 0
"p32": 0.00013359902604428333
"p33": 1.8816764231589203E-05
"p34": 0
"p35": 0
"p36": 0.0002709614049348845
"p37": 4.516023415581409E-05
"p38": 0
"p39": 0
"p40": 0.0010217502977752939
"p41": 0.00022768284720222934
"p42": 1.8816764231589203E-05
"p43": 0
"p44": 0.0023332787647170608
"p45": 0.0006491783659898275
"p46": 8.655711546531033E-05
"p47": 1.1290058538953523E-05
"p48": 0.00038574366674757867
"p49": 6.585867481056221E-05
"p50": 0
"p51": 0
"p52": 0.00045348401798129986
"p53": 0.00010537387969689954
"p54": 1.1290058538953523E-05
"p55": 0
"p56": 0.001089490649009015
"p57": 0.0002784881106275202
"p58": 3.0106822770542726E-05
"p59": 0
"p60": 0.002433007615144484
"p61": 0.0006962202765688006
"p62": 8.843879188846926E-05
