"p0": 0.001578726519030334
"p1": 0.0006322432781813972
"p2": 0.0001448890845832369
"p3": 1.8816764231589203E-05
"p4": 6.39769983874033E-05
"p5": 3.7633528463178407E-06
"p6": 0
"p7": 0
"p8": 0.0012343797335922517
"p9": 0.00040267875455600894
"p10": 6.585867481056221E-05
"p11": 1.1290058538953523E-05
"p12": 0.0034886280885366387
"p13": 0.0012833033205943835
"p14": 0.00024085458216434178
"p15": 7.5267056926356815E-06
"p16": 7.5267056926356815E-06
"p17": 0
"p18": 0
"p19": 0
"p20": 3.7633528463178407E-06
"p21": 0
"p22": 0
"p23": 0
"p24": 0
"p25": 0
"p26": 0
"p27": 0
"p28": 0
"p29": 0
"p30": 0
"p31": 0
"p32": 0.0035036814999219105
"p33": 0.001087608972585856
"p34": 0.00018064093662325636
"p35": 1.8816764231589203E-05
"p36": 5.645029269476761E-06
"p37": 0
"p38": 0
"p39": 0
"p40": 0.0016803370458809157
"p41": 0.00043654893017286954
"p42": 6.0213645541085445E-05
"p43": 1.1290058538953523E-05
"p44": 0.003863081696745263
"p45": 0.0010311586798910884
"p46": 0.00015429746669903146
"p47": 7.5267056926356815E-06
"p48": 0.0011835744701669607
"p49": 0.0002916598455896327
"p50": 2.6343469924224884E-05
"p51": 0
"p52": 3.7633528463178407E-06
"p53": 3.7633528463178407E-06
"p54": 0
"p55": 0
"p56": 0.0005136976635223853
"p57": 0.00010913723254321738
"p58": 0
"p59": 0
"p60": 0.0008787428896152158
"p61": 0.000188167642315892
"p62": 1.8816764231589203E-05
