"p0": 0.00034999181470755914
"p1": 5.833196911792653E-05
"p2": 0
"p3": 0
"p4": 0.0004271405480570749
"p5": 0.00010537387969689954
"p6": 1.1290058538953523E-05
"p7": 0
"p8": 0.0010669105319311078
"p9": 0.00027660643420436126
"p10": 3.0106822770542726E-05
"p11": 0
"p12": 0.0021714545923253938
"p13": 0.0006416516602971917
"p14": 8.655711546531033E-05
"p15": 1.1290058538953523E-05
"p16": 0
"p17": 0
"p18": 0
"p19": 0
"p20": 3.7633528463178407E-06
"p21": 0
"p22": 0
"p23": 0
"p24": 0
"p25": 0
"p26": 0
"p27": 0
"p28": 5.645029269476761E-06
"p29": 0
"p30": 0
"p31": 0
"p32": 7.338538050319788E-05
"p33": 9.408382115794602E-06
"p34": 0
"p35": 0
"p36": 0.00020133937727800444
"p37": 2.0698440654748124E-05
"p38": 0
"p39": 0
"p40": 0.0008825062424615337
"p41": 0.00018628596589273313
"p42": 1.8816764231589203E-05
"p43": 0
"p44": 0.0019550618036621183
"p45": 0.0004892358700213193
"p46": 6.585867481056221E-05
"p47": 1.1290058538953523E-05
"p48": 0.00010349220327374062
"p49": 1.5053411385271363E-05
"p50": 0
"p51": 0
"p52": 0.0002464996114338185
"p53": 6.209532196424438E-05
"p54": 0
"p55": 0
"p56": 0.0002314462000485472
"p57": 3.198849919370165E-05
"p58": 0
"p59": 0
"p60": 0.0009370748587331425
"p61": 0.0002201561415095937
"p62": 1.3171734962112442E-05
