"p0": 4.516023415581409E-05
"p1": 7.5267056926356815E-06
"p2": 0
"p3": 0
"p4": 0
"p5": 0
"p6": 0
"p7": 0
"p8": 0.0001975760244316866
"p9": 2.2580117077907045E-05
"p10": 0
"p11": 0
"p12": 6.962202765688006E-05
"p13": 1.1290058538953523E-05
"p14": 0
"p15": 0
"p16": 0
"p17": 0
"p18": 0
"p19": 0
"p20": 0
"p21": 0
"p22": 0
"p23": 0
"p24": 1.1290058538953523E-05
"p25": 0
"p26": 0
"p27": 0
"p28": 0
"p29": 0
"p30": 0
"p31": 0
"p32": 0.00019757602443168663
"p33": 2.2580117077907045E-05
"p34": 0
"p35": 0
"p36": 1.1290058538953523E-05
"p37": 0
"p38": 0
"p39": 0
"p40": 0.004516023415581409
"p41": 0.001016105268505817
"p42": 0.0001279539967748066
"p43": 7.5267056926356815E-06
"p44": 0.0008279376261899247
"p45": 0.00012042729108217089
"p46": 3.7633528463178407E-06
"p47": 0
"p48": 6.962202765688006E-05
"p49": 1.1290058538953523E-05
"p50": 0
"p51": 0
"p52": 0
"p53": 0
"p54": 0
"p55": 0
"p56": 0.0008279376261899248
"p57": 0.00012042729108217089
"p58": 3.7633528463178407E-06
"p59": 0
"p60": 0.0002389729057411829
"p61": 6.209532196424438E-05
"p62": 0
