"p0": 0.0005739113090634705
"p1": 0.0001787592602000974
"p2": 2.0698440654748124E-05
"p3": 0
"p4": 7.338538050319788E-05
"p5": 1.5053411385271363E-05
"p6": 0
"p7": 0
"p8": 0.0030915943632501054
"p9": 0.0013359902604428338
"p10": 0.000308594933398063
"p11": 1.6935087808430282E-05
"p12": 0.0021413477695548517
"p13": 0.0008110025383814947
"p14": 0.00012607232035164766
"p15": 5.645029269476761E-06
"p16": 4.516023415581409E-05
"p17": 0
"p18": 0
"p19": 0
"p20": 0
"p21": 0
"p22": 0
"p23": 0
"p24": 3.575185204001949E-05
"p25": 5.645029269476761E-06
"p26": 0
"p27": 0
"p28": 3.7633528463178407E-06
"p29": 0
"p30": 0
"p31": 0
"p32": 0.00028601481632015597
"p33": 6.774035123372113E-05
"p34": 5.645029269476761E-06
"p35": 0
"p36": 1.8816764231589204E-06
"p37": 0
"p38": 0
"p39": 0
"p40": 0.004623278971701468
"p41": 0.0016483485466872142
"p42": 0.0002521446407032953
"p43": 1.8816764231589203E-05
"p44": 0.0014771159921797524
"p45": 0.0003895070195938965
"p46": 6.021364554108546E-05
"p47": 5.645029269476761E-06
"p48": 0.000423377195210757
"p49": 0.00011666393823585305
"p50": 9.408382115794602E-06
"p51": 0
"p52": 3.7633528463178407E-06
"p53": 0
"p54": 0
"p55": 0
"p56": 0.0023069352947928364
"p57": 0.0005964914261413778
"p58": 6.209532196424438E-05
"p59": 1.8816764231589204E-06
"p60": 0.0008825062424615334
"p61": 0.0001862859658927331
"p62": 2.2580117077907045E-05
