"p0": 5.645029269476761E-05
"p1": 1.8816764231589204E-06
"p2": 0
"p3": 0
"p4": 2.2580117077907045E-05
"p5": 0
"p6": 0
"p7": 0
"p8": 0.00015053411385271363
"p9": 9.408382115794602E-06
"p10": 0
"p11": 0
"p12": 0.0002615530228190899
"p13": 4.516023415581409E-05
"p14": 0
"p15": 0
"p16": 0
"p17": 0
"p18": 0
"p19": 0
"p20": 0
"p21": 0
"p22": 0
"p23": 0
"p24": 0
"p25": 0
"p26": 0
"p27": 0
"p28": 0
"p29": 0
"p30": 0
"p31": 0
"p32": 1.3171734962112444E-05
"p33": 0
"p34": 0
"p35": 0
"p36": 9.408382115794602E-06
"p37": 0
"p38": 0
"p39": 0
"p40": 7.150370408003898E-05
"p41": 5.645029269476761E-06
"p42": 0
"p43": 0
"p44": 0.00020322105370116337
"p45": 5.645029269476761E-06
"p46": 0
"p47": 0
"p48": 3.7633528463178407E-06
"p49": 0
"p50": 0
"p51": 0
"p52": 2.2580117077907045E-05
"p53": 7.5267056926356815E-06
"p54": 0
"p55": 0
"p56": 4.139688130949625E-05
"p57": 0
"p58": 0
"p59": 0
"p60": 0.00018440428946957417
"p61": 3.3870175616860565E-05
"p62": 0
