"p0": 7.714873334951574E-05
"p1": 1.5053411385271363E-05
"p2": 1.8816764231589204E-06
"p3": 0
"p4": 0.0003612818732465128
"p5": 7.526705692635683E-05
"p6": 5.645029269476761E-06
"p7": 0
"p8": 0.00038574366674757867
"p9": 0.0001016105268505817
"p10": 9.408382115794602E-06
"p11": 0
"p12": 0.0015655547840682218
"p13": 0.0004911175464444782
"p14": 7.338538050319788E-05
"p15": 0
"p16": 0
"p17": 0
"p18": 0
"p19": 0
"p20": 5.645029269476761E-06
"p21": 0
"p22": 0
"p23": 0
"p24": 0
"p25": 0
"p26": 0
"p27": 0
"p28": 5.645029269476761E-06
"p29": 0
"p30": 0
"p31": 0
"p32": 7.5267056926356815E-06
"p33": 0
"p34": 0
"p35": 0
"p36": 0.00010537387969689955
"p37": 2.2580117077907045E-05
"p38": 0
"p39": 0
"p40": 0.00021262943581695798
"p41": 5.456861627160869E-05
"p42": 5.645029269476761E-06
"p43": 0
"p44": 0.0014338374344470975
"p45": 0.0004290222244802338
"p46": 4.139688130949625E-05
"p47": 0
"p48": 1.5053411385271363E-05
"p49": 1.8816764231589204E-06
"p50": 0
"p51": 0
"p52": 0.00016558752523798497
"p53": 3.951520488633733E-05
"p54": 0
"p55": 0
"p56": 8.279376261899251E-05
"p57": 1.6935087808430286E-05
"p58": 0
"p59": 0
"p60": 0.0007827773920341108
"p61": 0.00020133937727800447
"p62": 1.3171734962112442E-05
