"p0": 1.8816764231589204E-06
"p1": 0
"p2": 0
"p3": 0
"p4": 8.655711546531035E-05
"p5": 1.3171734962112444E-05
"p6": 0
"p7": 0
"p8": 2.4461793501065966E-05
"p9": 1.8816764231589204E-06
"p10": 0
"p11": 0
"p12": 0.0001768775837769385
"p13": 3.387017561686057E-05
"p14": 0
"p15": 0
"p16": 0
"p17": 0
"p18": 0
"p19": 0
"p20": 0
"p21": 0
"p22": 0
"p23": 0
"p24": 0
"p25": 0
"p26": 0
"p27": 0
"p28": 5.645029269476761E-06
"p29": 0
"p30": 0
"p31": 0
"p32": 8.467543904215141E-05
"p33": 1.5053411385271363E-05
"p34": 1.8816764231589204E-06
"p35": 0
"p36": 0.000449720665134982
"p37": 9.220214473478711E-05
"p38": 5.645029269476761E-06
"p39": 0
"p40": 0.0005983731025645366
"p41": 0.00015617914312219042
"p42": 1.5053411385271363E-05
"p43": 0
"p44": 0.002777354400582566
"p45": 0.0008411093611520375
"p46": 0.00011478226181269412
"p47": 0
"p48": 7.5267056926356815E-06
"p49": 1.8816764231589204E-06
"p50": 0
"p51": 0
"p52": 4.5160234155814084E-05
"p53": 3.7633528463178407E-06
"p54": 0
"p55": 0
"p56": 6.962202765688006E-05
"p57": 1.5053411385271363E-05
"p58": 0
"p59": 0
"p60": 0.0004685374293665712
"p61": 0.0001279539967748066
"p62": 1.3171734962112442E-05
