"p0": 0.00034999181470755925
"p1": 5.8331969117926534E-05
"p2": 0
"p3": 0
"p4": 5.645029269476761E-06
"p5": 0
"p6": 0
"p7": 0
"p8": 0.003330567268991289
"p9": 0.0012456697921312055
"p10": 0.00024838128785697745
"p11": 1.6935087808430282E-05
"p12": 0.0014921694035650236
"p13": 0.00044031228301918735
"p14": 7.903040977267465E-05
"p15": 5.645029269476761E-06
"p16": 0.000611544837526649
"p17": 0.00018252261304641524
"p18": 2.0698440654748124E-05
"p19": 0
"p20": 7.338538050319788E-05
"p21": 1.5053411385271363E-05
"p22": 0
"p23": 0
"p24": 0.0029899838363995237
"p25": 0.0013247002019038802
"p26": 0.000308594933398063
"p27": 1.6935087808430282E-05
"p28": 0.002169572915902236
"p29": 0.0008166475676509715
"p30": 0.00012607232035164766
"p31": 5.645029269476761E-06
"p32": 8.655711546531033E-05
"p33": 3.575185204001948E-05
"p34": 5.645029269476761E-06
"p35": 0
"p36": 0
"p37": 0
"p38": 0
"p39": 0
"p40": 0.0025383814948413833
"p41": 0.0007507888928404092
"p42": 4.139688130949625E-05
"p43": 1.8816764231589204E-06
"p44": 0.0006698768066445756
"p45": 0.00011854561465901199
"p46": 1.1290058538953523E-05
"p47": 0
"p48": 0.0003180033155138576
"p49": 9.032046831162817E-05
"p50": 9.408382115794602E-06
"p51": 0
"p52": 0
"p53": 0
"p54": 0
"p55": 0
"p56": 0.001981405273586343
"p57": 0.00048170916432868367
"p58": 3.951520488633733E-05
"p59": 1.8816764231589204E-06
"p60": 0.0005889647204487421
"p61": 9.032046831162818E-05
"p62": 1.1290058538953523E-05
