"p0": 8.091208619583358E-05
"p1": 1.3171734962112442E-05
"p2": 0
"p3": 0
"p4": 0.000284133139896997
"p5": 3.7633528463178407E-05
"p6": 3.7633528463178407E-06
"p7": 0
"p8": 1.3171734962112444E-05
"p9": 0
"p10": 0
"p11": 0
"p12": 3.387017561686057E-05
"p13": 0
"p14": 0
"p15": 0
"p16": 9.784717400426387E-05
"p17": 1.5053411385271363E-05
"p18": 0
"p19": 0
"p20": 0.0001505341138527136
"p21": 1.8816764231589203E-05
"p22": 0
"p23": 0
"p24": 2.8225146347383805E-05
"p25": 9.408382115794602E-06
"p26": 0
"p27": 0
"p28": 8.467543904215141E-05
"p29": 2.4461793501065963E-05
"p30": 0
"p31": 0
"p32": 0.0011948645287059145
"p33": 0.0002973048748591094
"p34": 2.6343469924224887E-05
"p35": 1.8816764231589204E-06
"p36": 0.0013924405531376008
"p37": 0.0003123582862443808
"p38": 3.198849919370165E-05
"p39": 1.8816764231589204E-06
"p40": 0.0004835908407518425
"p41": 7.150370408003898E-05
"p42": 1.8816764231589204E-06
"p43": 0
"p44": 0.00023144620004854718
"p45": 3.3870175616860565E-05
"p46": 0
"p47": 0
"p48": 0.0011497042945501001
"p49": 0.0002897781691664738
"p50": 2.8225146347383808E-05
"p51": 1.8816764231589204E-06
"p52": 0.0012099179400911857
"p53": 0.0002991865512822683
"p54": 3.198849919370165E-05
"p55": 1.8816764231589204E-06
"p56": 0.0007150370408003897
"p57": 0.0001016105268505817
"p58": 7.5267056926356815E-06
"p59": 0
"p60": 0.0005024076049834317
"p61": 6.209532196424438E-05
"p62": 3.7633528463178407E-06
