"p0": 0.00024838128785697745
"p1": 4.516023415581409E-05
"p2": 0
"p3": 0
"p4": 3.7633528463178407E-06
"p5": 0
"p6": 0
"p7": 0
"p8": 0.0015448563434134735
"p9": 0.0004798274879055247
"p10": 8.091208619583357E-05
"p11": 1.1290058538953523E-05
"p12": 0.0009521282701184136
"p13": 0.00019757602443168663
"p14": 7.5267056926356815E-06
"p15": 0
"p16": 0.0003725719317854662
"p17": 0.0001016105268505817
"p18": 1.1290058538953523E-05
"p19": 0
"p20": 7.33853805031979E-05
"p21": 3.7633528463178407E-06
"p22": 0
"p23": 0
"p24": 0.0015975432832619233
"p25": 0.00047982748790552474
"p26": 7.526705692635681E-05
"p27": 1.1290058538953523E-05
"p28": 0.0017179705743440943
"p29": 0.0003650452260928306
"p30": 1.8816764231589203E-05
"p31": 0
"p32": 3.9515204886337324E-05
"p33": 9.408382115794602E-06
"p34": 0
"p35": 0
"p36": 0
"p37": 0
"p38": 0
"p39": 0
"p40": 0.0007357354814551379
"p41": 0.0001674692016611439
"p42": 7.5267056926356815E-06
"p43": 0
"p44": 0.0001768775837769385
"p45": 1.8816764231589207E-05
"p46": 0
"p47": 0
"p48": 0.0001505341138527136
"p49": 3.951520488633733E-05
"p50": 0
"p51": 0
"p52": 0
"p53": 0
"p54": 0
"p55": 0
"p56": 0.0003594001968233538
"p57": 7.714873334951573E-05
"p58": 1.8816764231589204E-06
"p59": 0
"p60": 0.00010913723254321738
"p61": 1.5053411385271365E-05
"p62": 0
