"p0": 8.091208619583358E-05
"p1": 1.3171734962112442E-05
"p2": 0
"p3": 0
"p4": 9.784717400426387E-05
"p5": 1.5053411385271363E-05
"p6": 0
"p7": 0
"p8": 0.0011948645287059145
"p9": 0.0002973048748591094
"p10": 2.6343469924224887E-05
"p11": 1.8816764231589204E-06
"p12": 0.0011497042945501001
"p13": 0.0002897781691664738
"p14": 2.8225146347383808E-05
"p15": 1.8816764231589204E-06
"p16": 0.00028413313989699703
"p17": 3.7633528463178407E-05
"p18": 3.7633528463178407E-06
"p19": 0
"p20": 0.00015053411385271363
"p21": 1.8816764231589203E-05
"p22": 0
"p23": 0
"p24": 0.0013924405531376008
"p25": 0.0003123582862443808
"p26": 3.198849919370165E-05
"p27": 1.8816764231589204E-06
"p28": 0.0012099179400911857
"p29": 0.0002991865512822683
"p30": 3.198849919370165E-05
"p31": 1.8816764231589204E-06
"p32": 1.3171734962112444E-05
"p33": 0
"p34": 0
"p35": 0
"p36": 2.8225146347383808E-05
"p37": 9.408382115794602E-06
"p38": 0
"p39": 0
"p40": 0.00048359084075184244
"p41": 7.150370408003898E-05
"p42": 1.8816764231589204E-06
"p43": 0
"p44": 0.0007150370408003896
"p45": 0.0001016105268505817
"p46": 7.5267056926356815E-06
"p47": 0
"p48": 3.387017561686057E-05
"p49": 0
"p50": 0
"p51": 0
"p52": 8.467543904215141E-05
"p53": 2.4461793501065963E-05
"p54": 0
"p55": 0
"p56": 0.00023144620004854718
"p57": 3.3870175616860565E-05
"p58": 0
"p59": 0
"p60": 0.0005024076049834317
"p61": 6.209532196424438E-05
"p62": 3.7633528463178407E-06
