"p0": 0.00032553002120649325
"p1": 7.150370408003898E-05
"p2": 5.645029269476761E-06
"p3": 0
"p4": 0.0003631635496696716
"p5": 0.00010161052685058171
"p6": 1.1290058538953523E-05
"p7": 0
"p8": 0.0025703699940350846
"p9": 0.0007978308034193823
"p10": 0.0001279539967748066
"p11": 7.5267056926356815E-06
"p12": 0.0037012575243535965
"p13": 0.0012757766149017482
"p14": 0.00023709122931802394
"p15": 3.0106822770542726E-05
"p16": 0.0006058998082571723
"p17": 0.00018628596589273307
"p18": 2.0698440654748128E-05
"p19": 0
"p20": 0.00041208713667180354
"p21": 0.00012042729108217089
"p22": 2.2580117077907045E-05
"p23": 0
"p24": 0.002308816971215995
"p25": 0.000852399419690991
"p26": 0.00016182417239166713
"p27": 7.5267056926356815E-06
"p28": 0.0031141744803280125
"p29": 0.0012099179400911857
"p30": 0.00025967134639593104
"p31": 3.0106822770542726E-05
"p32": 3.76335284631784E-05
"p33": 1.8816764231589204E-06
"p34": 0
"p35": 0
"p36": 6.0213645541085445E-05
"p37": 2.6343469924224887E-05
"p38": 0
"p39": 0
"p40": 0.001273894938478589
"p41": 0.0002483812878569775
"p42": 7.5267056926356815E-06
"p43": 0
"p44": 0.0023445688232560146
"p45": 0.0006604684245287812
"p46": 5.645029269476761E-05
"p47": 0
"p48": 6.209532196424438E-05
"p49": 0
"p50": 0
"p51": 0
"p52": 0.00019193099516220984
"p53": 6.397699838740328E-05
"p54": 0
"p55": 0
"p56": 0.00046289240009709436
"p57": 6.021364554108546E-05
"p58": 0
"p59": 0
"p60": 0.0009954068278510688
"p61": 0.00022956452362538825
"p62": 1.5053411385271363E-05
