"p0": 0.0004798274879055246
"p1": 0.000118545614659012
"p2": 1.5053411385271363E-05
"p3": 0
"p4": 6.774035123372114E-05
"p5": 0
"p6": 0
"p7": 0
"p8": 0.0002464996114338186
"p9": 6.962202765688005E-05
"p10": 1.3171734962112442E-05
"p11": 0
"p12": 0.0004158504895181214
"p13": 0.0001298356731979655
"p14": 1.8816764231589203E-05
"p15": 0
"p16": 5.080526342529085E-05
"p17": 5.645029269476761E-06
"p18": 0
"p19": 0
"p20": 0
"p21": 0
"p22": 0
"p23": 0
"p24": 0
"p25": 0
"p26": 0
"p27": 0
"p28": 0
"p29": 0
"p30": 0
"p31": 0
"p32": 0.005184018545802827
"p33": 0.001879794746735762
"p34": 0.0003669269025159894
"p35": 2.8225146347383808E-05
"p36": 8.27937626189925E-05
"p37": 1.5053411385271363E-05
"p38": 0
"p39": 0
"p40": 0.002359622234641286
"p41": 0.0009427198880026192
"p42": 0.00021074775939379907
"p43": 7.5267056926356815E-06
"p44": 0.004341027508227629
"p45": 0.0014488908458323685
"p46": 0.0002239194943559115
"p47": 1.1290058538953523E-05
"p48": 0.0013529253482512634
"p49": 0.00037069025536230727
"p50": 4.327855773265517E-05
"p51": 1.8816764231589204E-06
"p52": 3.7633528463178407E-06
"p53": 0
"p54": 0
"p55": 0
"p56": 0.0005701479562171529
"p57": 0.0001486524374295547
"p58": 2.4461793501065966E-05
"p59": 0
"p60": 0.00044595731228866414
"p61": 6.962202765688005E-05
"p62": 0
