"p0": 0.00013359902604428335
"p1": 9.408382115794602E-06
"p2": 0
"p3": 0
"p4": 0
"p5": 0
"p6": 0
"p7": 0
"p8": 6.021364554108546E-05
"p9": 5.645029269476761E-06
"p10": 0
"p11": 0
"p12": 3.9515204886337324E-05
"p13": 0
"p14": 0
"p15": 0
"p16": 0.00017687758377693853
"p17": 4.3278557732655166E-05
"p18": 0
"p19": 0
"p20": 0
"p21": 0
"p22": 0
"p23": 0
"p24": 0.0001731142309306207
"p25": 5.645029269476761E-06
"p26": 0
"p27": 0
"p28": 0.00016935087808430286
"p29": 3.3870175616860565E-05
"p30": 0
"p31": 0
"p32": 3.9515204886337324E-05
"p33": 1.8816764231589204E-06
"p34": 0
"p35": 0
"p36": 0
"p37": 0
"p38": 0
"p39": 0
"p40": 7.5267056926356815E-06
"p41": 0
"p42": 0
"p43": 0
"p44": 5.645029269476761E-06
"p45": 0
"p46": 0
"p47": 0
"p48": 0.0001016105268505817
"p49": 1.8816764231589204E-06
"p50": 0
"p51": 0
"p52": 0
"p53": 0
"p54": 0
"p55": 0
"p56": 7.5267056926356815E-06
"p57": 3.7633528463178407E-06
"p58": 0
"p59": 0
"p60": 4.704191057897301E-05
"p61": 3.7633528463178407E-06
"p62": 0
