"p0": 0.00012607232035164766
"p1": 2.2580117077907045E-05
"p2": 0
"p3": 0
"p4": 0.0005946097497182188
"p5": 0.00014112573173691902
"p6": 1.5053411385271363E-05
"p7": 0
"p8": 1.1290058538953523E-05
"p9": 0
"p10": 0
"p11": 0
"p12": 6.397699838740331E-05
"p13": 1.1290058538953523E-05
"p14": 0
"p15": 0
"p16": 9.972885042742277E-05
"p17": 1.5053411385271363E-05
"p18": 0
"p19": 0
"p20": 0.0002559079935496132
"p21": 2.258011707790705E-05
"p22": 0
"p23": 0
"p24": 1.5053411385271363E-05
"p25": 0
"p26": 0
"p27": 0
"p28": 0.0001956943480085277
"p29": 5.2686939848449775E-05
"p30": 7.5267056926356815E-06
"p31": 0
"p32": 0.002869556545317353
"p33": 0.0008448727139983553
"p34": 0.00012419064392848875
"p35": 7.5267056926356815E-06
"p36": 0.004470863181425595
"p37": 0.0014620625807944812
"p38": 0.00024085458216434178
"p39": 3.0106822770542726E-05
"p40": 0.0008204109204972893
"p41": 0.0001919309951622099
"p42": 2.2580117077907045E-05
"p43": 0
"p44": 0.0018986115109673504
"p45": 0.00044595731228866414
"p46": 4.516023415581409E-05
"p47": 0
"p48": 0.0019080198930831447
"p49": 0.0007037469822614364
"p50": 0.00014300740816007796
"p51": 7.5267056926356815E-06
"p52": 0.002617411904614058
"p53": 0.0009690633579268439
"p54": 0.00019945770085484554
"p55": 3.0106822770542726E-05
"p56": 0.0007959491269962233
"p57": 0.0002408545821643418
"p58": 3.0106822770542726E-05
"p59": 0
"p60": 0.002131939387439056
"p61": 0.0007131553643772309
"p62": 0.00010913723254321738
