"p0": 0.00014300740816007796
"p1": 1.8816764231589203E-05
"p2": 0
"p3": 0
"p4": 0
"p5": 0
"p6": 0
"p7": 0
"p8": 7.526705692635681E-05
"p9": 1.3171734962112444E-05
"p10": 0
"p11": 0
"p12": 0.00014300740816007796
"p13": 3.575185204001949E-05
"p14": 0
"p15": 0
"p16": 1.1290058538953523E-05
"p17": 0
"p18": 0
"p19": 0
"p20": 0
"p21": 0
"p22": 0
"p23": 0
"p24": 0
"p25": 0
"p26": 0
"p27": 0
"p28": 0
"p29": 0
"p30": 0
"p31": 0
"p32": 0.002216614826481208
"p33": 0.0005249877220613388
"p34": 6.39769983874033E-05
"p35": 3.76335284631784E-06
"p36": 5.645029269476761E-06
"p37": 0
"p38": 0
"p39": 0
"p40": 0.0025590799354961316
"p41": 0.0005362777806002922
"p42": 6.397699838740328E-05
"p43": 3.76335284631784E-06
"p44": 0.0010236319741984525
"p45": 0.00015429746669903146
"p46": 3.7633528463178407E-06
"p47": 0
"p48": 0.0005268693984844977
"p49": 8.843879188846926E-05
"p50": 3.7633528463178407E-06
"p51": 0
"p52": 0
"p53": 0
"p54": 0
"p55": 0
"p56": 0.00027284308135804345
"p57": 2.0698440654748124E-05
"p58": 0
"p59": 0
"p60": 0.00020886608297064017
"p61": 3.951520488633733E-05
"p62": 0
