"p0": 0.00027284308135804345
"p1": 3.7633528463178407E-05
"p2": 3.7633528463178407E-06
"p3": 0
"p4": 0
"p5": 0
"p6": 0
"p7": 0
"p8": 0.0007714873334951573
"p9": 0.00018816764231589206
"p10": 2.8225146347383805E-05
"p11": 0
"p12": 0.00011666393823585305
"p13": 1.3171734962112444E-05
"p14": 0
"p15": 0
"p16": 0
"p17": 0
"p18": 0
"p19": 0
"p20": 0
"p21": 0
"p22": 0
"p23": 0
"p24": 5.080526342529085E-05
"p25": 5.645029269476761E-06
"p26": 0
"p27": 0
"p28": 0
"p29": 0
"p30": 0
"p31": 0
"p32": 0.0007733690099183162
"p33": 0.00021262943581695798
"p34": 2.0698440654748124E-05
"p35": 0
"p36": 7.526705692635681E-05
"p37": 1.5053411385271363E-05
"p38": 0
"p39": 0
"p40": 0.007391224990168241
"p41": 0.0027698276948899306
"p42": 0.000566384603370835
"p43": 3.575185204001948E-05
"p44": 0.003291052064104952
"p45": 0.0011158341189332396
"p46": 0.00018064093662325636
"p47": 1.1290058538953523E-05
"p48": 0.00017123255450746176
"p49": 2.8225146347383805E-05
"p50": 0
"p51": 0
"p52": 3.7633528463178407E-06
"p53": 0
"p54": 0
"p55": 0
"p56": 0.0019400083922768477
"p57": 0.0005231060456381798
"p58": 6.774035123372113E-05
"p59": 1.8816764231589204E-06
"p60": 0.00043090390090339285
"p61": 0.00010349220327374063
"p62": 1.1290058538953523E-05
