"p0": 9.784717400426387E-05
"p1": 1.5053411385271363E-05
"p2": 0
"p3": 0
"p4": 0
"p5": 0
"p6": 0
"p7": 0
"p8": 0.00202092047847268
"p9": 0.000496762575713955
"p10": 5.456861627160869E-05
"p11": 3.7633528463178407E-06
"p12": 0.00030106822770542725
"p13": 6.39769983874033E-05
"p14": 0
"p15": 0
"p16": 0.00015053411385271363
"p17": 1.8816764231589203E-05
"p18": 0
"p19": 0
"p20": 1.1290058538953523E-05
"p21": 0
"p22": 0
"p23": 0
"p24": 0.0021996797386727783
"p25": 0.0005249877220613388
"p26": 6.39769983874033E-05
"p27": 3.7633528463178407E-06
"p28": 0.0005550945448318816
"p29": 8.843879188846926E-05
"p30": 3.7633528463178407E-06
"p31": 0
"p32": 2.8225146347383808E-05
"p33": 9.408382115794602E-06
"p34": 0
"p35": 0
"p36": 0
"p37": 0
"p38": 0
"p39": 0
"p40": 0.0010876089725858561
"p41": 0.000165587525237985
"p42": 9.408382115794602E-06
"p43": 0
"p44": 9.596549758110492E-05
"p45": 0
"p46": 0
"p47": 0
"p48": 8.467543904215141E-05
"p49": 2.4461793501065963E-05
"p50": 0
"p51": 0
"p52": 0
"p53": 0
"p54": 0
"p55": 0
"p56": 0.0006792851887603704
"p57": 9.22021447347871E-05
"p58": 3.7633528463178407E-06
"p59": 0
"p60": 7.714873334951573E-05
"p61": 0
"p62": 0
