"p0": 0.0001298356731979655
"p1": 1.8816764231589203E-05
"p2": 0
"p3": 0
"p4": 0.0002521446407032953
"p5": 4.516023415581409E-05
"p6": 0
"p7": 0
"p8": 0.0008655711546531033
"p9": 0.00020886608297064017
"p10": 1.8816764231589203E-05
"p11": 0
"p12": 0.0018195811011946761
"p13": 0.0005513311919855637
"p14": 8.091208619583357E-05
"p15": 1.1290058538953523E-05
"p16": 0.0003819803139012608
"p17": 6.585867481056221E-05
"p18": 0
"p19": 0
"p20": 0.0004459573122886642
"p21": 0.00010537387969689954
"p22": 1.1290058538953523E-05
"p23": 0
"p24": 0.0010725555612005847
"p25": 0.00027660643420436126
"p26": 3.0106822770542726E-05
"p27": 0
"p28": 0.002235431590712797
"p29": 0.0006529417188361453
"p30": 8.655711546531033E-05
"p31": 1.1290058538953523E-05
"p32": 9.408382115794602E-06
"p33": 0
"p34": 0
"p35": 0
"p36": 3.9515204886337324E-05
"p37": 9.408382115794602E-06
"p38": 0
"p39": 0
"p40": 0.00022956452362538827
"p41": 2.6343469924224887E-05
"p42": 0
"p43": 0
"p44": 0.0007413805107246147
"p45": 0.00016558752523798497
"p46": 7.5267056926356815E-06
"p47": 0
"p48": 2.0698440654748124E-05
"p49": 0
"p50": 0
"p51": 0
"p52": 0.0001505341138527136
"p53": 3.951520488633733E-05
"p54": 0
"p55": 0
"p56": 7.714873334951574E-05
"p57": 1.5053411385271363E-05
"p58": 0
"p59": 0
"p60": 0.0003763352846317841
"p61": 7.714873334951574E-05
"p62": 1.8816764231589204E-06
