"p0": 7.5267056926356815E-06
"p1": 0
"p2": 0
"p3": 0
"p4": 0.0001505341138527136
"p5": 1.8816764231589203E-05
"p6": 0
"p7": 0
"p8": 0.00011478226181269414
"p9": 1.5053411385271363E-05
"p10": 0
"p11": 0
"p12": 0.00024838128785697745
"p13": 2.258011707790705E-05
"p14": 0
"p15": 0
"p16": 0
"p17": 0
"p18": 0
"p19": 0
"p20": 0
"p21": 0
"p22": 0
"p23": 0
"p24": 0
"p25": 0
"p26": 0
"p27": 0
"p28": 2.2580117077907045E-05
"p29": 0
"p30": 0
"p31": 0
"p32": 0.0007677239806488394
"p33": 0.0002051027301243223
"p34": 2.0698440654748128E-05
"p35": 0
"p36": 0.0006924569237224828
"p37": 0.00016182417239166713
"p38": 2.2580117077907045E-05
"p39": 0
"p40": 0.005323262601116585
"p41": 0.0016991538101125052
"p42": 0.00028601481632015586
"p43": 1.5053411385271363E-05
"p44": 0.00806674682608229
"p45": 0.0025854234054203565
"p46": 0.000496762575713955
"p47": 6.021364554108545E-05
"p48": 0.00017123255450746173
"p49": 5.2686939848449775E-05
"p50": 5.645029269476761E-06
"p51": 0
"p52": 0.0001392440553137601
"p53": 6.021364554108545E-05
"p54": 1.1290058538953523E-05
"p55": 0
"p56": 0.0005475678391392458
"p57": 0.00011478226181269416
"p58": 1.1290058538953523E-05
"p59": 0
"p60": 0.0015373296377208382
"p61": 0.00046101072367393553
"p62": 4.8923587002131926E-05
