"p0": 0.001160994353089054
"p1": 0.00038386199032441974
"p2": 7.150370408003898E-05
"p3": 5.645029269476761E-06
"p4": 0.003093476039673265
"p5": 0.0011760477644743254
"p6": 0.0002389729057411829
"p7": 1.6935087808430282E-05
"p8": 0.00021827446508643471
"p9": 7.150370408003898E-05
"p10": 1.3171734962112444E-05
"p11": 0
"p12": 0.0009032046831162815
"p13": 0.0002314462000485472
"p14": 2.6343469924224887E-05
"p15": 0
"p16": 0.0012833033205943837
"p17": 0.0005080526342529085
"p18": 8.655711546531032E-05
"p19": 5.645029269476761E-06
"p20": 0.0027039690200793684
"p21": 0.0012155629693606626
"p22": 0.0002897781691664738
"p23": 1.6935087808430282E-05
"p24": 0.0002973048748591094
"p25": 9.972885042742278E-05
"p26": 1.8816764231589203E-05
"p27": 0
"p28": 0.0016690469873419623
"p29": 0.0006134265139498081
"p30": 8.27937626189925E-05
"p31": 0
"p32": 0.0006981019529919593
"p33": 0.00014865243742955472
"p34": 1.3171734962112442E-05
"p35": 0
"p36": 0.002448061026529755
"p37": 0.0007357354814551379
"p38": 3.9515204886337324E-05
"p39": 1.8816764231589204E-06
"p40": 7.714873334951574E-05
"p41": 1.6935087808430282E-05
"p42": 1.8816764231589204E-06
"p43": 0
"p44": 0.00016746920166114395
"p45": 5.080526342529084E-05
"p46": 5.645029269476761E-06
"p47": 0
"p48": 0.0005833196911792653
"p49": 0.00010349220327374062
"p50": 1.5053411385271363E-05
"p51": 0
"p52": 0.0018873214524283972
"p53": 0.00046477407652025334
"p54": 3.575185204001949E-05
"p55": 1.8816764231589204E-06
"p56": 6.209532196424438E-05
"p57": 1.3171734962112442E-05
"p58": 1.8816764231589204E-06
"p59": 0
"p60": 0.0004083237838254857
"p61": 0.00010913723254321738
"p62": 9.408382115794602E-06
