"p0": 0.0004798274879055247
"p1": 0.000118545614659012
"p2": 1.5053411385271363E-05
"p3": 0
"p4": 0
"p5": 0
"p6": 0
"p7": 0
"p8": 0.0001768775837769385
"p9": 2.6343469924224887E-05
"p10": 0
"p11": 0
"p12": 0.00012042729108217089
"p13": 2.2580117077907045E-05
"p14": 0
"p15": 0
"p16": 0.00018064093662325633
"p17": 1.5053411385271365E-05
"p18": 0
"p19": 0
"p20": 1.1290058538953523E-05
"p21": 0
"p22": 0
"p23": 0
"p24": 0.0001279539967748066
"p25": 1.1290058538953523E-05
"p26": 0
"p27": 0
"p28": 0.0002464996114338185
"p29": 6.39769983874033E-05
"p30": 7.5267056926356815E-06
"p31": 0
"p32": 0.003543196704808249
"p33": 0.0011440592652806234
"p34": 0.00018816764231589203
"p35": 1.8816764231589203E-05
"p36": 5.645029269476761E-06
"p37": 0
"p38": 0
"p39": 0
"p40": 0.0019832869500095015
"p41": 0.0005061709578297496
"p42": 7.150370408003898E-05
"p43": 1.1290058538953523E-05
"p44": 0.004216836864299141
"p45": 0.0011440592652806239
"p46": 0.00015806081954534932
"p47": 7.5267056926356815E-06
"p48": 0.002120649328900104
"p49": 0.000779014039187793
"p50": 0.00015994249596850823
"p51": 1.8816764231589203E-05
"p52": 6.39769983874033E-05
"p53": 3.7633528463178407E-06
"p54": 0
"p55": 0
"p56": 0.0015053411385271363
"p57": 0.0004516023415581409
"p58": 6.585867481056221E-05
"p59": 1.1290058538953523E-05
"p60": 0.0035751852040019497
"p61": 0.0012945933791333373
"p62": 0.00024085458216434178
