"p0": 0.000989761798581592
"p1": 0.00033870175616860566
"p2": 6.209532196424438E-05
"p3": 0
"p4": 6.39769983874033E-05
"p5": 9.408382115794602E-06
"p6": 0
"p7": 0
"p8": 0.00028225146347383805
"p9": 6.585867481056221E-05
"p10": 3.7633528463178407E-06
"p11": 0
"p12": 0.0009728267107731618
"p13": 0.00023144620004854715
"p14": 2.6343469924224887E-05
"p15": 0
"p16": 5.645029269476761E-06
"p17": 0
"p18": 0
"p19": 0
"p20": 5.645029269476761E-06
"p21": 0
"p22": 0
"p23": 0
"p24": 0
"p25": 0
"p26": 0
"p27": 0
"p28": 0
"p29": 0
"p30": 0
"p31": 0
"p32": 0.001157231000242736
"p33": 0.00036316354966967166
"p34": 3.763352846317841E-05
"p35": 0
"p36": 3.7633528463178407E-06
"p37": 0
"p38": 0
"p39": 0
"p40": 0.00022203781793275258
"p41": 4.892358700213193E-05
"p42": 3.7633528463178407E-06
"p43": 0
"p44": 0.0004233771952107571
"p45": 0.00010349220327374062
"p46": 9.408382115794602E-06
"p47": 0
"p48": 0.000660468424528781
"p49": 0.00016746920166114393
"p50": 1.3171734962112442E-05
"p51": 0
"p52": 1.5053411385271363E-05
"p53": 5.645029269476761E-06
"p54": 0
"p55": 0
"p56": 7.150370408003898E-05
"p57": 1.6935087808430286E-05
"p58": 0
"p59": 0
"p60": 0.0002069844065474812
"p61": 4.327855773265517E-05
"p62": 1.8816764231589204E-06
