"p0": 0.0012381430864385696
"p1": 0.00041396881309496247
"p2": 7.150370408003898E-05
"p3": 1.1290058538953523E-05
"p4": 5.645029269476761E-06
"p5": 0
"p6": 0
"p7": 0
"p8": 0.00038198031390126086
"p9": 8.27937626189925E-05
"p10": 9.408382115794602E-06
"p11": 0
"p12": 0.0012644865563627944
"p13": 0.0002841331398969969
"p14": 1.1290058538953523E-05
"p15": 0
"p16": 0.0011741660880511661
"p17": 0.0003857436667475787
"p18": 6.585867481056221E-05
"p19": 1.1290058538953523E-05
"p20": 7.714873334951573E-05
"p21": 3.7633528463178407E-06
"p22": 0
"p23": 0
"p24": 0.0005155793399455442
"p25": 0.00011101890896637629
"p26": 9.408382115794602E-06
"p27": 0
"p28": 0.0019625885093547536
"p29": 0.00048359084075184255
"p30": 3.387017561686057E-05
"p31": 0
"p32": 0.0006679951302214167
"p33": 0.00016370584881482604
"p34": 7.5267056926356815E-06
"p35": 0
"p36": 0
"p37": 0
"p38": 0
"p39": 0
"p40": 7.714873334951574E-05
"p41": 5.645029269476761E-06
"p42": 0
"p43": 0
"p44": 0.00021827446508643471
"p45": 3.198849919370165E-05
"p46": 3.7633528463178407E-06
"p47": 0
"p48": 0.0003499918147075592
"p49": 7.33853805031979E-05
"p50": 1.8816764231589204E-06
"p51": 0
"p52": 3.7633528463178407E-06
"p53": 3.7633528463178407E-06
"p54": 0
"p55": 0
"p56": 2.8225146347383805E-05
"p57": 5.645029269476761E-06
"p58": 0
"p59": 0
"p60": 0.0001994577008548455
"p61": 4.139688130949625E-05
"p62": 3.7633528463178407E-06
