"p0": 1.5053411385271363E-05
"p1": 3.7633528463178407E-06
"p2": 0
"p3": 0
"p4": 0.0001674692016611439
"p5": 2.6343469924224887E-05
"p6": 1.8816764231589204E-06
"p7": 0
"p8": 1.8816764231589204E-06
"p9": 0
"p10": 0
"p11": 0
"p12": 1.8816764231589203E-05
"p13": 0
"p14": 0
"p15": 0
"p16": 1.6935087808430286E-05
"p17": 1.8816764231589204E-06
"p18": 0
"p19": 0
"p20": 0.0001938126715853688
"p21": 3.387017561686057E-05
"p22": 0
"p23": 0
"p24": 7.5267056926356815E-06
"p25": 0
"p26": 0
"p27": 0
"p28": 0.00010537387969689955
"p29": 2.4461793501065963E-05
"p30": 0
"p31": 0
"p32": 0.00025214464070329537
"p33": 6.021364554108545E-05
"p34": 5.645029269476761E-06
"p35": 0
"p36": 0.0013943222295607599
"p37": 0.0004327855773265517
"p38": 5.080526342529085E-05
"p39": 0
"p40": 1.8816764231589207E-05
"p41": 1.8816764231589204E-06
"p42": 0
"p43": 0
"p44": 0.00031047660982122185
"p45": 6.585867481056221E-05
"p46": 1.8816764231589204E-06
"p47": 0
"p48": 0.0003876253431707376
"p49": 0.00010349220327374062
"p50": 9.408382115794602E-06
"p51": 0
"p52": 0.0014752343157565936
"p53": 0.0004628924000970944
"p54": 6.774035123372113E-05
"p55": 0
"p56": 3.198849919370165E-05
"p57": 1.8816764231589204E-06
"p58": 0
"p59": 0
"p60": 0.0007263270993393431
"p61": 0.00017875926020009743
"p62": 1.6935087808430282E-05
