"p0": 0.0005739113090634706
"p1": 0.00017875926020009738
"p2": 2.0698440654748128E-05
"p3": 0
"p4": 0.00039703372528653215
"p5": 0.00012042729108217089
"p6": 2.2580117077907045E-05
"p7": 0
"p8": 0.0022994085891002007
"p9": 0.000852399419690991
"p10": 0.00016182417239166713
"p11": 7.5267056926356815E-06
"p12": 0.0030915943632501054
"p13": 0.001198627881552232
"p14": 0.00025967134639593104
"p15": 3.0106822770542726E-05
"p16": 0
"p17": 0
"p18": 0
"p19": 0
"p20": 7.5267056926356815E-06
"p21": 0
"p22": 0
"p23": 0
"p24": 0
"p25": 0
"p26": 0
"p27": 0
"p28": 7.5267056926356815E-06
"p29": 0
"p30": 0
"p31": 0
"p32": 0.00020886608297064017
"p33": 2.6343469924224887E-05
"p34": 0
"p35": 0
"p36": 0.0003217666683601754
"p37": 6.39769983874033E-05
"p38": 0
"p39": 0
"p40": 0.0032722352998733615
"p41": 0.0008919146245773281
"p42": 0.00012419064392848875
"p43": 7.5267056926356815E-06
"p44": 0.00505418287260486
"p45": 0.001492169403565024
"p46": 0.00023709122931802394
"p47": 3.0106822770542726E-05
"p48": 0.00022203781793275263
"p49": 5.2686939848449775E-05
"p50": 5.645029269476761E-06
"p51": 0
"p52": 0.00029354152201279153
"p53": 0.00011666393823585303
"p54": 1.1290058538953523E-05
"p55": 0
"p56": 0.0008241742733436072
"p57": 0.00015241579027587256
"p58": 1.1290058538953523E-05
"p59": 0
"p60": 0.001678455369457757
"p61": 0.00047982748790552463
"p62": 4.8923587002131926E-05
