"p0": 9.784717400426387E-05
"p1": 1.5053411385271363E-05
"p2": 0
"p3": 0
"p4": 0.0001505341138527136
"p5": 1.8816764231589203E-05
"p6": 0
"p7": 0
"p8": 2.8225146347383805E-05
"p9": 9.408382115794602E-06
"p10": 0
"p11": 0
"p12": 8.467543904215141E-05
"p13": 2.4461793501065963E-05
"p14": 0
"p15": 0
"p16": 0
"p17": 0
"p18": 0
"p19": 0
"p20": 1.1290058538953523E-05
"p21": 0
"p22": 0
"p23": 0
"p24": 0
"p25": 0
"p26": 0
"p27": 0
"p28": 0
"p29": 0
"p30": 0
"p31": 0
"p32": 0.00202092047847268
"p33": 0.000496762575713955
"p34": 5.456861627160868E-05
"p35": 3.76335284631784E-06
"p36": 0.0021996797386727783
"p37": 0.0005249877220613388
"p38": 6.39769983874033E-05
"p39": 3.76335284631784E-06
"p40": 0.001087608972585856
"p41": 0.000165587525237985
"p42": 9.408382115794602E-06
"p43": 0
"p44": 0.0006792851887603704
"p45": 9.220214473478709E-05
"p46": 3.7633528463178407E-06
"p47": 0
"p48": 0.00030106822770542725
"p49": 6.39769983874033E-05
"p50": 0
"p51": 0
"p52": 0.0005550945448318816
"p53": 8.843879188846926E-05
"p54": 3.7633528463178407E-06
"p55": 0
"p56": 9.596549758110495E-05
"p57": 0
"p58": 0
"p59": 0
"p60": 7.714873334951573E-05
"p61": 0
"p62": 0
