"p0": 0.0009521282701184136
"p1": 0.0002577896699727721
"p2": 3.0106822770542726E-05
"p3": 0
"p4": 0.0014206656994849847
"p5": 0.00046101072367393553
"p6": 7.526705692635681E-05
"p7": 1.1290058538953523E-05
"p8": 0.00024461793501065964
"p9": 3.575185204001949E-05
"p10": 0
"p11": 0
"p12": 0.0013962039059839187
"p13": 0.0003499918147075592
"p14": 2.6343469924224884E-05
"p15": 0
"p16": 0
"p17": 0
"p18": 0
"p19": 0
"p20": 9.408382115794602E-06
"p21": 0
"p22": 0
"p23": 0
"p24": 0
"p25": 0
"p26": 0
"p27": 0
"p28": 0
"p29": 0
"p30": 0
"p31": 0
"p32": 0.0007940674505730644
"p33": 0.0001749959073537796
"p34": 1.8816764231589203E-05
"p35": 0
"p36": 0.0017085621922282997
"p37": 0.0004572473708276176
"p38": 6.585867481056221E-05
"p39": 1.1290058538953523E-05
"p40": 0.000165587525237985
"p41": 3.010682277054273E-05
"p42": 0
"p43": 0
"p44": 0.0007018653058382773
"p45": 0.00014112573173691902
"p46": 7.5267056926356815E-06
"p47": 0
"p48": 0.00022956452362538827
"p49": 3.198849919370165E-05
"p50": 0
"p51": 0
"p52": 0.0006905752472993238
"p53": 0.00017123255450746176
"p54": 1.3171734962112442E-05
"p55": 0
"p56": 3.0106822770542726E-05
"p57": 1.8816764231589204E-06
"p58": 0
"p59": 0
"p60": 0.00024085458216434183
"p61": 4.8923587002131926E-05
"p62": 3.7633528463178407E-06
