"p0": 0.0007752506863414753
"p1": 0.00019757602443168666
"p2": 1.8816764231589203E-05
"p3": 0
"p4": 0.0014300740816007794
"p5": 0.00046853742936657115
"p6": 8.091208619583357E-05
"p7": 1.1290058538953523E-05
"p8": 0.00017123255450746176
"p9": 2.8225146347383808E-05
"p10": 0
"p11": 0
"p12": 0.0007865407448804288
"p13": 0.00017311423093062066
"p14": 3.7633528463178407E-06
"p15": 0
"p16": 0.0009521282701184136
"p17": 0.0002577896699727721
"p18": 3.0106822770542726E-05
"p19": 0
"p20": 0.0014131389937923492
"p21": 0.00046101072367393553
"p22": 7.526705692635681E-05
"p23": 1.1290058538953523E-05
"p24": 0.00024461793501065964
"p25": 3.575185204001949E-05
"p26": 0
"p27": 0
"p28": 0.001390558876714442
"p29": 0.0003499918147075592
"p30": 2.6343469924224884E-05
"p31": 0
"p32": 0.0002239194943559115
"p33": 2.6343469924224887E-05
"p34": 0
"p35": 0
"p36": 0.0007225637464930256
"p37": 0.00016558752523798497
"p38": 7.5267056926356815E-06
"p39": 0
"p40": 1.5053411385271363E-05
"p41": 1.8816764231589204E-06
"p42": 0
"p43": 0
"p44": 6.774035123372112E-05
"p45": 1.3171734962112444E-05
"p46": 3.7633528463178407E-06
"p47": 0
"p48": 8.843879188846925E-05
"p49": 1.5053411385271363E-05
"p50": 0
"p51": 0
"p52": 0.00034246510901492347
"p53": 7.714873334951574E-05
"p54": 1.8816764231589204E-06
"p55": 0
"p56": 9.408382115794602E-06
"p57": 1.8816764231589204E-06
"p58": 0
"p59": 0
"p60": 0.00014300740816007793
"p61": 3.0106822770542726E-05
"p62": 3.7633528463178407E-06
