"p0": 0.00029354152201279153
"p1": 0.00010537387969689952
"p2": 2.2580117077907045E-05
"p3": 0
"p4": 0.00010349220327374062
"p5": 1.5053411385271363E-05
"p6": 0
"p7": 0
"p8": 0.0026249386103066935
"p9": 0.0009653000050805262
"p10": 0.00019945770085484554
"p11": 3.0106822770542726E-05
"p12": 0.0031160561567511722
"p13": 0.001136532559587988
"p14": 0.00022203781793275258
"p15": 7.5267056926356815E-06
"p16": 7.5267056926356815E-06
"p17": 0
"p18": 0
"p19": 0
"p20": 0
"p21": 0
"p22": 0
"p23": 0
"p24": 7.5267056926356815E-06
"p25": 0
"p26": 0
"p27": 0
"p28": 0
"p29": 0
"p30": 0
"p31": 0
"p32": 0.0003161216390906986
"p33": 6.39769983874033E-05
"p34": 0
"p35": 0
"p36": 5.645029269476761E-06
"p37": 0
"p38": 0
"p39": 0
"p40": 0.005010904314872206
"p41": 0.0014601809043713221
"p42": 0.00022956452362538825
"p43": 3.0106822770542726E-05
"p44": 0.003148044655944873
"p45": 0.0008034758326888591
"p46": 0.00011666393823585305
"p47": 7.5267056926356815E-06
"p48": 0.0002897781691664738
"p49": 0.00011666393823585303
"p50": 1.1290058538953523E-05
"p51": 0
"p52": 3.7633528463178407E-06
"p53": 0
"p54": 0
"p55": 0
"p56": 0.0016332951353019425
"p57": 0.00038386199032441974
"p58": 2.6343469924224884E-05
"p59": 0
"p60": 0.0010010518571205455
"p61": 0.000259671346395931
"p62": 3.387017561686057E-05
