"p0": 0.0001298356731979655
"p1": 1.8816764231589203E-05
"p2": 0
"p3": 0
"p4": 0
"p5": 0
"p6": 0
"p7": 0
"p8": 0.0011384142360111467
"p9": 0.0003688085789391484
"p10": 5.080526342529085E-05
"p11": 0
"p12": 0.0002709614049348845
"p13": 5.456861627160869E-05
"p14": 5.645029269476761E-06
"p15": 0
"p16": 0.0003443467854380824
"p17": 7.526705692635683E-05
"p18": 5.645029269476761E-06
"p19": 0
"p20": 3.575185204001949E-05
"p21": 3.7633528463178407E-06
"p22": 0
"p23": 0
"p24": 0.0012437881157080462
"p25": 0.0004045604309791679
"p26": 6.585867481056221E-05
"p27": 0
"p28": 0.0006811668651835294
"p29": 0.00015806081954534927
"p30": 1.8816764231589203E-05
"p31": 0
"p32": 2.0698440654748124E-05
"p33": 5.645029269476761E-06
"p34": 0
"p35": 0
"p36": 0
"p37": 0
"p38": 0
"p39": 0
"p40": 0.0006322432781813972
"p41": 0.00016935087808430283
"p42": 1.8816764231589204E-06
"p43": 0
"p44": 1.5053411385271363E-05
"p45": 1.8816764231589204E-06
"p46": 0
"p47": 0
"p48": 0.00012419064392848873
"p49": 3.575185204001949E-05
"p50": 0
"p51": 0
"p52": 0
"p53": 0
"p54": 0
"p55": 0
"p56": 0.0005099343106760674
"p57": 0.00011666393823585305
"p58": 1.8816764231589204E-06
"p59": 0
"p60": 5.2686939848449775E-05
"p61": 9.408382115794602E-06
"p62": 0
