"p0": 1.3171734962112444E-05
"p1": 1.8816764231589204E-06
"p2": 0
"p3": 0
"p4": 0.0001298356731979655
"p5": 1.8816764231589203E-05
"p6": 0
"p7": 0
"p8": 0.0002483812878569775
"p9": 6.209532196424436E-05
"p10": 5.645029269476761E-06
"p11": 0
"p12": 0.0012362614100154107
"p13": 0.0003932703724402144
"p14": 5.080526342529085E-05
"p15": 0
"p16": 7.903040977267466E-05
"p17": 1.5053411385271363E-05
"p18": 1.8816764231589204E-06
"p19": 0
"p20": 0.00038009863747810193
"p21": 7.903040977267466E-05
"p22": 5.645029269476761E-06
"p23": 0
"p24": 0.00038574366674757867
"p25": 0.0001016105268505817
"p26": 9.408382115794602E-06
"p27": 0
"p28": 0.0015749631661840162
"p29": 0.000496762575713955
"p30": 7.338538050319788E-05
"p31": 0
"p32": 0
"p33": 0
"p34": 0
"p35": 0
"p36": 2.0698440654748124E-05
"p37": 5.645029269476761E-06
"p38": 0
"p39": 0
"p40": 3.387017561686057E-05
"p41": 3.7633528463178407E-06
"p42": 0
"p43": 0
"p44": 0.0006303616017582383
"p45": 0.00016935087808430283
"p46": 1.8816764231589204E-06
"p47": 0
"p48": 7.5267056926356815E-06
"p49": 0
"p50": 0
"p51": 0
"p52": 0.00012419064392848873
"p53": 3.575185204001949E-05
"p54": 0
"p55": 0
"p56": 3.0106822770542726E-05
"p57": 5.645029269476761E-06
"p58": 0
"p59": 0
"p60": 0.0005268693984844977
"p61": 0.00012230896750532982
"p62": 1.8816764231589204E-06
