"p0": 0.0020698440654748117
"p1": 0.0006755218359140525
"p2": 0.00011666393823585305
"p3": 7.5267056926356815E-06
"p4": 0.0027829994298520433
"p5": 0.001016105268505817
"p6": 0.00019945770085484554
"p7": 3.0106822770542726E-05
"p8": 0.0006811668651835293
"p9": 0.00018064093662325636
"p10": 2.2580117077907045E-05
"p11": 0
"p12": 0.001669046987341962
"p13": 0.00042149551878759814
"p14": 4.516023415581409E-05
"p15": 0
"p16": 0.001761249132076749
"p17": 0.0006811668651835293
"p18": 0.00014300740816007796
"p19": 7.5267056926356815E-06
"p20": 0.0018308711597336295
"p21": 0.000777132362764634
"p22": 0.00018440428946957417
"p23": 3.0106822770542726E-05
"p24": 0.0007733690099183163
"p25": 0.0002408545821643418
"p26": 3.0106822770542726E-05
"p27": 0
"p28": 0.00210747759393799
"p29": 0.000709392011530913
"p30": 0.00010913723254321738
"p31": 0
"p32": 0.0011497042945501003
"p33": 0.00023709122931802394
"p34": 7.5267056926356815E-06
"p35": 0
"p36": 0.0021695729159022354
"p37": 0.000636006631027715
"p38": 5.645029269476761E-05
"p39": 0
"p40": 0.00016746920166114387
"p41": 2.2580117077907045E-05
"p42": 0
"p43": 0
"p44": 0.0002897781691664738
"p45": 4.8923587002131926E-05
"p46": 7.5267056926356815E-06
"p47": 0
"p48": 0.0004610107236739355
"p49": 6.021364554108546E-05
"p50": 0
"p51": 0
"p52": 0.0009408382115794601
"p53": 0.00022203781793275258
"p54": 1.5053411385271363E-05
"p55": 0
"p56": 4.1396881309496255E-05
"p57": 1.1290058538953523E-05
"p58": 0
"p59": 0
"p60": 0.0002464996114338186
"p61": 5.080526342529086E-05
"p62": 7.5267056926356815E-06
