"p0": 9.972885042742277E-05
"p1": 1.5053411385271363E-05
"p2": 0
"p3": 0
"p4": 0.0002559079935496132
"p5": 2.258011707790705E-05
"p6": 0
"p7": 0
"p8": 1.5053411385271363E-05
"p9": 0
"p10": 0
"p11": 0
"p12": 0.0001956943480085277
"p13": 5.2686939848449775E-05
"p14": 7.5267056926356815E-06
"p15": 0
"p16": 0
"p17": 0
"p18": 0
"p19": 0
"p20": 2.2580117077907045E-05
"p21": 0
"p22": 0
"p23": 0
"p24": 0
"p25": 0
"p26": 0
"p27": 0
"p28": 0
"p29": 0
"p30": 0
"p31": 0
"p32": 0.004265760451301274
"p33": 0.0014112573173691906
"p34": 0.0002559079935496132
"p35": 1.5053411385271363E-05
"p36": 0.006098513287458062
"p37": 0.0020265655077421575
"p38": 0.0004064421074023268
"p39": 6.021364554108545E-05
"p40": 0.001454535875101845
"p41": 0.0004102054602486447
"p42": 5.268693984844977E-05
"p43": 0
"p44": 0.0037501811113557285
"p45": 0.001083845619739538
"p46": 0.0001542974666990315
"p47": 0
"p48": 0.00044972066513498195
"p49": 9.784717400426387E-05
"p50": 1.1290058538953523E-05
"p51": 0
"p52": 0.0011967462051290735
"p53": 0.0003330567268991289
"p54": 2.6343469924224884E-05
"p55": 0
"p56": 0.00013171734962112442
"p57": 2.2580117077907045E-05
"p58": 0
"p59": 0
"p60": 0.00022580117077907044
"p61": 3.575185204001949E-05
"p62": 0
