"p0": 0.000353755167553877
"p1": 0.00010161052685058171
"p2": 1.1290058538953523E-05
"p3": 0
"p4": 9.408382115794602E-06
"p5": 0
"p6": 0
"p7": 0
"p8": 0.0034792197064208437
"p9": 0.0011346508831648289
"p10": 0.0002069844065474812
"p11": 3.0106822770542726E-05
"p12": 0.0028657931924710354
"p13": 0.0008599261253836266
"p14": 0.00014300740816007796
"p15": 7.5267056926356815E-06
"p16": 0.000308594933398063
"p17": 0.00010537387969689952
"p18": 2.2580117077907045E-05
"p19": 0
"p20": 0.00010349220327374062
"p21": 1.5053411385271363E-05
"p22": 0
"p23": 0
"p24": 0.00259671346395931
"p25": 0.0009653000050805262
"p26": 0.00019945770085484554
"p27": 3.0106822770542726E-05
"p28": 0.0031875598608312114
"p29": 0.0011478226181269413
"p30": 0.00022203781793275258
"p31": 7.5267056926356815E-06
"p32": 6.0213645541085445E-05
"p33": 2.6343469924224887E-05
"p34": 0
"p35": 0
"p36": 0
"p37": 0
"p38": 0
"p39": 0
"p40": 0.0024141908509128945
"p41": 0.0006510600424129863
"p42": 5.645029269476761E-05
"p43": 0
"p44": 0.0011120707660869217
"p45": 0.0002220378179327526
"p46": 7.5267056926356815E-06
"p47": 0
"p48": 0.00019193099516220984
"p49": 6.397699838740328E-05
"p50": 0
"p51": 0
"p52": 0
"p53": 0
"p54": 0
"p55": 0
"p56": 0.0011007807075479683
"p57": 0.00022580117077907044
"p58": 1.5053411385271363E-05
"p59": 0
"p60": 0.00039327037244021434
"p61": 5.6450292694767617E-05
"p62": 0
