"p0": 0.0008862695953078515
"p1": 0.00022768284720222934
"p2": 2.0698440654748124E-05
"p3": 1.8816764231589204E-06
"p4": 0
"p5": 0
"p6": 0
"p7": 0
"p8": 0.0002860148163201559
"p9": 6.209532196424438E-05
"p10": 1.8816764231589204E-06
"p11": 0
"p12": 0.00021639278866327584
"p13": 2.8225146347383805E-05
"p14": 0
"p15": 0
"p16": 0.0004798274879055246
"p17": 0.000118545614659012
"p18": 1.5053411385271363E-05
"p19": 0
"p20": 6.774035123372114E-05
"p21": 0
"p22": 0
"p23": 0
"p24": 0.0002464996114338186
"p25": 6.962202765688005E-05
"p26": 1.3171734962112442E-05
"p27": 0
"p28": 0.0004158504895181214
"p29": 0.0001298356731979655
"p30": 1.8816764231589203E-05
"p31": 0
"p32": 0.0033230405632986536
"p33": 0.001089490649009015
"p34": 0.00018252261304641527
"p35": 1.3171734962112444E-05
"p36": 9.408382115794602E-06
"p37": 0
"p38": 0
"p39": 0
"p40": 0.001430074081600779
"p41": 0.0005231060456381799
"p42": 9.596549758110493E-05
"p43": 3.7633528463178407E-06
"p44": 0.002167691239479076
"p45": 0.0005475678391392459
"p46": 9.032046831162817E-05
"p47": 5.645029269476761E-06
"p48": 0.002973048748591094
"p49": 0.0011195974717795576
"p50": 0.00022203781793275258
"p51": 1.5053411385271365E-05
"p52": 7.714873334951573E-05
"p53": 1.5053411385271363E-05
"p54": 0
"p55": 0
"p56": 0.0016201234003398303
"p57": 0.0006209532196424437
"p58": 0.0001373623788906012
"p59": 3.7633528463178407E-06
"p60": 0.002863911516047877
"p61": 0.0010255136506216117
"p62": 0.00015241579027587253
