"p0": 1.8816764231589204E-06
"p1": 0
"p2": 0
"p3": 0
"p4": 1.3171734962112444E-05
"p5": 0
"p6": 0
"p7": 0
"p8": 9.784717400426388E-05
"p9": 5.645029269476761E-06
"p10": 0
"p11": 0
"p12": 0.00019004931873905096
"p13": 3.9515204886337324E-05
"p14": 0
"p15": 0
"p16": 6.774035123372113E-05
"p17": 1.8816764231589204E-06
"p18": 0
"p19": 0
"p20": 3.0106822770542726E-05
"p21": 0
"p22": 0
"p23": 0
"p24": 0.0001561791431221904
"p25": 9.408382115794602E-06
"p26": 0
"p27": 0
"p28": 0.0002897781691664738
"p29": 4.516023415581409E-05
"p30": 0
"p31": 0
"p32": 0
"p33": 0
"p34": 0
"p35": 0
"p36": 0
"p37": 0
"p38": 0
"p39": 0
"p40": 7.5267056926356815E-06
"p41": 0
"p42": 0
"p43": 0
"p44": 9.220214473478709E-05
"p45": 0
"p46": 0
"p47": 0
"p48": 3.7633528463178407E-06
"p49": 0
"p50": 0
"p51": 0
"p52": 1.1290058538953523E-05
"p53": 7.5267056926356815E-06
"p54": 0
"p55": 0
"p56": 1.8816764231589204E-06
"p57": 0
"p58": 0
"p59": 0
"p60": 7.714873334951573E-05
"p61": 0
"p62": 0
