"p0": 0
"p1": 0
"p2": 0
"p3": 0
"p4": 1.8816764231589204E-06
"p5": 0
"p6": 0
"p7": 0
"p8": 1.6935087808430282E-05
"p9": 3.7633528463178407E-06
"p10": 0
"p11": 0
"p12": 0.0001674692016611439
"p13": 2.6343469924224887E-05
"p14": 1.8816764231589204E-06
"p15": 0
"p16": 1.8816764231589204E-06
"p17": 0
"p18": 0
"p19": 0
"p20": 8.655711546531035E-05
"p21": 1.3171734962112444E-05
"p22": 0
"p23": 0
"p24": 2.4461793501065966E-05
"p25": 1.8816764231589204E-06
"p26": 0
"p27": 0
"p28": 0.0001768775837769385
"p29": 3.387017561686057E-05
"p30": 0
"p31": 0
"p32": 1.3171734962112444E-05
"p33": 1.8816764231589204E-06
"p34": 0
"p35": 0
"p36": 0.00013359902604428333
"p37": 1.8816764231589203E-05
"p38": 0
"p39": 0
"p40": 0.0002653163756654078
"p41": 6.209532196424436E-05
"p42": 5.645029269476761E-06
"p43": 0
"p44": 0.0015034594621039772
"p45": 0.00045724737082761767
"p46": 5.080526342529085E-05
"p47": 0
"p48": 7.903040977267466E-05
"p49": 1.5053411385271363E-05
"p50": 1.8816764231589204E-06
"p51": 0
"p52": 0.00037633528463178407
"p53": 7.903040977267466E-05
"p54": 5.645029269476761E-06
"p55": 0
"p56": 0.0004026787545560089
"p57": 0.00010537387969689954
"p58": 9.408382115794602E-06
"p59": 0
"p60": 0.0017725391906157028
"p61": 0.000545686162716087
"p62": 7.526705692635681E-05
