"p0": 0.001761249132076749
"p1": 0.0006811668651835293
"p2": 0.00014300740816007796
"p3": 7.5267056926356815E-06
"p4": 0.0018722680410431256
"p5": 0.000777132362764634
"p6": 0.00018440428946957417
"p7": 3.0106822770542726E-05
"p8": 0.0007733690099183163
"p9": 0.0002408545821643418
"p10": 3.0106822770542726E-05
"p11": 0
"p12": 0.00212441268174642
"p13": 0.0007131553643772309
"p14": 0.00010913723254321738
"p15": 0
"p16": 0
"p17": 0
"p18": 0
"p19": 0
"p20": 1.1290058538953523E-05
"p21": 0
"p22": 0
"p23": 0
"p24": 0
"p25": 0
"p26": 0
"p27": 0
"p28": 0
"p29": 0
"p30": 0
"p31": 0
"p32": 0.0027510109306583407
"p33": 0.0007752506863414752
"p34": 0.00011290058538953522
"p35": 7.5267056926356815E-06
"p36": 0.00429022224480234
"p37": 0.0013548070246744226
"p38": 0.00022203781793275258
"p39": 3.0106822770542726E-05
"p40": 0.0007018653058382774
"p41": 0.00018064093662325633
"p42": 2.2580117077907045E-05
"p43": 0
"p44": 0.001650230223110373
"p45": 0.0003838619903244198
"p46": 5.2686939848449775E-05
"p47": 0
"p48": 0.0007470255399940914
"p49": 0.00013548070246744229
"p50": 1.1290058538953523E-05
"p51": 0
"p52": 0.0013096467905186085
"p53": 0.0003518734911307181
"p54": 2.6343469924224884E-05
"p55": 0
"p56": 0.00015053411385271363
"p57": 3.387017561686057E-05
"p58": 0
"p59": 0
"p60": 0.0004214955187875982
"p61": 8.279376261899248E-05
"p62": 7.5267056926356815E-06
