"p0": 0.0009351931823099835
"p1": 0.0003104766098212218
"p2": 4.7041910578973015E-05
"p3": 0
"p4": 3.7633528463178407E-06
"p5": 0
"p6": 0
"p7": 0
"p8": 0.0002088660829706402
"p9": 5.8331969117926534E-05
"p10": 3.7633528463178407E-06
"p11": 0
"p12": 0.00045724737082761767
"p13": 9.596549758110493E-05
"p14": 7.5267056926356815E-06
"p15": 0
"p16": 0.0009784717400426386
"p17": 0.00033870175616860566
"p18": 6.209532196424438E-05
"p19": 0
"p20": 6.962202765688005E-05
"p21": 9.408382115794602E-06
"p22": 0
"p23": 0
"p24": 0.00028225146347383805
"p25": 6.585867481056221E-05
"p26": 3.7633528463178407E-06
"p27": 0
"p28": 0.000967181681503685
"p29": 0.00023144620004854715
"p30": 2.6343469924224887E-05
"p31": 0
"p32": 0.0005513311919855636
"p33": 0.0001580608195453493
"p34": 1.8816764231589204E-06
"p35": 0
"p36": 0
"p37": 0
"p38": 0
"p39": 0
"p40": 8.091208619583357E-05
"p41": 1.1290058538953523E-05
"p42": 0
"p43": 0
"p44": 5.456861627160869E-05
"p45": 1.6935087808430286E-05
"p46": 1.8816764231589204E-06
"p47": 0
"p48": 0.0004666557529434123
"p49": 0.00010537387969689955
"p50": 1.8816764231589204E-06
"p51": 0
"p52": 1.5053411385271363E-05
"p53": 5.645029269476761E-06
"p54": 0
"p55": 0
"p56": 4.8923587002131926E-05
"p57": 1.1290058538953523E-05
"p58": 0
"p59": 0
"p60": 0.0001580608195453493
"p61": 3.7633528463178407E-05
"p62": 1.8816764231589204E-06
