"p0": 0.00099352515142791
"p1": 0.00025967134639593104
"p2": 2.8225146347383808E-05
"p3": 1.8816764231589204E-06
"p4": 0
"p5": 0
"p6": 0
"p7": 0
"p8": 0.0011384142360111467
"p9": 0.00025402631712645424
"p10": 2.6343469924224887E-05
"p11": 1.8816764231589204E-06
"p12": 0.000378216961054943
"p13": 6.774035123372114E-05
"p14": 0
"p15": 0
"p16": 0.00085428109611415
"p17": 0.0002446179350106596
"p18": 2.8225146347383808E-05
"p19": 1.8816764231589204E-06
"p20": 5.645029269476761E-06
"p21": 0
"p22": 0
"p23": 0
"p24": 0.0014620625807944812
"p25": 0.0002973048748591094
"p26": 3.575185204001949E-05
"p27": 1.8816764231589204E-06
"p28": 0.0006171898667961258
"p29": 9.596549758110495E-05
"p30": 3.7633528463178407E-06
"p31": 0
"p32": 0.0007075103351077539
"p33": 0.0001016105268505817
"p34": 7.5267056926356815E-06
"p35": 0
"p36": 0
"p37": 0
"p38": 0
"p39": 0
"p40": 0.00038762534317073754
"p41": 7.33853805031979E-05
"p42": 1.8816764231589204E-06
"p43": 0
"p44": 0.00011101890896637632
"p45": 9.408382115794602E-06
"p46": 0
"p47": 0
"p48": 0.000494880899290796
"p49": 6.209532196424438E-05
"p50": 3.7633528463178407E-06
"p51": 0
"p52": 0
"p53": 0
"p54": 0
"p55": 0
"p56": 0.0001900493187390509
"p57": 3.9515204886337324E-05
"p58": 0
"p59": 0
"p60": 0.0001392440553137601
"p61": 1.6935087808430282E-05
"p62": 0
