"p0": 9.784717400426387E-05
"p1": 1.5053411385271363E-05
"p2": 0
"p3": 0
"p4": 0
"p5": 0
"p6": 0
"p7": 0
"p8": 0.00015994249596850823
"p9": 2.8225146347383805E-05
"p10": 0
"p11": 0
"p12": 1.5053411385271363E-05
"p13": 0
"p14": 0
"p15": 0
"p16": 0
"p17": 0
"p18": 0
"p19": 0
"p20": 0
"p21": 0
"p22": 0
"p23": 0
"p24": 5.645029269476761E-06
"p25": 0
"p26": 0
"p27": 0
"p28": 0
"p29": 0
"p30": 0
"p31": 0
"p32": 0.0005306327513308157
"p33": 0.00011290058538953523
"p34": 1.1290058538953523E-05
"p35": 0
"p36": 7.714873334951574E-05
"p37": 3.7633528463178407E-06
"p38": 0
"p39": 0
"p40": 0.0033136321811828586
"p41": 0.0009032046831162818
"p42": 0.00014112573173691902
"p43": 2.2580117077907045E-05
"p44": 0.002425480909451848
"p45": 0.0004911175464444782
"p46": 2.6343469924224884E-05
"p47": 0
"p48": 0.00012042729108217092
"p49": 2.2580117077907045E-05
"p50": 0
"p51": 0
"p52": 0
"p53": 0
"p54": 0
"p55": 0
"p56": 0.0005701479562171528
"p57": 0.0001392440553137601
"p58": 1.3171734962112442E-05
"p59": 0
"p60": 0.0003180033155138575
"p61": 5.456861627160869E-05
"p62": 0
