"p0": 0.0009351931823099835
"p1": 0.00031047660982122185
"p2": 4.704191057897301E-05
"p3": 0
"p4": 0.0009784717400426386
"p5": 0.00033870175616860566
"p6": 6.209532196424438E-05
"p7": 0
"p8": 0.0005513311919855637
"p9": 0.00015806081954534932
"p10": 1.8816764231589204E-06
"p11": 0
"p12": 0.0004666557529434123
"p13": 0.00010537387969689955
"p14": 1.8816764231589204E-06
"p15": 0
"p16": 3.7633528463178407E-06
"p17": 0
"p18": 0
"p19": 0
"p20": 6.962202765688005E-05
"p21": 9.408382115794602E-06
"p22": 0
"p23": 0
"p24": 0
"p25": 0
"p26": 0
"p27": 0
"p28": 1.5053411385271363E-05
"p29": 5.645029269476761E-06
"p30": 0
"p31": 0
"p32": 0.0002088660829706402
"p33": 5.8331969117926534E-05
"p34": 3.7633528463178407E-06
"p35": 0
"p36": 0.00028225146347383805
"p37": 6.585867481056221E-05
"p38": 3.7633528463178407E-06
"p39": 0
"p40": 8.091208619583357E-05
"p41": 1.1290058538953523E-05
"p42": 0
"p43": 0
"p44": 4.8923587002131926E-05
"p45": 1.1290058538953523E-05
"p46": 0
"p47": 0
"p48": 0.00045724737082761767
"p49": 9.596549758110493E-05
"p50": 7.5267056926356815E-06
"p51": 0
"p52": 0.000967181681503685
"p53": 0.0002314462000485472
"p54": 2.6343469924224887E-05
"p55": 0
"p56": 5.456861627160869E-05
"p57": 1.6935087808430286E-05
"p58": 1.8816764231589204E-06
"p59": 0
"p60": 0.0001580608195453493
"p61": 3.7633528463178407E-05
"p62": 1.8816764231589204E-06
