"p0": 0.0001279539967748066
"p1": 2.0698440654748128E-05
"p2": 1.8816764231589204E-06
"p3": 0
"p4": 0
"p5": 0
"p6": 0
"p7": 0
"p8": 0.002434889291567643
"p9": 0.0008542810961141498
"p10": 0.00015053411385271363
"p11": 1.1290058538953523E-05
"p12": 0.0003499918147075592
"p13": 6.209532196424436E-05
"p14": 1.8816764231589204E-06
"p15": 0
"p16": 0.00073197212860882
"p17": 0.00017499590735377962
"p18": 2.6343469924224884E-05
"p19": 0
"p20": 5.080526342529085E-05
"p21": 5.645029269476761E-06
"p22": 0
"p23": 0
"p24": 0.006802260269719498
"p25": 0.0025816600525740384
"p26": 0.0005362777806002922
"p27": 3.575185204001948E-05
"p28": 0.001821462777617835
"p29": 0.0005061709578297496
"p30": 6.585867481056222E-05
"p31": 1.8816764231589204E-06
"p32": 3.010682277054273E-05
"p33": 3.7633528463178407E-06
"p34": 0
"p35": 0
"p36": 0
"p37": 0
"p38": 0
"p39": 0
"p40": 0.0005099343106760674
"p41": 0.00016558752523798502
"p42": 3.198849919370165E-05
"p43": 0
"p44": 6.585867481056221E-05
"p45": 1.8816764231589204E-06
"p46": 0
"p47": 0
"p48": 0.00031988499193701646
"p49": 0.00011854561465901196
"p50": 1.8816764231589203E-05
"p51": 0
"p52": 0
"p53": 0
"p54": 0
"p55": 0
"p56": 0.00242171755660553
"p57": 0.0008147658912278125
"p58": 0.00010537387969689955
"p59": 0
"p60": 0.0001674692016611439
"p61": 3.198849919370165E-05
"p62": 0
