"p0": 0.0015787265190303336
"p1": 0.0006322432781813974
"p2": 0.00014488908458323686
"p3": 1.8816764231589203E-05
"p4": 0.00013548070246744226
"p5": 3.3870175616860565E-05
"p6": 0
"p7": 0
"p8": 0.0009803534164657978
"p9": 0.00028225146347383805
"p10": 5.456861627160869E-05
"p11": 5.645029269476761E-06
"p12": 0.0014545358751018454
"p13": 0.0005513311919855636
"p14": 0.00012419064392848875
"p15": 1.8816764231589203E-05
"p16": 0.000259671346395931
"p17": 6.397699838740328E-05
"p18": 5.645029269476761E-06
"p19": 0
"p20": 0
"p21": 0
"p22": 0
"p23": 0
"p24": 1.3171734962112444E-05
"p25": 0
"p26": 0
"p27": 0
"p28": 2.6343469924224887E-05
"p29": 0
"p30": 0
"p31": 0
"p32": 0.015448563434134737
"p33": 0.007534232398328318
"p34": 0.0022730651191759763
"p35": 0.00040644210740232686
"p36": 0.0001844042894695742
"p37": 4.327855773265517E-05
"p38": 5.645029269476761E-06
"p39": 0
"p40": 0.018918374758439785
"p41": 0.008492005697716206
"p42": 0.002338923793986538
"p43": 0.0002954231984359505
"p44": 0.013856665180142294
"p45": 0.005157675075878601
"p46": 0.001040567062006883
"p47": 9.408382115794602E-05
"p48": 0.006160608609422306
"p49": 0.0025346181419950656
"p50": 0.0005682662797939941
"p51": 5.4568616271608685E-05
"p52": 1.1290058538953523E-05
"p53": 3.7633528463178407E-06
"p54": 0
"p55": 0
"p56": 0.0047041910578973
"p57": 0.0013755054653291708
"p58": 0.0001956943480085277
"p59": 1.8816764231589207E-05
"p60": 0.002777354400582566
"p61": 0.0009747083871963208
"p62": 0.00017123255450746176
