"p0": 0.0001768775837769385
"p1": 3.9515204886337324E-05
"p2": 0
"p3": 0
"p4": 0
"p5": 0
"p6": 0
"p7": 0
"p8": 0.0015542647255292683
"p9": 0.0005720296326403118
"p10": 8.655711546531035E-05
"p11": 5.645029269476761E-06
"p12": 0.00022203781793275258
"p13": 4.327855773265517E-05
"p14": 0
"p15": 0
"p16": 0.0010499754441226775
"p17": 0.00025967134639593104
"p18": 2.822514634738381E-05
"p19": 1.8816764231589204E-06
"p20": 0
"p21": 0
"p22": 0
"p23": 0
"p24": 0.0027472475778120235
"p25": 0.0009446015644257781
"p26": 0.0001674692016611439
"p27": 7.5267056926356815E-06
"p28": 0.0006247165724887615
"p29": 0.0001580608195453493
"p30": 2.2580117077907045E-05
"p31": 0
"p32": 0.0013096467905186083
"p33": 0.0004083237838254856
"p34": 7.33853805031979E-05
"p35": 1.1290058538953523E-05
"p36": 3.387017561686057E-05
"p37": 0
"p38": 0
"p39": 0
"p40": 0.011562901620311566
"p41": 0.004841553436787903
"p42": 0.001048093767699519
"p43": 8.467543904215141E-05
"p44": 0.005387239599503989
"p45": 0.001990813655702138
"p46": 0.00044972066513498195
"p47": 6.39769983874033E-05
"p48": 0.0025440265241108606
"p49": 0.0009013230066931227
"p50": 0.0001787592602000974
"p51": 1.8816764231589203E-05
"p52": 0.00041208713667180354
"p53": 9.408382115794603E-05
"p54": 1.1290058538953523E-05
"p55": 0
"p56": 0.01919874454549047
"p57": 0.008190937470010779
"p58": 0.0020773707711674483
"p59": 0.00025778966997277216
"p60": 0.010503517794073096
"p61": 0.004314684038303404
"p62": 0.0011026623839711276
