"p0": 0.0023690306167570806
"p1": 0.0008505177432678321
"p2": 0.00016370584881482604
"p3": 1.3171734962112444E-05
"p4": 0.0019287183337378933
"p5": 0.0008448727139983554
"p6": 0.00019004931873905094
"p7": 1.3171734962112444E-05
"p8": 0.0019512984508158002
"p9": 0.0005588578976781994
"p10": 3.951520488633733E-05
"p11": 1.8816764231589204E-06
"p12": 0.001601306636108241
"p13": 0.0003857436667475786
"p14": 3.5751852040019496E-05
"p15": 1.8816764231589204E-06
"p16": 9.408382115794602E-06
"p17": 0
"p18": 0
"p19": 0
"p20": 9.972885042742276E-05
"p21": 1.5053411385271363E-05
"p22": 0
"p23": 0
"p24": 0
"p25": 0
"p26": 0
"p27": 0
"p28": 2.4461793501065966E-05
"p29": 5.645029269476761E-06
"p30": 0
"p31": 0
"p32": 0.0010217502977752934
"p33": 0.0004158504895181214
"p34": 9.032046831162818E-05
"p35": 3.7633528463178407E-06
"p36": 0.001153467647396418
"p37": 0.0005080526342529085
"p38": 0.00012419064392848875
"p39": 3.7633528463178407E-06
"p40": 0.0006209532196424435
"p41": 0.0002051027301243223
"p42": 3.7633528463178407E-06
"p43": 0
"p44": 0.00043654893017286954
"p45": 0.00011478226181269415
"p46": 5.645029269476761E-06
"p47": 0
"p48": 0.0018986115109673504
"p49": 0.0005249877220613389
"p50": 8.467543904215141E-05
"p51": 5.645029269476761E-06
"p52": 0.0027058506965025276
"p53": 0.0010142235920826584
"p54": 0.00015241579027587256
"p55": 5.645029269476761E-06
"p56": 0.0007620789513793626
"p57": 0.00015994249596850823
"p58": 1.6935087808430286E-05
"p59": 0
"p60": 0.0008448727139983552
"p61": 0.00017311423093062066
"p62": 2.0698440654748124E-05
