"p0": 0.004105817955332765
"p1": 0.001701035486535664
"p2": 0.00039327037244021434
"p3": 5.4568616271608685E-05
"p4": 0.007773205304069502
"p5": 0.003422769413726076
"p6": 0.0009032046831162818
"p7": 0.00013548070246744229
"p8": 0.0015222762263355667
"p9": 0.00048359084075184255
"p10": 8.655711546531035E-05
"p11": 1.8816764231589204E-06
"p12": 0.005155793399455442
"p13": 0.0019117832459294632
"p14": 0.00036316354966967166
"p15": 2.8225146347383808E-05
"p16": 2.6343469924224884E-05
"p17": 5.645029269476761E-06
"p18": 0
"p19": 0
"p20": 0.0003518734911307181
"p21": 6.962202765688006E-05
"p22": 5.645029269476761E-06
"p23": 0
"p24": 0
"p25": 0
"p26": 0
"p27": 0
"p28": 6.585867481056221E-05
"p29": 1.6935087808430282E-05
"p30": 0
"p31": 0
"p32": 0.0016709286637651213
"p33": 0.0006153081903729669
"p34": 0.0001373623788906012
"p35": 1.5053411385271365E-05
"p36": 0.005221652074266005
"p37": 0.0019400083922768469
"p38": 0.00044031228301918735
"p39": 4.327855773265516E-05
"p40": 0.0005061709578297496
"p41": 0.00016370584881482606
"p42": 3.0106822770542722E-05
"p43": 1.8816764231589204E-06
"p44": 0.001367978759636535
"p45": 0.000427140548057075
"p46": 5.8331969117926534E-05
"p47": 1.8816764231589204E-06
"p48": 0.0029786937778605704
"p49": 0.0009803534164657976
"p50": 0.00017311423093062064
"p51": 3.198849919370165E-05
"p52": 0.008446845463560393
"p53": 0.0032872887112586338
"p54": 0.0007169187172235485
"p55": 8.46754390421514E-05
"p56": 0.0005136976635223853
"p57": 0.0001768775837769385
"p58": 4.516023415581409E-05
"p59": 3.7633528463178407E-06
"p60": 0.002365267263910763
"p61": 0.0007827773920341109
"p62": 0.0001110189089663763
