"p0": 0.0009521282701184135
"p1": 0.0002577896699727721
"p2": 3.0106822770542726E-05
"p3": 0
"p4": 0
"p5": 0
"p6": 0
"p7": 0
"p8": 0.0007940674505730643
"p9": 0.0001749959073537796
"p10": 1.8816764231589203E-05
"p11": 0
"p12": 0.00022956452362538827
"p13": 3.198849919370165E-05
"p14": 0
"p15": 0
"p16": 0.0014206656994849845
"p17": 0.00046101072367393553
"p18": 7.526705692635681E-05
"p19": 1.1290058538953523E-05
"p20": 9.408382115794602E-06
"p21": 0
"p22": 0
"p23": 0
"p24": 0.0017085621922282997
"p25": 0.00045724737082761767
"p26": 6.585867481056221E-05
"p27": 1.1290058538953523E-05
"p28": 0.0006905752472993237
"p29": 0.00017123255450746176
"p30": 1.3171734962112442E-05
"p31": 0
"p32": 0.00024461793501065964
"p33": 3.575185204001949E-05
"p34": 0
"p35": 0
"p36": 0
"p37": 0
"p38": 0
"p39": 0
"p40": 0.000165587525237985
"p41": 3.010682277054273E-05
"p42": 0
"p43": 0
"p44": 3.0106822770542726E-05
"p45": 1.8816764231589204E-06
"p46": 0
"p47": 0
"p48": 0.001396203905983919
"p49": 0.0003499918147075592
"p50": 2.6343469924224884E-05
"p51": 0
"p52": 0
"p53": 0
"p54": 0
"p55": 0
"p56": 0.0007018653058382773
"p57": 0.000141125731736919
"p58": 7.5267056926356815E-06
"p59": 0
"p60": 0.00024085458216434183
"p61": 4.8923587002131926E-05
"p62": 3.7633528463178407E-06
