"p0": 7.714873334951574E-05
"p1": 1.5053411385271363E-05
"p2": 1.8816764231589204E-06
"p3": 0
"p4": 0.00027284308135804345
"p5": 8.27937626189925E-05
"p6": 1.1290058538953523E-05
"p7": 0
"p8": 2.2580117077907045E-05
"p9": 5.645029269476761E-06
"p10": 0
"p11": 0
"p12": 7.33853805031979E-05
"p13": 1.1290058538953523E-05
"p14": 0
"p15": 0
"p16": 0.00035563684397703604
"p17": 5.833196911792653E-05
"p18": 0
"p19": 0
"p20": 0.0006849302180298469
"p21": 0.0001975760244316866
"p22": 2.0698440654748128E-05
"p23": 0
"p24": 8.655711546531033E-05
"p25": 3.575185204001948E-05
"p26": 5.645029269476761E-06
"p27": 0
"p28": 0.0003180033155138576
"p29": 9.032046831162817E-05
"p30": 9.408382115794602E-06
"p31": 0
"p32": 0.001302120084825973
"p33": 0.0004290222244802338
"p34": 7.903040977267465E-05
"p35": 5.645029269476761E-06
"p36": 0.0014545358751018457
"p37": 0.0005682662797939939
"p38": 9.972885042742277E-05
"p39": 5.645029269476761E-06
"p40": 0.0007413805107246145
"p41": 0.00015241579027587253
"p42": 1.3171734962112442E-05
"p43": 0
"p44": 0.000588964720448742
"p45": 9.784717400426388E-05
"p46": 1.5053411385271363E-05
"p47": 0
"p48": 0.003522498264153499
"p49": 0.0013152918197880852
"p50": 0.0002577896699727721
"p51": 1.6935087808430282E-05
"p52": 0.00350368149992191
"p53": 0.0015467380198366325
"p54": 0.00033493840332228785
"p55": 1.6935087808430282E-05
"p56": 0.002500747966378205
"p57": 0.0007394988343014557
"p58": 3.951520488633733E-05
"p59": 1.8816764231589204E-06
"p60": 0.0019418900687000057
"p61": 0.00047418245863604794
"p62": 3.5751852040019496E-05
