"p0": 9.972885042742277E-05
"p1": 1.5053411385271363E-05
"p2": 0
"p3": 0
"p4": 0
"p5": 0
"p6": 0
"p7": 0
"p8": 0.004265760451301273
"p9": 0.0014112573173691904
"p10": 0.0002559079935496132
"p11": 1.5053411385271363E-05
"p12": 0.00044972066513498195
"p13": 9.784717400426387E-05
"p14": 1.1290058538953523E-05
"p15": 0
"p16": 0.0002559079935496132
"p17": 2.2580117077907045E-05
"p18": 0
"p19": 0
"p20": 2.2580117077907045E-05
"p21": 0
"p22": 0
"p23": 0
"p24": 0.006098513287458062
"p25": 0.002026565507742157
"p26": 0.0004064421074023268
"p27": 6.021364554108545E-05
"p28": 0.0011967462051290735
"p29": 0.0003330567268991289
"p30": 2.6343469924224884E-05
"p31": 0
"p32": 1.5053411385271363E-05
"p33": 0
"p34": 0
"p35": 0
"p36": 0
"p37": 0
"p38": 0
"p39": 0
"p40": 0.001454535875101845
"p41": 0.0004102054602486447
"p42": 5.268693984844977E-05
"p43": 0
"p44": 0.00013171734962112442
"p45": 2.2580117077907045E-05
"p46": 0
"p47": 0
"p48": 0.0001956943480085277
"p49": 5.2686939848449775E-05
"p50": 7.5267056926356815E-06
"p51": 0
"p52": 0
"p53": 0
"p54": 0
"p55": 0
"p56": 0.0037501811113557285
"p57": 0.001083845619739538
"p58": 0.00015429746669903146
"p59": 0
"p60": 0.00022580117077907044
"p61": 3.575185204001949E-05
"p62": 0
