"p0": 0.0011854561465901197
"p1": 0.0003857436667475787
"p2": 6.585867481056221E-05
"p3": 1.1290058538953523E-05
"p4": 5.645029269476761E-06
"p5": 0
"p6": 0
"p7": 0
"p8": 0.001465825933640799
"p9": 0.00040079707813285
"p10": 5.645029269476761E-05
"p11": 1.1290058538953523E-05
"p12": 0.0006792851887603704
"p13": 0.0001674692016611439
"p14": 1.3171734962112442E-05
"p15": 0
"p16": 7.33853805031979E-05
"p17": 3.7633528463178407E-06
"p18": 0
"p19": 0
"p20": 3.7633528463178407E-06
"p21": 0
"p22": 0
"p23": 0
"p24": 5.645029269476761E-06
"p25": 0
"p26": 0
"p27": 0
"p28": 3.7633528463178407E-06
"p29": 3.7633528463178407E-06
"p30": 0
"p31": 0
"p32": 0.0005155793399455443
"p33": 0.00011101890896637629
"p34": 9.408382115794602E-06
"p35": 0
"p36": 0
"p37": 0
"p38": 0
"p39": 0
"p40": 0.0004309039009033928
"p41": 8.843879188846925E-05
"p42": 9.408382115794602E-06
"p43": 0
"p44": 7.150370408003898E-05
"p45": 5.645029269476761E-06
"p46": 0
"p47": 0
"p48": 0.0019682335386242305
"p49": 0.0004835908407518425
"p50": 3.387017561686057E-05
"p51": 0
"p52": 0
"p53": 0
"p54": 0
"p55": 0
"p56": 0.0012607232035164765
"p57": 0.0002502629642801364
"p58": 1.5053411385271363E-05
"p59": 0
"p60": 0.00033682007974544673
"p61": 6.585867481056221E-05
"p62": 3.7633528463178407E-06
