"p0": 0.0012381430864385696
"p1": 0.0004139688130949624
"p2": 7.150370408003896E-05
"p3": 1.1290058538953523E-05
"p4": 3.387017561686057E-05
"p5": 0
"p6": 0
"p7": 0
"p8": 0.008990649949853323
"p9": 0.0038630816967452635
"p10": 0.00087121618392258
"p11": 8.27937626189925E-05
"p12": 0.004632687353817262
"p13": 0.0017593674556535906
"p14": 0.00039515204886337327
"p15": 6.209532196424438E-05
"p16": 0.002653163756654078
"p17": 0.0009032046831162816
"p18": 0.00017499590735377957
"p19": 1.8816764231589203E-05
"p20": 0.00041208713667180354
"p21": 9.408382115794603E-05
"p22": 1.1290058538953523E-05
"p23": 0
"p24": 0.016391283322137358
"p25": 0.006926450913647985
"p26": 0.0018026460133862454
"p27": 0.00023709122931802403
"p28": 0.009965358337049642
"p29": 0.004036195927675884
"p30": 0.0010593838262384723
"p31": 0.00016746920166114393
"p32": 0.00024273625858750077
"p33": 7.338538050319791E-05
"p34": 2.2580117077907045E-05
"p35": 5.645029269476761E-06
"p36": 0
"p37": 0
"p38": 0
"p39": 0
"p40": 0.00423377195210757
"p41": 0.0017574857792304317
"p42": 0.0003481101382844002
"p43": 1.1290058538953523E-05
"p44": 0.0009916434750047508
"p45": 0.0003274116976296522
"p46": 8.279376261899248E-05
"p47": 1.8816764231589204E-06
"p48": 0.001112070766086922
"p49": 0.00041020546024864466
"p50": 8.655711546531035E-05
"p51": 7.5267056926356815E-06
"p52": 0
"p53": 0
"p54": 0
"p55": 0
"p56": 0.005846368646754767
"p57": 0.002171454592325394
"p58": 0.0003725719317854663
"p59": 1.8816764231589207E-05
"p60": 0.0012343797335922517
"p61": 0.0005005259285602729
"p62": 7.526705692635681E-05
