"p0": 0.00035375516755387705
"p1": 0.0001016105268505817
"p2": 1.1290058538953523E-05
"p3": 0
"p4": 3.7633528463178407E-06
"p5": 0
"p6": 0
"p7": 0
"p8": 0.0001975760244316866
"p9": 2.0698440654748124E-05
"p10": 0
"p11": 0
"p12": 0.0002464996114338185
"p13": 6.209532196424438E-05
"p14": 0
"p15": 0
"p16": 7.33853805031979E-05
"p17": 3.7633528463178407E-06
"p18": 0
"p19": 0
"p20": 0
"p21": 0
"p22": 0
"p23": 0
"p24": 3.7633528463178407E-06
"p25": 0
"p26": 0
"p27": 0
"p28": 0
"p29": 0
"p30": 0
"p31": 0
"p32": 0.0016031883125314002
"p33": 0.00047982748790552474
"p34": 7.526705692635681E-05
"p35": 1.1290058538953523E-05
"p36": 5.645029269476761E-06
"p37": 0
"p38": 0
"p39": 0
"p40": 0.001819581101194676
"p41": 0.00047041910578973014
"p42": 6.585867481056221E-05
"p43": 1.1290058538953523E-05
"p44": 0.0007300904521856612
"p45": 0.00017123255450746173
"p46": 1.3171734962112442E-05
"p47": 0
"p48": 0.0016427035174177377
"p49": 0.00035375516755387705
"p50": 1.8816764231589203E-05
"p51": 0
"p52": 0
"p53": 0
"p54": 0
"p55": 0
"p56": 0.0008448727139983552
"p57": 0.00014300740816007793
"p58": 7.5267056926356815E-06
"p59": 0
"p60": 0.00039891540170969113
"p61": 6.962202765688005E-05
"p62": 0
