"p0": 1.3171734962112444E-05
"p1": 0
"p2": 0
"p3": 0
"p4": 9.784717400426387E-05
"p5": 1.5053411385271363E-05
"p6": 0
"p7": 0
"p8": 0.00026719805208856665
"p9": 4.516023415581409E-05
"p10": 0
"p11": 0
"p12": 0.0003800986374781019
"p13": 0.0001016105268505817
"p14": 1.1290058538953523E-05
"p15": 0
"p16": 0
"p17": 0
"p18": 0
"p19": 0
"p20": 0
"p21": 0
"p22": 0
"p23": 0
"p24": 3.7633528463178407E-06
"p25": 0
"p26": 0
"p27": 0
"p28": 7.33853805031979E-05
"p29": 3.7633528463178407E-06
"p30": 0
"p31": 0
"p32": 0.0001542974666990315
"p33": 2.2580117077907045E-05
"p34": 1.8816764231589204E-06
"p35": 0
"p36": 0.00015994249596850825
"p37": 2.8225146347383805E-05
"p38": 0
"p39": 0
"p40": 0.0020435005955505873
"p41": 0.0005776746619097885
"p42": 8.655711546531033E-05
"p43": 1.1290058538953523E-05
"p44": 0.0017819475727314975
"p45": 0.0005249877220613388
"p46": 7.714873334951574E-05
"p47": 1.1290058538953523E-05
"p48": 5.645029269476761E-06
"p49": 0
"p50": 0
"p51": 0
"p52": 1.5053411385271363E-05
"p53": 0
"p54": 0
"p55": 0
"p56": 0.0010612655026616313
"p57": 0.00021074775939379907
"p58": 7.5267056926356815E-06
"p59": 0
"p60": 0.001746195720691478
"p61": 0.00036504522609283053
"p62": 1.8816764231589203E-05
