"p0": 0.0008862695953078512
"p1": 0.00022768284720222937
"p2": 2.0698440654748124E-05
"p3": 1.8816764231589204E-06
"p4": 0.00047982748790552474
"p5": 0.00011854561465901201
"p6": 1.5053411385271363E-05
"p7": 0
"p8": 0.0033230405632986544
"p9": 0.001089490649009015
"p10": 0.00018252261304641527
"p11": 1.3171734962112444E-05
"p12": 0.002973048748591094
"p13": 0.0011195974717795576
"p14": 0.0002220378179327526
"p15": 1.5053411385271365E-05
"p16": 0
"p17": 0
"p18": 0
"p19": 0
"p20": 6.774035123372114E-05
"p21": 0
"p22": 0
"p23": 0
"p24": 9.408382115794602E-06
"p25": 0
"p26": 0
"p27": 0
"p28": 7.714873334951573E-05
"p29": 1.5053411385271363E-05
"p30": 0
"p31": 0
"p32": 0.0002860148163201559
"p33": 6.209532196424438E-05
"p34": 1.8816764231589204E-06
"p35": 0
"p36": 0.0002464996114338186
"p37": 6.962202765688006E-05
"p38": 1.3171734962112442E-05
"p39": 0
"p40": 0.001430074081600779
"p41": 0.0005231060456381798
"p42": 9.596549758110493E-05
"p43": 3.7633528463178407E-06
"p44": 0.0016201234003398305
"p45": 0.0006209532196424437
"p46": 0.0001373623788906012
"p47": 3.7633528463178407E-06
"p48": 0.00021639278866327584
"p49": 2.8225146347383805E-05
"p50": 0
"p51": 0
"p52": 0.00041585048951812135
"p53": 0.0001298356731979655
"p54": 1.8816764231589203E-05
"p55": 0
"p56": 0.002167691239479076
"p57": 0.0005475678391392459
"p58": 9.032046831162817E-05
"p59": 5.645029269476761E-06
"p60": 0.0028639115160478765
"p61": 0.0010255136506216117
"p62": 0.00015241579027587256
