"p0": 1.6935087808430282E-05
"p1": 0
"p2": 0
"p3": 0
"p4": 0.00015053411385271363
"p5": 9.408382115794602E-06
"p6": 0
"p7": 0
"p8": 0.0009897617985815922
"p9": 0.00031423996266753966
"p10": 4.7041910578973015E-05
"p11": 0
"p12": 0.0027114957257720037
"p13": 0.0009314298294636656
"p14": 0.00016370584881482606
"p15": 1.3171734962112444E-05
"p16": 0.0002163927886632758
"p17": 5.6450292694767617E-05
"p18": 0
"p19": 0
"p20": 0.0011628760295122127
"p21": 0.0002935415220127916
"p22": 2.8225146347383805E-05
"p23": 1.8816764231589204E-06
"p24": 0.0013435169661354693
"p25": 0.0004083237838254857
"p26": 7.33853805031979E-05
"p27": 1.1290058538953523E-05
"p28": 0.0028714382217405127
"p29": 0.0009841167693121153
"p30": 0.0001900493187390509
"p31": 1.8816764231589203E-05
"p32": 0.0003895070195938966
"p33": 9.972885042742277E-05
"p34": 9.408382115794602E-06
"p35": 0
"p36": 0.001042448738430042
"p37": 0.0002690797285117256
"p38": 3.0106822770542726E-05
"p39": 0
"p40": 0.0063544212810076744
"p41": 0.002384084028142352
"p42": 0.0004892358700213193
"p43": 5.833196911792652E-05
"p44": 0.012200789927762442
"p45": 0.0047662863798615465
"p46": 0.001059383826238472
"p47": 0.0001373623788906012
"p48": 0.0014244290523313028
"p49": 0.0005419228098697691
"p50": 8.655711546531033E-05
"p51": 5.645029269476761E-06
"p52": 0.0021601645337864404
"p53": 0.0008128842148046537
"p54": 0.00015994249596850823
"p55": 7.5267056926356815E-06
"p56": 0.011101890896637632
"p57": 0.00486225187744265
"p58": 0.001110189089663763
"p59": 0.0001034922032737406
"p60": 0.017390453502834743
"p61": 0.008012178209810684
"p62": 0.0021451111224011694
