"p0": 2.2580117077907045E-05
"p1": 0
"p2": 0
"p3": 0
"p4": 0.00014300740816007796
"p5": 1.8816764231589203E-05
"p6": 0
"p7": 0
"p8": 0.00038762534317073754
"p9": 0.00010537387969689955
"p10": 1.1290058538953523E-05
"p11": 0
"p12": 0.00031235828624438073
"p13": 0.00011290058538953522
"p14": 2.2580117077907045E-05
"p15": 0
"p16": 0
"p17": 0
"p18": 0
"p19": 0
"p20": 0
"p21": 0
"p22": 0
"p23": 0
"p24": 9.408382115794602E-06
"p25": 0
"p26": 0
"p27": 0
"p28": 0.00010349220327374062
"p29": 1.5053411385271363E-05
"p30": 0
"p31": 0
"p32": 0.000660468424528781
"p33": 0.0001448890845832369
"p34": 1.5053411385271363E-05
"p35": 0
"p36": 0.0003161216390906986
"p37": 2.6343469924224887E-05
"p38": 0
"p39": 0
"p40": 0.005328907630386064
"p41": 0.0015918982539924464
"p42": 0.0002483812878569775
"p43": 3.0106822770542726E-05
"p44": 0.0034547579129197772
"p45": 0.001160994353089054
"p46": 0.00021451111224011693
"p47": 3.0106822770542726E-05
"p48": 5.833196911792654E-05
"p49": 1.1290058538953523E-05
"p50": 0
"p51": 0
"p52": 6.209532196424438E-05
"p53": 1.1290058538953523E-05
"p54": 0
"p55": 0
"p56": 0.0036899674658146427
"p57": 0.0010255136506216117
"p58": 0.0001505341138527136
"p59": 7.5267056926356815E-06
"p60": 0.0033004604462207464
"p61": 0.0011666393823585308
"p62": 0.00022203781793275258
