"p0": 0
"p1": 0
"p2": 0
"p3": 0
"p4": 1.1290058538953523E-05
"p5": 0
"p6": 0
"p7": 0
"p8": 7.714873334951574E-05
"p9": 1.5053411385271363E-05
"p10": 1.8816764231589204E-06
"p11": 0
"p12": 0.00027284308135804345
"p13": 8.27937626189925E-05
"p14": 1.1290058538953523E-05
"p15": 0
"p16": 7.903040977267466E-05
"p17": 1.8816764231589204E-06
"p18": 0
"p19": 0
"p20": 0.0003180033155138575
"p21": 3.7633528463178407E-05
"p22": 3.7633528463178407E-06
"p23": 0
"p24": 0.00035563684397703604
"p25": 6.021364554108545E-05
"p26": 0
"p27": 0
"p28": 0.0006491783659898275
"p29": 0.0001975760244316866
"p30": 2.0698440654748128E-05
"p31": 0
"p32": 0.0001674692016611439
"p33": 2.6343469924224887E-05
"p34": 1.8816764231589204E-06
"p35": 0
"p36": 0.0001580608195453493
"p37": 2.4461793501065966E-05
"p38": 1.8816764231589204E-06
"p39": 0
"p40": 0.0015975432832619233
"p41": 0.0004760641350592069
"p42": 8.46754390421514E-05
"p43": 5.645029269476761E-06
"p44": 0.0016652836344956442
"p45": 0.0005946097497182188
"p46": 0.00010161052685058169
"p47": 5.645029269476761E-06
"p48": 0.0011233608246258753
"p49": 0.0002784881106275202
"p50": 2.0698440654748124E-05
"p51": 1.8816764231589204E-06
"p52": 0.0006736401594908936
"p53": 0.00017687758377693853
"p54": 2.6343469924224884E-05
"p55": 0
"p56": 0.004882950318097399
"p57": 0.0016615202816493264
"p58": 0.00028225146347383805
"p59": 1.6935087808430282E-05
"p60": 0.004960099051446915
"p61": 0.0019268366573147338
"p62": 0.000378216961054943
