"p0": 0.006821077033951087
"p1": 0.0033249222397218124
"p2": 0.0009765900636194795
"p3": 0.00015241579027587258
"p4": 0.00018628596589273313
"p5": 4.1396881309496255E-05
"p6": 5.645029269476761E-06
"p7": 0
"p8": 0.007419450136515622
"p9": 0.00350179982349875
"p10": 0.0009389565351563011
"p11": 0.00010725555612005845
"p12": 0.0067100581249847115
"p13": 0.00273595751927307
"p14": 0.0005325144277539745
"p15": 3.010682277054273E-05
"p16": 0.00034434678543808245
"p17": 7.903040977267466E-05
"p18": 5.645029269476761E-06
"p19": 0
"p20": 8.467543904215143E-05
"p21": 1.6935087808430282E-05
"p22": 0
"p23": 0
"p24": 2.0698440654748124E-05
"p25": 1.8816764231589204E-06
"p26": 0
"p27": 0
"p28": 6.209532196424438E-05
"p29": 2.0698440654748124E-05
"p30": 0
"p31": 0
"p32": 0.007526705692635681
"p33": 0.0027528926070815004
"p34": 0.0005400411334466101
"p35": 3.763352846317841E-05
"p36": 1.3171734962112444E-05
"p37": 1.8816764231589204E-06
"p38": 0
"p39": 0
"p40": 0.004711717763589936
"p41": 0.001797000984116769
"p42": 0.0003688085789391484
"p43": 3.010682277054273E-05
"p44": 0.003492391441382956
"p45": 0.0010687922083542668
"p46": 0.0001279539967748066
"p47": 1.8816764231589204E-06
"p48": 0.011002162046210209
"p49": 0.004376779360267649
"p50": 0.0010405670620068832
"p51": 0.00014300740816007796
"p52": 7.714873334951574E-05
"p53": 1.5053411385271363E-05
"p54": 0
"p55": 0
"p56": 0.0058538953524474024
"p57": 0.0021865080037106652
"p58": 0.0005400411334466101
"p59": 6.962202765688005E-05
"p60": 0.004581882090391971
"p61": 0.0014921694035650234
"p62": 0.00023332787647170614
