"p0": 0.006168135315114941
"p1": 0.0027058506965025276
"p2": 0.0007018653058382772
"p3": 0.00010725555612005847
"p4": 0.008162712323663397
"p5": 0.004002325752059024
"p6": 0.0011609943530890541
"p7": 0.00017875926020009749
"p8": 0.0036184637617346035
"p9": 0.001304001761249132
"p10": 0.0002559079935496131
"p11": 1.1290058538953523E-05
"p12": 0.003371964150300785
"p13": 0.0010763189140469026
"p14": 0.0001749959073537796
"p15": 1.1290058538953523E-05
"p16": 0.008162712323663397
"p17": 0.004002325752059024
"p18": 0.001160994353089054
"p19": 0.00017875926020009746
"p20": 0.008117552089507582
"p21": 0.004369252654575013
"p22": 0.0014620625807944812
"p23": 0.00031800331551385763
"p24": 0.006811668651835294
"p25": 0.0028394497225468105
"p26": 0.0006585867481056222
"p27": 2.8225146347383808E-05
"p28": 0.005703361238594688
"p29": 0.0022542483549443863
"p30": 0.0004516023415581409
"p31": 3.198849919370165E-05
"p32": 0.003618463761734604
"p33": 0.001304001761249132
"p34": 0.0002559079935496131
"p35": 1.1290058538953523E-05
"p36": 0.006811668651835293
"p37": 0.0028394497225468105
"p38": 0.0006585867481056222
"p39": 2.8225146347383808E-05
"p40": 0.0011026623839711276
"p41": 0.0003236483447833343
"p42": 2.4461793501065963E-05
"p43": 1.8816764231589204E-06
"p44": 0.0006811668651835292
"p45": 0.00021451111224011696
"p46": 2.4461793501065966E-05
"p47": 1.8816764231589204E-06
"p48": 0.0033719641503007847
"p49": 0.0010763189140469026
"p50": 0.00017499590735377957
"p51": 1.1290058538953523E-05
"p52": 0.005703361238594689
"p53": 0.0022542483549443867
"p54": 0.0004516023415581409
"p55": 3.198849919370165E-05
"p56": 0.0006811668651835292
"p57": 0.00021451111224011696
"p58": 2.4461793501065966E-05
"p59": 1.8816764231589204E-06
"p60": 0.0012757766149017477
"p61": 0.0004854725171750014
"p62": 7.150370408003898E-05
