"p0": 0.0012833033205943837
"p1": 0.0005080526342529085
"p2": 8.655711546531035E-05
"p3": 5.645029269476761E-06
"p4": 0
"p5": 0
"p6": 0
"p7": 0
"p8": 0.00027096140493488457
"p9": 5.833196911792653E-05
"p10": 0
"p11": 0
"p12": 0.0005343961041771334
"p13": 0.0001448890845832369
"p14": 1.6935087808430286E-05
"p15": 0
"p16": 0.001979523597163184
"p17": 0.0007413805107246145
"p18": 0.0001486524374295547
"p19": 7.5267056926356815E-06
"p20": 0.0002201561415095937
"p21": 5.080526342529086E-05
"p22": 0
"p23": 0
"p24": 0.0007921857741499054
"p25": 0.00020886608297064014
"p26": 3.0106822770542726E-05
"p27": 0
"p28": 0.0015862532247229698
"p29": 0.0005701479562171529
"p30": 0.0001110189089663763
"p31": 1.3171734962112444E-05
"p32": 0.007361118167397696
"p33": 0.0033456206803765603
"p34": 0.0007997124798425412
"p35": 7.150370408003898E-05
"p36": 3.9515204886337324E-05
"p37": 5.645029269476761E-06
"p38": 0
"p39": 0
"p40": 0.004786984820516294
"p41": 0.001748077397114637
"p42": 0.0003029499041285862
"p43": 1.8816764231589203E-05
"p44": 0.006994191264881708
"p45": 0.002385965704565511
"p46": 0.0004892358700213193
"p47": 5.8331969117926534E-05
"p48": 0.010633353467271059
"p49": 0.005184018545802825
"p50": 0.0014771159921797526
"p51": 0.0002107477593937991
"p52": 0.00034434678543808245
"p53": 7.903040977267466E-05
"p54": 5.645029269476761E-06
"p55": 0
"p56": 0.009893854632969604
"p57": 0.00362410879100408
"p58": 0.0007131553643772308
"p59": 5.268693984844977E-05
"p60": 0.01296663223198812
"p61": 0.005229178779958641
"p62": 0.0012456697921312055
