"p0": 0.0001279539967748066
"p1": 2.0698440654748124E-05
"p2": 1.8816764231589204E-06
"p3": 0
"p4": 9.972885042742277E-05
"p5": 1.5053411385271363E-05
"p6": 0
"p7": 0
"p8": 0.0016615202816493268
"p9": 0.0005042892814065907
"p10": 7.714873334951573E-05
"p11": 1.1290058538953523E-05
"p12": 0.0013152918197880854
"p13": 0.00041773216594128033
"p14": 6.774035123372113E-05
"p15": 1.1290058538953523E-05
"p16": 0
"p17": 0
"p18": 0
"p19": 0
"p20": 1.1290058538953523E-05
"p21": 0
"p22": 0
"p23": 0
"p24": 5.645029269476761E-06
"p25": 0
"p26": 0
"p27": 0
"p28": 7.33853805031979E-05
"p29": 3.7633528463178407E-06
"p30": 0
"p31": 0
"p32": 2.634346992422489E-05
"p33": 1.8816764231589204E-06
"p34": 0
"p35": 0
"p36": 5.645029269476762E-05
"p37": 1.3171734962112442E-05
"p38": 0
"p39": 0
"p40": 0.00045724737082761767
"p41": 9.032046831162817E-05
"p42": 9.408382115794602E-06
"p43": 0
"p44": 0.0005588578976781994
"p45": 0.00012419064392848873
"p46": 9.408382115794602E-06
"p47": 0
"p48": 3.575185204001949E-05
"p49": 0
"p50": 0
"p51": 0
"p52": 0.00013924405531376012
"p53": 2.6343469924224884E-05
"p54": 0
"p55": 0
"p56": 0.0013962039059839187
"p57": 0.0002991865512822684
"p58": 1.1290058538953523E-05
"p59": 0
"p60": 0.0019738785678937074
"p61": 0.0004835908407518425
"p62": 3.387017561686057E-05
