"p0": 0.0009088497123857587
"p1": 0.0002540263171264542
"p2": 2.4461793501065966E-05
"p3": 1.8816764231589204E-06
"p4": 0
"p5": 0
"p6": 0
"p7": 0
"p8": 0.0027717093713130895
"p9": 0.000873097860345739
"p10": 0.00013548070246744226
"p11": 7.5267056926356815E-06
"p12": 0.0005663846033708349
"p13": 0.0001204272910821709
"p14": 1.1290058538953523E-05
"p15": 0
"p16": 0
"p17": 0
"p18": 0
"p19": 0
"p20": 0
"p21": 0
"p22": 0
"p23": 0
"p24": 0.0002690797285117256
"p25": 5.456861627160869E-05
"p26": 5.645029269476761E-06
"p27": 0
"p28": 1.1290058538953523E-05
"p29": 0
"p30": 0
"p31": 0
"p32": 0.0027717093713130895
"p33": 0.0008730978603457389
"p34": 0.00013548070246744226
"p35": 7.5267056926356815E-06
"p36": 0.0002690797285117256
"p37": 5.45686162716087E-05
"p38": 5.645029269476761E-06
"p39": 0
"p40": 0.015104216648696657
"p41": 0.006000666113453798
"p42": 0.0014056122880997132
"p43": 0.0001862859658927331
"p44": 0.006892580738031125
"p45": 0.0026964423143867326
"p46": 0.0006491783659898276
"p47": 8.467543904215141E-05
"p48": 0.000566384603370835
"p49": 0.0001204272910821709
"p50": 1.1290058538953523E-05
"p51": 0
"p52": 1.1290058538953523E-05
"p53": 0
"p54": 0
"p55": 0
"p56": 0.006892580738031125
"p57": 0.0026964423143867326
"p58": 0.0006491783659898276
"p59": 8.467543904215141E-05
"p60": 0.0015373296377208378
"p61": 0.0005287510749076565
"p62": 0.00010349220327374062
