"p0": 0.005564117183280928
"p1": 0.002624938610306694
"p2": 0.0006567050716824632
"p3": 6.962202765688005E-05
"p4": 0.008384750141596151
"p5": 0.004143451483795942
"p6": 0.0012494331449775231
"p7": 0.00019569434800852773
"p8": 0.003123582862443808
"p9": 0.0013566887010975819
"p10": 0.00029165984558963265
"p11": 1.1290058538953523E-05
"p12": 0.004420057918000304
"p13": 0.0017875926020009742
"p14": 0.00033493840332228785
"p15": 1.8816764231589207E-05
"p16": 3.9515204886337324E-05
"p17": 5.645029269476761E-06
"p18": 0
"p19": 0
"p20": 0.00042902222448023387
"p21": 9.596549758110495E-05
"p22": 5.645029269476761E-06
"p23": 0
"p24": 0
"p25": 0
"p26": 0
"p27": 0
"p28": 4.327855773265517E-05
"p29": 1.6935087808430282E-05
"p30": 0
"p31": 0
"p32": 0.003942112106517938
"p33": 0.001467707610063958
"p34": 0.0002690797285117256
"p35": 1.8816764231589203E-05
"p36": 0.00931053494179034
"p37": 0.0034001892966481696
"p38": 0.0006661134537982578
"p39": 4.704191057897301E-05
"p40": 0.0012419064392848872
"p41": 0.00046665575294341233
"p42": 7.150370408003898E-05
"p43": 1.8816764231589204E-06
"p44": 0.0015862532247229695
"p45": 0.0005042892814065906
"p46": 6.585867481056221E-05
"p47": 1.8816764231589204E-06
"p48": 0.006081578199649632
"p49": 0.0021507561516706454
"p50": 0.00044031228301918735
"p51": 5.64502926947676E-05
"p52": 0.012351324041615154
"p53": 0.004960099051446914
"p54": 0.0011967462051290735
"p55": 0.00016935087808430286
"p56": 0.0013642154067902172
"p57": 0.00043843060659602847
"p58": 0.00010349220327374062
"p59": 3.7633528463178407E-06
"p60": 0.0022598933842138628
"p61": 0.0008185292440741304
"p62": 0.00013171734962112442
