"p0": 0.006821077033951087
"p1": 0.003324922239721812
"p2": 0.0009765900636194797
"p3": 0.00015241579027587256
"p4": 0.00034434678543808245
"p5": 7.903040977267466E-05
"p6": 5.645029269476761E-06
"p7": 0
"p8": 0.007526705692635681
"p9": 0.0027528926070815004
"p10": 0.0005400411334466102
"p11": 3.7633528463178407E-05
"p12": 0.011002162046210209
"p13": 0.00437677936026765
"p14": 0.001040567062006883
"p15": 0.00014300740816007796
"p16": 0.00018628596589273313
"p17": 4.1396881309496255E-05
"p18": 5.645029269476761E-06
"p19": 0
"p20": 8.467543904215143E-05
"p21": 1.6935087808430282E-05
"p22": 0
"p23": 0
"p24": 1.3171734962112444E-05
"p25": 1.8816764231589204E-06
"p26": 0
"p27": 0
"p28": 7.714873334951574E-05
"p29": 1.5053411385271363E-05
"p30": 0
"p31": 0
"p32": 0.007419450136515623
"p33": 0.003501799823498751
"p34": 0.0009389565351563013
"p35": 0.00010725555612005845
"p36": 2.0698440654748124E-05
"p37": 1.8816764231589204E-06
"p38": 0
"p39": 0
"p40": 0.004711717763589937
"p41": 0.001797000984116769
"p42": 0.0003688085789391484
"p43": 3.010682277054273E-05
"p44": 0.005853895352447402
"p45": 0.0021865080037106652
"p46": 0.0005400411334466101
"p47": 6.962202765688006E-05
"p48": 0.006710058124984711
"p49": 0.0027359575192730697
"p50": 0.0005325144277539745
"p51": 3.010682277054273E-05
"p52": 6.209532196424438E-05
"p53": 2.0698440654748124E-05
"p54": 0
"p55": 0
"p56": 0.003492391441382956
"p57": 0.0010687922083542668
"p58": 0.0001279539967748066
"p59": 1.8816764231589204E-06
"p60": 0.004581882090391971
"p61": 0.0014921694035650236
"p62": 0.00023332787647170614
