"p0": 0.00035375516755387705
"p1": 0.0001016105268505817
"p2": 1.1290058538953523E-05
"p3": 0
"p4": 0.000308594933398063
"p5": 0.00010537387969689955
"p6": 2.2580117077907045E-05
"p7": 0
"p8": 6.0213645541085445E-05
"p9": 2.6343469924224887E-05
"p10": 0
"p11": 0
"p12": 0.00019193099516220984
"p13": 6.39769983874033E-05
"p14": 0
"p15": 0
"p16": 9.408382115794602E-06
"p17": 0
"p18": 0
"p19": 0
"p20": 0.00010349220327374062
"p21": 1.5053411385271363E-05
"p22": 0
"p23": 0
"p24": 0
"p25": 0
"p26": 0
"p27": 0
"p28": 0
"p29": 0
"p30": 0
"p31": 0
"p32": 0.0034792197064208437
"p33": 0.001134650883164829
"p34": 0.0002069844065474812
"p35": 3.0106822770542726E-05
"p36": 0.0025967134639593094
"p37": 0.0009653000050805262
"p38": 0.00019945770085484557
"p39": 3.0106822770542726E-05
"p40": 0.002414190850912895
"p41": 0.0006510600424129864
"p42": 5.645029269476761E-05
"p43": 0
"p44": 0.0011007807075479683
"p45": 0.00022580117077907044
"p46": 1.5053411385271363E-05
"p47": 0
"p48": 0.0028657931924710354
"p49": 0.0008599261253836266
"p50": 0.00014300740816007793
"p51": 7.5267056926356815E-06
"p52": 0.0031875598608312114
"p53": 0.0011478226181269415
"p54": 0.00022203781793275258
"p55": 7.5267056926356815E-06
"p56": 0.0011120707660869217
"p57": 0.00022203781793275258
"p58": 7.5267056926356815E-06
"p59": 0
"p60": 0.00039327037244021434
"p61": 5.6450292694767617E-05
"p62": 0
