"p0": 0.00013359902604428335
"p1": 9.408382115794602E-06
"p2": 0
"p3": 0
"p4": 0
"p5": 0
"p6": 0
"p7": 0
"p8": 0.002971167072167935
"p9": 0.0009935251514279098
"p10": 0.00017123255450746176
"p11": 1.3171734962112444E-05
"p12": 0.000686811894453006
"p13": 0.0002145111122401169
"p14": 3.3870175616860565E-05
"p15": 0
"p16": 0.0010951356782784917
"p17": 0.0002935415220127916
"p18": 2.8225146347383805E-05
"p19": 1.8816764231589204E-06
"p20": 0
"p21": 0
"p22": 0
"p23": 0
"p24": 0.003447231207227142
"p25": 0.0010970173547016505
"p26": 0.00020886608297064014
"p27": 1.8816764231589203E-05
"p28": 0.0009991701806973867
"p29": 0.00033117505047597004
"p30": 5.456861627160869E-05
"p31": 1.1290058538953523E-05
"p32": 0.0010142235920826584
"p33": 0.0002690797285117256
"p34": 3.0106822770542726E-05
"p35": 0
"p36": 2.8225146347383808E-05
"p37": 0
"p38": 0
"p39": 0
"p40": 0.014460683311976304
"p41": 0.0055791705946662
"p42": 0.001283303320594384
"p43": 0.0001768775837769385
"p44": 0.004107699631755922
"p45": 0.001319055172634403
"p46": 0.0002163927886632758
"p47": 1.3171734962112444E-05
"p48": 0.0019418900687000057
"p49": 0.0007526705692635682
"p50": 0.00015429746669903146
"p51": 7.5267056926356815E-06
"p52": 0.00024273625858750074
"p53": 6.585867481056221E-05
"p54": 5.645029269476761E-06
"p55": 0
"p56": 0.022290338908740572
"p57": 0.00996912168989596
"p58": 0.0026098851989214225
"p59": 0.00034058343259176464
"p60": 0.0068436571510289935
"p61": 0.0028921366623952606
"p62": 0.0006228348960656027
