"p0": 0.00023520955289486501
"p1": 6.0213645541085445E-05
"p2": 5.645029269476761E-06
"p3": 0
"p4": 0.0007921857741499055
"p5": 0.00019757602443168663
"p6": 1.8816764231589207E-05
"p7": 0
"p8": 0.0020961875353990374
"p9": 0.0008072391855351768
"p10": 0.00016182417239166713
"p11": 3.3870175616860565E-05
"p12": 0.005637502563784125
"p13": 0.002316343676908631
"p14": 0.0005249877220613388
"p15": 6.774035123372113E-05
"p16": 0.0013171734962112442
"p17": 0.00040644210740232686
"p18": 7.150370408003896E-05
"p19": 5.645029269476761E-06
"p20": 0.0027980528412373143
"p21": 0.0008693345074994212
"p22": 0.00013359902604428335
"p23": 7.5267056926356815E-06
"p24": 0.006021364554108545
"p25": 0.0024141908509128945
"p26": 0.0005381594570234513
"p27": 6.962202765688005E-05
"p28": 0.0122760569846888
"p29": 0.005434281510082963
"p30": 0.0013943222295607599
"p31": 0.00019193099516220987
"p32": 2.8225146347383805E-05
"p33": 5.645029269476761E-06
"p34": 0
"p35": 0
"p36": 0.00014300740816007793
"p37": 2.2580117077907045E-05
"p38": 5.645029269476761E-06
"p39": 0
"p40": 0.00041396881309496247
"p41": 0.0001392440553137601
"p42": 2.6343469924224887E-05
"p43": 1.8816764231589204E-06
"p44": 0.001971996891470548
"p45": 0.0006360066310277152
"p46": 0.00010725555612005844
"p47": 1.8816764231589204E-06
"p48": 0.00024461793501065964
"p49": 7.903040977267465E-05
"p50": 1.6935087808430286E-05
"p51": 0
"p52": 0.0011497042945501003
"p53": 0.00040644210740232675
"p54": 7.150370408003898E-05
"p55": 1.3171734962112444E-05
"p56": 0.0018101727190788816
"p57": 0.0005136976635223853
"p58": 6.209532196424438E-05
"p59": 5.645029269476761E-06
"p60": 0.005934807438643235
"p61": 0.002192153032980142
"p62": 0.0003932703724402144
