"p0": 0.004105817955332764
"p1": 0.0017010354865356642
"p2": 0.00039327037244021434
"p3": 5.456861627160868E-05
"p4": 0.0080893269431602
"p5": 0.003535669999115612
"p6": 0.0009032046831162819
"p7": 0.00013548070246744229
"p8": 0.0014263107287544614
"p9": 0.0005118159870992264
"p10": 0.0001016105268505817
"p11": 1.8816764231589204E-06
"p12": 0.002205324767942254
"p13": 0.0006811668651835293
"p14": 9.784717400426385E-05
"p15": 5.645029269476761E-06
"p16": 0.006738283271332095
"p17": 0.0031950865665238467
"p18": 0.0007959491269962234
"p19": 8.091208619583357E-05
"p20": 0.010036862041129682
"p21": 0.004975152462832186
"p22": 0.0014996961092576596
"p23": 0.0002295645236253883
"p24": 0.0038141581097431315
"p25": 0.0016351768117251018
"p26": 0.0003368200797454468
"p27": 1.1290058538953523E-05
"p28": 0.004672202558703599
"p29": 0.0018929664816978737
"p30": 0.0003518734911307182
"p31": 1.8816764231589207E-05
"p32": 0.0017875926020009744
"p33": 0.0005739113090634708
"p34": 8.091208619583358E-05
"p35": 7.5267056926356815E-06
"p36": 0.005204716986457573
"p37": 0.001680337045880916
"p38": 0.00022768284720222932
"p39": 7.5267056926356815E-06
"p40": 0.0003274116976296521
"p41": 9.972885042742277E-05
"p42": 1.6935087808430282E-05
"p43": 1.8816764231589204E-06
"p44": 0.0003838619903244198
"p45": 0.0001279539967748066
"p46": 2.2580117077907045E-05
"p47": 1.8816764231589204E-06
"p48": 0.00395716551790321
"p49": 0.0012945933791333373
"p50": 0.0002107477593937991
"p51": 1.5053411385271363E-05
"p52": 0.008932317980735396
"p53": 0.0033211588868754943
"p54": 0.0006435333367203508
"p55": 5.2686939848449775E-05
"p56": 0.0006755218359140524
"p57": 0.0001768775837769385
"p58": 2.8225146347383805E-05
"p59": 1.8816764231589204E-06
"p60": 0.0015260395791818842
"p61": 0.0005362777806002925
"p62": 7.33853805031979E-05
