"p0": 8.655711546531035E-05
"p1": 5.645029269476761E-06
"p2": 0
"p3": 0
"p4": 0
"p5": 0
"p6": 0
"p7": 0
"p8": 0.0013811504945986475
"p9": 0.00041208713667180354
"p10": 7.150370408003896E-05
"p11": 5.645029269476761E-06
"p12": 0.00015241579027587256
"p13": 2.6343469924224887E-05
"p14": 0
"p15": 0
"p16": 0.0010217502977752939
"p17": 0.0002878964927433148
"p18": 2.4461793501065966E-05
"p19": 1.8816764231589204E-06
"p20": 0
"p21": 0
"p22": 0
"p23": 0
"p24": 0.0030690142461721986
"p25": 0.0009446015644257778
"p26": 0.000141125731736919
"p27": 7.5267056926356815E-06
"p28": 0.0005946097497182188
"p29": 0.0001204272910821709
"p30": 1.1290058538953523E-05
"p31": 0
"p32": 0.0008392276847288786
"p33": 0.0002032210537011634
"p34": 1.8816764231589207E-05
"p35": 0
"p36": 1.6935087808430286E-05
"p37": 0
"p38": 0
"p39": 0
"p40": 0.006627264362365716
"p41": 0.0025590799354961316
"p42": 0.0005550945448318816
"p43": 7.150370408003896E-05
"p44": 0.0021827446508643476
"p45": 0.0007639606278025216
"p46": 0.0001467707610063958
"p47": 2.8225146347383808E-05
"p48": 0.002376557322449716
"p49": 0.0007752506863414751
"p50": 0.0001279539967748066
"p51": 7.5267056926356815E-06
"p52": 0.00026343469924224885
"p53": 5.45686162716087E-05
"p54": 5.645029269476761E-06
"p55": 0
"p56": 0.014951800858420784
"p57": 0.00625845578342657
"p58": 0.0015166311970660898
"p59": 0.00019945770085484557
"p60": 0.006612210950980447
"p61": 0.0027039690200793684
"p62": 0.0006567050716824632
