"p0": 0.0015787265190303338
"p1": 0.0006322432781813975
"p2": 0.00014488908458323686
"p3": 1.8816764231589203E-05
"p4": 7.5267056926356815E-06
"p5": 0
"p6": 0
"p7": 0
"p8": 0.00350368149992191
"p9": 0.001087608972585856
"p10": 0.00018064093662325633
"p11": 1.8816764231589203E-05
"p12": 0.0011835744701669607
"p13": 0.0002916598455896327
"p14": 2.6343469924224884E-05
"p15": 0
"p16": 6.39769983874033E-05
"p17": 3.7633528463178407E-06
"p18": 0
"p19": 0
"p20": 3.7633528463178407E-06
"p21": 0
"p22": 0
"p23": 0
"p24": 5.645029269476761E-06
"p25": 0
"p26": 0
"p27": 0
"p28": 3.7633528463178407E-06
"p29": 3.7633528463178407E-06
"p30": 0
"p31": 0
"p32": 0.0012343797335922515
"p33": 0.00040267875455600894
"p34": 6.585867481056221E-05
"p35": 1.1290058538953523E-05
"p36": 0
"p37": 0
"p38": 0
"p39": 0
"p40": 0.0016803370458809152
"p41": 0.00043654893017286954
"p42": 6.021364554108546E-05
"p43": 1.1290058538953523E-05
"p44": 0.0005136976635223853
"p45": 0.00010913723254321738
"p46": 0
"p47": 0
"p48": 0.0034886280885366387
"p49": 0.0012833033205943835
"p50": 0.0002408545821643418
"p51": 7.5267056926356815E-06
"p52": 0
"p53": 0
"p54": 0
"p55": 0
"p56": 0.0038630816967452635
"p57": 0.0010311586798910884
"p58": 0.00015429746669903143
"p59": 7.5267056926356815E-06
"p60": 0.0008787428896152159
"p61": 0.000188167642315892
"p62": 1.8816764231589203E-05
