"p0": 8.655711546531035E-05
"p1": 5.645029269476761E-06
"p2": 0
"p3": 0
"p4": 0.0010217502977752939
"p5": 0.0002878964927433148
"p6": 2.4461793501065966E-05
"p7": 1.8816764231589204E-06
"p8": 0.0008392276847288786
"p9": 0.00020322105370116337
"p10": 1.8816764231589203E-05
"p11": 0
"p12": 0.0023765573224497163
"p13": 0.0007752506863414751
"p14": 0.0001279539967748066
"p15": 7.5267056926356815E-06
"p16": 0
"p17": 0
"p18": 0
"p19": 0
"p20": 0
"p21": 0
"p22": 0
"p23": 0
"p24": 1.6935087808430286E-05
"p25": 0
"p26": 0
"p27": 0
"p28": 0.00026343469924224885
"p29": 5.456861627160869E-05
"p30": 5.645029269476761E-06
"p31": 0
"p32": 0.0013811504945986477
"p33": 0.00041208713667180354
"p34": 7.150370408003896E-05
"p35": 5.645029269476761E-06
"p36": 0.003069014246172199
"p37": 0.0009446015644257779
"p38": 0.00014112573173691902
"p39": 7.5267056926356815E-06
"p40": 0.006627264362365717
"p41": 0.002559079935496132
"p42": 0.0005550945448318816
"p43": 7.150370408003898E-05
"p44": 0.014951800858420784
"p45": 0.00625845578342657
"p46": 0.0015166311970660898
"p47": 0.00019945770085484557
"p48": 0.00015241579027587256
"p49": 2.6343469924224887E-05
"p50": 0
"p51": 0
"p52": 0.0005946097497182189
"p53": 0.0001204272910821709
"p54": 1.1290058538953523E-05
"p55": 0
"p56": 0.0021827446508643476
"p57": 0.0007639606278025218
"p58": 0.0001467707610063958
"p59": 2.8225146347383808E-05
"p60": 0.0066122109509804475
"p61": 0.0027039690200793684
"p62": 0.0006567050716824632
