"p0": 0.0017612491320767492
"p1": 0.0006811668651835292
"p2": 0.00014300740816007796
"p3": 7.5267056926356815E-06
"p4": 0.0002201561415095937
"p5": 5.080526342529086E-05
"p6": 0
"p7": 0
"p8": 0.0007827773920341108
"p9": 0.00020886608297064014
"p10": 3.0106822770542726E-05
"p11": 0
"p12": 0.0015674364604913804
"p13": 0.0005701479562171529
"p14": 0.0001110189089663763
"p15": 1.3171734962112444E-05
"p16": 0.00024273625858750074
"p17": 6.585867481056221E-05
"p18": 5.645029269476761E-06
"p19": 0
"p20": 0
"p21": 0
"p22": 0
"p23": 0
"p24": 9.408382115794602E-06
"p25": 0
"p26": 0
"p27": 0
"p28": 1.8816764231589203E-05
"p29": 0
"p30": 0
"p31": 0
"p32": 0.01362898233294006
"p33": 0.006506837071283547
"p34": 0.0018271078068873116
"p35": 0.0002559079935496132
"p36": 0.0003650452260928306
"p37": 8.091208619583358E-05
"p38": 5.645029269476761E-06
"p39": 0
"p40": 0.01199004216836864
"p41": 0.004406886183038191
"p42": 0.0008712161839225801
"p43": 6.585867481056221E-05
"p44": 0.01668670652057331
"p45": 0.006454150131435097
"p46": 0.0015429746669903149
"p47": 0.0002107477593937991
"p48": 0.0052536405734597055
"p49": 0.0022053247679422548
"p50": 0.00045724737082761767
"p51": 2.6343469924224887E-05
"p52": 1.8816764231589203E-05
"p53": 3.7633528463178407E-06
"p54": 0
"p55": 0
"p56": 0.0026174119046140578
"p57": 0.000805357509112018
"p58": 0.00010913723254321738
"p59": 5.645029269476761E-06
"p60": 0.00325906356491125
"p61": 0.0009972885042742279
"p62": 0.00015053411385271363
