"p0": 1.3171734962112444E-05
"p1": 1.8816764231589204E-06
"p2": 0
"p3": 0
"p4": 7.903040977267466E-05
"p5": 1.5053411385271363E-05
"p6": 1.8816764231589204E-06
"p7": 0
"p8": 0
"p9": 0
"p10": 0
"p11": 0
"p12": 7.5267056926356815E-06
"p13": 0
"p14": 0
"p15": 0
"p16": 0.0001298356731979655
"p17": 1.8816764231589203E-05
"p18": 0
"p19": 0
"p20": 0.00038009863747810193
"p21": 7.903040977267465E-05
"p22": 5.645029269476761E-06
"p23": 0
"p24": 2.0698440654748124E-05
"p25": 5.645029269476761E-06
"p26": 0
"p27": 0
"p28": 0.00012419064392848875
"p29": 3.575185204001949E-05
"p30": 0
"p31": 0
"p32": 0.0002483812878569775
"p33": 6.209532196424436E-05
"p34": 5.645029269476761E-06
"p35": 0
"p36": 0.0003857436667475786
"p37": 0.0001016105268505817
"p38": 9.408382115794602E-06
"p39": 0
"p40": 3.387017561686057E-05
"p41": 3.7633528463178407E-06
"p42": 0
"p43": 0
"p44": 3.0106822770542726E-05
"p45": 5.645029269476761E-06
"p46": 0
"p47": 0
"p48": 0.0012362614100154105
"p49": 0.00039327037244021434
"p50": 5.080526342529085E-05
"p51": 0
"p52": 0.0015749631661840162
"p53": 0.000496762575713955
"p54": 7.338538050319788E-05
"p55": 0
"p56": 0.0006303616017582383
"p57": 0.00016935087808430283
"p58": 1.8816764231589204E-06
"p59": 0
"p60": 0.0005268693984844977
"p61": 0.00012230896750532982
"p62": 1.8816764231589204E-06
