"p0": 0.0022636567370601813
"p1": 0.0008072391855351768
"p2": 0.0001561791431221904
"p3": 1.8816764231589203E-05
"p4": 0.00019757602443168663
"p5": 3.3870175616860565E-05
"p6": 0
"p7": 0
"p8": 0.0009483649172720958
"p9": 0.00028601481632015586
"p10": 6.209532196424438E-05
"p11": 5.645029269476761E-06
"p12": 0.0017838292491546563
"p13": 0.0006529417188361453
"p14": 0.0001373623788906012
"p15": 1.8816764231589203E-05
"p16": 0.00041208713667180354
"p17": 9.408382115794603E-05
"p18": 1.1290058538953523E-05
"p19": 0
"p20": 0
"p21": 0
"p22": 0
"p23": 0
"p24": 1.1290058538953523E-05
"p25": 0
"p26": 0
"p27": 0
"p28": 2.2580117077907045E-05
"p29": 0
"p30": 0
"p31": 0
"p32": 0.013322269075965159
"p33": 0.005605514064590425
"p34": 0.001420665699484985
"p35": 0.00018440428946957422
"p36": 0.00019945770085484557
"p37": 4.327855773265517E-05
"p38": 5.645029269476761E-06
"p39": 0
"p40": 0.011459409417037826
"p41": 0.004952572345754279
"p42": 0.0012306163807459338
"p43": 0.0001298356731979655
"p44": 0.009799770811811659
"p45": 0.0035958836446566963
"p46": 0.0006228348960656026
"p47": 3.010682277054273E-05
"p48": 0.008810009013230067
"p49": 0.003575185204001949
"p50": 0.0009201397709247121
"p51": 0.00014112573173691905
"p52": 1.8816764231589203E-05
"p53": 3.7633528463178407E-06
"p54": 0
"p55": 0
"p56": 0.0039759822821347985
"p57": 0.0014319557580239383
"p58": 0.00036316354966967166
"p59": 5.645029269476761E-05
"p60": 0.0035187349113071816
"p61": 0.0013303452311733566
"p62": 0.0002709614049348845
