"p0": 0.00032553002120649325
"p1": 7.150370408003896E-05
"p2": 5.645029269476761E-06
"p3": 0
"p4": 0.0006058998082571724
"p5": 0.00018628596589273307
"p6": 2.0698440654748124E-05
"p7": 0
"p8": 3.76335284631784E-05
"p9": 1.8816764231589204E-06
"p10": 0
"p11": 0
"p12": 6.209532196424438E-05
"p13": 0
"p14": 0
"p15": 0
"p16": 0.00036316354966967166
"p17": 0.0001016105268505817
"p18": 1.1290058538953523E-05
"p19": 0
"p20": 0.0004120871366718036
"p21": 0.00012042729108217089
"p22": 2.2580117077907045E-05
"p23": 0
"p24": 6.0213645541085445E-05
"p25": 2.6343469924224887E-05
"p26": 0
"p27": 0
"p28": 0.00019193099516220984
"p29": 6.39769983874033E-05
"p30": 0
"p31": 0
"p32": 0.002570369994035084
"p33": 0.0007978308034193823
"p34": 0.0001279539967748066
"p35": 7.5267056926356815E-06
"p36": 0.0023088169712159956
"p37": 0.0008523994196909909
"p38": 0.00016182417239166713
"p39": 7.5267056926356815E-06
"p40": 0.001273894938478589
"p41": 0.00024838128785697756
"p42": 7.5267056926356815E-06
"p43": 0
"p44": 0.0004628924000970944
"p45": 6.021364554108546E-05
"p46": 0
"p47": 0
"p48": 0.0037012575243535965
"p49": 0.001275776614901748
"p50": 0.00023709122931802394
"p51": 3.0106822770542726E-05
"p52": 0.003114174480328012
"p53": 0.0012099179400911857
"p54": 0.00025967134639593104
"p55": 3.0106822770542726E-05
"p56": 0.0023445688232560146
"p57": 0.000660468424528781
"p58": 5.645029269476761E-05
"p59": 0
"p60": 0.0009954068278510688
"p61": 0.00022956452362538825
"p62": 1.5053411385271363E-05
