"p0": 0.002030328860588475
"p1": 0.0008561627725373087
"p2": 0.00019004931873905096
"p3": 1.3171734962112444E-05
"p4": 0.0017085621922282997
"p5": 0.0006548233952593043
"p6": 0.00014488908458323686
"p7": 1.8816764231589203E-05
"p8": 0.01044142247210885
"p9": 0.00475687799774575
"p10": 0.0012795399677480658
"p11": 0.0001637058488148261
"p12": 0.010125300833018151
"p13": 0.005084289695375403
"p14": 0.0015429746669903149
"p15": 0.00029730487485910944
"p16": 0
"p17": 0
"p18": 0
"p19": 0
"p20": 0.00013548070246744223
"p21": 3.3870175616860565E-05
"p22": 0
"p23": 0
"p24": 2.8225146347383805E-05
"p25": 5.645029269476761E-06
"p26": 0
"p27": 0
"p28": 0.00016746920166114393
"p29": 4.1396881309496255E-05
"p30": 5.645029269476761E-06
"p31": 0
"p32": 0.0006115448375266492
"p33": 0.00015241579027587253
"p34": 1.3171734962112442E-05
"p35": 0
"p36": 0.0009878801221584331
"p37": 0.00028225146347383805
"p38": 5.456861627160869E-05
"p39": 5.645029269476761E-06
"p40": 0.010518571205458365
"p41": 0.004102054602486446
"p42": 0.0009558916229647315
"p43": 0.00010725555612005847
"p44": 0.013847256798026496
"p45": 0.006183188726500214
"p46": 0.001685982075150393
"p47": 0.00021639278866327586
"p48": 0.0008674528310762623
"p49": 0.0003123582862443808
"p50": 5.645029269476761E-05
"p51": 0
"p52": 0.0014695892864871165
"p53": 0.0005513311919855637
"p54": 0.00012419064392848873
"p55": 1.8816764231589203E-05
"p56": 0.007728045069913687
"p57": 0.0025063929956476816
"p58": 0.00045160234155814093
"p59": 4.704191057897301E-05
"p60": 0.008966188156352257
"p61": 0.0036993758479304376
"p62": 0.0007903040977267464
