"p0": 1.8816764231589204E-06
"p1": 0
"p2": 0
"p3": 0
"p4": 0
"p5": 0
"p6": 0
"p7": 0
"p8": 8.467543904215141E-05
"p9": 1.5053411385271363E-05
"p10": 1.8816764231589204E-06
"p11": 0
"p12": 7.5267056926356815E-06
"p13": 1.8816764231589204E-06
"p14": 0
"p15": 0
"p16": 8.655711546531033E-05
"p17": 1.3171734962112444E-05
"p18": 0
"p19": 0
"p20": 0
"p21": 0
"p22": 0
"p23": 0
"p24": 0.00044972066513498195
"p25": 9.220214473478711E-05
"p26": 5.645029269476761E-06
"p27": 0
"p28": 4.5160234155814084E-05
"p29": 3.7633528463178407E-06
"p30": 0
"p31": 0
"p32": 2.4461793501065966E-05
"p33": 1.8816764231589204E-06
"p34": 0
"p35": 0
"p36": 0
"p37": 0
"p38": 0
"p39": 0
"p40": 0.0005983731025645366
"p41": 0.00015617914312219042
"p42": 1.5053411385271363E-05
"p43": 0
"p44": 6.962202765688006E-05
"p45": 1.5053411385271363E-05
"p46": 0
"p47": 0
"p48": 0.00017687758377693853
"p49": 3.387017561686057E-05
"p50": 0
"p51": 0
"p52": 5.645029269476761E-06
"p53": 0
"p54": 0
"p55": 0
"p56": 0.0027773544005825664
"p57": 0.0008411093611520374
"p58": 0.00011478226181269412
"p59": 0
"p60": 0.0004685374293665712
"p61": 0.00012795399677480656
"p62": 1.3171734962112442E-05
