"p0": 0.0007752506863414752
"p1": 0.00019757602443168663
"p2": 1.8816764231589203E-05
"p3": 0
"p4": 0.0009521282701184135
"p5": 0.0002577896699727721
"p6": 3.0106822770542726E-05
"p7": 0
"p8": 0.0002239194943559115
"p9": 2.6343469924224887E-05
"p10": 0
"p11": 0
"p12": 8.843879188846925E-05
"p13": 1.5053411385271363E-05
"p14": 0
"p15": 0
"p16": 0.0014300740816007797
"p17": 0.00046853742936657115
"p18": 8.091208619583358E-05
"p19": 1.1290058538953523E-05
"p20": 0.001413138993792349
"p21": 0.00046101072367393553
"p22": 7.526705692635681E-05
"p23": 1.1290058538953523E-05
"p24": 0.0007225637464930256
"p25": 0.00016558752523798497
"p26": 7.5267056926356815E-06
"p27": 0
"p28": 0.0003424651090149235
"p29": 7.714873334951574E-05
"p30": 1.8816764231589204E-06
"p31": 0
"p32": 0.00017123255450746173
"p33": 2.8225146347383808E-05
"p34": 0
"p35": 0
"p36": 0.00024461793501065964
"p37": 3.575185204001949E-05
"p38": 0
"p39": 0
"p40": 1.5053411385271363E-05
"p41": 1.8816764231589204E-06
"p42": 0
"p43": 0
"p44": 9.408382115794602E-06
"p45": 1.8816764231589204E-06
"p46": 0
"p47": 0
"p48": 0.0007865407448804287
"p49": 0.00017311423093062066
"p50": 3.7633528463178407E-06
"p51": 0
"p52": 0.0013905588767144422
"p53": 0.0003499918147075592
"p54": 2.6343469924224884E-05
"p55": 0
"p56": 6.774035123372112E-05
"p57": 1.3171734962112444E-05
"p58": 3.7633528463178407E-06
"p59": 0
"p60": 0.00014300740816007793
"p61": 3.0106822770542726E-05
"p62": 3.7633528463178407E-06
