"p0": 0.0001768775837769385
"p1": 4.3278557732655166E-05
"p2": 0
"p3": 0
"p4": 0.0008994413302699639
"p5": 0.00024461793501065964
"p6": 2.8225146347383805E-05
"p7": 1.8816764231589204E-06
"p8": 0.0012550781742469996
"p9": 0.00038386199032441974
"p10": 6.774035123372114E-05
"p11": 1.1290058538953523E-05
"p12": 0.0017198522507672531
"p13": 0.0006830485416066881
"p14": 0.00015617914312219037
"p15": 1.8816764231589203E-05
"p16": 0
"p17": 0
"p18": 0
"p19": 0
"p20": 0
"p21": 0
"p22": 0
"p23": 0
"p24": 3.951520488633733E-05
"p25": 0
"p26": 0
"p27": 0
"p28": 0.000259671346395931
"p29": 6.397699838740328E-05
"p30": 5.645029269476761E-06
"p31": 0
"p32": 0.0026080035224982636
"p33": 0.0009841167693121155
"p34": 0.00019757602443168663
"p35": 1.3171734962112444E-05
"p36": 0.002551553229803496
"p37": 0.0008523994196909909
"p38": 0.0001749959073537796
"p39": 1.8816764231589203E-05
"p40": 0.020446296014044834
"p41": 0.008648184840838399
"p42": 0.0021714545923253946
"p43": 0.00027096140493488457
"p44": 0.022954570686115675
"p45": 0.01072179225915953
"p46": 0.003044552452671134
"p47": 0.0005099343106760674
"p48": 0.0006397699838740329
"p49": 0.00023709122931802392
"p50": 4.516023415581409E-05
"p51": 0
"p52": 0.0007188003936467075
"p53": 0.0002615530228190899
"p54": 4.892358700213194E-05
"p55": 1.1290058538953523E-05
"p56": 0.006388291456624534
"p57": 0.002190271356556983
"p58": 0.0004214955187875982
"p59": 4.704191057897301E-05
"p60": 0.007458965341401961
"p61": 0.0031141744803280125
"p62": 0.0006849302180298472
