"p0": 0.000989761798581592
"p1": 0.0003387017561686057
"p2": 6.209532196424438E-05
"p3": 0
"p4": 0.0021770996215948702
"p5": 0.0008862695953078515
"p6": 0.00019004931873905096
"p7": 1.3171734962112444E-05
"p8": 0.00011290058538953522
"p9": 3.387017561686057E-05
"p10": 5.645029269476761E-06
"p11": 0
"p12": 0.00033117505047596993
"p13": 0.00010913723254321738
"p14": 1.1290058538953523E-05
"p15": 0
"p16": 0.0012080362636680267
"p17": 0.0003857436667475787
"p18": 6.585867481056222E-05
"p19": 1.1290058538953523E-05
"p20": 0.0019061382166599863
"p21": 0.0007018653058382773
"p22": 0.00015241579027587253
"p23": 1.8816764231589203E-05
"p24": 0.00023709122931802397
"p25": 8.27937626189925E-05
"p26": 2.6343469924224887E-05
"p27": 5.645029269476761E-06
"p28": 0.001017986944928976
"p29": 0.0003706902553623073
"p30": 7.903040977267465E-05
"p31": 7.5267056926356815E-06
"p32": 0.008800600631114272
"p33": 0.0036485705845051464
"p34": 0.0008693345074994213
"p35": 0.000118545614659012
"p36": 0.012612877064434244
"p37": 0.005718414649979959
"p38": 0.0015128678442197718
"p39": 0.000190049318739051
"p40": 0.004506615033465613
"p41": 0.0015260395791818844
"p42": 0.0002634346992422488
"p43": 1.1290058538953523E-05
"p44": 0.003861200020322104
"p45": 0.0011666393823585306
"p46": 0.00016935087808430286
"p47": 1.1290058538953523E-05
"p48": 0.010018045276898093
"p49": 0.00472300782212889
"p50": 0.001296475055556496
"p51": 0.00019004931873905096
"p52": 0.011532794797541024
"p53": 0.0057993267361757935
"p54": 0.001780065896308339
"p55": 0.0003462284618612414
"p56": 0.007092038438885974
"p57": 0.00289213666239526
"p58": 0.0006585867481056222
"p59": 2.8225146347383808E-05
"p60": 0.0059084639687190105
"p61": 0.0023558588817949684
"p62": 0.00045724737082761767
