"p0": 0.000989761798581592
"p1": 0.00033870175616860566
"p2": 6.209532196424438E-05
"p3": 0
"p4": 5.645029269476761E-06
"p5": 0
"p6": 0
"p7": 0
"p8": 0.0011572310002427358
"p9": 0.0003631635496696716
"p10": 3.7633528463178407E-05
"p11": 0
"p12": 0.000660468424528781
"p13": 0.00016746920166114393
"p14": 1.3171734962112442E-05
"p15": 0
"p16": 6.39769983874033E-05
"p17": 9.408382115794602E-06
"p18": 0
"p19": 0
"p20": 5.645029269476761E-06
"p21": 0
"p22": 0
"p23": 0
"p24": 3.7633528463178407E-06
"p25": 0
"p26": 0
"p27": 0
"p28": 1.5053411385271363E-05
"p29": 5.645029269476761E-06
"p30": 0
"p31": 0
"p32": 0.00028225146347383805
"p33": 6.585867481056221E-05
"p34": 3.7633528463178407E-06
"p35": 0
"p36": 0
"p37": 0
"p38": 0
"p39": 0
"p40": 0.00022203781793275263
"p41": 4.892358700213193E-05
"p42": 3.7633528463178407E-06
"p43": 0
"p44": 7.150370408003898E-05
"p45": 1.6935087808430282E-05
"p46": 0
"p47": 0
"p48": 0.0009728267107731618
"p49": 0.0002314462000485472
"p50": 2.6343469924224887E-05
"p51": 0
"p52": 0
"p53": 0
"p54": 0
"p55": 0
"p56": 0.0004233771952107571
"p57": 0.00010349220327374062
"p58": 9.408382115794602E-06
"p59": 0
"p60": 0.00020698440654748118
"p61": 4.327855773265517E-05
"p62": 1.8816764231589204E-06
