"p0": 0.0005739113090634706
"p1": 0.0001787592602000974
"p2": 2.0698440654748128E-05
"p3": 0
"p4": 4.516023415581409E-05
"p5": 0
"p6": 0
"p7": 0
"p8": 0.0002860148163201559
"p9": 6.774035123372113E-05
"p10": 5.645029269476761E-06
"p11": 0
"p12": 0.00042337719521075713
"p13": 0.00011666393823585305
"p14": 9.408382115794602E-06
"p15": 0
"p16": 7.338538050319788E-05
"p17": 1.5053411385271363E-05
"p18": 0
"p19": 0
"p20": 0
"p21": 0
"p22": 0
"p23": 0
"p24": 1.8816764231589204E-06
"p25": 0
"p26": 0
"p27": 0
"p28": 3.7633528463178407E-06
"p29": 0
"p30": 0
"p31": 0
"p32": 0.003091594363250106
"p33": 0.0013359902604428335
"p34": 0.000308594933398063
"p35": 1.6935087808430282E-05
"p36": 3.575185204001949E-05
"p37": 5.645029269476761E-06
"p38": 0
"p39": 0
"p40": 0.004623278971701468
"p41": 0.001648348546687214
"p42": 0.0002521446407032953
"p43": 1.8816764231589203E-05
"p44": 0.0023069352947928364
"p45": 0.0005964914261413777
"p46": 6.209532196424438E-05
"p47": 1.8816764231589204E-06
"p48": 0.0021413477695548517
"p49": 0.0008110025383814948
"p50": 0.00012607232035164766
"p51": 5.645029269476761E-06
"p52": 3.7633528463178407E-06
"p53": 0
"p54": 0
"p55": 0
"p56": 0.0014771159921797522
"p57": 0.00038950701959389653
"p58": 6.021364554108546E-05
"p59": 5.645029269476761E-06
"p60": 0.0008825062424615336
"p61": 0.00018628596589273307
"p62": 2.2580117077907045E-05
