"p0": 0.004105817955332764
"p1": 0.0017010354865356645
"p2": 0.0003932703724402143
"p3": 5.4568616271608685E-05
"p4": 0.006738283271332093
"p5": 0.0031950865665238467
"p6": 0.0007959491269962232
"p7": 8.091208619583358E-05
"p8": 0.0017875926020009742
"p9": 0.0005739113090634706
"p10": 8.091208619583357E-05
"p11": 7.5267056926356815E-06
"p12": 0.00395716551790321
"p13": 0.001294593379133337
"p14": 0.00021074775939379907
"p15": 1.5053411385271363E-05
"p16": 0.0080893269431602
"p17": 0.0035356699991156114
"p18": 0.0009032046831162818
"p19": 0.00013548070246744229
"p20": 0.010036862041129684
"p21": 0.004975152462832185
"p22": 0.0014996961092576596
"p23": 0.0002295645236253883
"p24": 0.0052047169864575735
"p25": 0.0016803370458809163
"p26": 0.00022768284720222934
"p27": 7.5267056926356815E-06
"p28": 0.008932317980735398
"p29": 0.0033211588868754943
"p30": 0.0006435333367203508
"p31": 5.2686939848449775E-05
"p32": 0.0014263107287544614
"p33": 0.0005118159870992264
"p34": 0.0001016105268505817
"p35": 1.8816764231589204E-06
"p36": 0.003814158109743132
"p37": 0.0016351768117251018
"p38": 0.0003368200797454468
"p39": 1.1290058538953523E-05
"p40": 0.0003274116976296521
"p41": 9.972885042742277E-05
"p42": 1.6935087808430282E-05
"p43": 1.8816764231589204E-06
"p44": 0.0006755218359140524
"p45": 0.0001768775837769385
"p46": 2.8225146347383805E-05
"p47": 1.8816764231589204E-06
"p48": 0.0022053247679422548
"p49": 0.0006811668651835292
"p50": 9.784717400426384E-05
"p51": 5.645029269476761E-06
"p52": 0.004672202558703599
"p53": 0.001892966481697874
"p54": 0.0003518734911307182
"p55": 1.8816764231589207E-05
"p56": 0.00038386199032441974
"p57": 0.00012795399677480656
"p58": 2.2580117077907045E-05
"p59": 1.8816764231589204E-06
"p60": 0.0015260395791818842
"p61": 0.0005362777806002923
"p62": 7.33853805031979E-05
