"p0": 0.0003725719317854663
"p1": 9.972885042742277E-05
"p2": 9.408382115794602E-06
"p3": 0
"p4": 0.0009803534164657976
"p5": 0.0002577896699727721
"p6": 3.0106822770542726E-05
"p7": 0
"p8": 0.005112514841722787
"p9": 0.0020529089776663823
"p10": 0.00046101072367393553
"p11": 5.6450292694767596E-05
"p12": 0.009073443712472314
"p13": 0.0038743717552842173
"p14": 0.0009577732993878905
"p15": 0.00013548070246744229
"p16": 0.0014131389937923492
"p17": 0.0005419228098697691
"p18": 8.655711546531033E-05
"p19": 5.645029269476761E-06
"p20": 0.002338923793986538
"p21": 0.0008486360668446731
"p22": 0.00015994249596850823
"p23": 7.5267056926356815E-06
"p24": 0.00904898191897125
"p25": 0.004103936278909605
"p26": 0.0009671816815036851
"p27": 8.279376261899248E-05
"p28": 0.012434117804234148
"p29": 0.0061530819037296704
"p30": 0.0017725391906157032
"p31": 0.00025026296428013644
"p32": 5.645029269476761E-05
"p33": 1.1290058538953523E-05
"p34": 0
"p35": 0
"p36": 0.00019945770085484554
"p37": 5.080526342529085E-05
"p38": 1.1290058538953523E-05
"p39": 0
"p40": 0.0020190388020495218
"p41": 0.0006247165724887616
"p42": 8.27937626189925E-05
"p43": 7.5267056926356815E-06
"p44": 0.00534960607104081
"p45": 0.0017123255450746178
"p46": 0.00022768284720222932
"p47": 7.5267056926356815E-06
"p48": 0.0003405834325917646
"p49": 0.0001016105268505817
"p50": 1.6935087808430286E-05
"p51": 0
"p52": 0.001153467647396418
"p53": 0.0004365489301728696
"p54": 8.843879188846925E-05
"p55": 1.3171734962112444E-05
"p56": 0.004374897683844491
"p57": 0.0013378719368659926
"p58": 0.00020698440654748124
"p59": 1.5053411385271363E-05
"p60": 0.009160000827937626
"p61": 0.0033776091795702625
"p62": 0.0006491783659898276
