"p0": 0.0001768775837769385
"p1": 3.9515204886337324E-05
"p2": 0
"p3": 0
"p4": 0.0010499754441226775
"p5": 0.00025967134639593104
"p6": 2.8225146347383805E-05
"p7": 1.8816764231589204E-06
"p8": 0.001309646790518609
"p9": 0.0004083237838254857
"p10": 7.33853805031979E-05
"p11": 1.1290058538953523E-05
"p12": 0.00254402652411086
"p13": 0.0009013230066931227
"p14": 0.0001787592602000974
"p15": 1.8816764231589203E-05
"p16": 0
"p17": 0
"p18": 0
"p19": 0
"p20": 0
"p21": 0
"p22": 0
"p23": 0
"p24": 3.387017561686057E-05
"p25": 0
"p26": 0
"p27": 0
"p28": 0.00041208713667180354
"p29": 9.408382115794603E-05
"p30": 1.1290058538953523E-05
"p31": 0
"p32": 0.0015542647255292683
"p33": 0.0005720296326403118
"p34": 8.655711546531033E-05
"p35": 5.645029269476761E-06
"p36": 0.002747247577812024
"p37": 0.000944601564425778
"p38": 0.0001674692016611439
"p39": 7.5267056926356815E-06
"p40": 0.011562901620311566
"p41": 0.004841553436787903
"p42": 0.0010480937676995187
"p43": 8.46754390421514E-05
"p44": 0.01919874454549047
"p45": 0.00819093747001078
"p46": 0.0020773707711674483
"p47": 0.00025778966997277216
"p48": 0.0002220378179327526
"p49": 4.327855773265517E-05
"p50": 0
"p51": 0
"p52": 0.0006247165724887616
"p53": 0.0001580608195453493
"p54": 2.2580117077907045E-05
"p55": 0
"p56": 0.005387239599503989
"p57": 0.0019908136557021372
"p58": 0.00044972066513498195
"p59": 6.39769983874033E-05
"p60": 0.010503517794073096
"p61": 0.004314684038303404
"p62": 0.0011026623839711274
