"p0": 0.0023690306167570806
"p1": 0.000850517743267832
"p2": 0.00016370584881482606
"p3": 1.3171734962112444E-05
"p4": 0
"p5": 0
"p6": 0
"p7": 0
"p8": 0.0006134265139498082
"p9": 0.00016370584881482604
"p10": 1.3171734962112442E-05
"p11": 0
"p12": 0.0009446015644257779
"p13": 0.0003161216390906986
"p14": 4.516023415581409E-05
"p15": 0
"p16": 0.0025910684346898334
"p17": 0.0008900329481541693
"p18": 0.0001674692016611439
"p19": 1.8816764231589203E-05
"p20": 0.00019757602443168663
"p21": 3.3870175616860565E-05
"p22": 0
"p23": 0
"p24": 0.0009596549758110494
"p25": 0.00028601481632015586
"p26": 6.209532196424438E-05
"p27": 5.645029269476761E-06
"p28": 0.0018064093662325635
"p29": 0.0006529417188361453
"p30": 0.0001373623788906012
"p31": 1.8816764231589203E-05
"p32": 0.009007585037661752
"p33": 0.0035563684397703597
"p34": 0.0008110025383814949
"p35": 0.0001091372325432174
"p36": 3.198849919370165E-05
"p37": 5.645029269476761E-06
"p38": 0
"p39": 0
"p40": 0.005692071180055734
"p41": 0.0021357027402853744
"p42": 0.0005005259285602729
"p43": 6.774035123372113E-05
"p44": 0.005148266693762806
"p45": 0.0015787265190303347
"p46": 0.0002502629642801364
"p47": 1.8816764231589203E-05
"p48": 0.012208316633455075
"p49": 0.0055659988597040865
"p50": 0.0015185128734892487
"p51": 0.00021639278866327586
"p52": 0.00018628596589273313
"p53": 4.1396881309496255E-05
"p54": 5.645029269476761E-06
"p55": 0
"p56": 0.01078576925754693
"p57": 0.004785103144093134
"p58": 0.0011967462051290735
"p59": 0.0001279539967748066
"p60": 0.008401685229404581
"p61": 0.0034246510901492343
"p62": 0.0006755218359140525
