"p0": 0.00024838128785697745
"p1": 4.516023415581409E-05
"p2": 0
"p3": 0
"p4": 0.0003725719317854662
"p5": 0.0001016105268505817
"p6": 1.1290058538953523E-05
"p7": 0
"p8": 3.9515204886337324E-05
"p9": 9.408382115794602E-06
"p10": 0
"p11": 0
"p12": 0.00015053411385271363
"p13": 3.951520488633733E-05
"p14": 0
"p15": 0
"p16": 3.7633528463178407E-06
"p17": 0
"p18": 0
"p19": 0
"p20": 7.33853805031979E-05
"p21": 3.7633528463178407E-06
"p22": 0
"p23": 0
"p24": 0
"p25": 0
"p26": 0
"p27": 0
"p28": 0
"p29": 0
"p30": 0
"p31": 0
"p32": 0.0015448563434134735
"p33": 0.0004798274879055247
"p34": 8.091208619583358E-05
"p35": 1.1290058538953523E-05
"p36": 0.0015975432832619233
"p37": 0.00047982748790552474
"p38": 7.526705692635681E-05
"p39": 1.1290058538953523E-05
"p40": 0.000735735481455138
"p41": 0.0001674692016611439
"p42": 7.5267056926356815E-06
"p43": 0
"p44": 0.0003594001968233538
"p45": 7.714873334951573E-05
"p46": 1.8816764231589204E-06
"p47": 0
"p48": 0.0009521282701184137
"p49": 0.0001975760244316866
"p50": 7.5267056926356815E-06
"p51": 0
"p52": 0.0017179705743440943
"p53": 0.00036504522609283053
"p54": 1.8816764231589203E-05
"p55": 0
"p56": 0.00017687758377693847
"p57": 1.8816764231589207E-05
"p58": 0
"p59": 0
"p60": 0.00010913723254321738
"p61": 1.5053411385271365E-05
"p62": 0
