"p0": 0.001160994353089054
"p1": 0.0003838619903244197
"p2": 7.150370408003896E-05
"p3": 5.645029269476761E-06
"p4": 0
"p5": 0
"p6": 0
"p7": 0
"p8": 0.00022015614150959362
"p9": 3.387017561686057E-05
"p10": 0
"p11": 0
"p12": 0.0003913886960170554
"p13": 0.00010537387969689954
"p14": 1.6935087808430286E-05
"p15": 0
"p16": 0.0023219887061781074
"p17": 0.000730090452185661
"p18": 0.00012230896750532982
"p19": 7.5267056926356815E-06
"p20": 0.00020322105370116343
"p21": 5.080526342529086E-05
"p22": 0
"p23": 0
"p24": 0.0006736401594908935
"p25": 0.00018064093662325636
"p26": 2.4461793501065966E-05
"p27": 0
"p28": 0.001606951665377718
"p29": 0.0005099343106760673
"p30": 8.27937626189925E-05
"p31": 1.3171734962112444E-05
"p32": 0.004850961818903697
"p33": 0.001932481686584211
"p34": 0.00043090390090339274
"p35": 5.645029269476761E-05
"p36": 2.6343469924224884E-05
"p37": 5.645029269476761E-06
"p38": 0
"p39": 0
"p40": 0.0019155465987757809
"p41": 0.000681166865183529
"p42": 0.00014112573173691902
"p43": 1.5053411385271365E-05
"p44": 0.0031687430965996223
"p45": 0.0010104602392363403
"p46": 0.00017499590735377957
"p47": 3.3870175616860565E-05
"p48": 0.009893854632969604
"p49": 0.0043240924204191985
"p50": 0.0010951356782784917
"p51": 0.00015053411385271363
"p52": 0.00027848811062752024
"p53": 5.2686939848449775E-05
"p54": 5.645029269476761E-06
"p55": 0
"p56": 0.005688307827209417
"p57": 0.0021564011809401228
"p58": 0.0004817091643286836
"p59": 4.8923587002131926E-05
"p60": 0.008858932600232195
"p61": 0.0034434678543808234
"p62": 0.0007451438635709324
