"p0": 0.006604684245287812
"p1": 0.002852621457508923
"p2": 0.0007244454229161844
"p3": 0.00010725555612005847
"p4": 0.008049811738273863
"p5": 0.003964692223595845
"p6": 0.0011722844116280075
"p7": 0.00017875926020009746
"p8": 0.0042017834529138685
"p9": 0.0013679787596365353
"p10": 0.00019569434800852773
"p11": 7.5267056926356815E-06
"p12": 0.008006533180541207
"p13": 0.002991865512822683
"p14": 0.0006002547789876956
"p15": 5.2686939848449775E-05
"p16": 3.198849919370165E-05
"p17": 5.645029269476761E-06
"p18": 0
"p19": 0
"p20": 0.00027096140493488457
"p21": 5.8331969117926534E-05
"p22": 5.645029269476761E-06
"p23": 0
"p24": 0
"p25": 0
"p26": 0
"p27": 0
"p28": 5.833196911792653E-05
"p29": 1.1290058538953523E-05
"p30": 0
"p31": 0
"p32": 0.004519786768427726
"p33": 0.0018421612182725833
"p34": 0.00046477407652025334
"p35": 6.585867481056221E-05
"p36": 0.009261611354788207
"p37": 0.00434102750822763
"p38": 0.0011459409417037825
"p39": 0.00012607232035164768
"p40": 0.001992695332125297
"p41": 0.0006548233952593044
"p42": 0.0001129005853895352
"p43": 9.408382115794602E-06
"p44": 0.003735127699970457
"p45": 0.001294593379133337
"p46": 0.00024085458216434183
"p47": 1.5053411385271365E-05
"p48": 0.004389951095229761
"p49": 0.001445127492986051
"p50": 0.0002502629642801364
"p51": 1.8816764231589203E-05
"p52": 0.00716542381938917
"p53": 0.0028996633680878963
"p54": 0.0005569762212550405
"p55": 3.010682277054273E-05
"p56": 0.0013980855824070777
"p57": 0.0003913886960170554
"p58": 3.7633528463178407E-05
"p59": 1.8816764231589204E-06
"p60": 0.002961758690052141
"p61": 0.0008806245660383746
"p62": 0.00010349220327374062
