"p0": 0.0005739113090634706
"p1": 0.0001787592602000974
"p2": 2.0698440654748124E-05
"p3": 0
"p4": 0
"p5": 0
"p6": 0
"p7": 0
"p8": 0.00020886608297064017
"p9": 2.6343469924224887E-05
"p10": 0
"p11": 0
"p12": 0.00022203781793275263
"p13": 5.2686939848449775E-05
"p14": 5.645029269476761E-06
"p15": 0
"p16": 0.00039703372528653215
"p17": 0.00012042729108217089
"p18": 2.2580117077907045E-05
"p19": 0
"p20": 7.5267056926356815E-06
"p21": 0
"p22": 0
"p23": 0
"p24": 0.00032176666836017544
"p25": 6.39769983874033E-05
"p26": 0
"p27": 0
"p28": 0.0002935415220127916
"p29": 0.00011666393823585303
"p30": 1.1290058538953523E-05
"p31": 0
"p32": 0.0022994085891002007
"p33": 0.0008523994196909909
"p34": 0.00016182417239166713
"p35": 7.5267056926356815E-06
"p36": 0
"p37": 0
"p38": 0
"p39": 0
"p40": 0.0032722352998733623
"p41": 0.0008919146245773281
"p42": 0.00012419064392848875
"p43": 7.5267056926356815E-06
"p44": 0.0008241742733436073
"p45": 0.00015241579027587256
"p46": 1.1290058538953523E-05
"p47": 0
"p48": 0.003091594363250105
"p49": 0.0011986278815522323
"p50": 0.00025967134639593104
"p51": 3.0106822770542726E-05
"p52": 7.5267056926356815E-06
"p53": 0
"p54": 0
"p55": 0
"p56": 0.00505418287260486
"p57": 0.0014921694035650236
"p58": 0.00023709122931802397
"p59": 3.0106822770542726E-05
"p60": 0.0016784553694577573
"p61": 0.00047982748790552463
"p62": 4.8923587002131926E-05
