"p0": 5.645029269476761E-05
"p1": 1.8816764231589204E-06
"p2": 0
"p3": 0
"p4": 0.0002728430813580434
"p5": 3.7633528463178407E-05
"p6": 3.7633528463178407E-06
"p7": 0
"p8": 0.00034999181470755925
"p9": 6.021364554108545E-05
"p10": 0
"p11": 0
"p12": 0.0005757929854866296
"p13": 0.00018252261304641524
"p14": 2.0698440654748128E-05
"p15": 0
"p16": 0
"p17": 0
"p18": 0
"p19": 0
"p20": 0
"p21": 0
"p22": 0
"p23": 0
"p24": 5.645029269476761E-06
"p25": 0
"p26": 0
"p27": 0
"p28": 7.338538050319788E-05
"p29": 1.5053411385271363E-05
"p30": 0
"p31": 0
"p32": 0.0011948645287059142
"p33": 0.0002897781691664737
"p34": 2.2580117077907045E-05
"p35": 1.8816764231589204E-06
"p36": 0.0007714873334951573
"p37": 0.00018816764231589203
"p38": 2.8225146347383805E-05
"p39": 0
"p40": 0.004687255970088871
"p41": 0.0015918982539924467
"p42": 0.00027284308135804345
"p43": 1.6935087808430282E-05
"p44": 0.004500970004196138
"p45": 0.0017123255450746176
"p46": 0.00035375516755387705
"p47": 1.8816764231589203E-05
"p48": 9.032046831162818E-05
"p49": 3.7633528463178407E-06
"p50": 0
"p51": 0
"p52": 0.00011666393823585305
"p53": 1.3171734962112444E-05
"p54": 0
"p55": 0
"p56": 0.001763130808499908
"p57": 0.0004704191057897301
"p58": 8.467543904215141E-05
"p59": 5.645029269476761E-06
"p60": 0.0022918818834075654
"p61": 0.0008241742733436071
"p62": 0.00012607232035164766
