"p0": 0.006038299641916975
"p1": 0.0031706247730227807
"p2": 0.001040567062006883
"p3": 0.0002276828472022294
"p4": 0.00016746920166114393
"p5": 4.1396881309496255E-05
"p6": 5.645029269476761E-06
"p7": 0
"p8": 0.010193041184251874
"p9": 0.004766286379861545
"p10": 0.0013755054653291712
"p11": 0.00018252261304641527
"p12": 0.007624552866639945
"p13": 0.003089712686826947
"p14": 0.0006585867481056223
"p15": 5.833196911792653E-05
"p16": 0.00016746920166114393
"p17": 4.1396881309496255E-05
"p18": 5.645029269476761E-06
"p19": 0
"p20": 6.209532196424438E-05
"p21": 1.6935087808430282E-05
"p22": 0
"p23": 0
"p24": 1.6935087808430286E-05
"p25": 1.8816764231589204E-06
"p26": 0
"p27": 0
"p28": 4.704191057897301E-05
"p29": 1.5053411385271363E-05
"p30": 0
"p31": 0
"p32": 0.010193041184251874
"p33": 0.004766286379861546
"p34": 0.001375505465329171
"p35": 0.00018252261304641527
"p36": 1.6935087808430286E-05
"p37": 1.8816764231589204E-06
"p38": 0
"p39": 0
"p40": 0.009530691083299934
"p41": 0.004201783452913869
"p42": 0.0011214791482027167
"p43": 0.0001204272910821709
"p44": 0.006230230637079185
"p45": 0.002024683831318998
"p46": 0.00035940019682335374
"p47": 3.198849919370165E-05
"p48": 0.007624552866639945
"p49": 0.003089712686826947
"p50": 0.0006585867481056221
"p51": 5.833196911792653E-05
"p52": 4.7041910578973015E-05
"p53": 1.5053411385271363E-05
"p54": 0
"p55": 0
"p56": 0.006230230637079185
"p57": 0.0020246838313189982
"p58": 0.00035940019682335374
"p59": 3.198849919370165E-05
"p60": 0.0036259904674272384
"p61": 0.001153467647396418
"p62": 0.00014300740816007796
