"p0": 0.00047982748790552474
"p1": 0.00011854561465901199
"p2": 1.5053411385271363E-05
"p3": 0
"p4": 0.00018064093662325633
"p5": 1.5053411385271365E-05
"p6": 0
"p7": 0
"p8": 0.003543196704808248
"p9": 0.0011440592652806236
"p10": 0.00018816764231589203
"p11": 1.8816764231589203E-05
"p12": 0.002120649328900103
"p13": 0.000779014039187793
"p14": 0.00015994249596850823
"p15": 1.8816764231589203E-05
"p16": 0
"p17": 0
"p18": 0
"p19": 0
"p20": 1.1290058538953523E-05
"p21": 0
"p22": 0
"p23": 0
"p24": 5.645029269476761E-06
"p25": 0
"p26": 0
"p27": 0
"p28": 6.39769983874033E-05
"p29": 3.7633528463178407E-06
"p30": 0
"p31": 0
"p32": 0.0001768775837769385
"p33": 2.6343469924224887E-05
"p34": 0
"p35": 0
"p36": 0.0001279539967748066
"p37": 1.1290058538953523E-05
"p38": 0
"p39": 0
"p40": 0.0019832869500095015
"p41": 0.0005061709578297496
"p42": 7.150370408003898E-05
"p43": 1.1290058538953523E-05
"p44": 0.0015053411385271363
"p45": 0.0004516023415581409
"p46": 6.585867481056221E-05
"p47": 1.1290058538953523E-05
"p48": 0.00012042729108217092
"p49": 2.2580117077907045E-05
"p50": 0
"p51": 0
"p52": 0.0002464996114338185
"p53": 6.39769983874033E-05
"p54": 7.5267056926356815E-06
"p55": 0
"p56": 0.004216836864299142
"p57": 0.0011440592652806236
"p58": 0.0001580608195453493
"p59": 7.5267056926356815E-06
"p60": 0.0035751852040019497
"p61": 0.0012945933791333373
"p62": 0.0002408545821643418
