"p0": 0.0001298356731979655
"p1": 1.8816764231589203E-05
"p2": 0
"p3": 0
"p4": 0.0003819803139012608
"p5": 6.585867481056221E-05
"p6": 0
"p7": 0
"p8": 9.408382115794602E-06
"p9": 0
"p10": 0
"p11": 0
"p12": 2.0698440654748124E-05
"p13": 0
"p14": 0
"p15": 0
"p16": 0.0002521446407032953
"p17": 4.516023415581409E-05
"p18": 0
"p19": 0
"p20": 0.00044595731228866414
"p21": 0.00010537387969689954
"p22": 1.1290058538953523E-05
"p23": 0
"p24": 3.9515204886337324E-05
"p25": 9.408382115794602E-06
"p26": 0
"p27": 0
"p28": 0.00015053411385271363
"p29": 3.951520488633733E-05
"p30": 0
"p31": 0
"p32": 0.0008655711546531035
"p33": 0.00020886608297064014
"p34": 1.8816764231589203E-05
"p35": 0
"p36": 0.0010725555612005847
"p37": 0.0002766064342043613
"p38": 3.0106822770542726E-05
"p39": 0
"p40": 0.00022956452362538827
"p41": 2.6343469924224887E-05
"p42": 0
"p43": 0
"p44": 7.714873334951574E-05
"p45": 1.5053411385271363E-05
"p46": 0
"p47": 0
"p48": 0.001819581101194676
"p49": 0.0005513311919855637
"p50": 8.091208619583358E-05
"p51": 1.1290058538953523E-05
"p52": 0.0022354315907127977
"p53": 0.0006529417188361455
"p54": 8.655711546531033E-05
"p55": 1.1290058538953523E-05
"p56": 0.0007413805107246147
"p57": 0.00016558752523798497
"p58": 7.5267056926356815E-06
"p59": 0
"p60": 0.0003763352846317841
"p61": 7.714873334951574E-05
"p62": 1.8816764231589204E-06
