"p0": 0.00023520955289486501
"p1": 6.021364554108546E-05
"p2": 5.645029269476761E-06
"p3": 0
"p4": 0.0013171734962112444
"p5": 0.00040644210740232686
"p6": 7.150370408003896E-05
"p7": 5.645029269476761E-06
"p8": 2.8225146347383805E-05
"p9": 5.645029269476761E-06
"p10": 0
"p11": 0
"p12": 0.00024461793501065964
"p13": 7.903040977267466E-05
"p14": 1.6935087808430286E-05
"p15": 0
"p16": 0.0007921857741499054
"p17": 0.0001975760244316866
"p18": 1.8816764231589203E-05
"p19": 0
"p20": 0.0027980528412373147
"p21": 0.0008693345074994211
"p22": 0.00013359902604428333
"p23": 7.5267056926356815E-06
"p24": 0.00014300740816007796
"p25": 2.2580117077907045E-05
"p26": 5.645029269476761E-06
"p27": 0
"p28": 0.0011497042945501003
"p29": 0.00040644210740232675
"p30": 7.150370408003898E-05
"p31": 1.3171734962112444E-05
"p32": 0.0020961875353990374
"p33": 0.0008072391855351769
"p34": 0.00016182417239166713
"p35": 3.3870175616860565E-05
"p36": 0.006021364554108543
"p37": 0.002414190850912895
"p38": 0.0005381594570234513
"p39": 6.962202765688005E-05
"p40": 0.00041396881309496247
"p41": 0.0001392440553137601
"p42": 2.634346992422489E-05
"p43": 1.8816764231589204E-06
"p44": 0.0018101727190788814
"p45": 0.0005136976635223853
"p46": 6.209532196424438E-05
"p47": 5.645029269476761E-06
"p48": 0.005637502563784125
"p49": 0.002316343676908631
"p50": 0.0005249877220613389
"p51": 6.774035123372113E-05
"p52": 0.012276056984688798
"p53": 0.005434281510082963
"p54": 0.00139432222956076
"p55": 0.0001919309951622099
"p56": 0.0019719968914705486
"p57": 0.0006360066310277152
"p58": 0.00010725555612005845
"p59": 1.8816764231589204E-06
"p60": 0.005934807438643235
"p61": 0.002192153032980142
"p62": 0.0003932703724402144
