"p0": 0.0003725719317854662
"p1": 9.972885042742278E-05
"p2": 9.408382115794602E-06
"p3": 0
"p4": 0
"p5": 0
"p6": 0
"p7": 0
"p8": 0.00019757602443168663
"p9": 5.2686939848449775E-05
"p10": 5.645029269476761E-06
"p11": 0
"p12": 8.467543904215141E-05
"p13": 1.6935087808430286E-05
"p14": 0
"p15": 0
"p16": 0.0012889483498638604
"p17": 0.0004139688130949625
"p18": 6.585867481056221E-05
"p19": 0
"p20": 1.1290058538953523E-05
"p21": 0
"p22": 0
"p23": 0
"p24": 0.001360452053943899
"p25": 0.00041208713667180354
"p26": 4.139688130949625E-05
"p27": 0
"p28": 0.0007376171578782967
"p29": 0.00019004931873905094
"p30": 1.3171734962112442E-05
"p31": 0
"p32": 3.010682277054273E-05
"p33": 1.8816764231589204E-06
"p34": 0
"p35": 0
"p36": 0
"p37": 0
"p38": 0
"p39": 0
"p40": 2.0698440654748124E-05
"p41": 1.8816764231589204E-06
"p42": 0
"p43": 0
"p44": 3.7633528463178407E-06
"p45": 0
"p46": 0
"p47": 0
"p48": 0.0007263270993393433
"p49": 0.0001787592602000974
"p50": 1.6935087808430282E-05
"p51": 0
"p52": 0
"p53": 0
"p54": 0
"p55": 0
"p56": 0.00027284308135804345
"p57": 7.150370408003898E-05
"p58": 3.7633528463178407E-06
"p59": 0
"p60": 0.0001712325545074617
"p61": 3.951520488633733E-05
"p62": 1.8816764231589204E-06
