"p0": 0.0011609943530890541
"p1": 0.0003838619903244198
"p2": 7.150370408003896E-05
"p3": 5.645029269476761E-06
"p4": 0.0023219887061781074
"p5": 0.0007300904521856612
"p6": 0.00012230896750532982
"p7": 7.5267056926356815E-06
"p8": 0.0048509618189036974
"p9": 0.0019324816865842111
"p10": 0.0004309039009033928
"p11": 5.64502926947676E-05
"p12": 0.009893854632969604
"p13": 0.004324092420419199
"p14": 0.0010951356782784917
"p15": 0.00015053411385271365
"p16": 0
"p17": 0
"p18": 0
"p19": 0
"p20": 0.00020322105370116343
"p21": 5.080526342529086E-05
"p22": 0
"p23": 0
"p24": 2.6343469924224884E-05
"p25": 5.645029269476761E-06
"p26": 0
"p27": 0
"p28": 0.00027848811062752024
"p29": 5.2686939848449775E-05
"p30": 5.645029269476761E-06
"p31": 0
"p32": 0.00022015614150959367
"p33": 3.3870175616860565E-05
"p34": 0
"p35": 0
"p36": 0.0006736401594908937
"p37": 0.00018064093662325636
"p38": 2.4461793501065966E-05
"p39": 0
"p40": 0.001915546598775781
"p41": 0.0006811668651835291
"p42": 0.00014112573173691902
"p43": 1.5053411385271365E-05
"p44": 0.005688307827209417
"p45": 0.0021564011809401228
"p46": 0.00048170916432868367
"p47": 4.8923587002131926E-05
"p48": 0.0003913886960170554
"p49": 0.00010537387969689954
"p50": 1.6935087808430286E-05
"p51": 0
"p52": 0.0016069516653777181
"p53": 0.0005099343106760674
"p54": 8.27937626189925E-05
"p55": 1.3171734962112444E-05
"p56": 0.003168743096599622
"p57": 0.0010104602392363403
"p58": 0.00017499590735377957
"p59": 3.3870175616860565E-05
"p60": 0.008858932600232197
"p61": 0.003443467854380824
"p62": 0.0007451438635709324
