"p0": 0.0008768612131920569
"p1": 0.00024461793501065964
"p2": 2.8225146347383805E-05
"p3": 1.8816764231589204E-06
"p4": 0
"p5": 0
"p6": 0
"p7": 0
"p8": 0.002414190850912895
"p9": 0.000829819302613084
"p10": 0.0001749959073537796
"p11": 1.8816764231589203E-05
"p12": 0.0006924569237224828
"p13": 0.0002615530228190899
"p14": 4.892358700213194E-05
"p15": 1.1290058538953523E-05
"p16": 0
"p17": 0
"p18": 0
"p19": 0
"p20": 0
"p21": 0
"p22": 0
"p23": 0
"p24": 0.0002728430813580435
"p25": 6.397699838740328E-05
"p26": 5.645029269476761E-06
"p27": 0
"p28": 2.6343469924224887E-05
"p29": 0
"p30": 0
"p31": 0
"p32": 0.002414190850912895
"p33": 0.000829819302613084
"p34": 0.0001749959073537796
"p35": 1.8816764231589203E-05
"p36": 0.0002728430813580435
"p37": 6.39769983874033E-05
"p38": 5.645029269476761E-06
"p39": 0
"p40": 0.03278068496785155
"p41": 0.01515690358854511
"p42": 0.004316565714726562
"p43": 0.0006924569237224828
"p44": 0.010919368283591219
"p45": 0.004009852457751659
"p46": 0.0008053575091120179
"p47": 7.903040977267465E-05
"p48": 0.0006924569237224828
"p49": 0.0002615530228190899
"p50": 4.892358700213194E-05
"p51": 1.1290058538953523E-05
"p52": 2.6343469924224887E-05
"p53": 0
"p54": 0
"p55": 0
"p56": 0.010919368283591217
"p57": 0.004009852457751659
"p58": 0.0008053575091120181
"p59": 7.903040977267465E-05
"p60": 0.0026851522558477793
"p61": 0.0011534676473964182
"p62": 0.000259671346395931
