"p0": 0
"p1": 0
"p2": 0
"p3": 0
"p4": 0
"p5": 0
"p6": 0
"p7": 0
"p8": 0.0004177321659412803
"p9": 6.774035123372114E-05
"p10": 0
"p11": 0
"p12": 8.655711546531033E-05
"p13": 1.5053411385271363E-05
"p14": 0
"p15": 0
"p16": 0.0001016105268505817
"p17": 1.5053411385271363E-05
"p18": 0
"p19": 0
"p20": 0
"p21": 0
"p22": 0
"p23": 0
"p24": 0.0006077814846803313
"p25": 0.00011666393823585307
"p26": 1.1290058538953523E-05
"p27": 0
"p28": 0.00012042729108217092
"p29": 2.2580117077907045E-05
"p30": 0
"p31": 0
"p32": 2.4461793501065963E-05
"p33": 1.8816764231589204E-06
"p34": 0
"p35": 0
"p36": 0
"p37": 0
"p38": 0
"p39": 0
"p40": 0.0018929664816978735
"p41": 0.0004572473708276176
"p42": 4.892358700213193E-05
"p43": 0
"p44": 0.00017123255450746176
"p45": 1.8816764231589203E-05
"p46": 0
"p47": 0
"p48": 0.0001467707610063958
"p49": 2.6343469924224884E-05
"p50": 0
"p51": 0
"p52": 5.645029269476761E-06
"p53": 0
"p54": 0
"p55": 0
"p56": 0.004017379163444294
"p57": 0.001083845619739538
"p58": 0.00015241579027587256
"p59": 2.2580117077907045E-05
"p60": 0.0007733690099183163
"p61": 0.0001862859658927331
"p62": 1.3171734962112442E-05
