"p0": 0.00013359902604428335
"p1": 9.408382115794602E-06
"p2": 0
"p3": 0
"p4": 0.0010951356782784917
"p5": 0.0002935415220127916
"p6": 2.822514634738381E-05
"p7": 1.8816764231589204E-06
"p8": 0.001014223592082658
"p9": 0.0002690797285117256
"p10": 3.0106822770542726E-05
"p11": 0
"p12": 0.0019418900687000057
"p13": 0.0007526705692635682
"p14": 0.00015429746669903146
"p15": 7.5267056926356815E-06
"p16": 0
"p17": 0
"p18": 0
"p19": 0
"p20": 0
"p21": 0
"p22": 0
"p23": 0
"p24": 2.8225146347383808E-05
"p25": 0
"p26": 0
"p27": 0
"p28": 0.00024273625858750074
"p29": 6.585867481056221E-05
"p30": 5.645029269476761E-06
"p31": 0
"p32": 0.002971167072167935
"p33": 0.00099352515142791
"p34": 0.00017123255450746176
"p35": 1.3171734962112444E-05
"p36": 0.003447231207227142
"p37": 0.0010970173547016507
"p38": 0.0002088660829706401
"p39": 1.8816764231589203E-05
"p40": 0.014460683311976304
"p41": 0.005579170594666199
"p42": 0.0012833033205943835
"p43": 0.0001768775837769385
"p44": 0.022290338908740576
"p45": 0.009969121689895962
"p46": 0.002609885198921423
"p47": 0.00034058343259176464
"p48": 0.000686811894453006
"p49": 0.0002145111122401169
"p50": 3.387017561686057E-05
"p51": 0
"p52": 0.0009991701806973867
"p53": 0.00033117505047597004
"p54": 5.456861627160869E-05
"p55": 1.1290058538953523E-05
"p56": 0.004107699631755923
"p57": 0.001319055172634403
"p58": 0.00021639278866327578
"p59": 1.3171734962112444E-05
"p60": 0.006843657151028993
"p61": 0.0028921366623952606
"p62": 0.0006228348960656027
