"p0": 0.0009351931823099835
"p1": 0.0003104766098212218
"p2": 4.7041910578973E-05
"p3": 0
"p4": 0.00127201326205543
"p5": 0.0004139688130949624
"p6": 7.150370408003896E-05
"p7": 1.1290058538953523E-05
"p8": 0.005191545251495461
"p9": 0.0020039853906642507
"p10": 0.00041961384236443916
"p11": 5.64502926947676E-05
"p12": 0.008565391078219405
"p13": 0.003917650313016872
"p14": 0.0009370748587331424
"p15": 0.0001016105268505817
"p16": 0.0026494004038077595
"p17": 0.0009182580945015531
"p18": 0.00016370584881482606
"p19": 1.3171734962112444E-05
"p20": 0.0029805754542837296
"p21": 0.000985998445735274
"p22": 0.00018628596589273307
"p23": 1.8816764231589203E-05
"p24": 0.011107535925907106
"p25": 0.004395596124499238
"p26": 0.0010048152099668634
"p27": 0.0001373623788906012
"p28": 0.014793740038875434
"p29": 0.006758981711986843
"p30": 0.0018722680410431256
"p31": 0.0002671980520885667
"p32": 8.27937626189925E-05
"p33": 2.4461793501065963E-05
"p34": 5.645029269476761E-06
"p35": 0
"p36": 0.00024273625858750077
"p37": 7.338538050319791E-05
"p38": 2.2580117077907045E-05
"p39": 5.645029269476761E-06
"p40": 0.0016163600474935124
"p41": 0.0005456861627160869
"p42": 0.0001034922032737406
"p43": 1.8816764231589204E-06
"p44": 0.0040550126919074725
"p45": 0.001676573693034598
"p46": 0.0003387017561686057
"p47": 1.1290058538953523E-05
"p48": 0.00033682007974544673
"p49": 0.00011478226181269415
"p50": 1.1290058538953523E-05
"p51": 0
"p52": 0.001112070766086922
"p53": 0.00041020546024864466
"p54": 8.655711546531035E-05
"p55": 7.5267056926356815E-06
"p56": 0.002333278764717061
"p57": 0.0006717584830677346
"p58": 9.22021447347871E-05
"p59": 5.645029269476761E-06
"p60": 0.004903648758752146
"p61": 0.0020021037142410915
"p62": 0.0003575185204001949
