"p0": 7.5267056926356815E-06
"p1": 0
"p2": 0
"p3": 0
"p4": 0
"p5": 0
"p6": 0
"p7": 0
"p8": 0.0007677239806488395
"p9": 0.0002051027301243223
"p10": 2.0698440654748124E-05
"p11": 0
"p12": 0.00017123255450746173
"p13": 5.2686939848449775E-05
"p14": 5.645029269476761E-06
"p15": 0
"p16": 0.0001505341138527136
"p17": 1.8816764231589203E-05
"p18": 0
"p19": 0
"p20": 0
"p21": 0
"p22": 0
"p23": 0
"p24": 0.0006924569237224828
"p25": 0.00016182417239166713
"p26": 2.2580117077907045E-05
"p27": 0
"p28": 0.0001392440553137601
"p29": 6.0213645541085445E-05
"p30": 1.1290058538953523E-05
"p31": 0
"p32": 0.00011478226181269412
"p33": 1.5053411385271363E-05
"p34": 0
"p35": 0
"p36": 0
"p37": 0
"p38": 0
"p39": 0
"p40": 0.005323262601116587
"p41": 0.0016991538101125048
"p42": 0.00028601481632015586
"p43": 1.5053411385271363E-05
"p44": 0.0005475678391392458
"p45": 0.00011478226181269416
"p46": 1.1290058538953523E-05
"p47": 0
"p48": 0.00024838128785697745
"p49": 2.2580117077907045E-05
"p50": 0
"p51": 0
"p52": 2.2580117077907045E-05
"p53": 0
"p54": 0
"p55": 0
"p56": 0.00806674682608229
"p57": 0.002585423405420356
"p58": 0.000496762575713955
"p59": 6.021364554108545E-05
"p60": 0.001537329637720838
"p61": 0.00046101072367393553
"p62": 4.8923587002131926E-05
