"p0": 0.0020303288605884747
"p1": 0.0008561627725373088
"p2": 0.00019004931873905096
"p3": 1.3171734962112444E-05
"p4": 0
"p5": 0
"p6": 0
"p7": 0
"p8": 0.000611544837526649
"p9": 0.0001524157902758725
"p10": 1.3171734962112442E-05
"p11": 0
"p12": 0.0008674528310762623
"p13": 0.00031235828624438084
"p14": 5.645029269476761E-05
"p15": 0
"p16": 0.0017085621922282993
"p17": 0.0006548233952593044
"p18": 0.00014488908458323686
"p19": 1.8816764231589203E-05
"p20": 0.00013548070246744226
"p21": 3.3870175616860565E-05
"p22": 0
"p23": 0
"p24": 0.0009878801221584336
"p25": 0.00028225146347383805
"p26": 5.456861627160869E-05
"p27": 5.645029269476761E-06
"p28": 0.001469589286487117
"p29": 0.0005513311919855636
"p30": 0.00012419064392848875
"p31": 1.8816764231589203E-05
"p32": 0.01044142247210885
"p33": 0.00475687799774575
"p34": 0.0012795399677480658
"p35": 0.0001637058488148261
"p36": 2.8225146347383805E-05
"p37": 5.645029269476761E-06
"p38": 0
"p39": 0
"p40": 0.010518571205458366
"p41": 0.004102054602486445
"p42": 0.0009558916229647316
"p43": 0.00010725555612005847
"p44": 0.007728045069913687
"p45": 0.002506392995647682
"p46": 0.0004516023415581408
"p47": 4.704191057897301E-05
"p48": 0.010125300833018151
"p49": 0.005084289695375403
"p50": 0.0015429746669903149
"p51": 0.00029730487485910944
"p52": 0.00016746920166114393
"p53": 4.1396881309496255E-05
"p54": 5.645029269476761E-06
"p55": 0
"p56": 0.013847256798026496
"p57": 0.006183188726500213
"p58": 0.0016859820751503928
"p59": 0.0002163927886632758
"p60": 0.008966188156352257
"p61": 0.003699375847930437
"p62": 0.0007903040977267465
