"p0": 0.0012381430864385698
"p1": 0.0004139688130949624
"p2": 7.150370408003898E-05
"p3": 1.1290058538953523E-05
"p4": 0.002653163756654078
"p5": 0.0009032046831162816
"p6": 0.00017499590735377957
"p7": 1.8816764231589203E-05
"p8": 0.0002427362585875007
"p9": 7.33853805031979E-05
"p10": 2.2580117077907045E-05
"p11": 5.645029269476761E-06
"p12": 0.001112070766086922
"p13": 0.00041020546024864466
"p14": 8.655711546531035E-05
"p15": 7.5267056926356815E-06
"p16": 3.387017561686057E-05
"p17": 0
"p18": 0
"p19": 0
"p20": 0.00041208713667180354
"p21": 9.408382115794603E-05
"p22": 1.1290058538953523E-05
"p23": 0
"p24": 0
"p25": 0
"p26": 0
"p27": 0
"p28": 0
"p29": 0
"p30": 0
"p31": 0
"p32": 0.00899064994985332
"p33": 0.003863081696745264
"p34": 0.0008712161839225801
"p35": 8.279376261899248E-05
"p36": 0.016391283322137358
"p37": 0.006926450913647986
"p38": 0.0018026460133862459
"p39": 0.00023709122931802397
"p40": 0.004233771952107571
"p41": 0.0017574857792304317
"p42": 0.00034811013828440026
"p43": 1.1290058538953523E-05
"p44": 0.005846368646754765
"p45": 0.0021714545923253938
"p46": 0.00037257193178546626
"p47": 1.8816764231589207E-05
"p48": 0.004632687353817262
"p49": 0.0017593674556535903
"p50": 0.0003951520488633732
"p51": 6.209532196424438E-05
"p52": 0.009965358337049644
"p53": 0.004036195927675883
"p54": 0.0010593838262384723
"p55": 0.00016746920166114393
"p56": 0.0009916434750047508
"p57": 0.00032741169762965207
"p58": 8.279376261899248E-05
"p59": 1.8816764231589204E-06
"p60": 0.0012343797335922515
"p61": 0.0005005259285602729
"p62": 7.526705692635681E-05
