"p0": 1.1290058538953523E-05
"p1": 0
"p2": 0
"p3": 0
"p4": 0
"p5": 0
"p6": 0
"p7": 0
"p8": 0.00029165984558963265
"p9": 8.27937626189925E-05
"p10": 1.1290058538953523E-05
"p11": 0
"p12": 3.7633528463178407E-05
"p13": 7.5267056926356815E-06
"p14": 0
"p15": 0
"p16": 0.0003180033155138575
"p17": 3.7633528463178407E-05
"p18": 3.7633528463178407E-06
"p19": 0
"p20": 0
"p21": 0
"p22": 0
"p23": 0
"p24": 0.000848636066844673
"p25": 0.0002276828472022294
"p26": 2.0698440654748128E-05
"p27": 0
"p28": 0.00019757602443168663
"p29": 2.8225146347383808E-05
"p30": 0
"p31": 0
"p32": 0.0001580608195453493
"p33": 2.4461793501065966E-05
"p34": 1.8816764231589204E-06
"p35": 0
"p36": 0
"p37": 0
"p38": 0
"p39": 0
"p40": 0.002758537636350977
"p41": 0.0009558916229647314
"p42": 0.00017123255450746173
"p43": 1.1290058538953523E-05
"p44": 0.00039327037244021434
"p45": 6.209532196424436E-05
"p46": 1.8816764231589204E-06
"p47": 0
"p48": 0.0006736401594908936
"p49": 0.00017687758377693853
"p50": 2.6343469924224884E-05
"p51": 0
"p52": 5.080526342529085E-05
"p53": 5.645029269476761E-06
"p54": 0
"p55": 0
"p56": 0.00783906397888006
"p57": 0.002978693777860571
"p58": 0.0005870830440255832
"p59": 3.575185204001948E-05
"p60": 0.0019512984508158007
"p61": 0.0005720296326403118
"p62": 7.714873334951574E-05
