"p0": 0
"p1": 0
"p2": 0
"p3": 0
"p4": 7.5267056926356815E-06
"p5": 0
"p6": 0
"p7": 0
"p8": 0.0003481101382844003
"p9": 7.33853805031979E-05
"p10": 5.645029269476761E-06
"p11": 0
"p12": 0.0006171898667961258
"p13": 0.00018628596589273307
"p14": 2.0698440654748124E-05
"p15": 0
"p16": 2.6343469924224887E-05
"p17": 0
"p18": 0
"p19": 0
"p20": 0.0001505341138527136
"p21": 1.8816764231589203E-05
"p22": 0
"p23": 0
"p24": 0.0003970337252865322
"p25": 0.00010537387969689955
"p26": 1.1290058538953523E-05
"p27": 0
"p28": 0.0004158504895181214
"p29": 0.0001279539967748066
"p30": 2.2580117077907045E-05
"p31": 0
"p32": 0.0001373623788906012
"p33": 2.2580117077907045E-05
"p34": 0
"p35": 0
"p36": 0.00011478226181269412
"p37": 1.5053411385271363E-05
"p38": 0
"p39": 0
"p40": 0.0034848647356903206
"p41": 0.0009784717400426386
"p42": 0.00013548070246744226
"p43": 7.5267056926356815E-06
"p44": 0.0024781678493002984
"p45": 0.000874979536768898
"p46": 0.00016182417239166713
"p47": 7.5267056926356815E-06
"p48": 0.0005964914261413777
"p49": 0.00014112573173691902
"p50": 1.5053411385271363E-05
"p51": 0
"p52": 0.00024838128785697745
"p53": 2.2580117077907045E-05
"p54": 0
"p55": 0
"p56": 0.0055490637718956575
"p57": 0.0017461957206914781
"p58": 0.0002784881106275202
"p59": 3.0106822770542726E-05
"p60": 0.003930822047978984
"p61": 0.0014093756409460313
"p62": 0.0002747247577812024
