"p0": 0.00015053411385271363
"p1": 2.6343469924224887E-05
"p2": 1.8816764231589204E-06
"p3": 0
"p4": 0.0001279539967748066
"p5": 2.0698440654748128E-05
"p6": 1.8816764231589204E-06
"p7": 0
"p8": 0.0014263107287544618
"p9": 0.0004271405480570749
"p10": 7.714873334951573E-05
"p11": 5.645029269476761E-06
"p12": 0.0014564175515250043
"p13": 0.0005343961041771334
"p14": 8.843879188846925E-05
"p15": 5.645029269476761E-06
"p16": 0.0011177157953563984
"p17": 0.0002784881106275202
"p18": 2.0698440654748124E-05
"p19": 1.8816764231589204E-06
"p20": 0.00073197212860882
"p21": 0.00017499590735377962
"p22": 2.6343469924224884E-05
"p23": 0
"p24": 0.004416294565153986
"p25": 0.0015185128734892487
"p26": 0.00026343469924224885
"p27": 1.6935087808430282E-05
"p28": 0.004126516395987513
"p29": 0.0015918982539924464
"p30": 0.0003330567268991289
"p31": 1.8816764231589203E-05
"p32": 1.6935087808430286E-05
"p33": 0
"p34": 0
"p35": 0
"p36": 3.010682277054273E-05
"p37": 3.7633528463178407E-06
"p38": 0
"p39": 0
"p40": 0.00025402631712645424
"p41": 7.526705692635681E-05
"p42": 1.3171734962112444E-05
"p43": 0
"p44": 0.0003349384033222878
"p45": 9.972885042742278E-05
"p46": 1.8816764231589203E-05
"p47": 0
"p48": 0.00013171734962112442
"p49": 2.4461793501065963E-05
"p50": 0
"p51": 0
"p52": 0.00031988499193701646
"p53": 0.00011854561465901196
"p54": 1.8816764231589203E-05
"p55": 0
"p56": 0.0009389565351563011
"p57": 0.00022768284720222937
"p58": 2.6343469924224887E-05
"p59": 0
"p60": 0.0017160888979209357
"p61": 0.0006209532196424437
"p62": 8.27937626189925E-05
