"p0": 7.714873334951574E-05
"p1": 1.5053411385271363E-05
"p2": 1.8816764231589204E-06
"p3": 0
"p4": 0
"p5": 0
"p6": 0
"p7": 0
"p8": 7.5267056926356815E-06
"p9": 0
"p10": 0
"p11": 0
"p12": 1.5053411385271363E-05
"p13": 1.8816764231589204E-06
"p14": 0
"p15": 0
"p16": 0.0003612818732465127
"p17": 7.526705692635681E-05
"p18": 5.645029269476761E-06
"p19": 0
"p20": 5.645029269476761E-06
"p21": 0
"p22": 0
"p23": 0
"p24": 0.00010537387969689954
"p25": 2.2580117077907045E-05
"p26": 0
"p27": 0
"p28": 0.00016558752523798497
"p29": 3.951520488633733E-05
"p30": 0
"p31": 0
"p32": 0.0003857436667475786
"p33": 0.0001016105268505817
"p34": 9.408382115794602E-06
"p35": 0
"p36": 0
"p37": 0
"p38": 0
"p39": 0
"p40": 0.00021262943581695803
"p41": 5.456861627160869E-05
"p42": 5.645029269476761E-06
"p43": 0
"p44": 8.27937626189925E-05
"p45": 1.6935087808430286E-05
"p46": 0
"p47": 0
"p48": 0.0015655547840682214
"p49": 0.0004911175464444782
"p50": 7.338538050319788E-05
"p51": 0
"p52": 5.645029269476761E-06
"p53": 0
"p54": 0
"p55": 0
"p56": 0.001433837434447097
"p57": 0.0004290222244802338
"p58": 4.139688130949625E-05
"p59": 0
"p60": 0.0007827773920341108
"p61": 0.00020133937727800447
"p62": 1.3171734962112442E-05
