"p0": 0.00012607232035164766
"p1": 2.2580117077907045E-05
"p2": 0
"p3": 0
"p4": 9.972885042742277E-05
"p5": 1.5053411385271363E-05
"p6": 0
"p7": 0
"p8": 0.0028695565453173534
"p9": 0.0008448727139983553
"p10": 0.00012419064392848873
"p11": 7.5267056926356815E-06
"p12": 0.0019080198930831447
"p13": 0.0007037469822614364
"p14": 0.00014300740816007796
"p15": 7.5267056926356815E-06
"p16": 0.0005946097497182188
"p17": 0.00014112573173691902
"p18": 1.5053411385271363E-05
"p19": 0
"p20": 0.0002559079935496132
"p21": 2.2580117077907045E-05
"p22": 0
"p23": 0
"p24": 0.004470863181425595
"p25": 0.001462062580794481
"p26": 0.00024085458216434178
"p27": 3.0106822770542726E-05
"p28": 0.0026174119046140578
"p29": 0.000969063357926844
"p30": 0.00019945770085484554
"p31": 3.0106822770542726E-05
"p32": 1.1290058538953523E-05
"p33": 0
"p34": 0
"p35": 0
"p36": 1.5053411385271363E-05
"p37": 0
"p38": 0
"p39": 0
"p40": 0.0008204109204972893
"p41": 0.00019193099516220987
"p42": 2.2580117077907045E-05
"p43": 0
"p44": 0.0007959491269962234
"p45": 0.0002408545821643418
"p46": 3.0106822770542726E-05
"p47": 0
"p48": 6.39769983874033E-05
"p49": 1.1290058538953523E-05
"p50": 0
"p51": 0
"p52": 0.0001956943480085277
"p53": 5.2686939848449775E-05
"p54": 7.5267056926356815E-06
"p55": 0
"p56": 0.0018986115109673502
"p57": 0.0004459573122886642
"p58": 4.516023415581409E-05
"p59": 0
"p60": 0.002131939387439056
"p61": 0.0007131553643772309
"p62": 0.00010913723254321738
