"p0": 0.002069844065474812
"p1": 0.0006755218359140524
"p2": 0.00011666393823585305
"p3": 7.5267056926356815E-06
"p4": 0.00026343469924224885
"p5": 5.45686162716087E-05
"p6": 5.645029269476761E-06
"p7": 0
"p8": 0.009803534164657977
"p9": 0.004075711132562222
"p10": 0.0010066968863900224
"p11": 0.00014112573173691905
"p12": 0.005537773713356702
"p13": 0.002224141532173844
"p14": 0.0005287510749076566
"p15": 6.585867481056221E-05
"p16": 0.00020322105370116343
"p17": 5.080526342529086E-05
"p18": 0
"p19": 0
"p20": 0
"p21": 0
"p22": 0
"p23": 0
"p24": 0.0002897781691664738
"p25": 5.456861627160869E-05
"p26": 5.645029269476761E-06
"p27": 0
"p28": 1.5053411385271363E-05
"p29": 3.7633528463178407E-06
"p30": 0
"p31": 0
"p32": 0.0006679951302214168
"p33": 0.00018064093662325636
"p34": 2.4461793501065966E-05
"p35": 0
"p36": 5.645029269476761E-06
"p37": 0
"p38": 0
"p39": 0
"p40": 0.0059084639687190105
"p41": 0.0021300577110158984
"p42": 0.00045912904725077655
"p43": 4.516023415581409E-05
"p44": 0.0014601809043713221
"p45": 0.0005268693984844978
"p46": 0.0001373623788906012
"p47": 1.8816764231589207E-05
"p48": 0.0015956616068387643
"p49": 0.0005099343106760674
"p50": 8.27937626189925E-05
"p51": 1.3171734962112444E-05
"p52": 1.1290058538953523E-05
"p53": 0
"p54": 0
"p55": 0
"p56": 0.009404618762948284
"p57": 0.00346792964788189
"p58": 0.0007394988343014556
"p59": 8.655711546531033E-05
"p60": 0.002419835880182372
"p61": 0.000803475832688859
"p62": 0.0001467707610063958
