"p0": 1.5053411385271363E-05
"p1": 3.7633528463178407E-06
"p2": 0
"p3": 0
"p4": 1.6935087808430286E-05
"p5": 1.8816764231589204E-06
"p6": 0
"p7": 0
"p8": 0.00025214464070329537
"p9": 6.021364554108545E-05
"p10": 5.645029269476761E-06
"p11": 0
"p12": 0.0003876253431707376
"p13": 0.00010349220327374062
"p14": 9.408382115794602E-06
"p15": 0
"p16": 0.00016746920166114393
"p17": 2.6343469924224887E-05
"p18": 1.8816764231589204E-06
"p19": 0
"p20": 0.0001938126715853688
"p21": 3.387017561686057E-05
"p22": 0
"p23": 0
"p24": 0.0013943222295607599
"p25": 0.0004327855773265517
"p26": 5.080526342529085E-05
"p27": 0
"p28": 0.0014752343157565934
"p29": 0.0004628924000970944
"p30": 6.774035123372113E-05
"p31": 0
"p32": 1.8816764231589204E-06
"p33": 0
"p34": 0
"p35": 0
"p36": 7.5267056926356815E-06
"p37": 0
"p38": 0
"p39": 0
"p40": 1.8816764231589207E-05
"p41": 1.8816764231589204E-06
"p42": 0
"p43": 0
"p44": 3.198849919370165E-05
"p45": 1.8816764231589204E-06
"p46": 0
"p47": 0
"p48": 1.8816764231589203E-05
"p49": 0
"p50": 0
"p51": 0
"p52": 0.00010537387969689955
"p53": 2.4461793501065963E-05
"p54": 0
"p55": 0
"p56": 0.00031047660982122185
"p57": 6.585867481056221E-05
"p58": 1.8816764231589204E-06
"p59": 0
"p60": 0.0007263270993393433
"p61": 0.0001787592602000974
"p62": 1.6935087808430282E-05
