"p0": 0.002263656737060181
"p1": 0.0008072391855351769
"p2": 0.00015617914312219037
"p3": 1.8816764231589203E-05
"p4": 0.00153356628487452
"p5": 0.0006322432781813975
"p6": 0.00014488908458323686
"p7": 1.8816764231589203E-05
"p8": 0.0017988826605399276
"p9": 0.000496762575713955
"p10": 4.704191057897301E-05
"p11": 0
"p12": 0.0008749795367688979
"p13": 0.00018064093662325636
"p14": 1.5053411385271363E-05
"p15": 0
"p16": 5.645029269476761E-06
"p17": 0
"p18": 0
"p19": 0
"p20": 6.774035123372113E-05
"p21": 3.7633528463178407E-06
"p22": 0
"p23": 0
"p24": 0
"p25": 0
"p26": 0
"p27": 0
"p28": 3.7633528463178407E-06
"p29": 3.7633528463178407E-06
"p30": 0
"p31": 0
"p32": 0.001388677200291283
"p33": 0.0003857436667475788
"p34": 6.209532196424438E-05
"p35": 1.1290058538953523E-05
"p36": 0.0012343797335922515
"p37": 0.00040267875455600894
"p38": 6.585867481056221E-05
"p39": 1.1290058538953523E-05
"p40": 0.0006585867481056222
"p41": 0.00016558752523798497
"p42": 9.408382115794602E-06
"p43": 0
"p44": 0.00026343469924224885
"p45": 5.645029269476761E-05
"p46": 0
"p47": 0
"p48": 0.003339975651107084
"p49": 0.0009803534164657976
"p50": 0.00015053411385271363
"p51": 7.5267056926356815E-06
"p52": 0.003471693000728208
"p53": 0.0012795399677480658
"p54": 0.0002408545821643418
"p55": 7.5267056926356815E-06
"p56": 0.0011948645287059142
"p57": 0.00024461793501065964
"p58": 1.5053411385271363E-05
"p59": 0
"p60": 0.0005249877220613388
"p61": 9.596549758110495E-05
"p62": 7.5267056926356815E-06
