"p0": 0.0011854561465901197
"p1": 0.0003857436667475787
"p2": 6.585867481056222E-05
"p3": 1.1290058538953523E-05
"p4": 0.0017763025434620208
"p5": 0.0006792851887603702
"p6": 0.00015241579027587253
"p7": 1.8816764231589203E-05
"p8": 0.00023709122931802397
"p9": 8.27937626189925E-05
"p10": 2.6343469924224887E-05
"p11": 5.645029269476761E-06
"p12": 0.001017986944928976
"p13": 0.0003706902553623073
"p14": 7.903040977267465E-05
"p15": 7.5267056926356815E-06
"p16": 3.951520488633733E-05
"p17": 0
"p18": 0
"p19": 0
"p20": 0.000259671346395931
"p21": 6.397699838740328E-05
"p22": 5.645029269476761E-06
"p23": 0
"p24": 0
"p25": 0
"p26": 0
"p27": 0
"p28": 0
"p29": 0
"p30": 0
"p31": 0
"p32": 0.014233000464774074
"p33": 0.0063732380452392635
"p34": 0.001729260632883048
"p35": 0.0002559079935496132
"p36": 0.01831811997945209
"p37": 0.008930436304312237
"p38": 0.0027020873436562095
"p39": 0.0004817091643286836
"p40": 0.009314298294636656
"p41": 0.003761471169894682
"p42": 0.0008674528310762624
"p43": 3.763352846317841E-05
"p44": 0.008501414079832004
"p45": 0.0031762698022922576
"p46": 0.0006115448375266493
"p47": 4.3278557732655166E-05
"p48": 0.00486037020101949
"p49": 0.0017349056621525241
"p50": 0.0003481101382844003
"p51": 3.9515204886337324E-05
"p52": 0.006593394186748857
"p53": 0.002647518727384601
"p54": 0.0005833196911792653
"p55": 5.4568616271608685E-05
"p56": 0.0018816764231589203
"p57": 0.00047794581148236586
"p58": 4.3278557732655166E-05
"p59": 1.8816764231589204E-06
"p60": 0.001159112676665895
"p61": 0.0003236483447833343
"p62": 1.3171734962112442E-05
