"p0": 0.00099352515142791
"p1": 0.00025967134639593104
"p2": 2.8225146347383805E-05
"p3": 1.8816764231589204E-06
"p4": 0
"p5": 0
"p6": 0
"p7": 0
"p8": 0.003097239392519583
"p9": 0.0010142235920826582
"p10": 0.00019757602443168658
"p11": 1.8816764231589203E-05
"p12": 0.0009370748587331425
"p13": 0.0003142399626675397
"p14": 5.456861627160869E-05
"p15": 1.1290058538953523E-05
"p16": 0
"p17": 0
"p18": 0
"p19": 0
"p20": 0
"p21": 0
"p22": 0
"p23": 0
"p24": 0.0004233771952107571
"p25": 9.408382115794603E-05
"p26": 1.1290058538953523E-05
"p27": 0
"p28": 2.2580117077907045E-05
"p29": 0
"p30": 0
"p31": 0
"p32": 0.0025082746720708404
"p33": 0.0008843879188846927
"p34": 0.00016182417239166713
"p35": 7.5267056926356815E-06
"p36": 0.00025214464070329537
"p37": 6.585867481056221E-05
"p38": 5.645029269476761E-06
"p39": 0
"p40": 0.023978202660314123
"p41": 0.010132827538710787
"p42": 0.0025402631712645425
"p43": 0.0003104766098212219
"p44": 0.007620789513793628
"p45": 0.002933533543704757
"p46": 0.0005569762212550404
"p47": 3.198849919370165E-05
"p48": 0.0005889647204487421
"p49": 0.0001580608195453493
"p50": 2.2580117077907045E-05
"p51": 0
"p52": 1.8816764231589203E-05
"p53": 0
"p54": 0
"p55": 0
"p56": 0.012695670827053236
"p57": 0.00493187390509953
"p58": 0.0012550781742469998
"p59": 0.00019757602443168663
"p60": 0.00292600683801212
"p61": 0.0011233608246258755
"p62": 0.00023897290574118285
