"p0": 0.0007752506863414752
"p1": 0.00019757602443168663
"p2": 1.8816764231589207E-05
"p3": 0
"p4": 1.6935087808430286E-05
"p5": 0
"p6": 0
"p7": 0
"p8": 0.005646910945899921
"p9": 0.0022655384134833397
"p10": 0.0005136976635223853
"p11": 6.962202765688005E-05
"p12": 0.0020039853906642503
"p13": 0.0007037469822614362
"p14": 0.0001392440553137601
"p15": 2.6343469924224887E-05
"p16": 0.002545908200534019
"p17": 0.0008147658912278124
"p18": 0.0001279539967748066
"p19": 7.5267056926356815E-06
"p20": 0.00026343469924224885
"p21": 5.45686162716087E-05
"p22": 5.645029269476761E-06
"p23": 0
"p24": 0.012372022482269904
"p25": 0.00514262166449333
"p26": 0.0012833033205943837
"p27": 0.00017875926020009743
"p28": 0.006316787752544495
"p29": 0.0025835417289971976
"p30": 0.0006341249546045561
"p31": 8.27937626189925E-05
"p32": 0.00014300740816007793
"p33": 2.2580117077907045E-05
"p34": 5.645029269476761E-06
"p35": 0
"p36": 0
"p37": 0
"p38": 0
"p39": 0
"p40": 0.0019926953321252965
"p41": 0.0006247165724887617
"p42": 0.00010725555612005844
"p43": 1.8816764231589204E-06
"p44": 0.0003274116976296521
"p45": 0.00011478226181269412
"p46": 2.4461793501065966E-05
"p47": 1.8816764231589204E-06
"p48": 0.0011497042945501003
"p49": 0.00040644210740232675
"p50": 7.150370408003898E-05
"p51": 1.3171734962112444E-05
"p52": 0
"p53": 0
"p54": 0
"p55": 0
"p56": 0.006341249546045561
"p57": 0.0022391949435591153
"p58": 0.00039515204886337327
"p59": 2.8225146347383808E-05
"p60": 0.0013040017612491318
"p61": 0.0004196138423644392
"p62": 6.585867481056221E-05
