"p0": 0.001761249132076749
"p1": 0.0006811668651835293
"p2": 0.00014300740816007796
"p3": 7.5267056926356815E-06
"p4": 0
"p5": 0
"p6": 0
"p7": 0
"p8": 0.0027510109306583415
"p9": 0.0007752506863414752
"p10": 0.00011290058538953523
"p11": 7.5267056926356815E-06
"p12": 0.0007470255399940914
"p13": 0.00013548070246744229
"p14": 1.1290058538953523E-05
"p15": 0
"p16": 0.0018722680410431256
"p17": 0.000777132362764634
"p18": 0.0001844042894695742
"p19": 3.0106822770542726E-05
"p20": 1.1290058538953523E-05
"p21": 0
"p22": 0
"p23": 0
"p24": 0.004290222244802339
"p25": 0.0013548070246744224
"p26": 0.00022203781793275258
"p27": 3.0106822770542726E-05
"p28": 0.0013096467905186083
"p29": 0.00035187349113071807
"p30": 2.6343469924224884E-05
"p31": 0
"p32": 0.0007733690099183164
"p33": 0.0002408545821643418
"p34": 3.0106822770542726E-05
"p35": 0
"p36": 0
"p37": 0
"p38": 0
"p39": 0
"p40": 0.0007018653058382774
"p41": 0.00018064093662325633
"p42": 2.2580117077907045E-05
"p43": 0
"p44": 0.00015053411385271363
"p45": 3.387017561686057E-05
"p46": 0
"p47": 0
"p48": 0.00212441268174642
"p49": 0.0007131553643772309
"p50": 0.00010913723254321738
"p51": 0
"p52": 0
"p53": 0
"p54": 0
"p55": 0
"p56": 0.0016502302231103728
"p57": 0.0003838619903244197
"p58": 5.2686939848449775E-05
"p59": 0
"p60": 0.00042149551878759814
"p61": 8.27937626189925E-05
"p62": 7.5267056926356815E-06
