"p0": 0.002030328860588475
"p1": 0.0008561627725373089
"p2": 0.00019004931873905094
"p3": 1.3171734962112444E-05
"p4": 3.387017561686057E-05
"p5": 5.645029269476761E-06
"p6": 0
"p7": 0
"p8": 0.0034679296478818907
"p9": 0.0011760477644743251
"p10": 0.0001768775837769385
"p11": 1.5053411385271365E-05
"p12": 0.001830871159733629
"p13": 0.0004610107236739355
"p14": 4.7041910578973015E-05
"p15": 1.8816764231589204E-06
"p16": 7.714873334951573E-05
"p17": 1.5053411385271363E-05
"p18": 0
"p19": 0
"p20": 2.2580117077907045E-05
"p21": 0
"p22": 0
"p23": 0
"p24": 5.645029269476761E-06
"p25": 0
"p26": 0
"p27": 0
"p28": 2.8225146347383805E-05
"p29": 5.645029269476761E-06
"p30": 0
"p31": 0
"p32": 0.001153467647396418
"p33": 0.0005080526342529085
"p34": 0.00012419064392848875
"p35": 3.7633528463178407E-06
"p36": 1.8816764231589204E-06
"p37": 0
"p38": 0
"p39": 0
"p40": 0.0012437881157080462
"p41": 0.0005099343106760674
"p42": 8.279376261899251E-05
"p43": 3.7633528463178407E-06
"p44": 0.0005381594570234513
"p45": 0.00015053411385271363
"p46": 1.6935087808430282E-05
"p47": 0
"p48": 0.002745365901388864
"p49": 0.0010217502977752939
"p50": 0.00015241579027587256
"p51": 5.645029269476761E-06
"p52": 3.7633528463178407E-06
"p53": 0
"p54": 0
"p55": 0
"p56": 0.0019193099516220985
"p57": 0.0005381594570234513
"p58": 8.27937626189925E-05
"p59": 5.645029269476761E-06
"p60": 0.0010894906490090147
"p61": 0.00022956452362538825
"p62": 2.0698440654748124E-05
