"p0": 0.0009897617985815922
"p1": 0.00033870175616860566
"p2": 6.209532196424438E-05
"p3": 0
"p4": 0.0012080362636680267
"p5": 0.0003857436667475786
"p6": 6.585867481056221E-05
"p7": 1.1290058538953523E-05
"p8": 0.008800600631114272
"p9": 0.0036485705845051464
"p10": 0.0008693345074994213
"p11": 0.000118545614659012
"p12": 0.010018045276898096
"p13": 0.004723007822128889
"p14": 0.001296475055556496
"p15": 0.000190049318739051
"p16": 0.002177099621594871
"p17": 0.0008862695953078515
"p18": 0.00019004931873905096
"p19": 1.3171734962112444E-05
"p20": 0.0019061382166599863
"p21": 0.0007018653058382773
"p22": 0.00015241579027587256
"p23": 1.8816764231589203E-05
"p24": 0.01261287706443424
"p25": 0.0057184146499799585
"p26": 0.0015128678442197718
"p27": 0.000190049318739051
"p28": 0.011532794797541024
"p29": 0.005799326736175793
"p30": 0.001780065896308339
"p31": 0.00034622846186124144
"p32": 0.00011290058538953522
"p33": 3.387017561686057E-05
"p34": 5.645029269476761E-06
"p35": 0
"p36": 0.00023709122931802392
"p37": 8.27937626189925E-05
"p38": 2.6343469924224887E-05
"p39": 5.645029269476761E-06
"p40": 0.004506615033465613
"p41": 0.0015260395791818842
"p42": 0.00026343469924224885
"p43": 1.1290058538953523E-05
"p44": 0.007092038438885974
"p45": 0.00289213666239526
"p46": 0.0006585867481056222
"p47": 2.8225146347383808E-05
"p48": 0.00033117505047597004
"p49": 0.00010913723254321738
"p50": 1.1290058538953523E-05
"p51": 0
"p52": 0.001017986944928976
"p53": 0.0003706902553623073
"p54": 7.903040977267465E-05
"p55": 7.5267056926356815E-06
"p56": 0.003861200020322104
"p57": 0.0011666393823585306
"p58": 0.00016935087808430286
"p59": 1.1290058538953523E-05
"p60": 0.005908463968719012
"p61": 0.002355858881794968
"p62": 0.00045724737082761767
