"p0": 0.005564117183280927
"p1": 0.002624938610306694
"p2": 0.0006567050716824632
"p3": 6.962202765688005E-05
"p4": 3.9515204886337324E-05
"p5": 5.645029269476761E-06
"p6": 0
"p7": 0
"p8": 0.003942112106517938
"p9": 0.0014677076100639579
"p10": 0.00026907972851172564
"p11": 1.8816764231589203E-05
"p12": 0.006081578199649632
"p13": 0.002150756151670646
"p14": 0.00044031228301918735
"p15": 5.645029269476761E-05
"p16": 0.00838475014159615
"p17": 0.004143451483795942
"p18": 0.0012494331449775231
"p19": 0.00019569434800852773
"p20": 0.0004290222244802339
"p21": 9.596549758110495E-05
"p22": 5.645029269476761E-06
"p23": 0
"p24": 0.00931053494179034
"p25": 0.003400189296648169
"p26": 0.0006661134537982578
"p27": 4.704191057897301E-05
"p28": 0.012351324041615153
"p29": 0.004960099051446914
"p30": 0.0011967462051290735
"p31": 0.00016935087808430286
"p32": 0.003123582862443807
"p33": 0.0013566887010975819
"p34": 0.00029165984558963265
"p35": 1.1290058538953523E-05
"p36": 0
"p37": 0
"p38": 0
"p39": 0
"p40": 0.0012419064392848872
"p41": 0.0004666557529434123
"p42": 7.150370408003898E-05
"p43": 1.8816764231589204E-06
"p44": 0.0013642154067902176
"p45": 0.0004384306065960284
"p46": 0.00010349220327374062
"p47": 3.7633528463178407E-06
"p48": 0.004420057918000304
"p49": 0.0017875926020009742
"p50": 0.0003349384033222878
"p51": 1.8816764231589207E-05
"p52": 4.327855773265517E-05
"p53": 1.6935087808430282E-05
"p54": 0
"p55": 0
"p56": 0.00158625322472297
"p57": 0.0005042892814065906
"p58": 6.585867481056221E-05
"p59": 1.8816764231589204E-06
"p60": 0.002259893384213863
"p61": 0.0008185292440741305
"p62": 0.00013171734962112442
