"p0": 0.0011854561465901195
"p1": 0.0003857436667475786
"p2": 6.585867481056221E-05
"p3": 1.1290058538953523E-05
"p4": 3.951520488633733E-05
"p5": 0
"p6": 0
"p7": 0
"p8": 0.014233000464774078
"p9": 0.0063732380452392635
"p10": 0.0017292606328830479
"p11": 0.0002559079935496132
"p12": 0.004860370201019491
"p13": 0.0017349056621525243
"p14": 0.0003481101382844003
"p15": 3.9515204886337324E-05
"p16": 0.0017763025434620206
"p17": 0.0006792851887603702
"p18": 0.00015241579027587256
"p19": 1.8816764231589203E-05
"p20": 0.000259671346395931
"p21": 6.39769983874033E-05
"p22": 5.645029269476761E-06
"p23": 0
"p24": 0.01831811997945209
"p25": 0.008930436304312235
"p26": 0.0027020873436562095
"p27": 0.00048170916432868367
"p28": 0.006593394186748857
"p29": 0.002647518727384601
"p30": 0.0005833196911792654
"p31": 5.456861627160869E-05
"p32": 0.00023709122931802392
"p33": 8.27937626189925E-05
"p34": 2.6343469924224887E-05
"p35": 5.645029269476761E-06
"p36": 0
"p37": 0
"p38": 0
"p39": 0
"p40": 0.009314298294636657
"p41": 0.003761471169894682
"p42": 0.0008674528310762623
"p43": 3.763352846317841E-05
"p44": 0.0018816764231589205
"p45": 0.0004779458114823658
"p46": 4.3278557732655166E-05
"p47": 1.8816764231589204E-06
"p48": 0.001017986944928976
"p49": 0.0003706902553623073
"p50": 7.903040977267465E-05
"p51": 7.5267056926356815E-06
"p52": 0
"p53": 0
"p54": 0
"p55": 0
"p56": 0.008501414079832008
"p57": 0.003176269802292257
"p58": 0.0006115448375266492
"p59": 4.3278557732655166E-05
"p60": 0.001159112676665895
"p61": 0.00032364834478333437
"p62": 1.3171734962112442E-05
