"p0": 0.0009351931823099833
"p1": 0.0003104766098212218
"p2": 4.7041910578973015E-05
"p3": 0
"p4": 0.0026494004038077595
"p5": 0.000918258094501553
"p6": 0.00016370584881482606
"p7": 1.3171734962112444E-05
"p8": 8.279376261899247E-05
"p9": 2.4461793501065963E-05
"p10": 5.645029269476761E-06
"p11": 0
"p12": 0.00033682007974544673
"p13": 0.00011478226181269415
"p14": 1.1290058538953523E-05
"p15": 0
"p16": 0.0012720132620554305
"p17": 0.0004139688130949624
"p18": 7.150370408003898E-05
"p19": 1.1290058538953523E-05
"p20": 0.0029805754542837305
"p21": 0.0009859984457352743
"p22": 0.0001862859658927331
"p23": 1.8816764231589203E-05
"p24": 0.0002427362585875007
"p25": 7.33853805031979E-05
"p26": 2.2580117077907045E-05
"p27": 5.645029269476761E-06
"p28": 0.001112070766086922
"p29": 0.00041020546024864466
"p30": 8.655711546531035E-05
"p31": 7.5267056926356815E-06
"p32": 0.00519154525149546
"p33": 0.00200398539066425
"p34": 0.00041961384236443916
"p35": 5.6450292694767596E-05
"p36": 0.011107535925907108
"p37": 0.004395596124499238
"p38": 0.0010048152099668634
"p39": 0.0001373623788906012
"p40": 0.0016163600474935124
"p41": 0.0005456861627160869
"p42": 0.0001034922032737406
"p43": 1.8816764231589204E-06
"p44": 0.002333278764717061
"p45": 0.0006717584830677345
"p46": 9.220214473478709E-05
"p47": 5.645029269476761E-06
"p48": 0.008565391078219405
"p49": 0.003917650313016872
"p50": 0.0009370748587331423
"p51": 0.0001016105268505817
"p52": 0.014793740038875434
"p53": 0.006758981711986843
"p54": 0.0018722680410431256
"p55": 0.0002671980520885667
"p56": 0.004055012691907473
"p57": 0.001676573693034598
"p58": 0.0003387017561686057
"p59": 1.1290058538953523E-05
"p60": 0.004903648758752146
"p61": 0.0020021037142410915
"p62": 0.0003575185204001949
