"p0": 0.006821077033951087
"p1": 0.003324922239721812
"p2": 0.0009765900636194797
"p3": 0.00015241579027587256
"p4": 2.8225146347383805E-05
"p5": 5.645029269476761E-06
"p6": 0
"p7": 0
"p8": 0.007801430450416884
"p9": 0.003212021654332277
"p10": 0.0008166475676509714
"p11": 0.00010349220327374063
"p12": 0.006021364554108545
"p13": 0.002028447184165316
"p14": 0.00038386199032441974
"p15": 3.951520488633733E-05
"p16": 0.006945267677879575
"p17": 0.0037050208771999145
"p18": 0.0012324980571690929
"p19": 0.00026907972851172564
"p20": 0.0002295645236253883
"p21": 5.833196911792653E-05
"p22": 5.645029269476761E-06
"p23": 0
"p24": 0.012437881157080465
"p25": 0.005789918354059999
"p26": 0.0016539935759566913
"p27": 0.0002163927886632758
"p28": 0.008093090296006517
"p29": 0.0032458918299491375
"p30": 0.0006830485416066881
"p31": 5.833196911792653E-05
"p32": 0.005639384240207284
"p33": 0.002385965704565511
"p34": 0.000568266279793994
"p35": 2.8225146347383808E-05
"p36": 0
"p37": 0
"p38": 0
"p39": 0
"p40": 0.003829211521128404
"p41": 0.0014526541986786868
"p42": 0.0003104766098212218
"p43": 1.1290058538953523E-05
"p44": 0.002237313267135956
"p45": 0.0006322432781813972
"p46": 6.774035123372113E-05
"p47": 3.7633528463178407E-06
"p48": 0.005362777806002923
"p49": 0.0021432294459780106
"p50": 0.00043466725374971066
"p51": 3.198849919370165E-05
"p52": 3.575185204001949E-05
"p53": 1.1290058538953523E-05
"p54": 0
"p55": 0
"p56": 0.0031499263323680315
"p57": 0.0010744372376237435
"p58": 0.00019569434800852773
"p59": 1.3171734962112444E-05
"p60": 0.0020510273012432226
"p61": 0.0006792851887603702
"p62": 7.903040977267465E-05
