"p0": 0.00017687758377693853
"p1": 4.3278557732655166E-05
"p2": 0
"p3": 0
"p4": 0
"p5": 0
"p6": 0
"p7": 0
"p8": 0.0026080035224982636
"p9": 0.0009841167693121153
"p10": 0.00019757602443168663
"p11": 1.3171734962112444E-05
"p12": 0.0006397699838740329
"p13": 0.00023709122931802392
"p14": 4.516023415581409E-05
"p15": 0
"p16": 0.0008994413302699639
"p17": 0.00024461793501065964
"p18": 2.8225146347383805E-05
"p19": 1.8816764231589204E-06
"p20": 0
"p21": 0
"p22": 0
"p23": 0
"p24": 0.002551553229803496
"p25": 0.0008523994196909909
"p26": 0.0001749959073537796
"p27": 1.8816764231589203E-05
"p28": 0.0007188003936467076
"p29": 0.0002615530228190899
"p30": 4.892358700213194E-05
"p31": 1.1290058538953523E-05
"p32": 0.0012550781742469998
"p33": 0.00038386199032441974
"p34": 6.774035123372114E-05
"p35": 1.1290058538953523E-05
"p36": 3.951520488633733E-05
"p37": 0
"p38": 0
"p39": 0
"p40": 0.02044629601404483
"p41": 0.008648184840838399
"p42": 0.0021714545923253946
"p43": 0.00027096140493488457
"p44": 0.006388291456624534
"p45": 0.002190271356556983
"p46": 0.00042149551878759814
"p47": 4.704191057897301E-05
"p48": 0.0017198522507672531
"p49": 0.0006830485416066882
"p50": 0.0001561791431221904
"p51": 1.8816764231589203E-05
"p52": 0.000259671346395931
"p53": 6.39769983874033E-05
"p54": 5.645029269476761E-06
"p55": 0
"p56": 0.022954570686115672
"p57": 0.010721792259159531
"p58": 0.003044552452671134
"p59": 0.0005099343106760674
"p60": 0.007458965341401962
"p61": 0.0031141744803280134
"p62": 0.0006849302180298472
