"p0": 0.00047982748790552474
"p1": 0.00011854561465901201
"p2": 1.5053411385271363E-05
"p3": 0
"p4": 5.080526342529085E-05
"p5": 5.645029269476761E-06
"p6": 0
"p7": 0
"p8": 0.005184018545802827
"p9": 0.0018797947467357615
"p10": 0.0003669269025159894
"p11": 2.8225146347383808E-05
"p12": 0.0013529253482512636
"p13": 0.00037069025536230727
"p14": 4.327855773265517E-05
"p15": 1.8816764231589204E-06
"p16": 6.774035123372114E-05
"p17": 0
"p18": 0
"p19": 0
"p20": 0
"p21": 0
"p22": 0
"p23": 0
"p24": 8.27937626189925E-05
"p25": 1.5053411385271363E-05
"p26": 0
"p27": 0
"p28": 3.7633528463178407E-06
"p29": 0
"p30": 0
"p31": 0
"p32": 0.0002464996114338186
"p33": 6.962202765688006E-05
"p34": 1.3171734962112442E-05
"p35": 0
"p36": 0
"p37": 0
"p38": 0
"p39": 0
"p40": 0.002359622234641286
"p41": 0.0009427198880026192
"p42": 0.00021074775939379907
"p43": 7.5267056926356815E-06
"p44": 0.0005701479562171529
"p45": 0.0001486524374295547
"p46": 2.446179350106597E-05
"p47": 0
"p48": 0.00041585048951812135
"p49": 0.0001298356731979655
"p50": 1.8816764231589203E-05
"p51": 0
"p52": 0
"p53": 0
"p54": 0
"p55": 0
"p56": 0.004341027508227628
"p57": 0.0014488908458323688
"p58": 0.0002239194943559115
"p59": 1.1290058538953523E-05
"p60": 0.0004459573122886642
"p61": 6.962202765688005E-05
"p62": 0
