"p0": 0.00034999181470755914
"p1": 5.833196911792653E-05
"p2": 0
"p3": 0
"p4": 0
"p5": 0
"p6": 0
"p7": 0
"p8": 7.338538050319788E-05
"p9": 9.408382115794602E-06
"p10": 0
"p11": 0
"p12": 0.00010349220327374062
"p13": 1.5053411385271363E-05
"p14": 0
"p15": 0
"p16": 0.0004271405480570749
"p17": 0.00010537387969689954
"p18": 1.1290058538953523E-05
"p19": 0
"p20": 3.7633528463178407E-06
"p21": 0
"p22": 0
"p23": 0
"p24": 0.00020133937727800444
"p25": 2.0698440654748124E-05
"p26": 0
"p27": 0
"p28": 0.0002464996114338185
"p29": 6.209532196424438E-05
"p30": 0
"p31": 0
"p32": 0.001066910531931108
"p33": 0.0002766064342043613
"p34": 3.0106822770542726E-05
"p35": 0
"p36": 0
"p37": 0
"p38": 0
"p39": 0
"p40": 0.0008825062424615337
"p41": 0.00018628596589273313
"p42": 1.8816764231589203E-05
"p43": 0
"p44": 0.0002314462000485472
"p45": 3.198849919370165E-05
"p46": 0
"p47": 0
"p48": 0.002171454592325394
"p49": 0.000641651660297192
"p50": 8.655711546531033E-05
"p51": 1.1290058538953523E-05
"p52": 5.645029269476761E-06
"p53": 0
"p54": 0
"p55": 0
"p56": 0.0019550618036621183
"p57": 0.0004892358700213193
"p58": 6.585867481056221E-05
"p59": 1.1290058538953523E-05
"p60": 0.0009370748587331423
"p61": 0.00022015614150959367
"p62": 1.3171734962112442E-05
