"p0": 0.0007752506863414753
"p1": 0.0001975760244316866
"p2": 1.8816764231589203E-05
"p3": 0
"p4": 0.002545908200534019
"p5": 0.0008147658912278124
"p6": 0.0001279539967748066
"p7": 7.5267056926356815E-06
"p8": 0.00014300740816007796
"p9": 2.2580117077907045E-05
"p10": 5.645029269476761E-06
"p11": 0
"p12": 0.0011497042945501003
"p13": 0.00040644210740232675
"p14": 7.150370408003898E-05
"p15": 1.3171734962112444E-05
"p16": 1.6935087808430286E-05
"p17": 0
"p18": 0
"p19": 0
"p20": 0.00026343469924224885
"p21": 5.456861627160869E-05
"p22": 5.645029269476761E-06
"p23": 0
"p24": 0
"p25": 0
"p26": 0
"p27": 0
"p28": 0
"p29": 0
"p30": 0
"p31": 0
"p32": 0.005646910945899919
"p33": 0.00226553841348334
"p34": 0.0005136976635223853
"p35": 6.962202765688005E-05
"p36": 0.012372022482269904
"p37": 0.00514262166449333
"p38": 0.0012833033205943837
"p39": 0.00017875926020009743
"p40": 0.0019926953321252965
"p41": 0.0006247165724887617
"p42": 0.00010725555612005845
"p43": 1.8816764231589204E-06
"p44": 0.006341249546045562
"p45": 0.0022391949435591153
"p46": 0.00039515204886337327
"p47": 2.8225146347383808E-05
"p48": 0.0020039853906642503
"p49": 0.0007037469822614362
"p50": 0.0001392440553137601
"p51": 2.6343469924224887E-05
"p52": 0.006316787752544496
"p53": 0.002583541728997197
"p54": 0.0006341249546045562
"p55": 8.27937626189925E-05
"p56": 0.0003274116976296521
"p57": 0.00011478226181269412
"p58": 2.4461793501065966E-05
"p59": 1.8816764231589204E-06
"p60": 0.0013040017612491318
"p61": 0.0004196138423644392
"p62": 6.585867481056221E-05
