"p0": 0.004105817955332764
"p1": 0.0017010354865356642
"p2": 0.00039327037244021434
"p3": 5.4568616271608685E-05
"p4": 2.6343469924224884E-05
"p5": 5.645029269476761E-06
"p6": 0
"p7": 0
"p8": 0.0016709286637651213
"p9": 0.0006153081903729668
"p10": 0.0001373623788906012
"p11": 1.5053411385271365E-05
"p12": 0.0029786937778605704
"p13": 0.0009803534164657976
"p14": 0.00017311423093062064
"p15": 3.198849919370165E-05
"p16": 0.007773205304069502
"p17": 0.0034227694137260764
"p18": 0.000903204683116282
"p19": 0.00013548070246744226
"p20": 0.0003518734911307181
"p21": 6.962202765688006E-05
"p22": 5.645029269476761E-06
"p23": 0
"p24": 0.005221652074266004
"p25": 0.0019400083922768469
"p26": 0.00044031228301918735
"p27": 4.3278557732655166E-05
"p28": 0.008446845463560393
"p29": 0.0032872887112586333
"p30": 0.0007169187172235485
"p31": 8.46754390421514E-05
"p32": 0.0015222762263355665
"p33": 0.00048359084075184255
"p34": 8.655711546531033E-05
"p35": 1.8816764231589204E-06
"p36": 0
"p37": 0
"p38": 0
"p39": 0
"p40": 0.0005061709578297496
"p41": 0.00016370584881482606
"p42": 3.0106822770542722E-05
"p43": 1.8816764231589204E-06
"p44": 0.0005136976635223853
"p45": 0.0001768775837769385
"p46": 4.516023415581409E-05
"p47": 3.7633528463178407E-06
"p48": 0.0051557933994554415
"p49": 0.0019117832459294632
"p50": 0.0003631635496696717
"p51": 2.8225146347383808E-05
"p52": 6.585867481056221E-05
"p53": 1.6935087808430282E-05
"p54": 0
"p55": 0
"p56": 0.001367978759636535
"p57": 0.00042714054805707494
"p58": 5.8331969117926534E-05
"p59": 1.8816764231589204E-06
"p60": 0.002365267263910762
"p61": 0.0007827773920341111
"p62": 0.00011101890896637629
