"p0": 0.0018685046881968077
"p1": 0.0007319721286088201
"p2": 0.00015241579027587253
"p3": 3.198849919370165E-05
"p4": 0.005069236283990132
"p5": 0.002128176034592739
"p6": 0.000496762575713955
"p7": 6.774035123372113E-05
"p8": 0.0003857436667475786
"p9": 0.00012607232035164766
"p10": 2.634346992422489E-05
"p11": 1.8816764231589204E-06
"p12": 0.0017612491320767496
"p13": 0.0005249877220613388
"p14": 6.774035123372114E-05
"p15": 5.645029269476761E-06
"p16": 0.005069236283990131
"p17": 0.0021281760345927387
"p18": 0.000496762575713955
"p19": 6.774035123372113E-05
"p20": 0.009863747810199063
"p21": 0.004354199243189742
"p22": 0.001160994353089054
"p23": 0.00017123255450746176
"p24": 0.0019324816865842111
"p25": 0.000615308190372967
"p26": 0.00010725555612005845
"p27": 1.8816764231589204E-06
"p28": 0.005797445059752634
"p29": 0.0021451111224011694
"p30": 0.0003876253431707376
"p31": 2.8225146347383808E-05
"p32": 0.0003857436667475786
"p33": 0.00012607232035164766
"p34": 2.6343469924224887E-05
"p35": 1.8816764231589204E-06
"p36": 0.001932481686584211
"p37": 0.000615308190372967
"p38": 0.00010725555612005844
"p39": 1.8816764231589204E-06
"p40": 6.962202765688005E-05
"p41": 3.575185204001949E-05
"p42": 9.408382115794602E-06
"p43": 1.8816764231589204E-06
"p44": 0.00024838128785697745
"p45": 8.843879188846926E-05
"p46": 2.0698440654748124E-05
"p47": 1.8816764231589204E-06
"p48": 0.0017612491320767496
"p49": 0.0005249877220613389
"p50": 6.774035123372113E-05
"p51": 5.645029269476761E-06
"p52": 0.005797445059752634
"p53": 0.0021451111224011694
"p54": 0.0003876253431707376
"p55": 2.8225146347383808E-05
"p56": 0.00024838128785697745
"p57": 8.843879188846926E-05
"p58": 2.0698440654748124E-05
"p59": 1.8816764231589204E-06
"p60": 0.001492169403565024
"p61": 0.0005061709578297496
"p62": 6.774035123372113E-05
