"p0": 0.002069844065474812
"p1": 0.0006755218359140525
"p2": 0.00011666393823585305
"p3": 7.5267056926356815E-06
"p4": 0.001761249132076749
"p5": 0.0006811668651835293
"p6": 0.00014300740816007796
"p7": 7.5267056926356815E-06
"p8": 0.0011497042945501003
"p9": 0.00023709122931802394
"p10": 7.5267056926356815E-06
"p11": 0
"p12": 0.0004610107236739355
"p13": 6.021364554108546E-05
"p14": 0
"p15": 0
"p16": 0.0027829994298520437
"p17": 0.0010161052685058168
"p18": 0.00019945770085484554
"p19": 3.0106822770542726E-05
"p20": 0.0018308711597336293
"p21": 0.000777132362764634
"p22": 0.0001844042894695742
"p23": 3.0106822770542726E-05
"p24": 0.0021695729159022354
"p25": 0.000636006631027715
"p26": 5.645029269476761E-05
"p27": 0
"p28": 0.0009408382115794602
"p29": 0.00022203781793275258
"p30": 1.5053411385271363E-05
"p31": 0
"p32": 0.0006811668651835292
"p33": 0.00018064093662325633
"p34": 2.2580117077907045E-05
"p35": 0
"p36": 0.0007733690099183164
"p37": 0.0002408545821643418
"p38": 3.0106822770542726E-05
"p39": 0
"p40": 0.00016746920166114387
"p41": 2.2580117077907045E-05
"p42": 0
"p43": 0
"p44": 4.139688130949625E-05
"p45": 1.1290058538953523E-05
"p46": 0
"p47": 0
"p48": 0.001669046987341962
"p49": 0.00042149551878759814
"p50": 4.516023415581409E-05
"p51": 0
"p52": 0.00210747759393799
"p53": 0.000709392011530913
"p54": 0.00010913723254321738
"p55": 0
"p56": 0.0002897781691664738
"p57": 4.8923587002131926E-05
"p58": 7.5267056926356815E-06
"p59": 0
"p60": 0.0002464996114338186
"p61": 5.080526342529086E-05
"p62": 7.5267056926356815E-06
