"p0": 0.0009521282701184137
"p1": 0.0002577896699727721
"p2": 3.0106822770542726E-05
"p3": 0
"p4": 2.8225146347383808E-05
"p5": 0
"p6": 0
"p7": 0
"p8": 0.010904314872205943
"p9": 0.0045875271196614475
"p10": 0.001160994353089054
"p11": 0.00017311423093062066
"p12": 0.0033663191210313074
"p13": 0.0011440592652806236
"p14": 0.00021074775939379904
"p15": 1.3171734962112444E-05
"p16": 0.0021206493289001034
"p17": 0.0007884224213035877
"p18": 0.00015429746669903146
"p19": 7.5267056926356815E-06
"p20": 0.00024273625858750074
"p21": 6.585867481056221E-05
"p22": 5.645029269476761E-06
"p23": 0
"p24": 0.016615202816493268
"p25": 0.007929384447191691
"p26": 0.0022128514736348905
"p27": 0.0003010682277054273
"p28": 0.005720296326403118
"p29": 0.002417954203759213
"p30": 0.0005099343106760675
"p31": 3.198849919370165E-05
"p32": 0.00019945770085484554
"p33": 5.080526342529085E-05
"p34": 1.1290058538953523E-05
"p35": 0
"p36": 0
"p37": 0
"p38": 0
"p39": 0
"p40": 0.006130501786651763
"p41": 0.0019795235971631843
"p42": 0.00029354152201279153
"p43": 1.5053411385271363E-05
"p44": 0.0011835744701669609
"p45": 0.0003010682277054273
"p46": 1.5053411385271363E-05
"p47": 0
"p48": 0.001153467647396418
"p49": 0.0004365489301728696
"p50": 8.843879188846925E-05
"p51": 1.3171734962112444E-05
"p52": 0
"p53": 0
"p54": 0
"p55": 0
"p56": 0.011643813706507399
"p57": 0.004226245246414935
"p58": 0.0008260559497667661
"p59": 6.585867481056221E-05
"p60": 0.0019023748638136682
"p61": 0.00044031228301918735
"p62": 3.575185204001949E-05
