"p0": 1.8816764231589204E-06
"p1": 0
"p2": 0
"p3": 0
"p4": 8.091208619583357E-05
"p5": 1.3171734962112444E-05
"p6": 0
"p7": 0
"p8": 0.00013359902604428333
"p9": 1.8816764231589203E-05
"p10": 0
"p11": 0
"p12": 0.0003405834325917646
"p13": 7.526705692635681E-05
"p14": 5.645029269476761E-06
"p15": 0
"p16": 0
"p17": 0
"p18": 0
"p19": 0
"p20": 0
"p21": 0
"p22": 0
"p23": 0
"p24": 0
"p25": 0
"p26": 0
"p27": 0
"p28": 3.575185204001949E-05
"p29": 3.7633528463178407E-06
"p30": 0
"p31": 0
"p32": 0.00016935087808430286
"p33": 2.6343469924224887E-05
"p34": 1.8816764231589204E-06
"p35": 0
"p36": 0.00018816764231589203
"p37": 3.387017561686057E-05
"p38": 0
"p39": 0
"p40": 0.0014056122880997135
"p41": 0.0004327855773265517
"p42": 5.080526342529085E-05
"p43": 0
"p44": 0.0014432458165628916
"p45": 0.00045348401798129986
"p46": 6.774035123372113E-05
"p47": 0
"p48": 1.3171734962112442E-05
"p49": 1.8816764231589204E-06
"p50": 0
"p51": 0
"p52": 2.0698440654748124E-05
"p53": 1.8816764231589204E-06
"p54": 0
"p55": 0
"p56": 0.00027284308135804345
"p57": 5.456861627160869E-05
"p58": 5.645029269476761E-06
"p59": 0
"p60": 0.0006943386001456416
"p61": 0.0001599424959685082
"p62": 1.8816764231589203E-05
