"p0": 0.0002935415220127916
"p1": 0.00010537387969689955
"p2": 2.2580117077907045E-05
"p3": 0
"p4": 7.5267056926356815E-06
"p5": 0
"p6": 0
"p7": 0
"p8": 0.00031612163909069865
"p9": 6.39769983874033E-05
"p10": 0
"p11": 0
"p12": 0.0002897781691664737
"p13": 0.00011666393823585303
"p14": 1.1290058538953523E-05
"p15": 0
"p16": 0.00010349220327374062
"p17": 1.5053411385271363E-05
"p18": 0
"p19": 0
"p20": 0
"p21": 0
"p22": 0
"p23": 0
"p24": 5.645029269476761E-06
"p25": 0
"p26": 0
"p27": 0
"p28": 3.7633528463178407E-06
"p29": 0
"p30": 0
"p31": 0
"p32": 0.0026249386103066926
"p33": 0.0009653000050805262
"p34": 0.00019945770085484557
"p35": 3.0106822770542726E-05
"p36": 7.5267056926356815E-06
"p37": 0
"p38": 0
"p39": 0
"p40": 0.005010904314872205
"p41": 0.0014601809043713221
"p42": 0.00022956452362538825
"p43": 3.0106822770542726E-05
"p44": 0.0016332951353019427
"p45": 0.0003838619903244198
"p46": 2.6343469924224884E-05
"p47": 0
"p48": 0.0031160561567511722
"p49": 0.0011365325595879881
"p50": 0.00022203781793275258
"p51": 7.5267056926356815E-06
"p52": 0
"p53": 0
"p54": 0
"p55": 0
"p56": 0.003148044655944873
"p57": 0.0008034758326888588
"p58": 0.00011666393823585307
"p59": 7.5267056926356815E-06
"p60": 0.0010010518571205455
"p61": 0.000259671346395931
"p62": 3.387017561686057E-05
