"p0": 0
"p1": 0
"p2": 0
"p3": 0
"p4": 0.00010349220327374062
"p5": 5.645029269476761E-06
"p6": 0
"p7": 0
"p8": 0.0002464996114338185
"p9": 6.021364554108546E-05
"p10": 5.645029269476761E-06
"p11": 0
"p12": 0.0013228185254807211
"p13": 0.00040644210740232686
"p14": 7.150370408003896E-05
"p15": 5.645029269476761E-06
"p16": 0.00010349220327374062
"p17": 5.645029269476761E-06
"p18": 0
"p19": 0
"p20": 0.0011741660880511665
"p21": 0.00033870175616860566
"p22": 2.4461793501065966E-05
"p23": 1.8816764231589204E-06
"p24": 0.0008561627725373089
"p25": 0.00020322105370116337
"p26": 1.8816764231589203E-05
"p27": 0
"p28": 0.002628701963153012
"p29": 0.0008298193026130838
"p30": 0.00013359902604428333
"p31": 7.5267056926356815E-06
"p32": 0.0002464996114338185
"p33": 6.0213645541085445E-05
"p34": 5.645029269476761E-06
"p35": 0
"p36": 0.0008561627725373088
"p37": 0.0002032210537011634
"p38": 1.8816764231589207E-05
"p39": 0
"p40": 0.0023370421175633793
"p41": 0.0008919146245773283
"p42": 0.00017123255450746176
"p43": 3.575185204001948E-05
"p44": 0.00662161933309624
"p45": 0.002621175257460376
"p46": 0.000566384603370835
"p47": 6.962202765688005E-05
"p48": 0.001322818525480721
"p49": 0.00040644210740232686
"p50": 7.150370408003896E-05
"p51": 5.645029269476761E-06
"p52": 0.0026287019631530116
"p53": 0.0008298193026130838
"p54": 0.00013359902604428335
"p55": 7.5267056926356815E-06
"p56": 0.00662161933309624
"p57": 0.002621175257460376
"p58": 0.000566384603370835
"p59": 6.962202765688005E-05
"p60": 0.014776804951067007
"p61": 0.006542588923323567
"p62": 0.0016276501060324662
