"p0": 3.9515204886337324E-05
"p1": 1.6935087808430282E-05
"p2": 0
"p3": 0
"p4": 0.00018816764231589203
"p5": 4.3278557732655166E-05
"p6": 0
"p7": 0
"p8": 0.001057502149815313
"p9": 0.00034811013828440026
"p10": 6.209532196424438E-05
"p11": 0
"p12": 0.0022410766199822733
"p13": 0.0009032046831162818
"p14": 0.00019004931873905096
"p15": 1.3171734962112444E-05
"p16": 0.000188167642315892
"p17": 4.3278557732655166E-05
"p18": 0
"p19": 0
"p20": 0.000922021447347871
"p21": 0.00024461793501065964
"p22": 2.8225146347383805E-05
"p23": 1.8816764231589204E-06
"p24": 0.0012776582913249068
"p25": 0.00038386199032441974
"p26": 6.774035123372114E-05
"p27": 1.1290058538953523E-05
"p28": 0.0018496879239652184
"p29": 0.0007056286586845952
"p30": 0.00015617914312219037
"p31": 1.8816764231589203E-05
"p32": 0.0010575021498153135
"p33": 0.0003481101382844002
"p34": 6.209532196424438E-05
"p35": 0
"p36": 0.0012776582913249068
"p37": 0.00038386199032441974
"p38": 6.774035123372114E-05
"p39": 1.1290058538953523E-05
"p40": 0.012165038075722423
"p41": 0.004762523027015227
"p42": 0.0010443304148532006
"p43": 0.00012983567319796552
"p44": 0.014750461481142783
"p45": 0.006503073718437228
"p46": 0.0016483485466872144
"p47": 0.00020133937727800452
"p48": 0.0022410766199822737
"p49": 0.0009032046831162818
"p50": 0.00019004931873905096
"p51": 1.3171734962112444E-05
"p52": 0.0018496879239652186
"p53": 0.0007056286586845952
"p54": 0.0001561791431221904
"p55": 1.8816764231589203E-05
"p56": 0.014750461481142778
"p57": 0.006503073718437229
"p58": 0.0016483485466872144
"p59": 0.0002013393772780045
"p60": 0.015196418793431447
"p61": 0.007361118167397697
"p62": 0.0020980692118221962
