"p0": 0.00012607232035164768
"p1": 2.2580117077907045E-05
"p2": 0
"p3": 0
"p4": 5.645029269476761E-06
"p5": 0
"p6": 0
"p7": 0
"p8": 0.0019531801272389595
"p9": 0.0006228348960656026
"p10": 9.972885042742278E-05
"p11": 0
"p12": 0.00037257193178546626
"p13": 9.972885042742278E-05
"p14": 1.3171734962112442E-05
"p15": 0
"p16": 1.6935087808430286E-05
"p17": 0
"p18": 0
"p19": 0
"p20": 0
"p21": 0
"p22": 0
"p23": 0
"p24": 6.774035123372113E-05
"p25": 9.408382115794602E-06
"p26": 0
"p27": 0
"p28": 0
"p29": 0
"p30": 0
"p31": 0
"p32": 5.645029269476761E-05
"p33": 1.1290058538953523E-05
"p34": 0
"p35": 0
"p36": 0
"p37": 0
"p38": 0
"p39": 0
"p40": 0.00047606413505920693
"p41": 0.00011478226181269415
"p42": 7.5267056926356815E-06
"p43": 0
"p44": 5.833196911792653E-05
"p45": 1.6935087808430286E-05
"p46": 0
"p47": 0
"p48": 0.00012419064392848873
"p49": 2.6343469924224887E-05
"p50": 0
"p51": 0
"p52": 0
"p53": 0
"p54": 0
"p55": 0
"p56": 0.0013736237889060117
"p57": 0.00031988499193701646
"p58": 3.387017561686057E-05
"p59": 0
"p60": 6.962202765688005E-05
"p61": 7.5267056926356815E-06
"p62": 0
