"p0": 0.0003725719317854663
"p1": 9.972885042742278E-05
"p2": 9.408382115794602E-06
"p3": 0
"p4": 0.0014131389937923492
"p5": 0.0005419228098697689
"p6": 8.655711546531035E-05
"p7": 5.645029269476761E-06
"p8": 5.645029269476761E-05
"p9": 1.1290058538953523E-05
"p10": 0
"p11": 0
"p12": 0.00034058343259176464
"p13": 0.0001016105268505817
"p14": 1.6935087808430286E-05
"p15": 0
"p16": 0.0009803534164657976
"p17": 0.0002577896699727721
"p18": 3.0106822770542726E-05
"p19": 0
"p20": 0.002338923793986538
"p21": 0.0008486360668446731
"p22": 0.00015994249596850823
"p23": 7.5267056926356815E-06
"p24": 0.00019945770085484557
"p25": 5.080526342529085E-05
"p26": 1.1290058538953523E-05
"p27": 0
"p28": 0.001153467647396418
"p29": 0.00043654893017286954
"p30": 8.843879188846926E-05
"p31": 1.3171734962112444E-05
"p32": 0.005112514841722786
"p33": 0.0020529089776663823
"p34": 0.0004610107236739354
"p35": 5.64502926947676E-05
"p36": 0.009048981918971247
"p37": 0.004103936278909605
"p38": 0.000967181681503685
"p39": 8.27937626189925E-05
"p40": 0.0020190388020495213
"p41": 0.0006247165724887615
"p42": 8.27937626189925E-05
"p43": 7.5267056926356815E-06
"p44": 0.004374897683844491
"p45": 0.0013378719368659926
"p46": 0.0002069844065474812
"p47": 1.5053411385271363E-05
"p48": 0.009073443712472314
"p49": 0.003874371755284217
"p50": 0.0009577732993878904
"p51": 0.00013548070246744229
"p52": 0.012434117804234153
"p53": 0.00615308190372967
"p54": 0.0017725391906157032
"p55": 0.00025026296428013644
"p56": 0.005349606071040809
"p57": 0.0017123255450746178
"p58": 0.00022768284720222934
"p59": 7.5267056926356815E-06
"p60": 0.009160000827937626
"p61": 0.003377609179570262
"p62": 0.0006491783659898276
