"p0": 0.0022636567370601813
"p1": 0.0008072391855351768
"p2": 0.00015617914312219042
"p3": 1.8816764231589203E-05
"p4": 0.00041208713667180354
"p5": 9.408382115794603E-05
"p6": 1.1290058538953523E-05
"p7": 0
"p8": 0.013322269075965159
"p9": 0.005605514064590424
"p10": 0.001420665699484985
"p11": 0.0001844042894695742
"p12": 0.008810009013230067
"p13": 0.0035751852040019484
"p14": 0.0009201397709247122
"p15": 0.00014112573173691905
"p16": 0.00019757602443168663
"p17": 3.3870175616860565E-05
"p18": 0
"p19": 0
"p20": 0
"p21": 0
"p22": 0
"p23": 0
"p24": 0.00019945770085484557
"p25": 4.327855773265517E-05
"p26": 5.645029269476761E-06
"p27": 0
"p28": 1.8816764231589203E-05
"p29": 3.7633528463178407E-06
"p30": 0
"p31": 0
"p32": 0.0009483649172720958
"p33": 0.00028601481632015586
"p34": 6.209532196424438E-05
"p35": 5.645029269476761E-06
"p36": 1.1290058538953523E-05
"p37": 0
"p38": 0
"p39": 0
"p40": 0.011459409417037826
"p41": 0.004952572345754279
"p42": 0.0012306163807459336
"p43": 0.00012983567319796552
"p44": 0.003975982282134799
"p45": 0.0014319557580239383
"p46": 0.00036316354966967166
"p47": 5.645029269476761E-05
"p48": 0.0017838292491546563
"p49": 0.0006529417188361454
"p50": 0.0001373623788906012
"p51": 1.8816764231589203E-05
"p52": 2.2580117077907045E-05
"p53": 0
"p54": 0
"p55": 0
"p56": 0.009799770811811659
"p57": 0.0035958836446566963
"p58": 0.0006228348960656026
"p59": 3.010682277054273E-05
"p60": 0.0035187349113071807
"p61": 0.0013303452311733569
"p62": 0.0002709614049348845
