"p0": 0.001283303320594384
"p1": 0.0005080526342529085
"p2": 8.655711546531033E-05
"p3": 5.645029269476761E-06
"p4": 0.0019795235971631843
"p5": 0.0007413805107246147
"p6": 0.0001486524374295547
"p7": 7.5267056926356815E-06
"p8": 0.007361118167397697
"p9": 0.0033456206803765603
"p10": 0.0007997124798425412
"p11": 7.150370408003896E-05
"p12": 0.01063335346727106
"p13": 0.005184018545802825
"p14": 0.0014771159921797528
"p15": 0.00021074775939379907
"p16": 0
"p17": 0
"p18": 0
"p19": 0
"p20": 0.0002201561415095937
"p21": 5.080526342529086E-05
"p22": 0
"p23": 0
"p24": 3.9515204886337324E-05
"p25": 5.645029269476761E-06
"p26": 0
"p27": 0
"p28": 0.00034434678543808245
"p29": 7.903040977267466E-05
"p30": 5.645029269476761E-06
"p31": 0
"p32": 0.00027096140493488457
"p33": 5.833196911792653E-05
"p34": 0
"p35": 0
"p36": 0.0007921857741499056
"p37": 0.0002088660829706401
"p38": 3.0106822770542726E-05
"p39": 0
"p40": 0.004786984820516292
"p41": 0.001748077397114637
"p42": 0.00030294990412858613
"p43": 1.8816764231589203E-05
"p44": 0.00989385463296961
"p45": 0.0036241087910040804
"p46": 0.0007131553643772308
"p47": 5.268693984844977E-05
"p48": 0.0005343961041771334
"p49": 0.0001448890845832369
"p50": 1.6935087808430286E-05
"p51": 0
"p52": 0.00158625322472297
"p53": 0.0005701479562171528
"p54": 0.0001110189089663763
"p55": 1.3171734962112444E-05
"p56": 0.00699419126488171
"p57": 0.002385965704565511
"p58": 0.0004892358700213193
"p59": 5.833196911792653E-05
"p60": 0.012966632231988122
"p61": 0.00522917877995864
"p62": 0.0012456697921312057
