"p0": 0.006821077033951088
"p1": 0.0033249222397218124
"p2": 0.0009765900636194795
"p3": 0.00015241579027587256
"p4": 0.006945267677879574
"p5": 0.0037050208771999145
"p6": 0.0012324980571690929
"p7": 0.00026907972851172564
"p8": 0.005639384240207285
"p9": 0.002385965704565511
"p10": 0.000568266279793994
"p11": 2.8225146347383808E-05
"p12": 0.005362777806002923
"p13": 0.00214322944597801
"p14": 0.00043466725374971066
"p15": 3.198849919370165E-05
"p16": 2.8225146347383805E-05
"p17": 5.645029269476761E-06
"p18": 0
"p19": 0
"p20": 0.00022956452362538827
"p21": 5.8331969117926534E-05
"p22": 5.645029269476761E-06
"p23": 0
"p24": 0
"p25": 0
"p26": 0
"p27": 0
"p28": 3.575185204001949E-05
"p29": 1.1290058538953523E-05
"p30": 0
"p31": 0
"p32": 0.0078014304504168824
"p33": 0.0032120216543322774
"p34": 0.0008166475676509714
"p35": 0.00010349220327374062
"p36": 0.012437881157080465
"p37": 0.005789918354059998
"p38": 0.0016539935759566913
"p39": 0.00021639278866327586
"p40": 0.003829211521128404
"p41": 0.0014526541986786868
"p42": 0.0003104766098212219
"p43": 1.1290058538953523E-05
"p44": 0.0031499263323680323
"p45": 0.0010744372376237435
"p46": 0.00019569434800852773
"p47": 1.3171734962112444E-05
"p48": 0.006021364554108545
"p49": 0.0020284471841653163
"p50": 0.00038386199032441974
"p51": 3.951520488633733E-05
"p52": 0.008093090296006519
"p53": 0.003245891829949138
"p54": 0.000683048541606688
"p55": 5.833196911792653E-05
"p56": 0.0022373132671359565
"p57": 0.0006322432781813972
"p58": 6.774035123372113E-05
"p59": 3.7633528463178407E-06
"p60": 0.0020510273012432226
"p61": 0.0006792851887603701
"p62": 7.903040977267465E-05
