"p0": 0.0012833033205943837
"p1": 0.0005080526342529085
"p2": 8.655711546531032E-05
"p3": 5.645029269476761E-06
"p4": 5.645029269476761E-06
"p5": 0
"p6": 0
"p7": 0
"p8": 0.0014507725222555274
"p9": 0.00042525887163391595
"p10": 6.962202765688005E-05
"p11": 5.645029269476761E-06
"p12": 0.0007432621871477736
"p13": 0.00013924405531376012
"p14": 1.5053411385271363E-05
"p15": 0
"p16": 0.0027829994298520433
"p17": 0.001226853027899616
"p18": 0.0002897781691664737
"p19": 1.6935087808430282E-05
"p20": 5.645029269476761E-05
"p21": 5.645029269476761E-06
"p22": 0
"p23": 0
"p24": 0.0043372641553813115
"p25": 0.0015693181369145395
"p26": 0.0002408545821643418
"p27": 1.8816764231589203E-05
"p28": 0.0021846263272875064
"p29": 0.0005739113090634706
"p30": 5.833196911792654E-05
"p31": 1.8816764231589204E-06
"p32": 0.0002973048748591094
"p33": 9.972885042742278E-05
"p34": 1.8816764231589203E-05
"p35": 0
"p36": 0
"p37": 0
"p38": 0
"p39": 0
"p40": 0.00024273625858750068
"p41": 7.903040977267465E-05
"p42": 1.5053411385271365E-05
"p43": 0
"p44": 9.032046831162818E-05
"p45": 1.5053411385271363E-05
"p46": 1.8816764231589204E-06
"p47": 0
"p48": 0.0017085621922283
"p49": 0.0006209532196424437
"p50": 8.27937626189925E-05
"p51": 0
"p52": 0
"p53": 0
"p54": 0
"p55": 0
"p56": 0.0007413805107246145
"p57": 0.00022580117077907047
"p58": 2.8225146347383805E-05
"p59": 0
"p60": 0.0005005259285602727
"p61": 0.00013171734962112442
"p62": 9.408382115794602E-06
