"p0": 0.0015787265190303343
"p1": 0.0006322432781813973
"p2": 0.00014488908458323686
"p3": 1.8816764231589203E-05
"p4": 0.000259671346395931
"p5": 6.39769983874033E-05
"p6": 5.645029269476761E-06
"p7": 0
"p8": 0.015448563434134737
"p9": 0.007534232398328318
"p10": 0.002273065119175976
"p11": 0.00040644210740232675
"p12": 0.006160608609422306
"p13": 0.0025346181419950656
"p14": 0.0005682662797939941
"p15": 5.456861627160869E-05
"p16": 0.00013548070246744223
"p17": 3.3870175616860565E-05
"p18": 0
"p19": 0
"p20": 0
"p21": 0
"p22": 0
"p23": 0
"p24": 0.0001844042894695742
"p25": 4.327855773265517E-05
"p26": 5.645029269476761E-06
"p27": 0
"p28": 1.1290058538953523E-05
"p29": 3.7633528463178407E-06
"p30": 0
"p31": 0
"p32": 0.0009803534164657974
"p33": 0.00028225146347383805
"p34": 5.456861627160869E-05
"p35": 5.645029269476761E-06
"p36": 1.3171734962112444E-05
"p37": 0
"p38": 0
"p39": 0
"p40": 0.01891837475843979
"p41": 0.008492005697716208
"p42": 0.0023389237939865377
"p43": 0.00029542319843595057
"p44": 0.0047041910578973015
"p45": 0.0013755054653291708
"p46": 0.00019569434800852773
"p47": 1.8816764231589203E-05
"p48": 0.0014545358751018454
"p49": 0.0005513311919855637
"p50": 0.00012419064392848873
"p51": 1.8816764231589203E-05
"p52": 2.6343469924224887E-05
"p53": 0
"p54": 0
"p55": 0
"p56": 0.013856665180142296
"p57": 0.005157675075878601
"p58": 0.0010405670620068828
"p59": 9.408382115794603E-05
"p60": 0.002777354400582566
"p61": 0.0009747083871963207
"p62": 0.00017123255450746176
