"p0": 0.006168135315114942
"p1": 0.002705850696502528
"p2": 0.0007018653058382773
"p3": 0.00010725555612005847
"p4": 0.00027848811062752024
"p5": 5.2686939848449775E-05
"p6": 5.645029269476761E-06
"p7": 0
"p8": 0.0041283980724106705
"p9": 0.0015354479612976792
"p10": 0.00034811013828440026
"p11": 3.387017561686057E-05
"p12": 0.007458965341401962
"p13": 0.0028902549859721014
"p14": 0.0006284799253350794
"p15": 7.338538050319788E-05
"p16": 0.00027848811062752024
"p17": 5.2686939848449775E-05
"p18": 5.645029269476761E-06
"p19": 0
"p20": 7.33853805031979E-05
"p21": 1.6935087808430282E-05
"p22": 0
"p23": 0
"p24": 1.1290058538953523E-05
"p25": 1.8816764231589204E-06
"p26": 0
"p27": 0
"p28": 8.091208619583358E-05
"p29": 2.0698440654748124E-05
"p30": 0
"p31": 0
"p32": 0.0041283980724106705
"p33": 0.0015354479612976792
"p34": 0.0003481101382844002
"p35": 3.3870175616860565E-05
"p36": 1.1290058538953523E-05
"p37": 1.8816764231589204E-06
"p38": 0
"p39": 0
"p40": 0.001960706832931595
"p41": 0.0006698768066445756
"p42": 0.0001373623788906012
"p43": 1.3171734962112444E-05
"p44": 0.0022260232085970022
"p45": 0.0007244454229161844
"p46": 0.00015429746669903146
"p47": 1.5053411385271365E-05
"p48": 0.00745896534140196
"p49": 0.0028902549859721014
"p50": 0.0006284799253350794
"p51": 7.33853805031979E-05
"p52": 8.091208619583358E-05
"p53": 2.0698440654748124E-05
"p54": 0
"p55": 0
"p56": 0.0022260232085970027
"p57": 0.0007244454229161844
"p58": 0.00015429746669903146
"p59": 1.5053411385271365E-05
"p60": 0.003959047194326368
"p61": 0.0013096467905186087
"p62": 0.000212629435816958
