"p0": 0.00236903061675708
"p1": 0.0008505177432678319
"p2": 0.00016370584881482606
"p3": 1.3171734962112444E-05
"p4": 0.0025910684346898334
"p5": 0.0008900329481541692
"p6": 0.0001674692016611439
"p7": 1.8816764231589203E-05
"p8": 0.009007585037661752
"p9": 0.0035563684397703593
"p10": 0.0008110025383814948
"p11": 0.0001091372325432174
"p12": 0.012208316633455075
"p13": 0.005565998859704086
"p14": 0.0015185128734892487
"p15": 0.00021639278866327586
"p16": 0
"p17": 0
"p18": 0
"p19": 0
"p20": 0.00019757602443168663
"p21": 3.3870175616860565E-05
"p22": 0
"p23": 0
"p24": 3.198849919370165E-05
"p25": 5.645029269476761E-06
"p26": 0
"p27": 0
"p28": 0.00018628596589273313
"p29": 4.1396881309496255E-05
"p30": 5.645029269476761E-06
"p31": 0
"p32": 0.0006134265139498081
"p33": 0.00016370584881482606
"p34": 1.3171734962112442E-05
"p35": 0
"p36": 0.0009596549758110493
"p37": 0.00028601481632015586
"p38": 6.209532196424438E-05
"p39": 5.645029269476761E-06
"p40": 0.005692071180055734
"p41": 0.0021357027402853744
"p42": 0.0005005259285602729
"p43": 6.774035123372113E-05
"p44": 0.010785769257546932
"p45": 0.004785103144093134
"p46": 0.0011967462051290733
"p47": 0.0001279539967748066
"p48": 0.0009446015644257781
"p49": 0.0003161216390906986
"p50": 4.516023415581409E-05
"p51": 0
"p52": 0.0018064093662325635
"p53": 0.0006529417188361454
"p54": 0.0001373623788906012
"p55": 1.8816764231589203E-05
"p56": 0.005148266693762805
"p57": 0.0015787265190303345
"p58": 0.0002502629642801364
"p59": 1.8816764231589203E-05
"p60": 0.008401685229404581
"p61": 0.0034246510901492343
"p62": 0.0006755218359140523
