"p0": 0.0009521282701184136
"p1": 0.0002577896699727721
"p2": 3.0106822770542726E-05
"p3": 0
"p4": 0.002120649328900103
"p5": 0.0007884224213035878
"p6": 0.00015429746669903146
"p7": 7.5267056926356815E-06
"p8": 0.00019945770085484557
"p9": 5.080526342529085E-05
"p10": 1.1290058538953523E-05
"p11": 0
"p12": 0.001153467647396418
"p13": 0.00043654893017286954
"p14": 8.843879188846926E-05
"p15": 1.3171734962112444E-05
"p16": 2.8225146347383808E-05
"p17": 0
"p18": 0
"p19": 0
"p20": 0.00024273625858750074
"p21": 6.585867481056221E-05
"p22": 5.645029269476761E-06
"p23": 0
"p24": 0
"p25": 0
"p26": 0
"p27": 0
"p28": 0
"p29": 0
"p30": 0
"p31": 0
"p32": 0.010904314872205943
"p33": 0.004587527119661447
"p34": 0.0011609943530890537
"p35": 0.00017311423093062066
"p36": 0.01661520281649327
"p37": 0.007929384447191691
"p38": 0.002212851473634891
"p39": 0.0003010682277054273
"p40": 0.006130501786651764
"p41": 0.0019795235971631843
"p42": 0.0002935415220127916
"p43": 1.5053411385271363E-05
"p44": 0.0116438137065074
"p45": 0.004226245246414935
"p46": 0.000826055949766766
"p47": 6.585867481056221E-05
"p48": 0.003366319121031308
"p49": 0.0011440592652806236
"p50": 0.00021074775939379907
"p51": 1.3171734962112444E-05
"p52": 0.005720296326403119
"p53": 0.0024179542037592126
"p54": 0.0005099343106760674
"p55": 3.198849919370165E-05
"p56": 0.0011835744701669609
"p57": 0.00030106822770542725
"p58": 1.5053411385271363E-05
"p59": 0
"p60": 0.0019023748638136682
"p61": 0.00044031228301918735
"p62": 3.575185204001949E-05
