"p0": 0.00015053411385271363
"p1": 2.6343469924224887E-05
"p2": 1.8816764231589204E-06
"p3": 0
"p4": 0.00012607232035164768
"p5": 2.2580117077907045E-05
"p6": 0
"p7": 0
"p8": 0.0011628760295122127
"p9": 0.00036316354966967166
"p10": 4.704191057897301E-05
"p11": 0
"p12": 0.0011421775888574646
"p13": 0.00037633528463178407
"p14": 6.39769983874033E-05
"p15": 0
"p16": 0
"p17": 0
"p18": 0
"p19": 0
"p20": 1.6935087808430286E-05
"p21": 0
"p22": 0
"p23": 0
"p24": 3.7633528463178407E-06
"p25": 0
"p26": 0
"p27": 0
"p28": 6.39769983874033E-05
"p29": 9.408382115794602E-06
"p30": 0
"p31": 0
"p32": 1.8816764231589203E-05
"p33": 0
"p34": 0
"p35": 0
"p36": 5.645029269476761E-05
"p37": 1.1290058538953523E-05
"p38": 0
"p39": 0
"p40": 0.0002483812878569775
"p41": 6.962202765688005E-05
"p42": 3.7633528463178407E-06
"p43": 0
"p44": 0.0003180033155138575
"p45": 7.714873334951573E-05
"p46": 3.7633528463178407E-06
"p47": 0
"p48": 3.198849919370165E-05
"p49": 1.8816764231589204E-06
"p50": 0
"p51": 0
"p52": 0.00012419064392848873
"p53": 2.6343469924224887E-05
"p54": 0
"p55": 0
"p56": 0.0004591290472507766
"p57": 9.596549758110493E-05
"p58": 7.5267056926356815E-06
"p59": 0
"p60": 0.0009859984457352743
"p61": 0.00023332787647170608
"p62": 2.6343469924224887E-05
