"p0": 0.0066046842452878105
"p1": 0.002852621457508923
"p2": 0.0007244454229161843
"p3": 0.00010725555612005847
"p4": 3.198849919370165E-05
"p5": 5.645029269476761E-06
"p6": 0
"p7": 0
"p8": 0.0045197867684277256
"p9": 0.0018421612182725833
"p10": 0.0004647740765202534
"p11": 6.585867481056221E-05
"p12": 0.004389951095229759
"p13": 0.001445127492986051
"p14": 0.0002502629642801364
"p15": 1.8816764231589203E-05
"p16": 0.008049811738273863
"p17": 0.0039646922235958455
"p18": 0.0011722844116280075
"p19": 0.00017875926020009746
"p20": 0.00027096140493488457
"p21": 5.8331969117926534E-05
"p22": 5.645029269476761E-06
"p23": 0
"p24": 0.009261611354788205
"p25": 0.004341027508227629
"p26": 0.0011459409417037827
"p27": 0.00012607232035164766
"p28": 0.00716542381938917
"p29": 0.0028996633680878968
"p30": 0.0005569762212550405
"p31": 3.010682277054273E-05
"p32": 0.0042017834529138685
"p33": 0.0013679787596365353
"p34": 0.00019569434800852773
"p35": 7.5267056926356815E-06
"p36": 0
"p37": 0
"p38": 0
"p39": 0
"p40": 0.001992695332125296
"p41": 0.0006548233952593043
"p42": 0.0001129005853895352
"p43": 9.408382115794602E-06
"p44": 0.0013980855824070777
"p45": 0.0003913886960170554
"p46": 3.7633528463178407E-05
"p47": 1.8816764231589204E-06
"p48": 0.008006533180541208
"p49": 0.0029918655128226834
"p50": 0.0006002547789876956
"p51": 5.2686939848449775E-05
"p52": 5.833196911792653E-05
"p53": 1.1290058538953523E-05
"p54": 0
"p55": 0
"p56": 0.003735127699970457
"p57": 0.0012945933791333373
"p58": 0.00024085458216434178
"p59": 1.5053411385271365E-05
"p60": 0.002961758690052141
"p61": 0.0008806245660383749
"p62": 0.00010349220327374062
