"p0": 0.00026343469924224885
"p1": 8.27937626189925E-05
"p2": 1.1290058538953523E-05
"p3": 0
"p4": 0
"p5": 0
"p6": 0
"p7": 0
"p8": 5.080526342529085E-05
"p9": 5.645029269476761E-06
"p10": 0
"p11": 0
"p12": 0.00011101890896637629
"p13": 1.8816764231589203E-05
"p14": 0
"p15": 0
"p16": 0.0006472966895666685
"p17": 0.00019381267158536877
"p18": 2.0698440654748128E-05
"p19": 0
"p20": 4.516023415581409E-05
"p21": 0
"p22": 0
"p23": 0
"p24": 0.00028789649274331484
"p25": 6.774035123372113E-05
"p26": 5.645029269476761E-06
"p27": 0
"p28": 0.00042714054805707494
"p29": 0.00011666393823585305
"p30": 9.408382115794602E-06
"p31": 0
"p32": 0.0014545358751018457
"p33": 0.0005682662797939939
"p34": 9.972885042742277E-05
"p35": 5.645029269476761E-06
"p36": 5.645029269476761E-06
"p37": 0
"p38": 0
"p39": 0
"p40": 0.001605069988954559
"p41": 0.0004666557529434122
"p42": 7.714873334951573E-05
"p43": 5.645029269476761E-06
"p44": 0.0007545522456867271
"p45": 0.00013359902604428335
"p46": 1.5053411385271363E-05
"p47": 0
"p48": 0.0035845935861177443
"p49": 0.0015523830491061092
"p50": 0.00033493840332228785
"p51": 1.6935087808430282E-05
"p52": 3.387017561686057E-05
"p53": 5.645029269476761E-06
"p54": 0
"p55": 0
"p56": 0.0045818820903919715
"p57": 0.0016408218409945784
"p58": 0.0002464996114338186
"p59": 1.8816764231589203E-05
"p60": 0.0023577405582181276
"p61": 0.0006454150131435096
"p62": 6.962202765688006E-05
