"p0": 0.00034999181470755925
"p1": 5.833196911792653E-05
"p2": 0
"p3": 0
"p4": 0.000611544837526649
"p5": 0.00018252261304641524
"p6": 2.0698440654748128E-05
"p7": 0
"p8": 8.655711546531033E-05
"p9": 3.575185204001948E-05
"p10": 5.645029269476761E-06
"p11": 0
"p12": 0.0003180033155138576
"p13": 9.032046831162817E-05
"p14": 9.408382115794602E-06
"p15": 0
"p16": 5.645029269476761E-06
"p17": 0
"p18": 0
"p19": 0
"p20": 7.338538050319788E-05
"p21": 1.5053411385271363E-05
"p22": 0
"p23": 0
"p24": 0
"p25": 0
"p26": 0
"p27": 0
"p28": 0
"p29": 0
"p30": 0
"p31": 0
"p32": 0.003330567268991289
"p33": 0.0012456697921312053
"p34": 0.00024838128785697745
"p35": 1.6935087808430282E-05
"p36": 0.0029899838363995237
"p37": 0.00132470020190388
"p38": 0.000308594933398063
"p39": 1.6935087808430282E-05
"p40": 0.0025383814948413833
"p41": 0.0007507888928404092
"p42": 4.139688130949625E-05
"p43": 1.8816764231589204E-06
"p44": 0.001981405273586343
"p45": 0.00048170916432868367
"p46": 3.951520488633734E-05
"p47": 1.8816764231589204E-06
"p48": 0.0014921694035650236
"p49": 0.00044031228301918735
"p50": 7.903040977267465E-05
"p51": 5.645029269476761E-06
"p52": 0.002169572915902236
"p53": 0.0008166475676509715
"p54": 0.00012607232035164766
"p55": 5.645029269476761E-06
"p56": 0.0006698768066445755
"p57": 0.00011854561465901199
"p58": 1.1290058538953523E-05
"p59": 0
"p60": 0.0005889647204487421
"p61": 9.032046831162818E-05
"p62": 1.1290058538953523E-05
