"p0": 0.0017612491320767492
"p1": 0.0006811668651835292
"p2": 0.00014300740816007796
"p3": 7.5267056926356815E-06
"p4": 0.00024273625858750074
"p5": 6.585867481056221E-05
"p6": 5.645029269476761E-06
"p7": 0
"p8": 0.013628982332940066
"p9": 0.006506837071283547
"p10": 0.0018271078068873116
"p11": 0.0002559079935496132
"p12": 0.005253640573459704
"p13": 0.0022053247679422548
"p14": 0.00045724737082761767
"p15": 2.6343469924224887E-05
"p16": 0.0002201561415095937
"p17": 5.080526342529086E-05
"p18": 0
"p19": 0
"p20": 0
"p21": 0
"p22": 0
"p23": 0
"p24": 0.0003650452260928306
"p25": 8.091208619583358E-05
"p26": 5.645029269476761E-06
"p27": 0
"p28": 1.8816764231589203E-05
"p29": 3.7633528463178407E-06
"p30": 0
"p31": 0
"p32": 0.0007827773920341109
"p33": 0.0002088660829706401
"p34": 3.0106822770542726E-05
"p35": 0
"p36": 9.408382115794602E-06
"p37": 0
"p38": 0
"p39": 0
"p40": 0.011990042168368641
"p41": 0.004406886183038192
"p42": 0.0008712161839225801
"p43": 6.585867481056221E-05
"p44": 0.0026174119046140573
"p45": 0.000805357509112018
"p46": 0.00010913723254321738
"p47": 5.645029269476761E-06
"p48": 0.0015674364604913809
"p49": 0.0005701479562171528
"p50": 0.0001110189089663763
"p51": 1.3171734962112444E-05
"p52": 1.8816764231589203E-05
"p53": 0
"p54": 0
"p55": 0
"p56": 0.016686706520573306
"p57": 0.006454150131435098
"p58": 0.0015429746669903149
"p59": 0.00021074775939379907
"p60": 0.00325906356491125
"p61": 0.000997288504274228
"p62": 0.00015053411385271363
