"p0": 1.6935087808430282E-05
"p1": 1.8816764231589204E-06
"p2": 0
"p3": 0
"p4": 2.0698440654748124E-05
"p5": 1.8816764231589204E-06
"p6": 0
"p7": 0
"p8": 0.0009257848001941889
"p9": 0.0002163927886632758
"p10": 1.8816764231589203E-05
"p11": 0
"p12": 0.000969063357926844
"p13": 0.00025967134639593104
"p14": 3.0106822770542726E-05
"p15": 0
"p16": 0.00014488908458323686
"p17": 2.0698440654748124E-05
"p18": 1.8816764231589204E-06
"p19": 0
"p20": 0.00015617914312219037
"p21": 2.6343469924224884E-05
"p22": 0
"p23": 0
"p24": 0.0019249549808915752
"p25": 0.0005663846033708349
"p26": 8.655711546531033E-05
"p27": 1.1290058538953523E-05
"p28": 0.0015843715482998105
"p29": 0.0005042892814065906
"p30": 7.714873334951574E-05
"p31": 1.1290058538953523E-05
"p32": 0
"p33": 0
"p34": 0
"p35": 0
"p36": 3.7633528463178407E-06
"p37": 0
"p38": 0
"p39": 0
"p40": 0.0001768775837769385
"p41": 2.8225146347383808E-05
"p42": 0
"p43": 0
"p44": 0.00024461793501065964
"p45": 3.575185204001949E-05
"p46": 0
"p47": 0
"p48": 3.0106822770542726E-05
"p49": 0
"p50": 0
"p51": 0
"p52": 0.00012607232035164768
"p53": 2.6343469924224884E-05
"p54": 0
"p55": 0
"p56": 0.0008298193026130839
"p57": 0.00017499590735377957
"p58": 3.7633528463178407E-06
"p59": 0
"p60": 0.001396203905983919
"p61": 0.0003499918147075592
"p62": 2.6343469924224884E-05
