"p0": 0.00018064093662325633
"p1": 1.5053411385271365E-05
"p2": 0
"p3": 0
"p4": 2.2580117077907045E-05
"p5": 0
"p6": 0
"p7": 0
"p8": 0.004928110552253215
"p9": 0.0016445851938408963
"p10": 0.0003255300212064932
"p11": 3.7633528463178407E-05
"p12": 0.0009333115058868244
"p13": 0.00026907972851172564
"p14": 2.6343469924224884E-05
"p15": 0
"p16": 1.1290058538953523E-05
"p17": 0
"p18": 0
"p19": 0
"p20": 0
"p21": 0
"p22": 0
"p23": 0
"p24": 6.962202765688006E-05
"p25": 3.7633528463178407E-06
"p26": 0
"p27": 0
"p28": 0
"p29": 0
"p30": 0
"p31": 0
"p32": 0.0001279539967748066
"p33": 1.1290058538953523E-05
"p34": 0
"p35": 0
"p36": 0
"p37": 0
"p38": 0
"p39": 0
"p40": 0.0029523503079363464
"p41": 0.0007978308034193824
"p42": 0.00012607232035164768
"p43": 2.2580117077907045E-05
"p44": 0.0005325144277539745
"p45": 0.0001016105268505817
"p46": 0
"p47": 0
"p48": 0.0002464996114338185
"p49": 6.39769983874033E-05
"p50": 7.5267056926356815E-06
"p51": 0
"p52": 0
"p53": 0
"p54": 0
"p55": 0
"p56": 0.00711273687954072
"p57": 0.0022561300313675456
"p58": 0.0003876253431707376
"p59": 1.5053411385271363E-05
"p60": 0.0004892358700213193
"p61": 0.00010725555612005848
"p62": 1.1290058538953523E-05
