"p0": 0.00023520955289486501
"p1": 6.021364554108545E-05
"p2": 5.645029269476761E-06
"p3": 0
"p4": 0.0003725719317854662
"p5": 9.972885042742278E-05
"p6": 9.408382115794602E-06
"p7": 0
"p8": 3.198849919370165E-05
"p9": 3.7633528463178407E-06
"p10": 0
"p11": 0
"p12": 3.198849919370165E-05
"p13": 5.645029269476761E-06
"p14": 0
"p15": 0
"p16": 0.0011271241774721932
"p17": 0.00036880857893914834
"p18": 5.080526342529085E-05
"p19": 0
"p20": 0.0012833033205943835
"p21": 0.0004139688130949625
"p22": 6.585867481056221E-05
"p23": 0
"p24": 0.0006303616017582383
"p25": 0.00016935087808430283
"p26": 1.8816764231589204E-06
"p27": 0
"p28": 0.000521224369215021
"p29": 0.00012230896750532982
"p30": 1.8816764231589204E-06
"p31": 0
"p32": 1.8816764231589207E-05
"p33": 1.8816764231589204E-06
"p34": 0
"p35": 0
"p36": 3.010682277054273E-05
"p37": 1.8816764231589204E-06
"p38": 0
"p39": 0
"p40": 1.8816764231589204E-06
"p41": 0
"p42": 0
"p43": 0
"p44": 3.7633528463178407E-06
"p45": 0
"p46": 0
"p47": 0
"p48": 0.00031047660982122185
"p49": 6.585867481056221E-05
"p50": 1.8816764231589204E-06
"p51": 0
"p52": 0.0007206820700698664
"p53": 0.0001787592602000974
"p54": 1.6935087808430282E-05
"p55": 0
"p56": 3.9515204886337324E-05
"p57": 1.5053411385271363E-05
"p58": 1.8816764231589204E-06
"p59": 0
"p60": 0.00013359902604428335
"p61": 3.3870175616860565E-05
"p62": 1.8816764231589204E-06
