"p0": 0.0001298356731979655
"p1": 1.8816764231589203E-05
"p2": 0
"p3": 0
"p4": 0.00034434678543808245
"p5": 7.526705692635681E-05
"p6": 5.645029269476761E-06
"p7": 0
"p8": 2.0698440654748124E-05
"p9": 5.645029269476761E-06
"p10": 0
"p11": 0
"p12": 0.00012419064392848875
"p13": 3.575185204001949E-05
"p14": 0
"p15": 0
"p16": 0
"p17": 0
"p18": 0
"p19": 0
"p20": 3.575185204001949E-05
"p21": 3.7633528463178407E-06
"p22": 0
"p23": 0
"p24": 0
"p25": 0
"p26": 0
"p27": 0
"p28": 0
"p29": 0
"p30": 0
"p31": 0
"p32": 0.0011384142360111467
"p33": 0.00036880857893914834
"p34": 5.080526342529085E-05
"p35": 0
"p36": 0.0012437881157080462
"p37": 0.0004045604309791679
"p38": 6.585867481056221E-05
"p39": 0
"p40": 0.0006322432781813972
"p41": 0.00016935087808430283
"p42": 1.8816764231589204E-06
"p43": 0
"p44": 0.0005099343106760674
"p45": 0.00011666393823585305
"p46": 1.8816764231589204E-06
"p47": 0
"p48": 0.0002709614049348845
"p49": 5.456861627160869E-05
"p50": 5.645029269476761E-06
"p51": 0
"p52": 0.0006811668651835292
"p53": 0.0001580608195453493
"p54": 1.8816764231589203E-05
"p55": 0
"p56": 1.5053411385271363E-05
"p57": 1.8816764231589204E-06
"p58": 0
"p59": 0
"p60": 5.2686939848449775E-05
"p61": 9.408382115794602E-06
"p62": 0
