"p0": 0.0012381430864385696
"p1": 0.00041396881309496247
"p2": 7.150370408003898E-05
"p3": 1.1290058538953523E-05
"p4": 0.0011741660880511661
"p5": 0.0003857436667475787
"p6": 6.585867481056221E-05
"p7": 1.1290058538953523E-05
"p8": 0.0006679951302214168
"p9": 0.00016370584881482606
"p10": 7.5267056926356815E-06
"p11": 0
"p12": 0.00034999181470755925
"p13": 7.33853805031979E-05
"p14": 1.8816764231589204E-06
"p15": 0
"p16": 5.645029269476761E-06
"p17": 0
"p18": 0
"p19": 0
"p20": 7.714873334951573E-05
"p21": 3.7633528463178407E-06
"p22": 0
"p23": 0
"p24": 0
"p25": 0
"p26": 0
"p27": 0
"p28": 3.7633528463178407E-06
"p29": 3.7633528463178407E-06
"p30": 0
"p31": 0
"p32": 0.0003819803139012608
"p33": 8.27937626189925E-05
"p34": 9.408382115794602E-06
"p35": 0
"p36": 0.0005155793399455443
"p37": 0.00011101890896637629
"p38": 9.408382115794602E-06
"p39": 0
"p40": 7.714873334951573E-05
"p41": 5.645029269476761E-06
"p42": 0
"p43": 0
"p44": 2.8225146347383805E-05
"p45": 5.645029269476761E-06
"p46": 0
"p47": 0
"p48": 0.0012644865563627944
"p49": 0.000284133139896997
"p50": 1.1290058538953523E-05
"p51": 0
"p52": 0.0019625885093547536
"p53": 0.0004835908407518425
"p54": 3.387017561686057E-05
"p55": 0
"p56": 0.00021827446508643471
"p57": 3.198849919370165E-05
"p58": 3.7633528463178407E-06
"p59": 0
"p60": 0.0001994577008548455
"p61": 4.139688130949625E-05
"p62": 3.7633528463178407E-06
