"p630": 0
"p631": 0
"p632": 0.04597123669419559
"p633": 0.01542221996421052
"p634": 0.0028488581046626064
"p635": 0.0002276828472022294
"p636": 0.011295703568223002
"p637": 0.003405834325917646
"p638": 0.0005588578976781994
"p639": 5.268693984844977E-05
"p640": 0.0024141908509128945
"p641": 0.0006510600424129865
"p642": 5.645029269476761E-05
"p643": 0
"p644": 0.00047418245863604794
"p645": 3.387017561686057E-05
"p646": 0
"p647": 0
"p648": 0.01359699383374636
"p649": 0.004896122053059511
"p650": 0.001017986944928976
"p651": 3.9515204886337324E-05
"p652": 0.008877749364463788
"p653": 0.0027792360770057247
"p654": 0.0003594001968233537
"p655": 1.693508780843028E-05
"p656": 0.0002521446407032953
"p657": 0
"p658": 0
"p659": 0
"p660": 0
"p661": 0
"p662": 0
"p663": 0
"p664": 0.000212629435816958
"p665": 3.1988499193701654E-05
"p666": 0
"p667": 0
"p668": 1.1290058538953523E-05
"p669": 0
"p670": 0
"p671": 0
"p672": 0.0007846590684572699
"p673": 0.000259671346395931
"p674": 4.139688130949625E-05
"p675": 0
"p676": 0
"p677": 0
"p678": 0
"p679": 0
"p680": 0.007229400817776574
"p681": 0.002792407811967838
"p682": 0.000543804486292928
"p683": 1.3171734962112444E-05
"p684": 0.0027961711648141568
"p685": 0.0009521282701184136
"p686": 0.0001637058488148261
"p687": 7.5267056926356815E-06
"p688": 0.0016916271044198695
"p689": 0.0004666557529434122
"p690": 4.8923587002131926E-05
"p691": 0
"p692": 0
