"p630": 0
"p631": 0
"p632": 5.456861627160869E-05
"p633": 5.645029269476761E-06
"p634": 0
"p635": 0
"p636": 6.585867481056221E-05
"p637": 5.645029269476761E-06
"p638": 0
"p639": 0
"p640": 0.001605069988954559
"p641": 0.0004666557529434122
"p642": 7.714873334951572E-05
"p643": 5.645029269476761E-06
"p644": 0.0036937308186609607
"p645": 0.0009577732993878904
"p646": 0.0001298356731979655
"p647": 7.5267056926356815E-06
"p648": 0.005261167279152342
"p649": 0.0019381267158536883
"p650": 0.00033305672689912887
"p651": 1.8816764231589203E-05
"p652": 0.015755276691109644
"p653": 0.0061173300516896515
"p654": 0.0013115284669417678
"p655": 0.00013548070246744229
"p656": 0
"p657": 0
"p658": 0
"p659": 0
"p660": 0.00020322105370116343
"p661": 1.6935087808430282E-05
"p662": 0
"p663": 0
"p664": 2.6343469924224887E-05
"p665": 0
"p666": 0
"p667": 0
"p668": 0.00040267875455600894
"p669": 5.268693984844976E-05
"p670": 0
"p671": 0
"p672": 0.00016935087808430283
"p673": 5.645029269476761E-06
"p674": 0
"p675": 0
"p676": 0.0007526705692635682
"p677": 0.0001542974666990315
"p678": 1.3171734962112442E-05
"p679": 0
"p680": 0.0027340758428499113
"p681": 0.0010292770034679294
"p682": 0.0001542974666990315
"p683": 1.1290058538953523E-05
"p684": 0.008512704138370956
"p685": 0.003104766098212218
"p686": 0.0005701479562171529
"p687": 3.951520488633733E-05
"p688": 0.0003462284618612414
"p689": 8.27937626189925E-05
"p690": 5.645029269476761E-06
"p691": 0
"p692": 0.0023464504996791734
