"p630": 5.645029269476761E-06
"p631": 0
"p632": 0.04106006122975081
"p633": 0.017008473188933487
"p634": 0.003955283841480051
"p635": 0.0004290222244802339
"p636": 0.012366377453000425
"p637": 0.004914938817291099
"p638": 0.00099352515142791
"p639": 6.39769983874033E-05
"p640": 7.5267056926356815E-06
"p641": 0
"p642": 0
"p643": 0
"p644": 0
"p645": 0
"p646": 0
"p647": 0
"p648": 0.00027284308135804345
"p649": 7.714873334951573E-05
"p650": 1.3171734962112444E-05
"p651": 0
"p652": 9.408382115794602E-06
"p653": 1.8816764231589204E-06
"p654": 0
"p655": 0
"p656": 0.0005532128684087226
"p657": 7.150370408003898E-05
"p658": 1.8816764231589204E-06
"p659": 0
"p660": 0
"p661": 0
"p662": 0
"p663": 0
"p664": 0.0012080362636680269
"p665": 0.00024273625858750077
"p666": 2.2580117077907045E-05
"p667": 0
"p668": 8.467543904215141E-05
"p669": 7.5267056926356815E-06
"p670": 0
"p671": 0
"p672": 0.0002483812878569775
"p673": 2.6343469924224887E-05
"p674": 0
"p675": 0
"p676": 0
"p677": 0
"p678": 0
"p679": 0
"p680": 0.0021658095630559177
"p681": 0.0006943386001456416
"p682": 0.00012983567319796552
"p683": 1.8816764231589204E-06
"p684": 0.00037257193178546626
"p685": 0.00010913723254321737
"p686": 2.446179350106597E-05
"p687": 1.8816764231589204E-06
"p688": 0.0015034594621039774
"p689": 0.00028789649274331484
"p690": 7.5267056926356815E-06
"p691": 0
"p692": 0.00016370584881482606
