"p630": 0
"p631": 0
"p632": 4.139688130949625E-05
"p633": 5.645029269476761E-06
"p634": 0
"p635": 0
"p636": 5.268693984844976E-05
"p637": 5.645029269476761E-06
"p638": 0
"p639": 0
"p640": 5.6450292694767617E-05
"p641": 5.645029269476761E-06
"p642": 0
"p643": 0
"p644": 0.0015109861677966132
"p645": 0.00030294990412858613
"p646": 2.822514634738381E-05
"p647": 1.8816764231589204E-06
"p648": 0.0005118159870992264
"p649": 0.00010913723254321738
"p650": 1.3171734962112444E-05
"p651": 0
"p652": 0.00254402652411086
"p653": 0.0007244454229161844
"p654": 0.00011854561465901199
"p655": 2.2580117077907045E-05
"p656": 0
"p657": 0
"p658": 0
"p659": 0
"p660": 0
"p661": 0
"p662": 0
"p663": 0
"p664": 1.6935087808430286E-05
"p665": 0
"p666": 0
"p667": 0
"p668": 0.0002747247577812024
"p669": 5.456861627160869E-05
"p670": 5.645029269476761E-06
"p671": 0
"p672": 0.0017744208670388618
"p673": 0.000472300782212889
"p674": 7.714873334951572E-05
"p675": 5.645029269476761E-06
"p676": 0.004502851680619297
"p677": 0.0010951356782784917
"p678": 0.00013736237889060116
"p679": 7.5267056926356815E-06
"p680": 0.007684766512181031
"p681": 0.0028149879290457454
"p682": 0.0004591290472507766
"p683": 2.4461793501065966E-05
"p684": 0.023383592910595913
"p685": 0.008794955601844796
"p686": 0.0017819475727314977
"p687": 0.00016935087808430283
"p688": 0.00012042729108217089
"p689": 1.8816764231589207E-05
"p690": 0
"p691": 0
"p692": 0.0006153081903729669
