"p630": 0
"p631": 0
"p632": 0.0011459409417037825
"p633": 0.00019945770085484554
"p634": 1.6935087808430286E-05
"p635": 0
"p636": 0.00013548070246744226
"p637": 5.645029269476761E-06
"p638": 0
"p639": 0
"p640": 0.007391224990168239
"p641": 0.0027698276948899306
"p642": 0.000566384603370835
"p643": 3.575185204001949E-05
"p644": 0
"p645": 0
"p646": 0
"p647": 0
"p648": 0.002256130031367545
"p649": 0.0007131553643772308
"p650": 9.784717400426387E-05
"p651": 0
"p652": 0.002577896699727721
"p653": 0.0006999836294151183
"p654": 8.467543904215141E-05
"p655": 0
"p656": 0.008490124021293049
"p657": 0.002510156348494
"p658": 0.00044031228301918735
"p659": 6.021364554108545E-05
"p660": 0.0008749795367688979
"p661": 0.00011854561465901199
"p662": 0
"p663": 0
"p664": 0.003392662590955534
"p665": 0.0010104602392363403
"p666": 0.00022015614150959367
"p667": 3.3870175616860565E-05
"p668": 0.006984782882765913
"p669": 0.0021996797386727783
"p670": 0.0004158504895181214
"p671": 4.139688130949625E-05
"p672": 0.03208446469128275
"p673": 0.013098349581609247
"p674": 0.0031198195095974903
"p675": 0.00033117505047597004
"p676": 0.00012607232035164768
"p677": 1.1290058538953523E-05
"p678": 0
"p679": 0
"p680": 0.021718309276100266
"p681": 0.007842827331726383
"p682": 0.0016050699889545595
"p683": 0.00014865243742955472
"p684": 0.02484753716781355
"p685": 0.007543640780444115
"p686": 0.0013077651140954497
"p687": 0.00011290058538953523
"p688": 0.05415841081136006
"p689": 0.02346074164394542
"p690": 0.0061700169915381
"p691": 0.0008862695953078517
"p692": 0.0013284635547501978
