"p630": 0
"p631": 0
"p632": 0.03645183566943461
"p633": 0.012381430864385699
"p634": 0.002485694554992934
"p635": 0.00023332787647170614
"p636": 0.009062153653933362
"p637": 0.003052079158363769
"p638": 0.0005870830440255832
"p639": 6.962202765688006E-05
"p640": 0.001087608972585856
"p641": 0.000165587525237985
"p642": 9.408382115794602E-06
"p643": 0
"p644": 0
"p645": 0
"p646": 0
"p647": 0
"p648": 0.001930600010161052
"p649": 0.0004892358700213193
"p650": 5.268693984844977E-05
"p651": 0
"p652": 0.00017687758377693853
"p653": 1.6935087808430286E-05
"p654": 0
"p655": 0
"p656": 0
"p657": 0
"p658": 0
"p659": 0
"p660": 0
"p661": 0
"p662": 0
"p663": 0
"p664": 0.00011666393823585305
"p665": 2.8225146347383805E-05
"p666": 0
"p667": 0
"p668": 0
"p669": 0
"p670": 0
"p671": 0
"p672": 0.0031649797437533042
"p673": 0.0008730978603457391
"p674": 8.655711546531033E-05
"p675": 0
"p676": 0.00047418245863604794
"p677": 3.387017561686057E-05
"p678": 0
"p679": 0
"p680": 0.020308933635154236
"p681": 0.0074081600779766716
"p682": 0.0015166311970660907
"p683": 5.268693984844977E-05
"p684": 0.011609943530890541
"p685": 0.0037069025536230734
"p686": 0.0005231060456381798
"p687": 2.4461793501065963E-05
"p688": 0.0006886935708761649
"p689": 0.0001486524374295547
"p690": 5.645029269476761E-06
"p691": 0
"p692": 0
