"p630": 0.00030294990412858613
"p631": 7.5267056926356815E-06
"p632": 0.0016803370458809154
"p633": 0.0002822514634738381
"p634": 7.5267056926356815E-06
"p635": 0
"p636": 0.0007206820700698664
"p637": 8.843879188846924E-05
"p638": 0
"p639": 0
"p640": 0.0018929664816978741
"p641": 0.00045724737082761756
"p642": 4.8923587002131926E-05
"p643": 0
"p644": 0.006328077811083449
"p645": 0.0019099015695063042
"p646": 0.0002973048748591094
"p647": 1.5053411385271363E-05
"p648": 0.0003368200797454468
"p649": 6.39769983874033E-05
"p650": 1.6935087808430286E-05
"p651": 0
"p652": 0.0033531473860691965
"p653": 0.0010556204733921544
"p654": 0.00020133937727800444
"p655": 2.6343469924224887E-05
"p656": 4.516023415581409E-05
"p657": 0
"p658": 0
"p659": 0
"p660": 0.0006265982489119205
"p661": 0.00014300740816007796
"p662": 1.1290058538953523E-05
"p663": 0
"p664": 0
"p665": 0
"p666": 0
"p667": 0
"p668": 0
"p669": 0
"p670": 0
"p671": 0
"p672": 0.02150003481101383
"p673": 0.008226689322050802
"p674": 0.0018703863646199674
"p675": 0.00025214464070329526
"p676": 0.041455213278614206
"p677": 0.017409270267066342
"p678": 0.004184848365105441
"p679": 0.00046101072367393564
"p680": 0.010070732216746543
"p681": 0.0032082583014859598
"p682": 0.00046289240009709436
"p683": 2.2580117077907042E-05
"p684": 0.026514702478732364
"p685": 0.008516467491217278
"p686": 0.001337871936865993
"p687": 8.655711546531033E-05
"p688": 0.006124856757382284
"p689": 0.002028447184165316
"p690": 0.00037821696105494294
"p691": 2.6343469924224887E-05
"p692": 0.015676246281336965
