"p630": 0.001849687923965219
"p631": 0.0002182744650864348
"p632": 0.001996458684971614
"p633": 0.0005908463968719011
"p634": 0.00012983567319796552
"p635": 3.7633528463178407E-06
"p636": 0.003324922239721813
"p637": 0.0010988990311248097
"p638": 0.00016558752523798497
"p639": 9.408382115794602E-06
"p640": 0.0020190388020495213
"p641": 0.0006247165724887616
"p642": 8.27937626189925E-05
"p643": 7.5267056926356815E-06
"p644": 0.0053684228352724
"p645": 0.0018007643369630868
"p646": 0.0003029499041285862
"p647": 1.1290058538953523E-05
"p648": 0.0005475678391392458
"p649": 0.000165587525237985
"p650": 9.408382115794602E-06
"p651": 0
"p652": 0.002957995337205823
"p653": 0.0008015941562656999
"p654": 4.139688130949625E-05
"p655": 0
"p656": 1.1290058538953523E-05
"p657": 0
"p658": 0
"p659": 0
"p660": 0.00016558752523798497
"p661": 1.3171734962112444E-05
"p662": 0
"p663": 0
"p664": 0
"p665": 0
"p666": 0
"p667": 0
"p668": 3.7633528463178407E-05
"p669": 9.408382115794602E-06
"p670": 0
"p671": 0
"p672": 0.0007037469822614362
"p673": 0.00024838128785697745
"p674": 4.139688130949625E-05
"p675": 5.645029269476761E-06
"p676": 0.0025496715533803367
"p677": 0.0008561627725373088
"p678": 0.0001467707610063958
"p679": 7.5267056926356815E-06
"p680": 0.0001486524374295547
"p681": 5.645029269476761E-05
"p682": 3.7633528463178407E-06
"p683": 0
"p684": 0.0006228348960656026
"p685": 0.0001844042894695742
"p686": 5.645029269476761E-06
"p687": 0
"p688": 0.0007620789513793627
"p689": 0.00020886608297064014
"p690": 3.3870175616860565E-05
"p691": 1.8816764231589204E-06
"p692": 0.0039044785780547597
