"p630": 0
"p631": 0
"p632": 2.2580117077907045E-05
"p633": 0
"p634": 0
"p635": 0
"p636": 5.080526342529085E-05
"p637": 0
"p638": 0
"p639": 0
"p640": 0.00027848811062752024
"p641": 4.516023415581409E-05
"p642": 0
"p643": 0
"p644": 0.0028432130753931286
"p645": 0.0005983731025645366
"p646": 6.021364554108546E-05
"p647": 3.7633528463178407E-06
"p648": 0.0021902713565569833
"p649": 0.0005946097497182189
"p650": 9.22021447347871E-05
"p651": 1.1290058538953523E-05
"p652": 0.006365711339546628
"p653": 0.0019757602443168662
"p654": 0.0003292933740528111
"p655": 4.139688130949625E-05
"p656": 0
"p657": 0
"p658": 0
"p659": 0
"p660": 0
"p661": 0
"p662": 0
"p663": 0
"p664": 5.080526342529084E-05
"p665": 0
"p666": 0
"p667": 0
"p668": 0.0008580444489604676
"p669": 0.000165587525237985
"p670": 1.6935087808430286E-05
"p671": 0
"p672": 0.003185678184408052
"p673": 0.0010255136506216115
"p674": 0.00017123255450746173
"p675": 1.1290058538953523E-05
"p676": 0.00763396124875574
"p677": 0.0022109697972117317
"p678": 0.00032364834478333426
"p679": 1.5053411385271363E-05
"p680": 0.020899780032026142
"p681": 0.008194700822857101
"p682": 0.0015975432832619244
"p683": 9.972885042742277E-05
"p684": 0.04807118758244097
"p685": 0.01879418411451131
"p686": 0.004231890275684413
"p687": 0.0004403122830191875
"p688": 0.00034999181470755914
"p689": 6.39769983874033E-05
"p690": 0
"p691": 0
"p692": 0.0012795399677480658
