"p630": 0
"p631": 0
"p632": 5.456861627160869E-05
"p633": 5.645029269476761E-06
"p634": 0
"p635": 0
"p636": 0
"p637": 0
"p638": 0
"p639": 0
"p640": 0.010518571205458368
"p641": 0.004102054602486447
"p642": 0.0009558916229647316
"p643": 0.00010725555612005845
"p644": 0.000494880899290796
"p645": 6.39769983874033E-05
"p646": 5.645029269476761E-06
"p647": 0
"p648": 0.004045604309791679
"p649": 0.0013435169661354693
"p650": 0.0002107477593937991
"p651": 1.3171734962112442E-05
"p652": 0.011030387192557592
"p653": 0.003737009376393616
"p654": 0.0006002547789876956
"p655": 3.9515204886337324E-05
"p656": 0.00040267875455600894
"p657": 5.268693984844976E-05
"p658": 0
"p659": 0
"p660": 0.00013359902604428335
"p661": 1.6935087808430282E-05
"p662": 0
"p663": 0
"p664": 1.5053411385271365E-05
"p665": 0
"p666": 0
"p667": 0
"p668": 4.8923587002131926E-05
"p669": 9.408382115794602E-06
"p670": 0
"p671": 0
"p672": 0.006439096720049827
"p673": 0.0023313970882939024
"p674": 0.00047606413505920693
"p675": 3.3870175616860565E-05
"p676": 1.5053411385271365E-05
"p677": 1.8816764231589204E-06
"p678": 0
"p679": 0
"p680": 0.0019889319792789784
"p681": 0.000634124954604556
"p682": 6.962202765688005E-05
"p683": 0
"p684": 0.003633517173119875
"p685": 0.0012155629693606626
"p686": 0.0001749959073537796
"p687": 1.3171734962112444E-05
"p688": 0.011515859709732592
"p689": 0.0038668450495915815
"p690": 0.0007677239806488396
"p691": 7.714873334951573E-05
"p692": 0.00014300740816007796
