"p630": 0
"p631": 0
"p632": 0.0007357354814551377
"p633": 0.00014677076100639576
"p634": 7.5267056926356815E-06
"p635": 0
"p636": 0.00024461793501065964
"p637": 4.704191057897301E-05
"p638": 3.7633528463178407E-06
"p639": 0
"p640": 0.0063544212810076744
"p641": 0.002384084028142352
"p642": 0.0004892358700213194
"p643": 5.833196911792652E-05
"p644": 3.7633528463178407E-05
"p645": 5.645029269476761E-06
"p646": 0
"p647": 0
"p648": 0.0022693017663296578
"p649": 0.0007940674505730645
"p650": 0.00016935087808430286
"p651": 1.5053411385271365E-05
"p652": 0.00383297487397472
"p653": 0.0011986278815522323
"p654": 0.0001956943480085277
"p655": 3.575185204001949E-05
"p656": 0.015533238873176888
"p657": 0.006036417965493817
"p658": 0.00132470020190388
"p659": 0.00015994249596850825
"p660": 0.0006040181318340134
"p661": 9.220214473478711E-05
"p662": 5.645029269476761E-06
"p663": 0
"p664": 0.00814389555943181
"p665": 0.002807461223353109
"p666": 0.0005588578976781994
"p667": 4.516023415581409E-05
"p668": 0.01424240884688987
"p669": 0.0048321450546721075
"p670": 0.0008994413302699639
"p671": 8.843879188846925E-05
"p672": 0.0020566723305127
"p673": 0.0006040181318340135
"p674": 9.784717400426387E-05
"p675": 1.8816764231589204E-06
"p676": 0
"p677": 0
"p678": 0
"p679": 0
"p680": 0.000637888307450874
"p681": 0.00019757602443168663
"p682": 3.3870175616860565E-05
"p683": 1.8816764231589204E-06
"p684": 0.0006341249546045562
"p685": 0.00020510273012432233
"p686": 4.892358700213193E-05
"p687": 3.7633528463178407E-06
"p688": 0.008597379577413107
"p689": 0.002807461223353109
"p690": 0.00043843060659602847
"p691": 2.8225146347383808E-05
"p692": 0.00012607232035164766
