"p630": 0
"p631": 0
"p632": 1.6935087808430286E-05
"p633": 0
"p634": 0
"p635": 0
"p636": 5.080526342529086E-05
"p637": 0
"p638": 0
"p639": 0
"p640": 0.0027585376363509773
"p641": 0.0009558916229647316
"p642": 0.00017123255450746173
"p643": 1.1290058538953523E-05
"p644": 0.005919754027257963
"p645": 0.0018365161890031066
"p646": 0.00029730487485910944
"p647": 1.5053411385271363E-05
"p648": 0.014185958554195105
"p649": 0.005829433558946337
"p650": 0.0012268530278996166
"p651": 8.655711546531033E-05
"p652": 0.03094228710242529
"p653": 0.013023082524682891
"p654": 0.0031649797437533047
"p655": 0.0003650452260928306
"p656": 0
"p657": 0
"p658": 0
"p659": 0
"p660": 0.00048547251717500137
"p661": 6.774035123372113E-05
"p662": 0
"p663": 0
"p664": 7.714873334951573E-05
"p665": 5.645029269476761E-06
"p666": 0
"p667": 0
"p668": 0.0009540099465415726
"p669": 0.00016370584881482606
"p670": 5.645029269476761E-06
"p671": 0
"p672": 0.00040456043097916787
"p673": 6.39769983874033E-05
"p674": 0
"p675": 0
"p676": 0.0016408218409945789
"p677": 0.00039138869601705535
"p678": 4.327855773265517E-05
"p679": 0
"p680": 0.007684766512181032
"p681": 0.002814987929045746
"p682": 0.00045912904725077666
"p683": 2.4461793501065966E-05
"p684": 0.01974066735536024
"p685": 0.006960321089264848
"p686": 0.0012851849970175427
"p687": 8.655711546531035E-05
"p688": 0.0009389565351563013
"p689": 0.00023709122931802397
"p690": 2.2580117077907045E-05
"p691": 0
"p692": 0.004325974096842359
