"p630": 0
"p631": 0
"p632": 0.0008241742733436071
"p633": 0.00010913723254321736
"p634": 5.645029269476761E-06
"p635": 0
"p636": 5.456861627160869E-05
"p637": 3.7633528463178407E-06
"p638": 0
"p639": 0
"p640": 0.01891837475843979
"p641": 0.008492005697716206
"p642": 0.002338923793986538
"p643": 0.0002954231984359505
"p644": 0.0010687922083542668
"p645": 0.00016935087808430283
"p646": 5.645029269476761E-06
"p647": 0
"p648": 0.010228793036291893
"p649": 0.0034378228251113474
"p650": 0.0004911175464444782
"p651": 2.2580117077907045E-05
"p652": 0.025517413974458125
"p653": 0.009041455213278612
"p654": 0.0015109861677966132
"p655": 0.00011478226181269414
"p656": 0.0005870830440255831
"p657": 8.467543904215141E-05
"p658": 0
"p659": 0
"p660": 0.00029730487485910934
"p661": 3.387017561686056E-05
"p662": 0
"p663": 0
"p664": 2.8225146347383805E-05
"p665": 0
"p666": 0
"p667": 0
"p668": 8.843879188846926E-05
"p669": 1.8816764231589203E-05
"p670": 0
"p671": 0
"p672": 0.013943222295607603
"p673": 0.006124856757382285
"p674": 0.0015166311970660898
"p675": 0.00013359902604428335
"p676": 3.7633528463178407E-05
"p677": 1.8816764231589204E-06
"p678": 0
"p679": 0
"p680": 0.005432399833659804
"p681": 0.001911783245929463
"p682": 0.0002671980520885666
"p683": 7.5267056926356815E-06
"p684": 0.01114140610152397
"p685": 0.003947757135787415
"p686": 0.0006472966895666686
"p687": 3.7633528463178407E-05
"p688": 0.01790226948993397
"p689": 0.006439096720049826
"p690": 0.001230616380745934
"p691": 7.526705692635683E-05
"p692": 0.0001373623788906012
