"p630": 0
"p631": 0
"p632": 7.33853805031979E-05
"p633": 0
"p634": 0
"p635": 0
"p636": 0
"p637": 0
"p638": 0
"p639": 0
"p640": 0.0026287019631530116
"p641": 0.0005814380147561064
"p642": 6.021364554108546E-05
"p643": 3.7633528463178407E-06
"p644": 0
"p645": 0
"p646": 0
"p647": 0
"p648": 0.007351709785281903
"p649": 0.0021469927988243278
"p650": 0.0003518734911307182
"p651": 4.139688130949625E-05
"p652": 0.0016521118995335322
"p653": 0.00045912904725077655
"p654": 6.962202765688005E-05
"p655": 1.1290058538953523E-05
"p656": 0
"p657": 0
"p658": 0
"p659": 0
"p660": 0
"p661": 0
"p662": 0
"p663": 0
"p664": 0.0008749795367688979
"p665": 0.000165587525237985
"p666": 1.6935087808430286E-05
"p667": 0
"p668": 3.3870175616860565E-05
"p669": 0
"p670": 0
"p671": 0
"p672": 0.006977256177073276
"p673": 0.0020736074183211302
"p674": 0.00031235828624438073
"p675": 1.5053411385271363E-05
"p676": 0.000641651660297192
"p677": 0.00014300740816007796
"p678": 1.1290058538953523E-05
"p679": 0
"p680": 0.05220334900769796
"p681": 0.02035597554573321
"p682": 0.004578118737545656
"p683": 0.0004741824586360482
"p684": 0.018065975338748798
"p685": 0.006546352276169883
"p686": 0.0012117996165143445
"p687": 6.962202765688005E-05
"p688": 0.0012324980571690929
"p689": 0.000259671346395931
"p690": 3.387017561686057E-05
"p691": 0
"p692": 3.0106822770542726E-05
