"p630": 0
"p631": 0
"p632": 5.645029269476761E-05
"p633": 0
"p634": 0
"p635": 0
"p636": 0
"p637": 0
"p638": 0
"p639": 0
"p640": 0.00468725597008887
"p641": 0.0015918982539924469
"p642": 0.0002728430813580435
"p643": 1.6935087808430282E-05
"p644": 0
"p645": 0
"p646": 0
"p647": 0
"p648": 0.0013717421124828527
"p649": 0.0004610107236739355
"p650": 5.080526342529086E-05
"p651": 0
"p652": 0.0016464668702640551
"p653": 0.0004591290472507765
"p654": 4.516023415581409E-05
"p655": 0
"p656": 0.006017601201262227
"p657": 0.0017405506914220012
"p658": 0.0002653163756654078
"p659": 3.0106822770542726E-05
"p660": 0.0006153081903729668
"p661": 8.467543904215139E-05
"p662": 0
"p663": 0
"p664": 0.002054790654089541
"p665": 0.0006284799253350794
"p666": 0.00012419064392848875
"p667": 1.6935087808430282E-05
"p668": 0.004261997098454956
"p669": 0.0012814216441712249
"p670": 0.0002201561415095937
"p671": 2.0698440654748128E-05
"p672": 0.01834822680222264
"p673": 0.006679951302214168
"p674": 0.0014112573173691901
"p675": 0.00018064093662325633
"p676": 8.091208619583358E-05
"p677": 1.1290058538953523E-05
"p678": 0
"p679": 0
"p680": 0.00912989400516708
"p681": 0.0032176666836017534
"p682": 0.00066235010095194
"p683": 7.714873334951573E-05
"p684": 0.009679343520729487
"p685": 0.002826277987584699
"p686": 0.000449720665134982
"p687": 3.198849919370165E-05
"p688": 0.03455322415846726
"p689": 0.013877363620797037
"p690": 0.0032327200949870257
"p691": 0.0003706902553623073
"p692": 0.000686811894453006
