"p630": 0
"p631": 0
"p632": 0.011367207272303038
"p633": 0.0033663191210313082
"p634": 0.0005118159870992262
"p635": 1.5053411385271363E-05
"p636": 0.0010932540018553326
"p637": 0.00024085458216434178
"p638": 2.258011707790704E-05
"p639": 0
"p640": 0.005328907630386063
"p641": 0.001591898253992447
"p642": 0.0002483812878569775
"p643": 3.0106822770542726E-05
"p644": 0.0008580444489604678
"p645": 0.000165587525237985
"p646": 1.6935087808430286E-05
"p647": 0
"p648": 0.033266157485026565
"p649": 0.012957223849872333
"p650": 0.002978693777860572
"p651": 0.0003255300212064933
"p652": 0.02046887613112274
"p653": 0.007244454229161846
"p654": 0.0016220050767629893
"p655": 0.00022015614150959367
"p656": 0.0006153081903729669
"p657": 8.467543904215139E-05
"p658": 0
"p659": 0
"p660": 0
"p661": 0
"p662": 0
"p663": 0
"p664": 0.0007188003936467075
"p665": 0.0001204272910821709
"p666": 1.1290058538953523E-05
"p667": 0
"p668": 4.8923587002131926E-05
"p669": 7.5267056926356815E-06
"p670": 0
"p671": 0
"p672": 0.002037855566281111
"p673": 0.0006284799253350794
"p674": 0.00012419064392848875
"p675": 1.6935087808430282E-05
"p676": 1.6935087808430282E-05
"p677": 0
"p678": 0
"p679": 0
"p680": 0.02051968139454803
"p681": 0.008040403356158068
"p682": 0.0017330239857293662
"p683": 0.00015241579027587256
"p684": 0.0077600335691073875
"p685": 0.0027397208721193873
"p686": 0.000613426513949808
"p687": 7.714873334951572E-05
"p688": 0.004228126922838095
"p689": 0.0012814216441712246
"p690": 0.0002201561415095937
"p691": 2.0698440654748128E-05
"p692": 3.3870175616860565E-05
