"p630": 0.00011478226181269414
"p631": 1.3171734962112444E-05
"p632": 0.00782212889107163
"p633": 0.0023502138525254915
"p634": 0.00034999181470755925
"p635": 2.2580117077907045E-05
"p636": 0.019317290160149485
"p637": 0.0063450128988918825
"p638": 0.0010048152099668638
"p639": 6.774035123372114E-05
"p640": 3.387017561686057E-05
"p641": 3.7633528463178407E-06
"p642": 0
"p643": 0
"p644": 0.00022956452362538825
"p645": 2.6343469924224887E-05
"p646": 0
"p647": 0
"p648": 0.00042902222448023387
"p649": 0.00014112573173691902
"p650": 2.6343469924224887E-05
"p651": 1.8816764231589204E-06
"p652": 0.0019625885093547536
"p653": 0.0006454150131435098
"p654": 0.00012419064392848873
"p655": 1.8816764231589204E-06
"p656": 0.0008373460083057195
"p657": 0.00015241579027587253
"p658": 1.3171734962112444E-05
"p659": 0
"p660": 0.0017631308084999084
"p661": 0.0002935415220127916
"p662": 7.5267056926356815E-06
"p663": 0
"p664": 0.002867674868894194
"p665": 0.0009370748587331423
"p666": 0.00013359902604428335
"p667": 1.3171734962112444E-05
"p668": 0.008510822461947799
"p669": 0.0029786937778605712
"p670": 0.0004534840179812998
"p671": 1.8816764231589203E-05
"p672": 1.8816764231589204E-06
"p673": 0
"p674": 0
"p675": 0
"p676": 3.0106822770542726E-05
"p677": 0
"p678": 0
"p679": 0
"p680": 4.7041910578973E-05
"p681": 9.408382115794602E-06
"p682": 0
"p683": 0
"p684": 0.00045536569440445874
"p685": 0.00011666393823585308
"p686": 1.1290058538953523E-05
"p687": 0
"p688": 8.655711546531035E-05
"p689": 2.6343469924224887E-05
"p690": 0
"p691": 0
"p692": 0.0006096631611034902
