"p630": 0
"p631": 0
"p632": 0.0004083237838254857
"p633": 4.5160234155814084E-05
"p634": 0
"p635": 0
"p636": 0.0003405834325917646
"p637": 4.516023415581409E-05
"p638": 0
"p639": 0
"p640": 0.0013736237889060122
"p641": 0.00041208713667180343
"p642": 4.139688130949625E-05
"p643": 0
"p644": 0.001870386364619967
"p645": 0.00047041910578973014
"p646": 6.585867481056221E-05
"p647": 1.1290058538953523E-05
"p648": 0.007058168263269111
"p649": 0.0024537060557992324
"p650": 0.0005136976635223853
"p651": 4.5160234155814084E-05
"p652": 0.0166227295221859
"p653": 0.0067702717705257955
"p654": 0.001510986167796613
"p655": 0.00015429746669903152
"p656": 0.005366541158849241
"p657": 0.001955061803662118
"p658": 0.0002747247577812023
"p659": 1.8816764231589203E-05
"p660": 0.00723692752346921
"p661": 0.0020039853906642503
"p662": 0.0003217666683601754
"p663": 4.139688130949624E-05
"p664": 0.018195811011946766
"p665": 0.00646920354282037
"p666": 0.001164757705935372
"p667": 7.150370408003895E-05
"p668": 0.039528376621299446
"p669": 0.016389401645714202
"p670": 0.0038894251666694887
"p671": 0.00042902222448023376
"p672": 0.00012607232035164768
"p673": 1.6935087808430286E-05
"p674": 0
"p675": 0
"p676": 0.0003612818732465128
"p677": 0.00011854561465901199
"p678": 3.7633528463178407E-05
"p679": 5.645029269476761E-06
"p680": 0.0027171407550414806
"p681": 0.0008655711546531033
"p682": 0.00014865243742955472
"p683": 7.5267056926356815E-06
"p684": 0.0071353169966186245
"p685": 0.0027284308135804344
"p686": 0.0005343961041771335
"p687": 1.3171734962112442E-05
"p688": 0.0004647740765202533
"p689": 0.00011478226181269415
"p690": 5.645029269476761E-06
"p691": 0
"p692": 0.002978693777860571
