"p630": 0
"p631": 0
"p632": 5.6450292694767596E-05
"p633": 0
"p634": 0
"p635": 0
"p636": 0
"p637": 0
"p638": 0
"p639": 0
"p640": 0.0008825062424615337
"p641": 0.0001862859658927331
"p642": 1.8816764231589207E-05
"p643": 0
"p644": 1.6935087808430286E-05
"p645": 0
"p646": 0
"p647": 0
"p648": 0.007340419726742948
"p649": 0.0027246674607341167
"p650": 0.000617189866796126
"p651": 7.52670569263568E-05
"p652": 0.0023201070297549486
"p653": 0.000803475832688859
"p654": 0.00016182417239166716
"p655": 1.3171734962112444E-05
"p656": 0.003804749727627337
"p657": 0.0009728267107731618
"p658": 0.00012419064392848875
"p659": 7.5267056926356815E-06
"p660": 0.00042714054805707494
"p661": 6.585867481056221E-05
"p662": 5.645029269476761E-06
"p663": 0
"p664": 0.01876407729174076
"p665": 0.00707886670392386
"p666": 0.0015203945499124077
"p667": 0.00014488908458323686
"p668": 0.009342523440984041
"p669": 0.0035074448527682273
"p670": 0.0006322432781813972
"p671": 4.8923587002131926E-05
"p672": 0.0001373623788906012
"p673": 1.8816764231589203E-05
"p674": 5.645029269476761E-06
"p675": 0
"p676": 0
"p677": 0
"p678": 0
"p679": 0
"p680": 0.0030464341290942915
"p681": 0.000999170180697387
"p682": 0.00015053411385271365
"p683": 7.5267056926356815E-06
"p684": 0.0007470255399940914
"p685": 0.0002483812878569775
"p686": 4.1396881309496255E-05
"p687": 5.645029269476761E-06
"p688": 0.0018271078068873112
"p689": 0.0005739113090634706
"p690": 0.00010913723254321737
"p691": 1.3171734962112444E-05
"p692": 0
