"p630": 0.00020322105370116337
"p631": 2.0698440654748128E-05
"p632": 0.02213415976561838
"p633": 0.006898225767300603
"p634": 0.0012174446457838216
"p635": 0.0001091372325432174
"p636": 0.03491262435529061
"p637": 0.012202671604185603
"p638": 0.0022674200899064994
"p639": 0.00017875926020009743
"p640": 0.0025383814948413833
"p641": 0.0007507888928404091
"p642": 4.139688130949625E-05
"p643": 1.8816764231589204E-06
"p644": 0.002820632958315221
"p645": 0.0006792851887603702
"p646": 5.645029269476761E-05
"p647": 0
"p648": 0.0071089735266944044
"p649": 0.002227904885020162
"p650": 0.00031235828624438073
"p651": 1.505341138527136E-05
"p652": 0.015028949591770301
"p653": 0.0056807811215167795
"p654": 0.0010631471790847901
"p655": 3.9515204886337324E-05
"p656": 0
"p657": 0
"p658": 0
"p659": 0
"p660": 0.0002521446407032953
"p661": 0
"p662": 0
"p663": 0
"p664": 2.8225146347383805E-05
"p665": 0
"p666": 0
"p667": 0
"p668": 0.00019569434800852773
"p669": 3.1988499193701654E-05
"p670": 0
"p671": 0
"p672": 0.0005720296326403118
"p673": 0.0001938126715853688
"p674": 1.8816764231589204E-06
"p675": 0
"p676": 0.0007846590684572699
"p677": 0.000259671346395931
"p678": 4.139688130949625E-05
"p679": 0
"p680": 0.0030464341290942915
"p681": 0.000999170180697387
"p682": 0.00015053411385271365
"p683": 7.5267056926356815E-06
"p684": 0.00782777392034111
"p685": 0.0031104111274816953
"p686": 0.0005645029269476761
"p687": 1.3171734962112444E-05
"p688": 0.000683048541606688
"p689": 0.00017875926020009743
"p690": 0
"p691": 0
"p692": 0.0016916271044198695
