"p630": 0
"p631": 0
"p632": 0.0005080526342529085
"p633": 9.596549758110495E-05
"p634": 0
"p635": 0
"p636": 1.8816764231589204E-06
"p637": 0
"p638": 0
"p639": 0
"p640": 0.0033136321811828586
"p641": 0.0009032046831162819
"p642": 0.00014112573173691902
"p643": 2.2580117077907045E-05
"p644": 0.00010161052685058171
"p645": 0
"p646": 0
"p647": 0
"p648": 0.039056075839086574
"p649": 0.015774093455341236
"p650": 0.0037426544056630945
"p651": 0.0004440756358655054
"p652": 0.015134323471467198
"p653": 0.004960099051446914
"p654": 0.0009634183286573672
"p655": 0.00010349220327374062
"p656": 0.009555152876800999
"p657": 0.0028770832510099887
"p658": 0.0005456861627160868
"p659": 8.279376261899248E-05
"p660": 0.0012569598506701589
"p661": 0.00027472475778120243
"p662": 2.2580117077907045E-05
"p663": 0
"p664": 0.07115747561817778
"p665": 0.03111728300977909
"p666": 0.008249269439128713
"p667": 0.0011722844116280086
"p668": 0.034858055739019005
"p669": 0.01244917121561942
"p670": 0.0025703699940350854
"p671": 0.00021827446508643477
"p672": 0.0006209532196424438
"p673": 0.0002013393772780045
"p674": 5.645029269476761E-05
"p675": 1.1290058538953523E-05
"p676": 0
"p677": 0
"p678": 0
"p679": 0
"p680": 0.020308933635154236
"p681": 0.007408160077976672
"p682": 0.0015166311970660905
"p683": 5.268693984844978E-05
"p684": 0.005366541158849241
"p685": 0.0014545358751018457
"p686": 0.00018816764231589203
"p687": 9.408382115794602E-06
"p688": 0.005330789306809222
"p689": 0.0017123255450746176
"p690": 0.0003217666683601754
"p691": 1.8816764231589203E-05
"p692": 0
