"p630": 0
"p631": 0
"p632": 2.2580117077907045E-05
"p633": 0
"p634": 0
"p635": 0
"p636": 0
"p637": 0
"p638": 0
"p639": 0
"p640": 0.005692071180055734
"p641": 0.002135702740285375
"p642": 0.0005005259285602728
"p643": 6.774035123372113E-05
"p644": 3.7633528463178407E-05
"p645": 5.645029269476761E-06
"p646": 0
"p647": 0
"p648": 0.0017160888979209353
"p649": 0.0006115448375266492
"p650": 0.00011666393823585304
"p651": 7.5267056926356815E-06
"p652": 0.003558250116193518
"p653": 0.0010838456197395383
"p654": 0.0001749959073537796
"p655": 1.3171734962112444E-05
"p656": 0.013916878825683378
"p657": 0.005483205097085095
"p658": 0.0012682499092091125
"p659": 0.00013171734962112442
"p660": 0.0006284799253350794
"p661": 8.091208619583358E-05
"p662": 5.645029269476761E-06
"p663": 0
"p664": 0.005216007044996527
"p665": 0.0017198522507672531
"p666": 0.0002577896699727721
"p667": 1.3171734962112442E-05
"p668": 0.01313033808080295
"p669": 0.00449532497492666
"p670": 0.000709392011530913
"p671": 4.5160234155814084E-05
"p672": 0.0023878473809886697
"p673": 0.0007884224213035877
"p674": 0.00013171734962112442
"p675": 7.5267056926356815E-06
"p676": 0
"p677": 0
"p678": 0
"p679": 0
"p680": 0.0006736401594908937
"p681": 0.00021827446508643477
"p682": 2.0698440654748124E-05
"p683": 0
"p684": 0.0009822350928889564
"p685": 0.00031988499193701646
"p686": 6.209532196424438E-05
"p687": 7.5267056926356815E-06
"p688": 0.008207872557819212
"p689": 0.002664453815193032
"p690": 0.0004158504895181214
"p691": 2.0698440654748124E-05
"p692": 0.00012042729108217092
