"p630": 0
"p631": 0
"p632": 0.006128620110228604
"p633": 0.001670928663765121
"p634": 0.0002069844065474812
"p635": 0
"p636": 0.0004214955187875981
"p637": 5.8331969117926534E-05
"p638": 0
"p639": 0
"p640": 0.0020435005955505873
"p641": 0.0005776746619097885
"p642": 8.655711546531033E-05
"p643": 1.1290058538953523E-05
"p644": 5.080526342529084E-05
"p645": 0
"p646": 0
"p647": 0
"p648": 0.01706492348162825
"p649": 0.006811668651835294
"p650": 0.0013698604360596943
"p651": 9.784717400426385E-05
"p652": 0.007889869242305354
"p653": 0.0026945606379635743
"p654": 0.0005362777806002923
"p655": 7.714873334951574E-05
"p656": 0.0068380121217595175
"p657": 0.0020228021548958394
"p658": 0.00032364834478333426
"p659": 4.139688130949624E-05
"p660": 0.0008580444489604678
"p661": 0.000165587525237985
"p662": 1.6935087808430286E-05
"p663": 0
"p664": 0.04111651152244559
"p665": 0.01594344433342554
"p666": 0.003654215613774625
"p667": 0.00039891540170969124
"p668": 0.024077931510741543
"p669": 0.008640658135145762
"p670": 0.0019625885093547536
"p671": 0.0002653163756654078
"p672": 0.0003763352846317841
"p673": 0.00010725555612005845
"p674": 2.6343469924224884E-05
"p675": 5.645029269476761E-06
"p676": 0
"p677": 0
"p678": 0
"p679": 0
"p680": 0.00666113453798258
"p681": 0.0024668777907613454
"p682": 0.00043090390090339285
"p683": 1.1290058538953523E-05
"p684": 0.0015203945499124075
"p685": 0.0004798274879055247
"p686": 0.00010349220327374063
"p687": 1.8816764231589204E-06
"p688": 0.0029975105420921603
"p689": 0.0009050863595394407
"p690": 0.00015617914312219037
"p691": 9.408382115794602E-06
"p692": 0
