"p630": 0
"p631": 0
"p632": 0.02297150577392411
"p633": 0.007500362222711461
"p634": 0.0012136812929375042
"p635": 8.091208619583358E-05
"p636": 0.004352317566766584
"p637": 0.0011666393823585308
"p638": 0.0001467707610063958
"p639": 9.408382115794602E-06
"p640": 0.00022956452362538825
"p641": 2.6343469924224887E-05
"p642": 0
"p643": 0
"p644": 0
"p645": 0
"p646": 0
"p647": 0
"p648": 0.0019456534215463236
"p649": 0.0006454150131435098
"p650": 0.00012419064392848873
"p651": 1.8816764231589204E-06
"p652": 0.0003518734911307182
"p653": 0.00010725555612005844
"p654": 2.446179350106597E-05
"p655": 1.8816764231589204E-06
"p656": 0.0016050699889545586
"p657": 0.00028789649274331484
"p658": 7.5267056926356815E-06
"p659": 0
"p660": 0.00016370584881482606
"p661": 5.645029269476761E-06
"p662": 0
"p663": 0
"p664": 0.00816083064724024
"p665": 0.002651282080230919
"p666": 0.000447838988711823
"p667": 1.8816764231589203E-05
"p668": 0.003300460446220746
"p669": 0.0011346508831648289
"p670": 0.0001486524374295547
"p671": 1.3171734962112444E-05
"p672": 3.0106822770542726E-05
"p673": 0
"p674": 0
"p675": 0
"p676": 0
"p677": 0
"p678": 0
"p679": 0
"p680": 0.0004591290472507766
"p681": 0.00011666393823585308
"p682": 1.1290058538953523E-05
"p683": 0
"p684": 3.575185204001949E-05
"p685": 7.5267056926356815E-06
"p686": 0
"p687": 0
"p688": 0.0006096631611034902
"p689": 0.0001749959073537796
"p690": 2.4461793501065963E-05
"p691": 0
"p692": 0
