"p630": 5.645029269476761E-06
"p631": 0
"p632": 0.06541083582185044
"p633": 0.027728383771669862
"p634": 0.007156015437273378
"p635": 0.001008578562813182
"p636": 0.021479336370359082
"p637": 0.008505177432678321
"p638": 0.001845924571118901
"p639": 0.0001674692016611439
"p640": 9.784717400426385E-05
"p641": 0
"p642": 0
"p643": 0
"p644": 0
"p645": 0
"p646": 0
"p647": 0
"p648": 0.0005757929854866296
"p649": 0.0001674692016611439
"p650": 3.198849919370165E-05
"p651": 0
"p652": 2.4461793501065966E-05
"p653": 5.645029269476761E-06
"p654": 0
"p655": 0
"p656": 0.0011534676473964182
"p657": 0.000165587525237985
"p658": 9.408382115794602E-06
"p659": 0
"p660": 0
"p661": 0
"p662": 0
"p663": 0
"p664": 0.0020641990362053357
"p665": 0.0005174610163687031
"p666": 5.268693984844977E-05
"p667": 0
"p668": 0.00017687758377693853
"p669": 1.6935087808430286E-05
"p670": 0
"p671": 0
"p672": 0.0007733690099183165
"p673": 0.00017499590735377957
"p674": 7.5267056926356815E-06
"p675": 0
"p676": 0
"p677": 0
"p678": 0
"p679": 0
"p680": 0.0066611345379825795
"p681": 0.0024668777907613446
"p682": 0.00043090390090339285
"p683": 1.1290058538953523E-05
"p684": 0.0027416025485425466
"p685": 0.0009088497123857583
"p686": 0.0001016105268505817
"p687": 1.8816764231589204E-06
"p688": 0.002922243485165804
"p689": 0.0008523994196909909
"p690": 8.467543904215141E-05
"p691": 0
"p692": 0.00047418245863604794
