"p630": 0
"p631": 0
"p632": 2.2580117077907045E-05
"p633": 0
"p634": 0
"p635": 0
"p636": 0
"p637": 0
"p638": 0
"p639": 0
"p640": 0.0018929664816978737
"p641": 0.0004572473708276176
"p642": 4.8923587002131926E-05
"p643": 0
"p644": 4.516023415581409E-05
"p645": 0
"p646": 0
"p647": 0
"p648": 0.021500034811013834
"p649": 0.008226689322050803
"p650": 0.0018703863646199674
"p651": 0.00025214464070329537
"p652": 0.006124856757382285
"p653": 0.002028447184165316
"p654": 0.0003782169610549429
"p655": 2.6343469924224887E-05
"p656": 0.006328077811083449
"p657": 0.0019099015695063042
"p658": 0.0002973048748591094
"p659": 1.5053411385271363E-05
"p660": 0.0006265982489119205
"p661": 0.00014300740816007796
"p662": 1.1290058538953523E-05
"p663": 0
"p664": 0.041455213278614206
"p665": 0.017409270267066342
"p666": 0.004184848365105441
"p667": 0.0004610107236739357
"p668": 0.01567624628133697
"p669": 0.005929162409373759
"p670": 0.0011609943530890541
"p671": 6.962202765688005E-05
"p672": 0.00033682007974544673
"p673": 6.39769983874033E-05
"p674": 1.6935087808430286E-05
"p675": 0
"p676": 0
"p677": 0
"p678": 0
"p679": 0
"p680": 0.010070732216746545
"p681": 0.00320825830148596
"p682": 0.00046289240009709447
"p683": 2.2580117077907055E-05
"p684": 0.0020021037142410915
"p685": 0.0006002547789876957
"p686": 6.209532196424438E-05
"p687": 5.645029269476761E-06
"p688": 0.0033531473860691965
"p689": 0.0010556204733921542
"p690": 0.00020133937727800447
"p691": 2.6343469924224887E-05
"p692": 0
