"p630": 0
"p631": 0
"p632": 0.0014940510799881829
"p633": 0.0003142399626675397
"p634": 2.2580117077907045E-05
"p635": 0
"p636": 0.00010161052685058169
"p637": 5.645029269476761E-06
"p638": 0
"p639": 0
"p640": 0.00046665575294341233
"p641": 6.585867481056222E-05
"p642": 0
"p643": 0
"p644": 0
"p645": 0
"p646": 0
"p647": 0
"p648": 0.009630419933727357
"p649": 0.0034585212657660966
"p650": 0.000658586748105622
"p651": 3.575185204001949E-05
"p652": 0.0016295317824556246
"p653": 0.00048735419359816035
"p654": 6.774035123372113E-05
"p655": 0
"p656": 0.00475875967416891
"p657": 0.0010330403563142472
"p658": 0.0001279539967748066
"p659": 7.5267056926356815E-06
"p660": 0
"p661": 0
"p662": 0
"p663": 0
"p664": 0.011837626378092768
"p665": 0.0033964259438018516
"p666": 0.0006153081903729669
"p667": 8.279376261899248E-05
"p668": 0.0023558588817949684
"p669": 0.0006341249546045562
"p670": 0.00010537387969689955
"p671": 2.2580117077907045E-05
"p672": 0.003612818732465127
"p673": 0.0009634183286573671
"p674": 0.00015241579027587253
"p675": 2.2580117077907045E-05
"p676": 0.00010161052685058171
"p677": 0
"p678": 0
"p679": 0
"p680": 0.052203349007697956
"p681": 0.02035597554573321
"p682": 0.0045781187375456564
"p683": 0.0004741824586360482
"p684": 0.018986115109673515
"p685": 0.006004429466300115
"p686": 0.0011026623839711272
"p687": 0.00011290058538953522
"p688": 0.008887157746579583
"p689": 0.0028394497225468105
"p690": 0.0005569762212550404
"p691": 8.279376261899248E-05
"p692": 0.0012569598506701589
