"p630": 0
"p631": 0
"p632": 2.2580117077907045E-05
"p633": 0
"p634": 0
"p635": 0
"p636": 0
"p637": 0
"p638": 0
"p639": 0
"p640": 0.005328907630386063
"p641": 0.0015918982539924464
"p642": 0.00024838128785697745
"p643": 3.0106822770542726E-05
"p644": 0.0006153081903729668
"p645": 8.467543904215139E-05
"p646": 0
"p647": 0
"p648": 0.002037855566281111
"p649": 0.0006284799253350794
"p650": 0.00012419064392848875
"p651": 1.6935087808430282E-05
"p652": 0.004228126922838095
"p653": 0.0012814216441712249
"p654": 0.0002201561415095937
"p655": 2.0698440654748128E-05
"p656": 0.0008580444489604676
"p657": 0.000165587525237985
"p658": 1.6935087808430286E-05
"p659": 0
"p660": 0
"p661": 0
"p662": 0
"p663": 0
"p664": 1.6935087808430282E-05
"p665": 0
"p666": 0
"p667": 0
"p668": 3.3870175616860565E-05
"p669": 0
"p670": 0
"p671": 0
"p672": 0.03326615748502655
"p673": 0.012957223849872326
"p674": 0.002978693777860571
"p675": 0.00032553002120649325
"p676": 0.0007188003936467077
"p677": 0.00012042729108217092
"p678": 1.1290058538953523E-05
"p679": 0
"p680": 0.02051968139454803
"p681": 0.008040403356158066
"p682": 0.0017330239857293657
"p683": 0.00015241579027587253
"p684": 0.025173067189020043
"p685": 0.008446845463560393
"p686": 0.0013867955238681244
"p687": 6.39769983874033E-05
"p688": 0.020468876131122745
"p689": 0.007244454229161844
"p690": 0.0016220050767629893
"p691": 0.00022015614150959367
"p692": 4.8923587002131926E-05
