"p630": 0
"p631": 0
"p632": 0.001206154587244868
"p633": 0.00022768284720222932
"p634": 7.5267056926356815E-06
"p635": 0
"p636": 0.0019701152150473898
"p637": 0.00041020546024864466
"p638": 1.8816764231589203E-05
"p639": 0
"p640": 0.00010349220327374062
"p641": 5.645029269476761E-06
"p642": 0
"p643": 0
"p644": 0.0016878637515735516
"p645": 0.000378216961054943
"p646": 2.822514634738381E-05
"p647": 1.8816764231589204E-06
"p648": 0.0011064257368174452
"p649": 0.0002333278764717061
"p650": 1.8816764231589203E-05
"p651": 0
"p652": 0.004032432574829567
"p653": 0.0011177157953563988
"p654": 0.0001467707610063958
"p655": 7.5267056926356815E-06
"p656": 0
"p657": 0
"p658": 0
"p659": 0
"p660": 0
"p661": 0
"p662": 0
"p663": 0
"p664": 1.6935087808430286E-05
"p665": 0
"p666": 0
"p667": 0
"p668": 0.00037633528463178407
"p669": 6.585867481056221E-05
"p670": 5.645029269476761E-06
"p671": 0
"p672": 0.0018722680410431258
"p673": 0.0005042892814065906
"p674": 8.46754390421514E-05
"p675": 5.645029269476761E-06
"p676": 0.005022194373411159
"p677": 0.0013058834376722909
"p678": 0.00015994249596850823
"p679": 7.5267056926356815E-06
"p680": 0.009711332019923193
"p681": 0.003475456353574527
"p682": 0.0006924569237224829
"p683": 7.526705692635681E-05
"p684": 0.026462015538883905
"p685": 0.010006755218359144
"p686": 0.0020867791532832433
"p687": 0.0002258011707790705
"p688": 0.0001768775837769385
"p689": 2.822514634738381E-05
"p690": 0
"p691": 0
"p692": 0.0007790140391877932
