"p630": 0
"p631": 0
"p632": 0.0011497042945501003
"p633": 0.000165587525237985
"p634": 5.645029269476761E-06
"p635": 0
"p636": 0.0001392440553137601
"p637": 1.8816764231589207E-05
"p638": 0
"p639": 0
"p640": 0.002359622234641286
"p641": 0.0009427198880026192
"p642": 0.0002107477593937991
"p643": 7.5267056926356815E-06
"p644": 0
"p645": 0
"p646": 0
"p647": 0
"p648": 0.0008862695953078515
"p649": 0.00036504522609283053
"p650": 7.526705692635683E-05
"p651": 0
"p652": 0.0008185292440741302
"p653": 0.0001731142309306207
"p654": 0
"p655": 0
"p656": 0.003234601771410184
"p657": 0.0008486360668446731
"p658": 0.00012607232035164768
"p659": 2.2580117077907045E-05
"p660": 0.0006322432781813973
"p661": 6.774035123372113E-05
"p662": 0
"p663": 0
"p664": 0.001234379733592252
"p665": 0.0003838619903244197
"p666": 7.903040977267468E-05
"p667": 2.2580117077907045E-05
"p668": 0.0033587924153386734
"p669": 0.001044330414853201
"p670": 0.00015994249596850823
"p671": 3.7633528463178407E-06
"p672": 0.015091044913734543
"p673": 0.006335604516776084
"p674": 0.001471470962910276
"p675": 0.00013924405531376012
"p676": 8.27937626189925E-05
"p677": 5.645029269476761E-06
"p678": 0
"p679": 0
"p680": 0.0058651854109863545
"p681": 0.001891084805274715
"p682": 0.00026719805208856665
"p683": 1.3171734962112444E-05
"p684": 0.013094586228762927
"p685": 0.004103936278909605
"p686": 0.0006981019529919595
"p687": 5.080526342529086E-05
"p688": 0.02937861399478023
"p689": 0.012690025797783758
"p690": 0.0032835253584123166
"p691": 0.00037069025536230727
"p692": 0.0010687922083542668
