"p630": 5.645029269476761E-06
"p631": 0
"p632": 0.000447838988711823
"p633": 6.209532196424438E-05
"p634": 0
"p635": 0
"p636": 7.150370408003896E-05
"p637": 5.645029269476761E-06
"p638": 0
"p639": 0
"p640": 0.0004760641350592069
"p641": 0.00011478226181269414
"p642": 7.5267056926356815E-06
"p643": 0
"p644": 0.002957995337205823
"p645": 0.0012249713514764574
"p646": 0.00027848811062752024
"p647": 7.5267056926356815E-06
"p648": 0.00010913723254321738
"p649": 2.6343469924224887E-05
"p650": 0
"p651": 0
"p652": 0.0004892358700213193
"p653": 9.784717400426388E-05
"p654": 0
"p655": 0
"p656": 0.0009765900636194795
"p657": 0.00020322105370116343
"p658": 1.8816764231589203E-05
"p659": 0
"p660": 0.004453928093617165
"p661": 0.0011722844116280073
"p662": 0.00019381267158536883
"p663": 4.516023415581409E-05
"p664": 0.00010725555612005845
"p665": 4.516023415581409E-05
"p666": 7.5267056926356815E-06
"p667": 0
"p668": 0.002916598455896327
"p669": 0.00092390312377103
"p670": 0.0001448890845832369
"p671": 3.7633528463178407E-06
"p672": 0.007477782105633549
"p673": 0.002617411904614058
"p674": 0.0005249877220613387
"p675": 4.704191057897301E-05
"p676": 0.017881571049279225
"p677": 0.007391224990168242
"p678": 0.0016596386052261677
"p679": 0.00015241579027587256
"p680": 0.002135702740285375
"p681": 0.0006021364554108545
"p682": 6.39769983874033E-05
"p683": 0
"p684": 0.00809120861958336
"p685": 0.0022090881207885724
"p686": 0.0002653163756654078
"p687": 1.129005853895352E-05
"p688": 0.016585095993722723
"p689": 0.005897173910180056
"p690": 0.0010575021498153132
"p691": 7.150370408003895E-05
"p692": 0.034453495308039844
