"p630": 0
"p631": 0
"p632": 0.00465338579447201
"p633": 0.0010763189140469028
"p634": 0.00015241579027587253
"p635": 7.5267056926356815E-06
"p636": 0.001955061803662118
"p637": 0.0004290222244802338
"p638": 4.5160234155814084E-05
"p639": 0
"p640": 0.005323262601116586
"p641": 0.0016991538101125052
"p642": 0.00028601481632015586
"p643": 1.5053411385271363E-05
"p644": 0.0004854725171750015
"p645": 6.774035123372113E-05
"p646": 0
"p647": 0
"p648": 0.0016257684296093072
"p649": 0.0003913886960170554
"p650": 4.327855773265517E-05
"p651": 0
"p652": 0.004295867274071816
"p653": 0.0012757766149017482
"p654": 0.00023520955289486504
"p655": 2.6343469924224887E-05
"p656": 0.0006265982489119205
"p657": 0.00014300740816007796
"p658": 1.1290058538953523E-05
"p659": 0
"p660": 0
"p661": 0
"p662": 0
"p663": 0
"p664": 1.5053411385271363E-05
"p665": 0
"p666": 0
"p667": 0
"p668": 3.0106822770542726E-05
"p669": 0
"p670": 0
"p671": 0
"p672": 0.0330949249305191
"p673": 0.013963920736262351
"p674": 0.003411479355187123
"p675": 0.00039703372528653215
"p676": 0.000989761798581592
"p677": 0.00016558752523798497
"p678": 5.645029269476761E-06
"p679": 0
"p680": 0.02205324767942255
"p681": 0.007760033569107388
"p682": 0.0014300740816007797
"p683": 9.408382115794602E-05
"p684": 0.037601539963984715
"p685": 0.012900773557177564
"p686": 0.002594831787536152
"p687": 0.00029918655128226827
"p688": 0.013391891103622038
"p689": 0.005065472931143814
"p690": 0.00099352515142791
"p691": 5.833196911792654E-05
"p692": 4.139688130949625E-05
