"p630": 5.645029269476761E-06
"p631": 0
"p632": 0.00021451111224011685
"p633": 2.0698440654748124E-05
"p634": 0
"p635": 0
"p636": 5.456861627160869E-05
"p637": 3.7633528463178407E-06
"p638": 0
"p639": 0
"p640": 0.011990042168368641
"p641": 0.004406886183038192
"p642": 0.00087121618392258
"p643": 6.58586748105622E-05
"p644": 0.022186846705466834
"p645": 0.009816705899620089
"p646": 0.0026117668753445817
"p647": 0.0003161216390906986
"p648": 0.004713599440013095
"p649": 0.0015091044913734541
"p650": 0.00014300740816007796
"p651": 1.8816764231589204E-06
"p652": 0.019629648446393862
"p653": 0.006582104128209904
"p654": 0.0009069680359625995
"p655": 5.8331969117926534E-05
"p656": 4.704191057897301E-05
"p657": 0
"p658": 0
"p659": 0
"p660": 0.0008843879188846924
"p661": 0.00011854561465901196
"p662": 0
"p663": 0
"p664": 0
"p665": 0
"p666": 0
"p667": 0
"p668": 6.962202765688006E-05
"p669": 1.8816764231589203E-05
"p670": 0
"p671": 0
"p672": 0.00676274506483316
"p673": 0.0024612327614918672
"p674": 0.00047794581148236575
"p675": 3.387017561686057E-05
"p676": 0.016334833029442594
"p677": 0.007028061440498567
"p678": 0.001689745427996711
"p679": 0.00014112573173691905
"p680": 0.0021865080037106652
"p681": 0.000780895715610952
"p682": 6.585867481056222E-05
"p683": 0
"p684": 0.00682107703395109
"p685": 0.0022429582964054334
"p686": 0.00025026296428013644
"p687": 7.5267056926356815E-06
"p688": 0.008318891466785588
"p689": 0.002417954203759212
"p690": 0.0004158504895181214
"p691": 3.0106822770542726E-05
"p692": 0.01978582758951605
