"p630": 3.387017561686057E-05
"p631": 0
"p632": 0.0002333278764717061
"p633": 3.010682277054273E-05
"p634": 3.7633528463178407E-06
"p635": 0
"p636": 0.00021262943581695798
"p637": 3.951520488633733E-05
"p638": 3.7633528463178407E-06
"p639": 0
"p640": 0.0063544212810076744
"p641": 0.002384084028142352
"p642": 0.0004892358700213193
"p643": 5.833196911792653E-05
"p644": 0.01553323887317689
"p645": 0.006036417965493817
"p646": 0.00132470020190388
"p647": 0.00015994249596850825
"p648": 0.0020566723305127
"p649": 0.0006040181318340133
"p650": 9.784717400426387E-05
"p651": 1.8816764231589204E-06
"p652": 0.008597379577413109
"p653": 0.0028074612233531093
"p654": 0.00043843060659602847
"p655": 2.8225146347383808E-05
"p656": 3.7633528463178407E-05
"p657": 5.645029269476761E-06
"p658": 0
"p659": 0
"p660": 0.0006040181318340134
"p661": 9.220214473478711E-05
"p662": 5.645029269476761E-06
"p663": 0
"p664": 0
"p665": 0
"p666": 0
"p667": 0
"p668": 0.00012607232035164766
"p669": 2.2580117077907045E-05
"p670": 0
"p671": 0
"p672": 0.0022693017663296578
"p673": 0.0007940674505730644
"p674": 0.00016935087808430286
"p675": 1.5053411385271365E-05
"p676": 0.00814389555943181
"p677": 0.002807461223353109
"p678": 0.0005588578976781994
"p679": 4.516023415581409E-05
"p680": 0.0006378883074508741
"p681": 0.0001975760244316866
"p682": 3.3870175616860565E-05
"p683": 1.8816764231589204E-06
"p684": 0.0020453822719737466
"p685": 0.0005682662797939941
"p686": 6.774035123372114E-05
"p687": 1.8816764231589204E-06
"p688": 0.0038329748739747206
"p689": 0.0011986278815522323
"p690": 0.0001956943480085277
"p691": 3.575185204001948E-05
"p692": 0.014242408846889872
