"p630": 0
"p631": 0
"p632": 5.645029269476761E-05
"p633": 0
"p634": 0
"p635": 0
"p636": 6.774035123372114E-05
"p637": 0
"p638": 0
"p639": 0
"p640": 1.6935087808430282E-05
"p641": 0
"p642": 0
"p643": 0
"p644": 0.00023897290574118288
"p645": 1.5053411385271363E-05
"p646": 0
"p647": 0
"p648": 0.0015298029320282025
"p649": 0.00044783898871182307
"p650": 5.080526342529085E-05
"p651": 0
"p652": 0.005643147593053602
"p653": 0.0019306000101610525
"p654": 0.000306713256974904
"p655": 1.6935087808430282E-05
"p656": 0.00033493840332228785
"p657": 6.209532196424438E-05
"p658": 0
"p659": 0
"p660": 0.003108529451058537
"p661": 0.0006322432781813974
"p662": 6.021364554108546E-05
"p663": 3.7633528463178407E-06
"p664": 0.002241076619982274
"p665": 0.0005946097497182189
"p666": 9.22021447347871E-05
"p667": 1.1290058538953523E-05
"p668": 0.007054404910422795
"p669": 0.002124412681746421
"p670": 0.0003462284618612414
"p671": 4.139688130949625E-05
"p672": 0.0006265982489119206
"p673": 0.0001561791431221904
"p674": 1.5053411385271363E-05
"p675": 0
"p676": 0.0020830158004369248
"p677": 0.00047041910578973014
"p678": 4.8923587002131926E-05
"p679": 0
"p680": 0.009711332019923193
"p681": 0.0034754563535745265
"p682": 0.0006924569237224828
"p683": 7.526705692635681E-05
"p684": 0.02471017478892295
"p685": 0.008919146245773286
"p686": 0.001808291042655723
"p687": 0.00021639278866327586
"p688": 0.002993747189245842
"p689": 0.000989761798581592
"p690": 0.00017123255450746173
"p691": 1.1290058538953523E-05
"p692": 0.0065068370712835465
