"p630": 0
"p631": 0
"p632": 0.0022335499142896384
"p633": 0.000517461016368703
"p634": 3.0106822770542726E-05
"p635": 0
"p636": 0.00011666393823585305
"p637": 1.8816764231589203E-05
"p638": 0
"p639": 0
"p640": 0.0010217502977752939
"p641": 0.00022768284720222934
"p642": 1.8816764231589207E-05
"p643": 0
"p644": 1.6935087808430286E-05
"p645": 0
"p646": 0
"p647": 0
"p648": 0.008478833962754097
"p649": 0.0031273462152901256
"p650": 0.000641651660297192
"p651": 7.33853805031979E-05
"p652": 0.0024913395842624106
"p653": 0.0008354643318825607
"p654": 0.00015617914312219042
"p655": 3.010682277054273E-05
"p656": 0.004309039009033929
"p657": 0.0011572310002427363
"p658": 0.0001467707610063958
"p659": 7.5267056926356815E-06
"p660": 0.00037633528463178407
"p661": 6.585867481056221E-05
"p662": 5.645029269476761E-06
"p663": 0
"p664": 0.022723124486067135
"p665": 0.008527757549756232
"p666": 0.0018176994247715178
"p667": 0.00020510273012432236
"p668": 0.009865629486622219
"p669": 0.0035977653210798556
"p670": 0.0007846590684572697
"p671": 8.655711546531033E-05
"p672": 0.0001749959073537796
"p673": 2.2580117077907045E-05
"p674": 5.645029269476761E-06
"p675": 0
"p676": 0
"p677": 0
"p678": 0
"p679": 0
"p680": 0.002658808785923554
"p681": 0.0007790140391877932
"p682": 0.00012230896750532982
"p683": 1.8816764231589204E-06
"p684": 0.00036692690251598946
"p685": 0.00011854561465901197
"p686": 2.4461793501065966E-05
"p687": 1.8816764231589204E-06
"p688": 0.0019701152150473893
"p689": 0.0005701479562171529
"p690": 8.655711546531033E-05
"p691": 1.3171734962112444E-05
"p692": 0
