"p630": 0
"p631": 0
"p632": 7.714873334951573E-05
"p633": 5.645029269476761E-06
"p634": 0
"p635": 0
"p636": 1.5053411385271365E-05
"p637": 0
"p638": 0
"p639": 0
"p640": 0.0014300740816007794
"p641": 0.0005231060456381798
"p642": 9.596549758110495E-05
"p643": 3.7633528463178407E-06
"p644": 0
"p645": 0
"p646": 0
"p647": 0
"p648": 0.0005701479562171528
"p649": 0.00024461793501065964
"p650": 3.763352846317841E-05
"p651": 0
"p652": 0.0004459573122886642
"p653": 9.784717400426385E-05
"p654": 0
"p655": 0
"p656": 0.002190271356556983
"p657": 0.0005550945448318816
"p658": 7.714873334951573E-05
"p659": 1.1290058538953523E-05
"p660": 0.00039515204886337327
"p661": 5.080526342529086E-05
"p662": 0
"p663": 0
"p664": 0.0008091208619583358
"p665": 0.0002690797285117256
"p666": 5.080526342529086E-05
"p667": 1.1290058538953523E-05
"p668": 0.0018026460133862457
"p669": 0.0005080526342529085
"p670": 6.962202765688006E-05
"p671": 1.8816764231589204E-06
"p672": 0.007020534734805933
"p673": 0.0025045113192245227
"p674": 0.0005381594570234512
"p675": 6.962202765688005E-05
"p676": 3.7633528463178407E-05
"p677": 5.645029269476761E-06
"p678": 0
"p679": 0
"p680": 0.002177099621594871
"p681": 0.0007357354814551379
"p682": 0.00012419064392848873
"p683": 7.5267056926356815E-06
"p684": 0.004009852457751659
"p685": 0.0011572310002427363
"p686": 0.00018816764231589203
"p687": 1.3171734962112444E-05
"p688": 0.017234274359712552
"p689": 0.006614092627403604
"p690": 0.0014695892864871167
"p691": 0.00014865243742955472
"p692": 0.000494880899290796
