"p630": 0
"p631": 0
"p632": 0.03279573837923684
"p633": 0.010595719938807887
"p634": 0.0018007643369630875
"p635": 0.00011666393823585311
"p636": 0.006282917576927636
"p637": 0.0016163600474935124
"p638": 0.00018064093662325636
"p639": 1.129005853895352E-05
"p640": 0.0007357354814551379
"p641": 0.0001674692016611439
"p642": 7.5267056926356815E-06
"p643": 0
"p644": 0
"p645": 0
"p646": 0
"p647": 0
"p648": 0.005535892036933544
"p649": 0.0020792524475906067
"p650": 0.00039138869601705546
"p651": 1.1290058538953523E-05
"p652": 0.0024631144379150265
"p653": 0.0008298193026130839
"p654": 9.032046831162818E-05
"p655": 1.8816764231589204E-06
"p656": 0.0031311095681364437
"p657": 0.0008486360668446731
"p658": 8.467543904215141E-05
"p659": 0
"p660": 0.00047418245863604794
"p661": 3.387017561686057E-05
"p662": 0
"p663": 0
"p664": 0.01745254882479899
"p665": 0.00632995948750661
"p666": 0.0013284635547501982
"p667": 5.080526342529084E-05
"p668": 0.010778242551854299
"p669": 0.003469811324305049
"p670": 0.0004760641350592069
"p671": 2.2580117077907042E-05
"p672": 0.00013736237889060116
"p673": 4.516023415581409E-05
"p674": 1.1290058538953523E-05
"p675": 0
"p676": 0
"p677": 0
"p678": 0
"p679": 0
"p680": 0.0018779130703126025
"p681": 0.0007300904521856611
"p682": 9.784717400426387E-05
"p683": 0
"p684": 0.0003499918147075592
"p685": 0.00010537387969689955
"p686": 1.1290058538953521E-05
"p687": 0
"p688": 0.0011440592652806236
"p689": 0.0003217666683601754
"p690": 4.3278557732655166E-05
"p691": 0
"p692": 0
