"p630": 0
"p631": 0
"p632": 2.2580117077907045E-05
"p633": 5.645029269476761E-06
"p634": 0
"p635": 0
"p636": 3.010682277054273E-05
"p637": 1.8816764231589204E-06
"p638": 0
"p639": 0
"p640": 0.015104216648696657
"p641": 0.006000666113453797
"p642": 0.0014056122880997139
"p643": 0.0001862859658927331
"p644": 0.028761424127984107
"p645": 0.012052137490332888
"p646": 0.0029184801323194863
"p647": 0.0003443467854380825
"p648": 0.0071296719673491485
"p649": 0.0024010191159507827
"p650": 0.00044407563586550515
"p651": 1.88167642315892E-05
"p652": 0.01246610630342785
"p653": 0.0036165820853114455
"p654": 0.0005306327513308158
"p655": 2.8225146347383815E-05
"p656": 0.028761424127984103
"p657": 0.012052137490332885
"p658": 0.002918480132319486
"p659": 0.00034434678543808245
"p660": 0.04797145873201355
"p661": 0.021748416098870814
"p662": 0.005964914261413781
"p663": 0.000910731388808918
"p664": 0.016526764024604804
"p665": 0.006149318550883353
"p666": 0.0012701315856322715
"p667": 4.327855773265516E-05
"p668": 0.031386362738290804
"p669": 0.010447067501378325
"p670": 0.001765012484923068
"p671": 0.00010537387969689955
"p672": 0.0071296719673491485
"p673": 0.0024010191159507823
"p674": 0.00044407563586550526
"p675": 1.8816764231589203E-05
"p676": 0.016526764024604804
"p677": 0.006149318550883353
"p678": 0.0012701315856322717
"p679": 4.327855773265517E-05
"p680": 0.0018854397760052382
"p681": 0.0005005259285602728
"p682": 3.198849919370165E-05
"p683": 1.8816764231589204E-06
"p684": 0.0021225310053232626
"p685": 0.0005118159870992265
"p686": 5.456861627160869E-05
"p687": 3.7633528463178407E-06
"p688": 0.012466106303427848
"p689": 0.0036165820853114455
"p690": 0.0005306327513308157
"p691": 2.8225146347383815E-05
"p692": 0.0313863627382908
