"p630": 0
"p631": 0
"p632": 0.00805357509112018
"p633": 0.0022486033256749094
"p634": 0.00037069025536230727
"p635": 4.139688130949624E-05
"p636": 0.0025891867582666745
"p637": 0.00066235010095194
"p638": 6.209532196424438E-05
"p639": 0
"p640": 0.002758537636350977
"p641": 0.0009558916229647315
"p642": 0.00017123255450746173
"p643": 1.1290058538953523E-05
"p644": 0
"p645": 0
"p646": 0
"p647": 0
"p648": 0.00040456043097916787
"p649": 6.39769983874033E-05
"p650": 0
"p651": 0
"p652": 0.0009389565351563013
"p653": 0.00023709122931802392
"p654": 2.2580117077907045E-05
"p655": 0
"p656": 0.005919754027257964
"p657": 0.0018365161890031064
"p658": 0.00029730487485910944
"p659": 1.5053411385271363E-05
"p660": 0.0004854725171750015
"p661": 6.774035123372113E-05
"p662": 0
"p663": 0
"p664": 0.0016408218409945787
"p665": 0.0003913886960170554
"p666": 4.327855773265517E-05
"p667": 0
"p668": 0.004325974096842358
"p669": 0.0012757766149017482
"p670": 0.00023520955289486504
"p671": 2.6343469924224887E-05
"p672": 0.014185958554195102
"p673": 0.0058294335589463364
"p674": 0.001226853027899616
"p675": 8.655711546531032E-05
"p676": 7.714873334951573E-05
"p677": 5.645029269476761E-06
"p678": 0
"p679": 0
"p680": 0.007684766512181032
"p681": 0.002814987929045745
"p682": 0.00045912904725077666
"p683": 2.4461793501065963E-05
"p684": 0.01273142267909326
"p685": 0.004075711132562222
"p686": 0.0007752506863414753
"p687": 7.903040977267466E-05
"p688": 0.030942287102425296
"p689": 0.013023082524682891
"p690": 0.0031649797437533042
"p691": 0.00036504522609283053
"p692": 0.0009540099465415726
