"p630": 0.0014771159921797526
"p631": 9.972885042742281E-05
"p632": 0.001996458684971615
"p633": 0.0004760641350592068
"p634": 5.268693984844977E-05
"p635": 3.76335284631784E-06
"p636": 0.003545078381231406
"p637": 0.0011704027352048485
"p638": 0.0001542974666990315
"p639": 7.52670569263568E-06
"p640": 0.0019926953321252965
"p641": 0.0006247165724887616
"p642": 0.00010725555612005848
"p643": 1.8816764231589204E-06
"p644": 0.004879186965251081
"p645": 0.0019851686264326608
"p646": 0.00038950701959389653
"p647": 1.1290058538953523E-05
"p648": 0.0006454150131435097
"p649": 0.0002145111122401169
"p650": 1.1290058538953521E-05
"p651": 0
"p652": 0.0024047824687971004
"p653": 0.0007206820700698665
"p654": 5.080526342529086E-05
"p655": 0
"p656": 0.007820247214648473
"p657": 0.002591068434689833
"p658": 0.0003857436667475786
"p659": 2.069844065474812E-05
"p660": 0.014058004557420296
"p661": 0.005724059679249437
"p662": 0.0012833033205943841
"p663": 4.8923587002131926E-05
"p664": 0.003255300212064931
"p665": 0.0012042729108217088
"p666": 4.327855773265517E-05
"p667": 1.8816764231589204E-06
"p668": 0.010706738847774261
"p669": 0.0033644374446081507
"p670": 0.00014677076100639582
"p671": 1.8816764231589204E-06
"p672": 0.0004177321659412803
"p673": 0.00011478226181269415
"p674": 1.1290058538953521E-05
"p675": 0
"p676": 0.0018120543955020404
"p677": 0.0007244454229161844
"p678": 9.784717400426387E-05
"p679": 0
"p680": 7.338538050319788E-05
"p681": 1.6935087808430282E-05
"p682": 3.7633528463178407E-06
"p683": 0
"p684": 0.00024461793501065964
"p685": 4.327855773265517E-05
"p686": 9.408382115794602E-06
"p687": 0
"p688": 0.0010744372376237435
"p689": 0.00023897290574118285
"p690": 2.0698440654748124E-05
"p691": 0
"p692": 0.004499088327772979
