"p630": 5.645029269476761E-06
"p631": 0
"p632": 0.033236050662256024
"p633": 0.014103164791576115
"p634": 0.0035055631763450694
"p635": 0.00038762534317073765
"p636": 0.02462361767345764
"p637": 0.00969627860853792
"p638": 0.0020284471841653163
"p639": 0.00017123255450746176
"p640": 0.0005099343106760674
"p641": 0.00016558752523798502
"p642": 3.198849919370165E-05
"p643": 0
"p644": 0
"p645": 0
"p646": 0
"p647": 0
"p648": 3.387017561686057E-05
"p649": 1.8816764231589204E-06
"p650": 0
"p651": 0
"p652": 0.00019381267158536883
"p653": 6.774035123372114E-05
"p654": 0
"p655": 0
"p656": 0.0015711998133376983
"p657": 0.0004384306065960285
"p658": 5.268693984844977E-05
"p659": 0
"p660": 0.00025402631712645424
"p661": 0
"p662": 0
"p663": 0
"p664": 0.00039515204886337327
"p665": 7.903040977267463E-05
"p666": 0
"p667": 0
"p668": 0.0013660970832133762
"p669": 0.00039891540170969113
"p670": 6.585867481056221E-05
"p671": 0
"p672": 0.005174610163687031
"p673": 0.002101832564668514
"p674": 0.0003857436667475787
"p675": 1.1290058538953523E-05
"p676": 2.8225146347383805E-05
"p677": 0
"p678": 0
"p679": 0
"p680": 0.0015994249596850822
"p681": 0.0004948808992907961
"p682": 5.080526342529084E-05
"p683": 0
"p684": 0.0037896963162420663
"p685": 0.0011873378230132787
"p686": 0.00014865243742955472
"p687": 1.8816764231589204E-06
"p688": 0.01367790591994219
"p689": 0.005545300419049339
"p690": 0.0012513148214006826
"p691": 4.8923587002131926E-05
"p692": 0.0004403122830191874
