"p630": 0
"p631": 0
"p632": 0.00012419064392848875
"p633": 0
"p634": 0
"p635": 0
"p636": 0
"p637": 0
"p638": 0
"p639": 0
"p640": 0.0002220378179327526
"p641": 1.5053411385271363E-05
"p642": 0
"p643": 0
"p644": 0
"p645": 0
"p646": 0
"p647": 0
"p648": 0.006047708024032769
"p649": 0.002032210537011634
"p650": 0.0003180033155138576
"p651": 1.6935087808430282E-05
"p652": 0.0010857272961626969
"p653": 0.00030859493339806287
"p654": 3.3870175616860565E-05
"p655": 0
"p656": 0.0028488581046626055
"p657": 0.000615308190372967
"p658": 6.021364554108546E-05
"p659": 3.7633528463178407E-06
"p660": 0
"p661": 0
"p662": 0
"p663": 0
"p664": 0.008102498678122313
"p665": 0.002295645236253883
"p666": 0.00036880857893914834
"p667": 4.139688130949625E-05
"p668": 0.0017424323678451603
"p669": 0.0004760641350592069
"p670": 6.962202765688005E-05
"p671": 1.1290058538953523E-05
"p672": 0.0020378555662811113
"p673": 0.00047041910578973014
"p674": 4.8923587002131926E-05
"p675": 0
"p676": 4.516023415581409E-05
"p677": 0
"p678": 0
"p679": 0
"p680": 0.027146945756913763
"p681": 0.00976778231261796
"p682": 0.002045382271973747
"p683": 0.00025778966997277216
"p684": 0.007310312903972406
"p685": 0.002305053618369677
"p686": 0.00039703372528653215
"p687": 2.6343469924224887E-05
"p688": 0.00591034564514217
"p689": 0.0018666230117736489
"p690": 0.0002973048748591094
"p691": 1.5053411385271363E-05
"p692": 0.0006265982489119205
