"p630": 0
"p631": 0
"p632": 0
"p633": 0
"p634": 0
"p635": 0
"p636": 0
"p637": 0
"p638": 0
"p639": 0
"p640": 0.0014056122880997137
"p641": 0.00043278557732655173
"p642": 5.080526342529085E-05
"p643": 0
"p644": 0.005556590477588292
"p645": 0.0019117832459294634
"p646": 0.000306713256974904
"p647": 1.6935087808430282E-05
"p648": 0.00015241579027587256
"p649": 3.575185204001949E-05
"p650": 5.645029269476761E-06
"p651": 0
"p652": 0.0006642317773750989
"p653": 0.00016935087808430283
"p654": 1.1290058538953523E-05
"p655": 0
"p656": 0.0020943058589758786
"p657": 0.0005776746619097886
"p658": 8.655711546531033E-05
"p659": 1.1290058538953523E-05
"p660": 0.007526705692635683
"p661": 0.0021714545923253938
"p662": 0.0003405834325917646
"p663": 4.139688130949625E-05
"p664": 0.0003763352846317841
"p665": 0.00010725555612005845
"p666": 2.6343469924224884E-05
"p667": 5.645029269476761E-06
"p668": 0.0029975105420921603
"p669": 0.0009050863595394408
"p670": 0.0001561791431221904
"p671": 9.408382115794602E-06
"p672": 0.008126960471623378
"p673": 0.002969285395744776
"p674": 0.0005964914261413778
"p675": 7.33853805031979E-05
"p676": 0.022773929749492425
"p677": 0.008285021291168728
"p678": 0.001716088897920936
"p679": 0.00021639278866327586
"p680": 0.0021658095630559173
"p681": 0.0006943386001456416
"p682": 0.0001298356731979655
"p683": 1.8816764231589204E-06
"p684": 0.0047286528513983675
"p685": 0.0012475514685543643
"p686": 0.0001542974666990315
"p687": 5.645029269476761E-06
"p688": 0.017407388590643173
"p689": 0.007080748380347017
"p690": 0.00144700916940921
"p691": 0.000118545614659012
"p692": 0.04251647878127581
