"p630": 0
"p631": 0
"p632": 0.0007507888928404091
"p633": 9.032046831162815E-05
"p634": 0
"p635": 0
"p636": 3.7633528463178407E-06
"p637": 0
"p638": 0
"p639": 0
"p640": 0.0018195811011946761
"p641": 0.00047041910578973014
"p642": 6.585867481056221E-05
"p643": 1.1290058538953523E-05
"p644": 5.080526342529084E-05
"p645": 0
"p646": 0
"p647": 0
"p648": 0.015591570842294816
"p649": 0.0062321123135023445
"p650": 0.0014338374344470973
"p651": 0.0001373623788906012
"p652": 0.00791244935938326
"p653": 0.0027641826656204537
"p654": 0.0005381594570234513
"p655": 5.456861627160869E-05
"p656": 0.006237757342771821
"p657": 0.0018214627776178345
"p658": 0.00030483158055174506
"p659": 4.139688130949624E-05
"p660": 0.0010669105319311078
"p661": 0.00018816764231589206
"p662": 1.6935087808430286E-05
"p663": 0
"p664": 0.03491262435529062
"p665": 0.014029779411072914
"p666": 0.0034208877373029176
"p667": 0.0003688085789391484
"p668": 0.023246230531705308
"p669": 0.00841862031721301
"p670": 0.001631413458878784
"p671": 0.00014112573173691902
"p672": 0.0003612818732465128
"p673": 0.00011854561465901199
"p674": 3.7633528463178407E-05
"p675": 5.645029269476761E-06
"p676": 0
"p677": 0
"p678": 0
"p679": 0
"p680": 0.007229400817776574
"p681": 0.0027924078119678374
"p682": 0.0005438044862929281
"p683": 1.3171734962112442E-05
"p684": 0.00249133958426241
"p685": 0.0007620789513793627
"p686": 0.00013359902604428335
"p687": 7.5267056926356815E-06
"p688": 0.002978693777860571
"p689": 0.0009295481530405067
"p690": 0.00017499590735377957
"p691": 9.408382115794602E-06
"p692": 0
