"p630": 0.00015053411385271363
"p631": 9.408382115794602E-06
"p632": 0.013026845877529208
"p633": 0.003652333937351465
"p634": 0.0005118159870992265
"p635": 2.8225146347383815E-05
"p636": 0.026044283372942616
"p637": 0.008674528310762625
"p638": 0.0014827610214492293
"p639": 9.972885042742281E-05
"p640": 0.0006322432781813972
"p641": 0.00016935087808430283
"p642": 1.8816764231589204E-06
"p643": 0
"p644": 0.0007357354814551379
"p645": 0.0001674692016611439
"p646": 7.5267056926356815E-06
"p647": 0
"p648": 0.0023050536183696776
"p649": 0.0006830485416066881
"p650": 0.00011101890896637632
"p651": 1.8816764231589204E-06
"p652": 0.005893410557333738
"p653": 0.0023633855874876037
"p654": 0.0003932703724402144
"p655": 1.1290058538953523E-05
"p656": 0.0029692853957447763
"p657": 0.000920139770924712
"p658": 4.139688130949625E-05
"p659": 1.8816764231589204E-06
"p660": 0.0035375516755387706
"p661": 0.0008768612131920569
"p662": 8.467543904215141E-05
"p663": 0
"p664": 0.009171290886476578
"p665": 0.002929770190858439
"p666": 0.00041208713667180354
"p667": 2.069844065474812E-05
"p668": 0.01937562212926741
"p669": 0.007425095165785102
"p670": 0.0013943222295607605
"p671": 5.080526342529084E-05
"p672": 4.516023415581409E-05
"p673": 7.5267056926356815E-06
"p674": 0
"p675": 0
"p676": 0.00013736237889060116
"p677": 4.516023415581409E-05
"p678": 1.1290058538953523E-05
"p679": 0
"p680": 0.00045912904725077655
"p681": 0.00011666393823585307
"p682": 1.1290058538953521E-05
"p683": 0
"p684": 0.0019080198930831454
"p685": 0.0007244454229161844
"p686": 9.784717400426387E-05
"p687": 0
"p688": 0.00018816764231589203
"p689": 4.3278557732655166E-05
"p690": 0
"p691": 0
"p692": 0.0011440592652806236
