"p630": 0
"p631": 0
"p632": 0.02452388882303021
"p633": 0.008781783866882683
"p634": 0.0019475350979694828
"p635": 0.00026531637566540783
"p636": 0.005345842718194493
"p637": 0.0018308711597336295
"p638": 0.0003499918147075592
"p639": 3.951520488633733E-05
"p640": 0.0004835908407518425
"p641": 7.150370408003898E-05
"p642": 1.8816764231589204E-06
"p643": 0
"p644": 0
"p645": 0
"p646": 0
"p647": 0
"p648": 0.0011195974717795574
"p649": 0.00023144620004854723
"p650": 2.2580117077907045E-05
"p651": 0
"p652": 8.467543904215141E-05
"p653": 7.5267056926356815E-06
"p654": 0
"p655": 0
"p656": 0
"p657": 0
"p658": 0
"p659": 0
"p660": 0
"p661": 0
"p662": 0
"p663": 0
"p664": 5.645029269476761E-05
"p665": 1.1290058538953523E-05
"p666": 0
"p667": 0
"p668": 0
"p669": 0
"p670": 0
"p671": 0
"p672": 0.0016295317824556249
"p673": 0.00029165984558963265
"p674": 7.5267056926356815E-06
"p675": 0
"p676": 0.00016370584881482606
"p677": 5.645029269476761E-06
"p678": 0
"p679": 0
"p680": 0.00864630316441524
"p681": 0.00275477428350466
"p682": 0.00045536569440445874
"p683": 1.8816764231589203E-05
"p684": 0.0033606740917618318
"p685": 0.0011515859709732594
"p686": 0.0001486524374295547
"p687": 1.3171734962112444E-05
"p688": 0.00018252261304641527
"p689": 1.6935087808430282E-05
"p690": 0
"p691": 0
"p692": 0
