"p630": 0
"p631": 0
"p632": 6.774035123372114E-05
"p633": 0
"p634": 0
"p635": 0
"p636": 0
"p637": 0
"p638": 0
"p639": 0
"p640": 0.005323262601116587
"p641": 0.001699153810112505
"p642": 0.0002860148163201559
"p643": 1.5053411385271363E-05
"p644": 0.0006265982489119205
"p645": 0.00014300740816007796
"p646": 1.1290058538953523E-05
"p647": 0
"p648": 0.03309492493051911
"p649": 0.013963920736262353
"p650": 0.0034114793551871243
"p651": 0.00039703372528653225
"p652": 0.013391891103622038
"p653": 0.005065472931143813
"p654": 0.00099352515142791
"p655": 5.8331969117926534E-05
"p656": 0.00048547251717500137
"p657": 6.774035123372113E-05
"p658": 0
"p659": 0
"p660": 0
"p661": 0
"p662": 0
"p663": 0
"p664": 0.0009897617985815922
"p665": 0.000165587525237985
"p666": 5.645029269476761E-06
"p667": 0
"p668": 4.139688130949625E-05
"p669": 3.7633528463178407E-06
"p670": 0
"p671": 0
"p672": 0.0016257684296093074
"p673": 0.00039138869601705535
"p674": 4.327855773265517E-05
"p675": 0
"p676": 1.5053411385271363E-05
"p677": 0
"p678": 0
"p679": 0
"p680": 0.02205324767942256
"p681": 0.007760033569107391
"p682": 0.00143007408160078
"p683": 9.408382115794607E-05
"p684": 0.005238587162074435
"p685": 0.0017405506914220015
"p686": 0.0002615530228190899
"p687": 1.6935087808430286E-05
"p688": 0.0042958672740718165
"p689": 0.0012757766149017482
"p690": 0.00023520955289486507
"p691": 2.6343469924224887E-05
"p692": 3.0106822770542726E-05
