"p630": 0
"p631": 0
"p632": 0.000948364917272096
"p633": 0.00017687758377693853
"p634": 1.6935087808430286E-05
"p635": 0
"p636": 0.0006190715432192848
"p637": 0.0001204272910821709
"p638": 5.645029269476761E-06
"p639": 0
"p640": 3.9515204886337324E-05
"p641": 1.6935087808430282E-05
"p642": 0
"p643": 0
"p644": 0.000494880899290796
"p645": 6.585867481056222E-05
"p646": 0
"p647": 0
"p648": 0.0026550454330772372
"p649": 0.0007752506863414752
"p650": 0.00010725555612005847
"p651": 0
"p652": 0.008714043515648962
"p653": 0.003240246800679661
"p654": 0.000634124954604556
"p655": 3.575185204001949E-05
"p656": 0.000494880899290796
"p657": 6.585867481056222E-05
"p658": 0
"p659": 0
"p660": 0.005035366108373272
"p661": 0.0010499754441226775
"p662": 0.0001279539967748066
"p663": 7.5267056926356815E-06
"p664": 0.003680559083698848
"p665": 0.0009634183286573671
"p666": 0.00015241579027587256
"p667": 2.2580117077907045E-05
"p668": 0.009839286016697995
"p669": 0.0030294990412858616
"p670": 0.0005682662797939939
"p671": 8.279376261899248E-05
"p672": 0.002655045433077237
"p673": 0.0007752506863414752
"p674": 0.00010725555612005847
"p675": 0
"p676": 0.003680559083698848
"p677": 0.0009634183286573671
"p678": 0.00015241579027587253
"p679": 2.2580117077907045E-05
"p680": 0.02593326446397625
"p681": 0.009468595761335692
"p682": 0.0019512984508158009
"p683": 0.00021262943581695806
"p684": 0.04577554234618708
"p685": 0.01781194902162235
"p686": 0.003928940371555827
"p687": 0.0003989154017096912
"p688": 0.008714043515648962
"p689": 0.00324024680067966
"p690": 0.0006341249546045561
"p691": 3.575185204001949E-05
"p692": 0.009839286016697995
