"p630": 0
"p631": 0
"p632": 0.0009351931823099835
"p633": 0.0001938126715853688
"p634": 1.1290058538953523E-05
"p635": 0
"p636": 0
"p637": 0
"p638": 0
"p639": 0
"p640": 0.004516023415581409
"p641": 0.001016105268505817
"p642": 0.0001279539967748066
"p643": 7.5267056926356815E-06
"p644": 0
"p645": 0
"p646": 0
"p647": 0
"p648": 0.010829047815279587
"p649": 0.0032063766250628
"p650": 0.0006040181318340134
"p651": 8.279376261899248E-05
"p652": 0.00228247350129177
"p653": 0.0006341249546045562
"p654": 0.00010537387969689955
"p655": 2.2580117077907045E-05
"p656": 0
"p657": 0
"p658": 0
"p659": 0
"p660": 0
"p661": 0
"p662": 0
"p663": 0
"p664": 0.0012908300262870194
"p665": 0.00027472475778120243
"p666": 2.2580117077907045E-05
"p667": 0
"p668": 6.774035123372114E-05
"p669": 0
"p670": 0
"p671": 0
"p672": 0.010829047815279588
"p673": 0.0032063766250628
"p674": 0.0006040181318340133
"p675": 8.279376261899248E-05
"p676": 0.0012908300262870194
"p677": 0.00027472475778120243
"p678": 2.2580117077907045E-05
"p679": 0
"p680": 0.10077318084227607
"p681": 0.042810020303288635
"p682": 0.010994635340517582
"p683": 0.0014808793450260722
"p684": 0.044211869238542
"p685": 0.015260395791818848
"p686": 0.00301632730632375
"p687": 0.0002615530228190899
"p688": 0.0022824735012917704
"p689": 0.0006341249546045562
"p690": 0.00010537387969689955
"p691": 2.2580117077907045E-05
"p692": 6.774035123372114E-05
