"p630": 0
"p631": 0
"p632": 0.0008015941562657
"p633": 0.00011666393823585305
"p634": 5.645029269476761E-06
"p635": 0
"p636": 0.0005231060456381798
"p637": 8.843879188846925E-05
"p638": 5.645029269476761E-06
"p639": 0
"p640": 0.004623278971701467
"p641": 0.0016483485466872142
"p642": 0.0002521446407032953
"p643": 1.8816764231589203E-05
"p644": 0.006010074495569593
"p645": 0.0016427035174177375
"p646": 0.0002464996114338186
"p647": 3.0106822770542726E-05
"p648": 0.014287569081045682
"p649": 0.00508805304822172
"p650": 0.0009634183286573671
"p651": 6.58586748105622E-05
"p652": 0.031734472876575194
"p653": 0.013181143344228239
"p654": 0.0031819148315617345
"p655": 0.00036692690251598946
"p656": 0
"p657": 0
"p658": 0
"p659": 0
"p660": 0.0004327855773265517
"p661": 3.3870175616860565E-05
"p662": 0
"p663": 0
"p664": 4.704191057897301E-05
"p665": 0
"p666": 0
"p667": 0
"p668": 0.0005870830440255831
"p669": 8.467543904215141E-05
"p670": 0
"p671": 0
"p672": 0.001209917940091186
"p673": 0.0004214955187875981
"p674": 3.575185204001949E-05
"p675": 0
"p676": 0.0018666230117736489
"p677": 0.0006002547789876956
"p678": 0.0001373623788906012
"p679": 1.6935087808430282E-05
"p680": 0.008373460083057198
"p681": 0.0029297701908584392
"p682": 0.0005438044862929281
"p683": 3.387017561686057E-05
"p684": 0.020004102054602485
"p685": 0.008239861057012913
"p686": 0.001862859658927331
"p687": 0.00015241579027587258
"p688": 0.0013943222295607599
"p689": 0.00038009863747810193
"p690": 2.8225146347383805E-05
"p691": 0
"p692": 0.004092646220370652
