"p630": 0
"p631": 0
"p632": 0.0025666066411887674
"p633": 0.0006717584830677345
"p634": 9.22021447347871E-05
"p635": 1.1290058538953523E-05
"p636": 0.0026682171680393486
"p637": 0.0007470255399940914
"p638": 9.408382115794603E-05
"p639": 1.1290058538953523E-05
"p640": 0
"p641": 0
"p642": 0
"p643": 0
"p644": 0.00012042729108217089
"p645": 5.645029269476761E-06
"p646": 0
"p647": 0
"p648": 0.0002784881106275202
"p649": 6.209532196424438E-05
"p650": 5.645029269476761E-06
"p651": 0
"p652": 0.0018101727190788812
"p653": 0.0004986442521371139
"p654": 8.467543904215139E-05
"p655": 5.645029269476761E-06
"p656": 0.00012042729108217092
"p657": 5.645029269476761E-06
"p658": 0
"p659": 0
"p660": 0.0019418900687000055
"p661": 0.00042902222448023387
"p662": 2.822514634738381E-05
"p663": 1.8816764231589204E-06
"p664": 0.0011233608246258755
"p665": 0.0002333278764717061
"p666": 1.8816764231589203E-05
"p667": 0
"p668": 0.004397477800922397
"p669": 0.001183574470166961
"p670": 0.00015241579027587256
"p671": 7.5267056926356815E-06
"p672": 0.0002784881106275202
"p673": 6.209532196424436E-05
"p674": 5.645029269476761E-06
"p675": 0
"p676": 0.0011233608246258757
"p677": 0.0002333278764717061
"p678": 1.8816764231589207E-05
"p679": 0
"p680": 0.0028620298396247177
"p681": 0.0010631471790847901
"p682": 0.00019004931873905096
"p683": 3.9515204886337324E-05
"p684": 0.00978471740042639
"p685": 0.003535669999115612
"p686": 0.0007037469822614365
"p687": 7.33853805031979E-05
"p688": 0.0018101727190788816
"p689": 0.0004986442521371138
"p690": 8.46754390421514E-05
"p691": 5.645029269476761E-06
"p692": 0.004397477800922397
