"p630": 0.0002408545821643418
"p631": 4.139688130949624E-05
"p632": 0.03594942806445119
"p633": 0.01506846479665664
"p634": 0.003573303527578791
"p635": 0.0003895070195938966
"p636": 0.048729774330546566
"p637": 0.021144397967036797
"p638": 0.005488850126354572
"p639": 0.0007921857741499058
"p640": 0
"p641": 0
"p642": 0
"p643": 0
"p644": 0.00012983567319796552
"p645": 0
"p646": 0
"p647": 0
"p648": 5.456861627160869E-05
"p649": 3.7633528463178407E-06
"p650": 0
"p651": 0
"p652": 0.0005325144277539745
"p653": 0.0001674692016611439
"p654": 3.198849919370165E-05
"p655": 0
"p656": 4.704191057897301E-05
"p657": 1.8816764231589204E-06
"p658": 0
"p659": 0
"p660": 0.0012738949384785891
"p661": 0.000165587525237985
"p662": 9.408382115794602E-06
"p663": 0
"p664": 0.0003970337252865322
"p665": 6.39769983874033E-05
"p666": 0
"p667": 0
"p668": 0.001697272133689346
"p669": 0.0004685374293665712
"p670": 5.268693984844977E-05
"p671": 0
"p672": 0.0006623501009519399
"p673": 0.00016935087808430283
"p674": 1.8816764231589204E-06
"p675": 0
"p676": 0.0007733690099183165
"p677": 0.00017499590735377957
"p678": 7.5267056926356815E-06
"p679": 0
"p680": 0.0026588087859235545
"p681": 0.0007790140391877932
"p682": 0.00012230896750532982
"p683": 1.8816764231589204E-06
"p684": 0.00707510335107754
"p685": 0.0027472475778120243
"p686": 0.00043278557732655173
"p687": 1.1290058538953523E-05
"p688": 0.0029843388071300477
"p689": 0.000920139770924712
"p690": 4.139688130949625E-05
"p691": 1.8816764231589204E-06
"p692": 0.0033286855925681305
