"p630": 5.645029269476761E-06
"p631": 0
"p632": 0.00016370584881482606
"p633": 5.645029269476761E-06
"p634": 0
"p635": 0
"p636": 7.903040977267465E-05
"p637": 0
"p638": 0
"p639": 0
"p640": 0.0033136321811828586
"p641": 0.0009032046831162818
"p642": 0.00014112573173691902
"p643": 2.2580117077907045E-05
"p644": 0.009555152876800999
"p645": 0.0028770832510099887
"p646": 0.0005456861627160869
"p647": 8.279376261899248E-05
"p648": 0.0006209532196424437
"p649": 0.00020133937727800447
"p650": 5.645029269476761E-05
"p651": 1.1290058538953523E-05
"p652": 0.005330789306809221
"p653": 0.0017123255450746176
"p654": 0.0003217666683601754
"p655": 1.8816764231589203E-05
"p656": 0.00010161052685058171
"p657": 0
"p658": 0
"p659": 0
"p660": 0.0012569598506701586
"p661": 0.00027472475778120243
"p662": 2.2580117077907045E-05
"p663": 0
"p664": 0
"p665": 0
"p666": 0
"p667": 0
"p668": 0
"p669": 0
"p670": 0
"p671": 0
"p672": 0.03905607583908656
"p673": 0.015774093455341233
"p674": 0.0037426544056630936
"p675": 0.0004440756358655053
"p676": 0.07115747561817778
"p677": 0.03111728300977909
"p678": 0.008249269439128713
"p679": 0.0011722844116280086
"p680": 0.020308933635154236
"p681": 0.007408160077976669
"p682": 0.0015166311970660903
"p683": 5.268693984844977E-05
"p684": 0.03873242749430323
"p685": 0.012531964978238415
"p686": 0.002088660829706402
"p687": 0.00012230896750532988
"p688": 0.015134323471467195
"p689": 0.004960099051446914
"p690": 0.0009634183286573673
"p691": 0.00010349220327374062
"p692": 0.03485805573901901
