"p630": 0
"p631": 0
"p632": 3.198849919370165E-05
"p633": 5.645029269476761E-06
"p634": 0
"p635": 0
"p636": 9.408382115794602E-06
"p637": 0
"p638": 0
"p639": 0
"p640": 0.001983286950009502
"p641": 0.0005061709578297494
"p642": 7.150370408003896E-05
"p643": 1.1290058538953523E-05
"p644": 0.00039515204886337327
"p645": 5.080526342529086E-05
"p646": 0
"p647": 0
"p648": 0.0008034758326888592
"p649": 0.0002690797285117256
"p650": 5.080526342529086E-05
"p651": 1.1290058538953523E-05
"p652": 0.001791355954847292
"p653": 0.0005080526342529085
"p654": 6.962202765688006E-05
"p655": 1.8816764231589204E-06
"p656": 0.0002747247577812024
"p657": 5.456861627160869E-05
"p658": 5.645029269476761E-06
"p659": 0
"p660": 0
"p661": 0
"p662": 0
"p663": 0
"p664": 5.645029269476761E-06
"p665": 0
"p666": 0
"p667": 0
"p668": 1.1290058538953523E-05
"p669": 0
"p670": 0
"p671": 0
"p672": 0.016195588974128827
"p673": 0.006075933170380153
"p674": 0.001343516966135469
"p675": 0.00013548070246744226
"p676": 0.0005099343106760674
"p677": 6.585867481056222E-05
"p678": 5.645029269476761E-06
"p679": 0
"p680": 0.005865185410986354
"p681": 0.0018910848052747153
"p682": 0.0002671980520885667
"p683": 1.3171734962112442E-05
"p684": 0.014184076877771944
"p685": 0.0047173627928594145
"p686": 0.0007263270993393432
"p687": 4.5160234155814084E-05
"p688": 0.00793314780003801
"p689": 0.002707732372925686
"p690": 0.0006209532196424437
"p691": 7.714873334951573E-05
"p692": 2.2580117077907045E-05
