"p630": 0
"p631": 0
"p632": 0.0015335662848745197
"p633": 0.0003180033155138576
"p634": 1.1290058538953523E-05
"p635": 0
"p636": 0.002209088120788572
"p637": 0.0005343961041771334
"p638": 3.387017561686057E-05
"p639": 0
"p640": 0.0015975432832619233
"p641": 0.0004760641350592069
"p642": 8.46754390421514E-05
"p643": 5.645029269476761E-06
"p644": 0.0038499099617831517
"p645": 0.001044330414853201
"p646": 0.00014112573173691902
"p647": 7.5267056926356815E-06
"p648": 0.007291496139740818
"p649": 0.002658808785923555
"p650": 0.0005325144277539745
"p651": 6.0213645541085445E-05
"p652": 0.018609779825041733
"p653": 0.00723504584704605
"p654": 0.001546738019836633
"p655": 0.00017499590735377962
"p656": 0
"p657": 0
"p658": 0
"p659": 0
"p660": 0.0003161216390906986
"p661": 5.080526342529086E-05
"p662": 0
"p663": 0
"p664": 3.7633528463178407E-05
"p665": 5.645029269476761E-06
"p666": 0
"p667": 0
"p668": 0.0004854725171750015
"p669": 7.526705692635683E-05
"p670": 5.645029269476761E-06
"p671": 0
"p672": 0.0002747247577812023
"p673": 3.3870175616860565E-05
"p674": 0
"p675": 0
"p676": 0.0010085785628131815
"p677": 0.00022768284720222934
"p678": 2.4461793501065966E-05
"p679": 0
"p680": 0.0025741333468814035
"p681": 0.0008712161839225803
"p682": 0.00017687758377693853
"p683": 1.5053411385271365E-05
"p684": 0.008813772366076385
"p685": 0.0030897126868269474
"p686": 0.0006058998082571725
"p687": 5.080526342529085E-05
"p688": 0.0005005259285602728
"p689": 0.00012419064392848875
"p690": 1.6935087808430286E-05
"p691": 0
"p692": 0.0025891867582666745
