"p630": 0
"p631": 0
"p632": 0.01783452913870025
"p633": 0.0055114302434324785
"p634": 0.0009333115058868245
"p635": 6.39769983874033E-05
"p636": 0.014191603583464583
"p637": 0.004412531212307668
"p638": 0.0006886935708761649
"p639": 5.456861627160869E-05
"p640": 0.009314298294636656
"p641": 0.0037614711698946823
"p642": 0.0008674528310762624
"p643": 3.76335284631784E-05
"p644": 0.0004403122830191874
"p645": 6.209532196424438E-05
"p646": 0
"p647": 0
"p648": 0.004963862404293232
"p649": 0.0015900165775692876
"p650": 0.0001505341138527136
"p651": 1.8816764231589204E-06
"p652": 0.011773649379705365
"p653": 0.003797223021934701
"p654": 0.0004045604309791678
"p655": 1.693508780843028E-05
"p656": 0.00019569434800852773
"p657": 3.1988499193701654E-05
"p658": 0
"p659": 0
"p660": 0.00012230896750532982
"p661": 0
"p662": 0
"p663": 0
"p664": 1.6935087808430282E-05
"p665": 0
"p666": 0
"p667": 0
"p668": 8.091208619583358E-05
"p669": 1.8816764231589203E-05
"p670": 0
"p671": 0
"p672": 0.0056393842402072845
"p673": 0.0023897290574118285
"p674": 0.00048359084075184255
"p675": 1.3171734962112444E-05
"p676": 9.408382115794602E-06
"p677": 0
"p678": 0
"p679": 0
"p680": 0.0019343633630073695
"p681": 0.0007037469822614362
"p682": 5.833196911792653E-05
"p683": 0
"p684": 0.003985390664250594
"p685": 0.0015109861677966132
"p686": 0.00016370584881482606
"p687": 7.5267056926356815E-06
"p688": 0.006826722063220564
"p689": 0.002470641143607662
"p690": 0.0004158504895181214
"p691": 9.408382115794602E-06
"p692": 4.516023415581409E-05
