"p630": 0
"p631": 0
"p632": 0.00012419064392848875
"p633": 1.1290058538953523E-05
"p634": 0
"p635": 0
"p636": 1.5053411385271365E-05
"p637": 0
"p638": 0
"p639": 0
"p640": 7.150370408003898E-05
"p641": 5.645029269476761E-06
"p642": 0
"p643": 0
"p644": 0
"p645": 0
"p646": 0
"p647": 0
"p648": 0.0020002220378179322
"p649": 0.0007677239806488394
"p650": 0.00013359902604428333
"p651": 3.7633528463178407E-06
"p652": 0.0001994577008548456
"p653": 5.080526342529085E-05
"p654": 0
"p655": 0
"p656": 0.001437600787293415
"p657": 0.00028601481632015586
"p658": 2.822514634738381E-05
"p659": 1.8816764231589204E-06
"p660": 0
"p661": 0
"p662": 0
"p663": 0
"p664": 0.003185678184408052
"p665": 0.0008411093611520376
"p666": 0.0001279539967748066
"p667": 2.2580117077907045E-05
"p668": 0.0003518734911307181
"p669": 6.39769983874033E-05
"p670": 9.408382115794602E-06
"p671": 0
"p672": 0.0009577732993878905
"p673": 0.000188167642315892
"p674": 1.8816764231589207E-05
"p675": 0
"p676": 1.6935087808430286E-05
"p677": 0
"p678": 0
"p679": 0
"p680": 0.009129894005167082
"p681": 0.003217666683601754
"p682": 0.0006623501009519399
"p683": 7.714873334951573E-05
"p684": 0.0027547742835046587
"p685": 0.0008994413302699639
"p686": 0.0001749959073537796
"p687": 1.3171734962112444E-05
"p688": 0.0036259904674272392
"p689": 0.0009653000050805259
"p690": 0.00012419064392848875
"p691": 7.5267056926356815E-06
"p692": 0.00042714054805707494
