"p630": 0
"p631": 0
"p632": 0.003509326529191386
"p633": 0.0007827773920341108
"p634": 4.516023415581409E-05
"p635": 0
"p636": 0.00019569434800852765
"p637": 2.8225146347383805E-05
"p638": 0
"p639": 0
"p640": 0.0034848647356903206
"p641": 0.0009784717400426388
"p642": 0.00013548070246744226
"p643": 7.5267056926356815E-06
"p644": 0.00037633528463178407
"p645": 6.585867481056221E-05
"p646": 5.645029269476761E-06
"p647": 0
"p648": 0.017900387813510815
"p649": 0.006762745064833161
"p650": 0.0014357191108702566
"p651": 0.00016558752523798502
"p652": 0.008529639226179388
"p653": 0.003087831010403788
"p654": 0.0006472966895666685
"p655": 6.962202765688005E-05
"p656": 0.0003161216390906986
"p657": 5.080526342529086E-05
"p658": 0
"p659": 0
"p660": 0
"p661": 0
"p662": 0
"p663": 0
"p664": 0.0005005259285602728
"p665": 7.714873334951574E-05
"p666": 5.645029269476761E-06
"p667": 0
"p668": 2.2580117077907045E-05
"p669": 3.7633528463178407E-06
"p670": 0
"p671": 0
"p672": 0.0010029335335437046
"p673": 0.00022768284720222934
"p674": 2.4461793501065966E-05
"p675": 0
"p676": 5.645029269476761E-06
"p677": 0
"p678": 0
"p679": 0
"p680": 0.00894172636285119
"p681": 0.0030069189242079553
"p682": 0.0005814380147561065
"p683": 4.704191057897301E-05
"p684": 0.0020736074183211302
"p685": 0.0006962202765688005
"p686": 0.00016935087808430286
"p687": 1.8816764231589207E-05
"p688": 0.0025778966997277207
"p689": 0.0006905752472993236
"p690": 9.784717400426385E-05
"p691": 1.3171734962112444E-05
"p692": 1.1290058538953523E-05
