"p630": 0
"p631": 0
"p632": 8.467543904215143E-05
"p633": 1.1290058538953523E-05
"p634": 0
"p635": 0
"p636": 9.408382115794602E-06
"p637": 0
"p638": 0
"p639": 0
"p640": 0.0013510436718281046
"p641": 0.00028601481632015586
"p642": 2.822514634738381E-05
"p643": 1.8816764231589204E-06
"p644": 0
"p645": 0
"p646": 0
"p647": 0
"p648": 0.002941060249397392
"p649": 0.0007921857741499055
"p650": 0.00012230896750532982
"p651": 2.2580117077907045E-05
"p652": 0.0003405834325917646
"p653": 6.39769983874033E-05
"p654": 9.408382115794602E-06
"p655": 0
"p656": 0
"p657": 0
"p658": 0
"p659": 0
"p660": 0
"p661": 0
"p662": 0
"p663": 0
"p664": 0.0002803697870506791
"p665": 5.456861627160869E-05
"p666": 5.645029269476761E-06
"p667": 0
"p668": 1.1290058538953523E-05
"p669": 0
"p670": 0
"p671": 0
"p672": 0.0040437226333685196
"p673": 0.0010292770034679294
"p674": 0.00013171734962112442
"p675": 7.5267056926356815E-06
"p676": 0.0004327855773265517
"p677": 6.585867481056221E-05
"p678": 5.645029269476761E-06
"p679": 0
"p680": 0.021718309276100262
"p681": 0.007842827331726381
"p682": 0.0016050699889545593
"p683": 0.0001486524374295547
"p684": 0.009944659896394896
"p685": 0.003661742319467259
"p686": 0.000641651660297192
"p687": 4.8923587002131926E-05
"p688": 0.0006040181318340133
"p689": 9.972885042742278E-05
"p690": 1.1290058538953523E-05
"p691": 0
"p692": 1.1290058538953523E-05
