"p630": 0
"p631": 0
"p632": 0
"p633": 0
"p634": 0
"p635": 0
"p636": 0
"p637": 0
"p638": 0
"p639": 0
"p640": 0.014460683311976308
"p641": 0.0055791705946662004
"p642": 0.0012833033205943837
"p643": 0.00017687758377693853
"p644": 8.091208619583358E-05
"p645": 1.1290058538953523E-05
"p646": 0
"p647": 0
"p648": 0.007347946432435585
"p649": 0.0027717093713130895
"p650": 0.0006153081903729669
"p651": 7.526705692635681E-05
"p652": 0.008480715639177254
"p653": 0.0026155302281908994
"p654": 0.00043654893017286943
"p655": 3.198849919370165E-05
"p656": 0.025406395065491746
"p657": 0.010742490699814278
"p658": 0.0026644538151930314
"p659": 0.00031612163909069865
"p660": 0.00092390312377103
"p661": 0.00015053411385271365
"p662": 1.1290058538953523E-05
"p663": 0
"p664": 0.01754098761668746
"p665": 0.007259507640547115
"p666": 0.0016483485466872144
"p667": 0.00014865243742955472
"p668": 0.02163175216063495
"p669": 0.007577510956060973
"p670": 0.0013096467905186083
"p671": 6.39769983874033E-05
"p672": 0.0071428437023112615
"p673": 0.0023125803240623133
"p674": 0.00034246510901492347
"p675": 1.5053411385271363E-05
"p676": 0
"p677": 0
"p678": 0
"p679": 0
"p680": 0.003016327306323749
"p681": 0.0009483649172720959
"p682": 0.0001373623788906012
"p683": 9.408382115794602E-06
"p684": 0.0024913395842624106
"p685": 0.0007677239806488396
"p686": 0.00010537387969689955
"p687": 9.408382115794602E-06
"p688": 0.01955438138946751
"p689": 0.006410871573702443
"p690": 0.0010443304148532006
"p691": 7.33853805031979E-05
"p692": 0.00020322105370116337
