"p630": 0
"p631": 0
"p632": 1.6935087808430286E-05
"p633": 0
"p634": 0
"p635": 0
"p636": 0
"p637": 0
"p638": 0
"p639": 0
"p640": 0.020446296014044834
"p641": 0.008648184840838399
"p642": 0.0021714545923253946
"p643": 0.00027096140493488457
"p644": 0.000686811894453006
"p645": 0.00011666393823585308
"p646": 1.1290058538953523E-05
"p647": 0
"p648": 0.013999672588302365
"p649": 0.005840723617485289
"p650": 0.0013510436718281048
"p651": 0.00012983567319796552
"p652": 0.01912159581214095
"p653": 0.00677968015264159
"p654": 0.001198627881552232
"p655": 6.39769983874033E-05
"p656": 0.0009540099465415726
"p657": 0.00016370584881482606
"p658": 5.645029269476761E-06
"p659": 0
"p660": 0.00023709122931802397
"p661": 3.3870175616860565E-05
"p662": 0
"p663": 0
"p664": 3.575185204001949E-05
"p665": 1.8816764231589204E-06
"p666": 0
"p667": 0
"p668": 0.0001392440553137601
"p669": 2.6343469924224887E-05
"p670": 0
"p671": 0
"p672": 0.01485395368441652
"p673": 0.005244232191343912
"p674": 0.0009972885042742279
"p675": 6.585867481056221E-05
"p676": 3.198849919370165E-05
"p677": 3.7633528463178407E-06
"p678": 0
"p679": 0
"p680": 0.0075417591040209545
"p681": 0.002679507226578303
"p682": 0.00047230078221288907
"p683": 3.010682277054273E-05
"p684": 0.007052523233999635
"p685": 0.0021564011809401228
"p686": 0.0002803697870506791
"p687": 9.408382115794602E-06
"p688": 0.027094258817065293
"p689": 0.009397092057255649
"p690": 0.001889203128851556
"p691": 0.0002220378179327526
"p692": 0.0002521446407032953
