"p630": 5.645029269476761E-06
"p631": 0
"p632": 0.00020133937727800444
"p633": 1.6935087808430286E-05
"p634": 0
"p635": 0
"p636": 4.892358700213193E-05
"p637": 0
"p638": 0
"p639": 0
"p640": 0.000965300005080526
"p641": 0.00020322105370116343
"p642": 1.8816764231589203E-05
"p643": 0
"p644": 0.004171676630143327
"p645": 0.0011214791482027165
"p646": 0.00019381267158536883
"p647": 4.516023415581409E-05
"p648": 0.00010725555612005845
"p649": 4.516023415581409E-05
"p650": 7.5267056926356815E-06
"p651": 0
"p652": 0.002916598455896327
"p653": 0.00092390312377103
"p654": 0.0001448890845832369
"p655": 3.7633528463178407E-06
"p656": 2.8225146347383808E-05
"p657": 0
"p658": 0
"p659": 0
"p660": 0.0004064421074023268
"p661": 8.843879188846926E-05
"p662": 5.645029269476761E-06
"p663": 0
"p664": 0
"p665": 0
"p666": 0
"p667": 0
"p668": 0
"p669": 0
"p670": 0
"p671": 0
"p672": 0.01814688742494463
"p673": 0.0066122109509804475
"p674": 0.00127201326205543
"p675": 9.4083821157946E-05
"p676": 0.03745476920297833
"p677": 0.01633859638228891
"p678": 0.004150978189488579
"p679": 0.0004628924000970944
"p680": 0.006849302180298471
"p681": 0.00226553841348334
"p682": 0.0002051027301243223
"p683": 1.8816764231589204E-06
"p684": 0.02619293581037218
"p685": 0.00870087178068685
"p686": 0.0011271241774721934
"p687": 6.39769983874033E-05
"p688": 0.0056582010044388745
"p689": 0.001582489871876652
"p690": 0.0002559079935496132
"p691": 1.8816764231589203E-05
"p692": 0.015121151736505085
