"p630": 0.0003575185204001948
"p631": 4.139688130949624E-05
"p632": 0.0034923914413829567
"p633": 0.0009163764180783941
"p634": 8.655711546531033E-05
"p635": 0
"p636": 0.001477115992179752
"p637": 0.0003556368439770359
"p638": 2.82251463473838E-05
"p639": 0
"p640": 0.0005983731025645365
"p641": 0.0001561791431221904
"p642": 1.5053411385271363E-05
"p643": 0
"p644": 0.002982457130706889
"p645": 0.0009897617985815922
"p646": 0.00017123255450746173
"p647": 1.1290058538953523E-05
"p648": 6.209532196424438E-05
"p649": 1.1290058538953523E-05
"p650": 0
"p651": 0
"p652": 0.0006171898667961258
"p653": 0.00017311423093062064
"p654": 2.2580117077907045E-05
"p655": 0
"p656": 0.0019381267158536885
"p657": 0.00045724737082761756
"p658": 4.8923587002131926E-05
"p659": 0
"p660": 0.006924569237224828
"p661": 0.0020472639483969054
"p662": 0.0003085949333980629
"p663": 1.5053411385271363E-05
"p664": 0.0003368200797454468
"p665": 6.39769983874033E-05
"p666": 1.6935087808430286E-05
"p667": 0
"p668": 0.0033531473860691965
"p669": 0.0010556204733921544
"p670": 0.00020133937727800444
"p671": 2.6343469924224887E-05
"p672": 0.007989598092732777
"p673": 0.003027617364862703
"p674": 0.0006472966895666685
"p675": 7.33853805031979E-05
"p676": 0.017941784694820315
"p677": 0.007336656373896634
"p678": 0.0015109861677966136
"p679": 9.784717400426385E-05
"p680": 0.0029297701908584392
"p681": 0.0009558916229647313
"p682": 0.00013359902604428335
"p683": 1.317173496211244E-05
"p684": 0.008187174117164464
"p685": 0.0023991374395276243
"p686": 0.0003499918147075593
"p687": 2.2580117077907045E-05
"p688": 0.019546854683774866
"p689": 0.007479663782056709
"p690": 0.0016577569288030087
"p691": 0.000212629435816958
"p692": 0.0379327150144607
