"p630": 0.00032553002120649325
"p631": 7.5267056926356815E-06
"p632": 0.001797000984116769
"p633": 0.0003180033155138575
"p634": 1.8816764231589203E-05
"p635": 0
"p636": 0.0008674528310762622
"p637": 0.00013736237889060116
"p638": 1.1290058538953521E-05
"p639": 0
"p640": 0.014460683311976306
"p641": 0.005579170594666199
"p642": 0.0012833033205943837
"p643": 0.0001768775837769385
"p644": 0.025406395065491746
"p645": 0.010742490699814278
"p646": 0.0026644538151930322
"p647": 0.0003161216390906987
"p648": 0.0071428437023112615
"p649": 0.0023125803240623133
"p650": 0.00034246510901492347
"p651": 1.505341138527136E-05
"p652": 0.019554381389467506
"p653": 0.006410871573702443
"p654": 0.0010443304148532008
"p655": 7.338538050319788E-05
"p656": 8.091208619583357E-05
"p657": 1.1290058538953523E-05
"p658": 0
"p659": 0
"p660": 0.0009239031237710299
"p661": 0.00015053411385271363
"p662": 1.1290058538953523E-05
"p663": 0
"p664": 0
"p665": 0
"p666": 0
"p667": 0
"p668": 0.00020322105370116337
"p669": 3.3870175616860565E-05
"p670": 0
"p671": 0
"p672": 0.007347946432435584
"p673": 0.0027717093713130895
"p674": 0.000615308190372967
"p675": 7.526705692635681E-05
"p676": 0.017540987616687462
"p677": 0.007259507640547118
"p678": 0.0016483485466872144
"p679": 0.00014865243742955472
"p680": 0.0030163273063237494
"p681": 0.0009483649172720959
"p682": 0.0001373623788906012
"p683": 9.408382115794602E-06
"p684": 0.007210584053544985
"p685": 0.0022279048850201624
"p686": 0.00031988499193701646
"p687": 1.5053411385271365E-05
"p688": 0.008480715639177256
"p689": 0.0026155302281908994
"p690": 0.00043654893017286954
"p691": 3.1988499193701654E-05
"p692": 0.02163175216063495
