"p630": 0
"p631": 0
"p632": 0.0015486196962597914
"p633": 0.00023520955289486501
"p634": 1.1290058538953523E-05
"p635": 0
"p636": 0.00014300740816007793
"p637": 1.8816764231589207E-05
"p638": 0
"p639": 0
"p640": 0.00022956452362538825
"p641": 1.129005853895352E-05
"p642": 0
"p643": 0
"p644": 0
"p645": 0
"p646": 0
"p647": 0
"p648": 0.0032778803291428392
"p649": 0.00130776511409545
"p650": 0.0002860148163201559
"p651": 7.5267056926356815E-06
"p652": 0.0003594001968233538
"p653": 8.655711546531033E-05
"p654": 0
"p655": 0
"p656": 0.002641873698115124
"p657": 0.0005362777806002922
"p658": 6.397699838740328E-05
"p659": 3.76335284631784E-06
"p660": 0
"p661": 0
"p662": 0
"p663": 0
"p664": 0.004668439205857282
"p665": 0.0012494331449775231
"p666": 0.0002051027301243223
"p667": 4.516023415581409E-05
"p668": 0.0006228348960656026
"p669": 0.0001486524374295547
"p670": 1.8816764231589203E-05
"p671": 0
"p672": 0.0020002220378179322
"p673": 0.0005061709578297497
"p674": 7.150370408003896E-05
"p675": 1.1290058538953523E-05
"p676": 5.080526342529084E-05
"p677": 0
"p678": 0
"p679": 0
"p680": 0.02051968139454803
"p681": 0.008040403356158068
"p682": 0.0017330239857293657
"p683": 0.00015241579027587256
"p684": 0.009748965548386368
"p685": 0.003257181888488091
"p686": 0.0005983731025645366
"p687": 5.6450292694767617E-05
"p688": 0.005917872350834806
"p689": 0.001823344454040994
"p690": 0.0003104766098212218
"p691": 4.139688130949624E-05
"p692": 0.0010669105319311078
