"p630": 0
"p631": 0
"p632": 0.00040644210740232675
"p633": 4.892358700213192E-05
"p634": 0
"p635": 0
"p636": 1.6935087808430286E-05
"p637": 3.7633528463178407E-06
"p638": 0
"p639": 0
"p640": 0.011459409417037823
"p641": 0.004952572345754279
"p642": 0.0012306163807459338
"p643": 0.00012983567319796552
"p644": 8.27937626189925E-05
"p645": 5.645029269476761E-06
"p646": 0
"p647": 0
"p648": 0.004553656944044585
"p649": 0.0014658259336407988
"p650": 0.00020886608297064017
"p651": 7.5267056926356815E-06
"p652": 0.011115062631599743
"p653": 0.003633517173119875
"p654": 0.000637888307450874
"p655": 4.892358700213193E-05
"p656": 0.02382766854646141
"p657": 0.01065217023150265
"p658": 0.0028733198981636715
"p659": 0.00034622846186124133
"p660": 0.0013660970832133762
"p661": 0.0002032210537011634
"p662": 5.645029269476761E-06
"p663": 0
"p664": 0.012588415270933179
"p665": 0.004231890275684413
"p666": 0.0005701479562171529
"p667": 2.2580117077907045E-05
"p668": 0.02976623933795097
"p669": 0.01070297549492794
"p670": 0.0017047988393819817
"p671": 0.00012042729108217089
"p672": 0.005564117183280926
"p673": 0.0022730651191759754
"p674": 0.0004779458114823658
"p675": 1.3171734962112442E-05
"p676": 0
"p677": 0
"p678": 0
"p679": 0
"p680": 0.0017292606328830472
"p681": 0.0005419228098697691
"p682": 6.962202765688005E-05
"p683": 0
"p684": 0.002967403719321617
"p685": 0.0008825062424615338
"p686": 0.00016370584881482606
"p687": 9.408382115794602E-06
"p688": 0.01208224431310343
"p689": 0.004188611717951757
"p690": 0.0007150370408003898
"p691": 2.8225146347383808E-05
"p692": 9.22021447347871E-05
