"p630": 0
"p631": 0
"p632": 0.013134101433649266
"p633": 0.003906360254477918
"p634": 0.0007282087757625021
"p635": 8.279376261899248E-05
"p636": 0.002506392995647682
"p637": 0.0006491783659898276
"p638": 6.209532196424438E-05
"p639": 0
"p640": 0.00027848811062752024
"p641": 4.516023415581409E-05
"p642": 0
"p643": 0
"p644": 0
"p645": 0
"p646": 0
"p647": 0
"p648": 0.003185678184408052
"p649": 0.0010255136506216115
"p650": 0.00017123255450746173
"p651": 1.1290058538953523E-05
"p652": 0.00034999181470755914
"p653": 6.39769983874033E-05
"p654": 0
"p655": 0
"p656": 0.002843213075393129
"p657": 0.0005983731025645366
"p658": 6.021364554108544E-05
"p659": 3.76335284631784E-06
"p660": 0
"p661": 0
"p662": 0
"p663": 0
"p664": 0.00763396124875574
"p665": 0.0022109697972117317
"p666": 0.00032364834478333426
"p667": 1.5053411385271363E-05
"p668": 0.0012795399677480658
"p669": 0.00025967134639593104
"p670": 3.387017561686057E-05
"p671": 0
"p672": 0.0021902713565569837
"p673": 0.0005946097497182189
"p674": 9.220214473478711E-05
"p675": 1.1290058538953523E-05
"p676": 5.080526342529084E-05
"p677": 0
"p678": 0
"p679": 0
"p680": 0.02089978003202614
"p681": 0.008194700822857103
"p682": 0.0015975432832619242
"p683": 9.972885042742278E-05
"p684": 0.009075325388895472
"p685": 0.0030577241876332453
"p686": 0.000611544837526649
"p687": 7.903040977267466E-05
"p688": 0.006365711339546628
"p689": 0.0019757602443168667
"p690": 0.000329293374052811
"p691": 4.139688130949624E-05
"p692": 0.0008580444489604678
