"p630": 2.2580117077907045E-05
"p631": 0
"p632": 0.008635013105876284
"p633": 0.0029674037193216166
"p634": 0.0005964914261413777
"p635": 7.714873334951574E-05
"p636": 0.02135326405000743
"p637": 0.007891750918728513
"p638": 0.0017593674556535908
"p639": 0.00023332787647170614
"p640": 1.3171734962112442E-05
"p641": 0
"p642": 0
"p643": 0
"p644": 0.0005532128684087226
"p645": 7.150370408003898E-05
"p646": 1.8816764231589204E-06
"p647": 0
"p648": 0.00018252261304641527
"p649": 2.8225146347383808E-05
"p650": 0
"p651": 0
"p652": 0.0009483649172720959
"p653": 0.0002107477593937991
"p654": 2.2580117077907045E-05
"p655": 0
"p656": 0
"p657": 0
"p658": 0
"p659": 0
"p660": 0
"p661": 0
"p662": 0
"p663": 0
"p664": 0
"p665": 0
"p666": 0
"p667": 0
"p668": 5.645029269476761E-05
"p669": 1.1290058538953523E-05
"p670": 0
"p671": 0
"p672": 0.0008411093611520372
"p673": 0.00015241579027587253
"p674": 1.3171734962112444E-05
"p675": 0
"p676": 0.001819581101194676
"p677": 0.0002973048748591094
"p678": 7.5267056926356815E-06
"p679": 0
"p680": 0.0029297701908584392
"p681": 0.0009558916229647315
"p682": 0.00013359902604428335
"p683": 1.3171734962112444E-05
"p684": 0.008966188156352256
"p685": 0.003082185981134312
"p686": 0.0004610107236739355
"p687": 1.8816764231589203E-05
"p688": 2.822514634738381E-05
"p689": 1.8816764231589204E-06
"p690": 0
"p691": 0
"p692": 0.00018252261304641527
