"p630": 0
"p631": 0
"p632": 0.0005833196911792652
"p633": 9.972885042742276E-05
"p634": 5.645029269476761E-06
"p635": 0
"p636": 8.655711546531032E-05
"p637": 1.8816764231589204E-06
"p638": 0
"p639": 0
"p640": 0.032780684967851546
"p641": 0.015156903588545106
"p642": 0.004316565714726563
"p643": 0.0006924569237224828
"p644": 0.0013284635547501978
"p645": 0.00022956452362538827
"p646": 1.1290058538953523E-05
"p647": 0
"p648": 0.028554439721436627
"p649": 0.011897840023633857
"p650": 0.002982457130706889
"p651": 0.00033117505047597004
"p652": 0.03883403802115381
"p653": 0.013764463035407503
"p654": 0.00263246531599933
"p655": 0.00020133937727800447
"p656": 0.0013284635547501978
"p657": 0.00022956452362538827
"p658": 1.1290058538953523E-05
"p659": 0
"p660": 0.0004516023415581409
"p661": 6.774035123372113E-05
"p662": 0
"p663": 0
"p664": 6.209532196424438E-05
"p665": 3.7633528463178407E-06
"p666": 0
"p667": 0
"p668": 0.0002163927886632758
"p669": 4.139688130949625E-05
"p670": 0
"p671": 0
"p672": 0.02855443972143662
"p673": 0.011897840023633855
"p674": 0.002982457130706889
"p675": 0.00033117505047597004
"p676": 6.209532196424438E-05
"p677": 3.7633528463178407E-06
"p678": 0
"p679": 0
"p680": 0.018280486450988915
"p681": 0.007133435320195468
"p682": 0.0015994249596850826
"p683": 0.00013548070246744226
"p684": 0.019353042012189504
"p685": 0.005889647204487421
"p686": 0.0009615366522342083
"p687": 6.39769983874033E-05
"p688": 0.0388340380211538
"p689": 0.013764463035407503
"p690": 0.00263246531599933
"p691": 0.0002013393772780045
"p692": 0.00021639278866327584
