"p630": 0.00017875926020009743
"p631": 7.5267056926356815E-06
"p632": 0.018408440447763724
"p633": 0.007603854425985199
"p634": 0.0015824898718766525
"p635": 0.000118545614659012
"p636": 0.0337591567078942
"p637": 0.014274397346083573
"p638": 0.003388899238109216
"p639": 0.00037445360820862513
"p640": 0
"p641": 0
"p642": 0
"p643": 0
"p644": 7.5267056926356815E-06
"p645": 0
"p646": 0
"p647": 0
"p648": 2.0698440654748124E-05
"p649": 1.8816764231589204E-06
"p650": 0
"p651": 0
"p652": 0.0002709614049348845
"p653": 7.714873334951573E-05
"p654": 1.3171734962112444E-05
"p655": 0
"p656": 1.3171734962112442E-05
"p657": 0
"p658": 0
"p659": 0
"p660": 0.0006548233952593043
"p661": 7.150370408003898E-05
"p662": 1.8816764231589204E-06
"p663": 0
"p664": 0.00018252261304641527
"p665": 2.8225146347383808E-05
"p666": 0
"p667": 0
"p668": 0.0010048152099668634
"p669": 0.00022203781793275258
"p670": 2.2580117077907045E-05
"p671": 0
"p672": 3.575185204001949E-05
"p673": 3.7633528463178407E-06
"p674": 0
"p675": 0
"p676": 0.0002483812878569775
"p677": 2.6343469924224887E-05
"p678": 0
"p679": 0
"p680": 0.0004572473708276176
"p681": 0.00014488908458323686
"p682": 2.6343469924224887E-05
"p683": 1.8816764231589204E-06
"p684": 0.0021827446508643476
"p685": 0.0006943386001456416
"p686": 0.00012983567319796552
"p687": 1.8816764231589204E-06
"p688": 0.0008373460083057195
"p689": 0.00015241579027587253
"p690": 1.3171734962112444E-05
"p691": 0
"p692": 0.0016615202816493264
