"p630": 0
"p631": 0
"p632": 0.005714651297133641
"p633": 0.0014884060507187058
"p634": 0.00019757602443168663
"p635": 7.5267056926356815E-06
"p636": 0.005645029269476761
"p637": 0.0017781842198851794
"p638": 0.00030294990412858613
"p639": 7.5267056926356815E-06
"p640": 0.0002220378179327526
"p641": 1.5053411385271363E-05
"p642": 0
"p643": 0
"p644": 0.002848858104662606
"p645": 0.000615308190372967
"p646": 6.021364554108544E-05
"p647": 3.76335284631784E-06
"p648": 0.0020378555662811113
"p649": 0.0004704191057897301
"p650": 4.8923587002131926E-05
"p651": 0
"p652": 0.00591034564514217
"p653": 0.0018666230117736493
"p654": 0.0002973048748591094
"p655": 1.5053411385271363E-05
"p656": 0
"p657": 0
"p658": 0
"p659": 0
"p660": 0
"p661": 0
"p662": 0
"p663": 0
"p664": 4.516023415581409E-05
"p665": 0
"p666": 0
"p667": 0
"p668": 0.0006265982489119205
"p669": 0.00014300740816007796
"p670": 1.1290058538953523E-05
"p671": 0
"p672": 0.00604770802403277
"p673": 0.002032210537011634
"p674": 0.0003180033155138575
"p675": 1.6935087808430282E-05
"p676": 0.008102498678122311
"p677": 0.0022956452362538826
"p678": 0.00036880857893914834
"p679": 4.139688130949624E-05
"p680": 0.02714694575691376
"p681": 0.00976778231261796
"p682": 0.002045382271973747
"p683": 0.00025778966997277205
"p684": 0.05386486928934729
"p685": 0.021605408690710738
"p686": 0.004903648758752149
"p687": 0.0005287510749076568
"p688": 0.0010857272961626969
"p689": 0.0003085949333980629
"p690": 3.387017561686057E-05
"p691": 0
"p692": 0.0017424323678451603
