"p630": 0
"p631": 0
"p632": 0
"p633": 0
"p634": 0
"p635": 0
"p636": 0
"p637": 0
"p638": 0
"p639": 0
"p640": 0.0020435005955505878
"p641": 0.0005776746619097886
"p642": 8.655711546531033E-05
"p643": 1.1290058538953523E-05
"p644": 0.0068380121217595175
"p645": 0.002022802154895839
"p646": 0.0003236483447833343
"p647": 4.139688130949625E-05
"p648": 0.0003763352846317841
"p649": 0.00010725555612005845
"p650": 2.6343469924224884E-05
"p651": 5.645029269476761E-06
"p652": 0.0029975105420921603
"p653": 0.0009050863595394408
"p654": 0.0001561791431221904
"p655": 9.408382115794602E-06
"p656": 5.080526342529084E-05
"p657": 0
"p658": 0
"p659": 0
"p660": 0.0008580444489604676
"p661": 0.000165587525237985
"p662": 1.6935087808430286E-05
"p663": 0
"p664": 0
"p665": 0
"p666": 0
"p667": 0
"p668": 0
"p669": 0
"p670": 0
"p671": 0
"p672": 0.01706492348162825
"p673": 0.006811668651835294
"p674": 0.0013698604360596943
"p675": 9.784717400426387E-05
"p676": 0.04111651152244559
"p677": 0.01594344433342554
"p678": 0.0036542156137746246
"p679": 0.00039891540170969124
"p680": 0.006661134537982579
"p681": 0.0024668777907613446
"p682": 0.00043090390090339285
"p683": 1.1290058538953523E-05
"p684": 0.016635901257148016
"p685": 0.005432399833659804
"p686": 0.0008655711546531035
"p687": 4.139688130949625E-05
"p688": 0.007889869242305354
"p689": 0.0026945606379635743
"p690": 0.0005362777806002923
"p691": 7.714873334951574E-05
"p692": 0.024077931510741547
