"p630": 0.004852843495326857
"p631": 0.0007489072164172506
"p632": 0.014089993056613999
"p633": 0.005750403149173662
"p634": 0.0012268530278996164
"p635": 4.1396881309496235E-05
"p636": 0.011653222088623199
"p637": 0.004668439205857281
"p638": 0.0008693345074994214
"p639": 4.704191057897301E-05
"p640": 5.080526342529085E-05
"p641": 3.7633528463178407E-06
"p642": 0
"p643": 0
"p644": 0.0005325144277539745
"p645": 0.0001674692016611439
"p646": 3.198849919370165E-05
"p647": 0
"p648": 3.7633528463178407E-06
"p649": 0
"p650": 0
"p651": 0
"p652": 0.00016935087808430283
"p653": 6.209532196424438E-05
"p654": 0
"p655": 0
"p656": 0.00040079707813285
"p657": 6.39769983874033E-05
"p658": 0
"p659": 0
"p660": 0.0019456534215463238
"p661": 0.0004685374293665712
"p662": 5.268693984844977E-05
"p663": 0
"p664": 1.8816764231589203E-05
"p665": 0
"p666": 0
"p667": 0
"p668": 0.0012419064392848874
"p669": 0.0003838619903244198
"p670": 6.585867481056221E-05
"p671": 0
"p672": 0.002310698647639154
"p673": 0.0007188003936467077
"p674": 0.00011854561465901199
"p675": 1.8816764231589204E-06
"p676": 0.005964914261413778
"p677": 0.002369030616757081
"p678": 0.0004290222244802339
"p679": 1.1290058538953523E-05
"p680": 0.0006905752472993237
"p681": 0.00021639278866327584
"p682": 1.1290058538953521E-05
"p683": 0
"p684": 0.002513919701340318
"p685": 0.0006924569237224828
"p686": 5.080526342529086E-05
"p687": 0
"p688": 0.008160830647240238
"p689": 0.0026550454330772364
"p690": 0.0003913886960170554
"p691": 2.069844065474812E-05
"p692": 0.015599097547987452
