"p630": 0.00013736237889060116
"p631": 1.3171734962112444E-05
"p632": 0.011997568874061278
"p633": 0.0039458754593642556
"p634": 0.0007601972749562039
"p635": 7.714873334951574E-05
"p636": 0.02646954224457654
"p637": 0.009487412525567281
"p638": 0.0019117832459294634
"p639": 0.0002182744650864348
"p640": 0.0007413805107246145
"p641": 0.00015241579027587253
"p642": 1.3171734962112444E-05
"p643": 0
"p644": 0.0014319557580239385
"p645": 0.00025402631712645424
"p646": 7.5267056926356815E-06
"p647": 0
"p648": 0.0021770996215948707
"p649": 0.0006962202765688005
"p650": 9.032046831162817E-05
"p651": 7.5267056926356815E-06
"p652": 0.0063299594875066085
"p653": 0.002158282857363282
"p654": 0.00031988499193701646
"p655": 1.1290058538953523E-05
"p656": 0
"p657": 0
"p658": 0
"p659": 0
"p660": 0.00010725555612005848
"p661": 0
"p662": 0
"p663": 0
"p664": 1.1290058538953523E-05
"p665": 0
"p666": 0
"p667": 0
"p668": 0.00012230896750532982
"p669": 1.3171734962112444E-05
"p670": 0
"p671": 0
"p672": 9.972885042742277E-05
"p673": 0
"p674": 0
"p675": 0
"p676": 0.0002973048748591094
"p677": 4.3278557732655166E-05
"p678": 0
"p679": 0
"p680": 0.0007714873334951573
"p681": 0.0002653163756654078
"p682": 4.327855773265517E-05
"p683": 5.645029269476761E-06
"p684": 0.0028093428997762685
"p685": 0.0009878801221584333
"p686": 0.0001467707610063958
"p687": 7.5267056926356815E-06
"p688": 0.00011478226181269415
"p689": 2.8225146347383805E-05
"p690": 0
"p691": 0
"p692": 0.0007790140391877931
