"p630": 0
"p631": 0
"p632": 2.2580117077907045E-05
"p633": 0
"p634": 0
"p635": 0
"p636": 3.3870175616860565E-05
"p637": 0
"p638": 0
"p639": 0
"p640": 0.00021262943581695798
"p641": 5.4568616271608685E-05
"p642": 5.645029269476761E-06
"p643": 0
"p644": 0.000899441330269964
"p645": 0.0001862859658927331
"p646": 1.8816764231589207E-05
"p647": 0
"p648": 0.0021469927988243286
"p649": 0.0007696056570719982
"p650": 0.00016182417239166713
"p651": 1.5053411385271365E-05
"p652": 0.007511652281250409
"p653": 0.0027924078119678374
"p654": 0.0006209532196424437
"p655": 7.52670569263568E-05
"p656": 0.0017330239857293655
"p657": 0.0004666557529434122
"p658": 7.714873334951572E-05
"p659": 5.645029269476761E-06
"p660": 0.004226245246414935
"p661": 0.001038685385583724
"p662": 0.0001298356731979655
"p663": 7.5267056926356815E-06
"p664": 0.007125908614502831
"p665": 0.0026569271095003956
"p666": 0.00044783898871182307
"p667": 2.4461793501065966E-05
"p668": 0.020423715896966926
"p669": 0.008027231621195957
"p670": 0.0016991538101125052
"p671": 0.000165587525237985
"p672": 9.408382115794602E-06
"p673": 0
"p674": 0
"p675": 0
"p676": 0.0001373623788906012
"p677": 1.8816764231589203E-05
"p678": 5.645029269476761E-06
"p679": 0
"p680": 0.0007714873334951572
"p681": 0.0002653163756654077
"p682": 4.327855773265517E-05
"p683": 5.645029269476761E-06
"p684": 0.0029975105420921595
"p685": 0.00099352515142791
"p686": 0.00014865243742955472
"p687": 7.5267056926356815E-06
"p688": 0.00022580117077907044
"p689": 6.39769983874033E-05
"p690": 5.645029269476761E-06
"p691": 0
"p692": 0.0018271078068873112
