"p630": 0
"p631": 0
"p632": 0.001298356731979655
"p633": 0.00019381267158536877
"p634": 1.1290058538953523E-05
"p635": 0
"p636": 3.7633528463178407E-06
"p637": 0
"p638": 0
"p639": 0
"p640": 0.005010904314872206
"p641": 0.0014601809043713221
"p642": 0.00022956452362538827
"p643": 3.0106822770542726E-05
"p644": 0.0010669105319311078
"p645": 0.00018816764231589206
"p646": 1.6935087808430286E-05
"p647": 0
"p648": 0.02787515453267625
"p649": 0.011305111950338795
"p650": 0.002801816194083633
"p651": 0.0003180033155138575
"p652": 0.019238259750376803
"p653": 0.006935859295763781
"p654": 0.0013642154067902172
"p655": 0.00012419064392848875
"p656": 0.0004327855773265517
"p657": 3.3870175616860565E-05
"p658": 0
"p659": 0
"p660": 0
"p661": 0
"p662": 0
"p663": 0
"p664": 0.0006153081903729668
"p665": 8.467543904215141E-05
"p666": 0
"p667": 0
"p668": 1.88167642315892E-05
"p669": 0
"p670": 0
"p671": 0
"p672": 0.0018496879239652186
"p673": 0.0006002547789876956
"p674": 0.0001373623788906012
"p675": 1.6935087808430282E-05
"p676": 1.6935087808430282E-05
"p677": 0
"p678": 0
"p679": 0
"p680": 0.0189729433747114
"p681": 0.007735571775606321
"p682": 0.0017857109255778156
"p683": 0.00014112573173691905
"p684": 0.008542810961141501
"p685": 0.003023854012016385
"p686": 0.0005814380147561064
"p687": 4.139688130949625E-05
"p688": 0.004058776044753792
"p689": 0.0012193263222069802
"p690": 0.00021639278866327584
"p691": 2.0698440654748128E-05
"p692": 3.3870175616860565E-05
