"p630": 0
"p631": 0
"p632": 0.0009464832408489367
"p633": 0.00015617914312219037
"p634": 7.5267056926356815E-06
"p635": 0
"p636": 0.00045536569440445863
"p637": 7.33853805031979E-05
"p638": 0
"p639": 0
"p640": 0.0034848647356903206
"p641": 0.0009784717400426386
"p642": 0.00013548070246744226
"p643": 7.5267056926356815E-06
"p644": 0.0003161216390906986
"p645": 5.080526342529086E-05
"p646": 0
"p647": 0
"p648": 0.0010029335335437046
"p649": 0.00022768284720222934
"p650": 2.4461793501065966E-05
"p651": 0
"p652": 0.0025778966997277207
"p653": 0.0006905752472993237
"p654": 9.784717400426385E-05
"p655": 1.3171734962112444E-05
"p656": 0.00037633528463178407
"p657": 6.585867481056221E-05
"p658": 5.645029269476761E-06
"p659": 0
"p660": 0
"p661": 0
"p662": 0
"p663": 0
"p664": 5.645029269476761E-06
"p665": 0
"p666": 0
"p667": 0
"p668": 1.1290058538953523E-05
"p669": 0
"p670": 0
"p671": 0
"p672": 0.017900387813510815
"p673": 0.006762745064833161
"p674": 0.0014357191108702563
"p675": 0.00016558752523798502
"p676": 0.0005005259285602728
"p677": 7.714873334951574E-05
"p678": 5.645029269476761E-06
"p679": 0
"p680": 0.00894172636285119
"p681": 0.003006918924207955
"p682": 0.0005814380147561064
"p683": 4.704191057897301E-05
"p684": 0.0152716858503578
"p685": 0.005033484431950112
"p686": 0.000922021447347871
"p687": 9.032046831162817E-05
"p688": 0.008529639226179386
"p689": 0.003087831010403788
"p690": 0.0006472966895666685
"p691": 6.962202765688005E-05
"p692": 2.2580117077907045E-05
