"p630": 0
"p631": 0
"p632": 0.00687000062095322
"p633": 0.002150756151670646
"p634": 0.0003123582862443808
"p635": 1.5053411385271365E-05
"p636": 0.005825670206100019
"p637": 0.0017217339271904122
"p638": 0.0002295645236253883
"p639": 1.3171734962112444E-05
"p640": 0.0016163600474935127
"p641": 0.0005456861627160869
"p642": 0.00010349220327374062
"p643": 1.8816764231589204E-06
"p644": 5.645029269476761E-06
"p645": 0
"p646": 0
"p647": 0
"p648": 0.00035187349113071807
"p649": 0.00011666393823585308
"p650": 2.0698440654748124E-05
"p651": 0
"p652": 0.0006868118944530059
"p653": 0.00021827446508643471
"p654": 3.0106822770542726E-05
"p655": 1.8816764231589204E-06
"p656": 0.00622270393138655
"p657": 0.002145111122401169
"p658": 0.0003857436667475786
"p659": 1.8816764231589203E-05
"p660": 0.00024085458216434178
"p661": 1.6935087808430282E-05
"p662": 0
"p663": 0
"p664": 0.0020566723305126995
"p665": 0.000590846396871901
"p666": 6.209532196424438E-05
"p667": 0
"p668": 0.004911175464444782
"p669": 0.0014752343157565936
"p670": 0.00016182417239166716
"p671": 1.3171734962112444E-05
"p672": 0.0004120871366718036
"p673": 9.972885042742278E-05
"p674": 9.408382115794602E-06
"p675": 0
"p676": 0
"p677": 0
"p678": 0
"p679": 0
"p680": 5.2686939848449775E-05
"p681": 2.2580117077907045E-05
"p682": 3.7633528463178407E-06
"p683": 0
"p684": 9.220214473478711E-05
"p685": 3.1988499193701654E-05
"p686": 5.645029269476761E-06
"p687": 0
"p688": 0.002461232761491868
"p689": 0.0007696056570719985
"p690": 0.00010349220327374062
"p691": 0
"p692": 3.198849919370165E-05
