"p630": 0
"p631": 0
"p632": 0.010225029683445578
"p633": 0.0035168532348840223
"p634": 0.0007225637464930253
"p635": 7.903040977267465E-05
"p636": 0.00880060063111427
"p637": 0.0027961711648141555
"p638": 0.00046853742936657115
"p639": 3.7633528463178407E-05
"p640": 0.004506615033465614
"p641": 0.0015260395791818842
"p642": 0.00026343469924224885
"p643": 1.1290058538953523E-05
"p644": 0.0001975760244316866
"p645": 1.6935087808430282E-05
"p646": 0
"p647": 0
"p648": 0.0016634019580724856
"p649": 0.0004779458114823658
"p650": 4.8923587002131926E-05
"p651": 0
"p652": 0.004058776044753791
"p653": 0.0011967462051290733
"p654": 0.0001204272910821709
"p655": 7.5267056926356815E-06
"p656": 0.00012230896750532982
"p657": 1.3171734962112444E-05
"p658": 0
"p659": 0
"p660": 4.3278557732655166E-05
"p661": 0
"p662": 0
"p663": 0
"p664": 7.5267056926356815E-06
"p665": 0
"p666": 0
"p667": 0
"p668": 4.139688130949625E-05
"p669": 9.408382115794602E-06
"p670": 0
"p671": 0
"p672": 0.002256130031367545
"p673": 0.0007639606278025218
"p674": 0.00013359902604428335
"p675": 7.5267056926356815E-06
"p676": 1.8816764231589204E-06
"p677": 0
"p678": 0
"p679": 0
"p680": 0.0004892358700213194
"p681": 0.00014112573173691902
"p682": 1.6935087808430286E-05
"p683": 0
"p684": 0.001016105268505817
"p685": 0.00033117505047597
"p686": 4.704191057897301E-05
"p687": 5.645029269476761E-06
"p688": 0.0036015286739261732
"p689": 0.001155349323819577
"p690": 0.0001956943480085277
"p691": 1.8816764231589204E-06
"p692": 3.575185204001949E-05
