"p630": 0
"p631": 0
"p632": 0.010627708438001586
"p633": 0.0030991210689427424
"p634": 0.0004628924000970944
"p635": 2.0698440654748124E-05
"p636": 0.00871592519207212
"p637": 0.0025364998184182245
"p638": 0.00032929337405281106
"p639": 1.88167642315892E-05
"p640": 0.00423377195210757
"p641": 0.0017574857792304317
"p642": 0.00034811013828440026
"p643": 1.1290058538953523E-05
"p644": 2.8225146347383805E-05
"p645": 0
"p646": 0
"p647": 0
"p648": 0.001413138993792349
"p649": 0.0004516023415581409
"p650": 4.8923587002131926E-05
"p651": 0
"p652": 0.00350368149992191
"p653": 0.0011365325595879881
"p654": 0.0001373623788906012
"p655": 1.8816764231589204E-06
"p656": 0.012206434957031918
"p657": 0.004982679168524821
"p658": 0.001144059265280624
"p659": 4.8923587002131926E-05
"p660": 0.0005626212505245172
"p661": 6.209532196424438E-05
"p662": 0
"p663": 0
"p664": 0.0061794253736538966
"p665": 0.0020378555662811113
"p666": 0.0001787592602000974
"p667": 1.8816764231589204E-06
"p668": 0.014116336526538228
"p669": 0.00474370626278364
"p670": 0.0004929992228676371
"p671": 2.2580117077907042E-05
"p672": 0.0016502302231103732
"p673": 0.0006736401594908935
"p674": 9.596549758110493E-05
"p675": 0
"p676": 0
"p677": 0
"p678": 0
"p679": 0
"p680": 0.0002521446407032953
"p681": 7.150370408003898E-05
"p682": 5.645029269476761E-06
"p683": 0
"p684": 0.0004779458114823658
"p685": 0.00014112573173691902
"p686": 2.069844065474812E-05
"p687": 0
"p688": 0.0043617259488823775
"p689": 0.0015203945499124077
"p690": 0.00022768284720222937
"p691": 0
"p692": 2.6343469924224887E-05
