"p630": 0
"p631": 0
"p632": 0
"p633": 0
"p634": 0
"p635": 0
"p636": 2.2580117077907045E-05
"p637": 0
"p638": 0
"p639": 0
"p640": 0.0005983731025645366
"p641": 0.0001561791431221904
"p642": 1.5053411385271363E-05
"p643": 0
"p644": 0.001938126715853688
"p645": 0.0004572473708276176
"p646": 4.8923587002131926E-05
"p647": 0
"p648": 0.007989598092732777
"p649": 0.003027617364862703
"p650": 0.0006472966895666687
"p651": 7.33853805031979E-05
"p652": 0.019546854683774872
"p653": 0.00747966378205671
"p654": 0.0016577569288030094
"p655": 0.00021262943581695803
"p656": 0.0029824571307068884
"p657": 0.000989761798581592
"p658": 0.00017123255450746173
"p659": 1.1290058538953523E-05
"p660": 0.006924569237224826
"p661": 0.0020472639483969054
"p662": 0.0003085949333980629
"p663": 1.5053411385271363E-05
"p664": 0.017941784694820315
"p665": 0.007336656373896634
"p666": 0.0015109861677966138
"p667": 9.784717400426387E-05
"p668": 0.03793271501446068
"p669": 0.016022474743198213
"p670": 0.0038630816967452648
"p671": 0.000429022224480234
"p672": 6.209532196424438E-05
"p673": 1.1290058538953523E-05
"p674": 0
"p675": 0
"p676": 0.00033682007974544673
"p677": 6.39769983874033E-05
"p678": 1.6935087808430286E-05
"p679": 0
"p680": 0.002929770190858439
"p681": 0.0009558916229647315
"p682": 0.00013359902604428335
"p683": 1.3171734962112444E-05
"p684": 0.009178817592169215
"p685": 0.0029222434851658035
"p686": 0.00039327037244021434
"p687": 1.5053411385271363E-05
"p688": 0.0006171898667961261
"p689": 0.00017311423093062072
"p690": 2.2580117077907045E-05
"p691": 0
"p692": 0.0033531473860691965
