"p630": 0.0017029171629588233
"p631": 0.00023332787647170614
"p632": 0.0014677076100639574
"p633": 0.00047041910578973014
"p634": 0.00010349220327374063
"p635": 1.8816764231589204E-06
"p636": 0.0017970009841167683
"p637": 0.000664231777375099
"p638": 9.408382115794602E-05
"p639": 5.645029269476761E-06
"p640": 0.0001768775837769385
"p641": 2.8225146347383808E-05
"p642": 0
"p643": 0
"p644": 0.0010687922083542666
"p645": 0.0002107477593937991
"p646": 2.2580117077907045E-05
"p647": 0
"p648": 1.1290058538953523E-05
"p649": 0
"p650": 0
"p651": 0
"p652": 0.0005833196911792653
"p653": 0.0001749959073537796
"p654": 2.4461793501065963E-05
"p655": 0
"p656": 0
"p657": 0
"p658": 0
"p659": 0
"p660": 5.645029269476761E-05
"p661": 1.1290058538953523E-05
"p662": 0
"p663": 0
"p664": 0
"p665": 0
"p666": 0
"p667": 0
"p668": 0
"p669": 0
"p670": 0
"p671": 0
"p672": 0.0027039690200793675
"p673": 0.0008674528310762624
"p674": 0.00012419064392848875
"p675": 1.3171734962112444E-05
"p676": 0.0077449801577221195
"p677": 0.0025929501111129926
"p678": 0.0004440756358655052
"p679": 1.8816764231589203E-05
"p680": 0.0006905752472993237
"p681": 0.00021639278866327584
"p682": 1.1290058538953523E-05
"p683": 0
"p684": 0.0035187349113071816
"p685": 0.0009502465936952548
"p686": 4.139688130949625E-05
"p687": 0
"p688": 0.00043090390090339285
"p689": 0.00012230896750532982
"p690": 2.6343469924224887E-05
"p691": 1.8816764231589204E-06
"p692": 0.002376557322449716
