"p630": 1.505341138527136E-05
"p631": 0
"p632": 0.0029297701908584384
"p633": 0.0006811668651835291
"p634": 6.021364554108546E-05
"p635": 0
"p636": 0.003667387348736736
"p637": 0.001108307413240604
"p638": 0.00014677076100639576
"p639": 0
"p640": 0.0014056122880997137
"p641": 0.0004327855773265517
"p642": 5.080526342529085E-05
"p643": 0
"p644": 0.0020943058589758786
"p645": 0.0005776746619097885
"p646": 8.655711546531033E-05
"p647": 1.1290058538953523E-05
"p648": 0.008126960471623378
"p649": 0.002969285395744776
"p650": 0.0005964914261413777
"p651": 7.33853805031979E-05
"p652": 0.017407388590643176
"p653": 0.007080748380347019
"p654": 0.0014470091694092102
"p655": 0.00011854561465901199
"p656": 0.005556590477588293
"p657": 0.001911783245929463
"p658": 0.000306713256974904
"p659": 1.6935087808430282E-05
"p660": 0.007526705692635683
"p661": 0.002171454592325394
"p662": 0.0003405834325917646
"p663": 4.139688130949624E-05
"p664": 0.02277392974949242
"p665": 0.008285021291168728
"p666": 0.001716088897920936
"p667": 0.00021639278866327584
"p668": 0.042516478781275825
"p669": 0.01711008371578407
"p670": 0.0039759822821348
"p671": 0.0004534840179812999
"p672": 0.00015241579027587258
"p673": 3.575185204001949E-05
"p674": 5.645029269476761E-06
"p675": 0
"p676": 0.0003763352846317841
"p677": 0.00010725555612005845
"p678": 2.6343469924224884E-05
"p679": 5.645029269476761E-06
"p680": 0.0021658095630559177
"p681": 0.0006943386001456415
"p682": 0.0001298356731979655
"p683": 1.8816764231589204E-06
"p684": 0.006583985804633064
"p685": 0.002412309174489736
"p686": 0.0004196138423644392
"p687": 1.1290058538953523E-05
"p688": 0.0006642317773750989
"p689": 0.00016935087808430283
"p690": 1.1290058538953523E-05
"p691": 0
"p692": 0.0029975105420921603
