"p630": 0
"p631": 0
"p632": 0.013945103972030764
"p633": 0.0043240924204191985
"p634": 0.0007451438635709324
"p635": 6.021364554108546E-05
"p636": 0.010147880950096059
"p637": 0.0032910520641049514
"p638": 0.0005852013676024242
"p639": 6.397699838740328E-05
"p640": 0.0014545358751018454
"p641": 0.00041020546024864466
"p642": 5.268693984844977E-05
"p643": 0
"p644": 0.00025402631712645424
"p645": 0
"p646": 0
"p647": 0
"p648": 0.00039515204886337327
"p649": 7.903040977267463E-05
"p650": 0
"p651": 0
"p652": 0.0013660970832133762
"p653": 0.00039891540170969113
"p654": 6.585867481056221E-05
"p655": 0
"p656": 0.00011666393823585305
"p657": 2.8225146347383805E-05
"p658": 0
"p659": 0
"p660": 0
"p661": 0
"p662": 0
"p663": 0
"p664": 0
"p665": 0
"p666": 0
"p667": 0
"p668": 0
"p669": 0
"p670": 0
"p671": 0
"p672": 0.014445629900591036
"p673": 0.005884002175217944
"p674": 0.0013058834376722909
"p675": 5.080526342529084E-05
"p676": 0.00044972066513498195
"p677": 6.209532196424438E-05
"p678": 0
"p679": 0
"p680": 0.006849302180298472
"p681": 0.00226553841348334
"p682": 0.00020510273012432233
"p683": 1.8816764231589204E-06
"p684": 0.01564237610572011
"p685": 0.005253640573459707
"p686": 0.0005588578976781993
"p687": 2.4461793501065963E-05
"p688": 0.004436993005808735
"p689": 0.0016464668702640553
"p690": 0.00031423996266753966
"p691": 9.408382115794602E-06
"p692": 1.8816764231589203E-05
