"p630": 0
"p631": 0
"p632": 8.091208619583357E-05
"p633": 5.645029269476761E-06
"p634": 0
"p635": 0
"p636": 5.2686939848449775E-05
"p637": 5.645029269476761E-06
"p638": 0
"p639": 0
"p640": 0
"p641": 0
"p642": 0
"p643": 0
"p644": 7.150370408003898E-05
"p645": 5.645029269476761E-06
"p646": 0
"p647": 0
"p648": 0.000306713256974904
"p649": 8.091208619583357E-05
"p650": 3.7633528463178407E-06
"p651": 0
"p652": 0.0018835580995820791
"p653": 0.00073197212860882
"p654": 0.0001298356731979655
"p655": 3.7633528463178407E-06
"p656": 5.6450292694767617E-05
"p657": 5.645029269476761E-06
"p658": 0
"p659": 0
"p660": 0.0016295317824556246
"p661": 0.00030294990412858613
"p662": 2.822514634738381E-05
"p663": 1.8816764231589204E-06
"p664": 0.0005287510749076566
"p665": 0.00010913723254321738
"p666": 1.3171734962112444E-05
"p667": 0
"p668": 0.002751010930658341
"p669": 0.0007733690099183164
"p670": 0.00012419064392848875
"p671": 2.2580117077907045E-05
"p672": 0.00022203781793275258
"p673": 5.4568616271608685E-05
"p674": 5.645029269476761E-06
"p675": 0
"p676": 0.0009747083871963208
"p677": 0.000188167642315892
"p678": 1.8816764231589207E-05
"p679": 0
"p680": 0.002574133346881403
"p681": 0.00087121618392258
"p682": 0.0001768775837769385
"p683": 1.5053411385271365E-05
"p684": 0.009289836501135592
"p685": 0.0032910520641049514
"p686": 0.0006642317773750989
"p687": 7.714873334951573E-05
"p688": 0.0017330239857293655
"p689": 0.0004666557529434122
"p690": 7.714873334951572E-05
"p691": 5.645029269476761E-06
"p692": 0.004047485986214838
