"p630": 0
"p631": 0
"p632": 0.005776746619097887
"p633": 0.0014357191108702563
"p634": 0.00019757602443168663
"p635": 7.5267056926356815E-06
"p636": 0.0017217339271904117
"p637": 0.0003481101382844002
"p638": 3.3870175616860565E-05
"p639": 0
"p640": 0.02044629601404483
"p641": 0.0086481848408384
"p642": 0.0021714545923253946
"p643": 0.00027096140493488457
"p644": 0.0009540099465415726
"p645": 0.00016370584881482604
"p646": 5.645029269476761E-06
"p647": 0
"p648": 0.01485395368441652
"p649": 0.005244232191343912
"p650": 0.0009972885042742279
"p651": 6.58586748105622E-05
"p652": 0.027094258817065304
"p653": 0.009397092057255653
"p654": 0.0018892031288515558
"p655": 0.0002220378179327526
"p656": 0.0006868118944530059
"p657": 0.00011666393823585307
"p658": 1.1290058538953523E-05
"p659": 0
"p660": 0.00023709122931802397
"p661": 3.387017561686056E-05
"p662": 0
"p663": 0
"p664": 3.198849919370164E-05
"p665": 3.7633528463178407E-06
"p666": 0
"p667": 0
"p668": 0.0002521446407032953
"p669": 4.139688130949625E-05
"p670": 0
"p671": 0
"p672": 0.01399967258830237
"p673": 0.005840723617485289
"p674": 0.0013510436718281046
"p675": 0.00012983567319796552
"p676": 3.575185204001949E-05
"p677": 1.8816764231589204E-06
"p678": 0
"p679": 0
"p680": 0.007541759104020954
"p681": 0.0026795072265783024
"p682": 0.000472300782212889
"p683": 3.010682277054273E-05
"p684": 0.010904314872205946
"p685": 0.003691849142237802
"p686": 0.0007545522456867272
"p687": 7.903040977267465E-05
"p688": 0.019121595812140953
"p689": 0.006779680152641592
"p690": 0.001198627881552232
"p691": 6.39769983874033E-05
"p692": 0.00013924405531376012
