"p630": 0
"p631": 0
"p632": 5.645029269476761E-06
"p633": 0
"p634": 0
"p635": 0
"p636": 0
"p637": 0
"p638": 0
"p639": 0
"p640": 0.004786984820516293
"p641": 0.0017480773971146372
"p642": 0.0003029499041285862
"p643": 1.8816764231589203E-05
"p644": 0.012690025797783762
"p645": 0.0048735419359816025
"p646": 0.0011045440603942864
"p647": 0.00012042729108217089
"p648": 0.001157231000242736
"p649": 0.00035187349113071807
"p650": 3.76335284631784E-05
"p651": 0
"p652": 0.008320773143208747
"p653": 0.0026926789615404154
"p654": 0.0003876253431707376
"p655": 2.2580117077907045E-05
"p656": 2.6343469924224887E-05
"p657": 0
"p658": 0
"p659": 0
"p660": 0.0005362777806002922
"p661": 6.962202765688006E-05
"p662": 0
"p663": 0
"p664": 0
"p665": 0
"p666": 0
"p667": 0
"p668": 3.7633528463178407E-05
"p669": 9.408382115794602E-06
"p670": 0
"p671": 0
"p672": 0.0023615039110644444
"p673": 0.0009050863595394407
"p674": 0.00014112573173691902
"p675": 1.1290058538953523E-05
"p676": 0.007600091073138882
"p677": 0.0027190224314646402
"p678": 0.0005212243692150209
"p679": 3.3870175616860565E-05
"p680": 0.0004760641350592069
"p681": 0.0001599424959685082
"p682": 1.5053411385271365E-05
"p683": 0
"p684": 0.0018948481581210323
"p685": 0.0005513311919855636
"p686": 5.456861627160869E-05
"p687": 1.8816764231589204E-06
"p688": 0.003932703724402143
"p689": 0.0012174446457838212
"p690": 0.00023144620004854718
"p691": 1.8816764231589207E-05
"p692": 0.013088941199493453
