"p630": 0
"p631": 0
"p632": 0.007289614463317658
"p633": 0.002592950111112992
"p634": 0.0005814380147561064
"p635": 7.714873334951573E-05
"p636": 0.006230230637079186
"p637": 0.002111240946784308
"p638": 0.00038762534317073765
"p639": 4.51602341558141E-05
"p640": 0.0008204109204972892
"p641": 0.0001919309951622099
"p642": 2.2580117077907045E-05
"p643": 0
"p644": 0.00012419064392848875
"p645": 0
"p646": 0
"p647": 0
"p648": 0.00023520955289486501
"p649": 3.9515204886337324E-05
"p650": 0
"p651": 0
"p652": 0.0006510600424129864
"p653": 0.0001825226130464153
"p654": 2.4461793501065963E-05
"p655": 0
"p656": 5.645029269476761E-05
"p657": 1.1290058538953523E-05
"p658": 0
"p659": 0
"p660": 0
"p661": 0
"p662": 0
"p663": 0
"p664": 0
"p665": 0
"p666": 0
"p667": 0
"p668": 0
"p669": 0
"p670": 0
"p671": 0
"p672": 0.006597157539595175
"p673": 0.002237313267135956
"p674": 0.0003913886960170554
"p675": 1.8816764231589203E-05
"p676": 0.00019945770085484554
"p677": 1.6935087808430282E-05
"p678": 0
"p679": 0
"p680": 0.0021357027402853744
"p681": 0.0006021364554108546
"p682": 6.39769983874033E-05
"p683": 0
"p684": 0.0049977325799100926
"p685": 0.0014865243742955472
"p686": 0.00016182417239166716
"p687": 1.3171734962112444E-05
"p688": 0.0021357027402853744
"p689": 0.0007112736879540719
"p690": 0.00015053411385271363
"p691": 1.8816764231589204E-06
"p692": 3.7633528463178407E-06
