"p630": 0
"p631": 0
"p632": 0.0013736237889060117
"p633": 0.00026343469924224885
"p634": 1.5053411385271363E-05
"p635": 0
"p636": 0.00037821696105494294
"p637": 6.774035123372113E-05
"p638": 3.7633528463178407E-06
"p639": 0
"p640": 0.012165038075722423
"p641": 0.004762523027015227
"p642": 0.0010443304148532006
"p643": 0.00012983567319796552
"p644": 0.0004854725171750014
"p645": 7.526705692635683E-05
"p646": 5.645029269476761E-06
"p647": 0
"p648": 0.00650307371843723
"p649": 0.0022391949435591153
"p650": 0.0004403122830191874
"p651": 3.575185204001949E-05
"p652": 0.012372022482269903
"p653": 0.004241298657800206
"p654": 0.000779014039187793
"p655": 7.714873334951573E-05
"p656": 0.0004854725171750015
"p657": 7.526705692635683E-05
"p658": 5.645029269476761E-06
"p659": 0
"p660": 0.00011854561465901199
"p661": 1.6935087808430282E-05
"p662": 0
"p663": 0
"p664": 1.5053411385271365E-05
"p665": 1.8816764231589204E-06
"p666": 0
"p667": 0
"p668": 0.00014865243742955472
"p669": 2.6343469924224887E-05
"p670": 0
"p671": 0
"p672": 0.00650307371843723
"p673": 0.0022391949435591153
"p674": 0.0004403122830191873
"p675": 3.575185204001948E-05
"p676": 1.5053411385271365E-05
"p677": 1.8816764231589204E-06
"p678": 0
"p679": 0
"p680": 0.0026795072265783024
"p681": 0.0008655711546531035
"p682": 0.00016746920166114393
"p683": 1.3171734962112444E-05
"p684": 0.0032722352998733628
"p685": 0.000969063357926844
"p686": 0.00019004931873905096
"p687": 1.5053411385271365E-05
"p688": 0.012372022482269903
"p689": 0.004241298657800206
"p690": 0.000779014039187793
"p691": 7.714873334951573E-05
"p692": 0.00014865243742955472
