"p630": 5.833196911792653E-05
"p631": 1.1290058538953523E-05
"p632": 0.016801488782386003
"p633": 0.005447453245045076
"p634": 0.0010179869449289758
"p635": 0.00010913723254321737
"p636": 0.0289627635052621
"p637": 0.010351102003797224
"p638": 0.00214322944597801
"p639": 0.00020133937727800447
"p640": 4.704191057897301E-05
"p641": 1.8816764231589204E-06
"p642": 0
"p643": 0
"p644": 0.0011911011758595966
"p645": 0.000165587525237985
"p646": 9.408382115794602E-06
"p647": 0
"p648": 0.0003970337252865322
"p649": 6.39769983874033E-05
"p650": 0
"p651": 0
"p652": 0.0015806081954534929
"p653": 0.00044031228301918745
"p654": 5.268693984844977E-05
"p655": 0
"p656": 0
"p657": 0
"p658": 0
"p659": 0
"p660": 0
"p661": 0
"p662": 0
"p663": 0
"p664": 0
"p665": 0
"p666": 0
"p667": 0
"p668": 0.00011666393823585305
"p669": 2.8225146347383805E-05
"p670": 0
"p671": 0
"p672": 0.0030953577160964243
"p673": 0.0009370748587331423
"p674": 4.3278557732655166E-05
"p675": 1.8816764231589204E-06
"p676": 0.003588356938964062
"p677": 0.0009013230066931229
"p678": 8.655711546531033E-05
"p679": 0
"p680": 0.010070732216746545
"p681": 0.0032082583014859593
"p682": 0.0004628924000970944
"p683": 2.2580117077907042E-05
"p684": 0.022346789201435346
"p685": 0.008512704138370958
"p686": 0.001582489871876653
"p687": 5.268693984844977E-05
"p688": 0.0005099343106760673
"p689": 0.00013548070246744226
"p690": 0
"p691": 0
"p692": 0.0007206820700698664
