"p630": 0
"p631": 0
"p632": 0.00021639278866327584
"p633": 3.3870175616860565E-05
"p634": 0
"p635": 0
"p636": 0.00030106822770542725
"p637": 6.209532196424438E-05
"p638": 0
"p639": 0
"p640": 0.0024066641452202596
"p641": 0.0007376171578782967
"p642": 0.00010725555612005847
"p643": 0
"p644": 0.0033813725324165797
"p645": 0.0009032046831162819
"p646": 0.00014112573173691902
"p647": 2.2580117077907045E-05
"p648": 0.019870503028558206
"p649": 0.007586919338176769
"p650": 0.0016728103401882806
"p651": 0.00019945770085484557
"p652": 0.0343405947226503
"p653": 0.013835966739487544
"p654": 0.0032120216543322783
"p655": 0.00037257193178546626
"p656": 0.008572917783912042
"p657": 0.003202613272216482
"p658": 0.0006341249546045561
"p659": 3.575185204001949E-05
"p660": 0.010507281146919414
"p661": 0.00306713256974904
"p662": 0.0005569762212550404
"p663": 8.279376261899248E-05
"p664": 0.03921413665863192
"p665": 0.015826780395189685
"p666": 0.0036353988495430355
"p667": 0.0003706902553623074
"p668": 0.0652471299730356
"p669": 0.02799370014733527
"p670": 0.00725386261127764
"p671": 0.0010161052685058174
"p672": 0.0002935415220127916
"p673": 6.209532196424438E-05
"p674": 5.645029269476761E-06
"p675": 0
"p676": 0.0006209532196424438
"p677": 0.0002013393772780045
"p678": 5.645029269476761E-05
"p679": 1.1290058538953523E-05
"p680": 0.008646303164415241
"p681": 0.00275477428350466
"p682": 0.00045536569440445874
"p683": 1.8816764231589203E-05
"p684": 0.017586147850843278
"p685": 0.006360066310277153
"p686": 0.0012701315856322717
"p687": 4.327855773265517E-05
"p688": 0.001129005853895352
"p689": 0.00026719805208856665
"p690": 1.6935087808430286E-05
"p691": 0
"p692": 0.005330789306809222
