"p630": 0
"p631": 0
"p632": 0.03180033155138577
"p633": 0.011156459512909242
"p634": 0.002265538413483341
"p635": 0.00026155302281908997
"p636": 0.006913279178685874
"p637": 0.002145111122401169
"p638": 0.00036504522609283053
"p639": 2.8225146347383808E-05
"p640": 0.0012738949384785894
"p641": 0.0002483812878569775
"p642": 7.5267056926356815E-06
"p643": 0
"p644": 0.00016370584881482606
"p645": 5.645029269476761E-06
"p646": 0
"p647": 0
"p648": 0.006074051493956995
"p649": 0.0019531801272389595
"p650": 0.00031235828624438084
"p651": 1.1290058538953523E-05
"p652": 0.0026851522558477793
"p653": 0.0008787428896152158
"p654": 0.00010725555612005845
"p655": 7.5267056926356815E-06
"p656": 0.00010725555612005848
"p657": 0
"p658": 0
"p659": 0
"p660": 0
"p661": 0
"p662": 0
"p663": 0
"p664": 0.00012983567319796552
"p665": 1.3171734962112444E-05
"p666": 0
"p667": 0
"p668": 3.7633528463178407E-06
"p669": 0
"p670": 0
"p671": 0
"p672": 0.0002973048748591094
"p673": 4.3278557732655166E-05
"p674": 0
"p675": 0
"p676": 0
"p677": 0
"p678": 0
"p679": 0
"p680": 0.002717140755041481
"p681": 0.0008655711546531033
"p682": 0.0001486524374295547
"p683": 7.5267056926356815E-06
"p684": 0.0006905752472993237
"p685": 0.00027848811062752024
"p686": 4.139688130949625E-05
"p687": 5.645029269476761E-06
"p688": 0.0007790140391877931
"p689": 0.0001919309951622099
"p690": 2.4461793501065963E-05
"p691": 0
"p692": 0
