"p630": 0
"p631": 0
"p632": 0.00449532497492666
"p633": 0.0011722844116280075
"p634": 0.00016370584881482606
"p635": 2.2580117077907045E-05
"p636": 0.0007940674505730644
"p637": 0.0001749959073537796
"p638": 1.3171734962112442E-05
"p639": 0
"p640": 0.00010349220327374063
"p641": 5.645029269476761E-06
"p642": 0
"p643": 0
"p644": 0
"p645": 0
"p646": 0
"p647": 0
"p648": 0.0018722680410431253
"p649": 0.0005042892814065907
"p650": 8.467543904215139E-05
"p651": 5.645029269476761E-06
"p652": 0.00017687758377693847
"p653": 2.8225146347383808E-05
"p654": 0
"p655": 0
"p656": 0.0016878637515735516
"p657": 0.000378216961054943
"p658": 2.822514634738381E-05
"p659": 1.8816764231589204E-06
"p660": 0
"p661": 0
"p662": 0
"p663": 0
"p664": 0.0050221943734111586
"p665": 0.0013058834376722909
"p666": 0.00015994249596850823
"p667": 7.5267056926356815E-06
"p668": 0.0007790140391877931
"p669": 0.0001373623788906012
"p670": 1.1290058538953523E-05
"p671": 0
"p672": 0.0011064257368174455
"p673": 0.0002333278764717061
"p674": 1.8816764231589207E-05
"p675": 0
"p676": 1.6935087808430286E-05
"p677": 0
"p678": 0
"p679": 0
"p680": 0.009711332019923191
"p681": 0.003475456353574527
"p682": 0.0006924569237224829
"p683": 7.526705692635681E-05
"p684": 0.0026983239908098915
"p685": 0.0008994413302699641
"p686": 0.0001637058488148261
"p687": 3.198849919370165E-05
"p688": 0.004032432574829567
"p689": 0.0011177157953563988
"p690": 0.0001467707610063958
"p691": 7.5267056926356815E-06
"p692": 0.00037633528463178407
