"p630": 1.505341138527136E-05
"p631": 0
"p632": 0.00656893239324779
"p633": 0.001714207221497776
"p634": 0.00020886608297064017
"p635": 7.5267056926356815E-06
"p636": 0.006136146815921239
"p637": 0.002013393772780045
"p638": 0.00032553002120649325
"p639": 7.5267056926356815E-06
"p640": 0.004687255970088871
"p641": 0.0015918982539924464
"p642": 0.00027284308135804345
"p643": 1.6935087808430282E-05
"p644": 0.006017601201262228
"p645": 0.0017405506914220015
"p646": 0.0002653163756654078
"p647": 3.0106822770542726E-05
"p648": 0.018348226802222638
"p649": 0.0066799513022141686
"p650": 0.0014112573173691901
"p651": 0.00018064093662325633
"p652": 0.034553224158467274
"p653": 0.013877363620797042
"p654": 0.003232720094987026
"p655": 0.0003706902553623074
"p656": 0
"p657": 0
"p658": 0
"p659": 0
"p660": 0.0006153081903729669
"p661": 8.467543904215139E-05
"p662": 0
"p663": 0
"p664": 8.091208619583357E-05
"p665": 1.1290058538953523E-05
"p666": 0
"p667": 0
"p668": 0.0006868118944530059
"p669": 0.00011666393823585307
"p670": 1.1290058538953523E-05
"p671": 0
"p672": 0.001371742112482853
"p673": 0.00046101072367393553
"p674": 5.080526342529086E-05
"p675": 0
"p676": 0.002054790654089541
"p677": 0.0006284799253350794
"p678": 0.00012419064392848875
"p679": 1.6935087808430282E-05
"p680": 0.009129894005167083
"p681": 0.003217666683601754
"p682": 0.00066235010095194
"p683": 7.714873334951573E-05
"p684": 0.020811341240137664
"p685": 0.008326418172478225
"p686": 0.001798882660539928
"p687": 0.00016182417239166713
"p688": 0.0016464668702640553
"p689": 0.00045912904725077655
"p690": 4.516023415581409E-05
"p691": 0
"p692": 0.004261997098454955
