"p630": 2.6343469924224884E-05
"p631": 0
"p632": 6.58586748105622E-05
"p633": 1.1290058538953523E-05
"p634": 3.7633528463178407E-06
"p635": 0
"p636": 0.0001467707610063958
"p637": 2.8225146347383805E-05
"p638": 3.7633528463178407E-06
"p639": 0
"p640": 0.002337042117563379
"p641": 0.0008919146245773283
"p642": 0.00017123255450746176
"p643": 3.575185204001948E-05
"p644": 0.007878579183766402
"p645": 0.0029730487485910943
"p646": 0.0006247165724887617
"p647": 7.150370408003898E-05
"p648": 0.0004290222244802338
"p649": 0.00013171734962112442
"p650": 2.634346992422489E-05
"p651": 1.8816764231589204E-06
"p652": 0.0022598933842138636
"p653": 0.0006284799253350793
"p654": 7.33853805031979E-05
"p655": 5.645029269476761E-06
"p656": 0.0078785791837664
"p657": 0.0029730487485910943
"p658": 0.0006247165724887616
"p659": 7.150370408003896E-05
"p660": 0.019808407706593964
"p661": 0.00765654136583365
"p662": 0.0016841003987272342
"p663": 0.0001975760244316867
"p664": 0.002594831787536151
"p665": 0.0007696056570719985
"p666": 0.00012230896750532982
"p667": 1.8816764231589204E-06
"p668": 0.009782835724003229
"p669": 0.003146162979521715
"p670": 0.0004685374293665712
"p671": 2.8225146347383808E-05
"p672": 0.0004290222244802338
"p673": 0.00013171734962112442
"p674": 2.6343469924224887E-05
"p675": 1.8816764231589204E-06
"p676": 0.002594831787536151
"p677": 0.0007696056570719986
"p678": 0.00012230896750532982
"p679": 1.8816764231589204E-06
"p680": 6.962202765688005E-05
"p681": 3.575185204001949E-05
"p682": 9.408382115794602E-06
"p683": 1.8816764231589204E-06
"p684": 0.00033682007974544684
"p685": 0.00011290058538953523
"p686": 2.4461793501065966E-05
"p687": 1.8816764231589204E-06
"p688": 0.002259893384213863
"p689": 0.0006284799253350795
"p690": 7.33853805031979E-05
"p691": 5.645029269476761E-06
"p692": 0.009782835724003227
