"p630": 0
"p631": 0
"p632": 0
"p633": 0
"p634": 0
"p635": 0
"p636": 0
"p637": 0
"p638": 0
"p639": 0
"p640": 0.011562901620311566
"p641": 0.004841553436787902
"p642": 0.001048093767699519
"p643": 8.46754390421514E-05
"p644": 0.02539322333052963
"p645": 0.01072179225915953
"p646": 0.0026945606379635743
"p647": 0.0003349384033222879
"p648": 0.005024076049834317
"p649": 0.0019174282751989401
"p650": 0.0003594001968233538
"p651": 1.1290058538953523E-05
"p652": 0.01357629539309161
"p653": 0.004660912500164646
"p654": 0.0007884224213035877
"p655": 4.139688130949625E-05
"p656": 7.714873334951573E-05
"p657": 5.645029269476761E-06
"p658": 0
"p659": 0
"p660": 0.0011911011758595966
"p661": 0.00019757602443168663
"p662": 5.645029269476761E-06
"p663": 0
"p664": 0
"p665": 0
"p666": 0
"p667": 0
"p668": 9.784717400426387E-05
"p669": 2.2580117077907045E-05
"p670": 0
"p671": 0
"p672": 0.006371356368816103
"p673": 0.0023878473809886697
"p674": 0.00041020546024864466
"p675": 2.4461793501065966E-05
"p676": 0.018280486450988922
"p677": 0.006403344868009807
"p678": 0.0011779294408974846
"p679": 7.526705692635683E-05
"p680": 0.0018214627776178347
"p681": 0.0006341249546045562
"p682": 8.843879188846926E-05
"p683": 1.8816764231589204E-06
"p684": 0.003511208205614546
"p685": 0.0009972885042742277
"p686": 0.00012607232035164766
"p687": 3.7633528463178407E-06
"p688": 0.011397314095073583
"p689": 0.003768997875587317
"p690": 0.0007112736879540719
"p691": 7.714873334951574E-05
"p692": 0.03126405377078548
