"p630": 0
"p631": 0
"p632": 0
"p633": 0
"p634": 0
"p635": 0
"p636": 0
"p637": 0
"p638": 0
"p639": 0
"p640": 0.006627264362365717
"p641": 0.002559079935496132
"p642": 0.0005550945448318816
"p643": 7.150370408003898E-05
"p644": 0.017806303992352873
"p645": 0.006898225767300603
"p646": 0.0015655547840682223
"p647": 0.00021262943581695803
"p648": 0.0019023748638136682
"p649": 0.0006510600424129864
"p650": 0.00012607232035164766
"p651": 1.8816764231589204E-06
"p652": 0.004510378386311931
"p653": 0.0012607232035164767
"p654": 0.00015994249596850825
"p655": 5.645029269476761E-06
"p656": 0.01439482463716574
"p657": 0.006034536289070658
"p658": 0.0012908300262870194
"p659": 9.596549758110493E-05
"p660": 0.03164603408468673
"p661": 0.013301570635310412
"p662": 0.0032891703876817943
"p663": 0.0003876253431707377
"p664": 0.006192597108616007
"p665": 0.002333278764717061
"p666": 0.00041773216594128033
"p667": 1.1290058538953523E-05
"p668": 0.014863362066532312
"p669": 0.005048537843335383
"p670": 0.0008354643318825608
"p671": 4.139688130949625E-05
"p672": 0.002600476816805628
"p673": 0.0008862695953078515
"p674": 0.00012983567319796552
"p675": 1.3171734962112444E-05
"p676": 0.008917264569350125
"p677": 0.002862029839624718
"p678": 0.00039327037244021434
"p679": 1.5053411385271363E-05
"p680": 0.00045348401798129986
"p681": 0.0001279539967748066
"p682": 2.0698440654748124E-05
"p683": 1.8816764231589204E-06
"p684": 0.0007771323627646341
"p685": 0.00023332787647170616
"p686": 4.327855773265517E-05
"p687": 3.7633528463178407E-06
"p688": 0.007583155985330449
"p689": 0.0023727939696033986
"p690": 0.0003594001968233538
"p691": 2.2580117077907045E-05
"p692": 0.022431464640477496
