"p630": 0
"p631": 0
"p632": 0.008552219343257294
"p633": 0.0025383814948413833
"p634": 0.0004102054602486446
"p635": 4.139688130949624E-05
"p636": 0.006599039216018333
"p637": 0.0021281760345927382
"p638": 0.0003857436667475786
"p639": 4.139688130949624E-05
"p640": 1.6935087808430282E-05
"p641": 0
"p642": 0
"p643": 0
"p644": 0.0003349384033222878
"p645": 6.209532196424438E-05
"p646": 0
"p647": 0
"p648": 0.0006265982489119205
"p649": 0.0001561791431221904
"p650": 1.5053411385271363E-05
"p651": 0
"p652": 0.0029937471892458422
"p653": 0.0009897617985815922
"p654": 0.00017123255450746173
"p655": 1.1290058538953523E-05
"p656": 0.00023897290574118288
"p657": 1.5053411385271363E-05
"p658": 0
"p659": 0
"p660": 0.0031085294510585374
"p661": 0.0006322432781813973
"p662": 6.021364554108544E-05
"p663": 3.76335284631784E-06
"p664": 0.0020830158004369248
"p665": 0.0004704191057897301
"p666": 4.8923587002131926E-05
"p667": 0
"p668": 0.0065068370712835465
"p669": 0.0020039853906642503
"p670": 0.0003085949333980629
"p671": 1.5053411385271363E-05
"p672": 0.0015298029320282027
"p673": 0.00044783898871182307
"p674": 5.080526342529085E-05
"p675": 0
"p676": 0.0022410766199822746
"p677": 0.0005946097497182189
"p678": 9.220214473478711E-05
"p679": 1.1290058538953523E-05
"p680": 0.009711332019923191
"p681": 0.003475456353574527
"p682": 0.0006924569237224827
"p683": 7.526705692635681E-05
"p684": 0.021330683932929532
"p685": 0.008456253845676191
"p686": 0.001669046987341963
"p687": 0.00012042729108217089
"p688": 0.005643147593053603
"p689": 0.0019306000101610525
"p690": 0.000306713256974904
"p691": 1.6935087808430282E-05
"p692": 0.007054404910422794
