"p630": 0
"p631": 0
"p632": 0.0005231060456381798
"p633": 7.714873334951573E-05
"p634": 5.645029269476761E-06
"p635": 0
"p636": 7.903040977267465E-05
"p637": 0
"p638": 0
"p639": 0
"p640": 0.007537995751174635
"p641": 0.002320107029754949
"p642": 0.0004290222244802338
"p643": 6.021364554108545E-05
"p644": 0.0008749795367688979
"p645": 0.00011854561465901199
"p646": 0
"p647": 0
"p648": 0.003370082473877627
"p649": 0.0010104602392363403
"p650": 0.00022015614150959367
"p651": 3.3870175616860565E-05
"p652": 0.006939622648610097
"p653": 0.0021996797386727783
"p654": 0.0004158504895181214
"p655": 4.139688130949625E-05
"p656": 0.0012569598506701586
"p657": 0.00027472475778120243
"p658": 2.2580117077907045E-05
"p659": 0
"p660": 0
"p661": 0
"p662": 0
"p663": 0
"p664": 3.387017561686057E-05
"p665": 0
"p666": 0
"p667": 0
"p668": 6.774035123372114E-05
"p669": 0
"p670": 0
"p671": 0
"p672": 0.058762873018829945
"p673": 0.02593702781682257
"p674": 0.006999836294151186
"p675": 0.001019868621352135
"p676": 0.001390558876714442
"p677": 0.0002333278764717061
"p678": 1.1290058538953523E-05
"p679": 0
"p680": 0.0456457066729891
"p681": 0.018487470857536395
"p682": 0.004433229652962417
"p683": 0.00046477407652025334
"p684": 0.05684168139078468
"p685": 0.019179927781258883
"p686": 0.0035017998234987517
"p687": 0.00026155302281908997
"p688": 0.02979258280787519
"p689": 0.010783887581123773
"p690": 0.0022711834427528175
"p691": 0.0002013393772780045
"p692": 6.39769983874033E-05
