"p630": 0
"p631": 0
"p632": 0
"p633": 0
"p634": 0
"p635": 0
"p636": 0
"p637": 0
"p638": 0
"p639": 0
"p640": 0.0019155465987757813
"p641": 0.0006811668651835291
"p642": 0.00014112573173691905
"p643": 1.5053411385271365E-05
"p644": 0.006804141946142657
"p645": 0.0025553165826498136
"p646": 0.0005833196911792653
"p647": 7.52670569263568E-05
"p648": 0.00032176666836017533
"p649": 0.00011478226181269415
"p650": 2.0698440654748124E-05
"p651": 0
"p652": 0.002146992798824328
"p653": 0.000568266279793994
"p654": 5.6450292694767617E-05
"p655": 0
"p656": 0.006331841163929767
"p657": 0.0023652672639107625
"p658": 0.0004064421074023268
"p659": 2.4461793501065966E-05
"p660": 0.01672434004903649
"p661": 0.006457913484281416
"p662": 0.0014451274929860511
"p663": 0.00014488908458323686
"p664": 0.0015561464019524275
"p665": 0.00048170916432868367
"p666": 4.892358700213192E-05
"p667": 0
"p668": 0.009370748587331425
"p669": 0.0030332623941321793
"p670": 0.0004120871366718036
"p671": 2.2580117077907045E-05
"p672": 0.0006981019529919595
"p673": 0.00024838128785697745
"p674": 4.1396881309496255E-05
"p675": 5.645029269476761E-06
"p676": 0.002890254985972101
"p677": 0.0009653000050805262
"p678": 0.00014865243742955472
"p679": 7.5267056926356815E-06
"p680": 9.032046831162815E-05
"p681": 2.4461793501065963E-05
"p682": 3.7633528463178407E-06
"p683": 0
"p684": 0.00034999181470755925
"p685": 9.972885042742277E-05
"p686": 2.0698440654748124E-05
"p687": 1.8816764231589204E-06
"p688": 0.0027020873436562095
"p689": 0.0008204109204972892
"p690": 0.00012607232035164766
"p691": 7.5267056926356815E-06
"p692": 0.009284191471866115
