"p630": 9.22021447347871E-05
"p631": 1.1290058538953523E-05
"p632": 0.0007790140391877931
"p633": 0.00017311423093062064
"p634": 7.5267056926356815E-06
"p635": 0
"p636": 0.0003932703724402144
"p637": 8.091208619583358E-05
"p638": 1.8816764231589204E-06
"p639": 0
"p640": 0.0002653163756654078
"p641": 6.209532196424438E-05
"p642": 5.645029269476761E-06
"p643": 0
"p644": 0.0018045276898094047
"p645": 0.0004986442521371139
"p646": 8.467543904215139E-05
"p647": 5.645029269476761E-06
"p648": 3.0106822770542726E-05
"p649": 5.645029269476761E-06
"p650": 0
"p651": 0
"p652": 0.0003292933740528111
"p653": 9.596549758110495E-05
"p654": 1.6935087808430286E-05
"p655": 0
"p656": 0.0010386853855837241
"p657": 0.00022768284720222937
"p658": 1.8816764231589203E-05
"p659": 0
"p660": 0.004674084235126759
"p661": 0.001223089675053298
"p662": 0.00015241579027587256
"p663": 7.5267056926356815E-06
"p664": 0.0001749959073537796
"p665": 2.2580117077907045E-05
"p666": 5.645029269476761E-06
"p667": 0
"p668": 0.0019701152150473893
"p669": 0.0005701479562171529
"p670": 8.655711546531033E-05
"p671": 1.3171734962112444E-05
"p672": 0.002592950111112992
"p673": 0.0009728267107731618
"p674": 0.00018064093662325636
"p675": 3.7633528463178407E-05
"p676": 0.009082852094588114
"p677": 0.003313632181182859
"p678": 0.0006755218359140526
"p679": 7.33853805031979E-05
"p680": 0.00045724737082761767
"p681": 0.00014488908458323686
"p682": 2.634346992422489E-05
"p683": 1.8816764231589204E-06
"p684": 0.002316343676908631
"p685": 0.000611544837526649
"p686": 6.774035123372113E-05
"p687": 5.645029269476761E-06
"p688": 0.0085428109611415
"p689": 0.003176269802292257
"p690": 0.0006529417188361453
"p691": 7.150370408003896E-05
"p692": 0.02331585255936219
