"p630": 0
"p631": 0
"p632": 0.0027453659013888646
"p633": 0.0005494495155624048
"p634": 2.6343469924224884E-05
"p635": 0
"p636": 0.0003725719317854662
"p637": 5.8331969117926534E-05
"p638": 0
"p639": 0
"p640": 0.001507222814950295
"p641": 0.00034434678543808245
"p642": 2.822514634738381E-05
"p643": 1.8816764231589204E-06
"p644": 0
"p645": 0
"p646": 0
"p647": 0
"p648": 0.004578118737545653
"p649": 0.0012230896750532983
"p650": 0.0001542974666990315
"p651": 7.5267056926356815E-06
"p652": 0.0007507888928404092
"p653": 0.0001373623788906012
"p654": 1.1290058538953523E-05
"p655": 0
"p656": 0
"p657": 0
"p658": 0
"p659": 0
"p660": 0
"p661": 0
"p662": 0
"p663": 0
"p664": 0.00038198031390126086
"p665": 6.585867481056221E-05
"p666": 5.645029269476761E-06
"p667": 0
"p668": 1.1290058538953523E-05
"p669": 0
"p670": 0
"p671": 0
"p672": 0.004578118737545653
"p673": 0.0012230896750532983
"p674": 0.00015429746669903146
"p675": 7.5267056926356815E-06
"p676": 0.00038198031390126086
"p677": 6.585867481056221E-05
"p678": 5.645029269476761E-06
"p679": 0
"p680": 0.02593326446397625
"p681": 0.009468595761335694
"p682": 0.001951298450815801
"p683": 0.00021262943581695808
"p684": 0.010486582706264666
"p685": 0.00372948267070098
"p686": 0.0007997124798425412
"p687": 8.843879188846925E-05
"p688": 0.0007507888928404093
"p689": 0.0001373623788906012
"p690": 1.1290058538953523E-05
"p691": 0
"p692": 1.1290058538953523E-05
