"p630": 0
"p631": 0
"p632": 0.001089490649009015
"p633": 0.00017311423093062066
"p634": 5.645029269476761E-06
"p635": 0
"p636": 0.0005042892814065907
"p637": 7.526705692635681E-05
"p638": 5.645029269476761E-06
"p639": 0
"p640": 0
"p641": 0
"p642": 0
"p643": 0
"p644": 0.00026155302281908997
"p645": 1.129005853895352E-05
"p646": 0
"p647": 0
"p648": 0.0005852013676024242
"p649": 0.00014112573173691902
"p650": 7.5267056926356815E-06
"p651": 0
"p652": 0.0029881021599763658
"p653": 0.001236261410015411
"p654": 0.00027848811062752024
"p655": 7.5267056926356815E-06
"p656": 0.00014112573173691902
"p657": 1.6935087808430282E-05
"p658": 0
"p659": 0
"p660": 0.0028639115160478765
"p661": 0.0005532128684087226
"p662": 6.397699838740328E-05
"p663": 3.76335284631784E-06
"p664": 0.001061265502661631
"p665": 0.0002483812878569775
"p666": 2.6343469924224887E-05
"p667": 0
"p668": 0.003861200020322105
"p669": 0.00111583411893324
"p670": 0.00019757602443168663
"p671": 4.516023415581409E-05
"p672": 0.0014846426978723886
"p673": 0.0004214955187875981
"p674": 4.139688130949625E-05
"p675": 0
"p676": 0.0020510273012432235
"p677": 0.0005061709578297497
"p678": 7.150370408003896E-05
"p679": 1.1290058538953523E-05
"p680": 0.00894172636285119
"p681": 0.0030069189242079544
"p682": 0.0005814380147561064
"p683": 4.704191057897301E-05
"p684": 0.021650568924866543
"p685": 0.008571036107488883
"p686": 0.0018082910426557228
"p687": 0.00016935087808430286
"p688": 0.005422991451544009
"p689": 0.001968233538624231
"p690": 0.0002747247577812023
"p691": 1.8816764231589203E-05
"p692": 0.0069170425315321915
