"p630": 0
"p631": 0
"p632": 4.3278557732655166E-05
"p633": 3.7633528463178407E-06
"p634": 0
"p635": 0
"p636": 1.6935087808430286E-05
"p637": 3.7633528463178407E-06
"p638": 0
"p639": 0
"p640": 0.005908463968719009
"p641": 0.002130057711015898
"p642": 0.00045912904725077666
"p643": 4.5160234155814084E-05
"p644": 0.01339565445646836
"p645": 0.005678899445093621
"p646": 0.0013623337303670584
"p647": 0.0001373623788906012
"p648": 0.0017988826605399278
"p649": 0.0005362777806002923
"p650": 6.209532196424438E-05
"p651": 0
"p652": 0.007353591461705061
"p653": 0.0021394660931316925
"p654": 0.0002653163756654078
"p655": 1.129005853895352E-05
"p656": 0.014893468889302855
"p657": 0.0054926134792008885
"p658": 0.0010330403563142472
"p659": 7.150370408003895E-05
"p660": 0.027993700147335272
"p661": 0.012232778426956142
"p662": 0.003181914831561734
"p663": 0.00036692690251598946
"p664": 0.006072169817533837
"p665": 0.002034092213434793
"p666": 0.0001768775837769385
"p667": 1.8816764231589204E-06
"p668": 0.022324209084357442
"p669": 0.007598209396715721
"p670": 0.0009709450343500028
"p671": 5.8331969117926534E-05
"p672": 0.002361503911064445
"p673": 0.0007921857741499056
"p674": 0.00014677076100639582
"p675": 7.5267056926356815E-06
"p676": 0.006542588923323566
"p677": 0.0026192935810372174
"p678": 0.0005343961041771335
"p679": 1.3171734962112442E-05
"p680": 0.00042714054805707494
"p681": 9.596549758110495E-05
"p682": 5.645029269476761E-06
"p683": 0
"p684": 0.0011365325595879881
"p685": 0.0002408545821643418
"p686": 3.0106822770542726E-05
"p687": 1.8816764231589204E-06
"p688": 0.00463833238308674
"p689": 0.0012889483498638604
"p690": 0.000188167642315892
"p691": 1.129005853895352E-05
"p692": 0.013205605137729304
