"p630": 1.8816764231589203E-05
"p631": 0
"p632": 0.00019381267158536874
"p633": 1.8816764231589207E-05
"p634": 0
"p635": 0
"p636": 0.00011666393823585305
"p637": 1.5053411385271365E-05
"p638": 0
"p639": 0
"p640": 0.0010217502977752939
"p641": 0.00022768284720222937
"p642": 1.8816764231589203E-05
"p643": 0
"p644": 0.004309039009033928
"p645": 0.0011572310002427363
"p646": 0.0001467707610063958
"p647": 7.5267056926356815E-06
"p648": 0.0001749959073537796
"p649": 2.2580117077907045E-05
"p650": 5.645029269476761E-06
"p651": 0
"p652": 0.0019701152150473893
"p653": 0.0005701479562171529
"p654": 8.655711546531033E-05
"p655": 1.3171734962112444E-05
"p656": 1.6935087808430286E-05
"p657": 0
"p658": 0
"p659": 0
"p660": 0.00037633528463178407
"p661": 6.585867481056221E-05
"p662": 5.645029269476761E-06
"p663": 0
"p664": 0
"p665": 0
"p666": 0
"p667": 0
"p668": 0
"p669": 0
"p670": 0
"p671": 0
"p672": 0.008478833962754095
"p673": 0.003127346215290125
"p674": 0.0006416516602971918
"p675": 7.33853805031979E-05
"p676": 0.022723124486067132
"p677": 0.00852775754975623
"p678": 0.0018176994247715175
"p679": 0.00020510273012432236
"p680": 0.0026588087859235545
"p681": 0.0007790140391877931
"p682": 0.00012230896750532982
"p683": 1.8816764231589204E-06
"p684": 0.01037932715014461
"p685": 0.0032458918299491384
"p686": 0.0004760641350592068
"p687": 2.8225146347383808E-05
"p688": 0.0024913395842624106
"p689": 0.0008354643318825607
"p690": 0.0001561791431221904
"p691": 3.010682277054273E-05
"p692": 0.009865629486622219
