"p630": 0
"p631": 0
"p632": 2.8225146347383805E-05
"p633": 0
"p634": 0
"p635": 0
"p636": 5.645029269476761E-06
"p637": 0
"p638": 0
"p639": 0
"p640": 0.0002483812878569775
"p641": 6.962202765688005E-05
"p642": 3.7633528463178407E-06
"p643": 0
"p644": 0.0018703863646199665
"p645": 0.0007263270993393432
"p646": 0.0001298356731979655
"p647": 3.7633528463178407E-06
"p648": 5.8331969117926534E-05
"p649": 1.1290058538953523E-05
"p650": 0
"p651": 0
"p652": 0.000259671346395931
"p653": 5.2686939848449775E-05
"p654": 0
"p655": 0
"p656": 0.00047418245863604794
"p657": 9.03204683116282E-05
"p658": 9.408382115794602E-06
"p659": 0
"p660": 0.0031160561567511727
"p661": 0.0008204109204972894
"p662": 0.00012230896750532982
"p663": 2.2580117077907045E-05
"p664": 6.021364554108545E-05
"p665": 1.8816764231589203E-05
"p666": 3.7633528463178407E-06
"p667": 0
"p668": 0.0015373296377208378
"p669": 0.0004534840179812998
"p670": 6.209532196424438E-05
"p671": 1.8816764231589204E-06
"p672": 0.0022881185305612464
"p673": 0.0007752506863414752
"p674": 0.00015429746669903146
"p675": 1.5053411385271365E-05
"p676": 0.008495769050562527
"p677": 0.00303326239413218
"p678": 0.0006265982489119205
"p679": 7.714873334951573E-05
"p680": 0.000378216961054943
"p681": 0.00012230896750532982
"p682": 2.2580117077907045E-05
"p683": 0
"p684": 0.0022580117077907044
"p685": 0.0005663846033708349
"p686": 5.6450292694767617E-05
"p687": 0
"p688": 0.007107091850271242
"p689": 0.0025778966997277207
"p690": 0.0004196138423644392
"p691": 2.6343469924224887E-05
"p692": 0.020660807126284948
