"p630": 0.002154519504516964
"p631": 0.0001674692016611439
"p632": 0.005500140184893525
"p633": 0.0015749631661840162
"p634": 0.0002333278764717061
"p635": 1.3171734962112442E-05
"p636": 0.0056017507117441055
"p637": 0.0018271078068873112
"p638": 0.0002427362585875007
"p639": 1.3171734962112442E-05
"p640": 0.006130501786651764
"p641": 0.001979523597163184
"p642": 0.00029354152201279153
"p643": 1.505341138527136E-05
"p644": 0.010663460290041605
"p645": 0.004357962596036059
"p646": 0.0009803534164657976
"p647": 3.76335284631784E-05
"p648": 0.002568488317611926
"p649": 0.0008787428896152158
"p650": 4.1396881309496255E-05
"p651": 1.8816764231589204E-06
"p652": 0.00900946671408491
"p653": 0.0027133774021951638
"p654": 0.00014677076100639582
"p655": 1.8816764231589204E-06
"p656": 2.8225146347383805E-05
"p657": 0
"p658": 0
"p659": 0
"p660": 0.0003180033155138575
"p661": 3.1988499193701654E-05
"p662": 0
"p663": 0
"p664": 0
"p665": 0
"p666": 0
"p667": 0
"p668": 6.962202765688006E-05
"p669": 1.8816764231589203E-05
"p670": 0
"p671": 0
"p672": 0.002564724964765608
"p673": 0.0008956779774236462
"p674": 0.00014112573173691902
"p675": 7.5267056926356815E-06
"p676": 0.006504955394860389
"p677": 0.002702087343656209
"p678": 0.0005343961041771334
"p679": 1.3171734962112444E-05
"p680": 0.0009351931823099833
"p681": 0.0004158504895181215
"p682": 9.408382115794602E-06
"p683": 0
"p684": 0.0027792360770057256
"p685": 0.0009972885042742279
"p686": 3.0106822770542726E-05
"p687": 0
"p688": 0.002470641143607662
"p689": 0.0006228348960656027
"p690": 8.467543904215141E-05
"p691": 0
"p692": 0.007265152669816593
