"p630": 5.645029269476761E-06
"p631": 0
"p632": 0.00016935087808430283
"p633": 1.1290058538953523E-05
"p634": 0
"p635": 0
"p636": 8.655711546531032E-05
"p637": 1.8816764231589204E-06
"p638": 0
"p639": 0
"p640": 0.02397820266031412
"p641": 0.010132827538710787
"p642": 0.0025402631712645425
"p643": 0.0003104766098212219
"p644": 0.039601762001802654
"p645": 0.018192047659100444
"p646": 0.005093698077491199
"p647": 0.0007978308034193827
"p648": 0.013536780188205276
"p649": 0.0051313316059543755
"p650": 0.0010970173547016505
"p651": 4.327855773265516E-05
"p652": 0.028206329583152223
"p653": 0.00957396964103259
"p654": 0.0016728103401882806
"p655": 0.00010537387969689955
"p656": 0.00012607232035164766
"p657": 1.1290058538953523E-05
"p658": 0
"p659": 0
"p660": 0.0017800658963083387
"p661": 0.0002973048748591094
"p662": 1.1290058538953523E-05
"p663": 0
"p664": 0
"p665": 0
"p666": 0
"p667": 0
"p668": 0.00015241579027587253
"p669": 3.3870175616860565E-05
"p670": 0
"p671": 0
"p672": 0.01653617240672059
"p673": 0.006177543697230735
"p674": 0.0013491619954049457
"p675": 0.00013924405531376012
"p676": 0.034493010512926185
"p677": 0.014187840230618266
"p678": 0.0034792197064208445
"p679": 0.0003725719317854663
"p680": 0.007033706469768045
"p681": 0.0023934924102581466
"p682": 0.0004346672537497106
"p683": 1.1290058538953523E-05
"p684": 0.011005925399056527
"p685": 0.0031894415372543702
"p686": 0.0004704191057897301
"p687": 2.0698440654748128E-05
"p688": 0.020771826035251323
"p689": 0.006551997305439362
"p690": 0.0011798111173206432
"p691": 0.00010349220327374063
"p692": 0.04371134330998172
