"p630": 0
"p631": 0
"p632": 0.00048359084075184255
"p633": 7.714873334951573E-05
"p634": 5.645029269476761E-06
"p635": 0
"p636": 0.000496762575713955
"p637": 0.00011666393823585305
"p638": 5.645029269476761E-06
"p639": 0
"p640": 0.0004666557529434122
"p641": 6.585867481056222E-05
"p642": 0
"p643": 0
"p644": 0.0047587596741689095
"p645": 0.0010330403563142472
"p646": 0.0001279539967748066
"p647": 7.5267056926356815E-06
"p648": 0.003612818732465127
"p649": 0.0009634183286573671
"p650": 0.00015241579027587256
"p651": 2.2580117077907045E-05
"p652": 0.008887157746579583
"p653": 0.0028394497225468105
"p654": 0.0005569762212550404
"p655": 8.279376261899248E-05
"p656": 0
"p657": 0
"p658": 0
"p659": 0
"p660": 0
"p661": 0
"p662": 0
"p663": 0
"p664": 0.00010161052685058171
"p665": 0
"p666": 0
"p667": 0
"p668": 0.0012569598506701586
"p669": 0.00027472475778120243
"p670": 2.2580117077907045E-05
"p671": 0
"p672": 0.009630419933727355
"p673": 0.003458521265766096
"p674": 0.0006585867481056221
"p675": 3.575185204001949E-05
"p676": 0.011837626378092768
"p677": 0.003396425943801852
"p678": 0.0006153081903729669
"p679": 8.279376261899248E-05
"p680": 0.052203349007697956
"p681": 0.020355975545733214
"p682": 0.004578118737545656
"p683": 0.0004741824586360481
"p684": 0.09180511100950065
"p685": 0.03825071832997456
"p686": 0.009605958140226294
"p687": 0.0012776582913249083
"p688": 0.001629531782455625
"p689": 0.0004873541935981603
"p690": 6.774035123372114E-05
"p691": 0
"p692": 0.0023558588817949684
