"p630": 0
"p631": 0
"p632": 0.0001204272910821709
"p633": 1.1290058538953523E-05
"p634": 0
"p635": 0
"p636": 0
"p637": 0
"p638": 0
"p639": 0
"p640": 0.0032722352998733623
"p641": 0.0008919146245773282
"p642": 0.00012419064392848875
"p643": 7.5267056926356815E-06
"p644": 0.00042714054805707494
"p645": 6.585867481056221E-05
"p646": 5.645029269476761E-06
"p647": 0
"p648": 0.01422923711192776
"p649": 0.00534960607104081
"p650": 0.0011609943530890541
"p651": 0.00012042729108217089
"p652": 0.007468373723517755
"p653": 0.002747247577812024
"p654": 0.0005005259285602729
"p655": 3.76335284631784E-05
"p656": 0.00020322105370116343
"p657": 1.6935087808430282E-05
"p658": 0
"p659": 0
"p660": 0
"p661": 0
"p662": 0
"p663": 0
"p664": 0.00041773216594128033
"p665": 5.268693984844976E-05
"p666": 0
"p667": 0
"p668": 1.1290058538953523E-05
"p669": 0
"p670": 0
"p671": 0
"p672": 0.0007470255399940913
"p673": 0.0001542974666990315
"p674": 1.3171734962112442E-05
"p675": 0
"p676": 5.645029269476761E-06
"p677": 0
"p678": 0
"p679": 0
"p680": 0.008373460083057196
"p681": 0.002929770190858439
"p682": 0.0005438044862929281
"p683": 3.3870175616860565E-05
"p684": 0.0027604193127741352
"p685": 0.0010575021498153135
"p686": 0.00016935087808430283
"p687": 1.6935087808430282E-05
"p688": 0.00233516044114022
"p689": 0.0006585867481056221
"p690": 0.00012042729108217089
"p691": 1.3171734962112444E-05
"p692": 1.1290058538953523E-05
