"p630": 0.000999170180697387
"p631": 6.774035123372114E-05
"p632": 0.0010273953270447706
"p633": 0.0002295645236253883
"p634": 3.387017561686057E-05
"p635": 1.8816764231589204E-06
"p636": 0.0022542483549443867
"p637": 0.0007037469822614362
"p638": 8.843879188846925E-05
"p639": 3.7633528463178407E-06
"p640": 0.00041396881309496247
"p641": 0.0001392440553137601
"p642": 2.6343469924224887E-05
"p643": 1.8816764231589204E-06
"p644": 0.0018835580995820791
"p645": 0.0006322432781813973
"p646": 0.00012419064392848873
"p647": 1.8816764231589204E-06
"p648": 5.45686162716087E-05
"p649": 2.2580117077907045E-05
"p650": 0
"p651": 0
"p652": 0.0004309039009033928
"p653": 0.00012419064392848873
"p654": 5.645029269476761E-06
"p655": 0
"p656": 0.002641873698115124
"p657": 0.0008486360668446732
"p658": 0.00012419064392848875
"p659": 1.3171734962112444E-05
"p660": 0.007338538050319791
"p661": 0.0024894579078392517
"p662": 0.00043654893017286954
"p663": 1.8816764231589203E-05
"p664": 0.0006886935708761649
"p665": 0.00021639278866327584
"p666": 1.1290058538953523E-05
"p667": 0
"p668": 0.003482983059267162
"p669": 0.0009558916229647316
"p670": 4.139688130949625E-05
"p671": 0
"p672": 4.7041910578973E-05
"p673": 9.408382115794602E-06
"p674": 0
"p675": 0
"p676": 0.0004534840179812998
"p677": 0.00011666393823585308
"p678": 1.1290058538953523E-05
"p679": 0
"p680": 7.5267056926356815E-06
"p681": 5.645029269476761E-06
"p682": 1.8816764231589204E-06
"p683": 0
"p684": 5.833196911792653E-05
"p685": 2.4461793501065963E-05
"p686": 5.645029269476761E-06
"p687": 0
"p688": 0.00043090390090339274
"p689": 9.408382115794602E-05
"p690": 7.5267056926356815E-06
"p691": 0
"p692": 0.0026080035224982636
