"p630": 0
"p631": 0
"p632": 0.0025026296428013635
"p633": 0.0005776746619097885
"p634": 7.150370408003898E-05
"p635": 0
"p636": 0.0006698768066445756
"p637": 0.00011478226181269412
"p638": 1.1290058538953521E-05
"p639": 0
"p640": 0.011562901620311565
"p641": 0.004841553436787901
"p642": 0.0010480937676995187
"p643": 8.467543904215141E-05
"p644": 7.714873334951573E-05
"p645": 5.645029269476761E-06
"p646": 0
"p647": 0
"p648": 0.006371356368816104
"p649": 0.00238784738098867
"p650": 0.00041020546024864466
"p651": 2.4461793501065963E-05
"p652": 0.011397314095073581
"p653": 0.0037689978755873176
"p654": 0.0007112736879540721
"p655": 7.714873334951573E-05
"p656": 0.02539322333052963
"p657": 0.01072179225915953
"p658": 0.002694560637963574
"p659": 0.0003349384033222878
"p660": 0.0011911011758595966
"p661": 0.00019757602443168663
"p662": 5.645029269476761E-06
"p663": 0
"p664": 0.018280486450988915
"p665": 0.006403344868009806
"p666": 0.0011779294408974842
"p667": 7.526705692635681E-05
"p668": 0.03126405377078548
"p669": 0.010879853078704881
"p670": 0.00217898129801803
"p671": 0.0002559079935496132
"p672": 0.005024076049834317
"p673": 0.0019174282751989401
"p674": 0.0003594001968233538
"p675": 1.1290058538953523E-05
"p676": 0
"p677": 0
"p678": 0
"p679": 0
"p680": 0.001821462777617835
"p681": 0.0006341249546045561
"p682": 8.843879188846925E-05
"p683": 1.8816764231589204E-06
"p684": 0.0020924241825527197
"p685": 0.0006096631611034902
"p686": 0.0001298356731979655
"p687": 3.7633528463178407E-06
"p688": 0.01357629539309161
"p689": 0.004660912500164646
"p690": 0.0007884224213035878
"p691": 4.139688130949625E-05
"p692": 9.784717400426387E-05
