"p630": 0
"p631": 0
"p632": 0.0006378883074508739
"p633": 8.467543904215141E-05
"p634": 5.645029269476761E-06
"p635": 0
"p636": 0.0004327855773265517
"p637": 6.774035123372113E-05
"p638": 5.645029269476761E-06
"p639": 0
"p640": 0.00014112573173691902
"p641": 1.6935087808430282E-05
"p642": 0
"p643": 0
"p644": 0.002764182665620454
"p645": 0.0005532128684087226
"p646": 6.397699838740328E-05
"p647": 3.76335284631784E-06
"p648": 0.0010499754441226775
"p649": 0.0002483812878569775
"p650": 2.6343469924224887E-05
"p651": 0
"p652": 0.0035789485568482665
"p653": 0.001065028855507949
"p654": 0.00019757602443168663
"p655": 4.516023415581409E-05
"p656": 0
"p657": 0
"p658": 0
"p659": 0
"p660": 0
"p661": 0
"p662": 0
"p663": 0
"p664": 2.8225146347383808E-05
"p665": 0
"p666": 0
"p667": 0
"p668": 0.0004064421074023268
"p669": 8.843879188846926E-05
"p670": 5.645029269476761E-06
"p671": 0
"p672": 0.005818143500407382
"p673": 0.002062317359782177
"p674": 0.0002878964927433148
"p675": 1.8816764231589203E-05
"p676": 0.007795785421147407
"p677": 0.0021601645337864404
"p678": 0.00035187349113071807
"p679": 4.139688130949624E-05
"p680": 0.022053247679422554
"p681": 0.007760033569107389
"p682": 0.0014300740816007799
"p683": 9.4083821157946E-05
"p684": 0.050632149194360244
"p685": 0.02089978003202614
"p686": 0.004894240376636353
"p687": 0.0005249877220613389
"p688": 0.0009859984457352743
"p689": 0.0002784881106275202
"p690": 2.2580117077907045E-05
"p691": 0
"p692": 0.0014884060507187062
