"p630": 0
"p631": 0
"p632": 0.00021639278866327584
"p633": 3.9515204886337324E-05
"p634": 0
"p635": 0
"p636": 3.010682277054273E-05
"p637": 1.8816764231589204E-06
"p638": 0
"p639": 0
"p640": 0.023978202660314123
"p641": 0.010132827538710787
"p642": 0.0025402631712645425
"p643": 0.0003104766098212219
"p644": 0.00012607232035164768
"p645": 1.1290058538953523E-05
"p646": 0
"p647": 0
"p648": 0.016536172406720596
"p649": 0.006177543697230735
"p650": 0.0013491619954049462
"p651": 0.00013924405531376012
"p652": 0.020771826035251326
"p653": 0.0065519973054393625
"p654": 0.0011798111173206434
"p655": 0.00010349220327374063
"p656": 0.03960176200180265
"p657": 0.018192047659100444
"p658": 0.005093698077491198
"p659": 0.0007978308034193824
"p660": 0.0017800658963083385
"p661": 0.00029730487485910944
"p662": 1.1290058538953523E-05
"p663": 0
"p664": 0.034493010512926185
"p665": 0.014187840230618266
"p666": 0.0034792197064208437
"p667": 0.0003725719317854663
"p668": 0.04371134330998172
"p669": 0.015235933998317783
"p670": 0.0028112245761994278
"p671": 0.00020133937727800447
"p672": 0.013536780188205274
"p673": 0.005131331605954377
"p674": 0.0010970173547016507
"p675": 4.327855773265517E-05
"p676": 0
"p677": 0
"p678": 0
"p679": 0
"p680": 0.0070337064697680455
"p681": 0.0023934924102581466
"p682": 0.00043466725374971055
"p683": 1.1290058538953523E-05
"p684": 0.0063054976940055425
"p685": 0.0017405506914220015
"p686": 0.0002427362585875007
"p687": 1.3171734962112442E-05
"p688": 0.028206329583152216
"p689": 0.00957396964103259
"p690": 0.0016728103401882806
"p691": 0.00010537387969689956
"p692": 0.00015241579027587256
