"p630": 0
"p631": 0
"p632": 0.000952128270118414
"p633": 0.0001279539967748066
"p634": 1.1290058538953523E-05
"p635": 0
"p636": 8.467543904215141E-05
"p637": 1.3171734962112442E-05
"p638": 0
"p639": 0
"p640": 0.0025590799354961316
"p641": 0.0005362777806002922
"p642": 6.397699838740328E-05
"p643": 3.76335284631784E-06
"p644": 0
"p645": 0
"p646": 0
"p647": 0
"p648": 0.004365489301728696
"p649": 0.0011986278815522323
"p650": 0.0002051027301243223
"p651": 4.516023415581409E-05
"p652": 0.0006153081903729669
"p653": 0.0001486524374295547
"p654": 1.8816764231589203E-05
"p655": 0
"p656": 0
"p657": 0
"p658": 0
"p659": 0
"p660": 0
"p661": 0
"p662": 0
"p663": 0
"p664": 0.0004158504895181214
"p665": 8.843879188846926E-05
"p666": 5.645029269476761E-06
"p667": 0
"p668": 1.8816764231589203E-05
"p669": 0
"p670": 0
"p671": 0
"p672": 0.00676274506483316
"p673": 0.001977641920740025
"p674": 0.0003349384033222878
"p675": 4.139688130949624E-05
"p676": 0.001083845619739538
"p677": 0.00018816764231589206
"p678": 1.6935087808430286E-05
"p679": 0
"p680": 0.0456457066729891
"p681": 0.018487470857536395
"p682": 0.004433229652962417
"p683": 0.00046477407652025334
"p684": 0.027278663106534873
"p685": 0.00972638543130846
"p686": 0.0018722680410431256
"p687": 0.00015994249596850823
"p688": 0.001422547375908144
"p689": 0.0003368200797454468
"p690": 4.704191057897301E-05
"p691": 1.1290058538953523E-05
"p692": 3.3870175616860565E-05
