"p630": 0
"p631": 0
"p632": 5.645029269476761E-06
"p633": 0
"p634": 0
"p635": 0
"p636": 0
"p637": 0
"p638": 0
"p639": 0
"p640": 0.00045724737082761767
"p641": 9.03204683116282E-05
"p642": 9.408382115794602E-06
"p643": 0
"p644": 0.0029090717502036913
"p645": 0.0007714873334951573
"p646": 0.00011666393823585305
"p647": 2.2580117077907045E-05
"p648": 6.021364554108545E-05
"p649": 1.8816764231589203E-05
"p650": 3.7633528463178407E-06
"p651": 0
"p652": 0.0015373296377208378
"p653": 0.0004534840179812998
"p654": 6.209532196424438E-05
"p655": 1.8816764231589204E-06
"p656": 1.6935087808430286E-05
"p657": 0
"p658": 0
"p659": 0
"p660": 0.0002747247577812024
"p661": 5.456861627160869E-05
"p662": 5.645029269476761E-06
"p663": 0
"p664": 0
"p665": 0
"p666": 0
"p667": 0
"p668": 0
"p669": 0
"p670": 0
"p671": 0
"p672": 0.006856828885991106
"p673": 0.0025101563484939996
"p674": 0.0004158504895181214
"p675": 2.4461793501065966E-05
"p676": 0.019426427392692697
"p677": 0.007172950525081807
"p678": 0.0015260395791818846
"p679": 0.0001486524374295547
"p680": 0.0015994249596850824
"p681": 0.0004948808992907961
"p682": 5.080526342529084E-05
"p683": 0
"p684": 0.009999228512666504
"p685": 0.0031442813030985554
"p686": 0.00042149551878759825
"p687": 2.2580117077907045E-05
"p688": 0.0022260232085970027
"p689": 0.0006623501009519399
"p690": 0.00012230896750532982
"p691": 1.3171734962112444E-05
"p692": 0.009425317203603033
