"p630": 0
"p631": 0
"p632": 0.009573969641032588
"p633": 0.0027641826656204533
"p634": 0.0004553656944044587
"p635": 1.5053411385271363E-05
"p636": 0.0014281924051776202
"p637": 0.00037069025536230727
"p638": 4.5160234155814084E-05
"p639": 0
"p640": 0.002628701963153012
"p641": 0.0005814380147561064
"p642": 6.021364554108544E-05
"p643": 3.76335284631784E-06
"p644": 0
"p645": 0
"p646": 0
"p647": 0
"p648": 0.0069772561770732764
"p649": 0.0020736074183211302
"p650": 0.00031235828624438073
"p651": 1.5053411385271363E-05
"p652": 0.0012324980571690929
"p653": 0.00025967134639593104
"p654": 3.387017561686057E-05
"p655": 0
"p656": 0
"p657": 0
"p658": 0
"p659": 0
"p660": 0
"p661": 0
"p662": 0
"p663": 0
"p664": 0.0006416516602971918
"p665": 0.00014300740816007796
"p666": 1.1290058538953523E-05
"p667": 0
"p668": 3.0106822770542726E-05
"p669": 0
"p670": 0
"p671": 0
"p672": 0.007351709785281903
"p673": 0.002146992798824328
"p674": 0.0003518734911307181
"p675": 4.139688130949624E-05
"p676": 0.000874979536768898
"p677": 0.000165587525237985
"p678": 1.6935087808430286E-05
"p679": 0
"p680": 0.05220334900769796
"p681": 0.02035597554573321
"p682": 0.0045781187375456564
"p683": 0.0004741824586360481
"p684": 0.02806332217499214
"p685": 0.009891972956546445
"p686": 0.0022072064443654136
"p687": 0.00029730487485910944
"p688": 0.0016521118995335322
"p689": 0.00045912904725077655
"p690": 6.962202765688005E-05
"p691": 1.1290058538953523E-05
"p692": 3.3870175616860565E-05
