"p630": 0
"p631": 0
"p632": 0.0010311586798910882
"p633": 0.0002220378179327526
"p634": 1.1290058538953523E-05
"p635": 0
"p636": 1.8816764231589204E-06
"p637": 0
"p638": 0
"p639": 0
"p640": 0.007537995751174635
"p641": 0.0023201070297549486
"p642": 0.00042902222448023387
"p643": 6.021364554108545E-05
"p644": 0.0012569598506701589
"p645": 0.00027472475778120243
"p646": 2.2580117077907045E-05
"p647": 0
"p648": 0.05876287301882995
"p649": 0.025937027816822576
"p650": 0.006999836294151187
"p651": 0.0010198686213521357
"p652": 0.029792582807875185
"p653": 0.010783887581123773
"p654": 0.002271183442752817
"p655": 0.0002013393772780045
"p656": 0.0008749795367688977
"p657": 0.0001185456146590119
"p658": 0
"p659": 0
"p660": 0
"p661": 0
"p662": 0
"p663": 0
"p664": 0.0013905588767144422
"p665": 0.00023332787647170614
"p666": 1.1290058538953523E-05
"p667": 0
"p668": 6.39769983874033E-05
"p669": 7.5267056926356815E-06
"p670": 0
"p671": 0
"p672": 0.0033700824738776263
"p673": 0.0010104602392363403
"p674": 0.00022015614150959365
"p675": 3.3870175616860565E-05
"p676": 3.387017561686057E-05
"p677": 0
"p678": 0
"p679": 0
"p680": 0.04564570667298912
"p681": 0.0184874708575364
"p682": 0.004433229652962419
"p683": 0.00046477407652025345
"p684": 0.015290502614589387
"p685": 0.004719244469282572
"p686": 0.0007827773920341109
"p687": 6.021364554108546E-05
"p688": 0.006939622648610097
"p689": 0.0021996797386727783
"p690": 0.0004158504895181214
"p691": 4.1396881309496255E-05
"p692": 6.774035123372114E-05
