"p630": 5.645029269476761E-06
"p631": 0
"p632": 0.00046853742936657115
"p633": 3.387017561686057E-05
"p634": 0
"p635": 0
"p636": 0.00013548070246744226
"p637": 5.645029269476761E-06
"p638": 0
"p639": 0
"p640": 0.0024066641452202596
"p641": 0.0007376171578782968
"p642": 0.00010725555612005847
"p643": 0
"p644": 0.008572917783912042
"p645": 0.003202613272216483
"p646": 0.000634124954604556
"p647": 3.575185204001949E-05
"p648": 0.00029354152201279153
"p649": 6.209532196424436E-05
"p650": 5.645029269476761E-06
"p651": 0
"p652": 0.0011290058538953522
"p653": 0.0002671980520885667
"p654": 1.6935087808430286E-05
"p655": 0
"p656": 0.0033813725324165797
"p657": 0.0009032046831162818
"p658": 0.00014112573173691902
"p659": 2.2580117077907045E-05
"p660": 0.010507281146919413
"p661": 0.00306713256974904
"p662": 0.0005569762212550404
"p663": 8.279376261899248E-05
"p664": 0.0006209532196424437
"p665": 0.00020133937727800447
"p666": 5.645029269476761E-05
"p667": 1.1290058538953523E-05
"p668": 0.005330789306809221
"p669": 0.0017123255450746176
"p670": 0.0003217666683601754
"p671": 1.8816764231589203E-05
"p672": 0.019870503028558206
"p673": 0.007586919338176767
"p674": 0.0016728103401882806
"p675": 0.00019945770085484557
"p676": 0.03921413665863193
"p677": 0.01582678039518969
"p678": 0.0036353988495430355
"p679": 0.0003706902553623073
"p680": 0.00864630316441524
"p681": 0.00275477428350466
"p682": 0.00045536569440445874
"p683": 1.88167642315892E-05
"p684": 0.013779516446792778
"p685": 0.003776524581279954
"p686": 0.0005193426927918622
"p687": 2.8225146347383815E-05
"p688": 0.0343405947226503
"p689": 0.013835966739487542
"p690": 0.003212021654332277
"p691": 0.0003725719317854663
"p692": 0.06524712997303558
