"p630": 0.00014677076100639576
"p631": 0
"p632": 0.00038950701959389653
"p633": 6.774035123372113E-05
"p634": 1.1290058538953521E-05
"p635": 0
"p636": 0.0003424651090149235
"p637": 6.397699838740328E-05
"p638": 1.1290058538953521E-05
"p639": 0
"p640": 0.006627264362365717
"p641": 0.0025590799354961316
"p642": 0.0005550945448318816
"p643": 7.150370408003898E-05
"p644": 0.014394824637165746
"p645": 0.006034536289070659
"p646": 0.0012908300262870194
"p647": 9.596549758110492E-05
"p648": 0.002600476816805628
"p649": 0.0008862695953078515
"p650": 0.0001298356731979655
"p651": 1.317173496211244E-05
"p652": 0.00758315598533045
"p653": 0.0023727939696033995
"p654": 0.0003594001968233539
"p655": 2.2580117077907045E-05
"p656": 0.017806303992352862
"p657": 0.0068982257673006015
"p658": 0.0015655547840682218
"p659": 0.000212629435816958
"p660": 0.03164603408468674
"p661": 0.013301570635310412
"p662": 0.003289170387681794
"p663": 0.0003876253431707377
"p664": 0.008917264569350124
"p665": 0.002862029839624718
"p666": 0.00039327037244021434
"p667": 1.505341138527136E-05
"p668": 0.022431464640477503
"p669": 0.0072858511104713424
"p670": 0.001123360824625876
"p671": 7.338538050319788E-05
"p672": 0.0019023748638136682
"p673": 0.0006510600424129864
"p674": 0.00012607232035164766
"p675": 1.8816764231589204E-06
"p676": 0.006192597108616008
"p677": 0.0023332787647170616
"p678": 0.00041773216594128033
"p679": 1.1290058538953523E-05
"p680": 0.00045348401798129986
"p681": 0.00012795399677480656
"p682": 2.0698440654748124E-05
"p683": 1.8816764231589204E-06
"p684": 0.0010706738847774259
"p685": 0.0002389729057411829
"p686": 3.387017561686057E-05
"p687": 1.8816764231589204E-06
"p688": 0.004510378386311931
"p689": 0.0012607232035164765
"p690": 0.00015994249596850825
"p691": 5.645029269476761E-06
"p692": 0.01486336206653231
