"p630": 0
"p631": 0
"p632": 0.0005757929854866297
"p633": 6.021364554108545E-05
"p634": 5.645029269476761E-06
"p635": 0
"p636": 0.00013359902604428333
"p637": 1.3171734962112442E-05
"p638": 0
"p639": 0
"p640": 0.0029523503079363464
"p641": 0.0007978308034193823
"p642": 0.00012607232035164768
"p643": 2.2580117077907045E-05
"p644": 0.0006322432781813973
"p645": 6.774035123372113E-05
"p646": 0
"p647": 0
"p648": 0.0012306163807459338
"p649": 0.0003838619903244197
"p650": 7.903040977267468E-05
"p651": 2.2580117077907045E-05
"p652": 0.0033512657096460372
"p653": 0.001044330414853201
"p654": 0.00015994249596850823
"p655": 3.7633528463178407E-06
"p656": 0.0004064421074023268
"p657": 8.843879188846926E-05
"p658": 5.645029269476761E-06
"p659": 0
"p660": 0
"p661": 0
"p662": 0
"p663": 0
"p664": 9.408382115794602E-06
"p665": 0
"p666": 0
"p667": 0
"p668": 1.8816764231589203E-05
"p669": 0
"p670": 0
"p671": 0
"p672": 0.03178527814000049
"p673": 0.014071176292382406
"p674": 0.0036937308186609603
"p675": 0.0004290222244802338
"p676": 0.0011064257368174452
"p677": 0.00017123255450746173
"p678": 5.645029269476761E-06
"p679": 0
"p680": 0.015469261874789485
"p681": 0.005319499248270269
"p682": 0.0007620789513793628
"p683": 3.575185204001949E-05
"p684": 0.035953191417297505
"p685": 0.012654273945743741
"p686": 0.002054790654089541
"p687": 0.00014488908458323686
"p688": 0.013011792466143935
"p689": 0.004719244469282572
"p690": 0.0009991701806973867
"p691": 7.526705692635681E-05
"p692": 4.516023415581409E-05
