"p630": 5.645029269476761E-06
"p631": 0
"p632": 0.018207101070485718
"p633": 0.007656541365833648
"p634": 0.0017198522507672531
"p635": 0.00016182417239166716
"p636": 0.014709064599833283
"p637": 0.005697716209325211
"p638": 0.0010744372376237435
"p639": 6.209532196424438E-05
"p640": 0.00025402631712645424
"p641": 7.526705692635681E-05
"p642": 1.3171734962112444E-05
"p643": 0
"p644": 0
"p645": 0
"p646": 0
"p647": 0
"p648": 1.8816764231589203E-05
"p649": 1.8816764231589204E-06
"p650": 0
"p651": 0
"p652": 8.467543904215143E-05
"p653": 3.575185204001949E-05
"p654": 0
"p655": 0
"p656": 0.0008768612131920569
"p657": 0.00020322105370116343
"p658": 2.2580117077907045E-05
"p659": 0
"p660": 0.00012419064392848875
"p661": 0
"p662": 0
"p663": 0
"p664": 0.00023520955289486501
"p665": 3.9515204886337324E-05
"p666": 0
"p667": 0
"p668": 0.0006510600424129864
"p669": 0.0001825226130464153
"p670": 2.4461793501065963E-05
"p671": 0
"p672": 0.0018101727190788812
"p673": 0.0005889647204487421
"p674": 0.00010725555612005845
"p675": 1.8816764231589204E-06
"p676": 5.645029269476761E-06
"p677": 0
"p678": 0
"p679": 0
"p680": 0.000378216961054943
"p681": 0.00012230896750532982
"p682": 2.2580117077907045E-05
"p683": 0
"p684": 0.0007018653058382773
"p685": 0.0002088660829706401
"p686": 3.0106822770542726E-05
"p687": 1.8816764231589204E-06
"p688": 0.006894462414454286
"p689": 0.002385965704565511
"p690": 0.00043090390090339274
"p691": 1.8816764231589203E-05
"p692": 0.0001975760244316866
