"p630": 0
"p631": 0
"p632": 0.00221285147363489
"p633": 0.0005306327513308156
"p634": 7.150370408003898E-05
"p635": 1.1290058538953523E-05
"p636": 0.0009408382115794603
"p637": 0.00020886608297064017
"p638": 1.3171734962112442E-05
"p639": 0
"p640": 0.0015975432832619233
"p641": 0.0004760641350592069
"p642": 8.467543904215139E-05
"p643": 5.645029269476761E-06
"p644": 0
"p645": 0
"p646": 0
"p647": 0
"p648": 0.0002747247577812023
"p649": 3.387017561686057E-05
"p650": 0
"p651": 0
"p652": 0.0005005259285602728
"p653": 0.00012419064392848873
"p654": 1.6935087808430286E-05
"p655": 0
"p656": 0.003849909961783151
"p657": 0.0010443304148532008
"p658": 0.00014112573173691902
"p659": 7.5267056926356815E-06
"p660": 0.0003161216390906986
"p661": 5.080526342529086E-05
"p662": 0
"p663": 0
"p664": 0.0010085785628131813
"p665": 0.00022768284720222934
"p666": 2.4461793501065966E-05
"p667": 0
"p668": 0.0025891867582666745
"p669": 0.0006905752472993237
"p670": 9.784717400426385E-05
"p671": 1.3171734962112444E-05
"p672": 0.007291496139740817
"p673": 0.0026588087859235545
"p674": 0.0005325144277539746
"p675": 6.021364554108545E-05
"p676": 3.7633528463178407E-05
"p677": 5.645029269476761E-06
"p678": 0
"p679": 0
"p680": 0.0025741333468814027
"p681": 0.0008712161839225801
"p682": 0.00017687758377693853
"p683": 1.5053411385271365E-05
"p684": 0.004051249339061155
"p685": 0.001226853027899616
"p686": 0.00019757602443168663
"p687": 3.7633528463178407E-05
"p688": 0.018609779825041722
"p689": 0.0072350458470460495
"p690": 0.0015467380198366323
"p691": 0.00017499590735377962
"p692": 0.0004854725171750014
