"p630": 0.003025735688439544
"p631": 0.000353755167553877
"p632": 0.005893410557333738
"p633": 0.002316343676908631
"p634": 0.00041773216594128033
"p635": 1.1290058538953523E-05
"p636": 0.007018653058382775
"p637": 0.0027434842249657054
"p638": 0.0004817091643286836
"p639": 1.8816764231589207E-05
"p640": 1.8816764231589207E-05
"p641": 1.8816764231589204E-06
"p642": 0
"p643": 0
"p644": 0.0002709614049348845
"p645": 7.714873334951573E-05
"p646": 1.3171734962112444E-05
"p647": 0
"p648": 1.8816764231589204E-06
"p649": 0
"p650": 0
"p651": 0
"p652": 7.526705692635681E-05
"p653": 3.387017561686057E-05
"p654": 0
"p655": 0
"p656": 0.0001768775837769385
"p657": 2.8225146347383808E-05
"p658": 0
"p659": 0
"p660": 0.0011252425010490343
"p661": 0.00022203781793275258
"p662": 2.2580117077907045E-05
"p663": 0
"p664": 1.1290058538953523E-05
"p665": 0
"p666": 0
"p667": 0
"p668": 0.0005833196911792653
"p669": 0.0001749959073537796
"p670": 2.4461793501065963E-05
"p671": 0
"p672": 0.0004421939594423463
"p673": 0.00014300740816007793
"p674": 2.6343469924224887E-05
"p675": 1.8816764231589204E-06
"p676": 0.0021018325646685143
"p677": 0.0006811668651835292
"p678": 0.00012983567319796552
"p679": 1.8816764231589204E-06
"p680": 5.6450292694767617E-05
"p681": 2.2580117077907045E-05
"p682": 0
"p683": 0
"p684": 0.0004271405480570749
"p685": 0.00011290058538953522
"p686": 5.645029269476761E-06
"p687": 0
"p688": 0.002711495725772004
"p689": 0.0008542810961141499
"p690": 0.00012419064392848875
"p691": 1.3171734962112444E-05
"p692": 0.008044166709004387
