"p630": 0
"p631": 0
"p632": 0.0005381594570234513
"p633": 9.4083821157946E-05
"p634": 5.645029269476761E-06
"p635": 0
"p636": 0.0005362777806002922
"p637": 0.0001279539967748066
"p638": 5.645029269476761E-06
"p639": 0
"p640": 0.00739122499016824
"p641": 0.0027698276948899306
"p642": 0.000566384603370835
"p643": 3.575185204001949E-05
"p644": 0.008490124021293049
"p645": 0.002510156348494
"p646": 0.0004403122830191874
"p647": 6.021364554108545E-05
"p648": 0.03208446469128276
"p649": 0.013098349581609253
"p650": 0.003119819509597491
"p651": 0.00033117505047597004
"p652": 0.054158410811360067
"p653": 0.023460741643945425
"p654": 0.0061700169915381
"p655": 0.0008862695953078517
"p656": 0
"p657": 0
"p658": 0
"p659": 0
"p660": 0.0008749795367688977
"p661": 0.0001185456146590119
"p662": 0
"p663": 0
"p664": 0.00012607232035164766
"p665": 1.1290058538953523E-05
"p666": 0
"p667": 0
"p668": 0.0013284635547501978
"p669": 0.00022956452362538827
"p670": 1.1290058538953523E-05
"p671": 0
"p672": 0.0022561300313675456
"p673": 0.0007131553643772308
"p674": 9.784717400426384E-05
"p675": 0
"p676": 0.0033926625909555335
"p677": 0.0010104602392363403
"p678": 0.00022015614150959365
"p679": 3.3870175616860565E-05
"p680": 0.02171830927610027
"p681": 0.007842827331726383
"p682": 0.0016050699889545595
"p683": 0.00014865243742955472
"p684": 0.04060093218250004
"p685": 0.01604881821312244
"p686": 0.0037595894934715243
"p687": 0.0003895070195938966
"p688": 0.0025778966997277207
"p689": 0.0006999836294151183
"p690": 8.467543904215141E-05
"p691": 0
"p692": 0.006984782882765911
