"p630": 0.002035973889857952
"p631": 0.00019004931873905096
"p632": 0.004666557529434124
"p633": 0.00132470020190388
"p634": 0.00018064093662325636
"p635": 9.408382115794602E-06
"p636": 0.0032044949486396417
"p637": 0.0010443304148532008
"p638": 0.00010537387969689954
"p639": 5.645029269476761E-06
"p640": 0.00040079707813285
"p641": 6.39769983874033E-05
"p642": 0
"p643": 0
"p644": 0.0018289894833104707
"p645": 0.00044031228301918745
"p646": 5.268693984844977E-05
"p647": 0
"p648": 1.8816764231589203E-05
"p649": 0
"p650": 0
"p651": 0
"p652": 0.0012419064392848874
"p653": 0.0003838619903244198
"p654": 6.585867481056221E-05
"p655": 0
"p656": 0
"p657": 0
"p658": 0
"p659": 0
"p660": 0.00011666393823585305
"p661": 2.8225146347383805E-05
"p662": 0
"p663": 0
"p664": 0
"p665": 0
"p666": 0
"p667": 0
"p668": 0
"p669": 0
"p670": 0
"p671": 0
"p672": 0.008614314665221537
"p673": 0.0028563848103552412
"p674": 0.00043466725374971055
"p675": 2.2580117077907042E-05
"p676": 0.01665848137422593
"p677": 0.006781561829064751
"p678": 0.0014695892864871175
"p679": 5.080526342529084E-05
"p680": 0.0034773380299976844
"p681": 0.0012795399677480656
"p682": 4.7041910578973015E-05
"p683": 1.8816764231589204E-06
"p684": 0.01172096243985692
"p685": 0.0036730323780062146
"p686": 0.00016746920166114398
"p687": 1.8816764231589204E-06
"p688": 0.001797000984116769
"p689": 0.00044972066513498195
"p690": 6.962202765688005E-05
"p691": 0
"p692": 0.004937518934369008
