"p630": 0
"p631": 0
"p632": 0.0008655711546531033
"p633": 0.00018252261304641527
"p634": 3.7633528463178407E-06
"p635": 0
"p636": 0.0015034594621039772
"p637": 0.0003800986374781019
"p638": 2.6343469924224884E-05
"p639": 0
"p640": 0.0002653163756654078
"p641": 6.209532196424436E-05
"p642": 5.645029269476761E-06
"p643": 0
"p644": 0.0010386853855837241
"p645": 0.00022768284720222934
"p646": 1.8816764231589207E-05
"p647": 0
"p648": 0.002592950111112992
"p649": 0.000972826710773162
"p650": 0.00018064093662325636
"p651": 3.7633528463178407E-05
"p652": 0.008542810961141501
"p653": 0.003176269802292257
"p654": 0.0006529417188361455
"p655": 7.150370408003898E-05
"p656": 0.0018045276898094047
"p657": 0.0004986442521371138
"p658": 8.46754390421514E-05
"p659": 5.645029269476761E-06
"p660": 0.004674084235126759
"p661": 0.0012230896750532983
"p662": 0.00015241579027587256
"p663": 7.5267056926356815E-06
"p664": 0.009082852094588112
"p665": 0.003313632181182859
"p666": 0.0006755218359140525
"p667": 7.33853805031979E-05
"p668": 0.023315852559362193
"p669": 0.009096023829550224
"p670": 0.0019531801272389595
"p671": 0.0002182744650864348
"p672": 3.0106822770542726E-05
"p673": 5.645029269476761E-06
"p674": 0
"p675": 0
"p676": 0.0001749959073537796
"p677": 2.2580117077907045E-05
"p678": 5.645029269476761E-06
"p679": 0
"p680": 0.0004572473708276176
"p681": 0.00014488908458323683
"p682": 2.6343469924224887E-05
"p683": 1.8816764231589204E-06
"p684": 0.0026399920216919654
"p685": 0.0007903040977267468
"p686": 0.00012230896750532982
"p687": 1.8816764231589204E-06
"p688": 0.000329293374052811
"p689": 9.596549758110495E-05
"p690": 1.6935087808430286E-05
"p691": 0
"p692": 0.0019701152150473893
