"p630": 0
"p631": 0
"p632": 0.002692678961540415
"p633": 0.0009859984457352745
"p634": 3.0106822770542726E-05
"p635": 0
"p636": 0.0023633855874876045
"p637": 0.0006378883074508741
"p638": 6.585867481056222E-05
"p639": 0
"p640": 0.0003274116976296521
"p641": 9.972885042742277E-05
"p642": 1.6935087808430282E-05
"p643": 1.8816764231589204E-06
"p644": 0
"p645": 0
"p646": 0
"p647": 0
"p648": 8.655711546531032E-05
"p649": 2.4461793501065963E-05
"p650": 3.7633528463178407E-06
"p651": 0
"p652": 9.972885042742276E-05
"p653": 4.704191057897301E-05
"p654": 1.6935087808430286E-05
"p655": 1.8816764231589204E-06
"p656": 0.0013886772002912832
"p657": 0.00039138869601705546
"p658": 2.6343469924224884E-05
"p659": 1.8816764231589204E-06
"p660": 2.8225146347383805E-05
"p661": 5.645029269476761E-06
"p662": 0
"p663": 0
"p664": 0.0004083237838254857
"p665": 9.22021447347871E-05
"p666": 5.645029269476761E-06
"p667": 0
"p668": 0.000777132362764634
"p669": 0.00018816764231589203
"p670": 2.8225146347383805E-05
"p671": 1.8816764231589204E-06
"p672": 6.962202765688006E-05
"p673": 1.6935087808430282E-05
"p674": 3.7633528463178407E-06
"p675": 0
"p676": 0
"p677": 0
"p678": 0
"p679": 0
"p680": 5.645029269476761E-06
"p681": 1.8816764231589204E-06
"p682": 1.8816764231589204E-06
"p683": 1.8816764231589204E-06
"p684": 7.5267056926356815E-06
"p685": 7.5267056926356815E-06
"p686": 3.7633528463178407E-06
"p687": 1.8816764231589204E-06
"p688": 0.0004553656944044587
"p689": 8.091208619583358E-05
"p690": 1.1290058538953523E-05
"p691": 0
"p692": 5.645029269476761E-06
