"p630": 0.0011497042945501005
"p631": 4.139688130949624E-05
"p632": 0.0018421612182725829
"p633": 0.0007188003936467076
"p634": 9.784717400426387E-05
"p635": 0
"p636": 0.0026211752574603763
"p637": 0.0009803534164657974
"p638": 0.0001561791431221904
"p639": 0
"p640": 1.8816764231589204E-06
"p641": 0
"p642": 0
"p643": 0
"p644": 8.27937626189925E-05
"p645": 1.8816764231589203E-05
"p646": 1.8816764231589204E-06
"p647": 0
"p648": 0
"p649": 0
"p650": 0
"p651": 0
"p652": 5.645029269476761E-06
"p653": 5.645029269476761E-06
"p654": 5.645029269476761E-06
"p655": 0
"p656": 1.5053411385271363E-05
"p657": 1.8816764231589204E-06
"p658": 0
"p659": 0
"p660": 0.00021074775939379907
"p661": 3.387017561686057E-05
"p662": 0
"p663": 0
"p664": 0
"p665": 0
"p666": 0
"p667": 0
"p668": 7.150370408003896E-05
"p669": 9.408382115794602E-06
"p670": 3.7633528463178407E-06
"p671": 3.7633528463178407E-06
"p672": 6.962202765688005E-05
"p673": 3.575185204001949E-05
"p674": 9.408382115794602E-06
"p675": 1.8816764231589204E-06
"p676": 0.00044219395944234633
"p677": 0.00012607232035164766
"p678": 2.0698440654748124E-05
"p679": 1.8816764231589204E-06
"p680": 7.5267056926356815E-06
"p681": 5.645029269476761E-06
"p682": 1.8816764231589204E-06
"p683": 0
"p684": 4.327855773265517E-05
"p685": 1.3171734962112444E-05
"p686": 5.645029269476761E-06
"p687": 0
"p688": 0.00040644210740232686
"p689": 0.00011666393823585305
"p690": 1.8816764231589203E-05
"p691": 1.8816764231589204E-06
"p692": 0.0018534512768115367
