"p630": 0.0001392440553137601
"p631": 1.8816764231589204E-06
"p632": 0.00024461793501065964
"p633": 4.327855773265517E-05
"p634": 9.408382115794602E-06
"p635": 0
"p636": 0.0009653000050805259
"p637": 0.00027660643420436136
"p638": 3.5751852040019496E-05
"p639": 0
"p640": 6.962202765688005E-05
"p641": 3.575185204001949E-05
"p642": 9.408382115794602E-06
"p643": 1.8816764231589204E-06
"p644": 0.00039703372528653225
"p645": 0.00011666393823585305
"p646": 1.8816764231589203E-05
"p647": 1.8816764231589204E-06
"p648": 7.5267056926356815E-06
"p649": 5.645029269476761E-06
"p650": 1.8816764231589204E-06
"p651": 0
"p652": 4.51602341558141E-05
"p653": 1.5053411385271363E-05
"p654": 7.5267056926356815E-06
"p655": 0
"p656": 0.00039703372528653225
"p657": 0.00011666393823585305
"p658": 1.8816764231589203E-05
"p659": 1.8816764231589204E-06
"p660": 0.0017217339271904122
"p661": 0.0004685374293665712
"p662": 2.8225146347383805E-05
"p663": 1.8816764231589204E-06
"p664": 7.33853805031979E-05
"p665": 1.6935087808430282E-05
"p666": 3.7633528463178407E-06
"p667": 0
"p668": 0.0005005259285602728
"p669": 8.467543904215141E-05
"p670": 9.408382115794602E-06
"p671": 0
"p672": 7.5267056926356815E-06
"p673": 5.645029269476761E-06
"p674": 1.8816764231589204E-06
"p675": 0
"p676": 7.33853805031979E-05
"p677": 1.6935087808430282E-05
"p678": 3.7633528463178407E-06
"p679": 0
"p680": 1.8816764231589204E-06
"p681": 1.8816764231589204E-06
"p682": 1.8816764231589204E-06
"p683": 1.8816764231589204E-06
"p684": 1.8816764231589204E-06
"p685": 1.8816764231589204E-06
"p686": 1.8816764231589204E-06
"p687": 1.8816764231589204E-06
"p688": 4.516023415581409E-05
"p689": 1.5053411385271363E-05
"p690": 7.5267056926356815E-06
"p691": 0
"p692": 0.0005005259285602728
