"p630": 0
"p631": 0
"p632": 0
"p633": 0
"p634": 0
"p635": 0
"p636": 0
"p637": 0
"p638": 0
"p639": 0
"p640": 0.0007357354814551379
"p641": 0.0001674692016611439
"p642": 7.5267056926356815E-06
"p643": 0
"p644": 0.0031311095681364432
"p645": 0.000848636066844673
"p646": 8.467543904215141E-05
"p647": 0
"p648": 0.00013736237889060116
"p649": 4.5160234155814084E-05
"p650": 1.1290058538953521E-05
"p651": 0
"p652": 0.0011440592652806236
"p653": 0.0003217666683601754
"p654": 4.3278557732655166E-05
"p655": 0
"p656": 0
"p657": 0
"p658": 0
"p659": 0
"p660": 0.00047418245863604794
"p661": 3.387017561686057E-05
"p662": 0
"p663": 0
"p664": 0
"p665": 0
"p666": 0
"p667": 0
"p668": 0
"p669": 0
"p670": 0
"p671": 0
"p672": 0.005535892036933544
"p673": 0.0020792524475906067
"p674": 0.00039138869601705546
"p675": 1.1290058538953523E-05
"p676": 0.01745254882479899
"p677": 0.006329959487506609
"p678": 0.0013284635547501982
"p679": 5.080526342529086E-05
"p680": 0.0018779130703126022
"p681": 0.0007300904521856611
"p682": 9.784717400426387E-05
"p683": 0
"p684": 0.004854725171750015
"p685": 0.0016201234003398305
"p686": 0.0002333278764717061
"p687": 0
"p688": 0.002463114437915026
"p689": 0.0008298193026130839
"p690": 9.032046831162818E-05
"p691": 1.8816764231589204E-06
"p692": 0.010778242551854299
