"p630": 0
"p631": 0
"p632": 4.892358700213192E-05
"p633": 0
"p634": 0
"p635": 0
"p636": 0
"p637": 0
"p638": 0
"p639": 0
"p640": 0.00043090390090339274
"p641": 8.843879188846924E-05
"p642": 9.408382115794602E-06
"p643": 0
"p644": 1.6935087808430286E-05
"p645": 0
"p646": 0
"p647": 0
"p648": 0.006239639019194981
"p649": 0.002290000206984406
"p650": 0.00042902222448023387
"p651": 3.0106822770542733E-05
"p652": 0.0024217175566055298
"p653": 0.0007432621871477737
"p654": 0.00013924405531376012
"p655": 1.1290058538953523E-05
"p656": 0.0022636567370601813
"p657": 0.0006247165724887616
"p658": 9.408382115794602E-05
"p659": 2.2580117077907045E-05
"p660": 0.0003368200797454468
"p661": 6.209532196424438E-05
"p662": 5.645029269476761E-06
"p663": 0
"p664": 0.01617677220989724
"p665": 0.006542588923323566
"p666": 0.0015222762263355665
"p667": 0.00013548070246744226
"p668": 0.00885516924738588
"p669": 0.0033117505047596998
"p670": 0.0006548233952593044
"p671": 5.64502926947676E-05
"p672": 4.8923587002131926E-05
"p673": 1.8816764231589203E-05
"p674": 3.7633528463178407E-06
"p675": 0
"p676": 0
"p677": 0
"p678": 0
"p679": 0
"p680": 0.0019343633630073697
"p681": 0.0007037469822614361
"p682": 5.8331969117926534E-05
"p683": 0
"p684": 0.0005325144277539746
"p685": 0.00017123255450746173
"p686": 1.5053411385271365E-05
"p687": 0
"p688": 0.0014808793450260703
"p689": 0.00042902222448023376
"p690": 6.209532196424438E-05
"p691": 5.645029269476761E-06
"p692": 0
