"p630": 8.279376261899248E-05
"p631": 1.8816764231589204E-06
"p632": 0.007714873334951575
"p633": 0.0021676912394790766
"p634": 0.0002653163756654078
"p635": 1.1290058538953523E-05
"p636": 0.01940196559919163
"p637": 0.0066780696257910084
"p638": 0.0008693345074994212
"p639": 5.8331969117926534E-05
"p640": 8.091208619583357E-05
"p641": 1.1290058538953523E-05
"p642": 0
"p643": 0
"p644": 7.714873334951574E-05
"p645": 5.645029269476761E-06
"p646": 0
"p647": 0
"p648": 0.00059272807329506
"p649": 0.00018064093662325636
"p650": 3.198849919370165E-05
"p651": 1.8816764231589204E-06
"p652": 0.0016841003987272335
"p653": 0.0005833196911792653
"p654": 8.467543904215141E-05
"p655": 1.8816764231589204E-06
"p656": 0.0008354643318825605
"p657": 0.0003198849919370164
"p658": 3.7633528463178407E-06
"p659": 0
"p660": 0.0011007807075479683
"p661": 0.0002803697870506791
"p662": 1.5053411385271363E-05
"p663": 0
"p664": 0.002922243485165804
"p665": 0.0009257848001941889
"p666": 0.00013548070246744226
"p667": 9.408382115794602E-06
"p668": 0.007458965341401959
"p669": 0.0027491292542351827
"p670": 0.00043466725374971055
"p671": 1.1290058538953523E-05
"p672": 5.645029269476761E-06
"p673": 0
"p674": 0
"p675": 0
"p676": 9.408382115794602E-06
"p677": 0
"p678": 0
"p679": 0
"p680": 5.268693984844977E-05
"p681": 2.2580117077907045E-05
"p682": 3.7633528463178407E-06
"p683": 0
"p684": 0.0002559079935496132
"p685": 7.150370408003898E-05
"p686": 5.645029269476761E-06
"p687": 0
"p688": 3.575185204001949E-05
"p689": 5.645029269476761E-06
"p690": 5.645029269476761E-06
"p691": 0
"p692": 0.00042902222448023387
