"p630": 0
"p631": 0
"p632": 7.5267056926356815E-06
"p633": 0
"p634": 0
"p635": 0
"p636": 0
"p637": 0
"p638": 0
"p639": 0
"p640": 0.0009653000050805264
"p641": 0.00020322105370116337
"p642": 1.8816764231589203E-05
"p643": 0
"p644": 2.8225146347383808E-05
"p645": 0
"p646": 0
"p647": 0
"p648": 0.018146887424944632
"p649": 0.0066122109509804475
"p650": 0.0012720132620554305
"p651": 9.408382115794606E-05
"p652": 0.005658201004438873
"p653": 0.001582489871876652
"p654": 0.00025590799354961323
"p655": 1.8816764231589203E-05
"p656": 0.0041716766301433264
"p657": 0.0011214791482027165
"p658": 0.00019381267158536883
"p659": 4.516023415581409E-05
"p660": 0.0004064421074023268
"p661": 8.843879188846926E-05
"p662": 5.645029269476761E-06
"p663": 0
"p664": 0.03745476920297833
"p665": 0.01633859638228891
"p666": 0.00415097818948858
"p667": 0.0004628924000970946
"p668": 0.015121151736505085
"p669": 0.005502021861316684
"p670": 0.0011704027352048487
"p671": 9.22021447347871E-05
"p672": 0.00010725555612005845
"p673": 4.516023415581409E-05
"p674": 7.5267056926356815E-06
"p675": 0
"p676": 0
"p677": 0
"p678": 0
"p679": 0
"p680": 0.00684930218029847
"p681": 0.0022655384134833405
"p682": 0.00020510273012432239
"p683": 1.8816764231589204E-06
"p684": 0.001584371548299811
"p685": 0.000427140548057075
"p686": 3.010682277054273E-05
"p687": 0
"p688": 0.002916598455896326
"p689": 0.0009239031237710299
"p690": 0.00014488908458323686
"p691": 3.7633528463178407E-06
"p692": 0
