"p630": 0
"p631": 0
"p632": 0
"p633": 0
"p634": 0
"p635": 0
"p636": 0
"p637": 0
"p638": 0
"p639": 0
"p640": 0
"p641": 0
"p642": 0
"p643": 0
"p644": 4.704191057897301E-05
"p645": 1.8816764231589204E-06
"p646": 0
"p647": 0
"p648": 0.0006623501009519399
"p649": 0.00016935087808430283
"p650": 1.8816764231589204E-06
"p651": 0
"p652": 0.002984338807130047
"p653": 0.000920139770924712
"p654": 4.139688130949625E-05
"p655": 1.8816764231589204E-06
"p656": 0.00012983567319796552
"p657": 0
"p658": 0
"p659": 0
"p660": 0.001273894938478589
"p661": 0.000165587525237985
"p662": 9.408382115794602E-06
"p663": 0
"p664": 0.0007733690099183163
"p665": 0.00017499590735377957
"p666": 7.5267056926356815E-06
"p667": 0
"p668": 0.00332868559256813
"p669": 0.0008806245660383746
"p670": 8.467543904215141E-05
"p671": 0
"p672": 5.456861627160869E-05
"p673": 3.7633528463178407E-06
"p674": 0
"p675": 0
"p676": 0.00039703372528653215
"p677": 6.39769983874033E-05
"p678": 0
"p679": 0
"p680": 0.0026588087859235545
"p681": 0.0007790140391877932
"p682": 0.00012230896750532982
"p683": 1.8816764231589204E-06
"p684": 0.00953821778899257
"p685": 0.0029956288656690015
"p686": 0.00041773216594128033
"p687": 2.0698440654748134E-05
"p688": 0.0005325144277539744
"p689": 0.0001674692016611439
"p690": 3.198849919370165E-05
"p691": 0
"p692": 0.0016972721336893462
