"p630": 0
"p631": 0
"p632": 0.0004102054602486447
"p633": 0.00013548070246744226
"p634": 3.7633528463178407E-05
"p635": 5.645029269476761E-06
"p636": 0.00016935087808430283
"p637": 6.0213645541085445E-05
"p638": 1.8816764231589203E-05
"p639": 0
"p640": 0.0007413805107246145
"p641": 0.00015241579027587253
"p642": 1.3171734962112444E-05
"p643": 0
"p644": 0
"p645": 0
"p646": 0
"p647": 0
"p648": 9.972885042742277E-05
"p649": 0
"p650": 0
"p651": 0
"p652": 0.00011478226181269415
"p653": 2.8225146347383805E-05
"p654": 0
"p655": 0
"p656": 0.0014319557580239383
"p657": 0.0002540263171264543
"p658": 7.5267056926356815E-06
"p659": 0
"p660": 0.00010725555612005845
"p661": 0
"p662": 0
"p663": 0
"p664": 0.00029730487485910944
"p665": 4.327855773265517E-05
"p666": 0
"p667": 0
"p668": 0.000779014039187793
"p669": 0.0001919309951622099
"p670": 2.4461793501065963E-05
"p671": 0
"p672": 0.0021770996215948707
"p673": 0.0006962202765688006
"p674": 9.032046831162818E-05
"p675": 7.5267056926356815E-06
"p676": 1.1290058538953523E-05
"p677": 0
"p678": 0
"p679": 0
"p680": 0.0007714873334951576
"p681": 0.0002653163756654077
"p682": 4.327855773265517E-05
"p683": 5.645029269476761E-06
"p684": 0.0007639606278025216
"p685": 0.00020133937727800444
"p686": 3.3870175616860565E-05
"p687": 1.8816764231589204E-06
"p688": 0.006329959487506608
"p689": 0.0021582828573632816
"p690": 0.0003198849919370165
"p691": 1.1290058538953523E-05
"p692": 0.00012230896750532982
