"p630": 0
"p631": 0
"p632": 0.02283978842430298
"p633": 0.0077167550113747315
"p634": 0.0010255136506216117
"p635": 6.397699838740331E-05
"p636": 0.004241298657800207
"p637": 0.0010405670620068832
"p638": 9.784717400426387E-05
"p639": 5.645029269476761E-06
"p640": 7.714873334951574E-05
"p641": 5.645029269476761E-06
"p642": 0
"p643": 0
"p644": 0
"p645": 0
"p646": 0
"p647": 0
"p648": 0.0016295317824556249
"p649": 0.0005776746619097885
"p650": 8.467543904215141E-05
"p651": 1.8816764231589204E-06
"p652": 0.0005325144277539745
"p653": 0.00015806081954534932
"p654": 2.8225146347383805E-05
"p655": 1.8816764231589204E-06
"p656": 0.0009822350928889564
"p657": 0.0002728430813580434
"p658": 1.5053411385271363E-05
"p659": 0
"p660": 0.00013548070246744226
"p661": 7.5267056926356815E-06
"p662": 0
"p663": 0
"p664": 0.006700649742868915
"p665": 0.0022975269126770414
"p666": 0.0004290222244802338
"p667": 1.1290058538953523E-05
"p668": 0.0034585212657660958
"p669": 0.0011290058538953522
"p670": 0.0001392440553137601
"p671": 9.408382115794602E-06
"p672": 9.408382115794602E-06
"p673": 0
"p674": 0
"p675": 0
"p676": 0
"p677": 0
"p678": 0
"p679": 0
"p680": 0.0002521446407032953
"p681": 7.150370408003898E-05
"p682": 5.645029269476761E-06
"p683": 0
"p684": 4.139688130949625E-05
"p685": 2.2580117077907045E-05
"p686": 3.7633528463178407E-06
"p687": 0
"p688": 0.00042902222448023387
"p689": 9.22021447347871E-05
"p690": 5.645029269476761E-06
"p691": 3.7633528463178407E-06
"p692": 0
