"p630": 0
"p631": 0
"p632": 0
"p633": 0
"p634": 0
"p635": 0
"p636": 0
"p637": 0
"p638": 0
"p639": 0
"p640": 8.091208619583357E-05
"p641": 1.1290058538953523E-05
"p642": 0
"p643": 0
"p644": 0.0008354643318825605
"p645": 0.00031988499193701646
"p646": 3.7633528463178407E-06
"p647": 0
"p648": 5.645029269476761E-06
"p649": 0
"p650": 0
"p651": 0
"p652": 3.575185204001949E-05
"p653": 5.645029269476761E-06
"p654": 5.645029269476761E-06
"p655": 0
"p656": 7.714873334951574E-05
"p657": 5.645029269476761E-06
"p658": 0
"p659": 0
"p660": 0.0011007807075479681
"p661": 0.00028036978705067906
"p662": 1.5053411385271363E-05
"p663": 0
"p664": 9.408382115794602E-06
"p665": 0
"p666": 0
"p667": 0
"p668": 0.0004290222244802338
"p669": 9.220214473478709E-05
"p670": 5.645029269476761E-06
"p671": 3.7633528463178407E-06
"p672": 0.0005927280732950598
"p673": 0.00018064093662325633
"p674": 3.198849919370165E-05
"p675": 1.8816764231589204E-06
"p676": 0.002922243485165804
"p677": 0.0009257848001941889
"p678": 0.00013548070246744226
"p679": 9.408382115794602E-06
"p680": 5.2686939848449775E-05
"p681": 2.2580117077907045E-05
"p682": 3.7633528463178407E-06
"p683": 0
"p684": 0.00045536569440445874
"p685": 0.0001016105268505817
"p686": 1.3171734962112442E-05
"p687": 0
"p688": 0.0016841003987272335
"p689": 0.0005833196911792653
"p690": 8.467543904215141E-05
"p691": 1.8816764231589204E-06
"p692": 0.007458965341401959
