"p630": 0
"p631": 0
"p632": 0.00043466725374971066
"p633": 0.0001298356731979655
"p634": 3.198849919370165E-05
"p635": 5.645029269476761E-06
"p636": 0.0004929992228676371
"p637": 0.00018628596589273307
"p638": 4.139688130949625E-05
"p639": 5.645029269476761E-06
"p640": 0
"p641": 0
"p642": 0
"p643": 0
"p644": 1.3171734962112442E-05
"p645": 0
"p646": 0
"p647": 0
"p648": 3.575185204001949E-05
"p649": 3.7633528463178407E-06
"p650": 0
"p651": 0
"p652": 0.0008373460083057194
"p653": 0.00015241579027587253
"p654": 1.3171734962112444E-05
"p655": 0
"p656": 7.5267056926356815E-06
"p657": 0
"p658": 0
"p659": 0
"p660": 0.0006548233952593043
"p661": 7.150370408003898E-05
"p662": 1.8816764231589204E-06
"p663": 0
"p664": 0.0002483812878569775
"p665": 2.6343469924224887E-05
"p666": 0
"p667": 0
"p668": 0.0016615202816493264
"p669": 0.0002935415220127916
"p670": 7.5267056926356815E-06
"p671": 0
"p672": 2.0698440654748124E-05
"p673": 1.8816764231589204E-06
"p674": 0
"p675": 0
"p676": 0.00018252261304641524
"p677": 2.8225146347383808E-05
"p678": 0
"p679": 0
"p680": 0.00045724737082761767
"p681": 0.0001448890845832369
"p682": 2.6343469924224887E-05
"p683": 1.8816764231589204E-06
"p684": 0.0029429419258205514
"p685": 0.0009427198880026191
"p686": 0.00013359902604428335
"p687": 1.3171734962112444E-05
"p688": 0.0002709614049348845
"p689": 7.714873334951573E-05
"p690": 1.3171734962112444E-05
"p691": 0
"p692": 0.0010048152099668634
