"p630": 0
"p631": 0
"p632": 0.00012607232035164766
"p633": 4.8923587002131926E-05
"p634": 5.645029269476761E-06
"p635": 0
"p636": 0.0002897781691664738
"p637": 0.00011666393823585305
"p638": 1.6935087808430286E-05
"p639": 0
"p640": 1.8816764231589207E-05
"p641": 1.8816764231589204E-06
"p642": 0
"p643": 0
"p644": 0.00017687758377693847
"p645": 2.8225146347383808E-05
"p646": 0
"p647": 0
"p648": 0.00044219395944234633
"p649": 0.00014300740816007796
"p650": 2.6343469924224887E-05
"p651": 1.8816764231589204E-06
"p652": 0.002711495725772004
"p653": 0.0008542810961141499
"p654": 0.00012419064392848875
"p655": 1.3171734962112444E-05
"p656": 0.0002709614049348845
"p657": 7.714873334951573E-05
"p658": 1.3171734962112444E-05
"p659": 0
"p660": 0.0011252425010490341
"p661": 0.00022203781793275263
"p662": 2.2580117077907045E-05
"p663": 0
"p664": 0.002101832564668514
"p665": 0.0006811668651835292
"p666": 0.0001298356731979655
"p667": 1.8816764231589204E-06
"p668": 0.008044166709004387
"p669": 0.002762300989197295
"p670": 0.0004892358700213194
"p671": 1.8816764231589203E-05
"p672": 1.8816764231589204E-06
"p673": 0
"p674": 0
"p675": 0
"p676": 1.1290058538953523E-05
"p677": 0
"p678": 0
"p679": 0
"p680": 5.645029269476762E-05
"p681": 2.2580117077907045E-05
"p682": 0
"p683": 0
"p684": 0.0006943386001456417
"p685": 0.00021639278866327584
"p686": 1.1290058538953523E-05
"p687": 0
"p688": 7.526705692635681E-05
"p689": 3.387017561686057E-05
"p690": 0
"p691": 0
"p692": 0.0005833196911792652
