"p630": 0
"p631": 0
"p632": 0
"p633": 0
"p634": 0
"p635": 0
"p636": 0
"p637": 0
"p638": 0
"p639": 0
"p640": 0.011459409417037826
"p641": 0.004952572345754278
"p642": 0.0012306163807459338
"p643": 0.00012983567319796552
"p644": 0.023827668546461418
"p645": 0.01065217023150265
"p646": 0.002873319898163672
"p647": 0.0003462284618612414
"p648": 0.005564117183280926
"p649": 0.002273065119175976
"p650": 0.0004779458114823658
"p651": 1.3171734962112442E-05
"p652": 0.012082244313103428
"p653": 0.004188611717951757
"p654": 0.0007150370408003898
"p655": 2.8225146347383808E-05
"p656": 8.279376261899247E-05
"p657": 5.645029269476761E-06
"p658": 0
"p659": 0
"p660": 0.0013660970832133762
"p661": 0.0002032210537011634
"p662": 5.645029269476761E-06
"p663": 0
"p664": 0
"p665": 0
"p666": 0
"p667": 0
"p668": 9.220214473478709E-05
"p669": 2.2580117077907045E-05
"p670": 0
"p671": 0
"p672": 0.004553656944044587
"p673": 0.0014658259336407988
"p674": 0.00020886608297064014
"p675": 7.5267056926356815E-06
"p676": 0.012588415270933184
"p677": 0.004231890275684412
"p678": 0.0005701479562171529
"p679": 2.2580117077907045E-05
"p680": 0.0017292606328830479
"p681": 0.0005419228098697691
"p682": 6.962202765688005E-05
"p683": 0
"p684": 0.0031856781844080526
"p685": 0.000780895715610952
"p686": 8.467543904215143E-05
"p687": 0
"p688": 0.011115062631599743
"p689": 0.0036335171731198745
"p690": 0.000637888307450874
"p691": 4.892358700213193E-05
"p692": 0.029766239337950966
