"p630": 0
"p631": 0
"p632": 0
"p633": 0
"p634": 0
"p635": 0
"p636": 0
"p637": 0
"p638": 0
"p639": 0
"p640": 7.5267056926356815E-06
"p641": 0
"p642": 0
"p643": 0
"p644": 0
"p645": 0
"p646": 0
"p647": 0
"p648": 0.0008561627725373087
"p649": 0.0003217666683601754
"p650": 3.7633528463178407E-06
"p651": 0
"p652": 6.397699838740328E-05
"p653": 9.408382115794602E-06
"p654": 0
"p655": 0
"p656": 0.0003913886960170554
"p657": 7.714873334951574E-05
"p658": 1.8816764231589204E-06
"p659": 0
"p660": 0
"p661": 0
"p662": 0
"p663": 0
"p664": 0.0010650288555079488
"p665": 0.0002841331398969969
"p666": 1.5053411385271363E-05
"p667": 0
"p668": 6.585867481056221E-05
"p669": 1.8816764231589204E-06
"p670": 0
"p671": 0
"p672": 0.0001693508780843028
"p673": 3.010682277054273E-05
"p674": 0
"p675": 0
"p676": 0
"p677": 0
"p678": 0
"p679": 0
"p680": 0.0030163273063237494
"p681": 0.000948364917272096
"p682": 0.0001373623788906012
"p683": 9.408382115794602E-06
"p684": 0.0007037469822614361
"p685": 0.0002051027301243223
"p686": 3.7633528463178407E-05
"p687": 1.8816764231589204E-06
"p688": 0.0007394988343014557
"p689": 0.00018440428946957417
"p690": 2.2580117077907045E-05
"p691": 0
"p692": 6.209532196424438E-05
