"p630": 0
"p631": 0
"p632": 3.198849919370164E-05
"p633": 0
"p634": 0
"p635": 0
"p636": 0
"p637": 0
"p638": 0
"p639": 0
"p640": 0.0025590799354961316
"p641": 0.0005362777806002923
"p642": 6.39769983874033E-05
"p643": 3.7633528463178407E-06
"p644": 0
"p645": 0
"p646": 0
"p647": 0
"p648": 0.006762745064833159
"p649": 0.001977641920740025
"p650": 0.0003349384033222878
"p651": 4.139688130949625E-05
"p652": 0.0014225473759081437
"p653": 0.00033682007974544673
"p654": 4.704191057897302E-05
"p655": 1.1290058538953523E-05
"p656": 0
"p657": 0
"p658": 0
"p659": 0
"p660": 0
"p661": 0
"p662": 0
"p663": 0
"p664": 0.0010838456197395383
"p665": 0.00018816764231589203
"p666": 1.6935087808430286E-05
"p667": 0
"p668": 3.3870175616860565E-05
"p669": 0
"p670": 0
"p671": 0
"p672": 0.004365489301728696
"p673": 0.0011986278815522323
"p674": 0.0002051027301243223
"p675": 4.516023415581409E-05
"p676": 0.0004158504895181214
"p677": 8.843879188846926E-05
"p678": 5.645029269476761E-06
"p679": 0
"p680": 0.04564570667298912
"p681": 0.018487470857536395
"p682": 0.004433229652962418
"p683": 0.0004647740765202535
"p684": 0.01757485779230432
"p685": 0.006040181318340135
"p686": 0.0012174446457838216
"p687": 9.22021447347871E-05
"p688": 0.000615308190372967
"p689": 0.0001486524374295547
"p690": 1.8816764231589203E-05
"p691": 0
"p692": 1.8816764231589203E-05
