"p630": 0
"p631": 0
"p632": 0.000541922809869769
"p633": 0.00017875926020009743
"p634": 2.2580117077907045E-05
"p635": 0
"p636": 6.39769983874033E-05
"p637": 1.8816764231589203E-05
"p638": 0
"p639": 0
"p640": 0.0008204109204972893
"p641": 0.0001919309951622099
"p642": 2.2580117077907045E-05
"p643": 0
"p644": 5.645029269476761E-05
"p645": 1.1290058538953523E-05
"p646": 0
"p647": 0
"p648": 0.006597157539595175
"p649": 0.0022373132671359565
"p650": 0.0003913886960170555
"p651": 1.8816764231589203E-05
"p652": 0.0021357027402853744
"p653": 0.000711273687954072
"p654": 0.00015053411385271363
"p655": 1.8816764231589204E-06
"p656": 0.00012419064392848875
"p657": 0
"p658": 0
"p659": 0
"p660": 0
"p661": 0
"p662": 0
"p663": 0
"p664": 0.00019945770085484554
"p665": 1.6935087808430282E-05
"p666": 0
"p667": 0
"p668": 3.7633528463178407E-06
"p669": 0
"p670": 0
"p671": 0
"p672": 0.00023520955289486501
"p673": 3.9515204886337324E-05
"p674": 0
"p675": 0
"p676": 0
"p677": 0
"p678": 0
"p679": 0
"p680": 0.002135702740285375
"p681": 0.0006021364554108546
"p682": 6.39769983874033E-05
"p683": 0
"p684": 0.00034058343259176454
"p685": 0.0001129005853895352
"p686": 2.258011707790705E-05
"p687": 0
"p688": 0.0006510600424129864
"p689": 0.00018252261304641524
"p690": 2.4461793501065963E-05
"p691": 0
"p692": 0
