"p630": 0
"p631": 0
"p632": 0.010307823446064568
"p633": 0.0037426544056630923
"p634": 0.0006284799253350793
"p635": 3.7633528463178407E-05
"p636": 0.009199516032823967
"p637": 0.002907190073780532
"p638": 0.00046665575294341233
"p639": 3.0106822770542733E-05
"p640": 0.003829211521128403
"p641": 0.0014526541986786866
"p642": 0.00031047660982122185
"p643": 1.1290058538953523E-05
"p644": 0.00014300740816007796
"p645": 2.0698440654748124E-05
"p646": 0
"p647": 0
"p648": 0.0017179705743440943
"p649": 0.00059272807329506
"p650": 5.833196911792653E-05
"p651": 0
"p652": 0.004075711132562223
"p653": 0.0013040017612491314
"p654": 0.0001467707610063958
"p655": 9.408382115794602E-06
"p656": 0.00010913723254321738
"p657": 1.6935087808430282E-05
"p658": 0
"p659": 0
"p660": 4.516023415581409E-05
"p661": 1.8816764231589204E-06
"p662": 0
"p663": 0
"p664": 7.5267056926356815E-06
"p665": 0
"p666": 0
"p667": 0
"p668": 4.139688130949625E-05
"p669": 9.408382115794602E-06
"p670": 0
"p671": 0
"p672": 0.0012851849970175427
"p673": 0.0004459573122886642
"p674": 6.209532196424438E-05
"p675": 0
"p676": 1.8816764231589204E-06
"p677": 0
"p678": 0
"p679": 0
"p680": 0.0004647740765202534
"p681": 0.00018816764231589203
"p682": 9.408382115794602E-06
"p683": 1.8816764231589204E-06
"p684": 0.0009634183286573672
"p685": 0.0003612818732465127
"p686": 2.2580117077907045E-05
"p687": 1.8816764231589204E-06
"p688": 0.0030182089827469082
"p689": 0.0010198686213521346
"p690": 0.00015429746669903146
"p691": 1.8816764231589204E-06
"p692": 9.408382115794602E-06
