"p630": 0
"p631": 0
"p632": 0.00046477407652025334
"p633": 0.00013171734962112442
"p634": 1.6935087808430286E-05
"p635": 0
"p636": 7.150370408003898E-05
"p637": 2.0698440654748124E-05
"p638": 5.645029269476761E-06
"p639": 0
"p640": 0.0004835908407518424
"p641": 7.150370408003898E-05
"p642": 1.8816764231589204E-06
"p643": 0
"p644": 0
"p645": 0
"p646": 0
"p647": 0
"p648": 0.001629531782455625
"p649": 0.0002916598455896327
"p650": 7.5267056926356815E-06
"p651": 0
"p652": 0.0001825226130464153
"p653": 1.6935087808430282E-05
"p654": 0
"p655": 0
"p656": 0
"p657": 0
"p658": 0
"p659": 0
"p660": 0
"p661": 0
"p662": 0
"p663": 0
"p664": 0.00016370584881482606
"p665": 5.645029269476761E-06
"p666": 0
"p667": 0
"p668": 0
"p669": 0
"p670": 0
"p671": 0
"p672": 0.0011195974717795574
"p673": 0.00023144620004854723
"p674": 2.2580117077907045E-05
"p675": 0
"p676": 5.645029269476761E-05
"p677": 1.1290058538953523E-05
"p678": 0
"p679": 0
"p680": 0.00864630316441524
"p681": 0.0027547742835046596
"p682": 0.0004553656944044588
"p683": 1.8816764231589203E-05
"p684": 0.002453706055799232
"p685": 0.0008072391855351768
"p686": 0.00017311423093062066
"p687": 1.8816764231589204E-06
"p688": 8.467543904215141E-05
"p689": 7.5267056926356815E-06
"p690": 0
"p691": 0
"p692": 0
