"p630": 0.0029316518672815985
"p631": 0.0003368200797454468
"p632": 0.006414634926548759
"p633": 0.0026381103452688065
"p634": 0.0005249877220613389
"p635": 1.3171734962112442E-05
"p636": 0.006047708024032769
"p637": 0.0023953740866813054
"p638": 0.00042525887163391595
"p639": 1.5053411385271363E-05
"p640": 2.0698440654748124E-05
"p641": 1.8816764231589204E-06
"p642": 0
"p643": 0
"p644": 0.00024838128785697745
"p645": 8.091208619583358E-05
"p646": 1.5053411385271365E-05
"p647": 0
"p648": 1.8816764231589204E-06
"p649": 0
"p650": 0
"p651": 0
"p652": 3.387017561686057E-05
"p653": 1.6935087808430286E-05
"p654": 5.645029269476761E-06
"p655": 0
"p656": 0.00016558752523798497
"p657": 3.010682277054273E-05
"p658": 0
"p659": 0
"p660": 0.000850517743267832
"p661": 0.00020322105370116337
"p662": 2.2580117077907045E-05
"p663": 0
"p664": 3.7633528463178407E-06
"p665": 0
"p666": 0
"p667": 0
"p668": 0.0005024076049834317
"p669": 0.0001486524374295547
"p670": 2.8225146347383805E-05
"p671": 3.7633528463178407E-06
"p672": 0.0005475678391392458
"p673": 0.00018064093662325633
"p674": 3.198849919370165E-05
"p675": 1.8816764231589204E-06
"p676": 0.001723615603613571
"p677": 0.0006190715432192848
"p678": 8.843879188846925E-05
"p679": 1.8816764231589204E-06
"p680": 0.0001486524374295547
"p681": 5.6450292694767617E-05
"p682": 3.7633528463178407E-06
"p683": 0
"p684": 0.0007056286586845953
"p685": 0.00020698440654748124
"p686": 1.6935087808430282E-05
"p687": 0
"p688": 0.0026023584932287867
"p689": 0.0008486360668446732
"p690": 0.00013548070246744229
"p691": 9.408382115794602E-06
"p692": 0.00660468424528781
