"p630": 0
"p631": 0
"p632": 0
"p633": 0
"p634": 0
"p635": 0
"p636": 0
"p637": 0
"p638": 0
"p639": 0
"p640": 5.645029269476761E-06
"p641": 0
"p642": 0
"p643": 0
"p644": 0.000423377195210757
"p645": 7.714873334951574E-05
"p646": 1.8816764231589204E-06
"p647": 0
"p648": 8.655711546531033E-05
"p649": 5.645029269476761E-06
"p650": 0
"p651": 0
"p652": 0.0008768612131920567
"p653": 0.00026719805208856665
"p654": 1.5053411385271363E-05
"p655": 0
"p656": 0
"p657": 0
"p658": 0
"p659": 0
"p660": 0
"p661": 0
"p662": 0
"p663": 0
"p664": 0
"p665": 0
"p666": 0
"p667": 0
"p668": 0.00013548070246744226
"p669": 7.5267056926356815E-06
"p670": 0
"p671": 0
"p672": 0.0002502629642801364
"p673": 8.091208619583358E-05
"p674": 1.5053411385271365E-05
"p675": 0
"p676": 0.0009069680359625994
"p677": 0.00022580117077907044
"p678": 2.2580117077907045E-05
"p679": 0
"p680": 0.001821462777617835
"p681": 0.0006341249546045562
"p682": 8.843879188846925E-05
"p683": 1.8816764231589204E-06
"p684": 0.007498480546288297
"p685": 0.002602358493228787
"p686": 0.0004873541935981605
"p687": 1.1290058538953523E-05
"p688": 9.408382115794602E-06
"p689": 1.8816764231589204E-06
"p690": 0
"p691": 0
"p692": 6.774035123372113E-05
