"p630": 0
"p631": 0
"p632": 2.2580117077907045E-05
"p633": 0
"p634": 0
"p635": 0
"p636": 2.6343469924224887E-05
"p637": 0
"p638": 0
"p639": 0
"p640": 0
"p641": 0
"p642": 0
"p643": 0
"p644": 0.00014112573173691902
"p645": 1.6935087808430282E-05
"p646": 0
"p647": 0
"p648": 0.0014846426978723883
"p649": 0.0004214955187875981
"p650": 4.139688130949625E-05
"p651": 0
"p652": 0.00542299145154401
"p653": 0.001968233538624231
"p654": 0.0002747247577812024
"p655": 1.8816764231589203E-05
"p656": 0.0002615530228190899
"p657": 1.1290058538953523E-05
"p658": 0
"p659": 0
"p660": 0.002863911516047877
"p661": 0.0005532128684087226
"p662": 6.39769983874033E-05
"p663": 3.7633528463178407E-06
"p664": 0.002051027301243223
"p665": 0.0005061709578297496
"p666": 7.150370408003898E-05
"p667": 1.1290058538953523E-05
"p668": 0.0069170425315321915
"p669": 0.002005867067087409
"p670": 0.0003274116976296522
"p671": 4.139688130949625E-05
"p672": 0.0005852013676024242
"p673": 0.00014112573173691902
"p674": 7.5267056926356815E-06
"p675": 0
"p676": 0.001061265502661631
"p677": 0.0002483812878569775
"p678": 2.6343469924224887E-05
"p679": 0
"p680": 0.008941726362851189
"p681": 0.0030069189242079544
"p682": 0.0005814380147561064
"p683": 4.704191057897301E-05
"p684": 0.020184742991225742
"p685": 0.006967847794957483
"p686": 0.0011892194994364382
"p687": 7.150370408003898E-05
"p688": 0.002988102159976366
"p689": 0.0012362614100154107
"p690": 0.00027848811062752024
"p691": 7.5267056926356815E-06
"p692": 0.0038612000203221046
