"p630": 0
"p631": 0
"p632": 1.8816764231589204E-06
"p633": 0
"p634": 0
"p635": 0
"p636": 0
"p637": 0
"p638": 0
"p639": 0
"p640": 0.004711717763589936
"p641": 0.001797000984116769
"p642": 0.0003688085789391484
"p643": 3.010682277054273E-05
"p644": 0.011685210587816899
"p645": 0.005035366108373271
"p646": 0.001275776614901748
"p647": 0.0001279539967748066
"p648": 0.00148087934502607
"p649": 0.000519342692791862
"p650": 5.080526342529085E-05
"p651": 0
"p652": 0.007697938247143144
"p653": 0.002585423405420356
"p654": 0.0003405834325917646
"p655": 1.3171734962112442E-05
"p656": 2.634346992422488E-05
"p657": 0
"p658": 0
"p659": 0
"p660": 0.0005908463968719009
"p661": 8.091208619583357E-05
"p662": 0
"p663": 0
"p664": 0
"p665": 0
"p666": 0
"p667": 0
"p668": 3.7633528463178407E-05
"p669": 9.408382115794602E-06
"p670": 0
"p671": 0
"p672": 0.0016182417239166715
"p673": 0.0005325144277539745
"p674": 6.209532196424438E-05
"p675": 0
"p676": 0.004892358700213193
"p677": 0.001791355954847292
"p678": 0.000259671346395931
"p679": 7.5267056926356815E-06
"p680": 0.0004647740765202534
"p681": 0.00018816764231589203
"p682": 9.408382115794602E-06
"p683": 1.8816764231589204E-06
"p684": 0.0017932376312704509
"p685": 0.0005550945448318816
"p686": 4.7041910578973015E-05
"p687": 1.8816764231589204E-06
"p688": 0.003912005283747395
"p689": 0.0012193263222069805
"p690": 0.00021827446508643477
"p691": 1.6935087808430282E-05
"p692": 0.012048374137486568
