"p630": 0
"p631": 0
"p632": 0.0006999836294151183
"p633": 0.00018440428946957417
"p634": 2.6343469924224884E-05
"p635": 1.8816764231589204E-06
"p636": 0.0002483812878569775
"p637": 6.021364554108545E-05
"p638": 7.5267056926356815E-06
"p639": 1.8816764231589204E-06
"p640": 0.004786984820516293
"p641": 0.001748077397114637
"p642": 0.0003029499041285862
"p643": 1.8816764231589207E-05
"p644": 2.6343469924224887E-05
"p645": 0
"p646": 0
"p647": 0
"p648": 0.0023615039110644444
"p649": 0.0009050863595394408
"p650": 0.00014112573173691905
"p651": 1.1290058538953523E-05
"p652": 0.003932703724402143
"p653": 0.0012174446457838214
"p654": 0.00023144620004854718
"p655": 1.8816764231589207E-05
"p656": 0.012690025797783762
"p657": 0.004873541935981603
"p658": 0.0011045440603942862
"p659": 0.00012042729108217089
"p660": 0.0005362777806002923
"p661": 6.962202765688006E-05
"p662": 0
"p663": 0
"p664": 0.00760009107313888
"p665": 0.00271902243146464
"p666": 0.0005212243692150209
"p667": 3.3870175616860565E-05
"p668": 0.013088941199493456
"p669": 0.004425702947269781
"p670": 0.0008693345074994212
"p671": 8.46754390421514E-05
"p672": 0.0011572310002427363
"p673": 0.0003518734911307181
"p674": 3.76335284631784E-05
"p675": 0
"p676": 0
"p677": 0
"p678": 0
"p679": 0
"p680": 0.00047606413505920677
"p681": 0.00015994249596850823
"p682": 1.5053411385271365E-05
"p683": 0
"p684": 0.0004986442521371139
"p685": 0.00014300740816007793
"p686": 3.0106822770542726E-05
"p687": 0
"p688": 0.008320773143208747
"p689": 0.002692678961540415
"p690": 0.0003876253431707376
"p691": 2.2580117077907045E-05
"p692": 3.7633528463178407E-05
