"p630": 0
"p631": 0
"p632": 0.0026719805208856666
"p633": 0.0007432621871477735
"p634": 0.00012230896750532982
"p635": 0
"p636": 0.0005776746619097885
"p637": 0.00013171734962112442
"p638": 1.6935087808430286E-05
"p639": 0
"p640": 0.0013510436718281046
"p641": 0.00028601481632015586
"p642": 2.8225146347383808E-05
"p643": 1.8816764231589204E-06
"p644": 0
"p645": 0
"p646": 0
"p647": 0
"p648": 0.0040437226333685196
"p649": 0.0010292770034679294
"p650": 0.0001317173496211244
"p651": 7.5267056926356815E-06
"p652": 0.0006040181318340132
"p653": 9.97288504274228E-05
"p654": 1.1290058538953523E-05
"p655": 0
"p656": 0
"p657": 0
"p658": 0
"p659": 0
"p660": 0
"p661": 0
"p662": 0
"p663": 0
"p664": 0.00043278557732655173
"p665": 6.585867481056221E-05
"p666": 5.645029269476761E-06
"p667": 0
"p668": 1.1290058538953523E-05
"p669": 0
"p670": 0
"p671": 0
"p672": 0.002941060249397392
"p673": 0.0007921857741499054
"p674": 0.00012230896750532982
"p675": 2.2580117077907045E-05
"p676": 0.0002803697870506791
"p677": 5.45686162716087E-05
"p678": 5.645029269476761E-06
"p679": 0
"p680": 0.021718309276100266
"p681": 0.007842827331726383
"p682": 0.0016050699889545597
"p683": 0.00014865243742955472
"p684": 0.010307823446064566
"p685": 0.003627872143850398
"p686": 0.0008147658912278126
"p687": 9.596549758110492E-05
"p688": 0.00034058343259176454
"p689": 6.39769983874033E-05
"p690": 9.408382115794602E-06
"p691": 0
"p692": 1.1290058538953523E-05
