"p630": 0
"p631": 0
"p632": 0.00338137253241658
"p633": 0.0010123419156594991
"p634": 0.00013548070246744226
"p635": 0
"p636": 0.00043654893017286943
"p637": 0.00011478226181269415
"p638": 1.1290058538953523E-05
"p639": 0
"p640": 0.0019832869500095015
"p641": 0.0005061709578297496
"p642": 7.150370408003896E-05
"p643": 1.1290058538953523E-05
"p644": 0.0002747247577812024
"p645": 5.45686162716087E-05
"p646": 5.645029269476761E-06
"p647": 0
"p648": 0.01619558897412883
"p649": 0.006075933170380153
"p650": 0.0013435169661354697
"p651": 0.00013548070246744226
"p652": 0.007933147800038008
"p653": 0.002707732372925686
"p654": 0.0006209532196424437
"p655": 7.714873334951573E-05
"p656": 0.00039515204886337327
"p657": 5.080526342529086E-05
"p658": 0
"p659": 0
"p660": 0
"p661": 0
"p662": 0
"p663": 0
"p664": 0.0005099343106760674
"p665": 6.585867481056221E-05
"p666": 5.645029269476761E-06
"p667": 0
"p668": 2.2580117077907042E-05
"p669": 3.7633528463178407E-06
"p670": 0
"p671": 0
"p672": 0.0008034758326888591
"p673": 0.0002690797285117256
"p674": 5.080526342529084E-05
"p675": 1.1290058538953523E-05
"p676": 5.645029269476761E-06
"p677": 0
"p678": 0
"p679": 0
"p680": 0.005865185410986357
"p681": 0.0018910848052747149
"p682": 0.00026719805208856676
"p683": 1.3171734962112442E-05
"p684": 0.0024367709679908017
"p685": 0.000942719888002619
"p686": 0.0001938126715853688
"p687": 1.8816764231589203E-05
"p688": 0.0017913559548472918
"p689": 0.0005080526342529085
"p690": 6.962202765688005E-05
"p691": 1.8816764231589204E-06
"p692": 1.1290058538953523E-05
