"p630": 0
"p631": 0
"p632": 3.575185204001948E-05
"p633": 1.8816764231589204E-06
"p634": 0
"p635": 0
"p636": 3.951520488633732E-05
"p637": 1.8816764231589204E-06
"p638": 0
"p639": 0
"p640": 0.0012437881157080462
"p641": 0.0005099343106760674
"p642": 8.279376261899248E-05
"p643": 3.7633528463178407E-06
"p644": 0.0020002220378179322
"p645": 0.0004986442521371138
"p646": 6.585867481056221E-05
"p647": 1.1290058538953523E-05
"p648": 0.005643147593053603
"p649": 0.0020848974768600836
"p650": 0.0004045604309791679
"p651": 3.010682277054273E-05
"p652": 0.014948037505574467
"p653": 0.006205768843578119
"p654": 0.0014789976686029117
"p655": 0.00014300740816007796
"p656": 0
"p657": 0
"p658": 0
"p659": 0
"p660": 0.0002295645236253883
"p661": 2.2580117077907045E-05
"p662": 0
"p663": 0
"p664": 2.634346992422488E-05
"p665": 0
"p666": 0
"p667": 0
"p668": 0.0004290222244802338
"p669": 6.209532196424436E-05
"p670": 0
"p671": 0
"p672": 0.0004873541935981604
"p673": 0.00023520955289486504
"p674": 2.6343469924224887E-05
"p675": 0
"p676": 0.000617189866796126
"p677": 0.0002220378179327526
"p678": 3.951520488633734E-05
"p679": 1.1290058538953523E-05
"p680": 0.0019889319792789784
"p681": 0.0006341249546045561
"p682": 6.962202765688005E-05
"p683": 0
"p684": 0.00602889125980118
"p685": 0.0023012902655233595
"p686": 0.0003443467854380824
"p687": 1.8816764231589203E-05
"p688": 0.000306713256974904
"p689": 5.645029269476761E-05
"p690": 5.645029269476761E-06
"p691": 0
"p692": 0.0017236156036135708
