"p630": 0
"p631": 0
"p632": 0
"p633": 0
"p634": 0
"p635": 0
"p636": 0
"p637": 0
"p638": 0
"p639": 0
"p640": 5.080526342529085E-05
"p641": 3.7633528463178407E-06
"p642": 0
"p643": 0
"p644": 0.00040079707813285
"p645": 6.39769983874033E-05
"p646": 0
"p647": 0
"p648": 0.0023106986476391545
"p649": 0.0007188003936467077
"p650": 0.00011854561465901199
"p651": 1.8816764231589204E-06
"p652": 0.008160830647240241
"p653": 0.002655045433077237
"p654": 0.0003913886960170555
"p655": 2.0698440654748134E-05
"p656": 0.0005325144277539744
"p657": 0.0001674692016611439
"p658": 3.198849919370165E-05
"p659": 0
"p660": 0.0019456534215463236
"p661": 0.00046853742936657126
"p662": 5.268693984844977E-05
"p663": 0
"p664": 0.005964914261413778
"p665": 0.0023690306167570814
"p666": 0.0004290222244802339
"p667": 1.1290058538953523E-05
"p668": 0.015599097547987453
"p669": 0.006375119721662423
"p670": 0.0014112573173691908
"p671": 4.892358700213194E-05
"p672": 3.7633528463178407E-06
"p673": 0
"p674": 0
"p675": 0
"p676": 1.8816764231589203E-05
"p677": 0
"p678": 0
"p679": 0
"p680": 0.0006905752472993237
"p681": 0.00021639278866327584
"p682": 1.1290058538953523E-05
"p683": 0
"p684": 0.003294815416951268
"p685": 0.0012061545872448678
"p686": 4.327855773265517E-05
"p687": 1.8816764231589204E-06
"p688": 0.00016935087808430283
"p689": 6.209532196424438E-05
"p690": 0
"p691": 0
"p692": 0.0012419064392848874
