"p630": 0
"p631": 0
"p632": 0
"p633": 0
"p634": 0
"p635": 0
"p636": 0
"p637": 0
"p638": 0
"p639": 0
"p640": 0.0018195811011946761
"p641": 0.00047041910578973014
"p642": 6.585867481056221E-05
"p643": 1.1290058538953523E-05
"p644": 0.006237757342771821
"p645": 0.001821462777617835
"p646": 0.0003048315805517451
"p647": 4.139688130949625E-05
"p648": 0.00036128187324651267
"p649": 0.00011854561465901196
"p650": 3.7633528463178407E-05
"p651": 5.645029269476761E-06
"p652": 0.002978693777860571
"p653": 0.0009295481530405067
"p654": 0.0001749959073537796
"p655": 9.408382115794602E-06
"p656": 5.080526342529084E-05
"p657": 0
"p658": 0
"p659": 0
"p660": 0.0010669105319311078
"p661": 0.00018816764231589203
"p662": 1.6935087808430286E-05
"p663": 0
"p664": 0
"p665": 0
"p666": 0
"p667": 0
"p668": 0
"p669": 0
"p670": 0
"p671": 0
"p672": 0.015591570842294816
"p673": 0.0062321123135023445
"p674": 0.001433837434447097
"p675": 0.00013736237889060122
"p676": 0.03491262435529061
"p677": 0.014029779411072911
"p678": 0.0034208877373029176
"p679": 0.00036880857893914845
"p680": 0.007229400817776573
"p681": 0.002792407811967838
"p682": 0.0005438044862929281
"p683": 1.3171734962112442E-05
"p684": 0.014961209240536578
"p685": 0.004843435113211062
"p686": 0.0007714873334951572
"p687": 2.8225146347383808E-05
"p688": 0.00791244935938326
"p689": 0.002764182665620453
"p690": 0.0005381594570234512
"p691": 5.456861627160869E-05
"p692": 0.02324623053170531
