"p630": 0
"p631": 0
"p632": 0
"p633": 0
"p634": 0
"p635": 0
"p636": 0
"p637": 0
"p638": 0
"p639": 0
"p640": 0.0013736237889060122
"p641": 0.00041208713667180343
"p642": 4.139688130949625E-05
"p643": 0
"p644": 0.005366541158849242
"p645": 0.0019550618036621183
"p646": 0.0002747247577812024
"p647": 1.8816764231589203E-05
"p648": 0.00012607232035164763
"p649": 1.6935087808430286E-05
"p650": 0
"p651": 0
"p652": 0.0004647740765202533
"p653": 0.00011478226181269414
"p654": 5.645029269476761E-06
"p655": 0
"p656": 0.001870386364619967
"p657": 0.00047041910578973014
"p658": 6.585867481056221E-05
"p659": 1.1290058538953523E-05
"p660": 0.007236927523469208
"p661": 0.00200398539066425
"p662": 0.0003217666683601754
"p663": 4.139688130949625E-05
"p664": 0.00036128187324651267
"p665": 0.00011854561465901196
"p666": 3.7633528463178407E-05
"p667": 5.645029269476761E-06
"p668": 0.002978693777860571
"p669": 0.0009295481530405067
"p670": 0.0001749959073537796
"p671": 9.408382115794602E-06
"p672": 0.007058168263269109
"p673": 0.002453706055799232
"p674": 0.0005136976635223853
"p675": 4.516023415581409E-05
"p676": 0.018195811011946762
"p677": 0.00646920354282037
"p678": 0.0011647577059353722
"p679": 7.150370408003898E-05
"p680": 0.002717140755041481
"p681": 0.0008655711546531033
"p682": 0.00014865243742955472
"p683": 7.5267056926356815E-06
"p684": 0.0048980037294826684
"p685": 0.0012945933791333373
"p686": 0.0001825226130464153
"p687": 1.1290058538953523E-05
"p688": 0.016622729522185905
"p689": 0.0067702717705257955
"p690": 0.001510986167796613
"p691": 0.00015429746669903152
"p692": 0.039528376621299446
