"p630": 0
"p631": 0
"p632": 0.010680395377850033
"p633": 0.003394544267378693
"p634": 0.00015994249596850825
"p635": 1.8816764231589204E-06
"p636": 0.0016351768117251024
"p637": 0.0004045604309791678
"p638": 3.0106822770542726E-05
"p639": 0
"p640": 1.5053411385271363E-05
"p641": 1.8816764231589204E-06
"p642": 0
"p643": 0
"p644": 0
"p645": 0
"p646": 0
"p647": 0
"p648": 0.0004083237838254858
"p649": 0.00011854561465901199
"p650": 1.8816764231589203E-05
"p651": 1.8816764231589204E-06
"p652": 6.397699838740328E-05
"p653": 3.198849919370165E-05
"p654": 9.408382115794602E-06
"p655": 1.8816764231589204E-06
"p656": 0.00019945770085484554
"p657": 3.198849919370165E-05
"p658": 0
"p659": 0
"p660": 1.1290058538953523E-05
"p661": 1.8816764231589204E-06
"p662": 0
"p663": 0
"p664": 0.0017970009841167687
"p665": 0.00048170916432868367
"p666": 3.0106822770542726E-05
"p667": 1.8816764231589204E-06
"p668": 0.0004911175464444781
"p669": 0.0001486524374295547
"p670": 2.6343469924224884E-05
"p671": 1.8816764231589204E-06
"p672": 0
"p673": 0
"p674": 0
"p675": 0
"p676": 0
"p677": 0
"p678": 0
"p679": 0
"p680": 7.33853805031979E-05
"p681": 1.6935087808430282E-05
"p682": 3.7633528463178407E-06
"p683": 0
"p684": 5.645029269476761E-06
"p685": 5.645029269476761E-06
"p686": 1.8816764231589204E-06
"p687": 0
"p688": 7.150370408003896E-05
"p689": 9.408382115794602E-06
"p690": 3.7633528463178407E-06
"p691": 3.7633528463178407E-06
"p692": 0
