"p630": 4.1396881309496255E-05
"p631": 0
"p632": 0.003708784230046233
"p633": 0.001179811117320643
"p634": 0.0001486524374295547
"p635": 1.8816764231589204E-06
"p636": 0.01269190747420692
"p637": 0.004325974096842359
"p638": 0.00042525887163391606
"p639": 1.5053411385271365E-05
"p640": 7.714873334951574E-05
"p641": 1.6935087808430282E-05
"p642": 1.8816764231589204E-06
"p643": 0
"p644": 0.0001787592602000974
"p645": 2.4461793501065966E-05
"p646": 0
"p647": 0
"p648": 0.00036880857893914834
"p649": 0.00010913723254321738
"p650": 1.8816764231589203E-05
"p651": 1.8816764231589204E-06
"p652": 0.0015072228149502953
"p653": 0.00041396881309496247
"p654": 3.0106822770542726E-05
"p655": 1.8816764231589204E-06
"p656": 0
"p657": 0
"p658": 0
"p659": 0
"p660": 5.645029269476761E-06
"p661": 5.645029269476761E-06
"p662": 0
"p663": 0
"p664": 0
"p665": 0
"p666": 0
"p667": 0
"p668": 2.6343469924224884E-05
"p669": 3.7633528463178407E-06
"p670": 0
"p671": 0
"p672": 5.645029269476761E-06
"p673": 1.8816764231589204E-06
"p674": 0
"p675": 0
"p676": 3.7633528463178407E-05
"p677": 5.645029269476761E-06
"p678": 0
"p679": 0
"p680": 9.032046831162818E-05
"p681": 2.4461793501065963E-05
"p682": 3.7633528463178407E-06
"p683": 0
"p684": 0.00042525887163391595
"p685": 9.784717400426385E-05
"p686": 7.5267056926356815E-06
"p687": 0
"p688": 5.645029269476761E-06
"p689": 5.645029269476761E-06
"p690": 5.645029269476761E-06
"p691": 0
"p692": 7.526705692635681E-05
