"p630": 0
"p631": 0
"p632": 2.2580117077907045E-05
"p633": 0
"p634": 0
"p635": 0
"p636": 0
"p637": 0
"p638": 0
"p639": 0
"p640": 0.004711717763589935
"p641": 0.0017970009841167683
"p642": 0.00036880857893914834
"p643": 3.0106822770542733E-05
"p644": 2.6343469924224887E-05
"p645": 0
"p646": 0
"p647": 0
"p648": 0.0016182417239166715
"p649": 0.0005325144277539745
"p650": 6.209532196424438E-05
"p651": 0
"p652": 0.003912005283747395
"p653": 0.0012193263222069805
"p654": 0.00021827446508643474
"p655": 1.6935087808430282E-05
"p656": 0.011685210587816897
"p657": 0.005035366108373271
"p658": 0.001275776614901748
"p659": 0.0001279539967748066
"p660": 0.0005908463968719009
"p661": 8.091208619583358E-05
"p662": 0
"p663": 0
"p664": 0.004892358700213192
"p665": 0.0017913559548472923
"p666": 0.000259671346395931
"p667": 7.5267056926356815E-06
"p668": 0.01204837413748657
"p669": 0.004333500802534994
"p670": 0.0006774035123372113
"p671": 3.9515204886337324E-05
"p672": 0.00148087934502607
"p673": 0.0005193426927918621
"p674": 5.080526342529085E-05
"p675": 0
"p676": 0
"p677": 0
"p678": 0
"p679": 0
"p680": 0.00046477407652025345
"p681": 0.00018816764231589203
"p682": 9.408382115794602E-06
"p683": 1.8816764231589204E-06
"p684": 0.0006510600424129864
"p685": 0.0001768775837769385
"p686": 2.4461793501065966E-05
"p687": 1.8816764231589204E-06
"p688": 0.007697938247143142
"p689": 0.0025854234054203565
"p690": 0.0003405834325917646
"p691": 1.3171734962112442E-05
"p692": 3.7633528463178407E-05
