"p630": 0
"p631": 0
"p632": 0.0014451274929860507
"p633": 0.00036880857893914845
"p634": 4.704191057897301E-05
"p635": 0
"p636": 0.0019004931873905092
"p637": 0.0005626212505245172
"p638": 9.220214473478709E-05
"p639": 0
"p640": 7.150370408003898E-05
"p641": 5.645029269476761E-06
"p642": 0
"p643": 0
"p644": 0.001437600787293415
"p645": 0.00028601481632015586
"p646": 2.8225146347383808E-05
"p647": 1.8816764231589204E-06
"p648": 0.0009577732993878904
"p649": 0.00018816764231589203
"p650": 1.8816764231589203E-05
"p651": 0
"p652": 0.00362599046742724
"p653": 0.000965300005080526
"p654": 0.00012419064392848875
"p655": 7.5267056926356815E-06
"p656": 0
"p657": 0
"p658": 0
"p659": 0
"p660": 0
"p661": 0
"p662": 0
"p663": 0
"p664": 1.6935087808430286E-05
"p665": 0
"p666": 0
"p667": 0
"p668": 0.000427140548057075
"p669": 6.585867481056221E-05
"p670": 5.645029269476761E-06
"p671": 0
"p672": 0.0020002220378179322
"p673": 0.0007677239806488396
"p674": 0.00013359902604428335
"p675": 3.7633528463178407E-06
"p676": 0.003185678184408052
"p677": 0.0008411093611520375
"p678": 0.0001279539967748066
"p679": 2.2580117077907045E-05
"p680": 0.009129894005167083
"p681": 0.003217666683601754
"p682": 0.00066235010095194
"p683": 7.714873334951573E-05
"p684": 0.023184135209741063
"p685": 0.008685818369301579
"p686": 0.0018064093662325642
"p687": 0.0001731142309306207
"p688": 0.00019945770085484562
"p689": 5.080526342529085E-05
"p690": 0
"p691": 0
"p692": 0.00035187349113071807
