"p630": 0
"p631": 0
"p632": 3.575185204001949E-05
"p633": 1.8816764231589204E-06
"p634": 0
"p635": 0
"p636": 1.1290058538953523E-05
"p637": 0
"p638": 0
"p639": 0
"p640": 0.0012437881157080458
"p641": 0.0005099343106760673
"p642": 8.279376261899248E-05
"p643": 3.7633528463178407E-06
"p644": 0
"p645": 0
"p646": 0
"p647": 0
"p648": 0.00048735419359816035
"p649": 0.000235209552894865
"p650": 2.6343469924224887E-05
"p651": 0
"p652": 0.00030671325697490405
"p653": 5.645029269476761E-05
"p654": 5.645029269476761E-06
"p655": 0
"p656": 0.0020002220378179322
"p657": 0.0004986442521371139
"p658": 6.585867481056221E-05
"p659": 1.1290058538953523E-05
"p660": 0.00022956452362538825
"p661": 2.2580117077907045E-05
"p662": 0
"p663": 0
"p664": 0.0006171898667961257
"p665": 0.00022203781793275258
"p666": 3.951520488633734E-05
"p667": 1.1290058538953523E-05
"p668": 0.001723615603613571
"p669": 0.00047982748790552463
"p670": 6.962202765688006E-05
"p671": 5.645029269476761E-06
"p672": 0.005643147593053603
"p673": 0.0020848974768600836
"p674": 0.0004045604309791678
"p675": 3.0106822770542733E-05
"p676": 2.6343469924224887E-05
"p677": 0
"p678": 0
"p679": 0
"p680": 0.001988931979278979
"p681": 0.0006341249546045562
"p682": 6.962202765688005E-05
"p683": 0
"p684": 0.004369252654575013
"p685": 0.0013228185254807213
"p686": 0.0002295645236253883
"p687": 1.6935087808430282E-05
"p688": 0.014948037505574467
"p689": 0.006205768843578119
"p690": 0.0014789976686029117
"p691": 0.00014300740816007796
"p692": 0.00042902222448023376
