"p630": 0
"p631": 0
"p632": 0.0020679623890516533
"p633": 0.0006567050716824632
"p634": 0.0001486524374295547
"p635": 1.6935087808430286E-05
"p636": 0.0009351931823099833
"p637": 0.0002540263171264543
"p638": 3.198849919370165E-05
"p639": 0
"p640": 0.001605069988954559
"p641": 0.0004666557529434122
"p642": 7.714873334951572E-05
"p643": 5.645029269476761E-06
"p644": 0
"p645": 0
"p646": 0
"p647": 0
"p648": 0.00016935087808430283
"p649": 5.645029269476761E-06
"p650": 0
"p651": 0
"p652": 0.00034622846186124133
"p653": 8.27937626189925E-05
"p654": 5.645029269476761E-06
"p655": 0
"p656": 0.0036937308186609603
"p657": 0.0009577732993878903
"p658": 0.0001298356731979655
"p659": 7.5267056926356815E-06
"p660": 0.00020322105370116337
"p661": 1.6935087808430282E-05
"p662": 0
"p663": 0
"p664": 0.0007526705692635681
"p665": 0.00015429746669903146
"p666": 1.3171734962112442E-05
"p667": 0
"p668": 0.002346450499679174
"p669": 0.0006585867481056221
"p670": 0.00012042729108217089
"p671": 1.3171734962112444E-05
"p672": 0.005261167279152342
"p673": 0.0019381267158536883
"p674": 0.00033305672689912887
"p675": 1.8816764231589207E-05
"p676": 2.6343469924224887E-05
"p677": 0
"p678": 0
"p679": 0
"p680": 0.002734075842849911
"p681": 0.0010292770034679294
"p682": 0.0001542974666990315
"p683": 1.1290058538953523E-05
"p684": 0.004177321659412804
"p685": 0.0012626048799396355
"p686": 0.00024273625858750074
"p687": 1.8816764231589207E-05
"p688": 0.015755276691109647
"p689": 0.0061173300516896515
"p690": 0.0013115284669417678
"p691": 0.00013548070246744226
"p692": 0.00040267875455600894
