"p630": 0
"p631": 0
"p632": 4.8923587002131926E-05
"p633": 0
"p634": 0
"p635": 0
"p636": 0
"p637": 0
"p638": 0
"p639": 0
"p640": 0.00014112573173691902
"p641": 1.6935087808430282E-05
"p642": 0
"p643": 0
"p644": 0
"p645": 0
"p646": 0
"p647": 0
"p648": 0.0058181435004073835
"p649": 0.002062317359782177
"p650": 0.0002878964927433148
"p651": 1.8816764231589203E-05
"p652": 0.0009859984457352743
"p653": 0.00027848811062752013
"p654": 2.2580117077907045E-05
"p655": 0
"p656": 0.0027641826656204537
"p657": 0.0005532128684087226
"p658": 6.39769983874033E-05
"p659": 3.7633528463178407E-06
"p660": 0
"p661": 0
"p662": 0
"p663": 0
"p664": 0.007795785421147408
"p665": 0.0021601645337864404
"p666": 0.00035187349113071807
"p667": 4.139688130949625E-05
"p668": 0.001488406050718706
"p669": 0.00033682007974544673
"p670": 4.704191057897302E-05
"p671": 1.1290058538953523E-05
"p672": 0.0010499754441226775
"p673": 0.0002483812878569775
"p674": 2.6343469924224887E-05
"p675": 0
"p676": 2.8225146347383808E-05
"p677": 0
"p678": 0
"p679": 0
"p680": 0.022053247679422558
"p681": 0.00776003356910739
"p682": 0.00143007408160078
"p683": 9.408382115794606E-05
"p684": 0.006745809977024729
"p685": 0.0018685046881968081
"p686": 0.00028036978705067917
"p687": 1.8816764231589203E-05
"p688": 0.0035789485568482665
"p689": 0.001065028855507949
"p690": 0.00019757602443168663
"p691": 4.516023415581409E-05
"p692": 0.0004064421074023268
