"p630": 0
"p631": 0
"p632": 0.0002107477593937991
"p633": 6.021364554108546E-05
"p634": 5.645029269476761E-06
"p635": 0
"p636": 0.0003895070195938965
"p637": 0.00013736237889060116
"p638": 1.6935087808430286E-05
"p639": 0
"p640": 0.00025402631712645424
"p641": 7.52670569263568E-05
"p642": 1.3171734962112444E-05
"p643": 0
"p644": 0.0008768612131920569
"p645": 0.00020322105370116343
"p646": 2.2580117077907045E-05
"p647": 0
"p648": 0.0018101727190788814
"p649": 0.0005889647204487422
"p650": 0.00010725555612005847
"p651": 1.8816764231589204E-06
"p652": 0.006894462414454286
"p653": 0.0023859657045655113
"p654": 0.00043090390090339285
"p655": 1.8816764231589203E-05
"p656": 0
"p657": 0
"p658": 0
"p659": 0
"p660": 0.00012419064392848875
"p661": 0
"p662": 0
"p663": 0
"p664": 5.645029269476761E-06
"p665": 0
"p666": 0
"p667": 0
"p668": 0.0001975760244316866
"p669": 1.6935087808430282E-05
"p670": 0
"p671": 0
"p672": 1.8816764231589203E-05
"p673": 1.8816764231589204E-06
"p674": 0
"p675": 0
"p676": 0.00023520955289486501
"p677": 3.9515204886337324E-05
"p678": 0
"p679": 0
"p680": 0.000378216961054943
"p681": 0.00012230896750532982
"p682": 2.2580117077907045E-05
"p683": 0
"p684": 0.0021526378280938047
"p685": 0.0006265982489119206
"p686": 6.962202765688005E-05
"p687": 0
"p688": 8.467543904215141E-05
"p689": 3.575185204001949E-05
"p690": 0
"p691": 0
"p692": 0.0006510600424129864
