"p630": 0
"p631": 0
"p632": 0.002643755374538284
"p633": 0.0009144947416552352
"p634": 0.00016182417239166716
"p635": 7.5267056926356815E-06
"p636": 0.002369030616757081
"p637": 0.0007940674505730644
"p638": 6.774035123372113E-05
"p639": 0
"p640": 0.00016746920166114393
"p641": 2.2580117077907045E-05
"p642": 0
"p643": 0
"p644": 5.645029269476761E-06
"p645": 5.645029269476761E-06
"p646": 0
"p647": 0
"p648": 3.7633528463178407E-05
"p649": 5.645029269476761E-06
"p650": 0
"p651": 0
"p652": 7.526705692635681E-05
"p653": 9.408382115794602E-06
"p654": 3.7633528463178407E-06
"p655": 3.7633528463178407E-06
"p656": 1.1290058538953523E-05
"p657": 1.8816764231589204E-06
"p658": 0
"p659": 0
"p660": 0
"p661": 0
"p662": 0
"p663": 0
"p664": 0
"p665": 0
"p666": 0
"p667": 0
"p668": 0
"p669": 0
"p670": 0
"p671": 0
"p672": 0.0014564175515250043
"p673": 0.00040456043097916787
"p674": 2.8225146347383805E-05
"p675": 1.8816764231589204E-06
"p676": 2.6343469924224884E-05
"p677": 3.7633528463178407E-06
"p678": 0
"p679": 0
"p680": 0.0004271405480570749
"p681": 9.596549758110493E-05
"p682": 5.645029269476761E-06
"p683": 0
"p684": 0.0007846590684572696
"p685": 0.00019004931873905096
"p686": 2.8225146347383805E-05
"p687": 1.8816764231589204E-06
"p688": 0.000425258871633916
"p689": 0.0001279539967748066
"p690": 2.2580117077907045E-05
"p691": 1.8816764231589204E-06
"p692": 0
