"p630": 1.6935087808430286E-05
"p631": 0
"p632": 1.8816764231589204E-06
"p633": 1.8816764231589204E-06
"p634": 1.8816764231589204E-06
"p635": 1.8816764231589204E-06
"p636": 2.8225146347383808E-05
"p637": 9.408382115794602E-06
"p638": 3.7633528463178407E-06
"p639": 1.8816764231589204E-06
"p640": 0.00041396881309496247
"p641": 0.0001392440553137601
"p642": 2.6343469924224887E-05
"p643": 1.8816764231589204E-06
"p644": 0.0026418736981151237
"p645": 0.0008486360668446731
"p646": 0.00012419064392848875
"p647": 1.3171734962112444E-05
"p648": 4.704191057897301E-05
"p649": 9.408382115794602E-06
"p650": 0
"p651": 0
"p652": 0.00043090390090339274
"p653": 9.408382115794602E-05
"p654": 7.5267056926356815E-06
"p655": 0
"p656": 0.0018835580995820794
"p657": 0.0006322432781813973
"p658": 0.00012419064392848873
"p659": 1.8816764231589204E-06
"p660": 0.007338538050319791
"p661": 0.0024894579078392513
"p662": 0.00043654893017286965
"p663": 1.8816764231589203E-05
"p664": 0.0004534840179812998
"p665": 0.00011666393823585308
"p666": 1.1290058538953523E-05
"p667": 0
"p668": 0.0026080035224982636
"p669": 0.0008053575091120179
"p670": 0.00010913723254321738
"p671": 0
"p672": 5.45686162716087E-05
"p673": 2.2580117077907045E-05
"p674": 0
"p675": 0
"p676": 0.0006886935708761649
"p677": 0.00021639278866327584
"p678": 1.1290058538953523E-05
"p679": 0
"p680": 7.5267056926356815E-06
"p681": 5.645029269476761E-06
"p682": 1.8816764231589204E-06
"p683": 0
"p684": 6.774035123372114E-05
"p685": 3.0106822770542726E-05
"p686": 1.3171734962112442E-05
"p687": 0
"p688": 0.00043090390090339274
"p689": 0.00012419064392848875
"p690": 5.645029269476761E-06
"p691": 0
"p692": 0.0034829830592671618
