"p630": 7.5267056926356815E-06
"p631": 0
"p632": 0.0008712161839225803
"p633": 0.0002427362585875007
"p634": 2.0698440654748124E-05
"p635": 0
"p636": 0.0014470091694092097
"p637": 0.00044219395944234633
"p638": 5.456861627160869E-05
"p639": 0
"p640": 0.0002483812878569775
"p641": 6.962202765688005E-05
"p642": 3.7633528463178407E-06
"p643": 0
"p644": 0.00047418245863604805
"p645": 9.032046831162817E-05
"p646": 9.408382115794602E-06
"p647": 0
"p648": 0.0022881185305612473
"p649": 0.0007752506863414753
"p650": 0.00015429746669903146
"p651": 1.5053411385271365E-05
"p652": 0.0071070918502712434
"p653": 0.0025778966997277207
"p654": 0.0004196138423644393
"p655": 2.6343469924224887E-05
"p656": 0.0018703863646199665
"p657": 0.0007263270993393433
"p658": 0.0001298356731979655
"p659": 3.7633528463178407E-06
"p660": 0.0031160561567511722
"p661": 0.0008204109204972893
"p662": 0.00012230896750532982
"p663": 2.2580117077907045E-05
"p664": 0.008495769050562527
"p665": 0.0030332623941321797
"p666": 0.0006265982489119205
"p667": 7.714873334951573E-05
"p668": 0.02066080712628495
"p669": 0.00794820121142328
"p670": 0.0017236156036135714
"p671": 0.0001731142309306207
"p672": 5.8331969117926534E-05
"p673": 1.1290058538953523E-05
"p674": 0
"p675": 0
"p676": 6.021364554108545E-05
"p677": 1.8816764231589203E-05
"p678": 3.7633528463178407E-06
"p679": 0
"p680": 0.000378216961054943
"p681": 0.00012230896750532982
"p682": 2.2580117077907045E-05
"p683": 0
"p684": 0.0016521118995335322
"p685": 0.0005193426927918621
"p686": 4.892358700213192E-05
"p687": 0
"p688": 0.00025967134639593104
"p689": 5.2686939848449775E-05
"p690": 0
"p691": 0
"p692": 0.0015373296377208375
