"p630": 0
"p631": 0
"p632": 0
"p633": 0
"p634": 0
"p635": 0
"p636": 0
"p637": 0
"p638": 0
"p639": 0
"p640": 4.704191057897301E-05
"p641": 1.8816764231589204E-06
"p642": 0
"p643": 0
"p644": 0
"p645": 0
"p646": 0
"p647": 0
"p648": 0.0030953577160964234
"p649": 0.0009370748587331423
"p650": 4.3278557732655166E-05
"p651": 1.8816764231589204E-06
"p652": 0.0005099343106760674
"p653": 0.00013548070246744226
"p654": 0
"p655": 0
"p656": 0.0011911011758595964
"p657": 0.000165587525237985
"p658": 9.408382115794602E-06
"p659": 0
"p660": 0
"p661": 0
"p662": 0
"p663": 0
"p664": 0.0035883569389640606
"p665": 0.0009013230066931227
"p666": 8.655711546531035E-05
"p667": 0
"p668": 0.0007206820700698666
"p669": 0.0001486524374295547
"p670": 5.645029269476761E-06
"p671": 0
"p672": 0.00039703372528653215
"p673": 6.39769983874033E-05
"p674": 0
"p675": 0
"p676": 0
"p677": 0
"p678": 0
"p679": 0
"p680": 0.010070732216746545
"p681": 0.0032082583014859598
"p682": 0.0004628924000970946
"p683": 2.2580117077907055E-05
"p684": 0.002060435683359018
"p685": 0.0004967625757139549
"p686": 7.150370408003896E-05
"p687": 0
"p688": 0.001580608195453493
"p689": 0.0004403122830191874
"p690": 5.268693984844977E-05
"p691": 0
"p692": 0.00011666393823585305
