"p630": 0
"p631": 0
"p632": 0.01736599170933368
"p633": 0.007511652281250411
"p634": 0.0017612491320767498
"p635": 0.00015241579027587258
"p636": 0.014116336526538223
"p637": 0.005470033362122982
"p638": 0.0010744372376237435
"p639": 7.903040977267465E-05
"p640": 0.00024273625858750066
"p641": 7.903040977267465E-05
"p642": 1.5053411385271365E-05
"p643": 0
"p644": 0
"p645": 0
"p646": 0
"p647": 0
"p648": 7.5267056926356815E-06
"p649": 1.8816764231589204E-06
"p650": 0
"p651": 0
"p652": 4.327855773265517E-05
"p653": 1.8816764231589203E-05
"p654": 5.645029269476761E-06
"p655": 0
"p656": 0.0007639606278025216
"p657": 0.0001938126715853688
"p658": 2.2580117077907045E-05
"p659": 0
"p660": 4.8923587002131926E-05
"p661": 5.645029269476761E-06
"p662": 0
"p663": 0
"p664": 0.0001373623788906012
"p665": 2.6343469924224887E-05
"p666": 0
"p667": 0
"p668": 0.0005626212505245172
"p669": 0.0001561791431221904
"p670": 2.8225146347383805E-05
"p671": 3.7633528463178407E-06
"p672": 0.001390558876714442
"p673": 0.0005136976635223853
"p674": 7.526705692635681E-05
"p675": 1.8816764231589204E-06
"p676": 5.645029269476761E-06
"p677": 0
"p678": 0
"p679": 0
"p680": 0.0004760641350592069
"p681": 0.00015994249596850823
"p682": 1.5053411385271365E-05
"p683": 0
"p684": 0.0010499754441226775
"p685": 0.00034999181470755925
"p686": 4.704191057897301E-05
"p687": 1.8816764231589204E-06
"p688": 0.005524601978394591
"p689": 0.0020717257418979714
"p690": 0.0004139688130949624
"p691": 1.1290058538953523E-05
"p692": 0.00014300740816007796
