"p630": 0.00041961384236443927
"p631": 1.5053411385271365E-05
"p632": 0.0004741824586360479
"p633": 0.00014112573173691902
"p634": 2.0698440654748124E-05
"p635": 0
"p636": 0.001319055172634403
"p637": 0.00040079707813285
"p638": 5.45686162716087E-05
"p639": 0
"p640": 0.0003274116976296521
"p641": 9.972885042742278E-05
"p642": 1.6935087808430282E-05
"p643": 1.8816764231589204E-06
"p644": 0.0013886772002912834
"p645": 0.00039138869601705546
"p646": 2.6343469924224884E-05
"p647": 1.8816764231589204E-06
"p648": 6.962202765688006E-05
"p649": 1.6935087808430282E-05
"p650": 3.7633528463178407E-06
"p651": 0
"p652": 0.0004553656944044587
"p653": 8.091208619583358E-05
"p654": 1.1290058538953523E-05
"p655": 0
"p656": 0
"p657": 0
"p658": 0
"p659": 0
"p660": 2.8225146347383805E-05
"p661": 5.645029269476761E-06
"p662": 0
"p663": 0
"p664": 0
"p665": 0
"p666": 0
"p667": 0
"p668": 5.645029269476761E-06
"p669": 0
"p670": 0
"p671": 0
"p672": 8.655711546531033E-05
"p673": 2.4461793501065963E-05
"p674": 3.7633528463178407E-06
"p675": 0
"p676": 0.00040832378382548573
"p677": 9.22021447347871E-05
"p678": 5.645029269476761E-06
"p679": 0
"p680": 5.645029269476761E-06
"p681": 1.8816764231589204E-06
"p682": 1.8816764231589204E-06
"p683": 1.8816764231589204E-06
"p684": 5.645029269476761E-05
"p685": 9.408382115794602E-06
"p686": 1.8816764231589204E-06
"p687": 1.8816764231589204E-06
"p688": 9.972885042742277E-05
"p689": 4.7041910578973015E-05
"p690": 1.6935087808430286E-05
"p691": 1.8816764231589204E-06
"p692": 0.000777132362764634
