"p630": 0
"p631": 0
"p632": 0
"p633": 0
"p634": 0
"p635": 0
"p636": 0
"p637": 0
"p638": 0
"p639": 0
"p640": 0.003829211521128403
"p641": 0.0014526541986786864
"p642": 0.00031047660982122185
"p643": 1.1290058538953523E-05
"p644": 0.00010913723254321737
"p645": 1.6935087808430282E-05
"p646": 0
"p647": 0
"p648": 0.0012851849970175427
"p649": 0.00044595731228866425
"p650": 6.209532196424438E-05
"p651": 0
"p652": 0.0030182089827469087
"p653": 0.0010198686213521348
"p654": 0.00015429746669903146
"p655": 1.8816764231589204E-06
"p656": 0.00014300740816007796
"p657": 2.0698440654748124E-05
"p658": 0
"p659": 0
"p660": 4.516023415581409E-05
"p661": 1.8816764231589204E-06
"p662": 0
"p663": 0
"p664": 1.8816764231589204E-06
"p665": 0
"p666": 0
"p667": 0
"p668": 9.408382115794602E-06
"p669": 0
"p670": 0
"p671": 0
"p672": 0.001717970574344094
"p673": 0.00059272807329506
"p674": 5.833196911792653E-05
"p675": 0
"p676": 7.5267056926356815E-06
"p677": 0
"p678": 0
"p679": 0
"p680": 0.0004647740765202534
"p681": 0.00018816764231589203
"p682": 9.408382115794602E-06
"p683": 1.8816764231589204E-06
"p684": 0.0006378883074508739
"p685": 0.00020698440654748118
"p686": 2.2580117077907045E-05
"p687": 1.8816764231589204E-06
"p688": 0.004075711132562222
"p689": 0.0013040017612491318
"p690": 0.0001467707610063958
"p691": 9.408382115794602E-06
"p692": 4.1396881309496255E-05
