"p630": 0
"p631": 0
"p632": 0.003791577992665225
"p633": 0.0014733526393334345
"p634": 0.00016182417239166716
"p635": 7.5267056926356815E-06
"p636": 0.0034039526494944877
"p637": 0.0010198686213521348
"p638": 0.00013171734962112445
"p639": 0
"p640": 0.0011026623839711274
"p641": 0.0003236483447833343
"p642": 2.4461793501065963E-05
"p643": 1.8816764231589204E-06
"p644": 2.6343469924224884E-05
"p645": 3.7633528463178407E-06
"p646": 0
"p647": 0
"p648": 0.0003594001968233538
"p649": 8.467543904215141E-05
"p650": 5.645029269476761E-06
"p651": 0
"p652": 0.0006811668651835292
"p653": 0.00016935087808430283
"p654": 2.8225146347383805E-05
"p655": 1.8816764231589204E-06
"p656": 2.6343469924224884E-05
"p657": 3.7633528463178407E-06
"p658": 0
"p659": 0
"p660": 1.8816764231589204E-06
"p661": 1.8816764231589204E-06
"p662": 0
"p663": 0
"p664": 0
"p665": 0
"p666": 0
"p667": 0
"p668": 5.645029269476761E-06
"p669": 0
"p670": 0
"p671": 0
"p672": 0.0003594001968233538
"p673": 8.467543904215141E-05
"p674": 5.645029269476761E-06
"p675": 0
"p676": 0
"p677": 0
"p678": 0
"p679": 0
"p680": 6.39769983874033E-05
"p681": 1.1290058538953523E-05
"p682": 1.8816764231589204E-06
"p683": 1.8816764231589204E-06
"p684": 0.00011290058538953522
"p685": 3.0106822770542726E-05
"p686": 5.645029269476761E-06
"p687": 1.8816764231589204E-06
"p688": 0.0006811668651835292
"p689": 0.00016935087808430283
"p690": 2.8225146347383805E-05
"p691": 1.8816764231589204E-06
"p692": 5.645029269476761E-06
