"p630": 0
"p631": 0
"p632": 0
"p633": 0
"p634": 0
"p635": 0
"p636": 7.5267056926356815E-06
"p637": 0
"p638": 0
"p639": 0
"p640": 0.00047606413505920693
"p641": 0.00011478226181269414
"p642": 7.5267056926356815E-06
"p643": 0
"p644": 0.0009765900636194797
"p645": 0.00020322105370116337
"p646": 1.8816764231589203E-05
"p647": 0
"p648": 0.007477782105633549
"p649": 0.002617411904614058
"p650": 0.0005249877220613388
"p651": 4.704191057897301E-05
"p652": 0.016585095993722727
"p653": 0.0058971739101800575
"p654": 0.0010575021498153135
"p655": 7.150370408003898E-05
"p656": 0.0029579953372058233
"p657": 0.0012249713514764574
"p658": 0.00027848811062752024
"p659": 7.5267056926356815E-06
"p660": 0.004453928093617164
"p661": 0.0011722844116280073
"p662": 0.00019381267158536883
"p663": 4.516023415581409E-05
"p664": 0.017881571049279225
"p665": 0.007391224990168241
"p666": 0.001659638605226168
"p667": 0.00015241579027587258
"p668": 0.034453495308039844
"p669": 0.014778686627490163
"p670": 0.0037370093763936163
"p671": 0.00040832378382548573
"p672": 0.00010913723254321738
"p673": 2.6343469924224887E-05
"p674": 0
"p675": 0
"p676": 0.00010725555612005845
"p677": 4.516023415581409E-05
"p678": 7.5267056926356815E-06
"p679": 0
"p680": 0.0021357027402853744
"p681": 0.0006021364554108545
"p682": 6.39769983874033E-05
"p683": 0
"p684": 0.006397699838740328
"p685": 0.0021281760345927387
"p686": 0.0001768775837769385
"p687": 1.8816764231589204E-06
"p688": 0.0004892358700213193
"p689": 9.784717400426385E-05
"p690": 0
"p691": 0
"p692": 0.002916598455896326
