"p630": 0
"p631": 0
"p632": 0
"p633": 0
"p634": 0
"p635": 0
"p636": 0
"p637": 0
"p638": 0
"p639": 0
"p640": 0.00040079707813285
"p641": 6.39769983874033E-05
"p642": 0
"p643": 0
"p644": 0
"p645": 0
"p646": 0
"p647": 0
"p648": 0.008614314665221539
"p649": 0.0028563848103552412
"p650": 0.0004346672537497107
"p651": 2.2580117077907055E-05
"p652": 0.001797000984116769
"p653": 0.00044972066513498195
"p654": 6.962202765688005E-05
"p655": 0
"p656": 0.0018289894833104705
"p657": 0.0004403122830191874
"p658": 5.268693984844977E-05
"p659": 0
"p660": 0.00011666393823585305
"p661": 2.8225146347383805E-05
"p662": 0
"p663": 0
"p664": 0.01665848137422593
"p665": 0.006781561829064751
"p666": 0.0014695892864871175
"p667": 5.080526342529086E-05
"p668": 0.004937518934369007
"p669": 0.0018176994247715173
"p670": 0.0003462284618612414
"p671": 9.408382115794602E-06
"p672": 1.8816764231589203E-05
"p673": 0
"p674": 0
"p675": 0
"p676": 0
"p677": 0
"p678": 0
"p679": 0
"p680": 0.003477338029997684
"p681": 0.0012795399677480658
"p682": 4.704191057897302E-05
"p683": 1.8816764231589204E-06
"p684": 0.00047230078221288896
"p685": 0.0001298356731979655
"p686": 7.5267056926356815E-06
"p687": 0
"p688": 0.0012419064392848874
"p689": 0.0003838619903244198
"p690": 6.585867481056221E-05
"p691": 0
"p692": 0
