"p630": 0
"p631": 0
"p632": 0
"p633": 0
"p634": 0
"p635": 0
"p636": 0
"p637": 0
"p638": 0
"p639": 0
"p640": 0.0005099343106760673
"p641": 0.00016558752523798502
"p642": 3.198849919370165E-05
"p643": 0
"p644": 0.0015711998133376985
"p645": 0.0004384306065960285
"p646": 5.268693984844977E-05
"p647": 0
"p648": 0.005174610163687032
"p649": 0.0021018325646685143
"p650": 0.0003857436667475788
"p651": 1.1290058538953523E-05
"p652": 0.013677905919942192
"p653": 0.005545300419049339
"p654": 0.0012513148214006824
"p655": 4.892358700213194E-05
"p656": 0
"p657": 0
"p658": 0
"p659": 0
"p660": 0.00025402631712645424
"p661": 0
"p662": 0
"p663": 0
"p664": 2.8225146347383805E-05
"p665": 0
"p666": 0
"p667": 0
"p668": 0.00044031228301918735
"p669": 6.209532196424438E-05
"p670": 0
"p671": 0
"p672": 3.387017561686057E-05
"p673": 1.8816764231589204E-06
"p674": 0
"p675": 0
"p676": 0.0003951520488633733
"p677": 7.903040977267463E-05
"p678": 0
"p679": 0
"p680": 0.0015994249596850822
"p681": 0.0004948808992907961
"p682": 5.080526342529084E-05
"p683": 0
"p684": 0.006437215043626668
"p685": 0.0021319393874390563
"p686": 0.00019945770085484557
"p687": 1.8816764231589204E-06
"p688": 0.00019381267158536883
"p689": 6.774035123372114E-05
"p690": 0
"p691": 0
"p692": 0.0013660970832133762
