"p630": 0.0008693345074994212
"p631": 5.8331969117926534E-05
"p632": 0.0010951356782784914
"p633": 0.00023332787647170614
"p634": 3.0106822770542726E-05
"p635": 1.8816764231589204E-06
"p636": 0.00228247350129177
"p637": 0.0007112736879540719
"p638": 9.784717400426387E-05
"p639": 3.7633528463178407E-06
"p640": 0.0005061709578297496
"p641": 0.00016370584881482606
"p642": 3.010682277054273E-05
"p643": 1.8816764231589204E-06
"p644": 0.0015316846084513609
"p645": 0.0005626212505245172
"p646": 8.467543904215141E-05
"p647": 1.8816764231589204E-06
"p648": 0.00014488908458323686
"p649": 5.6450292694767617E-05
"p650": 3.7633528463178407E-06
"p651": 0
"p652": 0.0006981019529919596
"p653": 0.00022015614150959365
"p654": 1.8816764231589203E-05
"p655": 0
"p656": 0.002453706055799232
"p657": 0.0008147658912278125
"p658": 0.00012983567319796552
"p659": 9.408382115794602E-06
"p660": 0.005868948763832673
"p661": 0.002182744650864347
"p662": 0.0004233771952107571
"p663": 1.1290058538953523E-05
"p664": 0.0009201397709247121
"p665": 0.0004158504895181215
"p666": 9.408382115794602E-06
"p667": 0
"p668": 0.0036391622023893523
"p669": 0.001160994353089054
"p670": 3.575185204001949E-05
"p671": 0
"p672": 4.892358700213193E-05
"p673": 2.2580117077907045E-05
"p674": 3.7633528463178407E-06
"p675": 0
"p676": 0.0002521446407032953
"p677": 7.150370408003898E-05
"p678": 5.645029269476761E-06
"p679": 0
"p680": 5.645029269476761E-06
"p681": 1.8816764231589204E-06
"p682": 1.8816764231589204E-06
"p683": 1.8816764231589204E-06
"p684": 3.3870175616860565E-05
"p685": 1.8816764231589204E-06
"p686": 1.8816764231589204E-06
"p687": 1.8816764231589204E-06
"p688": 0.0004440756358655052
"p689": 0.00010161052685058171
"p690": 1.5053411385271363E-05
"p691": 0
"p692": 0.002291881883407565
