"p630": 0
"p631": 0
"p632": 0
"p633": 0
"p634": 0
"p635": 0
"p636": 0
"p637": 0
"p638": 0
"p639": 0
"p640": 0.006130501786651763
"p641": 0.001979523597163184
"p642": 0.00029354152201279153
"p643": 1.5053411385271363E-05
"p644": 2.8225146347383805E-05
"p645": 0
"p646": 0
"p647": 0
"p648": 0.002564724964765608
"p649": 0.0008956779774236462
"p650": 0.00014112573173691902
"p651": 7.5267056926356815E-06
"p652": 0.002470641143607662
"p653": 0.0006228348960656027
"p654": 8.467543904215141E-05
"p655": 0
"p656": 0.010663460290041603
"p657": 0.004357962596036059
"p658": 0.0009803534164657976
"p659": 3.7633528463178407E-05
"p660": 0.0003180033155138575
"p661": 3.1988499193701654E-05
"p662": 0
"p663": 0
"p664": 0.006504955394860389
"p665": 0.002702087343656209
"p666": 0.0005343961041771335
"p667": 1.3171734962112444E-05
"p668": 0.007265152669816592
"p669": 0.0025929501111129926
"p670": 0.00043278557732655173
"p671": 9.408382115794602E-06
"p672": 0.002568488317611926
"p673": 0.0008787428896152158
"p674": 4.1396881309496255E-05
"p675": 1.8816764231589204E-06
"p676": 0
"p677": 0
"p678": 0
"p679": 0
"p680": 0.0009351931823099834
"p681": 0.0004158504895181215
"p682": 9.408382115794602E-06
"p683": 0
"p684": 0.000590846396871901
"p685": 0.0001919309951622099
"p686": 3.010682277054273E-05
"p687": 0
"p688": 0.00900946671408491
"p689": 0.002713377402195163
"p690": 0.0001467707610063958
"p691": 1.8816764231589204E-06
"p692": 6.962202765688006E-05
