"p630": 0
"p631": 0
"p632": 0.010682277054273194
"p633": 0.0034585212657660953
"p634": 0.00045536569440445874
"p635": 1.6935087808430286E-05
"p636": 0.001958825156508436
"p637": 0.000660468424528781
"p638": 5.456861627160868E-05
"p639": 0
"p640": 4.7041910578973E-05
"p641": 1.3171734962112442E-05
"p642": 0
"p643": 0
"p644": 0
"p645": 0
"p646": 0
"p647": 0
"p648": 0.00020886608297064014
"p649": 3.1988499193701654E-05
"p650": 0
"p651": 0
"p652": 3.7633528463178407E-06
"p653": 0
"p654": 0
"p655": 0
"p656": 0
"p657": 0
"p658": 0
"p659": 0
"p660": 0
"p661": 0
"p662": 0
"p663": 0
"p664": 1.1290058538953523E-05
"p665": 1.8816764231589204E-06
"p666": 0
"p667": 0
"p668": 0
"p669": 0
"p670": 0
"p671": 0
"p672": 0.00020886608297064014
"p673": 3.198849919370165E-05
"p674": 0
"p675": 0
"p676": 1.1290058538953523E-05
"p677": 1.8816764231589204E-06
"p678": 0
"p679": 0
"p680": 0.0018854397760052386
"p681": 0.0005005259285602729
"p682": 3.198849919370165E-05
"p683": 1.8816764231589204E-06
"p684": 0.000492999222867637
"p685": 0.0001486524374295547
"p686": 2.6343469924224884E-05
"p687": 1.8816764231589204E-06
"p688": 3.7633528463178407E-06
"p689": 0
"p690": 0
"p691": 0
"p692": 0
