"p630": 0
"p631": 0
"p632": 0.00012419064392848875
"p633": 2.4461793501065966E-05
"p634": 0
"p635": 0
"p636": 7.903040977267466E-05
"p637": 2.4461793501065963E-05
"p638": 9.408382115794602E-06
"p639": 0
"p640": 0.0012738949384785891
"p641": 0.0002483812878569775
"p642": 7.5267056926356815E-06
"p643": 0
"p644": 0.00010725555612005845
"p645": 0
"p646": 0
"p647": 0
"p648": 0.00029730487485910944
"p649": 4.327855773265517E-05
"p650": 0
"p651": 0
"p652": 0.000779014039187793
"p653": 0.0001919309951622099
"p654": 2.4461793501065963E-05
"p655": 0
"p656": 0.00016370584881482606
"p657": 5.645029269476761E-06
"p658": 0
"p659": 0
"p660": 0
"p661": 0
"p662": 0
"p663": 0
"p664": 0
"p665": 0
"p666": 0
"p667": 0
"p668": 0
"p669": 0
"p670": 0
"p671": 0
"p672": 0.006074051493956994
"p673": 0.001953180127238959
"p674": 0.0003123582862443808
"p675": 1.1290058538953523E-05
"p676": 0.0001298356731979655
"p677": 1.3171734962112444E-05
"p678": 0
"p679": 0
"p680": 0.0027171407550414806
"p681": 0.0008655711546531033
"p682": 0.00014865243742955472
"p683": 7.5267056926356815E-06
"p684": 0.004075711132562222
"p685": 0.0012738949384785894
"p686": 0.00021639278866327584
"p687": 1.8816764231589204E-06
"p688": 0.002685152255847779
"p689": 0.0008787428896152159
"p690": 0.00010725555612005844
"p691": 7.5267056926356815E-06
"p692": 3.7633528463178407E-06
