"p630": 0
"p631": 0
"p632": 0.002146992798824328
"p633": 0.0006265982489119204
"p634": 7.526705692635681E-05
"p635": 0
"p636": 0.00016935087808430286
"p637": 3.7633528463178407E-05
"p638": 0
"p639": 0
"p640": 0.0004572473708276177
"p641": 9.032046831162817E-05
"p642": 9.408382115794602E-06
"p643": 0
"p644": 1.6935087808430286E-05
"p645": 0
"p646": 0
"p647": 0
"p648": 0.006856828885991107
"p649": 0.0025101563484939996
"p650": 0.00041585048951812146
"p651": 2.4461793501065966E-05
"p652": 0.0022260232085970027
"p653": 0.00066235010095194
"p654": 0.00012230896750532985
"p655": 1.3171734962112444E-05
"p656": 0.002909071750203691
"p657": 0.0007714873334951573
"p658": 0.00011666393823585305
"p659": 2.2580117077907045E-05
"p660": 0.0002747247577812024
"p661": 5.45686162716087E-05
"p662": 5.645029269476761E-06
"p663": 0
"p664": 0.0194264273926927
"p665": 0.007172950525081806
"p666": 0.001526039579181885
"p667": 0.00014865243742955472
"p668": 0.009425317203603033
"p669": 0.0033587924153386725
"p670": 0.0007752506863414753
"p671": 9.596549758110492E-05
"p672": 6.021364554108545E-05
"p673": 1.8816764231589203E-05
"p674": 3.7633528463178407E-06
"p675": 0
"p676": 0
"p677": 0
"p678": 0
"p679": 0
"p680": 0.0015994249596850822
"p681": 0.0004948808992907961
"p682": 5.080526342529084E-05
"p683": 0
"p684": 0.0003725719317854662
"p685": 0.0001279539967748066
"p686": 1.6935087808430286E-05
"p687": 0
"p688": 0.0015373296377208375
"p689": 0.0004534840179812998
"p690": 6.209532196424438E-05
"p691": 1.8816764231589204E-06
"p692": 0
