"p630": 9.408382115794602E-06
"p631": 0
"p632": 0.008969951509198574
"p633": 0.0031010027453659012
"p634": 0.0005776746619097886
"p635": 5.456861627160869E-05
"p636": 0.020380437339234274
"p637": 0.007362999843820856
"p638": 0.0013811504945986475
"p639": 0.00012419064392848875
"p640": 7.5267056926356815E-06
"p641": 0
"p642": 0
"p643": 0
"p644": 0.0003913886960170555
"p645": 7.714873334951574E-05
"p646": 1.8816764231589204E-06
"p647": 0
"p648": 0.00016935087808430283
"p649": 3.010682277054273E-05
"p650": 0
"p651": 0
"p652": 0.0007394988343014557
"p653": 0.00018440428946957417
"p654": 2.2580117077907045E-05
"p655": 0
"p656": 0
"p657": 0
"p658": 0
"p659": 0
"p660": 0
"p661": 0
"p662": 0
"p663": 0
"p664": 0
"p665": 0
"p666": 0
"p667": 0
"p668": 6.209532196424438E-05
"p669": 1.3171734962112444E-05
"p670": 0
"p671": 0
"p672": 0.0008561627725373086
"p673": 0.00032176666836017533
"p674": 3.7633528463178407E-06
"p675": 0
"p676": 0.001065028855507949
"p677": 0.000284133139896997
"p678": 1.5053411385271363E-05
"p679": 0
"p680": 0.00301632730632375
"p681": 0.000948364917272096
"p682": 0.0001373623788906012
"p683": 9.408382115794602E-06
"p684": 0.007827773920341109
"p685": 0.0028450947518162874
"p686": 0.00044031228301918735
"p687": 1.1290058538953523E-05
"p688": 6.397699838740328E-05
"p689": 9.408382115794602E-06
"p690": 0
"p691": 0
"p692": 6.585867481056221E-05
