"p630": 0
"p631": 0
"p632": 4.327855773265516E-05
"p633": 1.8816764231589204E-06
"p634": 0
"p635": 0
"p636": 3.387017561686057E-05
"p637": 1.8816764231589204E-06
"p638": 0
"p639": 0
"p640": 0
"p641": 0
"p642": 0
"p643": 0
"p644": 5.080526342529086E-05
"p645": 5.645029269476761E-06
"p646": 0
"p647": 0
"p648": 0.0002615530228190899
"p649": 5.645029269476761E-05
"p650": 3.7633528463178407E-06
"p651": 0
"p652": 0.0016332951353019427
"p653": 0.0007169187172235484
"p654": 0.00010537387969689952
"p655": 3.7633528463178407E-06
"p656": 5.080526342529084E-05
"p657": 5.645029269476761E-06
"p658": 0
"p659": 0
"p660": 0.0013096467905186083
"p661": 0.00028601481632015586
"p662": 2.8225146347383808E-05
"p663": 1.8816764231589204E-06
"p664": 0.000496762575713955
"p665": 0.00010725555612005844
"p666": 1.3171734962112444E-05
"p667": 0
"p668": 0.002374675646026557
"p669": 0.0006679951302214168
"p670": 0.00010161052685058171
"p671": 2.2580117077907045E-05
"p672": 0.0002615530228190899
"p673": 5.6450292694767617E-05
"p674": 3.7633528463178407E-06
"p675": 0
"p676": 0.0004967625757139551
"p677": 0.00010725555612005844
"p678": 1.3171734962112444E-05
"p679": 0
"p680": 0.0026795072265783024
"p681": 0.0008655711546531035
"p682": 0.00016746920166114393
"p683": 1.3171734962112444E-05
"p684": 0.00793314780003801
"p685": 0.0027754727241594075
"p686": 0.000472300782212889
"p687": 3.0106822770542733E-05
"p688": 0.0016332951353019427
"p689": 0.0007169187172235485
"p690": 0.00010537387969689954
"p691": 3.7633528463178407E-06
"p692": 0.002374675646026558
