"p630": 0
"p631": 0
"p632": 0.039347735684676186
"p633": 0.016506065583950052
"p634": 0.003927058695132667
"p635": 0.00043278557732655173
"p636": 0.0122026716041856
"p637": 0.004719244469282572
"p638": 0.0009690633579268439
"p639": 7.903040977267466E-05
"p640": 5.645029269476761E-06
"p641": 0
"p642": 0
"p643": 0
"p644": 0
"p645": 0
"p646": 0
"p647": 0
"p648": 0.0002502629642801364
"p649": 8.091208619583358E-05
"p650": 1.5053411385271365E-05
"p651": 0
"p652": 9.408382115794602E-06
"p653": 1.8816764231589204E-06
"p654": 0
"p655": 0
"p656": 0.00042337719521075713
"p657": 7.714873334951574E-05
"p658": 1.8816764231589204E-06
"p659": 0
"p660": 0
"p661": 0
"p662": 0
"p663": 0
"p664": 0.0009069680359625996
"p665": 0.00022580117077907044
"p666": 2.2580117077907045E-05
"p667": 0
"p668": 6.774035123372113E-05
"p669": 7.5267056926356815E-06
"p670": 0
"p671": 0
"p672": 8.655711546531035E-05
"p673": 5.645029269476761E-06
"p674": 0
"p675": 0
"p676": 0
"p677": 0
"p678": 0
"p679": 0
"p680": 0.001821462777617835
"p681": 0.0006341249546045562
"p682": 8.843879188846925E-05
"p683": 1.8816764231589204E-06
"p684": 0.000568266279793994
"p685": 0.0001749959073537796
"p686": 3.010682277054273E-05
"p687": 1.8816764231589204E-06
"p688": 0.0008768612131920567
"p689": 0.00026719805208856665
"p690": 1.5053411385271363E-05
"p691": 0
"p692": 0.00013548070246744226
