"p630": 0
"p631": 0
"p632": 0
"p633": 0
"p634": 0
"p635": 0
"p636": 0
"p637": 0
"p638": 0
"p639": 0
"p640": 0.0006585867481056221
"p641": 0.000165587525237985
"p642": 9.408382115794602E-06
"p643": 0
"p644": 0.00011290058538953522
"p645": 5.645029269476761E-06
"p646": 0
"p647": 0
"p648": 0.00025026296428013644
"p649": 0.00010537387969689954
"p650": 5.645029269476761E-06
"p651": 0
"p652": 0.00048170916432868356
"p653": 9.408382115794602E-05
"p654": 5.645029269476761E-06
"p655": 3.7633528463178407E-06
"p656": 0.00013548070246744226
"p657": 7.5267056926356815E-06
"p658": 0
"p659": 0
"p660": 0
"p661": 0
"p662": 0
"p663": 0
"p664": 0
"p665": 0
"p666": 0
"p667": 0
"p668": 0
"p669": 0
"p670": 0
"p671": 0
"p672": 0.005323262601116586
"p673": 0.0018590963060810134
"p674": 0.00036692690251598946
"p675": 1.1290058538953523E-05
"p676": 0.00011666393823585305
"p677": 1.6935087808430282E-05
"p678": 0
"p679": 0
"p680": 0.0017292606328830479
"p681": 0.0005419228098697691
"p682": 6.962202765688005E-05
"p683": 0
"p684": 0.0035676584983093127
"p685": 0.0011647577059353718
"p686": 0.0001637058488148261
"p687": 1.8816764231589204E-06
"p688": 0.0028055795469299504
"p689": 0.0008354643318825606
"p690": 0.00012042729108217092
"p691": 9.408382115794602E-06
"p692": 3.7633528463178407E-06
