"p630": 0
"p631": 0
"p632": 0
"p633": 0
"p634": 0
"p635": 0
"p636": 0
"p637": 0
"p638": 0
"p639": 0
"p640": 0.00423377195210757
"p641": 0.0017574857792304317
"p642": 0.0003481101382844003
"p643": 1.1290058538953523E-05
"p644": 0.01220643495703192
"p645": 0.004982679168524821
"p646": 0.001144059265280624
"p647": 4.892358700213194E-05
"p648": 0.0016502302231103732
"p649": 0.0006736401594908935
"p650": 9.596549758110493E-05
"p651": 0
"p652": 0.0043617259488823775
"p653": 0.001520394549912408
"p654": 0.0002276828472022294
"p655": 0
"p656": 2.8225146347383805E-05
"p657": 0
"p658": 0
"p659": 0
"p660": 0.0005626212505245173
"p661": 6.209532196424438E-05
"p662": 0
"p663": 0
"p664": 0
"p665": 0
"p666": 0
"p667": 0
"p668": 2.6343469924224887E-05
"p669": 5.645029269476761E-06
"p670": 0
"p671": 0
"p672": 0.0014131389937923494
"p673": 0.00045160234155814093
"p674": 4.892358700213192E-05
"p675": 0
"p676": 0.006179425373653898
"p677": 0.002037855566281111
"p678": 0.00017875926020009743
"p679": 1.8816764231589204E-06
"p680": 0.0002521446407032953
"p681": 7.150370408003898E-05
"p682": 5.645029269476761E-06
"p683": 0
"p684": 0.0006472966895666687
"p685": 0.00017499590735377962
"p686": 2.822514634738381E-05
"p687": 0
"p688": 0.0035036814999219092
"p689": 0.0011365325595879877
"p690": 0.0001373623788906012
"p691": 1.8816764231589204E-06
"p692": 0.014116336526538221
