"p630": 0
"p631": 0
"p632": 5.645029269476761E-06
"p633": 0
"p634": 0
"p635": 0
"p636": 1.6935087808430286E-05
"p637": 0
"p638": 0
"p639": 0
"p640": 0.002359622234641286
"p641": 0.0009427198880026193
"p642": 0.00021074775939379913
"p643": 7.5267056926356815E-06
"p644": 0.003234601771410184
"p645": 0.0008486360668446732
"p646": 0.00012607232035164766
"p647": 2.2580117077907045E-05
"p648": 0.015091044913734546
"p649": 0.006335604516776086
"p650": 0.0014714709629102757
"p651": 0.00013924405531376012
"p652": 0.029378613994780242
"p653": 0.01269002579778376
"p654": 0.0032835253584123166
"p655": 0.00037069025536230727
"p656": 0
"p657": 0
"p658": 0
"p659": 0
"p660": 0.0006322432781813972
"p661": 6.774035123372113E-05
"p662": 0
"p663": 0
"p664": 8.279376261899247E-05
"p665": 5.645029269476761E-06
"p666": 0
"p667": 0
"p668": 0.0010687922083542666
"p669": 0.00016935087808430278
"p670": 5.645029269476761E-06
"p671": 0
"p672": 0.0008862695953078515
"p673": 0.00036504522609283053
"p674": 7.526705692635683E-05
"p675": 0
"p676": 0.001234379733592252
"p677": 0.00038386199032441974
"p678": 7.903040977267468E-05
"p679": 2.2580117077907045E-05
"p680": 0.0058651854109863545
"p681": 0.0018910848052747149
"p682": 0.0002671980520885667
"p683": 1.3171734962112444E-05
"p684": 0.014624389160791132
"p685": 0.0049789158156785035
"p686": 0.0007300904521856612
"p687": 3.9515204886337324E-05
"p688": 0.0008185292440741304
"p689": 0.0001731142309306207
"p690": 0
"p691": 0
"p692": 0.003358792415338673
