"p630": 0
"p631": 0
"p632": 0.0013190551726344028
"p633": 0.0003349384033222878
"p634": 4.516023415581409E-05
"p635": 1.8816764231589204E-06
"p636": 0.0006341249546045562
"p637": 0.00015429746669903143
"p638": 1.8816764231589203E-05
"p639": 1.8816764231589204E-06
"p640": 0.010518571205458365
"p641": 0.004102054602486446
"p642": 0.0009558916229647316
"p643": 0.00010725555612005847
"p644": 0.00040267875455600894
"p645": 5.268693984844976E-05
"p646": 0
"p647": 0
"p648": 0.006439096720049825
"p649": 0.0023313970882939024
"p650": 0.0004760641350592069
"p651": 3.3870175616860565E-05
"p652": 0.011515859709732594
"p653": 0.0038668450495915824
"p654": 0.0007677239806488396
"p655": 7.714873334951573E-05
"p656": 0.0004948808992907961
"p657": 6.39769983874033E-05
"p658": 5.645029269476761E-06
"p659": 0
"p660": 0.00013359902604428333
"p661": 1.6935087808430282E-05
"p662": 0
"p663": 0
"p664": 1.5053411385271363E-05
"p665": 1.8816764231589204E-06
"p666": 0
"p667": 0
"p668": 0.00014300740816007796
"p669": 2.6343469924224887E-05
"p670": 0
"p671": 0
"p672": 0.004045604309791678
"p673": 0.0013435169661354693
"p674": 0.0002107477593937991
"p675": 1.3171734962112442E-05
"p676": 1.5053411385271365E-05
"p677": 0
"p678": 0
"p679": 0
"p680": 0.001988931979278979
"p681": 0.0006341249546045561
"p682": 6.962202765688005E-05
"p683": 0
"p684": 0.002984338807130048
"p685": 0.0009446015644257781
"p686": 0.00016370584881482606
"p687": 7.5267056926356815E-06
"p688": 0.011030387192557592
"p689": 0.003737009376393616
"p690": 0.0006002547789876956
"p691": 3.9515204886337324E-05
"p692": 4.8923587002131926E-05
