"p630": 1.6935087808430286E-05
"p631": 0
"p632": 1.8816764231589203E-05
"p633": 1.8816764231589204E-06
"p634": 1.8816764231589204E-06
"p635": 1.8816764231589204E-06
"p636": 3.7633528463178407E-05
"p637": 9.408382115794602E-06
"p638": 3.7633528463178407E-06
"p639": 1.8816764231589204E-06
"p640": 0.0016163600474935124
"p641": 0.000545686162716087
"p642": 0.00010349220327374062
"p643": 1.8816764231589204E-06
"p644": 0.00622270393138655
"p645": 0.002145111122401169
"p646": 0.0003857436667475788
"p647": 1.8816764231589203E-05
"p648": 0.0004120871366718036
"p649": 9.97288504274228E-05
"p650": 9.408382115794602E-06
"p651": 0
"p652": 0.0024612327614918677
"p653": 0.0007696056570719985
"p654": 0.00010349220327374062
"p655": 0
"p656": 5.645029269476761E-06
"p657": 0
"p658": 0
"p659": 0
"p660": 0.00024085458216434178
"p661": 1.6935087808430282E-05
"p662": 0
"p663": 0
"p664": 0
"p665": 0
"p666": 0
"p667": 0
"p668": 3.198849919370165E-05
"p669": 5.645029269476761E-06
"p670": 0
"p671": 0
"p672": 0.0003518734911307181
"p673": 0.00011666393823585308
"p674": 2.0698440654748128E-05
"p675": 0
"p676": 0.0020566723305127004
"p677": 0.0005908463968719011
"p678": 6.209532196424438E-05
"p679": 0
"p680": 5.2686939848449775E-05
"p681": 2.2580117077907045E-05
"p682": 3.7633528463178407E-06
"p683": 0
"p684": 0.00033870175616860566
"p685": 9.784717400426387E-05
"p686": 1.8816764231589203E-05
"p687": 0
"p688": 0.000686811894453006
"p689": 0.00021827446508643471
"p690": 3.010682277054273E-05
"p691": 1.8816764231589204E-06
"p692": 0.004911175464444783
