"p630": 0
"p631": 0
"p632": 0.0042093101586065055
"p633": 0.0012889483498638604
"p634": 0.00027660643420436126
"p635": 3.387017561686057E-05
"p636": 0.000895677977423646
"p637": 0.00023897290574118285
"p638": 1.8816764231589203E-05
"p639": 0
"p640": 5.6450292694767617E-05
"p641": 5.645029269476761E-06
"p642": 0
"p643": 0
"p644": 0
"p645": 0
"p646": 0
"p647": 0
"p648": 0.0017744208670388616
"p649": 0.0004723007822128889
"p650": 7.714873334951572E-05
"p651": 5.645029269476761E-06
"p652": 0.00012042729108217089
"p653": 1.8816764231589203E-05
"p654": 0
"p655": 0
"p656": 0.001510986167796613
"p657": 0.00030294990412858613
"p658": 2.8225146347383808E-05
"p659": 1.8816764231589204E-06
"p660": 0
"p661": 0
"p662": 0
"p663": 0
"p664": 0.004502851680619296
"p665": 0.0010951356782784914
"p666": 0.00013736237889060116
"p667": 7.5267056926356815E-06
"p668": 0.0006153081903729668
"p669": 9.97288504274228E-05
"p670": 1.1290058538953523E-05
"p671": 0
"p672": 0.0005118159870992265
"p673": 0.00010913723254321737
"p674": 1.3171734962112444E-05
"p675": 0
"p676": 1.6935087808430286E-05
"p677": 0
"p678": 0
"p679": 0
"p680": 0.007684766512181033
"p681": 0.0028149879290457454
"p682": 0.0004591290472507766
"p683": 2.4461793501065966E-05
"p684": 0.002519564730609794
"p685": 0.0007658423042256806
"p686": 0.0001392440553137601
"p687": 1.3171734962112444E-05
"p688": 0.0025440265241108598
"p689": 0.0007244454229161843
"p690": 0.00011854561465901199
"p691": 2.2580117077907045E-05
"p692": 0.0002747247577812024
