"p630": 0
"p631": 0
"p632": 0
"p633": 0
"p634": 0
"p635": 0
"p636": 0
"p637": 0
"p638": 0
"p639": 0
"p640": 0.0003876253431707376
"p641": 7.33853805031979E-05
"p642": 1.8816764231589204E-06
"p643": 0
"p644": 0
"p645": 0
"p646": 0
"p647": 0
"p648": 0.000944601564425778
"p649": 0.0002747247577812023
"p650": 1.5053411385271363E-05
"p651": 0
"p652": 6.585867481056221E-05
"p653": 1.8816764231589204E-06
"p654": 0
"p655": 0
"p656": 0
"p657": 0
"p658": 0
"p659": 0
"p660": 0
"p661": 0
"p662": 0
"p663": 0
"p664": 0.00013548070246744226
"p665": 7.5267056926356815E-06
"p666": 0
"p667": 0
"p668": 0
"p669": 0
"p670": 0
"p671": 0
"p672": 0.0008429910375751962
"p673": 0.00021074775939379907
"p674": 2.2580117077907045E-05
"p675": 0
"p676": 6.209532196424438E-05
"p677": 1.3171734962112444E-05
"p678": 0
"p679": 0
"p680": 0.007033706469768045
"p681": 0.0023934924102581466
"p682": 0.00043466725374971066
"p683": 1.1290058538953523E-05
"p684": 0.0022749467955991347
"p685": 0.0008204109204972893
"p686": 0.00014300740816007793
"p687": 1.8816764231589204E-06
"p688": 6.774035123372113E-05
"p689": 7.5267056926356815E-06
"p690": 0
"p691": 0
"p692": 0
