"p630": 0
"p631": 0
"p632": 0.0008241742733436071
"p633": 0.00028036978705067917
"p634": 6.774035123372114E-05
"p635": 1.1290058538953523E-05
"p636": 0.00013359902604428333
"p637": 3.9515204886337324E-05
"p638": 5.645029269476761E-06
"p639": 0
"p640": 1.3171734962112442E-05
"p641": 0
"p642": 0
"p643": 0
"p644": 0
"p645": 0
"p646": 0
"p647": 0
"p648": 0.0008411093611520372
"p649": 0.00015241579027587253
"p650": 1.3171734962112444E-05
"p651": 0
"p652": 2.822514634738381E-05
"p653": 1.8816764231589204E-06
"p654": 0
"p655": 0
"p656": 0.0005532128684087225
"p657": 7.150370408003898E-05
"p658": 1.8816764231589204E-06
"p659": 0
"p660": 0
"p661": 0
"p662": 0
"p663": 0
"p664": 0.0018195811011946755
"p665": 0.00029730487485910944
"p666": 7.5267056926356815E-06
"p667": 0
"p668": 0.0001825226130464153
"p669": 1.6935087808430282E-05
"p670": 0
"p671": 0
"p672": 0.00018252261304641524
"p673": 2.8225146347383808E-05
"p674": 0
"p675": 0
"p676": 0
"p677": 0
"p678": 0
"p679": 0
"p680": 0.0029297701908584392
"p681": 0.0009558916229647315
"p682": 0.00013359902604428335
"p683": 1.3171734962112444E-05
"p684": 0.00045348401798129986
"p685": 0.00012419064392848875
"p686": 2.6343469924224887E-05
"p687": 1.8816764231589204E-06
"p688": 0.0009483649172720958
"p689": 0.0002107477593937991
"p690": 2.2580117077907045E-05
"p691": 0
"p692": 5.645029269476761E-05
