"p630": 4.139688130949625E-05
"p631": 5.645029269476761E-06
"p632": 0.00013736237889060116
"p633": 4.516023415581409E-05
"p634": 1.1290058538953523E-05
"p635": 0
"p636": 6.962202765688005E-05
"p637": 2.4461793501065966E-05
"p638": 1.3171734962112442E-05
"p639": 0
"p640": 3.387017561686057E-05
"p641": 3.7633528463178407E-06
"p642": 0
"p643": 0
"p644": 0.0008373460083057194
"p645": 0.00015241579027587253
"p646": 1.3171734962112444E-05
"p647": 0
"p648": 1.8816764231589204E-06
"p649": 0
"p650": 0
"p651": 0
"p652": 8.655711546531035E-05
"p653": 2.6343469924224887E-05
"p654": 0
"p655": 0
"p656": 0.00022956452362538827
"p657": 2.6343469924224887E-05
"p658": 0
"p659": 0
"p660": 0.001763130808499908
"p661": 0.0002935415220127916
"p662": 7.5267056926356815E-06
"p663": 0
"p664": 3.0106822770542726E-05
"p665": 0
"p666": 0
"p667": 0
"p668": 0.0006096631611034901
"p669": 0.00017499590735377957
"p670": 2.4461793501065963E-05
"p671": 0
"p672": 0.0004290222244802338
"p673": 0.00014112573173691902
"p674": 2.6343469924224887E-05
"p675": 1.8816764231589204E-06
"p676": 0.0028676748688941946
"p677": 0.0009370748587331422
"p678": 0.00013359902604428335
"p679": 1.3171734962112444E-05
"p680": 4.704191057897301E-05
"p681": 9.408382115794602E-06
"p682": 0
"p683": 0
"p684": 0.00041773216594128033
"p685": 8.467543904215141E-05
"p686": 7.5267056926356815E-06
"p687": 0
"p688": 0.0019625885093547536
"p689": 0.0006454150131435097
"p690": 0.00012419064392848873
"p691": 1.8816764231589204E-06
"p692": 0.008510822461947799
