"p630": 0
"p631": 0
"p632": 0
"p633": 0
"p634": 0
"p635": 0
"p636": 0
"p637": 0
"p638": 0
"p639": 0
"p640": 0
"p641": 0
"p642": 0
"p643": 0
"p644": 7.5267056926356815E-06
"p645": 0
"p646": 0
"p647": 0
"p648": 8.655711546531033E-05
"p649": 1.1290058538953523E-05
"p650": 0
"p651": 0
"p652": 0.0008354643318825605
"p653": 0.00031988499193701646
"p654": 3.7633528463178407E-06
"p655": 0
"p656": 5.645029269476761E-06
"p657": 0
"p658": 0
"p659": 0
"p660": 0.0004290222244802338
"p661": 8.27937626189925E-05
"p662": 1.8816764231589204E-06
"p663": 0
"p664": 8.655711546531033E-05
"p665": 5.645029269476761E-06
"p666": 0
"p667": 0
"p668": 0.0009954068278510688
"p669": 0.0002747247577812023
"p670": 1.5053411385271363E-05
"p671": 0
"p672": 2.2580117077907045E-05
"p673": 1.8816764231589204E-06
"p674": 0
"p675": 0
"p676": 0.0001693508780843028
"p677": 3.010682277054273E-05
"p678": 0
"p679": 0
"p680": 0.0006378883074508741
"p681": 0.0001975760244316866
"p682": 3.3870175616860565E-05
"p683": 1.8816764231589204E-06
"p684": 0.003087831010403789
"p685": 0.0009615366522342085
"p686": 0.00014112573173691902
"p687": 9.408382115794602E-06
"p688": 0.00024838128785697745
"p689": 8.091208619583358E-05
"p690": 1.5053411385271365E-05
"p691": 0
"p692": 0.0008015941562657001
