"p630": 9.032046831162817E-05
"p631": 1.8816764231589204E-06
"p632": 0.012076599283833953
"p633": 0.003913886960170554
"p634": 0.0006774035123372114
"p635": 4.892358700213193E-05
"p636": 0.02523139915813797
"p637": 0.009116722270204972
"p638": 0.0014206656994849851
"p639": 0.00010349220327374063
"p640": 0.0006209532196424437
"p641": 0.00020510273012432228
"p642": 3.7633528463178407E-06
"p643": 0
"p644": 0.000777132362764634
"p645": 0.0001731142309306207
"p646": 9.408382115794602E-06
"p647": 0
"p648": 0.0023483321761023327
"p649": 0.000735735481455138
"p650": 0.00011854561465901199
"p651": 9.408382115794602E-06
"p652": 0.005912227321565328
"p653": 0.0021206493289001034
"p654": 0.0003706902553623073
"p655": 1.1290058538953523E-05
"p656": 0
"p657": 0
"p658": 0
"p659": 0
"p660": 0.00011290058538953522
"p661": 5.645029269476761E-06
"p662": 0
"p663": 0
"p664": 1.1290058538953523E-05
"p665": 0
"p666": 0
"p667": 0
"p668": 0.00010913723254321738
"p669": 1.6935087808430282E-05
"p670": 0
"p671": 0
"p672": 0.00023520955289486504
"p673": 0.00011666393823585305
"p674": 0
"p675": 0
"p676": 0.00025026296428013644
"p677": 0.00010537387969689954
"p678": 5.645029269476761E-06
"p679": 0
"p680": 0.0006736401594908935
"p681": 0.00021827446508643471
"p682": 2.0698440654748124E-05
"p683": 0
"p684": 0.0019362450394305292
"p685": 0.0007338538050319789
"p686": 7.150370408003898E-05
"p687": 0
"p688": 9.972885042742278E-05
"p689": 1.5053411385271363E-05
"p690": 5.645029269476761E-06
"p691": 0
"p692": 0.0004817091643286836
