"p630": 0
"p631": 0
"p632": 0
"p633": 0
"p634": 0
"p635": 0
"p636": 0
"p637": 0
"p638": 0
"p639": 0
"p640": 0.001960706832931595
"p641": 0.0006698768066445757
"p642": 0.0001373623788906012
"p643": 1.3171734962112444E-05
"p644": 0.00573534973778839
"p645": 0.0021564011809401228
"p646": 0.0004139688130949624
"p647": 3.0106822770542733E-05
"p648": 0.00043654893017286954
"p649": 0.00013359902604428335
"p650": 1.6935087808430286E-05
"p651": 0
"p652": 0.002519564730609794
"p653": 0.000711273687954072
"p654": 9.784717400426387E-05
"p655": 5.645029269476761E-06
"p656": 0.005735349737788389
"p657": 0.0021564011809401228
"p658": 0.0004139688130949625
"p659": 3.010682277054273E-05
"p660": 0.014308267521700436
"p661": 0.005991257731338002
"p662": 0.001445127492986051
"p663": 0.00013548070246744226
"p664": 0.0018666230117736489
"p665": 0.0006943386001456416
"p666": 5.8331969117926534E-05
"p667": 0
"p668": 0.008635013105876289
"p669": 0.0029579953372058224
"p670": 0.0003612818732465127
"p671": 1.3171734962112442E-05
"p672": 0.00043654893017286954
"p673": 0.00013359902604428335
"p674": 1.6935087808430286E-05
"p675": 0
"p676": 0.0018666230117736489
"p677": 0.0006943386001456416
"p678": 5.8331969117926534E-05
"p679": 0
"p680": 6.39769983874033E-05
"p681": 1.1290058538953523E-05
"p682": 1.8816764231589204E-06
"p683": 1.8816764231589204E-06
"p684": 0.0002653163756654078
"p685": 5.268693984844976E-05
"p686": 9.408382115794602E-06
"p687": 1.8816764231589204E-06
"p688": 0.002519564730609794
"p689": 0.000711273687954072
"p690": 9.784717400426387E-05
"p691": 5.645029269476761E-06
"p692": 0.008635013105876286
