"p630": 0
"p631": 0
"p632": 0.006551997305439362
"p633": 0.002194034709403301
"p634": 0.00025026296428013644
"p635": 7.5267056926356815E-06
"p636": 0.005880238822371627
"p637": 0.0016445851938408963
"p638": 0.00019569434800852773
"p639": 9.408382115794602E-06
"p640": 0.0012419064392848872
"p641": 0.0004666557529434122
"p642": 7.150370408003898E-05
"p643": 1.8816764231589204E-06
"p644": 5.645029269476761E-06
"p645": 0
"p646": 0
"p647": 0
"p648": 0.0004327855773265517
"p649": 0.00015053411385271363
"p650": 1.5053411385271365E-05
"p651": 0
"p652": 0.0010104602392363403
"p653": 0.0003462284618612414
"p654": 4.704191057897301E-05
"p655": 1.8816764231589204E-06
"p656": 0.004866015230288968
"p657": 0.0018176994247715169
"p658": 0.0003650452260928305
"p659": 1.1290058538953523E-05
"p660": 0.00018816764231589203
"p661": 2.2580117077907045E-05
"p662": 0
"p663": 0
"p664": 0.002077370771167448
"p665": 0.0007564339221098862
"p666": 6.585867481056221E-05
"p667": 0
"p668": 0.004841553436787903
"p669": 0.0016238867531861482
"p670": 0.00016182417239166716
"p671": 9.408382115794602E-06
"p672": 0.0002088660829706401
"p673": 6.209532196424438E-05
"p674": 5.645029269476761E-06
"p675": 0
"p676": 0
"p677": 0
"p678": 0
"p679": 0
"p680": 4.516023415581409E-05
"p681": 1.1290058538953523E-05
"p682": 1.8816764231589204E-06
"p683": 1.8816764231589204E-06
"p684": 7.150370408003898E-05
"p685": 2.4461793501065963E-05
"p686": 5.645029269476761E-06
"p687": 1.8816764231589204E-06
"p688": 0.0021789812980180295
"p689": 0.000686811894453006
"p690": 9.596549758110495E-05
"p691": 0
"p692": 5.645029269476761E-06
