"p630": 0
"p631": 0
"p632": 3.575185204001948E-05
"p633": 1.8816764231589204E-06
"p634": 0
"p635": 0
"p636": 0
"p637": 0
"p638": 0
"p639": 0
"p640": 0.009530691083299932
"p641": 0.004201783452913869
"p642": 0.0011214791482027167
"p643": 0.0001204272910821709
"p644": 0.00042902222448023376
"p645": 6.209532196424438E-05
"p646": 0
"p647": 0
"p648": 0.004096409573216969
"p649": 0.0015091044913734543
"p650": 0.00023709122931802394
"p651": 7.5267056926356815E-06
"p652": 0.010439540795685692
"p653": 0.0037144292593157087
"p654": 0.0006190715432192849
"p655": 3.9515204886337324E-05
"p656": 0.0004290222244802338
"p657": 6.209532196424436E-05
"p658": 0
"p659": 0
"p660": 0.00016182417239166716
"p661": 1.8816764231589203E-05
"p662": 0
"p663": 0
"p664": 1.5053411385271363E-05
"p665": 0
"p666": 0
"p667": 0
"p668": 4.8923587002131926E-05
"p669": 9.408382115794602E-06
"p670": 0
"p671": 0
"p672": 0.00409640957321697
"p673": 0.001509104491373454
"p674": 0.00023709122931802394
"p675": 7.5267056926356815E-06
"p676": 1.5053411385271365E-05
"p677": 0
"p678": 0
"p679": 0
"p680": 0.001390558876714442
"p681": 0.0004873541935981604
"p682": 3.198849919370165E-05
"p683": 1.8816764231589204E-06
"p684": 0.0029222434851658035
"p685": 0.0009389565351563014
"p686": 9.972885042742277E-05
"p687": 1.8816764231589204E-06
"p688": 0.010439540795685692
"p689": 0.0037144292593157082
"p690": 0.0006190715432192848
"p691": 3.9515204886337324E-05
"p692": 4.8923587002131926E-05
