"p630": 0
"p631": 0
"p632": 0
"p633": 0
"p634": 0
"p635": 0
"p636": 0
"p637": 0
"p638": 0
"p639": 0
"p640": 0.0005061709578297496
"p641": 0.00016370584881482604
"p642": 3.010682277054273E-05
"p643": 1.8816764231589204E-06
"p644": 0.0024537060557992315
"p645": 0.0008147658912278125
"p646": 0.0001298356731979655
"p647": 9.408382115794602E-06
"p648": 4.892358700213193E-05
"p649": 2.2580117077907045E-05
"p650": 3.7633528463178407E-06
"p651": 0
"p652": 0.0004440756358655052
"p653": 0.00010161052685058169
"p654": 1.5053411385271363E-05
"p655": 0
"p656": 0.0015316846084513609
"p657": 0.0005626212505245172
"p658": 8.467543904215141E-05
"p659": 1.8816764231589204E-06
"p660": 0.005868948763832673
"p661": 0.0021827446508643476
"p662": 0.0004233771952107572
"p663": 1.1290058538953523E-05
"p664": 0.0002521446407032953
"p665": 7.150370408003898E-05
"p666": 5.645029269476761E-06
"p667": 0
"p668": 0.002291881883407565
"p669": 0.0007150370408003898
"p670": 9.408382115794602E-05
"p671": 0
"p672": 0.00014488908458323686
"p673": 5.6450292694767617E-05
"p674": 3.7633528463178407E-06
"p675": 0
"p676": 0.000920139770924712
"p677": 0.0004158504895181214
"p678": 9.408382115794602E-06
"p679": 0
"p680": 5.645029269476761E-06
"p681": 1.8816764231589204E-06
"p682": 1.8816764231589204E-06
"p683": 1.8816764231589204E-06
"p684": 6.021364554108545E-05
"p685": 2.2580117077907045E-05
"p686": 9.408382115794602E-06
"p687": 1.8816764231589204E-06
"p688": 0.0006981019529919593
"p689": 0.00022015614150959365
"p690": 1.8816764231589203E-05
"p691": 0
"p692": 0.0036391622023893523
