"p630": 0.0014112573173691906
"p631": 0.00010349220327374063
"p632": 0.0027717093713130895
"p633": 0.0008655711546531033
"p634": 0.00016182417239166716
"p635": 9.408382115794602E-06
"p636": 0.0035996469975030144
"p637": 0.0012080362636680267
"p638": 0.00019004931873905094
"p639": 9.408382115794602E-06
"p640": 0.001992695332125296
"p641": 0.0006548233952593043
"p642": 0.00011290058538953523
"p643": 9.408382115794602E-06
"p644": 0.004621397295278308
"p645": 0.0017612491320767492
"p646": 0.0003612818732465127
"p647": 1.1290058538953523E-05
"p648": 0.0007489072164172504
"p649": 0.0002935415220127916
"p650": 9.408382115794602E-06
"p651": 0
"p652": 0.0030727775990185167
"p653": 0.0009201397709247122
"p654": 3.7633528463178407E-05
"p655": 0
"p656": 1.1290058538953523E-05
"p657": 0
"p658": 0
"p659": 0
"p660": 0.00015429746669903146
"p661": 1.8816764231589203E-05
"p662": 0
"p663": 0
"p664": 0
"p665": 0
"p666": 0
"p667": 0
"p668": 3.7633528463178407E-05
"p669": 9.408382115794602E-06
"p670": 0
"p671": 0
"p672": 0.000545686162716087
"p673": 0.000188167642315892
"p674": 2.0698440654748124E-05
"p675": 0
"p676": 0.0015429746669903147
"p677": 0.000521224369215021
"p678": 6.962202765688005E-05
"p679": 0
"p680": 0.00018816764231589203
"p681": 0.00012419064392848875
"p682": 1.8816764231589204E-06
"p683": 1.8816764231589204E-06
"p684": 0.0006905752472993239
"p685": 0.0002559079935496132
"p686": 1.8816764231589204E-06
"p687": 1.8816764231589204E-06
"p688": 0.000874979536768898
"p689": 0.0002521446407032953
"p690": 4.516023415581409E-05
"p691": 1.8816764231589204E-06
"p692": 0.0033682007974544675
