"p630": 0
"p631": 0
"p632": 9.784717400426385E-05
"p633": 3.575185204001948E-05
"p634": 7.5267056926356815E-06
"p635": 1.8816764231589204E-06
"p636": 5.833196911792653E-05
"p637": 2.4461793501065963E-05
"p638": 3.7633528463178407E-06
"p639": 1.8816764231589204E-06
"p640": 0.0020190388020495213
"p641": 0.0006247165724887615
"p642": 8.27937626189925E-05
"p643": 7.5267056926356815E-06
"p644": 1.1290058538953523E-05
"p645": 0
"p646": 0
"p647": 0
"p648": 0.0007037469822614364
"p649": 0.00024838128785697745
"p650": 4.1396881309496255E-05
"p651": 5.645029269476761E-06
"p652": 0.0007620789513793627
"p653": 0.00020886608297064014
"p654": 3.3870175616860565E-05
"p655": 1.8816764231589204E-06
"p656": 0.005368422835272399
"p657": 0.0018007643369630868
"p658": 0.00030294990412858624
"p659": 1.1290058538953523E-05
"p660": 0.00016558752523798497
"p661": 1.3171734962112444E-05
"p662": 0
"p663": 0
"p664": 0.0025496715533803367
"p665": 0.0008561627725373088
"p666": 0.0001467707610063958
"p667": 7.5267056926356815E-06
"p668": 0.0039044785780547597
"p669": 0.0012381430864385698
"p670": 0.00021639278866327584
"p671": 1.8816764231589204E-06
"p672": 0.0005475678391392458
"p673": 0.00016558752523798497
"p674": 9.408382115794602E-06
"p675": 0
"p676": 0
"p677": 0
"p678": 0
"p679": 0
"p680": 0.0001486524374295547
"p681": 5.645029269476761E-05
"p682": 3.7633528463178407E-06
"p683": 0
"p684": 0.00011854561465901199
"p685": 5.080526342529086E-05
"p686": 1.3171734962112442E-05
"p687": 0
"p688": 0.002957995337205822
"p689": 0.0008015941562657001
"p690": 4.139688130949625E-05
"p691": 0
"p692": 3.7633528463178407E-05
