"p630": 0
"p631": 0
"p632": 0
"p633": 0
"p634": 0
"p635": 0
"p636": 0
"p637": 0
"p638": 0
"p639": 0
"p640": 0.0006322432781813972
"p641": 0.00016935087808430283
"p642": 1.8816764231589204E-06
"p643": 0
"p644": 0.0029692853957447754
"p645": 0.000920139770924712
"p646": 4.139688130949625E-05
"p647": 1.8816764231589204E-06
"p648": 4.516023415581409E-05
"p649": 7.5267056926356815E-06
"p650": 0
"p651": 0
"p652": 0.00018816764231589203
"p653": 4.327855773265517E-05
"p654": 0
"p655": 0
"p656": 0.0007357354814551379
"p657": 0.0001674692016611439
"p658": 7.5267056926356815E-06
"p659": 0
"p660": 0.0035375516755387698
"p661": 0.0008768612131920567
"p662": 8.467543904215141E-05
"p663": 0
"p664": 0.00013736237889060116
"p665": 4.5160234155814084E-05
"p666": 1.1290058538953521E-05
"p667": 0
"p668": 0.0011440592652806236
"p669": 0.0003217666683601754
"p670": 4.3278557732655166E-05
"p671": 0
"p672": 0.002305053618369677
"p673": 0.0006830485416066881
"p674": 0.00011101890896637632
"p675": 1.8816764231589204E-06
"p676": 0.009171290886476578
"p677": 0.0029297701908584392
"p678": 0.00041208713667180365
"p679": 2.0698440654748134E-05
"p680": 0.00045912904725077655
"p681": 0.00011666393823585307
"p682": 1.1290058538953523E-05
"p683": 0
"p684": 0.001042448738430042
"p685": 0.00022015614150959367
"p686": 2.0698440654748128E-05
"p687": 0
"p688": 0.005893410557333738
"p689": 0.002363385587487604
"p690": 0.0003932703724402144
"p691": 1.1290058538953523E-05
"p692": 0.01937562212926741
