"p630": 0
"p631": 0
"p632": 0
"p633": 0
"p634": 0
"p635": 0
"p636": 0
"p637": 0
"p638": 0
"p639": 0
"p640": 0.0006209532196424437
"p641": 0.0002051027301243223
"p642": 3.7633528463178407E-06
"p643": 0
"p644": 0
"p645": 0
"p646": 0
"p647": 0
"p648": 0.00023520955289486504
"p649": 0.00011666393823585304
"p650": 0
"p651": 0
"p652": 9.972885042742278E-05
"p653": 1.5053411385271363E-05
"p654": 5.645029269476761E-06
"p655": 0
"p656": 0.0007771323627646341
"p657": 0.00017311423093062066
"p658": 9.408382115794602E-06
"p659": 0
"p660": 0.00011290058538953522
"p661": 5.645029269476761E-06
"p662": 0
"p663": 0
"p664": 0.00025026296428013644
"p665": 0.00010537387969689954
"p666": 5.645029269476761E-06
"p667": 0
"p668": 0.00048170916432868356
"p669": 9.408382115794602E-05
"p670": 5.645029269476761E-06
"p671": 3.7633528463178407E-06
"p672": 0.0023483321761023322
"p673": 0.0007357354814551379
"p674": 0.00011854561465901199
"p675": 9.408382115794602E-06
"p676": 1.1290058538953523E-05
"p677": 0
"p678": 0
"p679": 0
"p680": 0.0006736401594908936
"p681": 0.00021827446508643477
"p682": 2.0698440654748124E-05
"p683": 0
"p684": 0.0009615366522342082
"p685": 0.0002690797285117256
"p686": 4.516023415581409E-05
"p687": 1.8816764231589204E-06
"p688": 0.005912227321565327
"p689": 0.0021206493289001034
"p690": 0.0003706902553623073
"p691": 1.1290058538953523E-05
"p692": 0.00010913723254321737
