"p630": 0
"p631": 0
"p632": 0
"p633": 0
"p634": 0
"p635": 0
"p636": 0
"p637": 0
"p638": 0
"p639": 0
"p640": 2.0698440654748124E-05
"p641": 1.8816764231589204E-06
"p642": 0
"p643": 0
"p644": 0.00016558752523798497
"p645": 3.010682277054273E-05
"p646": 0
"p647": 0
"p648": 0.0005475678391392458
"p649": 0.0001806409366232563
"p650": 3.198849919370165E-05
"p651": 1.8816764231589204E-06
"p652": 0.0026023584932287867
"p653": 0.0008486360668446732
"p654": 0.00013548070246744226
"p655": 9.408382115794602E-06
"p656": 0.00024838128785697745
"p657": 8.091208619583358E-05
"p658": 1.5053411385271365E-05
"p659": 0
"p660": 0.0008505177432678318
"p661": 0.00020322105370116337
"p662": 2.2580117077907045E-05
"p663": 0
"p664": 0.0017236156036135714
"p665": 0.0006190715432192849
"p666": 8.843879188846925E-05
"p667": 1.8816764231589204E-06
"p668": 0.0066046842452878105
"p669": 0.002481931202146616
"p670": 0.0004817091643286837
"p671": 1.1290058538953523E-05
"p672": 1.8816764231589204E-06
"p673": 0
"p674": 0
"p675": 0
"p676": 3.7633528463178407E-06
"p677": 0
"p678": 0
"p679": 0
"p680": 0.0001486524374295547
"p681": 5.6450292694767617E-05
"p682": 3.7633528463178407E-06
"p683": 0
"p684": 0.0009370748587331423
"p685": 0.00041773216594128033
"p686": 9.408382115794602E-06
"p687": 0
"p688": 3.387017561686057E-05
"p689": 1.6935087808430286E-05
"p690": 5.645029269476761E-06
"p691": 0
"p692": 0.0005024076049834317
