"p630": 0
"p631": 0
"p632": 0.02344568823256015
"p633": 0.008373460083057196
"p634": 0.0016125966946471946
"p635": 0.00014300740816007796
"p636": 0.005575407241819881
"p637": 0.0018271078068873114
"p638": 0.0002954231984359505
"p639": 3.198849919370165E-05
"p640": 0.00038762534317073765
"p641": 7.33853805031979E-05
"p642": 1.8816764231589204E-06
"p643": 0
"p644": 0
"p645": 0
"p646": 0
"p647": 0
"p648": 0.0008429910375751963
"p649": 0.00021074775939379907
"p650": 2.2580117077907045E-05
"p651": 0
"p652": 6.774035123372113E-05
"p653": 7.5267056926356815E-06
"p654": 0
"p655": 0
"p656": 0
"p657": 0
"p658": 0
"p659": 0
"p660": 0
"p661": 0
"p662": 0
"p663": 0
"p664": 6.209532196424438E-05
"p665": 1.3171734962112444E-05
"p666": 0
"p667": 0
"p668": 0
"p669": 0
"p670": 0
"p671": 0
"p672": 0.0009446015644257779
"p673": 0.0002747247577812023
"p674": 1.5053411385271363E-05
"p675": 0
"p676": 0.00013548070246744226
"p677": 7.5267056926356815E-06
"p678": 0
"p679": 0
"p680": 0.0070337064697680455
"p681": 0.0023934924102581466
"p682": 0.0004346672537497106
"p683": 1.1290058538953523E-05
"p684": 0.0035940019682335384
"p685": 0.001155349323819577
"p686": 0.00014112573173691902
"p687": 9.408382115794602E-06
"p688": 6.585867481056221E-05
"p689": 1.8816764231589204E-06
"p690": 0
"p691": 0
"p692": 0
