"p630": 0
"p631": 0
"p632": 0
"p633": 0
"p634": 0
"p635": 0
"p636": 0
"p637": 0
"p638": 0
"p639": 0
"p640": 0.0012419064392848872
"p641": 0.00046665575294341233
"p642": 7.150370408003898E-05
"p643": 1.8816764231589204E-06
"p644": 0.00486601523028897
"p645": 0.0018176994247715169
"p646": 0.00036504522609283064
"p647": 1.1290058538953523E-05
"p648": 0.00020886608297064014
"p649": 6.209532196424438E-05
"p650": 5.645029269476761E-06
"p651": 0
"p652": 0.00217898129801803
"p653": 0.000686811894453006
"p654": 9.596549758110493E-05
"p655": 0
"p656": 5.645029269476761E-06
"p657": 0
"p658": 0
"p659": 0
"p660": 0.00018816764231589203
"p661": 2.2580117077907045E-05
"p662": 0
"p663": 0
"p664": 0
"p665": 0
"p666": 0
"p667": 0
"p668": 5.645029269476761E-06
"p669": 0
"p670": 0
"p671": 0
"p672": 0.0004327855773265518
"p673": 0.00015053411385271363
"p674": 1.5053411385271365E-05
"p675": 0
"p676": 0.0020773707711674474
"p677": 0.000756433922109886
"p678": 6.585867481056221E-05
"p679": 0
"p680": 4.516023415581409E-05
"p681": 1.1290058538953523E-05
"p682": 1.8816764231589204E-06
"p683": 1.8816764231589204E-06
"p684": 0.00028225146347383805
"p685": 7.714873334951574E-05
"p686": 9.408382115794602E-06
"p687": 1.8816764231589204E-06
"p688": 0.0010104602392363403
"p689": 0.00034622846186124133
"p690": 4.704191057897301E-05
"p691": 1.8816764231589204E-06
"p692": 0.004841553436787904
