"p630": 0
"p631": 0
"p632": 0
"p633": 0
"p634": 0
"p635": 0
"p636": 0
"p637": 0
"p638": 0
"p639": 0
"p640": 0.0025383814948413833
"p641": 0.0007507888928404092
"p642": 4.139688130949625E-05
"p643": 1.8816764231589204E-06
"p644": 0
"p645": 0
"p646": 0
"p647": 0
"p648": 0.0005720296326403118
"p649": 0.00019381267158536877
"p650": 1.8816764231589204E-06
"p651": 0
"p652": 0.000683048541606688
"p653": 0.00017875926020009743
"p654": 0
"p655": 0
"p656": 0.002820632958315221
"p657": 0.0006792851887603702
"p658": 5.645029269476761E-05
"p659": 0
"p660": 0.0002521446407032953
"p661": 0
"p662": 0
"p663": 0
"p664": 0.0007846590684572697
"p665": 0.000259671346395931
"p666": 4.139688130949625E-05
"p667": 0
"p668": 0.0016916271044198693
"p669": 0.0004666557529434123
"p670": 4.8923587002131926E-05
"p671": 0
"p672": 0.007108973526694401
"p673": 0.0022279048850201615
"p674": 0.00031235828624438073
"p675": 1.5053411385271363E-05
"p676": 2.8225146347383805E-05
"p677": 0
"p678": 0
"p679": 0
"p680": 0.0030464341290942906
"p681": 0.000999170180697387
"p682": 0.00015053411385271363
"p683": 7.5267056926356815E-06
"p684": 0.002673862197308826
"p685": 0.0006491783659898276
"p686": 8.655711546531035E-05
"p687": 0
"p688": 0.0150289495917703
"p689": 0.00568078112151678
"p690": 0.0010631471790847901
"p691": 3.9515204886337324E-05
"p692": 0.00019569434800852773
