"p630": 0
"p631": 0
"p632": 0.0023916107338349877
"p633": 0.0007394988343014557
"p634": 0.00014112573173691902
"p635": 1.6935087808430286E-05
"p636": 0.002534618141995065
"p637": 0.0008241742733436071
"p638": 0.00015241579027587253
"p639": 1.6935087808430286E-05
"p640": 0
"p641": 0
"p642": 0
"p643": 0
"p644": 5.6450292694767617E-05
"p645": 5.645029269476761E-06
"p646": 0
"p647": 0
"p648": 0.00022203781793275258
"p649": 5.456861627160869E-05
"p650": 5.645029269476761E-06
"p651": 0
"p652": 0.0017330239857293655
"p653": 0.0004666557529434122
"p654": 7.714873334951572E-05
"p655": 5.645029269476761E-06
"p656": 7.150370408003898E-05
"p657": 5.645029269476761E-06
"p658": 0
"p659": 0
"p660": 0.001629531782455625
"p661": 0.00030294990412858613
"p662": 2.8225146347383808E-05
"p663": 1.8816764231589204E-06
"p664": 0.0009747083871963207
"p665": 0.00018816764231589203
"p666": 1.8816764231589203E-05
"p667": 0
"p668": 0.004047485986214837
"p669": 0.0010311586798910882
"p670": 0.0001298356731979655
"p671": 7.5267056926356815E-06
"p672": 0.000306713256974904
"p673": 8.091208619583357E-05
"p674": 3.7633528463178407E-06
"p675": 0
"p676": 0.0005287510749076567
"p677": 0.00010913723254321737
"p678": 1.3171734962112444E-05
"p679": 0
"p680": 0.0025741333468814035
"p681": 0.0008712161839225803
"p682": 0.0001768775837769385
"p683": 1.5053411385271365E-05
"p684": 0.007997124798425412
"p685": 0.0029071900737805325
"p686": 0.0004610107236739356
"p687": 2.6343469924224887E-05
"p688": 0.001883558099582079
"p689": 0.0007319721286088201
"p690": 0.0001298356731979655
"p691": 3.7633528463178407E-06
"p692": 0.002751010930658341
