"p630": 0
"p631": 0
"p632": 2.2580117077907045E-05
"p633": 1.8816764231589204E-06
"p634": 0
"p635": 0
"p636": 2.6343469924224884E-05
"p637": 1.8816764231589204E-06
"p638": 0
"p639": 0
"p640": 5.080526342529084E-05
"p641": 5.645029269476761E-06
"p642": 0
"p643": 0
"p644": 0.00127201326205543
"p645": 0.0002803697870506791
"p646": 2.8225146347383808E-05
"p647": 1.8816764231589204E-06
"p648": 0.0004798274879055247
"p649": 0.00010725555612005844
"p650": 1.3171734962112444E-05
"p651": 0
"p652": 0.0020547906540895407
"p653": 0.0006058998082571724
"p654": 9.596549758110495E-05
"p655": 2.2580117077907045E-05
"p656": 0
"p657": 0
"p658": 0
"p659": 0
"p660": 0
"p661": 0
"p662": 0
"p663": 0
"p664": 1.6935087808430286E-05
"p665": 0
"p666": 0
"p667": 0
"p668": 0.00033682007974544673
"p669": 6.209532196424438E-05
"p670": 5.645029269476761E-06
"p671": 0
"p672": 0.0017311423093062065
"p673": 0.0007451438635709324
"p674": 0.00010913723254321737
"p675": 3.7633528463178407E-06
"p676": 0.0026550454330772364
"p677": 0.0007263270993393433
"p678": 0.00010537387969689955
"p679": 2.2580117077907045E-05
"p680": 0.007541759104020954
"p681": 0.002679507226578303
"p682": 0.000472300782212889
"p683": 3.010682277054273E-05
"p684": 0.020576131687242795
"p685": 0.008222925969204481
"p686": 0.0018101727190788816
"p687": 0.00016182417239166716
"p688": 0.00017123255450746173
"p689": 3.3870175616860565E-05
"p690": 0
"p691": 0
"p692": 0.0003142399626675397
