"p630": 0
"p631": 0
"p632": 2.2580117077907045E-05
"p633": 0
"p634": 0
"p635": 0
"p636": 0
"p637": 0
"p638": 0
"p639": 0
"p640": 0.002952350307936346
"p641": 0.0007978308034193824
"p642": 0.00012607232035164766
"p643": 2.2580117077907045E-05
"p644": 0.0004064421074023268
"p645": 8.843879188846926E-05
"p646": 5.645029269476761E-06
"p647": 0
"p648": 0.031785278140000484
"p649": 0.014071176292382411
"p650": 0.003693730818660961
"p651": 0.000429022224480234
"p652": 0.013011792466143934
"p653": 0.004719244469282573
"p654": 0.0009991701806973867
"p655": 7.526705692635681E-05
"p656": 0.0006322432781813972
"p657": 6.774035123372113E-05
"p658": 0
"p659": 0
"p660": 0
"p661": 0
"p662": 0
"p663": 0
"p664": 0.0011064257368174452
"p665": 0.0001712325545074617
"p666": 5.645029269476761E-06
"p667": 0
"p668": 4.516023415581408E-05
"p669": 3.7633528463178407E-06
"p670": 0
"p671": 0
"p672": 0.0012306163807459338
"p673": 0.00038386199032441974
"p674": 7.903040977267468E-05
"p675": 2.2580117077907045E-05
"p676": 9.408382115794602E-06
"p677": 0
"p678": 0
"p679": 0
"p680": 0.01546926187478949
"p681": 0.005319499248270268
"p682": 0.000762078951379363
"p683": 3.5751852040019496E-05
"p684": 0.0048697785831352865
"p685": 0.0014582992279481633
"p686": 0.0002239194943559115
"p687": 1.6935087808430286E-05
"p688": 0.003351265709646037
"p689": 0.0010443304148532008
"p690": 0.00015994249596850823
"p691": 3.7633528463178407E-06
"p692": 1.8816764231589203E-05
