"p630": 0.00040832378382548573
"p631": 1.5053411385271365E-05
"p632": 0.0003462284618612414
"p633": 0.00010537387969689955
"p634": 1.1290058538953523E-05
"p635": 0
"p636": 0.0006021364554108544
"p637": 0.00018816764231589206
"p638": 1.8816764231589203E-05
"p639": 0
"p640": 1.5053411385271363E-05
"p641": 1.8816764231589204E-06
"p642": 0
"p643": 0
"p644": 0.00019945770085484557
"p645": 3.1988499193701654E-05
"p646": 0
"p647": 0
"p648": 0
"p649": 0
"p650": 0
"p651": 0
"p652": 7.150370408003896E-05
"p653": 9.408382115794602E-06
"p654": 3.7633528463178407E-06
"p655": 3.7633528463178407E-06
"p656": 0
"p657": 0
"p658": 0
"p659": 0
"p660": 1.1290058538953523E-05
"p661": 1.8816764231589204E-06
"p662": 0
"p663": 0
"p664": 0
"p665": 0
"p666": 0
"p667": 0
"p668": 0
"p669": 0
"p670": 0
"p671": 0
"p672": 0.00040832378382548573
"p673": 0.00011854561465901199
"p674": 1.8816764231589203E-05
"p675": 1.8816764231589204E-06
"p676": 0.001797000984116769
"p677": 0.0004817091643286836
"p678": 3.0106822770542726E-05
"p679": 1.8816764231589204E-06
"p680": 7.33853805031979E-05
"p681": 1.6935087808430282E-05
"p682": 3.7633528463178407E-06
"p683": 0
"p684": 0.0005080526342529085
"p685": 8.655711546531035E-05
"p686": 9.408382115794602E-06
"p687": 0
"p688": 6.39769983874033E-05
"p689": 3.198849919370165E-05
"p690": 9.408382115794602E-06
"p691": 1.8816764231589204E-06
"p692": 0.0004911175464444782
