"p630": 0
"p631": 0
"p632": 0.0071070918502712434
"p633": 0.0029260068380121216
"p634": 0.0005550945448318817
"p635": 1.3171734962112444E-05
"p636": 0.00610039496388122
"p637": 0.0023276337354475843
"p638": 0.00035751852040019486
"p639": 9.408382115794602E-06
"p640": 7.714873334951574E-05
"p641": 1.6935087808430282E-05
"p642": 1.8816764231589204E-06
"p643": 0
"p644": 0
"p645": 0
"p646": 0
"p647": 0
"p648": 5.645029269476761E-06
"p649": 1.8816764231589204E-06
"p650": 0
"p651": 0
"p652": 5.645029269476761E-06
"p653": 5.645029269476761E-06
"p654": 5.645029269476761E-06
"p655": 0
"p656": 0.00017875926020009743
"p657": 2.4461793501065963E-05
"p658": 0
"p659": 0
"p660": 5.645029269476761E-06
"p661": 5.645029269476761E-06
"p662": 0
"p663": 0
"p664": 3.7633528463178407E-05
"p665": 5.645029269476761E-06
"p666": 0
"p667": 0
"p668": 7.526705692635681E-05
"p669": 9.408382115794602E-06
"p670": 3.7633528463178407E-06
"p671": 3.7633528463178407E-06
"p672": 0.0003688085789391484
"p673": 0.00010913723254321738
"p674": 1.8816764231589203E-05
"p675": 1.8816764231589204E-06
"p676": 0
"p677": 0
"p678": 0
"p679": 0
"p680": 9.032046831162817E-05
"p681": 2.4461793501065963E-05
"p682": 3.7633528463178407E-06
"p683": 0
"p684": 9.784717400426384E-05
"p685": 4.516023415581409E-05
"p686": 1.5053411385271363E-05
"p687": 1.8816764231589204E-06
"p688": 0.001507222814950295
"p689": 0.00041396881309496247
"p690": 3.0106822770542726E-05
"p691": 1.8816764231589204E-06
"p692": 2.6343469924224884E-05
