"p630": 5.456861627160869E-05
"p631": 0
"p632": 8.091208619583357E-05
"p633": 1.6935087808430286E-05
"p634": 5.645029269476761E-06
"p635": 1.8816764231589204E-06
"p636": 0.00010537387969689952
"p637": 2.6343469924224887E-05
"p638": 7.5267056926356815E-06
"p639": 1.8816764231589204E-06
"p640": 0.001915546598775781
"p641": 0.0006811668651835292
"p642": 0.00014112573173691905
"p643": 1.5053411385271365E-05
"p644": 0.006331841163929768
"p645": 0.0023652672639107634
"p646": 0.00040644210740232686
"p647": 2.4461793501065966E-05
"p648": 0.0006981019529919595
"p649": 0.0002483812878569775
"p650": 4.1396881309496255E-05
"p651": 5.645029269476761E-06
"p652": 0.0027020873436562095
"p653": 0.0008204109204972893
"p654": 0.00012607232035164766
"p655": 7.5267056926356815E-06
"p656": 0.006804141946142657
"p657": 0.002555316582649814
"p658": 0.0005833196911792653
"p659": 7.52670569263568E-05
"p660": 0.016724340049036487
"p661": 0.006457913484281416
"p662": 0.0014451274929860513
"p663": 0.0001448890845832369
"p664": 0.002890254985972101
"p665": 0.0009653000050805262
"p666": 0.0001486524374295547
"p667": 7.5267056926356815E-06
"p668": 0.009284191471866116
"p669": 0.0030125639534774313
"p670": 0.000451602341558141
"p671": 2.0698440654748124E-05
"p672": 0.0003217666683601754
"p673": 0.00011478226181269415
"p674": 2.0698440654748124E-05
"p675": 0
"p676": 0.001556146401952427
"p677": 0.0004817091643286837
"p678": 4.892358700213192E-05
"p679": 0
"p680": 9.032046831162817E-05
"p681": 2.4461793501065963E-05
"p682": 3.7633528463178407E-06
"p683": 0
"p684": 0.00026155302281908997
"p685": 5.833196911792653E-05
"p686": 1.3171734962112442E-05
"p687": 0
"p688": 0.002146992798824328
"p689": 0.000568266279793994
"p690": 5.645029269476761E-05
"p691": 0
"p692": 0.009370748587331426
