"p630": 9.596549758110495E-05
"p631": 2.2580117077907045E-05
"p632": 0.018718917057584942
"p633": 0.007810838832532679
"p634": 0.0017254972800367302
"p635": 0.000165587525237985
"p636": 0.032129624925438575
"p637": 0.013583822098784247
"p638": 0.003234601771410185
"p639": 0.0003518734911307182
"p640": 0
"p641": 0
"p642": 0
"p643": 0
"p644": 5.645029269476761E-06
"p645": 0
"p646": 0
"p647": 0
"p648": 2.2580117077907045E-05
"p649": 1.8816764231589204E-06
"p650": 0
"p651": 0
"p652": 0.00024838128785697745
"p653": 8.091208619583358E-05
"p654": 1.5053411385271365E-05
"p655": 0
"p656": 7.5267056926356815E-06
"p657": 0
"p658": 0
"p659": 0
"p660": 0.00042902222448023387
"p661": 8.27937626189925E-05
"p662": 1.8816764231589204E-06
"p663": 0
"p664": 0.00016935087808430283
"p665": 3.010682277054273E-05
"p666": 0
"p667": 0
"p668": 0.0008015941562656999
"p669": 0.00019757602443168663
"p670": 2.2580117077907045E-05
"p671": 0
"p672": 8.655711546531033E-05
"p673": 1.1290058538953523E-05
"p674": 0
"p675": 0
"p676": 8.655711546531035E-05
"p677": 5.645029269476761E-06
"p678": 0
"p679": 0
"p680": 0.000637888307450874
"p681": 0.00019757602443168663
"p682": 3.387017561686057E-05
"p683": 1.8816764231589204E-06
"p684": 0.0018797947467357615
"p685": 0.0006397699838740329
"p686": 8.843879188846925E-05
"p687": 1.8816764231589204E-06
"p688": 0.0008354643318825605
"p689": 0.0003198849919370164
"p690": 3.7633528463178407E-06
"p691": 0
"p692": 0.0009954068278510688
