"p630": 0
"p631": 0
"p632": 0
"p633": 0
"p634": 0
"p635": 0
"p636": 0
"p637": 0
"p638": 0
"p639": 0
"p640": 0.0019926953321252965
"p641": 0.0006247165724887616
"p642": 0.00010725555612005848
"p643": 1.8816764231589204E-06
"p644": 0.007820247214648475
"p645": 0.002591068434689834
"p646": 0.0003857436667475787
"p647": 2.0698440654748134E-05
"p648": 0.0004177321659412803
"p649": 0.00011478226181269415
"p650": 1.1290058538953523E-05
"p651": 0
"p652": 0.0010744372376237435
"p653": 0.00023897290574118288
"p654": 2.0698440654748128E-05
"p655": 0
"p656": 0.004879186965251081
"p657": 0.0019851686264326608
"p658": 0.00038950701959389653
"p659": 1.1290058538953523E-05
"p660": 0.014058004557420298
"p661": 0.005724059679249437
"p662": 0.0012833033205943841
"p663": 4.892358700213194E-05
"p664": 0.00181205439550204
"p665": 0.0007244454229161844
"p666": 9.784717400426387E-05
"p667": 0
"p668": 0.004499088327772979
"p669": 0.0015617914312219042
"p670": 0.0002333278764717061
"p671": 0
"p672": 0.0006454150131435097
"p673": 0.0002145111122401169
"p674": 1.1290058538953523E-05
"p675": 0
"p676": 0.003255300212064931
"p677": 0.001204272910821709
"p678": 4.327855773265517E-05
"p679": 1.8816764231589204E-06
"p680": 7.338538050319788E-05
"p681": 1.6935087808430282E-05
"p682": 3.7633528463178407E-06
"p683": 0
"p684": 0.00015994249596850823
"p685": 6.397699838740331E-05
"p686": 2.258011707790705E-05
"p687": 0
"p688": 0.0024047824687970995
"p689": 0.0007206820700698665
"p690": 5.080526342529084E-05
"p691": 0
"p692": 0.010706738847774257
