"p630": 0
"p631": 0
"p632": 0.00015994249596850825
"p633": 4.327855773265516E-05
"p634": 7.5267056926356815E-06
"p635": 1.8816764231589204E-06
"p636": 9.596549758110493E-05
"p637": 2.8225146347383805E-05
"p638": 3.7633528463178407E-06
"p639": 1.8816764231589204E-06
"p640": 0.004506615033465613
"p641": 0.0015260395791818844
"p642": 0.00026343469924224885
"p643": 1.1290058538953523E-05
"p644": 0.00012230896750532982
"p645": 1.3171734962112444E-05
"p646": 0
"p647": 0
"p648": 0.002256130031367545
"p649": 0.0007639606278025216
"p650": 0.00013359902604428333
"p651": 7.5267056926356815E-06
"p652": 0.0036015286739261737
"p653": 0.001155349323819577
"p654": 0.0001956943480085277
"p655": 1.8816764231589204E-06
"p656": 0.0001975760244316866
"p657": 1.6935087808430282E-05
"p658": 0
"p659": 0
"p660": 4.3278557732655166E-05
"p661": 0
"p662": 0
"p663": 0
"p664": 1.8816764231589204E-06
"p665": 0
"p666": 0
"p667": 0
"p668": 3.575185204001949E-05
"p669": 5.645029269476761E-06
"p670": 0
"p671": 0
"p672": 0.0016634019580724856
"p673": 0.0004779458114823658
"p674": 4.892358700213193E-05
"p675": 0
"p676": 7.5267056926356815E-06
"p677": 0
"p678": 0
"p679": 0
"p680": 0.0004892358700213194
"p681": 0.00014112573173691902
"p682": 1.6935087808430286E-05
"p683": 0
"p684": 0.0005663846033708351
"p685": 0.00017311423093062066
"p686": 3.387017561686057E-05
"p687": 0
"p688": 0.004058776044753791
"p689": 0.0011967462051290733
"p690": 0.0001204272910821709
"p691": 7.5267056926356815E-06
"p692": 4.1396881309496255E-05
