"p630": 0
"p631": 0
"p632": 0.00016182417239166716
"p633": 3.387017561686057E-05
"p634": 5.645029269476761E-06
"p635": 0
"p636": 0.0003688085789391484
"p637": 0.00011854561465901197
"p638": 1.6935087808430286E-05
"p639": 0
"p640": 7.5267056926356815E-06
"p641": 0
"p642": 0
"p643": 0
"p644": 0.0005532128684087225
"p645": 7.150370408003898E-05
"p646": 1.8816764231589204E-06
"p647": 0
"p648": 0.0002483812878569775
"p649": 2.6343469924224887E-05
"p650": 0
"p651": 0
"p652": 0.0015034594621039774
"p653": 0.00028789649274331484
"p654": 7.5267056926356815E-06
"p655": 0
"p656": 0
"p657": 0
"p658": 0
"p659": 0
"p660": 0
"p661": 0
"p662": 0
"p663": 0
"p664": 0
"p665": 0
"p666": 0
"p667": 0
"p668": 0.00016370584881482606
"p669": 5.645029269476761E-06
"p670": 0
"p671": 0
"p672": 0.00027284308135804345
"p673": 7.714873334951573E-05
"p674": 1.3171734962112444E-05
"p675": 0
"p676": 0.0012080362636680269
"p677": 0.00024273625858750077
"p678": 2.2580117077907045E-05
"p679": 0
"p680": 0.0021658095630559173
"p681": 0.0006943386001456416
"p682": 0.0001298356731979655
"p683": 1.8816764231589204E-06
"p684": 0.008928554627889078
"p685": 0.00292788851443528
"p686": 0.000500525928560273
"p687": 1.8816764231589203E-05
"p688": 9.408382115794602E-06
"p689": 1.8816764231589204E-06
"p690": 0
"p691": 0
"p692": 8.467543904215141E-05
