"p630": 0
"p631": 0
"p632": 0
"p633": 0
"p634": 0
"p635": 0
"p636": 0
"p637": 0
"p638": 0
"p639": 0
"p640": 0.001992695332125296
"p641": 0.0006548233952593041
"p642": 0.00011290058538953522
"p643": 9.408382115794602E-06
"p644": 1.1290058538953523E-05
"p645": 0
"p646": 0
"p647": 0
"p648": 0.000545686162716087
"p649": 0.00018816764231589203
"p650": 2.0698440654748124E-05
"p651": 0
"p652": 0.0008749795367688979
"p653": 0.0002521446407032953
"p654": 4.516023415581409E-05
"p655": 1.8816764231589204E-06
"p656": 0.004621397295278308
"p657": 0.0017612491320767492
"p658": 0.0003612818732465127
"p659": 1.1290058538953523E-05
"p660": 0.00015429746669903146
"p661": 1.8816764231589203E-05
"p662": 0
"p663": 0
"p664": 0.0015429746669903145
"p665": 0.0005212243692150209
"p666": 6.962202765688005E-05
"p667": 0
"p668": 0.003368200797454468
"p669": 0.0011271241774721934
"p670": 0.0001637058488148261
"p671": 1.8816764231589204E-06
"p672": 0.0007489072164172503
"p673": 0.0002935415220127916
"p674": 9.408382115794602E-06
"p675": 0
"p676": 0
"p677": 0
"p678": 0
"p679": 0
"p680": 0.00018816764231589198
"p681": 0.00012419064392848873
"p682": 1.8816764231589204E-06
"p683": 1.8816764231589204E-06
"p684": 0.00019193099516220981
"p685": 7.903040977267465E-05
"p686": 1.3171734962112442E-05
"p687": 1.8816764231589204E-06
"p688": 0.0030727775990185167
"p689": 0.000920139770924712
"p690": 3.7633528463178407E-05
"p691": 0
"p692": 3.7633528463178407E-05
