"p630": 0
"p631": 0
"p632": 0.013973329118378145
"p633": 0.004773813085554182
"p634": 0.0004854725171750015
"p635": 1.6935087808430286E-05
"p636": 0.00247628617287714
"p637": 0.0007169187172235488
"p638": 8.27937626189925E-05
"p639": 0
"p640": 0.0001674692016611439
"p641": 2.2580117077907045E-05
"p642": 0
"p643": 0
"p644": 1.1290058538953523E-05
"p645": 1.8816764231589204E-06
"p646": 0
"p647": 0
"p648": 0.0014564175515250043
"p649": 0.00040456043097916787
"p650": 2.8225146347383805E-05
"p651": 1.8816764231589204E-06
"p652": 0.00042525887163391595
"p653": 0.0001279539967748066
"p654": 2.2580117077907045E-05
"p655": 1.8816764231589204E-06
"p656": 5.645029269476761E-06
"p657": 5.645029269476761E-06
"p658": 0
"p659": 0
"p660": 0
"p661": 0
"p662": 0
"p663": 0
"p664": 2.6343469924224884E-05
"p665": 3.7633528463178407E-06
"p666": 0
"p667": 0
"p668": 0
"p669": 0
"p670": 0
"p671": 0
"p672": 3.7633528463178407E-05
"p673": 5.645029269476761E-06
"p674": 0
"p675": 0
"p676": 0
"p677": 0
"p678": 0
"p679": 0
"p680": 0.000427140548057075
"p681": 9.596549758110493E-05
"p682": 5.645029269476761E-06
"p683": 0
"p684": 7.33853805031979E-05
"p685": 2.6343469924224884E-05
"p686": 5.645029269476761E-06
"p687": 0
"p688": 7.526705692635681E-05
"p689": 9.408382115794602E-06
"p690": 3.7633528463178407E-06
"p691": 3.7633528463178407E-06
"p692": 0
