"p630": 0
"p631": 0
"p632": 7.52670569263568E-05
"p633": 3.7633528463178407E-06
"p634": 0
"p635": 0
"p636": 0
"p637": 0
"p638": 0
"p639": 0
"p640": 0.0016803370458809159
"p641": 0.00043654893017286954
"p642": 6.0213645541085445E-05
"p643": 1.1290058538953523E-05
"p644": 0.0003368200797454468
"p645": 6.209532196424438E-05
"p646": 5.645029269476761E-06
"p647": 0
"p648": 0.013258292077577756
"p649": 0.005505785214163002
"p650": 0.001345398642558628
"p651": 0.0001279539967748066
"p652": 0.0072538626112776386
"p653": 0.0026437553745382826
"p654": 0.0005400411334466102
"p655": 4.5160234155814084E-05
"p656": 0.0002295645236253883
"p657": 2.2580117077907045E-05
"p658": 0
"p659": 0
"p660": 0
"p661": 0
"p662": 0
"p663": 0
"p664": 0.00044407563586550515
"p665": 6.209532196424436E-05
"p666": 0
"p667": 0
"p668": 1.1290058538953521E-05
"p669": 0
"p670": 0
"p671": 0
"p672": 0.0006115448375266492
"p673": 0.0002220378179327526
"p674": 3.951520488633734E-05
"p675": 1.1290058538953523E-05
"p676": 5.645029269476761E-06
"p677": 0
"p678": 0
"p679": 0
"p680": 0.005432399833659804
"p681": 0.0019117832459294632
"p682": 0.0002671980520885667
"p683": 7.5267056926356815E-06
"p684": 0.0024819312021466156
"p685": 0.0009220214473478711
"p686": 0.00014112573173691902
"p687": 1.1290058538953523E-05
"p688": 0.0017123255450746172
"p689": 0.00047982748790552463
"p690": 6.962202765688005E-05
"p691": 5.645029269476761E-06
"p692": 1.1290058538953523E-05
