"p630": 0
"p631": 0
"p632": 5.645029269476761E-06
"p633": 0
"p634": 0
"p635": 0
"p636": 0
"p637": 0
"p638": 0
"p639": 0
"p640": 0.01891837475843979
"p641": 0.008492005697716208
"p642": 0.002338923793986538
"p643": 0.0002954231984359505
"p644": 0.0005870830440255832
"p645": 8.467543904215141E-05
"p646": 0
"p647": 0
"p648": 0.013943222295607603
"p649": 0.006124856757382287
"p650": 0.0015166311970660896
"p651": 0.00013359902604428335
"p652": 0.01790226948993397
"p653": 0.006439096720049827
"p654": 0.001230616380745934
"p655": 7.526705692635681E-05
"p656": 0.0010687922083542666
"p657": 0.00016935087808430278
"p658": 5.645029269476761E-06
"p659": 0
"p660": 0.00029730487485910944
"p661": 3.3870175616860565E-05
"p662": 0
"p663": 0
"p664": 3.76335284631784E-05
"p665": 1.8816764231589204E-06
"p666": 0
"p667": 0
"p668": 0.00013736237889060116
"p669": 2.6343469924224887E-05
"p670": 0
"p671": 0
"p672": 0.01022879303629189
"p673": 0.0034378228251113474
"p674": 0.0004911175464444782
"p675": 2.2580117077907045E-05
"p676": 2.8225146347383805E-05
"p677": 0
"p678": 0
"p679": 0
"p680": 0.005432399833659804
"p681": 0.0019117832459294628
"p682": 0.0002671980520885667
"p683": 7.5267056926356815E-06
"p684": 0.005690189503632577
"p685": 0.0014357191108702561
"p686": 0.0001448890845832369
"p687": 0
"p688": 0.02551741397445812
"p689": 0.00904145521327861
"p690": 0.0015109861677966132
"p691": 0.00011478226181269415
"p692": 8.843879188846926E-05
