"p630": 0
"p631": 0
"p632": 0
"p633": 0
"p634": 0
"p635": 0
"p636": 0
"p637": 0
"p638": 0
"p639": 0
"p640": 0.0014545358751018454
"p641": 0.0004102054602486447
"p642": 5.268693984844977E-05
"p643": 0
"p644": 0.00011666393823585305
"p645": 2.8225146347383805E-05
"p646": 0
"p647": 0
"p648": 0.014445629900591037
"p649": 0.005884002175217945
"p650": 0.001305883437672291
"p651": 5.080526342529086E-05
"p652": 0.004436993005808734
"p653": 0.0016464668702640551
"p654": 0.0003142399626675397
"p655": 9.408382115794602E-06
"p656": 0.00025402631712645424
"p657": 0
"p658": 0
"p659": 0
"p660": 0
"p661": 0
"p662": 0
"p663": 0
"p664": 0.00044972066513498195
"p665": 6.209532196424438E-05
"p666": 0
"p667": 0
"p668": 1.8816764231589203E-05
"p669": 0
"p670": 0
"p671": 0
"p672": 0.0003951520488633733
"p673": 7.903040977267463E-05
"p674": 0
"p675": 0
"p676": 0
"p677": 0
"p678": 0
"p679": 0
"p680": 0.00684930218029847
"p681": 0.0022655384134833405
"p682": 0.00020510273012432239
"p683": 1.8816764231589204E-06
"p684": 0.0011346508831648287
"p685": 0.0003180033155138575
"p686": 3.7633528463178407E-05
"p687": 0
"p688": 0.0013660970832133762
"p689": 0.00039891540170969113
"p690": 6.585867481056221E-05
"p691": 0
"p692": 0
