"p630": 0
"p631": 0
"p632": 2.2580117077907045E-05
"p633": 0
"p634": 0
"p635": 0
"p636": 2.6343469924224887E-05
"p637": 0
"p638": 0
"p639": 0
"p640": 0.00022203781793275258
"p641": 4.892358700213193E-05
"p642": 3.7633528463178407E-06
"p643": 0
"p644": 0.0004478389887118231
"p645": 8.843879188846924E-05
"p646": 9.408382115794602E-06
"p647": 0
"p648": 0.0022937635598307233
"p649": 0.0007639606278025216
"p650": 0.00015241579027587253
"p651": 1.3171734962112444E-05
"p652": 0.0065557606582856785
"p653": 0.0023483321761023322
"p654": 0.00042902222448023387
"p655": 3.0106822770542733E-05
"p656": 0.001623886753186148
"p657": 0.0007131553643772307
"p658": 0.00010537387969689954
"p659": 3.7633528463178407E-06
"p660": 0.0025835417289971976
"p661": 0.000686811894453006
"p662": 9.972885042742278E-05
"p663": 2.2580117077907045E-05
"p664": 0.006981019529919597
"p665": 0.0025383814948413837
"p666": 0.00045724737082761767
"p667": 3.010682277054273E-05
"p668": 0.018224036158294144
"p669": 0.00756433922109886
"p670": 0.00172549728003673
"p671": 0.00016182417239166716
"p672": 3.9515204886337324E-05
"p673": 7.5267056926356815E-06
"p674": 0
"p675": 0
"p676": 4.8923587002131926E-05
"p677": 1.8816764231589203E-05
"p678": 3.7633528463178407E-06
"p679": 0
"p680": 0.0004892358700213193
"p681": 0.00014112573173691902
"p682": 1.6935087808430286E-05
"p683": 0
"p684": 0.001998340361394773
"p685": 0.0007394988343014557
"p686": 5.8331969117926534E-05
"p687": 0
"p688": 0.00014488908458323686
"p689": 2.6343469924224887E-05
"p690": 5.645029269476761E-06
"p691": 0
"p692": 0.0014808793450260703
