"p630": 0
"p631": 0
"p632": 0.0026964423143867326
"p633": 0.000903204683116282
"p634": 0.00010161052685058171
"p635": 1.8816764231589204E-06
"p636": 0.010031217011860206
"p637": 0.003275998652719681
"p638": 0.0004139688130949625
"p639": 1.5053411385271365E-05
"p640": 0
"p641": 0
"p642": 0
"p643": 0
"p644": 5.080526342529084E-05
"p645": 1.6935087808430286E-05
"p646": 0
"p647": 0
"p648": 1.5053411385271363E-05
"p649": 1.8816764231589204E-06
"p650": 0
"p651": 0
"p652": 0.0001938126715853688
"p653": 2.6343469924224887E-05
"p654": 0
"p655": 0
"p656": 0
"p657": 0
"p658": 0
"p659": 0
"p660": 0
"p661": 0
"p662": 0
"p663": 0
"p664": 0
"p665": 0
"p666": 0
"p667": 0
"p668": 1.1290058538953523E-05
"p669": 1.8816764231589204E-06
"p670": 0
"p671": 0
"p672": 8.27937626189925E-05
"p673": 1.8816764231589203E-05
"p674": 1.8816764231589204E-06
"p675": 0
"p676": 0.00022203781793275258
"p677": 3.575185204001949E-05
"p678": 0
"p679": 0
"p680": 0.00045348401798129986
"p681": 0.00012795399677480656
"p682": 2.0698440654748124E-05
"p683": 1.8816764231589204E-06
"p684": 0.0019324816865842114
"p685": 0.0005099343106760674
"p686": 3.575185204001949E-05
"p687": 1.8816764231589204E-06
"p688": 0
"p689": 0
"p690": 0
"p691": 0
"p692": 3.7633528463178407E-06
