"p630": 0
"p631": 0
"p632": 0
"p633": 0
"p634": 0
"p635": 0
"p636": 0
"p637": 0
"p638": 0
"p639": 0
"p640": 0.00016558752523798497
"p641": 3.010682277054273E-05
"p642": 0
"p643": 0
"p644": 0
"p645": 0
"p646": 0
"p647": 0
"p648": 0.0025327364655719064
"p649": 0.0008373460083057197
"p650": 0.00013171734962112442
"p651": 9.408382115794602E-06
"p652": 0.0006096631611034902
"p653": 0.0001862859658927331
"p654": 3.575185204001949E-05
"p655": 1.8816764231589204E-06
"p656": 0.0007884224213035876
"p657": 0.00019004931873905094
"p658": 2.2580117077907045E-05
"p659": 0
"p660": 6.209532196424438E-05
"p661": 1.3171734962112444E-05
"p662": 0
"p663": 0
"p664": 0.006143673521613876
"p665": 0.002273065119175976
"p666": 0.0004290222244802339
"p667": 1.1290058538953523E-05
"p668": 0.0021752179451717123
"p669": 0.000805357509112018
"p670": 0.00014300740816007793
"p671": 1.8816764231589204E-06
"p672": 3.7633528463178407E-06
"p673": 0
"p674": 0
"p675": 0
"p676": 0
"p677": 0
"p678": 0
"p679": 0
"p680": 0.0009351931823099834
"p681": 0.0004158504895181214
"p682": 9.408382115794602E-06
"p683": 0
"p684": 0.0001505341138527136
"p685": 5.8331969117926534E-05
"p686": 3.7633528463178407E-06
"p687": 0
"p688": 0.0005024076049834317
"p689": 0.0001486524374295547
"p690": 2.8225146347383805E-05
"p691": 3.7633528463178407E-06
"p692": 0
