"p630": 0
"p631": 0
"p632": 0
"p633": 0
"p634": 0
"p635": 0
"p636": 0
"p637": 0
"p638": 0
"p639": 0
"p640": 0.001087608972585856
"p641": 0.000165587525237985
"p642": 9.408382115794602E-06
"p643": 0
"p644": 0
"p645": 0
"p646": 0
"p647": 0
"p648": 0.0031649797437533034
"p649": 0.000873097860345739
"p650": 8.655711546531035E-05
"p651": 0
"p652": 0.0006886935708761648
"p653": 0.0001486524374295547
"p654": 5.645029269476761E-06
"p655": 0
"p656": 0
"p657": 0
"p658": 0
"p659": 0
"p660": 0
"p661": 0
"p662": 0
"p663": 0
"p664": 0.00047418245863604794
"p665": 3.387017561686057E-05
"p666": 0
"p667": 0
"p668": 0
"p669": 0
"p670": 0
"p671": 0
"p672": 0.001930600010161052
"p673": 0.0004892358700213194
"p674": 5.268693984844977E-05
"p675": 0
"p676": 0.00011666393823585305
"p677": 2.8225146347383805E-05
"p678": 0
"p679": 0
"p680": 0.020308933635154233
"p681": 0.0074081600779766716
"p682": 0.0015166311970660905
"p683": 5.268693984844978E-05
"p684": 0.005550945448318816
"p685": 0.0018854397760052382
"p686": 0.0003462284618612414
"p687": 9.408382115794602E-06
"p688": 0.00017687758377693853
"p689": 1.6935087808430286E-05
"p690": 0
"p691": 0
"p692": 0
