"p630": 0
"p631": 0
"p632": 0
"p633": 0
"p634": 0
"p635": 0
"p636": 0
"p637": 0
"p638": 0
"p639": 0
"p640": 0.0024141908509128945
"p641": 0.0006510600424129864
"p642": 5.645029269476761E-05
"p643": 0
"p644": 0.0002521446407032953
"p645": 0
"p646": 0
"p647": 0
"p648": 0.0007846590684572697
"p649": 0.000259671346395931
"p650": 4.139688130949625E-05
"p651": 0
"p652": 0.0016916271044198693
"p653": 0.0004666557529434123
"p654": 4.8923587002131926E-05
"p655": 0
"p656": 0.00047418245863604794
"p657": 3.387017561686057E-05
"p658": 0
"p659": 0
"p660": 0
"p661": 0
"p662": 0
"p663": 0
"p664": 0
"p665": 0
"p666": 0
"p667": 0
"p668": 0
"p669": 0
"p670": 0
"p671": 0
"p672": 0.013596993833746358
"p673": 0.004896122053059511
"p674": 0.001017986944928976
"p675": 3.9515204886337324E-05
"p676": 0.000212629435816958
"p677": 3.1988499193701654E-05
"p678": 0
"p679": 0
"p680": 0.0072294008177765726
"p681": 0.002792407811967837
"p682": 0.0005438044862929281
"p683": 1.3171734962112444E-05
"p684": 0.008119433765930743
"p685": 0.002713377402195163
"p686": 0.00043278557732655173
"p687": 9.408382115794602E-06
"p688": 0.008877749364463788
"p689": 0.0027792360770057247
"p690": 0.00035940019682335374
"p691": 1.6935087808430286E-05
"p692": 1.1290058538953523E-05
