"p630": 0
"p631": 0
"p632": 2.2580117077907045E-05
"p633": 0
"p634": 0
"p635": 0
"p636": 0
"p637": 0
"p638": 0
"p639": 0
"p640": 0.004623278971701467
"p641": 0.0016483485466872142
"p642": 0.0002521446407032953
"p643": 1.8816764231589203E-05
"p644": 0
"p645": 0
"p646": 0
"p647": 0
"p648": 0.0012099179400911855
"p649": 0.00042149551878759803
"p650": 3.575185204001949E-05
"p651": 0
"p652": 0.0013943222295607599
"p653": 0.0003800986374781019
"p654": 2.8225146347383805E-05
"p655": 0
"p656": 0.006010074495569592
"p657": 0.0016427035174177377
"p658": 0.0002464996114338186
"p659": 3.0106822770542726E-05
"p660": 0.0004327855773265517
"p661": 3.3870175616860565E-05
"p662": 0
"p663": 0
"p664": 0.0018666230117736489
"p665": 0.0006002547789876955
"p666": 0.0001373623788906012
"p667": 1.6935087808430282E-05
"p668": 0.004092646220370652
"p669": 0.0012193263222069805
"p670": 0.00021639278866327584
"p671": 2.0698440654748128E-05
"p672": 0.014287569081045686
"p673": 0.0050880530482217195
"p674": 0.0009634183286573674
"p675": 6.585867481056221E-05
"p676": 4.704191057897301E-05
"p677": 0
"p678": 0
"p679": 0
"p680": 0.008373460083057196
"p681": 0.0029297701908584392
"p682": 0.000543804486292928
"p683": 3.387017561686057E-05
"p684": 0.00932747002959877
"p685": 0.0026098851989214225
"p686": 0.0004346672537497106
"p687": 3.0106822770542726E-05
"p688": 0.0317344728765752
"p689": 0.013181143344228239
"p690": 0.0031819148315617345
"p691": 0.00036692690251598946
"p692": 0.0005870830440255832
