"p630": 0
"p631": 0
"p632": 0
"p633": 0
"p634": 0
"p635": 0
"p636": 0
"p637": 0
"p638": 0
"p639": 0
"p640": 9.784717400426385E-05
"p641": 0
"p642": 0
"p643": 0
"p644": 0.0011534676473964182
"p645": 0.000165587525237985
"p646": 9.408382115794602E-06
"p647": 0
"p648": 0.0007733690099183163
"p649": 0.00017499590735377957
"p650": 7.5267056926356815E-06
"p651": 0
"p652": 0.002922243485165803
"p653": 0.0008523994196909908
"p654": 8.467543904215141E-05
"p655": 0
"p656": 0
"p657": 0
"p658": 0
"p659": 0
"p660": 0
"p661": 0
"p662": 0
"p663": 0
"p664": 0
"p665": 0
"p666": 0
"p667": 0
"p668": 0.00047418245863604794
"p669": 3.387017561686057E-05
"p670": 0
"p671": 0
"p672": 0.0005757929854866296
"p673": 0.0001674692016611439
"p674": 3.198849919370165E-05
"p675": 0
"p676": 0.0020641990362053357
"p677": 0.0005174610163687033
"p678": 5.268693984844977E-05
"p679": 0
"p680": 0.006661134537982579
"p681": 0.002466877790761345
"p682": 0.00043090390090339285
"p683": 1.1290058538953523E-05
"p684": 0.019172401075566243
"p685": 0.006986664559189073
"p686": 0.001456417551525005
"p687": 5.080526342529086E-05
"p688": 2.4461793501065966E-05
"p689": 5.645029269476761E-06
"p690": 0
"p691": 0
"p692": 0.00017687758377693853
