"p630": 0
"p631": 0
"p632": 1.1290058538953523E-05
"p633": 0
"p634": 0
"p635": 0
"p636": 0
"p637": 0
"p638": 0
"p639": 0
"p640": 0.005010904314872205
"p641": 0.0014601809043713221
"p642": 0.00022956452362538825
"p643": 3.0106822770542726E-05
"p644": 0.0004327855773265517
"p645": 3.3870175616860565E-05
"p646": 0
"p647": 0
"p648": 0.0018496879239652186
"p649": 0.0006002547789876955
"p650": 0.0001373623788906012
"p651": 1.6935087808430282E-05
"p652": 0.004058776044753792
"p653": 0.0012193263222069805
"p654": 0.00021639278866327584
"p655": 2.0698440654748128E-05
"p656": 0.0010669105319311078
"p657": 0.00018816764231589203
"p658": 1.6935087808430286E-05
"p659": 0
"p660": 0
"p661": 0
"p662": 0
"p663": 0
"p664": 1.6935087808430282E-05
"p665": 0
"p666": 0
"p667": 0
"p668": 3.3870175616860565E-05
"p669": 0
"p670": 0
"p671": 0
"p672": 0.02787515453267625
"p673": 0.011305111950338797
"p674": 0.002801816194083633
"p675": 0.0003180033155138575
"p676": 0.0006153081903729669
"p677": 8.467543904215141E-05
"p678": 0
"p679": 0
"p680": 0.0189729433747114
"p681": 0.007735571775606322
"p682": 0.0017857109255778156
"p683": 0.00014112573173691905
"p684": 0.0229715057739241
"p685": 0.007611381131677835
"p686": 0.0013416352897123102
"p687": 7.526705692635681E-05
"p688": 0.019238259750376803
"p689": 0.00693585929576378
"p690": 0.001364215406790217
"p691": 0.00012419064392848875
"p692": 1.8816764231589203E-05
