"p630": 7.5267056926356815E-06
"p631": 0
"p632": 0.0017236156036135705
"p633": 0.00048359084075184255
"p634": 5.080526342529085E-05
"p635": 0
"p636": 0.002146992798824328
"p637": 0.0006886935708761648
"p638": 9.596549758110493E-05
"p639": 0
"p640": 0.0014300740816007794
"p641": 0.0005231060456381798
"p642": 9.596549758110495E-05
"p643": 3.7633528463178407E-06
"p644": 0.002190271356556983
"p645": 0.0005550945448318816
"p646": 7.714873334951573E-05
"p647": 1.1290058538953523E-05
"p648": 0.007020534734805933
"p649": 0.0025045113192245227
"p650": 0.0005381594570234513
"p651": 6.962202765688005E-05
"p652": 0.017234274359712552
"p653": 0.006614092627403606
"p654": 0.001469589286487117
"p655": 0.00014865243742955472
"p656": 0
"p657": 0
"p658": 0
"p659": 0
"p660": 0.00039515204886337327
"p661": 5.080526342529086E-05
"p662": 0
"p663": 0
"p664": 3.7633528463178407E-05
"p665": 5.645029269476761E-06
"p666": 0
"p667": 0
"p668": 0.0004948808992907961
"p669": 6.39769983874033E-05
"p670": 5.645029269476761E-06
"p671": 0
"p672": 0.0005701479562171528
"p673": 0.00024461793501065964
"p674": 3.763352846317841E-05
"p675": 0
"p676": 0.000809120861958336
"p677": 0.0002690797285117256
"p678": 5.080526342529084E-05
"p679": 1.1290058538953523E-05
"p680": 0.0021770996215948707
"p681": 0.0007357354814551379
"p682": 0.00012419064392848873
"p683": 7.5267056926356815E-06
"p684": 0.006318669428967656
"p685": 0.00219591638582646
"p686": 0.0003424651090149235
"p687": 2.4461793501065966E-05
"p688": 0.0004459573122886642
"p689": 9.784717400426385E-05
"p690": 0
"p691": 0
"p692": 0.0018026460133862457
