"p630": 9.596549758110493E-05
"p631": 0
"p632": 0.0003725719317854662
"p633": 6.585867481056222E-05
"p634": 5.645029269476761E-06
"p635": 1.8816764231589204E-06
"p636": 0.00027284308135804345
"p637": 5.456861627160869E-05
"p638": 7.5267056926356815E-06
"p639": 1.8816764231589204E-06
"p640": 0.005692071180055734
"p641": 0.0021357027402853744
"p642": 0.0005005259285602729
"p643": 6.774035123372113E-05
"p644": 0.013916878825683376
"p645": 0.005483205097085094
"p646": 0.0012682499092091127
"p647": 0.00013171734962112442
"p648": 0.0023878473809886697
"p649": 0.0007884224213035877
"p650": 0.00013171734962112442
"p651": 7.5267056926356815E-06
"p652": 0.008207872557819212
"p653": 0.002664453815193032
"p654": 0.00041585048951812135
"p655": 2.0698440654748124E-05
"p656": 3.7633528463178407E-05
"p657": 5.645029269476761E-06
"p658": 0
"p659": 0
"p660": 0.0006284799253350794
"p661": 8.091208619583358E-05
"p662": 5.645029269476761E-06
"p663": 0
"p664": 0
"p665": 0
"p666": 0
"p667": 0
"p668": 0.00012042729108217092
"p669": 2.2580117077907045E-05
"p670": 0
"p671": 0
"p672": 0.0017160888979209353
"p673": 0.0006115448375266492
"p674": 0.00011666393823585304
"p675": 7.5267056926356815E-06
"p676": 0.005216007044996529
"p677": 0.0017198522507672533
"p678": 0.00025778966997277216
"p679": 1.3171734962112442E-05
"p680": 0.0006736401594908935
"p681": 0.00021827446508643477
"p682": 2.0698440654748124E-05
"p683": 0
"p684": 0.002015275449203204
"p685": 0.0005776746619097885
"p686": 6.962202765688005E-05
"p687": 0
"p688": 0.0035582501161935186
"p689": 0.0010838456197395383
"p690": 0.00017499590735377957
"p691": 1.3171734962112444E-05
"p692": 0.013130338080802953
