"p630": 3.0106822770542726E-05
"p631": 0
"p632": 0.006610329274557287
"p633": 0.002615530228190899
"p634": 0.0004196138423644393
"p635": 1.1290058538953523E-05
"p636": 0.016696114902689112
"p637": 0.006585867481056223
"p638": 0.0012324980571690929
"p639": 4.139688130949624E-05
"p640": 0
"p641": 0
"p642": 0
"p643": 0
"p644": 0
"p645": 0
"p646": 0
"p647": 0
"p648": 1.8816764231589204E-06
"p649": 0
"p650": 0
"p651": 0
"p652": 8.27937626189925E-05
"p653": 1.8816764231589203E-05
"p654": 1.8816764231589204E-06
"p655": 0
"p656": 0
"p657": 0
"p658": 0
"p659": 0
"p660": 5.64502926947676E-05
"p661": 2.258011707790705E-05
"p662": 0
"p663": 0
"p664": 1.5053411385271363E-05
"p665": 1.8816764231589204E-06
"p666": 0
"p667": 0
"p668": 0.0002051027301243223
"p669": 2.8225146347383808E-05
"p670": 0
"p671": 0
"p672": 1.8816764231589204E-06
"p673": 0
"p674": 0
"p675": 0
"p676": 1.5053411385271363E-05
"p677": 1.8816764231589204E-06
"p678": 0
"p679": 0
"p680": 6.962202765688005E-05
"p681": 3.575185204001949E-05
"p682": 9.408382115794602E-06
"p683": 1.8816764231589204E-06
"p684": 0.0004516023415581409
"p685": 0.00012607232035164766
"p686": 2.0698440654748124E-05
"p687": 1.8816764231589204E-06
"p688": 8.27937626189925E-05
"p689": 1.8816764231589203E-05
"p690": 1.8816764231589204E-06
"p691": 0
"p692": 0.0002051027301243223
