"p630": 0
"p631": 0
"p632": 0.018511932651037465
"p633": 0.007227519141353415
"p634": 0.0013378719368659928
"p635": 4.327855773265517E-05
"p636": 0.0048942403766363525
"p637": 0.0018572146296578543
"p638": 0.0002897781691664737
"p639": 9.408382115794602E-06
"p640": 0
"p641": 0
"p642": 0
"p643": 0
"p644": 0
"p645": 0
"p646": 0
"p647": 0
"p648": 8.27937626189925E-05
"p649": 1.8816764231589203E-05
"p650": 1.8816764231589204E-06
"p651": 0
"p652": 0
"p653": 0
"p654": 0
"p655": 0
"p656": 5.080526342529084E-05
"p657": 1.6935087808430286E-05
"p658": 0
"p659": 0
"p660": 0
"p661": 0
"p662": 0
"p663": 0
"p664": 0.00022203781793275258
"p665": 3.575185204001949E-05
"p666": 0
"p667": 0
"p668": 3.7633528463178407E-06
"p669": 0
"p670": 0
"p671": 0
"p672": 1.5053411385271363E-05
"p673": 1.8816764231589204E-06
"p674": 0
"p675": 0
"p676": 0
"p677": 0
"p678": 0
"p679": 0
"p680": 0.0004534840179812999
"p681": 0.00012795399677480656
"p682": 2.0698440654748124E-05
"p683": 1.8816764231589204E-06
"p684": 6.397699838740328E-05
"p685": 3.198849919370165E-05
"p686": 9.408382115794602E-06
"p687": 1.8816764231589204E-06
"p688": 0.00019381267158536877
"p689": 2.6343469924224884E-05
"p690": 0
"p691": 0
"p692": 1.1290058538953523E-05
