"p630": 0
"p631": 0
"p632": 0
"p633": 0
"p634": 0
"p635": 0
"p636": 0
"p637": 0
"p638": 0
"p639": 0
"p640": 0.00024273625858750068
"p641": 7.903040977267465E-05
"p642": 1.5053411385271365E-05
"p643": 0
"p644": 0.0007639606278025217
"p645": 0.0001938126715853688
"p646": 2.2580117077907045E-05
"p647": 0
"p648": 0.001390558876714442
"p649": 0.0005136976635223853
"p650": 7.526705692635681E-05
"p651": 1.8816764231589204E-06
"p652": 0.0055246019783945916
"p653": 0.002071725741897971
"p654": 0.0004139688130949625
"p655": 1.1290058538953523E-05
"p656": 0
"p657": 0
"p658": 0
"p659": 0
"p660": 4.8923587002131926E-05
"p661": 5.645029269476761E-06
"p662": 0
"p663": 0
"p664": 5.645029269476761E-06
"p665": 0
"p666": 0
"p667": 0
"p668": 0.00014300740816007796
"p669": 2.0698440654748124E-05
"p670": 0
"p671": 0
"p672": 7.5267056926356815E-06
"p673": 1.8816764231589204E-06
"p674": 0
"p675": 0
"p676": 0.0001373623788906012
"p677": 2.6343469924224887E-05
"p678": 0
"p679": 0
"p680": 0.0004760641350592069
"p681": 0.0001599424959685082
"p682": 1.5053411385271365E-05
"p683": 0
"p684": 0.0022166148264812077
"p685": 0.0008072391855351767
"p686": 7.526705692635681E-05
"p687": 0
"p688": 4.327855773265517E-05
"p689": 1.8816764231589203E-05
"p690": 5.645029269476761E-06
"p691": 0
"p692": 0.0005626212505245172
