"p630": 0
"p631": 0
"p632": 0
"p633": 0
"p634": 0
"p635": 0
"p636": 0
"p637": 0
"p638": 0
"p639": 0
"p640": 0.0007018653058382772
"p641": 0.00018064093662325633
"p642": 2.2580117077907045E-05
"p643": 0
"p644": 6.209532196424438E-05
"p645": 1.3171734962112444E-05
"p646": 0
"p647": 0
"p648": 0.005088053048221721
"p649": 0.001887321452428397
"p650": 0.0003706902553623074
"p651": 1.1290058538953523E-05
"p652": 0.001815817748348358
"p653": 0.0006792851887603702
"p654": 0.00012230896750532982
"p655": 1.8816764231589204E-06
"p656": 4.8923587002131926E-05
"p657": 5.645029269476761E-06
"p658": 0
"p659": 0
"p660": 0
"p661": 0
"p662": 0
"p663": 0
"p664": 0.00014488908458323686
"p665": 2.0698440654748124E-05
"p666": 0
"p667": 0
"p668": 3.7633528463178407E-06
"p669": 0
"p670": 0
"p671": 0
"p672": 0.0001373623788906012
"p673": 2.6343469924224887E-05
"p674": 0
"p675": 0
"p676": 0
"p677": 0
"p678": 0
"p679": 0
"p680": 0.002186508003710665
"p681": 0.0007808957156109519
"p682": 6.585867481056221E-05
"p683": 0
"p684": 0.0005042892814065907
"p685": 0.0001806409366232563
"p686": 2.258011707790705E-05
"p687": 0
"p688": 0.0005626212505245172
"p689": 0.00015617914312219037
"p690": 2.8225146347383805E-05
"p691": 3.7633528463178407E-06
"p692": 0
