"p630": 0
"p631": 0
"p632": 0
"p633": 0
"p634": 0
"p635": 0
"p636": 0
"p637": 0
"p638": 0
"p639": 0
"p640": 7.714873334951574E-05
"p641": 5.645029269476761E-06
"p642": 0
"p643": 0
"p644": 0.0009822350928889564
"p645": 0.0002728430813580434
"p646": 1.5053411385271363E-05
"p647": 0
"p648": 9.408382115794602E-06
"p649": 0
"p650": 0
"p651": 0
"p652": 0.0004290222244802338
"p653": 9.220214473478709E-05
"p654": 5.645029269476761E-06
"p655": 3.7633528463178407E-06
"p656": 0
"p657": 0
"p658": 0
"p659": 0
"p660": 0.00013548070246744226
"p661": 7.5267056926356815E-06
"p662": 0
"p663": 0
"p664": 0
"p665": 0
"p666": 0
"p667": 0
"p668": 0
"p669": 0
"p670": 0
"p671": 0
"p672": 0.001629531782455625
"p673": 0.0005776746619097886
"p674": 8.467543904215141E-05
"p675": 1.8816764231589204E-06
"p676": 0.006700649742868915
"p677": 0.0022975269126770414
"p678": 0.0004290222244802339
"p679": 1.1290058538953523E-05
"p680": 0.0002521446407032953
"p681": 7.150370408003898E-05
"p682": 5.645029269476761E-06
"p683": 0
"p684": 0.002417954203759213
"p685": 0.0007413805107246145
"p686": 9.408382115794602E-05
"p687": 0
"p688": 0.0005325144277539745
"p689": 0.00015806081954534927
"p690": 2.8225146347383805E-05
"p691": 1.8816764231589204E-06
"p692": 0.0034585212657660958
