"p630": 0
"p631": 0
"p632": 3.951520488633733E-05
"p633": 3.7633528463178407E-06
"p634": 0
"p635": 0
"p636": 9.408382115794602E-06
"p637": 0
"p638": 0
"p639": 0
"p640": 0.0012362614100154105
"p641": 0.00027660643420436126
"p642": 2.8225146347383808E-05
"p643": 1.8816764231589204E-06
"p644": 0
"p645": 0
"p646": 0
"p647": 0
"p648": 0.002327633735447584
"p649": 0.0006623501009519401
"p650": 9.972885042742278E-05
"p651": 2.2580117077907045E-05
"p652": 0.0003029499041285862
"p653": 6.0213645541085445E-05
"p654": 9.408382115794602E-06
"p655": 0
"p656": 0
"p657": 0
"p658": 0
"p659": 0
"p660": 0
"p661": 0
"p662": 0
"p663": 0
"p664": 0.0003424651090149235
"p665": 6.209532196424438E-05
"p666": 5.645029269476761E-06
"p667": 0
"p668": 1.1290058538953523E-05
"p669": 0
"p670": 0
"p671": 0
"p672": 0.0023276337354475847
"p673": 0.0006623501009519401
"p674": 9.972885042742278E-05
"p675": 2.2580117077907045E-05
"p676": 0.0003424651090149235
"p677": 6.209532196424438E-05
"p678": 5.645029269476761E-06
"p679": 0
"p680": 0.018280486450988915
"p681": 0.007133435320195468
"p682": 0.0015994249596850822
"p683": 0.00013548070246744226
"p684": 0.00965676340365158
"p685": 0.0035281432934229757
"p686": 0.0006792851887603702
"p687": 5.64502926947676E-05
"p688": 0.00030294990412858624
"p689": 6.0213645541085445E-05
"p690": 9.408382115794602E-06
"p691": 0
"p692": 1.1290058538953523E-05
