"p630": 1.6935087808430286E-05
"p631": 0
"p632": 1.6935087808430282E-05
"p633": 0
"p634": 0
"p635": 0
"p636": 1.3171734962112442E-05
"p637": 3.7633528463178407E-06
"p638": 3.7633528463178407E-06
"p639": 0
"p640": 0.00022956452362538827
"p641": 2.6343469924224887E-05
"p642": 0
"p643": 0
"p644": 0.0016050699889545589
"p645": 0.00028789649274331484
"p646": 7.5267056926356815E-06
"p647": 0
"p648": 3.0106822770542726E-05
"p649": 0
"p650": 0
"p651": 0
"p652": 0.0006096631611034901
"p653": 0.00017499590735377957
"p654": 2.4461793501065963E-05
"p655": 0
"p656": 0
"p657": 0
"p658": 0
"p659": 0
"p660": 0.00016370584881482606
"p661": 5.645029269476761E-06
"p662": 0
"p663": 0
"p664": 0
"p665": 0
"p666": 0
"p667": 0
"p668": 0
"p669": 0
"p670": 0
"p671": 0
"p672": 0.0019456534215463236
"p673": 0.0006454150131435097
"p674": 0.00012419064392848873
"p675": 1.8816764231589204E-06
"p676": 0.008160830647240238
"p677": 0.0026512820802309187
"p678": 0.0004478389887118231
"p679": 1.8816764231589203E-05
"p680": 0.0004591290472507766
"p681": 0.00011666393823585308
"p682": 1.1290058538953523E-05
"p683": 0
"p684": 0.002730312490003594
"p685": 0.000829819302613084
"p686": 0.00010913723254321738
"p687": 0
"p688": 0.0003518734911307182
"p689": 0.00010725555612005847
"p690": 2.446179350106597E-05
"p691": 1.8816764231589204E-06
"p692": 0.0033004604462207464
