"p630": 9.220214473478709E-05
"p631": 0
"p632": 0.00034058343259176454
"p633": 5.456861627160869E-05
"p634": 0
"p635": 0
"p636": 0.00021827446508643477
"p637": 3.575185204001949E-05
"p638": 3.7633528463178407E-06
"p639": 0
"p640": 0.0008825062424615336
"p641": 0.0001862859658927331
"p642": 1.8816764231589203E-05
"p643": 0
"p644": 0.003804749727627337
"p645": 0.0009728267107731618
"p646": 0.00012419064392848875
"p647": 7.5267056926356815E-06
"p648": 0.0001373623788906012
"p649": 1.8816764231589203E-05
"p650": 5.645029269476761E-06
"p651": 0
"p652": 0.0018271078068873112
"p653": 0.0005739113090634706
"p654": 0.00010913723254321738
"p655": 1.3171734962112444E-05
"p656": 1.6935087808430286E-05
"p657": 0
"p658": 0
"p659": 0
"p660": 0.000427140548057075
"p661": 6.585867481056221E-05
"p662": 5.645029269476761E-06
"p663": 0
"p664": 0
"p665": 0
"p666": 0
"p667": 0
"p668": 0
"p669": 0
"p670": 0
"p671": 0
"p672": 0.007340419726742948
"p673": 0.002724667460734117
"p674": 0.0006171898667961258
"p675": 7.52670569263568E-05
"p676": 0.01876407729174076
"p677": 0.00707886670392386
"p678": 0.001520394549912408
"p679": 0.0001448890845832369
"p680": 0.0030464341290942915
"p681": 0.000999170180697387
"p682": 0.00015053411385271363
"p683": 7.5267056926356815E-06
"p684": 0.010059442158207591
"p685": 0.003170624773022781
"p686": 0.00046665575294341233
"p687": 2.0698440654748124E-05
"p688": 0.0023201070297549486
"p689": 0.000803475832688859
"p690": 0.00016182417239166716
"p691": 1.3171734962112444E-05
"p692": 0.00934252344098404
