"p630": 0
"p631": 0
"p632": 1.3171734962112444E-05
"p633": 1.8816764231589204E-06
"p634": 0
"p635": 0
"p636": 9.408382115794602E-06
"p637": 0
"p638": 0
"p639": 0
"p640": 0.0016803370458809159
"p641": 0.00043654893017286954
"p642": 6.021364554108546E-05
"p643": 1.1290058538953523E-05
"p644": 0.00022956452362538825
"p645": 2.2580117077907045E-05
"p646": 0
"p647": 0
"p648": 0.000611544837526649
"p649": 0.00022203781793275258
"p650": 3.951520488633734E-05
"p651": 1.1290058538953523E-05
"p652": 0.0017123255450746176
"p653": 0.00047982748790552463
"p654": 6.962202765688006E-05
"p655": 5.645029269476761E-06
"p656": 0.00033682007974544673
"p657": 6.209532196424438E-05
"p658": 5.645029269476761E-06
"p659": 0
"p660": 0
"p661": 0
"p662": 0
"p663": 0
"p664": 5.645029269476761E-06
"p665": 0
"p666": 0
"p667": 0
"p668": 1.1290058538953523E-05
"p669": 0
"p670": 0
"p671": 0
"p672": 0.013258292077577756
"p673": 0.005505785214163001
"p674": 0.0013453986425586283
"p675": 0.0001279539967748066
"p676": 0.0004440756358655052
"p677": 6.209532196424438E-05
"p678": 0
"p679": 0
"p680": 0.005432399833659804
"p681": 0.0019117832459294632
"p682": 0.00026719805208856665
"p683": 7.5267056926356815E-06
"p684": 0.013184906697074556
"p685": 0.004580000413968812
"p686": 0.0007056286586845952
"p687": 3.9515204886337324E-05
"p688": 0.007253862611277639
"p689": 0.002643755374538283
"p690": 0.0005400411334466101
"p691": 4.5160234155814084E-05
"p692": 1.1290058538953523E-05
