"p630": 0
"p631": 0
"p632": 0
"p633": 0
"p634": 0
"p635": 0
"p636": 0
"p637": 0
"p638": 0
"p639": 0
"p640": 0.0059084639687190105
"p641": 0.002130057711015898
"p642": 0.0004591290472507766
"p643": 4.516023415581409E-05
"p644": 0.014893468889302855
"p645": 0.005492613479200889
"p646": 0.0010330403563142475
"p647": 7.150370408003898E-05
"p648": 0.0023615039110644444
"p649": 0.0007921857741499056
"p650": 0.0001467707610063958
"p651": 7.5267056926356815E-06
"p652": 0.004638332383086739
"p653": 0.0012889483498638606
"p654": 0.00018816764231589203
"p655": 1.1290058538953523E-05
"p656": 0.013395654456468358
"p657": 0.005678899445093622
"p658": 0.0013623337303670584
"p659": 0.00013736237889060122
"p660": 0.027993700147335272
"p661": 0.012232778426956144
"p662": 0.0031819148315617345
"p663": 0.0003669269025159895
"p664": 0.006542588923323565
"p665": 0.002619293581037217
"p666": 0.0005343961041771335
"p667": 1.3171734962112442E-05
"p668": 0.013205605137729306
"p669": 0.00449908832777298
"p670": 0.0007489072164172503
"p671": 2.8225146347383808E-05
"p672": 0.0017988826605399276
"p673": 0.0005362777806002922
"p674": 6.209532196424438E-05
"p675": 0
"p676": 0.006072169817533836
"p677": 0.0020340922134347928
"p678": 0.0001768775837769385
"p679": 1.8816764231589204E-06
"p680": 0.00042714054805707494
"p681": 9.596549758110495E-05
"p682": 5.645029269476761E-06
"p683": 0
"p684": 0.0006040181318340133
"p685": 0.0001392440553137601
"p686": 2.258011707790705E-05
"p687": 0
"p688": 0.007353591461705061
"p689": 0.0021394660931316925
"p690": 0.0002653163756654078
"p691": 1.1290058538953523E-05
"p692": 0.022324209084357432
