"p630": 0
"p631": 0
"p632": 1.8816764231589204E-06
"p633": 0
"p634": 0
"p635": 0
"p636": 0
"p637": 0
"p638": 0
"p639": 0
"p640": 0.0004309039009033927
"p641": 8.843879188846924E-05
"p642": 9.408382115794602E-06
"p643": 0
"p644": 0.0022636567370601813
"p645": 0.0006247165724887616
"p646": 9.408382115794602E-05
"p647": 2.2580117077907045E-05
"p648": 4.8923587002131926E-05
"p649": 1.8816764231589203E-05
"p650": 3.7633528463178407E-06
"p651": 0
"p652": 0.0014808793450260703
"p653": 0.0004290222244802338
"p654": 6.209532196424438E-05
"p655": 5.645029269476761E-06
"p656": 1.6935087808430286E-05
"p657": 0
"p658": 0
"p659": 0
"p660": 0.00033682007974544673
"p661": 6.209532196424438E-05
"p662": 5.645029269476761E-06
"p663": 0
"p664": 0
"p665": 0
"p666": 0
"p667": 0
"p668": 0
"p669": 0
"p670": 0
"p671": 0
"p672": 0.006239639019194981
"p673": 0.002290000206984406
"p674": 0.00042902222448023387
"p675": 3.010682277054273E-05
"p676": 0.01617677220989724
"p677": 0.006542588923323567
"p678": 0.0015222762263355665
"p679": 0.00013548070246744226
"p680": 0.00193436336300737
"p681": 0.0007037469822614364
"p682": 5.8331969117926534E-05
"p683": 0
"p684": 0.009393328704409332
"p685": 0.003104766098212218
"p686": 0.00037633528463178407
"p687": 1.3171734962112442E-05
"p688": 0.0024217175566055298
"p689": 0.0007432621871477736
"p690": 0.00013924405531376012
"p691": 1.1290058538953523E-05
"p692": 0.008855169247385882
