"p630": 0.0001392440553137601
"p631": 1.6935087808430286E-05
"p632": 0.0007959491269962233
"p633": 0.0002653163756654078
"p634": 4.139688130949625E-05
"p635": 0
"p636": 0.0004610107236739355
"p637": 0.0001467707610063958
"p638": 2.6343469924224884E-05
"p639": 0
"p640": 0.00021262943581695798
"p641": 5.456861627160869E-05
"p642": 5.645029269476761E-06
"p643": 0
"p644": 0.0017330239857293655
"p645": 0.0004666557529434122
"p646": 7.714873334951572E-05
"p647": 5.645029269476761E-06
"p648": 9.408382115794602E-06
"p649": 0
"p650": 0
"p651": 0
"p652": 0.00022580117077907044
"p653": 6.39769983874033E-05
"p654": 5.645029269476761E-06
"p655": 0
"p656": 0.0008994413302699639
"p657": 0.0001862859658927331
"p658": 1.8816764231589203E-05
"p659": 0
"p660": 0.0042262452464149345
"p661": 0.001038685385583724
"p662": 0.0001298356731979655
"p663": 7.5267056926356815E-06
"p664": 0.0001373623788906012
"p665": 1.8816764231589203E-05
"p666": 5.645029269476761E-06
"p667": 0
"p668": 0.0018271078068873112
"p669": 0.0005739113090634706
"p670": 0.00010913723254321738
"p671": 1.3171734962112444E-05
"p672": 0.002146992798824328
"p673": 0.0007696056570719982
"p674": 0.00016182417239166713
"p675": 1.5053411385271365E-05
"p676": 0.0071259086145028325
"p677": 0.0026569271095003956
"p678": 0.00044783898871182307
"p679": 2.4461793501065966E-05
"p680": 0.0007714873334951573
"p681": 0.0002653163756654078
"p682": 4.327855773265517E-05
"p683": 5.645029269476761E-06
"p684": 0.0027886444591215193
"p685": 0.000805357509112018
"p686": 0.00012042729108217092
"p687": 7.5267056926356815E-06
"p688": 0.007511652281250411
"p689": 0.0027924078119678374
"p690": 0.0006209532196424437
"p691": 7.52670569263568E-05
"p692": 0.020423715896966923
