"p630": 0.001371742112482853
"p631": 0.00012419064392848875
"p632": 0.0023295154118707427
"p633": 0.0007526705692635682
"p634": 0.00013171734962112442
"p635": 7.5267056926356815E-06
"p636": 0.002060435683359017
"p637": 0.0007639606278025217
"p638": 0.00010349220327374062
"p639": 5.645029269476761E-06
"p640": 0.00016558752523798497
"p641": 3.010682277054273E-05
"p642": 0
"p643": 0
"p644": 0.0007884224213035875
"p645": 0.00019004931873905094
"p646": 2.2580117077907045E-05
"p647": 0
"p648": 3.7633528463178407E-06
"p649": 0
"p650": 0
"p651": 0
"p652": 0.0005024076049834317
"p653": 0.0001486524374295547
"p654": 2.8225146347383805E-05
"p655": 3.7633528463178407E-06
"p656": 0
"p657": 0
"p658": 0
"p659": 0
"p660": 6.209532196424438E-05
"p661": 1.3171734962112444E-05
"p662": 0
"p663": 0
"p664": 0
"p665": 0
"p666": 0
"p667": 0
"p668": 0
"p669": 0
"p670": 0
"p671": 0
"p672": 0.0025327364655719064
"p673": 0.0008373460083057196
"p674": 0.00013171734962112442
"p675": 9.408382115794602E-06
"p676": 0.006143673521613875
"p677": 0.0022730651191759754
"p678": 0.0004290222244802338
"p679": 1.1290058538953523E-05
"p680": 0.0009351931823099837
"p681": 0.0004158504895181215
"p682": 9.408382115794602E-06
"p683": 0
"p684": 0.003737009376393616
"p685": 0.001160994353089054
"p686": 3.575185204001949E-05
"p687": 0
"p688": 0.00060966316110349
"p689": 0.0001862859658927331
"p690": 3.575185204001949E-05
"p691": 1.8816764231589204E-06
"p692": 0.0021752179451717123
