"p630": 4.1396881309496255E-05
"p631": 0
"p632": 0.002476286172877139
"p633": 0.0006905752472993237
"p634": 5.080526342529084E-05
"p635": 0
"p636": 0.009767782312617958
"p637": 0.003093476039673266
"p638": 0.0001392440553137601
"p639": 1.8816764231589204E-06
"p640": 1.8816764231589204E-06
"p641": 0
"p642": 0
"p643": 0
"p644": 1.5053411385271363E-05
"p645": 1.8816764231589204E-06
"p646": 0
"p647": 0
"p648": 6.962202765688005E-05
"p649": 3.575185204001949E-05
"p650": 9.408382115794602E-06
"p651": 1.8816764231589204E-06
"p652": 0.0004064421074023268
"p653": 0.00011666393823585305
"p654": 1.8816764231589203E-05
"p655": 1.8816764231589204E-06
"p656": 8.27937626189925E-05
"p657": 1.8816764231589203E-05
"p658": 1.8816764231589204E-06
"p659": 0
"p660": 0.00021074775939379907
"p661": 3.3870175616860565E-05
"p662": 0
"p663": 0
"p664": 0.0004421939594423463
"p665": 0.00012607232035164763
"p666": 2.0698440654748124E-05
"p667": 1.8816764231589204E-06
"p668": 0.0018534512768115367
"p669": 0.0004948808992907961
"p670": 3.3870175616860565E-05
"p671": 1.8816764231589204E-06
"p672": 0
"p673": 0
"p674": 0
"p675": 0
"p676": 0
"p677": 0
"p678": 0
"p679": 0
"p680": 7.5267056926356815E-06
"p681": 5.645029269476761E-06
"p682": 1.8816764231589204E-06
"p683": 0
"p684": 7.33853805031979E-05
"p685": 1.6935087808430282E-05
"p686": 3.7633528463178407E-06
"p687": 0
"p688": 5.645029269476761E-06
"p689": 5.645029269476761E-06
"p690": 5.645029269476761E-06
"p691": 0
"p692": 7.150370408003896E-05
