"p630": 0
"p631": 0
"p632": 0
"p633": 0
"p634": 0
"p635": 0
"p636": 0
"p637": 0
"p638": 0
"p639": 0
"p640": 0.009314298294636657
"p641": 0.003761471169894682
"p642": 0.0008674528310762623
"p643": 3.7633528463178407E-05
"p644": 0.00019569434800852773
"p645": 3.1988499193701654E-05
"p646": 0
"p647": 0
"p648": 0.005639384240207285
"p649": 0.002389729057411829
"p650": 0.0004835908407518426
"p651": 1.3171734962112444E-05
"p652": 0.006826722063220563
"p653": 0.0024706411436076626
"p654": 0.0004158504895181214
"p655": 9.408382115794602E-06
"p656": 0.00044031228301918735
"p657": 6.209532196424438E-05
"p658": 0
"p659": 0
"p660": 0.00012230896750532982
"p661": 0
"p662": 0
"p663": 0
"p664": 9.408382115794602E-06
"p665": 0
"p666": 0
"p667": 0
"p668": 4.516023415581409E-05
"p669": 5.645029269476761E-06
"p670": 0
"p671": 0
"p672": 0.004963862404293231
"p673": 0.0015900165775692878
"p674": 0.0001505341138527136
"p675": 1.8816764231589204E-06
"p676": 1.6935087808430282E-05
"p677": 0
"p678": 0
"p679": 0
"p680": 0.0019343633630073695
"p681": 0.0007037469822614362
"p682": 5.833196911792653E-05
"p683": 0
"p684": 0.0014902877271418648
"p685": 0.0003970337252865322
"p686": 4.51602341558141E-05
"p687": 0
"p688": 0.011773649379705365
"p689": 0.0037972230219347016
"p690": 0.00040456043097916787
"p691": 1.6935087808430286E-05
"p692": 8.091208619583358E-05
