"p630": 0
"p631": 0
"p632": 9.408382115794602E-06
"p633": 0
"p634": 0
"p635": 0
"p636": 1.8816764231589204E-06
"p637": 0
"p638": 0
"p639": 0
"p640": 0.0002220378179327526
"p641": 4.892358700213194E-05
"p642": 3.7633528463178407E-06
"p643": 0
"p644": 0.0016238867531861477
"p645": 0.0007131553643772306
"p646": 0.00010537387969689952
"p647": 3.7633528463178407E-06
"p648": 3.9515204886337324E-05
"p649": 7.5267056926356815E-06
"p650": 0
"p651": 0
"p652": 0.00014488908458323686
"p653": 2.6343469924224887E-05
"p654": 5.645029269476761E-06
"p655": 0
"p656": 0.00044783898871182296
"p657": 8.843879188846924E-05
"p658": 9.408382115794602E-06
"p659": 0
"p660": 0.0025835417289971976
"p661": 0.000686811894453006
"p662": 9.972885042742278E-05
"p663": 2.2580117077907045E-05
"p664": 4.8923587002131926E-05
"p665": 1.8816764231589203E-05
"p666": 3.7633528463178407E-06
"p667": 0
"p668": 0.0014808793450260703
"p669": 0.0004290222244802338
"p670": 6.209532196424438E-05
"p671": 5.645029269476761E-06
"p672": 0.0022937635598307233
"p673": 0.0007639606278025218
"p674": 0.00015241579027587256
"p675": 1.3171734962112444E-05
"p676": 0.006981019529919595
"p677": 0.0025383814948413837
"p678": 0.00045724737082761767
"p679": 3.0106822770542733E-05
"p680": 0.0004892358700213194
"p681": 0.00014112573173691902
"p682": 1.6935087808430286E-05
"p683": 0
"p684": 0.002681388903001461
"p685": 0.0007282087757625022
"p686": 9.596549758110495E-05
"p687": 5.645029269476761E-06
"p688": 0.0065557606582856785
"p689": 0.0023483321761023327
"p690": 0.00042902222448023387
"p691": 3.010682277054273E-05
"p692": 0.018224036158294148
