"p630": 0
"p631": 0
"p632": 0.00038574366674757867
"p633": 0.00015053411385271363
"p634": 2.2580117077907045E-05
"p635": 0
"p636": 3.0106822770542726E-05
"p637": 1.5053411385271363E-05
"p638": 0
"p639": 0
"p640": 0.00017687758377693847
"p641": 2.8225146347383808E-05
"p642": 0
"p643": 0
"p644": 0
"p645": 0
"p646": 0
"p647": 0
"p648": 0.0027039690200793684
"p649": 0.0008674528310762624
"p650": 0.00012419064392848875
"p651": 1.3171734962112444E-05
"p652": 0.0004309039009033928
"p653": 0.00012230896750532982
"p654": 2.6343469924224887E-05
"p655": 1.8816764231589204E-06
"p656": 0.0010687922083542666
"p657": 0.0002107477593937991
"p658": 2.2580117077907045E-05
"p659": 0
"p660": 5.645029269476761E-05
"p661": 1.1290058538953523E-05
"p662": 0
"p663": 0
"p664": 0.007744980157722118
"p665": 0.0025929501111129926
"p666": 0.0004440756358655053
"p667": 1.8816764231589203E-05
"p668": 0.0023765573224497167
"p669": 0.0007921857741499056
"p670": 0.00017311423093062066
"p671": 1.8816764231589204E-06
"p672": 1.1290058538953523E-05
"p673": 0
"p674": 0
"p675": 0
"p676": 0
"p677": 0
"p678": 0
"p679": 0
"p680": 0.0006905752472993238
"p681": 0.00021639278866327584
"p682": 1.1290058538953523E-05
"p683": 0
"p684": 5.833196911792654E-05
"p685": 2.0698440654748124E-05
"p686": 0
"p687": 0
"p688": 0.0005833196911792652
"p689": 0.00017499590735377957
"p690": 2.4461793501065963E-05
"p691": 0
"p692": 0
