"p630": 0
"p631": 0
"p632": 1.1290058538953523E-05
"p633": 0
"p634": 0
"p635": 0
"p636": 2.0698440654748124E-05
"p637": 0
"p638": 0
"p639": 0
"p640": 0.0002295645236253883
"p641": 1.1290058538953523E-05
"p642": 0
"p643": 0
"p644": 0.002641873698115124
"p645": 0.0005362777806002923
"p646": 6.39769983874033E-05
"p647": 3.7633528463178407E-06
"p648": 0.0020002220378179322
"p649": 0.0005061709578297496
"p650": 7.150370408003898E-05
"p651": 1.1290058538953523E-05
"p652": 0.005917872350834805
"p653": 0.001823344454040994
"p654": 0.0003104766098212218
"p655": 4.139688130949625E-05
"p656": 0
"p657": 0
"p658": 0
"p659": 0
"p660": 0
"p661": 0
"p662": 0
"p663": 0
"p664": 5.080526342529084E-05
"p665": 0
"p666": 0
"p667": 0
"p668": 0.0010669105319311078
"p669": 0.00018816764231589203
"p670": 1.6935087808430286E-05
"p671": 0
"p672": 0.0032778803291428392
"p673": 0.0013077651140954495
"p674": 0.0002860148163201559
"p675": 7.5267056926356815E-06
"p676": 0.004668439205857281
"p677": 0.0012494331449775231
"p678": 0.0002051027301243223
"p679": 4.516023415581409E-05
"p680": 0.02051968139454803
"p681": 0.008040403356158068
"p682": 0.001733023985729366
"p683": 0.00015241579027587258
"p684": 0.04247508189996632
"p685": 0.016814660517348118
"p686": 0.003991035693520071
"p687": 0.00041020546024864466
"p688": 0.00035940019682335385
"p689": 8.655711546531033E-05
"p690": 0
"p691": 0
"p692": 0.0006228348960656026
