"p630": 0
"p631": 0
"p632": 0.007786377039031614
"p633": 0.0028074612233531093
"p634": 0.0005569762212550404
"p635": 4.139688130949625E-05
"p636": 0.006647962803020467
"p637": 0.002295645236253882
"p638": 0.0003895070195938966
"p639": 3.7633528463178407E-05
"p640": 0.0007018653058382773
"p641": 0.00018064093662325633
"p642": 2.2580117077907045E-05
"p643": 0
"p644": 4.8923587002131926E-05
"p645": 5.645029269476761E-06
"p646": 0
"p647": 0
"p648": 0.0001373623788906012
"p649": 2.6343469924224887E-05
"p650": 0
"p651": 0
"p652": 0.0005626212505245172
"p653": 0.0001561791431221904
"p654": 2.8225146347383805E-05
"p655": 3.7633528463178407E-06
"p656": 6.209532196424438E-05
"p657": 1.3171734962112444E-05
"p658": 0
"p659": 0
"p660": 0
"p661": 0
"p662": 0
"p663": 0
"p664": 0
"p665": 0
"p666": 0
"p667": 0
"p668": 0
"p669": 0
"p670": 0
"p671": 0
"p672": 0.005088053048221721
"p673": 0.0018873214524283968
"p674": 0.00037069025536230727
"p675": 1.1290058538953523E-05
"p676": 0.0001448890845832369
"p677": 2.0698440654748124E-05
"p678": 0
"p679": 0
"p680": 0.0021865080037106652
"p681": 0.0007808957156109522
"p682": 6.585867481056221E-05
"p683": 0
"p684": 0.005007140962025888
"p685": 0.001644585193840896
"p686": 0.00016370584881482606
"p687": 9.408382115794602E-06
"p688": 0.001815817748348358
"p689": 0.0006792851887603701
"p690": 0.00012230896750532982
"p691": 1.8816764231589204E-06
"p692": 3.7633528463178407E-06
