"p630": 0
"p631": 0
"p632": 0
"p633": 0
"p634": 0
"p635": 0
"p636": 0
"p637": 0
"p638": 0
"p639": 0
"p640": 0.011990042168368643
"p641": 0.004406886183038192
"p642": 0.00087121618392258
"p643": 6.585867481056221E-05
"p644": 4.704191057897301E-05
"p645": 0
"p646": 0
"p647": 0
"p648": 0.00676274506483316
"p649": 0.0024612327614918677
"p650": 0.00047794581148236575
"p651": 3.387017561686057E-05
"p652": 0.008318891466785588
"p653": 0.0024179542037592126
"p654": 0.00041585048951812135
"p655": 3.0106822770542726E-05
"p656": 0.022186846705466834
"p657": 0.009816705899620089
"p658": 0.0026117668753445817
"p659": 0.0003161216390906986
"p660": 0.0008843879188846927
"p661": 0.00011854561465901199
"p662": 0
"p663": 0
"p664": 0.016334833029442587
"p665": 0.0070280614404985686
"p666": 0.0016897454279967106
"p667": 0.00014112573173691905
"p668": 0.019785827589516053
"p669": 0.006977256177073279
"p670": 0.0012908300262870194
"p671": 7.526705692635681E-05
"p672": 0.004713599440013097
"p673": 0.001509104491373454
"p674": 0.00014300740816007796
"p675": 1.8816764231589204E-06
"p676": 0
"p677": 0
"p678": 0
"p679": 0
"p680": 0.002186508003710665
"p681": 0.000780895715610952
"p682": 6.585867481056222E-05
"p683": 0
"p684": 0.0018214627776178345
"p685": 0.00046665575294341233
"p686": 5.268693984844978E-05
"p687": 0
"p688": 0.01962964844639386
"p689": 0.0065821041282099054
"p690": 0.0009069680359625995
"p691": 5.8331969117926534E-05
"p692": 6.962202765688006E-05
