"p630": 0
"p631": 0
"p632": 0.0009408382115794601
"p633": 0.00020698440654748126
"p634": 3.0106822770542726E-05
"p635": 0
"p636": 0.0007319721286088199
"p637": 0.0001561791431221904
"p638": 2.0698440654748124E-05
"p639": 0
"p640": 0.0032722352998733623
"p641": 0.0008919146245773281
"p642": 0.00012419064392848875
"p643": 7.5267056926356815E-06
"p644": 0.00020322105370116337
"p645": 1.6935087808430282E-05
"p646": 0
"p647": 0
"p648": 0.0007470255399940913
"p649": 0.00015429746669903146
"p650": 1.3171734962112442E-05
"p651": 0
"p652": 0.00233516044114022
"p653": 0.0006585867481056221
"p654": 0.00012042729108217089
"p655": 1.3171734962112444E-05
"p656": 0.000427140548057075
"p657": 6.585867481056221E-05
"p658": 5.645029269476761E-06
"p659": 0
"p660": 0
"p661": 0
"p662": 0
"p663": 0
"p664": 5.645029269476761E-06
"p665": 0
"p666": 0
"p667": 0
"p668": 1.1290058538953523E-05
"p669": 0
"p670": 0
"p671": 0
"p672": 0.014229237111927757
"p673": 0.005349606071040812
"p674": 0.001160994353089054
"p675": 0.00012042729108217089
"p676": 0.00041773216594128033
"p677": 5.268693984844976E-05
"p678": 0
"p679": 0
"p680": 0.008373460083057196
"p681": 0.002929770190858439
"p682": 0.000543804486292928
"p683": 3.3870175616860565E-05
"p684": 0.014274397346083571
"p685": 0.004717362792859414
"p686": 0.0009126130652320763
"p687": 8.46754390421514E-05
"p688": 0.007468373723517754
"p689": 0.0027472475778120235
"p690": 0.0005005259285602729
"p691": 3.76335284631784E-05
"p692": 1.1290058538953523E-05
