"p630": 0
"p631": 0
"p632": 6.774035123372113E-05
"p633": 3.7633528463178407E-06
"p634": 0
"p635": 0
"p636": 1.1290058538953523E-05
"p637": 0
"p638": 0
"p639": 0
"p640": 5.080526342529086E-05
"p641": 5.645029269476761E-06
"p642": 0
"p643": 0
"p644": 0
"p645": 0
"p646": 0
"p647": 0
"p648": 0.001731142309306206
"p649": 0.0007451438635709324
"p650": 0.00010913723254321737
"p651": 3.7633528463178407E-06
"p652": 0.00017123255450746173
"p653": 3.3870175616860565E-05
"p654": 0
"p655": 0
"p656": 0.00127201326205543
"p657": 0.0002803697870506791
"p658": 2.8225146347383808E-05
"p659": 1.8816764231589204E-06
"p660": 0
"p661": 0
"p662": 0
"p663": 0
"p664": 0.0026550454330772364
"p665": 0.0007263270993393433
"p666": 0.00010537387969689955
"p667": 2.2580117077907045E-05
"p668": 0.0003142399626675397
"p669": 6.0213645541085445E-05
"p670": 9.408382115794602E-06
"p671": 0
"p672": 0.00047982748790552474
"p673": 0.00010725555612005844
"p674": 1.3171734962112444E-05
"p675": 0
"p676": 1.6935087808430286E-05
"p677": 0
"p678": 0
"p679": 0
"p680": 0.0075417591040209545
"p681": 0.002679507226578303
"p682": 0.000472300782212889
"p683": 3.0106822770542733E-05
"p684": 0.002863911516047876
"p685": 0.000876861213192057
"p686": 0.00015241579027587256
"p687": 1.1290058538953523E-05
"p688": 0.0020547906540895407
"p689": 0.0006058998082571724
"p690": 9.596549758110495E-05
"p691": 2.2580117077907045E-05
"p692": 0.0003368200797454468
