"p630": 0
"p631": 0
"p632": 0.030264883590088075
"p633": 0.010795177639662727
"p634": 0.0017612491320767496
"p635": 0.00012795399677480661
"p636": 0.006982901206342755
"p637": 0.002013393772780045
"p638": 0.00028601481632015597
"p639": 2.0698440654748124E-05
"p640": 0.0006585867481056221
"p641": 0.000165587525237985
"p642": 9.408382115794602E-06
"p643": 0
"p644": 0.00013548070246744226
"p645": 7.5267056926356815E-06
"p646": 0
"p647": 0
"p648": 0.005323262601116584
"p649": 0.0018590963060810134
"p650": 0.00036692690251598946
"p651": 1.1290058538953523E-05
"p652": 0.00280557954692995
"p653": 0.0008354643318825607
"p654": 0.0001204272910821709
"p655": 9.408382115794602E-06
"p656": 0.00011290058538953522
"p657": 5.645029269476761E-06
"p658": 0
"p659": 0
"p660": 0
"p661": 0
"p662": 0
"p663": 0
"p664": 0.00011666393823585305
"p665": 1.6935087808430282E-05
"p666": 0
"p667": 0
"p668": 3.7633528463178407E-06
"p669": 0
"p670": 0
"p671": 0
"p672": 0.00025026296428013644
"p673": 0.00010537387969689954
"p674": 5.645029269476761E-06
"p675": 0
"p676": 0
"p677": 0
"p678": 0
"p679": 0
"p680": 0.0017292606328830477
"p681": 0.0005419228098697691
"p682": 6.962202765688005E-05
"p683": 0
"p684": 0.0007940674505730643
"p685": 0.00032553002120649325
"p686": 2.2580117077907045E-05
"p687": 0
"p688": 0.0004817091643286836
"p689": 9.408382115794602E-05
"p690": 5.645029269476761E-06
"p691": 3.7633528463178407E-06
"p692": 0
