"p693": 0.0012381430864385696
"p694": 0.0002163927886632758
"p695": 1.8816764231589204E-06
"p696": 0.00011854561465901196
"p697": 5.080526342529086E-05
"p698": 1.3171734962112442E-05
"p699": 0
"p700": 0.0010368037091605651
"p701": 0.00030671325697490405
"p702": 3.198849919370165E-05
"p703": 0
"p704": 0.004374897683844491
"p705": 0.0013378719368659924
"p706": 0.0002069844065474812
"p707": 1.5053411385271363E-05
"p708": 0.004341027508227629
"p709": 0.00132470020190388
"p710": 0.0001862859658927331
"p711": 1.1290058538953523E-05
"p712": 0.0018402795418494243
"p713": 0.0004986442521371138
"p714": 3.9515204886337324E-05
"p715": 0
"p716": 0.0011346508831648289
"p717": 0.00033870175616860566
"p718": 2.0698440654748124E-05
"p719": 0
"p720": 2.2580117077907045E-05
"p721": 0
"p722": 0
"p723": 0
"p724": 0.00040456043097916787
"p725": 4.5160234155814084E-05
"p726": 0
"p727": 0
"p728": 0
"p729": 0
"p730": 0
"p731": 0
"p732": 3.198849919370165E-05
"p733": 2.0698440654748124E-05
"p734": 0
"p735": 0
"p736": 0.002242958296405433
"p737": 0.0006736401594908936
"p738": 0.00010913723254321737
"p739": 7.5267056926356815E-06
"p740": 0.002604240169651945
"p741": 0.0007263270993393433
"p742": 9.972885042742277E-05
"p743": 5.645029269476761E-06
"p744": 0.0007056286586845952
"p745": 0.00020698440654748124
"p746": 1.6935087808430282E-05
"p747": 0
"p748": 0.0002709614049348845
"p749": 0.00012607232035164766
"p750": 5.645029269476761E-06
"p751": 0
"p752": 0.0039646922235958455
"p753": 0.0011402959124343056
"p754": 0.00011478226181269414
"p755": 5.645029269476761E-06
