"p693": 0.0031461629795217147
"p694": 0.0004685374293665712
"p695": 2.8225146347383808E-05
"p696": 0.00033682007974544673
"p697": 0.00011290058538953522
"p698": 2.4461793501065963E-05
"p699": 1.8816764231589204E-06
"p700": 0.002504511319224523
"p701": 0.0007319721286088202
"p702": 8.27937626189925E-05
"p703": 3.7633528463178407E-06
"p704": 0.00662161933309624
"p705": 0.002621175257460376
"p706": 0.000566384603370835
"p707": 6.962202765688005E-05
"p708": 0.015267922497511481
"p709": 0.005983731025645367
"p710": 0.0013228185254807211
"p711": 0.00017311423093062066
"p712": 0.0019155465987757807
"p713": 0.0006510600424129864
"p714": 0.00012607232035164766
"p715": 1.8816764231589204E-06
"p716": 0.0027886444591215197
"p717": 0.0008467543904215141
"p718": 0.00011854561465901197
"p719": 5.645029269476761E-06
"p720": 0.014199130289157216
"p721": 0.006149318550883353
"p722": 0.0013548070246744229
"p723": 0.00011666393823585307
"p724": 0.023624447492760256
"p725": 0.01025513650621612
"p726": 0.0025459082005340194
"p727": 0.0002991865512822683
"p728": 0.006610329274557287
"p729": 0.0026155302281908985
"p730": 0.00041961384236443927
"p731": 1.1290058538953523E-05
"p732": 0.007451438635709326
"p733": 0.0028620298396247177
"p734": 0.0004779458114823658
"p735": 1.8816764231589207E-05
"p736": 0.0026061218460751052
"p737": 0.000873097860345739
"p738": 0.00012983567319796552
"p739": 1.3171734962112444E-05
"p740": 0.008335826554594021
"p741": 0.002647518727384602
"p742": 0.0003481101382844003
"p743": 1.3171734962112444E-05
"p744": 0.00045160234155814093
"p745": 0.00012607232035164768
"p746": 2.0698440654748124E-05
"p747": 1.8816764231589204E-06
"p748": 0.0005231060456381799
"p749": 0.00015617914312219037
"p750": 2.4461793501065963E-05
"p751": 1.8816764231589204E-06
"p752": 0.008164594000086555
"p753": 0.0025214464070329535
"p754": 0.00035940019682335385
"p755": 2.2580117077907045E-05
