"p693": 0.010447067501378327
"p694": 0.0017650124849230677
"p695": 0.00010537387969689956
"p696": 0.0021225310053232626
"p697": 0.0005118159870992265
"p698": 5.456861627160869E-05
"p699": 3.76335284631784E-06
"p700": 0.007302786198279771
"p701": 0.0022072064443654136
"p702": 0.00029354152201279164
"p703": 1.5053411385271365E-05
"p704": 0.006892580738031126
"p705": 0.0026964423143867326
"p706": 0.0006491783659898275
"p707": 8.467543904215141E-05
"p708": 0.01024760980052348
"p709": 0.003987272340673753
"p710": 0.0007658423042256806
"p711": 4.3278557732655166E-05
"p712": 0.0030088006006311137
"p713": 0.0010763189140469026
"p714": 0.00014488908458323686
"p715": 1.317173496211244E-05
"p716": 0.002606121846075104
"p717": 0.0009765900636194797
"p718": 0.00014488908458323686
"p719": 1.1290058538953521E-05
"p720": 0.01713078215643881
"p721": 0.006774035123372113
"p722": 0.0017217339271904122
"p723": 0.00026155302281908997
"p724": 0.019518629537427484
"p725": 0.007272679375509228
"p726": 0.0015617914312219042
"p727": 0.00015429746669903146
"p728": 0.01068227705427319
"p729": 0.003458521265766095
"p730": 0.0004553656944044587
"p731": 1.693508780843028E-05
"p732": 0.0076207895137936285
"p733": 0.002410427498066577
"p734": 0.00031047660982122185
"p735": 1.88167642315892E-05
"p736": 0.002148874475247487
"p737": 0.0007583155985330449
"p738": 0.00016935087808430283
"p739": 1.8816764231589204E-06
"p740": 0.004645859088779375
"p741": 0.0015994249596850824
"p742": 0.0002878964927433148
"p743": 9.408382115794602E-06
"p744": 0.0004929992228676371
"p745": 0.0001486524374295547
"p746": 2.6343469924224884E-05
"p747": 1.8816764231589204E-06
"p748": 0.0004384306065960284
"p749": 0.00011101890896637632
"p750": 1.317173496211244E-05
"p751": 0
"p752": 0.007219992435660777
"p753": 0.0019550618036621183
"p754": 0.0002653163756654078
"p755": 5.645029269476761E-06
