"p693": 0.008640658135145763
"p694": 0.001962588509354754
"p695": 0.0002653163756654078
"p696": 0.0015203945499124073
"p697": 0.0004798274879055247
"p698": 0.00010349220327374063
"p699": 1.8816764231589204E-06
"p700": 0.0030897126868269474
"p701": 0.0009257848001941889
"p702": 0.00011666393823585307
"p703": 5.645029269476761E-06
"p704": 0.0010612655026616313
"p705": 0.00021074775939379907
"p706": 7.5267056926356815E-06
"p707": 0
"p708": 0.004480271563541389
"p709": 0.0012588415270933175
"p710": 0.0001844042894695742
"p711": 7.5267056926356815E-06
"p712": 0.00016182417239166716
"p713": 3.387017561686057E-05
"p714": 5.645029269476761E-06
"p715": 0
"p716": 0.0008091208619583356
"p717": 0.00026155302281908986
"p718": 5.2686939848449775E-05
"p719": 1.1290058538953523E-05
"p720": 2.2580117077907045E-05
"p721": 0
"p722": 0
"p723": 0
"p724": 0.00047230078221288907
"p725": 7.714873334951573E-05
"p726": 5.645029269476761E-06
"p727": 0
"p728": 0
"p729": 0
"p730": 0
"p731": 0
"p732": 0
"p733": 0
"p734": 0
"p735": 0
"p736": 0.007462728694248279
"p737": 0.0026494004038077595
"p738": 0.000568266279793994
"p739": 7.714873334951574E-05
"p740": 0.014407996372127857
"p741": 0.004749351292053115
"p742": 0.0009088497123857585
"p743": 9.596549758110493E-05
"p744": 0.002741602548542546
"p745": 0.0009088497123857584
"p746": 0.0001016105268505817
"p747": 1.8816764231589204E-06
"p748": 0.002803697870506791
"p749": 0.000878742889615216
"p750": 9.220214473478709E-05
"p751": 5.645029269476761E-06
"p752": 0.002749129254235182
"p753": 0.0007300904521856611
"p754": 0.00010537387969689955
"p755": 2.258011707790705E-05
