"p693": 3.3870175616860565E-05
"p694": 0
"p695": 0
"p696": 0.007210584053544984
"p697": 0.002227904885020162
"p698": 0.00031988499193701646
"p699": 1.5053411385271365E-05
"p700": 0.0080893269431602
"p701": 0.0023106986476391545
"p702": 0.0002991865512822684
"p703": 1.6935087808430282E-05
"p704": 0.004107699631755923
"p705": 0.0013190551726344035
"p706": 0.0002163927886632758
"p707": 1.3171734962112444E-05
"p708": 0
"p709": 0
"p710": 0
"p711": 0
"p712": 0.002385965704565511
"p713": 0.0008222925969204483
"p714": 0.00016935087808430286
"p715": 1.3171734962112444E-05
"p716": 0.0020209204784726806
"p717": 0.0006698768066445756
"p718": 0.00012983567319796552
"p719": 3.198849919370165E-05
"p720": 0.008574799460335202
"p721": 0.0027717093713130895
"p722": 0.000496762575713955
"p723": 5.456861627160869E-05
"p724": 2.6343469924224887E-05
"p725": 0
"p726": 0
"p727": 0
"p728": 0.008969951509198574
"p729": 0.0031010027453658995
"p730": 0.0005776746619097885
"p731": 5.456861627160869E-05
"p732": 0.007078866703923858
"p733": 0.0024160725273360533
"p734": 0.00047041910578973014
"p735": 6.209532196424436E-05
"p736": 0.0013830321710218067
"p737": 0.0003123582862443808
"p738": 4.327855773265517E-05
"p739": 0
"p740": 0
"p741": 0
"p742": 0
"p743": 0
"p744": 0.0007037469822614362
"p745": 0.0002051027301243223
"p746": 3.7633528463178407E-05
"p747": 1.8816764231589204E-06
"p748": 0.00037633528463178407
"p749": 0.0001279539967748066
"p750": 3.010682277054273E-05
"p751": 1.8816764231589204E-06
"p752": 0.007739335128452639
"p753": 0.0022674200899064985
"p754": 0.00036504522609283053
"p755": 2.2580117077907045E-05
