"p693": 0.015235933998317781
"p694": 0.0028112245761994278
"p695": 0.0002013393772780045
"p696": 0.006305497694005541
"p697": 0.0017405506914220015
"p698": 0.0002427362585875007
"p699": 1.3171734962112442E-05
"p700": 0.012977922290527076
"p701": 0.003693730818660961
"p702": 0.00047606413505920693
"p703": 2.6343469924224887E-05
"p704": 0.012695670827053238
"p705": 0.00493187390509953
"p706": 0.0012550781742469998
"p707": 0.00019757602443168663
"p708": 0.015113625030812448
"p709": 0.005806853441868429
"p710": 0.001230616380745934
"p711": 0.00012419064392848875
"p712": 0.00813636885373917
"p713": 0.002624938610306694
"p714": 0.0004045604309791678
"p715": 1.693508780843028E-05
"p716": 0.006049589700455929
"p717": 0.0019663518622010717
"p718": 0.00028789649274331484
"p719": 1.88167642315892E-05
"p720": 8.467543904215141E-05
"p721": 1.1290058538953523E-05
"p722": 0
"p723": 0
"p724": 0.000946483240848937
"p725": 0.00012419064392848875
"p726": 1.1290058538953523E-05
"p727": 0
"p728": 0
"p729": 0
"p730": 0
"p731": 0
"p732": 0.0002145111122401169
"p733": 4.516023415581409E-05
"p734": 0
"p735": 0
"p736": 0.007929384447191691
"p737": 0.0030727775990185167
"p738": 0.0007714873334951573
"p739": 9.408382115794602E-05
"p740": 0.011986278815522323
"p741": 0.004365489301728695
"p742": 0.0008975596538468051
"p743": 6.209532196424438E-05
"p744": 0.003594001968233538
"p745": 0.001155349323819577
"p746": 0.00014112573173691902
"p747": 9.408382115794602E-06
"p748": 0.002901545044511055
"p749": 0.0009050863595394408
"p750": 0.00010913723254321738
"p751": 7.5267056926356815E-06
"p752": 0.012101061077335018
"p753": 0.0037934596690883835
"p754": 0.0007018653058382772
"p755": 5.456861627160869E-05
