"p693": 0
"p694": 0
"p695": 0
"p696": 0.0003405834325917645
"p697": 0.0001129005853895352
"p698": 2.2580117077907045E-05
"p699": 0
"p700": 0.0006999836294151184
"p701": 0.00022580117077907044
"p702": 3.0106822770542726E-05
"p703": 1.8816764231589204E-06
"p704": 0.0018986115109673502
"p705": 0.0004459573122886641
"p706": 4.51602341558141E-05
"p707": 0
"p708": 4.139688130949624E-05
"p709": 0
"p710": 0
"p711": 0
"p712": 0.0008712161839225803
"p713": 0.00024273625858750074
"p714": 2.0698440654748128E-05
"p715": 0
"p716": 0.0005814380147561065
"p717": 0.0001844042894695742
"p718": 1.6935087808430282E-05
"p719": 0
"p720": 0.00021639278866327586
"p721": 3.3870175616860565E-05
"p722": 0
"p723": 0
"p724": 0
"p725": 0
"p726": 0
"p727": 0
"p728": 0
"p729": 0
"p730": 0
"p731": 0
"p732": 0
"p733": 0
"p734": 0
"p735": 0
"p736": 0.005797445059752634
"p737": 0.0017254972800367298
"p738": 0.00025402631712645424
"p739": 1.6935087808430286E-05
"p740": 4.8923587002131926E-05
"p741": 0
"p742": 0
"p743": 0
"p744": 0.008091208619583358
"p745": 0.0022090881207885724
"p746": 0.0002653163756654078
"p747": 1.1290058538953523E-05
"p748": 0.00318944153725437
"p749": 0.0010744372376237435
"p750": 0.00013548070246744229
"p751": 1.1290058538953523E-05
"p752": 0.005182136869379668
"p753": 0.001366097083213376
"p754": 0.00019004931873905094
"p755": 5.645029269476761E-06
