"p693": 3.7633528463178407E-06
"p694": 0
"p695": 0
"p696": 0.004869778583135286
"p697": 0.0014582992279481633
"p698": 0.0002239194943559115
"p699": 1.6935087808430282E-05
"p700": 0.008042285032581227
"p701": 0.002227904885020161
"p702": 0.0002860148163201559
"p703": 2.0698440654748128E-05
"p704": 0.0071127368795407195
"p705": 0.002256130031367545
"p706": 0.0003876253431707376
"p707": 1.5053411385271363E-05
"p708": 0.00010349220327374062
"p709": 0
"p710": 0
"p711": 0
"p712": 0.0033587924153386725
"p713": 0.0010123419156594993
"p714": 0.00013548070246744229
"p715": 0
"p716": 0.002760419312774136
"p717": 0.0008994413302699638
"p718": 0.00017875926020009743
"p719": 2.2580117077907045E-05
"p720": 0.0010085785628131813
"p721": 0.00022203781793275263
"p722": 1.1290058538953523E-05
"p723": 0
"p724": 0
"p725": 0
"p726": 0
"p727": 0
"p728": 2.2580117077907045E-05
"p729": 0
"p730": 0
"p731": 0
"p732": 4.516023415581409E-05
"p733": 0
"p734": 0
"p735": 0
"p736": 0.02305806288938941
"p737": 0.008429910375751963
"p738": 0.001676573693034598
"p739": 0.00013359902604428333
"p740": 7.903040977267466E-05
"p741": 5.645029269476761E-06
"p742": 0
"p743": 0
"p744": 0.0359531914172975
"p745": 0.012654273945743743
"p746": 0.002054790654089541
"p747": 0.0001448890845832369
"p748": 0.022429582964054333
"p749": 0.008305719731823475
"p750": 0.0017236156036135708
"p751": 0.00024461793501065964
"p752": 0.01732647650444734
"p753": 0.0059743226435295714
"p754": 0.0010612655026616309
"p755": 4.8923587002131926E-05
