"p693": 0.014778686627490165
"p694": 0.0037370093763936163
"p695": 0.00040832378382548573
"p696": 0.006397699838740329
"p697": 0.002128176034592739
"p698": 0.0001768775837769385
"p699": 1.8816764231589204E-06
"p700": 0.022839788424302985
"p701": 0.00768852986502735
"p702": 0.0009709450343500028
"p703": 5.8331969117926534E-05
"p704": 0.0013736237889060115
"p705": 0.0003198849919370165
"p706": 3.387017561686057E-05
"p707": 0
"p708": 0.004909293788021623
"p709": 0.0016107150182240358
"p710": 0.00023144620004854718
"p711": 1.1290058538953523E-05
"p712": 0.00013548070246744226
"p713": 2.0698440654748124E-05
"p714": 0
"p715": 0
"p716": 0.0004290222244802338
"p717": 0.0001825226130464153
"p718": 2.2580117077907045E-05
"p719": 0
"p720": 0.0032327200949870253
"p721": 0.0007169187172235485
"p722": 4.516023415581409E-05
"p723": 0
"p724": 0.009178817592169215
"p725": 0.002871438221740512
"p726": 0.0004854725171750014
"p727": 1.5053411385271363E-05
"p728": 0.0005419228098697691
"p729": 0.00017875926020009746
"p730": 2.2580117077907045E-05
"p731": 0
"p732": 0.0016634019580724856
"p733": 0.0006510600424129865
"p734": 0.00015994249596850823
"p735": 2.2580117077907045E-05
"p736": 0.011598653472351584
"p737": 0.004169794953720167
"p738": 0.0008561627725373087
"p739": 8.843879188846925E-05
"p740": 0.01544668175771158
"p741": 0.005690189503632575
"p742": 0.0010179869449289758
"p743": 4.139688130949625E-05
"p744": 0.0049977325799100926
"p745": 0.001486524374295547
"p746": 0.00016182417239166716
"p747": 1.317173496211244E-05
"p748": 0.00318944153725437
"p749": 0.0010744372376237437
"p750": 0.00013548070246744226
"p751": 1.1290058538953521E-05
"p752": 0.025788375379393002
"p753": 0.009600313110956812
"p754": 0.0021469927988243286
"p755": 0.00025778966997277205
