"p693": 0.0008053575091120179
"p694": 0.00010913723254321737
"p695": 0
"p696": 6.774035123372114E-05
"p697": 3.0106822770542726E-05
"p698": 1.3171734962112442E-05
"p699": 0
"p700": 0.0007263270993393433
"p701": 0.00021262943581695803
"p702": 2.6343469924224887E-05
"p703": 0
"p704": 0.0018101727190788814
"p705": 0.0005136976635223853
"p706": 6.209532196424438E-05
"p707": 5.645029269476761E-06
"p708": 0.0025797783761508796
"p709": 0.0007489072164172503
"p710": 0.00010725555612005847
"p711": 5.645029269476761E-06
"p712": 0.0004158504895181214
"p713": 0.00011290058538953522
"p714": 5.645029269476761E-06
"p715": 0
"p716": 0.0002427362585875007
"p717": 0.00010725555612005845
"p718": 0
"p719": 0
"p720": 0.006090986581765425
"p721": 0.0019042565402368275
"p722": 0.00030859493339806287
"p723": 2.2580117077907045E-05
"p724": 0.00613614681592124
"p725": 0.0018572146296578541
"p726": 0.0002653163756654078
"p727": 1.6935087808430286E-05
"p728": 0.002476286172877139
"p729": 0.0006905752472993237
"p730": 5.0805263425290837E-05
"p731": 0
"p732": 0.0013510436718281048
"p733": 0.0004534840179812998
"p734": 2.0698440654748124E-05
"p735": 0
"p736": 0.00039515204886337327
"p737": 8.27937626189925E-05
"p738": 7.5267056926356815E-06
"p739": 0
"p740": 0.0007244454229161844
"p741": 0.00016182417239166713
"p742": 1.8816764231589203E-05
"p743": 0
"p744": 4.327855773265517E-05
"p745": 1.3171734962112444E-05
"p746": 5.645029269476761E-06
"p747": 0
"p748": 2.8225146347383805E-05
"p749": 1.3171734962112444E-05
"p750": 5.645029269476761E-06
"p751": 0
"p752": 0.00249133958426241
"p753": 0.0007300904521856611
"p754": 5.268693984844977E-05
"p755": 0
