"p693": 0.00592916240937376
"p694": 0.0011609943530890541
"p695": 6.962202765688005E-05
"p696": 0.0020021037142410915
"p697": 0.0006002547789876957
"p698": 6.209532196424438E-05
"p699": 5.645029269476761E-06
"p700": 0.004980797492101663
"p701": 0.0012945933791333373
"p702": 0.0001580608195453493
"p703": 9.408382115794602E-06
"p704": 0.004017379163444295
"p705": 0.0010838456197395383
"p706": 0.00015241579027587256
"p707": 2.2580117077907045E-05
"p708": 0.009641709992266307
"p709": 0.00315368968521435
"p710": 0.0006472966895666685
"p711": 8.279376261899248E-05
"p712": 0.0008241742733436071
"p713": 0.00028036978705067917
"p714": 6.774035123372113E-05
"p715": 1.1290058538953523E-05
"p716": 0.0031217011860206483
"p717": 0.0011026623839711274
"p718": 0.00022203781793275258
"p719": 1.5053411385271363E-05
"p720": 0.00012419064392848875
"p721": 0
"p722": 0
"p723": 0
"p724": 0.001445127492986051
"p725": 0.0003142399626675397
"p726": 2.2580117077907045E-05
"p727": 0
"p728": 0
"p729": 0
"p730": 0
"p731": 0
"p732": 0
"p733": 0
"p734": 0
"p735": 0
"p736": 0.037817932752647984
"p737": 0.016135375328587744
"p738": 0.003985390664250594
"p739": 0.000498644252137114
"p740": 0.053168649012778485
"p741": 0.023487085113869658
"p742": 0.006237757342771825
"p743": 0.0009088497123857593
"p744": 0.022346789201435346
"p745": 0.008512704138370956
"p746": 0.0015824898718766525
"p747": 5.268693984844977E-05
"p748": 0.018528867738845888
"p749": 0.006602802568864652
"p750": 0.0011045440603942862
"p751": 6.0213645541085445E-05
"p752": 0.016635901257148016
"p753": 0.005776746619097885
"p754": 0.0011647577059353716
"p755": 0.00012042729108217089
