"p693": 0
"p694": 0
"p695": 0
"p696": 0.03760153996398472
"p697": 0.012900773557177564
"p698": 0.0025948317875361523
"p699": 0.0002991865512822684
"p700": 0.008040403356158066
"p701": 0.002408545821643418
"p702": 0.00039515204886337327
"p703": 2.8225146347383808E-05
"p704": 0.0005475678391392458
"p705": 0.00011478226181269415
"p706": 1.1290058538953523E-05
"p707": 0
"p708": 5.645029269476761E-06
"p709": 0
"p710": 0
"p711": 0
"p712": 0.012932762056371262
"p713": 0.004322210743996039
"p714": 0.0008599261253836268
"p715": 9.408382115794602E-05
"p716": 0.004700427705050983
"p717": 0.0015749631661840164
"p718": 0.00034058343259176454
"p719": 4.5160234155814084E-05
"p720": 0.00021451111224011693
"p721": 3.3870175616860565E-05
"p722": 0
"p723": 0
"p724": 0
"p725": 0
"p726": 0
"p727": 0
"p728": 0.0006378883074508741
"p729": 8.467543904215143E-05
"p730": 5.645029269476761E-06
"p731": 0
"p732": 1.8816764231589203E-05
"p733": 3.7633528463178407E-06
"p734": 0
"p735": 0
"p736": 0.00033682007974544673
"p737": 7.714873334951573E-05
"p738": 1.1290058538953523E-05
"p739": 0
"p740": 0
"p741": 0
"p742": 0
"p743": 0
"p744": 0.00674580997702473
"p745": 0.0018685046881968081
"p746": 0.0002803697870506791
"p747": 1.8816764231589203E-05
"p748": 0.0017273789564598886
"p749": 0.0004911175464444781
"p750": 0.00011478226181269414
"p751": 1.3171734962112444E-05
"p752": 0.0005400411334466101
"p753": 0.00010913723254321738
"p754": 0
"p755": 0
