"p693": 0.0072858511104713424
"p694": 0.0011233608246258757
"p695": 7.33853805031979E-05
"p696": 0.0010706738847774257
"p697": 0.0002389729057411829
"p698": 3.387017561686057E-05
"p699": 1.8816764231589204E-06
"p700": 0.004284577215532862
"p701": 0.001258841527093318
"p702": 0.0001580608195453493
"p703": 7.5267056926356815E-06
"p704": 0.002182744650864347
"p705": 0.0007639606278025216
"p706": 0.0001467707610063958
"p707": 2.8225146347383808E-05
"p708": 0.005543418742626181
"p709": 0.0018459245711189007
"p710": 0.0003387017561686056
"p711": 2.6343469924224887E-05
"p712": 0.00034246510901492347
"p713": 9.784717400426384E-05
"p714": 2.446179350106597E-05
"p715": 1.8816764231589204E-06
"p716": 0.0005588578976781993
"p717": 0.00019757602443168663
"p718": 3.198849919370165E-05
"p719": 5.645029269476761E-06
"p720": 0.007043114851883839
"p721": 0.0025628432883424493
"p722": 0.0005532128684087225
"p723": 7.526705692635681E-05
"p724": 0.012394602599347812
"p725": 0.004222481893568617
"p726": 0.0008241742733436071
"p727": 9.22021447347871E-05
"p728": 0.002696442314386732
"p729": 0.0009032046831162816
"p730": 0.0001016105268505817
"p731": 1.8816764231589204E-06
"p732": 0.002809342899776268
"p733": 0.0008937963010004873
"p734": 9.220214473478709E-05
"p735": 5.645029269476761E-06
"p736": 0.00042337719521075713
"p737": 0.00011290058538953522
"p738": 2.6343469924224887E-05
"p739": 1.8816764231589204E-06
"p740": 0.001958825156508436
"p741": 0.0004911175464444782
"p742": 7.150370408003898E-05
"p743": 0
"p744": 6.397699838740328E-05
"p745": 3.198849919370165E-05
"p746": 9.408382115794602E-06
"p747": 1.8816764231589204E-06
"p748": 9.22021447347871E-05
"p749": 3.7633528463178407E-05
"p750": 5.645029269476761E-06
"p751": 0
"p752": 0.002942941925820551
"p753": 0.000733853805031979
"p754": 7.33853805031979E-05
"p755": 5.645029269476761E-06
