"p693": 0
"p694": 0
"p695": 0
"p696": 0.025173067189020043
"p697": 0.008446845463560396
"p698": 0.0013867955238681246
"p699": 6.39769983874033E-05
"p700": 0.0077054649528357794
"p701": 0.002402900792373941
"p702": 0.0004120871366718036
"p703": 4.51602341558141E-05
"p704": 0.0034547579129197772
"p705": 0.0011609943530890537
"p706": 0.00021451111224011693
"p707": 3.0106822770542726E-05
"p708": 0.0004666557529434122
"p709": 9.22021447347871E-05
"p710": 5.645029269476761E-06
"p711": 0
"p712": 0.05284876402084144
"p713": 0.02294704398042304
"p714": 0.006030772936224341
"p715": 0.0008712161839225805
"p716": 0.019317290160149478
"p717": 0.007585037661753609
"p718": 0.0016107150182240358
"p719": 0.00014112573173691902
"p720": 0.0006548233952593041
"p721": 8.467543904215139E-05
"p722": 0
"p723": 0
"p724": 0
"p725": 0
"p726": 0
"p727": 0
"p728": 0.0015486196962597916
"p729": 0.00023520955289486504
"p730": 1.1290058538953523E-05
"p731": 0
"p732": 5.64502926947676E-05
"p733": 7.5267056926356815E-06
"p734": 0
"p735": 0
"p736": 0.0018609779825041722
"p737": 0.0005870830440255832
"p738": 0.00010725555612005847
"p739": 1.6935087808430282E-05
"p740": 1.6935087808430282E-05
"p741": 0
"p742": 0
"p743": 0
"p744": 0.04247508189996632
"p745": 0.016814660517348125
"p746": 0.003991035693520071
"p747": 0.00041020546024864466
"p748": 0.012641102210781628
"p749": 0.004070066103292745
"p750": 0.0006435333367203509
"p751": 5.080526342529085E-05
"p752": 0.003562013469039836
"p753": 0.0012212079986301393
"p754": 0.00023332787647170614
"p755": 2.0698440654748128E-05
