"p693": 0
"p694": 0
"p695": 0
"p696": 0.008119433765930745
"p697": 0.002713377402195163
"p698": 0.0004327855773265517
"p699": 9.408382115794602E-06
"p700": 0.0025929501111129918
"p701": 0.0008298193026130839
"p702": 6.962202765688005E-05
"p703": 0
"p704": 0.0011007807075479683
"p705": 0.00022580117077907044
"p706": 1.5053411385271363E-05
"p707": 0
"p708": 0.00013548070246744226
"p709": 5.645029269476761E-06
"p710": 0
"p711": 0
"p712": 0.025001834634512582
"p713": 0.008215399263511846
"p714": 0.001401848935253396
"p715": 9.408382115794603E-05
"p716": 0.0056939528564788925
"p717": 0.001860977982504172
"p718": 0.0002671980520885667
"p719": 1.88167642315892E-05
"p720": 0.00022580117077907038
"p721": 0
"p722": 0
"p723": 0
"p724": 0
"p725": 0
"p726": 0
"p727": 0
"p728": 0.0007507888928404091
"p729": 9.032046831162815E-05
"p730": 0
"p731": 0
"p732": 7.5267056926356815E-06
"p733": 0
"p734": 0
"p735": 0
"p736": 0.00047418245863604794
"p737": 0.00014300740816007793
"p738": 2.4461793501065963E-05
"p739": 0
"p740": 0
"p741": 0
"p742": 0
"p743": 0
"p744": 0.014961209240536578
"p745": 0.004843435113211062
"p746": 0.0007714873334951574
"p747": 2.8225146347383805E-05
"p748": 0.0032477735063722968
"p749": 0.0010311586798910884
"p750": 0.000141125731736919
"p751": 7.5267056926356815E-06
"p752": 0.0008994413302699639
"p753": 0.00025967134639593104
"p754": 2.6343469924224887E-05
"p755": 0
