"p693": 0.0012193263222069802
"p694": 0.00021639278866327584
"p695": 2.0698440654748128E-05
"p696": 0.009327470029598769
"p697": 0.002609885198921423
"p698": 0.0004346672537497106
"p699": 3.0106822770542726E-05
"p700": 0.022446518051862763
"p701": 0.007863525772381127
"p702": 0.0014037306116765546
"p703": 9.22021447347871E-05
"p704": 0.002306935294792837
"p705": 0.0005964914261413777
"p706": 6.209532196424438E-05
"p707": 1.8816764231589204E-06
"p708": 0.0016332951353019427
"p709": 0.0003838619903244198
"p710": 2.6343469924224884E-05
"p711": 0
"p712": 0.02435830129779223
"p713": 0.00861055131237522
"p714": 0.0017725391906157032
"p715": 0.0002145111122401169
"p716": 0.02209840791357836
"p717": 0.008172120705779192
"p718": 0.001588134901146129
"p719": 0.0001467707610063958
"p720": 0
"p721": 0
"p722": 0
"p723": 0
"p724": 0.0005249877220613387
"p725": 5.080526342529084E-05
"p726": 0
"p727": 0
"p728": 0.0001204272910821709
"p729": 1.1290058538953523E-05
"p730": 0
"p731": 0
"p732": 0.001223089675053298
"p733": 0.00019004931873905096
"p734": 1.1290058538953523E-05
"p735": 0
"p736": 0.0008222925969204483
"p737": 0.00023709122931802397
"p738": 1.8816764231589203E-05
"p739": 0
"p740": 0.0007884224213035876
"p741": 0.00021074775939379907
"p742": 2.4461793501065963E-05
"p743": 0
"p744": 0.01427439734608357
"p745": 0.004717362792859413
"p746": 0.0009126130652320765
"p747": 8.46754390421514E-05
"p748": 0.015841833806574952
"p749": 0.0055659988597040865
"p750": 0.0010292770034679294
"p751": 6.39769983874033E-05
"p752": 0.001036803709160565
"p753": 0.0002690797285117256
"p754": 1.6935087808430282E-05
"p755": 0
