"p693": 0
"p694": 0
"p695": 0
"p696": 0.04421186923854199
"p697": 0.015260395791818851
"p698": 0.00301632730632375
"p699": 0.00026155302281909
"p700": 0.011961817022021258
"p701": 0.0038517916382063097
"p702": 0.0007300904521856612
"p703": 8.655711546531033E-05
"p704": 0.0008279376261899247
"p705": 0.00012042729108217092
"p706": 3.7633528463178407E-06
"p707": 0
"p708": 0
"p709": 0
"p710": 0
"p711": 0
"p712": 0.008616196341644698
"p713": 0.002581660052574039
"p714": 0.0004440756358655052
"p715": 1.5053411385271363E-05
"p716": 0.0009991701806973867
"p717": 0.0001749959073537796
"p718": 0
"p719": 0
"p720": 0
"p721": 0
"p722": 0
"p723": 0
"p724": 0
"p725": 0
"p726": 0
"p727": 0
"p728": 0.0009351931823099834
"p729": 0.0001938126715853688
"p730": 1.1290058538953523E-05
"p731": 0
"p732": 4.139688130949625E-05
"p733": 0
"p734": 0
"p735": 0
"p736": 0.002359622234641286
"p737": 0.0005475678391392458
"p738": 3.9515204886337324E-05
"p739": 0
"p740": 0.00010725555612005845
"p741": 5.645029269476761E-06
"p742": 0
"p743": 0
"p744": 0.044211869238541986
"p745": 0.015260395791818846
"p746": 0.003016327306323749
"p747": 0.00026155302281908997
"p748": 0.016459023673371077
"p749": 0.005801208412598952
"p750": 0.0013284635547501976
"p751": 0.00021074775939379904
"p752": 0.0005306327513308156
"p753": 0.00013548070246744229
"p754": 1.1290058538953523E-05
"p755": 0
