"p693": 0.0030294990412858616
"p694": 0.0005682662797939939
"p695": 8.279376261899248E-05
"p696": 0.045775542346187074
"p697": 0.017811949021622347
"p698": 0.003928940371555828
"p699": 0.00039891540170969124
"p700": 0.0835426698354098
"p701": 0.034573922599122016
"p702": 0.008542810961141501
"p703": 0.001121479148202717
"p704": 0
"p705": 0
"p706": 0
"p707": 0
"p708": 0.00016935087808430283
"p709": 5.080526342529086E-05
"p710": 0
"p711": 0
"p712": 0.000944601564425778
"p713": 0.0002032210537011634
"p714": 2.446179350106597E-05
"p715": 0
"p716": 0.0037652345227410003
"p717": 0.001228734704322775
"p718": 0.00018064093662325636
"p719": 1.1290058538953523E-05
"p720": 0.00019945770085484557
"p721": 1.8816764231589204E-06
"p722": 0
"p723": 0
"p724": 0.001256959850670159
"p725": 0.00015429746669903143
"p726": 3.7633528463178407E-06
"p727": 0
"p728": 0.002745365901388866
"p729": 0.0005494495155624048
"p730": 2.6343469924224887E-05
"p731": 0
"p732": 0.007842827331726383
"p733": 0.0024386526444139605
"p734": 0.0004290222244802339
"p735": 1.5053411385271363E-05
"p736": 0.0004779458114823658
"p737": 0.0001223089675053298
"p738": 1.3171734962112442E-05
"p739": 0
"p740": 0.0005757929854866297
"p741": 0.0001279539967748066
"p742": 1.3171734962112442E-05
"p743": 0
"p744": 0.010486582706264663
"p745": 0.00372948267070098
"p746": 0.0007997124798425412
"p747": 8.843879188846925E-05
"p748": 0.01403354276391923
"p749": 0.005182136869379668
"p750": 0.0009577732993878905
"p751": 4.892358700213193E-05
"p752": 0.0025948317875361514
"p753": 0.0006943386001456416
"p754": 7.903040977267465E-05
"p755": 1.8816764231589204E-06
