"p693": 0.0010556204733921542
"p694": 0.00020133937727800447
"p695": 2.6343469924224887E-05
"p696": 0.008187174117164464
"p697": 0.0023991374395276235
"p698": 0.00034999181470755925
"p699": 2.2580117077907045E-05
"p700": 0.02300349427311781
"p701": 0.00741192343082299
"p702": 0.001134650883164829
"p703": 7.33853805031979E-05
"p704": 6.962202765688006E-05
"p705": 1.5053411385271363E-05
"p706": 0
"p707": 0
"p708": 0.00017123255450746176
"p709": 1.8816764231589207E-05
"p710": 0
"p711": 0
"p712": 0.00244053432083712
"p713": 0.000824174273343607
"p714": 0.00015429746669903146
"p715": 3.010682277054273E-05
"p716": 0.005846368646754765
"p717": 0.0019287183337378935
"p718": 0.00034434678543808234
"p719": 2.6343469924224887E-05
"p720": 0.0005343961041771334
"p721": 8.467543904215143E-05
"p722": 1.8816764231589204E-06
"p723": 0
"p724": 0.0010085785628131813
"p725": 0.00022391949435591154
"p726": 2.2580117077907045E-05
"p727": 0
"p728": 0.008635013105876287
"p729": 0.0029674037193216174
"p730": 0.0005964914261413778
"p731": 7.714873334951574E-05
"p732": 0.013819031651679114
"p733": 0.004623278971701467
"p734": 0.0008712161839225801
"p735": 9.22021447347871E-05
"p736": 2.4461793501065966E-05
"p737": 5.645029269476761E-06
"p738": 0
"p739": 0
"p740": 5.268693984844977E-05
"p741": 3.7633528463178407E-06
"p742": 0
"p743": 0
"p744": 0.0004534840179812998
"p745": 0.00012419064392848873
"p746": 2.6343469924224887E-05
"p747": 1.8816764231589204E-06
"p748": 0.00198705030285582
"p749": 0.0005005259285602728
"p750": 7.150370408003898E-05
"p751": 0
"p752": 0.000188167642315892
"p753": 5.833196911792653E-05
"p754": 1.1290058538953523E-05
"p755": 0
