"p693": 0.000165587525237985
"p694": 1.6935087808430286E-05
"p695": 0
"p696": 0.048071187582440965
"p697": 0.0187941841145113
"p698": 0.004231890275684414
"p699": 0.0004403122830191875
"p700": 0.025118498572748428
"p701": 0.009101668858819696
"p702": 0.002035973889857952
"p703": 0.0002653163756654078
"p704": 0.0002897781691664738
"p705": 5.456861627160869E-05
"p706": 0
"p707": 0
"p708": 0
"p709": 0
"p710": 0
"p711": 0
"p712": 0.010430132413569895
"p713": 0.003776524581279953
"p714": 0.0006849302180298469
"p715": 3.575185204001949E-05
"p716": 0.0017574857792304315
"p717": 0.0005080526342529085
"p718": 6.774035123372113E-05
"p719": 0
"p720": 0.0029015450445110556
"p721": 0.0006002547789876955
"p722": 6.774035123372113E-05
"p723": 3.76335284631784E-06
"p724": 0
"p725": 0
"p726": 0
"p727": 0
"p728": 0.013134101433649265
"p729": 0.003906360254477918
"p730": 0.0007282087757625021
"p731": 8.279376261899248E-05
"p732": 0.002378438998872875
"p733": 0.0006567050716824634
"p734": 0.00010537387969689955
"p735": 2.2580117077907045E-05
"p736": 0.001909901569506304
"p737": 0.0005532128684087226
"p738": 8.27937626189925E-05
"p739": 1.1290058538953523E-05
"p740": 5.080526342529084E-05
"p741": 0
"p742": 0
"p743": 0
"p744": 0.04807118758244096
"p745": 0.018794184114511305
"p746": 0.004231890275684414
"p747": 0.0004403122830191876
"p748": 0.01590204745211604
"p749": 0.00515955675230176
"p750": 0.0009558916229647314
"p751": 9.596549758110493E-05
"p752": 0.00409452789679381
"p753": 0.001445127492986051
"p754": 0.00027284308135804345
"p755": 4.139688130949624E-05
