"p693": 2.6343469924224887E-05
"p694": 0
"p695": 0
"p696": 0.005690189503632575
"p697": 0.0014357191108702563
"p698": 0.00014488908458323686
"p699": 0
"p700": 0.013015555818990254
"p701": 0.003913886960170553
"p702": 0.0006058998082571724
"p703": 3.951520488633733E-05
"p704": 0.013856665180142294
"p705": 0.005157675075878601
"p706": 0.001040567062006883
"p707": 9.408382115794602E-05
"p708": 7.714873334951573E-05
"p709": 5.645029269476761E-06
"p710": 0
"p711": 0
"p712": 0.023434398174021195
"p713": 0.008390395170865626
"p714": 0.001420665699484985
"p715": 0.00010725555612005847
"p716": 0.014931102417766033
"p717": 0.0056149224467062185
"p718": 0.0011816927937438018
"p719": 0.00017123255450746173
"p720": 0.001223089675053298
"p721": 0.00019004931873905096
"p722": 1.1290058538953523E-05
"p723": 0
"p724": 6.397699838740328E-05
"p725": 0
"p726": 0
"p727": 0
"p728": 7.52670569263568E-05
"p729": 3.7633528463178407E-06
"p730": 0
"p731": 0
"p732": 0.00028225146347383805
"p733": 8.279376261899248E-05
"p734": 0
"p735": 0
"p736": 0.010708620524197415
"p737": 0.003802868051204178
"p738": 0.0007338538050319789
"p739": 4.3278557732655166E-05
"p740": 1.8816764231589204E-06
"p741": 0
"p742": 0
"p743": 0
"p744": 0.013184906697074556
"p745": 0.004580000413968812
"p746": 0.0007056286586845952
"p747": 3.9515204886337324E-05
"p748": 0.008008414856964366
"p749": 0.0029297701908584384
"p750": 0.0006002547789876956
"p751": 7.33853805031979E-05
"p752": 0.021618580425672832
"p753": 0.007154133760850215
"p754": 0.0011402959124343058
"p755": 4.8923587002131926E-05
