"p693": 0.01087985307870488
"p694": 0.0021789812980180304
"p695": 0.00025590799354961323
"p696": 0.0020924241825527193
"p697": 0.0006096631611034903
"p698": 0.00012983567319796552
"p699": 3.7633528463178407E-06
"p700": 0.006307379370428703
"p701": 0.0018760313938894443
"p702": 0.0002577896699727721
"p703": 1.3171734962112442E-05
"p704": 0.00538723959950399
"p705": 0.0019908136557021372
"p706": 0.0004497206651349819
"p707": 6.39769983874033E-05
"p708": 0.009316179971059817
"p709": 0.0033098688283365405
"p710": 0.0006774035123372113
"p711": 7.714873334951573E-05
"p712": 0.0022015614150959362
"p713": 0.000754552245686727
"p714": 8.091208619583358E-05
"p715": 1.8816764231589204E-06
"p716": 0.0021394660931316925
"p717": 0.0007131553643772308
"p718": 7.903040977267466E-05
"p719": 5.645029269476761E-06
"p720": 4.139688130949625E-05
"p721": 5.645029269476761E-06
"p722": 0
"p723": 0
"p724": 0.0006322432781813973
"p725": 8.279376261899251E-05
"p726": 5.645029269476761E-06
"p727": 0
"p728": 0
"p729": 0
"p730": 0
"p731": 0
"p732": 0.00012419064392848875
"p733": 3.3870175616860565E-05
"p734": 0
"p735": 0
"p736": 0.0022410766199822737
"p737": 0.0007037469822614361
"p738": 0.00013548070246744226
"p739": 1.3171734962112444E-05
"p740": 0.005820025176830541
"p741": 0.0016427035174177377
"p742": 0.0002690797285117256
"p743": 1.8816764231589203E-05
"p744": 0.000568266279793994
"p745": 0.00017499590735377962
"p746": 3.0106822770542722E-05
"p747": 1.8816764231589204E-06
"p748": 0.0007601972749562039
"p749": 0.0002220378179327526
"p750": 2.4461793501065966E-05
"p751": 0
"p752": 0.0044614547993098
"p753": 0.0011911011758595966
"p754": 0.00015806081954534932
"p755": 2.8225146347383805E-05
