"p693": 0.016022474743198213
"p694": 0.0038630816967452648
"p695": 0.000429022224480234
"p696": 0.009178817592169215
"p697": 0.0029222434851658035
"p698": 0.00039327037244021434
"p699": 1.505341138527136E-05
"p700": 0.023003494273117812
"p701": 0.007411923430822991
"p702": 0.0011346508831648293
"p703": 7.338538050319788E-05
"p704": 0.002777354400582566
"p705": 0.0008411093611520375
"p706": 0.00011478226181269415
"p707": 0
"p708": 0.009124248975897607
"p709": 0.003450994560073459
"p710": 0.0006548233952593043
"p711": 3.575185204001949E-05
"p712": 0.00034622846186124133
"p713": 8.091208619583358E-05
"p714": 5.645029269476761E-06
"p715": 0
"p716": 0.0007357354814551377
"p717": 0.0002333278764717061
"p718": 1.6935087808430286E-05
"p719": 0
"p720": 0.004107699631755922
"p721": 0.0010838456197395383
"p722": 0.00015241579027587256
"p723": 2.2580117077907045E-05
"p724": 0.010761307464045865
"p725": 0.0033776091795702616
"p726": 0.0006585867481056221
"p727": 8.279376261899248E-05
"p728": 0.0008241742733436071
"p729": 0.00028036978705067917
"p730": 6.774035123372113E-05
"p731": 1.1290058538953523E-05
"p732": 0.0031217011860206483
"p733": 0.0011026623839711274
"p734": 0.00022203781793275258
"p735": 1.5053411385271363E-05
"p736": 0.019744430708206556
"p737": 0.007916212712229578
"p738": 0.0018026460133862459
"p739": 0.00021262943581695803
"p740": 0.032355426096217645
"p741": 0.01318114334422824
"p742": 0.0030765409518648357
"p743": 0.00031612163909069865
"p744": 0.008966188156352257
"p745": 0.0030821859811343113
"p746": 0.00046101072367393553
"p747": 1.88167642315892E-05
"p748": 0.007440148577170372
"p749": 0.00226553841348334
"p750": 0.00028789649274331484
"p751": 1.6935087808430286E-05
"p752": 0.03450430057146513
"p753": 0.014543477074595298
"p754": 0.0035187349113071807
"p755": 0.00043090390090339274
