"p693": 0
"p694": 0
"p695": 0
"p696": 0.05684168139078469
"p697": 0.019179927781258883
"p698": 0.003501799823498752
"p699": 0.00026155302281909
"p700": 0.0153356628487452
"p701": 0.004470863181425596
"p702": 0.0007188003936467076
"p703": 6.962202765688006E-05
"p704": 0.0014432458165628919
"p705": 0.00036504522609283053
"p706": 2.6343469924224884E-05
"p707": 0
"p708": 0.00010725555612005845
"p709": 5.645029269476761E-06
"p710": 0
"p711": 0
"p712": 0.028010635235143688
"p713": 0.009700041961384234
"p714": 0.0019023748638136685
"p715": 0.00017311423093062064
"p716": 0.010861036314473287
"p717": 0.0038950701959389656
"p718": 0.0009126130652320762
"p719": 0.0001486524374295547
"p720": 0.0004459573122886641
"p721": 5.080526342529084E-05
"p722": 0
"p723": 0
"p724": 0
"p725": 0
"p726": 0
"p727": 0
"p728": 0.0009521282701184137
"p729": 0.0001279539967748066
"p730": 1.1290058538953523E-05
"p731": 0
"p732": 4.516023415581409E-05
"p733": 7.5267056926356815E-06
"p734": 0
"p735": 0
"p736": 0.0007470255399940913
"p737": 0.00019945770085484557
"p738": 1.3171734962112442E-05
"p739": 0
"p740": 0
"p741": 0
"p742": 0
"p743": 0
"p744": 0.01757485779230432
"p745": 0.006040181318340134
"p746": 0.0012174446457838214
"p747": 9.22021447347871E-05
"p748": 0.005899055586603215
"p749": 0.0020623173597821764
"p750": 0.0004610107236739355
"p751": 6.209532196424438E-05
"p752": 0.0010763189140469026
"p753": 0.0003123582862443808
"p754": 4.139688130949625E-05
"p755": 0
