"p693": 0.0001749959073537796
"p694": 2.4461793501065963E-05
"p695": 0
"p696": 0.00041773216594128033
"p697": 8.467543904215141E-05
"p698": 7.5267056926356815E-06
"p699": 0
"p700": 0.002647518727384601
"p701": 0.0008166475676509714
"p702": 0.00010913723254321737
"p703": 0
"p704": 3.0106822770542726E-05
"p705": 5.645029269476761E-06
"p706": 0
"p707": 0
"p708": 7.714873334951574E-05
"p709": 1.5053411385271363E-05
"p710": 0
"p711": 0
"p712": 0.002111240946784309
"p713": 0.0005870830440255831
"p714": 6.774035123372113E-05
"p715": 5.645029269476761E-06
"p716": 0.0026494004038077595
"p717": 0.0007733690099183164
"p718": 0.00010725555612005847
"p719": 5.645029269476761E-06
"p720": 0.0007244454229161843
"p721": 9.784717400426387E-05
"p722": 1.5053411385271363E-05
"p723": 0
"p724": 0.0007714873334951572
"p725": 8.279376261899251E-05
"p726": 0
"p727": 0
"p728": 0.007822128891071634
"p729": 0.0023502138525254923
"p730": 0.00034999181470755925
"p731": 2.2580117077907045E-05
"p732": 0.00693774097218694
"p733": 0.002167691239479076
"p734": 0.00028036978705067917
"p735": 1.6935087808430286E-05
"p736": 1.8816764231589204E-06
"p737": 0
"p738": 0
"p739": 0
"p740": 1.1290058538953523E-05
"p741": 0
"p742": 0
"p743": 0
"p744": 0.00041773216594128033
"p745": 8.467543904215141E-05
"p746": 7.5267056926356815E-06
"p747": 0
"p748": 0.00073197212860882
"p749": 0.00016370584881482604
"p750": 1.8816764231589203E-05
"p751": 0
"p752": 0.00012795399677480656
"p753": 4.139688130949625E-05
"p754": 0
"p755": 0
