"p693": 0.01711008371578407
"p694": 0.0039759822821348
"p695": 0.0004534840179812999
"p696": 0.006583985804633063
"p697": 0.0024123091744897357
"p698": 0.00041961384236443927
"p699": 1.1290058538953523E-05
"p700": 0.015298029320282024
"p701": 0.005191545251495461
"p702": 0.0008411093611520376
"p703": 4.139688130949625E-05
"p704": 0.00027284308135804345
"p705": 5.456861627160869E-05
"p706": 5.645029269476761E-06
"p707": 0
"p708": 0.0021300577110158975
"p709": 0.0005268693984844976
"p710": 8.467543904215141E-05
"p711": 5.645029269476761E-06
"p712": 1.6935087808430286E-05
"p713": 0
"p714": 0
"p715": 0
"p716": 0.00013171734962112442
"p717": 7.903040977267465E-05
"p718": 1.6935087808430286E-05
"p719": 0
"p720": 0.0010838456197395383
"p721": 0.00021074775939379907
"p722": 7.5267056926356815E-06
"p723": 0
"p724": 0.004935637257945848
"p725": 0.0013359902604428333
"p726": 0.00019004931873905096
"p727": 7.5267056926356815E-06
"p728": 0.00016182417239166716
"p729": 3.387017561686057E-05
"p730": 5.645029269476761E-06
"p731": 0
"p732": 0.0008091208619583356
"p733": 0.00026155302281908986
"p734": 5.2686939848449775E-05
"p735": 1.1290058538953523E-05
"p736": 0.002427362585875007
"p737": 0.0008317009790362427
"p738": 0.00015617914312219037
"p739": 3.010682277054273E-05
"p740": 0.006356302957430834
"p741": 0.002037855566281111
"p742": 0.00036692690251598946
"p743": 2.6343469924224887E-05
"p744": 0.0003725719317854662
"p745": 0.00010913723254321737
"p746": 2.446179350106597E-05
"p747": 1.8816764231589204E-06
"p748": 0.0005550945448318816
"p749": 0.00017875926020009743
"p750": 2.6343469924224887E-05
"p751": 5.645029269476761E-06
"p752": 0.008002769827694888
"p753": 0.0027867627826983605
"p754": 0.000568266279793994
"p755": 7.526705692635681E-05
