"p693": 0.00011666393823585308
"p694": 1.1290058538953523E-05
"p695": 0
"p696": 0.020811341240137664
"p697": 0.008326418172478221
"p698": 0.0017988826605399278
"p699": 0.00016182417239166716
"p700": 0.02394997751396674
"p701": 0.00836593337736456
"p702": 0.0014357191108702563
"p703": 8.467543904215141E-05
"p704": 0.0017631308084999084
"p705": 0.00047041910578973003
"p706": 8.467543904215141E-05
"p707": 5.645029269476761E-06
"p708": 0
"p709": 0
"p710": 0
"p711": 0
"p712": 0.00045724737082761767
"p713": 6.774035123372113E-05
"p714": 0
"p715": 0
"p716": 0.00026343469924224885
"p717": 9.408382115794602E-05
"p718": 1.6935087808430286E-05
"p719": 0
"p720": 0.004145333160219101
"p721": 0.0011026623839711274
"p722": 0.00015617914312219037
"p723": 7.5267056926356815E-06
"p724": 1.6935087808430286E-05
"p725": 0
"p726": 0
"p727": 0
"p728": 0.0014451274929860507
"p729": 0.00036880857893914845
"p730": 4.7041910578973015E-05
"p731": 0
"p732": 0.001245669792131205
"p733": 0.00032929337405281106
"p734": 5.2686939848449775E-05
"p735": 1.1290058538953523E-05
"p736": 0.004619515618855149
"p737": 0.0014432458165628916
"p738": 0.00023897290574118288
"p739": 1.3171734962112444E-05
"p740": 0
"p741": 0
"p742": 0
"p743": 0
"p744": 0.002754774283504659
"p745": 0.0008994413302699639
"p746": 0.0001749959073537796
"p747": 1.3171734962112444E-05
"p748": 0.002165809563055917
"p749": 0.0006981019529919595
"p750": 0.00013171734962112442
"p751": 3.3870175616860565E-05
"p752": 0.012027675696831816
"p753": 0.003977863958557957
"p754": 0.0007206820700698665
"p755": 6.962202765688005E-05
