"p693": 4.139688130949625E-05
"p694": 0
"p695": 0
"p696": 0.0193530420121895
"p697": 0.005889647204487421
"p698": 0.0009615366522342084
"p699": 6.39769983874033E-05
"p700": 0.02278521980803137
"p701": 0.006651726155866785
"p702": 0.0009671816815036852
"p703": 6.774035123372114E-05
"p704": 0.010919368283591215
"p705": 0.004009852457751659
"p706": 0.0008053575091120179
"p707": 7.903040977267465E-05
"p708": 7.903040977267465E-05
"p709": 5.645029269476761E-06
"p710": 0
"p711": 0
"p712": 0.01801705175174666
"p713": 0.006410871573702442
"p714": 0.0012531964978238412
"p715": 0.00010537387969689955
"p716": 0.012746476090478527
"p717": 0.004593172148930924
"p718": 0.0010499754441226773
"p719": 0.0001599424959685082
"p720": 0.0009126130652320764
"p721": 0.00012419064392848875
"p722": 1.1290058538953523E-05
"p723": 0
"p724": 3.3870175616860565E-05
"p725": 0
"p726": 0
"p727": 0
"p728": 3.951520488633733E-05
"p729": 3.7633528463178407E-06
"p730": 0
"p731": 0
"p732": 0.000259671346395931
"p733": 5.2686939848449775E-05
"p734": 0
"p735": 0
"p736": 0.008584207842450994
"p737": 0.00306713256974904
"p738": 0.0006341249546045562
"p739": 4.327855773265517E-05
"p740": 1.8816764231589204E-06
"p741": 0
"p742": 0
"p743": 0
"p744": 0.00965676340365158
"p745": 0.0035281432934229752
"p746": 0.0006792851887603704
"p747": 5.6450292694767617E-05
"p748": 0.006894462414454282
"p749": 0.0023615039110644444
"p750": 0.0005212243692150209
"p751": 6.774035123372113E-05
"p752": 0.018282368127412074
"p753": 0.006369474692392946
"p754": 0.00113276920674167
"p755": 5.645029269476761E-05
