"p693": 3.7633528463178407E-06
"p694": 0
"p695": 0
"p696": 0.0020736074183211307
"p697": 0.0006962202765688005
"p698": 0.00016935087808430286
"p699": 1.8816764231589207E-05
"p700": 0.003300460446220746
"p701": 0.0009878801221584333
"p702": 0.0001674692016611439
"p703": 3.0106822770542726E-05
"p704": 0.005549063771895656
"p705": 0.0017461957206914781
"p706": 0.00027848811062752024
"p707": 3.0106822770542726E-05
"p708": 0.0002991865512822683
"p709": 3.3870175616860565E-05
"p710": 0
"p711": 0
"p712": 0.002369030616757081
"p713": 0.0007394988343014557
"p714": 0.00014112573173691902
"p715": 1.6935087808430282E-05
"p716": 0.0029993922185153187
"p717": 0.0009859984457352743
"p718": 0.00018064093662325633
"p719": 1.8816764231589203E-05
"p720": 0.0009257848001941888
"p721": 0.0001768775837769385
"p722": 1.6935087808430286E-05
"p723": 0
"p724": 0
"p725": 0
"p726": 0
"p727": 0
"p728": 2.2580117077907045E-05
"p729": 0
"p730": 0
"p731": 0
"p732": 3.3870175616860565E-05
"p733": 0
"p734": 0
"p735": 0
"p736": 0.02548542547526442
"p737": 0.010034980364706524
"p738": 0.00224860332567491
"p739": 0.00023332787647170614
"p740": 0.0002671980520885667
"p741": 5.456861627160869E-05
"p742": 5.645029269476761E-06
"p743": 0
"p744": 0.021650568924866543
"p745": 0.008571036107488883
"p746": 0.0018082910426557223
"p747": 0.00016935087808430286
"p748": 0.017198522507672537
"p749": 0.006217058902117074
"p750": 0.0010518571205458366
"p751": 4.704191057897301E-05
"p752": 0.019812171059440276
"p753": 0.007013008029113297
"p754": 0.0014978144328345005
"p755": 0.00018816764231589206
