"p693": 0.0015617914312219042
"p694": 0.0002333278764717061
"p695": 0
"p696": 0.00015994249596850823
"p697": 6.39769983874033E-05
"p698": 2.2580117077907042E-05
"p699": 0
"p700": 0.001537329637720838
"p701": 0.0004346672537497107
"p702": 5.4568616271608706E-05
"p703": 0
"p704": 0.006341249546045562
"p705": 0.0022391949435591157
"p706": 0.00039515204886337327
"p707": 2.8225146347383805E-05
"p708": 0.006384528103778217
"p709": 0.002365267263910763
"p710": 0.00040456043097916787
"p711": 1.8816764231589207E-05
"p712": 0.00313863627382908
"p713": 0.0009013230066931229
"p714": 4.1396881309496255E-05
"p715": 0
"p716": 0.0013510436718281048
"p717": 0.0004779458114823658
"p718": 2.0698440654748124E-05
"p719": 0
"p720": 0.015350716260130478
"p721": 0.005594224006051473
"p722": 0.0010876089725858564
"p723": 8.091208619583357E-05
"p724": 0.011794347820360117
"p725": 0.004346672537497106
"p726": 0.0008241742733436071
"p727": 5.268693984844976E-05
"p728": 0.010680395377850035
"p729": 0.0033945442673786927
"p730": 0.00015994249596850825
"p731": 1.8816764231589204E-06
"p732": 0.004442638035078212
"p733": 0.001486524374295547
"p734": 6.585867481056221E-05
"p735": 1.8816764231589204E-06
"p736": 0.0023313970882939024
"p737": 0.0007790140391877931
"p738": 0.00010913723254321736
"p739": 0
"p740": 0.002756655959927818
"p741": 0.00099352515142791
"p742": 0.0001561791431221904
"p743": 0
"p744": 0.0005080526342529085
"p745": 8.655711546531035E-05
"p746": 9.408382115794602E-06
"p747": 0
"p748": 0.0001542974666990315
"p749": 2.8225146347383808E-05
"p750": 7.5267056926356815E-06
"p751": 0
"p752": 0.006115448375266493
"p753": 0.001751840749960955
"p754": 0.00017499590735377962
"p755": 0
