"p693": 0.007948201211423282
"p694": 0.0017236156036135712
"p695": 0.00017311423093062066
"p696": 0.001652111899533532
"p697": 0.0005193426927918621
"p698": 4.892358700213192E-05
"p699": 0
"p700": 0.009530691083299934
"p701": 0.003065250893325881
"p702": 0.0004120871366718036
"p703": 2.2580117077907045E-05
"p704": 0.0004591290472507766
"p705": 9.596549758110493E-05
"p706": 7.5267056926356815E-06
"p707": 0
"p708": 0.002598595140382469
"p709": 0.0006284799253350794
"p710": 9.408382115794599E-05
"p711": 5.645029269476761E-06
"p712": 3.3870175616860565E-05
"p713": 5.645029269476761E-06
"p714": 0
"p715": 0
"p716": 0.0001674692016611439
"p717": 9.596549758110493E-05
"p718": 1.6935087808430286E-05
"p719": 0
"p720": 0.0014131389937923492
"p721": 0.0002991865512822683
"p722": 1.1290058538953523E-05
"p723": 0
"p724": 0.005643147593053603
"p725": 0.001509104491373454
"p726": 0.00020133937727800444
"p727": 7.5267056926356815E-06
"p728": 0.00021074775939379907
"p729": 6.021364554108546E-05
"p730": 5.645029269476761E-06
"p731": 0
"p732": 0.0008636894782299443
"p733": 0.0003217666683601754
"p734": 6.021364554108546E-05
"p735": 1.1290058538953523E-05
"p736": 0.0035488417340777236
"p737": 0.0010951356782784919
"p738": 0.00018440428946957417
"p739": 3.575185204001948E-05
"p740": 0.0075662208975220205
"p741": 0.002337042117563379
"p742": 0.00040644210740232686
"p743": 3.198849919370165E-05
"p744": 0.0007018653058382773
"p745": 0.0002088660829706401
"p746": 3.010682277054273E-05
"p747": 1.8816764231589204E-06
"p748": 0.0007150370408003897
"p749": 0.00025214464070329526
"p750": 2.6343469924224887E-05
"p751": 5.645029269476761E-06
"p752": 0.01096452851774703
"p753": 0.00359023861538722
"p754": 0.0006943386001456415
"p755": 7.526705692635681E-05
