"p693": 0.00016935087808430283
"p694": 5.645029269476761E-06
"p695": 0
"p696": 0.01462438916079113
"p697": 0.004978915815678505
"p698": 0.0007300904521856611
"p699": 3.9515204886337324E-05
"p700": 0.031292278917132856
"p701": 0.011077429103136565
"p702": 0.0017142072214977764
"p703": 0.00012042729108217089
"p704": 0.004341027508227629
"p705": 0.0014488908458323685
"p706": 0.00022391949435591148
"p707": 1.1290058538953523E-05
"p708": 0
"p709": 0
"p710": 0
"p711": 0
"p712": 0.0012908300262870194
"p713": 0.0003161216390906986
"p714": 1.3171734962112442E-05
"p715": 0
"p716": 0.000972826710773162
"p717": 0.0002897781691664737
"p718": 3.198849919370165E-05
"p719": 0
"p720": 0.008012178209810684
"p721": 0.002449942702952914
"p722": 0.00039891540170969113
"p723": 1.5053411385271363E-05
"p724": 0.00010349220327374062
"p725": 0
"p726": 0
"p727": 0
"p728": 0.0033813725324165793
"p729": 0.0010123419156594993
"p730": 0.00013548070246744229
"p731": 0
"p732": 0.0028055795469299504
"p733": 0.0008994413302699638
"p734": 0.00017875926020009743
"p735": 2.2580117077907045E-05
"p736": 0.011788702791090639
"p737": 0.004280813862686543
"p738": 0.0007545522456867271
"p739": 3.0106822770542726E-05
"p740": 5.645029269476761E-06
"p741": 0
"p742": 0
"p743": 0
"p744": 0.014184076877771942
"p745": 0.004717362792859413
"p746": 0.0007263270993393433
"p747": 4.5160234155814084E-05
"p748": 0.008503295756255164
"p749": 0.0029354152201279153
"p750": 0.0005739113090634706
"p751": 6.962202765688006E-05
"p752": 0.025929501111129925
"p753": 0.009404618762948284
"p754": 0.0018666230117736489
"p755": 0.00014112573173691902
