"p693": 0.003012563953477432
"p694": 0.00045160234155814093
"p695": 2.0698440654748124E-05
"p696": 0.00026155302281908997
"p697": 5.833196911792653E-05
"p698": 1.3171734962112442E-05
"p699": 0
"p700": 0.002286236854138088
"p701": 0.0006642317773750989
"p702": 9.032046831162818E-05
"p703": 3.7633528463178407E-06
"p704": 0.0031687430965996214
"p705": 0.0010104602392363403
"p706": 0.00017499590735377957
"p707": 3.3870175616860565E-05
"p708": 0.006583985804633063
"p709": 0.002105595917514832
"p710": 0.00037257193178546626
"p711": 3.198849919370165E-05
"p712": 0.0006661134537982577
"p713": 0.00019757602443168663
"p714": 3.010682277054273E-05
"p715": 1.8816764231589204E-06
"p716": 0.0007282087757625021
"p717": 0.0002747247577812023
"p718": 3.198849919370165E-05
"p719": 5.645029269476761E-06
"p720": 0.009483649172720961
"p721": 0.003251536859218614
"p722": 0.0006774035123372112
"p723": 7.526705692635681E-05
"p724": 0.014302622492430955
"p725": 0.004786984820516294
"p726": 0.0009239031237710299
"p727": 9.784717400426385E-05
"p728": 0.0037087842300462326
"p729": 0.0011798111173206428
"p730": 0.0001486524374295547
"p731": 1.8816764231589204E-06
"p732": 0.0033023421226439044
"p733": 0.0010857272961626969
"p734": 0.0001110189089663763
"p735": 5.645029269476761E-06
"p736": 0.0007188003936467076
"p737": 0.00018816764231589203
"p738": 3.3870175616860565E-05
"p739": 1.8816764231589204E-06
"p740": 0.0023332787647170616
"p741": 0.000590846396871901
"p742": 8.467543904215141E-05
"p743": 0
"p744": 9.784717400426387E-05
"p745": 4.516023415581409E-05
"p746": 1.5053411385271363E-05
"p747": 1.8816764231589204E-06
"p748": 0.0001110189089663763
"p749": 4.8923587002131926E-05
"p750": 1.1290058538953523E-05
"p751": 0
"p752": 0.004122753043141195
"p753": 0.0011986278815522323
"p754": 0.0001204272910821709
"p755": 5.645029269476761E-06
