"p693": 0.0063751197216624245
"p694": 0.0014112573173691908
"p695": 4.8923587002131926E-05
"p696": 0.003294815416951268
"p697": 0.0012061545872448678
"p698": 4.327855773265517E-05
"p699": 1.8816764231589204E-06
"p700": 0.010862917990896451
"p701": 0.0033926625909555344
"p702": 0.00014677076100639582
"p703": 1.8816764231589204E-06
"p704": 0.0009765900636194797
"p705": 0.00023520955289486507
"p706": 1.8816764231589203E-05
"p707": 0
"p708": 0.002653163756654077
"p709": 0.0009032046831162819
"p710": 0.0001129005853895352
"p711": 0
"p712": 0.00011478226181269414
"p713": 2.0698440654748124E-05
"p714": 0
"p715": 0
"p716": 0.00019004931873905096
"p717": 6.021364554108546E-05
"p718": 0
"p719": 0
"p720": 0.0021131226232074672
"p721": 0.00047982748790552474
"p722": 3.0106822770542726E-05
"p723": 0
"p724": 0.00461763394243199
"p725": 0.0013341085840196743
"p726": 0.0001956943480085277
"p727": 0
"p728": 0.0003857436667475787
"p729": 0.00015053411385271363
"p730": 2.2580117077907045E-05
"p731": 0
"p732": 0.0008467543904215139
"p733": 0.00030859493339806287
"p734": 5.268693984844977E-05
"p735": 0
"p736": 0.007788258715454772
"p737": 0.0026757438737319847
"p738": 0.000447838988711823
"p739": 2.8225146347383805E-05
"p740": 0.007899277624421148
"p741": 0.0028959000152415783
"p742": 0.0004986442521371138
"p743": 1.8816764231589207E-05
"p744": 0.003518734911307181
"p745": 0.0009502465936952549
"p746": 4.1396881309496255E-05
"p747": 0
"p748": 0.001369860436059694
"p749": 0.0004440756358655052
"p750": 2.0698440654748124E-05
"p751": 0
"p752": 0.018399032065647924
"p753": 0.006461676837127735
"p754": 0.0011948645287059147
"p755": 8.091208619583357E-05
