"p693": 0.0010311586798910882
"p694": 0.0001298356731979655
"p695": 7.5267056926356815E-06
"p696": 0.00799712479842541
"p697": 0.002907190073780532
"p698": 0.00046101072367393553
"p699": 2.6343469924224887E-05
"p700": 0.02454835061653128
"p701": 0.009549507847531523
"p702": 0.0019776419207400255
"p703": 0.0001938126715853688
"p704": 0
"p705": 0
"p706": 0
"p707": 0
"p708": 5.8331969117926534E-05
"p709": 0
"p710": 0
"p711": 0
"p712": 0.00048170916432868367
"p713": 9.596549758110493E-05
"p714": 7.5267056926356815E-06
"p715": 0
"p716": 0.0026061218460751044
"p717": 0.0006284799253350794
"p718": 9.408382115794599E-05
"p719": 5.645029269476761E-06
"p720": 6.021364554108544E-05
"p721": 0
"p722": 0
"p723": 0
"p724": 0.0008354643318825607
"p725": 0.0001467707610063958
"p726": 0
"p727": 0
"p728": 0.0015335662848745201
"p729": 0.0003180033155138575
"p730": 1.1290058538953523E-05
"p731": 0
"p732": 0.00564879262232308
"p733": 0.0015185128734892485
"p734": 0.00020133937727800444
"p735": 7.5267056926356815E-06
"p736": 9.032046831162818E-05
"p737": 1.6935087808430286E-05
"p738": 0
"p739": 0
"p740": 0.00025402631712645424
"p741": 3.575185204001949E-05
"p742": 0
"p743": 0
"p744": 0.004051249339061156
"p745": 0.0012268530278996164
"p746": 0.00019757602443168663
"p747": 3.7633528463178407E-05
"p748": 0.007899277624421148
"p749": 0.0024292442622981664
"p750": 0.00041208713667180354
"p751": 3.198849919370165E-05
"p752": 0.0010085785628131813
"p753": 0.0001561791431221904
"p754": 1.5053411385271363E-05
"p755": 0
