"p693": 0.00022956452362538827
"p694": 1.1290058538953523E-05
"p695": 0
"p696": 0.04060093218250004
"p697": 0.016048818213122436
"p698": 0.0037595894934715234
"p699": 0.0003895070195938966
"p700": 0.047694852297809155
"p701": 0.01651735564248901
"p702": 0.0030332623941321806
"p703": 0.00022956452362538827
"p704": 0.0032910520641049514
"p705": 0.0011158341189332396
"p706": 0.00018064093662325636
"p707": 1.1290058538953523E-05
"p708": 0
"p709": 0
"p710": 0
"p711": 0
"p712": 0.0008881512717310103
"p713": 0.00021639278866327584
"p714": 5.645029269476761E-06
"p715": 0
"p716": 0.0007037469822614362
"p717": 0.00020510273012432236
"p718": 2.2580117077907045E-05
"p719": 0
"p720": 0.00687188229737638
"p721": 0.0020773707711674483
"p722": 0.00034999181470755914
"p723": 1.5053411385271363E-05
"p724": 7.338538050319788E-05
"p725": 0
"p726": 0
"p727": 0
"p728": 0.0026719805208856666
"p729": 0.0007432621871477736
"p730": 0.00012230896750532982
"p731": 0
"p732": 0.0023238703826012667
"p733": 0.0006510600424129865
"p734": 0.00012795399677480661
"p735": 2.2580117077907045E-05
"p736": 0.008945489715697509
"p737": 0.0034039526494944864
"p738": 0.0006642317773750988
"p739": 3.198849919370165E-05
"p740": 5.645029269476761E-06
"p741": 0
"p742": 0
"p743": 0
"p744": 0.009944659896394894
"p745": 0.0036617423194672586
"p746": 0.0006416516602971918
"p747": 4.8923587002131926E-05
"p748": 0.007295259492587135
"p749": 0.002506392995647682
"p750": 0.0005287510749076566
"p751": 6.397699838740331E-05
"p752": 0.021110527791419927
"p753": 0.007833418949610585
"p754": 0.0016201234003398303
"p755": 0.00013171734962112442
