"p693": 3.387017561686057E-05
"p694": 0
"p695": 0
"p696": 0.019172401075566246
"p697": 0.006986664559189074
"p698": 0.001456417551525005
"p699": 5.080526342529084E-05
"p700": 0.010970173547016506
"p701": 0.0035243799405766585
"p702": 0.00048170916432868356
"p703": 2.2580117077907042E-05
"p704": 7.526705692635681E-05
"p705": 0
"p706": 0
"p707": 0
"p708": 0
"p709": 0
"p710": 0
"p711": 0
"p712": 0.003247773506372297
"p713": 0.0010292770034679296
"p714": 0.00011854561465901199
"p715": 0
"p716": 0.00039327037244021434
"p717": 9.032046831162818E-05
"p718": 9.408382115794602E-06
"p719": 0
"p720": 0.0007808957156109519
"p721": 9.220214473478709E-05
"p722": 3.7633528463178407E-06
"p723": 0
"p724": 0
"p725": 0
"p726": 0
"p727": 0
"p728": 0.0061286201102286044
"p729": 0.0016709286637651211
"p730": 0.00020698440654748124
"p731": 0
"p732": 0.000686811894453006
"p733": 0.00018064093662325636
"p734": 1.8816764231589203E-05
"p735": 0
"p736": 0.00037633528463178407
"p737": 8.091208619583358E-05
"p738": 1.8816764231589204E-06
"p739": 0
"p740": 0
"p741": 0
"p742": 0
"p743": 0
"p744": 0.01663590125714802
"p745": 0.005432399833659804
"p746": 0.0008655711546531036
"p747": 4.139688130949625E-05
"p748": 0.0028036978705067907
"p749": 0.0008787428896152159
"p750": 9.22021447347871E-05
"p751": 5.645029269476761E-06
"p752": 0.0013943222295607599
"p753": 0.00032741169762965207
"p754": 2.6343469924224884E-05
"p755": 0
