"p693": 2.2580117077907045E-05
"p694": 0
"p695": 0
"p696": 0.0031856781844080526
"p697": 0.0007808957156109522
"p698": 8.467543904215143E-05
"p699": 0
"p700": 0.0070769850275007
"p701": 0.002150756151670646
"p702": 0.00032929337405281106
"p703": 1.88167642315892E-05
"p704": 0.009799770811811659
"p705": 0.0035958836446566968
"p706": 0.0006228348960656026
"p707": 3.0106822770542726E-05
"p708": 5.645029269476761E-06
"p709": 0
"p710": 0
"p711": 0
"p712": 0.011617470236583174
"p713": 0.003960928870749528
"p714": 0.0006341249546045562
"p715": 4.5160234155814084E-05
"p716": 0.007396870019437715
"p717": 0.00264940040380776
"p718": 0.0005099343106760674
"p719": 6.774035123372114E-05
"p720": 0.01757297611588116
"p721": 0.0063054976940055425
"p722": 0.0012720132620554303
"p723": 0.00011101890896637629
"p724": 0.00014112573173691902
"p725": 5.645029269476761E-06
"p726": 0
"p727": 0
"p728": 0.030264883590088082
"p729": 0.010795177639662727
"p730": 0.0017612491320767496
"p731": 0.0001279539967748066
"p732": 0.018380215301416338
"p733": 0.0069283325900711444
"p734": 0.0014432458165628919
"p735": 0.0002051027301243223
"p736": 0.004730534527821525
"p737": 0.0016445851938408963
"p738": 0.0002935415220127916
"p739": 9.408382115794602E-06
"p740": 0
"p741": 0
"p742": 0
"p743": 0
"p744": 0.003567658498309313
"p745": 0.0011647577059353716
"p746": 0.00016370584881482606
"p747": 1.8816764231589204E-06
"p748": 0.0019362450394305288
"p749": 0.0006454150131435098
"p750": 0.0001392440553137601
"p751": 1.8816764231589204E-06
"p752": 0.016588859346569042
"p753": 0.0053025641604618375
"p754": 0.0008222925969204483
"p755": 3.575185204001949E-05
