"p693": 0
"p694": 0
"p695": 0
"p696": 0.004075711132562221
"p697": 0.0012738949384785891
"p698": 0.0002163927886632758
"p699": 1.8816764231589204E-06
"p700": 0.0006341249546045561
"p701": 0.00017499590735377962
"p702": 3.198849919370165E-05
"p703": 1.8816764231589204E-06
"p704": 0.0004628924000970944
"p705": 6.021364554108546E-05
"p706": 0
"p707": 0
"p708": 6.774035123372114E-05
"p709": 0
"p710": 0
"p711": 0
"p712": 0.009359458528792473
"p713": 0.0026174119046140586
"p714": 0.00035187349113071807
"p715": 1.6935087808430286E-05
"p716": 0.001928718333737893
"p717": 0.0006585867481056222
"p718": 0.00010349220327374062
"p719": 9.408382115794602E-06
"p720": 7.903040977267465E-05
"p721": 0
"p722": 0
"p723": 0
"p724": 0
"p725": 0
"p726": 0
"p727": 0
"p728": 0.0004083237838254857
"p729": 4.5160234155814084E-05
"p730": 0
"p731": 0
"p732": 0
"p733": 0
"p734": 0
"p735": 0
"p736": 0.00021262943581695798
"p737": 3.0106822770542726E-05
"p738": 0
"p739": 0
"p740": 0
"p741": 0
"p742": 0
"p743": 0
"p744": 0.0048980037294826684
"p745": 0.0012945933791333373
"p746": 0.0001825226130464153
"p747": 1.1290058538953523E-05
"p748": 0.0008994413302699638
"p749": 0.00032176666836017533
"p750": 3.7633528463178407E-05
"p751": 1.8816764231589204E-06
"p752": 0.0002973048748591094
"p753": 0.0001016105268505817
"p754": 2.2580117077907045E-05
"p755": 0
