"p693": 0.0007921857741499054
"p694": 0.00017311423093062066
"p695": 1.8816764231589204E-06
"p696": 5.833196911792654E-05
"p697": 2.0698440654748124E-05
"p698": 0
"p699": 0
"p700": 0.00046101072367393553
"p701": 0.0001486524374295547
"p702": 5.645029269476761E-06
"p703": 0
"p704": 0.0008298193026130838
"p705": 0.00017499590735377962
"p706": 3.7633528463178407E-06
"p707": 0
"p708": 0.002186508003710665
"p709": 0.0005381594570234512
"p710": 6.021364554108545E-05
"p711": 0
"p712": 0.00012607232035164766
"p713": 4.8923587002131926E-05
"p714": 5.645029269476761E-06
"p715": 0
"p716": 0.0002935415220127916
"p717": 0.00011854561465901199
"p718": 1.3171734962112444E-05
"p719": 0
"p720": 0
"p721": 0
"p722": 0
"p723": 0
"p724": 0.00021639278866327586
"p725": 3.3870175616860565E-05
"p726": 0
"p727": 0
"p728": 0
"p729": 0
"p730": 0
"p731": 0
"p732": 0
"p733": 0
"p734": 0
"p735": 0
"p736": 0.006429688337934032
"p737": 0.0019531801272389595
"p738": 0.00030859493339806287
"p739": 2.2580117077907045E-05
"p740": 0.006602802568864651
"p741": 0.0019512984508158005
"p742": 0.00027284308135804345
"p743": 1.6935087808430286E-05
"p744": 0.0025139197013403177
"p745": 0.0006924569237224825
"p746": 5.0805263425290837E-05
"p747": 0
"p748": 0.0013698604360596939
"p749": 0.0004440756358655052
"p750": 2.0698440654748124E-05
"p751": 0
"p752": 0.0027886444591215197
"p753": 0.0006755218359140524
"p754": 6.774035123372113E-05
"p755": 5.645029269476761E-06
