"p693": 0.006977256177073278
"p694": 0.0012908300262870194
"p695": 7.526705692635683E-05
"p696": 0.0018214627776178345
"p697": 0.00046665575294341233
"p698": 5.2686939848449775E-05
"p699": 0
"p700": 0.007936911152884328
"p701": 0.0021789812980180295
"p702": 0.0002671980520885667
"p703": 1.3171734962112442E-05
"p704": 0.016686706520573306
"p705": 0.006454150131435096
"p706": 0.0015429746669903147
"p707": 0.00021074775939379907
"p708": 0.01795683810620558
"p709": 0.0069546760599953706
"p710": 0.0014658259336407992
"p711": 0.0001392440553137601
"p712": 0.010798940992509045
"p713": 0.0036843224365451658
"p714": 0.0004196138423644392
"p715": 1.693508780843028E-05
"p716": 0.007026179764075408
"p717": 0.0024235992330286895
"p718": 0.00028789649274331484
"p719": 1.88167642315892E-05
"p720": 0.0001204272910821709
"p721": 1.1290058538953523E-05
"p722": 0
"p723": 0
"p724": 0.0012870666734407015
"p725": 0.00019004931873905096
"p726": 1.1290058538953523E-05
"p727": 0
"p728": 0
"p729": 0
"p730": 0
"p731": 0
"p732": 0.00023709122931802397
"p733": 7.52670569263568E-05
"p734": 0
"p735": 0
"p736": 0.01062959011442474
"p737": 0.0038913068430926475
"p738": 0.0008486360668446733
"p739": 8.279376261899248E-05
"p740": 0.014110691497268743
"p741": 0.005101224783183833
"p742": 0.0009972885042742279
"p743": 6.209532196424438E-05
"p744": 0.005007140962025888
"p745": 0.0016445851938408963
"p746": 0.00016370584881482606
"p747": 9.408382115794602E-06
"p748": 0.00318944153725437
"p749": 0.0011026623839711272
"p750": 0.0001110189089663763
"p751": 7.5267056926356815E-06
"p752": 0.015232170645471462
"p753": 0.004788866496939452
"p754": 0.0007677239806488397
"p755": 5.080526342529086E-05
