"p693": 0.0001486524374295547
"p694": 5.645029269476761E-06
"p695": 0
"p696": 0.002060435683359018
"p697": 0.000496762575713955
"p698": 7.150370408003898E-05
"p699": 0
"p700": 0.005778628295521045
"p701": 0.0021413477695548513
"p702": 0.00034811013828440026
"p703": 9.408382115794602E-06
"p704": 0.00010537387969689955
"p705": 1.8816764231589204E-06
"p706": 0
"p707": 0
"p708": 0.0006924569237224825
"p709": 9.220214473478709E-05
"p710": 3.7633528463178407E-06
"p711": 0
"p712": 0.0022109697972117312
"p713": 0.000517461016368703
"p714": 3.0106822770542726E-05
"p715": 0
"p716": 0.00414909651306542
"p717": 0.0012776582913249066
"p718": 0.0001956943480085277
"p719": 0
"p720": 0
"p721": 0
"p722": 0
"p723": 0
"p724": 0
"p725": 0
"p726": 0
"p727": 0
"p728": 2.2580117077907045E-05
"p729": 0
"p730": 0
"p731": 0
"p732": 0.0005005259285602728
"p733": 9.596549758110495E-05
"p734": 0
"p735": 0
"p736": 0.002568488317611926
"p737": 0.0006209532196424437
"p738": 4.1396881309496255E-05
"p739": 1.8816764231589204E-06
"p740": 0.0016257684296093068
"p741": 0.00034999181470755914
"p742": 2.8225146347383805E-05
"p743": 0
"p744": 0.02651470247873236
"p745": 0.00851646749121728
"p746": 0.001337871936865993
"p747": 8.655711546531033E-05
"p748": 0.01852886773884589
"p749": 0.006602802568864653
"p750": 0.0011045440603942864
"p751": 6.0213645541085445E-05
"p752": 0.00037257193178546626
"p753": 7.150370408003898E-05
"p754": 0
"p755": 0
