"p693": 0
"p694": 0
"p695": 0
"p696": 0.010379327150144608
"p697": 0.0032458918299491384
"p698": 0.0004760641350592068
"p699": 2.8225146347383808E-05
"p700": 0.0018289894833104707
"p701": 0.000521224369215021
"p702": 7.150370408003898E-05
"p703": 5.645029269476761E-06
"p704": 0.001089490649009015
"p705": 0.0002784881106275202
"p706": 3.0106822770542726E-05
"p707": 0
"p708": 2.8225146347383808E-05
"p709": 0
"p710": 0
"p711": 0
"p712": 0.01940008392276847
"p713": 0.0074871904877493465
"p714": 0.0016502302231103736
"p715": 0.00021262943581695806
"p716": 0.005522720301971431
"p717": 0.0018609779825041724
"p718": 0.000353755167553877
"p719": 2.6343469924224887E-05
"p720": 0.003131109568136444
"p721": 0.0010161052685058172
"p722": 0.00017311423093062066
"p723": 7.5267056926356815E-06
"p724": 0.000284133139896997
"p725": 7.714873334951573E-05
"p726": 5.645029269476761E-06
"p727": 0
"p728": 0.035949428064451186
"p729": 0.015068464796656644
"p730": 0.0035733035275787904
"p731": 0.0003895070195938966
"p732": 0.01175295093905062
"p733": 0.004576237061122494
"p734": 0.0009069680359625997
"p735": 4.892358700213193E-05
"p736": 0.00020698440654748126
"p737": 4.516023415581409E-05
"p738": 1.1290058538953523E-05
"p739": 0
"p740": 0
"p741": 0
"p742": 0
"p743": 0
"p744": 0.00953821778899257
"p745": 0.002995628865669002
"p746": 0.0004177321659412804
"p747": 2.0698440654748134E-05
"p748": 0.0019607068329315952
"p749": 0.0005870830440255833
"p750": 6.209532196424438E-05
"p751": 5.645029269476761E-06
"p752": 0.0017913559548472918
"p753": 0.0005927280732950598
"p754": 0.00011478226181269414
"p755": 1.3171734962112444E-05
