"p693": 5.645029269476761E-06
"p694": 0
"p695": 0
"p696": 0.000566384603370835
"p697": 0.00017311423093062066
"p698": 3.387017561686057E-05
"p699": 0
"p700": 0.0014620625807944812
"p701": 0.00043654893017286954
"p702": 6.39769983874033E-05
"p703": 1.8816764231589204E-06
"p704": 0.003861200020322104
"p705": 0.0011666393823585306
"p706": 0.0001693508780843028
"p707": 1.1290058538953523E-05
"p708": 4.8923587002131926E-05
"p709": 0
"p710": 0
"p711": 0
"p712": 0.005616804123129377
"p713": 0.0015467380198366325
"p714": 0.00018252261304641527
"p715": 5.645029269476761E-06
"p716": 0.0023219887061781074
"p717": 0.0007714873334951574
"p718": 0.00010349220327374062
"p719": 9.408382115794602E-06
"p720": 0.0003857436667475786
"p721": 4.5160234155814084E-05
"p722": 0
"p723": 0
"p724": 1.8816764231589203E-05
"p725": 0
"p726": 0
"p727": 0
"p728": 2.2580117077907045E-05
"p729": 0
"p730": 0
"p731": 0
"p732": 3.198849919370165E-05
"p733": 2.0698440654748124E-05
"p734": 0
"p735": 0
"p736": 0.0022410766199822737
"p737": 0.0006397699838740329
"p738": 9.220214473478709E-05
"p739": 5.645029269476761E-06
"p740": 0
"p741": 0
"p742": 0
"p743": 0
"p744": 0.002681388903001461
"p745": 0.0007282087757625021
"p746": 9.596549758110495E-05
"p747": 5.645029269476761E-06
"p748": 0.0009540099465415726
"p749": 0.00034811013828440026
"p750": 4.327855773265517E-05
"p751": 1.8816764231589204E-06
"p752": 0.006168135315114941
"p753": 0.0017273789564598882
"p754": 0.00023144620004854718
"p755": 5.645029269476761E-06
