"p693": 2.2580117077907045E-05
"p694": 0
"p695": 0
"p696": 0.0020152754492032032
"p697": 0.0005776746619097886
"p698": 6.962202765688005E-05
"p699": 0
"p700": 0.0042187185407223
"p701": 0.0012927117027101782
"p702": 0.00019569434800852773
"p703": 1.1290058538953523E-05
"p704": 0.005148266693762805
"p705": 0.001578726519030334
"p706": 0.0002502629642801364
"p707": 1.8816764231589207E-05
"p708": 0
"p709": 0
"p710": 0
"p711": 0
"p712": 0.003513089882037704
"p713": 0.001061265502661631
"p714": 0.00018252261304641527
"p715": 1.3171734962112444E-05
"p716": 0.0023464504996791734
"p717": 0.0008222925969204484
"p718": 0.00015053411385271363
"p719": 3.7633528463178407E-05
"p720": 0.010505399470496252
"p721": 0.003336212298260765
"p722": 0.0005964914261413777
"p723": 6.021364554108545E-05
"p724": 7.714873334951574E-05
"p725": 0
"p726": 0
"p727": 0
"p728": 0.012076599283833951
"p729": 0.003913886960170554
"p730": 0.0006774035123372113
"p731": 4.8923587002131926E-05
"p732": 0.008053575091120178
"p733": 0.002867674868894194
"p734": 0.0005607395741013581
"p735": 6.774035123372113E-05
"p736": 0.0017574857792304317
"p737": 0.00041208713667180354
"p738": 5.645029269476761E-05
"p739": 0
"p740": 0
"p741": 0
"p742": 0
"p743": 0
"p744": 0.0009615366522342083
"p745": 0.0002690797285117256
"p746": 4.516023415581409E-05
"p747": 1.8816764231589204E-06
"p748": 0.0004628924000970944
"p749": 0.00016370584881482604
"p750": 4.1396881309496255E-05
"p751": 1.8816764231589204E-06
"p752": 0.00919951603282396
"p753": 0.002658808785923554
"p754": 0.0004083237838254857
"p755": 2.2580117077907045E-05
