"p693": 0
"p694": 0
"p695": 0
"p696": 0.014961209240536576
"p697": 0.004843435113211061
"p698": 0.0007714873334951573
"p699": 2.8225146347383808E-05
"p700": 0.004032432574829567
"p701": 0.0012381430864385696
"p702": 0.00017123255450746176
"p703": 1.129005853895352E-05
"p704": 0.0007300904521856611
"p705": 0.0001712325545074617
"p706": 1.3171734962112442E-05
"p707": 0
"p708": 0
"p709": 0
"p710": 0
"p711": 0
"p712": 0.02070220400759444
"p713": 0.007037469822614363
"p714": 0.001162876029512213
"p715": 6.397699838740331E-05
"p716": 0.006202005490731802
"p717": 0.0021037142410916727
"p718": 0.0004083237838254857
"p719": 6.209532196424438E-05
"p720": 0.0025477898769571783
"p721": 0.0005607395741013582
"p722": 3.7633528463178407E-05
"p723": 0
"p724": 0.00013548070246744226
"p725": 5.645029269476761E-06
"p726": 0
"p727": 0
"p728": 0.045971236694195595
"p729": 0.015422219964210518
"p730": 0.002848858104662606
"p731": 0.00022768284720222942
"p732": 0.015783501837457022
"p733": 0.0057184146499799585
"p734": 0.0013115284669417675
"p735": 0.00019381267158536877
"p736": 0.00013548070246744226
"p737": 4.139688130949624E-05
"p738": 1.1290058538953523E-05
"p739": 0
"p740": 0
"p741": 0
"p742": 0
"p743": 0
"p744": 0.008119433765930741
"p745": 0.002713377402195163
"p746": 0.00043278557732655173
"p747": 9.408382115794602E-06
"p748": 0.0017838292491546563
"p749": 0.0006058998082571724
"p750": 0.00013171734962112445
"p751": 1.8816764231589204E-06
"p752": 0.0009144947416552353
"p753": 0.0002464996114338186
"p754": 2.6343469924224887E-05
"p755": 0
