"p693": 0.0001373623788906012
"p694": 1.1290058538953523E-05
"p695": 0
"p696": 0.0026983239908098915
"p697": 0.0008994413302699639
"p698": 0.0001637058488148261
"p699": 3.198849919370165E-05
"p700": 0.010213739624906619
"p701": 0.0037219559650083444
"p702": 0.0008072391855351768
"p703": 8.655711546531033E-05
"p704": 0.00023520955289486504
"p705": 3.9515204886337324E-05
"p706": 0
"p707": 0
"p708": 0.001650230223110373
"p709": 0.00034246510901492347
"p710": 3.198849919370165E-05
"p711": 1.8816764231589204E-06
"p712": 0.0025101563484939996
"p713": 0.0006717584830677347
"p714": 9.22021447347871E-05
"p715": 1.1290058538953523E-05
"p716": 0.00658963083390254
"p717": 0.002169572915902235
"p718": 0.00037069025536230727
"p719": 4.139688130949625E-05
"p720": 0
"p721": 0
"p722": 0
"p723": 0
"p724": 0
"p725": 0
"p726": 0
"p727": 0
"p728": 5.645029269476761E-05
"p729": 0
"p730": 0
"p731": 0
"p732": 0.0009257848001941888
"p733": 0.0001768775837769385
"p734": 1.6935087808430286E-05
"p735": 0
"p736": 0.00198705030285582
"p737": 0.000658586748105622
"p738": 0.00010161052685058169
"p739": 5.645029269476761E-06
"p740": 0.0038009863747810193
"p741": 0.0011948645287059145
"p742": 0.0001862859658927331
"p743": 7.5267056926356815E-06
"p744": 0.02133068393292953
"p745": 0.00845625384567619
"p746": 0.001669046987341963
"p747": 0.0001204272910821709
"p748": 0.03675478557356321
"p749": 0.014534068692479503
"p750": 0.0032421284771028207
"p751": 0.0003274116976296521
"p752": 0.00024273625858750074
"p753": 4.7041910578973015E-05
"p754": 0
"p755": 0
