"p693": 0.0021996797386727783
"p694": 0.0004158504895181214
"p695": 4.1396881309496255E-05
"p696": 0.024847537167813544
"p697": 0.007543640780444115
"p698": 0.0013077651140954501
"p699": 0.00011290058538953523
"p700": 0.04769485229780916
"p701": 0.016517355642489004
"p702": 0.00303326239413218
"p703": 0.0002295645236253883
"p704": 0.0019400083922768469
"p705": 0.0005231060456381797
"p706": 6.774035123372113E-05
"p707": 1.8816764231589204E-06
"p708": 0.0014488908458323685
"p709": 0.00036504522609283053
"p710": 2.6343469924224884E-05
"p711": 0
"p712": 0.018357635184338427
"p713": 0.006504955394860389
"p714": 0.0014582992279481635
"p715": 0.00020133937727800447
"p716": 0.018767840644587072
"p717": 0.006928332590071145
"p718": 0.0013585703775207407
"p719": 0.00013171734962112442
"p720": 0
"p721": 0
"p722": 0
"p723": 0
"p724": 0.0004459573122886641
"p725": 5.080526342529084E-05
"p726": 0
"p727": 0
"p728": 8.467543904215141E-05
"p729": 1.1290058538953523E-05
"p730": 0
"p731": 0
"p732": 0.0009126130652320764
"p733": 0.00012419064392848875
"p734": 1.1290058538953523E-05
"p735": 0
"p736": 0.000782777392034111
"p737": 0.00021827446508643471
"p738": 1.8816764231589203E-05
"p739": 0
"p740": 0.0007470255399940913
"p741": 0.00019945770085484557
"p742": 1.3171734962112442E-05
"p743": 0
"p744": 0.010307823446064564
"p745": 0.0036278721438503985
"p746": 0.0008147658912278124
"p747": 9.596549758110493E-05
"p748": 0.01357629539309161
"p749": 0.004866015230288967
"p750": 0.0009295481530405067
"p751": 6.39769983874033E-05
"p752": 0.0008448727139983551
"p753": 0.00021639278866327584
"p754": 1.6935087808430282E-05
"p755": 0
