"p693": 0.0003368200797454468
"p694": 4.704191057897301E-05
"p695": 1.1290058538953523E-05
"p696": 0.00674580997702473
"p697": 0.0018685046881968081
"p698": 0.0002803697870506791
"p699": 1.8816764231589203E-05
"p700": 0.01744690379552951
"p701": 0.006303616017582383
"p702": 0.0012776582913249068
"p703": 0.00010913723254321738
"p704": 0.00010537387969689955
"p705": 1.8816764231589204E-06
"p706": 0
"p707": 0
"p708": 0.0011553493238195772
"p709": 0.00017123255450746173
"p710": 3.7633528463178407E-06
"p711": 0
"p712": 0.0034415861779576655
"p713": 0.0007827773920341108
"p714": 4.516023415581409E-05
"p715": 0
"p716": 0.008269967879783456
"p717": 0.0027039690200793684
"p718": 0.00047418245863604794
"p719": 1.5053411385271363E-05
"p720": 0
"p721": 0
"p722": 0
"p723": 0
"p724": 0
"p725": 0
"p726": 0
"p727": 0
"p728": 6.774035123372114E-05
"p729": 0
"p730": 0
"p731": 0
"p732": 0.0010085785628131813
"p733": 0.00022203781793275263
"p734": 1.1290058538953523E-05
"p735": 0
"p736": 0.003104766098212219
"p737": 0.0007978308034193822
"p738": 7.526705692635681E-05
"p739": 1.8816764231589204E-06
"p740": 0.0025684883176119266
"p741": 0.0005588578976781993
"p742": 3.9515204886337324E-05
"p743": 0
"p744": 0.037601539963984715
"p745": 0.01290077355717756
"p746": 0.002594831787536152
"p747": 0.0002991865512822683
"p748": 0.03646312572797356
"p749": 0.013186788373497715
"p750": 0.002512038024917159
"p751": 0.00020698440654748124
"p752": 0.0006002547789876957
"p753": 0.00014112573173691902
"p754": 1.1290058538953523E-05
"p755": 0
