"p693": 0.0012814216441712246
"p694": 0.0002201561415095937
"p695": 2.0698440654748128E-05
"p696": 0.009679343520729489
"p697": 0.0028262779875846984
"p698": 0.00044972066513498195
"p699": 3.1988499193701654E-05
"p700": 0.023949977513966738
"p701": 0.00836593337736456
"p702": 0.0014357191108702566
"p703": 8.467543904215141E-05
"p704": 0.0045009700041961365
"p705": 0.0017123255450746174
"p706": 0.00035375516755387705
"p707": 1.8816764231589203E-05
"p708": 0.003582711909694584
"p709": 0.0011685210587816894
"p710": 0.00020886608297064017
"p711": 3.0106822770542726E-05
"p712": 0.03241752141818188
"p713": 0.013580058745937932
"p714": 0.0032703536234502044
"p715": 0.0003612818732465128
"p716": 0.03588545106606378
"p717": 0.016411981762792106
"p718": 0.00434102750822763
"p719": 0.0006548233952593044
"p720": 0
"p721": 0
"p722": 0
"p723": 0
"p724": 0.0006548233952593041
"p725": 8.467543904215139E-05
"p726": 0
"p727": 0
"p728": 0.00012419064392848873
"p729": 1.1290058538953523E-05
"p730": 0
"p731": 0
"p732": 0.0014808793450260703
"p733": 0.0002314462000485472
"p734": 1.1290058538953523E-05
"p735": 0
"p736": 0.0014771159921797524
"p737": 0.00046853742936657115
"p738": 6.39769983874033E-05
"p739": 0
"p740": 0.001866623011773649
"p741": 0.0005870830440255832
"p742": 0.00010725555612005847
"p743": 1.6935087808430282E-05
"p744": 0.023184135209741063
"p745": 0.008685818369301579
"p746": 0.001806409366232564
"p747": 0.00017311423093062066
"p748": 0.03155006858710563
"p749": 0.012603468682318451
"p750": 0.0029297701908584392
"p751": 0.00029730487485910944
"p752": 0.0016765736930345978
"p753": 0.0004779458114823657
"p754": 5.645029269476761E-05
"p755": 0
