"p693": 0.0012757766149017482
"p694": 0.00023520955289486507
"p695": 2.6343469924224887E-05
"p696": 0.01273142267909326
"p697": 0.004075711132562222
"p698": 0.0007752506863414752
"p699": 7.903040977267468E-05
"p700": 0.03263955923611465
"p701": 0.011380379007265153
"p702": 0.0022636567370601813
"p703": 0.00025590799354961323
"p704": 0.00039327037244021434
"p705": 6.209532196424436E-05
"p706": 1.8816764231589204E-06
"p707": 0
"p708": 0.0005475678391392458
"p709": 0.00011478226181269415
"p710": 1.1290058538953523E-05
"p711": 0
"p712": 0.0067326382420626165
"p713": 0.0023408054704096965
"p714": 0.0004892358700213193
"p715": 6.585867481056221E-05
"p716": 0.01051104449976573
"p717": 0.0036391622023893514
"p718": 0.0007169187172235487
"p719": 7.714873334951573E-05
"p720": 0
"p721": 0
"p722": 0
"p723": 0
"p724": 0.00021451111224011693
"p725": 3.3870175616860565E-05
"p726": 0
"p727": 0
"p728": 4.139688130949625E-05
"p729": 5.645029269476761E-06
"p730": 0
"p731": 0
"p732": 0.000615308190372967
"p733": 8.279376261899251E-05
"p734": 5.645029269476761E-06
"p735": 0
"p736": 0.00017123255450746176
"p737": 2.8225146347383805E-05
"p738": 0
"p739": 0
"p740": 0.00033682007974544673
"p741": 7.714873334951573E-05
"p742": 1.1290058538953523E-05
"p743": 0
"p744": 0.0025195647306097946
"p745": 0.0007658423042256805
"p746": 0.00013924405531376012
"p747": 1.3171734962112444E-05
"p748": 0.006130501786651763
"p749": 0.00172549728003673
"p750": 0.00027660643420436126
"p751": 1.8816764231589203E-05
"p752": 0.0002483812878569775
"p753": 7.150370408003898E-05
"p754": 1.1290058538953523E-05
"p755": 0
