"p693": 0.0017123255450746176
"p694": 0.0003217666683601754
"p695": 1.8816764231589203E-05
"p696": 0.01377951644679278
"p697": 0.003776524581279954
"p698": 0.0005193426927918622
"p699": 2.8225146347383815E-05
"p700": 0.03243257482956716
"p701": 0.010755662434776393
"p702": 0.0017763025434620213
"p703": 0.00010537387969689956
"p704": 0.00043090390090339285
"p705": 0.00011666393823585307
"p706": 1.3171734962112442E-05
"p707": 0
"p708": 0.0005701479562171528
"p709": 0.0001392440553137601
"p710": 1.3171734962112442E-05
"p711": 0
"p712": 0.008894684452272216
"p713": 0.003213903330755436
"p714": 0.0006981019529919595
"p715": 8.655711546531033E-05
"p716": 0.011532794797541024
"p717": 0.004341027508227628
"p718": 0.0007978308034193824
"p719": 4.892358700213193E-05
"p720": 0.002553434906226655
"p721": 0.0006886935708761648
"p722": 7.903040977267465E-05
"p723": 1.8816764231589204E-06
"p724": 0.002338923793986538
"p725": 0.0005494495155624048
"p726": 3.7633528463178407E-05
"p727": 0
"p728": 0.024523888823030207
"p729": 0.008781783866882682
"p730": 0.0019475350979694828
"p731": 0.0002653163756654078
"p732": 0.024010191159507824
"p733": 0.008714043515648959
"p734": 0.0017066805158051411
"p735": 0.00016182417239166716
"p736": 7.526705692635681E-05
"p737": 2.6343469924224884E-05
"p738": 5.645029269476761E-06
"p739": 0
"p740": 0.00010161052685058171
"p741": 2.2580117077907045E-05
"p742": 0
"p743": 0
"p744": 0.002453706055799232
"p745": 0.0008072391855351767
"p746": 0.00017311423093062066
"p747": 1.8816764231589204E-06
"p748": 0.004884831994520558
"p749": 0.0016427035174177377
"p750": 0.0002897781691664737
"p751": 9.408382115794602E-06
"p752": 0.0005381594570234513
"p753": 0.00013736237889060122
"p754": 5.645029269476761E-06
"p755": 0
