"p693": 1.6935087808430282E-05
"p694": 0
"p695": 0
"p696": 0.0021526378280938047
"p697": 0.0006265982489119205
"p698": 6.962202765688005E-05
"p699": 0
"p700": 0.004975152462832186
"p701": 0.001488406050718706
"p702": 0.00016182417239166716
"p703": 1.3171734962112444E-05
"p704": 0.0009389565351563012
"p705": 0.00022768284720222934
"p706": 2.6343469924224887E-05
"p707": 0
"p708": 0
"p709": 0
"p710": 0
"p711": 0
"p712": 0.000308594933398063
"p713": 7.714873334951573E-05
"p714": 3.7633528463178407E-06
"p715": 0
"p716": 0.00019381267158536877
"p717": 5.456861627160869E-05
"p718": 1.8816764231589204E-06
"p719": 0
"p720": 0.0021093592703611487
"p721": 0.00047982748790552474
"p722": 4.51602341558141E-05
"p723": 0
"p724": 4.139688130949624E-05
"p725": 0
"p726": 0
"p727": 0
"p728": 0.0008712161839225803
"p729": 0.00024273625858750074
"p730": 2.0698440654748128E-05
"p731": 0
"p732": 0.0005814380147561065
"p733": 0.0001844042894695742
"p734": 1.6935087808430282E-05
"p735": 0
"p736": 0.0025553165826498136
"p737": 0.0007150370408003898
"p738": 9.784717400426385E-05
"p739": 5.645029269476761E-06
"p740": 0
"p741": 0
"p742": 0
"p743": 0
"p744": 0.0022580117077907044
"p745": 0.000566384603370835
"p746": 5.6450292694767617E-05
"p747": 0
"p748": 0.0007150370408003897
"p749": 0.0002521446407032953
"p750": 2.6343469924224887E-05
"p751": 5.645029269476761E-06
"p752": 0.007699819923566303
"p753": 0.0022448399728285918
"p754": 0.00032553002120649325
"p755": 1.6935087808430286E-05
