"p693": 0.0009295481530405067
"p694": 0.00017499590735377957
"p695": 9.408382115794602E-06
"p696": 0.0048980037294826684
"p697": 0.001294593379133337
"p698": 0.0001825226130464153
"p699": 1.129005853895352E-05
"p700": 0.013798333211024366
"p701": 0.004675965911549917
"p702": 0.0007545522456867272
"p703": 2.8225146347383808E-05
"p704": 0.0007263270993393432
"p705": 0.00018440428946957417
"p706": 1.3171734962112442E-05
"p707": 0
"p708": 0.0007300904521856611
"p709": 0.0001712325545074617
"p710": 1.3171734962112442E-05
"p711": 0
"p712": 0.012592178623779496
"p713": 0.004254470392762319
"p714": 0.0008015941562657
"p715": 8.843879188846925E-05
"p716": 0.013939458942761282
"p717": 0.005138858311647012
"p718": 0.0008636894782299445
"p719": 4.704191057897301E-05
"p720": 0.002873319898163672
"p721": 0.0007620789513793627
"p722": 7.338538050319788E-05
"p723": 1.8816764231589204E-06
"p724": 0.0025477898769571783
"p725": 0.0005607395741013582
"p726": 3.7633528463178407E-05
"p727": 0
"p728": 0.031800331551385765
"p729": 0.011156459512909242
"p730": 0.002265538413483341
"p731": 0.00026155302281908997
"p732": 0.027764135623709878
"p733": 0.00997100336631912
"p734": 0.0019155465987757813
"p735": 0.00017123255450746173
"p736": 0.00011666393823585305
"p737": 4.139688130949624E-05
"p738": 5.645029269476761E-06
"p739": 0
"p740": 0.00013548070246744226
"p741": 4.139688130949624E-05
"p742": 1.1290058538953523E-05
"p743": 0
"p744": 0.004075711132562222
"p745": 0.0012738949384785891
"p746": 0.00021639278866327578
"p747": 1.8816764231589204E-06
"p748": 0.006188833755769689
"p749": 0.0021225310053232626
"p750": 0.00035751852040019486
"p751": 9.408382115794602E-06
"p752": 0.0005005259285602728
"p753": 0.00013359902604428335
"p754": 5.645029269476761E-06
"p755": 0
