"p693": 0.0008806245660383748
"p694": 8.467543904215141E-05
"p695": 0
"p696": 0.009538217788992569
"p697": 0.002995628865669001
"p698": 0.00041773216594128033
"p699": 2.069844065474812E-05
"p700": 0.02107289426295676
"p701": 0.008076155208198089
"p702": 0.001522276226335567
"p703": 5.080526342529084E-05
"p704": 2.0698440654748124E-05
"p705": 0
"p706": 0
"p707": 0
"p708": 8.467543904215141E-05
"p709": 0
"p710": 0
"p711": 0
"p712": 0.0010292770034679294
"p713": 0.0002389729057411829
"p714": 1.8816764231589203E-05
"p715": 0
"p716": 0.002673862197308825
"p717": 0.0009032046831162819
"p718": 0.0001129005853895352
"p719": 0
"p720": 0.0001392440553137601
"p721": 1.8816764231589204E-06
"p722": 0
"p723": 0
"p724": 0.0007940674505730643
"p725": 9.220214473478709E-05
"p726": 3.7633528463178407E-06
"p727": 0
"p728": 0.0022335499142896384
"p729": 0.000517461016368703
"p730": 3.0106822770542726E-05
"p731": 0
"p732": 0.0045705920318530185
"p733": 0.0013510436718281046
"p734": 0.0001956943480085277
"p735": 0
"p736": 0.000541922809869769
"p737": 0.00011666393823585305
"p738": 1.8816764231589204E-06
"p739": 0
"p740": 0.00037633528463178407
"p741": 8.091208619583358E-05
"p742": 1.8816764231589204E-06
"p743": 0
"p744": 0.010379327150144606
"p745": 0.003245891829949138
"p746": 0.0004760641350592069
"p747": 2.8225146347383805E-05
"p748": 0.00865947489937735
"p749": 0.00313675459740592
"p750": 0.0005005259285602728
"p751": 1.8816764231589207E-05
"p752": 0.0023953740866813054
"p753": 0.0005946097497182189
"p754": 3.951520488633733E-05
"p755": 1.8816764231589204E-06
