"p693": 6.39769983874033E-05
"p694": 5.645029269476761E-06
"p695": 0
"p696": 0.006318669428967654
"p697": 0.00219591638582646
"p698": 0.00034246510901492347
"p699": 2.4461793501065966E-05
"p700": 0.013826558357371755
"p701": 0.0046740842351267586
"p702": 0.0007150370408003898
"p703": 4.704191057897301E-05
"p704": 0.002167691239479076
"p705": 0.0005475678391392457
"p706": 9.032046831162815E-05
"p707": 5.645029269476761E-06
"p708": 0
"p709": 0
"p710": 0
"p711": 0
"p712": 0.0006134265139498081
"p713": 0.00011854561465901197
"p714": 3.7633528463178407E-06
"p715": 0
"p716": 0.00040079707813285006
"p717": 0.00013548070246744229
"p718": 1.8816764231589203E-05
"p719": 0
"p720": 0.004732416204244683
"p721": 0.0012381430864385693
"p722": 0.00016370584881482604
"p723": 7.5267056926356815E-06
"p724": 4.704191057897301E-05
"p725": 0
"p726": 0
"p727": 0
"p728": 0.001723615603613571
"p729": 0.00048359084075184255
"p730": 5.080526342529086E-05
"p731": 0
"p732": 0.0014902877271418648
"p733": 0.0004384306065960284
"p734": 6.39769983874033E-05
"p735": 1.1290058538953523E-05
"p736": 0.005818143500407381
"p737": 0.0017405506914220012
"p738": 0.0002784881106275202
"p739": 1.8816764231589207E-05
"p740": 0
"p741": 0
"p742": 0
"p743": 0
"p744": 0.00400985245775166
"p745": 0.0011572310002427363
"p746": 0.000188167642315892
"p747": 1.3171734962112444E-05
"p748": 0.0025026296428013635
"p749": 0.0008467543904215141
"p750": 0.00015241579027587253
"p751": 3.9515204886337324E-05
"p752": 0.014820083508799656
"p753": 0.004717362792859413
"p754": 0.0008373460083057195
"p755": 7.52670569263568E-05
