"p693": 5.645029269476761E-06
"p694": 0
"p695": 0
"p696": 0.0003387017561686056
"p697": 9.784717400426387E-05
"p698": 1.8816764231589203E-05
"p699": 0
"p700": 0.0009521282701184137
"p701": 0.00026907972851172564
"p702": 3.3870175616860565E-05
"p703": 0
"p704": 0.002333278764717061
"p705": 0.0006717584830677347
"p706": 9.22021447347871E-05
"p707": 5.645029269476761E-06
"p708": 0
"p709": 0
"p710": 0
"p711": 0
"p712": 0.002022802154895839
"p713": 0.0005325144277539745
"p714": 5.6450292694767617E-05
"p715": 0
"p716": 0.0006849302180298469
"p717": 0.0002559079935496131
"p718": 2.6343469924224887E-05
"p719": 5.645029269476761E-06
"p720": 0.005436163186506121
"p721": 0.0016427035174177373
"p722": 0.0002464996114338186
"p723": 1.6935087808430286E-05
"p724": 6.774035123372114E-05
"p725": 0
"p726": 0
"p727": 0
"p728": 0.007714873334951574
"p729": 0.002167691239479076
"p730": 0.0002653163756654078
"p731": 1.1290058538953523E-05
"p732": 0.0030483158055174507
"p733": 0.001061265502661631
"p734": 0.00013548070246744229
"p735": 1.1290058538953523E-05
"p736": 0.0006058998082571724
"p737": 0.0001298356731979655
"p738": 1.3171734962112442E-05
"p739": 0
"p740": 0
"p741": 0
"p742": 0
"p743": 0
"p744": 0.00045536569440445874
"p745": 0.0001016105268505817
"p746": 1.3171734962112442E-05
"p747": 0
"p748": 0.00012795399677480656
"p749": 4.139688130949624E-05
"p750": 1.1290058538953523E-05
"p751": 0
"p752": 0.004399359477345556
"p753": 0.001179811117320643
"p754": 0.00014112573173691902
"p755": 0
