"p693": 0
"p694": 0
"p695": 0
"p696": 0.026514702478732367
"p697": 0.00851646749121728
"p698": 0.001337871936865993
"p699": 8.655711546531035E-05
"p700": 0.004980797492101663
"p701": 0.0012945933791333375
"p702": 0.0001580608195453493
"p703": 9.408382115794602E-06
"p704": 0.00017123255450746176
"p705": 1.8816764231589207E-05
"p706": 0
"p707": 0
"p708": 0
"p709": 0
"p710": 0
"p711": 0
"p712": 0.006439096720049827
"p713": 0.0021074775939379908
"p714": 0.0003688085789391484
"p715": 2.6343469924224887E-05
"p716": 0.0018101727190788816
"p717": 0.000566384603370835
"p718": 0.00010349220327374063
"p719": 2.6343469924224887E-05
"p720": 0.0010085785628131813
"p721": 0.00022391949435591154
"p722": 2.2580117077907045E-05
"p723": 0
"p724": 5.645029269476761E-06
"p725": 0
"p726": 0
"p727": 0
"p728": 0.016801488782386
"p729": 0.005447453245045074
"p730": 0.0010179869449289758
"p731": 0.00010913723254321738
"p732": 0.005882120498794786
"p733": 0.0019343633630073704
"p734": 0.000425258871633916
"p735": 5.645029269476761E-05
"p736": 5.268693984844977E-05
"p737": 3.7633528463178407E-06
"p738": 0
"p739": 0
"p740": 0
"p741": 0
"p742": 0
"p743": 0
"p744": 0.002060435683359018
"p745": 0.000496762575713955
"p746": 7.150370408003898E-05
"p747": 0
"p748": 0.00032929337405281106
"p749": 0.00010537387969689955
"p750": 2.4461793501065966E-05
"p751": 1.8816764231589204E-06
"p752": 0.00040644210740232675
"p753": 8.843879188846925E-05
"p754": 0
"p755": 0
