"p693": 3.7633528463178407E-06
"p694": 0
"p695": 0
"p696": 0.0024367709679908012
"p697": 0.0009427198880026189
"p698": 0.0001938126715853688
"p699": 1.8816764231589203E-05
"p700": 0.003114174480328013
"p701": 0.000873097860345739
"p702": 0.0001279539967748066
"p703": 1.1290058538953523E-05
"p704": 0.00421683686429914
"p705": 0.0011440592652806236
"p706": 0.0001580608195453493
"p707": 7.5267056926356815E-06
"p708": 4.704191057897301E-05
"p709": 0
"p710": 0
"p711": 0
"p712": 0.001717970574344094
"p713": 0.00048359084075184255
"p714": 5.080526342529086E-05
"p715": 0
"p716": 0.001478997668602911
"p717": 0.0004384306065960284
"p718": 6.39769983874033E-05
"p719": 1.1290058538953523E-05
"p720": 0.0005325144277539745
"p721": 9.408382115794603E-05
"p722": 5.645029269476761E-06
"p723": 0
"p724": 0
"p725": 0
"p726": 0
"p727": 0
"p728": 5.645029269476761E-06
"p729": 0
"p730": 0
"p731": 0
"p732": 1.1290058538953523E-05
"p733": 0
"p734": 0
"p735": 0
"p736": 0.012129286223682404
"p737": 0.0037765245812799524
"p738": 0.0006661134537982577
"p739": 6.209532196424436E-05
"p740": 5.2686939848449775E-05
"p741": 0
"p742": 0
"p743": 0
"p744": 0.013094586228762927
"p745": 0.004103936278909605
"p746": 0.0006981019529919595
"p747": 5.080526342529085E-05
"p748": 0.008503295756255162
"p749": 0.0029354152201279157
"p750": 0.0005739113090634706
"p751": 6.962202765688005E-05
"p752": 0.010151644302942376
"p753": 0.0030483158055174503
"p754": 0.0005287510749076566
"p755": 3.7633528463178407E-05
