"p693": 7.5267056926356815E-06
"p694": 0
"p695": 0
"p696": 0.015290502614589389
"p697": 0.004719244469282572
"p698": 0.0007827773920341108
"p699": 6.021364554108546E-05
"p700": 0.015335662848745204
"p701": 0.004470863181425595
"p702": 0.0007188003936467076
"p703": 6.962202765688006E-05
"p704": 0.006019482877685388
"p705": 0.001894848158121033
"p706": 0.0003387017561686056
"p707": 1.5053411385271363E-05
"p708": 7.338538050319788E-05
"p709": 0
"p710": 0
"p711": 0
"p712": 0.002639992021691965
"p713": 0.0007432621871477736
"p714": 0.00012230896750532982
"p715": 0
"p716": 0.0022824735012917704
"p717": 0.0006510600424129865
"p718": 0.00012795399677480661
"p719": 2.2580117077907045E-05
"p720": 0.0009032046831162816
"p721": 0.0001938126715853688
"p722": 1.1290058538953523E-05
"p723": 0
"p724": 0
"p725": 0
"p726": 0
"p727": 0
"p728": 3.198849919370165E-05
"p729": 0
"p730": 0
"p731": 0
"p732": 4.139688130949625E-05
"p733": 0
"p734": 0
"p735": 0
"p736": 0.01836139853718475
"p737": 0.006742046624178412
"p738": 0.001373623788906012
"p739": 0.00011854561465901196
"p740": 8.091208619583357E-05
"p741": 5.645029269476761E-06
"p742": 0
"p743": 0
"p744": 0.027278663106534866
"p745": 0.009726385431308458
"p746": 0.0018722680410431258
"p747": 0.00015994249596850823
"p748": 0.019219442986145214
"p749": 0.006766508417679478
"p750": 0.0015260395791818844
"p751": 0.00022768284720222934
"p752": 0.014042951146035022
"p753": 0.005242350514920752
"p754": 0.0010480937676995187
"p755": 5.645029269476761E-05
