"p693": 0
"p694": 0
"p695": 0
"p696": 0.022971505773924105
"p697": 0.007611381131677835
"p698": 0.0013416352897123102
"p699": 7.526705692635683E-05
"p700": 0.008764848779074252
"p701": 0.0028018161940836315
"p702": 0.00045724737082761767
"p703": 4.3278557732655166E-05
"p704": 0.0016332951353019427
"p705": 0.0003838619903244198
"p706": 2.6343469924224884E-05
"p707": 0
"p708": 0.00013548070246744226
"p709": 5.645029269476761E-06
"p710": 0
"p711": 0
"p712": 0.035892977771756415
"p713": 0.012356969070884632
"p714": 0.002305053618369678
"p715": 0.00019004931873905094
"p716": 0.0126561556221669
"p717": 0.004566828679006699
"p718": 0.0010443304148532006
"p719": 0.0001599424959685082
"p720": 0.0005249877220613387
"p721": 5.080526342529084E-05
"p722": 0
"p723": 0
"p724": 0
"p725": 0
"p726": 0
"p727": 0
"p728": 0.001298356731979655
"p729": 0.0001938126715853688
"p730": 1.1290058538953523E-05
"p731": 0
"p732": 4.516023415581409E-05
"p733": 7.5267056926356815E-06
"p734": 0
"p735": 0
"p736": 0.0007884224213035876
"p737": 0.00021074775939379907
"p738": 2.4461793501065963E-05
"p739": 0
"p740": 0
"p741": 0
"p742": 0
"p743": 0
"p744": 0.022971505773924105
"p745": 0.007611381131677832
"p746": 0.0013416352897123102
"p747": 7.526705692635681E-05
"p748": 0.006945267677879575
"p749": 0.0024141908509128945
"p750": 0.0005381594570234513
"p751": 6.774035123372113E-05
"p752": 0.0013811504945986475
"p753": 0.00037445360820862513
"p754": 3.763352846317841E-05
"p755": 0
