"p693": 0.0006585867481056221
"p694": 0.00012042729108217089
"p695": 1.3171734962112444E-05
"p696": 0.004177321659412804
"p697": 0.0012626048799396353
"p698": 0.00024273625858750077
"p699": 1.8816764231589207E-05
"p700": 0.013740001241906441
"p701": 0.004642095735933056
"p702": 0.0009050863595394409
"p703": 8.46754390421514E-05
"p704": 0.0007545522456867271
"p705": 0.00013359902604428335
"p706": 1.5053411385271363E-05
"p707": 0
"p708": 0.0008806245660383748
"p709": 0.00015241579027587256
"p710": 1.1290058538953523E-05
"p711": 0
"p712": 0.008889039423002742
"p713": 0.002922243485165803
"p714": 0.0005569762212550403
"p715": 6.021364554108544E-05
"p716": 0.012055900843179205
"p717": 0.00409452789679381
"p718": 0.0007601972749562037
"p719": 7.714873334951572E-05
"p720": 0
"p721": 0
"p722": 0
"p723": 0
"p724": 0.0002483812878569775
"p725": 3.3870175616860565E-05
"p726": 0
"p727": 0
"p728": 5.456861627160869E-05
"p729": 5.645029269476761E-06
"p730": 0
"p731": 0
"p732": 0.0007658423042256805
"p733": 0.00011478226181269414
"p734": 5.645029269476761E-06
"p735": 0
"p736": 0.0002878964927433148
"p737": 3.0106822770542726E-05
"p738": 0
"p739": 0
"p740": 0.0004760641350592068
"p741": 9.596549758110495E-05
"p742": 1.1290058538953523E-05
"p743": 0
"p744": 0.004177321659412803
"p745": 0.0012626048799396355
"p746": 0.00024273625858750074
"p747": 1.8816764231589203E-05
"p748": 0.007268916022662912
"p749": 0.0021582828573632816
"p750": 0.0003594001968233538
"p751": 2.4461793501065966E-05
"p752": 0.0003349384033222878
"p753": 0.0001129005853895352
"p754": 1.1290058538953523E-05
"p755": 0
