"p693": 5.645029269476761E-06
"p694": 0
"p695": 0
"p696": 0.0006472966895666685
"p697": 0.00017499590735377962
"p698": 2.8225146347383805E-05
"p699": 0
"p700": 0.0020566723305127004
"p701": 0.0005946097497182188
"p702": 7.526705692635684E-05
"p703": 0
"p704": 0.005846368646754765
"p705": 0.0021714545923253938
"p706": 0.0003725719317854662
"p707": 1.8816764231589207E-05
"p708": 5.645029269476761E-06
"p709": 0
"p710": 0
"p711": 0
"p712": 0.008318891466785588
"p713": 0.0026964423143867326
"p714": 0.0003725719317854663
"p715": 2.2580117077907045E-05
"p716": 0.0029316518672815976
"p717": 0.0009859984457352743
"p718": 9.596549758110493E-05
"p719": 5.645029269476761E-06
"p720": 0.011064257368174454
"p721": 0.004030550898406407
"p722": 0.0007752506863414752
"p723": 5.268693984844976E-05
"p724": 0.00013548070246744229
"p725": 5.645029269476761E-06
"p726": 0
"p727": 0
"p728": 0.02283978842430298
"p729": 0.007716755011374733
"p730": 0.0010255136506216117
"p731": 6.397699838740328E-05
"p732": 0.008490124021293049
"p733": 0.0029485869550900288
"p734": 0.0003330567268991289
"p735": 2.069844065474812E-05
"p736": 0.002502629642801364
"p737": 0.0009050863595394407
"p738": 0.0001486524374295547
"p739": 0
"p740": 0
"p741": 0
"p742": 0
"p743": 0
"p744": 0.0024179542037592126
"p745": 0.0007413805107246147
"p746": 9.408382115794602E-05
"p747": 0
"p748": 0.000754552245686727
"p749": 0.00023332787647170616
"p750": 3.9515204886337324E-05
"p751": 0
"p752": 0.009457305702796735
"p753": 0.0029278885144352804
"p754": 0.000380098637478102
"p755": 0
