"p693": 0.0005701479562171529
"p694": 8.655711546531033E-05
"p695": 1.3171734962112444E-05
"p696": 0.0023163436769086314
"p697": 0.0006115448375266492
"p698": 6.774035123372113E-05
"p699": 5.645029269476761E-06
"p700": 0.009957831631357007
"p701": 0.0031988499193701648
"p702": 0.000474182458636048
"p703": 2.8225146347383808E-05
"p704": 0.00040267875455600894
"p705": 0.00010537387969689954
"p706": 9.408382115794602E-06
"p707": 0
"p708": 0.001117715795356399
"p709": 0.0002784881106275202
"p710": 3.0106822770542726E-05
"p711": 0
"p712": 0.008053575091120181
"p713": 0.0030953577160964247
"p714": 0.0006585867481056222
"p715": 7.150370408003898E-05
"p716": 0.01660579443437748
"p717": 0.006431570014357191
"p718": 0.001392440553137601
"p719": 0.00017311423093062066
"p720": 0.0018233444540409938
"p721": 0.0006284799253350794
"p722": 0.00010161052685058169
"p723": 5.645029269476761E-06
"p724": 0.0033851358852628978
"p725": 0.0010876089725858561
"p726": 0.00017875926020009743
"p727": 7.5267056926356815E-06
"p728": 0.018408440447763727
"p729": 0.0076038544259851995
"p730": 0.0015824898718766523
"p731": 0.00011854561465901197
"p732": 0.027609838157010853
"p733": 0.011982515462676008
"p734": 0.0029109534266268497
"p735": 0.00031988499193701646
"p736": 5.456861627160869E-05
"p737": 1.1290058538953523E-05
"p738": 0
"p739": 0
"p740": 0.00020698440654748126
"p741": 4.516023415581409E-05
"p742": 1.1290058538953523E-05
"p743": 0
"p744": 0.002942941925820552
"p745": 0.0009427198880026192
"p746": 0.00013359902604428335
"p747": 1.3171734962112444E-05
"p748": 0.008572917783912044
"p749": 0.0026945606379635747
"p750": 0.0003481101382844003
"p751": 1.3171734962112444E-05
"p752": 0.00047230078221288907
"p753": 0.00013548070246744229
"p754": 1.6935087808430286E-05
"p755": 0
