"p693": 2.2580117077907045E-05
"p694": 0
"p695": 0
"p696": 0.0020453822719737466
"p697": 0.0005682662797939939
"p698": 6.774035123372113E-05
"p699": 1.8816764231589204E-06
"p700": 0.0037200742885851864
"p701": 0.0010819639433163795
"p702": 0.00013171734962112442
"p703": 9.408382115794602E-06
"p704": 0.012200789927762443
"p705": 0.004766286379861546
"p706": 0.001059383826238472
"p707": 0.0001373623788906012
"p708": 4.327855773265517E-05
"p709": 5.645029269476761E-06
"p710": 0
"p711": 0
"p712": 0.007457083664978803
"p713": 0.0028394497225468105
"p714": 0.0006190715432192848
"p715": 7.526705692635681E-05
"p716": 0.006760863388410002
"p717": 0.002218496502904367
"p718": 0.000398915401709691
"p719": 3.198849919370165E-05
"p720": 0.018489352533959558
"p721": 0.008002769827694888
"p722": 0.0019701152150473893
"p723": 0.00022768284720222937
"p724": 0.00038574366674757867
"p725": 6.962202765688006E-05
"p726": 5.645029269476761E-06
"p727": 0
"p728": 0.018718917057584942
"p729": 0.007810838832532679
"p730": 0.00172549728003673
"p731": 0.000165587525237985
"p732": 0.014216065376965644
"p733": 0.005445571568621915
"p734": 0.0009822350928889564
"p735": 4.704191057897301E-05
"p736": 0.006529417188361454
"p737": 0.002084897476860084
"p738": 0.0002935415220127916
"p739": 1.3171734962112444E-05
"p740": 0
"p741": 0
"p742": 0
"p743": 0
"p744": 0.003087831010403788
"p745": 0.0009615366522342085
"p746": 0.00014112573173691902
"p747": 9.408382115794602E-06
"p748": 0.002227904885020162
"p749": 0.0006905752472993238
"p750": 8.655711546531035E-05
"p751": 7.5267056926356815E-06
"p752": 0.01860037144292593
"p753": 0.0061286201102286044
"p754": 0.001016105268505817
"p755": 6.774035123372114E-05
