"p693": 0.0006905752472993236
"p694": 9.784717400426385E-05
"p695": 1.3171734962112444E-05
"p696": 0.004051249339061156
"p697": 0.001226853027899616
"p698": 0.00019757602443168663
"p699": 3.7633528463178407E-05
"p700": 0.014744816451873304
"p701": 0.0049977325799100926
"p702": 0.0009276664766173478
"p703": 8.843879188846925E-05
"p704": 0.0016652836344956447
"p705": 0.0005946097497182189
"p706": 0.00010161052685058169
"p707": 5.645029269476761E-06
"p708": 0.002732194166426753
"p709": 0.0009464832408489371
"p710": 0.0001674692016611439
"p711": 7.5267056926356815E-06
"p712": 0.01430826752170043
"p713": 0.005993139407761162
"p714": 0.001296475055556496
"p715": 0.00010537387969689952
"p716": 0.022228243586776334
"p717": 0.00977530901831059
"p718": 0.0024348892915676433
"p719": 0.00028036978705067917
"p720": 0
"p721": 0
"p722": 0
"p723": 0
"p724": 0.0003838619903244198
"p725": 5.080526342529086E-05
"p726": 0
"p727": 0
"p728": 8.091208619583358E-05
"p729": 5.645029269476761E-06
"p730": 0
"p731": 0
"p732": 0.0010462120912763599
"p733": 0.00017123255450746176
"p734": 5.645029269476761E-06
"p735": 0
"p736": 0.0002991865512822684
"p737": 5.833196911792653E-05
"p738": 0
"p739": 0
"p740": 0.0009897617985815924
"p741": 0.00024838128785697745
"p742": 3.0106822770542726E-05
"p743": 0
"p744": 0.007997124798425412
"p745": 0.002907190073780532
"p746": 0.0004610107236739356
"p747": 2.6343469924224887E-05
"p748": 0.01694261451412293
"p749": 0.005846368646754766
"p750": 0.000997288504274228
"p751": 5.8331969117926534E-05
"p752": 0.0006868118944530059
"p753": 0.0001825226130464153
"p754": 1.6935087808430286E-05
"p755": 0
