"p693": 0.00200398539066425
"p694": 0.0003085949333980629
"p695": 1.5053411385271363E-05
"p696": 0.021330683932929532
"p697": 0.008456253845676191
"p698": 0.0016690469873419632
"p699": 0.0001204272910821709
"p700": 0.04922465522983738
"p701": 0.019938243379791932
"p702": 0.004549893591198271
"p703": 0.0004948808992907962
"p704": 0
"p705": 0
"p706": 0
"p707": 0
"p708": 5.8331969117926534E-05
"p709": 0
"p710": 0
"p711": 0
"p712": 0.0002897781691664738
"p713": 5.456861627160869E-05
"p714": 5.645029269476761E-06
"p715": 0
"p716": 0.0021300577110158975
"p717": 0.0005268693984844976
"p718": 8.467543904215141E-05
"p719": 5.645029269476761E-06
"p720": 1.3171734962112444E-05
"p721": 0
"p722": 0
"p723": 0
"p724": 0.0007112736879540719
"p725": 0.00014300740816007796
"p726": 0
"p727": 0
"p728": 0.0012061545872448678
"p729": 0.00022768284720222934
"p730": 7.5267056926356815E-06
"p731": 0
"p732": 0.0049488089929079606
"p733": 0.0013416352897123102
"p734": 0.00019004931873905096
"p735": 7.5267056926356815E-06
"p736": 7.714873334951573E-05
"p737": 1.5053411385271363E-05
"p738": 0
"p739": 0
"p740": 0.000190049318739051
"p741": 2.2580117077907045E-05
"p742": 0
"p743": 0
"p744": 0.0026983239908098923
"p745": 0.000899441330269964
"p746": 0.00016370584881482606
"p747": 3.198849919370165E-05
"p748": 0.00667618794936785
"p749": 0.002128176034592739
"p750": 0.00037257193178546615
"p751": 2.6343469924224887E-05
"p752": 0.0005400411334466102
"p753": 8.467543904215143E-05
"p754": 1.8816764231589204E-06
"p755": 0
