"p693": 0
"p694": 0
"p695": 0
"p696": 0.004854725171750015
"p697": 0.0016201234003398305
"p698": 0.0002333278764717061
"p699": 0
"p700": 0.0008091208619583356
"p701": 0.0002239194943559115
"p702": 2.0698440654748124E-05
"p703": 0
"p704": 0.0003594001968233538
"p705": 7.714873334951573E-05
"p706": 1.8816764231589204E-06
"p707": 0
"p708": 0
"p709": 0
"p710": 0
"p711": 0
"p712": 0.01372306615409801
"p713": 0.004536721856236157
"p714": 0.0007338538050319789
"p715": 4.139688130949625E-05
"p716": 0.0023182253533317893
"p717": 0.0007583155985330449
"p718": 7.714873334951573E-05
"p719": 5.645029269476761E-06
"p720": 0.001605069988954559
"p721": 0.0003255300212064932
"p722": 2.6343469924224884E-05
"p723": 0
"p724": 0.00013548070246744226
"p725": 5.645029269476761E-06
"p726": 0
"p727": 0
"p728": 0.03279573837923684
"p729": 0.010595719938807884
"p730": 0.0018007643369630877
"p731": 0.00011666393823585314
"p732": 0.007445793606439849
"p733": 0.0024141908509128945
"p734": 0.00033493840332228785
"p735": 2.069844065474812E-05
"p736": 6.774035123372113E-05
"p737": 2.2580117077907045E-05
"p738": 1.1290058538953523E-05
"p739": 0
"p740": 0
"p741": 0
"p742": 0
"p743": 0
"p744": 0.004854725171750014
"p745": 0.0016201234003398305
"p746": 0.00023332787647170614
"p747": 0
"p748": 0.000709392011530913
"p749": 0.000212629435816958
"p750": 3.198849919370165E-05
"p751": 0
"p752": 0.0006679951302214167
"p753": 0.00020322105370116337
"p754": 2.6343469924224887E-05
"p755": 0
