"p693": 0.009096023829550225
"p694": 0.0019531801272389595
"p695": 0.00021827446508643482
"p696": 0.0026399920216919654
"p697": 0.0007903040977267466
"p698": 0.00012230896750532982
"p699": 1.8816764231589204E-06
"p700": 0.009957831631357007
"p701": 0.0031988499193701648
"p702": 0.000474182458636048
"p703": 2.8225146347383808E-05
"p704": 0.0015034594621039774
"p705": 0.0004572473708276177
"p706": 5.080526342529085E-05
"p707": 0
"p708": 0.005825670206100019
"p709": 0.0019983403613947734
"p710": 0.0003161216390906986
"p711": 1.6935087808430282E-05
"p712": 0.0001580608195453493
"p713": 3.575185204001949E-05
"p714": 5.645029269476761E-06
"p715": 0
"p716": 0.00044783898871182307
"p717": 0.0001467707610063958
"p718": 1.1290058538953523E-05
"p719": 0
"p720": 0.0023897290574118285
"p721": 0.0006491783659898277
"p722": 8.655711546531033E-05
"p723": 1.1290058538953523E-05
"p724": 0.007496598869865138
"p725": 0.002325752059024425
"p726": 0.00038198031390126086
"p727": 4.139688130949625E-05
"p728": 0.0004346672537497106
"p729": 0.0001298356731979655
"p730": 3.198849919370165E-05
"p731": 5.645029269476761E-06
"p732": 0.0017668941613462263
"p733": 0.0006040181318340133
"p734": 0.00011666393823585305
"p735": 7.5267056926356815E-06
"p736": 0.008126960471623378
"p737": 0.003023854012016385
"p738": 0.0006077814846803313
"p739": 7.150370408003898E-05
"p740": 0.01986485799928873
"p741": 0.007257625964123959
"p742": 0.0014564175515250045
"p743": 0.0001749959073537796
"p744": 0.0021827446508643476
"p745": 0.0006943386001456416
"p746": 0.0001298356731979655
"p747": 1.8816764231589204E-06
"p748": 0.0029448236022437103
"p749": 0.0008298193026130839
"p750": 0.00011290058538953523
"p751": 5.645029269476761E-06
"p752": 0.01758991120368959
"p753": 0.007287732786894501
"p754": 0.0015147495206429312
"p755": 0.00013924405531376012
