"p693": 0.00014300740816007796
"p694": 1.1290058538953523E-05
"p695": 0
"p696": 0.053864869289347285
"p697": 0.021605408690710735
"p698": 0.00490364875875215
"p699": 0.0005287510749076568
"p700": 0.01774797202323494
"p701": 0.006647962803020466
"p702": 0.0012814216441712246
"p703": 9.032046831162817E-05
"p704": 4.139688130949625E-05
"p705": 0
"p706": 0
"p707": 0
"p708": 0
"p709": 0
"p710": 0
"p711": 0
"p712": 0.002237313267135956
"p713": 0.0005381594570234512
"p714": 8.467543904215141E-05
"p715": 5.645029269476761E-06
"p716": 0.00013171734962112442
"p717": 1.5053411385271363E-05
"p718": 0
"p719": 0
"p720": 0.0005475678391392458
"p721": 0.00010913723254321737
"p722": 0
"p723": 0
"p724": 0
"p725": 0
"p726": 0
"p727": 0
"p728": 0.005714651297133641
"p729": 0.0014884060507187062
"p730": 0.00019757602443168666
"p731": 7.5267056926356815E-06
"p732": 0.0004798274879055246
"p733": 7.338538050319788E-05
"p734": 0
"p735": 0
"p736": 0.000190049318739051
"p737": 2.2580117077907045E-05
"p738": 0
"p739": 0
"p740": 0
"p741": 0
"p742": 0
"p743": 0
"p744": 0.007310312903972405
"p745": 0.002305053618369677
"p746": 0.00039703372528653215
"p747": 2.6343469924224887E-05
"p748": 0.0019757602443168667
"p749": 0.0006209532196424438
"p750": 0.0001110189089663763
"p751": 2.8225146347383808E-05
"p752": 0.0008091208619583356
"p753": 0.00019193099516220987
"p754": 2.2580117077907045E-05
"p755": 0
