"p693": 2.6343469924224887E-05
"p694": 0
"p695": 0
"p696": 0.002984338807130047
"p697": 0.0009446015644257779
"p698": 0.00016370584881482606
"p699": 7.5267056926356815E-06
"p700": 0.006217058902117074
"p701": 0.0018986115109673506
"p702": 0.0003180033155138575
"p703": 2.0698440654748128E-05
"p704": 0.007728045069913685
"p705": 0.0025063929956476816
"p706": 0.00045160234155814077
"p707": 4.704191057897301E-05
"p708": 5.2686939848449775E-05
"p709": 0
"p710": 0
"p711": 0
"p712": 0.009080970418164951
"p713": 0.0029297701908584384
"p714": 0.0005080526342529085
"p715": 3.575185204001948E-05
"p716": 0.00627162751838868
"p717": 0.002237313267135956
"p718": 0.00044407563586550515
"p719": 5.645029269476761E-05
"p720": 0.0007658423042256805
"p721": 0.00011478226181269414
"p722": 5.645029269476761E-06
"p723": 0
"p724": 2.4461793501065963E-05
"p725": 0
"p726": 0
"p727": 0
"p728": 3.575185204001948E-05
"p729": 1.8816764231589204E-06
"p730": 0
"p731": 0
"p732": 0.00014300740816007796
"p733": 4.704191057897301E-05
"p734": 0
"p735": 0
"p736": 0.005123804900261739
"p737": 0.0014451274929860507
"p738": 0.00023709122931802397
"p739": 1.5053411385271363E-05
"p740": 0
"p741": 0
"p742": 0
"p743": 0
"p744": 0.004369252654575013
"p745": 0.001322818525480721
"p746": 0.00022956452362538825
"p747": 1.6935087808430282E-05
"p748": 0.0025139197013403173
"p749": 0.0008373460083057195
"p750": 0.00016935087808430283
"p751": 1.3171734962112444E-05
"p752": 0.012616640417280563
"p753": 0.003795341345511542
"p754": 0.0006115448375266492
"p755": 3.9515204886337324E-05
