"p693": 0.01244917121561942
"p694": 0.002570369994035086
"p695": 0.00021827446508643477
"p696": 0.00536654115884924
"p697": 0.0014545358751018454
"p698": 0.00018816764231589203
"p699": 9.408382115794602E-06
"p700": 0.007633961248755741
"p701": 0.001958825156508436
"p702": 0.00019945770085484557
"p703": 1.1290058538953523E-05
"p704": 0.0024254809094518483
"p705": 0.0004911175464444781
"p706": 2.6343469924224887E-05
"p707": 0
"p708": 0.007009244676266981
"p709": 0.0022448399728285918
"p710": 0.00041773216594128033
"p711": 1.5053411385271363E-05
"p712": 0.00046477407652025334
"p713": 0.00013171734962112445
"p714": 1.6935087808430286E-05
"p715": 0
"p716": 0.0014131389937923492
"p717": 0.0004892358700213193
"p718": 0.00012795399677480661
"p719": 2.2580117077907045E-05
"p720": 7.33853805031979E-05
"p721": 0
"p722": 0
"p723": 0
"p724": 0.0009032046831162816
"p725": 0.0001938126715853688
"p726": 1.1290058538953523E-05
"p727": 0
"p728": 0
"p729": 0
"p730": 0
"p731": 0
"p732": 0
"p733": 0
"p734": 0
"p735": 0
"p736": 0.020053025641604612
"p737": 0.007769441951223181
"p738": 0.0019607068329315952
"p739": 0.0002916598455896326
"p740": 0.025906920994052018
"p741": 0.009792244106119022
"p742": 0.002051027301243224
"p743": 0.00018252261304641527
"p744": 0.011609943530890541
"p745": 0.003706902553623073
"p746": 0.0005231060456381798
"p747": 2.4461793501065963E-05
"p748": 0.0088175357189227
"p749": 0.0028131062526225857
"p750": 0.0003913886960170554
"p751": 2.634346992422488E-05
"p752": 0.008561627725373087
"p753": 0.002856384810355241
"p754": 0.0005833196911792653
"p755": 4.892358700213193E-05
