"p693": 0.00018816764231589206
"p694": 1.6935087808430286E-05
"p695": 0
"p696": 0.04247508189996632
"p697": 0.016814660517348118
"p698": 0.003991035693520071
"p699": 0.00041020546024864466
"p700": 0.024525770499453373
"p701": 0.008798718954691111
"p702": 0.0016408218409945787
"p703": 0.00014112573173691902
"p704": 0.00017687758377693853
"p705": 3.3870175616860565E-05
"p706": 0
"p707": 0
"p708": 0
"p709": 0
"p710": 0
"p711": 0
"p712": 0.005641265916630443
"p713": 0.0017650124849230675
"p714": 0.00023709122931802394
"p715": 1.1290058538953523E-05
"p716": 0.0005814380147561064
"p717": 0.00010725555612005845
"p718": 9.408382115794602E-06
"p719": 0
"p720": 0.00127201326205543
"p721": 0.00017123255450746173
"p722": 3.7633528463178407E-06
"p723": 0
"p724": 0
"p725": 0
"p726": 0
"p727": 0
"p728": 0.01136720727230304
"p729": 0.003366319121031308
"p730": 0.0005118159870992264
"p731": 1.5053411385271363E-05
"p732": 0.0013134101433649264
"p733": 0.0002766064342043613
"p734": 1.8816764231589203E-05
"p735": 0
"p736": 0.0007188003936467076
"p737": 0.00015994249596850823
"p738": 1.3171734962112442E-05
"p739": 0
"p740": 0
"p741": 0
"p742": 0
"p743": 0
"p744": 0.02517306718902004
"p745": 0.008446845463560396
"p746": 0.0013867955238681246
"p747": 6.397699838740331E-05
"p748": 0.007410041754399828
"p749": 0.0024725228200308215
"p750": 0.0004835908407518426
"p751": 6.39769983874033E-05
"p752": 0.0020754890947442895
"p753": 0.0005155793399455443
"p754": 3.7633528463178407E-05
"p755": 0
