"p693": 0.0006341249546045562
"p694": 0.00010537387969689955
"p695": 2.2580117077907045E-05
"p696": 0.018986115109673515
"p697": 0.006004429466300115
"p698": 0.0011026623839711274
"p699": 0.00011290058538953522
"p700": 0.03840501579667357
"p701": 0.013696722684173785
"p702": 0.0027811177534288853
"p703": 0.0002464996114338186
"p704": 0.00013171734962112442
"p705": 1.8816764231589204E-06
"p706": 0
"p707": 0
"p708": 0.0009464832408489368
"p709": 0.0001373623788906012
"p710": 3.7633528463178407E-06
"p711": 0
"p712": 0.0026719805208856675
"p713": 0.0005494495155624048
"p714": 2.6343469924224887E-05
"p715": 0
"p716": 0.006990427912035392
"p717": 0.002256130031367545
"p718": 0.00041773216594128033
"p719": 1.5053411385271363E-05
"p720": 0
"p721": 0
"p722": 0
"p723": 0
"p724": 0
"p725": 0
"p726": 0
"p727": 0
"p728": 7.33853805031979E-05
"p729": 0
"p730": 0
"p731": 0
"p732": 0.0009032046831162816
"p733": 0.0001938126715853688
"p734": 1.1290058538953523E-05
"p735": 0
"p736": 0.002762300989197295
"p737": 0.0007206820700698664
"p738": 8.091208619583357E-05
"p739": 1.8816764231589204E-06
"p740": 0.0024104274980665764
"p741": 0.0005475678391392458
"p742": 3.9515204886337324E-05
"p743": 0
"p744": 0.02806332217499213
"p745": 0.009891972956546445
"p746": 0.0022072064443654136
"p747": 0.0002973048748591094
"p748": 0.031126691391894862
"p749": 0.011408604153612537
"p750": 0.0022109697972117317
"p751": 0.00019193099516220987
"p752": 0.00034811013828440026
"p753": 8.467543904215141E-05
"p754": 1.1290058538953523E-05
"p755": 0
