"p693": 3.3870175616860565E-05
"p694": 0
"p695": 0
"p696": 0.011005925399056527
"p697": 0.0031894415372543707
"p698": 0.00047041910578973014
"p699": 2.0698440654748124E-05
"p700": 0.012977922290527074
"p701": 0.0036937308186609607
"p702": 0.00047606413505920693
"p703": 2.6343469924224884E-05
"p704": 0.007620789513793627
"p705": 0.002933533543704757
"p706": 0.0005569762212550405
"p707": 3.198849919370165E-05
"p708": 5.645029269476761E-06
"p709": 0
"p710": 0
"p711": 0
"p712": 0.008286902967591884
"p713": 0.003116056156751172
"p714": 0.0005588578976781993
"p715": 4.8923587002131926E-05
"p716": 0.006418398279395077
"p717": 0.0022824735012917704
"p718": 0.0004779458114823657
"p719": 6.209532196424438E-05
"p720": 0.014291332433892
"p721": 0.005104988136030152
"p722": 0.0010575021498153135
"p723": 0.00010161052685058169
"p724": 0.00011290058538953522
"p725": 5.645029269476761E-06
"p726": 0
"p727": 0
"p728": 0.023445688232560144
"p729": 0.008373460083057196
"p730": 0.0016125966946471946
"p731": 0.00014300740816007796
"p732": 0.016063871624507706
"p733": 0.005739113090634706
"p734": 0.0012851849970175425
"p735": 0.00019381267158536877
"p736": 0.003449112883650301
"p737": 0.0011647577059353716
"p738": 0.00022580117077907047
"p739": 9.408382115794602E-06
"p740": 0
"p741": 0
"p742": 0
"p743": 0
"p744": 0.002274946795599135
"p745": 0.0008204109204972892
"p746": 0.00014300740816007796
"p747": 1.8816764231589204E-06
"p748": 0.001573081489760857
"p749": 0.0005080526342529085
"p750": 0.00011290058538953522
"p751": 1.8816764231589204E-06
"p752": 0.014078702998075043
"p753": 0.004659030823741487
"p754": 0.0007808957156109519
"p755": 3.575185204001949E-05
