"p693": 0.0003217666683601754
"p694": 4.3278557732655166E-05
"p695": 0
"p696": 0.001042448738430042
"p697": 0.00022015614150959365
"p698": 2.0698440654748124E-05
"p699": 0
"p700": 0.004617633942431991
"p701": 0.0015843715482998112
"p702": 0.0002333278764717061
"p703": 0
"p704": 0.0005099343106760674
"p705": 0.00011666393823585305
"p706": 1.8816764231589204E-06
"p707": 0
"p708": 0.0003594001968233538
"p709": 7.714873334951573E-05
"p710": 1.8816764231589204E-06
"p711": 0
"p712": 0.008591734548143633
"p713": 0.0027604193127741365
"p714": 0.0004233771952107571
"p715": 2.8225146347383805E-05
"p716": 0.007046878204730158
"p717": 0.0026042401696519456
"p718": 0.0004064421074023268
"p719": 1.8816764231589207E-05
"p720": 0.002385965704565511
"p721": 0.0005946097497182189
"p722": 3.951520488633733E-05
"p723": 1.8816764231589204E-06
"p724": 0.001605069988954559
"p725": 0.0003255300212064932
"p726": 2.6343469924224884E-05
"p727": 0
"p728": 0.02297150577392411
"p729": 0.00750036222271146
"p730": 0.0012136812929375044
"p731": 8.091208619583357E-05
"p732": 0.014910403977111289
"p733": 0.005278102366960772
"p734": 0.0008862695953078515
"p735": 5.456861627160868E-05
"p736": 6.209532196424438E-05
"p737": 1.5053411385271363E-05
"p738": 0
"p739": 0
"p740": 6.774035123372113E-05
"p741": 2.2580117077907045E-05
"p742": 1.1290058538953523E-05
"p743": 0
"p744": 0.002730312490003594
"p745": 0.000829819302613084
"p746": 0.00010913723254321736
"p747": 0
"p748": 0.002856384810355241
"p749": 0.0009954068278510688
"p750": 0.0001561791431221904
"p751": 0
"p752": 0.0002690797285117256
"p753": 5.64502926947676E-05
"p754": 0
"p755": 0
