"p693": 2.6343469924224887E-05
"p694": 0
"p695": 0
"p696": 0.0070525232339996346
"p697": 0.0021564011809401228
"p698": 0.00028036978705067917
"p699": 9.408382115794602E-06
"p700": 0.012176328134261376
"p701": 0.0036372805259661935
"p702": 0.0005626212505245172
"p703": 4.1396881309496255E-05
"p704": 0.022954570686115675
"p705": 0.01072179225915953
"p706": 0.0030445524526711335
"p707": 0.0005099343106760674
"p708": 0.00036880857893914845
"p709": 6.585867481056221E-05
"p710": 5.645029269476761E-06
"p711": 0
"p712": 0.03136566429763605
"p713": 0.013292162253194614
"p714": 0.0032571818884880913
"p715": 0.0003650452260928306
"p716": 0.02312392156419997
"p717": 0.008947371392120667
"p718": 0.0018327528361567888
"p719": 0.00015053411385271365
"p720": 0.0014808793450260703
"p721": 0.0002314462000485472
"p722": 1.1290058538953523E-05
"p723": 0
"p724": 0.00023144620004854718
"p725": 3.387017561686056E-05
"p726": 0
"p727": 0
"p728": 6.774035123372113E-05
"p729": 3.7633528463178407E-06
"p730": 0
"p731": 0
"p732": 0.00019004931873905096
"p733": 5.2686939848449775E-05
"p734": 0
"p735": 0
"p736": 0.022683609281180787
"p737": 0.009321825000329291
"p738": 0.002333278764717061
"p739": 0.00025026296428013644
"p740": 2.6343469924224884E-05
"p741": 1.8816764231589204E-06
"p742": 0
"p743": 0
"p744": 0.02057613168724279
"p745": 0.008222925969204483
"p746": 0.0018101727190788816
"p747": 0.00016182417239166716
"p748": 0.01448702678190053
"p749": 0.00463645070666358
"p750": 0.0007545522456867272
"p751": 5.833196911792653E-05
"p752": 0.035695401747324725
"p753": 0.012960987202718646
"p754": 0.002536499818418225
"p755": 0.00018816764231589203
