"p693": 3.7633528463178407E-06
"p694": 0
"p695": 0
"p696": 0.005238587162074435
"p697": 0.0017405506914220015
"p698": 0.0002615530228190899
"p699": 1.6935087808430286E-05
"p700": 0.008040403356158066
"p701": 0.002408545821643418
"p702": 0.00039515204886337327
"p703": 2.822514634738381E-05
"p704": 0.00806674682608229
"p705": 0.002585423405420356
"p706": 0.0004967625757139549
"p707": 6.021364554108545E-05
"p708": 0.00039515204886337327
"p709": 5.080526342529086E-05
"p710": 0
"p711": 0
"p712": 0.0041716766301433264
"p713": 0.0012889483498638608
"p714": 0.00027660643420436126
"p715": 3.3870175616860565E-05
"p716": 0.004815209966863678
"p717": 0.001625768429609307
"p718": 0.0003161216390906986
"p719": 3.7633528463178407E-05
"p720": 0.001445127492986051
"p721": 0.0003142399626675397
"p722": 2.2580117077907045E-05
"p723": 0
"p724": 0
"p725": 0
"p726": 0
"p727": 0
"p728": 4.8923587002131926E-05
"p729": 0
"p730": 0
"p731": 0
"p732": 7.526705692635681E-05
"p733": 0
"p734": 0
"p735": 0
"p736": 0.04331995461396468
"p737": 0.019102779047909364
"p738": 0.005121923223838582
"p739": 0.0007564339221098862
"p740": 0.00039515204886337327
"p741": 6.774035123372113E-05
"p742": 5.645029269476761E-06
"p743": 0
"p744": 0.050632149194360244
"p745": 0.02089978003202613
"p746": 0.0048942403766363525
"p747": 0.0005249877220613389
"p748": 0.03646312572797357
"p749": 0.013186788373497717
"p750": 0.002512038024917159
"p751": 0.0002069844065474812
"p752": 0.028511161163703967
"p753": 0.010573139821729974
"p754": 0.0022881185305612473
"p755": 0.00019381267158536877
