"p693": 5.645029269476761E-06
"p694": 0
"p695": 0
"p696": 0.0014902877271418648
"p697": 0.00039703372528653215
"p698": 4.516023415581409E-05
"p699": 0
"p700": 0.004186730041528599
"p701": 0.0012155629693606628
"p702": 0.00015241579027587256
"p703": 0
"p704": 0.008501414079832004
"p705": 0.003176269802292258
"p706": 0.0006115448375266492
"p707": 4.327855773265516E-05
"p708": 7.714873334951573E-05
"p709": 5.645029269476761E-06
"p710": 0
"p711": 0
"p712": 0.017362228356487364
"p713": 0.005842605293908448
"p714": 0.0007959491269962234
"p715": 5.080526342529085E-05
"p716": 0.006794733564026862
"p717": 0.0023276337354475847
"p718": 0.00027660643420436126
"p719": 1.88167642315892E-05
"p720": 0.0007018653058382773
"p721": 9.032046831162815E-05
"p722": 0
"p723": 0
"p724": 5.833196911792652E-05
"p725": 0
"p726": 0
"p727": 0
"p728": 4.8923587002131926E-05
"p729": 0
"p730": 0
"p731": 0
"p732": 0.00010349220327374058
"p733": 4.1396881309496235E-05
"p734": 0
"p735": 0
"p736": 0.006025127906954863
"p737": 0.0022222598557506846
"p738": 0.00039891540170969113
"p739": 1.5053411385271365E-05
"p740": 1.8816764231589204E-06
"p741": 0
"p742": 0
"p743": 0
"p744": 0.009393328704409334
"p745": 0.0031047660982122184
"p746": 0.00037633528463178407
"p747": 1.3171734962112442E-05
"p748": 0.003496154794229274
"p749": 0.001253196497823841
"p750": 0.0001392440553137601
"p751": 7.5267056926356815E-06
"p752": 0.012979803966950237
"p753": 0.004261997098454954
"p754": 0.0006265982489119205
"p755": 1.3171734962112444E-05
