"p693": 0.002005867067087409
"p694": 0.00032741169762965207
"p695": 4.139688130949624E-05
"p696": 0.020184742991225742
"p697": 0.006967847794957483
"p698": 0.001189219499436438
"p699": 7.150370408003895E-05
"p700": 0.046530094591873794
"p701": 0.019057618813753556
"p702": 0.004444519711501371
"p703": 0.0004704191057897301
"p704": 2.0698440654748124E-05
"p705": 0
"p706": 0
"p707": 0
"p708": 0.0002427362585875007
"p709": 5.080526342529086E-05
"p710": 0
"p711": 0
"p712": 0.0014470091694092095
"p713": 0.0003236483447833343
"p714": 3.387017561686057E-05
"p715": 0
"p716": 0.00493187390509953
"p717": 0.0016107150182240358
"p718": 0.00023144620004854718
"p719": 1.1290058538953523E-05
"p720": 0.0001392440553137601
"p721": 1.8816764231589204E-06
"p722": 0
"p723": 0
"p724": 0.0014488908458323688
"p725": 0.000188167642315892
"p726": 3.7633528463178407E-06
"p727": 0
"p728": 0.003509326529191387
"p729": 0.0007827773920341108
"p730": 4.516023415581409E-05
"p731": 0
"p732": 0.00916940921005342
"p733": 0.002897781691664737
"p734": 0.0004854725171750014
"p735": 1.5053411385271363E-05
"p736": 0.0007846590684572697
"p737": 0.0001900493187390509
"p738": 1.3171734962112442E-05
"p739": 0
"p740": 0.0007188003936467076
"p741": 0.00015994249596850823
"p742": 1.3171734962112442E-05
"p743": 0
"p744": 0.0152716858503578
"p745": 0.005033484431950112
"p746": 0.000922021447347871
"p747": 9.032046831162817E-05
"p748": 0.017198522507672533
"p749": 0.006217058902117073
"p750": 0.0010518571205458366
"p751": 4.704191057897301E-05
"p752": 0.002916598455896327
"p753": 0.0007677239806488394
"p754": 7.338538050319788E-05
"p755": 1.8816764231589204E-06
