"p693": 9.972885042742278E-05
"p694": 1.1290058538953523E-05
"p695": 0
"p696": 0.0025195647306097946
"p697": 0.0007658423042256805
"p698": 0.0001392440553137601
"p699": 1.3171734962112444E-05
"p700": 0.009844931045967474
"p701": 0.003526261616999817
"p702": 0.0008053575091120179
"p703": 9.596549758110493E-05
"p704": 3.951520488633733E-05
"p705": 0
"p706": 0
"p707": 0
"p708": 0.000568266279793994
"p709": 9.596549758110492E-05
"p710": 0
"p711": 0
"p712": 0.0015166311970660898
"p713": 0.0003180033155138575
"p714": 1.1290058538953523E-05
"p715": 0
"p716": 0.005133213282377535
"p717": 0.0014244290523313025
"p718": 0.0001956943480085277
"p719": 7.5267056926356815E-06
"p720": 0
"p721": 0
"p722": 0
"p723": 0
"p724": 0
"p725": 0
"p726": 0
"p727": 0
"p728": 1.6935087808430286E-05
"p729": 0
"p730": 0
"p731": 0
"p732": 0.0005325144277539745
"p733": 9.408382115794603E-05
"p734": 5.645029269476761E-06
"p735": 0
"p736": 0.0010462120912763597
"p737": 0.00015806081954534932
"p738": 1.5053411385271363E-05
"p739": 0
"p740": 0.0015900165775692876
"p741": 0.0002991865512822683
"p742": 2.2580117077907045E-05
"p743": 0
"p744": 0.012731422679093258
"p745": 0.004075711132562222
"p746": 0.0007752506863414752
"p747": 7.903040977267465E-05
"p748": 0.018431020564841628
"p749": 0.005991257731338003
"p750": 0.0010744372376237433
"p751": 0.00010161052685058169
"p752": 6.585867481056221E-05
"p753": 1.3171734962112442E-05
"p754": 0
"p755": 0
