"p693": 1.6935087808430282E-05
"p694": 0
"p695": 0
"p696": 0.0004534840179812998
"p697": 0.00012419064392848873
"p698": 2.6343469924224887E-05
"p699": 1.8816764231589204E-06
"p700": 0.002427362585875007
"p701": 0.0007959491269962232
"p702": 0.00017311423093062066
"p703": 1.8816764231589204E-06
"p704": 3.951520488633733E-05
"p705": 0
"p706": 0
"p707": 0
"p708": 0.00024461793501065964
"p709": 3.3870175616860565E-05
"p710": 0
"p711": 0
"p712": 0.0008655711546531031
"p713": 0.0001825226130464153
"p714": 3.7633528463178407E-06
"p715": 0
"p716": 0.0021695729159022345
"p717": 0.000541922809869769
"p718": 6.021364554108545E-05
"p719": 0
"p720": 0
"p721": 0
"p722": 0
"p723": 0
"p724": 0
"p725": 0
"p726": 0
"p727": 0
"p728": 0
"p729": 0
"p730": 0
"p731": 0
"p732": 0.00021639278866327586
"p733": 3.3870175616860565E-05
"p734": 0
"p735": 0
"p736": 0.000756433922109886
"p737": 9.97288504274228E-05
"p738": 1.5053411385271363E-05
"p739": 0
"p740": 0.0007959491269962232
"p741": 9.03204683116282E-05
"p742": 0
"p743": 0
"p744": 0.008187174117164464
"p745": 0.002399137439527624
"p746": 0.00034999181470755925
"p747": 2.2580117077907045E-05
"p748": 0.00744014857717037
"p749": 0.0022655384134833397
"p750": 0.00028789649274331484
"p751": 1.6935087808430286E-05
"p752": 1.3171734962112442E-05
"p753": 1.8816764231589204E-06
"p754": 0
"p755": 0
