"p693": 0.005048537843335383
"p694": 0.0008354643318825608
"p695": 4.139688130949625E-05
"p696": 0.000777132362764634
"p697": 0.0002333278764717061
"p698": 4.327855773265516E-05
"p699": 3.76335284631784E-06
"p700": 0.004284577215532863
"p701": 0.0012588415270933181
"p702": 0.00015806081954534935
"p703": 7.52670569263568E-06
"p704": 0.014951800858420784
"p705": 0.00625845578342657
"p706": 0.0015166311970660898
"p707": 0.00019945770085484557
"p708": 0.023368539499210632
"p709": 0.00988444625085381
"p710": 0.0024160725273360546
"p711": 0.0002916598455896327
"p712": 0.007400633372284033
"p713": 0.002717140755041481
"p714": 0.000449720665134982
"p715": 1.88167642315892E-05
"p716": 0.006606565921710969
"p717": 0.002148874475247487
"p718": 0.0002991865512822684
"p719": 1.6935087808430286E-05
"p720": 0.027799887475749897
"p721": 0.01236449577657727
"p722": 0.0031536896852143504
"p723": 0.000402678754556009
"p724": 0.033587924153386746
"p725": 0.015473025227635807
"p726": 0.004278932186263386
"p727": 0.0006868118944530062
"p728": 0.018511932651037465
"p729": 0.007227519141353414
"p730": 0.0013378719368659928
"p731": 4.327855773265516E-05
"p732": 0.014231118788350913
"p733": 0.005328907630386063
"p734": 0.0009182580945015532
"p735": 4.8923587002131926E-05
"p736": 0.0073272479917808366
"p737": 0.00256284328834245
"p738": 0.0004892358700213193
"p739": 1.8816764231589203E-05
"p740": 0.014829491890915458
"p741": 0.005520838625548274
"p742": 0.001164757705935372
"p743": 4.139688130949625E-05
"p744": 0.0019324816865842118
"p745": 0.0005099343106760674
"p746": 3.575185204001949E-05
"p747": 1.8816764231589204E-06
"p748": 0.0013604520539438995
"p749": 0.00036504522609283053
"p750": 3.198849919370165E-05
"p751": 1.8816764231589204E-06
"p752": 0.014387297931473104
"p753": 0.004239416981377048
"p754": 0.0006190715432192849
"p755": 2.8225146347383815E-05
