"p693": 0
"p694": 0
"p695": 0
"p696": 0.018065975338748798
"p697": 0.006546352276169886
"p698": 0.001211799616514345
"p699": 6.962202765688005E-05
"p700": 0.005868948763832672
"p701": 0.0019682335386242305
"p702": 0.0003688085789391484
"p703": 3.951520488633733E-05
"p704": 0.0026418736981151237
"p705": 0.0005833196911792653
"p706": 6.774035123372113E-05
"p707": 3.76335284631784E-06
"p708": 0
"p709": 0
"p710": 0
"p711": 0
"p712": 0.011931710199250715
"p713": 0.003682440760122007
"p714": 0.0007169187172235487
"p715": 8.279376261899248E-05
"p716": 0.0022749467955991347
"p717": 0.0006567050716824634
"p718": 0.00010537387969689955
"p719": 2.2580117077907045E-05
"p720": 0
"p721": 0
"p722": 0
"p723": 0
"p724": 0
"p725": 0
"p726": 0
"p727": 0
"p728": 0.0014940510799881829
"p729": 0.0003142399626675397
"p730": 2.2580117077907045E-05
"p731": 0
"p732": 7.526705692635681E-05
"p733": 0
"p734": 0
"p735": 0
"p736": 0.005387239599503988
"p737": 0.0016803370458809159
"p738": 0.0002973048748591094
"p739": 4.139688130949624E-05
"p740": 0.0004835908407518426
"p741": 9.22021447347871E-05
"p742": 5.645029269476761E-06
"p743": 0
"p744": 0.09180511100950063
"p745": 0.03825071832997456
"p746": 0.009605958140226295
"p747": 0.001277658291324908
"p748": 0.031126691391894876
"p749": 0.011408604153612537
"p750": 0.0022109697972117317
"p751": 0.00019193099516220984
"p752": 0.0011139524425100807
"p753": 0.0003706902553623072
"p754": 5.833196911792653E-05
"p755": 1.1290058538953523E-05
