"p693": 0.0009050863595394407
"p694": 0.00015617914312219037
"p695": 9.408382115794602E-06
"p696": 0.004728652851398367
"p697": 0.001247551468554364
"p698": 0.0001542974666990315
"p699": 5.645029269476761E-06
"p700": 0.015298029320282024
"p701": 0.005191545251495462
"p702": 0.0008411093611520376
"p703": 4.139688130949625E-05
"p704": 0.001443245816562892
"p705": 0.0004534840179812998
"p706": 6.774035123372113E-05
"p707": 0
"p708": 0.0017988826605399274
"p709": 0.0005249877220613389
"p710": 7.714873334951573E-05
"p711": 1.1290058538953523E-05
"p712": 0.02031457866442371
"p713": 0.008042285032581227
"p714": 0.0017894742784241337
"p715": 0.000212629435816958
"p716": 0.027028400142254737
"p717": 0.011073665750290248
"p718": 0.0025816600525740393
"p719": 0.00030294990412858624
"p720": 0.00524611386776707
"p721": 0.0019851686264326608
"p722": 0.0003989154017096911
"p723": 1.8816764231589203E-05
"p724": 0.004773813085554181
"p725": 0.0014902877271418648
"p726": 0.0002615530228190899
"p727": 4.139688130949624E-05
"p728": 0.04106006122975082
"p729": 0.017008473188933487
"p730": 0.003955283841480051
"p731": 0.0004290222244802339
"p732": 0.04271781815855383
"p733": 0.01924014142679997
"p734": 0.004982679168524823
"p735": 0.0007319721286088202
"p736": 0.00019945770085484557
"p737": 5.2686939848449775E-05
"p738": 5.645029269476761E-06
"p739": 0
"p740": 0.0003161216390906986
"p741": 0.00011290058538953522
"p742": 3.0106822770542726E-05
"p743": 5.645029269476761E-06
"p744": 0.00892855462788908
"p745": 0.002927888514435281
"p746": 0.0005005259285602729
"p747": 1.8816764231589203E-05
"p748": 0.015651784487835906
"p749": 0.005693952856478895
"p750": 0.001164757705935372
"p751": 4.139688130949625E-05
"p752": 0.0008693345074994212
"p753": 0.00021639278866327584
"p754": 1.1290058538953523E-05
"p755": 0
