"p693": 0.0025929501111129926
"p694": 0.0004327855773265517
"p695": 9.408382115794602E-06
"p696": 0.000590846396871901
"p697": 0.00019193099516220984
"p698": 3.0106822770542722E-05
"p699": 0
"p700": 0.0029636403664753
"p701": 0.0007978308034193824
"p702": 8.467543904215144E-05
"p703": 0
"p704": 0.0116438137065074
"p705": 0.004226245246414935
"p706": 0.0008260559497667661
"p707": 6.585867481056221E-05
"p708": 0.009001940008392273
"p709": 0.0034566395893429365
"p710": 0.0006585867481056222
"p711": 4.327855773265516E-05
"p712": 0.008098735325275993
"p713": 0.00254402652411086
"p714": 0.00014112573173691902
"p715": 1.8816764231589204E-06
"p716": 0.003765234522740999
"p717": 0.0012117996165143447
"p718": 6.585867481056221E-05
"p719": 1.8816764231589204E-06
"p720": 5.645029269476761E-05
"p721": 0
"p722": 0
"p723": 0
"p724": 0.0007601972749562037
"p725": 9.032046831162815E-05
"p726": 0
"p727": 0
"p728": 0
"p729": 0
"p730": 0
"p731": 0
"p732": 9.596549758110491E-05
"p733": 4.1396881309496235E-05
"p734": 0
"p735": 0
"p736": 0.007193648965736553
"p737": 0.002540263171264542
"p738": 0.0004365489301728696
"p739": 2.0698440654748124E-05
"p740": 0.006713821477831028
"p741": 0.0024461793501065966
"p742": 0.00042714054805707494
"p743": 1.5053411385271365E-05
"p744": 0.0037370093763936163
"p745": 0.001160994353089054
"p746": 3.575185204001949E-05
"p747": 0
"p748": 0.001300238408402814
"p749": 0.0005024076049834317
"p750": 1.1290058538953523E-05
"p751": 0
"p752": 0.01045647588349412
"p753": 0.003236483447833343
"p754": 0.00045536569440445874
"p755": 2.2580117077907045E-05
