"p693": 0.00016370584881482604
"p694": 5.645029269476761E-06
"p695": 0
"p696": 0.019740667355360238
"p697": 0.006960321089264846
"p698": 0.0012851849970175425
"p699": 8.655711546531033E-05
"p700": 0.03263955923611465
"p701": 0.011380379007265153
"p702": 0.0022636567370601817
"p703": 0.0002559079935496132
"p704": 0.007839063978880062
"p705": 0.002978693777860571
"p706": 0.0005870830440255832
"p707": 3.575185204001949E-05
"p708": 0
"p709": 0
"p710": 0
"p711": 0
"p712": 0.0026475187273846006
"p713": 0.0008392276847288785
"p714": 0.00010349220327374062
"p715": 0
"p716": 0.002310698647639154
"p717": 0.0006868118944530059
"p718": 8.467543904215141E-05
"p719": 0
"p720": 0.009186344297861849
"p721": 0.002809342899776268
"p722": 0.0005080526342529085
"p723": 6.021364554108545E-05
"p724": 0.00039515204886337327
"p725": 5.080526342529086E-05
"p726": 0
"p727": 0
"p728": 0.0042093101586065055
"p729": 0.0012889483498638608
"p730": 0.00027660643420436126
"p731": 3.3870175616860565E-05
"p732": 0.004867896906712127
"p733": 0.001625768429609307
"p734": 0.0003161216390906986
"p735": 3.7633528463178407E-05
"p736": 0.02591444769974465
"p737": 0.010691685436388989
"p738": 0.0025967134639593103
"p739": 0.0002766064342043613
"p740": 4.8923587002131926E-05
"p741": 5.645029269476761E-06
"p742": 0
"p743": 0
"p744": 0.023383592910595906
"p745": 0.008794955601844795
"p746": 0.001781947572731498
"p747": 0.00016935087808430286
"p748": 0.01843102056484163
"p749": 0.005991257731338004
"p750": 0.0010744372376237435
"p751": 0.0001016105268505817
"p752": 0.04279308521548018
"p753": 0.01822215448187099
"p754": 0.004694782675781507
"p755": 0.0006623501009519401
