"p693": 0.0002935415220127916
"p694": 7.5267056926356815E-06
"p695": 0
"p696": 0.0029429419258205514
"p697": 0.000942719888002619
"p698": 0.00013359902604428335
"p699": 1.3171734962112444E-05
"p700": 0.009261611354788207
"p701": 0.0032515368592186153
"p702": 0.0005061709578297496
"p703": 1.8816764231589203E-05
"p704": 0
"p705": 0
"p706": 0
"p707": 0
"p708": 1.8816764231589204E-06
"p709": 0
"p710": 0
"p711": 0
"p712": 0.0003217666683601754
"p713": 6.585867481056222E-05
"p714": 1.8816764231589204E-06
"p715": 0
"p716": 0.0010932540018553326
"p717": 0.00026907972851172564
"p718": 3.0106822770542726E-05
"p719": 0
"p720": 6.021364554108544E-05
"p721": 0
"p722": 0
"p723": 0
"p724": 0.00030859493339806287
"p725": 3.3870175616860565E-05
"p726": 0
"p727": 0
"p728": 0.0008655711546531031
"p729": 0.0001825226130464153
"p730": 3.7633528463178407E-06
"p731": 0
"p732": 0.0023803206752960335
"p733": 0.0005757929854866296
"p734": 6.021364554108545E-05
"p735": 0
"p736": 3.198849919370165E-05
"p737": 5.645029269476761E-06
"p738": 0
"p739": 0
"p740": 8.843879188846928E-05
"p741": 1.5053411385271363E-05
"p742": 0
"p743": 0
"p744": 0.002316343676908631
"p745": 0.000611544837526649
"p746": 6.774035123372113E-05
"p747": 5.645029269476761E-06
"p748": 0.0029448236022437103
"p749": 0.000829819302613084
"p750": 0.00011290058538953523
"p751": 5.645029269476761E-06
"p752": 0.0007244454229161843
"p753": 9.784717400426387E-05
"p754": 1.5053411385271363E-05
"p755": 0
