"p693": 0
"p694": 0
"p695": 0
"p696": 0.02806332217499214
"p697": 0.009891972956546447
"p698": 0.002207206444365414
"p699": 0.0002973048748591095
"p700": 0.005868948763832673
"p701": 0.001968233538624231
"p702": 0.0003688085789391484
"p703": 3.951520488633733E-05
"p704": 0.00040079707813285006
"p705": 7.526705692635683E-05
"p706": 0
"p707": 0
"p708": 0
"p709": 0
"p710": 0
"p711": 0
"p712": 0.00517461016368703
"p713": 0.0013943222295607599
"p714": 0.00019193099516220987
"p715": 7.5267056926356815E-06
"p716": 0.00046853742936657104
"p717": 7.338538050319788E-05
"p718": 0
"p719": 0
"p720": 0
"p721": 0
"p722": 0
"p723": 0
"p724": 0
"p725": 0
"p726": 0
"p727": 0
"p728": 0.00048359084075184255
"p729": 7.714873334951573E-05
"p730": 5.645029269476761E-06
"p731": 0
"p732": 1.1290058538953523E-05
"p733": 0
"p734": 0
"p735": 0
"p736": 0.0009972885042742279
"p737": 0.00022580117077907047
"p738": 2.2580117077907045E-05
"p739": 0
"p740": 5.645029269476761E-06
"p741": 0
"p742": 0
"p743": 0
"p744": 0.018986115109673508
"p745": 0.006004429466300116
"p746": 0.0011026623839711274
"p747": 0.00011290058538953522
"p748": 0.006277272547658158
"p749": 0.0020152754492032037
"p750": 0.0004384306065960284
"p751": 5.833196911792653E-05
"p752": 0.00019004931873905094
"p753": 2.2580117077907045E-05
"p754": 0
"p755": 0
