"p693": 0.0001919309951622099
"p694": 2.4461793501065963E-05
"p695": 0
"p696": 0.0007639606278025216
"p697": 0.00020133937727800447
"p698": 3.3870175616860565E-05
"p699": 1.8816764231589204E-06
"p700": 0.003992917369943229
"p701": 0.0012531964978238408
"p702": 0.0002163927886632758
"p703": 1.8816764231589204E-06
"p704": 0.0005889647204487421
"p705": 9.784717400426387E-05
"p706": 1.5053411385271363E-05
"p707": 0
"p708": 0.000519342692791862
"p709": 6.021364554108546E-05
"p710": 0
"p711": 0
"p712": 0.005599869035320949
"p713": 0.0016539935759566906
"p714": 0.00023709122931802394
"p715": 1.5053411385271363E-05
"p716": 0.004963862404293232
"p717": 0.001539211314143997
"p718": 0.00020133937727800447
"p719": 1.1290058538953523E-05
"p720": 0
"p721": 0
"p722": 0
"p723": 0
"p724": 7.903040977267465E-05
"p725": 0
"p726": 0
"p727": 0
"p728": 2.2580117077907045E-05
"p729": 0
"p730": 0
"p731": 0
"p732": 0.0003857436667475786
"p733": 4.5160234155814084E-05
"p734": 0
"p735": 0
"p736": 0.00014677076100639576
"p737": 1.8816764231589204E-06
"p738": 0
"p739": 0
"p740": 0.00021262943581695798
"p741": 3.0106822770542726E-05
"p742": 0
"p743": 0
"p744": 0.0027886444591215197
"p745": 0.0008053575091120179
"p746": 0.0001204272910821709
"p747": 7.5267056926356815E-06
"p748": 0.0028206329583152214
"p749": 0.000826055949766766
"p750": 9.972885042742277E-05
"p751": 5.645029269476761E-06
"p752": 0.00014112573173691902
"p753": 4.327855773265517E-05
"p754": 0
"p755": 0
