"p693": 0
"p694": 0
"p695": 0
"p696": 0.002453706055799232
"p697": 0.0008072391855351768
"p698": 0.00017311423093062066
"p699": 1.8816764231589204E-06
"p700": 0.00030294990412858613
"p701": 8.091208619583357E-05
"p702": 2.446179350106597E-05
"p703": 1.8816764231589204E-06
"p704": 0.00023144620004854718
"p705": 3.3870175616860565E-05
"p706": 0
"p707": 0
"p708": 0
"p709": 0
"p710": 0
"p711": 0
"p712": 0.0027039690200793684
"p713": 0.0006472966895666686
"p714": 6.021364554108545E-05
"p715": 0
"p716": 0.0003405834325917646
"p717": 6.962202765688006E-05
"p718": 3.7633528463178407E-06
"p719": 0
"p720": 0
"p721": 0
"p722": 0
"p723": 0
"p724": 0
"p725": 0
"p726": 0
"p727": 0
"p728": 0.00021639278866327586
"p729": 3.3870175616860565E-05
"p730": 0
"p731": 0
"p732": 0
"p733": 0
"p734": 0
"p735": 0
"p736": 0.0007300904521856611
"p737": 9.03204683116282E-05
"p738": 0
"p739": 0
"p740": 6.774035123372114E-05
"p741": 0
"p742": 0
"p743": 0
"p744": 0.013779516446792778
"p745": 0.003776524581279954
"p746": 0.0005193426927918622
"p747": 2.8225146347383815E-05
"p748": 0.0027905261355446786
"p749": 0.0009558916229647316
"p750": 0.00013548070246744229
"p751": 1.1290058538953523E-05
"p752": 5.2686939848449775E-05
"p753": 7.5267056926356815E-06
"p754": 0
"p755": 0
