"p693": 0.0021244126817464215
"p694": 0.0003462284618612414
"p695": 4.139688130949624E-05
"p696": 0.02471017478892295
"p697": 0.008919146245773286
"p698": 0.001808291042655723
"p699": 0.00021639278866327584
"p700": 0.04922465522983738
"p701": 0.019938243379791925
"p702": 0.00454989359119827
"p703": 0.0004948808992907962
"p704": 3.9515204886337324E-05
"p705": 1.6935087808430282E-05
"p706": 0
"p707": 0
"p708": 0.00030106822770542725
"p709": 5.456861627160869E-05
"p710": 0
"p711": 0
"p712": 0.003055842511210087
"p713": 0.0008806245660383749
"p714": 0.00011478226181269415
"p715": 0
"p716": 0.009267256384057683
"p717": 0.0034886280885366374
"p718": 0.0006548233952593043
"p719": 3.575185204001949E-05
"p720": 0.0005080526342529085
"p721": 5.080526342529085E-05
"p722": 0
"p723": 0
"p724": 0.0029918655128226834
"p725": 0.0006002547789876955
"p726": 6.774035123372113E-05
"p727": 3.76335284631784E-06
"p728": 0.00449532497492666
"p729": 0.0011722844116280075
"p730": 0.00016370584881482606
"p731": 2.2580117077907045E-05
"p732": 0.01057502149815313
"p733": 0.003409597678763963
"p734": 0.0006698768066445756
"p735": 8.279376261899248E-05
"p736": 0.0015975432832619233
"p737": 0.00048170916432868367
"p738": 6.774035123372113E-05
"p739": 0
"p740": 0.0019268366573147342
"p741": 0.0005532128684087226
"p742": 8.27937626189925E-05
"p743": 1.1290058538953523E-05
"p744": 0.026462015538883908
"p745": 0.010006755218359142
"p746": 0.002086779153283243
"p747": 0.00022580117077907047
"p748": 0.03675478557356321
"p749": 0.014534068692479505
"p750": 0.0032421284771028203
"p751": 0.0003274116976296522
"p752": 0.005336434336078698
"p753": 0.0020096304199337268
"p754": 0.0003989154017096911
"p755": 1.8816764231589203E-05
