"p693": 4.139688130949625E-05
"p694": 0
"p695": 0
"p696": 0.010904314872205946
"p697": 0.0036918491422378015
"p698": 0.0007545522456867271
"p699": 7.903040977267465E-05
"p700": 0.012176328134261373
"p701": 0.0036372805259661935
"p702": 0.0005626212505245173
"p703": 4.1396881309496255E-05
"p704": 0.006388291456624535
"p705": 0.0021902713565569833
"p706": 0.00042149551878759814
"p707": 4.7041910578973015E-05
"p708": 9.408382115794602E-06
"p709": 0
"p710": 0
"p711": 0
"p712": 0.0071183819088101955
"p713": 0.0024856945549929337
"p714": 0.00047794581148236575
"p715": 4.7041910578973015E-05
"p716": 0.005530247007664068
"p717": 0.0019475350979694826
"p718": 0.0003800986374781019
"p719": 5.080526342529084E-05
"p720": 0.000615308190372967
"p721": 8.279376261899251E-05
"p722": 5.645029269476761E-06
"p723": 0
"p724": 1.6935087808430286E-05
"p725": 0
"p726": 0
"p727": 0
"p728": 2.2580117077907045E-05
"p729": 1.8816764231589204E-06
"p730": 0
"p731": 0
"p732": 0.00014300740816007796
"p733": 3.7633528463178407E-05
"p734": 0
"p735": 0
"p736": 0.004085119514678015
"p737": 0.0010819639433163795
"p738": 0.0001542974666990315
"p739": 9.408382115794602E-06
"p740": 0
"p741": 0
"p742": 0
"p743": 0
"p744": 0.0028639115160478765
"p745": 0.0008768612131920569
"p746": 0.00015241579027587256
"p747": 1.1290058538953523E-05
"p748": 0.0020980692118221962
"p749": 0.0006247165724887617
"p750": 0.00013171734962112442
"p751": 1.3171734962112444E-05
"p752": 0.010260781535485592
"p753": 0.0031104111274816953
"p754": 0.0005061709578297496
"p755": 3.3870175616860565E-05
