"p693": 0
"p694": 0
"p695": 0
"p696": 0.015271685850357802
"p697": 0.005033484431950112
"p698": 0.000922021447347871
"p699": 9.032046831162817E-05
"p700": 0.003300460446220746
"p701": 0.0009878801221584331
"p702": 0.0001674692016611439
"p703": 3.010682277054273E-05
"p704": 0.0024781678493002984
"p705": 0.0008749795367688979
"p706": 0.00016182417239166716
"p707": 7.5267056926356815E-06
"p708": 0.000284133139896997
"p709": 7.714873334951573E-05
"p710": 5.645029269476761E-06
"p711": 0
"p712": 0.028370035431967044
"p713": 0.012108587783027655
"p714": 0.002974930425014254
"p715": 0.00034434678543808245
"p716": 0.009692515255691599
"p717": 0.0038160397861662907
"p718": 0.0007733690099183162
"p719": 4.139688130949625E-05
"p720": 0.0003838619903244198
"p721": 5.080526342529086E-05
"p722": 0
"p723": 0
"p724": 0
"p725": 0
"p726": 0
"p727": 0
"p728": 0.001089490649009015
"p729": 0.0001731142309306207
"p730": 5.645029269476761E-06
"p731": 0
"p732": 3.763352846317841E-05
"p733": 3.7633528463178407E-06
"p734": 0
"p735": 0
"p736": 0.0009803534164657976
"p737": 0.00024838128785697745
"p738": 3.0106822770542726E-05
"p739": 0
"p740": 9.408382115794602E-06
"p741": 0
"p742": 0
"p743": 0
"p744": 0.02018474299122575
"p745": 0.006967847794957485
"p746": 0.001189219499436438
"p747": 7.150370408003898E-05
"p748": 0.004896122053059511
"p749": 0.0016220050767629896
"p750": 0.00022768284720222937
"p751": 1.3171734962112442E-05
"p752": 0.002290000206984406
"p753": 0.0007357354814551377
"p754": 0.00013736237889060116
"p755": 1.3171734962112444E-05
