"p693": 6.585867481056221E-05
"p694": 5.645029269476761E-06
"p695": 0
"p696": 0.023184135209741056
"p697": 0.008685818369301579
"p698": 0.0018064093662325637
"p699": 0.00017311423093062066
"p700": 0.009933369837855942
"p701": 0.0036692690251598947
"p702": 0.0006378883074508739
"p703": 5.080526342529085E-05
"p704": 4.139688130949625E-05
"p705": 0
"p706": 0
"p707": 0
"p708": 0
"p709": 0
"p710": 0
"p711": 0
"p712": 0.002786762782698361
"p713": 0.000660468424528781
"p714": 9.408382115794599E-05
"p715": 5.645029269476761E-06
"p716": 0.00024085458216434178
"p717": 3.951520488633733E-05
"p718": 1.8816764231589204E-06
"p719": 0
"p720": 0.0006491783659898275
"p721": 0.0001129005853895352
"p722": 0
"p723": 0
"p724": 0
"p725": 0
"p726": 0
"p727": 0
"p728": 0.0065689323932477915
"p729": 0.0017142072214977764
"p730": 0.00020886608297064014
"p731": 7.5267056926356815E-06
"p732": 0.0007225637464930254
"p733": 0.00012607232035164766
"p734": 3.7633528463178407E-06
"p735": 0
"p736": 0.00025402631712645424
"p737": 3.575185204001949E-05
"p738": 0
"p739": 0
"p740": 0
"p741": 0
"p742": 0
"p743": 0
"p744": 0.009679343520729489
"p745": 0.0028262779875846984
"p746": 0.000449720665134982
"p747": 3.198849919370165E-05
"p748": 0.0021658095630559173
"p749": 0.0006981019529919595
"p750": 0.00013171734962112445
"p751": 3.3870175616860565E-05
"p752": 0.0011929828522827554
"p753": 0.0002408545821643418
"p754": 2.2580117077907045E-05
"p755": 0
