"p693": 0.007577510956060974
"p694": 0.0013096467905186085
"p695": 6.39769983874033E-05
"p696": 0.00249133958426241
"p697": 0.0007677239806488394
"p698": 0.00010537387969689955
"p699": 9.408382115794602E-06
"p700": 0.0080893269431602
"p701": 0.002310698647639155
"p702": 0.0002991865512822684
"p703": 1.6935087808430282E-05
"p704": 0.022290338908740572
"p705": 0.00996912168989596
"p706": 0.0026098851989214225
"p707": 0.00034058343259176464
"p708": 0.02787139117982993
"p709": 0.013207486814152463
"p710": 0.0037313643471241402
"p711": 0.0006153081903729671
"p712": 0.014773041598220685
"p713": 0.005782391648367363
"p714": 0.0011609943530890537
"p715": 4.327855773265516E-05
"p716": 0.013030609230375523
"p717": 0.00489612205305951
"p718": 0.0008825062424615338
"p719": 4.8923587002131926E-05
"p720": 0.00012419064392848873
"p721": 1.1290058538953523E-05
"p722": 0
"p723": 0
"p724": 0.0017123255450746176
"p725": 0.0002653163756654077
"p726": 1.1290058538953523E-05
"p727": 0
"p728": 0
"p729": 0
"p730": 0
"p731": 0
"p732": 0.00013359902604428335
"p733": 4.516023415581409E-05
"p734": 0
"p735": 0
"p736": 0.01710255701009143
"p737": 0.006777798476218432
"p738": 0.0015486196962597916
"p739": 0.00016370584881482606
"p740": 0.027973001706680524
"p741": 0.01137097062514936
"p742": 0.0027867627826983618
"p743": 0.0002916598455896327
"p744": 0.00782777392034111
"p745": 0.0028450947518162874
"p746": 0.0004403122830191874
"p747": 1.1290058538953523E-05
"p748": 0.005803090089022111
"p749": 0.0018572146296578543
"p750": 0.00025402631712645424
"p751": 1.3171734962112444E-05
"p752": 0.02279839154299348
"p753": 0.0075398774275977935
"p754": 0.001396203905983919
"p755": 0.00012042729108217089
