"p693": 0
"p694": 0
"p695": 0
"p696": 0.001134650883164829
"p697": 0.0003180033155138575
"p698": 3.76335284631784E-05
"p699": 0
"p700": 0.0026381103452688065
"p701": 0.0007545522456867271
"p702": 8.27937626189925E-05
"p703": 0
"p704": 0.0037501811113557276
"p705": 0.001083845619739538
"p706": 0.00015429746669903146
"p707": 0
"p708": 9.784717400426385E-05
"p709": 0
"p710": 0
"p711": 0
"p712": 0.002139466093131692
"p713": 0.0006265982489119205
"p714": 7.526705692635681E-05
"p715": 0
"p716": 0.0013905588767144418
"p717": 0.00047041910578973003
"p718": 7.150370408003898E-05
"p719": 0
"p720": 0.0005005259285602728
"p721": 9.596549758110495E-05
"p722": 0
"p723": 0
"p724": 0
"p725": 0
"p726": 0
"p727": 0
"p728": 7.5267056926356815E-06
"p729": 0
"p730": 0
"p731": 0
"p732": 1.5053411385271363E-05
"p733": 0
"p734": 0
"p735": 0
"p736": 0.013798333211024364
"p737": 0.005097461430337515
"p738": 0.0009615366522342084
"p739": 5.833196911792653E-05
"p740": 7.903040977267466E-05
"p741": 5.645029269476761E-06
"p742": 0
"p743": 0
"p744": 0.02619293581037218
"p745": 0.008700871780686851
"p746": 0.0011271241774721934
"p747": 6.397699838740328E-05
"p748": 0.010050033776091795
"p749": 0.0034698113243050496
"p750": 0.0003913886960170554
"p751": 2.6343469924224884E-05
"p752": 0.011034150545403909
"p753": 0.0037012575243535965
"p754": 0.0006021364554108543
"p755": 1.3171734962112444E-05
