"p693": 0.027993700147335272
"p694": 0.007253862611277641
"p695": 0.0010161052685058174
"p696": 0.017586147850843274
"p697": 0.006360066310277151
"p698": 0.0012701315856322715
"p699": 4.327855773265516E-05
"p700": 0.03243257482956716
"p701": 0.01075566243477639
"p702": 0.0017763025434620213
"p703": 0.00010537387969689955
"p704": 0.0008937963010004872
"p705": 0.00020133937727800447
"p706": 2.446179350106597E-05
"p707": 0
"p708": 0.0037614711698946827
"p709": 0.001228734704322775
"p710": 0.00018064093662325636
"p711": 1.1290058538953523E-05
"p712": 9.596549758110492E-05
"p713": 2.4461793501065963E-05
"p714": 0
"p715": 0
"p716": 0.00033682007974544673
"p717": 0.00016182417239166716
"p718": 2.2580117077907045E-05
"p719": 0
"p720": 0.0024988662899550463
"p721": 0.0004911175464444781
"p722": 2.6343469924224887E-05
"p723": 0
"p724": 0.007861644095957972
"p725": 0.002427362585875007
"p726": 0.0004290222244802339
"p727": 1.5053411385271363E-05
"p728": 0.00046477407652025334
"p729": 0.00013171734962112445
"p730": 1.6935087808430286E-05
"p731": 0
"p732": 0.0014131389937923492
"p733": 0.0004892358700213193
"p734": 0.00012795399677480661
"p735": 2.2580117077907045E-05
"p736": 0.008230452674897117
"p737": 0.0031687430965996214
"p738": 0.0007470255399940914
"p739": 8.655711546531033E-05
"p740": 0.01253572833108473
"p741": 0.004790748173362612
"p742": 0.00092390312377103
"p743": 4.3278557732655166E-05
"p744": 0.003360674091761831
"p745": 0.0011515859709732594
"p746": 0.00014865243742955472
"p747": 1.317173496211244E-05
"p748": 0.0027905261355446786
"p749": 0.0009558916229647315
"p750": 0.00013548070246744226
"p751": 1.1290058538953521E-05
"p752": 0.02011700263999202
"p753": 0.007662186395103125
"p754": 0.0018553329532346953
"p755": 0.00026155302281908997
