"p693": 0
"p694": 0
"p695": 0
"p696": 0.010307823446064568
"p697": 0.003627872143850398
"p698": 0.0008147658912278126
"p699": 9.596549758110493E-05
"p700": 0.002052908977666382
"p701": 0.0006491783659898276
"p702": 0.00012230896750532985
"p703": 1.1290058538953523E-05
"p704": 0.0004647740765202533
"p705": 7.903040977267466E-05
"p706": 0
"p707": 0
"p708": 0
"p709": 0
"p710": 0
"p711": 0
"p712": 0.0059592692321443
"p713": 0.0016031883125314002
"p714": 0.00020322105370116337
"p715": 7.5267056926356815E-06
"p716": 0.0006962202765688005
"p717": 0.00012607232035164766
"p718": 3.7633528463178407E-06
"p719": 0
"p720": 0
"p721": 0
"p722": 0
"p723": 0
"p724": 0
"p725": 0
"p726": 0
"p727": 0
"p728": 0.0005381594570234513
"p729": 9.408382115794603E-05
"p730": 5.645029269476761E-06
"p731": 0
"p732": 1.1290058538953523E-05
"p733": 0
"p734": 0
"p735": 0
"p736": 0.0014507725222555276
"p737": 0.00028225146347383805
"p738": 2.2580117077907045E-05
"p739": 0
"p740": 6.774035123372114E-05
"p741": 0
"p742": 0
"p743": 0
"p744": 0.02484753716781355
"p745": 0.007543640780444113
"p746": 0.00130776511409545
"p747": 0.00011290058538953522
"p748": 0.007295259492587135
"p749": 0.0025063929956476816
"p750": 0.0005287510749076566
"p751": 6.397699838740328E-05
"p752": 0.00022203781793275263
"p753": 2.8225146347383808E-05
"p754": 0
"p755": 0
