"p693": 0
"p694": 0
"p695": 0
"p696": 0.010486582706264664
"p697": 0.00372948267070098
"p698": 0.0007997124798425412
"p699": 8.843879188846925E-05
"p700": 0.0019719968914705486
"p701": 0.0006171898667961258
"p702": 0.00011854561465901199
"p703": 2.4461793501065966E-05
"p704": 0.0015599097547987447
"p705": 0.00034246510901492347
"p706": 3.198849919370165E-05
"p707": 1.8816764231589204E-06
"p708": 0
"p709": 0
"p710": 0
"p711": 0
"p712": 0.007750625186991593
"p713": 0.002378438998872875
"p714": 0.00039327037244021434
"p715": 4.139688130949625E-05
"p716": 0.0016107150182240358
"p717": 0.00045912904725077655
"p718": 6.962202765688005E-05
"p719": 1.1290058538953523E-05
"p720": 0
"p721": 0
"p722": 0
"p723": 0
"p724": 0
"p725": 0
"p726": 0
"p727": 0
"p728": 0.0009483649172720959
"p729": 0.0001768775837769385
"p730": 1.6935087808430286E-05
"p731": 0
"p732": 3.3870175616860565E-05
"p733": 0
"p734": 0
"p735": 0
"p736": 0.003509326529191386
"p737": 0.0011233608246258757
"p738": 0.00018064093662325633
"p739": 7.5267056926356815E-06
"p740": 0.0002935415220127916
"p741": 7.714873334951573E-05
"p742": 5.645029269476761E-06
"p743": 0
"p744": 0.045775542346187074
"p745": 0.01781194902162235
"p746": 0.0039289403715558275
"p747": 0.00039891540170969124
"p748": 0.014033542763919233
"p749": 0.005182136869379667
"p750": 0.0009577732993878904
"p751": 4.892358700213193E-05
"p752": 0.0006999836294151184
"p753": 0.0001674692016611439
"p754": 2.2580117077907045E-05
"p755": 0
