"p693": 7.5267056926356815E-06
"p694": 0
"p695": 0
"p696": 0.007760033569107389
"p697": 0.0027397208721193873
"p698": 0.000613426513949808
"p699": 7.714873334951573E-05
"p700": 0.007705464952835778
"p701": 0.0024029007923739402
"p702": 0.0004120871366718036
"p703": 4.51602341558141E-05
"p704": 0.0036899674658146427
"p705": 0.0010255136506216117
"p706": 0.00015053411385271363
"p707": 7.5267056926356815E-06
"p708": 1.6935087808430286E-05
"p709": 0
"p710": 0
"p711": 0
"p712": 0.001433837434447097
"p713": 0.00036880857893914845
"p714": 4.7041910578973015E-05
"p715": 0
"p716": 0.0012343797335922515
"p717": 0.00032929337405281106
"p718": 5.2686939848449775E-05
"p719": 1.1290058538953523E-05
"p720": 0.00047230078221288907
"p721": 7.714873334951573E-05
"p722": 5.645029269476761E-06
"p723": 0
"p724": 0
"p725": 0
"p726": 0
"p727": 0
"p728": 1.1290058538953523E-05
"p729": 0
"p730": 0
"p731": 0
"p732": 1.1290058538953523E-05
"p733": 0
"p734": 0
"p735": 0
"p736": 0.009923961455740146
"p737": 0.003157453038060668
"p738": 0.0005607395741013582
"p739": 5.6450292694767617E-05
"p740": 9.408382115794602E-06
"p741": 0
"p742": 0
"p743": 0
"p744": 0.009748965548386366
"p745": 0.00325718188848809
"p746": 0.0005983731025645366
"p747": 5.6450292694767617E-05
"p748": 0.007410041754399829
"p749": 0.0024725228200308215
"p750": 0.00048359084075184255
"p751": 6.397699838740328E-05
"p752": 0.007916212712229578
"p753": 0.002506392995647682
"p754": 0.000449720665134982
"p755": 3.198849919370165E-05
