"p693": 5.645029269476761E-06
"p694": 0
"p695": 0
"p696": 0.008928554627889078
"p697": 0.00292788851443528
"p698": 0.0005005259285602728
"p699": 1.8816764231589203E-05
"p700": 0.00332868559256813
"p701": 0.001136532559587988
"p702": 0.0001486524374295547
"p703": 1.3171734962112444E-05
"p704": 1.8816764231589204E-06
"p705": 0
"p706": 0
"p707": 0
"p708": 0
"p709": 0
"p710": 0
"p711": 0
"p712": 0.0012362614100154105
"p713": 0.0002991865512822684
"p714": 3.0106822770542726E-05
"p715": 0
"p716": 0.0001580608195453493
"p717": 3.198849919370165E-05
"p718": 1.8816764231589204E-06
"p719": 0
"p720": 0.0002860148163201559
"p721": 3.3870175616860565E-05
"p722": 0
"p723": 0
"p724": 0
"p725": 0
"p726": 0
"p727": 0
"p728": 0.002929770190858439
"p729": 0.0006811668651835292
"p730": 6.021364554108545E-05
"p731": 0
"p732": 0.00035563684397703593
"p733": 6.962202765688006E-05
"p734": 3.7633528463178407E-06
"p735": 0
"p736": 8.843879188846928E-05
"p737": 1.5053411385271363E-05
"p738": 0
"p739": 0
"p740": 0
"p741": 0
"p742": 0
"p743": 0
"p744": 0.0047286528513983675
"p745": 0.001247551468554364
"p746": 0.00015429746669903146
"p747": 5.645029269476761E-06
"p748": 0.0005550945448318814
"p749": 0.0001787592602000974
"p750": 2.6343469924224887E-05
"p751": 5.645029269476761E-06
"p752": 0.0006378883074508739
"p753": 8.279376261899251E-05
"p754": 0
"p755": 0
