"p693": 0.00027472475778120243
"p694": 2.2580117077907045E-05
"p695": 0
"p696": 0.09180511100950065
"p697": 0.03825071832997456
"p698": 0.009605958140226294
"p699": 0.0012776582913249083
"p700": 0.03840501579667356
"p701": 0.013696722684173785
"p702": 0.0027811177534288844
"p703": 0.0002464996114338186
"p704": 0.00011290058538953522
"p705": 3.3870175616860565E-05
"p706": 0
"p707": 0
"p708": 0
"p709": 0
"p710": 0
"p711": 0
"p712": 0.004190493394374916
"p713": 0.001326581878327039
"p714": 0.00018628596589273313
"p715": 1.1290058538953523E-05
"p716": 0.00037069025536230727
"p717": 4.3278557732655166E-05
"p718": 0
"p719": 0
"p720": 0.0010932540018553328
"p721": 0.0001373623788906012
"p722": 3.7633528463178407E-06
"p723": 0
"p724": 0
"p725": 0
"p726": 0
"p727": 0
"p728": 0.009573969641032588
"p729": 0.002764182665620454
"p730": 0.00045536569440445874
"p731": 1.5053411385271363E-05
"p732": 0.0010800822668932202
"p733": 0.0001749959073537796
"p734": 0
"p735": 0
"p736": 0.0005757929854866297
"p737": 0.0001279539967748066
"p738": 1.3171734962112442E-05
"p739": 0
"p740": 0
"p741": 0
"p742": 0
"p743": 0
"p744": 0.018065975338748794
"p745": 0.006546352276169884
"p746": 0.0012117996165143445
"p747": 6.962202765688005E-05
"p748": 0.006277272547658157
"p749": 0.0020152754492032032
"p750": 0.0004384306065960285
"p751": 5.8331969117926534E-05
"p752": 0.0019362450394305288
"p753": 0.0005042892814065907
"p754": 3.7633528463178407E-05
"p755": 0
