"p693": 0
"p694": 0
"p695": 0
"p696": 0.014274397346083573
"p697": 0.004717362792859413
"p698": 0.0009126130652320764
"p699": 8.46754390421514E-05
"p700": 0.0038687267260147412
"p701": 0.0012362614100154103
"p702": 0.00023332787647170614
"p703": 1.6935087808430282E-05
"p704": 0.0008241742733436071
"p705": 0.00015241579027587256
"p706": 1.1290058538953523E-05
"p707": 0
"p708": 6.774035123372114E-05
"p709": 0
"p710": 0
"p711": 0
"p712": 0.01647407708475635
"p713": 0.005212243692150209
"p714": 0.0009201397709247119
"p715": 8.279376261899248E-05
"p716": 0.005353369423887128
"p717": 0.0018986115109673508
"p718": 0.00040456043097916787
"p719": 5.080526342529085E-05
"p720": 0.0002483812878569775
"p721": 3.3870175616860565E-05
"p722": 0
"p723": 0
"p724": 0
"p725": 0
"p726": 0
"p727": 0
"p728": 0.0008015941562657
"p729": 0.00011666393823585305
"p730": 5.645029269476761E-06
"p731": 0
"p732": 1.8816764231589203E-05
"p733": 3.7633528463178407E-06
"p734": 0
"p735": 0
"p736": 0.0004760641350592068
"p737": 9.596549758110495E-05
"p738": 1.1290058538953523E-05
"p739": 0
"p740": 0
"p741": 0
"p742": 0
"p743": 0
"p744": 0.009327470029598769
"p745": 0.0026098851989214225
"p746": 0.00043466725374971066
"p747": 3.0106822770542726E-05
"p748": 0.0021131226232074677
"p749": 0.0006830485416066881
"p750": 0.00014677076100639576
"p751": 1.3171734962112444E-05
"p752": 0.0006435333367203508
"p753": 0.0001674692016611439
"p754": 2.2580117077907045E-05
"p755": 0
