"p693": 6.585867481056221E-05
"p694": 5.645029269476761E-06
"p695": 0
"p696": 0.026462015538883905
"p697": 0.010006755218359142
"p698": 0.0020867791532832433
"p699": 0.00022580117077907052
"p700": 0.010213739624906622
"p701": 0.0037219559650083444
"p702": 0.0008072391855351768
"p703": 8.655711546531033E-05
"p704": 0.00015806081954534932
"p705": 9.408382115794602E-06
"p706": 0
"p707": 0
"p708": 0
"p709": 0
"p710": 0
"p711": 0
"p712": 0.006380764750931901
"p713": 0.002128176034592739
"p714": 0.0003274116976296521
"p715": 1.6935087808430282E-05
"p716": 0.0011214791482027165
"p717": 0.00031612163909069854
"p718": 3.3870175616860565E-05
"p719": 0
"p720": 0.0017461957206914777
"p721": 0.000376335284631784
"p722": 3.198849919370165E-05
"p723": 1.8816764231589204E-06
"p724": 0
"p725": 0
"p726": 0
"p727": 0
"p728": 0.008552219343257294
"p729": 0.0025383814948413833
"p730": 0.0004102054602486446
"p731": 4.139688130949625E-05
"p732": 0.0017010354865356638
"p733": 0.0004760641350592069
"p734": 6.962202765688005E-05
"p735": 1.1290058538953523E-05
"p736": 0.001160994353089054
"p737": 0.0002897781691664737
"p738": 3.0106822770542726E-05
"p739": 0
"p740": 2.8225146347383808E-05
"p741": 0
"p742": 0
"p743": 0
"p744": 0.024710174788922953
"p745": 0.008919146245773285
"p746": 0.001808291042655723
"p747": 0.0002163927886632759
"p748": 0.00667618794936785
"p749": 0.002128176034592739
"p750": 0.0003725719317854662
"p751": 2.6343469924224887E-05
"p752": 0.0027905261355446794
"p753": 0.0009803534164657976
"p754": 0.00017311423093062066
"p755": 7.5267056926356815E-06
