"p693": 0.003358792415338672
"p694": 0.0007752506863414753
"p695": 9.596549758110493E-05
"p696": 0.0003725719317854662
"p697": 0.0001279539967748066
"p698": 1.6935087808430286E-05
"p699": 0
"p700": 0.001580608195453493
"p701": 0.0004064421074023268
"p702": 3.575185204001949E-05
"p703": 0
"p704": 0.001396203905983919
"p705": 0.0002991865512822683
"p706": 1.1290058538953523E-05
"p707": 0
"p708": 0.005127568253108059
"p709": 0.001415020670215508
"p710": 0.0001956943480085277
"p711": 7.5267056926356815E-06
"p712": 0.00021074775939379907
"p713": 6.021364554108546E-05
"p714": 5.645029269476761E-06
"p715": 0
"p716": 0.0008636894782299443
"p717": 0.0003217666683601754
"p718": 6.021364554108546E-05
"p719": 1.1290058538953523E-05
"p720": 1.6935087808430286E-05
"p721": 0
"p722": 0
"p723": 0
"p724": 0.0005325144277539745
"p725": 9.408382115794603E-05
"p726": 5.645029269476761E-06
"p727": 0
"p728": 0
"p729": 0
"p730": 0
"p731": 0
"p732": 0
"p733": 0
"p734": 0
"p735": 0
"p736": 0.010170461067173966
"p737": 0.003377609179570262
"p738": 0.0006924569237224824
"p739": 7.714873334951573E-05
"p740": 0.016602031081531163
"p741": 0.005372186188118719
"p742": 0.0010142235920826582
"p743": 0.00010161052685058169
"p744": 0.0037896963162420668
"p745": 0.0011873378230132785
"p746": 0.0001486524374295547
"p747": 1.8816764231589204E-06
"p748": 0.0033380939746839246
"p749": 0.0010706738847774257
"p750": 0.0001110189089663763
"p751": 5.645029269476761E-06
"p752": 0.00432221074399604
"p753": 0.0011233608246258755
"p754": 0.0001524157902758725
"p755": 2.8225146347383808E-05
