"p693": 0
"p694": 0
"p695": 0
"p696": 0.01757485779230432
"p697": 0.006040181318340135
"p698": 0.0012174446457838216
"p699": 9.22021447347871E-05
"p700": 0.006190715432192848
"p701": 0.0019701152150473893
"p702": 0.00029542319843595046
"p703": 3.198849919370165E-05
"p704": 0.0010236319741984525
"p705": 0.00015429746669903143
"p706": 3.7633528463178407E-06
"p707": 0
"p708": 0
"p709": 0
"p710": 0
"p711": 0
"p712": 0.010383090502990926
"p713": 0.003172506449445939
"p714": 0.0005005259285602728
"p715": 1.5053411385271363E-05
"p716": 0.0012513148214006817
"p717": 0.0002766064342043613
"p718": 1.8816764231589203E-05
"p719": 0
"p720": 0
"p721": 0
"p722": 0
"p723": 0
"p724": 0
"p725": 0
"p726": 0
"p727": 0
"p728": 0.0010311586798910882
"p729": 0.00022203781793275263
"p730": 1.1290058538953523E-05
"p731": 0
"p732": 4.516023415581409E-05
"p733": 0
"p734": 0
"p735": 0
"p736": 0.002523328083456112
"p737": 0.0005588578976781993
"p738": 3.9515204886337324E-05
"p739": 0
"p740": 0.00013548070246744226
"p741": 5.645029269476761E-06
"p742": 0
"p743": 0
"p744": 0.056841681390784694
"p745": 0.01917992778125888
"p746": 0.0035017998234987517
"p747": 0.00026155302281908997
"p748": 0.019219442986145214
"p749": 0.006766508417679478
"p750": 0.0015260395791818844
"p751": 0.00022768284720222934
"p752": 0.0006962202765688004
"p753": 0.00016746920166114393
"p754": 1.1290058538953523E-05
"p755": 0
