"p693": 0.002762300989197295
"p694": 0.0004892358700213193
"p695": 1.8816764231589203E-05
"p696": 0.0006943386001456416
"p697": 0.00021639278866327584
"p698": 1.1290058538953523E-05
"p699": 0
"p700": 0.0035206165877303404
"p701": 0.000967181681503685
"p702": 4.139688130949625E-05
"p703": 0
"p704": 0.00031047660982122185
"p705": 6.585867481056222E-05
"p706": 1.8816764231589204E-06
"p707": 0
"p708": 0.0010857272961626969
"p709": 0.00026907972851172564
"p710": 3.0106822770542726E-05
"p711": 0
"p712": 2.2580117077907045E-05
"p713": 5.645029269476761E-06
"p714": 0
"p715": 0
"p716": 4.327855773265517E-05
"p717": 2.2580117077907045E-05
"p718": 0
"p719": 0
"p720": 0.0008298193026130838
"p721": 0.00017499590735377962
"p722": 3.7633528463178407E-06
"p723": 0
"p724": 0.002397255763104464
"p725": 0.0005720296326403118
"p726": 6.021364554108545E-05
"p727": 0
"p728": 0.00012607232035164766
"p729": 4.8923587002131926E-05
"p730": 5.645029269476761E-06
"p731": 0
"p732": 0.0002935415220127916
"p733": 0.00011854561465901199
"p734": 1.3171734962112444E-05
"p735": 0
"p736": 0.0020058670670874087
"p737": 0.0005381594570234512
"p738": 6.209532196424438E-05
"p739": 5.645029269476761E-06
"p740": 0.0028695565453173534
"p741": 0.0008034758326888591
"p742": 0.00011290058538953523
"p743": 5.645029269476761E-06
"p744": 0.0004271405480570749
"p745": 0.00011290058538953522
"p746": 5.645029269476761E-06
"p747": 0
"p748": 0.00023520955289486504
"p749": 9.972885042742278E-05
"p750": 0
"p751": 0
"p752": 0.007139080349464944
"p753": 0.0021338210638622156
"p754": 0.00031423996266753966
"p755": 2.2580117077907045E-05
