"p693": 0.0018176994247715173
"p694": 0.00034622846186124133
"p695": 9.408382115794602E-06
"p696": 0.00047230078221288896
"p697": 0.0001298356731979655
"p698": 7.5267056926356815E-06
"p699": 0
"p700": 0.001753722426384114
"p701": 0.00043843060659602847
"p702": 3.0106822770542726E-05
"p703": 0
"p704": 0.00209054250612956
"p705": 0.00047982748790552474
"p706": 3.0106822770542726E-05
"p707": 0
"p708": 0.0041961384236443924
"p709": 0.0012607232035164763
"p710": 0.0001956943480085277
"p711": 0
"p712": 0.0003857436667475787
"p713": 0.00015053411385271363
"p714": 2.2580117077907045E-05
"p715": 0
"p716": 0.0008467543904215139
"p717": 0.00030859493339806287
"p718": 5.268693984844977E-05
"p719": 0
"p720": 2.2580117077907045E-05
"p721": 0
"p722": 0
"p723": 0
"p724": 0.0005005259285602728
"p725": 9.596549758110495E-05
"p726": 0
"p727": 0
"p728": 0
"p729": 0
"p730": 0
"p731": 0
"p732": 0
"p733": 0
"p734": 0
"p735": 0
"p736": 0.01814124239567515
"p737": 0.006461676837127735
"p738": 0.0012061545872448683
"p739": 8.655711546531033E-05
"p740": 0.015068464796656633
"p741": 0.005614922446706219
"p742": 0.0010405670620068832
"p743": 5.833196911792653E-05
"p744": 0.01172096243985692
"p745": 0.003673032378006213
"p746": 0.00016746920166114395
"p747": 1.8816764231589204E-06
"p748": 0.004958217375023755
"p749": 0.0016765736930345978
"p750": 6.962202765688005E-05
"p751": 1.8816764231589204E-06
"p752": 0.008108143707391787
"p753": 0.002463114437915027
"p754": 0.00039138869601705546
"p755": 2.2580117077907045E-05
