"p693": 0.0011835744701669609
"p694": 0.00015241579027587256
"p695": 7.5267056926356815E-06
"p696": 0.009784717400426387
"p697": 0.0035356699991156114
"p698": 0.0007037469822614364
"p699": 7.33853805031979E-05
"p700": 0.0269568964381747
"p701": 0.010563731439614183
"p702": 0.002222259855750685
"p703": 0.00023897290574118293
"p704": 1.6935087808430282E-05
"p705": 0
"p706": 0
"p707": 0
"p708": 0.0001749959073537796
"p709": 9.408382115794602E-06
"p710": 0
"p711": 0
"p712": 0.001633295135301943
"p713": 0.000472300782212889
"p714": 5.080526342529085E-05
"p715": 0
"p716": 0.005912227321565329
"p717": 0.0020171571256263625
"p718": 0.0003161216390906986
"p719": 1.6935087808430282E-05
"p720": 0.00029165984558963265
"p721": 5.6450292694767617E-05
"p722": 0
"p723": 0
"p724": 0.00186474133535049
"p725": 0.000376335284631784
"p726": 3.198849919370165E-05
"p727": 1.8816764231589204E-06
"p728": 0.002566606641188767
"p729": 0.0006717584830677347
"p730": 9.22021447347871E-05
"p731": 1.1290058538953523E-05
"p732": 0.00734041972674295
"p733": 0.0023295154118707436
"p734": 0.00038762534317073754
"p735": 4.139688130949625E-05
"p736": 0.0004233771952107571
"p737": 0.00010537387969689954
"p738": 9.408382115794602E-06
"p739": 0
"p740": 0.0011892194994364378
"p741": 0.0002897781691664737
"p742": 3.0106822770542726E-05
"p743": 0
"p744": 0.00978471740042639
"p745": 0.0035356699991156123
"p746": 0.0007037469822614362
"p747": 7.33853805031979E-05
"p748": 0.021372080814239025
"p749": 0.00774498015772212
"p750": 0.0015260395791818846
"p751": 0.0001749959073537796
"p752": 0.0018346345125799476
"p753": 0.0006284799253350794
"p754": 0.00010161052685058169
"p755": 5.645029269476761E-06
