"p693": 0
"p694": 0
"p695": 0
"p696": 0.010059442158207591
"p697": 0.003170624773022781
"p698": 0.0004666557529434123
"p699": 2.0698440654748124E-05
"p700": 0.0025647249647656085
"p701": 0.000782777392034111
"p702": 0.00011666393823585305
"p703": 7.5267056926356815E-06
"p704": 0.00023144620004854718
"p705": 3.198849919370165E-05
"p706": 0
"p707": 0
"p708": 0
"p709": 0
"p710": 0
"p711": 0
"p712": 0.008522112520486751
"p713": 0.0025722516704582443
"p714": 0.0004158504895181214
"p715": 3.198849919370165E-05
"p716": 0.001979523597163184
"p717": 0.0006435333367203508
"p718": 0.00012419064392848878
"p719": 3.198849919370165E-05
"p720": 0.0014244290523313025
"p721": 0.00027284308135804345
"p722": 2.2580117077907045E-05
"p723": 0
"p724": 6.774035123372114E-05
"p725": 0
"p726": 0
"p727": 0
"p728": 0.02213415976561838
"p729": 0.006898225767300602
"p730": 0.0012174446457838216
"p731": 0.00010913723254321738
"p732": 0.00679849691687318
"p733": 0.0024123091744897357
"p734": 0.0005155793399455441
"p735": 6.209532196424438E-05
"p736": 5.6450292694767617E-05
"p737": 3.7633528463178407E-06
"p738": 0
"p739": 0
"p740": 0
"p741": 0
"p742": 0
"p743": 0
"p744": 0.0026738621973088263
"p745": 0.0006491783659898275
"p746": 8.655711546531033E-05
"p747": 0
"p748": 0.0003970337252865322
"p749": 0.0001298356731979655
"p750": 3.010682277054273E-05
"p751": 1.8816764231589204E-06
"p752": 0.0004798274879055247
"p753": 0.00014112573173691902
"p754": 2.2580117077907045E-05
"p755": 0
