"p693": 0.0048321450546721075
"p694": 0.000899441330269964
"p695": 8.843879188846925E-05
"p696": 0.0006341249546045562
"p697": 0.0002051027301243223
"p698": 4.8923587002131926E-05
"p699": 3.7633528463178407E-06
"p700": 0.0037200742885851864
"p701": 0.0010819639433163795
"p702": 0.00013171734962112442
"p703": 9.408382115794602E-06
"p704": 0.011101890896637628
"p705": 0.0048622518774426495
"p706": 0.001110189089663763
"p707": 0.00010349220327374062
"p708": 0.01873585214539338
"p709": 0.008318891466785588
"p710": 0.0021338210638622156
"p711": 0.0002653163756654078
"p712": 0.005374067864541876
"p713": 0.0021902713565569833
"p714": 0.00036128187324651267
"p715": 1.1290058538953523E-05
"p716": 0.006772153446948955
"p717": 0.0026287019631530116
"p718": 0.000447838988711823
"p719": 1.8816764231589207E-05
"p720": 8.091208619583358E-05
"p721": 5.645029269476761E-06
"p722": 0
"p723": 0
"p724": 0.001181692793743802
"p725": 0.00018816764231589206
"p726": 5.645029269476761E-06
"p727": 0
"p728": 0
"p729": 0
"p730": 0
"p731": 0
"p732": 8.091208619583358E-05
"p733": 3.3870175616860565E-05
"p734": 0
"p735": 0
"p736": 0.006597157539595175
"p737": 0.002472522820030821
"p738": 0.0004120871366718036
"p739": 2.6343469924224887E-05
"p740": 0.01588887571715393
"p741": 0.0054700333621229835
"p742": 0.0009295481530405066
"p743": 5.268693984844977E-05
"p744": 0.001879794746735761
"p745": 0.000639769983874033
"p746": 8.843879188846926E-05
"p747": 1.8816764231589204E-06
"p748": 0.0021639278866327576
"p749": 0.0006604684245287812
"p750": 8.279376261899251E-05
"p751": 1.8816764231589204E-06
"p752": 0.012020148991139184
"p753": 0.003957165517903209
"p754": 0.000707510335107754
"p755": 7.526705692635681E-05
