"p693": 0
"p694": 0
"p695": 0
"p696": 0.03873242749430323
"p697": 0.012531964978238415
"p698": 0.0020886608297064025
"p699": 0.00012230896750532988
"p700": 0.007633961248755742
"p701": 0.0019588251565084364
"p702": 0.00019945770085484557
"p703": 1.129005853895352E-05
"p704": 0.0005701479562171528
"p705": 0.0001392440553137601
"p706": 1.3171734962112442E-05
"p707": 0
"p708": 0
"p709": 0
"p710": 0
"p711": 0
"p712": 0.015166311970660902
"p713": 0.005562235506857768
"p714": 0.0010217502977752939
"p715": 6.962202765688005E-05
"p716": 0.0053401976889250165
"p717": 0.0017273789564598886
"p718": 0.0003763352846317841
"p719": 5.645029269476761E-05
"p720": 0.0023332787647170616
"p721": 0.0005494495155624048
"p722": 3.7633528463178407E-05
"p723": 0
"p724": 0.00010725555612005845
"p725": 5.645029269476761E-06
"p726": 0
"p727": 0
"p728": 0.03645183566943461
"p729": 0.012381430864385697
"p730": 0.002485694554992934
"p731": 0.00023332787647170608
"p732": 0.013711776095559052
"p733": 0.004992087550640616
"p734": 0.001153467647396418
"p735": 0.00018252261304641527
"p736": 0.00010161052685058171
"p737": 2.2580117077907045E-05
"p738": 0
"p739": 0
"p740": 0
"p741": 0
"p742": 0
"p743": 0
"p744": 0.005550945448318815
"p745": 0.0018854397760052384
"p746": 0.0003462284618612413
"p747": 9.408382115794602E-06
"p748": 0.001433837434447097
"p749": 0.0004666557529434122
"p750": 0.00010725555612005847
"p751": 1.8816764231589204E-06
"p752": 0.000707510335107754
"p753": 0.00021639278866327584
"p754": 3.0106822770542722E-05
"p755": 0
