"p693": 0.004499088327772979
"p694": 0.0007489072164172504
"p695": 2.8225146347383808E-05
"p696": 0.0006040181318340134
"p697": 0.0001392440553137601
"p698": 2.2580117077907042E-05
"p699": 0
"p700": 0.004128398072410671
"p701": 0.0012136812929375038
"p702": 0.00016935087808430286
"p703": 7.52670569263568E-06
"p704": 0.009404618762948283
"p705": 0.0034679296478818894
"p706": 0.0007394988343014556
"p707": 8.655711546531033E-05
"p708": 0.012426591098541512
"p709": 0.004649622441625693
"p710": 0.0008317009790362429
"p711": 4.139688130949625E-05
"p712": 0.004405004506615032
"p713": 0.0013773871417523296
"p714": 0.00015806081954534932
"p715": 1.317173496211244E-05
"p716": 0.003020090659170067
"p717": 0.0011139524425100807
"p718": 0.00014488908458323686
"p719": 1.1290058538953521E-05
"p720": 0.021716427599677103
"p721": 0.008420501993636172
"p722": 0.001998340361394774
"p723": 0.00025778966997277205
"p724": 0.022736296221029236
"p725": 0.008473188933484619
"p726": 0.001776302543462021
"p727": 0.00016370584881482606
"p728": 0.013973329118378144
"p729": 0.004773813085554182
"p730": 0.00048547251717500137
"p731": 1.693508780843028E-05
"p732": 0.00857856281318152
"p733": 0.0029410602493973926
"p734": 0.00031047660982122185
"p735": 1.88167642315892E-05
"p736": 0.0035130898820377038
"p737": 0.001189219499436438
"p738": 0.00021262943581695798
"p739": 1.8816764231589204E-06
"p740": 0.0059272807329506
"p741": 0.002079252447590607
"p742": 0.00035563684397703593
"p743": 9.408382115794602E-06
"p744": 0.0007846590684572699
"p745": 0.00019004931873905096
"p746": 2.8225146347383805E-05
"p747": 1.8816764231589204E-06
"p748": 0.0004835908407518425
"p749": 0.00011478226181269415
"p750": 1.5053411385271363E-05
"p751": 0
"p752": 0.009161882504360782
"p753": 0.00264940040380776
"p754": 0.0003180033155138576
"p755": 5.645029269476761E-06
