"p693": 0.0005739113090634706
"p694": 0.00010913723254321737
"p695": 1.3171734962112444E-05
"p696": 0.0027886444591215197
"p697": 0.0008053575091120179
"p698": 0.0001204272910821709
"p699": 7.5267056926356815E-06
"p700": 0.009581496346725227
"p701": 0.003082185981134312
"p702": 0.00045724737082761767
"p703": 2.0698440654748124E-05
"p704": 8.27937626189925E-05
"p705": 1.6935087808430286E-05
"p706": 0
"p707": 0
"p708": 0.00023144620004854718
"p709": 3.198849919370165E-05
"p710": 0
"p711": 0
"p712": 0.003652333937351464
"p713": 0.001134650883164829
"p714": 0.00018816764231589203
"p715": 3.575185204001948E-05
"p716": 0.006900107443723761
"p717": 0.0021902713565569833
"p718": 0.000378216961054943
"p719": 3.198849919370165E-05
"p720": 0.0010029335335437046
"p721": 0.0001561791431221904
"p722": 1.5053411385271363E-05
"p723": 0
"p724": 0.0014808793450260703
"p725": 0.00027284308135804345
"p726": 2.2580117077907045E-05
"p727": 0
"p728": 0.011997568874061278
"p729": 0.003945875459364256
"p730": 0.0007601972749562039
"p731": 7.714873334951573E-05
"p732": 0.016045054860276117
"p733": 0.005394766305196625
"p734": 0.0009841167693121155
"p735": 9.784717400426385E-05
"p736": 2.4461793501065966E-05
"p737": 5.645029269476761E-06
"p738": 0
"p739": 0
"p740": 5.6450292694767617E-05
"p741": 3.7633528463178407E-06
"p742": 0
"p743": 0
"p744": 0.0007639606278025217
"p745": 0.00020133937727800447
"p746": 3.3870175616860565E-05
"p747": 1.8816764231589204E-06
"p748": 0.0023615039110644453
"p749": 0.0006002547789876956
"p750": 8.467543904215141E-05
"p751": 0
"p752": 0.0002747247577812023
"p753": 9.972885042742276E-05
"p754": 1.1290058538953523E-05
"p755": 0
