"p693": 0.005502021861316682
"p694": 0.0011704027352048487
"p695": 9.22021447347871E-05
"p696": 0.0015843715482998107
"p697": 0.0004271405480570749
"p698": 3.010682277054273E-05
"p699": 0
"p700": 0.004736179557091004
"p701": 0.0011233608246258753
"p702": 9.784717400426385E-05
"p703": 5.645029269476761E-06
"p704": 0.0031649797437533042
"p705": 0.0007169187172235485
"p706": 4.516023415581409E-05
"p707": 0
"p708": 0.00827937626189925
"p709": 0.002677625550155143
"p710": 0.00047418245863604794
"p711": 1.5053411385271363E-05
"p712": 0.0005419228098697691
"p713": 0.00017875926020009746
"p714": 2.2580117077907045E-05
"p715": 0
"p716": 0.0016634019580724856
"p717": 0.0006510600424129865
"p718": 0.00015994249596850823
"p719": 2.2580117077907045E-05
"p720": 6.774035123372114E-05
"p721": 0
"p722": 0
"p723": 0
"p724": 0.0010085785628131813
"p725": 0.00022203781793275263
"p726": 1.1290058538953523E-05
"p727": 0
"p728": 0
"p729": 0
"p730": 0
"p731": 0
"p732": 0
"p733": 0
"p734": 0
"p735": 0
"p736": 0.02633970657137857
"p737": 0.009925843132163307
"p738": 0.00230129026552336
"p739": 0.00029354152201279153
"p740": 0.03060734869910301
"p741": 0.011510214680463121
"p742": 0.0023577405582181276
"p743": 0.00019757602443168663
"p744": 0.015642376105720106
"p745": 0.005253640573459707
"p746": 0.0005588578976781993
"p747": 2.4461793501065963E-05
"p748": 0.010050033776091797
"p749": 0.003469811324305049
"p750": 0.0003913886960170554
"p751": 2.634346992422488E-05
"p752": 0.011167749571448192
"p753": 0.0034961547942292744
"p754": 0.0006115448375266493
"p755": 4.51602341558141E-05
