"p693": 0.004425702947269781
"p694": 0.0008693345074994213
"p695": 8.46754390421514E-05
"p696": 0.0004986442521371139
"p697": 0.00014300740816007793
"p698": 3.0106822770542726E-05
"p699": 0
"p700": 0.00343405947226503
"p701": 0.0009784717400426386
"p702": 0.00012607232035164766
"p703": 3.7633528463178407E-06
"p704": 0.006994191264881707
"p705": 0.002385965704565511
"p706": 0.0004892358700213193
"p707": 5.833196911792652E-05
"p708": 0.010625826761578427
"p709": 0.0036259904674272392
"p710": 0.000707510335107754
"p711": 7.714873334951572E-05
"p712": 0.002796171164814156
"p713": 0.0008712161839225801
"p714": 0.00011666393823585307
"p715": 1.8816764231589204E-06
"p716": 0.002572251670458244
"p717": 0.0008298193026130839
"p718": 9.784717400426387E-05
"p719": 5.645029269476761E-06
"p720": 5.456861627160869E-05
"p721": 5.645029269476761E-06
"p722": 0
"p723": 0
"p724": 0.0007903040977267465
"p725": 0.00011478226181269414
"p726": 5.645029269476761E-06
"p727": 0
"p728": 0
"p729": 0
"p730": 0
"p731": 0
"p732": 0.00012419064392848875
"p733": 4.3278557732655166E-05
"p734": 0
"p735": 0
"p736": 0.0034905097649597966
"p737": 0.0010951356782784917
"p738": 0.00022768284720222934
"p739": 1.8816764231589203E-05
"p740": 0.006858710562414265
"p741": 0.002005867067087409
"p742": 0.00035187349113071807
"p743": 2.4461793501065966E-05
"p744": 0.0010499754441226775
"p745": 0.00034999181470755925
"p746": 4.704191057897301E-05
"p747": 1.8816764231589204E-06
"p748": 0.0008900329481541692
"p749": 0.00031235828624438073
"p750": 3.0106822770542722E-05
"p751": 0
"p752": 0.006529417188361453
"p753": 0.001911783245929463
"p754": 0.0002502629642801364
"p755": 3.387017561686056E-05
