"p693": 0
"p694": 0
"p695": 0
"p696": 0.005550945448318815
"p697": 0.0018854397760052382
"p698": 0.00034622846186124133
"p699": 9.408382115794602E-06
"p700": 0.00200398539066425
"p701": 0.0006642317773750989
"p702": 5.4568616271608685E-05
"p703": 0
"p704": 0.0006792851887603702
"p705": 9.220214473478709E-05
"p706": 3.7633528463178407E-06
"p707": 0
"p708": 0
"p709": 0
"p710": 0
"p711": 0
"p712": 0.0056826627979399405
"p713": 0.0015975432832619231
"p714": 0.00020698440654748124
"p715": 0
"p716": 0.0006548233952593043
"p717": 0.00018064093662325636
"p718": 1.8816764231589203E-05
"p719": 0
"p720": 0
"p721": 0
"p722": 0
"p723": 0
"p724": 0
"p725": 0
"p726": 0
"p727": 0
"p728": 0.0005080526342529085
"p729": 9.596549758110495E-05
"p730": 0
"p731": 0
"p732": 1.5053411385271363E-05
"p733": 0
"p734": 0
"p735": 0
"p736": 0.001625768429609307
"p737": 0.00034999181470755914
"p738": 2.8225146347383805E-05
"p739": 0
"p740": 0.00013548070246744226
"p741": 5.645029269476761E-06
"p742": 0
"p743": 0
"p744": 0.03873242749430323
"p745": 0.012531964978238412
"p746": 0.0020886608297064025
"p747": 0.00012230896750532988
"p748": 0.008817535718922702
"p749": 0.0028131062526225853
"p750": 0.00039138869601705546
"p751": 2.6343469924224884E-05
"p752": 0.0003217666683601754
"p753": 5.833196911792653E-05
"p754": 0
"p755": 0
