"p693": 2.2580117077907045E-05
"p694": 0
"p695": 0
"p696": 0.0035112082056145454
"p697": 0.0009972885042742277
"p698": 0.00012607232035164766
"p699": 3.76335284631784E-06
"p700": 0.0063073793704287034
"p701": 0.0018760313938894443
"p702": 0.00025778966997277216
"p703": 1.3171734962112442E-05
"p704": 0.019198744545490462
"p705": 0.008190937470010779
"p706": 0.0020773707711674483
"p707": 0.0002577896699727721
"p708": 4.8923587002131926E-05
"p709": 5.645029269476761E-06
"p710": 0
"p711": 0
"p712": 0.017907914519203448
"p713": 0.007009244676266979
"p714": 0.0014978144328345005
"p715": 0.00015994249596850825
"p716": 0.01483513692018493
"p717": 0.005031602755526954
"p718": 0.0009464832408489371
"p719": 9.220214473478711E-05
"p720": 0.02759478474562558
"p721": 0.012626048799396357
"p722": 0.0035243799405766576
"p723": 0.0005739113090634709
"p724": 0.0006002547789876955
"p725": 9.972885042742278E-05
"p726": 5.645029269476761E-06
"p727": 0
"p728": 0.0393477356846762
"p729": 0.016506065583950052
"p730": 0.003927058695132667
"p731": 0.00043278557732655173
"p732": 0.02628890130795328
"p733": 0.009984175101281231
"p734": 0.0019437717451231652
"p735": 0.00015241579027587256
"p736": 0.011894076670787535
"p737": 0.004499088327772978
"p738": 0.0009878801221584331
"p739": 4.139688130949625E-05
"p740": 0
"p741": 0
"p742": 0
"p743": 0
"p744": 0.0074984805462882985
"p745": 0.0026023584932287867
"p746": 0.0004873541935981604
"p747": 1.1290058538953523E-05
"p748": 0.00556223550685777
"p749": 0.0016163600474935124
"p750": 0.00022580117077907044
"p751": 1.1290058538953523E-05
"p752": 0.02749129254235183
"p753": 0.009455424026373574
"p754": 0.0016746920166114392
"p755": 9.972885042742281E-05
