"p693": 0.0035977653210798564
"p694": 0.0007846590684572697
"p695": 8.655711546531033E-05
"p696": 0.00036692690251598946
"p697": 0.00011854561465901197
"p698": 2.4461793501065966E-05
"p699": 1.8816764231589204E-06
"p700": 0.0018289894833104707
"p701": 0.0005212243692150209
"p702": 7.150370408003898E-05
"p703": 5.645029269476761E-06
"p704": 0.0023332787647170608
"p705": 0.0006491783659898277
"p706": 8.655711546531033E-05
"p707": 1.1290058538953523E-05
"p708": 0.00674580997702473
"p709": 0.002165809563055917
"p710": 0.0003650452260928306
"p711": 4.139688130949625E-05
"p712": 0.0004346672537497106
"p713": 0.0001298356731979655
"p714": 3.198849919370165E-05
"p715": 5.645029269476761E-06
"p716": 0.0017668941613462263
"p717": 0.0006040181318340133
"p718": 0.00011666393823585305
"p719": 7.5267056926356815E-06
"p720": 5.645029269476761E-05
"p721": 0
"p722": 0
"p723": 0
"p724": 0.0009257848001941888
"p725": 0.0001768775837769385
"p726": 1.6935087808430286E-05
"p727": 0
"p728": 0
"p729": 0
"p730": 0
"p731": 0
"p732": 0
"p733": 0
"p734": 0
"p735": 0
"p736": 0.016829713928733385
"p737": 0.006922687560801668
"p738": 0.0014338374344470975
"p739": 0.00011854561465901197
"p740": 0.03226510562790602
"p741": 0.01270884256201535
"p742": 0.002873319898163672
"p743": 0.000306713256974904
"p744": 0.00707510335107754
"p745": 0.002747247577812024
"p746": 0.00043278557732655173
"p747": 1.1290058538953523E-05
"p748": 0.008659474899377352
"p749": 0.0031367545974059197
"p750": 0.0005005259285602728
"p751": 1.8816764231589207E-05
"p752": 0.008380986788749833
"p753": 0.0028394497225468105
"p754": 0.0005362777806002923
"p755": 7.526705692635681E-05
