"p693": 0.0004760641350592068
"p694": 6.962202765688005E-05
"p695": 1.1290058538953523E-05
"p696": 0.007310312903972405
"p697": 0.002305053618369677
"p698": 0.0003970337252865321
"p699": 2.6343469924224887E-05
"p700": 0.017747972023234936
"p701": 0.006647962803020466
"p702": 0.0012814216441712249
"p703": 9.032046831162817E-05
"p704": 0.0004290222244802338
"p705": 5.080526342529085E-05
"p706": 0
"p707": 0
"p708": 0.002715259078618322
"p709": 0.0005833196911792653
"p710": 6.774035123372113E-05
"p711": 3.76335284631784E-06
"p712": 0.004405004506615032
"p713": 0.0011722844116280075
"p714": 0.00016370584881482606
"p715": 2.2580117077907045E-05
"p716": 0.009455424026373574
"p717": 0.0031856781844080517
"p718": 0.0006585867481056221
"p719": 8.279376261899248E-05
"p720": 0
"p721": 0
"p722": 0
"p723": 0
"p724": 0
"p725": 0
"p726": 0
"p727": 0
"p728": 0.00012419064392848875
"p729": 0
"p730": 0
"p731": 0
"p732": 0.001445127492986051
"p733": 0.0003142399626675397
"p734": 2.2580117077907045E-05
"p735": 0
"p736": 0.00601195617199275
"p737": 0.0021564011809401223
"p738": 0.00041208713667180354
"p739": 1.8816764231589203E-05
"p740": 0.005537773713356703
"p741": 0.0016878637515735516
"p742": 0.00029165984558963265
"p743": 4.139688130949624E-05
"p744": 0.053864869289347285
"p745": 0.02160540869071073
"p746": 0.004903648758752149
"p747": 0.0005287510749076567
"p748": 0.06473719566235953
"p749": 0.027927841472524712
"p750": 0.006990427912035392
"p751": 0.0009540099465415733
"p752": 0.0009370748587331424
"p753": 0.0003029499041285862
"p754": 4.516023415581409E-05
"p755": 0
