"p693": 0.0004666557529434122
"p694": 4.8923587002131926E-05
"p695": 0
"p696": 0.0026738621973088255
"p697": 0.0006491783659898277
"p698": 8.655711546531035E-05
"p699": 0
"p700": 0.008190937470010783
"p701": 0.002939178572974234
"p702": 0.0004346672537497106
"p703": 9.408382115794602E-06
"p704": 0.001981405273586343
"p705": 0.00048170916432868367
"p706": 3.951520488633733E-05
"p707": 1.8816764231589204E-06
"p708": 0.0011007807075479686
"p709": 0.00022580117077907044
"p710": 1.5053411385271363E-05
"p711": 0
"p712": 0.017202285860518855
"p713": 0.0056525559751693984
"p714": 0.000927666476617348
"p715": 6.585867481056221E-05
"p716": 0.011489516239808368
"p717": 0.004181085012259121
"p718": 0.0007093920115309131
"p719": 4.5160234155814084E-05
"p720": 0
"p721": 0
"p722": 0
"p723": 0
"p724": 0.00022580117077907038
"p725": 0
"p726": 0
"p727": 0
"p728": 5.645029269476761E-05
"p729": 0
"p730": 0
"p731": 0
"p732": 0.0007018653058382773
"p733": 9.032046831162815E-05
"p734": 0
"p735": 0
"p736": 0.0005833196911792654
"p737": 0.00015429746669903143
"p738": 1.8816764231589204E-06
"p739": 0
"p740": 0.00047418245863604794
"p741": 0.00014300740816007793
"p742": 2.4461793501065963E-05
"p743": 0
"p744": 0.010059442158207588
"p745": 0.0031706247730227803
"p746": 0.0004666557529434123
"p747": 2.0698440654748124E-05
"p748": 0.00768476651218103
"p749": 0.0027096140493488453
"p750": 0.00044031228301918735
"p751": 1.5053411385271365E-05
"p752": 0.000611544837526649
"p753": 0.00012795399677480656
"p754": 0
"p755": 0
