"p693": 0
"p694": 0
"p695": 0
"p696": 0.0027303124900035936
"p697": 0.0008298193026130839
"p698": 0.00010913723254321737
"p699": 0
"p700": 0.0003725719317854662
"p701": 9.784717400426385E-05
"p702": 7.5267056926356815E-06
"p703": 0
"p704": 7.714873334951574E-05
"p705": 1.5053411385271363E-05
"p706": 0
"p707": 0
"p708": 0
"p709": 0
"p710": 0
"p711": 0
"p712": 0.004271405480570749
"p713": 0.0011704027352048485
"p714": 0.0001486524374295547
"p715": 5.645029269476761E-06
"p716": 0.0005118159870992264
"p717": 0.00017311423093062064
"p718": 2.6343469924224887E-05
"p719": 5.645029269476761E-06
"p720": 0.0007150370408003897
"p721": 8.279376261899251E-05
"p722": 0
"p723": 0
"p724": 6.774035123372114E-05
"p725": 0
"p726": 0
"p727": 0
"p728": 0.013026845877529206
"p729": 0.0036523339373514653
"p730": 0.0005118159870992265
"p731": 2.8225146347383815E-05
"p732": 0.0026362286688456464
"p733": 0.0009295481530405068
"p734": 0.00013548070246744229
"p735": 1.1290058538953523E-05
"p736": 1.1290058538953523E-05
"p737": 0
"p738": 0
"p739": 0
"p740": 0
"p741": 0
"p742": 0
"p743": 0
"p744": 0.001042448738430042
"p745": 0.00022015614150959365
"p746": 2.0698440654748128E-05
"p747": 0
"p748": 0.00010725555612005844
"p749": 3.0106822770542726E-05
"p750": 5.645029269476761E-06
"p751": 0
"p752": 0.00024838128785697745
"p753": 9.408382115794602E-05
"p754": 2.2580117077907045E-05
"p755": 0
