"p693": 0.000259671346395931
"p694": 3.387017561686057E-05
"p695": 0
"p696": 0.009075325388895474
"p697": 0.0030577241876332453
"p698": 0.0006115448375266492
"p699": 7.903040977267466E-05
"p700": 0.025118498572748428
"p701": 0.009101668858819696
"p702": 0.002035973889857952
"p703": 0.0002653163756654078
"p704": 1.3171734962112444E-05
"p705": 0
"p706": 0
"p707": 0
"p708": 0.0004911175464444782
"p709": 9.220214473478711E-05
"p710": 0
"p711": 0
"p712": 0.0011835744701669609
"p713": 0.00022768284720222934
"p714": 7.5267056926356815E-06
"p715": 0
"p716": 0.004493443298503501
"p717": 0.0012644865563627944
"p718": 0.0001844042894695742
"p719": 7.5267056926356815E-06
"p720": 0
"p721": 0
"p722": 0
"p723": 0
"p724": 0
"p725": 0
"p726": 0
"p727": 0
"p728": 2.2580117077907045E-05
"p729": 0
"p730": 0
"p731": 0
"p732": 0.00047230078221288907
"p733": 7.714873334951573E-05
"p734": 5.645029269476761E-06
"p735": 0
"p736": 0.0005475678391392459
"p737": 8.467543904215143E-05
"p738": 1.8816764231589204E-06
"p739": 0
"p740": 0.0010706738847774257
"p741": 0.00024273625858750077
"p742": 2.2580117077907045E-05
"p743": 0
"p744": 0.009075325388895474
"p745": 0.0030577241876332453
"p746": 0.0006115448375266492
"p747": 7.903040977267465E-05
"p748": 0.015902047452116038
"p749": 0.005159556752301759
"p750": 0.0009558916229647316
"p751": 9.596549758110493E-05
"p752": 6.585867481056221E-05
"p753": 1.3171734962112442E-05
"p754": 0
"p755": 0
