"p693": 6.209532196424438E-05
"p694": 0
"p695": 0
"p696": 0.00643721504362667
"p697": 0.0021319393874390568
"p698": 0.0001994577008548455
"p699": 1.8816764231589204E-06
"p700": 0.014424931459936285
"p701": 0.004826500025402632
"p702": 0.0004986442521371138
"p703": 2.2580117077907042E-05
"p704": 0.00242171755660553
"p705": 0.0008147658912278125
"p706": 0.00010537387969689954
"p707": 0
"p708": 0
"p709": 0
"p710": 0
"p711": 0
"p712": 0.0008730978603457389
"p713": 0.00023144620004854723
"p714": 1.3171734962112442E-05
"p715": 0
"p716": 0.0005475678391392458
"p717": 0.00015053411385271365
"p718": 9.408382115794602E-06
"p719": 0
"p720": 0.004171676630143327
"p721": 0.001157231000242736
"p722": 0.00015429746669903146
"p723": 0
"p724": 9.784717400426385E-05
"p725": 0
"p726": 0
"p727": 0
"p728": 0.0021469927988243278
"p729": 0.0006265982489119205
"p730": 7.526705692635681E-05
"p731": 0
"p732": 0.0014056122880997132
"p733": 0.00047041910578973003
"p734": 7.150370408003898E-05
"p735": 0
"p736": 0.007095801791732288
"p737": 0.002619293581037217
"p738": 0.00045536569440445874
"p739": 1.8816764231589207E-05
"p740": 5.645029269476761E-06
"p741": 0
"p742": 0
"p743": 0
"p744": 0.009999228512666505
"p745": 0.003144281303098556
"p746": 0.00042149551878759814
"p747": 2.2580117077907045E-05
"p748": 0.003338093974683924
"p749": 0.0010706738847774257
"p750": 0.0001110189089663763
"p751": 5.645029269476761E-06
"p752": 0.016268974354632027
"p753": 0.005812498471137906
"p754": 0.001065028855507949
"p755": 5.268693984844976E-05
