"p693": 7.526705692635683E-05
"p694": 5.645029269476761E-06
"p695": 0
"p696": 0.008813772366076384
"p697": 0.0030897126868269465
"p698": 0.0006058998082571724
"p699": 5.080526342529084E-05
"p700": 0.014744816451873304
"p701": 0.0049977325799100926
"p702": 0.0009276664766173479
"p703": 8.843879188846925E-05
"p704": 0.004882950318097399
"p705": 0.0016615202816493266
"p706": 0.0002822514634738381
"p707": 1.6935087808430282E-05
"p708": 0
"p709": 0
"p710": 0
"p711": 0
"p712": 0.001509104491373454
"p713": 0.00048735419359816035
"p714": 5.080526342529086E-05
"p715": 0
"p716": 0.0014658259336407986
"p717": 0.00044407563586550515
"p718": 4.516023415581409E-05
"p719": 0
"p720": 0.006299852664736065
"p721": 0.0019061382166599863
"p722": 0.0002954231984359505
"p723": 3.0106822770542726E-05
"p724": 0.0002991865512822683
"p725": 3.3870175616860565E-05
"p726": 0
"p727": 0
"p728": 0.002391610733834988
"p729": 0.0007394988343014557
"p730": 0.00014112573173691902
"p731": 1.6935087808430282E-05
"p732": 0.0030332623941321797
"p733": 0.0009859984457352743
"p734": 0.00018064093662325633
"p735": 1.8816764231589203E-05
"p736": 0.015700708074838036
"p737": 0.00575228482559682
"p738": 0.0011722844116280075
"p739": 0.00013924405531376012
"p740": 4.327855773265517E-05
"p741": 5.645029269476761E-06
"p742": 0
"p743": 0
"p744": 0.00928983650113559
"p745": 0.003291052064104952
"p746": 0.0006642317773750989
"p747": 7.714873334951573E-05
"p748": 0.007899277624421148
"p749": 0.002429244262298166
"p750": 0.0004120871366718035
"p751": 3.198849919370165E-05
"p752": 0.027976765059526836
"p753": 0.01125807003975982
"p754": 0.0025609616119192905
"p755": 0.00028225146347383805
