"p693": 2.6343469924224887E-05
"p694": 0
"p695": 0
"p696": 0.0032722352998733623
"p697": 0.0009690633579268439
"p698": 0.00019004931873905096
"p699": 1.5053411385271365E-05
"p700": 0.0059329257622200765
"p701": 0.0017593674556535908
"p702": 0.00025402631712645424
"p703": 3.9515204886337324E-05
"p704": 0.01475046148114278
"p705": 0.00650307371843723
"p706": 0.0016483485466872142
"p707": 0.0002013393772780045
"p708": 0.00025026296428013644
"p709": 5.2686939848449775E-05
"p710": 5.645029269476761E-06
"p711": 0
"p712": 0.01475986986325857
"p713": 0.006282917576927636
"p714": 0.0014319557580239385
"p715": 0.0001467707610063958
"p716": 0.012134931252951875
"p717": 0.00473994290993732
"p718": 0.0008825062424615336
"p719": 4.516023415581409E-05
"p720": 0.0010462120912763599
"p721": 0.00017123255450746176
"p722": 5.645029269476761E-06
"p723": 0
"p724": 0.00013548070246744226
"p725": 1.6935087808430282E-05
"p726": 0
"p727": 0
"p728": 4.327855773265517E-05
"p729": 1.8816764231589204E-06
"p730": 0
"p731": 0
"p732": 0.00011854561465901199
"p733": 3.7633528463178407E-05
"p734": 0
"p735": 0
"p736": 0.012556426771739477
"p737": 0.004354199243189742
"p738": 0.000756433922109886
"p739": 4.327855773265517E-05
"p740": 1.6935087808430282E-05
"p741": 1.8816764231589204E-06
"p742": 0
"p743": 0
"p744": 0.00793314780003801
"p745": 0.002775472724159407
"p746": 0.00047230078221288907
"p747": 3.010682277054273E-05
"p748": 0.005878357145948468
"p749": 0.0018892031288515563
"p750": 0.0002427362585875007
"p751": 9.408382115794602E-06
"p752": 0.024900224107661992
"p753": 0.008702753457110007
"p754": 0.0017047988393819819
"p755": 0.00018440428946957417
