"p693": 0
"p694": 0
"p695": 0
"p696": 0.01663590125714802
"p697": 0.005432399833659804
"p698": 0.0008655711546531037
"p699": 4.139688130949625E-05
"p700": 0.0030897126868269474
"p701": 0.0009257848001941888
"p702": 0.00011666393823585305
"p703": 5.645029269476761E-06
"p704": 0.001781947572731497
"p705": 0.0005249877220613389
"p706": 7.714873334951573E-05
"p707": 1.1290058538953523E-05
"p708": 5.080526342529084E-05
"p709": 0
"p710": 0
"p711": 0
"p712": 0.036007760033569106
"p713": 0.01455664880955741
"p714": 0.0034284144429955546
"p715": 0.0004120871366718037
"p716": 0.012345679012345677
"p717": 0.004145333160219102
"p718": 0.0008166475676509714
"p719": 8.655711546531035E-05
"p720": 0.004645859088779375
"p721": 0.0014827610214492293
"p722": 0.0002671980520885667
"p723": 4.139688130949624E-05
"p724": 0.0004666557529434122
"p725": 9.22021447347871E-05
"p726": 5.645029269476761E-06
"p727": 0
"p728": 0.06541083582185042
"p729": 0.02772838377166986
"p730": 0.007156015437273379
"p731": 0.001008578562813182
"p732": 0.022715597780374484
"p733": 0.008796837278267954
"p734": 0.0017800658963083387
"p735": 0.0001486524374295547
"p736": 0.0003161216390906986
"p737": 0.00011290058538953522
"p738": 3.0106822770542726E-05
"p739": 5.645029269476761E-06
"p740": 0
"p741": 0
"p742": 0
"p743": 0
"p744": 0.019172401075566246
"p745": 0.006986664559189074
"p746": 0.001456417551525005
"p747": 5.080526342529085E-05
"p748": 0.005095579753914357
"p749": 0.0014357191108702563
"p750": 0.00019381267158536877
"p751": 9.408382115794602E-06
"p752": 0.00284133139896997
"p753": 0.0009521282701184135
"p754": 0.0001806409366232563
"p755": 9.408382115794602E-06
