"p693": 0
"p694": 0
"p695": 0
"p696": 6.39769983874033E-05
"p697": 3.198849919370165E-05
"p698": 9.408382115794602E-06
"p699": 1.8816764231589204E-06
"p700": 0.000496762575713955
"p701": 0.0001486524374295547
"p702": 2.6343469924224884E-05
"p703": 1.8816764231589204E-06
"p704": 3.7633528463178407E-06
"p705": 3.7633528463178407E-06
"p706": 0
"p707": 0
"p708": 2.4461793501065966E-05
"p709": 9.408382115794602E-06
"p710": 0
"p711": 0
"p712": 6.585867481056221E-05
"p713": 1.1290058538953523E-05
"p714": 3.7633528463178407E-06
"p715": 0
"p716": 0.0003405834325917646
"p717": 6.0213645541085445E-05
"p718": 1.1290058538953523E-05
"p719": 0
"p720": 0
"p721": 0
"p722": 0
"p723": 0
"p724": 0
"p725": 0
"p726": 0
"p727": 0
"p728": 0
"p729": 0
"p730": 0
"p731": 0
"p732": 2.2580117077907045E-05
"p733": 5.645029269476761E-06
"p734": 0
"p735": 0
"p736": 6.962202765688005E-05
"p737": 1.6935087808430286E-05
"p738": 1.8816764231589204E-06
"p739": 0
"p740": 6.397699838740328E-05
"p741": 2.2580117077907045E-05
"p742": 0
"p743": 0
"p744": 0.0010706738847774259
"p745": 0.0002389729057411829
"p746": 3.387017561686057E-05
"p747": 1.8816764231589204E-06
"p748": 0.0013604520539438995
"p749": 0.0003650452260928306
"p750": 3.198849919370165E-05
"p751": 1.8816764231589204E-06
"p752": 0
"p753": 0
"p754": 0
"p755": 0
