"p693": 9.22021447347871E-05
"p694": 5.645029269476761E-06
"p695": 3.7633528463178407E-06
"p696": 0.00045536569440445874
"p697": 0.0001016105268505817
"p698": 1.3171734962112442E-05
"p699": 0
"p700": 0.002310698647639154
"p701": 0.0007169187172235487
"p702": 9.596549758110495E-05
"p703": 0
"p704": 4.8923587002131926E-05
"p705": 1.1290058538953523E-05
"p706": 0
"p707": 0
"p708": 2.8225146347383805E-05
"p709": 5.645029269476761E-06
"p710": 0
"p711": 0
"p712": 0.0018101727190788812
"p713": 0.0005136976635223853
"p714": 6.209532196424438E-05
"p715": 1.8816764231589204E-06
"p716": 0.0019663518622010713
"p717": 0.000615308190372967
"p718": 7.526705692635681E-05
"p719": 1.8816764231589204E-06
"p720": 0.0005588578976781994
"p721": 0.00017311423093062066
"p722": 5.645029269476761E-06
"p723": 0
"p724": 0.00040644210740232675
"p725": 0.00010537387969689954
"p726": 0
"p727": 0
"p728": 0.00687000062095322
"p729": 0.002150756151670646
"p730": 0.0003123582862443808
"p731": 1.5053411385271365E-05
"p732": 0.005575407241819881
"p733": 0.0017913559548472923
"p734": 0.0002464996114338186
"p735": 1.3171734962112444E-05
"p736": 0
"p737": 0
"p738": 0
"p739": 0
"p740": 0
"p741": 0
"p742": 0
"p743": 0
"p744": 0.0003387017561686057
"p745": 9.784717400426387E-05
"p746": 1.8816764231589203E-05
"p747": 0
"p748": 0.00043654893017286954
"p749": 0.00011666393823585305
"p750": 2.0698440654748124E-05
"p751": 0
"p752": 5.456861627160868E-05
"p753": 5.645029269476761E-06
"p754": 5.645029269476761E-06
"p755": 0
