"p693": 0.004495324974926661
"p694": 0.000709392011530913
"p695": 4.5160234155814084E-05
"p696": 0.0009822350928889562
"p697": 0.0003198849919370164
"p698": 6.209532196424438E-05
"p699": 7.5267056926356815E-06
"p700": 0.0042187185407223
"p701": 0.0012927117027101782
"p702": 0.00019569434800852776
"p703": 1.1290058538953523E-05
"p704": 0.01078576925754693
"p705": 0.004785103144093134
"p706": 0.0011967462051290733
"p707": 0.0001279539967748066
"p708": 0.01760120126222854
"p709": 0.008021586591926479
"p710": 0.0021752179451717123
"p711": 0.0002671980520885667
"p712": 0.005947979173605347
"p713": 0.0024010191159507823
"p714": 0.0004986442521371139
"p715": 1.3171734962112442E-05
"p716": 0.006192597108616006
"p717": 0.002338923793986538
"p718": 0.0004214955187875982
"p719": 1.5053411385271363E-05
"p720": 7.714873334951573E-05
"p721": 5.645029269476761E-06
"p722": 0
"p723": 0
"p724": 0.001275776614901748
"p725": 0.00018064093662325633
"p726": 5.645029269476761E-06
"p727": 0
"p728": 0
"p729": 0
"p730": 0
"p731": 0
"p732": 6.962202765688005E-05
"p733": 2.2580117077907045E-05
"p734": 0
"p735": 0
"p736": 0.004749351292053115
"p737": 0.0016916271044198695
"p738": 0.000284133139896997
"p739": 1.8816764231589203E-05
"p740": 0.010729318964852167
"p741": 0.0035469600576545643
"p742": 0.00045536569440445874
"p743": 1.5053411385271363E-05
"p744": 0.001936245039430529
"p745": 0.0007338538050319788
"p746": 7.150370408003898E-05
"p747": 0
"p748": 0.0017104438686514583
"p749": 0.0004741824586360479
"p750": 4.139688130949625E-05
"p751": 0
"p752": 0.011284413509684045
"p753": 0.0038743717552842173
"p754": 0.0006981019529919596
"p755": 5.268693984844977E-05
