"p693": 0.00756433922109886
"p694": 0.0017254972800367302
"p695": 0.00016182417239166716
"p696": 0.0019983403613947734
"p697": 0.0007394988343014558
"p698": 5.8331969117926534E-05
"p699": 0
"p700": 0.008890921099425901
"p701": 0.0030050372477847956
"p702": 0.0003631635496696716
"p703": 1.3171734962112442E-05
"p704": 0.000423377195210757
"p705": 0.00010349220327374062
"p706": 9.408382115794602E-06
"p707": 0
"p708": 0.0021564011809401223
"p709": 0.0005776746619097885
"p710": 8.843879188846922E-05
"p711": 5.645029269476761E-06
"p712": 1.1290058538953523E-05
"p713": 1.8816764231589204E-06
"p714": 1.8816764231589204E-06
"p715": 0
"p716": 0.0001298356731979655
"p717": 6.58586748105622E-05
"p718": 9.408382115794602E-06
"p719": 0
"p720": 0.001277658291324907
"p721": 0.0002502629642801364
"p722": 1.5053411385271363E-05
"p723": 0
"p724": 0.005050419519758542
"p725": 0.0012983567319796551
"p726": 0.00019004931873905096
"p727": 7.5267056926356815E-06
"p728": 0.00015994249596850823
"p729": 4.327855773265516E-05
"p730": 7.5267056926356815E-06
"p731": 1.8816764231589204E-06
"p732": 0.0007263270993393433
"p733": 0.00030671325697490405
"p734": 8.467543904215141E-05
"p735": 1.3171734962112442E-05
"p736": 0.00252709143630243
"p737": 0.0008185292440741303
"p738": 0.00017311423093062066
"p739": 1.5053411385271365E-05
"p740": 0.00540417468731242
"p741": 0.0017687758377693853
"p742": 0.00023709122931802394
"p743": 7.5267056926356815E-06
"p744": 0.0010161052685058168
"p745": 0.00033117505047597
"p746": 4.7041910578973015E-05
"p747": 5.645029269476761E-06
"p748": 0.0009540099465415728
"p749": 0.00034811013828440026
"p750": 4.327855773265517E-05
"p751": 1.8816764231589204E-06
"p752": 0.008687700045724736
"p753": 0.003087831010403788
"p754": 0.0006886935708761648
"p755": 7.714873334951572E-05
