"p693": 9.408382115794602E-06
"p694": 0
"p695": 0
"p696": 0.0006228348960656027
"p697": 0.00018440428946957417
"p698": 5.645029269476761E-06
"p699": 0
"p700": 0.0010368037091605653
"p701": 0.0003067132569749041
"p702": 3.1988499193701654E-05
"p703": 0
"p704": 0.005349606071040809
"p705": 0.0017123255450746178
"p706": 0.00022768284720222934
"p707": 7.5267056926356815E-06
"p708": 1.6935087808430286E-05
"p709": 0
"p710": 0
"p711": 0
"p712": 0.00250827467207084
"p713": 0.0008881512717310105
"p714": 0.0001392440553137601
"p715": 7.5267056926356815E-06
"p716": 0.00216016453378644
"p717": 0.0005739113090634708
"p718": 8.279376261899248E-05
"p719": 0
"p720": 0.00815894897081708
"p721": 0.003383254208839738
"p722": 0.0007470255399940914
"p723": 2.8225146347383808E-05
"p724": 0.0001674692016611439
"p725": 1.8816764231589203E-05
"p726": 0
"p727": 0
"p728": 0.006414634926548761
"p729": 0.0026381103452688065
"p730": 0.0005249877220613389
"p731": 1.3171734962112444E-05
"p732": 0.005447453245045074
"p733": 0.0020246838313189987
"p734": 0.00035751852040019486
"p735": 9.408382115794602E-06
"p736": 0.002384084028142352
"p737": 0.000803475832688859
"p738": 3.763352846317841E-05
"p739": 1.8816764231589204E-06
"p740": 0
"p741": 0
"p742": 0
"p743": 0
"p744": 0.0009370748587331423
"p745": 0.00041773216594128044
"p746": 9.408382115794602E-06
"p747": 0
"p748": 0.000543804486292928
"p749": 0.00017311423093062066
"p750": 2.2580117077907045E-05
"p751": 0
"p752": 0.008337708231017177
"p753": 0.0024856945549929337
"p754": 0.0001392440553137601
"p755": 1.8816764231589204E-06
