"p693": 2.0698440654748124E-05
"p694": 0
"p695": 0
"p696": 0.0022166148264812077
"p697": 0.000807239185535177
"p698": 7.526705692635681E-05
"p699": 0
"p700": 0.0049676257571395505
"p701": 0.001669046987341962
"p702": 0.00016935087808430283
"p703": 9.408382115794602E-06
"p704": 0.0007413805107246147
"p705": 0.00022580117077907044
"p706": 2.8225146347383805E-05
"p707": 0
"p708": 0
"p709": 0
"p710": 0
"p711": 0
"p712": 0.00022203781793275263
"p713": 6.585867481056221E-05
"p714": 7.5267056926356815E-06
"p715": 0
"p716": 0.00015241579027587253
"p717": 5.080526342529084E-05
"p718": 7.5267056926356815E-06
"p719": 0
"p720": 0.0018666230117736489
"p721": 0.00042337719521075713
"p722": 5.268693984844978E-05
"p723": 0
"p724": 2.2580117077907045E-05
"p725": 3.7633528463178407E-06
"p726": 0
"p727": 0
"p728": 0.0006999836294151183
"p729": 0.0001844042894695742
"p730": 2.6343469924224884E-05
"p731": 1.8816764231589204E-06
"p732": 0.0005042892814065906
"p733": 0.00014865243742955472
"p734": 2.2580117077907045E-05
"p735": 1.8816764231589204E-06
"p736": 0.0017142072214977764
"p737": 0.0005325144277539744
"p738": 7.33853805031979E-05
"p739": 1.8816764231589204E-06
"p740": 0
"p741": 0
"p742": 0
"p743": 0
"p744": 0.001894848158121033
"p745": 0.0005513311919855637
"p746": 5.456861627160869E-05
"p747": 1.8816764231589204E-06
"p748": 0.0008900329481541693
"p749": 0.0003123582862443808
"p750": 3.0106822770542726E-05
"p751": 0
"p752": 0.00610039496388122
"p753": 0.0018534512768115365
"p754": 0.0002991865512822683
"p755": 1.3171734962112444E-05
