"p693": 1.8816764231589203E-05
"p694": 0
"p695": 0
"p696": 0.011141406101523973
"p697": 0.003947757135787415
"p698": 0.0006472966895666685
"p699": 3.7633528463178407E-05
"p700": 0.013015555818990254
"p701": 0.003913886960170554
"p702": 0.0006058998082571724
"p703": 3.951520488633733E-05
"p704": 0.0047041910578973
"p705": 0.001375505465329171
"p706": 0.0001956943480085277
"p707": 1.8816764231589207E-05
"p708": 2.8225146347383805E-05
"p709": 0
"p710": 0
"p711": 0
"p712": 0.00613238346307492
"p713": 0.002152637828093805
"p714": 0.00044595731228866403
"p715": 3.010682277054273E-05
"p716": 0.005238587162074434
"p717": 0.001836516189003106
"p718": 0.00042902222448023387
"p719": 6.021364554108546E-05
"p720": 0.0005626212505245172
"p721": 5.833196911792653E-05
"p722": 5.645029269476761E-06
"p723": 0
"p724": 0
"p725": 0
"p726": 0
"p727": 0
"p728": 1.3171734962112442E-05
"p729": 1.8816764231589204E-06
"p730": 0
"p731": 0
"p732": 0.0001223089675053298
"p733": 2.6343469924224887E-05
"p734": 0
"p735": 0
"p736": 0.0024687594671845034
"p737": 0.0007018653058382773
"p738": 9.784717400426387E-05
"p739": 5.645029269476761E-06
"p740": 0
"p741": 0
"p742": 0
"p743": 0
"p744": 0.002481931202146616
"p745": 0.0009220214473478709
"p746": 0.00014112573173691902
"p747": 1.1290058538953523E-05
"p748": 0.0018440428946957421
"p749": 0.0006529417188361454
"p750": 0.00012230896750532982
"p751": 7.5267056926356815E-06
"p752": 0.008222925969204483
"p753": 0.0025496715533803367
"p754": 0.00040079707813285006
"p755": 2.8225146347383808E-05
