"p693": 0
"p694": 0
"p695": 0
"p696": 0.00011290058538953522
"p697": 3.0106822770542726E-05
"p698": 5.645029269476761E-06
"p699": 1.8816764231589204E-06
"p700": 0.00019945770085484557
"p701": 7.150370408003898E-05
"p702": 2.634346992422488E-05
"p703": 3.7633528463178407E-06
"p704": 0.000681166865183529
"p705": 0.0002145111122401169
"p706": 2.4461793501065966E-05
"p707": 1.8816764231589204E-06
"p708": 3.7633528463178407E-06
"p709": 3.7633528463178407E-06
"p710": 0
"p711": 0
"p712": 0.0008900329481541693
"p713": 0.00020322105370116337
"p714": 3.0106822770542726E-05
"p715": 1.8816764231589204E-06
"p716": 0.00040079707813285006
"p717": 0.0001016105268505817
"p718": 1.6935087808430286E-05
"p719": 0
"p720": 4.327855773265516E-05
"p721": 3.7633528463178407E-06
"p722": 0
"p723": 0
"p724": 1.8816764231589204E-06
"p725": 1.8816764231589204E-06
"p726": 0
"p727": 0
"p728": 0
"p729": 0
"p730": 0
"p731": 0
"p732": 0
"p733": 0
"p734": 0
"p735": 0
"p736": 0.0003349384033222878
"p737": 8.655711546531033E-05
"p738": 1.5053411385271363E-05
"p739": 0
"p740": 0
"p741": 0
"p742": 0
"p743": 0
"p744": 0.0002653163756654078
"p745": 5.2686939848449775E-05
"p746": 9.408382115794602E-06
"p747": 1.8816764231589204E-06
"p748": 9.22021447347871E-05
"p749": 2.4461793501065966E-05
"p750": 7.5267056926356815E-06
"p751": 1.8816764231589204E-06
"p752": 0.000918258094501553
"p753": 0.0002709614049348845
"p754": 5.268693984844976E-05
"p755": 1.8816764231589204E-06
