"p693": 0.0011271241774721934
"p694": 0.0001637058488148261
"p695": 1.8816764231589204E-06
"p696": 0.00019193099516220984
"p697": 7.903040977267465E-05
"p698": 1.3171734962112442E-05
"p699": 1.8816764231589204E-06
"p700": 0.0011873378230132787
"p701": 0.0003612818732465127
"p702": 3.9515204886337324E-05
"p703": 1.8816764231589204E-06
"p704": 0.003735127699970456
"p705": 0.0012945933791333373
"p706": 0.00024085458216434178
"p707": 1.5053411385271365E-05
"p708": 0.0035657768218861534
"p709": 0.0012550781742469998
"p710": 0.00021827446508643474
"p711": 1.3171734962112444E-05
"p712": 0.002099950888245355
"p713": 0.0007451438635709324
"p714": 3.0106822770542726E-05
"p715": 0
"p716": 0.0011007807075479681
"p717": 0.00041396881309496247
"p718": 1.3171734962112444E-05
"p719": 0
"p720": 2.2580117077907045E-05
"p721": 0
"p722": 0
"p723": 0
"p724": 0.0004045604309791678
"p725": 5.080526342529084E-05
"p726": 0
"p727": 0
"p728": 0
"p729": 0
"p730": 0
"p731": 0
"p732": 3.198849919370165E-05
"p733": 2.0698440654748124E-05
"p734": 0
"p735": 0
"p736": 0.0013943222295607596
"p737": 0.0004403122830191874
"p738": 6.962202765688005E-05
"p739": 0
"p740": 0.0015147495206429306
"p741": 0.00037445360820862513
"p742": 3.9515204886337324E-05
"p743": 0
"p744": 0.0006905752472993237
"p745": 0.0002559079935496132
"p746": 1.8816764231589204E-06
"p747": 1.8816764231589204E-06
"p748": 0.00022768284720222937
"p749": 0.00010349220327374062
"p750": 1.8816764231589204E-06
"p751": 1.8816764231589204E-06
"p752": 0.0030370257469784973
"p753": 0.0010085785628131813
"p754": 0.00011666393823585305
"p755": 1.8816764231589204E-06
