"p693": 9.408382115794602E-06
"p694": 0
"p695": 0
"p696": 0.0018948481581210327
"p697": 0.0005513311919855637
"p698": 5.456861627160869E-05
"p699": 1.8816764231589204E-06
"p700": 0.00343405947226503
"p701": 0.0009784717400426386
"p702": 0.00012607232035164768
"p703": 3.7633528463178407E-06
"p704": 0.009893854632969606
"p705": 0.0036241087910040804
"p706": 0.0007131553643772308
"p707": 5.268693984844977E-05
"p708": 2.0698440654748124E-05
"p709": 0
"p710": 0
"p711": 0
"p712": 0.00688317235591533
"p713": 0.0026230569338835347
"p714": 0.0004986442521371139
"p715": 3.951520488633733E-05
"p716": 0.006358184633853992
"p717": 0.001971996891470548
"p718": 0.00034058343259176454
"p719": 2.446179350106597E-05
"p720": 0.016349886440827858
"p721": 0.007140962025888103
"p722": 0.0018835580995820791
"p723": 0.00022956452362538827
"p724": 0.0003405834325917646
"p725": 4.327855773265517E-05
"p726": 0
"p727": 0
"p728": 0.01736599170933368
"p729": 0.007511652281250411
"p730": 0.0017612491320767498
"p731": 0.00015241579027587256
"p732": 0.01330345231173357
"p733": 0.005048537843335384
"p734": 0.000991643475004751
"p735": 6.39769983874033E-05
"p736": 0.004261997098454955
"p737": 0.0013510436718281046
"p738": 0.00012983567319796552
"p739": 1.8816764231589204E-06
"p740": 0
"p741": 0
"p742": 0
"p743": 0
"p744": 0.0022166148264812077
"p745": 0.0008072391855351769
"p746": 7.526705692635681E-05
"p747": 0
"p748": 0.0016163600474935122
"p749": 0.0004384306065960285
"p750": 4.7041910578973015E-05
"p751": 0
"p752": 0.018289894833104708
"p753": 0.0061700169915381
"p754": 0.0008787428896152158
"p755": 5.8331969117926534E-05
