"p693": 0.01070297549492794
"p694": 0.001704798839381982
"p695": 0.00012042729108217092
"p696": 0.002967403719321617
"p697": 0.0008825062424615336
"p698": 0.0001637058488148261
"p699": 9.408382115794602E-06
"p700": 0.0070769850275007
"p701": 0.002150756151670646
"p702": 0.0003292933740528111
"p703": 1.8816764231589203E-05
"p704": 0.003975982282134799
"p705": 0.0014319557580239383
"p706": 0.0003631635496696716
"p707": 5.6450292694767617E-05
"p708": 0.007549285809713589
"p709": 0.0025684883176119258
"p710": 0.00047230078221288896
"p711": 4.327855773265517E-05
"p712": 0.0020152754492032032
"p713": 0.000637888307450874
"p714": 0.0001448890845832369
"p715": 7.5267056926356815E-06
"p716": 0.002540263171264542
"p717": 0.0008204109204972894
"p718": 0.0001279539967748066
"p719": 7.5267056926356815E-06
"p720": 3.198849919370164E-05
"p721": 5.645029269476761E-06
"p722": 0
"p723": 0
"p724": 0.0005626212505245172
"p725": 5.833196911792653E-05
"p726": 5.645029269476761E-06
"p727": 0
"p728": 0
"p729": 0
"p730": 0
"p731": 0
"p732": 0.00010349220327374059
"p733": 2.2580117077907045E-05
"p734": 0
"p735": 0
"p736": 0.0018854397760052378
"p737": 0.0007884224213035876
"p738": 0.0001862859658927331
"p739": 1.8816764231589203E-05
"p740": 0.003545078381231406
"p741": 0.0010368037091605651
"p742": 0.00013736237889060116
"p743": 5.645029269476761E-06
"p744": 0.0007940674505730642
"p745": 0.0003255300212064933
"p746": 2.2580117077907045E-05
"p747": 0
"p748": 0.0007903040977267466
"p749": 0.00026343469924224885
"p750": 2.6343469924224887E-05
"p751": 0
"p752": 0.0036410438788125115
"p753": 0.0011271241774721932
"p754": 0.00020886608297064014
"p755": 1.6935087808430286E-05
