"p693": 1.3171734962112444E-05
"p694": 0
"p695": 0
"p696": 0.0028093428997762676
"p697": 0.0009878801221584333
"p698": 0.0001467707610063958
"p699": 7.5267056926356815E-06
"p700": 0.00399291736994323
"p701": 0.001253196497823841
"p702": 0.00021639278866327584
"p703": 1.8816764231589204E-06
"p704": 0.0025007479663782047
"p705": 0.0007394988343014555
"p706": 3.951520488633733E-05
"p707": 1.8816764231589204E-06
"p708": 0
"p709": 0
"p710": 0
"p711": 0
"p712": 0.0005833196911792653
"p713": 0.00019381267158536877
"p714": 1.8816764231589204E-06
"p715": 0
"p716": 0.0006529417188361453
"p717": 0.00017875926020009743
"p718": 0
"p719": 0
"p720": 0.002745365901388864
"p721": 0.0006886935708761649
"p722": 5.645029269476761E-05
"p723": 0
"p724": 0.00014300740816007796
"p725": 0
"p726": 0
"p727": 0
"p728": 0.0007959491269962233
"p729": 0.0002653163756654077
"p730": 4.139688130949625E-05
"p731": 0
"p732": 0.001277658291324907
"p733": 0.000378216961054943
"p734": 4.704191057897301E-05
"p735": 0
"p736": 0.006265982489119207
"p737": 0.0019475350979694826
"p738": 0.0002446179350106597
"p739": 7.5267056926356815E-06
"p740": 1.6935087808430286E-05
"p741": 0
"p742": 0
"p743": 0
"p744": 0.0029975105420921595
"p745": 0.00099352515142791
"p746": 0.00014865243742955472
"p747": 7.5267056926356815E-06
"p748": 0.0023615039110644444
"p749": 0.0006002547789876956
"p750": 8.467543904215141E-05
"p751": 0
"p752": 0.01248304139123628
"p753": 0.004704191057897301
"p754": 0.000827937626189925
"p755": 3.0106822770542726E-05
