"p693": 0
"p694": 0
"p695": 0
"p696": 0.0027961711648141568
"p697": 0.0009521282701184136
"p698": 0.0001637058488148261
"p699": 7.5267056926356815E-06
"p700": 0.0025929501111129918
"p701": 0.0008298193026130839
"p702": 6.962202765688005E-05
"p703": 0
"p704": 0.001112070766086922
"p705": 0.00022203781793275258
"p706": 7.5267056926356815E-06
"p707": 0
"p708": 0
"p709": 0
"p710": 0
"p711": 0
"p712": 0.0003405834325917646
"p713": 5.456861627160869E-05
"p714": 0
"p715": 0
"p716": 0.0003029499041285862
"p717": 9.408382115794602E-05
"p718": 2.6343469924224884E-05
"p719": 0
"p720": 0.00016370584881482604
"p721": 5.645029269476761E-06
"p722": 0
"p723": 0
"p724": 0
"p725": 0
"p726": 0
"p727": 0
"p728": 0
"p729": 0
"p730": 0
"p731": 0
"p732": 0
"p733": 0
"p734": 0
"p735": 0
"p736": 0.002937296896551075
"p737": 0.0007507888928404093
"p738": 6.021364554108546E-05
"p739": 1.8816764231589204E-06
"p740": 0
"p741": 0
"p742": 0
"p743": 0
"p744": 0.0024913395842624097
"p745": 0.0007620789513793627
"p746": 0.00013359902604428335
"p747": 7.5267056926356815E-06
"p748": 0.0017838292491546563
"p749": 0.0006058998082571724
"p750": 0.00013171734962112445
"p751": 1.8816764231589204E-06
"p752": 0.002096187535399037
"p753": 0.0006435333367203508
"p754": 3.9515204886337324E-05
"p755": 0
