"p693": 0
"p694": 0
"p695": 0
"p696": 0.005007140962025889
"p697": 0.0016445851938408965
"p698": 0.00016370584881482606
"p699": 9.408382115794602E-06
"p700": 0.0010480937676995187
"p701": 0.0003895070195938966
"p702": 5.833196911792653E-05
"p703": 1.8816764231589204E-06
"p704": 0.00015053411385271363
"p705": 3.3870175616860565E-05
"p706": 0
"p707": 0
"p708": 5.645029269476761E-06
"p709": 1.8816764231589204E-06
"p710": 0
"p711": 0
"p712": 0.0045216684448508866
"p713": 0.0013491619954049457
"p714": 0.00021074775939379904
"p715": 1.3171734962112442E-05
"p716": 0.0013134101433649264
"p717": 0.0004327855773265516
"p718": 9.784717400426385E-05
"p719": 1.8816764231589204E-06
"p720": 8.655711546531033E-05
"p721": 5.645029269476761E-06
"p722": 0
"p723": 0
"p724": 0
"p725": 0
"p726": 0
"p727": 0
"p728": 0.00021451111224011685
"p729": 2.0698440654748124E-05
"p730": 0
"p731": 0
"p732": 3.7633528463178407E-06
"p733": 0
"p734": 0
"p735": 0
"p736": 0.00010725555612005845
"p737": 2.4461793501065966E-05
"p738": 0
"p739": 0
"p740": 0
"p741": 0
"p742": 0
"p743": 0
"p744": 0.0018214627776178343
"p745": 0.00046665575294341233
"p746": 5.2686939848449775E-05
"p747": 0
"p748": 0.0002860148163201559
"p749": 9.784717400426384E-05
"p750": 2.0698440654748124E-05
"p751": 0
"p752": 9.596549758110492E-05
"p753": 3.0106822770542722E-05
"p754": 3.7633528463178407E-06
"p755": 3.7633528463178407E-06
