"p693": 9.408382115794602E-06
"p694": 0
"p695": 0
"p696": 0.001016105268505817
"p697": 0.00033117505047597
"p698": 4.7041910578973015E-05
"p699": 5.645029269476761E-06
"p700": 0.0014620625807944814
"p701": 0.00043654893017286954
"p702": 6.397699838740331E-05
"p703": 1.8816764231589204E-06
"p704": 0.007092038438885972
"p705": 0.0028921366623952597
"p706": 0.0006585867481056221
"p707": 2.8225146347383808E-05
"p708": 9.032046831162818E-05
"p709": 1.8816764231589203E-05
"p710": 0
"p711": 0
"p712": 0.005475678391392459
"p713": 0.0022900002069844057
"p714": 0.00047418245863604805
"p715": 1.3171734962112444E-05
"p716": 0.005048537843335383
"p717": 0.001913664922352622
"p718": 0.00034058343259176464
"p719": 9.408382115794602E-06
"p720": 0.00043843060659602847
"p721": 6.209532196424438E-05
"p722": 0
"p723": 0
"p724": 7.714873334951574E-05
"p725": 0
"p726": 0
"p727": 0
"p728": 9.408382115794602E-06
"p729": 0
"p730": 0
"p731": 0
"p732": 3.9515204886337324E-05
"p733": 5.645029269476761E-06
"p734": 0
"p735": 0
"p736": 0.004448283064347688
"p737": 0.001416902346638667
"p738": 0.00012230896750532982
"p739": 1.8816764231589204E-06
"p740": 9.408382115794602E-06
"p741": 0
"p742": 0
"p743": 0
"p744": 0.001998340361394773
"p745": 0.0007394988343014558
"p746": 5.833196911792653E-05
"p747": 0
"p748": 0.001298356731979655
"p749": 0.00034434678543808245
"p750": 3.7633528463178407E-05
"p751": 0
"p752": 0.010670986995734238
"p753": 0.0034265327665723936
"p754": 0.0003330567268991289
"p755": 9.408382115794602E-06
