"p693": 0
"p694": 0
"p695": 0
"p696": 0.009999228512666504
"p697": 0.0031442813030985563
"p698": 0.00042149551878759825
"p699": 2.2580117077907045E-05
"p700": 0.001580608195453493
"p701": 0.0004064421074023268
"p702": 3.575185204001949E-05
"p703": 0
"p704": 0.0005588578976781994
"p705": 0.00012419064392848875
"p706": 9.408382115794602E-06
"p707": 0
"p708": 1.1290058538953523E-05
"p709": 0
"p710": 0
"p711": 0
"p712": 0.01619370729770567
"p713": 0.005917872350834806
"p714": 0.001134650883164829
"p715": 8.655711546531035E-05
"p716": 0.005118159870992263
"p717": 0.001467707610063958
"p718": 0.0002521446407032953
"p719": 1.8816764231589203E-05
"p720": 0.0022900002069844057
"p721": 0.000660468424528781
"p722": 9.972885042742278E-05
"p723": 2.2580117077907045E-05
"p724": 0.00015994249596850823
"p725": 2.8225146347383808E-05
"p726": 0
"p727": 0
"p728": 0.03323605066225602
"p729": 0.014103164791576115
"p730": 0.003505563176345069
"p731": 0.0003876253431707376
"p732": 0.01143494762353676
"p733": 0.004412531212307669
"p734": 0.0008919146245773283
"p735": 6.39769983874033E-05
"p736": 5.8331969117926534E-05
"p737": 2.6343469924224887E-05
"p738": 3.7633528463178407E-06
"p739": 0
"p740": 0
"p741": 0
"p742": 0
"p743": 0
"p744": 0.006437215043626666
"p745": 0.0021319393874390568
"p746": 0.00019945770085484557
"p747": 1.8816764231589204E-06
"p748": 0.0014959327564113415
"p749": 0.0003989154017096912
"p750": 3.010682277054273E-05
"p751": 0
"p752": 0.0015843715482998107
"p753": 0.0005362777806002921
"p754": 9.032046831162817E-05
"p755": 1.8816764231589204E-06
