"p693": 9.408382115794602E-06
"p694": 0
"p695": 0
"p696": 0.0029222434851658026
"p697": 0.0009389565351563016
"p698": 9.972885042742278E-05
"p699": 1.8816764231589204E-06
"p700": 0.006702531419292075
"p701": 0.002145111122401169
"p702": 0.0003499918147075592
"p703": 2.6343469924224887E-05
"p704": 0.006230230637079184
"p705": 0.0020246838313189987
"p706": 0.00035940019682335374
"p707": 3.198849919370165E-05
"p708": 1.5053411385271363E-05
"p709": 3.7633528463178407E-06
"p710": 0
"p711": 0
"p712": 0.008337708231017177
"p713": 0.003076540951864835
"p714": 0.0005588578976781992
"p715": 3.7633528463178407E-05
"p716": 0.006205768843578118
"p717": 0.0023219887061781074
"p718": 0.0004873541935981604
"p719": 6.585867481056221E-05
"p720": 0.0007884224213035875
"p721": 0.00010725555612005845
"p722": 5.645029269476761E-06
"p723": 0
"p724": 2.0698440654748124E-05
"p725": 1.8816764231589204E-06
"p726": 0
"p727": 0
"p728": 3.575185204001948E-05
"p729": 1.8816764231589204E-06
"p730": 0
"p731": 0
"p732": 0.00014300740816007796
"p733": 4.704191057897301E-05
"p734": 0
"p735": 0
"p736": 0.0028074612233531093
"p737": 0.0006661134537982578
"p738": 6.021364554108546E-05
"p739": 0
"p740": 0
"p741": 0
"p742": 0
"p743": 0
"p744": 0.002922243485165803
"p745": 0.0009389565351563011
"p746": 9.972885042742278E-05
"p747": 1.8816764231589204E-06
"p748": 0.001960706832931595
"p749": 0.0006999836294151184
"p750": 0.00013359902604428335
"p751": 9.408382115794602E-06
"p752": 0.01002180862974441
"p753": 0.0030558425112100864
"p754": 0.00044972066513498184
"p755": 2.4461793501065966E-05
