"p693": 0.0011346508831648289
"p694": 0.0001486524374295547
"p695": 1.3171734962112444E-05
"p696": 3.575185204001949E-05
"p697": 7.5267056926356815E-06
"p698": 0
"p699": 0
"p700": 0.0003725719317854662
"p701": 9.784717400426385E-05
"p702": 7.5267056926356815E-06
"p703": 0
"p704": 0.0007413805107246147
"p705": 0.00016558752523798497
"p706": 7.5267056926356815E-06
"p707": 0
"p708": 0.002952350307936345
"p709": 0.0008636894782299443
"p710": 8.467543904215141E-05
"p711": 0
"p712": 0.00013736237889060116
"p713": 4.5160234155814084E-05
"p714": 1.1290058538953521E-05
"p715": 0
"p716": 0.0007357354814551377
"p717": 0.00023520955289486504
"p718": 4.139688130949624E-05
"p719": 0
"p720": 0
"p721": 0
"p722": 0
"p723": 0
"p724": 0.00046853742936657115
"p725": 3.387017561686057E-05
"p726": 0
"p727": 0
"p728": 0
"p729": 0
"p730": 0
"p731": 0
"p732": 0
"p733": 0
"p734": 0
"p735": 0
"p736": 0.005406056363735578
"p737": 0.0020228021548958394
"p738": 0.000380098637478102
"p739": 1.1290058538953523E-05
"p740": 0.014372244520087838
"p741": 0.005234823809228117
"p742": 0.0010819639433163795
"p743": 4.139688130949624E-05
"p744": 0.0019080198930831447
"p745": 0.0007244454229161844
"p746": 9.784717400426387E-05
"p747": 0
"p748": 0.0028563848103552412
"p749": 0.0009954068278510688
"p750": 0.0001561791431221904
"p751": 0
"p752": 0.002463114437915026
"p753": 0.0008467543904215141
"p754": 9.032046831162818E-05
"p755": 1.8816764231589204E-06
