"p693": 0
"p694": 0
"p695": 0
"p696": 0.002760419312774136
"p697": 0.0010575021498153135
"p698": 0.00016935087808430283
"p699": 1.6935087808430282E-05
"p700": 0.003868726726014741
"p701": 0.0012362614100154107
"p702": 0.0002333278764717061
"p703": 1.6935087808430286E-05
"p704": 0.00505418287260486
"p705": 0.001492169403565024
"p706": 0.00023709122931802397
"p707": 3.0106822770542726E-05
"p708": 0.0002389729057411829
"p709": 1.6935087808430282E-05
"p710": 0
"p711": 0
"p712": 0.002045382271973746
"p713": 0.0006567050716824632
"p714": 0.0001486524374295547
"p715": 1.6935087808430282E-05
"p716": 0.0028262779875846984
"p717": 0.000895677977423646
"p718": 0.00017123255450746173
"p719": 1.8816764231589203E-05
"p720": 0.0011233608246258755
"p721": 0.00019945770085484554
"p722": 1.6935087808430286E-05
"p723": 0
"p724": 0
"p725": 0
"p726": 0
"p727": 0
"p728": 2.2580117077907045E-05
"p729": 0
"p730": 0
"p731": 0
"p732": 3.3870175616860565E-05
"p733": 0
"p734": 0
"p735": 0
"p736": 0.021195203230462083
"p737": 0.00840356690582774
"p738": 0.0020397372427042697
"p739": 0.0002314462000485472
"p740": 0.00019193099516220987
"p741": 2.6343469924224887E-05
"p742": 0
"p743": 0
"p744": 0.020004102054602485
"p745": 0.008239861057012911
"p746": 0.001862859658927331
"p747": 0.00015241579027587256
"p748": 0.015841833806574952
"p749": 0.005565998859704087
"p750": 0.0010292770034679296
"p751": 6.39769983874033E-05
"p752": 0.017783723875274958
"p753": 0.006461676837127733
"p754": 0.0012776582913249072
"p755": 0.00011290058538953522
