"p693": 0.0009558916229647316
"p694": 4.139688130949625E-05
"p695": 0
"p696": 5.8331969117926534E-05
"p697": 2.4461793501065963E-05
"p698": 5.645029269476761E-06
"p699": 0
"p700": 0.0007263270993393433
"p701": 0.00021262943581695806
"p702": 2.6343469924224894E-05
"p703": 0
"p704": 0.0019719968914705486
"p705": 0.000636006631027715
"p706": 0.00010725555612005848
"p707": 1.8816764231589204E-06
"p708": 0.006954676059995372
"p709": 0.0023031719419465183
"p710": 0.0003180033155138576
"p711": 1.3171734962112444E-05
"p712": 0.0004139688130949624
"p713": 0.00011478226181269415
"p714": 1.1290058538953523E-05
"p715": 0
"p716": 0.0007658423042256806
"p717": 0.00018252261304641524
"p718": 1.8816764231589203E-05
"p719": 0
"p720": 0.004754996321322592
"p721": 0.0019306000101610523
"p722": 0.00037821696105494305
"p723": 1.1290058538953523E-05
"p724": 0.011094364190944998
"p725": 0.004645859088779375
"p726": 0.0010405670620068832
"p727": 3.9515204886337324E-05
"p728": 0.0018421612182725829
"p729": 0.0007188003936467076
"p730": 9.784717400426387E-05
"p731": 0
"p732": 0.00261364855176774
"p733": 0.0009596549758110494
"p734": 0.0001561791431221904
"p735": 0
"p736": 0.0006491783659898276
"p737": 0.0002145111122401169
"p738": 1.1290058538953523E-05
"p739": 0
"p740": 0.003067132569749039
"p741": 0.001130887530318511
"p742": 3.951520488633733E-05
"p743": 1.8816764231589204E-06
"p744": 7.338538050319788E-05
"p745": 1.6935087808430282E-05
"p746": 3.7633528463178407E-06
"p747": 0
"p748": 0.0001129005853895352
"p749": 4.516023415581409E-05
"p750": 1.5053411385271363E-05
"p751": 0
"p752": 0.0023690306167570806
"p753": 0.0007075103351077541
"p754": 5.080526342529084E-05
"p755": 0
