"p693": 2.8225146347383805E-05
"p694": 0
"p695": 0
"p696": 0.00045160234155814093
"p697": 0.00012607232035164763
"p698": 2.0698440654748124E-05
"p699": 1.8816764231589204E-06
"p700": 0.00198705030285582
"p701": 0.0005231060456381799
"p702": 3.9515204886337324E-05
"p703": 1.8816764231589204E-06
"p704": 0
"p705": 0
"p706": 0
"p707": 0
"p708": 0
"p709": 0
"p710": 0
"p711": 0
"p712": 3.951520488633733E-05
"p713": 1.5053411385271363E-05
"p714": 1.8816764231589204E-06
"p715": 0
"p716": 0.0001956943480085277
"p717": 6.0213645541085445E-05
"p718": 7.5267056926356815E-06
"p719": 0
"p720": 5.645029269476761E-06
"p721": 5.645029269476761E-06
"p722": 0
"p723": 0
"p724": 2.8225146347383805E-05
"p725": 1.3171734962112444E-05
"p726": 0
"p727": 0
"p728": 6.585867481056221E-05
"p729": 1.1290058538953523E-05
"p730": 3.7633528463178407E-06
"p731": 0
"p732": 0.00036316354966967155
"p733": 6.585867481056221E-05
"p734": 1.1290058538953523E-05
"p735": 0
"p736": 3.7633528463178407E-06
"p737": 0
"p738": 0
"p739": 0
"p740": 9.408382115794602E-06
"p741": 1.8816764231589204E-06
"p742": 0
"p743": 0
"p744": 0.00033682007974544673
"p745": 0.00011290058538953522
"p746": 2.4461793501065966E-05
"p747": 1.8816764231589204E-06
"p748": 0.0005231060456381798
"p749": 0.0001561791431221904
"p750": 2.4461793501065963E-05
"p751": 1.8816764231589204E-06
"p752": 6.774035123372113E-05
"p753": 1.5053411385271363E-05
"p754": 1.8816764231589204E-06
"p755": 0
