"p693": 1.8816764231589203E-05
"p694": 0
"p695": 0
"p696": 0.002779236077005725
"p697": 0.000997288504274228
"p698": 3.0106822770542726E-05
"p699": 0
"p700": 0.0029636403664753002
"p701": 0.0007978308034193824
"p702": 8.467543904215143E-05
"p703": 0
"p704": 0.0011835744701669609
"p705": 0.00030106822770542725
"p706": 1.5053411385271365E-05
"p707": 0
"p708": 0
"p709": 0
"p710": 0
"p711": 0
"p712": 0.0006698768066445758
"p713": 0.00022956452362538827
"p714": 3.951520488633733E-05
"p715": 5.645029269476761E-06
"p716": 0.00039891540170969113
"p717": 0.0001392440553137601
"p718": 3.0106822770542726E-05
"p719": 1.8816764231589204E-06
"p720": 0.002427362585875007
"p721": 0.0006303616017582384
"p722": 5.45686162716087E-05
"p723": 1.8816764231589204E-06
"p724": 0
"p725": 0
"p726": 0
"p727": 0
"p728": 0.0023295154118707427
"p729": 0.0007526705692635681
"p730": 0.00013171734962112442
"p731": 7.5267056926356815E-06
"p732": 0.0017311423093062067
"p733": 0.00059272807329506
"p734": 0.00013171734962112445
"p735": 1.8816764231589204E-06
"p736": 0.0003274116976296522
"p737": 7.714873334951574E-05
"p738": 5.645029269476761E-06
"p739": 0
"p740": 0
"p741": 0
"p742": 0
"p743": 0
"p744": 0.00015053411385271363
"p745": 5.8331969117926534E-05
"p746": 3.7633528463178407E-06
"p747": 0
"p748": 6.774035123372114E-05
"p749": 3.198849919370165E-05
"p750": 5.645029269476761E-06
"p751": 0
"p752": 0.0021319393874390568
"p753": 0.0004967625757139549
"p754": 3.387017561686057E-05
"p755": 0
