"p693": 0
"p694": 0
"p695": 0
"p696": 0.0006378883074508739
"p697": 0.00020698440654748118
"p698": 2.2580117077907045E-05
"p699": 1.8816764231589204E-06
"p700": 0.0016765736930345978
"p701": 0.0005550945448318816
"p702": 8.091208619583358E-05
"p703": 3.7633528463178407E-06
"p704": 0.0031499263323680323
"p705": 0.0010744372376237435
"p706": 0.0001956943480085277
"p707": 1.3171734962112444E-05
"p708": 1.5053411385271363E-05
"p709": 3.7633528463178407E-06
"p710": 0
"p711": 0
"p712": 0.005112514841722786
"p713": 0.0017217339271904117
"p714": 0.00021262943581695803
"p715": 7.5267056926356815E-06
"p716": 0.0024574694086455496
"p717": 0.0008655711546531035
"p718": 9.408382115794602E-05
"p719": 7.5267056926356815E-06
"p720": 0.0003838619903244197
"p721": 4.892358700213192E-05
"p722": 0
"p723": 0
"p724": 2.0698440654748124E-05
"p725": 1.8816764231589204E-06
"p726": 0
"p727": 0
"p728": 2.2580117077907045E-05
"p729": 0
"p730": 0
"p731": 0
"p732": 3.198849919370165E-05
"p733": 2.0698440654748124E-05
"p734": 0
"p735": 0
"p736": 0.0013585703775207403
"p737": 0.0003424651090149235
"p738": 3.9515204886337324E-05
"p739": 0
"p740": 0
"p741": 0
"p742": 0
"p743": 0
"p744": 0.0017932376312704509
"p745": 0.0005550945448318816
"p746": 4.704191057897301E-05
"p747": 1.8816764231589204E-06
"p748": 0.0007639606278025216
"p749": 0.0002615530228190899
"p750": 2.6343469924224887E-05
"p751": 1.8816764231589204E-06
"p752": 0.004662794176587804
"p753": 0.0014037306116765544
"p754": 0.00019569434800852773
"p755": 1.8816764231589204E-06
