"p693": 0.0030332623941321797
"p694": 0.0004120871366718036
"p695": 2.2580117077907045E-05
"p696": 0.0003499918147075592
"p697": 9.972885042742278E-05
"p698": 2.0698440654748124E-05
"p699": 1.8816764231589204E-06
"p700": 0.002286236854138088
"p701": 0.0006642317773750989
"p702": 9.032046831162818E-05
"p703": 3.7633528463178407E-06
"p704": 0.0056883078272094165
"p705": 0.0021564011809401228
"p706": 0.00048170916432868367
"p707": 4.8923587002131926E-05
"p708": 0.012509384861160508
"p709": 0.004615752266008831
"p710": 0.0008618078018067855
"p711": 5.8331969117926534E-05
"p712": 0.002448061026529755
"p713": 0.0009144947416552353
"p714": 0.0001448890845832369
"p715": 7.5267056926356815E-06
"p716": 0.002662572138769872
"p717": 0.0008317009790362428
"p718": 0.00010537387969689954
"p719": 5.645029269476761E-06
"p720": 0.01296851390841128
"p721": 0.005714651297133641
"p722": 0.0013962039059839191
"p723": 0.00014677076100639582
"p724": 0.020771826035251326
"p725": 0.009175054239322898
"p726": 0.0024010191159507823
"p727": 0.00028036978705067917
"p728": 0.007107091850271243
"p729": 0.0029260068380121207
"p730": 0.0005550945448318817
"p731": 1.3171734962112442E-05
"p732": 0.006572695746094109
"p733": 0.0024932212606855694
"p734": 0.00043278557732655173
"p735": 1.5053411385271363E-05
"p736": 0.0018082910426557226
"p737": 0.0005607395741013582
"p738": 6.774035123372113E-05
"p739": 0
"p740": 0.0055735255653967235
"p741": 0.0018703863646199667
"p742": 0.0001637058488148261
"p743": 1.8816764231589204E-06
"p744": 0.00042525887163391606
"p745": 9.784717400426387E-05
"p746": 7.5267056926356815E-06
"p747": 0
"p748": 0.00040832378382548584
"p749": 0.00010537387969689954
"p750": 1.6935087808430286E-05
"p751": 0
"p752": 0.007705464952835778
"p753": 0.002293763559830724
"p754": 0.0002878964927433148
"p755": 1.1290058538953523E-05
