"p693": 7.5267056926356815E-06
"p694": 0
"p695": 0
"p696": 0.000568266279793994
"p697": 0.00017499590735377957
"p698": 3.010682277054273E-05
"p699": 1.8816764231589204E-06
"p700": 0.0035375516755387706
"p701": 0.001160994353089054
"p702": 0.00014488908458323686
"p703": 9.408382115794602E-06
"p704": 3.7633528463178407E-06
"p705": 3.7633528463178407E-06
"p706": 0
"p707": 0
"p708": 0.0001486524374295547
"p709": 9.408382115794602E-06
"p710": 0
"p711": 0
"p712": 0.0002333278764717061
"p713": 3.0106822770542722E-05
"p714": 3.7633528463178407E-06
"p715": 0
"p716": 0.0014921694035650234
"p717": 0.00030106822770542725
"p718": 1.8816764231589203E-05
"p719": 0
"p720": 0
"p721": 0
"p722": 0
"p723": 0
"p724": 0
"p725": 0
"p726": 0
"p727": 0
"p728": 0
"p729": 0
"p730": 0
"p731": 0
"p732": 0.00016935087808430283
"p733": 1.1290058538953523E-05
"p734": 0
"p735": 0
"p736": 0.00011478226181269414
"p737": 2.0698440654748124E-05
"p738": 1.8816764231589204E-06
"p739": 0
"p740": 0.00036316354966967166
"p741": 6.39769983874033E-05
"p742": 0
"p743": 0
"p744": 0.0020924241825527197
"p745": 0.0006096631611034902
"p746": 0.00012983567319796552
"p747": 3.7633528463178407E-06
"p748": 0.00556223550685777
"p749": 0.0016163600474935124
"p750": 0.00022580117077907044
"p751": 1.1290058538953523E-05
"p752": 0
"p753": 0
"p754": 0
"p755": 0
