"p693": 0.0005080526342529085
"p694": 6.962202765688005E-05
"p695": 1.8816764231589204E-06
"p696": 0.004009852457751659
"p697": 0.0011572310002427363
"p698": 0.00018816764231589203
"p699": 1.3171734962112444E-05
"p700": 0.013826558357371753
"p701": 0.0046740842351267586
"p702": 0.0007150370408003898
"p703": 4.7041910578973E-05
"p704": 0.00162012340033983
"p705": 0.0006209532196424437
"p706": 0.0001373623788906012
"p707": 3.7633528463178407E-06
"p708": 0.001524157902758725
"p709": 0.00044219395944234633
"p710": 6.0213645541085445E-05
"p711": 1.1290058538953523E-05
"p712": 0.014942392476304987
"p713": 0.006326196134660291
"p714": 0.00146394425721764
"p715": 0.00013736237889060122
"p716": 0.02114063461419047
"p717": 0.009410263792217762
"p718": 0.002421717556605531
"p719": 0.00027660643420436136
"p720": 0
"p721": 0
"p722": 0
"p723": 0
"p724": 0.00047982748790552463
"p725": 5.080526342529086E-05
"p726": 0
"p727": 0
"p728": 7.714873334951573E-05
"p729": 5.645029269476761E-06
"p730": 0
"p731": 0
"p732": 0.0011139524425100807
"p733": 0.00016370584881482604
"p734": 5.645029269476761E-06
"p735": 0
"p736": 0.0005814380147561064
"p737": 0.0002333278764717061
"p738": 4.892358700213193E-05
"p739": 0
"p740": 0.0007150370408003897
"p741": 0.00023709122931802394
"p742": 3.951520488633734E-05
"p743": 1.1290058538953523E-05
"p744": 0.0063186694289676555
"p745": 0.00219591638582646
"p746": 0.00034246510901492347
"p747": 2.4461793501065966E-05
"p748": 0.01189031331794122
"p749": 0.004017379163444295
"p750": 0.0005325144277539745
"p751": 2.0698440654748124E-05
"p752": 0.00059272807329506
"p753": 0.000141125731736919
"p754": 0
"p755": 0
