"p693": 0.0011609943530890541
"p694": 3.575185204001949E-05
"p695": 0
"p696": 3.3870175616860565E-05
"p697": 1.8816764231589204E-06
"p698": 1.8816764231589204E-06
"p699": 1.8816764231589204E-06
"p700": 0.0006058998082571724
"p701": 0.0001637058488148261
"p702": 2.2580117077907045E-05
"p703": 1.8816764231589204E-06
"p704": 0.0005136976635223853
"p705": 0.0001768775837769385
"p706": 4.516023415581409E-05
"p707": 3.7633528463178407E-06
"p708": 0.001977641920740025
"p709": 0.0005964914261413779
"p710": 7.714873334951573E-05
"p711": 7.5267056926356815E-06
"p712": 9.220214473478711E-05
"p713": 3.198849919370165E-05
"p714": 5.645029269476761E-06
"p715": 0
"p716": 0.00014488908458323686
"p717": 5.2686939848449775E-05
"p718": 1.3171734962112444E-05
"p719": 0
"p720": 0.001678455369457757
"p721": 0.0005174610163687031
"p722": 0.00011854561465901199
"p723": 3.7633528463178407E-06
"p724": 0.004468981505002436
"p725": 0.001371742112482853
"p726": 0.00020322105370116337
"p727": 1.1290058538953523E-05
"p728": 0.00047418245863604794
"p729": 0.00014112573173691902
"p730": 2.0698440654748124E-05
"p731": 0
"p732": 0.0007357354814551377
"p733": 0.0002295645236253883
"p734": 3.9515204886337324E-05
"p735": 0
"p736": 0.00011854561465901199
"p737": 5.080526342529084E-05
"p738": 1.3171734962112442E-05
"p739": 0
"p740": 0.000543804486292928
"p741": 0.00017311423093062066
"p742": 2.2580117077907045E-05
"p743": 0
"p744": 7.5267056926356815E-06
"p745": 7.5267056926356815E-06
"p746": 3.7633528463178407E-06
"p747": 1.8816764231589204E-06
"p748": 2.2580117077907045E-05
"p749": 1.3171734962112444E-05
"p750": 7.5267056926356815E-06
"p751": 1.8816764231589204E-06
"p752": 0.0005325144277539745
"p753": 0.00018440428946957422
"p754": 3.198849919370165E-05
"p755": 0
