"p693": 0
"p694": 0
"p695": 0
"p696": 0.0022749467955991347
"p697": 0.0008204109204972893
"p698": 0.00014300740816007796
"p699": 1.8816764231589204E-06
"p700": 0.0005099343106760675
"p701": 0.00017875926020009743
"p702": 3.387017561686057E-05
"p703": 1.8816764231589204E-06
"p704": 0.00019004931873905096
"p705": 3.9515204886337324E-05
"p706": 0
"p707": 0
"p708": 0
"p709": 0
"p710": 0
"p711": 0
"p712": 0.002286236854138088
"p713": 0.0005381594570234513
"p714": 7.150370408003898E-05
"p715": 0
"p716": 0.00026719805208856665
"p717": 5.8331969117926534E-05
"p718": 7.5267056926356815E-06
"p719": 0
"p720": 0
"p721": 0
"p722": 0
"p723": 0
"p724": 0
"p725": 0
"p726": 0
"p727": 0
"p728": 0.00021639278866327584
"p729": 3.9515204886337324E-05
"p730": 0
"p731": 0
"p732": 0
"p733": 0
"p734": 0
"p735": 0
"p736": 0.00039138869601705535
"p737": 0.00010537387969689954
"p738": 0
"p739": 0
"p740": 2.8225146347383808E-05
"p741": 1.8816764231589204E-06
"p742": 0
"p743": 0
"p744": 0.011005925399056527
"p745": 0.0031894415372543707
"p746": 0.0004704191057897302
"p747": 2.0698440654748128E-05
"p748": 0.0029015450445110547
"p749": 0.0009050863595394408
"p750": 0.00010913723254321738
"p751": 7.5267056926356815E-06
"p752": 9.408382115794602E-06
"p753": 1.8816764231589204E-06
"p754": 0
"p755": 0
