"p693": 0
"p694": 0
"p695": 0
"p696": 0.0005080526342529086
"p697": 8.655711546531035E-05
"p698": 9.408382115794602E-06
"p699": 0
"p700": 4.139688130949624E-05
"p701": 1.8816764231589203E-05
"p702": 1.3171734962112444E-05
"p703": 0
"p704": 9.408382115794602E-06
"p705": 1.8816764231589204E-06
"p706": 0
"p707": 0
"p708": 0
"p709": 0
"p710": 0
"p711": 0
"p712": 0.000686811894453006
"p713": 0.00021451111224011696
"p714": 4.1396881309496255E-05
"p715": 3.7633528463178407E-06
"p716": 8.279376261899248E-05
"p717": 3.575185204001949E-05
"p718": 5.645029269476761E-06
"p719": 0
"p720": 5.080526342529085E-05
"p721": 2.0698440654748124E-05
"p722": 0
"p723": 0
"p724": 5.645029269476761E-06
"p725": 1.8816764231589204E-06
"p726": 0
"p727": 0
"p728": 0.0019964586849716146
"p729": 0.000476064135059207
"p730": 5.268693984844977E-05
"p731": 3.7633528463178407E-06
"p732": 0.0004214955187875982
"p733": 0.00010537387969689952
"p734": 1.3171734962112442E-05
"p735": 0
"p736": 0
"p737": 0
"p738": 0
"p739": 0
"p740": 0
"p741": 0
"p742": 0
"p743": 0
"p744": 0.00015994249596850823
"p745": 6.397699838740331E-05
"p746": 2.258011707790705E-05
"p747": 0
"p748": 2.0698440654748128E-05
"p749": 1.1290058538953523E-05
"p750": 5.645029269476761E-06
"p751": 0
"p752": 2.0698440654748124E-05
"p753": 5.645029269476761E-06
"p754": 3.7633528463178407E-06
"p755": 3.7633528463178407E-06
