"p693": 0.0006679951302214168
"p694": 0.00010161052685058171
"p695": 2.2580117077907045E-05
"p696": 0.00793314780003801
"p697": 0.0027754727241594075
"p698": 0.000472300782212889
"p699": 3.010682277054273E-05
"p700": 0.02240512117055327
"p701": 0.009180699268592373
"p702": 0.002005867067087409
"p703": 0.00018816764231589206
"p704": 0
"p705": 0
"p706": 0
"p707": 0
"p708": 5.645029269476761E-06
"p709": 0
"p710": 0
"p711": 0
"p712": 0.0004271405480570749
"p713": 0.00010349220327374062
"p714": 9.408382115794602E-06
"p715": 0
"p716": 0.0021601645337864404
"p717": 0.0005776746619097885
"p718": 8.843879188846922E-05
"p719": 5.645029269476761E-06
"p720": 9.408382115794602E-06
"p721": 5.645029269476761E-06
"p722": 0
"p723": 0
"p724": 0.0006360066310277153
"p725": 7.714873334951573E-05
"p726": 0
"p727": 0
"p728": 0.001373623788906012
"p729": 0.00026343469924224885
"p730": 1.5053411385271363E-05
"p731": 0
"p732": 0.005063591254720654
"p733": 0.001302120084825973
"p734": 0.00019004931873905096
"p735": 7.5267056926356815E-06
"p736": 9.03204683116282E-05
"p737": 2.0698440654748124E-05
"p738": 0
"p739": 0
"p740": 7.714873334951573E-05
"p741": 5.645029269476761E-06
"p742": 0
"p743": 0
"p744": 0.0032722352998733623
"p745": 0.000969063357926844
"p746": 0.00019004931873905096
"p747": 1.5053411385271365E-05
"p748": 0.005878357145948467
"p749": 0.0018892031288515563
"p750": 0.0002427362585875007
"p751": 9.408382115794602E-06
"p752": 0.0007489072164172503
"p753": 0.0002464996114338186
"p754": 2.8225146347383805E-05
"p755": 0
