"p693": 8.843879188846926E-05
"p694": 5.645029269476761E-06
"p695": 0
"p696": 0.050632149194360244
"p697": 0.020899780032026135
"p698": 0.004894240376636353
"p699": 0.000524987722061339
"p700": 0.017446903795529514
"p701": 0.006303616017582385
"p702": 0.0012776582913249068
"p703": 0.00010913723254321737
"p704": 5.645029269476761E-06
"p705": 0
"p706": 0
"p707": 0
"p708": 0
"p709": 0
"p710": 0
"p711": 0
"p712": 0.0017104438686514583
"p713": 0.00041020546024864456
"p714": 6.021364554108546E-05
"p715": 5.645029269476761E-06
"p716": 0.00012230896750532982
"p717": 1.6935087808430282E-05
"p718": 0
"p719": 0
"p720": 0.0004346672537497106
"p721": 3.7633528463178407E-05
"p722": 0
"p723": 0
"p724": 0
"p725": 0
"p726": 0
"p727": 0
"p728": 0.004653385794472009
"p729": 0.0010763189140469026
"p730": 0.00015241579027587253
"p731": 7.5267056926356815E-06
"p732": 0.0004929992228676371
"p733": 6.585867481056221E-05
"p734": 0
"p735": 0
"p736": 9.22021447347871E-05
"p737": 1.3171734962112444E-05
"p738": 0
"p739": 0
"p740": 0
"p741": 0
"p742": 0
"p743": 0
"p744": 0.005238587162074434
"p745": 0.0017405506914220012
"p746": 0.0002615530228190899
"p747": 1.6935087808430282E-05
"p748": 0.0017273789564598888
"p749": 0.0004911175464444782
"p750": 0.00011478226181269412
"p751": 1.3171734962112444E-05
"p752": 0.000780895715610952
"p753": 0.00016182417239166713
"p754": 0
"p755": 0
