"p693": 6.0213645541085445E-05
"p694": 9.408382115794602E-06
"p695": 0
"p696": 0.0028639115160478765
"p697": 0.000876861213192057
"p698": 0.00015241579027587253
"p699": 1.1290058538953523E-05
"p700": 0.009511874319068345
"p701": 0.0034867464121134794
"p702": 0.0006623501009519401
"p703": 5.64502926947676E-05
"p704": 7.5267056926356815E-06
"p705": 3.7633528463178407E-06
"p706": 0
"p707": 0
"p708": 0.000427140548057075
"p709": 5.645029269476761E-05
"p710": 0
"p711": 0
"p712": 0.0013566887010975815
"p713": 0.00026343469924224885
"p714": 1.5053411385271363E-05
"p715": 0
"p716": 0.004491561622080342
"p717": 0.0012023912343985502
"p718": 0.0001844042894695742
"p719": 7.5267056926356815E-06
"p720": 0
"p721": 0
"p722": 0
"p723": 0
"p724": 0
"p725": 0
"p726": 0
"p727": 0
"p728": 1.6935087808430286E-05
"p729": 0
"p730": 0
"p731": 0
"p732": 0.0005776746619097886
"p733": 9.972885042742278E-05
"p734": 5.645029269476761E-06
"p735": 0
"p736": 0.0007808957156109518
"p737": 0.0002540263171264542
"p738": 2.8225146347383805E-05
"p739": 0
"p740": 0.000985998445735274
"p741": 0.0002145111122401169
"p742": 0
"p743": 0
"p744": 0.010904314872205948
"p745": 0.003691849142237802
"p746": 0.0007545522456867271
"p747": 7.903040977267463E-05
"p748": 0.01448702678190053
"p749": 0.0046364507066635795
"p750": 0.0007545522456867271
"p751": 5.8331969117926534E-05
"p752": 5.645029269476761E-05
"p753": 1.5053411385271363E-05
"p754": 0
"p755": 0
