"p693": 0
"p694": 0
"p695": 0
"p696": 0.013184906697074558
"p697": 0.004580000413968812
"p698": 0.0007056286586845952
"p699": 3.9515204886337324E-05
"p700": 0.0038724900788610576
"p701": 0.0012324980571690927
"p702": 0.00019945770085484554
"p703": 1.5053411385271363E-05
"p704": 0.0005136976635223852
"p705": 0.00010913723254321737
"p706": 0
"p707": 0
"p708": 2.8225146347383808E-05
"p709": 1.8816764231589204E-06
"p710": 0
"p711": 0
"p712": 0.014133271614346656
"p713": 0.004625160648124626
"p714": 0.0008429910375751963
"p715": 6.39769983874033E-05
"p716": 0.005103106459606993
"p717": 0.001738669014998842
"p718": 0.0004045604309791678
"p719": 6.021364554108546E-05
"p720": 0.00031235828624438073
"p721": 3.9515204886337324E-05
"p722": 0
"p723": 0
"p724": 0
"p725": 0
"p726": 0
"p727": 0
"p728": 0.0008241742733436071
"p729": 0.00010913723254321736
"p730": 5.645029269476761E-06
"p731": 0
"p732": 1.88167642315892E-05
"p733": 3.7633528463178407E-06
"p734": 0
"p735": 0
"p736": 0.0002860148163201559
"p737": 8.279376261899251E-05
"p738": 0
"p739": 0
"p740": 0
"p741": 0
"p742": 0
"p743": 0
"p744": 0.005690189503632576
"p745": 0.0014357191108702566
"p746": 0.0001448890845832369
"p747": 0
"p748": 0.0018440428946957417
"p749": 0.0006529417188361454
"p750": 0.00012230896750532982
"p751": 7.5267056926356815E-06
"p752": 0.00033305672689912887
"p753": 8.467543904215141E-05
"p754": 3.7633528463178407E-06
"p755": 3.7633528463178407E-06
