"p693": 0.00046853742936657126
"p694": 5.268693984844977E-05
"p695": 0
"p696": 0.00707510335107754
"p697": 0.002747247577812024
"p698": 0.0004327855773265518
"p699": 1.1290058538953523E-05
"p700": 0.02107289426295675
"p701": 0.008076155208198089
"p702": 0.0015222762263355672
"p703": 5.080526342529086E-05
"p704": 0
"p705": 0
"p706": 0
"p707": 0
"p708": 5.645029269476761E-06
"p709": 0
"p710": 0
"p711": 0
"p712": 1.5053411385271363E-05
"p713": 1.8816764231589204E-06
"p714": 0
"p715": 0
"p716": 0.0007884224213035875
"p717": 0.00011854561465901199
"p718": 1.1290058538953523E-05
"p719": 0
"p720": 0
"p721": 0
"p722": 0
"p723": 0
"p724": 0.00023709122931802403
"p725": 0
"p726": 0
"p727": 0
"p728": 0.00019381267158536877
"p729": 1.8816764231589203E-05
"p730": 0
"p731": 0
"p732": 0.0015467380198366323
"p733": 0.00027848811062752024
"p734": 7.5267056926356815E-06
"p735": 0
"p736": 1.8816764231589204E-06
"p737": 0
"p738": 0
"p739": 0
"p740": 2.2580117077907045E-05
"p741": 0
"p742": 0
"p743": 0
"p744": 0.0003669269025159895
"p745": 0.00011854561465901197
"p746": 2.446179350106597E-05
"p747": 1.8816764231589204E-06
"p748": 0.001960706832931595
"p749": 0.0005870830440255833
"p750": 6.209532196424438E-05
"p751": 5.645029269476761E-06
"p752": 8.279376261899248E-05
"p753": 3.7633528463178407E-06
"p754": 0
"p755": 0
