"p693": 1.8816764231589203E-05
"p694": 0
"p695": 0
"p696": 0.003985390664250594
"p697": 0.001510986167796613
"p698": 0.00016370584881482606
"p699": 7.5267056926356815E-06
"p700": 0.0041867300415286
"p701": 0.0012155629693606626
"p702": 0.00015241579027587256
"p703": 0
"p704": 0.0018816764231589203
"p705": 0.00047794581148236586
"p706": 4.3278557732655166E-05
"p707": 1.8816764231589204E-06
"p708": 0
"p709": 0
"p710": 0
"p711": 0
"p712": 0.001981405273586343
"p713": 0.0006303616017582384
"p714": 0.00012042729108217092
"p715": 7.5267056926356815E-06
"p716": 0.0014902877271418648
"p717": 0.0005306327513308154
"p718": 0.00011290058538953522
"p719": 1.8816764231589204E-06
"p720": 0.0001994577008548455
"p721": 1.6935087808430282E-05
"p722": 0
"p723": 0
"p724": 0
"p725": 0
"p726": 0
"p727": 0
"p728": 1.8816764231589204E-06
"p729": 0
"p730": 0
"p731": 0
"p732": 3.0106822770542726E-05
"p733": 5.645029269476761E-06
"p734": 0
"p735": 0
"p736": 0.0010687922083542668
"p737": 0.0002728430813580434
"p738": 1.6935087808430286E-05
"p739": 0
"p740": 0
"p741": 0
"p742": 0
"p743": 0
"p744": 0.0005325144277539745
"p745": 0.00017123255450746173
"p746": 1.5053411385271365E-05
"p747": 0
"p748": 0.0003481101382844002
"p749": 0.00011290058538953522
"p750": 2.446179350106597E-05
"p751": 0
"p752": 0.002754774283504659
"p753": 0.0006999836294151183
"p754": 4.704191057897301E-05
"p755": 0
