"p693": 0.002481931202146616
"p694": 0.0004817091643286836
"p695": 1.1290058538953523E-05
"p696": 0.0009370748587331425
"p697": 0.00041773216594128044
"p698": 9.408382115794602E-06
"p699": 0
"p700": 0.003693730818660961
"p701": 0.0011741660880511663
"p702": 3.7633528463178407E-05
"p703": 0
"p704": 0.0002728430813580434
"p705": 7.150370408003898E-05
"p706": 3.7633528463178407E-06
"p707": 0
"p708": 0.0008241742733436071
"p709": 0.000259671346395931
"p710": 3.3870175616860565E-05
"p711": 0
"p712": 1.1290058538953523E-05
"p713": 1.8816764231589204E-06
"p714": 1.8816764231589204E-06
"p715": 0
"p716": 2.8225146347383808E-05
"p717": 1.3171734962112442E-05
"p718": 3.7633528463178407E-06
"p719": 0
"p720": 0.0007018653058382773
"p721": 0.00014112573173691902
"p722": 7.5267056926356815E-06
"p723": 0
"p724": 0.0020754890947442886
"p725": 0.0004929992228676371
"p726": 7.150370408003898E-05
"p727": 0
"p728": 9.784717400426385E-05
"p729": 3.575185204001948E-05
"p730": 7.5267056926356815E-06
"p731": 1.8816764231589204E-06
"p732": 0.00026155302281908986
"p733": 9.784717400426385E-05
"p734": 1.5053411385271363E-05
"p735": 1.8816764231589204E-06
"p736": 0.0015580280783755857
"p737": 0.00047606413505920693
"p738": 6.39769983874033E-05
"p739": 1.8816764231589204E-06
"p740": 0.0020340922134347928
"p741": 0.0006303616017582384
"p742": 8.279376261899251E-05
"p743": 1.8816764231589204E-06
"p744": 0.0006228348960656026
"p745": 0.0001844042894695742
"p746": 5.645029269476761E-06
"p747": 0
"p748": 0.0002709614049348845
"p749": 0.00012607232035164763
"p750": 5.645029269476761E-06
"p751": 0
"p752": 0.005731586384942072
"p753": 0.0018685046881968077
"p754": 0.0003085949333980629
"p755": 1.5053411385271365E-05
