"p693": 8.467543904215141E-05
"p694": 0
"p695": 0
"p696": 0.02000410205460249
"p697": 0.008239861057012911
"p698": 0.001862859658927331
"p699": 0.00015241579027587258
"p700": 0.022446518051862763
"p701": 0.007863525772381127
"p702": 0.0014037306116765546
"p703": 9.22021447347871E-05
"p704": 0.0014771159921797524
"p705": 0.0003895070195938964
"p706": 6.021364554108546E-05
"p707": 5.645029269476761E-06
"p708": 0
"p709": 0
"p710": 0
"p711": 0
"p712": 0.0002389729057411829
"p713": 2.6343469924224887E-05
"p714": 0
"p715": 0
"p716": 0.00023144620004854718
"p717": 7.714873334951573E-05
"p718": 5.645029269476761E-06
"p719": 0
"p720": 0.0036542156137746224
"p721": 0.0008806245660383747
"p722": 0.00012230896750532982
"p723": 7.5267056926356815E-06
"p724": 1.1290058538953523E-05
"p725": 0
"p726": 0
"p727": 0
"p728": 0.0009408382115794602
"p729": 0.00020698440654748124
"p730": 3.0106822770542726E-05
"p731": 0
"p732": 0.001016105268505817
"p733": 0.0002897781691664737
"p734": 7.33853805031979E-05
"p735": 1.1290058538953523E-05
"p736": 0.0026926789615404146
"p737": 0.000850517743267832
"p738": 0.0001204272910821709
"p739": 5.645029269476761E-06
"p740": 0
"p741": 0
"p742": 0
"p743": 0
"p744": 0.0027604193127741357
"p745": 0.0010575021498153135
"p746": 0.00016935087808430283
"p747": 1.6935087808430282E-05
"p748": 0.0021131226232074672
"p749": 0.0006830485416066881
"p750": 0.00014677076100639576
"p751": 1.3171734962112444E-05
"p752": 0.009304889912520861
"p753": 0.002982457130706889
"p754": 0.0004741824586360479
"p755": 3.9515204886337324E-05
