"p693": 0.0001486524374295547
"p694": 2.6343469924224884E-05
"p695": 1.8816764231589204E-06
"p696": 5.645029269476761E-06
"p697": 5.645029269476761E-06
"p698": 1.8816764231589204E-06
"p699": 0
"p700": 4.139688130949624E-05
"p701": 1.8816764231589203E-05
"p702": 1.3171734962112444E-05
"p703": 0
"p704": 6.774035123372113E-05
"p705": 1.3171734962112444E-05
"p706": 3.7633528463178407E-06
"p707": 0
"p708": 0.0003443467854380824
"p709": 6.39769983874033E-05
"p710": 1.1290058538953523E-05
"p711": 0
"p712": 1.8816764231589204E-06
"p713": 1.8816764231589204E-06
"p714": 1.8816764231589204E-06
"p715": 1.8816764231589204E-06
"p716": 1.8816764231589203E-05
"p717": 3.7633528463178407E-06
"p718": 1.8816764231589204E-06
"p719": 1.8816764231589204E-06
"p720": 0
"p721": 0
"p722": 0
"p723": 0
"p724": 2.2580117077907045E-05
"p725": 5.645029269476761E-06
"p726": 0
"p727": 0
"p728": 0
"p729": 0
"p730": 0
"p731": 0
"p732": 0
"p733": 0
"p734": 0
"p735": 0
"p736": 0.0008825062424615337
"p737": 0.000212629435816958
"p738": 2.8225146347383805E-05
"p739": 1.8816764231589204E-06
"p740": 0.0012626048799396355
"p741": 0.00034622846186124133
"p742": 2.6343469924224887E-05
"p743": 1.8816764231589204E-06
"p744": 0.0002446179350106596
"p745": 4.327855773265517E-05
"p746": 9.408382115794602E-06
"p747": 0
"p748": 0.00015429746669903146
"p749": 2.8225146347383808E-05
"p750": 7.5267056926356815E-06
"p751": 0
"p752": 0.0003067132569749041
"p753": 0.00011666393823585305
"p754": 2.6343469924224887E-05
"p755": 1.8816764231589204E-06
