"p693": 0.00042902222448023376
"p694": 6.209532196424438E-05
"p695": 5.645029269476761E-06
"p696": 0.0026813889030014616
"p697": 0.0007282087757625021
"p698": 9.596549758110495E-05
"p699": 5.645029269476761E-06
"p700": 0.008890921099425901
"p701": 0.003005037247784796
"p702": 0.0003631635496696716
"p703": 1.3171734962112442E-05
"p704": 7.150370408003899E-05
"p705": 1.6935087808430282E-05
"p706": 0
"p707": 0
"p708": 7.150370408003898E-05
"p709": 5.645029269476761E-06
"p710": 0
"p711": 0
"p712": 0.002884609956702625
"p713": 0.0008636894782299444
"p714": 0.00016935087808430283
"p715": 1.5053411385271365E-05
"p716": 0.0053571327767334455
"p717": 0.0017330239857293655
"p718": 0.0002239194943559115
"p719": 9.408382115794602E-06
"p720": 0.0007451438635709324
"p721": 0.00024461793501065964
"p722": 2.8225146347383805E-05
"p723": 0
"p724": 0.0010443304148532008
"p725": 0.0002295645236253883
"p726": 0
"p727": 0
"p728": 0.010225029683445575
"p729": 0.0035168532348840223
"p730": 0.0007225637464930254
"p731": 7.903040977267463E-05
"p732": 0.013094586228762929
"p733": 0.004271405480570749
"p734": 0.0007263270993393433
"p735": 5.8331969117926534E-05
"p736": 1.8816764231589203E-05
"p737": 3.7633528463178407E-06
"p738": 0
"p739": 0
"p740": 1.1290058538953523E-05
"p741": 0
"p742": 0
"p743": 0
"p744": 0.000566384603370835
"p745": 0.00017311423093062066
"p746": 3.387017561686057E-05
"p747": 0
"p748": 0.001298356731979655
"p749": 0.00034434678543808245
"p750": 3.7633528463178407E-05
"p751": 0
"p752": 0.00015429746669903146
"p753": 3.575185204001948E-05
"p754": 5.645029269476761E-06
"p755": 0
