"p693": 0.0033117505047596998
"p694": 0.0006548233952593044
"p695": 5.64502926947676E-05
"p696": 0.0005325144277539745
"p697": 0.0001712325545074617
"p698": 1.5053411385271365E-05
"p699": 0
"p700": 0.0022561300313675456
"p701": 0.000658586748105622
"p702": 8.843879188846925E-05
"p703": 5.645029269476761E-06
"p704": 0.0012607232035164767
"p705": 0.0002502629642801364
"p706": 1.5053411385271363E-05
"p707": 0
"p708": 0.00447838988711823
"p709": 0.0011986278815522323
"p710": 0.0001844042894695742
"p711": 7.5267056926356815E-06
"p712": 0.00015994249596850823
"p713": 4.327855773265516E-05
"p714": 7.5267056926356815E-06
"p715": 1.8816764231589204E-06
"p716": 0.0007263270993393433
"p717": 0.00030671325697490405
"p718": 8.467543904215141E-05
"p719": 1.3171734962112442E-05
"p720": 1.6935087808430286E-05
"p721": 0
"p722": 0
"p723": 0
"p724": 0.0005776746619097886
"p725": 9.972885042742278E-05
"p726": 5.645029269476761E-06
"p727": 0
"p728": 0
"p729": 0
"p730": 0
"p731": 0
"p732": 0
"p733": 0
"p734": 0
"p735": 0
"p736": 0.007880460860189559
"p737": 0.0028770832510099887
"p738": 0.000683048541606688
"p739": 7.714873334951572E-05
"p740": 0.012520674919699458
"p741": 0.004081356161831699
"p742": 0.0007169187172235485
"p743": 5.6450292694767617E-05
"p744": 0.003985390664250594
"p745": 0.0015109861677966127
"p746": 0.00016370584881482606
"p747": 7.5267056926356815E-06
"p748": 0.003496154794229274
"p749": 0.0012531964978238408
"p750": 0.00013924405531376012
"p751": 7.5267056926356815E-06
"p752": 0.003185678184408052
"p753": 0.0009991701806973865
"p754": 0.0001749959073537796
"p755": 1.3171734962112444E-05
