"p693": 0
"p694": 0
"p695": 0
"p696": 0.0007940674505730643
"p697": 0.00032553002120649325
"p698": 2.2580117077907045E-05
"p699": 0
"p700": 0.0007056286586845952
"p701": 0.00022768284720222934
"p702": 4.8923587002131926E-05
"p703": 1.8816764231589204E-06
"p704": 0.0011948645287059145
"p705": 0.0002446179350106596
"p706": 1.5053411385271363E-05
"p707": 0
"p708": 3.7633528463178407E-06
"p709": 3.7633528463178407E-06
"p710": 0
"p711": 0
"p712": 0.0003725719317854662
"p713": 6.585867481056222E-05
"p714": 5.645029269476761E-06
"p715": 1.8816764231589204E-06
"p716": 0.00034246510901492347
"p717": 0.0001034922032737406
"p718": 2.8225146347383805E-05
"p719": 1.8816764231589204E-06
"p720": 0.00016935087808430283
"p721": 1.1290058538953523E-05
"p722": 0
"p723": 0
"p724": 0
"p725": 0
"p726": 0
"p727": 0
"p728": 0
"p729": 0
"p730": 0
"p731": 0
"p732": 0
"p733": 0
"p734": 0
"p735": 0
"p736": 0.0033794908559934213
"p737": 0.0009107313888089175
"p738": 8.655711546531035E-05
"p739": 3.7633528463178407E-06
"p740": 3.7633528463178407E-06
"p741": 3.7633528463178407E-06
"p742": 0
"p743": 0
"p744": 0.002967403719321617
"p745": 0.0008825062424615338
"p746": 0.00016370584881482606
"p747": 9.408382115794602E-06
"p748": 0.0019362450394305288
"p749": 0.0006454150131435098
"p750": 0.0001392440553137601
"p751": 1.8816764231589204E-06
"p752": 0.0024875762314160925
"p753": 0.0007846590684572697
"p754": 7.526705692635681E-05
"p755": 1.8816764231589204E-06
