"p693": 0.0034698113243050496
"p694": 0.0004760641350592069
"p695": 2.2580117077907055E-05
"p696": 0.0003499918147075592
"p697": 0.00010537387969689955
"p698": 1.1290058538953523E-05
"p699": 0
"p700": 0.0008091208619583358
"p701": 0.00022391949435591156
"p702": 2.0698440654748128E-05
"p703": 0
"p704": 0.0001768775837769385
"p705": 1.8816764231589203E-05
"p706": 0
"p707": 0
"p708": 0.0013830321710218063
"p709": 0.0002728430813580435
"p710": 7.5267056926356815E-06
"p711": 0
"p712": 1.6935087808430282E-05
"p713": 0
"p714": 0
"p715": 0
"p716": 0.0001956943480085277
"p717": 8.46754390421514E-05
"p718": 2.6343469924224884E-05
"p719": 0
"p720": 0
"p721": 0
"p722": 0
"p723": 0
"p724": 0.00016370584881482604
"p725": 5.645029269476761E-06
"p726": 0
"p727": 0
"p728": 0
"p729": 0
"p730": 0
"p731": 0
"p732": 0
"p733": 0
"p734": 0
"p735": 0
"p736": 0.0013265818783270388
"p737": 0.0004327855773265517
"p738": 9.784717400426387E-05
"p739": 1.8816764231589204E-06
"p740": 0.004756877997745751
"p741": 0.0013660970832133762
"p742": 0.00018628596589273313
"p743": 9.408382115794602E-06
"p744": 0.0003499918147075592
"p745": 0.00010537387969689955
"p746": 1.1290058538953523E-05
"p747": 0
"p748": 0.0007093920115309131
"p749": 0.000212629435816958
"p750": 3.198849919370165E-05
"p751": 0
"p752": 0.0002709614049348845
"p753": 9.220214473478709E-05
"p754": 2.2580117077907045E-05
"p755": 1.8816764231589204E-06
