"p693": 0.007598209396715719
"p694": 0.000970945034350003
"p695": 5.8331969117926534E-05
"p696": 0.001136532559587988
"p697": 0.0002408545821643418
"p698": 3.0106822770542726E-05
"p699": 1.8816764231589204E-06
"p700": 0.004128398072410671
"p701": 0.0012136812929375038
"p702": 0.00016935087808430286
"p703": 7.5267056926356815E-06
"p704": 0.001460180904371322
"p705": 0.0005268693984844977
"p706": 0.00013736237889060116
"p707": 1.8816764231589203E-05
"p708": 0.004045604309791678
"p709": 0.0013548070246744224
"p710": 0.00019945770085484554
"p711": 1.1290058538953523E-05
"p712": 0.0006303616017582383
"p713": 0.00026343469924224885
"p714": 3.951520488633733E-05
"p715": 5.645029269476761E-06
"p716": 0.0009013230066931229
"p717": 0.00034999181470755914
"p718": 4.327855773265517E-05
"p719": 1.8816764231589204E-06
"p720": 0.005406056363735578
"p721": 0.0020585540069358588
"p722": 0.000517461016368703
"p723": 7.526705692635681E-05
"p724": 0.009619129875188403
"p725": 0.0031649797437533034
"p726": 0.0005701479562171528
"p727": 4.892358700213193E-05
"p728": 0.0026437553745382834
"p729": 0.0009144947416552353
"p730": 0.00016182417239166716
"p731": 7.5267056926356815E-06
"p732": 0.0031235828624438075
"p733": 0.0010123419156594993
"p734": 0.00014112573173691902
"p735": 7.5267056926356815E-06
"p736": 0.00028789649274331484
"p737": 0.00010725555612005844
"p738": 2.0698440654748124E-05
"p739": 0
"p740": 0.0010330403563142475
"p741": 0.0002878964927433148
"p742": 3.0106822770542726E-05
"p743": 0
"p744": 7.33853805031979E-05
"p745": 2.6343469924224884E-05
"p746": 5.645029269476761E-06
"p747": 0
"p748": 8.655711546531035E-05
"p749": 2.6343469924224887E-05
"p750": 7.5267056926356815E-06
"p751": 0
"p752": 0.0025364998184182245
"p753": 0.000666113453798258
"p754": 7.52670569263568E-05
"p755": 0
