"p693": 9.408382115794602E-06
"p694": 3.7633528463178407E-06
"p695": 3.7633528463178407E-06
"p696": 9.784717400426385E-05
"p697": 4.516023415581409E-05
"p698": 1.5053411385271363E-05
"p699": 1.8816764231589204E-06
"p700": 0.0007846590684572697
"p701": 0.00019004931873905096
"p702": 3.0106822770542726E-05
"p703": 1.8816764231589204E-06
"p704": 6.209532196424438E-05
"p705": 1.3171734962112442E-05
"p706": 1.8816764231589204E-06
"p707": 0
"p708": 4.704191057897301E-05
"p709": 1.3171734962112444E-05
"p710": 0
"p711": 0
"p712": 0.0008317009790362428
"p713": 0.0002032210537011634
"p714": 3.387017561686057E-05
"p715": 1.8816764231589204E-06
"p716": 0.0009878801221584331
"p717": 0.00028601481632015586
"p718": 2.8225146347383808E-05
"p719": 1.8816764231589204E-06
"p720": 0
"p721": 0
"p722": 0
"p723": 0
"p724": 5.645029269476761E-06
"p725": 5.645029269476761E-06
"p726": 0
"p727": 0
"p728": 0
"p729": 0
"p730": 0
"p731": 0
"p732": 4.327855773265516E-05
"p733": 3.7633528463178407E-06
"p734": 0
"p735": 0
"p736": 5.645029269476761E-06
"p737": 1.8816764231589204E-06
"p738": 0
"p739": 0
"p740": 1.3171734962112444E-05
"p741": 5.645029269476761E-06
"p742": 0
"p743": 0
"p744": 0.0002615530228190899
"p745": 5.833196911792653E-05
"p746": 1.3171734962112442E-05
"p747": 0
"p748": 0.00040832378382548573
"p749": 0.00010537387969689954
"p750": 1.6935087808430286E-05
"p751": 0
"p752": 5.645029269476761E-06
"p753": 5.645029269476761E-06
"p754": 5.645029269476761E-06
"p755": 0
