"p693": 0.00022203781793275263
"p694": 2.2580117077907045E-05
"p695": 0
"p696": 0.0021827446508643476
"p697": 0.0006943386001456416
"p698": 0.0001298356731979655
"p699": 1.8816764231589204E-06
"p700": 0.009261611354788207
"p701": 0.0032515368592186153
"p702": 0.0005061709578297498
"p703": 1.8816764231589203E-05
"p704": 0
"p705": 0
"p706": 0
"p707": 0
"p708": 3.9515204886337324E-05
"p709": 1.8816764231589204E-06
"p710": 0
"p711": 0
"p712": 0.000660468424528781
"p713": 0.00016935087808430283
"p714": 1.8816764231589204E-06
"p715": 0
"p716": 0.002957995337205822
"p717": 0.0009088497123857587
"p718": 3.951520488633733E-05
"p719": 1.8816764231589204E-06
"p720": 0.00012419064392848875
"p721": 0
"p722": 0
"p723": 0
"p724": 0.0008693345074994211
"p725": 0.0001016105268505817
"p726": 7.5267056926356815E-06
"p727": 0
"p728": 0.000779014039187793
"p729": 0.00017311423093062066
"p730": 7.5267056926356815E-06
"p731": 0
"p732": 0.003253418535641773
"p733": 0.000895677977423646
"p734": 8.467543904215141E-05
"p735": 0
"p736": 3.387017561686057E-05
"p737": 1.8816764231589204E-06
"p738": 0
"p739": 0
"p740": 0.00023709122931802392
"p741": 3.575185204001948E-05
"p742": 0
"p743": 0
"p744": 0.0026399920216919654
"p745": 0.0007903040977267468
"p746": 0.00012230896750532982
"p747": 1.8816764231589204E-06
"p748": 0.008572917783912044
"p749": 0.002694560637963574
"p750": 0.00034811013828440026
"p751": 1.3171734962112444E-05
"p752": 0.0003575185204001949
"p753": 0.00010161052685058171
"p754": 1.8816764231589203E-05
"p755": 0
