"p693": 1.8816764231589204E-06
"p694": 0
"p695": 0
"p696": 0.0007037469822614362
"p697": 0.0002051027301243223
"p698": 3.7633528463178407E-05
"p699": 1.8816764231589204E-06
"p700": 0.0022956452362538826
"p701": 0.0008222925969204481
"p702": 0.00014300740816007796
"p703": 1.8816764231589204E-06
"p704": 7.5267056926356815E-06
"p705": 3.7633528463178407E-06
"p706": 0
"p707": 0
"p708": 0.00019004931873905096
"p709": 3.9515204886337324E-05
"p710": 0
"p711": 0
"p712": 0.0007357354814551379
"p713": 0.0001467707610063958
"p714": 7.5267056926356815E-06
"p715": 0
"p716": 0.0018534512768115365
"p717": 0.0004534840179812998
"p718": 7.150370408003898E-05
"p719": 0
"p720": 0
"p721": 0
"p722": 0
"p723": 0
"p724": 0
"p725": 0
"p726": 0
"p727": 0
"p728": 0
"p729": 0
"p730": 0
"p731": 0
"p732": 0.00021639278866327584
"p733": 3.9515204886337324E-05
"p734": 0
"p735": 0
"p736": 0.0005833196911792652
"p737": 0.00018064093662325636
"p738": 5.645029269476761E-06
"p739": 0
"p740": 0.00037445360820862513
"p741": 0.00010725555612005845
"p742": 0
"p743": 0
"p744": 0.007210584053544985
"p745": 0.0022279048850201615
"p746": 0.0003198849919370165
"p747": 1.5053411385271365E-05
"p748": 0.005803090089022111
"p749": 0.0018572146296578543
"p750": 0.0002540263171264542
"p751": 1.3171734962112444E-05
"p752": 2.2580117077907045E-05
"p753": 5.645029269476761E-06
"p754": 0
"p755": 0
