"p693": 0
"p694": 0
"p695": 0
"p696": 0.0005042892814065906
"p697": 0.0001806409366232563
"p698": 2.2580117077907045E-05
"p699": 0
"p700": 0.0010480937676995187
"p701": 0.0003895070195938965
"p702": 5.833196911792654E-05
"p703": 1.8816764231589204E-06
"p704": 0.0016502302231103732
"p705": 0.0003838619903244198
"p706": 5.268693984844978E-05
"p707": 0
"p708": 2.2580117077907045E-05
"p709": 3.7633528463178407E-06
"p710": 0
"p711": 0
"p712": 0.0006999836294151183
"p713": 0.0001844042894695742
"p714": 2.6343469924224884E-05
"p715": 1.8816764231589204E-06
"p716": 0.0005042892814065906
"p717": 0.00014865243742955472
"p718": 2.2580117077907045E-05
"p719": 1.8816764231589204E-06
"p720": 0.00021639278866327584
"p721": 3.9515204886337324E-05
"p722": 0
"p723": 0
"p724": 0
"p725": 0
"p726": 0
"p727": 0
"p728": 0
"p729": 0
"p730": 0
"p731": 0
"p732": 0
"p733": 0
"p734": 0
"p735": 0
"p736": 0.004318447391149722
"p737": 0.001349161995404946
"p738": 0.00022203781793275263
"p739": 1.3171734962112444E-05
"p740": 1.5053411385271363E-05
"p741": 3.7633528463178407E-06
"p742": 0
"p743": 0
"p744": 0.0068210770339510885
"p745": 0.0022429582964054334
"p746": 0.0002502629642801364
"p747": 7.5267056926356815E-06
"p748": 0.00318944153725437
"p749": 0.0011026623839711274
"p750": 0.0001110189089663763
"p751": 7.5267056926356815E-06
"p752": 0.0037031392007767553
"p753": 0.0010763189140469026
"p754": 0.0001561791431221904
"p755": 1.8816764231589204E-06
