"p693": 0.0029786937778605717
"p694": 0.00045348401798129986
"p695": 1.8816764231589203E-05
"p696": 0.00045536569440445874
"p697": 0.00011666393823585308
"p698": 1.1290058538953523E-05
"p699": 0
"p700": 0.002647518727384601
"p701": 0.0008166475676509716
"p702": 0.00010913723254321738
"p703": 0
"p704": 0.0006303616017582383
"p705": 0.00016935087808430283
"p706": 1.8816764231589204E-06
"p707": 0
"p708": 0.0029429419258205506
"p709": 0.0009088497123857587
"p710": 3.951520488633733E-05
"p711": 1.8816764231589204E-06
"p712": 4.516023415581409E-05
"p713": 7.5267056926356815E-06
"p714": 0
"p715": 0
"p716": 0.0001580608195453493
"p717": 4.327855773265517E-05
"p718": 0
"p719": 0
"p720": 0.0007413805107246147
"p721": 0.00016558752523798497
"p722": 7.5267056926356815E-06
"p723": 0
"p724": 0.003353147386069195
"p725": 0.0008919146245773282
"p726": 8.467543904215141E-05
"p727": 0
"p728": 0.00013736237889060116
"p729": 4.5160234155814084E-05
"p730": 1.1290058538953521E-05
"p731": 0
"p732": 0.0007357354814551377
"p733": 0.00023520955289486504
"p734": 4.139688130949624E-05
"p735": 0
"p736": 0.0022900002069844057
"p737": 0.0006943386001456416
"p738": 0.00011101890896637632
"p739": 1.8816764231589204E-06
"p740": 0.008245506086282392
"p741": 0.0026305836395761704
"p742": 0.0003424651090149235
"p743": 1.3171734962112444E-05
"p744": 0.0004553656944044587
"p745": 0.00011666393823585307
"p746": 1.1290058538953523E-05
"p747": 0
"p748": 0.00073197212860882
"p749": 0.00016370584881482604
"p750": 1.8816764231589203E-05
"p751": 0
"p752": 0.005780509971944203
"p753": 0.002310698647639154
"p754": 0.0003819803139012609
"p755": 1.1290058538953523E-05
