"p693": 0.0003838619903244198
"p694": 6.585867481056221E-05
"p695": 0
"p696": 0.0025139197013403173
"p697": 0.0006924569237224827
"p698": 5.080526342529084E-05
"p699": 0
"p700": 0.010862917990896448
"p701": 0.0033926625909555344
"p702": 0.0001467707610063958
"p703": 1.8816764231589204E-06
"p704": 1.8816764231589204E-06
"p705": 0
"p706": 0
"p707": 0
"p708": 2.0698440654748124E-05
"p709": 0
"p710": 0
"p711": 0
"p712": 0.00034434678543808245
"p713": 0.00011666393823585304
"p714": 2.446179350106597E-05
"p715": 1.8816764231589204E-06
"p716": 0.0018026460133862454
"p717": 0.0005118159870992264
"p718": 5.45686162716087E-05
"p719": 5.645029269476761E-06
"p720": 8.279376261899248E-05
"p721": 3.7633528463178407E-06
"p722": 0
"p723": 0
"p724": 0.0002897781691664737
"p725": 4.139688130949625E-05
"p726": 0
"p727": 0
"p728": 0.0014677076100639576
"p729": 0.0004704191057897301
"p730": 0.00010349220327374063
"p731": 1.8816764231589204E-06
"p732": 0.004431347976539258
"p733": 0.0013040017612491316
"p734": 0.0001862859658927331
"p735": 9.408382115794602E-06
"p736": 0
"p737": 0
"p738": 0
"p739": 0
"p740": 7.5267056926356815E-06
"p741": 0
"p742": 0
"p743": 0
"p744": 5.833196911792654E-05
"p745": 2.0698440654748124E-05
"p746": 0
"p747": 0
"p748": 0.00046477407652025334
"p749": 0.0001298356731979655
"p750": 7.5267056926356815E-06
"p751": 0
"p752": 4.516023415581409E-05
"p753": 2.2580117077907045E-05
"p754": 0
"p755": 0
