"p693": 0
"p694": 0
"p695": 0
"p696": 0.02727866310653488
"p697": 0.009726385431308462
"p698": 0.0018722680410431258
"p699": 0.00015994249596850825
"p700": 0.0061907154321928495
"p701": 0.0019701152150473893
"p702": 0.0002954231984359505
"p703": 3.198849919370165E-05
"p704": 0.0002728430813580435
"p705": 2.0698440654748124E-05
"p706": 0
"p707": 0
"p708": 0
"p709": 0
"p710": 0
"p711": 0
"p712": 0.004098291249640128
"p713": 0.0009991701806973867
"p714": 0.00014677076100639576
"p715": 7.5267056926356815E-06
"p716": 0.00047041910578973003
"p717": 6.585867481056221E-05
"p718": 0
"p719": 0
"p720": 0
"p721": 0
"p722": 0
"p723": 0
"p724": 0
"p725": 0
"p726": 0
"p727": 0
"p728": 0.0005231060456381798
"p729": 7.714873334951573E-05
"p730": 5.645029269476761E-06
"p731": 0
"p732": 1.1290058538953523E-05
"p733": 0
"p734": 0
"p735": 0
"p736": 0.0009765900636194797
"p737": 0.0001844042894695742
"p738": 0
"p739": 0
"p740": 3.9515204886337324E-05
"p741": 0
"p742": 0
"p743": 0
"p744": 0.015290502614589392
"p745": 0.004719244469282572
"p746": 0.0007827773920341109
"p747": 6.021364554108545E-05
"p748": 0.005899055586603216
"p749": 0.002062317359782177
"p750": 0.0004610107236739355
"p751": 6.209532196424438E-05
"p752": 6.39769983874033E-05
"p753": 7.5267056926356815E-06
"p754": 0
"p755": 0
