"p693": 0
"p694": 0
"p695": 0
"p696": 5.645029269476761E-05
"p697": 9.408382115794602E-06
"p698": 1.8816764231589204E-06
"p699": 1.8816764231589204E-06
"p700": 0.00012230896750532982
"p701": 3.010682277054273E-05
"p702": 1.1290058538953523E-05
"p703": 1.8816764231589204E-06
"p704": 0.0003838619903244198
"p705": 0.0001279539967748066
"p706": 2.2580117077907045E-05
"p707": 1.8816764231589204E-06
"p708": 0
"p709": 0
"p710": 0
"p711": 0
"p712": 0.00030859493339806287
"p713": 9.220214473478709E-05
"p714": 2.0698440654748124E-05
"p715": 1.8816764231589204E-06
"p716": 0.00010349220327374062
"p717": 4.8923587002131926E-05
"p718": 1.3171734962112442E-05
"p719": 0
"p720": 0.000895677977423646
"p721": 0.00024461793501065964
"p722": 2.4461793501065966E-05
"p723": 1.8816764231589204E-06
"p724": 5.645029269476761E-06
"p725": 5.645029269476761E-06
"p726": 0
"p727": 0
"p728": 0.0010951356782784917
"p729": 0.00023332787647170614
"p730": 3.0106822770542726E-05
"p731": 1.8816764231589204E-06
"p732": 0.0004591290472507766
"p733": 0.00010913723254321736
"p734": 1.5053411385271363E-05
"p735": 0
"p736": 0.0001016105268505817
"p737": 4.3278557732655166E-05
"p738": 1.5053411385271363E-05
"p739": 0
"p740": 0
"p741": 0
"p742": 0
"p743": 0
"p744": 6.021364554108546E-05
"p745": 2.2580117077907045E-05
"p746": 9.408382115794602E-06
"p747": 1.8816764231589204E-06
"p748": 2.2580117077907045E-05
"p749": 1.3171734962112444E-05
"p750": 7.5267056926356815E-06
"p751": 1.8816764231589204E-06
"p752": 0.0006548233952593043
"p753": 0.0001599424959685082
"p754": 3.0106822770542722E-05
"p755": 0
