"p693": 9.408382115794602E-06
"p694": 3.7633528463178407E-06
"p695": 3.7633528463178407E-06
"p696": 4.327855773265517E-05
"p697": 1.3171734962112444E-05
"p698": 5.645029269476761E-06
"p699": 0
"p700": 0.0005024076049834317
"p701": 8.655711546531035E-05
"p702": 1.1290058538953523E-05
"p703": 0
"p704": 3.7633528463178407E-06
"p705": 0
"p706": 0
"p707": 0
"p708": 9.408382115794602E-06
"p709": 1.8816764231589204E-06
"p710": 0
"p711": 0
"p712": 0.00029730487485910944
"p713": 0.00010725555612005845
"p714": 2.4461793501065966E-05
"p715": 1.8816764231589204E-06
"p716": 0.0004628924000970944
"p717": 0.00014112573173691902
"p718": 2.2580117077907045E-05
"p719": 1.8816764231589204E-06
"p720": 6.774035123372113E-05
"p721": 1.5053411385271363E-05
"p722": 1.8816764231589204E-06
"p723": 0
"p724": 5.645029269476761E-05
"p725": 2.2580117077907045E-05
"p726": 0
"p727": 0
"p728": 0.0010273953270447708
"p729": 0.0002295645236253883
"p730": 3.387017561686057E-05
"p731": 1.8816764231589204E-06
"p732": 0.0012626048799396355
"p733": 0.00033493840332228785
"p734": 3.0106822770542726E-05
"p735": 1.8816764231589204E-06
"p736": 0
"p737": 0
"p738": 0
"p739": 0
"p740": 0
"p741": 0
"p742": 0
"p743": 0
"p744": 6.774035123372114E-05
"p745": 3.0106822770542726E-05
"p746": 1.3171734962112442E-05
"p747": 0
"p748": 0.00011290058538953522
"p749": 4.516023415581409E-05
"p750": 1.5053411385271363E-05
"p751": 0
"p752": 5.645029269476761E-06
"p753": 5.645029269476761E-06
"p754": 5.645029269476761E-06
"p755": 0
