"p693": 0.0007733690099183164
"p694": 0.00012419064392848873
"p695": 2.2580117077907045E-05
"p696": 0.00928983650113559
"p697": 0.003291052064104952
"p698": 0.0006642317773750988
"p699": 7.714873334951573E-05
"p700": 0.02454835061653128
"p701": 0.009549507847531523
"p702": 0.0019776419207400255
"p703": 0.0001938126715853688
"p704": 0
"p705": 0
"p706": 0
"p707": 0
"p708": 9.032046831162817E-05
"p709": 1.1290058538953523E-05
"p710": 0
"p711": 0
"p712": 0.0015448563434134737
"p713": 0.00043843060659602836
"p714": 4.139688130949625E-05
"p715": 0
"p716": 0.005407938040158738
"p717": 0.0019663518622010717
"p718": 0.0002690797285117256
"p719": 1.8816764231589203E-05
"p720": 0.0002521446407032953
"p721": 5.645029269476761E-06
"p722": 0
"p723": 0
"p724": 0.0018233444540409938
"p725": 0.0003180033155138575
"p726": 3.575185204001949E-05
"p727": 1.8816764231589204E-06
"p728": 0.00221285147363489
"p729": 0.0005306327513308156
"p730": 7.150370408003898E-05
"p731": 1.1290058538953523E-05
"p732": 0.00706004993969227
"p733": 0.0020830158004369248
"p734": 0.0003462284618612414
"p735": 4.139688130949625E-05
"p736": 0.00038762534317073765
"p737": 9.596549758110493E-05
"p738": 3.7633528463178407E-06
"p739": 0
"p740": 0.0005889647204487421
"p741": 0.00015053411385271365
"p742": 1.3171734962112444E-05
"p743": 0
"p744": 0.008813772366076384
"p745": 0.0030897126868269474
"p746": 0.0006058998082571724
"p747": 5.080526342529085E-05
"p748": 0.01694261451412292
"p749": 0.005846368646754767
"p750": 0.0009972885042742279
"p751": 5.8331969117926534E-05
"p752": 0.002013393772780045
"p753": 0.000805357509112018
"p754": 0.00018252261304641527
"p755": 3.7633528463178407E-06
