"p693": 6.209532196424438E-05
"p694": 5.645029269476761E-06
"p695": 0
"p696": 0.020576131687242802
"p697": 0.008222925969204481
"p698": 0.0018101727190788816
"p699": 0.00016182417239166716
"p700": 0.009511874319068343
"p701": 0.0034867464121134794
"p702": 0.0006623501009519401
"p703": 5.64502926947676E-05
"p704": 5.645029269476761E-06
"p705": 0
"p706": 0
"p707": 0
"p708": 0
"p709": 0
"p710": 0
"p711": 0
"p712": 0.002301290265523359
"p713": 0.0006096631611034902
"p714": 8.843879188846922E-05
"p715": 5.645029269476761E-06
"p716": 0.00020510273012432228
"p717": 4.704191057897301E-05
"p718": 3.7633528463178407E-06
"p719": 0
"p720": 0.0005494495155624048
"p721": 7.714873334951573E-05
"p722": 0
"p723": 0
"p724": 0
"p725": 0
"p726": 0
"p727": 0
"p728": 0.005776746619097885
"p729": 0.0014357191108702563
"p730": 0.00019757602443168666
"p731": 7.5267056926356815E-06
"p732": 0.0006190715432192849
"p733": 0.00010537387969689954
"p734": 7.5267056926356815E-06
"p735": 0
"p736": 7.714873334951573E-05
"p737": 5.645029269476761E-06
"p738": 0
"p739": 0
"p740": 0
"p741": 0
"p742": 0
"p743": 0
"p744": 0.007052523233999635
"p745": 0.0021564011809401223
"p746": 0.00028036978705067917
"p747": 9.408382115794602E-06
"p748": 0.002098069211822196
"p749": 0.0006247165724887615
"p750": 0.00013171734962112442
"p751": 1.3171734962112444E-05
"p752": 0.0007583155985330448
"p753": 0.00018816764231589203
"p754": 0
"p755": 0
