"p693": 0
"p694": 0
"p695": 0
"p696": 0.009944659896394896
"p697": 0.003661742319467259
"p698": 0.0006416516602971918
"p699": 4.8923587002131926E-05
"p700": 0.0020529089776663823
"p701": 0.0006491783659898276
"p702": 0.00012230896750532982
"p703": 1.1290058538953523E-05
"p704": 0.0015505013726829502
"p705": 0.00030106822770542725
"p706": 3.575185204001949E-05
"p707": 1.8816764231589204E-06
"p708": 0
"p709": 0
"p710": 0
"p711": 0
"p712": 0.0069527943835722104
"p713": 0.002054790654089541
"p714": 0.000353755167553877
"p715": 4.139688130949625E-05
"p716": 0.0014093756409460313
"p717": 0.00033870175616860566
"p718": 4.704191057897302E-05
"p719": 1.1290058538953523E-05
"p720": 0
"p721": 0
"p722": 0
"p723": 0
"p724": 0
"p725": 0
"p726": 0
"p727": 0
"p728": 0.0011459409417037825
"p729": 0.00019945770085484554
"p730": 1.6935087808430286E-05
"p731": 0
"p732": 3.3870175616860565E-05
"p733": 0
"p734": 0
"p735": 0
"p736": 0.0024047824687971
"p737": 0.0007056286586845952
"p738": 0.00010537387969689955
"p739": 2.2580117077907045E-05
"p740": 0.0001637058488148261
"p741": 2.8225146347383808E-05
"p742": 0
"p743": 0
"p744": 0.040600932182500035
"p745": 0.016048818213122436
"p746": 0.003759589493471523
"p747": 0.00038950701959389653
"p748": 0.013576295393091612
"p749": 0.004866015230288968
"p750": 0.0009295481530405067
"p751": 6.39769983874033E-05
"p752": 0.0003104766098212219
"p753": 9.032046831162817E-05
"p754": 9.408382115794602E-06
"p755": 0
