"p693": 0
"p694": 0
"p695": 0
"p696": 0.0035187349113071816
"p697": 0.0009502465936952549
"p698": 4.139688130949625E-05
"p699": 0
"p700": 0.00046101072367393553
"p701": 0.0001486524374295547
"p702": 5.645029269476761E-06
"p703": 0
"p704": 0.00024461793501065964
"p705": 3.575185204001948E-05
"p706": 0
"p707": 0
"p708": 0
"p709": 0
"p710": 0
"p711": 0
"p712": 0.007776968656915821
"p713": 0.002581660052574039
"p714": 0.00036692690251598946
"p715": 1.5053411385271363E-05
"p716": 0.0017311423093062067
"p717": 0.0004534840179812997
"p718": 6.962202765688005E-05
"p719": 0
"p720": 0.0010913723254321738
"p721": 0.00027096140493488457
"p722": 3.0106822770542726E-05
"p723": 0
"p724": 6.021364554108545E-05
"p725": 1.6935087808430286E-05
"p726": 0
"p727": 0
"p728": 0.014089993056614
"p729": 0.005750403149173661
"p730": 0.0012268530278996166
"p731": 4.139688130949625E-05
"p732": 0.0042939855976486556
"p733": 0.0015768448426071754
"p734": 0.0002897781691664737
"p735": 9.408382115794602E-06
"p736": 1.5053411385271363E-05
"p737": 0
"p738": 0
"p739": 0
"p740": 0
"p741": 0
"p742": 0
"p743": 0
"p744": 0.0032948154169512686
"p745": 0.0012061545872448678
"p746": 4.327855773265517E-05
"p747": 1.8816764231589204E-06
"p748": 0.00046477407652025334
"p749": 0.0001298356731979655
"p750": 7.5267056926356815E-06
"p751": 0
"p752": 0.0007526705692635679
"p753": 0.00024085458216434178
"p754": 4.1396881309496255E-05
"p755": 0
