"p693": 1.6935087808430286E-05
"p694": 0
"p695": 0
"p696": 0.002741602548542547
"p697": 0.0009088497123857587
"p698": 0.00010161052685058171
"p699": 1.8816764231589204E-06
"p700": 0.01097017354701651
"p701": 0.0035243799405766576
"p702": 0.00048170916432868367
"p703": 2.2580117077907055E-05
"p704": 0
"p705": 0
"p706": 0
"p707": 0
"p708": 0.00013359902604428335
"p709": 0
"p710": 0
"p711": 0
"p712": 0.00019381267158536877
"p713": 1.8816764231589203E-05
"p714": 0
"p715": 0
"p716": 0.0013886772002912832
"p717": 0.0002728430813580435
"p718": 7.5267056926356815E-06
"p719": 0
"p720": 0
"p721": 0
"p722": 0
"p723": 0
"p724": 0
"p725": 0
"p726": 0
"p727": 0
"p728": 0
"p729": 0
"p730": 0
"p731": 0
"p732": 0.00016370584881482604
"p733": 5.645029269476761E-06
"p734": 0
"p735": 0
"p736": 8.279376261899248E-05
"p737": 3.7633528463178407E-06
"p738": 0
"p739": 0
"p740": 0.0003236483447833343
"p741": 4.139688130949625E-05
"p742": 0
"p743": 0
"p744": 0.0015203945499124075
"p745": 0.00047982748790552474
"p746": 0.00010349220327374063
"p747": 1.8816764231589204E-06
"p748": 0.005095579753914357
"p749": 0.0014357191108702561
"p750": 0.0001938126715853688
"p751": 9.408382115794602E-06
"p752": 0
"p753": 0
"p754": 0
"p755": 0
