"p693": 0
"p694": 0
"p695": 0
"p696": 0.003594001968233538
"p697": 0.001155349323819577
"p698": 0.000141125731736919
"p699": 9.408382115794602E-06
"p700": 0.0005099343106760674
"p701": 0.00017875926020009743
"p702": 3.387017561686057E-05
"p703": 1.8816764231589204E-06
"p704": 0.00011101890896637629
"p705": 9.408382115794602E-06
"p706": 0
"p707": 0
"p708": 0
"p709": 0
"p710": 0
"p711": 0
"p712": 0.0016013066361082408
"p713": 0.00030671325697490405
"p714": 1.8816764231589203E-05
"p715": 0
"p716": 0.0001486524374295547
"p717": 2.2580117077907045E-05
"p718": 3.7633528463178407E-06
"p719": 0
"p720": 0
"p721": 0
"p722": 0
"p723": 0
"p724": 0
"p725": 0
"p726": 0
"p727": 0
"p728": 0.00016935087808430283
"p729": 1.1290058538953523E-05
"p730": 0
"p731": 0
"p732": 0
"p733": 0
"p734": 0
"p735": 0
"p736": 0.00032553002120649325
"p737": 6.209532196424438E-05
"p738": 0
"p739": 0
"p740": 5.645029269476761E-06
"p741": 1.8816764231589204E-06
"p742": 0
"p743": 0
"p744": 0.006305497694005544
"p745": 0.0017405506914220012
"p746": 0.0002427362585875007
"p747": 1.3171734962112442E-05
"p748": 0.0015730814897608571
"p749": 0.0005080526342529085
"p750": 0.00011290058538953522
"p751": 1.8816764231589204E-06
"p752": 1.6935087808430282E-05
"p753": 0
"p754": 0
"p755": 0
