"p693": 3.7633528463178407E-06
"p694": 0
"p695": 0
"p696": 0.00042525887163391606
"p697": 9.784717400426385E-05
"p698": 7.5267056926356815E-06
"p699": 0
"p700": 0.0007846590684572696
"p701": 0.00019004931873905096
"p702": 3.0106822770542726E-05
"p703": 1.8816764231589204E-06
"p704": 0.0001674692016611439
"p705": 5.080526342529084E-05
"p706": 5.645029269476761E-06
"p707": 0
"p708": 0
"p709": 0
"p710": 0
"p711": 0
"p712": 5.080526342529085E-05
"p713": 1.5053411385271363E-05
"p714": 3.7633528463178407E-06
"p715": 0
"p716": 2.2580117077907045E-05
"p717": 1.5053411385271363E-05
"p718": 5.645029269476761E-06
"p719": 0
"p720": 0.00031235828624438073
"p721": 5.456861627160869E-05
"p722": 7.5267056926356815E-06
"p723": 0
"p724": 3.7633528463178407E-06
"p725": 3.7633528463178407E-06
"p726": 0
"p727": 0
"p728": 8.091208619583357E-05
"p729": 1.6935087808430286E-05
"p730": 5.645029269476761E-06
"p731": 1.8816764231589204E-06
"p732": 5.833196911792653E-05
"p733": 1.3171734962112444E-05
"p734": 5.645029269476761E-06
"p735": 1.8816764231589204E-06
"p736": 0.0004327855773265517
"p737": 0.0001392440553137601
"p738": 2.4461793501065963E-05
"p739": 1.8816764231589204E-06
"p740": 0
"p741": 0
"p742": 0
"p743": 0
"p744": 0.00034999181470755914
"p745": 9.972885042742277E-05
"p746": 2.0698440654748124E-05
"p747": 1.8816764231589204E-06
"p748": 0.0001110189089663763
"p749": 4.8923587002131926E-05
"p750": 1.1290058538953523E-05
"p751": 0
"p752": 0.0012061545872448678
"p753": 0.0003161216390906986
"p754": 3.575185204001949E-05
"p755": 1.8816764231589204E-06
