"p693": 0.00017499590735377957
"p694": 2.4461793501065963E-05
"p695": 0
"p696": 0.0004271405480570749
"p697": 0.00011290058538953522
"p698": 5.645029269476761E-06
"p699": 0
"p700": 0.00352061658773034
"p701": 0.0009671816815036852
"p702": 4.139688130949625E-05
"p703": 0
"p704": 3.198849919370165E-05
"p705": 1.8816764231589204E-06
"p706": 0
"p707": 0
"p708": 0.00024461793501065964
"p709": 3.575185204001948E-05
"p710": 0
"p711": 0
"p712": 0.0022862368541380885
"p713": 0.0007300904521856613
"p714": 0.00011854561465901199
"p715": 1.8816764231589204E-06
"p716": 0.0072613893169702765
"p717": 0.0023652672639107634
"p718": 0.0003236483447833343
"p719": 1.3171734962112444E-05
"p720": 0.0003575185204001949
"p721": 0.00010161052685058171
"p722": 1.8816764231589203E-05
"p723": 0
"p724": 0.001151585970973259
"p725": 0.0002878964927433148
"p726": 3.0106822770542726E-05
"p727": 0
"p728": 0.005893410557333739
"p729": 0.0023163436769086314
"p730": 0.0004177321659412804
"p731": 1.1290058538953523E-05
"p732": 0.012253476867610894
"p733": 0.005101224783183834
"p734": 0.0011233608246258757
"p735": 3.9515204886337324E-05
"p736": 1.8816764231589204E-06
"p737": 0
"p738": 0
"p739": 0
"p740": 1.5053411385271363E-05
"p741": 0
"p742": 0
"p743": 0
"p744": 0.0006943386001456417
"p745": 0.00021639278866327584
"p746": 1.1290058538953523E-05
"p747": 0
"p748": 0.0031010027453659003
"p749": 0.0011327692067416698
"p750": 3.951520488633733E-05
"p751": 1.8816764231589204E-06
"p752": 0.00014112573173691902
"p753": 5.080526342529084E-05
"p754": 0
"p755": 0
