"p693": 0.0001486524374295547
"p694": 2.8225146347383805E-05
"p695": 3.7633528463178407E-06
"p696": 0.0007056286586845951
"p697": 0.00020698440654748124
"p698": 1.6935087808430282E-05
"p699": 0
"p700": 0.003693730818660961
"p701": 0.0011741660880511665
"p702": 3.7633528463178407E-05
"p703": 0
"p704": 3.7633528463178407E-06
"p705": 0
"p706": 0
"p707": 0
"p708": 3.0106822770542726E-05
"p709": 1.8816764231589204E-06
"p710": 0
"p711": 0
"p712": 0.0005795563383329475
"p713": 0.00019757602443168663
"p714": 4.8923587002131926E-05
"p715": 3.7633528463178407E-06
"p716": 0.0020190388020495213
"p717": 0.0006021364554108546
"p718": 7.714873334951573E-05
"p719": 7.5267056926356815E-06
"p720": 0.00011290058538953522
"p721": 1.8816764231589203E-05
"p722": 1.8816764231589204E-06
"p723": 0
"p724": 0.00031988499193701646
"p725": 6.39769983874033E-05
"p726": 0
"p727": 0
"p728": 0.001996458684971615
"p729": 0.000590846396871901
"p730": 0.00012983567319796552
"p731": 3.7633528463178407E-06
"p732": 0.0048208549961331545
"p733": 0.0014545358751018454
"p734": 0.0002163927886632758
"p735": 1.1290058538953523E-05
"p736": 0
"p737": 0
"p738": 0
"p739": 0
"p740": 7.5267056926356815E-06
"p741": 0
"p742": 0
"p743": 0
"p744": 0.00011854561465901199
"p745": 5.080526342529084E-05
"p746": 1.3171734962112442E-05
"p747": 0
"p748": 0.000543804486292928
"p749": 0.00017311423093062066
"p750": 2.2580117077907045E-05
"p751": 0
"p752": 5.080526342529084E-05
"p753": 2.8225146347383805E-05
"p754": 5.645029269476761E-06
"p755": 0
