"p693": 0
"p694": 0
"p695": 0
"p696": 0.014184076877771944
"p697": 0.0047173627928594145
"p698": 0.0007263270993393432
"p699": 4.5160234155814084E-05
"p700": 0.003114174480328013
"p701": 0.000873097860345739
"p702": 0.0001279539967748066
"p703": 1.1290058538953523E-05
"p704": 0.001505341138527136
"p705": 0.0004516023415581409
"p706": 6.585867481056221E-05
"p707": 1.1290058538953523E-05
"p708": 0.00015994249596850823
"p709": 2.8225146347383808E-05
"p710": 0
"p711": 0
"p712": 0.027564677922855024
"p713": 0.011954290316328622
"p714": 0.003055842511210087
"p715": 0.0003499918147075592
"p716": 0.009903263015085397
"p717": 0.003827329844705244
"p718": 0.0007959491269962234
"p719": 5.833196911792653E-05
"p720": 0.00047982748790552463
"p721": 5.080526342529086E-05
"p722": 0
"p723": 0
"p724": 0
"p725": 0
"p726": 0
"p727": 0
"p728": 0.0011497042945501003
"p729": 0.00016558752523798497
"p730": 5.645029269476761E-06
"p731": 0
"p732": 4.139688130949624E-05
"p733": 3.7633528463178407E-06
"p734": 0
"p735": 0
"p736": 0.0007169187172235487
"p737": 0.00023709122931802394
"p738": 3.951520488633734E-05
"p739": 1.1290058538953523E-05
"p740": 3.7633528463178407E-06
"p741": 0
"p742": 0
"p743": 0
"p744": 0.014624389160791134
"p745": 0.004978915815678504
"p746": 0.0007300904521856612
"p747": 3.9515204886337324E-05
"p748": 0.003949638812210574
"p749": 0.0011741660880511665
"p750": 0.00013924405531376007
"p751": 5.645029269476761E-06
"p752": 0.0017857109255778152
"p753": 0.0006077814846803312
"p754": 9.784717400426385E-05
"p755": 1.8816764231589204E-06
