"p693": 0.00019757602443168663
"p694": 2.2580117077907045E-05
"p695": 0
"p696": 0.0018797947467357615
"p697": 0.000639769983874033
"p698": 8.843879188846925E-05
"p699": 1.8816764231589204E-06
"p700": 0.008247387762705546
"p701": 0.00305019748194061
"p702": 0.0004929992228676373
"p703": 1.1290058538953523E-05
"p704": 0
"p705": 0
"p706": 0
"p707": 0
"p708": 5.645029269476761E-06
"p709": 0
"p710": 0
"p711": 0
"p712": 5.456861627160869E-05
"p713": 1.6935087808430286E-05
"p714": 1.8816764231589204E-06
"p715": 0
"p716": 0.0008975596538468049
"p717": 0.0001693508780843028
"p718": 1.8816764231589203E-05
"p719": 0
"p720": 5.645029269476761E-06
"p721": 5.645029269476761E-06
"p722": 0
"p723": 0
"p724": 0.0002540263171264543
"p725": 1.3171734962112444E-05
"p726": 0
"p727": 0
"p728": 0.0002333278764717061
"p729": 3.0106822770542722E-05
"p730": 3.7633528463178407E-06
"p731": 0
"p732": 0.0016558752523798495
"p733": 0.0003123582862443808
"p734": 1.8816764231589203E-05
"p735": 0
"p736": 3.7633528463178407E-06
"p737": 0
"p738": 0
"p739": 0
"p740": 3.198849919370165E-05
"p741": 1.8816764231589204E-06
"p742": 0
"p743": 0
"p744": 0.0006341249546045562
"p745": 0.00020510273012432236
"p746": 4.8923587002131926E-05
"p747": 3.7633528463178407E-06
"p748": 0.002227904885020162
"p749": 0.0006905752472993239
"p750": 8.655711546531033E-05
"p751": 7.5267056926356815E-06
"p752": 0.00011290058538953522
"p753": 1.8816764231589203E-05
"p754": 1.8816764231589204E-06
"p755": 0
