"p693": 1.8816764231589204E-06
"p694": 0
"p695": 0
"p696": 0.0019324816865842114
"p697": 0.0005099343106760675
"p698": 3.575185204001949E-05
"p699": 1.8816764231589204E-06
"p700": 0.0004967625757139549
"p701": 0.0001486524374295547
"p702": 2.6343469924224884E-05
"p703": 1.8816764231589204E-06
"p704": 0
"p705": 0
"p706": 0
"p707": 0
"p708": 0
"p709": 0
"p710": 0
"p711": 0
"p712": 0.0002163927886632758
"p713": 6.397699838740328E-05
"p714": 7.5267056926356815E-06
"p715": 0
"p716": 1.8816764231589203E-05
"p717": 1.1290058538953523E-05
"p718": 1.8816764231589204E-06
"p719": 0
"p720": 2.8225146347383805E-05
"p721": 1.3171734962112444E-05
"p722": 0
"p723": 0
"p724": 0
"p725": 0
"p726": 0
"p727": 0
"p728": 0.0003895070195938965
"p729": 6.774035123372113E-05
"p730": 1.1290058538953523E-05
"p731": 0
"p732": 4.5160234155814084E-05
"p733": 1.5053411385271363E-05
"p734": 3.7633528463178407E-06
"p735": 0
"p736": 9.408382115794602E-06
"p737": 1.8816764231589204E-06
"p738": 0
"p739": 0
"p740": 0
"p741": 0
"p742": 0
"p743": 0
"p744": 0.0007771323627646341
"p745": 0.0002333278764717061
"p746": 4.327855773265518E-05
"p747": 3.7633528463178407E-06
"p748": 9.22021447347871E-05
"p749": 3.7633528463178407E-05
"p750": 5.645029269476761E-06
"p751": 0
"p752": 4.516023415581409E-05
"p753": 1.5053411385271363E-05
"p754": 0
"p755": 0
