"p693": 1.1290058538953523E-05
"p694": 0
"p695": 0
"p696": 0.008966188156352257
"p697": 0.0030821859811343117
"p698": 0.0004610107236739356
"p699": 1.8816764231589203E-05
"p700": 0.002427362585875007
"p701": 0.0007959491269962233
"p702": 0.00017311423093062066
"p703": 1.8816764231589204E-06
"p704": 3.9515204886337324E-05
"p705": 1.8816764231589204E-06
"p706": 0
"p707": 0
"p708": 0
"p709": 0
"p710": 0
"p711": 0
"p712": 0.003069014246172198
"p713": 0.0009257848001941889
"p714": 4.139688130949625E-05
"p715": 1.8816764231589204E-06
"p716": 0.0005099343106760674
"p717": 0.00013548070246744226
"p718": 0
"p719": 0
"p720": 0.0008185292440741304
"p721": 0.0001016105268505817
"p722": 7.5267056926356815E-06
"p723": 0
"p724": 0
"p725": 0
"p726": 0
"p727": 0
"p728": 0.0034923914413829554
"p729": 0.0009163764180783942
"p730": 8.655711546531035E-05
"p731": 0
"p732": 0.000709392011530913
"p733": 0.00014677076100639576
"p734": 5.645029269476761E-06
"p735": 0
"p736": 0.00023709122931802392
"p737": 3.575185204001948E-05
"p738": 0
"p739": 0
"p740": 0
"p741": 0
"p742": 0
"p743": 0
"p744": 0.009178817592169219
"p745": 0.0029222434851658035
"p746": 0.0003932703724402144
"p747": 1.5053411385271363E-05
"p748": 0.00198705030285582
"p749": 0.0005005259285602728
"p750": 7.150370408003896E-05
"p751": 0
"p752": 0.0008881512717310105
"p753": 0.00027096140493488457
"p754": 3.0106822770542726E-05
"p755": 0
