"p693": 9.408382115794602E-06
"p694": 0
"p695": 0
"p696": 0.001793237631270451
"p697": 0.0005550945448318816
"p698": 4.7041910578973015E-05
"p699": 1.8816764231589204E-06
"p700": 0.00393834875367162
"p701": 0.0011647577059353718
"p702": 0.000165587525237985
"p703": 1.1290058538953523E-05
"p704": 0.003492391441382955
"p705": 0.0010687922083542666
"p706": 0.0001279539967748066
"p707": 1.8816764231589204E-06
"p708": 0
"p709": 0
"p710": 0
"p711": 0
"p712": 0.0031649797437533034
"p713": 0.0010763189140469023
"p714": 0.00016370584881482606
"p715": 1.3171734962112444E-05
"p716": 0.0023257520590244255
"p717": 0.0008072391855351768
"p718": 0.0001580608195453493
"p719": 1.3171734962112444E-05
"p720": 0.007953846240692756
"p721": 0.002391610733834988
"p722": 0.0003913886960170554
"p723": 3.198849919370165E-05
"p724": 3.575185204001949E-05
"p725": 5.645029269476761E-06
"p726": 0
"p727": 0
"p728": 0.010307823446064568
"p729": 0.0037426544056630927
"p730": 0.0006284799253350793
"p731": 3.7633528463178407E-05
"p732": 0.007434503547900896
"p733": 0.002782999429852043
"p734": 0.0005701479562171529
"p735": 7.33853805031979E-05
"p736": 0.000878742889615216
"p737": 0.00020886608297064014
"p738": 2.6343469924224887E-05
"p739": 0
"p740": 0
"p741": 0
"p742": 0
"p743": 0
"p744": 0.0006378883074508739
"p745": 0.0002069844065474812
"p746": 2.2580117077907045E-05
"p747": 1.8816764231589204E-06
"p748": 0.0003782169610549431
"p749": 0.00012795399677480656
"p750": 3.198849919370165E-05
"p751": 1.8816764231589204E-06
"p752": 0.008358406671671923
"p753": 0.0025026296428013644
"p754": 0.00038009863747810193
"p755": 2.2580117077907045E-05
