"p693": 0.00018816764231589203
"p694": 2.8225146347383805E-05
"p695": 1.8816764231589204E-06
"p696": 7.5267056926356815E-06
"p697": 7.5267056926356815E-06
"p698": 3.7633528463178407E-06
"p699": 1.8816764231589204E-06
"p700": 0.00012230896750532982
"p701": 3.010682277054273E-05
"p702": 1.1290058538953523E-05
"p703": 1.8816764231589204E-06
"p704": 0.0006755218359140524
"p705": 0.0001768775837769385
"p706": 2.8225146347383805E-05
"p707": 1.8816764231589204E-06
"p708": 0.0009013230066931226
"p709": 0.0002728430813580435
"p710": 2.4461793501065966E-05
"p711": 1.8816764231589204E-06
"p712": 0.000212629435816958
"p713": 4.327855773265517E-05
"p714": 9.408382115794602E-06
"p715": 0
"p716": 0.00014112573173691902
"p717": 2.8225146347383805E-05
"p718": 9.408382115794602E-06
"p719": 0
"p720": 0
"p721": 0
"p722": 0
"p723": 0
"p724": 4.5160234155814084E-05
"p725": 5.645029269476761E-06
"p726": 0
"p727": 0
"p728": 0
"p729": 0
"p730": 0
"p731": 0
"p732": 0
"p733": 0
"p734": 0
"p735": 0
"p736": 0.00022956452362538827
"p737": 5.833196911792653E-05
"p738": 1.3171734962112442E-05
"p739": 0
"p740": 0.0003970337252865322
"p741": 9.972885042742278E-05
"p742": 1.5053411385271363E-05
"p743": 0
"p744": 3.3870175616860565E-05
"p745": 1.8816764231589204E-06
"p746": 1.8816764231589204E-06
"p747": 1.8816764231589204E-06
"p748": 1.6935087808430282E-05
"p749": 3.7633528463178407E-06
"p750": 1.8816764231589204E-06
"p751": 1.8816764231589204E-06
"p752": 0.00039891540170969113
"p753": 0.00016182417239166716
"p754": 4.704191057897301E-05
"p755": 1.8816764231589204E-06
