"p693": 0.00111583411893324
"p694": 0.00019757602443168663
"p695": 4.516023415581409E-05
"p696": 0.021650568924866546
"p697": 0.008571036107488885
"p698": 0.0018082910426557228
"p699": 0.00016935087808430286
"p700": 0.046530094591873794
"p701": 0.01905761881375355
"p702": 0.00444451971150137
"p703": 0.0004704191057897302
"p704": 0
"p705": 0
"p706": 0
"p707": 0
"p708": 5.645029269476761E-06
"p709": 0
"p710": 0
"p711": 0
"p712": 0.0002333278764717061
"p713": 4.892358700213193E-05
"p714": 5.645029269476761E-06
"p715": 0
"p716": 0.0016652836344956444
"p717": 0.00040079707813285
"p718": 6.021364554108546E-05
"p719": 5.645029269476761E-06
"p720": 4.7041910578972995E-05
"p721": 0
"p722": 0
"p723": 0
"p724": 0.0005212243692150211
"p725": 3.7633528463178407E-05
"p726": 0
"p727": 0
"p728": 0.000946483240848937
"p729": 0.00015617914312219037
"p730": 7.5267056926356815E-06
"p731": 0
"p732": 0.00418108501225912
"p733": 0.0010161052685058172
"p734": 0.00014488908458323683
"p735": 7.5267056926356815E-06
"p736": 7.714873334951574E-05
"p737": 2.0698440654748124E-05
"p738": 0
"p739": 0
"p740": 9.22021447347871E-05
"p741": 1.3171734962112444E-05
"p742": 0
"p743": 0
"p744": 0.0020736074183211302
"p745": 0.0006962202765688006
"p746": 0.00016935087808430286
"p747": 1.8816764231589203E-05
"p748": 0.00489612205305951
"p749": 0.0016220050767629893
"p750": 0.00022768284720222937
"p751": 1.3171734962112442E-05
"p752": 0.0007771323627646339
"p753": 0.00022015614150959367
"p754": 3.575185204001949E-05
"p755": 0
