"p693": 0.0004534840179812998
"p694": 6.209532196424438E-05
"p695": 1.8816764231589204E-06
"p696": 0.0022580117077907044
"p697": 0.000566384603370835
"p698": 5.645029269476761E-05
"p699": 0
"p700": 0.009530691083299934
"p701": 0.0030652508933258814
"p702": 0.0004120871366718036
"p703": 2.2580117077907045E-05
"p704": 0.0003180033155138575
"p705": 7.714873334951573E-05
"p706": 3.7633528463178407E-06
"p707": 0
"p708": 0.0005532128684087226
"p709": 0.00012419064392848875
"p710": 9.408382115794602E-06
"p711": 0
"p712": 0.007349828108858743
"p713": 0.002687033932270938
"p714": 0.000545686162716087
"p715": 5.080526342529085E-05
"p716": 0.013820913328102272
"p717": 0.004931873905099531
"p718": 0.0008787428896152158
"p719": 5.8331969117926534E-05
"p720": 0.0019926953321252965
"p721": 0.0007978308034193824
"p722": 0.00018252261304641527
"p723": 3.7633528463178407E-06
"p724": 0.0023088169712159948
"p725": 0.0006510600424129865
"p726": 9.408382115794602E-05
"p727": 2.2580117077907045E-05
"p728": 0.018207101070485718
"p729": 0.0076565413658336474
"p730": 0.0017198522507672535
"p731": 0.00016182417239166719
"p732": 0.02471017478892295
"p733": 0.010879853078704878
"p734": 0.002717140755041481
"p735": 0.00029542319843595057
"p736": 6.962202765688005E-05
"p737": 1.8816764231589203E-05
"p738": 0
"p739": 0
"p740": 5.8331969117926534E-05
"p741": 2.6343469924224887E-05
"p742": 3.7633528463178407E-06
"p743": 0
"p744": 0.002152637828093805
"p745": 0.0006265982489119204
"p746": 6.962202765688005E-05
"p747": 0
"p748": 0.0058350785882158125
"p749": 0.0019324816865842111
"p750": 0.0001637058488148261
"p751": 1.8816764231589204E-06
"p752": 0.0003913886960170554
"p753": 9.032046831162817E-05
"p754": 0
"p755": 0
