"p693": 0
"p694": 0
"p695": 0
"p696": 0.0037370093763936154
"p697": 0.0011609943530890541
"p698": 3.575185204001949E-05
"p699": 0
"p700": 0.0007075103351077542
"p701": 0.00023709122931802394
"p702": 2.4461793501065963E-05
"p703": 0
"p704": 3.0106822770542726E-05
"p705": 1.8816764231589204E-06
"p706": 0
"p707": 0
"p708": 0
"p709": 0
"p710": 0
"p711": 0
"p712": 0.002252366678521227
"p713": 0.0006755218359140525
"p714": 9.596549758110495E-05
"p715": 9.408382115794602E-06
"p716": 0.00035187349113071807
"p717": 0.00012419064392848873
"p718": 3.0106822770542726E-05
"p719": 1.8816764231589204E-06
"p720": 0.0003142399626675397
"p721": 6.209532196424438E-05
"p722": 0
"p723": 0
"p724": 5.645029269476761E-06
"p725": 1.8816764231589204E-06
"p726": 0
"p727": 0
"p728": 0.0055001401848935256
"p729": 0.0015749631661840162
"p730": 0.0002333278764717061
"p731": 1.3171734962112442E-05
"p732": 0.001507222814950295
"p733": 0.0004892358700213193
"p734": 0.00011290058538953522
"p735": 1.8816764231589204E-06
"p736": 7.5267056926356815E-06
"p737": 0
"p738": 0
"p739": 0
"p740": 0
"p741": 0
"p742": 0
"p743": 0
"p744": 0.0005908463968719011
"p745": 0.00019193099516220984
"p746": 3.010682277054273E-05
"p747": 0
"p748": 6.774035123372114E-05
"p749": 3.198849919370165E-05
"p750": 5.645029269476761E-06
"p751": 0
"p752": 8.843879188846925E-05
"p753": 3.0106822770542722E-05
"p754": 3.7633528463178407E-06
"p755": 3.7633528463178407E-06
