"p693": 0.00039891540170969113
"p694": 6.585867481056221E-05
"p695": 0
"p696": 0.003789696316242066
"p697": 0.0011873378230132787
"p698": 0.0001486524374295547
"p699": 1.8816764231589204E-06
"p700": 0.014424931459936284
"p701": 0.004826500025402632
"p702": 0.0004986442521371139
"p703": 2.2580117077907055E-05
"p704": 6.585867481056221E-05
"p705": 1.8816764231589204E-06
"p706": 0
"p707": 0
"p708": 0.00013171734962112442
"p709": 2.2580117077907045E-05
"p710": 0
"p711": 0
"p712": 0.0011704027352048485
"p713": 0.0003688085789391484
"p714": 8.655711546531033E-05
"p715": 1.8816764231589204E-06
"p716": 0.0036297538202735573
"p717": 0.0010706738847774257
"p718": 0.00016370584881482606
"p719": 9.408382115794602E-06
"p720": 0
"p721": 0
"p722": 0
"p723": 0
"p724": 8.467543904215141E-05
"p725": 0
"p726": 0
"p727": 0
"p728": 5.645029269476761E-06
"p729": 0
"p730": 0
"p731": 0
"p732": 0.0001994577008548455
"p733": 1.6935087808430282E-05
"p734": 0
"p735": 0
"p736": 1.6935087808430282E-05
"p737": 1.8816764231589204E-06
"p738": 0
"p739": 0
"p740": 9.4083821157946E-05
"p741": 1.8816764231589203E-05
"p742": 0
"p743": 0
"p744": 0.0003725719317854662
"p745": 0.0001279539967748066
"p746": 1.6935087808430286E-05
"p747": 0
"p748": 0.0014959327564113413
"p749": 0.00039891540170969113
"p750": 3.010682277054273E-05
"p751": 0
"p752": 4.516023415581409E-05
"p753": 2.2580117077907045E-05
"p754": 0
"p755": 0
