"p693": 0.00015617914312219037
"p694": 2.8225146347383805E-05
"p695": 3.7633528463178407E-06
"p696": 0.0010499754441226775
"p697": 0.00034999181470755925
"p698": 4.704191057897301E-05
"p699": 1.8816764231589204E-06
"p700": 0.004967625757139551
"p701": 0.001669046987341962
"p702": 0.00016935087808430286
"p703": 9.408382115794602E-06
"p704": 9.032046831162818E-05
"p705": 1.5053411385271363E-05
"p706": 1.8816764231589204E-06
"p707": 0
"p708": 0.00015617914312219037
"p709": 3.575185204001949E-05
"p710": 0
"p711": 0
"p712": 0.0016389401645714198
"p713": 0.0005061709578297496
"p714": 0.00011290058538953522
"p715": 3.7633528463178407E-06
"p716": 0.003998562399212706
"p717": 0.0012381430864385696
"p718": 0.00019193099516220984
"p719": 1.1290058538953523E-05
"p720": 0
"p721": 0
"p722": 0
"p723": 0
"p724": 8.655711546531033E-05
"p725": 5.645029269476761E-06
"p726": 0
"p727": 0
"p728": 5.645029269476761E-06
"p729": 0
"p730": 0
"p731": 0
"p732": 0.00021262943581695795
"p733": 2.0698440654748124E-05
"p734": 0
"p735": 0
"p736": 2.2580117077907045E-05
"p737": 3.7633528463178407E-06
"p738": 0
"p739": 0
"p740": 0.00010725555612005845
"p741": 2.4461793501065966E-05
"p742": 0
"p743": 0
"p744": 0.0004986442521371139
"p745": 0.00014300740816007793
"p746": 3.0106822770542726E-05
"p747": 0
"p748": 0.0016163600474935124
"p749": 0.0004384306065960284
"p750": 4.7041910578973015E-05
"p751": 0
"p752": 5.080526342529084E-05
"p753": 2.8225146347383805E-05
"p754": 5.645029269476761E-06
"p755": 0
