"p693": 0.0004948808992907961
"p694": 3.3870175616860565E-05
"p695": 1.8816764231589204E-06
"p696": 7.33853805031979E-05
"p697": 1.6935087808430282E-05
"p698": 3.7633528463178407E-06
"p699": 0
"p700": 0.0005024076049834317
"p701": 8.655711546531035E-05
"p702": 1.1290058538953523E-05
"p703": 0
"p704": 3.951520488633733E-05
"p705": 1.5053411385271363E-05
"p706": 1.8816764231589204E-06
"p707": 0
"p708": 0.0001956943480085277
"p709": 6.0213645541085445E-05
"p710": 7.5267056926356815E-06
"p711": 0
"p712": 1.8816764231589204E-06
"p713": 1.8816764231589204E-06
"p714": 1.8816764231589204E-06
"p715": 0
"p716": 3.7633528463178407E-06
"p717": 3.7633528463178407E-06
"p718": 3.7633528463178407E-06
"p719": 0
"p720": 6.774035123372113E-05
"p721": 1.3171734962112444E-05
"p722": 3.7633528463178407E-06
"p723": 0
"p724": 0.0003669269025159894
"p725": 6.962202765688005E-05
"p726": 1.1290058538953523E-05
"p727": 0
"p728": 1.8816764231589204E-06
"p729": 1.8816764231589204E-06
"p730": 1.8816764231589204E-06
"p731": 1.8816764231589204E-06
"p732": 1.8816764231589203E-05
"p733": 3.7633528463178407E-06
"p734": 1.8816764231589204E-06
"p735": 1.8816764231589204E-06
"p736": 0.0002878964927433148
"p737": 9.4083821157946E-05
"p738": 2.0698440654748124E-05
"p739": 1.8816764231589204E-06
"p740": 0.0005136976635223853
"p741": 0.00015429746669903146
"p742": 2.4461793501065963E-05
"p743": 1.8816764231589204E-06
"p744": 5.833196911792653E-05
"p745": 2.4461793501065963E-05
"p746": 5.645029269476761E-06
"p747": 0
"p748": 2.8225146347383805E-05
"p749": 1.3171734962112444E-05
"p750": 5.645029269476761E-06
"p751": 0
"p752": 0.0009144947416552352
"p753": 0.0002239194943559115
"p754": 3.387017561686057E-05
"p755": 1.8816764231589204E-06
