"p693": 3.1988499193701654E-05
"p694": 0
"p695": 0
"p696": 0.00782777392034111
"p697": 0.003110411127481695
"p698": 0.0005645029269476762
"p699": 1.3171734962112444E-05
"p700": 0.00819093747001078
"p701": 0.002939178572974234
"p702": 0.00043466725374971066
"p703": 9.408382115794602E-06
"p704": 0.0006698768066445756
"p705": 0.00011854561465901199
"p706": 1.1290058538953523E-05
"p707": 0
"p708": 0
"p709": 0
"p710": 0
"p711": 0
"p712": 0.00011854561465901199
"p713": 0
"p714": 0
"p715": 0
"p716": 6.962202765688005E-05
"p717": 3.0106822770542726E-05
"p718": 0
"p719": 0
"p720": 0.0012701315856322713
"p721": 0.00022768284720222934
"p722": 7.5267056926356815E-06
"p723": 0
"p724": 0
"p725": 0
"p726": 0
"p727": 0
"p728": 0.0003405834325917646
"p729": 5.456861627160869E-05
"p730": 0
"p731": 0
"p732": 0.0003029499041285862
"p733": 9.408382115794602E-05
"p734": 2.6343469924224884E-05
"p735": 0
"p736": 0.00127201326205543
"p737": 0.0003575185204001949
"p738": 2.0698440654748124E-05
"p739": 0
"p740": 0
"p741": 0
"p742": 0
"p743": 0
"p744": 0.0007470255399940914
"p745": 0.0002483812878569775
"p746": 4.1396881309496255E-05
"p747": 5.645029269476761E-06
"p748": 0.00039703372528653225
"p749": 0.0001298356731979655
"p750": 3.0106822770542726E-05
"p751": 1.8816764231589204E-06
"p752": 0.003285407034835475
"p753": 0.0009558916229647316
"p754": 6.962202765688005E-05
"p755": 1.8816764231589204E-06
