"p693": 0.00018252261304641524
"p694": 2.4461793501065963E-05
"p695": 0
"p696": 0.0007018653058382774
"p697": 0.00020886608297064017
"p698": 3.010682277054273E-05
"p699": 1.8816764231589204E-06
"p700": 0.004975152462832186
"p701": 0.001488406050718706
"p702": 0.00016182417239166716
"p703": 1.3171734962112444E-05
"p704": 0.0003349384033222878
"p705": 9.97288504274228E-05
"p706": 1.8816764231589203E-05
"p707": 0
"p708": 0.0008561627725373088
"p709": 0.00025778966997277205
"p710": 3.0106822770542726E-05
"p711": 0
"p712": 0.005044774490489065
"p713": 0.0020228021548958394
"p714": 0.0003763352846317841
"p715": 1.1290058538953523E-05
"p716": 0.01067098699573424
"p717": 0.004401241153768715
"p718": 0.000995406827851069
"p719": 3.9515204886337324E-05
"p720": 0
"p721": 0
"p722": 0
"p723": 0
"p724": 0.00020886608297064017
"p725": 0
"p726": 0
"p727": 0
"p728": 2.8225146347383805E-05
"p729": 0
"p730": 0
"p731": 0
"p732": 0.00043843060659602847
"p733": 6.209532196424438E-05
"p734": 0
"p735": 0
"p736": 3.198849919370165E-05
"p737": 1.8816764231589204E-06
"p738": 0
"p739": 0
"p740": 0.0002709614049348845
"p741": 5.833196911792653E-05
"p742": 0
"p743": 0
"p744": 0.0016521118995335318
"p745": 0.000519342692791862
"p746": 4.892358700213192E-05
"p747": 0
"p748": 0.005835078588215813
"p749": 0.001932481686584211
"p750": 0.0001637058488148261
"p751": 1.8816764231589204E-06
"p752": 0.0001561791431221904
"p753": 5.456861627160869E-05
"p754": 0
"p755": 0
