"p693": 0.001129005853895352
"p694": 0.0001392440553137601
"p695": 9.408382115794602E-06
"p696": 4.139688130949625E-05
"p697": 2.2580117077907045E-05
"p698": 3.7633528463178407E-06
"p699": 0
"p700": 0.00028789649274331484
"p701": 8.27937626189925E-05
"p702": 2.0698440654748124E-05
"p703": 0
"p704": 0.00021827446508643474
"p705": 3.198849919370165E-05
"p706": 3.7633528463178407E-06
"p707": 0
"p708": 0.0014902877271418646
"p709": 0.0003048315805517451
"p710": 1.8816764231589203E-05
"p711": 0
"p712": 1.8816764231589203E-05
"p713": 1.8816764231589204E-06
"p714": 1.8816764231589204E-06
"p715": 1.8816764231589204E-06
"p716": 0.00020322105370116337
"p717": 8.46754390421514E-05
"p718": 2.4461793501065963E-05
"p719": 1.8816764231589204E-06
"p720": 0
"p721": 0
"p722": 0
"p723": 0
"p724": 0.00016935087808430283
"p725": 1.1290058538953523E-05
"p726": 0
"p727": 0
"p728": 0
"p729": 0
"p730": 0
"p731": 0
"p732": 0
"p733": 0
"p734": 0
"p735": 0
"p736": 0.0017744208670388618
"p737": 0.0005362777806002923
"p738": 0.00011854561465901199
"p739": 3.7633528463178407E-06
"p740": 0.005202835310034414
"p741": 0.0015298029320282025
"p742": 0.000212629435816958
"p743": 1.1290058538953523E-05
"p744": 0.0004779458114823657
"p745": 0.00014112573173691902
"p746": 2.0698440654748124E-05
"p747": 0
"p748": 0.0007545522456867272
"p749": 0.0002333278764717061
"p750": 3.9515204886337324E-05
"p751": 0
"p752": 0.0005249877220613388
"p753": 0.00018628596589273316
"p754": 4.892358700213193E-05
"p755": 3.7633528463178407E-06
