"p693": 0.0014752343157565936
"p694": 0.00016182417239166716
"p695": 1.3171734962112444E-05
"p696": 9.220214473478711E-05
"p697": 3.1988499193701654E-05
"p698": 5.645029269476761E-06
"p699": 0
"p700": 0.0009521282701184137
"p701": 0.0002690797285117257
"p702": 3.387017561686057E-05
"p703": 0
"p704": 0.004055012691907473
"p705": 0.001676573693034598
"p706": 0.0003387017561686057
"p707": 1.1290058538953523E-05
"p708": 0.009566442935339953
"p709": 0.004006089104905342
"p710": 0.0009257848001941889
"p711": 3.9515204886337324E-05
"p712": 0.0016765736930345978
"p713": 0.0006679951302214168
"p714": 9.596549758110493E-05
"p715": 0
"p716": 0.002534618141995065
"p717": 0.0009351931823099835
"p718": 0.00015053411385271363
"p719": 0
"p720": 2.8225146347383805E-05
"p721": 0
"p722": 0
"p723": 0
"p724": 0.0005155793399455442
"p725": 6.209532196424438E-05
"p726": 0
"p727": 0
"p728": 0
"p729": 0
"p730": 0
"p731": 0
"p732": 2.0698440654748124E-05
"p733": 5.645029269476761E-06
"p734": 0
"p735": 0
"p736": 0.0014620625807944814
"p737": 0.0004760641350592068
"p738": 4.704191057897301E-05
"p739": 0
"p740": 0.005650674298746239
"p741": 0.0018685046881968077
"p742": 0.00015053411385271365
"p743": 1.8816764231589204E-06
"p744": 0.0002559079935496132
"p745": 7.150370408003898E-05
"p746": 5.645029269476761E-06
"p747": 0
"p748": 0.00043654893017286954
"p749": 0.00011666393823585305
"p750": 2.0698440654748124E-05
"p751": 0
"p752": 0.0034566395893429365
"p753": 0.001138414236011147
"p754": 0.0001373623788906012
"p755": 1.8816764231589204E-06
