"p693": 0.016389401645714202
"p694": 0.0038894251666694887
"p695": 0.0004290222244802339
"p696": 0.007135316996618626
"p697": 0.002728430813580435
"p698": 0.0005343961041771335
"p699": 1.3171734962112442E-05
"p700": 0.013798333211024366
"p701": 0.004675965911549918
"p702": 0.000754552245686727
"p703": 2.8225146347383808E-05
"p704": 0.0002333278764717061
"p705": 4.892358700213193E-05
"p706": 5.645029269476761E-06
"p707": 0
"p708": 0.0016652836344956444
"p709": 0.00040079707813285
"p710": 6.021364554108546E-05
"p711": 5.645029269476761E-06
"p712": 5.645029269476761E-06
"p713": 5.645029269476761E-06
"p714": 0
"p715": 0
"p716": 0.00010913723254321737
"p717": 6.0213645541085445E-05
"p718": 5.645029269476761E-06
"p719": 0
"p720": 0.0008674528310762623
"p721": 0.00014300740816007793
"p722": 7.5267056926356815E-06
"p723": 0
"p724": 0.004173558306566485
"p725": 0.0010123419156594993
"p726": 0.00014488908458323683
"p727": 7.5267056926356815E-06
"p728": 0.00012419064392848873
"p729": 2.4461793501065966E-05
"p730": 0
"p731": 0
"p732": 0.0005720296326403118
"p733": 0.00022768284720222934
"p734": 7.33853805031979E-05
"p735": 1.1290058538953523E-05
"p736": 0.0016332951353019427
"p737": 0.0005964914261413778
"p738": 0.0001561791431221904
"p739": 1.8816764231589203E-05
"p740": 0.0044351113293855755
"p741": 0.0015015777856808186
"p742": 0.0002220378179327526
"p743": 1.1290058538953523E-05
"p744": 0.0006905752472993238
"p745": 0.00027848811062752024
"p746": 4.1396881309496255E-05
"p747": 5.645029269476761E-06
"p748": 0.000899441330269964
"p749": 0.0003217666683601754
"p750": 3.763352846317841E-05
"p751": 1.8816764231589204E-06
"p752": 0.006192597108616007
"p753": 0.0022749467955991342
"p754": 0.0005475678391392458
"p755": 7.526705692635681E-05
