"p693": 2.8225146347383805E-05
"p694": 0
"p695": 0
"p696": 0.022346789201435346
"p697": 0.008512704138370958
"p698": 0.0015824898718766528
"p699": 5.268693984844978E-05
"p700": 0.005778628295521046
"p701": 0.0021413477695548513
"p702": 0.0003481101382844003
"p703": 9.408382115794602E-06
"p704": 5.645029269476761E-06
"p705": 0
"p706": 0
"p707": 0
"p708": 0
"p709": 0
"p710": 0
"p711": 0
"p712": 0.0007884224213035875
"p713": 0.00011854561465901199
"p714": 1.1290058538953523E-05
"p715": 0
"p716": 1.1290058538953523E-05
"p717": 1.8816764231589204E-06
"p718": 0
"p719": 0
"p720": 0.0001674692016611439
"p721": 0
"p722": 0
"p723": 0
"p724": 0
"p725": 0
"p726": 0
"p727": 0
"p728": 0.0016803370458809157
"p729": 0.00028225146347383805
"p730": 7.5267056926356815E-06
"p731": 0
"p732": 0.0001129005853895352
"p733": 9.408382115794602E-06
"p734": 0
"p735": 0
"p736": 2.2580117077907045E-05
"p737": 0
"p738": 0
"p739": 0
"p740": 0
"p741": 0
"p742": 0
"p743": 0
"p744": 0.002002103714241091
"p745": 0.0006002547789876957
"p746": 6.209532196424438E-05
"p747": 5.645029269476761E-06
"p748": 0.000329293374052811
"p749": 0.00010537387969689955
"p750": 2.446179350106597E-05
"p751": 1.8816764231589204E-06
"p752": 0.0002088660829706401
"p753": 4.139688130949625E-05
"p754": 0
"p755": 0
