"p693": 5.268693984844976E-05
"p694": 0
"p695": 0
"p696": 0.008512704138370958
"p697": 0.003104766098212219
"p698": 0.0005701479562171529
"p699": 3.951520488633733E-05
"p700": 0.013740001241906441
"p701": 0.004642095735933057
"p702": 0.0009050863595394409
"p703": 8.46754390421514E-05
"p704": 0.004581882090391971
"p705": 0.0016408218409945784
"p706": 0.0002464996114338186
"p707": 1.8816764231589203E-05
"p708": 0
"p709": 0
"p710": 0
"p711": 0
"p712": 0.001273894938478589
"p713": 0.0004403122830191873
"p714": 3.575185204001949E-05
"p715": 0
"p716": 0.0012964750555564957
"p717": 0.00038198031390126086
"p718": 2.8225146347383805E-05
"p719": 0
"p720": 0.006109803345997015
"p721": 0.0016859820751503926
"p722": 0.00025402631712645424
"p723": 3.0106822770542726E-05
"p724": 0.0002389729057411829
"p725": 1.6935087808430282E-05
"p726": 0
"p727": 0
"p728": 0.0020679623890516533
"p729": 0.0006567050716824632
"p730": 0.0001486524374295547
"p731": 1.6935087808430282E-05
"p732": 0.0028601481632015585
"p733": 0.000895677977423646
"p734": 0.00017123255450746173
"p735": 1.8816764231589203E-05
"p736": 0.011813164584591702
"p737": 0.004186730041528598
"p738": 0.0007921857741499053
"p739": 5.268693984844977E-05
"p740": 2.0698440654748124E-05
"p741": 0
"p742": 0
"p743": 0
"p744": 0.008512704138370956
"p745": 0.0031047660982122184
"p746": 0.0005701479562171529
"p747": 3.951520488633733E-05
"p748": 0.00726891602266291
"p749": 0.002158282857363282
"p750": 0.0003594001968233538
"p751": 2.446179350106597E-05
"p752": 0.025856115730626728
"p753": 0.01051104449976573
"p754": 0.0024706411436076626
"p755": 0.00028036978705067917
