"p693": 0.0035074448527682277
"p694": 0.0006322432781813972
"p695": 4.8923587002131926E-05
"p696": 0.0007470255399940914
"p697": 0.00024838128785697745
"p698": 4.1396881309496255E-05
"p699": 5.645029269476761E-06
"p700": 0.002564724964765609
"p701": 0.0007827773920341108
"p702": 0.00011666393823585305
"p703": 7.5267056926356815E-06
"p704": 0.0019550618036621183
"p705": 0.0004892358700213193
"p706": 6.585867481056221E-05
"p707": 1.1290058538953523E-05
"p708": 0.006130501786651764
"p709": 0.001870386364619967
"p710": 0.0003236483447833343
"p711": 4.139688130949625E-05
"p712": 0.0004102054602486446
"p713": 0.00013548070246744226
"p714": 3.7633528463178407E-05
"p715": 5.645029269476761E-06
"p716": 0.0017217339271904122
"p717": 0.0005983731025645365
"p718": 0.0001298356731979655
"p719": 7.5267056926356815E-06
"p720": 5.645029269476761E-05
"p721": 0
"p722": 0
"p723": 0
"p724": 0.0011233608246258755
"p725": 0.00019945770085484554
"p726": 1.6935087808430286E-05
"p727": 0
"p728": 0
"p729": 0
"p730": 0
"p731": 0
"p732": 0
"p733": 0
"p734": 0
"p735": 0
"p736": 0.015102334972273495
"p737": 0.0062810359005044765
"p738": 0.0014733526393334345
"p739": 0.00014677076100639582
"p740": 0.026874102675555712
"p741": 0.010744372376237437
"p742": 0.0026061218460751052
"p743": 0.0002822514634738381
"p744": 0.007827773920341109
"p745": 0.003110411127481695
"p746": 0.0005645029269476762
"p747": 1.3171734962112442E-05
"p748": 0.007684766512181029
"p749": 0.0027096140493488453
"p750": 0.0004403122830191874
"p751": 1.5053411385271363E-05
"p752": 0.007974544681347505
"p753": 0.0029354152201279153
"p754": 0.0005889647204487421
"p755": 5.8331969117926534E-05
