"p693": 0.0027491292542351823
"p694": 0.0004346672537497107
"p695": 1.1290058538953523E-05
"p696": 0.0002559079935496132
"p697": 7.150370408003898E-05
"p698": 5.645029269476761E-06
"p699": 0
"p700": 0.0023106986476391545
"p701": 0.0007169187172235488
"p702": 9.596549758110493E-05
"p703": 0
"p704": 5.456861627160869E-05
"p705": 1.6935087808430286E-05
"p706": 1.8816764231589204E-06
"p707": 0
"p708": 0.0008975596538468049
"p709": 0.0001693508780843028
"p710": 1.8816764231589203E-05
"p711": 0
"p712": 1.8816764231589204E-06
"p713": 1.8816764231589204E-06
"p714": 1.8816764231589204E-06
"p715": 0
"p716": 6.0213645541085445E-05
"p717": 3.0106822770542722E-05
"p718": 3.7633528463178407E-06
"p719": 0
"p720": 0.00021827446508643474
"p721": 3.198849919370165E-05
"p722": 3.7633528463178407E-06
"p723": 0
"p724": 0.0016539935759566906
"p725": 0.0003161216390906986
"p726": 1.8816764231589203E-05
"p727": 0
"p728": 1.8816764231589203E-05
"p729": 1.8816764231589204E-06
"p730": 1.8816764231589204E-06
"p731": 1.8816764231589204E-06
"p732": 0.00020322105370116337
"p733": 8.46754390421514E-05
"p734": 2.4461793501065963E-05
"p735": 1.8816764231589204E-06
"p736": 0.000568266279793994
"p737": 0.00018440428946957417
"p738": 4.516023415581409E-05
"p739": 3.7633528463178407E-06
"p740": 0.0021865080037106652
"p741": 0.0006849302180298472
"p742": 8.655711546531033E-05
"p743": 7.5267056926356815E-06
"p744": 9.220214473478711E-05
"p745": 3.198849919370165E-05
"p746": 5.645029269476761E-06
"p747": 0
"p748": 0.0001279539967748066
"p749": 4.139688130949624E-05
"p750": 1.1290058538953523E-05
"p751": 0
"p752": 0.0018007643369630866
"p753": 0.0005494495155624048
"p754": 0.00012419064392848875
"p755": 3.7633528463178407E-06
