"p693": 5.45686162716087E-05
"p694": 5.645029269476761E-06
"p695": 0
"p696": 0.023383592910595916
"p697": 0.008794955601844796
"p698": 0.001781947572731498
"p699": 0.00016935087808430283
"p700": 0.009844931045967472
"p701": 0.003526261616999817
"p702": 0.000805357509112018
"p703": 9.596549758110492E-05
"p704": 9.032046831162817E-05
"p705": 1.1290058538953523E-05
"p706": 0
"p707": 0
"p708": 0
"p709": 0
"p710": 0
"p711": 0
"p712": 0.0058350785882158125
"p713": 0.0020679623890516533
"p714": 0.000282251463473838
"p715": 1.8816764231589203E-05
"p716": 0.0010179869449289758
"p717": 0.0002860148163201558
"p718": 2.2580117077907045E-05
"p719": 0
"p720": 0.0017556041028072725
"p721": 0.0003180033155138575
"p722": 3.575185204001949E-05
"p723": 1.8816764231589204E-06
"p724": 0
"p725": 0
"p726": 0
"p727": 0
"p728": 0.008053575091120178
"p729": 0.0022486033256749094
"p730": 0.0003706902553623074
"p731": 4.139688130949625E-05
"p732": 0.001486524374295547
"p733": 0.00033870175616860566
"p734": 4.704191057897302E-05
"p735": 1.1290058538953523E-05
"p736": 0.0005946097497182188
"p737": 0.00015053411385271365
"p738": 1.3171734962112444E-05
"p739": 0
"p740": 1.1290058538953523E-05
"p741": 0
"p742": 0
"p743": 0
"p744": 0.019740667355360238
"p745": 0.006960321089264849
"p746": 0.0012851849970175427
"p747": 8.655711546531035E-05
"p748": 0.006130501786651763
"p749": 0.0017254972800367302
"p750": 0.00027660643420436126
"p751": 1.8816764231589203E-05
"p752": 0.0018289894833104705
"p753": 0.0006171898667961258
"p754": 0.00010161052685058171
"p755": 2.2580117077907045E-05
