"p693": 0.0001486524374295547
"p694": 1.8816764231589203E-05
"p695": 0
"p696": 0.009748965548386368
"p697": 0.003257181888488091
"p698": 0.0005983731025645368
"p699": 5.6450292694767617E-05
"p700": 0.024525770499453373
"p701": 0.008798718954691111
"p702": 0.0016408218409945787
"p703": 0.00014112573173691905
"p704": 3.0106822770542726E-05
"p705": 0
"p706": 0
"p707": 0
"p708": 0.0003274116976296522
"p709": 2.0698440654748124E-05
"p710": 0
"p711": 0
"p712": 0.0009239031237710299
"p713": 0.00015617914312219037
"p714": 7.5267056926356815E-06
"p715": 0
"p716": 0.0036749140544293708
"p717": 0.0009389565351563013
"p718": 0.0001392440553137601
"p719": 7.5267056926356815E-06
"p720": 0
"p721": 0
"p722": 0
"p723": 0
"p724": 0
"p725": 0
"p726": 0
"p727": 0
"p728": 2.2580117077907045E-05
"p729": 0
"p730": 0
"p731": 0
"p732": 0.0005118159870992262
"p733": 7.714873334951573E-05
"p734": 5.645029269476761E-06
"p735": 0
"p736": 0.0008185292440741301
"p737": 0.00022580117077907044
"p738": 3.575185204001949E-05
"p739": 0
"p740": 0.0010142235920826582
"p741": 0.0001844042894695742
"p742": 0
"p743": 0
"p744": 0.00776003356910739
"p745": 0.0027397208721193877
"p746": 0.000613426513949808
"p747": 7.714873334951573E-05
"p748": 0.012641102210781628
"p749": 0.004070066103292745
"p750": 0.0006435333367203508
"p751": 5.080526342529085E-05
"p752": 5.080526342529085E-05
"p753": 1.5053411385271363E-05
"p754": 0
"p755": 0
