"p693": 0.004333500802534994
"p694": 0.0006774035123372113
"p695": 3.9515204886337324E-05
"p696": 0.0006510600424129865
"p697": 0.0001768775837769385
"p698": 2.4461793501065966E-05
"p699": 1.8816764231589204E-06
"p700": 0.00393834875367162
"p701": 0.0011647577059353718
"p702": 0.000165587525237985
"p703": 1.1290058538953523E-05
"p704": 0.005853895352447402
"p705": 0.002186508003710665
"p706": 0.0005400411334466101
"p707": 6.962202765688003E-05
"p708": 0.00904710024254809
"p709": 0.0032195483600249123
"p710": 0.0006360066310277152
"p711": 5.6450292694767617E-05
"p712": 0.0030389074234016557
"p713": 0.0011591126766658947
"p714": 0.0001448890845832369
"p715": 7.5267056926356815E-06
"p716": 0.002835686369700492
"p717": 0.0010518571205458366
"p718": 0.0001279539967748066
"p719": 7.5267056926356815E-06
"p720": 5.4568616271608685E-05
"p721": 5.645029269476761E-06
"p722": 0
"p723": 0
"p724": 0.0008091208619583356
"p725": 0.00010913723254321737
"p726": 5.645029269476761E-06
"p727": 0
"p728": 0
"p729": 0
"p730": 0
"p731": 0
"p732": 0.00012419064392848875
"p733": 4.327855773265516E-05
"p734": 0
"p735": 0
"p736": 0.0021733362687485526
"p737": 0.0007545522456867271
"p738": 0.00015617914312219037
"p739": 7.5267056926356815E-06
"p740": 0.0038837801374000114
"p741": 0.0010010518571205457
"p742": 9.972885042742278E-05
"p743": 0
"p744": 0.000963418328657367
"p745": 0.0003612818732465128
"p746": 2.2580117077907045E-05
"p747": 1.8816764231589204E-06
"p748": 0.0007639606278025217
"p749": 0.0002615530228190899
"p750": 2.6343469924224887E-05
"p751": 1.8816764231589204E-06
"p752": 0.00509181640106804
"p753": 0.0016314134588787839
"p754": 0.0002464996114338186
"p755": 1.3171734962112444E-05
