"p693": 6.39769983874033E-05
"p694": 9.408382115794602E-06
"p695": 0
"p696": 0.002754774283504659
"p697": 0.0008994413302699639
"p698": 0.00017499590735377962
"p699": 1.3171734962112444E-05
"p700": 0.009933369837855942
"p701": 0.0036692690251598947
"p702": 0.000637888307450874
"p703": 5.080526342529084E-05
"p704": 0.00020322105370116337
"p705": 5.645029269476761E-06
"p706": 0
"p707": 0
"p708": 0.001601306636108241
"p709": 0.00030106822770542725
"p710": 3.575185204001949E-05
"p711": 1.8816764231589204E-06
"p712": 0.0021564011809401228
"p713": 0.0005306327513308156
"p714": 7.150370408003898E-05
"p715": 1.1290058538953523E-05
"p716": 0.006004429466300115
"p717": 0.0018892031288515563
"p718": 0.0003292933740528111
"p719": 4.139688130949625E-05
"p720": 0
"p721": 0
"p722": 0
"p723": 0
"p724": 0
"p725": 0
"p726": 0
"p727": 0
"p728": 5.645029269476761E-05
"p729": 0
"p730": 0
"p731": 0
"p732": 0.0011233608246258755
"p733": 0.00019945770085484554
"p734": 1.6935087808430286E-05
"p735": 0
"p736": 0.0022504850020980687
"p737": 0.00085428109611415
"p738": 0.0001862859658927331
"p739": 3.7633528463178407E-06
"p740": 0.002438652644413961
"p741": 0.0006962202765688006
"p742": 9.972885042742278E-05
"p743": 2.2580117077907045E-05
"p744": 0.020811341240137664
"p745": 0.008326418172478223
"p746": 0.0017988826605399278
"p747": 0.00016182417239166719
"p748": 0.031550068587105615
"p749": 0.012603468682318453
"p750": 0.0029297701908584397
"p751": 0.0002973048748591095
"p752": 0.00022203781793275263
"p753": 5.833196911792653E-05
"p754": 0
"p755": 0
