"p693": 6.209532196424438E-05
"p694": 0
"p695": 0
"p696": 0.006028891259801181
"p697": 0.0023012902655233595
"p698": 0.0003443467854380824
"p699": 1.8816764231589203E-05
"p700": 0.012849968293752269
"p701": 0.004527313474120363
"p702": 0.0006868118944530059
"p703": 3.9515204886337324E-05
"p704": 0.0019193099516220985
"p705": 0.0005381594570234513
"p706": 8.279376261899247E-05
"p707": 5.645029269476761E-06
"p708": 0
"p709": 0
"p710": 0
"p711": 0
"p712": 0.0003895070195938965
"p713": 7.33853805031979E-05
"p714": 7.5267056926356815E-06
"p715": 0
"p716": 0.00033117505047597
"p717": 0.00011290058538953522
"p718": 1.3171734962112442E-05
"p719": 0
"p720": 0.004435111329385575
"p721": 0.001130887530318511
"p722": 0.0001599424959685082
"p723": 7.5267056926356815E-06
"p724": 2.2580117077907045E-05
"p725": 3.7633528463178407E-06
"p726": 0
"p727": 0
"p728": 0.0013190551726344028
"p729": 0.00033493840332228785
"p730": 4.516023415581409E-05
"p731": 1.8816764231589204E-06
"p732": 0.0013002384084028137
"p733": 0.0003989154017096911
"p734": 9.220214473478711E-05
"p735": 1.3171734962112442E-05
"p736": 0.0036523339373514636
"p737": 0.0011158341189332396
"p738": 0.00013548070246744223
"p739": 1.8816764231589204E-06
"p740": 0
"p741": 0
"p742": 0
"p743": 0
"p744": 0.003633517173119874
"p745": 0.0012155629693606624
"p746": 0.00017499590735377957
"p747": 1.3171734962112444E-05
"p748": 0.0025139197013403173
"p749": 0.0008373460083057197
"p750": 0.0001693508780843028
"p751": 1.3171734962112444E-05
"p752": 0.011679565558547421
"p753": 0.0036956124950841196
"p754": 0.0006077814846803313
"p755": 4.7041910578973E-05
