"p693": 0.0007150370408003897
"p694": 9.408382115794603E-05
"p695": 0
"p696": 6.0213645541085445E-05
"p697": 2.2580117077907045E-05
"p698": 9.408382115794602E-06
"p699": 1.8816764231589204E-06
"p700": 0.0006058998082571724
"p701": 0.0001637058488148261
"p702": 2.2580117077907045E-05
"p703": 1.8816764231589204E-06
"p704": 0.0013679787596365348
"p705": 0.000427140548057075
"p706": 5.8331969117926534E-05
"p707": 1.8816764231589204E-06
"p708": 0.0018421612182725829
"p709": 0.0005852013676024243
"p710": 7.526705692635681E-05
"p711": 1.8816764231589204E-06
"p712": 0.0005776746619097885
"p713": 0.00017875926020009743
"p714": 5.645029269476761E-06
"p715": 0
"p716": 0.00028225146347383805
"p717": 0.00013736237889060113
"p718": 7.5267056926356815E-06
"p719": 0
"p720": 0.004773813085554182
"p721": 0.0016276501060324662
"p722": 0.0002897781691664737
"p723": 1.5053411385271365E-05
"p724": 0.004726771174975208
"p725": 0.0015053411385271363
"p726": 0.00023709122931802394
"p727": 1.3171734962112444E-05
"p728": 0.002692678961540415
"p729": 0.0009859984457352743
"p730": 3.0106822770542726E-05
"p731": 0
"p732": 0.0012720132620554303
"p733": 0.0005080526342529084
"p734": 1.1290058538953523E-05
"p735": 0
"p736": 0.0002935415220127916
"p737": 9.22021447347871E-05
"p738": 1.8816764231589203E-05
"p739": 0
"p740": 0.0004309039009033928
"p741": 0.00011666393823585305
"p742": 2.0698440654748124E-05
"p743": 0
"p744": 5.645029269476761E-05
"p745": 9.408382115794602E-06
"p746": 1.8816764231589204E-06
"p747": 1.8816764231589204E-06
"p748": 1.6935087808430282E-05
"p749": 3.7633528463178407E-06
"p750": 1.8816764231589204E-06
"p751": 1.8816764231589204E-06
"p752": 0.0021150042996306265
"p753": 0.0006510600424129865
"p754": 6.0213645541085445E-05
"p755": 0
