"p693": 0.0009239031237710299
"p694": 0.00014488908458323686
"p695": 3.7633528463178407E-06
"p696": 0.00809120861958336
"p697": 0.0022090881207885724
"p698": 0.0002653163756654078
"p699": 1.1290058538953523E-05
"p700": 0.022839788424302978
"p701": 0.007688529865027348
"p702": 0.000970945034350003
"p703": 5.8331969117926534E-05
"p704": 5.8331969117926534E-05
"p705": 1.6935087808430282E-05
"p706": 0
"p707": 0
"p708": 8.655711546531035E-05
"p709": 1.3171734962112444E-05
"p710": 0
"p711": 0
"p712": 0.0018496879239652186
"p713": 0.0006209532196424437
"p714": 0.0001486524374295547
"p715": 1.8816764231589203E-05
"p716": 0.004468981505002436
"p717": 0.0014695892864871165
"p718": 0.0002051027301243223
"p719": 1.3171734962112442E-05
"p720": 0.000773369009918316
"p721": 0.00021827446508643474
"p722": 3.575185204001949E-05
"p723": 0
"p724": 0.0010255136506216113
"p725": 0.0001956943480085277
"p726": 0
"p727": 0
"p728": 0.007289614463317658
"p729": 0.002592950111112992
"p730": 0.0005814380147561064
"p731": 7.714873334951573E-05
"p732": 0.011369088948726196
"p733": 0.003701257524353596
"p734": 0.000611544837526649
"p735": 5.080526342529085E-05
"p736": 1.8816764231589203E-05
"p737": 3.7633528463178407E-06
"p738": 0
"p739": 0
"p740": 1.1290058538953523E-05
"p741": 0
"p742": 0
"p743": 0
"p744": 0.0003405834325917645
"p745": 0.0001129005853895352
"p746": 2.2580117077907045E-05
"p747": 0
"p748": 0.0010706738847774257
"p749": 0.00029354152201279153
"p750": 3.0106822770542726E-05
"p751": 0
"p752": 0.0001862859658927331
"p753": 4.5160234155814084E-05
"p754": 0
"p755": 0
