"p693": 0.008418620317213011
"p694": 0.001631413458878784
"p695": 0.00014112573173691905
"p696": 0.00249133958426241
"p697": 0.0007620789513793628
"p698": 0.00013359902604428335
"p699": 7.5267056926356815E-06
"p700": 0.004032432574829567
"p701": 0.0012381430864385696
"p702": 0.00017123255450746176
"p703": 1.1290058538953523E-05
"p704": 0.0008448727139983553
"p705": 0.00014300740816007793
"p706": 7.5267056926356815E-06
"p707": 0
"p708": 0.003667387348736735
"p709": 0.0009351931823099835
"p710": 0.0001392440553137601
"p711": 7.5267056926356815E-06
"p712": 0.00012419064392848873
"p713": 2.4461793501065966E-05
"p714": 0
"p715": 0
"p716": 0.0005720296326403118
"p717": 0.00022768284720222934
"p718": 7.33853805031979E-05
"p719": 1.1290058538953523E-05
"p720": 2.2580117077907045E-05
"p721": 0
"p722": 0
"p723": 0
"p724": 0.0005118159870992262
"p725": 7.714873334951573E-05
"p726": 5.645029269476761E-06
"p727": 0
"p728": 0
"p729": 0
"p730": 0
"p731": 0
"p732": 0
"p733": 0
"p734": 0
"p735": 0
"p736": 0.005771101589828409
"p737": 0.0021865080037106652
"p738": 0.0005475678391392458
"p739": 7.526705692635681E-05
"p740": 0.010774479199007978
"p741": 0.003509326529191386
"p742": 0.0006021364554108545
"p743": 4.892358700213193E-05
"p744": 0.0027961711648141563
"p745": 0.0009521282701184139
"p746": 0.0001637058488148261
"p747": 7.5267056926356815E-06
"p748": 0.0032477735063722963
"p749": 0.0010311586798910886
"p750": 0.00014112573173691902
"p751": 7.5267056926356815E-06
"p752": 0.0021244126817464206
"p753": 0.0007225637464930254
"p754": 0.0001693508780843028
"p755": 1.6935087808430286E-05
