"p693": 1.6935087808430282E-05
"p694": 0
"p695": 0
"p696": 0.0019362450394305292
"p697": 0.000733853805031979
"p698": 7.150370408003898E-05
"p699": 0
"p700": 0.0034999181470755925
"p701": 0.0011459409417037825
"p702": 0.00016558752523798502
"p703": 1.8816764231589204E-06
"p704": 0.0007620789513793626
"p705": 0.0001599424959685082
"p706": 1.6935087808430286E-05
"p707": 0
"p708": 0
"p709": 0
"p710": 0
"p711": 0
"p712": 0.00015806081954534932
"p713": 1.5053411385271363E-05
"p714": 3.7633528463178407E-06
"p715": 0
"p716": 9.032046831162818E-05
"p717": 4.327855773265517E-05
"p718": 5.645029269476761E-06
"p719": 0
"p720": 0.00135857037752074
"p721": 0.0002559079935496132
"p722": 1.5053411385271363E-05
"p723": 0
"p724": 3.7633528463178407E-06
"p725": 3.7633528463178407E-06
"p726": 0
"p727": 0
"p728": 0.0003725719317854662
"p729": 6.585867481056222E-05
"p730": 5.645029269476761E-06
"p731": 1.8816764231589204E-06
"p732": 0.00034246510901492347
"p733": 0.0001034922032737406
"p734": 2.8225146347383805E-05
"p735": 1.8816764231589204E-06
"p736": 0.0015316846084513606
"p737": 0.0004591290472507766
"p738": 4.5160234155814084E-05
"p739": 1.8816764231589204E-06
"p740": 0
"p741": 0
"p742": 0
"p743": 0
"p744": 0.0009822350928889562
"p745": 0.00031988499193701646
"p746": 6.209532196424438E-05
"p747": 7.5267056926356815E-06
"p748": 0.0004628924000970944
"p749": 0.00016370584881482606
"p750": 4.139688130949625E-05
"p751": 1.8816764231589204E-06
"p752": 0.003785932963395748
"p753": 0.0011158341189332398
"p754": 0.00010537387969689952
"p755": 3.7633528463178407E-06
