"p693": 0
"p694": 0
"p695": 0
"p696": 0.035953191417297505
"p697": 0.012654273945743741
"p698": 0.002054790654089541
"p699": 0.00014488908458323691
"p700": 0.008042285032581229
"p701": 0.0022279048850201615
"p702": 0.00028601481632015597
"p703": 2.0698440654748124E-05
"p704": 0.0005325144277539744
"p705": 0.0001016105268505817
"p706": 0
"p707": 0
"p708": 3.9515204886337324E-05
"p709": 0
"p710": 0
"p711": 0
"p712": 0.010740609023391119
"p713": 0.003368200797454467
"p714": 0.0005682662797939939
"p715": 4.327855773265517E-05
"p716": 0.004327855773265517
"p717": 0.0014978144328345005
"p718": 0.0003518734911307181
"p719": 5.456861627160869E-05
"p720": 0.00024838128785697745
"p721": 3.3870175616860565E-05
"p722": 0
"p723": 0
"p724": 0
"p725": 0
"p726": 0
"p727": 0
"p728": 0.0005757929854866296
"p729": 6.021364554108546E-05
"p730": 5.645029269476761E-06
"p731": 0
"p732": 1.88167642315892E-05
"p733": 3.7633528463178407E-06
"p734": 0
"p735": 0
"p736": 0.0002878964927433148
"p737": 6.585867481056221E-05
"p738": 0
"p739": 0
"p740": 0
"p741": 0
"p742": 0
"p743": 0
"p744": 0.0048697785831352865
"p745": 0.0014582992279481633
"p746": 0.00022391949435591154
"p747": 1.6935087808430286E-05
"p748": 0.0016144783710703534
"p749": 0.0005870830440255832
"p750": 0.00010913723254321738
"p751": 7.5267056926356815E-06
"p752": 0.00024461793501065964
"p753": 6.962202765688005E-05
"p754": 7.5267056926356815E-06
"p755": 0
