"p693": 9.408382115794602E-06
"p694": 0
"p695": 0
"p696": 0.0009634183286573673
"p697": 0.0003612818732465128
"p698": 2.2580117077907045E-05
"p699": 1.8816764231589204E-06
"p700": 0.001676573693034598
"p701": 0.0005550945448318816
"p702": 8.091208619583358E-05
"p703": 3.7633528463178407E-06
"p704": 0.002237313267135956
"p705": 0.0006322432781813974
"p706": 6.774035123372114E-05
"p707": 3.7633528463178407E-06
"p708": 3.7633528463178407E-06
"p709": 3.7633528463178407E-06
"p710": 0
"p711": 0
"p712": 0.00235209552894865
"p713": 0.0007601972749562041
"p714": 0.00015053411385271363
"p715": 9.408382115794602E-06
"p716": 0.00162012340033983
"p717": 0.0005645029269476761
"p718": 0.00012230896750532982
"p719": 1.8816764231589204E-06
"p720": 0.00021262943581695795
"p721": 2.0698440654748124E-05
"p722": 0
"p723": 0
"p724": 1.8816764231589204E-06
"p725": 1.8816764231589204E-06
"p726": 0
"p727": 0
"p728": 1.8816764231589204E-06
"p729": 0
"p730": 0
"p731": 0
"p732": 3.0106822770542726E-05
"p733": 5.645029269476761E-06
"p734": 0
"p735": 0
"p736": 0.0011835744701669607
"p737": 0.000306713256974904
"p738": 3.1988499193701654E-05
"p739": 0
"p740": 0
"p741": 0
"p742": 0
"p743": 0
"p744": 0.0006510600424129863
"p745": 0.00017687758377693847
"p746": 2.4461793501065963E-05
"p747": 1.8816764231589204E-06
"p748": 0.000378216961054943
"p749": 0.00012795399677480656
"p750": 3.1988499193701654E-05
"p751": 1.8816764231589204E-06
"p752": 0.0031837965079848933
"p753": 0.000873097860345739
"p754": 9.972885042742278E-05
"p755": 1.8816764231589204E-06
