"p693": 0.0002747247577812023
"p694": 1.5053411385271363E-05
"p695": 0
"p696": 0.003087831010403789
"p697": 0.0009615366522342084
"p698": 0.00014112573173691902
"p699": 9.408382115794602E-06
"p700": 0.008247387762705546
"p701": 0.003050197481940609
"p702": 0.0004929992228676371
"p703": 1.1290058538953523E-05
"p704": 0
"p705": 0
"p706": 0
"p707": 0
"p708": 0
"p709": 0
"p710": 0
"p711": 0
"p712": 0.00027660643420436126
"p713": 7.150370408003898E-05
"p714": 3.7633528463178407E-06
"p715": 0
"p716": 0.0008279376261899249
"p717": 0.000259671346395931
"p718": 3.3870175616860565E-05
"p719": 0
"p720": 9.408382115794602E-06
"p721": 5.645029269476761E-06
"p722": 0
"p723": 0
"p724": 0.0002239194943559115
"p725": 4.327855773265517E-05
"p726": 0
"p727": 0
"p728": 0.0007357354814551379
"p729": 0.0001467707610063958
"p730": 7.5267056926356815E-06
"p731": 0
"p732": 0.0020698440654748117
"p733": 0.0004929992228676371
"p734": 7.150370408003898E-05
"p735": 0
"p736": 4.8923587002131926E-05
"p737": 1.1290058538953523E-05
"p738": 0
"p739": 0
"p740": 2.8225146347383805E-05
"p741": 5.645029269476761E-06
"p742": 0
"p743": 0
"p744": 0.0020453822719737466
"p745": 0.000568266279793994
"p746": 6.774035123372114E-05
"p747": 1.8816764231589204E-06
"p748": 0.002163927886632758
"p749": 0.0006604684245287812
"p750": 8.279376261899251E-05
"p751": 1.8816764231589204E-06
"p752": 0.0005588578976781994
"p753": 0.00017311423093062066
"p754": 5.645029269476761E-06
"p755": 0
