"p693": 9.408382115794602E-06
"p694": 0
"p695": 0
"p696": 0.0006905752472993239
"p697": 0.0002559079935496132
"p698": 1.8816764231589204E-06
"p699": 1.8816764231589204E-06
"p700": 0.0011873378230132787
"p701": 0.00036128187324651267
"p702": 3.9515204886337324E-05
"p703": 1.8816764231589204E-06
"p704": 0.0013980855824070775
"p705": 0.0003913886960170554
"p706": 3.7633528463178407E-05
"p707": 1.8816764231589204E-06
"p708": 0
"p709": 0
"p710": 0
"p711": 0
"p712": 0.000876861213192057
"p713": 0.00029542319843595046
"p714": 6.0213645541085445E-05
"p715": 7.5267056926356815E-06
"p716": 0.00045536569440445885
"p717": 0.00017123255450746173
"p718": 4.327855773265517E-05
"p719": 1.8816764231589204E-06
"p720": 0.0027980528412373143
"p721": 0.0007620789513793627
"p722": 7.903040977267468E-05
"p723": 3.7633528463178407E-06
"p724": 5.645029269476761E-06
"p725": 5.645029269476761E-06
"p726": 0
"p727": 0
"p728": 0.0027717093713130895
"p729": 0.0008655711546531035
"p730": 0.00016182417239166716
"p731": 9.408382115794602E-06
"p732": 0.001859096306081013
"p733": 0.0006265982489119204
"p734": 0.0001392440553137601
"p735": 1.8816764231589204E-06
"p736": 0.0004064421074023268
"p737": 0.0001204272910821709
"p738": 2.0698440654748124E-05
"p739": 0
"p740": 0
"p741": 0
"p742": 0
"p743": 0
"p744": 0.00019193099516220984
"p745": 7.903040977267465E-05
"p746": 1.3171734962112442E-05
"p747": 1.8816764231589204E-06
"p748": 9.032046831162817E-05
"p749": 4.5160234155814084E-05
"p750": 1.3171734962112442E-05
"p751": 1.8816764231589204E-06
"p752": 0.0023934924102581466
"p753": 0.0005908463968719009
"p754": 6.39769983874033E-05
"p755": 0
