"p693": 0
"p694": 0
"p695": 0
"p696": 0.011609943530890541
"p697": 0.003706902553623074
"p698": 0.00052310604563818
"p699": 2.4461793501065976E-05
"p700": 0.00200398539066425
"p701": 0.0006642317773750989
"p702": 5.456861627160868E-05
"p703": 0
"p704": 9.596549758110493E-05
"p705": 0
"p706": 0
"p707": 0
"p708": 0
"p709": 0
"p710": 0
"p711": 0
"p712": 0.0014902877271418648
"p713": 0.0002766064342043613
"p714": 7.5267056926356815E-06
"p715": 0
"p716": 0.0001129005853895352
"p717": 9.408382115794602E-06
"p718": 0
"p719": 0
"p720": 0
"p721": 0
"p722": 0
"p723": 0
"p724": 0
"p725": 0
"p726": 0
"p727": 0
"p728": 0.00016370584881482604
"p729": 5.645029269476761E-06
"p730": 0
"p731": 0
"p732": 0
"p733": 0
"p734": 0
"p735": 0
"p736": 0.0002916598455896326
"p737": 4.139688130949625E-05
"p738": 0
"p739": 0
"p740": 0
"p741": 0
"p742": 0
"p743": 0
"p744": 0.005366541158849241
"p745": 0.0014545358751018454
"p746": 0.00018816764231589203
"p747": 9.408382115794602E-06
"p748": 0.0014338374344470973
"p749": 0.0004666557529434123
"p750": 0.00010725555612005847
"p751": 1.8816764231589204E-06
"p752": 1.6935087808430282E-05
"p753": 0
"p754": 0
"p755": 0
