"p693": 0
"p694": 0
"p695": 0
"p696": 0.02619293581037218
"p697": 0.008700871780686847
"p698": 0.0011271241774721934
"p699": 6.397699838740331E-05
"p700": 0.004736179557091003
"p701": 0.0011233608246258755
"p702": 9.784717400426387E-05
"p703": 5.645029269476761E-06
"p704": 8.655711546531035E-05
"p705": 1.3171734962112444E-05
"p706": 0
"p707": 0
"p708": 0
"p709": 0
"p710": 0
"p711": 0
"p712": 0.004786984820516293
"p713": 0.0015749631661840164
"p714": 0.00023332787647170614
"p715": 1.6935087808430282E-05
"p716": 0.0015392113141439966
"p717": 0.0004365489301728695
"p718": 0.0001016105268505817
"p719": 1.3171734962112444E-05
"p720": 0.0010198686213521346
"p721": 0.0001956943480085277
"p722": 0
"p723": 0
"p724": 3.9515204886337324E-05
"p725": 0
"p726": 0
"p727": 0
"p728": 0.013945103972030758
"p729": 0.004324092420419199
"p730": 0.0007451438635709324
"p731": 6.021364554108545E-05
"p732": 0.005432399833659804
"p733": 0.0019268366573147342
"p734": 0.00043654893017286943
"p735": 6.209532196424438E-05
"p736": 1.1290058538953523E-05
"p737": 0
"p738": 0
"p739": 0
"p740": 0
"p741": 0
"p742": 0
"p743": 0
"p744": 0.001134650883164829
"p745": 0.0003180033155138575
"p746": 3.7633528463178407E-05
"p747": 0
"p748": 0.0002615530228190899
"p749": 8.091208619583358E-05
"p750": 1.3171734962112444E-05
"p751": 0
"p752": 0.0001956943480085277
"p753": 6.209532196424436E-05
"p754": 7.5267056926356815E-06
"p755": 0
