"p693": 1.3171734962112444E-05
"p694": 0
"p695": 0
"p696": 0.007827773920341109
"p697": 0.0028450947518162874
"p698": 0.00044031228301918745
"p699": 1.1290058538953523E-05
"p700": 0.002295645236253883
"p701": 0.0008222925969204484
"p702": 0.00014300740816007793
"p703": 1.8816764231589204E-06
"p704": 5.645029269476761E-06
"p705": 0
"p706": 0
"p707": 0
"p708": 0
"p709": 0
"p710": 0
"p711": 0
"p712": 0.000918258094501553
"p713": 0.00017311423093062064
"p714": 1.8816764231589203E-05
"p715": 0
"p716": 3.0106822770542726E-05
"p717": 1.3171734962112444E-05
"p718": 1.8816764231589204E-06
"p719": 0
"p720": 0.00018440428946957417
"p721": 1.3171734962112444E-05
"p722": 0
"p723": 0
"p724": 0
"p725": 0
"p726": 0
"p727": 0
"p728": 0.0017970009841167683
"p729": 0.0003180033155138575
"p730": 1.8816764231589203E-05
"p731": 0
"p732": 0.00015053411385271363
"p733": 2.4461793501065963E-05
"p734": 3.7633528463178407E-06
"p735": 0
"p736": 3.198849919370165E-05
"p737": 1.8816764231589204E-06
"p738": 0
"p739": 0
"p740": 0
"p741": 0
"p742": 0
"p743": 0
"p744": 0.00249133958426241
"p745": 0.0007677239806488396
"p746": 0.00010537387969689955
"p747": 9.408382115794602E-06
"p748": 0.00037633528463178407
"p749": 0.0001279539967748066
"p750": 3.0106822770542726E-05
"p751": 1.8816764231589204E-06
"p752": 0.00023144620004854718
"p753": 5.6450292694767617E-05
"p754": 0
"p755": 0
