"p693": 7.5267056926356815E-06
"p694": 0
"p695": 0
"p696": 0.007498480546288298
"p697": 0.0026023584932287867
"p698": 0.00048735419359816035
"p699": 1.1290058538953523E-05
"p700": 0.0035375516755387706
"p701": 0.001160994353089054
"p702": 0.00014488908458323686
"p703": 9.408382115794602E-06
"p704": 0
"p705": 0
"p706": 0
"p707": 0
"p708": 0
"p709": 0
"p710": 0
"p711": 0
"p712": 0.0009558916229647314
"p713": 0.0002897781691664738
"p714": 3.3870175616860565E-05
"p715": 0
"p716": 0.00012795399677480656
"p717": 3.7633528463178407E-05
"p718": 3.7633528463178407E-06
"p719": 0
"p720": 0.0002239194943559115
"p721": 4.327855773265517E-05
"p722": 0
"p723": 0
"p724": 0
"p725": 0
"p726": 0
"p727": 0
"p728": 0.002502629642801364
"p729": 0.0005776746619097886
"p730": 7.150370408003898E-05
"p731": 0
"p732": 0.0002690797285117256
"p733": 6.021364554108545E-05
"p734": 7.5267056926356815E-06
"p735": 0
"p736": 2.8225146347383805E-05
"p737": 5.645029269476761E-06
"p738": 0
"p739": 0
"p740": 0
"p741": 0
"p742": 0
"p743": 0
"p744": 0.0035112082056145454
"p745": 0.0009972885042742279
"p746": 0.00012607232035164766
"p747": 3.7633528463178407E-06
"p748": 0.0007601972749562039
"p749": 0.00022203781793275263
"p750": 2.4461793501065966E-05
"p751": 0
"p752": 0.00033870175616860566
"p753": 9.784717400426385E-05
"p754": 0
"p755": 0
