"p693": 0
"p694": 0
"p695": 0
"p696": 7.33853805031979E-05
"p697": 2.6343469924224884E-05
"p698": 5.645029269476761E-06
"p699": 0
"p700": 9.596549758110492E-05
"p701": 4.8923587002131926E-05
"p702": 2.2580117077907045E-05
"p703": 1.8816764231589204E-06
"p704": 0.0002897781691664738
"p705": 4.8923587002131926E-05
"p706": 7.5267056926356815E-06
"p707": 0
"p708": 3.7633528463178407E-06
"p709": 3.7633528463178407E-06
"p710": 0
"p711": 0
"p712": 8.091208619583357E-05
"p713": 1.6935087808430286E-05
"p714": 5.645029269476761E-06
"p715": 1.8816764231589204E-06
"p716": 5.833196911792653E-05
"p717": 1.3171734962112444E-05
"p718": 5.645029269476761E-06
"p719": 1.8816764231589204E-06
"p720": 2.2580117077907045E-05
"p721": 5.645029269476761E-06
"p722": 0
"p723": 0
"p724": 0
"p725": 0
"p726": 0
"p727": 0
"p728": 0
"p729": 0
"p730": 0
"p731": 0
"p732": 0
"p733": 0
"p734": 0
"p735": 0
"p736": 0.0009803534164657974
"p737": 0.00027284308135804345
"p738": 2.6343469924224887E-05
"p739": 1.8816764231589204E-06
"p740": 3.7633528463178407E-06
"p741": 3.7633528463178407E-06
"p742": 0
"p743": 0
"p744": 0.001136532559587988
"p745": 0.0002408545821643418
"p746": 3.0106822770542726E-05
"p747": 1.8816764231589204E-06
"p748": 0.0004835908407518425
"p749": 0.00011478226181269412
"p750": 1.5053411385271363E-05
"p751": 0
"p752": 0.0007564339221098858
"p753": 0.00022580117077907044
"p754": 3.575185204001949E-05
"p755": 1.8816764231589204E-06
