"p693": 0
"p694": 0
"p695": 0
"p696": 0.0085428109611415
"p697": 0.0030238540120163847
"p698": 0.0005814380147561064
"p699": 4.139688130949625E-05
"p700": 0.008764848779074253
"p701": 0.0028018161940836324
"p702": 0.00045724737082761767
"p703": 4.327855773265517E-05
"p704": 0.0031480446559448735
"p705": 0.0008034758326888591
"p706": 0.00011666393823585307
"p707": 7.5267056926356815E-06
"p708": 1.1290058538953523E-05
"p709": 0
"p710": 0
"p711": 0
"p712": 0.0009295481530405067
"p713": 0.00020698440654748124
"p714": 3.0106822770542726E-05
"p715": 0
"p716": 0.0010048152099668634
"p717": 0.0002897781691664737
"p718": 7.33853805031979E-05
"p719": 1.1290058538953523E-05
"p720": 0.0005118159870992262
"p721": 7.714873334951573E-05
"p722": 5.645029269476761E-06
"p723": 0
"p724": 0
"p725": 0
"p726": 0
"p727": 0
"p728": 1.1290058538953523E-05
"p729": 0
"p730": 0
"p731": 0
"p732": 1.1290058538953523E-05
"p733": 0
"p734": 0
"p735": 0
"p736": 0.006875645650222694
"p737": 0.0020096304199337268
"p738": 0.0002860148163201559
"p739": 2.4461793501065963E-05
"p740": 2.8225146347383805E-05
"p741": 0
"p742": 0
"p743": 0
"p744": 0.008542810961141498
"p745": 0.003023854012016385
"p746": 0.0005814380147561063
"p747": 4.139688130949625E-05
"p748": 0.006945267677879574
"p749": 0.0024141908509128945
"p750": 0.0005381594570234513
"p751": 6.774035123372113E-05
"p752": 0.006043944671186452
"p753": 0.0020585540069358588
"p754": 0.00035751852040019486
"p755": 2.6343469924224887E-05
