"p693": 0.0008053575091120179
"p694": 0.00014300740816007796
"p695": 1.8816764231589204E-06
"p696": 0.00015053411385271363
"p697": 5.8331969117926534E-05
"p698": 3.7633528463178407E-06
"p699": 0
"p700": 0.0007075103351077542
"p701": 0.00023709122931802392
"p702": 2.4461793501065963E-05
"p703": 0
"p704": 0.0007018653058382773
"p705": 0.00014112573173691902
"p706": 7.5267056926356815E-06
"p707": 0
"p708": 0.0018590963060810132
"p709": 0.0004534840179812998
"p710": 7.150370408003898E-05
"p711": 0
"p712": 9.784717400426385E-05
"p713": 3.575185204001948E-05
"p714": 7.5267056926356815E-06
"p715": 1.8816764231589204E-06
"p716": 0.00026155302281908986
"p717": 9.784717400426385E-05
"p718": 1.5053411385271363E-05
"p719": 1.8816764231589204E-06
"p720": 0
"p721": 0
"p722": 0
"p723": 0
"p724": 0.00021639278866327584
"p725": 3.9515204886337324E-05
"p726": 0
"p727": 0
"p728": 0
"p729": 0
"p730": 0
"p731": 0
"p732": 0
"p733": 0
"p734": 0
"p735": 0
"p736": 0.005039129461219588
"p737": 0.0016935087808430283
"p738": 0.0002973048748591094
"p739": 1.5053411385271365E-05
"p740": 0.004903648758752146
"p741": 0.0015636731076450628
"p742": 0.00024461793501065964
"p743": 1.3171734962112444E-05
"p744": 0.002779236077005725
"p745": 0.0009972885042742279
"p746": 3.0106822770542726E-05
"p747": 0
"p748": 0.001300238408402814
"p749": 0.0005024076049834317
"p750": 1.1290058538953523E-05
"p751": 0
"p752": 0.002092424182552719
"p753": 0.0006322432781813972
"p754": 7.526705692635681E-05
"p755": 1.8816764231589204E-06
