"p693": 0
"p694": 0
"p695": 0
"p696": 0.002417954203759213
"p697": 0.0007413805107246145
"p698": 9.408382115794603E-05
"p699": 0
"p700": 0.00028789649274331484
"p701": 8.279376261899248E-05
"p702": 2.0698440654748124E-05
"p703": 0
"p704": 2.8225146347383805E-05
"p705": 5.645029269476761E-06
"p706": 0
"p707": 0
"p708": 0
"p709": 0
"p710": 0
"p711": 0
"p712": 0.0031894415372543702
"p713": 0.000925784800194189
"p714": 0.00011854561465901199
"p715": 3.7633528463178407E-06
"p716": 0.0006585867481056222
"p717": 0.00019381267158536883
"p718": 1.8816764231589207E-05
"p719": 0
"p720": 0.0004233771952107571
"p721": 0.00010349220327374062
"p722": 0
"p723": 0
"p724": 2.8225146347383808E-05
"p725": 1.8816764231589204E-06
"p726": 0
"p727": 0
"p728": 0.010627708438001583
"p729": 0.0030991210689427424
"p730": 0.00046289240009709447
"p731": 2.0698440654748128E-05
"p732": 0.0026945606379635734
"p733": 0.0008448727139983553
"p734": 0.0001016105268505817
"p735": 7.5267056926356815E-06
"p736": 0
"p737": 0
"p738": 0
"p739": 0
"p740": 0
"p741": 0
"p742": 0
"p743": 0
"p744": 0.0006472966895666686
"p745": 0.00017499590735377962
"p746": 2.822514634738381E-05
"p747": 0
"p748": 0.00011854561465901197
"p749": 3.9515204886337324E-05
"p750": 1.1290058538953523E-05
"p751": 0
"p752": 0.0002051027301243223
"p753": 5.833196911792653E-05
"p754": 3.7633528463178407E-06
"p755": 3.7633528463178407E-06
