"p693": 1.8816764231589203E-05
"p694": 0
"p695": 0
"p696": 0.006821077033951089
"p697": 0.0022429582964054334
"p698": 0.00025026296428013644
"p699": 7.5267056926356815E-06
"p700": 0.007936911152884326
"p701": 0.00217898129801803
"p702": 0.0002671980520885667
"p703": 1.3171734962112442E-05
"p704": 0.0026174119046140578
"p705": 0.000805357509112018
"p706": 0.0001091372325432174
"p707": 5.645029269476761E-06
"p708": 0
"p709": 0
"p710": 0
"p711": 0
"p712": 0.002374675646026557
"p713": 0.0009276664766173479
"p714": 0.00015241579027587256
"p715": 1.6935087808430282E-05
"p716": 0.0019889319792789784
"p717": 0.0006661134537982577
"p718": 0.0001392440553137601
"p719": 1.3171734962112444E-05
"p720": 0.006294207635466589
"p721": 0.0018176994247715173
"p722": 0.00027284308135804345
"p723": 2.4461793501065963E-05
"p724": 2.8225146347383805E-05
"p725": 0
"p726": 0
"p727": 0
"p728": 0.007786377039031613
"p729": 0.0028074612233531093
"p730": 0.0005569762212550404
"p731": 4.139688130949625E-05
"p732": 0.006497428689167754
"p733": 0.002286236854138088
"p734": 0.0005136976635223852
"p735": 6.774035123372113E-05
"p736": 0.0006510600424129863
"p737": 0.0001580608195453493
"p738": 1.8816764231589203E-05
"p739": 0
"p740": 0
"p741": 0
"p742": 0
"p743": 0
"p744": 0.0005042892814065906
"p745": 0.00018064093662325636
"p746": 2.2580117077907045E-05
"p747": 0
"p748": 0.0002860148163201559
"p749": 9.784717400426384E-05
"p750": 2.0698440654748124E-05
"p751": 0
"p752": 0.006858710562414264
"p753": 0.0020416189191274285
"p754": 0.00031047660982122185
"p755": 2.2580117077907045E-05
