"p693": 0
"p694": 0
"p695": 0
"p696": 0.0033606740917618318
"p697": 0.0011515859709732592
"p698": 0.0001486524374295547
"p699": 1.3171734962112444E-05
"p700": 0.0003029499041285862
"p701": 8.091208619583357E-05
"p702": 2.446179350106597E-05
"p703": 1.8816764231589204E-06
"p704": 0.0007150370408003896
"p705": 0.0001016105268505817
"p706": 7.5267056926356815E-06
"p707": 0
"p708": 0
"p709": 0
"p710": 0
"p711": 0
"p712": 0.003074659275441675
"p713": 0.0008881512717310103
"p714": 8.655711546531035E-05
"p715": 0
"p716": 0.0006774035123372113
"p717": 0.00014677076100639576
"p718": 5.645029269476761E-06
"p719": 0
"p720": 0
"p721": 0
"p722": 0
"p723": 0
"p724": 0
"p725": 0
"p726": 0
"p727": 0
"p728": 0.00046853742936657115
"p729": 3.387017561686057E-05
"p730": 0
"p731": 0
"p732": 0
"p733": 0
"p734": 0
"p735": 0
"p736": 0.0011478226181269413
"p737": 0.0002991865512822684
"p738": 3.0106822770542726E-05
"p739": 0
"p740": 6.021364554108545E-05
"p741": 1.6935087808430286E-05
"p742": 0
"p743": 0
"p744": 0.017586147850843274
"p745": 0.006360066310277152
"p746": 0.0012701315856322717
"p747": 4.327855773265517E-05
"p748": 0.004884831994520558
"p749": 0.0016427035174177377
"p750": 0.0002897781691664737
"p751": 9.408382115794602E-06
"p752": 0.00010913723254321737
"p753": 9.408382115794602E-06
"p754": 0
"p755": 0
