"p693": 0.008027231621195955
"p694": 0.0016991538101125056
"p695": 0.000165587525237985
"p696": 0.0029975105420921595
"p697": 0.00099352515142791
"p698": 0.0001486524374295547
"p699": 7.5267056926356815E-06
"p700": 0.009581496346725225
"p701": 0.0030821859811343117
"p702": 0.0004572473708276176
"p703": 2.0698440654748124E-05
"p704": 0.0014338374344470973
"p705": 0.0004290222244802337
"p706": 4.139688130949625E-05
"p707": 0
"p708": 0.0053514877474639694
"p709": 0.001953180127238959
"p710": 0.0002690797285117256
"p711": 1.8816764231589203E-05
"p712": 0.0001317173496211244
"p713": 2.2580117077907045E-05
"p714": 0
"p715": 0
"p716": 0.00033493840332228785
"p717": 0.00010913723254321738
"p718": 5.645029269476761E-06
"p719": 0
"p720": 0.002011512096356886
"p721": 0.0004892358700213193
"p722": 6.585867481056221E-05
"p723": 1.1290058538953523E-05
"p724": 0.0071861222600439175
"p725": 0.0020641990362053357
"p726": 0.0003405834325917646
"p727": 4.139688130949625E-05
"p728": 0.0004102054602486446
"p729": 0.00013548070246744226
"p730": 3.7633528463178407E-05
"p731": 5.645029269476761E-06
"p732": 0.0017217339271904122
"p733": 0.0005983731025645365
"p734": 0.0001298356731979655
"p735": 7.5267056926356815E-06
"p736": 0.006832367092490039
"p737": 0.0024932212606855694
"p738": 0.0005400411334466102
"p739": 4.8923587002131926E-05
"p740": 0.01539775817070945
"p741": 0.0054681516856998225
"p742": 0.0009803534164657978
"p743": 5.8331969117926534E-05
"p744": 0.0028093428997762685
"p745": 0.0009878801221584333
"p746": 0.0001467707610063958
"p747": 7.5267056926356815E-06
"p748": 0.0028206329583152214
"p749": 0.000826055949766766
"p750": 9.972885042742277E-05
"p751": 5.645029269476761E-06
"p752": 0.016396928351406832
"p753": 0.006881290679492171
"p754": 0.0015580280783755861
"p755": 0.00016370584881482612
