"p693": 0
"p694": 0
"p695": 0
"p696": 0.004997732579910093
"p697": 0.0014865243742955472
"p698": 0.00016182417239166716
"p699": 1.3171734962112444E-05
"p700": 0.0006999836294151183
"p701": 0.0002258011707790704
"p702": 3.010682277054273E-05
"p703": 1.8816764231589204E-06
"p704": 0.0007959491269962233
"p705": 0.0002408545821643418
"p706": 3.0106822770542726E-05
"p707": 0
"p708": 6.021364554108545E-05
"p709": 1.6935087808430286E-05
"p710": 0
"p711": 0
"p712": 0.01208600766594975
"p713": 0.004922465522983735
"p714": 0.0010876089725858561
"p715": 4.139688130949625E-05
"p716": 0.0038348565503978794
"p717": 0.0014281924051776206
"p718": 0.0002653163756654078
"p719": 9.408382115794602E-06
"p720": 0.00020886608297064017
"p721": 0
"p722": 0
"p723": 0
"p724": 0
"p725": 0
"p726": 0
"p727": 0
"p728": 0.000447838988711823
"p729": 6.209532196424438E-05
"p730": 0
"p731": 0
"p732": 1.8816764231589203E-05
"p733": 0
"p734": 0
"p735": 0
"p736": 0.0002709614049348845
"p737": 5.833196911792653E-05
"p738": 0
"p739": 0
"p740": 0
"p741": 0
"p742": 0
"p743": 0
"p744": 0.00639769983874033
"p745": 0.0021281760345927387
"p746": 0.00017687758377693853
"p747": 1.8816764231589204E-06
"p748": 0.0010706738847774254
"p749": 0.00029354152201279153
"p750": 3.010682277054273E-05
"p751": 0
"p752": 0.0008166475676509714
"p753": 0.00024838128785697745
"p754": 4.1396881309496255E-05
"p755": 0
