"p693": 0
"p694": 0
"p695": 0
"p696": 0.002481931202146616
"p697": 0.000922021447347871
"p698": 0.00014112573173691902
"p699": 1.1290058538953523E-05
"p700": 0.0038724900788610576
"p701": 0.0012324980571690927
"p702": 0.00019945770085484557
"p703": 1.5053411385271363E-05
"p704": 0.003863081696745263
"p705": 0.0010311586798910882
"p706": 0.00015429746669903143
"p707": 7.5267056926356815E-06
"p708": 2.2580117077907045E-05
"p709": 3.7633528463178407E-06
"p710": 0
"p711": 0
"p712": 0.0013134101433649264
"p713": 0.00033493840332228785
"p714": 4.516023415581409E-05
"p715": 1.8816764231589204E-06
"p716": 0.0012889483498638604
"p717": 0.0003989154017096911
"p718": 9.220214473478711E-05
"p719": 1.3171734962112442E-05
"p720": 0.0005776746619097886
"p721": 9.972885042742278E-05
"p722": 5.645029269476761E-06
"p723": 0
"p724": 0
"p725": 0
"p726": 0
"p727": 0
"p728": 5.645029269476761E-06
"p729": 0
"p730": 0
"p731": 0
"p732": 1.1290058538953523E-05
"p733": 0
"p734": 0
"p735": 0
"p736": 0.008636894782299445
"p737": 0.0025778966997277207
"p738": 0.00040079707813285
"p739": 3.198849919370165E-05
"p740": 1.5053411385271363E-05
"p741": 3.7633528463178407E-06
"p742": 0
"p743": 0
"p744": 0.01114140610152397
"p745": 0.003947757135787416
"p746": 0.0006472966895666685
"p747": 3.7633528463178407E-05
"p748": 0.008008414856964364
"p749": 0.0029297701908584384
"p750": 0.0006002547789876957
"p751": 7.33853805031979E-05
"p752": 0.007590682691023085
"p753": 0.002384084028142352
"p754": 0.0003650452260928305
"p755": 2.2580117077907045E-05
