"p693": 0.00047982748790552463
"p694": 6.962202765688005E-05
"p695": 5.645029269476761E-06
"p696": 0.004369252654575013
"p697": 0.001322818525480721
"p698": 0.00022956452362538827
"p699": 1.6935087808430282E-05
"p700": 0.012849968293752269
"p701": 0.004527313474120363
"p702": 0.000686811894453006
"p703": 3.9515204886337324E-05
"p704": 0.0005381594570234513
"p705": 0.00015053411385271363
"p706": 1.6935087808430282E-05
"p707": 0
"p708": 0.0004967625757139549
"p709": 0.00011101890896637629
"p710": 0
"p711": 0
"p712": 0.008066746826082292
"p713": 0.0028112245761994265
"p714": 0.0006040181318340134
"p715": 7.150370408003896E-05
"p716": 0.010580666527422608
"p717": 0.0036259904674272392
"p718": 0.0006698768066445757
"p719": 5.8331969117926534E-05
"p720": 0
"p721": 0
"p722": 0
"p723": 0
"p724": 0.00031235828624438073
"p725": 3.9515204886337324E-05
"p726": 0
"p727": 0
"p728": 5.4568616271608685E-05
"p729": 5.645029269476761E-06
"p730": 0
"p731": 0
"p732": 0.0007884224213035875
"p733": 0.00010725555612005845
"p734": 5.645029269476761E-06
"p735": 0
"p736": 0.0002408545821643418
"p737": 0.00010161052685058169
"p738": 1.1290058538953523E-05
"p739": 0
"p740": 0.0002860148163201559
"p741": 8.279376261899251E-05
"p742": 0
"p743": 0
"p744": 0.0029843388071300477
"p745": 0.0009446015644257778
"p746": 0.00016370584881482604
"p747": 7.5267056926356815E-06
"p748": 0.004316565714726562
"p749": 0.0011497042945501005
"p750": 0.00010349220327374062
"p751": 0
"p752": 0.0002069844065474812
"p753": 4.8923587002131926E-05
"p754": 5.645029269476761E-06
"p755": 0
