"p693": 0.004743706262783639
"p694": 0.0004929992228676371
"p695": 2.2580117077907055E-05
"p696": 0.0004779458114823657
"p697": 0.00014112573173691902
"p698": 2.0698440654748124E-05
"p699": 0
"p700": 0.0020566723305127004
"p701": 0.0005946097497182189
"p702": 7.526705692635684E-05
"p703": 0
"p704": 0.000991643475004751
"p705": 0.0003274116976296521
"p706": 8.27937626189925E-05
"p707": 1.8816764231589204E-06
"p708": 0.0033155138576060174
"p709": 0.0010066968863900224
"p710": 0.0001561791431221904
"p711": 9.408382115794602E-06
"p712": 0.0003142399626675397
"p713": 8.843879188846926E-05
"p714": 9.408382115794602E-06
"p715": 0
"p716": 0.0006228348960656026
"p717": 0.00019381267158536883
"p718": 2.6343469924224887E-05
"p719": 0
"p720": 5.645029269476761E-06
"p721": 0
"p722": 0
"p723": 0
"p724": 0.0001994577008548455
"p725": 1.6935087808430282E-05
"p726": 0
"p727": 0
"p728": 0
"p729": 0
"p730": 0
"p731": 0
"p732": 2.6343469924224887E-05
"p733": 5.645029269476761E-06
"p734": 0
"p735": 0
"p736": 0.00035751852040019486
"p737": 0.00012230896750532982
"p738": 1.5053411385271365E-05
"p739": 0
"p740": 0.0014714709629102753
"p741": 0.0003932703724402144
"p742": 3.010682277054273E-05
"p743": 0
"p744": 4.1396881309496255E-05
"p745": 2.2580117077907045E-05
"p746": 3.7633528463178407E-06
"p747": 0
"p748": 0.00011854561465901197
"p749": 3.9515204886337324E-05
"p750": 1.1290058538953523E-05
"p751": 0
"p752": 0.0005757929854866296
"p753": 0.0001938126715853688
"p754": 2.8225146347383808E-05
"p755": 1.8816764231589204E-06
