"p693": 0.0010443304148532008
"p694": 0.00015994249596850823
"p695": 3.7633528463178407E-06
"p696": 0.013094586228762929
"p697": 0.004103936278909605
"p698": 0.0006981019529919596
"p699": 5.080526342529085E-05
"p700": 0.031292278917132856
"p701": 0.011077429103136565
"p702": 0.0017142072214977766
"p703": 0.00012042729108217092
"p704": 0.0005701479562171529
"p705": 0.0001486524374295547
"p706": 2.4461793501065966E-05
"p707": 0
"p708": 0.0005381594570234512
"p709": 0.0001016105268505817
"p710": 0
"p711": 0
"p712": 0.005415464745851372
"p713": 0.0018308711597336295
"p714": 0.00042149551878759814
"p715": 5.8331969117926534E-05
"p716": 0.009011348390508071
"p717": 0.0029918655128226834
"p718": 0.0005118159870992264
"p719": 4.516023415581409E-05
"p720": 0
"p721": 0
"p722": 0
"p723": 0
"p724": 0.00024838128785697745
"p725": 3.3870175616860565E-05
"p726": 0
"p727": 0
"p728": 3.198849919370164E-05
"p729": 5.645029269476761E-06
"p730": 0
"p731": 0
"p732": 0.0005626212505245172
"p733": 5.833196911792653E-05
"p734": 5.645029269476761E-06
"p735": 0
"p736": 0.0002314462000485472
"p737": 7.714873334951574E-05
"p738": 1.1290058538953523E-05
"p739": 0
"p740": 0.0002878964927433148
"p741": 6.585867481056221E-05
"p742": 0
"p743": 0
"p744": 0.0024367709679908017
"p745": 0.000942719888002619
"p746": 0.00019381267158536877
"p747": 1.8816764231589203E-05
"p748": 0.003949638812210574
"p749": 0.0011741660880511663
"p750": 0.0001392440553137601
"p751": 5.645029269476761E-06
"p752": 0.0002333278764717061
"p753": 5.833196911792653E-05
"p754": 0
"p755": 0
