"p693": 0.0016238867531861486
"p694": 0.00016182417239166716
"p695": 9.408382115794602E-06
"p696": 7.150370408003898E-05
"p697": 2.4461793501065963E-05
"p698": 5.645029269476761E-06
"p699": 1.8816764231589204E-06
"p700": 0.0008392276847288784
"p701": 0.00023897290574118288
"p702": 3.575185204001949E-05
"p703": 1.8816764231589204E-06
"p704": 0.0013642154067902174
"p705": 0.0004384306065960285
"p706": 0.00010349220327374062
"p707": 3.7633528463178407E-06
"p708": 0.0036692690251598943
"p709": 0.0011628760295122127
"p710": 0.00018064093662325633
"p711": 1.1290058538953523E-05
"p712": 0.00041396881309496247
"p713": 0.00012419064392848873
"p714": 1.8816764231589203E-05
"p715": 0
"p716": 0.000658586748105622
"p717": 0.00021262943581695803
"p718": 3.575185204001949E-05
"p719": 0
"p720": 5.645029269476761E-06
"p721": 0
"p722": 0
"p723": 0
"p724": 0.00021451111224011688
"p725": 2.2580117077907045E-05
"p726": 0
"p727": 0
"p728": 0
"p729": 0
"p730": 0
"p731": 0
"p732": 2.6343469924224887E-05
"p733": 5.645029269476761E-06
"p734": 0
"p735": 0
"p736": 0.0004553656944044587
"p737": 0.00013736237889060116
"p738": 2.8225146347383808E-05
"p739": 0
"p740": 0.0015862532247229693
"p741": 0.000427140548057075
"p742": 4.516023415581409E-05
"p743": 0
"p744": 7.150370408003898E-05
"p745": 2.4461793501065963E-05
"p746": 5.645029269476761E-06
"p747": 1.8816764231589204E-06
"p748": 0.0001298356731979655
"p749": 4.327855773265517E-05
"p750": 1.3171734962112444E-05
"p751": 1.8816764231589204E-06
"p752": 0.000895677977423646
"p753": 0.0003292933740528111
"p754": 7.526705692635681E-05
"p755": 3.7633528463178407E-06
