"p693": 9.408382115794602E-05
"p694": 5.645029269476761E-06
"p695": 3.7633528463178407E-06
"p696": 0.0009615366522342084
"p697": 0.0002690797285117256
"p698": 4.516023415581409E-05
"p699": 1.8816764231589204E-06
"p700": 0.0034999181470755916
"p701": 0.0011459409417037825
"p702": 0.00016558752523798502
"p703": 1.8816764231589204E-06
"p704": 0.00043654893017286954
"p705": 0.00011478226181269415
"p706": 5.645029269476761E-06
"p707": 0
"p708": 0.0002464996114338186
"p709": 5.8331969117926534E-05
"p710": 0
"p711": 0
"p712": 0.005285629072653407
"p713": 0.0016916271044198693
"p714": 0.00026343469924224885
"p715": 1.5053411385271365E-05
"p716": 0.00426952380414759
"p717": 0.0014488908458323685
"p718": 0.0002258011707790704
"p719": 1.3171734962112444E-05
"p720": 0
"p721": 0
"p722": 0
"p723": 0
"p724": 8.467543904215141E-05
"p725": 5.645029269476761E-06
"p726": 0
"p727": 0
"p728": 2.2580117077907045E-05
"p729": 0
"p730": 0
"p731": 0
"p732": 0.0003838619903244197
"p733": 4.892358700213192E-05
"p734": 0
"p735": 0
"p736": 0.00014488908458323686
"p737": 6.397699838740328E-05
"p738": 0
"p739": 0
"p740": 9.408382115794602E-05
"p741": 4.516023415581409E-05
"p742": 0
"p743": 0
"p744": 0.002015275449203203
"p745": 0.0005776746619097885
"p746": 6.962202765688005E-05
"p747": 0
"p748": 0.0017104438686514586
"p749": 0.000474182458636048
"p750": 4.139688130949625E-05
"p751": 0
"p752": 7.714873334951573E-05
"p753": 1.1290058538953523E-05
"p754": 5.645029269476761E-06
"p755": 0
