"p693": 0.0033644374446081503
"p694": 0.0001467707610063958
"p695": 1.8816764231589204E-06
"p696": 0.00024461793501065964
"p697": 4.327855773265517E-05
"p698": 9.408382115794602E-06
"p699": 0
"p700": 0.0015373296377208384
"p701": 0.00043466725374971066
"p702": 5.4568616271608706E-05
"p703": 0
"p704": 0.0003274116976296521
"p705": 0.00011478226181269412
"p706": 2.446179350106597E-05
"p707": 1.8816764231589204E-06
"p708": 0.001763130808499908
"p709": 0.0005061709578297497
"p710": 5.45686162716087E-05
"p711": 5.645029269476761E-06
"p712": 3.5751852040019496E-05
"p713": 7.5267056926356815E-06
"p714": 0
"p715": 0
"p716": 0.00012419064392848875
"p717": 4.139688130949625E-05
"p718": 5.645029269476761E-06
"p719": 0
"p720": 0.0012738949384785891
"p721": 0.0004233771952107571
"p722": 9.784717400426387E-05
"p723": 1.8816764231589204E-06
"p724": 0.0040982912496401284
"p725": 0.0012362614100154105
"p726": 0.00017875926020009743
"p727": 9.408382115794602E-06
"p728": 0.0003462284618612414
"p729": 0.00010537387969689955
"p730": 1.1290058538953523E-05
"p731": 0
"p732": 0.0006999836294151185
"p733": 0.0002107477593937991
"p734": 3.198849919370165E-05
"p735": 0
"p736": 5.833196911792654E-05
"p737": 2.0698440654748124E-05
"p738": 0
"p739": 0
"p740": 0.00046477407652025334
"p741": 0.0001298356731979655
"p742": 7.5267056926356815E-06
"p743": 0
"p744": 5.645029269476761E-06
"p745": 5.645029269476761E-06
"p746": 1.8816764231589204E-06
"p747": 0
"p748": 2.0698440654748128E-05
"p749": 1.1290058538953523E-05
"p750": 5.645029269476761E-06
"p751": 0
"p752": 0.000378216961054943
"p753": 0.00011478226181269414
"p754": 5.645029269476761E-06
"p755": 0
