"p693": 9.408382115794602E-06
"p694": 0
"p695": 0
"p696": 0.0036335171731198745
"p697": 0.0012155629693606628
"p698": 0.0001749959073537796
"p699": 1.3171734962112444E-05
"p700": 0.006217058902117074
"p701": 0.0018986115109673506
"p702": 0.0003180033155138576
"p703": 2.0698440654748128E-05
"p704": 0.013847256798026491
"p705": 0.0061831887265002125
"p706": 0.0016859820751503926
"p707": 0.00021639278866327584
"p708": 0.00017875926020009743
"p709": 2.6343469924224887E-05
"p710": 0
"p711": 0
"p712": 0.014389179607896267
"p713": 0.006252810754157093
"p714": 0.001520394549912408
"p715": 0.00013359902604428335
"p716": 0.012038965755370775
"p717": 0.0046552674708951695
"p718": 0.0009540099465415727
"p719": 6.39769983874033E-05
"p720": 0.0011139524425100807
"p721": 0.00016370584881482604
"p722": 5.645029269476761E-06
"p723": 0
"p724": 0.00016182417239166716
"p725": 1.6935087808430282E-05
"p726": 0
"p727": 0
"p728": 3.575185204001948E-05
"p729": 1.8816764231589204E-06
"p730": 0
"p731": 0
"p732": 0.00011101890896637629
"p733": 2.6343469924224887E-05
"p734": 0
"p735": 0
"p736": 0.008584207842450996
"p737": 0.002814987929045744
"p738": 0.00038386199032441974
"p739": 1.5053411385271363E-05
"p740": 1.3171734962112444E-05
"p741": 0
"p742": 0
"p743": 0
"p744": 0.006028891259801182
"p745": 0.00230129026552336
"p746": 0.0003443467854380824
"p747": 1.8816764231589203E-05
"p748": 0.004316565714726563
"p749": 0.0011497042945501005
"p750": 0.00010349220327374062
"p751": 0
"p752": 0.022756994661683985
"p753": 0.008164594000086556
"p754": 0.0013830321710218065
"p755": 0.00010349220327374065
