"p693": 0
"p694": 0
"p695": 0
"p696": 0.009656763403651581
"p697": 0.0035281432934229757
"p698": 0.0006792851887603704
"p699": 5.64502926947676E-05
"p700": 0.0024123091744897357
"p701": 0.0007752506863414753
"p702": 0.00011854561465901199
"p703": 9.408382115794602E-06
"p704": 0.0003725719317854662
"p705": 5.645029269476761E-05
"p706": 0
"p707": 0
"p708": 0
"p709": 0
"p710": 0
"p711": 0
"p712": 0.005167083457994395
"p713": 0.0013359902604428335
"p714": 0.00019193099516220987
"p715": 7.5267056926356815E-06
"p716": 0.0006058998082571724
"p717": 0.00010349220327374062
"p718": 7.5267056926356815E-06
"p719": 0
"p720": 0
"p721": 0
"p722": 0
"p723": 0
"p724": 0
"p725": 0
"p726": 0
"p727": 0
"p728": 0.0005833196911792654
"p729": 9.972885042742278E-05
"p730": 5.645029269476761E-06
"p731": 0
"p732": 1.1290058538953523E-05
"p733": 0
"p734": 0
"p735": 0
"p736": 0.0009709450343500028
"p737": 0.000212629435816958
"p738": 0
"p739": 0
"p740": 2.8225146347383808E-05
"p741": 1.8816764231589204E-06
"p742": 0
"p743": 0
"p744": 0.019353042012189504
"p745": 0.005889647204487421
"p746": 0.0009615366522342084
"p747": 6.39769983874033E-05
"p748": 0.006894462414454284
"p749": 0.0023615039110644444
"p750": 0.0005212243692150209
"p751": 6.774035123372113E-05
"p752": 4.704191057897301E-05
"p753": 1.8816764231589204E-06
"p754": 0
"p755": 0
