"p693": 0.007425095165785102
"p694": 0.0013943222295607605
"p695": 5.080526342529086E-05
"p696": 0.0019080198930831451
"p697": 0.0007244454229161844
"p698": 9.784717400426387E-05
"p699": 0
"p700": 0.00461763394243199
"p701": 0.0015843715482998112
"p702": 0.0002333278764717061
"p703": 0
"p704": 1.5053411385271363E-05
"p705": 1.8816764231589204E-06
"p706": 0
"p707": 0
"p708": 0.0007884224213035875
"p709": 0.00011854561465901199
"p710": 1.1290058538953523E-05
"p711": 0
"p712": 0
"p713": 0
"p714": 0
"p715": 0
"p716": 5.833196911792653E-05
"p717": 2.8225146347383805E-05
"p718": 0
"p719": 0
"p720": 0.0001768775837769385
"p721": 1.8816764231589203E-05
"p722": 0
"p723": 0
"p724": 0.0015410929905671556
"p725": 0.00027848811062752024
"p726": 7.5267056926356815E-06
"p727": 0
"p728": 1.6935087808430282E-05
"p729": 0
"p730": 0
"p731": 0
"p732": 0.0001956943480085277
"p733": 8.46754390421514E-05
"p734": 2.6343469924224884E-05
"p735": 0
"p736": 0.0003499918147075592
"p737": 0.00011666393823585305
"p738": 2.446179350106597E-05
"p739": 1.8816764231589204E-06
"p740": 0.0019211916280452576
"p741": 0.0005814380147561066
"p742": 6.209532196424438E-05
"p743": 5.645029269476761E-06
"p744": 3.5751852040019496E-05
"p745": 7.5267056926356815E-06
"p746": 0
"p747": 0
"p748": 0.00010725555612005845
"p749": 3.0106822770542726E-05
"p750": 5.645029269476761E-06
"p751": 0
"p752": 0.0013397536132891512
"p753": 0.00043654893017286954
"p754": 9.784717400426387E-05
"p755": 1.8816764231589204E-06
