"p693": 0.002957995337205823
"p694": 0.0003612818732465127
"p695": 1.3171734962112442E-05
"p696": 0.0002653163756654078
"p697": 5.2686939848449775E-05
"p698": 9.408382115794602E-06
"p699": 1.8816764231589204E-06
"p700": 0.0021131226232074672
"p701": 0.0005889647204487421
"p702": 8.467543904215141E-05
"p703": 5.645029269476761E-06
"p704": 0.0022260232085970027
"p705": 0.0007244454229161843
"p706": 0.00015429746669903146
"p707": 1.5053411385271365E-05
"p708": 0.004920583846560576
"p709": 0.0016182417239166713
"p710": 0.00021827446508643477
"p711": 7.5267056926356815E-06
"p712": 0.0009201397709247121
"p713": 0.00031047660982122185
"p714": 4.516023415581409E-05
"p715": 5.645029269476761E-06
"p716": 0.000970945034350003
"p717": 0.00038574366674757867
"p718": 5.080526342529085E-05
"p719": 1.8816764231589204E-06
"p720": 0.007353591461705062
"p721": 0.0027265491371572747
"p722": 0.0006529417188361453
"p723": 7.714873334951572E-05
"p724": 0.011271241774721935
"p725": 0.003742654405663092
"p726": 0.0006886935708761648
"p727": 5.6450292694767617E-05
"p728": 0.0037915779926652243
"p729": 0.0014733526393334343
"p730": 0.00016182417239166716
"p731": 7.5267056926356815E-06
"p732": 0.003373845826723944
"p733": 0.001251314821400682
"p734": 0.00013924405531376012
"p735": 7.5267056926356815E-06
"p736": 0.00047982748790552463
"p737": 0.00016182417239166713
"p738": 3.198849919370165E-05
"p739": 0
"p740": 0.0012607232035164763
"p741": 0.00033870175616860566
"p742": 3.7633528463178407E-05
"p743": 0
"p744": 0.00011290058538953525
"p745": 3.0106822770542726E-05
"p746": 5.645029269476761E-06
"p747": 1.8816764231589204E-06
"p748": 9.22021447347871E-05
"p749": 2.4461793501065966E-05
"p750": 7.5267056926356815E-06
"p751": 1.8816764231589204E-06
"p752": 0.0036165820853114447
"p753": 0.00106314717908479
"p754": 0.00011290058538953519
"p755": 0
