"p693": 0
"p694": 0
"p695": 0
"p696": 0.01564237610572011
"p697": 0.005253640573459707
"p698": 0.0005588578976781994
"p699": 2.4461793501065976E-05
"p700": 0.0026381103452688074
"p701": 0.0007545522456867272
"p702": 8.27937626189925E-05
"p703": 0
"p704": 0.00013171734962112442
"p705": 2.2580117077907045E-05
"p706": 0
"p707": 0
"p708": 0
"p709": 0
"p710": 0
"p711": 0
"p712": 0.0037802879341262705
"p713": 0.001061265502661631
"p714": 0.0001580608195453493
"p715": 9.408382115794602E-06
"p716": 0.0011948645287059142
"p717": 0.000402678754556009
"p718": 9.408382115794602E-05
"p719": 1.8816764231589204E-06
"p720": 8.467543904215141E-05
"p721": 0
"p722": 0
"p723": 0
"p724": 0
"p725": 0
"p726": 0
"p727": 0
"p728": 0.00020133937727800444
"p729": 1.6935087808430282E-05
"p730": 0
"p731": 0
"p732": 3.7633528463178407E-06
"p733": 0
"p734": 0
"p735": 0
"p736": 9.4083821157946E-05
"p737": 1.8816764231589203E-05
"p738": 0
"p739": 0
"p740": 0
"p741": 0
"p742": 0
"p743": 0
"p744": 0.0015843715482998107
"p745": 0.00042714054805707494
"p746": 3.010682277054273E-05
"p747": 0
"p748": 0.0002615530228190899
"p749": 8.091208619583358E-05
"p750": 1.3171734962112444E-05
"p751": 0
"p752": 8.27937626189925E-05
"p753": 2.446179350106596E-05
"p754": 0
"p755": 0
