"p693": 0
"p694": 0
"p695": 0
"p696": 0.00939332870440933
"p697": 0.003104766098212218
"p698": 0.00037633528463178407
"p699": 1.3171734962112442E-05
"p700": 0.0022561300313675456
"p701": 0.0006585867481056222
"p702": 8.843879188846925E-05
"p703": 5.645029269476761E-06
"p704": 7.150370408003898E-05
"p705": 5.645029269476761E-06
"p706": 0
"p707": 0
"p708": 0
"p709": 0
"p710": 0
"p711": 0
"p712": 0.006433451690780348
"p713": 0.001979523597163184
"p714": 0.0002615530228190899
"p715": 9.408382115794602E-06
"p716": 0.0018308711597336297
"p717": 0.0005475678391392458
"p718": 0.00011290058538953523
"p719": 1.3171734962112444E-05
"p720": 0.0010612655026616309
"p721": 0.00022768284720222937
"p722": 0
"p723": 0
"p724": 2.8225146347383808E-05
"p725": 1.8816764231589204E-06
"p726": 0
"p727": 0
"p728": 0.017834529138700254
"p729": 0.0055114302434324785
"p730": 0.0009333115058868245
"p731": 6.39769983874033E-05
"p732": 0.006292325959043431
"p733": 0.002182744650864347
"p734": 0.0004911175464444782
"p735": 6.774035123372113E-05
"p736": 1.1290058538953523E-05
"p737": 0
"p738": 0
"p739": 0
"p740": 0
"p741": 0
"p742": 0
"p743": 0
"p744": 0.0014902877271418648
"p745": 0.00039703372528653225
"p746": 4.516023415581409E-05
"p747": 0
"p748": 0.0003481101382844002
"p749": 0.00011290058538953522
"p750": 2.446179350106597E-05
"p751": 0
"p752": 0.0003010682277054272
"p753": 8.279376261899248E-05
"p754": 3.7633528463178407E-06
"p755": 3.7633528463178407E-06
