"p693": 0
"p694": 0
"p695": 0
"p696": 0.0035676584983093127
"p697": 0.0011647577059353718
"p698": 0.0001637058488148261
"p699": 1.8816764231589204E-06
"p700": 0.0007056286586845952
"p701": 0.00022768284720222934
"p702": 4.8923587002131926E-05
"p703": 1.8816764231589204E-06
"p704": 0.00026343469924224885
"p705": 5.6450292694767617E-05
"p706": 0
"p707": 0
"p708": 2.8225146347383808E-05
"p709": 1.8816764231589204E-06
"p710": 0
"p711": 0
"p712": 0.008083681913890722
"p713": 0.0025063929956476816
"p714": 0.0004064421074023268
"p715": 2.0698440654748128E-05
"p716": 0.0021131226232074672
"p717": 0.0006491783659898276
"p718": 8.843879188846926E-05
"p719": 7.5267056926356815E-06
"p720": 8.467543904215141E-05
"p721": 5.645029269476761E-06
"p722": 0
"p723": 0
"p724": 0
"p725": 0
"p726": 0
"p727": 0
"p728": 0.00040644210740232675
"p729": 4.892358700213192E-05
"p730": 0
"p731": 0
"p732": 0
"p733": 0
"p734": 0
"p735": 0
"p736": 9.408382115794602E-05
"p737": 4.516023415581409E-05
"p738": 0
"p739": 0
"p740": 0
"p741": 0
"p742": 0
"p743": 0
"p744": 0.0031856781844080526
"p745": 0.0007808957156109521
"p746": 8.467543904215143E-05
"p747": 0
"p748": 0.0007903040977267466
"p749": 0.00026343469924224885
"p750": 2.6343469924224887E-05
"p751": 0
"p752": 0.0002145111122401169
"p753": 6.0213645541085445E-05
"p754": 3.7633528463178407E-06
"p755": 3.7633528463178407E-06
