"p693": 0
"p694": 0
"p695": 0
"p696": 0.0007846590684572697
"p697": 0.00019004931873905096
"p698": 2.8225146347383805E-05
"p699": 1.8816764231589204E-06
"p700": 9.596549758110493E-05
"p701": 4.8923587002131926E-05
"p702": 2.2580117077907045E-05
"p703": 1.8816764231589204E-06
"p704": 4.139688130949625E-05
"p705": 1.1290058538953523E-05
"p706": 0
"p707": 0
"p708": 5.645029269476761E-06
"p709": 1.8816764231589204E-06
"p710": 0
"p711": 0
"p712": 0.0015711998133376985
"p713": 0.0004139688130949626
"p714": 5.268693984844977E-05
"p715": 3.7633528463178407E-06
"p716": 0.00035563684397703593
"p717": 9.032046831162818E-05
"p718": 1.1290058538953523E-05
"p719": 0
"p720": 5.645029269476761E-06
"p721": 5.645029269476761E-06
"p722": 0
"p723": 0
"p724": 0
"p725": 0
"p726": 0
"p727": 0
"p728": 4.327855773265516E-05
"p729": 3.7633528463178407E-06
"p730": 0
"p731": 0
"p732": 0
"p733": 0
"p734": 0
"p735": 0
"p736": 1.3171734962112444E-05
"p737": 5.645029269476761E-06
"p738": 0
"p739": 0
"p740": 0
"p741": 0
"p742": 0
"p743": 0
"p744": 0.0006040181318340135
"p745": 0.00013924405531376012
"p746": 2.258011707790705E-05
"p747": 0
"p748": 8.655711546531035E-05
"p749": 2.6343469924224887E-05
"p750": 7.5267056926356815E-06
"p751": 0
"p752": 2.0698440654748124E-05
"p753": 5.645029269476761E-06
"p754": 3.7633528463178407E-06
"p755": 3.7633528463178407E-06
