"p693": 8.467543904215141E-05
"p694": 9.408382115794602E-06
"p695": 0
"p696": 1.8816764231589204E-06
"p697": 1.8816764231589204E-06
"p698": 1.8816764231589204E-06
"p699": 1.8816764231589204E-06
"p700": 9.408382115794603E-05
"p701": 1.8816764231589207E-05
"p702": 5.645029269476761E-06
"p703": 1.8816764231589204E-06
"p704": 0.00024838128785697745
"p705": 8.843879188846925E-05
"p706": 2.0698440654748124E-05
"p707": 1.8816764231589204E-06
"p708": 0.0004534840179812998
"p709": 0.0001392440553137601
"p710": 2.2580117077907045E-05
"p711": 1.8816764231589204E-06
"p712": 5.833196911792653E-05
"p713": 2.4461793501065963E-05
"p714": 5.645029269476761E-06
"p715": 0
"p716": 3.0106822770542726E-05
"p717": 1.5053411385271363E-05
"p718": 7.5267056926356815E-06
"p719": 0
"p720": 0.0008392276847288785
"p721": 0.0002032210537011634
"p722": 2.8225146347383805E-05
"p723": 1.8816764231589204E-06
"p724": 0.0011666393823585306
"p725": 0.0003180033155138575
"p726": 2.4461793501065966E-05
"p727": 1.8816764231589204E-06
"p728": 0.0002446179350106596
"p729": 4.327855773265517E-05
"p730": 9.408382115794602E-06
"p731": 0
"p732": 0.00014488908458323686
"p733": 2.6343469924224887E-05
"p734": 7.5267056926356815E-06
"p735": 0
"p736": 6.774035123372114E-05
"p737": 3.0106822770542726E-05
"p738": 1.3171734962112442E-05
"p739": 0
"p740": 0.00011290058538953522
"p741": 4.516023415581409E-05
"p742": 1.5053411385271363E-05
"p743": 0
"p744": 1.8816764231589204E-06
"p745": 1.8816764231589204E-06
"p746": 1.8816764231589204E-06
"p747": 1.8816764231589204E-06
"p748": 1.8816764231589204E-06
"p749": 1.8816764231589204E-06
"p750": 1.8816764231589204E-06
"p751": 1.8816764231589204E-06
"p752": 0.00019945770085484557
"p753": 7.526705692635681E-05
"p754": 2.6343469924224887E-05
"p755": 0
