"p693": 0
"p694": 0
"p695": 0
"p696": 0.00028225146347383805
"p697": 7.714873334951574E-05
"p698": 9.408382115794602E-06
"p699": 1.8816764231589204E-06
"p700": 0.0008392276847288784
"p701": 0.00023897290574118288
"p702": 3.575185204001949E-05
"p703": 1.8816764231589204E-06
"p704": 0.0015862532247229695
"p705": 0.0005042892814065907
"p706": 6.585867481056221E-05
"p707": 1.8816764231589204E-06
"p708": 0
"p709": 0
"p710": 0
"p711": 0
"p712": 0.0017010354865356636
"p713": 0.0005080526342529085
"p714": 5.456861627160869E-05
"p715": 1.8816764231589204E-06
"p716": 0.000805357509112018
"p717": 0.0002954231984359505
"p718": 2.6343469924224887E-05
"p719": 0
"p720": 0.0042093101586065055
"p721": 0.0013077651140954497
"p722": 0.00021451111224011693
"p723": 1.3171734962112444E-05
"p724": 3.575185204001949E-05
"p725": 5.645029269476761E-06
"p726": 0
"p727": 0
"p728": 0.006551997305439362
"p729": 0.002194034709403301
"p730": 0.0002502629642801364
"p731": 7.5267056926356815E-06
"p732": 0.0029975105420921595
"p733": 0.0010612655026616309
"p734": 0.00010349220327374062
"p735": 7.5267056926356815E-06
"p736": 0.00037633528463178407
"p737": 0.00010161052685058169
"p738": 2.0698440654748124E-05
"p739": 0
"p740": 0
"p741": 0
"p742": 0
"p743": 0
"p744": 0.00028225146347383805
"p745": 7.714873334951574E-05
"p746": 9.408382115794602E-06
"p747": 1.8816764231589204E-06
"p748": 0.0001298356731979655
"p749": 4.327855773265517E-05
"p750": 1.3171734962112444E-05
"p751": 1.8816764231589204E-06
"p752": 0.0037878146398189058
"p753": 0.0010782005904700614
"p754": 0.00014300740816007796
"p755": 0
