"p693": 7.5267056926356815E-06
"p694": 0
"p695": 0
"p696": 0.00037257193178546626
"p697": 0.00010913723254321737
"p698": 2.446179350106597E-05
"p699": 1.8816764231589204E-06
"p700": 0.0033286855925681296
"p701": 0.001136532559587988
"p702": 0.0001486524374295547
"p703": 1.3171734962112444E-05
"p704": 9.220214473478709E-05
"p705": 0
"p706": 0
"p707": 0
"p708": 0.0007489072164172504
"p709": 0.0001016105268505817
"p710": 7.5267056926356815E-06
"p711": 0
"p712": 0.000779014039187793
"p713": 0.00017311423093062066
"p714": 7.5267056926356815E-06
"p715": 0
"p716": 0.0028526214575089227
"p717": 0.0008674528310762622
"p718": 8.467543904215141E-05
"p719": 0
"p720": 0
"p721": 0
"p722": 0
"p723": 0
"p724": 0
"p725": 0
"p726": 0
"p727": 0
"p728": 0
"p729": 0
"p730": 0
"p731": 0
"p732": 0.00046853742936657115
"p733": 3.387017561686057E-05
"p734": 0
"p735": 0
"p736": 0.00039891540170969113
"p737": 0.00010161052685058171
"p738": 1.8816764231589203E-05
"p739": 0
"p740": 0.001224971351476457
"p741": 0.00031612163909069865
"p742": 3.0106822770542726E-05
"p743": 0
"p744": 0.006583985804633063
"p745": 0.002412309174489736
"p746": 0.0004196138423644393
"p747": 1.1290058538953523E-05
"p748": 0.015651784487835906
"p749": 0.005693952856478894
"p750": 0.001164757705935372
"p751": 4.139688130949624E-05
"p752": 1.5053411385271363E-05
"p753": 3.7633528463178407E-06
"p754": 0
"p755": 0
