"p693": 0
"p694": 0
"p695": 0
"p696": 0.0006905752472993239
"p697": 0.00027848811062752024
"p698": 4.1396881309496255E-05
"p699": 5.645029269476761E-06
"p700": 0.0006341249546045562
"p701": 0.0001749959073537796
"p702": 3.198849919370165E-05
"p703": 1.8816764231589204E-06
"p704": 0.0023445688232560146
"p705": 0.000660468424528781
"p706": 5.645029269476761E-05
"p707": 0
"p708": 0.00014300740816007796
"p709": 0
"p710": 0
"p711": 0
"p712": 0.0007959491269962233
"p713": 0.0002653163756654077
"p714": 4.139688130949625E-05
"p715": 0
"p716": 0.001277658291324907
"p717": 0.000378216961054943
"p718": 4.704191057897301E-05
"p719": 0
"p720": 0.00046853742936657115
"p721": 3.387017561686057E-05
"p722": 0
"p723": 0
"p724": 0
"p725": 0
"p726": 0
"p727": 0
"p728": 0
"p729": 0
"p730": 0
"p731": 0
"p732": 0
"p733": 0
"p734": 0
"p735": 0
"p736": 0.010941948400669125
"p737": 0.0039044785780547593
"p738": 0.000780895715610952
"p739": 3.0106822770542726E-05
"p740": 9.972885042742278E-05
"p741": 1.8816764231589203E-05
"p742": 0
"p743": 0
"p744": 0.007135316996618629
"p745": 0.002728430813580434
"p746": 0.0005343961041771335
"p747": 1.3171734962112444E-05
"p748": 0.00618883375576969
"p749": 0.0021225310053232626
"p750": 0.00035751852040019486
"p751": 9.408382115794602E-06
"p752": 0.008399803552981422
"p753": 0.0026343469924224885
"p754": 0.0002935415220127916
"p755": 9.408382115794602E-06
