"p693": 0
"p694": 0
"p695": 0
"p696": 0.0004929992228676371
"p697": 0.0001486524374295547
"p698": 2.6343469924224884E-05
"p699": 1.8816764231589204E-06
"p700": 6.021364554108545E-05
"p701": 3.0106822770542726E-05
"p702": 9.408382115794602E-06
"p703": 1.8816764231589204E-06
"p704": 2.4461793501065966E-05
"p705": 9.408382115794602E-06
"p706": 0
"p707": 0
"p708": 0
"p709": 0
"p710": 0
"p711": 0
"p712": 0.00036692690251598946
"p713": 6.209532196424438E-05
"p714": 1.1290058538953523E-05
"p715": 0
"p716": 4.3278557732655166E-05
"p717": 1.3171734962112444E-05
"p718": 3.7633528463178407E-06
"p719": 0
"p720": 0
"p721": 0
"p722": 0
"p723": 0
"p724": 0
"p725": 0
"p726": 0
"p727": 0
"p728": 2.2580117077907045E-05
"p729": 5.645029269476761E-06
"p730": 0
"p731": 0
"p732": 0
"p733": 0
"p734": 0
"p735": 0
"p736": 5.833196911792653E-05
"p737": 2.0698440654748124E-05
"p738": 0
"p739": 0
"p740": 5.645029269476761E-06
"p741": 1.8816764231589204E-06
"p742": 0
"p743": 0
"p744": 0.002122531005323262
"p745": 0.0005118159870992265
"p746": 5.456861627160869E-05
"p747": 3.7633528463178407E-06
"p748": 0.00043843060659602847
"p749": 0.00011101890896637629
"p750": 1.3171734962112442E-05
"p751": 0
"p752": 0
"p753": 0
"p754": 0
"p755": 0
