"p693": 0
"p694": 0
"p695": 0
"p696": 0.01172096243985692
"p697": 0.0036730323780062137
"p698": 0.00016746920166114395
"p699": 1.8816764231589204E-06
"p700": 0.0017537224263841143
"p701": 0.0004384306065960284
"p702": 3.0106822770542726E-05
"p703": 0
"p704": 2.0698440654748124E-05
"p705": 0
"p706": 0
"p707": 0
"p708": 0
"p709": 0
"p710": 0
"p711": 0
"p712": 0.001836516189003106
"p713": 0.0005249877220613388
"p714": 5.45686162716087E-05
"p715": 5.645029269476761E-06
"p716": 0.00031423996266753966
"p717": 0.00010349220327374062
"p718": 2.446179350106597E-05
"p719": 1.8816764231589204E-06
"p720": 0.0002897781691664737
"p721": 4.139688130949625E-05
"p722": 0
"p723": 0
"p724": 0
"p725": 0
"p726": 0
"p727": 0
"p728": 0.004666557529434123
"p729": 0.0013247002019038802
"p730": 0.00018064093662325636
"p731": 9.408382115794602E-06
"p732": 0.0013849138474449653
"p733": 0.00045348401798129986
"p734": 0.00010725555612005847
"p735": 1.8816764231589204E-06
"p736": 7.5267056926356815E-06
"p737": 0
"p738": 0
"p739": 0
"p740": 0
"p741": 0
"p742": 0
"p743": 0
"p744": 0.000472300782212889
"p745": 0.0001298356731979655
"p746": 7.5267056926356815E-06
"p747": 0
"p748": 4.7041910578973015E-05
"p749": 2.0698440654748124E-05
"p750": 0
"p751": 0
"p752": 7.526705692635683E-05
"p753": 2.446179350106596E-05
"p754": 0
"p755": 0
