"p756": 0.0017913559548472918
"p757": 0.0005927280732950598
"p758": 0.00011478226181269414
"p759": 1.3171734962112444E-05
"p760": 0.008894684452272216
"p761": 0.0025797783761508804
"p762": 0.00035563684397703604
"p763": 2.2580117077907045E-05
"p764": 0.021961045534687765
"p765": 0.007124026938079676
"p766": 0.0011064257368174455
"p767": 6.774035123372114E-05
"p768": 0.00016746920166114393
"p769": 2.6343469924224887E-05
"p770": 1.8816764231589204E-06
"p771": 0
"p772": 0.0001448890845832369
"p773": 2.0698440654748128E-05
"p774": 1.8816764231589204E-06
"p775": 0
"p776": 0.001633295135301943
"p777": 0.00044972066513498195
"p778": 7.714873334951573E-05
"p779": 5.645029269476761E-06
"p780": 0.0016144783710703538
"p781": 0.000568266279793994
"p782": 8.843879188846925E-05
"p783": 5.645029269476761E-06
"p784": 0.0014281924051776204
"p785": 0.0003462284618612413
"p786": 2.0698440654748124E-05
"p787": 1.8816764231589204E-06
"p788": 0.0008900329481541693
"p789": 0.00020886608297064017
"p790": 2.6343469924224884E-05
"p791": 0
"p792": 0.005366541158849242
"p793": 0.001857214629657854
"p794": 0.0002973048748591094
"p795": 1.6935087808430282E-05
"p796": 0.004950690669331119
"p797": 0.0018892031288515556
"p798": 0.000378216961054943
"p799": 1.8816764231589203E-05
"p800": 1.6935087808430286E-05
"p801": 0
"p802": 0
"p803": 0
"p804": 3.010682277054273E-05
"p805": 3.7633528463178407E-06
"p806": 0
"p807": 0
"p808": 0.0002709614049348845
"p809": 7.714873334951573E-05
"p810": 1.3171734962112444E-05
"p811": 0
"p812": 0.0003575185204001948
"p813": 0.0001016105268505817
"p814": 1.8816764231589203E-05
"p815": 0
"p816": 0.000165587525237985
"p817": 3.0106822770542726E-05
"p818": 0
