"p756": 0.01651171061321953
"p757": 0.006198242137885484
"p758": 0.0012607232035164765
"p759": 6.774035123372113E-05
"p760": 0.0027321941664267516
"p761": 0.0008994413302699638
"p762": 7.903040977267466E-05
"p763": 5.645029269476761E-06
"p764": 0.0021752179451717123
"p765": 0.000756433922109886
"p766": 8.843879188846926E-05
"p767": 3.7633528463178407E-06
"p768": 0.0001204272910821709
"p769": 2.258011707790705E-05
"p770": 0
"p771": 0
"p772": 0.00015053411385271363
"p773": 6.021364554108545E-05
"p774": 1.1290058538953523E-05
"p775": 0
"p776": 1.5053411385271363E-05
"p777": 3.7633528463178407E-06
"p778": 0
"p779": 0
"p780": 0.00010349220327374062
"p781": 3.387017561686057E-05
"p782": 0
"p783": 0
"p784": 0
"p785": 0
"p786": 0
"p787": 0
"p788": 0
"p789": 0
"p790": 0
"p791": 0
"p792": 0
"p793": 0
"p794": 0
"p795": 0
"p796": 0
"p797": 0
"p798": 0
"p799": 0
"p800": 0.0011929828522827554
"p801": 0.00037257193178546626
"p802": 6.39769983874033E-05
"p803": 1.1290058538953523E-05
"p804": 0.000967181681503685
"p805": 0.0003443467854380824
"p806": 5.833196911792653E-05
"p807": 1.1290058538953523E-05
"p808": 0.0006886935708761648
"p809": 0.00014865243742955467
"p810": 5.645029269476761E-06
"p811": 0
"p812": 0.0003217666683601754
"p813": 5.833196911792653E-05
"p814": 0
"p815": 0
"p816": 0.00040832378382548573
"p817": 6.962202765688005E-05
"p818": 0
