"p756": 0.001249433144977523
"p757": 0.0002408545821643418
"p758": 2.2580117077907045E-05
"p759": 0
"p760": 0.013523608453243161
"p761": 0.004303393979764451
"p762": 0.0007771323627646342
"p763": 7.714873334951573E-05
"p764": 0.021138752937767315
"p765": 0.007127790290925992
"p766": 0.0013040017612491318
"p767": 0.00011854561465901199
"p768": 3.9515204886337324E-05
"p769": 1.6935087808430282E-05
"p770": 0
"p771": 0
"p772": 0.000306713256974904
"p773": 4.516023415581409E-05
"p774": 0
"p775": 0
"p776": 0.001226853027899616
"p777": 0.0003857436667475787
"p778": 6.39769983874033E-05
"p779": 0
"p780": 0.003426532766572395
"p781": 0.0012343797335922521
"p782": 0.0002220378179327526
"p783": 1.5053411385271365E-05
"p784": 0.00019945770085484554
"p785": 4.3278557732655166E-05
"p786": 0
"p787": 0
"p788": 0.0013171734962112442
"p789": 0.0002991865512822684
"p790": 3.198849919370165E-05
"p791": 1.8816764231589204E-06
"p792": 0.0014376007872934152
"p793": 0.0004196138423644392
"p794": 6.962202765688006E-05
"p795": 1.1290058538953523E-05
"p796": 0.0025873050818435157
"p797": 0.0009276664766173478
"p798": 0.00018252261304641527
"p799": 1.8816764231589203E-05
"p800": 0.0017330239857293655
"p801": 0.000521224369215021
"p802": 7.338538050319788E-05
"p803": 0
"p804": 0.0023765573224497163
"p805": 0.000688693570876165
"p806": 9.22021447347871E-05
"p807": 1.1290058538953523E-05
"p808": 0.018609779825041726
"p809": 0.00723504584704605
"p810": 0.0015467380198366325
"p811": 0.00017499590735377962
"p812": 0.02797676505952684
"p813": 0.011258070039759824
"p814": 0.0025609616119192913
"p815": 0.00028225146347383805
"p816": 0.004137806454526466
"p817": 0.0017819475727314975
"p818": 0.00038009863747810193
