"p756": 0.03489945262032851
"p757": 0.014191603583464583
"p758": 0.003260945241334409
"p759": 0.00036504522609283053
"p760": 0.007014889705536455
"p761": 0.0026964423143867326
"p762": 0.0004214955187875982
"p763": 1.1290058538953523E-05
"p764": 0.007793903744724251
"p765": 0.002999392218515319
"p766": 0.00048359084075184255
"p767": 1.8816764231589207E-05
"p768": 7.903040977267466E-05
"p769": 1.5053411385271363E-05
"p770": 1.8816764231589204E-06
"p771": 0
"p772": 0.0002897781691664737
"p773": 8.27937626189925E-05
"p774": 1.1290058538953523E-05
"p775": 0
"p776": 2.2580117077907045E-05
"p777": 5.645029269476761E-06
"p778": 0
"p779": 0
"p780": 8.467543904215141E-05
"p781": 1.1290058538953523E-05
"p782": 0
"p783": 0
"p784": 0.00039138869601705546
"p785": 6.585867481056221E-05
"p786": 0
"p787": 0
"p788": 0.00073197212860882
"p789": 0.0002051027301243223
"p790": 2.0698440654748128E-05
"p791": 0
"p792": 9.596549758110492E-05
"p793": 4.139688130949624E-05
"p794": 5.645029269476761E-06
"p795": 0
"p796": 0.00033117505047597004
"p797": 9.596549758110492E-05
"p798": 9.408382115794602E-06
"p799": 0
"p800": 0.001469589286487117
"p801": 0.0004516023415581409
"p802": 7.903040977267465E-05
"p803": 5.645029269476761E-06
"p804": 0.001606951665377718
"p805": 0.0006021364554108545
"p806": 9.972885042742277E-05
"p807": 5.645029269476761E-06
"p808": 0.0008373460083057194
"p809": 0.00015241579027587253
"p810": 1.3171734962112442E-05
"p811": 0
"p812": 0.0007244454229161843
"p813": 9.784717400426388E-05
"p814": 1.5053411385271363E-05
"p815": 0
"p816": 0.004235653628530731
"p817": 0.0015693181369145395
"p818": 0.0002916598455896326
