"p756": 3.7633528463178407E-06
"p757": 0
"p758": 0
"p759": 0
"p760": 0.011374733977995674
"p761": 0.00339830762022501
"p762": 0.0004534840179812998
"p763": 2.2580117077907045E-05
"p764": 0.0036429255552356695
"p765": 0.0011083074132406036
"p766": 0.00012983567319796552
"p767": 0
"p768": 0.004860370201019491
"p769": 0.0017349056621525246
"p770": 0.00034811013828440026
"p771": 3.9515204886337324E-05
"p772": 0.00047230078221288896
"p773": 6.585867481056221E-05
"p774": 5.645029269476761E-06
"p775": 0
"p776": 0.003424651090149235
"p777": 0.0009182580945015531
"p778": 0.00014300740816007796
"p779": 9.408382115794602E-06
"p780": 0.008189055793587622
"p781": 0.002634346992422488
"p782": 0.00047982748790552474
"p783": 3.3870175616860565E-05
"p784": 5.645029269476761E-06
"p785": 0
"p786": 0
"p787": 0
"p788": 1.1290058538953523E-05
"p789": 0
"p790": 0
"p791": 0
"p792": 0
"p793": 0
"p794": 0
"p795": 0
"p796": 0
"p797": 0
"p798": 0
"p799": 0
"p800": 0.005684544474363097
"p801": 0.002115004299630626
"p802": 0.00043090390090339274
"p803": 4.516023415581409E-05
"p804": 2.069844065474812E-05
"p805": 1.8816764231589204E-06
"p806": 0
"p807": 0
"p808": 0.00242171755660553
"p809": 0.0007432621871477736
"p810": 0.00013924405531376012
"p811": 1.1290058538953523E-05
"p812": 0.0031856781844080517
"p813": 0.0009991701806973865
"p814": 0.00017499590735377957
"p815": 1.3171734962112444E-05
"p816": 0.004578118737545653
"p817": 0.0016539935759566906
"p818": 0.0003236483447833343
