"p756": 0.0013811504945986475
"p757": 0.00037445360820862513
"p758": 3.763352846317841E-05
"p759": 0
"p760": 0.018197692688369918
"p761": 0.005360896129579765
"p762": 0.000805357509112018
"p763": 5.080526342529086E-05
"p764": 0.02520505568821374
"p765": 0.008239861057012913
"p766": 0.0012701315856322715
"p767": 5.268693984844976E-05
"p768": 0.0021413477695548513
"p769": 0.0008110025383814947
"p770": 0.00012607232035164763
"p771": 5.645029269476761E-06
"p772": 0.0035469600576545656
"p773": 0.0012419064392848876
"p774": 0.00022768284720222932
"p775": 7.5267056926356815E-06
"p776": 0.006542588923323565
"p777": 0.0026757438737319847
"p778": 0.0005588578976781994
"p779": 2.6343469924224884E-05
"p780": 0.011926065169981237
"p781": 0.004920583846560577
"p782": 0.0011101890896637629
"p783": 8.655711546531035E-05
"p784": 0
"p785": 0
"p786": 0
"p787": 0
"p788": 5.645029269476761E-05
"p789": 0
"p790": 0
"p791": 0
"p792": 5.645029269476761E-06
"p793": 0
"p794": 0
"p795": 0
"p796": 4.516023415581409E-05
"p797": 5.645029269476761E-06
"p798": 0
"p799": 0
"p800": 0.0006943386001456416
"p801": 0.0001900493187390509
"p802": 5.645029269476761E-06
"p803": 0
"p804": 0.0017781842198851797
"p805": 0.0005362777806002922
"p806": 9.220214473478709E-05
"p807": 0
"p808": 0.007468373723517755
"p809": 0.0027472475778120235
"p810": 0.0005005259285602729
"p811": 3.7633528463178407E-05
"p812": 0.017783723875274958
"p813": 0.006461676837127733
"p814": 0.001277658291324907
"p815": 0.00011290058538953522
"p816": 0.0005249877220613389
"p817": 0.0001561791431221904
"p818": 1.6935087808430286E-05
