"p756": 5.645029269476761E-06
"p757": 0
"p758": 0
"p759": 0
"p760": 0.0035582501161935186
"p761": 0.0011045440603942862
"p762": 0.00011854561465901196
"p763": 1.8816764231589204E-06
"p764": 0.00242171755660553
"p765": 0.0007733690099183163
"p766": 0.00010537387969689954
"p767": 5.645029269476761E-06
"p768": 0.012208316633455077
"p769": 0.0055659988597040865
"p770": 0.0015185128734892487
"p771": 0.00021639278866327586
"p772": 4.7041910578973E-05
"p773": 5.645029269476761E-06
"p774": 0
"p775": 0
"p776": 0.012703197532745873
"p777": 0.005204716986457574
"p778": 0.0012701315856322715
"p779": 0.0001448890845832369
"p780": 0.011903485052903335
"p781": 0.003979745634981116
"p782": 0.0007489072164172504
"p783": 6.774035123372114E-05
"p784": 0.011425539241420963
"p785": 0.005848250323177925
"p786": 0.001797000984116769
"p787": 0.00034622846186124144
"p788": 0.00048735419359816035
"p789": 8.467543904215141E-05
"p790": 5.645029269476761E-06
"p791": 0
"p792": 0.0186568217356207
"p793": 0.008627486400183652
"p794": 0.00235397720537181
"p795": 0.0002766064342043613
"p796": 0.015102334972273498
"p797": 0.006089104905342267
"p798": 0.0012945933791333373
"p799": 9.032046831162818E-05
"p800": 0.009308653265367181
"p801": 0.0036523339373514645
"p802": 0.0007075103351077541
"p803": 3.010682277054273E-05
"p804": 0
"p805": 0
"p806": 0
"p807": 0
"p808": 0.005912227321565327
"p809": 0.0021206493289001034
"p810": 0.0003706902553623073
"p811": 1.1290058538953523E-05
"p812": 0.0037859329633957474
"p813": 0.00111583411893324
"p814": 0.00010537387969689955
"p815": 3.7633528463178407E-06
"p816": 0.007310312903972405
"p817": 0.002813106252622586
"p818": 0.0005061709578297496
