"p756": 0.004222481893568617
"p757": 0.0014526541986786866
"p758": 0.0002671980520885667
"p759": 4.139688130949624E-05
"p760": 0.04890100688505404
"p761": 0.019418900687000067
"p762": 0.004320329067572882
"p763": 0.00045724737082761767
"p764": 0.061457433656793514
"p765": 0.026074390195713164
"p766": 0.006377001398085584
"p767": 0.0008373460083057198
"p768": 0
"p769": 0
"p770": 0
"p771": 0
"p772": 0
"p773": 0
"p774": 0
"p775": 0
"p776": 7.5267056926356815E-06
"p777": 1.8816764231589204E-06
"p778": 0
"p779": 0
"p780": 3.951520488633733E-05
"p781": 7.5267056926356815E-06
"p782": 0
"p783": 0
"p784": 0
"p785": 0
"p786": 0
"p787": 0
"p788": 4.704191057897301E-05
"p789": 5.645029269476761E-06
"p790": 0
"p791": 0
"p792": 8.843879188846925E-05
"p793": 1.5053411385271363E-05
"p794": 0
"p795": 0
"p796": 0.0001844042894695742
"p797": 5.6450292694767617E-05
"p798": 5.645029269476761E-06
"p799": 0
"p800": 1.3171734962112442E-05
"p801": 1.8816764231589204E-06
"p802": 0
"p803": 0
"p804": 1.1290058538953523E-05
"p805": 0
"p806": 0
"p807": 0
"p808": 0.0001768775837769385
"p809": 2.8225146347383808E-05
"p810": 0
"p811": 0
"p812": 0.00024273625858750074
"p813": 4.7041910578973015E-05
"p814": 0
"p815": 0
"p816": 0.00010725555612005847
"p817": 3.7633528463178407E-06
"p818": 0
