"p756": 5.645029269476761E-06
"p757": 0
"p758": 0
"p759": 0
"p760": 0.002587305081843515
"p761": 0.0007244454229161843
"p762": 7.903040977267465E-05
"p763": 1.8816764231589204E-06
"p764": 0.002118767652476944
"p765": 0.0005795563383329474
"p766": 6.585867481056221E-05
"p767": 5.645029269476761E-06
"p768": 0.0019418900687000057
"p769": 0.0007526705692635681
"p770": 0.00015429746669903146
"p771": 7.5267056926356815E-06
"p772": 0
"p773": 0
"p774": 0
"p775": 0
"p776": 0.0030840676575574696
"p777": 0.0008486360668446731
"p778": 0.00011290058538953523
"p779": 7.5267056926356815E-06
"p780": 0.001061265502661631
"p781": 0.00021262943581695798
"p782": 2.258011707790704E-05
"p783": 0
"p784": 0.002163927886632758
"p785": 0.0009408382115794601
"p786": 0.00023144620004854718
"p787": 4.139688130949624E-05
"p788": 1.88167642315892E-05
"p789": 0
"p790": 0
"p791": 0
"p792": 0.0051501483701859654
"p793": 0.0017179705743440943
"p794": 0.00030294990412858613
"p795": 4.139688130949624E-05
"p796": 0.0016483485466872142
"p797": 0.000472300782212889
"p798": 3.7633528463178407E-05
"p799": 0
"p800": 0.0008655711546531036
"p801": 0.0002709614049348845
"p802": 3.0106822770542726E-05
"p803": 0
"p804": 0
"p805": 0
"p806": 0
"p807": 0
"p808": 0.0007394988343014557
"p809": 0.00018440428946957417
"p810": 2.2580117077907045E-05
"p811": 0
"p812": 0.00023144620004854718
"p813": 5.645029269476761E-05
"p814": 0
"p815": 0
"p816": 0.0023182253533317893
"p817": 0.0008317009790362427
"p818": 0.00013548070246744226
