"p756": 0.01171343573416428
"p757": 0.003942112106517938
"p758": 0.0006529417188361453
"p759": 1.3171734962112444E-05
"p760": 0.002713377402195163
"p761": 0.0006567050716824633
"p762": 3.387017561686057E-05
"p763": 0
"p764": 0.0011515859709732594
"p765": 0.00033682007974544684
"p766": 1.6935087808430286E-05
"p767": 0
"p768": 0.00015806081954534932
"p769": 1.8816764231589203E-05
"p770": 0
"p771": 0
"p772": 0.0008185292440741304
"p773": 0.00019569434800852773
"p774": 2.2580117077907045E-05
"p775": 0
"p776": 4.704191057897301E-05
"p777": 3.7633528463178407E-06
"p778": 0
"p779": 0
"p780": 0.0002897781691664737
"p781": 7.714873334951574E-05
"p782": 0
"p783": 0
"p784": 0
"p785": 0
"p786": 0
"p787": 0
"p788": 5.645029269476761E-06
"p789": 0
"p790": 0
"p791": 0
"p792": 0
"p793": 0
"p794": 0
"p795": 0
"p796": 0
"p797": 0
"p798": 0
"p799": 0
"p800": 0.005319499248270267
"p801": 0.0018440428946957417
"p802": 0.00035187349113071807
"p803": 2.6343469924224887E-05
"p804": 0.012972277261257596
"p805": 0.00439183277165292
"p806": 0.0008806245660383748
"p807": 9.972885042742277E-05
"p808": 0.001797000984116769
"p809": 0.00044972066513498195
"p810": 6.962202765688005E-05
"p811": 0
"p812": 0.008108143707391787
"p813": 0.0024631144379150265
"p814": 0.00039138869601705546
"p815": 2.2580117077907045E-05
"p816": 0.0016539935759566913
"p817": 0.0005136976635223852
"p818": 9.596549758110495E-05
