"p756": 0
"p757": 0
"p758": 0
"p759": 0
"p760": 0.018197692688369925
"p761": 0.005360896129579766
"p762": 0.0008053575091120179
"p763": 5.080526342529086E-05
"p764": 0.0032289567421407064
"p765": 0.0009972885042742277
"p766": 0.00016370584881482606
"p767": 3.198849919370165E-05
"p768": 0.003091594363250105
"p769": 0.0011986278815522323
"p770": 0.00025967134639593104
"p771": 3.0106822770542726E-05
"p772": 0.0004911175464444781
"p773": 0.00011478226181269414
"p774": 5.645029269476761E-06
"p775": 0
"p776": 0.024140026832705788
"p777": 0.011538439826810501
"p778": 0.0032778803291428397
"p779": 0.0005287510749076566
"p780": 0.011926065169981235
"p781": 0.004920583846560577
"p782": 0.001110189089663763
"p783": 8.655711546531033E-05
"p784": 0.00019193099516220984
"p785": 3.3870175616860565E-05
"p786": 0
"p787": 0
"p788": 0
"p789": 0
"p790": 0
"p791": 0
"p792": 0.00023709122931802394
"p793": 4.892358700213193E-05
"p794": 5.645029269476761E-06
"p795": 0
"p796": 1.5053411385271363E-05
"p797": 3.7633528463178407E-06
"p798": 0
"p799": 0
"p800": 0.002116885976053785
"p801": 0.0006886935708761648
"p802": 0.0001392440553137601
"p803": 1.6935087808430282E-05
"p804": 2.6343469924224887E-05
"p805": 0
"p806": 0
"p807": 0
"p808": 0.0317344728765752
"p809": 0.01318114334422824
"p810": 0.003181914831561735
"p811": 0.00036692690251598946
"p812": 0.009304889912520861
"p813": 0.002982457130706888
"p814": 0.0004741824586360479
"p815": 3.951520488633733E-05
"p816": 0.0020284471841653154
"p817": 0.0007601972749562039
"p818": 0.0001486524374295547
