"p756": 6.774035123372114E-05
"p757": 0
"p758": 0
"p759": 0
"p760": 0.027798005799326737
"p761": 0.0087535587205353
"p762": 0.0015373296377208382
"p763": 0.0001298356731979655
"p764": 0.007453320312132483
"p765": 0.0025741333468814022
"p766": 0.0005268693984844977
"p767": 6.209532196424438E-05
"p768": 0.0002615530228190899
"p769": 4.516023415581409E-05
"p770": 0
"p771": 0
"p772": 0
"p773": 0
"p774": 0
"p775": 0
"p776": 0.003885661813823171
"p777": 0.0013322269075965157
"p778": 0.0002314462000485472
"p779": 1.5053411385271365E-05
"p780": 0.0007225637464930254
"p781": 0.0002464996114338185
"p782": 4.516023415581409E-05
"p783": 0
"p784": 0.0012268530278996162
"p785": 0.0002991865512822684
"p786": 3.198849919370165E-05
"p787": 1.8816764231589204E-06
"p788": 0
"p789": 0
"p790": 0
"p791": 0
"p792": 0.0034190060608797583
"p793": 0.0010913723254321738
"p794": 0.00020322105370116337
"p795": 1.8816764231589203E-05
"p796": 0.000827937626189925
"p797": 0.0002803697870506791
"p798": 4.892358700213194E-05
"p799": 1.1290058538953523E-05
"p800": 0.0023426871468328558
"p801": 0.000688693570876165
"p802": 9.22021447347871E-05
"p803": 1.1290058538953523E-05
"p804": 6.774035123372114E-05
"p805": 0
"p806": 0
"p807": 0
"p808": 0.03455322415846727
"p809": 0.013877363620797042
"p810": 0.0032327200949870257
"p811": 0.0003706902553623074
"p812": 0.012027675696831818
"p813": 0.003977863958557959
"p814": 0.0007206820700698665
"p815": 6.962202765688006E-05
"p816": 0.0034622846186124134
"p817": 0.0014319557580239383
"p818": 0.00032929337405281106
