"p756": 0
"p757": 0
"p758": 0
"p759": 0
"p760": 0.028744489040175666
"p761": 0.00935757685236931
"p762": 0.0015956616068387643
"p763": 8.279376261899248E-05
"p764": 0.0064221616322413955
"p765": 0.0018120543955020402
"p766": 0.0003180033155138575
"p767": 2.8225146347383805E-05
"p768": 6.209532196424436E-05
"p769": 1.1290058538953523E-05
"p770": 0
"p771": 0
"p772": 0
"p773": 0
"p774": 0
"p775": 0
"p776": 0.0016671653109188033
"p777": 0.00048547251717500153
"p778": 8.655711546531035E-05
"p779": 2.2580117077907045E-05
"p780": 0.0004760641350592069
"p781": 0.00012795399677480656
"p782": 1.1290058538953523E-05
"p783": 0
"p784": 7.5267056926356815E-06
"p785": 0
"p786": 0
"p787": 0
"p788": 0
"p789": 0
"p790": 0
"p791": 0
"p792": 3.198849919370165E-05
"p793": 3.7633528463178407E-06
"p794": 0
"p795": 0
"p796": 0
"p797": 0
"p798": 0
"p799": 0
"p800": 3.575185204001949E-05
"p801": 1.1290058538953523E-05
"p802": 0
"p803": 0
"p804": 0
"p805": 0
"p806": 0
"p807": 0
"p808": 0.000615308190372967
"p809": 0.0001486524374295547
"p810": 1.88167642315892E-05
"p811": 0
"p812": 6.397699838740328E-05
"p813": 7.5267056926356815E-06
"p814": 0
"p815": 0
"p816": 8.467543904215143E-05
"p817": 1.1290058538953523E-05
"p818": 0
