"p756": 0.00892667295146592
"p757": 0.0026343469924224885
"p758": 0.00040079707813285006
"p759": 2.2580117077907045E-05
"p760": 0.000355636843977036
"p761": 0.00013548070246744229
"p762": 3.0106822770542726E-05
"p763": 1.8816764231589204E-06
"p764": 0.000707510335107754
"p765": 0.00022015614150959365
"p766": 1.6935087808430286E-05
"p767": 0
"p768": 0.002376557322449716
"p769": 0.0007752506863414753
"p770": 0.0001279539967748066
"p771": 7.5267056926356815E-06
"p772": 0.0019418900687000057
"p773": 0.0007526705692635681
"p774": 0.00015429746669903146
"p775": 7.5267056926356815E-06
"p776": 0.0013623337303670581
"p777": 0.0002766064342043613
"p778": 7.5267056926356815E-06
"p779": 0
"p780": 0.0006341249546045561
"p781": 8.279376261899248E-05
"p782": 0
"p783": 0
"p784": 0.0033042237990670636
"p785": 0.0012531964978238406
"p786": 0.00026343469924224885
"p787": 4.139688130949624E-05
"p788": 0.0020999508882453546
"p789": 0.0009408382115794601
"p790": 0.00023144620004854718
"p791": 4.139688130949624E-05
"p792": 0.00264940040380776
"p793": 0.0008373460083057195
"p794": 8.467543904215141E-05
"p795": 0
"p796": 0.0012023912343985498
"p797": 0.0003236483447833343
"p798": 2.634346992422488E-05
"p799": 0
"p800": 0.0007865407448804287
"p801": 0.00019945770085484554
"p802": 2.2580117077907045E-05
"p803": 0
"p804": 0.0008655711546531036
"p805": 0.0002709614049348845
"p806": 3.0106822770542726E-05
"p807": 0
"p808": 0.0001938126715853688
"p809": 2.6343469924224887E-05
"p810": 0
"p811": 0
"p812": 4.516023415581409E-05
"p813": 1.5053411385271363E-05
"p814": 0
"p815": 0
"p816": 0.0018986115109673502
"p817": 0.0005118159870992265
"p818": 6.021364554108546E-05
