"p756": 5.645029269476761E-06
"p757": 0
"p758": 0
"p759": 0
"p760": 0.02118203149549997
"p761": 0.007014889705536456
"p762": 0.0013115284669417673
"p763": 0.0001298356731979655
"p764": 0.006322432781813973
"p765": 0.0020435005955505878
"p766": 0.00043466725374971055
"p767": 5.645029269476761E-05
"p768": 7.5267056926356815E-06
"p769": 0
"p770": 0
"p771": 0
"p772": 0
"p773": 0
"p774": 0
"p775": 0
"p776": 0.0007714873334951572
"p777": 0.00020886608297064017
"p778": 2.0698440654748124E-05
"p779": 0
"p780": 0.0001844042894695742
"p781": 5.645029269476761E-05
"p782": 5.645029269476761E-06
"p783": 0
"p784": 0.00016935087808430283
"p785": 1.8816764231589203E-05
"p786": 0
"p787": 0
"p788": 0
"p789": 0
"p790": 0
"p791": 0
"p792": 0.0007188003936467076
"p793": 0.0001693508780843028
"p794": 2.2580117077907045E-05
"p795": 0
"p796": 0.00016182417239166713
"p797": 6.0213645541085445E-05
"p798": 1.1290058538953523E-05
"p799": 0
"p800": 0.00016182417239166713
"p801": 2.634346992422488E-05
"p802": 0
"p803": 0
"p804": 0
"p805": 0
"p806": 0
"p807": 0
"p808": 0.005910345645142168
"p809": 0.0018666230117736489
"p810": 0.00029730487485910934
"p811": 1.5053411385271363E-05
"p812": 0.0008091208619583355
"p813": 0.00019193099516220981
"p814": 2.258011707790704E-05
"p815": 0
"p816": 0.00033870175616860566
"p817": 3.76335284631784E-05
"p818": 0
