"p756": 5.645029269476761E-06
"p757": 0
"p758": 0
"p759": 0
"p760": 0.005895292233756898
"p761": 0.0017706575141925437
"p762": 0.000259671346395931
"p763": 1.3171734962112444E-05
"p764": 0.003938348753671619
"p765": 0.001292711702710178
"p766": 0.00020322105370116337
"p767": 3.76335284631784E-05
"p768": 0.010125300833018151
"p769": 0.005084289695375403
"p770": 0.0015429746669903149
"p771": 0.00029730487485910944
"p772": 0.0003970337252865322
"p773": 6.774035123372113E-05
"p774": 5.645029269476761E-06
"p775": 0
"p776": 0.015224643939778827
"p777": 0.007080748380347017
"p778": 0.0019607068329315952
"p779": 0.00023520955289486507
"p780": 0.01440423301928154
"p781": 0.005848250323177924
"p782": 0.001253196497823841
"p783": 9.032046831162818E-05
"p784": 0.00021827446508643474
"p785": 4.7041910578973015E-05
"p786": 5.645029269476761E-06
"p787": 0
"p788": 9.032046831162818E-05
"p789": 1.6935087808430282E-05
"p790": 0
"p791": 0
"p792": 1.8816764231589203E-05
"p793": 1.8816764231589204E-06
"p794": 0
"p795": 0
"p796": 5.080526342529085E-05
"p797": 1.5053411385271363E-05
"p798": 0
"p799": 0
"p800": 0.0177498536996581
"p801": 0.007530469045482
"p802": 0.0018760313938894434
"p803": 0.0002258011707790705
"p804": 3.198849919370165E-05
"p805": 1.8816764231589204E-06
"p806": 0
"p807": 0
"p808": 0.014948037505574465
"p809": 0.006205768843578119
"p810": 0.0014789976686029114
"p811": 0.00014300740816007793
"p812": 0.011679565558547425
"p813": 0.0036956124950841196
"p814": 0.0006077814846803313
"p815": 4.704191057897301E-05
"p816": 0.011952408639905467
"p817": 0.004749351292053115
"p818": 0.0009784717400426386
