"p756": 0
"p757": 0
"p758": 0
"p759": 0
"p760": 0.023916107338349885
"p761": 0.007312194580395567
"p762": 0.001019868621352135
"p763": 3.575185204001949E-05
"p764": 0.0034848647356903206
"p765": 0.0010669105319311078
"p766": 0.00015241579027587253
"p767": 5.645029269476761E-06
"p768": 0.0016427035174177375
"p769": 0.000353755167553877
"p770": 1.8816764231589207E-05
"p771": 0
"p772": 5.080526342529085E-05
"p773": 0
"p774": 0
"p775": 0
"p776": 0.01441740475424365
"p777": 0.00566384603370835
"p778": 0.0014413641401397328
"p779": 0.00021639278866327584
"p780": 0.006471085219243527
"p781": 0.002171454592325394
"p782": 0.0004309039009033928
"p783": 3.198849919370165E-05
"p784": 0.0036109370560419695
"p785": 0.0013548070246744226
"p786": 0.0002784881106275202
"p787": 7.5267056926356815E-06
"p788": 0.0004760641350592069
"p789": 0.00011666393823585305
"p790": 5.645029269476761E-06
"p791": 0
"p792": 0.015903929128539194
"p793": 0.006506837071283547
"p794": 0.001486524374295547
"p795": 0.00013359902604428335
"p796": 0.00921833279705555
"p797": 0.003814158109743132
"p798": 0.0008091208619583357
"p799": 3.575185204001949E-05
"p800": 0.0003405834325917646
"p801": 0.00010725555612005845
"p802": 1.6935087808430286E-05
"p803": 0
"p804": 0
"p805": 0
"p806": 0
"p807": 0
"p808": 0.00887774936446379
"p809": 0.002779236077005725
"p810": 0.00035940019682335374
"p811": 1.6935087808430282E-05
"p812": 0.0020961875353990365
"p813": 0.0006435333367203509
"p814": 3.9515204886337324E-05
"p815": 0
"p816": 0.0008260559497667659
"p817": 0.00030671325697490405
"p818": 8.091208619583358E-05
