"p756": 0.0006679951302214167
"p757": 0.00020322105370116337
"p758": 2.6343469924224887E-05
"p759": 0
"p760": 0.006614092627403608
"p761": 0.001800764336963087
"p762": 0.00017499590735377962
"p763": 0
"p764": 0.009809179193927453
"p765": 0.0030163273063237494
"p766": 0.00039138869601705546
"p767": 0
"p768": 0.0002709614049348845
"p769": 5.4568616271608685E-05
"p770": 5.645029269476761E-06
"p771": 0
"p772": 0.0009747083871963208
"p773": 0.00019757602443168658
"p774": 7.5267056926356815E-06
"p775": 0
"p776": 0.0022316682378664796
"p777": 0.0007696056570719983
"p778": 0.00014865243742955472
"p779": 2.8225146347383808E-05
"p780": 0.006913279178685872
"p781": 0.0024480610265297546
"p782": 0.0004986442521371139
"p783": 7.338538050319788E-05
"p784": 0.0017913559548472916
"p785": 0.0004967625757139549
"p786": 7.903040977267465E-05
"p787": 5.645029269476761E-06
"p788": 0.0038198031390126092
"p789": 0.0011252425010490343
"p790": 0.00018252261304641527
"p791": 7.5267056926356815E-06
"p792": 0.005225415427112323
"p793": 0.0017763025434620208
"p794": 0.0003481101382844002
"p795": 2.6343469924224887E-05
"p796": 0.01242470942211835
"p797": 0.004564947002583541
"p798": 0.0009728267107731619
"p799": 0.00010349220327374063
"p800": 1.6935087808430282E-05
"p801": 0
"p802": 0
"p803": 0
"p804": 0.00015053411385271363
"p805": 3.3870175616860565E-05
"p806": 5.645029269476761E-06
"p807": 0
"p808": 0.000351873491130718
"p809": 0.00010725555612005844
"p810": 2.4461793501065966E-05
"p811": 1.8816764231589204E-06
"p812": 0.0024631144379150265
"p813": 0.0008467543904215143
"p814": 9.03204683116282E-05
"p815": 1.8816764231589204E-06
"p816": 0.00012607232035164766
"p817": 7.903040977267465E-05
"p818": 1.6935087808430286E-05
