"p756": 5.645029269476761E-06
"p757": 0
"p758": 0
"p759": 0
"p760": 0.007720518364221051
"p761": 0.0022937635598307238
"p762": 0.0002878964927433148
"p763": 3.76335284631784E-06
"p764": 0.004645859088779375
"p765": 0.0014601809043713223
"p766": 0.00020886608297064014
"p767": 5.645029269476761E-06
"p768": 0.008810009013230067
"p769": 0.0035751852040019493
"p770": 0.000920139770924712
"p771": 0.00014112573173691905
"p772": 5.268693984844976E-05
"p773": 5.645029269476761E-06
"p774": 0
"p775": 0
"p776": 0.006106039993150697
"p777": 0.0023069352947928364
"p778": 0.0005852013676024243
"p779": 7.52670569263568E-05
"p780": 0.008582326166027835
"p781": 0.002743484224965706
"p782": 0.0005099343106760674
"p783": 3.7633528463178407E-05
"p784": 0.00782589224391795
"p785": 0.0033362122982607658
"p786": 0.0007903040977267466
"p787": 8.091208619583358E-05
"p788": 0.0004346672537497106
"p789": 6.585867481056221E-05
"p790": 5.645029269476761E-06
"p791": 0
"p792": 0.00873286027988055
"p793": 0.003466047971458731
"p794": 0.0007658423042256805
"p795": 5.645029269476761E-05
"p796": 0.01088926146082067
"p797": 0.004199901776490709
"p798": 0.0007884224213035877
"p799": 2.8225146347383805E-05
"p800": 0.006185070402923372
"p801": 0.002011512096356886
"p802": 0.000259671346395931
"p803": 9.408382115794602E-06
"p804": 0
"p805": 0
"p806": 0
"p807": 0
"p808": 0.0028055795469299504
"p809": 0.0008354643318825607
"p810": 0.0001204272910821709
"p811": 9.408382115794602E-06
"p812": 0.0024875762314160916
"p813": 0.0007846590684572697
"p814": 7.526705692635681E-05
"p815": 1.8816764231589204E-06
"p816": 0.003650452260928305
"p817": 0.0012324980571690929
"p818": 0.00017687758377693853
