"p756": 0.0020754890947442895
"p757": 0.0005155793399455443
"p758": 3.7633528463178407E-05
"p759": 0
"p760": 0.03635398849543035
"p761": 0.012447289539196263
"p762": 0.0024141908509128954
"p763": 0.00026155302281908997
"p764": 0.037609066669677345
"p765": 0.013753172976868552
"p766": 0.0026851522558477797
"p767": 0.000212629435816958
"p768": 0
"p769": 0
"p770": 0
"p771": 0
"p772": 0.00015241579027587256
"p773": 1.8816764231589204E-06
"p774": 0
"p775": 0
"p776": 0.00040079707813285006
"p777": 0.0001016105268505817
"p778": 1.3171734962112442E-05
"p779": 0
"p780": 0.001806409366232563
"p781": 0.000472300782212889
"p782": 4.327855773265517E-05
"p783": 1.8816764231589204E-06
"p784": 0.00016370584881482606
"p785": 5.080526342529086E-05
"p786": 0
"p787": 0
"p788": 0.000780895715610952
"p789": 0.00010537387969689955
"p790": 3.7633528463178407E-06
"p791": 0
"p792": 0.00048170916432868367
"p793": 0.00011478226181269415
"p794": 1.3171734962112442E-05
"p795": 0
"p796": 0.0011986278815522323
"p797": 0.000355636843977036
"p798": 3.7633528463178407E-05
"p799": 0
"p800": 0.000711273687954072
"p801": 0.00015429746669903143
"p802": 1.8816764231589207E-05
"p803": 0
"p804": 0.0018609779825041728
"p805": 0.0003989154017096911
"p806": 1.8816764231589207E-05
"p807": 0
"p808": 0.008529639226179386
"p809": 0.0030878310104037877
"p810": 0.0006472966895666686
"p811": 6.962202765688005E-05
"p812": 0.01981217105944028
"p813": 0.007013008029113295
"p814": 0.0014978144328345008
"p815": 0.00018816764231589203
"p816": 0.0024725228200308215
"p817": 0.0009126130652320763
"p818": 0.00012607232035164763
