"p756": 3.7633528463178407E-06
"p757": 0
"p758": 0
"p759": 0
"p760": 0.008828825777461654
"p761": 0.003076540951864835
"p762": 0.0005626212505245173
"p763": 4.3278557732655166E-05
"p764": 0.005748521472750503
"p765": 0.0018741497174662846
"p766": 0.0003029499041285862
"p767": 2.2580117077907045E-05
"p768": 0.00013171734962112442
"p769": 6.021364554108545E-05
"p770": 1.1290058538953523E-05
"p771": 0
"p772": 3.7633528463178407E-06
"p773": 0
"p774": 0
"p775": 0
"p776": 0.0001467707610063958
"p777": 1.5053411385271363E-05
"p778": 0
"p779": 0
"p780": 9.596549758110492E-05
"p781": 3.387017561686057E-05
"p782": 0
"p783": 0
"p784": 0
"p785": 0
"p786": 0
"p787": 0
"p788": 0
"p789": 0
"p790": 0
"p791": 0
"p792": 0
"p793": 0
"p794": 0
"p795": 0
"p796": 0
"p797": 0
"p798": 0
"p799": 0
"p800": 0.0009728267107731617
"p801": 0.0003443467854380824
"p802": 5.833196911792653E-05
"p803": 1.1290058538953523E-05
"p804": 0
"p805": 0
"p806": 0
"p807": 0
"p808": 0.001422547375908144
"p809": 0.00033682007974544673
"p810": 4.704191057897301E-05
"p811": 1.1290058538953523E-05
"p812": 0.0006962202765688005
"p813": 0.0001674692016611439
"p814": 1.1290058538953523E-05
"p815": 0
"p816": 0.0005739113090634706
"p817": 0.00011478226181269414
"p818": 0
