"p756": 0.028928893329645246
"p757": 0.010162934361481333
"p758": 0.00198705030285582
"p759": 0.0002182744650864348
"p760": 0.002118767652476944
"p761": 0.0006228348960656027
"p762": 0.00013548070246744229
"p763": 3.7633528463178407E-06
"p764": 0.003592120291810379
"p765": 0.001179811117320643
"p766": 0.00016935087808430283
"p767": 9.408382115794602E-06
"p768": 0.002711495725772004
"p769": 0.0009314298294636656
"p770": 0.00016370584881482604
"p771": 1.3171734962112444E-05
"p772": 0.002105595917514832
"p773": 0.0008919146245773282
"p774": 0.00019004931873905094
"p775": 1.3171734962112444E-05
"p776": 0.0021883896801338245
"p777": 0.0006153081903729669
"p778": 3.951520488633733E-05
"p779": 1.8816764231589204E-06
"p780": 0.0018986115109673506
"p781": 0.0004421939594423462
"p782": 3.5751852040019496E-05
"p783": 1.8816764231589204E-06
"p784": 9.408382115794602E-06
"p785": 0
"p786": 0
"p787": 0
"p788": 9.972885042742276E-05
"p789": 1.5053411385271363E-05
"p790": 0
"p791": 0
"p792": 0
"p793": 0
"p794": 0
"p795": 0
"p796": 2.4461793501065966E-05
"p797": 5.645029269476761E-06
"p798": 0
"p799": 0
"p800": 0.0013416352897123096
"p801": 0.0005739113090634706
"p802": 0.00012419064392848875
"p803": 3.7633528463178407E-06
"p804": 0.0014281924051776206
"p805": 0.000658586748105622
"p806": 0.0001693508780843028
"p807": 3.7633528463178407E-06
"p808": 0.0008354643318825606
"p809": 0.00031988499193701646
"p810": 3.7633528463178407E-06
"p811": 0
"p812": 0.0005588578976781994
"p813": 0.00017311423093062066
"p814": 5.645029269476761E-06
"p815": 0
"p816": 0.002273065119175976
"p817": 0.0006077814846803314
"p818": 8.843879188846925E-05
