"p756": 0.019334225247957908
"p757": 0.006510600424129865
"p758": 0.0012437881157080465
"p759": 0.00011854561465901199
"p760": 0.0037614711698946823
"p761": 0.001200509557975391
"p762": 0.0001486524374295547
"p763": 1.8816764231589204E-06
"p764": 0.0034227694137260755
"p765": 0.001136532559587988
"p766": 0.00011666393823585307
"p767": 5.645029269476761E-06
"p768": 0.0011421775888574648
"p769": 0.00037633528463178407
"p770": 6.39769983874033E-05
"p771": 0
"p772": 0.0033569107389155146
"p773": 0.0012174446457838219
"p774": 0.0002220378179327526
"p775": 1.5053411385271365E-05
"p776": 0.0001298356731979655
"p777": 3.387017561686057E-05
"p778": 5.645029269476761E-06
"p779": 0
"p780": 0.0004666557529434123
"p781": 0.00014300740816007796
"p782": 1.1290058538953523E-05
"p783": 0
"p784": 0.0013378719368659926
"p785": 0.00041773216594128033
"p786": 6.774035123372114E-05
"p787": 1.1290058538953523E-05
"p788": 0.0027303124900035936
"p789": 0.000922021447347871
"p790": 0.00017875926020009743
"p791": 1.8816764231589203E-05
"p792": 0.0002671980520885667
"p793": 8.655711546531033E-05
"p794": 2.6343469924224887E-05
"p795": 5.645029269476761E-06
"p796": 0.001320936849057562
"p797": 0.0004911175464444782
"p798": 0.0001016105268505817
"p799": 7.5267056926356815E-06
"p800": 0.013728711183367485
"p801": 0.005633739210937808
"p802": 0.0013096467905186087
"p803": 0.00016182417239166716
"p804": 0.023825786870038255
"p805": 0.00988256457443065
"p806": 0.0023577405582181276
"p807": 0.0002709614049348845
"p808": 0.0068944624144542865
"p809": 0.0023859657045655113
"p810": 0.00043090390090339274
"p811": 1.88167642315892E-05
"p812": 0.007699819923566301
"p813": 0.002244839972828592
"p814": 0.00032553002120649325
"p815": 1.6935087808430286E-05
"p816": 0.01510045329585034
"p817": 0.00706004993969227
"p818": 0.0018873214524283972
