"p756": 0.009701923637807395
"p757": 0.002999392218515319
"p758": 0.00039138869601705546
"p759": 0
"p760": 0.000874979536768898
"p761": 0.0002201561415095937
"p762": 4.892358700213194E-05
"p763": 0
"p764": 0.000942719888002619
"p765": 0.00028225146347383805
"p766": 3.7633528463178407E-05
"p767": 0
"p768": 0.0020039853906642503
"p769": 0.0007037469822614361
"p770": 0.00013924405531376012
"p771": 2.634346992422489E-05
"p772": 0.006006311142723274
"p773": 0.0022354315907127968
"p774": 0.0004835908407518425
"p775": 7.338538050319788E-05
"p776": 0.00040079707813284995
"p777": 0.00011101890896637632
"p778": 2.634346992422489E-05
"p779": 1.8816764231589204E-06
"p780": 0.0026738621973088255
"p781": 0.000660468424528781
"p782": 6.774035123372114E-05
"p783": 5.645029269476761E-06
"p784": 0.004470863181425594
"p785": 0.0015975432832619233
"p786": 0.0003217666683601753
"p787": 2.6343469924224887E-05
"p788": 0.009052745271817566
"p789": 0.003236483447833343
"p790": 0.0006886935708761647
"p791": 8.27937626189925E-05
"p792": 0.0017029171629588228
"p793": 0.00044407563586550515
"p794": 6.962202765688005E-05
"p795": 0
"p796": 0.0069546760599953706
"p797": 0.0022297865614433207
"p798": 0.00037821696105494305
"p799": 2.2580117077907045E-05
"p800": 0.00032176666836017533
"p801": 9.596549758110493E-05
"p802": 2.4461793501065966E-05
"p803": 1.8816764231589204E-06
"p804": 0.00242171755660553
"p805": 0.0008241742733436071
"p806": 9.03204683116282E-05
"p807": 1.8816764231589204E-06
"p808": 6.39769983874033E-05
"p809": 3.198849919370165E-05
"p810": 9.408382115794602E-06
"p811": 1.8816764231589204E-06
"p812": 0.000306713256974904
"p813": 0.00011666393823585305
"p814": 2.634346992422488E-05
"p815": 1.8816764231589204E-06
"p816": 0.0005193426927918622
"p817": 0.00019193099516220984
"p818": 3.198849919370165E-05
