"p756": 7.714873334951573E-05
"p757": 5.645029269476761E-06
"p758": 0
"p759": 0
"p760": 0.025496715533803373
"p761": 0.008465662227791984
"p762": 0.0011252425010490345
"p763": 6.397699838740328E-05
"p764": 0.009577732993878903
"p765": 0.0032929337405281107
"p766": 0.000380098637478102
"p767": 2.069844065474812E-05
"p768": 0.00034999181470755914
"p769": 6.209532196424438E-05
"p770": 1.8816764231589204E-06
"p771": 0
"p772": 0
"p773": 0
"p774": 0
"p775": 0
"p776": 0.00016558752523798502
"p777": 2.8225146347383805E-05
"p778": 0
"p779": 0
"p780": 0.0002145111122401169
"p781": 6.021364554108545E-05
"p782": 1.1290058538953523E-05
"p783": 0
"p784": 0.00044972066513498195
"p785": 9.784717400426387E-05
"p786": 1.1290058538953523E-05
"p787": 0
"p788": 0.00017499590735377957
"p789": 3.3870175616860565E-05
"p790": 0
"p791": 0
"p792": 0.0002671980520885667
"p793": 6.585867481056221E-05
"p794": 1.1290058538953523E-05
"p795": 0
"p796": 0.0004214955187875982
"p797": 9.784717400426385E-05
"p798": 0
"p799": 0
"p800": 0.005835078588215812
"p801": 0.002081134124013766
"p802": 0.0004309039009033927
"p803": 6.397699838740328E-05
"p804": 3.575185204001949E-05
"p805": 5.645029269476761E-06
"p806": 0
"p807": 0
"p808": 0.0022260232085970027
"p809": 0.00066235010095194
"p810": 0.00012230896750532985
"p811": 1.3171734962112444E-05
"p812": 0.00432221074399604
"p813": 0.0011233608246258755
"p814": 0.00015241579027587256
"p815": 2.8225146347383808E-05
"p816": 0.007807075479686359
"p817": 0.0028488581046626055
"p818": 0.0006021364554108544
