"p756": 0.002308816971215995
"p757": 0.0007357354814551377
"p758": 0.00013736237889060116
"p759": 1.3171734962112444E-05
"p760": 0.013523608453243161
"p761": 0.004303393979764451
"p762": 0.0007771323627646342
"p763": 7.714873334951574E-05
"p764": 0.030008975596538465
"p765": 0.010556204733921545
"p766": 0.0020491456248200642
"p767": 0.0002182744650864348
"p768": 0.0011233608246258753
"p769": 0.00027848811062752013
"p770": 2.0698440654748124E-05
"p771": 1.8816764231589204E-06
"p772": 0.0005964914261413778
"p773": 0.00014112573173691902
"p774": 1.5053411385271363E-05
"p775": 0
"p776": 0.0038367382268210395
"p777": 0.0012212079986301393
"p778": 0.00018252261304641527
"p779": 1.3171734962112444E-05
"p780": 0.003426532766572394
"p781": 0.0012343797335922517
"p782": 0.0002220378179327526
"p783": 1.5053411385271365E-05
"p784": 0
"p785": 0
"p786": 0
"p787": 0
"p788": 6.774035123372114E-05
"p789": 0
"p790": 0
"p791": 0
"p792": 9.408382115794602E-06
"p793": 0
"p794": 0
"p795": 0
"p796": 7.714873334951573E-05
"p797": 1.5053411385271363E-05
"p798": 0
"p799": 0
"p800": 0.0003594001968233538
"p801": 7.903040977267465E-05
"p802": 1.8816764231589204E-06
"p803": 0
"p804": 0.00028789649274331484
"p805": 8.091208619583358E-05
"p806": 1.3171734962112442E-05
"p807": 0
"p808": 0.001883558099582079
"p809": 0.0007319721286088198
"p810": 0.00012983567319796546
"p811": 3.7633528463178407E-06
"p812": 0.0020133937727800444
"p813": 0.0008053575091120178
"p814": 0.00018252261304641524
"p815": 3.7633528463178407E-06
"p816": 0.0002671980520885667
"p817": 3.387017561686057E-05
"p818": 0
