"p756": 0.0005400411334466101
"p757": 0.00010913723254321738
"p758": 0
"p759": 0
"p760": 0.004743706262783639
"p761": 0.0012381430864385698
"p762": 0.00016370584881482606
"p763": 3.010682277054273E-05
"p764": 0.012356969070884634
"p765": 0.003780287934126271
"p766": 0.0006303616017582384
"p767": 4.51602341558141E-05
"p768": 0.0006736401594908933
"p769": 0.0001768775837769385
"p770": 2.634346992422488E-05
"p771": 0
"p772": 0.0002483812878569774
"p773": 2.2580117077907042E-05
"p774": 0
"p775": 0
"p776": 0.004055012691907474
"p777": 0.001317173496211244
"p778": 0.00022203781793275255
"p779": 1.8816764231589203E-05
"p780": 0.0024574694086455496
"p781": 0.0009050863595394405
"p782": 0.00018252261304641527
"p783": 1.8816764231589203E-05
"p784": 0
"p785": 0
"p786": 0
"p787": 0
"p788": 1.1290058538953523E-05
"p789": 0
"p790": 0
"p791": 0
"p792": 5.645029269476761E-06
"p793": 0
"p794": 0
"p795": 0
"p796": 6.39769983874033E-05
"p797": 3.7633528463178407E-06
"p798": 0
"p799": 0
"p800": 0.00022956452362538825
"p801": 3.76335284631784E-05
"p802": 0
"p803": 0
"p804": 0.00016182417239166713
"p805": 1.88167642315892E-05
"p806": 0
"p807": 0
"p808": 0.00254402652411086
"p809": 0.0007244454229161842
"p810": 0.00011854561465901196
"p811": 2.258011707790704E-05
"p812": 0.0018289894833104705
"p813": 0.0006171898667961258
"p814": 0.00010161052685058167
"p815": 2.258011707790704E-05
"p816": 0.00018252261304641527
"p817": 4.516023415581408E-05
"p818": 0
