"p756": 0
"p757": 0
"p758": 0
"p759": 0
"p760": 0.0025534349062266543
"p761": 0.0008110025383814946
"p762": 0.00018064093662325636
"p763": 1.6935087808430286E-05
"p764": 0.0021545195045169635
"p765": 0.0006548233952593043
"p766": 0.00010913723254321738
"p767": 2.634346992422489E-05
"p768": 0.00031235828624438073
"p769": 0.00011290058538953522
"p770": 2.2580117077907045E-05
"p771": 0
"p772": 1.1290058538953521E-05
"p773": 0
"p774": 0
"p775": 0
"p776": 0.00033117505047597
"p777": 6.774035123372113E-05
"p778": 0
"p779": 0
"p780": 0.000308594933398063
"p781": 0.00011666393823585303
"p782": 1.1290058538953523E-05
"p783": 0
"p784": 0.00010349220327374062
"p785": 1.5053411385271363E-05
"p786": 0
"p787": 0
"p788": 0
"p789": 0
"p790": 0
"p791": 0
"p792": 5.645029269476761E-06
"p793": 0
"p794": 0
"p795": 0
"p796": 3.7633528463178407E-06
"p797": 0
"p798": 0
"p799": 0
"p800": 0.002999392218515318
"p801": 0.001151585970973259
"p802": 0.0002464996114338186
"p803": 4.139688130949624E-05
"p804": 1.505341138527136E-05
"p805": 0
"p806": 0
"p807": 0
"p808": 0.005917872350834806
"p809": 0.0018233444540409936
"p810": 0.0003104766098212218
"p811": 4.139688130949624E-05
"p812": 0.0020754890947442895
"p813": 0.0005155793399455442
"p814": 3.7633528463178407E-05
"p815": 0
"p816": 0.0035902386153872207
"p817": 0.0013623337303670584
"p818": 0.0002784881106275202
