"p756": 5.645029269476761E-06
"p757": 0
"p758": 0
"p759": 0
"p760": 0.003913886960170554
"p761": 0.0011440592652806234
"p762": 0.00019004931873905096
"p763": 1.3171734962112444E-05
"p764": 0.003383254208839738
"p765": 0.0009596549758110494
"p766": 0.00014300740816007796
"p767": 3.198849919370164E-05
"p768": 0.0017198522507672533
"p769": 0.0006830485416066882
"p770": 0.0001561791431221904
"p771": 1.8816764231589203E-05
"p772": 1.505341138527136E-05
"p773": 0
"p774": 0
"p775": 0
"p776": 0.0040493676626379965
"p777": 0.0012851849970175425
"p778": 0.00022580117077907044
"p779": 1.8816764231589203E-05
"p780": 0.001409375640946031
"p781": 0.00035563684397703593
"p782": 3.7633528463178407E-05
"p783": 0
"p784": 6.39769983874033E-05
"p785": 3.7633528463178407E-06
"p786": 0
"p787": 0
"p788": 3.7633528463178407E-06
"p789": 0
"p790": 0
"p791": 0
"p792": 5.645029269476761E-06
"p793": 0
"p794": 0
"p795": 0
"p796": 3.7633528463178407E-06
"p797": 3.7633528463178407E-06
"p798": 0
"p799": 0
"p800": 0.0014902877271418648
"p801": 0.000545686162716087
"p802": 0.00010161052685058167
"p803": 2.258011707790704E-05
"p804": 0
"p805": 0
"p806": 0
"p807": 0
"p808": 0.0020547906540895403
"p809": 0.0006058998082571724
"p810": 9.596549758110492E-05
"p811": 2.258011707790704E-05
"p812": 0.0007583155985330448
"p813": 0.000188167642315892
"p814": 0
"p815": 0
"p816": 0.00404560430979168
"p817": 0.0015542647255292683
"p818": 0.0003010682277054273
