"p756": 0
"p757": 0
"p758": 0
"p759": 0
"p760": 0.0026644538151930314
"p761": 0.0006698768066445757
"p762": 7.526705692635681E-05
"p763": 0
"p764": 0.0011101890896637629
"p765": 0.00036316354966967166
"p766": 3.198849919370165E-05
"p767": 5.645029269476761E-06
"p768": 0.001908019893083145
"p769": 0.0007037469822614361
"p770": 0.00014300740816007796
"p771": 7.5267056926356815E-06
"p772": 0.0002653163756654078
"p773": 5.080526342529086E-05
"p774": 0
"p775": 0
"p776": 0.0008392276847288785
"p777": 0.00022015614150959367
"p778": 3.0106822770542726E-05
"p779": 0
"p780": 0.0017499590735377958
"p781": 0.0006134265139498081
"p782": 0.0001110189089663763
"p783": 1.3171734962112444E-05
"p784": 0.0002483812878569775
"p785": 6.585867481056221E-05
"p786": 5.645029269476761E-06
"p787": 0
"p788": 0
"p789": 0
"p790": 0
"p791": 0
"p792": 9.408382115794602E-06
"p793": 0
"p794": 0
"p795": 0
"p796": 1.8816764231589203E-05
"p797": 0
"p798": 0
"p799": 0
"p800": 0.02000598373102564
"p801": 0.0090282834783165
"p802": 0.002384084028142352
"p803": 0.0003180033155138576
"p804": 0.0006962202765688006
"p805": 0.00011666393823585305
"p806": 5.645029269476761E-06
"p807": 0
"p808": 0.01658509599372273
"p809": 0.005897173910180057
"p810": 0.0010575021498153135
"p811": 7.150370408003898E-05
"p812": 0.025788375379393012
"p813": 0.009600313110956816
"p814": 0.002146992798824328
"p815": 0.0002577896699727721
"p816": 0.007568102573945177
"p817": 0.0030765409518648344
"p818": 0.0006303616017582384
