"p756": 0.0056149224467062185
"p757": 0.0015147495206429308
"p758": 0.0002239194943559115
"p759": 5.645029269476761E-06
"p760": 0.00039327037244021434
"p761": 0.00011478226181269415
"p762": 5.645029269476761E-06
"p763": 0
"p764": 0.0002747247577812024
"p765": 0.00013548070246744226
"p766": 0
"p767": 0
"p768": 0.0009690633579268439
"p769": 0.000259671346395931
"p770": 3.0106822770542726E-05
"p771": 0
"p772": 0.0023633855874876045
"p773": 0.0008222925969204483
"p774": 0.00015429746669903146
"p775": 7.5267056926356815E-06
"p776": 0.00020698440654748124
"p777": 5.080526342529085E-05
"p778": 1.1290058538953523E-05
"p779": 0
"p780": 0.001317173496211244
"p781": 0.0004779458114823658
"p782": 8.843879188846926E-05
"p783": 1.3171734962112444E-05
"p784": 2.8225146347383808E-05
"p785": 0
"p786": 0
"p787": 0
"p788": 0.0002483812878569775
"p789": 6.585867481056221E-05
"p790": 5.645029269476761E-06
"p791": 0
"p792": 0
"p793": 0
"p794": 0
"p795": 0
"p796": 0
"p797": 0
"p798": 0
"p799": 0
"p800": 0.014748579804719617
"p801": 0.006156845256575987
"p802": 0.0015091044913734541
"p803": 0.00020886608297064017
"p804": 0.025295376156525377
"p805": 0.011148932807216606
"p806": 0.002843213075393129
"p807": 0.0003631635496696717
"p808": 0.008160830647240238
"p809": 0.0026550454330772372
"p810": 0.0003913886960170554
"p811": 2.069844065474812E-05
"p812": 0.018399032065647927
"p813": 0.006461676837127735
"p814": 0.001194864528705915
"p815": 8.091208619583358E-05
"p816": 0.004751232968476273
"p817": 0.0016746920166114394
"p818": 0.00032741169762965207
