"p756": 0.0010763189140469026
"p757": 0.0003123582862443808
"p758": 4.139688130949625E-05
"p759": 0
"p760": 0.014146443349308766
"p761": 0.004173558306566485
"p762": 0.0007319721286088201
"p763": 5.456861627160869E-05
"p764": 0.021697610835445514
"p765": 0.007331011344627155
"p766": 0.0012626048799396358
"p767": 6.021364554108545E-05
"p768": 0.00011666393823585305
"p769": 1.317173496211244E-05
"p770": 0
"p771": 0
"p772": 5.645029269476761E-05
"p773": 1.1290058538953523E-05
"p774": 0
"p775": 0
"p776": 0.001322818525480721
"p777": 0.00039515204886337327
"p778": 6.0213645541085445E-05
"p779": 1.1290058538953523E-05
"p780": 0.0008015941562657001
"p781": 0.00028036978705067917
"p782": 4.8923587002131926E-05
"p783": 1.1290058538953523E-05
"p784": 0
"p785": 0
"p786": 0
"p787": 0
"p788": 7.5267056926356815E-06
"p789": 0
"p790": 0
"p791": 0
"p792": 5.645029269476761E-06
"p793": 0
"p794": 0
"p795": 0
"p796": 2.6343469924224887E-05
"p797": 3.7633528463178407E-06
"p798": 0
"p799": 0
"p800": 2.634346992422489E-05
"p801": 1.8816764231589204E-06
"p802": 0
"p803": 0
"p804": 3.575185204001949E-05
"p805": 1.1290058538953523E-05
"p806": 0
"p807": 0
"p808": 0.0003405834325917646
"p809": 6.39769983874033E-05
"p810": 9.4083821157946E-06
"p811": 0
"p812": 0.0003104766098212219
"p813": 9.032046831162815E-05
"p814": 9.4083821157946E-06
"p815": 0
"p816": 1.8816764231589203E-05
"p817": 0
"p818": 0
