"p756": 0.00284133139896997
"p757": 0.0009521282701184135
"p758": 0.0001806409366232563
"p759": 9.408382115794602E-06
"p760": 0.016107150182240362
"p761": 0.0044595731228866415
"p762": 0.0006134265139498082
"p763": 2.8225146347383815E-05
"p764": 0.03152937014645087
"p765": 0.010575021498153134
"p766": 0.0017838292491546566
"p767": 9.972885042742281E-05
"p768": 1.3171734962112442E-05
"p769": 1.8816764231589204E-06
"p770": 0
"p771": 0
"p772": 5.645029269476761E-06
"p773": 0
"p774": 0
"p775": 0
"p776": 0.0001674692016611439
"p777": 2.6343469924224887E-05
"p778": 0
"p779": 0
"p780": 0.00023520955289486504
"p781": 4.516023415581409E-05
"p782": 0
"p783": 0
"p784": 0.00010725555612005847
"p785": 3.7633528463178407E-06
"p786": 0
"p787": 0
"p788": 0.00010349220327374062
"p789": 2.2580117077907045E-05
"p790": 0
"p791": 0
"p792": 0.0010819639433163792
"p793": 0.000308594933398063
"p794": 3.387017561686057E-05
"p795": 0
"p796": 0.0009615366522342084
"p797": 0.0003104766098212218
"p798": 4.5160234155814084E-05
"p799": 0
"p800": 0
"p801": 0
"p802": 0
"p803": 0
"p804": 5.645029269476761E-06
"p805": 0
"p806": 0
"p807": 0
"p808": 9.408382115794602E-06
"p809": 1.8816764231589204E-06
"p810": 0
"p811": 0
"p812": 1.5053411385271363E-05
"p813": 3.7633528463178407E-06
"p814": 0
"p815": 0
"p816": 0
"p817": 0
"p818": 0
