"p756": 0.0006435333367203508
"p757": 0.0001674692016611439
"p758": 2.2580117077907045E-05
"p759": 0
"p760": 0.0070525232339996346
"p761": 0.0020246838313189982
"p762": 0.0002615530228190899
"p763": 3.575185204001948E-05
"p764": 0.014712827952679605
"p765": 0.004465218152156118
"p766": 0.0007357354814551379
"p767": 5.080526342529086E-05
"p768": 0.0035845935861177434
"p769": 0.001552383049106109
"p770": 0.00033493840332228785
"p771": 1.6935087808430282E-05
"p772": 0.003324922239721812
"p773": 0.0012287347043227748
"p774": 0.00025402631712645424
"p775": 3.0106822770542726E-05
"p776": 0.015855005541537067
"p777": 0.007274561051932386
"p778": 0.0019230733044684166
"p779": 0.00022956452362538827
"p780": 0.018111135572904613
"p781": 0.00864630316441524
"p782": 0.0024029007923739415
"p783": 0.00038574366674757883
"p784": 0
"p785": 0
"p786": 0
"p787": 0
"p788": 0.00019193099516220984
"p789": 3.3870175616860565E-05
"p790": 0
"p791": 0
"p792": 3.387017561686057E-05
"p793": 5.645029269476761E-06
"p794": 0
"p795": 0
"p796": 0.00021827446508643474
"p797": 4.7041910578973015E-05
"p798": 5.645029269476761E-06
"p799": 0
"p800": 0.0013679787596365353
"p801": 0.0004516023415581409
"p802": 6.774035123372113E-05
"p803": 0
"p804": 0.0021319393874390568
"p805": 0.0006886935708761648
"p806": 0.0001392440553137601
"p807": 1.6935087808430282E-05
"p808": 0.015755276691109644
"p809": 0.00611733005168965
"p810": 0.0013115284669417675
"p811": 0.00013548070246744229
"p812": 0.025856115730626735
"p813": 0.010511044499765733
"p814": 0.0024706411436076626
"p815": 0.00028036978705067917
"p816": 0.0012061545872448678
"p817": 0.000398915401709691
"p818": 5.645029269476761E-05
