"p756": 0
"p757": 0
"p758": 0
"p759": 0
"p760": 0.0038348565503978803
"p761": 0.0010857272961626969
"p762": 0.00011101890896637627
"p763": 0
"p764": 0.0013284635547501978
"p765": 0.0004986442521371138
"p766": 6.962202765688005E-05
"p767": 5.645029269476761E-06
"p768": 0.010018045276898093
"p769": 0.0047230078221288906
"p770": 0.001296475055556496
"p771": 0.00019004931873905096
"p772": 0.000660468424528781
"p773": 0.00011478226181269414
"p774": 5.645029269476761E-06
"p775": 0
"p776": 0.010305941769641407
"p777": 0.003691849142237802
"p778": 0.0006661134537982577
"p779": 4.327855773265516E-05
"p780": 0.017294488005253638
"p781": 0.006642317773750989
"p782": 0.0015015777856808186
"p783": 0.00018252261304641524
"p784": 0.00019193099516220987
"p785": 4.1396881309496255E-05
"p786": 5.645029269476761E-06
"p787": 0
"p788": 9.596549758110495E-05
"p789": 1.6935087808430282E-05
"p790": 0
"p791": 0
"p792": 1.3171734962112444E-05
"p793": 1.8816764231589204E-06
"p794": 0
"p795": 0
"p796": 7.714873334951574E-05
"p797": 1.5053411385271363E-05
"p798": 0
"p799": 0
"p800": 0.010864799667319607
"p801": 0.00484531678963422
"p802": 0.0011760477644743254
"p803": 0.00013171734962112445
"p804": 3.575185204001948E-05
"p805": 1.8816764231589204E-06
"p806": 0
"p807": 0
"p808": 0.00655576065828568
"p809": 0.0023483321761023327
"p810": 0.0004290222244802338
"p811": 3.010682277054273E-05
"p812": 0.008687700045724736
"p813": 0.003087831010403788
"p814": 0.0006886935708761649
"p815": 7.714873334951573E-05
"p816": 0.009244676266979774
"p817": 0.0037482994349325688
"p818": 0.0007056286586845952
