"p756": 1.8816764231589203E-05
"p757": 0
"p758": 0
"p759": 0
"p760": 0.02783752100421307
"p761": 0.009752728901232686
"p762": 0.002081134124013766
"p763": 0.00026531637566540783
"p764": 0.005769219913405251
"p765": 0.0019343633630073702
"p766": 0.0003594001968233538
"p767": 3.951520488633733E-05
"p768": 0.000284133139896997
"p769": 3.7633528463178407E-05
"p770": 3.7633528463178407E-06
"p771": 0
"p772": 0
"p773": 0
"p774": 0
"p775": 0
"p776": 0.0008222925969204481
"p777": 0.0002201561415095937
"p778": 2.0698440654748128E-05
"p779": 0
"p780": 0.00020886608297064014
"p781": 3.575185204001949E-05
"p782": 0
"p783": 0
"p784": 0
"p785": 0
"p786": 0
"p787": 0
"p788": 0
"p789": 0
"p790": 0
"p791": 0
"p792": 7.52670569263568E-05
"p793": 1.5053411385271363E-05
"p794": 0
"p795": 0
"p796": 3.7633528463178407E-06
"p797": 0
"p798": 0
"p799": 0
"p800": 0.0009351931823099835
"p801": 0.0002220378179327526
"p802": 2.8225146347383805E-05
"p803": 0
"p804": 6.774035123372114E-05
"p805": 5.645029269476761E-06
"p806": 0
"p807": 0
"p808": 0.008714043515648962
"p809": 0.003240246800679661
"p810": 0.000634124954604556
"p811": 3.575185204001948E-05
"p812": 0.0025948317875361514
"p813": 0.0006943386001456416
"p814": 7.903040977267465E-05
"p815": 1.8816764231589204E-06
"p816": 0.00013359902604428333
"p817": 1.3171734962112444E-05
"p818": 0
