"p756": 0.0002973048748591094
"p757": 0.0001016105268505817
"p758": 2.2580117077907045E-05
"p759": 0
"p760": 0.004284577215532863
"p761": 0.0012155629693606626
"p762": 0.0001204272910821709
"p763": 5.645029269476761E-06
"p764": 0.006604684245287811
"p765": 0.0018741497174662846
"p766": 0.0002502629642801364
"p767": 5.645029269476761E-06
"p768": 0.0035224982641534988
"p769": 0.0013152918197880854
"p770": 0.0002577896699727721
"p771": 1.6935087808430282E-05
"p772": 0.0042206002171454576
"p773": 0.0014074939645228725
"p774": 0.0002540263171264543
"p775": 3.0106822770542726E-05
"p776": 0.012274175308265639
"p777": 0.004800156555478406
"p778": 0.0010650288555079488
"p779": 0.0001373623788906012
"p780": 0.019104660724332527
"p781": 0.00826432285051398
"p782": 0.002066080712628495
"p783": 0.00027096140493488457
"p784": 0
"p785": 0
"p786": 0
"p787": 0
"p788": 0.00020886608297064017
"p789": 3.3870175616860565E-05
"p790": 0
"p791": 0
"p792": 3.198849919370165E-05
"p793": 5.645029269476761E-06
"p794": 0
"p795": 0
"p796": 0.00019193099516220987
"p797": 4.1396881309496255E-05
"p798": 5.645029269476761E-06
"p799": 0
"p800": 0.001155349323819577
"p801": 0.0003800986374781018
"p802": 5.080526342529086E-05
"p803": 0
"p804": 0.001800764336963087
"p805": 0.0005776746619097886
"p806": 0.00012419064392848875
"p807": 1.6935087808430282E-05
"p808": 0.007511652281250411
"p809": 0.002792407811967838
"p810": 0.0006209532196424436
"p811": 7.52670569263568E-05
"p812": 0.016396928351406836
"p813": 0.006881290679492172
"p814": 0.0015580280783755863
"p815": 0.0001637058488148261
"p816": 0.0011515859709732592
"p817": 0.0003706902553623073
"p818": 4.516023415581409E-05
