"p756": 0.0007357354814551379
"p757": 0.0001674692016611439
"p758": 2.2580117077907045E-05
"p759": 0
"p760": 0.009628538257304198
"p761": 0.0032120216543322765
"p762": 0.0006115448375266492
"p763": 7.714873334951574E-05
"p764": 0.024126855097743677
"p765": 0.008746032014842663
"p766": 0.0018873214524283974
"p767": 0.00023332787647170614
"p768": 6.774035123372113E-05
"p769": 1.8816764231589204E-06
"p770": 0
"p771": 0
"p772": 0.000284133139896997
"p773": 3.7633528463178407E-05
"p774": 3.7633528463178407E-06
"p775": 0
"p776": 0.0003838619903244198
"p777": 6.774035123372113E-05
"p778": 0
"p779": 0
"p780": 0.0006171898667961258
"p781": 0.00019004931873905094
"p782": 2.0698440654748128E-05
"p783": 0
"p784": 0
"p785": 0
"p786": 0
"p787": 0
"p788": 0
"p789": 0
"p790": 0
"p791": 0
"p792": 5.645029269476761E-06
"p793": 0
"p794": 0
"p795": 0
"p796": 7.338538050319788E-05
"p797": 1.5053411385271363E-05
"p798": 0
"p799": 0
"p800": 0.0015109861677966127
"p801": 0.0003575185204001948
"p802": 2.2580117077907045E-05
"p803": 1.8816764231589204E-06
"p804": 0.0009351931823099835
"p805": 0.0002220378179327526
"p806": 2.8225146347383805E-05
"p807": 0
"p808": 0.005643147593053603
"p809": 0.0019306000101610519
"p810": 0.00030671325697490405
"p811": 1.6935087808430282E-05
"p812": 0.005336434336078698
"p813": 0.0020096304199337268
"p814": 0.0003989154017096911
"p815": 1.8816764231589203E-05
"p816": 0.00010725555612005845
"p817": 3.7633528463178407E-06
"p818": 0
