"p756": 0.010362392062336174
"p757": 0.0030144456299005906
"p758": 0.0004440756358655052
"p759": 2.2580117077907045E-05
"p760": 0.0004459573122886641
"p761": 0.00017875926020009743
"p762": 4.8923587002131926E-05
"p763": 1.8816764231589204E-06
"p764": 0.000758315598533045
"p765": 0.0002671980520885667
"p766": 3.0106822770542726E-05
"p767": 0
"p768": 0.009893854632969604
"p769": 0.004324092420419199
"p770": 0.0010951356782784917
"p771": 0.00015053411385271365
"p772": 0.015535120549600049
"p773": 0.007031824793344885
"p774": 0.0018628596589273312
"p775": 0.00025967134639593104
"p776": 0.00563185753451465
"p777": 0.002086779153283243
"p778": 0.0004214955187875982
"p779": 1.88167642315892E-05
"p780": 0.006806023622565814
"p781": 0.0021093592703611496
"p782": 0.00033117505047597
"p783": 1.6935087808430286E-05
"p784": 0.012590296947356337
"p785": 0.006143673521613875
"p786": 0.001733023985729366
"p787": 0.0002446179350106596
"p788": 0.01377010806467698
"p789": 0.0069603210892648475
"p790": 0.002118767652476944
"p791": 0.0004045604309791679
"p792": 0.010097075686670768
"p793": 0.004290222244802339
"p794": 0.000995406827851069
"p795": 3.951520488633732E-05
"p796": 0.01068604040711951
"p797": 0.004216836864299141
"p798": 0.0008298193026130839
"p799": 4.1396881309496255E-05
"p800": 0.005120041547415423
"p801": 0.0018666230117736487
"p802": 0.00031047660982122185
"p803": 1.1290058538953523E-05
"p804": 0.011888431641518062
"p805": 0.004572473708276177
"p806": 0.0008279376261899249
"p807": 3.010682277054273E-05
"p808": 0.0015072228149502953
"p809": 0.00041396881309496247
"p810": 3.0106822770542726E-05
"p811": 1.8816764231589204E-06
"p812": 0.0012061545872448678
"p813": 0.0003161216390906986
"p814": 3.575185204001949E-05
"p815": 1.8816764231589204E-06
"p816": 0.004258233745608637
"p817": 0.0014225473759081437
"p818": 0.00020698440654748126
