"p756": 0.0013943222295607599
"p757": 0.00032741169762965207
"p758": 2.6343469924224884E-05
"p759": 0
"p760": 0.026381103452688077
"p761": 0.008429910375751967
"p762": 0.0013209368490575627
"p763": 8.091208619583357E-05
"p764": 0.020583658392935435
"p765": 0.007236927523469208
"p766": 0.0012193263222069805
"p767": 5.456861627160868E-05
"p768": 0
"p769": 0
"p770": 0
"p771": 0
"p772": 1.3171734962112444E-05
"p773": 0
"p774": 0
"p775": 0
"p776": 7.526705692635681E-05
"p777": 1.5053411385271363E-05
"p778": 0
"p779": 0
"p780": 0.0004911175464444782
"p781": 8.467543904215141E-05
"p782": 1.8816764231589204E-06
"p783": 0
"p784": 5.2686939848449775E-05
"p785": 0
"p786": 0
"p787": 0
"p788": 0.000543804486292928
"p789": 0.00013171734962112442
"p790": 0
"p791": 0
"p792": 0.0001712325545074618
"p793": 2.2580117077907045E-05
"p794": 0
"p795": 0
"p796": 0.0006585867481056221
"p797": 0.0001637058488148261
"p798": 2.2580117077907045E-05
"p799": 0
"p800": 0.0002878964927433148
"p801": 5.4568616271608685E-05
"p802": 5.645029269476761E-06
"p803": 0
"p804": 0.0010857272961626969
"p805": 0.00021451111224011688
"p806": 7.5267056926356815E-06
"p807": 0
"p808": 0.0024913395842624106
"p809": 0.0008354643318825606
"p810": 0.0001561791431221904
"p811": 3.0106822770542733E-05
"p812": 0.008380986788749831
"p813": 0.0028394497225468105
"p814": 0.0005362777806002923
"p815": 7.526705692635681E-05
"p816": 0.0017913559548472916
"p817": 0.0004967625757139549
"p818": 7.903040977267465E-05
