"p756": 0
"p757": 0
"p758": 0
"p759": 0
"p760": 0.015008251151115547
"p761": 0.0044181762415771465
"p762": 0.0005155793399455443
"p763": 0
"p764": 0.0012155629693606624
"p765": 0.00037069025536230727
"p766": 4.327855773265517E-05
"p767": 0
"p768": 0.0009521282701184137
"p769": 0.00019757602443168658
"p770": 7.5267056926356815E-06
"p771": 0
"p772": 2.2580117077907045E-05
"p773": 0
"p774": 0
"p775": 0
"p776": 0.006435333367203508
"p777": 0.002320107029754948
"p778": 0.0004986442521371138
"p779": 7.526705692635681E-05
"p780": 0.0025553165826498136
"p781": 0.0006774035123372113
"p782": 9.972885042742277E-05
"p783": 2.0698440654748124E-05
"p784": 0.0034434678543808243
"p785": 0.0010537387969689954
"p786": 0.0001768775837769385
"p787": 7.5267056926356815E-06
"p788": 0.00039327037244021434
"p789": 7.150370408003899E-05
"p790": 5.645029269476761E-06
"p791": 0
"p792": 0.011064257368174454
"p793": 0.003774642904856794
"p794": 0.0007714873334951572
"p795": 8.655711546531033E-05
"p796": 0.007592564367446241
"p797": 0.002664453815193031
"p798": 0.0005720296326403117
"p799": 4.892358700213193E-05
"p800": 0.00015053411385271363
"p801": 3.3870175616860565E-05
"p802": 5.645029269476761E-06
"p803": 0
"p804": 0
"p805": 0
"p806": 0
"p807": 0
"p808": 0.0024631144379150265
"p809": 0.000829819302613084
"p810": 9.03204683116282E-05
"p811": 1.8816764231589204E-06
"p812": 0.0002709614049348845
"p813": 9.220214473478709E-05
"p814": 2.2580117077907045E-05
"p815": 1.8816764231589204E-06
"p816": 0.0006228348960656026
"p817": 0.00022203781793275258
"p818": 5.2686939848449775E-05
