"p756": 9.408382115794602E-06
"p757": 0
"p758": 0
"p759": 0
"p760": 0.015075991502349274
"p761": 0.0046119889131625135
"p762": 0.0006397699838740329
"p763": 3.198849919370165E-05
"p764": 0.008589852871720474
"p765": 0.0027547742835046596
"p766": 0.00045536569440445863
"p767": 2.8225146347383805E-05
"p768": 0.006160608609422307
"p769": 0.002534618141995065
"p770": 0.000568266279793994
"p771": 5.456861627160869E-05
"p772": 0.00040644210740232675
"p773": 6.585867481056221E-05
"p774": 5.645029269476761E-06
"p775": 0
"p776": 0.00634501289889188
"p777": 0.002470641143607662
"p778": 0.000541922809869769
"p779": 3.7633528463178407E-05
"p780": 0.010324758533872998
"p781": 0.003994799046366388
"p782": 0.0007526705692635681
"p783": 2.8225146347383805E-05
"p784": 4.516023415581409E-05
"p785": 5.645029269476761E-06
"p786": 0
"p787": 0
"p788": 2.8225146347383805E-05
"p789": 0
"p790": 0
"p791": 0
"p792": 1.8816764231589204E-06
"p793": 0
"p794": 0
"p795": 0
"p796": 3.7633528463178407E-06
"p797": 0
"p798": 0
"p799": 0
"p800": 0.012296755425343548
"p801": 0.004487798269234024
"p802": 0.0008806245660383747
"p803": 8.091208619583358E-05
"p804": 2.6343469924224884E-05
"p805": 1.8816764231589204E-06
"p806": 0
"p807": 0
"p808": 0.0072538626112776386
"p809": 0.0026437553745382826
"p810": 0.00054004113344661
"p811": 4.5160234155814084E-05
"p812": 0.007590682691023086
"p813": 0.002384084028142352
"p814": 0.0003650452260928306
"p815": 2.2580117077907045E-05
"p816": 0.007872934154496922
"p817": 0.0029730487485910943
"p818": 0.0006774035123372112
