"p756": 5.2686939848449775E-05
"p757": 7.5267056926356815E-06
"p758": 0
"p759": 0
"p760": 0.003072777599018517
"p761": 0.0007489072164172503
"p762": 7.33853805031979E-05
"p763": 5.645029269476761E-06
"p764": 0.00568078112151678
"p765": 0.001531684608451361
"p766": 0.0002239194943559115
"p767": 5.645029269476761E-06
"p768": 0.00013548070246744229
"p769": 9.408382115794602E-06
"p770": 0
"p771": 0
"p772": 0.0012682499092091122
"p773": 0.00032364834478333426
"p774": 2.822514634738381E-05
"p775": 1.8816764231589204E-06
"p776": 0.001038685385583724
"p777": 0.0002709614049348845
"p778": 3.0106822770542726E-05
"p779": 0
"p780": 0.0021394660931316925
"p781": 0.0007865407448804288
"p782": 0.00015429746669903146
"p783": 7.5267056926356815E-06
"p784": 0
"p785": 0
"p786": 0
"p787": 0
"p788": 0
"p789": 0
"p790": 0
"p791": 0
"p792": 2.8225146347383808E-05
"p793": 0
"p794": 0
"p795": 0
"p796": 0.0002483812878569775
"p797": 6.585867481056221E-05
"p798": 5.645029269476761E-06
"p799": 0
"p800": 0.004666557529434123
"p801": 0.0016746920166114392
"p802": 0.00030294990412858613
"p803": 1.6935087808430282E-05
"p804": 0.005889647204487422
"p805": 0.001889203128851556
"p806": 0.00035187349113071807
"p807": 4.139688130949624E-05
"p808": 0.01954685468377487
"p809": 0.007479663782056711
"p810": 0.0016577569288030091
"p811": 0.000212629435816958
"p812": 0.034504300571465134
"p813": 0.014543477074595298
"p814": 0.0035187349113071816
"p815": 0.00043090390090339285
"p816": 0.0008862695953078515
"p817": 0.00026343469924224885
"p818": 3.387017561686057E-05
