"p756": 0.0009144947416552353
"p757": 0.0002464996114338186
"p758": 2.6343469924224887E-05
"p759": 0
"p760": 0.009891972956546445
"p761": 0.0027340758428499113
"p762": 0.0003180033155138576
"p763": 5.645029269476761E-06
"p764": 0.018193929335523603
"p765": 0.005774864942674727
"p766": 0.0008806245660383747
"p767": 3.575185204001949E-05
"p768": 0.000660468424528781
"p769": 0.00015241579027587253
"p770": 1.8816764231589207E-05
"p771": 0
"p772": 0.0016935087808430287
"p773": 0.000353755167553877
"p774": 1.8816764231589207E-05
"p775": 0
"p776": 0.006708176448561552
"p777": 0.0026268202867298527
"p778": 0.0006077814846803313
"p779": 6.774035123372113E-05
"p780": 0.014014725999687644
"p781": 0.005462506656430346
"p782": 0.001335990260442833
"p783": 0.0001862859658927331
"p784": 0.002468759467184504
"p785": 0.0009126130652320763
"p786": 0.00012607232035164763
"p787": 5.645029269476761E-06
"p788": 0.004041840956945361
"p789": 0.0014601809043713221
"p790": 0.0002841331398969969
"p791": 7.5267056926356815E-06
"p792": 0.008638776458722602
"p793": 0.003545078381231406
"p794": 0.0007451438635709324
"p795": 3.7633528463178407E-05
"p796": 0.014515251928247912
"p797": 0.006224585607809709
"p798": 0.0014808793450260703
"p799": 0.00012607232035164766
"p800": 9.032046831162818E-05
"p801": 1.8816764231589203E-05
"p802": 0
"p803": 0
"p804": 0.0003405834325917646
"p805": 0.00010725555612005845
"p806": 1.6935087808430286E-05
"p807": 0
"p808": 0.0026851522558477793
"p809": 0.0008787428896152159
"p810": 0.00010725555612005845
"p811": 7.5267056926356815E-06
"p812": 0.008399803552981424
"p813": 0.002634346992422488
"p814": 0.0002935415220127916
"p815": 9.408382115794602E-06
"p816": 0.00028036978705067917
"p817": 0.0001298356731979655
"p818": 1.6935087808430286E-05
