"p756": 3.3870175616860565E-05
"p757": 0
"p758": 0
"p759": 0
"p760": 0.05801961083168217
"p761": 0.01979335429520869
"p762": 0.0036749140544293725
"p763": 0.0002690797285117257
"p764": 0.012793518001057503
"p765": 0.003746417758509411
"p766": 0.0005946097497182189
"p767": 5.268693984844977E-05
"p768": 5.833196911792654E-05
"p769": 1.1290058538953523E-05
"p770": 0
"p771": 0
"p772": 0
"p773": 0
"p774": 0
"p775": 0
"p776": 0.001277658291324907
"p777": 0.0004026787545560089
"p778": 6.774035123372114E-05
"p779": 0
"p780": 0.0002973048748591094
"p781": 6.962202765688006E-05
"p782": 1.1290058538953523E-05
"p783": 0
"p784": 1.1290058538953523E-05
"p785": 0
"p786": 0
"p787": 0
"p788": 0
"p789": 0
"p790": 0
"p791": 0
"p792": 3.575185204001949E-05
"p793": 7.5267056926356815E-06
"p794": 0
"p795": 0
"p796": 0
"p797": 0
"p798": 0
"p799": 0
"p800": 4.327855773265517E-05
"p801": 1.1290058538953523E-05
"p802": 0
"p803": 0
"p804": 0
"p805": 0
"p806": 0
"p807": 0
"p808": 0.00035940019682335385
"p809": 8.655711546531032E-05
"p810": 0
"p811": 0
"p812": 5.080526342529084E-05
"p813": 1.5053411385271361E-05
"p814": 0
"p815": 0
"p816": 4.327855773265517E-05
"p817": 5.645029269476761E-06
"p818": 0
