"p756": 0.001136532559587988
"p757": 0.0003706902553623072
"p758": 5.833196911792653E-05
"p759": 1.1290058538953523E-05
"p760": 0.021182031495499975
"p761": 0.007014889705536456
"p762": 0.0013115284669417675
"p763": 0.0001298356731979655
"p764": 0.03539433351961929
"p765": 0.012947815467756533
"p766": 0.002694560637963574
"p767": 0.0002220378179327526
"p768": 0
"p769": 0
"p770": 0
"p771": 0
"p772": 4.1396881309496255E-05
"p773": 5.645029269476761E-06
"p774": 0
"p775": 0
"p776": 8.843879188846925E-05
"p777": 1.5053411385271363E-05
"p778": 0
"p779": 0
"p780": 0.0001844042894695742
"p781": 5.6450292694767617E-05
"p782": 5.645029269476761E-06
"p783": 0
"p784": 0
"p785": 0
"p786": 0
"p787": 0
"p788": 0
"p789": 0
"p790": 0
"p791": 0
"p792": 0
"p793": 0
"p794": 0
"p795": 0
"p796": 0
"p797": 0
"p798": 0
"p799": 0
"p800": 0.00010725555612005847
"p801": 3.7633528463178407E-06
"p802": 0
"p803": 0
"p804": 0.00010161052685058171
"p805": 2.2580117077907045E-05
"p806": 0
"p807": 0
"p808": 0.001085727296162697
"p809": 0.000308594933398063
"p810": 3.387017561686057E-05
"p811": 0
"p812": 0.0009370748587331425
"p813": 0.0003029499041285862
"p814": 4.5160234155814084E-05
"p815": 0
"p816": 9.408382115794602E-06
"p817": 1.8816764231589204E-06
"p818": 0
