"p756": 0.0008091208619583356
"p757": 0.00019193099516220987
"p758": 2.2580117077907045E-05
"p759": 0
"p760": 0.009628538257304198
"p761": 0.0032120216543322765
"p762": 0.0006115448375266492
"p763": 7.714873334951574E-05
"p764": 0.017934257989127674
"p765": 0.006143673521613874
"p766": 0.0011647577059353718
"p767": 0.0001129005853895352
"p768": 0
"p769": 0
"p770": 0
"p771": 0
"p772": 7.5267056926356815E-06
"p773": 0
"p774": 0
"p775": 0
"p776": 0.0003650452260928305
"p777": 7.714873334951573E-05
"p778": 5.645029269476761E-06
"p779": 0
"p780": 0.0006171898667961258
"p781": 0.00019004931873905094
"p782": 2.0698440654748124E-05
"p783": 0
"p784": 3.763352846317839E-05
"p785": 0
"p786": 0
"p787": 0
"p788": 0.00016935087808430283
"p789": 1.8816764231589203E-05
"p790": 0
"p791": 0
"p792": 0.0004233771952107571
"p793": 0.00010537387969689955
"p794": 1.1290058538953523E-05
"p795": 0
"p796": 0.00042714054805707494
"p797": 0.00013548070246744226
"p798": 2.2580117077907045E-05
"p799": 0
"p800": 0.000188167642315892
"p801": 3.387017561686056E-05
"p802": 0
"p803": 0
"p804": 0.00016182417239166713
"p805": 2.634346992422488E-05
"p806": 0
"p807": 0
"p808": 0.004032432574829567
"p809": 0.0011177157953563986
"p810": 0.00014677076100639576
"p811": 7.5267056926356815E-06
"p812": 0.0027905261355446786
"p813": 0.0009803534164657978
"p814": 0.00017311423093062066
"p815": 7.5267056926356815E-06
"p816": 0.0008317009790362428
"p817": 0.00021074775939379904
"p818": 2.634346992422488E-05
