"p756": 0.000284133139896997
"p757": 7.714873334951573E-05
"p758": 5.645029269476761E-06
"p759": 0
"p760": 0.04890100688505404
"p761": 0.019418900687000067
"p762": 0.0043203290675728825
"p763": 0.0004572473708276178
"p764": 0.013977092471224462
"p765": 0.005328907630386062
"p766": 0.0010311586798910882
"p767": 6.962202765688005E-05
"p768": 1.1290058538953523E-05
"p769": 0
"p770": 0
"p771": 0
"p772": 0
"p773": 0
"p774": 0
"p775": 0
"p776": 0.000308594933398063
"p777": 8.27937626189925E-05
"p778": 1.1290058538953523E-05
"p779": 0
"p780": 3.9515204886337324E-05
"p781": 7.5267056926356815E-06
"p782": 0
"p783": 0
"p784": 0.0003349384033222878
"p785": 3.7633528463178407E-05
"p786": 3.7633528463178407E-06
"p787": 0
"p788": 0
"p789": 0
"p790": 0
"p791": 0
"p792": 0.0008975596538468049
"p793": 0.00023520955289486507
"p794": 2.0698440654748128E-05
"p795": 0
"p796": 0.00024085458216434183
"p797": 3.575185204001949E-05
"p798": 0
"p799": 0
"p800": 0.0001749959073537796
"p801": 2.4461793501065966E-05
"p802": 1.8816764231589204E-06
"p803": 0
"p804": 0
"p805": 0
"p806": 0
"p807": 0
"p808": 0.0029937471892458427
"p809": 0.000989761798581592
"p810": 0.00017123255450746173
"p811": 1.1290058538953523E-05
"p812": 0.0005400411334466102
"p813": 8.467543904215141E-05
"p814": 1.8816764231589204E-06
"p815": 0
"p816": 0.0008317009790362428
"p817": 0.0002107477593937991
"p818": 2.6343469924224884E-05
