"p756": 0.00013548070246744226
"p757": 5.645029269476761E-06
"p758": 0
"p759": 0
"p760": 0.05801961083168218
"p761": 0.019793354295208686
"p762": 0.0036749140544293725
"p763": 0.0002690797285117257
"p764": 0.017388571826411583
"p765": 0.006264100812696046
"p766": 0.0013849138474449655
"p767": 0.00019381267158536877
"p768": 0.00010161052685058169
"p769": 1.8816764231589204E-06
"p770": 0
"p771": 0
"p772": 0
"p773": 0
"p774": 0
"p775": 0
"p776": 0.0019324816865842107
"p777": 0.0004929992228676373
"p778": 4.516023415581409E-05
"p779": 1.8816764231589204E-06
"p780": 0.0002973048748591094
"p781": 6.962202765688006E-05
"p782": 1.1290058538953523E-05
"p783": 0
"p784": 0.000611544837526649
"p785": 0.00010537387969689955
"p786": 3.7633528463178407E-06
"p787": 0
"p788": 0
"p789": 0
"p790": 0
"p791": 0
"p792": 0.0014808793450260703
"p793": 0.0003763352846317841
"p794": 3.951520488633733E-05
"p795": 0
"p796": 0.0005325144277539745
"p797": 0.00014488908458323686
"p798": 1.1290058538953523E-05
"p799": 0
"p800": 0.001810172719078882
"p801": 0.0003989154017096911
"p802": 1.8816764231589207E-05
"p803": 0
"p804": 5.080526342529085E-05
"p805": 0
"p806": 0
"p807": 0
"p808": 0.02046887613112274
"p809": 0.007244454229161843
"p810": 0.0016220050767629891
"p811": 0.00022015614150959367
"p812": 0.007916212712229578
"p813": 0.002506392995647681
"p814": 0.000449720665134982
"p815": 3.198849919370165E-05
"p816": 0.003590238615387221
"p817": 0.0013623337303670586
"p818": 0.0002784881106275202
