"p756": 0.00013548070246744226
"p757": 5.645029269476761E-06
"p758": 0
"p759": 0
"p760": 0.04062351229957795
"p761": 0.013126574727956634
"p762": 0.0021902713565569837
"p763": 0.00011666393823585314
"p764": 0.008424265346482487
"p765": 0.0027227857843109575
"p766": 0.00038198031390126086
"p767": 2.069844065474812E-05
"p768": 1.3171734962112444E-05
"p769": 0
"p770": 0
"p771": 0
"p772": 0
"p773": 0
"p774": 0
"p775": 0
"p776": 0.0004986442521371139
"p777": 8.467543904215141E-05
"p778": 1.8816764231589204E-06
"p779": 0
"p780": 6.585867481056221E-05
"p781": 1.3171734962112442E-05
"p782": 0
"p783": 0
"p784": 0.00037445360820862513
"p785": 8.091208619583358E-05
"p786": 0
"p787": 0
"p788": 0
"p789": 0
"p790": 0
"p791": 0
"p792": 0.0008523994196909908
"p793": 0.00021451111224011696
"p794": 2.2580117077907045E-05
"p795": 0
"p796": 0.00019945770085484557
"p797": 2.2580117077907045E-05
"p798": 0
"p799": 0
"p800": 0.0010631471790847901
"p801": 0.00021451111224011688
"p802": 7.5267056926356815E-06
"p803": 0
"p804": 2.2580117077907045E-05
"p805": 0
"p806": 0
"p807": 0
"p808": 0.007889869242305355
"p809": 0.002694560637963574
"p810": 0.0005362777806002923
"p811": 7.714873334951573E-05
"p812": 0.0027491292542351823
"p813": 0.000730090452185661
"p814": 0.00010537387969689954
"p815": 2.258011707790705E-05
"p816": 0.003456639589342937
"p817": 0.001059383826238472
"p818": 0.0001768775837769385
