"p756": 0.0004798274879055247
"p757": 0.00014112573173691902
"p758": 2.2580117077907045E-05
"p759": 0
"p760": 0.004284577215532862
"p761": 0.0012155629693606626
"p762": 0.0001204272910821709
"p763": 5.645029269476761E-06
"p764": 0.01047717432414887
"p765": 0.003044552452671133
"p766": 0.0004440756358655052
"p767": 2.2580117077907045E-05
"p768": 0.0015655547840682218
"p769": 0.0004911175464444782
"p770": 7.338538050319788E-05
"p771": 0
"p772": 0.0022053247679422548
"p773": 0.0006416516602971917
"p774": 8.655711546531033E-05
"p775": 1.1290058538953523E-05
"p776": 0.01373435621263696
"p777": 0.005684544474363098
"p778": 0.001322818525480721
"p779": 0.0001637058488148261
"p780": 0.01910466072433252
"p781": 0.00826432285051398
"p782": 0.0020660807126284945
"p783": 0.00027096140493488457
"p784": 0.004051249339061156
"p785": 0.0017574857792304315
"p786": 0.00038009863747810193
"p787": 1.6935087808430282E-05
"p788": 0.0037915779926652243
"p789": 0.0014488908458323688
"p790": 0.0003180033155138575
"p791": 4.139688130949624E-05
"p792": 0.01919874454549047
"p793": 0.008757322073381618
"p794": 0.0022805918248686116
"p795": 0.0002690797285117256
"p796": 0.020337158781501618
"p797": 0.009856221104506426
"p798": 0.002777354400582567
"p799": 0.00044783898871182307
"p800": 0.0002295645236253883
"p801": 6.585867481056221E-05
"p802": 5.645029269476761E-06
"p803": 0
"p804": 0.00044031228301918735
"p805": 0.00017123255450746173
"p806": 4.139688130949625E-05
"p807": 5.645029269476761E-06
"p808": 0.006329959487506608
"p809": 0.0021582828573632816
"p810": 0.00031988499193701646
"p811": 1.1290058538953523E-05
"p812": 0.012483041391236281
"p813": 0.0047041910578973015
"p814": 0.0008279376261899249
"p815": 3.010682277054273E-05
"p816": 0.00039891540170969113
"p817": 0.0001392440553137601
"p818": 1.1290058538953523E-05
