"p756": 0.04038077604099043
"p757": 0.014385416255049948
"p758": 0.002715259078618322
"p759": 0.00018816764231589203
"p760": 0.00678344350548791
"p761": 0.0020641990362053357
"p762": 0.00026343469924224885
"p763": 1.3171734962112442E-05
"p764": 0.0067081764485615505
"p765": 0.0022166148264812077
"p766": 0.0002671980520885667
"p767": 1.3171734962112442E-05
"p768": 0.000686811894453006
"p769": 0.0002145111122401169
"p770": 3.387017561686057E-05
"p771": 0
"p772": 0.0006284799253350793
"p773": 0.00023709122931802397
"p774": 4.5160234155814084E-05
"p775": 0
"p776": 0.0004459573122886641
"p777": 0.00012607232035164766
"p778": 0
"p779": 0
"p780": 0.00035563684397703593
"p781": 6.585867481056221E-05
"p782": 0
"p783": 0
"p784": 3.7633528463178407E-06
"p785": 0
"p786": 0
"p787": 0
"p788": 3.7633528463178407E-05
"p789": 7.5267056926356815E-06
"p790": 0
"p791": 0
"p792": 0
"p793": 0
"p794": 0
"p795": 0
"p796": 9.408382115794602E-06
"p797": 5.645029269476761E-06
"p798": 0
"p799": 0
"p800": 0.0001637058488148261
"p801": 4.139688130949624E-05
"p802": 0
"p803": 0
"p804": 0.0002051027301243223
"p805": 5.268693984844976E-05
"p806": 0
"p807": 0
"p808": 6.39769983874033E-05
"p809": 9.408382115794602E-06
"p810": 0
"p811": 0
"p812": 2.2580117077907045E-05
"p813": 5.645029269476761E-06
"p814": 0
"p815": 0
"p816": 0.00023520955289486501
"p817": 3.951520488633733E-05
"p818": 1.8816764231589204E-06
