"p756": 0.027470594101697082
"p757": 0.010584429880268928
"p758": 0.002284355177714929
"p759": 0.0001956943480085277
"p760": 0.011062375691751291
"p761": 0.0035488417340777236
"p762": 0.0004553656944044587
"p763": 1.693508780843028E-05
"p764": 0.007974544681347505
"p765": 0.002528973112725589
"p766": 0.00032176666836017544
"p767": 1.88167642315892E-05
"p768": 4.5160234155814084E-05
"p769": 3.7633528463178407E-06
"p770": 0
"p771": 0
"p772": 0.00020510273012432236
"p773": 3.575185204001949E-05
"p774": 0
"p775": 0
"p776": 1.8816764231589204E-06
"p777": 0
"p778": 0
"p779": 0
"p780": 1.1290058538953523E-05
"p781": 0
"p782": 0
"p783": 0
"p784": 0.0001204272910821709
"p785": 2.258011707790705E-05
"p786": 0
"p787": 0
"p788": 0.00015053411385271363
"p789": 6.021364554108545E-05
"p790": 1.1290058538953523E-05
"p791": 0
"p792": 1.5053411385271363E-05
"p793": 3.7633528463178407E-06
"p794": 0
"p795": 0
"p796": 0.00010349220327374062
"p797": 3.387017561686057E-05
"p798": 0
"p799": 0
"p800": 0.0006341249546045562
"p801": 0.0001279539967748066
"p802": 1.1290058538953523E-05
"p803": 0
"p804": 0.0006792851887603702
"p805": 0.000165587525237985
"p806": 2.2580117077907045E-05
"p807": 0
"p808": 0.0001825226130464153
"p809": 1.6935087808430282E-05
"p810": 0
"p811": 0
"p812": 5.2686939848449775E-05
"p813": 7.5267056926356815E-06
"p814": 0
"p815": 0
"p816": 0.0011534676473964182
"p817": 0.0003725719317854662
"p818": 6.39769983874033E-05
