"p756": 5.645029269476761E-06
"p757": 0
"p758": 0
"p759": 0
"p760": 0.005801208412598951
"p761": 0.0016652836344956447
"p762": 0.00023709122931802394
"p763": 3.76335284631784E-06
"p764": 0.004102054602486446
"p765": 0.0011704027352048485
"p766": 0.0001505341138527136
"p767": 5.645029269476761E-06
"p768": 0.0005889647204487421
"p769": 0.00015806081954534932
"p770": 2.2580117077907045E-05
"p771": 0
"p772": 0
"p773": 0
"p774": 0
"p775": 0
"p776": 0.0005343961041771334
"p777": 9.22021447347871E-05
"p778": 1.1290058538953523E-05
"p779": 0
"p780": 0.00022203781793275258
"p781": 2.8225146347383805E-05
"p782": 0
"p783": 0
"p784": 0.0008392276847288784
"p785": 0.0003255300212064932
"p786": 5.833196911792653E-05
"p787": 1.1290058538953523E-05
"p788": 3.7633528463178407E-06
"p789": 0
"p790": 0
"p791": 0
"p792": 0.001296475055556496
"p793": 0.0003180033155138575
"p794": 4.704191057897301E-05
"p795": 1.1290058538953523E-05
"p796": 0.0006774035123372114
"p797": 0.0001693508780843028
"p798": 1.1290058538953523E-05
"p799": 0
"p800": 0.0001091372325432174
"p801": 9.408382115794602E-06
"p802": 0
"p803": 0
"p804": 0
"p805": 0
"p806": 0
"p807": 0
"p808": 6.774035123372113E-05
"p809": 7.5267056926356815E-06
"p810": 0
"p811": 0
"p812": 1.6935087808430282E-05
"p813": 0
"p814": 0
"p815": 0
"p816": 0.00039891540170969113
"p817": 0.00013359902604428335
"p818": 1.5053411385271363E-05
