"p756": 0.05163884608075027
"p757": 0.02206265606153835
"p758": 0.005673254415824146
"p759": 0.0007921857741499058
"p760": 0.019712442209012852
"p761": 0.007468373723517756
"p762": 0.0013378719368659928
"p763": 4.327855773265516E-05
"p764": 0.014951800858420782
"p765": 0.005620567475975695
"p766": 0.0009295481530405068
"p767": 4.8923587002131926E-05
"p768": 7.5267056926356815E-06
"p769": 1.8816764231589204E-06
"p770": 0
"p771": 0
"p772": 3.951520488633733E-05
"p773": 7.5267056926356815E-06
"p774": 0
"p775": 0
"p776": 0
"p777": 0
"p778": 0
"p779": 0
"p780": 5.645029269476761E-06
"p781": 0
"p782": 0
"p783": 0
"p784": 8.655711546531033E-05
"p785": 1.5053411385271363E-05
"p786": 0
"p787": 0
"p788": 0.00018816764231589203
"p789": 5.6450292694767617E-05
"p790": 5.645029269476761E-06
"p791": 0
"p792": 7.5267056926356815E-06
"p793": 5.645029269476761E-06
"p794": 0
"p795": 0
"p796": 7.150370408003898E-05
"p797": 2.8225146347383805E-05
"p798": 0
"p799": 0
"p800": 0.00016182417239166713
"p801": 2.8225146347383808E-05
"p802": 0
"p803": 0
"p804": 0.0002295645236253883
"p805": 4.516023415581409E-05
"p806": 0
"p807": 0
"p808": 2.8225146347383808E-05
"p809": 1.8816764231589204E-06
"p810": 0
"p811": 0
"p812": 1.3171734962112442E-05
"p813": 1.8816764231589204E-06
"p814": 0
"p815": 0
"p816": 0.0008862695953078514
"p817": 0.00026343469924224885
"p818": 3.387017561686057E-05
