"p756": 0.03237047950760291
"p757": 0.012227133397686666
"p758": 0.0025459082005340194
"p759": 0.00020510273012432228
"p760": 0.01452277863394055
"p761": 0.004892358700213194
"p762": 0.00048547251717500137
"p763": 1.693508780843028E-05
"p764": 0.008996294979122799
"p765": 0.003069014246172199
"p766": 0.0003217666683601754
"p767": 1.88167642315892E-05
"p768": 0.0003725719317854662
"p769": 9.972885042742277E-05
"p770": 1.3171734962112442E-05
"p771": 0
"p772": 0.0017687758377693849
"p773": 0.00046853742936657115
"p774": 4.327855773265517E-05
"p775": 1.8816764231589204E-06
"p776": 5.645029269476761E-05
"p777": 2.2580117077907045E-05
"p778": 5.645029269476761E-06
"p779": 0
"p780": 0.00035563684397703593
"p781": 0.00010349220327374063
"p782": 5.645029269476761E-06
"p783": 0
"p784": 0.0004854725171750015
"p785": 0.00012607232035164766
"p786": 1.3171734962112442E-05
"p787": 0
"p788": 0.001398085582407078
"p789": 0.00036692690251598946
"p790": 3.7633528463178407E-05
"p791": 0
"p792": 9.220214473478711E-05
"p793": 2.2580117077907045E-05
"p794": 0
"p795": 0
"p796": 0.00042525887163391606
"p797": 0.00015241579027587256
"p798": 2.2580117077907045E-05
"p799": 0
"p800": 0.007156015437273374
"p801": 0.0026475187273846006
"p802": 0.000566384603370835
"p803": 6.774035123372113E-05
"p804": 0.017354701650794724
"p805": 0.0062753908712349996
"p806": 0.0013943222295607599
"p807": 0.00018816764231589203
"p808": 0.0021357027402853744
"p809": 0.0007112736879540719
"p810": 0.00015053411385271363
"p811": 1.8816764231589204E-06
"p812": 0.005182136869379667
"p813": 0.001366097083213376
"p814": 0.00019004931873905096
"p815": 5.645029269476761E-06
"p816": 0.007568102573945178
"p817": 0.0030765409518648352
"p818": 0.0006303616017582384
