"p756": 3.7633528463178407E-06
"p757": 0
"p758": 0
"p759": 0
"p760": 0.011897840023633855
"p761": 0.0037163109357388675
"p762": 0.0005833196911792652
"p763": 3.951520488633733E-05
"p764": 0.006646081126597306
"p765": 0.0021357027402853744
"p766": 0.0003368200797454467
"p767": 2.2580117077907045E-05
"p768": 0.0009333115058868244
"p769": 0.00026907972851172564
"p770": 2.6343469924224884E-05
"p771": 0
"p772": 0.00024273625858750077
"p773": 1.6935087808430282E-05
"p774": 0
"p775": 0
"p776": 0.00047418245863604794
"p777": 0.00014112573173691902
"p778": 1.3171734962112442E-05
"p779": 0
"p780": 0.0007507888928404093
"p781": 0.00024085458216434183
"p782": 3.3870175616860565E-05
"p783": 0
"p784": 6.774035123372113E-05
"p785": 5.645029269476761E-06
"p786": 0
"p787": 0
"p788": 0
"p789": 0
"p790": 0
"p791": 0
"p792": 0
"p793": 0
"p794": 0
"p795": 0
"p796": 0
"p797": 0
"p798": 0
"p799": 0
"p800": 0.017601201262228545
"p801": 0.006448505102165621
"p802": 0.001366097083213376
"p803": 0.0001298356731979655
"p804": 0.0004327855773265517
"p805": 6.774035123372114E-05
"p806": 5.645029269476761E-06
"p807": 0
"p808": 0.013011792466143934
"p809": 0.004719244469282572
"p810": 0.0009991701806973867
"p811": 7.526705692635681E-05
"p812": 0.017326476504447342
"p813": 0.0059743226435295714
"p814": 0.001061265502661631
"p815": 4.892358700213193E-05
"p816": 0.006807905298988974
"p817": 0.002547789876957178
"p818": 0.0006058998082571724
