"p756": 0
"p757": 0
"p758": 0
"p759": 0
"p760": 0.010432014089993056
"p761": 0.003279762005565998
"p762": 0.0006134265139498081
"p763": 4.892358700213193E-05
"p764": 0.001701035486535664
"p765": 0.00043654893017286954
"p766": 6.585867481056221E-05
"p767": 2.0698440654748124E-05
"p768": 0.0001580608195453493
"p769": 1.8816764231589203E-05
"p770": 0
"p771": 0
"p772": 0
"p773": 0
"p774": 0
"p775": 0
"p776": 0.0006096631611034902
"p777": 0.00015429746669903143
"p778": 2.2580117077907045E-05
"p779": 0
"p780": 0.0001505341138527136
"p781": 6.0213645541085445E-05
"p782": 1.1290058538953523E-05
"p783": 0
"p784": 0
"p785": 0
"p786": 0
"p787": 0
"p788": 0
"p789": 0
"p790": 0
"p791": 0
"p792": 0.00010913723254321736
"p793": 1.5053411385271363E-05
"p794": 0
"p795": 0
"p796": 3.7633528463178407E-06
"p797": 0
"p798": 0
"p799": 0
"p800": 0.0004214955187875981
"p801": 4.139688130949624E-05
"p802": 0
"p803": 0
"p804": 3.3870175616860565E-05
"p805": 0
"p806": 0
"p807": 0
"p808": 0.00888715774657958
"p809": 0.00283944972254681
"p810": 0.0005569762212550404
"p811": 8.279376261899248E-05
"p812": 0.0019362450394305292
"p813": 0.0005042892814065906
"p814": 3.7633528463178407E-05
"p815": 0
"p816": 9.784717400426384E-05
"p817": 2.258011707790704E-05
"p818": 0
