"p756": 0
"p757": 0
"p758": 0
"p759": 0
"p760": 0.019580724859391725
"p761": 0.006090986581765425
"p762": 0.0009596549758110494
"p763": 3.575185204001949E-05
"p764": 0.0025873050818435153
"p765": 0.0007658423042256805
"p766": 7.903040977267465E-05
"p767": 0
"p768": 0.00030106822770542725
"p769": 6.39769983874033E-05
"p770": 0
"p771": 0
"p772": 0
"p773": 0
"p774": 0
"p775": 0
"p776": 0.0007959491269962232
"p777": 0.00019757602443168666
"p778": 2.2580117077907045E-05
"p779": 0
"p780": 0.00018252261304641527
"p781": 2.2580117077907045E-05
"p782": 0
"p783": 0
"p784": 0
"p785": 0
"p786": 0
"p787": 0
"p788": 0
"p789": 0
"p790": 0
"p791": 0
"p792": 5.645029269476761E-06
"p793": 0
"p794": 0
"p795": 0
"p796": 0
"p797": 0
"p798": 0
"p799": 0
"p800": 0.00407759280898538
"p801": 0.00118545614659012
"p802": 0.0001844042894695742
"p803": 7.5267056926356815E-06
"p804": 0.00040456043097916787
"p805": 7.150370408003899E-05
"p806": 5.645029269476761E-06
"p807": 0
"p808": 0.015134323471467195
"p809": 0.0049600990514469135
"p810": 0.0009634183286573671
"p811": 0.00010349220327374062
"p812": 0.008561627725373087
"p813": 0.002856384810355241
"p814": 0.0005833196911792653
"p815": 4.892358700213193E-05
"p816": 0.00040832378382548573
"p817": 6.962202765688003E-05
"p818": 0
