"p756": 0.015420338287787352
"p757": 0.0050842896953754045
"p758": 0.0008392276847288784
"p759": 3.575185204001949E-05
"p760": 0.0010932540018553328
"p761": 0.00033305672689912887
"p762": 5.833196911792653E-05
"p763": 3.76335284631784E-06
"p764": 0.0014263107287544616
"p765": 0.0004233771952107571
"p766": 3.7633528463178407E-05
"p767": 0
"p768": 0.000566384603370835
"p769": 0.0001204272910821709
"p770": 1.1290058538953523E-05
"p771": 0
"p772": 0.0005889647204487421
"p773": 0.00015806081954534932
"p774": 2.2580117077907045E-05
"p775": 0
"p776": 0.00017875926020009743
"p777": 1.6935087808430282E-05
"p778": 0
"p779": 0
"p780": 6.021364554108545E-05
"p781": 7.5267056926356815E-06
"p782": 0
"p783": 0
"p784": 0.0010800822668932204
"p785": 0.00035563684397703593
"p786": 6.39769983874033E-05
"p787": 1.1290058538953523E-05
"p788": 0.0008317009790362428
"p789": 0.0003255300212064932
"p790": 5.833196911792653E-05
"p791": 1.1290058538953523E-05
"p792": 0.0006698768066445756
"p793": 0.00014677076100639576
"p794": 5.645029269476761E-06
"p795": 0
"p796": 0.0003142399626675397
"p797": 6.021364554108545E-05
"p798": 0
"p799": 0
"p800": 8.091208619583357E-05
"p801": 7.5267056926356815E-06
"p802": 0
"p803": 0
"p804": 0.0001091372325432174
"p805": 9.408382115794602E-06
"p806": 0
"p807": 0
"p808": 3.7633528463178407E-06
"p809": 0
"p810": 0
"p811": 0
"p812": 0
"p813": 0
"p814": 0
"p815": 0
"p816": 0.000308594933398063
"p817": 6.774035123372113E-05
"p818": 3.7633528463178407E-06
