"p756": 0.00010913723254321737
"p757": 1.5053411385271363E-05
"p758": 0
"p759": 0
"p760": 0.011700263999202173
"p761": 0.003906360254477918
"p762": 0.0007583155985330449
"p763": 7.903040977267465E-05
"p764": 0.009491175878413598
"p765": 0.0029542319843595044
"p766": 0.0004779458114823658
"p767": 3.7633528463178407E-05
"p768": 0.0022410766199822746
"p769": 0.0009032046831162818
"p770": 0.00019004931873905094
"p771": 1.3171734962112444E-05
"p772": 4.5160234155814084E-05
"p773": 5.645029269476761E-06
"p774": 0
"p775": 0
"p776": 0.003883780137400012
"p777": 0.0012908300262870192
"p778": 0.0001768775837769385
"p779": 1.5053411385271365E-05
"p780": 0.002246721649251751
"p781": 0.0005400411334466101
"p782": 4.7041910578973015E-05
"p783": 1.8816764231589204E-06
"p784": 7.714873334951573E-05
"p785": 1.5053411385271363E-05
"p786": 0
"p787": 0
"p788": 2.2580117077907045E-05
"p789": 0
"p790": 0
"p791": 0
"p792": 5.645029269476761E-06
"p793": 0
"p794": 0
"p795": 0
"p796": 2.8225146347383805E-05
"p797": 5.645029269476761E-06
"p798": 0
"p799": 0
"p800": 0.0014281924051776206
"p801": 0.000658586748105622
"p802": 0.0001693508780843028
"p803": 3.7633528463178407E-06
"p804": 1.8816764231589204E-06
"p805": 0
"p806": 0
"p807": 0
"p808": 0.0016332951353019431
"p809": 0.0007169187172235485
"p810": 0.00010537387969689954
"p811": 3.7633528463178407E-06
"p812": 0.00074890721641725
"p813": 0.0002464996114338186
"p814": 2.82251463473838E-05
"p815": 0
"p816": 0.0031442813030985563
"p817": 0.0011497042945501005
"p818": 0.0001561791431221904
