"p756": 0.003044552452671133
"p757": 0.0010518571205458368
"p758": 0.00017875926020009743
"p759": 7.5267056926356815E-06
"p760": 0.022188728381889997
"p761": 0.008817535718922704
"p762": 0.0017443140442683198
"p763": 0.00014112573173691905
"p764": 0.03920472827651612
"p765": 0.016007421331812936
"p766": 0.0036259904674272405
"p767": 0.00038574366674757867
"p768": 0
"p769": 0
"p770": 0
"p771": 0
"p772": 1.1290058538953523E-05
"p773": 0
"p774": 0
"p775": 0
"p776": 7.903040977267466E-05
"p777": 1.5053411385271363E-05
"p778": 1.8816764231589204E-06
"p779": 0
"p780": 0.0002897781691664737
"p781": 8.27937626189925E-05
"p782": 1.1290058538953523E-05
"p783": 0
"p784": 9.596549758110493E-05
"p785": 1.8816764231589204E-06
"p786": 0
"p787": 0
"p788": 0.0003349384033222878
"p789": 3.7633528463178407E-05
"p790": 3.7633528463178407E-06
"p791": 0
"p792": 0.0003895070195938966
"p793": 6.774035123372113E-05
"p794": 0
"p795": 0
"p796": 0.0006905752472993238
"p797": 0.0002051027301243223
"p798": 2.0698440654748128E-05
"p799": 0
"p800": 0.00018440428946957417
"p801": 2.6343469924224887E-05
"p802": 1.8816764231589204E-06
"p803": 0
"p804": 0.0001749959073537796
"p805": 2.4461793501065966E-05
"p806": 1.8816764231589204E-06
"p807": 0
"p808": 0.0018101727190788814
"p809": 0.0004986442521371138
"p810": 8.46754390421514E-05
"p811": 5.645029269476761E-06
"p812": 0.0018346345125799472
"p813": 0.0006284799253350793
"p814": 0.00010161052685058169
"p815": 5.645029269476761E-06
"p816": 0.0014338374344470973
"p817": 0.0003462284618612413
"p818": 2.0698440654748124E-05
