"p756": 6.021364554108545E-05
"p757": 1.1290058538953523E-05
"p758": 0
"p759": 0
"p760": 0.01332226907596516
"p761": 0.0038555549910526277
"p762": 0.0005776746619097886
"p763": 2.0698440654748124E-05
"p764": 0.0099032630150854
"p765": 0.0028206329583152214
"p766": 0.0003518734911307181
"p767": 1.88167642315892E-05
"p768": 0.0002220378179327526
"p769": 4.327855773265517E-05
"p770": 0
"p771": 0
"p772": 0
"p773": 0
"p774": 0
"p775": 0
"p776": 0.0001110189089663763
"p777": 1.6935087808430286E-05
"p778": 0
"p779": 0
"p780": 7.150370408003898E-05
"p781": 1.3171734962112442E-05
"p782": 0
"p783": 0
"p784": 0.0008618078018067857
"p785": 0.0002954231984359505
"p786": 4.5160234155814084E-05
"p787": 0
"p788": 5.645029269476761E-06
"p789": 0
"p790": 0
"p791": 0
"p792": 0.0009822350928889564
"p793": 0.0002784881106275202
"p794": 2.258011707790705E-05
"p795": 0
"p796": 0.0006096631611034902
"p797": 0.00014677076100639576
"p798": 1.1290058538953523E-05
"p799": 0
"p800": 1.5053411385271363E-05
"p801": 3.7633528463178407E-06
"p802": 0
"p803": 0
"p804": 0
"p805": 0
"p806": 0
"p807": 0
"p808": 9.408382115794602E-06
"p809": 1.8816764231589204E-06
"p810": 0
"p811": 0
"p812": 0
"p813": 0
"p814": 0
"p815": 0
"p816": 0.00028036978705067917
"p817": 6.39769983874033E-05
"p818": 7.5267056926356815E-06
