"p756": 0.00036880857893914845
"p757": 6.585867481056221E-05
"p758": 5.645029269476761E-06
"p759": 0
"p760": 0.04650186944552641
"p761": 0.018685046881968086
"p762": 0.0042826955391097035
"p763": 0.00044972066513498195
"p764": 0.03019714323885436
"p765": 0.011299466921069319
"p766": 0.0021714545923253938
"p767": 0.00018064093662325636
"p768": 3.7633528463178407E-05
"p769": 7.5267056926356815E-06
"p770": 0
"p771": 0
"p772": 0
"p773": 0
"p774": 0
"p775": 0
"p776": 7.5267056926356815E-06
"p777": 0
"p778": 0
"p779": 0
"p780": 7.5267056926356815E-06
"p781": 1.8816764231589204E-06
"p782": 0
"p783": 0
"p784": 0.00017123255450746176
"p785": 5.268693984844977E-05
"p786": 5.645029269476761E-06
"p787": 0
"p788": 5.645029269476761E-06
"p789": 0
"p790": 0
"p791": 0
"p792": 7.903040977267465E-05
"p793": 2.0698440654748124E-05
"p794": 0
"p795": 0
"p796": 8.655711546531032E-05
"p797": 3.198849919370165E-05
"p798": 0
"p799": 0
"p800": 0.0002295645236253883
"p801": 4.516023415581409E-05
"p802": 0
"p803": 0
"p804": 0
"p805": 0
"p806": 0
"p807": 0
"p808": 0.0001204272910821709
"p809": 1.8816764231589207E-05
"p810": 0
"p811": 0
"p812": 6.585867481056221E-05
"p813": 1.3171734962112442E-05
"p814": 0
"p815": 0
"p816": 0.0009333115058868244
"p817": 0.00030106822770542725
"p818": 4.5160234155814084E-05
