"p756": 0
"p757": 0
"p758": 0
"p759": 0
"p760": 0.012575243535971066
"p761": 0.0036278721438503993
"p762": 0.00047794581148236575
"p763": 2.2580117077907045E-05
"p764": 0.0019569434800852767
"p765": 0.0006096631611034901
"p766": 8.655711546531033E-05
"p767": 5.645029269476761E-06
"p768": 0.0021714545923253938
"p769": 0.0006416516602971917
"p770": 8.655711546531033E-05
"p771": 1.1290058538953523E-05
"p772": 6.774035123372114E-05
"p773": 0
"p774": 0
"p775": 0
"p776": 0.02392739739688883
"p777": 0.010298415063948772
"p778": 0.0026230569338835355
"p779": 0.000355636843977036
"p780": 0.009346286793830356
"p781": 0.0032233117128712303
"p782": 0.0006265982489119204
"p783": 6.209532196424438E-05
"p784": 0.003558250116193518
"p785": 0.001418784023061826
"p786": 0.00032364834478333426
"p787": 4.139688130949624E-05
"p788": 0.0004911175464444781
"p789": 0.00011478226181269414
"p790": 5.645029269476761E-06
"p791": 0
"p792": 0.028706855511712495
"p793": 0.01372118447767485
"p794": 0.0038950701959389665
"p795": 0.0006247165724887619
"p796": 0.012838678235213317
"p797": 0.005289392425499724
"p798": 0.001198627881552232
"p799": 9.22021447347871E-05
"p800": 0.00044031228301918735
"p801": 0.00017123255450746173
"p802": 4.139688130949625E-05
"p803": 5.645029269476761E-06
"p804": 0
"p805": 0
"p806": 0
"p807": 0
"p808": 0.015028949591770297
"p809": 0.005680781121516783
"p810": 0.0010631471790847904
"p811": 3.951520488633733E-05
"p812": 0.0032854070348354745
"p813": 0.0009558916229647315
"p814": 6.962202765688006E-05
"p815": 1.8816764231589204E-06
"p816": 0.0013623337303670586
"p817": 0.0004873541935981603
"p818": 9.596549758110495E-05
