"p756": 0.0006943386001456416
"p757": 8.279376261899251E-05
"p758": 0
"p759": 0
"p760": 0.00889468445227222
"p761": 0.0025797783761508804
"p762": 0.000355636843977036
"p763": 2.2580117077907045E-05
"p764": 0.00943284390929567
"p765": 0.0028507397810857643
"p766": 0.0003819803139012608
"p767": 1.6935087808430286E-05
"p768": 1.6935087808430282E-05
"p769": 0
"p770": 0
"p771": 0
"p772": 0.00022956452362538827
"p773": 5.6450292694767617E-05
"p774": 0
"p775": 0
"p776": 0.0004064421074023268
"p777": 0.00010349220327374063
"p778": 9.408382115794602E-06
"p779": 0
"p780": 0.0016144783710703536
"p781": 0.000568266279793994
"p782": 8.843879188846925E-05
"p783": 5.645029269476761E-06
"p784": 0.00015241579027587256
"p785": 9.408382115794602E-06
"p786": 0
"p787": 0
"p788": 0.0013359902604428333
"p789": 0.00032364834478333426
"p790": 2.822514634738381E-05
"p791": 1.8816764231589204E-06
"p792": 0.0010669105319311078
"p793": 0.0002709614049348845
"p794": 3.0106822770542726E-05
"p795": 0
"p796": 0.002357740558218127
"p797": 0.0008467543904215143
"p798": 0.00015994249596850823
"p799": 7.5267056926356815E-06
"p800": 0.0013491619954049457
"p801": 0.00040832378382548573
"p802": 5.080526342529085E-05
"p803": 0
"p804": 0.0020265655077421575
"p805": 0.0005701479562171529
"p806": 8.655711546531033E-05
"p807": 1.1290058538953523E-05
"p808": 0.008542810961141501
"p809": 0.0031762698022922576
"p810": 0.0006529417188361454
"p811": 7.150370408003898E-05
"p812": 0.01758991120368959
"p813": 0.007287732786894501
"p814": 0.001514749520642931
"p815": 0.00013924405531376012
"p816": 0.00423565362853073
"p817": 0.0015693181369145395
"p818": 0.00029165984558963265
