"p756": 0.0019418900687000057
"p757": 0.0005042892814065907
"p758": 3.7633528463178407E-05
"p759": 0
"p760": 0.027837521004213064
"p761": 0.009752728901232683
"p762": 0.002081134124013766
"p763": 0.0002653163756654078
"p764": 0.03210139977909119
"p765": 0.01204649246106341
"p766": 0.0024292442622981664
"p767": 0.0002032210537011634
"p768": 0
"p769": 0
"p770": 0
"p771": 0
"p772": 0
"p773": 0
"p774": 0
"p775": 0
"p776": 4.7041910578973E-05
"p777": 3.7633528463178407E-06
"p778": 0
"p779": 0
"p780": 0.00020886608297064017
"p781": 3.575185204001949E-05
"p782": 0
"p783": 0
"p784": 1.1290058538953523E-05
"p785": 0
"p786": 0
"p787": 0
"p788": 7.33853805031979E-05
"p789": 1.1290058538953523E-05
"p790": 0
"p791": 0
"p792": 0.00013171734962112442
"p793": 2.258011707790705E-05
"p794": 0
"p795": 0
"p796": 0.00015053411385271363
"p797": 6.021364554108545E-05
"p798": 1.1290058538953523E-05
"p799": 0
"p800": 2.0698440654748124E-05
"p801": 1.8816764231589204E-06
"p802": 0
"p803": 0
"p804": 1.8816764231589203E-05
"p805": 0
"p806": 0
"p807": 0
"p808": 0.0007507888928404093
"p809": 0.0001373623788906012
"p810": 1.1290058538953523E-05
"p811": 0
"p812": 0.0006999836294151184
"p813": 0.00016746920166114393
"p814": 2.2580117077907045E-05
"p815": 0
"p816": 0.00013359902604428333
"p817": 1.317173496211244E-05
"p818": 0
