"p756": 0.008589852871720472
"p757": 0.002540263171264542
"p758": 0.0003669269025159895
"p759": 1.6935087808430286E-05
"p760": 0.002500747966378205
"p761": 0.0006905752472993237
"p762": 5.0805263425290837E-05
"p763": 0
"p764": 0.0013886772002912832
"p765": 0.0004628924000970944
"p766": 2.0698440654748124E-05
"p767": 0
"p768": 0.0003876253431707376
"p769": 0.00010349220327374063
"p770": 9.408382115794602E-06
"p771": 0
"p772": 0.0016031883125314
"p773": 0.000568266279793994
"p774": 8.843879188846925E-05
"p775": 5.645029269476761E-06
"p776": 5.833196911792653E-05
"p777": 1.1290058538953523E-05
"p778": 0
"p779": 0
"p780": 0.0003706902553623073
"p781": 0.0001016105268505817
"p782": 1.6935087808430286E-05
"p783": 0
"p784": 0.0009972885042742279
"p785": 0.000259671346395931
"p786": 3.0106822770542726E-05
"p787": 0
"p788": 0.0025816600525740393
"p789": 0.0008825062424615336
"p790": 0.00015994249596850823
"p791": 7.5267056926356815E-06
"p792": 0.00020698440654748124
"p793": 5.080526342529085E-05
"p794": 1.1290058538953523E-05
"p795": 0
"p796": 0.001317173496211244
"p797": 0.0004779458114823658
"p798": 8.843879188846926E-05
"p799": 1.3171734962112444E-05
"p800": 0.00691892420795535
"p801": 0.0027566559599278184
"p802": 0.0006115448375266492
"p803": 6.962202765688006E-05
"p804": 0.014430576489205765
"p805": 0.006207650520001281
"p806": 0.001354807024674423
"p807": 0.00011666393823585307
"p808": 0.0027114957257720045
"p809": 0.0008542810961141498
"p810": 0.00012419064392848875
"p811": 1.317173496211244E-05
"p812": 0.007139080349464944
"p813": 0.002133821063862216
"p814": 0.00031423996266753977
"p815": 2.2580117077907045E-05
"p816": 0.01230428213103618
"p817": 0.005221652074266003
"p818": 0.0012663682327859534
