"p756": 6.774035123372114E-05
"p757": 0
"p758": 0
"p759": 0
"p760": 0.016107150182240362
"p761": 0.004459573122886642
"p762": 0.0006134265139498082
"p763": 2.8225146347383815E-05
"p764": 0.0030539608347869276
"p765": 0.0010236319741984527
"p766": 0.00014112573173691905
"p767": 1.1290058538953523E-05
"p768": 0.00019004931873905096
"p769": 3.9515204886337324E-05
"p770": 0
"p771": 0
"p772": 0
"p773": 0
"p774": 0
"p775": 0
"p776": 0.0017461957206914777
"p777": 0.0005983731025645368
"p778": 8.843879188846925E-05
"p779": 5.645029269476761E-06
"p780": 0.00023520955289486504
"p781": 4.516023415581409E-05
"p782": 0
"p783": 0
"p784": 0.0012061545872448678
"p785": 0.0002897781691664737
"p786": 2.822514634738381E-05
"p787": 1.8816764231589204E-06
"p788": 0
"p789": 0
"p790": 0
"p791": 0
"p792": 0.0029674037193216174
"p793": 0.0009784717400426386
"p794": 0.0001674692016611439
"p795": 7.5267056926356815E-06
"p796": 0.0006454150131435097
"p797": 0.00015994249596850823
"p798": 2.2580117077907045E-05
"p799": 0
"p800": 0.0019701152150473898
"p801": 0.0005701479562171529
"p802": 8.655711546531033E-05
"p803": 1.1290058538953523E-05
"p804": 5.645029269476761E-05
"p805": 0
"p806": 0
"p807": 0
"p808": 0.017407388590643176
"p809": 0.007080748380347019
"p810": 0.0014470091694092102
"p811": 0.00011854561465901197
"p812": 0.008002769827694888
"p813": 0.0027867627826983605
"p814": 0.0005682662797939939
"p815": 7.526705692635681E-05
"p816": 0.004331619126111834
"p817": 0.0015580280783755861
"p818": 0.0003123582862443808
