"p756": 0.006531298864784613
"p757": 0.0018459245711189005
"p758": 0.0002502629642801364
"p759": 5.645029269476761E-06
"p760": 0.0005456861627160869
"p761": 0.00018252261304641527
"p762": 3.0106822770542722E-05
"p763": 0
"p764": 0.0004478389887118231
"p765": 0.00019193099516220992
"p766": 1.6935087808430286E-05
"p767": 0
"p768": 0.009073443712472314
"p769": 0.0038743717552842164
"p770": 0.0009577732993878904
"p771": 0.00013548070246744229
"p772": 0.012400247628617288
"p773": 0.005720296326403119
"p774": 0.0015298029320282023
"p775": 0.00021639278866327584
"p776": 0.0056224491523988555
"p777": 0.001849687923965219
"p778": 0.0002709614049348845
"p779": 1.317173496211244E-05
"p780": 0.012789754648211183
"p781": 0.0046740842351267586
"p782": 0.0009069680359625998
"p783": 6.774035123372113E-05
"p784": 3.198849919370165E-05
"p785": 5.645029269476761E-06
"p786": 0
"p787": 0
"p788": 0.00028789649274331484
"p789": 5.8331969117926534E-05
"p790": 5.645029269476761E-06
"p791": 0
"p792": 0
"p793": 0
"p794": 0
"p795": 0
"p796": 5.833196911792653E-05
"p797": 1.1290058538953523E-05
"p798": 0
"p799": 0
"p800": 0.005895292233756897
"p801": 0.002389729057411829
"p802": 0.0005795563383329474
"p803": 7.338538050319788E-05
"p804": 0.013884890326489674
"p805": 0.0060251279069548636
"p806": 0.001418784023061826
"p807": 0.00015053411385271365
"p808": 0.0026023584932287867
"p809": 0.0008486360668446732
"p810": 0.00013548070246744226
"p811": 9.408382115794602E-06
"p812": 0.005731586384942072
"p813": 0.0018685046881968086
"p814": 0.0003085949333980629
"p815": 1.5053411385271365E-05
"p816": 0.0057918000304831565
"p817": 0.001983286950009502
"p818": 0.0003669269025159894
