"p756": 1.8816764231589203E-05
"p757": 0
"p758": 0
"p759": 0
"p760": 0.03635398849543036
"p761": 0.012447289539196264
"p762": 0.0024141908509128954
"p763": 0.00026155302281908997
"p764": 0.007398751695860874
"p765": 0.0022391949435591153
"p766": 0.0003706902553623073
"p767": 2.8225146347383808E-05
"p768": 0.0005964914261413778
"p769": 0.00014112573173691902
"p770": 1.5053411385271363E-05
"p771": 0
"p772": 6.774035123372114E-05
"p773": 5.645029269476761E-06
"p774": 0
"p775": 0
"p776": 0.005889647204487423
"p777": 0.002058554006935859
"p778": 0.0003669269025159894
"p779": 2.8225146347383808E-05
"p780": 0.0018064093662325635
"p781": 0.00047230078221288896
"p782": 4.327855773265517E-05
"p783": 1.8816764231589204E-06
"p784": 6.774035123372114E-05
"p785": 0
"p786": 0
"p787": 0
"p788": 0
"p789": 0
"p790": 0
"p791": 0
"p792": 8.27937626189925E-05
"p793": 1.5053411385271363E-05
"p794": 0
"p795": 0
"p796": 3.7633528463178407E-06
"p797": 0
"p798": 0
"p799": 0
"p800": 0.00028789649274331484
"p801": 8.091208619583358E-05
"p802": 1.3171734962112442E-05
"p803": 0
"p804": 0
"p805": 0
"p806": 0
"p807": 0
"p808": 0.0029881021599763658
"p809": 0.0012362614100154105
"p810": 0.00027848811062752013
"p811": 7.5267056926356815E-06
"p812": 0.0007771323627646339
"p813": 0.00022015614150959362
"p814": 3.575185204001948E-05
"p815": 0
"p816": 0.00046289240009709436
"p817": 0.00015241579027587253
"p818": 2.2580117077907045E-05
