"p756": 8.27937626189925E-05
"p757": 1.5053411385271363E-05
"p758": 0
"p759": 0
"p760": 0.023078761330044162
"p761": 0.007370526549513493
"p762": 0.0012381430864385698
"p763": 8.46754390421514E-05
"p764": 0.016432680203446858
"p765": 0.005091816401068039
"p766": 0.0007489072164172505
"p767": 5.456861627160869E-05
"p768": 0.0006397699838740329
"p769": 0.00023709122931802397
"p770": 4.5160234155814084E-05
"p771": 0
"p772": 0
"p773": 0
"p774": 0
"p775": 0
"p776": 0.0008147658912278124
"p777": 0.00024461793501065964
"p778": 2.258011707790705E-05
"p779": 0
"p780": 0.0005494495155624048
"p781": 0.00012607232035164766
"p782": 1.1290058538953523E-05
"p783": 0
"p784": 3.198849919370165E-05
"p785": 7.5267056926356815E-06
"p786": 0
"p787": 0
"p788": 5.645029269476761E-06
"p789": 0
"p790": 0
"p791": 0
"p792": 3.7633528463178407E-06
"p793": 0
"p794": 0
"p795": 0
"p796": 9.408382115794602E-06
"p797": 5.645029269476761E-06
"p798": 0
"p799": 0
"p800": 0.0002051027301243223
"p801": 5.268693984844976E-05
"p802": 0
"p803": 0
"p804": 0
"p805": 0
"p806": 0
"p807": 0
"p808": 0.00017123255450746173
"p809": 3.3870175616860565E-05
"p810": 0
"p811": 0
"p812": 5.64502926947676E-05
"p813": 1.5053411385271361E-05
"p814": 0
"p815": 0
"p816": 0.0003913886960170554
"p817": 7.150370408003898E-05
"p818": 7.5267056926356815E-06
