"p756": 0.00040644210740232675
"p757": 8.843879188846925E-05
"p758": 0
"p759": 0
"p760": 0.0030727775990185167
"p761": 0.0007489072164172504
"p762": 7.33853805031979E-05
"p763": 5.645029269476761E-06
"p764": 0.009016993419777549
"p765": 0.0026531637566540776
"p766": 0.00040079707813285006
"p767": 2.2580117077907045E-05
"p768": 0.0001768775837769385
"p769": 3.387017561686056E-05
"p770": 0
"p771": 0
"p772": 0.00014677076100639576
"p773": 2.634346992422488E-05
"p774": 0
"p775": 0
"p776": 0.003324922239721813
"p777": 0.0009728267107731619
"p778": 0.00013548070246744226
"p779": 7.5267056926356815E-06
"p780": 0.002139466093131692
"p781": 0.0007865407448804287
"p782": 0.00015429746669903146
"p783": 7.5267056926356815E-06
"p784": 0.000829819302613084
"p785": 0.00021074775939379904
"p786": 2.634346992422488E-05
"p787": 0
"p788": 0.00034622846186124133
"p789": 3.76335284631784E-05
"p790": 0
"p791": 0
"p792": 0.005374067864541877
"p793": 0.0018346345125799472
"p794": 0.0003217666683601753
"p795": 4.139688130949624E-05
"p796": 0.003161216390906986
"p797": 0.001230616380745934
"p798": 0.0002577896699727721
"p799": 4.139688130949624E-05
"p800": 1.1290058538953523E-05
"p801": 0
"p802": 0
"p803": 0
"p804": 1.5053411385271363E-05
"p805": 0
"p806": 0
"p807": 0
"p808": 0.0009483649172720958
"p809": 0.00021074775939379907
"p810": 2.2580117077907045E-05
"p811": 0
"p812": 0.0008881512717310105
"p813": 0.0002709614049348845
"p814": 3.0106822770542726E-05
"p815": 0
"p816": 8.655711546531033E-05
"p817": 2.2580117077907042E-05
"p818": 0
