"p756": 9.408382115794602E-06
"p757": 0
"p758": 0
"p759": 0
"p760": 0.009905144691508558
"p761": 0.0034641662950355714
"p762": 0.0006472966895666686
"p763": 6.021364554108545E-05
"p764": 0.007586919338176768
"p765": 0.0025628432883424493
"p766": 0.0004854725171750015
"p767": 6.209532196424436E-05
"p768": 0.0005757929854866297
"p769": 0.00018252261304641527
"p770": 2.0698440654748124E-05
"p771": 0
"p772": 0
"p773": 0
"p774": 0
"p775": 0
"p776": 0.00021074775939379907
"p777": 2.6343469924224887E-05
"p778": 0
"p779": 0
"p780": 0.00024085458216434178
"p781": 5.645029269476761E-05
"p782": 5.645029269476761E-06
"p783": 0
"p784": 0.0004158504895181214
"p785": 0.0001279539967748066
"p786": 2.2580117077907045E-05
"p787": 0
"p788": 1.1290058538953521E-05
"p789": 0
"p790": 0
"p791": 0
"p792": 0.0003368200797454468
"p793": 6.774035123372113E-05
"p794": 0
"p795": 0
"p796": 0.00031235828624438073
"p797": 0.00011666393823585303
"p798": 1.1290058538953523E-05
"p799": 0
"p800": 0.0025628432883424493
"p801": 0.0009464832408489371
"p802": 0.00017311423093062066
"p803": 7.5267056926356815E-06
"p804": 0
"p805": 0
"p806": 0
"p807": 0
"p808": 0.00362599046742724
"p809": 0.0009653000050805259
"p810": 0.00012419064392848875
"p811": 7.5267056926356815E-06
"p812": 0.0011929828522827554
"p813": 0.00024085458216434178
"p814": 2.258011707790704E-05
"p815": 0
"p816": 0.003462284618612413
"p817": 0.0014319557580239383
"p818": 0.00032929337405281106
