"p756": 0
"p757": 0
"p758": 0
"p759": 0
"p760": 0.006614092627403607
"p761": 0.001800764336963087
"p762": 0.00017499590735377962
"p763": 0
"p764": 0.0006058998082571724
"p765": 0.00021074775939379904
"p766": 2.6343469924224887E-05
"p767": 0
"p768": 0.001819581101194676
"p769": 0.0005513311919855636
"p770": 8.091208619583357E-05
"p771": 1.1290058538953523E-05
"p772": 5.645029269476761E-05
"p773": 0
"p774": 0
"p775": 0
"p776": 0.013640272391479014
"p777": 0.005742876443481026
"p778": 0.001226853027899616
"p779": 0.00011666393823585307
"p780": 0.006913279178685872
"p781": 0.0024480610265297555
"p782": 0.0004986442521371139
"p783": 7.33853805031979E-05
"p784": 0.004433229652962416
"p785": 0.0015561464019524273
"p786": 0.00030671325697490405
"p787": 4.139688130949624E-05
"p788": 0.000660468424528781
"p789": 0.0001486524374295547
"p790": 1.6935087808430286E-05
"p791": 0
"p792": 0.023257520590244263
"p793": 0.009511874319068345
"p794": 0.0022730651191759763
"p795": 0.0002822514634738381
"p796": 0.016077043359469818
"p797": 0.006390173133047693
"p798": 0.0016163600474935127
"p799": 0.0002314462000485472
"p800": 0.0003499918147075592
"p801": 0.00011478226181269415
"p802": 3.198849919370165E-05
"p803": 5.645029269476761E-06
"p804": 0
"p805": 0
"p806": 0
"p807": 0
"p808": 0.005893410557333739
"p809": 0.0023633855874876045
"p810": 0.0003932703724402144
"p811": 1.1290058538953523E-05
"p812": 0.001339753613289151
"p813": 0.0004365489301728695
"p814": 9.784717400426387E-05
"p815": 1.8816764231589204E-06
"p816": 0.0013171734962112442
"p817": 0.00047230078221288896
"p818": 9.408382115794603E-05
