"p756": 9.408382115794602E-06
"p757": 0
"p758": 0
"p759": 0
"p760": 0.011369088948726198
"p761": 0.003629753820273558
"p762": 0.0005701479562171528
"p763": 3.575185204001949E-05
"p764": 0.0077807320097621376
"p765": 0.0024104274980665773
"p766": 0.0003913886960170554
"p767": 2.8225146347383805E-05
"p768": 0.0006924569237224827
"p769": 0.0002615530228190899
"p770": 4.8923587002131926E-05
"p771": 1.1290058538953523E-05
"p772": 0
"p773": 0
"p774": 0
"p775": 0
"p776": 0.0011158341189332398
"p777": 0.00027660643420436126
"p778": 3.7633528463178407E-05
"p779": 1.1290058538953523E-05
"p780": 0.0006642317773750989
"p781": 0.00016558752523798497
"p782": 1.1290058538953523E-05
"p783": 0
"p784": 2.6343469924224887E-05
"p785": 3.7633528463178407E-06
"p786": 0
"p787": 0
"p788": 3.7633528463178407E-06
"p789": 0
"p790": 0
"p791": 0
"p792": 5.645029269476761E-06
"p793": 0
"p794": 0
"p795": 0
"p796": 3.7633528463178407E-06
"p797": 3.7633528463178407E-06
"p798": 0
"p799": 0
"p800": 0.000284133139896997
"p801": 8.279376261899248E-05
"p802": 9.4083821157946E-06
"p803": 0
"p804": 0
"p805": 0
"p806": 0
"p807": 0
"p808": 0.0003029499041285862
"p809": 6.021364554108545E-05
"p810": 9.4083821157946E-06
"p811": 0
"p812": 4.7041910578973E-05
"p813": 1.8816764231589204E-06
"p814": 0
"p815": 0
"p816": 0.0007018653058382774
"p817": 0.00019004931873905096
"p818": 1.5053411385271363E-05
