"p756": 0.00033117505047597
"p757": 5.833196911792653E-05
"p758": 0
"p759": 0
"p760": 0.01012906418586447
"p761": 0.0028714382217405123
"p762": 0.00041396881309496247
"p763": 2.2580117077907045E-05
"p764": 0.012206434957031916
"p765": 0.004113344661025399
"p766": 0.0006529417188361453
"p767": 1.3171734962112444E-05
"p768": 3.575185204001949E-05
"p769": 0
"p770": 0
"p771": 0
"p772": 0.00041396881309496247
"p773": 9.784717400426385E-05
"p774": 0
"p775": 0
"p776": 0.0001712325545074618
"p777": 2.2580117077907045E-05
"p778": 0
"p779": 0
"p780": 0.0006585867481056221
"p781": 0.0001637058488148261
"p782": 2.2580117077907045E-05
"p783": 0
"p784": 0
"p785": 0
"p786": 0
"p787": 0
"p788": 0
"p789": 0
"p790": 0
"p791": 0
"p792": 0
"p793": 0
"p794": 0
"p795": 0
"p796": 5.645029269476761E-06
"p797": 0
"p798": 0
"p799": 0
"p800": 0.0018986115109673502
"p801": 0.0005080526342529084
"p802": 7.903040977267465E-05
"p803": 5.645029269476761E-06
"p804": 0.004521668444850886
"p805": 0.0012738949384785894
"p806": 0.00019004931873905094
"p807": 7.5267056926356815E-06
"p808": 0.006124856757382285
"p809": 0.002028447184165316
"p810": 0.000378216961054943
"p811": 2.6343469924224887E-05
"p812": 0.016635901257148016
"p813": 0.005776746619097887
"p814": 0.0011647577059353716
"p815": 0.0001204272910821709
"p816": 0.0001298356731979655
"p817": 1.5053411385271361E-05
"p818": 0
