"p756": 0.02148498139962856
"p757": 0.007031824793344889
"p758": 0.0011007807075479688
"p759": 6.774035123372114E-05
"p760": 0.0011026623839711274
"p761": 0.00025026296428013644
"p762": 3.9515204886337324E-05
"p763": 1.8816764231589204E-06
"p764": 0.002470641143607662
"p765": 0.0007658423042256805
"p766": 9.220214473478709E-05
"p767": 3.7633528463178407E-06
"p768": 0.0013228185254807211
"p769": 0.00040644210740232675
"p770": 7.150370408003898E-05
"p771": 5.645029269476761E-06
"p772": 0.001424429052331303
"p773": 0.000541922809869769
"p774": 8.655711546531032E-05
"p775": 5.645029269476761E-06
"p776": 0.0007940674505730643
"p777": 0.0001486524374295547
"p778": 1.3171734962112442E-05
"p779": 0
"p780": 0.0007188003936467076
"p781": 0.00010349220327374063
"p782": 1.5053411385271363E-05
"p783": 0
"p784": 0.0037388910528167747
"p785": 0.0014131389937923492
"p786": 0.00027284308135804345
"p787": 1.6935087808430282E-05
"p788": 0.003132991244559603
"p789": 0.0014112573173691901
"p790": 0.0003349384033222878
"p791": 1.6935087808430282E-05
"p792": 0.0028940183388184194
"p793": 0.0009050863595394406
"p794": 3.951520488633733E-05
"p795": 1.8816764231589204E-06
"p796": 0.0023012902655233595
"p797": 0.0005776746619097885
"p798": 3.5751852040019496E-05
"p799": 1.8816764231589204E-06
"p800": 0.00023520955289486504
"p801": 7.33853805031979E-05
"p802": 1.3171734962112444E-05
"p803": 0
"p804": 0.00031988499193701646
"p805": 0.0001016105268505817
"p806": 1.8816764231589203E-05
"p807": 0
"p808": 8.27937626189925E-05
"p809": 1.8816764231589203E-05
"p810": 1.8816764231589204E-06
"p811": 0
"p812": 6.774035123372113E-05
"p813": 1.5053411385271363E-05
"p814": 1.8816764231589204E-06
"p815": 0
"p816": 0.0010499754441226773
"p817": 0.0002747247577812024
"p818": 3.0106822770542726E-05
