"p756": 0.0002389729057411829
"p757": 2.8225146347383808E-05
"p758": 0
"p759": 0
"p760": 0.004743706262783637
"p761": 0.0012381430864385696
"p762": 0.00016370584881482604
"p763": 3.0106822770542726E-05
"p764": 0.011997568874061277
"p765": 0.0037144292593157087
"p766": 0.0006962202765688005
"p767": 5.45686162716087E-05
"p768": 0.00018816764231589203
"p769": 4.3278557732655166E-05
"p770": 0
"p771": 0
"p772": 0.0012945933791333373
"p773": 0.0002991865512822684
"p774": 3.198849919370165E-05
"p775": 1.8816764231589204E-06
"p776": 0.001415020670215508
"p777": 0.0004196138423644392
"p778": 6.962202765688006E-05
"p779": 1.1290058538953523E-05
"p780": 0.00245746940864555
"p781": 0.0009050863595394408
"p782": 0.00018252261304641527
"p783": 1.8816764231589203E-05
"p784": 0
"p785": 0
"p786": 0
"p787": 0
"p788": 0
"p789": 0
"p790": 0
"p791": 0
"p792": 3.951520488633733E-05
"p793": 0
"p794": 0
"p795": 0
"p796": 0.0003274116976296522
"p797": 6.962202765688006E-05
"p798": 5.645029269476761E-06
"p799": 0
"p800": 0.004901767082328988
"p801": 0.0019682335386242305
"p802": 0.0003970337252865322
"p803": 1.6935087808430282E-05
"p804": 0.0052781023669607715
"p805": 0.0017932376312704509
"p806": 0.00035751852040019486
"p807": 4.139688130949624E-05
"p808": 0.030942287102425296
"p809": 0.013023082524682893
"p810": 0.0031649797437533042
"p811": 0.0003650452260928306
"p812": 0.042793085215480184
"p813": 0.018222154481870992
"p814": 0.004694782675781506
"p815": 0.00066235010095194
"p816": 0.0009333115058868242
"p817": 0.00030106822770542725
"p818": 4.516023415581409E-05
