"p756": 0
"p757": 0
"p758": 0
"p759": 0
"p760": 0.04062351229957794
"p761": 0.013126574727956634
"p762": 0.002190271356556984
"p763": 0.00011666393823585311
"p764": 0.006984782882765913
"p765": 0.001748077397114637
"p766": 0.00019004931873905094
"p767": 1.129005853895352E-05
"p768": 5.645029269476761E-06
"p769": 0
"p770": 0
"p771": 0
"p772": 0
"p773": 0
"p774": 0
"p775": 0
"p776": 0.00033305672689912887
"p777": 6.021364554108546E-05
"p778": 0
"p779": 0
"p780": 6.585867481056221E-05
"p781": 1.3171734962112442E-05
"p782": 0
"p783": 0
"p784": 0.00010913723254321738
"p785": 2.2580117077907045E-05
"p786": 0
"p787": 0
"p788": 0
"p789": 0
"p790": 0
"p791": 0
"p792": 0.0016502302231103728
"p793": 0.000494880899290796
"p794": 6.774035123372114E-05
"p795": 0
"p796": 0.00034811013828440026
"p797": 8.467543904215143E-05
"p798": 1.1290058538953523E-05
"p799": 0
"p800": 5.645029269476761E-06
"p801": 0
"p802": 0
"p803": 0
"p804": 0
"p805": 0
"p806": 0
"p807": 0
"p808": 2.4461793501065966E-05
"p809": 5.645029269476761E-06
"p810": 0
"p811": 0
"p812": 0
"p813": 0
"p814": 0
"p815": 0
"p816": 3.5751852040019496E-05
"p817": 5.645029269476761E-06
"p818": 0
