"p756": 2.2580117077907045E-05
"p757": 3.7633528463178407E-06
"p758": 0
"p759": 0
"p760": 0.018017051751746664
"p761": 0.005915990674411646
"p762": 0.0010273953270447706
"p763": 8.091208619583357E-05
"p764": 0.011749187586204298
"p765": 0.003827329844705245
"p766": 0.0006303616017582384
"p767": 6.397699838740328E-05
"p768": 0.00017123255450746176
"p769": 5.268693984844977E-05
"p770": 5.645029269476761E-06
"p771": 0
"p772": 5.645029269476761E-06
"p773": 0
"p774": 0
"p775": 0
"p776": 7.903040977267465E-05
"p777": 2.0698440654748124E-05
"p778": 0
"p779": 0
"p780": 8.655711546531032E-05
"p781": 3.198849919370165E-05
"p782": 0
"p783": 0
"p784": 0
"p785": 0
"p786": 0
"p787": 0
"p788": 0
"p789": 0
"p790": 0
"p791": 0
"p792": 0
"p793": 0
"p794": 0
"p795": 0
"p796": 0
"p797": 0
"p798": 0
"p799": 0
"p800": 0.0008373460083057195
"p801": 0.0002878964927433148
"p802": 4.5160234155814084E-05
"p803": 0
"p804": 0
"p805": 0
"p806": 0
"p807": 0
"p808": 0.0009859984457352743
"p809": 0.0002784881106275202
"p810": 2.258011707790705E-05
"p811": 0
"p812": 0.0006002547789876956
"p813": 0.00014112573173691902
"p814": 1.1290058538953523E-05
"p815": 0
"p816": 0.00024838128785697745
"p817": 2.6343469924224887E-05
"p818": 0
