"p756": 0
"p757": 0
"p758": 0
"p759": 0
"p760": 0.007750625186991593
"p761": 0.0019964586849716146
"p762": 0.0002653163756654078
"p763": 5.645029269476761E-06
"p764": 0.0009013230066931229
"p765": 0.0002446179350106596
"p766": 3.198849919370165E-05
"p767": 5.645029269476761E-06
"p768": 0.0011497042945501003
"p769": 0.0002897781691664737
"p770": 2.822514634738381E-05
"p771": 1.8816764231589204E-06
"p772": 0
"p773": 0
"p774": 0
"p775": 0
"p776": 0.0027284308135804344
"p777": 0.0009182580945015532
"p778": 0.00016182417239166713
"p779": 7.5267056926356815E-06
"p780": 0.0006096631611034901
"p781": 0.00015994249596850823
"p782": 2.2580117077907045E-05
"p783": 0
"p784": 0
"p785": 0
"p786": 0
"p787": 0
"p788": 0
"p789": 0
"p790": 0
"p791": 0
"p792": 0.00025778966997277205
"p793": 6.585867481056221E-05
"p794": 5.645029269476761E-06
"p795": 0
"p796": 1.8816764231589203E-05
"p797": 0
"p798": 0
"p799": 0
"p800": 0.005336434336078699
"p801": 0.0017574857792304317
"p802": 0.00033493840332228785
"p803": 4.139688130949624E-05
"p804": 0.0006830485416066881
"p805": 0.0001486524374295547
"p806": 1.6935087808430286E-05
"p807": 0
"p808": 0.03434059472265031
"p809": 0.013835966739487546
"p810": 0.0032120216543322783
"p811": 0.0003725719317854663
"p812": 0.02011700263999202
"p813": 0.0076621863951031235
"p814": 0.0018553329532346953
"p815": 0.0002615530228190899
"p816": 0.0011534676473964184
"p817": 0.00037257193178546626
"p818": 6.397699838740328E-05
