"p756": 0.000707510335107754
"p757": 0.00021639278866327584
"p758": 3.0106822770542722E-05
"p759": 0
"p760": 0.007750625186991592
"p761": 0.0019964586849716146
"p762": 0.0002653163756654078
"p763": 5.645029269476761E-06
"p764": 0.01567624628133697
"p765": 0.005131331605954376
"p766": 0.0008392276847288784
"p767": 3.575185204001949E-05
"p768": 2.0698440654748124E-05
"p769": 1.8816764231589204E-06
"p770": 0
"p771": 0
"p772": 1.5053411385271361E-05
"p773": 0
"p774": 0
"p775": 0
"p776": 0.0006792851887603701
"p777": 0.00012983567319796552
"p778": 1.1290058538953523E-05
"p779": 0
"p780": 0.0006096631611034902
"p781": 0.00015994249596850823
"p782": 2.2580117077907045E-05
"p783": 0
"p784": 0.00013359902604428333
"p785": 1.317173496211244E-05
"p786": 0
"p787": 0
"p788": 9.784717400426387E-05
"p789": 2.2580117077907045E-05
"p790": 0
"p791": 0
"p792": 0.0015298029320282023
"p793": 0.0004421939594423463
"p794": 6.962202765688005E-05
"p795": 1.1290058538953523E-05
"p796": 0.0009653000050805262
"p797": 0.0003499918147075592
"p798": 5.833196911792653E-05
"p799": 1.1290058538953523E-05
"p800": 0
"p801": 0
"p802": 0
"p803": 0
"p804": 3.7633528463178407E-06
"p805": 0
"p806": 0
"p807": 0
"p808": 8.467543904215141E-05
"p809": 7.5267056926356815E-06
"p810": 0
"p811": 0
"p812": 0.0001091372325432174
"p813": 9.408382115794602E-06
"p814": 0
"p815": 0
"p816": 1.1290058538953523E-05
"p817": 0
"p818": 0
