"p756": 0
"p757": 0
"p758": 0
"p759": 0
"p760": 0.014146443349308764
"p761": 0.004173558306566485
"p762": 0.00073197212860882
"p763": 5.45686162716087E-05
"p764": 0.0021244126817464206
"p765": 0.0005720296326403118
"p766": 8.843879188846925E-05
"p767": 2.6343469924224887E-05
"p768": 0.001204272910821709
"p769": 0.0002991865512822684
"p770": 3.198849919370165E-05
"p771": 1.8816764231589204E-06
"p772": 0
"p773": 0
"p774": 0
"p775": 0
"p776": 0.003281643681989157
"p777": 0.0010687922083542668
"p778": 0.00020322105370116337
"p779": 1.8816764231589203E-05
"p780": 0.0008015941562657001
"p781": 0.0002803697870506791
"p782": 4.892358700213194E-05
"p783": 1.1290058538953523E-05
"p784": 0
"p785": 0
"p786": 0
"p787": 0
"p788": 0
"p789": 0
"p790": 0
"p791": 0
"p792": 0.0003405834325917646
"p793": 6.962202765688006E-05
"p794": 5.645029269476761E-06
"p795": 0
"p796": 2.6343469924224887E-05
"p797": 0
"p798": 0
"p799": 0
"p800": 0.005007140962025886
"p801": 0.0017631308084999084
"p802": 0.00036316354966967166
"p803": 4.139688130949624E-05
"p804": 0.000517461016368703
"p805": 0.00011478226181269414
"p806": 5.645029269476761E-06
"p807": 0
"p808": 0.05415841081136008
"p809": 0.023460741643945425
"p810": 0.006170016991538101
"p811": 0.0008862695953078519
"p812": 0.021110527791419934
"p813": 0.007833418949610586
"p814": 0.0016201234003398303
"p815": 0.00013171734962112442
"p816": 0.0009784717400426386
"p817": 0.00036504522609283053
"p818": 5.833196911792653E-05
