"p756": 0
"p757": 0
"p758": 0
"p759": 0
"p760": 0.010129064185864472
"p761": 0.0028714382217405123
"p762": 0.00041396881309496247
"p763": 2.2580117077907045E-05
"p764": 0.0016671653109188033
"p765": 0.0004365489301728695
"p766": 6.021364554108545E-05
"p767": 5.645029269476761E-06
"p768": 0.00014677076100639576
"p769": 2.634346992422488E-05
"p770": 0
"p771": 0
"p772": 0
"p773": 0
"p774": 0
"p775": 0
"p776": 0.004749351292053116
"p777": 0.0015561464019524273
"p778": 0.00026719805208856665
"p779": 1.5053411385271363E-05
"p780": 0.000658586748105622
"p781": 0.00016370584881482606
"p782": 2.258011707790704E-05
"p783": 0
"p784": 0.00034622846186124133
"p785": 3.76335284631784E-05
"p786": 0
"p787": 0
"p788": 3.3870175616860565E-05
"p789": 0
"p790": 0
"p791": 0
"p792": 0.007317839609665043
"p793": 0.002523328083456112
"p794": 0.0005343961041771334
"p795": 8.279376261899248E-05
"p796": 0.0015918982539924469
"p797": 0.0004610107236739355
"p798": 3.7633528463178407E-05
"p799": 0
"p800": 1.5053411385271363E-05
"p801": 0
"p802": 0
"p803": 0
"p804": 0
"p805": 0
"p806": 0
"p807": 0
"p808": 0.0015806081954534929
"p809": 0.0004403122830191874
"p810": 5.268693984844977E-05
"p811": 0
"p812": 0.0002088660829706401
"p813": 4.139688130949624E-05
"p814": 0
"p815": 0
"p816": 0.00021827446508643471
"p817": 6.774035123372113E-05
"p818": 1.505341138527136E-05
