"p756": 4.8923587002131926E-05
"p757": 0
"p758": 0
"p759": 0
"p760": 0.008531520902602546
"p761": 0.0023727939696033986
"p762": 0.0002878964927433148
"p763": 1.1290058538953523E-05
"p764": 0.003481101382844003
"p765": 0.0011647577059353718
"p766": 0.00014112573173691905
"p767": 1.1290058538953523E-05
"p768": 0.0014564175515250045
"p769": 0.0005343961041771333
"p770": 8.843879188846925E-05
"p771": 5.645029269476761E-06
"p772": 0
"p773": 0
"p774": 0
"p775": 0
"p776": 0.0002897781691664737
"p777": 5.833196911792653E-05
"p778": 0
"p779": 0
"p780": 0.0005776746619097885
"p781": 0.0001467707610063958
"p782": 1.6935087808430286E-05
"p783": 0
"p784": 0.00212629435816958
"p785": 0.0007639606278025216
"p786": 0.0001486524374295547
"p787": 7.5267056926356815E-06
"p788": 0.0002653163756654078
"p789": 5.080526342529086E-05
"p790": 0
"p791": 0
"p792": 0.0008486360668446731
"p793": 0.00022015614150959367
"p794": 3.0106822770542726E-05
"p795": 0
"p796": 0.001768775837769385
"p797": 0.0006134265139498081
"p798": 0.0001110189089663763
"p799": 1.3171734962112444E-05
"p800": 0.011179039629987146
"p801": 0.004890477023790033
"p802": 0.0011101890896637629
"p803": 0.00010349220327374062
"p804": 5.833196911792653E-05
"p805": 5.645029269476761E-06
"p806": 0
"p807": 0
"p808": 0.007107091850271243
"p809": 0.0025778966997277203
"p810": 0.0004196138423644392
"p811": 2.6343469924224887E-05
"p812": 0.01096452851774703
"p813": 0.00359023861538722
"p814": 0.0006943386001456416
"p815": 7.526705692635683E-05
"p816": 0.015100453295850339
"p817": 0.00706004993969227
"p818": 0.0018873214524283972
