"p756": 0.00024838128785697745
"p757": 9.408382115794602E-05
"p758": 2.2580117077907045E-05
"p759": 0
"p760": 0.0025609616119192905
"p761": 0.00073197212860882
"p762": 5.268693984844977E-05
"p763": 0
"p764": 0.004664675853010962
"p765": 0.0012607232035164765
"p766": 0.0001486524374295547
"p767": 0
"p768": 0.0012362614100154107
"p769": 0.00039327037244021434
"p770": 5.080526342529085E-05
"p771": 0
"p772": 0.0018760313938894434
"p773": 0.0005513311919855636
"p774": 8.091208619583357E-05
"p775": 1.1290058538953523E-05
"p776": 0.007050641557576474
"p777": 0.0027002056672330503
"p778": 0.0005626212505245172
"p779": 6.962202765688006E-05
"p780": 0.013790806505331729
"p781": 0.005955505879297984
"p782": 0.0013002384084028142
"p783": 0.0001373623788906012
"p784": 0.0041603865716043735
"p785": 0.0015505013726829504
"p786": 0.00029165984558963265
"p787": 1.6935087808430282E-05
"p788": 0.004952572345754279
"p789": 0.0016878637515735514
"p790": 0.0003236483447833343
"p791": 4.139688130949624E-05
"p792": 0.015209590528393558
"p793": 0.00596115090856746
"p794": 0.0013228185254807211
"p795": 0.00017311423093062066
"p796": 0.023074997977197847
"p797": 0.010110247421632879
"p798": 0.0025760150233045623
"p799": 0.0003405834325917646
"p800": 0.00014112573173691902
"p801": 3.575185204001949E-05
"p802": 5.645029269476761E-06
"p803": 0
"p804": 0.0003499918147075592
"p805": 0.00011478226181269415
"p806": 3.198849919370165E-05
"p807": 5.645029269476761E-06
"p808": 0.0019625885093547536
"p809": 0.0006454150131435098
"p810": 0.00012419064392848873
"p811": 1.8816764231589204E-06
"p812": 0.005780509971944204
"p813": 0.002310698647639155
"p814": 0.00038198031390126086
"p815": 1.1290058538953523E-05
"p816": 0.00035751852040019486
"p817": 0.00012607232035164768
"p818": 1.1290058538953523E-05
