"p756": 0.00025026296428013644
"p757": 5.2686939848449775E-05
"p758": 5.645029269476761E-06
"p759": 0
"p760": 0.022190610058313152
"p761": 0.008911619540080648
"p762": 0.0018816764231589203
"p763": 0.00017875926020009746
"p764": 0.016594504375838523
"p765": 0.0062641008126960475
"p766": 0.0011120707660869217
"p767": 6.774035123372114E-05
"p768": 0.00027284308135804345
"p769": 8.27937626189925E-05
"p770": 1.1290058538953523E-05
"p771": 0
"p772": 0
"p773": 0
"p774": 0
"p775": 0
"p776": 5.833196911792652E-05
"p777": 5.645029269476761E-06
"p778": 0
"p779": 0
"p780": 0.00012419064392848875
"p781": 1.8816764231589203E-05
"p782": 0
"p783": 0
"p784": 0.0006905752472993237
"p785": 0.00020133937727800444
"p786": 2.0698440654748128E-05
"p787": 0
"p788": 5.080526342529084E-05
"p789": 0
"p790": 0
"p791": 0
"p792": 0.0003048315805517451
"p793": 7.338538050319788E-05
"p794": 5.645029269476761E-06
"p795": 0
"p796": 0.0004666557529434122
"p797": 0.0001298356731979655
"p798": 9.408382115794602E-06
"p799": 0
"p800": 0.001606951665377718
"p801": 0.0006021364554108545
"p802": 9.972885042742277E-05
"p803": 5.645029269476761E-06
"p804": 5.645029269476761E-06
"p805": 0
"p806": 0
"p807": 0
"p808": 0.0017330239857293655
"p809": 0.0004666557529434122
"p810": 7.714873334951573E-05
"p811": 5.645029269476761E-06
"p812": 0.001008578562813181
"p813": 0.0001561791431221904
"p814": 1.5053411385271363E-05
"p815": 0
"p816": 0.004137806454526466
"p817": 0.001781947572731497
"p818": 0.00038009863747810193
