"p756": 0.030752237783686243
"p757": 0.01036803709160565
"p758": 0.0017781842198851799
"p759": 9.972885042742281E-05
"p760": 0.002378438998872875
"p761": 0.0005626212505245173
"p762": 6.774035123372113E-05
"p763": 3.76335284631784E-06
"p764": 0.004145333160219101
"p765": 0.0013378719368659926
"p766": 0.0001674692016611439
"p767": 7.52670569263568E-06
"p768": 0.00015241579027587256
"p769": 2.6343469924224887E-05
"p770": 0
"p771": 0
"p772": 0.0002220378179327526
"p773": 4.327855773265517E-05
"p774": 0
"p775": 0
"p776": 2.8225146347383808E-05
"p777": 1.8816764231589204E-06
"p778": 0
"p779": 0
"p780": 1.8816764231589203E-05
"p781": 1.8816764231589204E-06
"p782": 0
"p783": 0
"p784": 0.0008467543904215141
"p785": 0.0002559079935496132
"p786": 3.387017561686057E-05
"p787": 0
"p788": 0.0008561627725373088
"p789": 0.0002954231984359505
"p790": 4.5160234155814084E-05
"p791": 0
"p792": 0.0005099343106760674
"p793": 0.00013548070246744226
"p794": 0
"p795": 0
"p796": 0.00038198031390126086
"p797": 7.714873334951574E-05
"p798": 0
"p799": 0
"p800": 9.408382115794602E-06
"p801": 1.8816764231589204E-06
"p802": 0
"p803": 0
"p804": 1.5053411385271363E-05
"p805": 3.7633528463178407E-06
"p806": 0
"p807": 0
"p808": 0
"p809": 0
"p810": 0
"p811": 0
"p812": 0
"p813": 0
"p814": 0
"p815": 0
"p816": 0.00015429746669903146
"p817": 3.198849919370165E-05
"p818": 1.8816764231589204E-06
