"p756": 0.019973995231831937
"p757": 0.007003599646997502
"p758": 0.0012889483498638606
"p759": 6.021364554108545E-05
"p760": 0.0036749140544293716
"p761": 0.0009897617985815922
"p762": 8.655711546531035E-05
"p763": 5.645029269476761E-06
"p764": 0.002423599233028689
"p765": 0.0007714873334951574
"p766": 8.843879188846926E-05
"p767": 3.7633528463178407E-06
"p768": 0.0004854725171750015
"p769": 0.00012607232035164766
"p770": 1.3171734962112442E-05
"p771": 0
"p772": 0.001398085582407078
"p773": 0.00036692690251598946
"p774": 3.7633528463178407E-05
"p775": 0
"p776": 9.220214473478711E-05
"p777": 2.2580117077907045E-05
"p778": 0
"p779": 0
"p780": 0.00042525887163391606
"p781": 0.00015241579027587256
"p782": 2.2580117077907045E-05
"p783": 0
"p784": 0
"p785": 0
"p786": 0
"p787": 0
"p788": 6.774035123372113E-05
"p789": 5.645029269476761E-06
"p790": 0
"p791": 0
"p792": 0
"p793": 0
"p794": 0
"p795": 0
"p796": 0
"p797": 0
"p798": 0
"p799": 0
"p800": 0.010893024813666989
"p801": 0.0041961384236443924
"p802": 0.0008260559497667661
"p803": 5.833196911792653E-05
"p804": 0.02281344495437875
"p805": 0.008174002382202351
"p806": 0.0017725391906157032
"p807": 0.00017311423093062064
"p808": 0.004436993005808733
"p809": 0.0016464668702640553
"p810": 0.0003142399626675397
"p811": 9.408382115794602E-06
"p812": 0.011034150545403909
"p813": 0.0037012575243535965
"p814": 0.0006021364554108546
"p815": 1.3171734962112444E-05
"p816": 0.0039458754593642556
"p817": 0.00134163528971231
"p818": 0.0002916598455896327
