"p756": 0.004630805677394103
"p757": 0.0012494331449775234
"p758": 0.0001486524374295547
"p759": 0
"p760": 0.00019757602443168663
"p761": 7.338538050319788E-05
"p762": 2.4461793501065963E-05
"p763": 0
"p764": 0.00028225146347383805
"p765": 0.00010913723254321738
"p766": 1.6935087808430286E-05
"p767": 0
"p768": 0.005637502563784125
"p769": 0.002316343676908631
"p770": 0.0005249877220613388
"p771": 6.774035123372113E-05
"p772": 0.01096264684132387
"p773": 0.004950690669331121
"p774": 0.0011421775888574648
"p775": 0.00011478226181269414
"p776": 0.002402900792373941
"p777": 0.0007865407448804286
"p778": 0.0001204272910821709
"p779": 1.317173496211244E-05
"p780": 0.006523772159091976
"p781": 0.0020641990362053357
"p782": 0.0003180033155138576
"p783": 2.2580117077907045E-05
"p784": 0.011071784073867087
"p785": 0.0047888664969394515
"p786": 0.0011967462051290733
"p787": 0.00017123255450746173
"p788": 0.01534130787801468
"p789": 0.00711085520311756
"p790": 0.0019324816865842116
"p791": 0.0002747247577812024
"p792": 0.007039351499037521
"p793": 0.002320107029754949
"p794": 0.0003236483447833343
"p795": 1.317173496211244E-05
"p796": 0.01429697746316148
"p797": 0.0052611672791523425
"p798": 0.0009916434750047514
"p799": 6.774035123372113E-05
"p800": 0.0017160888979209357
"p801": 0.0006040181318340134
"p802": 0.0001204272910821709
"p803": 1.8816764231589204E-06
"p804": 0.005434281510082962
"p805": 0.0022297865614433207
"p806": 0.00038009863747810193
"p807": 1.1290058538953523E-05
"p808": 0.0004064421074023268
"p809": 0.00011666393823585304
"p810": 1.8816764231589203E-05
"p811": 1.8816764231589204E-06
"p812": 0.0009144947416552353
"p813": 0.0002239194943559115
"p814": 3.387017561686057E-05
"p815": 1.8816764231589204E-06
"p816": 0.0024706411436076626
"p817": 0.0007827773920341108
"p818": 0.00011290058538953522
