"p756": 3.3870175616860565E-05
"p757": 0
"p758": 0
"p759": 0
"p760": 0.04593360316573241
"p761": 0.016118440240779318
"p762": 0.0032778803291428397
"p763": 0.0002747247577812024
"p764": 0.010257018182639278
"p765": 0.0033343306218376065
"p766": 0.0006209532196424437
"p767": 6.962202765688006E-05
"p768": 4.1396881309496255E-05
"p769": 5.645029269476761E-06
"p770": 0
"p771": 0
"p772": 0
"p773": 0
"p774": 0
"p775": 0
"p776": 0.00024461793501065964
"p777": 6.774035123372114E-05
"p778": 5.645029269476761E-06
"p779": 0
"p780": 1.6935087808430286E-05
"p781": 3.7633528463178407E-06
"p782": 0
"p783": 0
"p784": 0
"p785": 0
"p786": 0
"p787": 0
"p788": 0
"p789": 0
"p790": 0
"p791": 0
"p792": 0
"p793": 0
"p794": 0
"p795": 0
"p796": 0
"p797": 0
"p798": 0
"p799": 0
"p800": 0.00010725555612005848
"p801": 2.2580117077907045E-05
"p802": 0
"p803": 0
"p804": 0
"p805": 0
"p806": 0
"p807": 0
"p808": 0.0016295317824556249
"p809": 0.0004873541935981603
"p810": 6.774035123372114E-05
"p811": 0
"p812": 0.00034811013828440026
"p813": 8.467543904215143E-05
"p814": 1.1290058538953523E-05
"p815": 0
"p816": 7.5267056926356815E-06
"p817": 0
"p818": 0
