"p756": 0.0008994413302699639
"p757": 0.00025967134639593104
"p758": 2.6343469924224887E-05
"p759": 0
"p760": 0.012575243535971066
"p761": 0.0036278721438503985
"p762": 0.0004779458114823658
"p763": 2.2580117077907045E-05
"p764": 0.01396768408910867
"p765": 0.004572473708276176
"p766": 0.0006454150131435097
"p767": 1.3171734962112444E-05
"p768": 0.001492169403565024
"p769": 0.0004403122830191873
"p770": 7.903040977267465E-05
"p771": 5.645029269476761E-06
"p772": 0.0032421284771028194
"p773": 0.0009314298294636656
"p774": 0.0001486524374295547
"p775": 7.5267056926356815E-06
"p776": 0.003861200020322104
"p777": 0.0012626048799396355
"p778": 0.00023332787647170614
"p779": 1.3171734962112444E-05
"p780": 0.00934628679383036
"p781": 0.00322331171287123
"p782": 0.0006265982489119204
"p783": 6.209532196424438E-05
"p784": 0
"p785": 0
"p786": 0
"p787": 0
"p788": 1.1290058538953523E-05
"p789": 0
"p790": 0
"p791": 0
"p792": 0
"p793": 0
"p794": 0
"p795": 0
"p796": 5.645029269476761E-06
"p797": 0
"p798": 0
"p799": 0
"p800": 0.00038950701959389653
"p801": 6.774035123372113E-05
"p802": 0
"p803": 0
"p804": 0.0011892194994364376
"p805": 0.00032553002120649325
"p806": 4.704191057897301E-05
"p807": 0
"p808": 0.0023201070297549486
"p809": 0.0008034758326888591
"p810": 0.00016182417239166716
"p811": 1.3171734962112444E-05
"p812": 0.007974544681347506
"p813": 0.0029354152201279153
"p814": 0.0005889647204487422
"p815": 5.8331969117926534E-05
"p816": 0.0002559079935496132
"p817": 9.408382115794602E-05
"p818": 1.6935087808430286E-05
