"p756": 8.27937626189925E-05
"p757": 1.1290058538953523E-05
"p758": 0
"p759": 0
"p760": 0.007925621094345374
"p761": 0.002402900792373941
"p762": 0.00033117505047596993
"p763": 1.5053411385271365E-05
"p764": 0.006279154224081319
"p765": 0.0018139360719251992
"p766": 0.00023332787647170614
"p767": 1.3171734962112444E-05
"p768": 0.001424429052331303
"p769": 0.000541922809869769
"p770": 8.655711546531032E-05
"p771": 5.645029269476761E-06
"p772": 5.645029269476761E-06
"p773": 0
"p774": 0
"p775": 0
"p776": 0.001578726519030334
"p777": 0.00042525887163391595
"p778": 6.962202765688005E-05
"p779": 5.645029269476761E-06
"p780": 0.0009916434750047508
"p781": 0.00016182417239166713
"p782": 1.5053411385271363E-05
"p783": 0
"p784": 0.003245891829949138
"p785": 0.0014225473759081435
"p786": 0.0003349384033222878
"p787": 1.6935087808430282E-05
"p788": 6.774035123372113E-05
"p789": 5.645029269476761E-06
"p790": 0
"p791": 0
"p792": 0.005136976635223853
"p793": 0.001889203128851556
"p794": 0.00026343469924224885
"p795": 1.8816764231589203E-05
"p796": 0.0027886444591215206
"p797": 0.0007451438635709324
"p798": 6.962202765688006E-05
"p799": 1.8816764231589204E-06
"p800": 0.00031988499193701646
"p801": 0.0001016105268505817
"p802": 1.8816764231589203E-05
"p803": 0
"p804": 0
"p805": 0
"p806": 0
"p807": 0
"p808": 0.00024838128785697745
"p809": 8.091208619583358E-05
"p810": 1.5053411385271365E-05
"p811": 0
"p812": 0.00011290058538953519
"p813": 1.8816764231589203E-05
"p814": 1.8816764231589204E-06
"p815": 0
"p816": 0.0018779130703126022
"p817": 0.0006811668651835292
"p818": 8.655711546531033E-05
