"p756": 5.2686939848449775E-05
"p757": 0
"p758": 0
"p759": 0
"p760": 0.013433287984931534
"p761": 0.004389951095229761
"p762": 0.000756433922109886
"p763": 5.456861627160869E-05
"p764": 0.008785547219729
"p765": 0.003070895922595358
"p766": 0.0005776746619097885
"p767": 6.774035123372113E-05
"p768": 0.0029730487485910943
"p769": 0.0011195974717795576
"p770": 0.0002220378179327526
"p771": 1.5053411385271365E-05
"p772": 0
"p773": 0
"p774": 0
"p775": 0
"p776": 0.0009126130652320763
"p777": 0.00023709122931802394
"p778": 1.5053411385271363E-05
"p779": 0
"p780": 0.0010800822668932202
"p781": 0.000355636843977036
"p782": 5.645029269476761E-05
"p783": 0
"p784": 0.002250485002098069
"p785": 0.0008015941562657001
"p786": 0.0001599424959685082
"p787": 1.8816764231589203E-05
"p788": 0.00023144620004854718
"p789": 3.3870175616860565E-05
"p790": 0
"p791": 0
"p792": 0.0012456697921312053
"p793": 0.00037445360820862513
"p794": 6.774035123372114E-05
"p795": 5.645029269476761E-06
"p796": 0.0018609779825041722
"p797": 0.0006886935708761649
"p798": 0.0001467707610063958
"p799": 1.8816764231589203E-05
"p800": 0.018447955652650054
"p801": 0.007784495362608455
"p802": 0.0019287183337378935
"p803": 0.00022768284720222937
"p804": 4.7041910578973E-05
"p805": 5.645029269476761E-06
"p806": 0
"p807": 0
"p808": 0.017234274359712556
"p809": 0.006614092627403605
"p810": 0.001469589286487117
"p811": 0.00014865243742955472
"p812": 0.014820083508799663
"p813": 0.004717362792859414
"p814": 0.0008373460083057195
"p815": 7.526705692635681E-05
"p816": 0.016118440240779314
"p817": 0.007752506863414752
"p818": 0.0021752179451717123
