"p756": 0.00357330352757879
"p757": 0.0012212079986301393
"p758": 0.00023332787647170614
"p759": 2.0698440654748128E-05
"p760": 0.02779800579932673
"p761": 0.0087535587205353
"p762": 0.0015373296377208382
"p763": 0.0001298356731979655
"p764": 0.04279496689190334
"p765": 0.015175720352776699
"p766": 0.002828159664007858
"p767": 0.00019945770085484557
"p768": 9.032046831162818E-05
"p769": 3.7633528463178407E-06
"p770": 0
"p771": 0
"p772": 5.2686939848449775E-05
"p773": 1.1290058538953523E-05
"p774": 0
"p775": 0
"p776": 0.0008862695953078516
"p777": 0.0002577896699727721
"p778": 3.387017561686057E-05
"p779": 0
"p780": 0.0007225637464930254
"p781": 0.0002464996114338186
"p782": 4.5160234155814084E-05
"p783": 0
"p784": 0
"p785": 0
"p786": 0
"p787": 0
"p788": 1.1290058538953523E-05
"p789": 0
"p790": 0
"p791": 0
"p792": 3.7633528463178407E-06
"p793": 0
"p794": 0
"p795": 0
"p796": 3.198849919370165E-05
"p797": 7.5267056926356815E-06
"p798": 0
"p799": 0
"p800": 1.6935087808430282E-05
"p801": 0
"p802": 0
"p803": 0
"p804": 4.327855773265517E-05
"p805": 1.1290058538953523E-05
"p806": 0
"p807": 0
"p808": 0.0001994577008548456
"p809": 5.080526342529085E-05
"p810": 0
"p811": 0
"p812": 0.0002220378179327526
"p813": 5.833196911792653E-05
"p814": 0
"p815": 0
"p816": 9.408382115794602E-06
"p817": 1.8816764231589204E-06
"p818": 0
