"p756": 7.903040977267465E-05
"p757": 5.645029269476761E-06
"p758": 0
"p759": 0
"p760": 0.026147775576216357
"p761": 0.009389565351563012
"p762": 0.0018421612182725829
"p763": 0.00015429746669903146
"p764": 0.01745254882479899
"p765": 0.006215177225693915
"p766": 0.0013416352897123104
"p767": 0.00019381267158536877
"p768": 0.00017123255450746176
"p769": 2.8225146347383808E-05
"p770": 0
"p771": 0
"p772": 0
"p773": 0
"p774": 0
"p775": 0
"p776": 5.645029269476761E-05
"p777": 7.5267056926356815E-06
"p778": 0
"p779": 0
"p780": 2.4461793501065963E-05
"p781": 3.7633528463178407E-06
"p782": 0
"p783": 0
"p784": 0.00013171734962112442
"p785": 6.021364554108545E-05
"p786": 1.1290058538953523E-05
"p787": 0
"p788": 3.7633528463178407E-06
"p789": 0
"p790": 0
"p791": 0
"p792": 0.0001467707610063958
"p793": 1.5053411385271363E-05
"p794": 0
"p795": 0
"p796": 9.596549758110492E-05
"p797": 3.387017561686057E-05
"p798": 0
"p799": 0
"p800": 0.0006736401594908935
"p801": 0.000165587525237985
"p802": 2.2580117077907045E-05
"p803": 0
"p804": 0
"p805": 0
"p806": 0
"p807": 0
"p808": 0.0006040181318340133
"p809": 9.972885042742278E-05
"p810": 1.1290058538953523E-05
"p811": 0
"p812": 0.00022203781793275258
"p813": 2.8225146347383805E-05
"p814": 0
"p815": 0
"p816": 0.0009784717400426386
"p817": 0.00036504522609283053
"p818": 5.833196911792653E-05
