"p756": 0
"p757": 0
"p758": 0
"p759": 0
"p760": 0.009891972956546445
"p761": 0.0027340758428499113
"p762": 0.0003180033155138576
"p763": 5.645029269476761E-06
"p764": 0.0009803534164657974
"p765": 0.0003499918147075592
"p766": 5.2686939848449775E-05
"p767": 5.645029269476761E-06
"p768": 0.003701257524353596
"p769": 0.001275776614901748
"p770": 0.00023709122931802394
"p771": 3.0106822770542726E-05
"p772": 0.000660468424528781
"p773": 0.0001486524374295547
"p774": 1.6935087808430286E-05
"p775": 0
"p776": 0.018814882555166047
"p777": 0.0077111099821052555
"p778": 0.0018120543955020404
"p779": 0.0002220378179327526
"p780": 0.01401472599968764
"p781": 0.0054625066564303465
"p782": 0.0013359902604428335
"p783": 0.0001862859658927331
"p784": 0.00020886608297064017
"p785": 3.3870175616860565E-05
"p786": 0
"p787": 0
"p788": 0
"p789": 0
"p790": 0
"p791": 0
"p792": 0.00020510273012432233
"p793": 4.327855773265517E-05
"p794": 5.645029269476761E-06
"p795": 0
"p796": 1.8816764231589203E-05
"p797": 3.7633528463178407E-06
"p798": 0
"p799": 0
"p800": 0.0017781842198851799
"p801": 0.0005776746619097886
"p802": 0.00012419064392848875
"p803": 1.6935087808430282E-05
"p804": 2.2580117077907045E-05
"p805": 0
"p806": 0
"p807": 0
"p808": 0.01662272952218591
"p809": 0.006770271770525795
"p810": 0.001510986167796613
"p811": 0.0001542974666990315
"p812": 0.006192597108616007
"p813": 0.0022749467955991342
"p814": 0.0005475678391392458
"p815": 7.52670569263568E-05
"p816": 0.002173336268748553
"p817": 0.0007696056570719984
"p818": 0.00015241579027587253
