"p756": 0.00020698440654748124
"p757": 2.2580117077907045E-05
"p758": 0
"p759": 0
"p760": 0.0029467052786668686
"p761": 0.0007827773920341109
"p762": 0.00011101890896637632
"p763": 2.4461793501065966E-05
"p764": 0.009600313110956812
"p765": 0.003127346215290125
"p766": 0.0006077814846803313
"p767": 4.892358700213193E-05
"p768": 3.0106822770542726E-05
"p769": 0
"p770": 0
"p771": 0
"p772": 0.0001580608195453493
"p773": 1.8816764231589203E-05
"p774": 0
"p775": 0
"p776": 0.00041396881309496247
"p777": 0.00010537387969689955
"p778": 1.1290058538953523E-05
"p779": 0
"p780": 0.00032364834478333426
"p781": 0.00012042729108217089
"p782": 2.2580117077907045E-05
"p783": 0
"p784": 0
"p785": 0
"p786": 0
"p787": 0
"p788": 0
"p789": 0
"p790": 0
"p791": 0
"p792": 9.408382115794602E-06
"p793": 0
"p794": 0
"p795": 0
"p796": 0.00010349220327374062
"p797": 1.5053411385271363E-05
"p798": 0
"p799": 0
"p800": 0.0009107313888089176
"p801": 0.00021451111224011685
"p802": 2.634346992422488E-05
"p803": 0
"p804": 0.0004214955187875981
"p805": 4.139688130949624E-05
"p806": 0
"p807": 0
"p808": 0.006365711339546628
"p809": 0.0019757602443168662
"p810": 0.000329293374052811
"p811": 4.139688130949624E-05
"p812": 0.004094527896793811
"p813": 0.0014451274929860507
"p814": 0.00027284308135804345
"p815": 4.139688130949624E-05
"p816": 9.784717400426384E-05
"p817": 2.258011707790704E-05
"p818": 0
