"p756": 0.0005870830440255832
"p757": 0.00015241579027587258
"p758": 1.1290058538953523E-05
"p759": 0
"p760": 0.010432014089993055
"p761": 0.0032797620055659985
"p762": 0.0006134265139498081
"p763": 4.892358700213193E-05
"p764": 0.017315186445908386
"p765": 0.006358184633853992
"p766": 0.0012795399677480658
"p767": 7.150370408003898E-05
"p768": 1.1290058538953523E-05
"p769": 0
"p770": 0
"p771": 0
"p772": 6.962202765688006E-05
"p773": 1.1290058538953523E-05
"p774": 0
"p775": 0
"p776": 0.00013171734962112442
"p777": 2.258011707790705E-05
"p778": 0
"p779": 0
"p780": 0.00015053411385271363
"p781": 6.021364554108545E-05
"p782": 1.1290058538953523E-05
"p783": 0
"p784": 0
"p785": 0
"p786": 0
"p787": 0
"p788": 0
"p789": 0
"p790": 0
"p791": 0
"p792": 0
"p793": 0
"p794": 0
"p795": 0
"p796": 0
"p797": 0
"p798": 0
"p799": 0
"p800": 0.00014300740816007793
"p801": 1.5053411385271361E-05
"p802": 0
"p803": 0
"p804": 9.596549758110495E-05
"p805": 2.2580117077907045E-05
"p806": 0
"p807": 0
"p808": 0.0016521118995335318
"p809": 0.00045912904725077655
"p810": 6.962202765688005E-05
"p811": 1.1290058538953523E-05
"p812": 0.001113952442510081
"p813": 0.00037069025536230727
"p814": 5.833196911792653E-05
"p815": 1.1290058538953523E-05
"p816": 7.52670569263568E-06
"p817": 0
"p818": 0
