"p756": 0.020745482565327097
"p757": 0.007144725378734422
"p758": 0.0012437881157080467
"p759": 5.645029269476761E-05
"p760": 0.0033719641503007843
"p761": 0.0011177157953563986
"p762": 0.0001373623788906012
"p763": 9.408382115794602E-06
"p764": 0.002816869605468904
"p765": 0.0009276664766173478
"p766": 0.00010913723254321737
"p767": 3.7633528463178407E-06
"p768": 0.0009370748587331423
"p769": 0.0003142399626675397
"p770": 5.456861627160869E-05
"p771": 1.1290058538953523E-05
"p772": 0.0006811668651835292
"p773": 0.0002615530228190899
"p774": 4.8923587002131926E-05
"p775": 1.1290058538953523E-05
"p776": 0.0006228348960656026
"p777": 0.00014677076100639576
"p778": 5.645029269476761E-06
"p779": 0
"p780": 0.0003180033155138575
"p781": 5.645029269476761E-05
"p782": 0
"p783": 0
"p784": 5.645029269476761E-06
"p785": 0
"p786": 0
"p787": 0
"p788": 3.0106822770542726E-05
"p789": 3.7633528463178407E-06
"p790": 0
"p791": 0
"p792": 0
"p793": 0
"p794": 0
"p795": 0
"p796": 3.7633528463178407E-06
"p797": 3.7633528463178407E-06
"p798": 0
"p799": 0
"p800": 0.0002671980520885667
"p801": 5.833196911792653E-05
"p802": 9.4083821157946E-06
"p803": 0
"p804": 0.000284133139896997
"p805": 8.279376261899248E-05
"p806": 9.4083821157946E-06
"p807": 0
"p808": 6.585867481056221E-05
"p809": 1.8816764231589204E-06
"p810": 0
"p811": 0
"p812": 9.408382115794602E-06
"p813": 1.8816764231589204E-06
"p814": 0
"p815": 0
"p816": 0.0006115448375266492
"p817": 0.00012042729108217089
"p818": 3.7633528463178407E-06
