"p756": 0.013452104749163123
"p757": 0.004395596124499239
"p758": 0.0006454150131435097
"p759": 1.3171734962112444E-05
"p760": 0.0030897126868269474
"p761": 0.0007997124798425413
"p762": 8.279376261899251E-05
"p763": 0
"p764": 0.0016596386052261675
"p765": 0.0004948808992907961
"p766": 5.456861627160869E-05
"p767": 0
"p768": 0.0033663191210313087
"p769": 0.0011440592652806236
"p770": 0.00021074775939379904
"p771": 1.3171734962112444E-05
"p772": 0.006461676837127734
"p773": 0.0021639278866327585
"p774": 0.00041208713667180365
"p775": 4.704191057897301E-05
"p776": 0.001213681292937504
"p777": 0.000284133139896997
"p778": 4.327855773265517E-05
"p779": 0
"p780": 0.006179425373653896
"p781": 0.0019324816865842114
"p782": 0.0003424651090149235
"p783": 2.2580117077907045E-05
"p784": 0
"p785": 0
"p786": 0
"p787": 0
"p788": 1.6935087808430282E-05
"p789": 0
"p790": 0
"p791": 0
"p792": 0
"p793": 0
"p794": 0
"p795": 0
"p796": 0
"p797": 0
"p798": 0
"p799": 0
"p800": 0.0020002220378179322
"p801": 0.0007338538050319789
"p802": 0.0001580608195453493
"p803": 1.3171734962112444E-05
"p804": 0.007188003936467076
"p805": 0.0026080035224982628
"p806": 0.000519342692791862
"p807": 5.268693984844977E-05
"p808": 0.0006096631611034901
"p809": 0.0001862859658927331
"p810": 3.575185204001948E-05
"p811": 1.8816764231589204E-06
"p812": 0.0020924241825527193
"p813": 0.0006322432781813972
"p814": 7.526705692635681E-05
"p815": 1.8816764231589204E-06
"p816": 0.0018478062475420598
"p817": 0.000617189866796126
"p818": 0.00012230896750532982
