"p756": 0.017334003210139975
"p757": 0.0062942076354665895
"p758": 0.0011572310002427363
"p759": 5.268693984844976E-05
"p760": 0.011083074132406043
"p761": 0.003456639589342938
"p762": 0.00015994249596850825
"p763": 1.8816764231589204E-06
"p764": 0.004627042324547785
"p765": 0.00153356628487452
"p766": 6.585867481056221E-05
"p767": 1.8816764231589204E-06
"p768": 6.774035123372113E-05
"p769": 1.5053411385271363E-05
"p770": 0
"p771": 0
"p772": 0.00048547251717500153
"p773": 8.467543904215141E-05
"p774": 1.8816764231589204E-06
"p775": 0
"p776": 2.4461793501065963E-05
"p777": 5.645029269476761E-06
"p778": 0
"p779": 0
"p780": 0.0001542974666990315
"p781": 4.704191057897301E-05
"p782": 1.1290058538953523E-05
"p783": 0
"p784": 0.00015806081954534932
"p785": 1.8816764231589203E-05
"p786": 0
"p787": 0
"p788": 0.0008185292440741304
"p789": 0.00019569434800852773
"p790": 2.2580117077907045E-05
"p791": 0
"p792": 4.704191057897301E-05
"p793": 3.7633528463178407E-06
"p794": 0
"p795": 0
"p796": 0.0002897781691664737
"p797": 7.714873334951574E-05
"p798": 0
"p799": 0
"p800": 0.0022504850020980687
"p801": 0.0007620789513793627
"p802": 0.0001467707610063958
"p803": 2.8225146347383808E-05
"p804": 0.007440148577170371
"p805": 0.0026061218460751044
"p806": 0.000521224369215021
"p807": 7.526705692635681E-05
"p808": 0.00043090390090339274
"p809": 0.00012230896750532982
"p810": 2.634346992422489E-05
"p811": 1.8816764231589204E-06
"p812": 0.0027886444591215197
"p813": 0.0006755218359140525
"p814": 6.774035123372114E-05
"p815": 5.645029269476761E-06
"p816": 0.004751232968476273
"p817": 0.001674692016611439
"p818": 0.00032741169762965207
