"p756": 0
"p757": 0
"p758": 0
"p759": 0
"p760": 0.02391610733834988
"p761": 0.007312194580395566
"p762": 0.001019868621352135
"p763": 3.575185204001949E-05
"p764": 0.0025816600525740384
"p765": 0.0008015941562657
"p766": 7.52670569263568E-05
"p767": 0
"p768": 0.002865793192471036
"p769": 0.0008599261253836267
"p770": 0.00014300740816007796
"p771": 7.5267056926356815E-06
"p772": 0.00039327037244021434
"p773": 7.150370408003899E-05
"p774": 5.645029269476761E-06
"p775": 0
"p776": 0.007855999066688492
"p777": 0.002560961611919291
"p778": 0.0004760641350592069
"p779": 4.8923587002131926E-05
"p780": 0.006471085219243527
"p781": 0.002171454592325394
"p782": 0.00043090390090339274
"p783": 3.198849919370165E-05
"p784": 1.1290058538953523E-05
"p785": 0
"p786": 0
"p787": 0
"p788": 0
"p789": 0
"p790": 0
"p791": 0
"p792": 5.645029269476761E-06
"p793": 0
"p794": 0
"p795": 0
"p796": 0
"p797": 0
"p798": 0
"p799": 0
"p800": 0.001177929440897484
"p801": 0.00032553002120649325
"p802": 4.704191057897301E-05
"p803": 0
"p804": 1.1290058538953523E-05
"p805": 0
"p806": 0
"p807": 0
"p808": 0.007912449359383261
"p809": 0.0027641826656204533
"p810": 0.0005381594570234512
"p811": 5.4568616271608685E-05
"p812": 0.002124412681746421
"p813": 0.0007225637464930254
"p814": 0.00016935087808430283
"p815": 1.6935087808430286E-05
"p816": 0.00099352515142791
"p817": 0.0002860148163201559
"p818": 5.2686939848449775E-05
