"p756": 0.0004666557529434122
"p757": 9.22021447347871E-05
"p758": 5.645029269476761E-06
"p759": 0
"p760": 0.0877613883761321
"p761": 0.03550723410500884
"p762": 0.008682055016455264
"p763": 0.0011139524425100814
"p764": 0.026377340099841752
"p765": 0.010031217011860206
"p766": 0.0019964586849716146
"p767": 0.0001768775837769385
"p768": 0
"p769": 0
"p770": 0
"p771": 0
"p772": 0
"p773": 0
"p774": 0
"p775": 0
"p776": 4.516023415581409E-05
"p777": 7.5267056926356815E-06
"p778": 0
"p779": 0
"p780": 1.8816764231589204E-06
"p781": 1.8816764231589204E-06
"p782": 0
"p783": 0
"p784": 4.704191057897301E-05
"p785": 5.645029269476761E-06
"p786": 0
"p787": 0
"p788": 0
"p789": 0
"p790": 0
"p791": 0
"p792": 0.00024461793501065964
"p793": 6.774035123372114E-05
"p794": 5.645029269476761E-06
"p795": 0
"p796": 1.6935087808430286E-05
"p797": 3.7633528463178407E-06
"p798": 0
"p799": 0
"p800": 1.1290058538953523E-05
"p801": 0
"p802": 0
"p803": 0
"p804": 0
"p805": 0
"p806": 0
"p807": 0
"p808": 0.00034999181470755914
"p809": 6.39769983874033E-05
"p810": 0
"p811": 0
"p812": 6.585867481056221E-05
"p813": 1.3171734962112442E-05
"p814": 0
"p815": 0
"p816": 9.784717400426385E-05
"p817": 2.2580117077907045E-05
"p818": 0
