"p756": 0.016475958761179514
"p757": 0.00573346806136523
"p758": 0.0011177157953563986
"p759": 0.0001129005853895352
"p760": 0.002737839195696229
"p761": 0.0009257848001941887
"p762": 0.0001016105268505817
"p763": 1.8816764231589204E-06
"p764": 0.0028996633680878963
"p765": 0.0009408382115794603
"p766": 9.784717400426387E-05
"p767": 5.645029269476761E-06
"p768": 0.00034058343259176454
"p769": 7.526705692635681E-05
"p770": 5.645029269476761E-06
"p771": 0
"p772": 0.0006058998082571724
"p773": 0.00019004931873905094
"p774": 2.0698440654748124E-05
"p775": 0
"p776": 3.9515204886337324E-05
"p777": 1.8816764231589204E-06
"p778": 0
"p779": 0
"p780": 6.774035123372113E-05
"p781": 0
"p782": 0
"p783": 0
"p784": 0.00038950701959389653
"p785": 0.0001016105268505817
"p786": 1.1290058538953523E-05
"p787": 0
"p788": 0.00042714054805707494
"p789": 0.0001279539967748066
"p790": 2.2580117077907045E-05
"p791": 0
"p792": 6.774035123372112E-05
"p793": 3.0106822770542722E-05
"p794": 0
"p795": 0
"p796": 0.00019945770085484554
"p797": 6.39769983874033E-05
"p798": 0
"p799": 0
"p800": 0.0029523503079363455
"p801": 0.0009088497123857585
"p802": 0.0001392440553137601
"p803": 7.5267056926356815E-06
"p804": 0.0025703699940350846
"p805": 0.0009464832408489371
"p806": 0.00017311423093062066
"p807": 7.5267056926356815E-06
"p808": 0.001503459462103977
"p809": 0.00028789649274331484
"p810": 7.5267056926356815E-06
"p811": 0
"p812": 0.0006378883074508741
"p813": 8.279376261899248E-05
"p814": 0
"p815": 0
"p816": 0.004331619126111835
"p817": 0.001558028078375586
"p818": 0.0003123582862443807
