"p756": 0.03325674910291076
"p757": 0.012146221311490832
"p758": 0.0025873050818435157
"p759": 0.00021074775939379907
"p760": 0.005774864942674727
"p761": 0.001776302543462021
"p762": 0.00019569434800852773
"p763": 9.408382115794602E-06
"p764": 0.003891306843092647
"p765": 0.0013341085840196743
"p766": 0.00011666393823585305
"p767": 5.645029269476761E-06
"p768": 8.655711546531033E-05
"p769": 1.5053411385271363E-05
"p770": 0
"p771": 0
"p772": 0.00018816764231589203
"p773": 5.6450292694767617E-05
"p774": 5.645029269476761E-06
"p775": 0
"p776": 7.5267056926356815E-06
"p777": 5.645029269476761E-06
"p778": 0
"p779": 0
"p780": 7.150370408003898E-05
"p781": 2.8225146347383805E-05
"p782": 0
"p783": 0
"p784": 0
"p785": 0
"p786": 0
"p787": 0
"p788": 0
"p789": 0
"p790": 0
"p791": 0
"p792": 0
"p793": 0
"p794": 0
"p795": 0
"p796": 0
"p797": 0
"p798": 0
"p799": 0
"p800": 0.000850517743267832
"p801": 0.0002559079935496132
"p802": 3.387017561686057E-05
"p803": 0
"p804": 0.000826055949766766
"p805": 0.0002878964927433148
"p806": 4.5160234155814084E-05
"p807": 0
"p808": 0.0005099343106760674
"p809": 0.00013548070246744226
"p810": 0
"p811": 0
"p812": 0.00037257193178546626
"p813": 7.150370408003898E-05
"p814": 0
"p815": 0
"p816": 0.00012983567319796552
"p817": 1.5053411385271363E-05
"p818": 0
