"p756": 3.7633528463178407E-06
"p757": 0
"p758": 0
"p759": 0
"p760": 0.008919146245773283
"p761": 0.0026230569338835347
"p762": 0.0003688085789391484
"p763": 2.2580117077907045E-05
"p764": 0.0031800331551385752
"p765": 0.0009314298294636654
"p766": 9.596549758110495E-05
"p767": 0
"p768": 0.00044972066513498195
"p769": 9.784717400426387E-05
"p770": 1.1290058538953523E-05
"p771": 0
"p772": 0.00017499590735377957
"p773": 3.3870175616860565E-05
"p774": 0
"p775": 0
"p776": 0.0002671980520885667
"p777": 6.585867481056221E-05
"p778": 1.1290058538953523E-05
"p779": 0
"p780": 0.0004214955187875982
"p781": 9.784717400426385E-05
"p782": 0
"p783": 0
"p784": 5.645029269476761E-06
"p785": 0
"p786": 0
"p787": 0
"p788": 0
"p789": 0
"p790": 0
"p791": 0
"p792": 0
"p793": 0
"p794": 0
"p795": 0
"p796": 0
"p797": 0
"p798": 0
"p799": 0
"p800": 0.010025571982590728
"p801": 0.0035300249698461336
"p802": 0.0007451438635709325
"p803": 8.467543904215141E-05
"p804": 0.0004929992228676371
"p805": 6.774035123372113E-05
"p806": 5.645029269476761E-06
"p807": 0
"p808": 0.005658201004438872
"p809": 0.001582489871876652
"p810": 0.0002559079935496132
"p811": 1.8816764231589203E-05
"p812": 0.011167749571448194
"p813": 0.003496154794229274
"p814": 0.000611544837526649
"p815": 4.51602341558141E-05
"p816": 0.003945875459364256
"p817": 0.0013416352897123102
"p818": 0.0002916598455896326
