"p756": 0
"p757": 0
"p758": 0
"p759": 0
"p760": 0.026381103452688077
"p761": 0.008429910375751967
"p762": 0.0013209368490575625
"p763": 8.091208619583358E-05
"p764": 0.004611988913162514
"p765": 0.0011967462051290737
"p766": 0.0001467707610063958
"p767": 9.408382115794602E-06
"p768": 0.0001448890845832369
"p769": 2.0698440654748128E-05
"p770": 1.8816764231589204E-06
"p771": 0
"p772": 0
"p773": 0
"p774": 0
"p775": 0
"p776": 0.0026588087859235545
"p777": 0.0008881512717310103
"p778": 0.00015053411385271363
"p779": 1.1290058538953523E-05
"p780": 0.0004911175464444782
"p781": 8.467543904215141E-05
"p782": 1.8816764231589204E-06
"p783": 0
"p784": 0.0008900329481541693
"p785": 0.00020886608297064017
"p786": 2.6343469924224884E-05
"p787": 0
"p788": 6.774035123372114E-05
"p789": 5.645029269476761E-06
"p790": 0
"p791": 0
"p792": 0.008113788736661267
"p793": 0.0030520791583637684
"p794": 0.0006040181318340133
"p795": 3.575185204001948E-05
"p796": 0.002464996114338186
"p797": 0.0006774035123372113
"p798": 7.714873334951573E-05
"p799": 1.8816764231589204E-06
"p800": 3.010682277054273E-05
"p801": 3.7633528463178407E-06
"p802": 0
"p803": 0
"p804": 0
"p805": 0
"p806": 0
"p807": 0
"p808": 0.0005325144277539745
"p809": 0.00016746920166114395
"p810": 3.198849919370165E-05
"p811": 0
"p812": 8.279376261899248E-05
"p813": 3.76335284631784E-06
"p814": 0
"p815": 0
"p816": 0.0003499918147075592
"p817": 0.000141125731736919
"p818": 2.2580117077907045E-05
