"p756": 0
"p757": 0
"p758": 0
"p759": 0
"p760": 0.02874448904017567
"p761": 0.00935757685236931
"p762": 0.0015956616068387647
"p763": 8.279376261899251E-05
"p764": 0.005554708801165134
"p765": 0.0017254972800367298
"p766": 0.0002784881106275202
"p767": 2.2580117077907045E-05
"p768": 0.0005268693984844977
"p769": 8.843879188846926E-05
"p770": 3.7633528463178407E-06
"p771": 0
"p772": 0
"p773": 0
"p774": 0
"p775": 0
"p776": 0.0014526541986786868
"p777": 0.0003763352846317841
"p778": 3.951520488633733E-05
"p779": 0
"p780": 0.0004760641350592068
"p781": 0.0001279539967748066
"p782": 1.1290058538953523E-05
"p783": 0
"p784": 0
"p785": 0
"p786": 0
"p787": 0
"p788": 0
"p789": 0
"p790": 0
"p791": 0
"p792": 6.774035123372113E-05
"p793": 5.645029269476761E-06
"p794": 0
"p795": 0
"p796": 0
"p797": 0
"p798": 0
"p799": 0
"p800": 0.004830263378248949
"p801": 0.001627650106032466
"p802": 0.0002973048748591094
"p803": 7.5267056926356815E-06
"p804": 0.000496762575713955
"p805": 0.00011666393823585305
"p806": 5.645029269476761E-06
"p807": 0
"p808": 0.02979258280787519
"p809": 0.010783887581123775
"p810": 0.002271183442752817
"p811": 0.00020133937727800447
"p812": 0.014042951146035026
"p813": 0.005242350514920752
"p814": 0.0010480937676995187
"p815": 5.645029269476761E-05
"p816": 0.0005739113090634708
"p817": 0.00011478226181269412
"p818": 0
