"p756": 0
"p757": 0
"p758": 0
"p759": 0
"p760": 0.019580724859391725
"p761": 0.006090986581765425
"p762": 0.0009596549758110494
"p763": 3.575185204001949E-05
"p764": 0.003217666683601754
"p765": 0.0008730978603457391
"p766": 0.00011854561465901197
"p767": 5.645029269476761E-06
"p768": 1.5053411385271361E-05
"p769": 0
"p770": 0
"p771": 0
"p772": 0
"p773": 0
"p774": 0
"p775": 0
"p776": 0.0010782005904700614
"p777": 0.00024461793501065964
"p778": 3.387017561686057E-05
"p779": 0
"p780": 0.00018252261304641524
"p781": 2.2580117077907045E-05
"p782": 0
"p783": 0
"p784": 0.00010349220327374062
"p785": 2.2580117077907045E-05
"p786": 0
"p787": 0
"p788": 0
"p789": 0
"p790": 0
"p791": 0
"p792": 0.0020228021548958394
"p793": 0.0005964914261413777
"p794": 0.00010537387969689955
"p795": 2.2580117077907045E-05
"p796": 0.0005099343106760674
"p797": 0.00013359902604428333
"p798": 1.1290058538953523E-05
"p799": 0
"p800": 3.7633528463178407E-06
"p801": 0
"p802": 0
"p803": 0
"p804": 0
"p805": 0
"p806": 0
"p807": 0
"p808": 0.0001768775837769385
"p809": 1.6935087808430286E-05
"p810": 0
"p811": 0
"p812": 1.6935087808430282E-05
"p813": 0
"p814": 0
"p815": 0
"p816": 6.774035123372114E-05
"p817": 1.1290058538953523E-05
"p818": 0
