"p756": 0.024074168157895228
"p757": 0.007925621094345373
"p758": 0.0012513148214006822
"p759": 4.8923587002131926E-05
"p760": 0.004388069418806602
"p761": 0.0012701315856322713
"p762": 0.0001768775837769385
"p763": 9.408382115794602E-06
"p764": 0.003196968242947006
"p765": 0.001016105268505817
"p766": 0.00013359902604428335
"p767": 3.7633528463178407E-06
"p768": 0.0052536405734597055
"p769": 0.0022053247679422548
"p770": 0.00045724737082761767
"p771": 2.6343469924224884E-05
"p772": 0.00791433103580642
"p773": 0.0031875598608312105
"p774": 0.0007432621871477735
"p775": 7.150370408003898E-05
"p776": 0.002779236077005725
"p777": 0.0010518571205458366
"p778": 0.00021262943581695803
"p779": 9.408382115794602E-06
"p780": 0.007487190487749345
"p781": 0.002769827694889931
"p782": 0.00048170916432868367
"p783": 1.3171734962112444E-05
"p784": 5.645029269476761E-06
"p785": 0
"p786": 0
"p787": 0
"p788": 7.338538050319788E-05
"p789": 5.645029269476761E-06
"p790": 0
"p791": 0
"p792": 0
"p793": 0
"p794": 0
"p795": 0
"p796": 0
"p797": 0
"p798": 0
"p799": 0
"p800": 0.006185070402923369
"p801": 0.0023257520590244255
"p802": 0.0004346672537497106
"p803": 3.7633528463178407E-05
"p804": 0.01607139833020034
"p805": 0.005795563383329474
"p806": 0.0011290058538953522
"p807": 0.00010725555612005845
"p808": 0.001815817748348358
"p809": 0.0006792851887603702
"p810": 0.00012230896750532982
"p811": 1.8816764231589204E-06
"p812": 0.0037031392007767553
"p813": 0.0010763189140469023
"p814": 0.00015617914312219037
"p815": 1.8816764231589204E-06
"p816": 0.004615752266008831
"p817": 0.0017029171629588228
"p818": 0.00036128187324651267
