"p756": 0.01792296793058872
"p757": 0.0057240596792494354
"p758": 0.0008806245660383747
"p759": 3.575185204001949E-05
"p760": 0.0013642154067902172
"p761": 0.00041396881309496247
"p762": 9.032046831162818E-05
"p763": 3.76335284631784E-06
"p764": 0.001701035486535664
"p765": 0.0005325144277539745
"p766": 6.209532196424438E-05
"p767": 0
"p768": 0.005537773713356702
"p769": 0.002224141532173844
"p770": 0.0005287510749076566
"p771": 6.585867481056221E-05
"p772": 0.011815046261014863
"p773": 0.004790748173362612
"p774": 0.0012324980571690927
"p775": 0.0001862859658927331
"p776": 0.0018835580995820791
"p777": 0.0006679951302214168
"p778": 0.00014865243742955472
"p779": 1.8816764231589204E-06
"p780": 0.0047719314091310226
"p781": 0.0013284635547501978
"p782": 0.00019004931873905096
"p783": 5.645029269476761E-06
"p784": 0.006689359684329963
"p785": 0.0028375680461236517
"p786": 0.0006040181318340134
"p787": 3.7633528463178407E-05
"p788": 0.010127182509441309
"p789": 0.004205546805760185
"p790": 0.0010236319741984525
"p791": 0.00010537387969689954
"p792": 0.003633517173119875
"p793": 0.001390558876714442
"p794": 0.00026343469924224885
"p795": 9.408382115794602E-06
"p796": 0.007795785421147406
"p797": 0.002912835103050009
"p798": 0.0005099343106760675
"p799": 1.3171734962112444E-05
"p800": 0.0023934924102581466
"p801": 0.0008185292440741303
"p802": 0.00010537387969689952
"p803": 7.5267056926356815E-06
"p804": 0.008102498678122313
"p805": 0.0025684883176119258
"p806": 0.0002935415220127916
"p807": 9.408382115794602E-06
"p808": 0.00042525887163391595
"p809": 0.0001279539967748066
"p810": 2.2580117077907045E-05
"p811": 1.8816764231589204E-06
"p812": 0.0007564339221098859
"p813": 0.00022580117077907044
"p814": 3.575185204001949E-05
"p815": 1.8816764231589204E-06
"p816": 0.0017631308084999082
"p817": 0.0006623501009519401
"p818": 0.00010725555612005847
