"p756": 0
"p757": 0
"p758": 0
"p759": 0
"p760": 0.02223577029246896
"p761": 0.007897395947997989
"p762": 0.0015617914312219038
"p763": 9.408382115794602E-05
"p764": 0.0046308056773941035
"p765": 0.001347280318981787
"p766": 0.00024461793501065964
"p767": 2.2580117077907045E-05
"p768": 6.962202765688006E-05
"p769": 1.1290058538953523E-05
"p770": 0
"p771": 0
"p772": 0
"p773": 0
"p774": 0
"p775": 0
"p776": 0.0002747247577812023
"p777": 7.150370408003898E-05
"p778": 1.1290058538953523E-05
"p779": 0
"p780": 7.5267056926356815E-06
"p781": 0
"p782": 0
"p783": 0
"p784": 0
"p785": 0
"p786": 0
"p787": 0
"p788": 0
"p789": 0
"p790": 0
"p791": 0
"p792": 0
"p793": 0
"p794": 0
"p795": 0
"p796": 0
"p797": 0
"p798": 0
"p799": 0
"p800": 0.00010161052685058169
"p801": 2.2580117077907045E-05
"p802": 0
"p803": 0
"p804": 0
"p805": 0
"p806": 0
"p807": 0
"p808": 0.00228247350129177
"p809": 0.0006341249546045561
"p810": 0.00010537387969689955
"p811": 2.2580117077907045E-05
"p812": 0.0005306327513308156
"p813": 0.00013548070246744226
"p814": 1.1290058538953523E-05
"p815": 0
"p816": 1.8816764231589203E-05
"p817": 0
"p818": 0
