"p756": 0
"p757": 0
"p758": 0
"p759": 0
"p760": 0.004128398072410671
"p761": 0.0012023912343985498
"p762": 0.0002201561415095937
"p763": 1.6935087808430286E-05
"p764": 0.0027303124900035928
"p765": 0.0008843879188846924
"p766": 0.00013171734962112442
"p767": 3.198849919370165E-05
"p768": 0.0021206493289001034
"p769": 0.0007790140391877931
"p770": 0.0001599424959685082
"p771": 1.8816764231589203E-05
"p772": 0.00023144620004854718
"p773": 3.3870175616860565E-05
"p774": 0
"p775": 0
"p776": 0.0012381430864385698
"p777": 0.00037445360820862513
"p778": 6.774035123372114E-05
"p779": 5.645029269476761E-06
"p780": 0.001845924571118901
"p781": 0.0006886935708761649
"p782": 0.0001467707610063958
"p783": 1.8816764231589203E-05
"p784": 0.0003274116976296522
"p785": 6.962202765688006E-05
"p786": 5.645029269476761E-06
"p787": 0
"p788": 0
"p789": 0
"p790": 0
"p791": 0
"p792": 1.3171734962112444E-05
"p793": 0
"p794": 0
"p795": 0
"p796": 2.6343469924224887E-05
"p797": 0
"p798": 0
"p799": 0
"p800": 0.02691173620401888
"p801": 0.011929828522827556
"p802": 0.0032759986527196804
"p803": 0.0005193426927918621
"p804": 0.0004290222244802338
"p805": 6.962202765688006E-05
"p806": 5.645029269476761E-06
"p807": 0
"p808": 0.029378613994780235
"p809": 0.012690025797783763
"p810": 0.0032835253584123166
"p811": 0.00037069025536230727
"p812": 0.025929501111129925
"p813": 0.009404618762948284
"p814": 0.0018666230117736495
"p815": 0.00014112573173691902
"p816": 0.01009331233382445
"p817": 0.004058776044753791
"p818": 0.0008843879188846926
