"p756": 0.009430962232872509
"p757": 0.0030727775990185176
"p758": 0.0006021364554108545
"p759": 4.892358700213193E-05
"p760": 0.00027848811062752013
"p761": 9.220214473478709E-05
"p762": 2.2580117077907045E-05
"p763": 1.8816764231589204E-06
"p764": 0.0006679951302214168
"p765": 0.000284133139896997
"p766": 4.8923587002131926E-05
"p767": 5.645029269476761E-06
"p768": 0.00038009863747810193
"p769": 0.0001016105268505817
"p770": 1.1290058538953523E-05
"p771": 0
"p772": 0.00032364834478333426
"p773": 0.00011290058538953522
"p774": 2.2580117077907045E-05
"p775": 0
"p776": 6.774035123372112E-05
"p777": 3.0106822770542722E-05
"p778": 0
"p779": 0
"p780": 0.00019945770085484554
"p781": 6.39769983874033E-05
"p782": 0
"p783": 0
"p784": 9.408382115794602E-06
"p785": 0
"p786": 0
"p787": 0
"p788": 0.00010349220327374062
"p789": 1.5053411385271363E-05
"p790": 0
"p791": 0
"p792": 0
"p793": 0
"p794": 0
"p795": 0
"p796": 0
"p797": 0
"p798": 0
"p799": 0
"p800": 0.004105817955332765
"p801": 0.0013830321710218063
"p802": 0.0002709614049348845
"p803": 4.139688130949624E-05
"p804": 0.002950468631513186
"p805": 0.001151585970973259
"p806": 0.0002464996114338186
"p807": 4.139688130949624E-05
"p808": 0.0029222434851658035
"p809": 0.0008523994196909908
"p810": 8.467543904215141E-05
"p811": 0
"p812": 0.0013943222295607596
"p813": 0.0003274116976296521
"p814": 2.634346992422488E-05
"p815": 0
"p816": 0.003456639589342937
"p817": 0.001059383826238472
"p818": 0.0001768775837769385
