"p756": 0
"p757": 0
"p758": 0
"p759": 0
"p760": 0.03586098927256271
"p761": 0.011150814483639762
"p762": 0.0016408218409945784
"p763": 7.150370408003898E-05
"p764": 0.007060049939692271
"p765": 0.0022053247679422548
"p766": 0.00035751852040019486
"p767": 2.8225146347383805E-05
"p768": 0.0031160561567511727
"p769": 0.001136532559587988
"p770": 0.00022203781793275258
"p771": 7.5267056926356815E-06
"p772": 0.0004760641350592069
"p773": 0.00011666393823585305
"p774": 5.645029269476761E-06
"p775": 0
"p776": 0.011862088171593834
"p777": 0.004754996321322592
"p778": 0.0010518571205458366
"p779": 8.843879188846926E-05
"p780": 0.008441200434290915
"p781": 0.0034434678543808247
"p782": 0.000711273687954072
"p783": 3.0106822770542722E-05
"p784": 5.645029269476761E-05
"p785": 0
"p786": 0
"p787": 0
"p788": 0
"p789": 0
"p790": 0
"p791": 0
"p792": 4.704191057897301E-05
"p793": 5.645029269476761E-06
"p794": 0
"p795": 0
"p796": 3.7633528463178407E-06
"p797": 0
"p798": 0
"p799": 0
"p800": 0.0017574857792304315
"p801": 0.0005362777806002922
"p802": 9.220214473478709E-05
"p803": 0
"p804": 2.0698440654748124E-05
"p805": 0
"p806": 0
"p807": 0
"p808": 0.0192382597503768
"p809": 0.00693585929576378
"p810": 0.001364215406790217
"p811": 0.00012419064392848875
"p812": 0.006043944671186452
"p813": 0.0020585540069358588
"p814": 0.00035751852040019486
"p815": 2.6343469924224884E-05
"p816": 0.0013077651140954492
"p817": 0.00041208713667180354
"p818": 8.091208619583358E-05
