"p756": 0
"p757": 0
"p758": 0
"p759": 0
"p760": 0.0022410766199822737
"p761": 0.0006661134537982578
"p762": 5.833196911792653E-05
"p763": 0
"p764": 0.0008279376261899249
"p765": 0.00029354152201279153
"p766": 4.327855773265517E-05
"p767": 0
"p768": 0.008565391078219405
"p769": 0.003917650313016872
"p770": 0.0009370748587331423
"p771": 0.0001016105268505817
"p772": 5.833196911792653E-05
"p773": 5.645029269476761E-06
"p774": 0
"p775": 0
"p776": 0.005861422058140036
"p777": 0.0021808629744411888
"p778": 0.00037257193178546626
"p779": 2.6343469924224887E-05
"p780": 0.009669935138613691
"p781": 0.0032665902706038863
"p782": 0.0006303616017582384
"p783": 7.33853805031979E-05
"p784": 0.01223277842695614
"p785": 0.005825670206100019
"p786": 0.001635176811725102
"p787": 0.00024085458216434186
"p788": 0.0007564339221098862
"p789": 0.00013171734962112442
"p790": 5.645029269476761E-06
"p791": 0
"p792": 0.012870666734407015
"p793": 0.004596935501777243
"p794": 0.0008222925969204481
"p795": 5.268693984844977E-05
"p796": 0.01946029756830956
"p797": 0.007609499455254676
"p798": 0.0017480773971146374
"p799": 0.0002163927886632758
"p800": 0.004363607625305537
"p801": 0.0018553329532346955
"p802": 0.00032364834478333426
"p803": 1.1290058538953523E-05
"p804": 0
"p805": 0
"p806": 0
"p807": 0
"p808": 0.0016841003987272335
"p809": 0.0005833196911792654
"p810": 8.467543904215141E-05
"p811": 1.8816764231589204E-06
"p812": 0.0018007643369630866
"p813": 0.0005494495155624048
"p814": 0.00012419064392848873
"p815": 3.7633528463178407E-06
"p816": 0.005268693984844976
"p817": 0.002122531005323262
"p818": 0.00035940019682335374
