"p756": 0
"p757": 0
"p758": 0
"p759": 0
"p760": 0.013930050560645491
"p761": 0.0040982912496401284
"p762": 0.0006491783659898276
"p763": 4.51602341558141E-05
"p764": 0.0028018161940836324
"p765": 0.0007489072164172505
"p766": 0.00011666393823585305
"p767": 2.6343469924224887E-05
"p768": 0.0002483812878569774
"p769": 2.2580117077907042E-05
"p770": 0
"p771": 0
"p772": 3.3870175616860565E-05
"p773": 0
"p774": 0
"p775": 0
"p776": 0.005682662797939942
"p777": 0.0019042565402368273
"p778": 0.00038198031390126086
"p779": 3.7633528463178407E-05
"p780": 0.001198627881552232
"p781": 0.00035563684397703593
"p782": 3.7633528463178407E-05
"p783": 0
"p784": 1.1290058538953523E-05
"p785": 0
"p786": 0
"p787": 0
"p788": 0
"p789": 0
"p790": 0
"p791": 0
"p792": 6.962202765688006E-05
"p793": 3.7633528463178407E-06
"p794": 0
"p795": 0
"p796": 0
"p797": 0
"p798": 0
"p799": 0
"p800": 0.00016182417239166713
"p801": 1.88167642315892E-05
"p802": 0
"p803": 0
"p804": 0
"p805": 0
"p806": 0
"p807": 0
"p808": 0.0035789485568482665
"p809": 0.001065028855507949
"p810": 0.0001975760244316866
"p811": 4.516023415581408E-05
"p812": 0.0007808957156109521
"p813": 0.00016182417239166716
"p814": 0
"p815": 0
"p816": 0.00030483158055174506
"p817": 9.032046831162818E-05
"p818": 1.505341138527136E-05
