"p756": 0.02328574573659164
"p757": 0.008360288348095084
"p758": 0.0018308711597336297
"p759": 0.00023332787647170614
"p760": 0.0015335662848745201
"p761": 0.00048359084075184255
"p762": 0.00010349220327374063
"p763": 1.8816764231589204E-06
"p764": 0.0018797947467357609
"p765": 0.0007056286586845951
"p766": 9.408382115794602E-05
"p767": 5.645029269476761E-06
"p768": 0.0003857436667475788
"p769": 6.585867481056221E-05
"p770": 0
"p771": 0
"p772": 0.0006585867481056221
"p773": 0.00019004931873905094
"p774": 2.0698440654748128E-05
"p775": 0
"p776": 9.596549758110492E-05
"p777": 4.139688130949624E-05
"p778": 5.645029269476761E-06
"p779": 0
"p780": 0.00033117505047597004
"p781": 9.596549758110492E-05
"p782": 9.408382115794602E-06
"p783": 0
"p784": 5.645029269476761E-06
"p785": 0
"p786": 0
"p787": 0
"p788": 7.338538050319788E-05
"p789": 1.5053411385271363E-05
"p790": 0
"p791": 0
"p792": 0
"p793": 0
"p794": 0
"p795": 0
"p796": 0
"p797": 0
"p798": 0
"p799": 0
"p800": 0.003981627311404276
"p801": 0.001482761021449229
"p802": 0.00028225146347383805
"p803": 1.6935087808430282E-05
"p804": 0.0034302961194187117
"p805": 0.0015203945499124075
"p806": 0.000353755167553877
"p807": 1.6935087808430282E-05
"p808": 0.0029843388071300477
"p809": 0.000920139770924712
"p810": 4.139688130949625E-05
"p811": 1.8816764231589204E-06
"p812": 0.0023953740866813054
"p813": 0.0005946097497182188
"p814": 3.951520488633734E-05
"p815": 1.8816764231589204E-06
"p816": 0.001791355954847292
"p817": 0.000496762575713955
"p818": 7.903040977267465E-05
