"p756": 0.011803756202475908
"p757": 0.0036598606430440998
"p758": 0.0006905752472993238
"p759": 5.45686162716087E-05
"p760": 0.0005983731025645366
"p761": 0.0001938126715853688
"p762": 2.8225146347383808E-05
"p763": 1.8816764231589204E-06
"p764": 0.0008448727139983552
"p765": 0.000378216961054943
"p766": 4.8923587002131926E-05
"p767": 5.645029269476761E-06
"p768": 0.0013152918197880854
"p769": 0.00041773216594128033
"p770": 6.774035123372114E-05
"p771": 1.1290058538953523E-05
"p772": 0.0026004768168056283
"p773": 0.000899441330269964
"p774": 0.00017875926020009743
"p775": 1.8816764231589203E-05
"p776": 0.0002671980520885667
"p777": 8.655711546531033E-05
"p778": 2.6343469924224887E-05
"p779": 5.645029269476761E-06
"p780": 0.001320936849057562
"p781": 0.0004911175464444782
"p782": 0.0001016105268505817
"p783": 7.5267056926356815E-06
"p784": 3.951520488633733E-05
"p785": 0
"p786": 0
"p787": 0
"p788": 0.0003274116976296522
"p789": 6.962202765688006E-05
"p790": 5.645029269476761E-06
"p791": 0
"p792": 0
"p793": 0
"p794": 0
"p795": 0
"p796": 0
"p797": 0
"p798": 0
"p799": 0
"p800": 0.02186508003710666
"p801": 0.009653000050805263
"p802": 0.002506392995647682
"p803": 0.0003368200797454468
"p804": 0.03358416080054042
"p805": 0.014562293838826885
"p806": 0.003951520488633733
"p807": 0.0006190715432192849
"p808": 0.013677905919942192
"p809": 0.005545300419049339
"p810": 0.0012513148214006824
"p811": 4.892358700213192E-05
"p812": 0.016268974354632027
"p813": 0.005812498471137906
"p814": 0.0010650288555079492
"p815": 5.268693984844976E-05
"p816": 0.007807075479686361
"p817": 0.0028488581046626055
"p818": 0.0006021364554108544
