"p756": 7.714873334951573E-05
"p757": 5.645029269476761E-06
"p758": 0
"p759": 0
"p760": 0.034011301348597485
"p761": 0.012074717607410792
"p762": 0.0019926953321252965
"p763": 0.00013924405531376007
"p764": 0.02022237651968892
"p765": 0.007568102573945176
"p766": 0.0015279212556050434
"p767": 0.0002051027301243223
"p768": 0.0013529253482512636
"p769": 0.0003706902553623072
"p770": 4.327855773265517E-05
"p771": 1.8816764231589204E-06
"p772": 0
"p773": 0
"p774": 0
"p775": 0
"p776": 0.0005569762212550404
"p777": 0.00014300740816007793
"p778": 7.5267056926356815E-06
"p779": 0
"p780": 0.0006153081903729669
"p781": 0.00016935087808430283
"p782": 1.6935087808430282E-05
"p783": 0
"p784": 0.0009333115058868244
"p785": 0.00026907972851172564
"p786": 2.6343469924224884E-05
"p787": 0
"p788": 0.00024273625858750077
"p789": 1.6935087808430282E-05
"p790": 0
"p791": 0
"p792": 0.00047418245863604794
"p793": 0.00014112573173691902
"p794": 1.3171734962112442E-05
"p795": 0
"p796": 0.0007507888928404093
"p797": 0.00024085458216434183
"p798": 3.3870175616860565E-05
"p799": 0
"p800": 0.013062597729569234
"p801": 0.004760641350592069
"p802": 0.0010650288555079492
"p803": 0.00014300740816007798
"p804": 5.268693984844976E-05
"p805": 5.645029269476761E-06
"p806": 0
"p807": 0
"p808": 0.00793314780003801
"p809": 0.002707732372925686
"p810": 0.0006209532196424438
"p811": 7.714873334951573E-05
"p812": 0.010151644302942377
"p813": 0.0030483158055174507
"p814": 0.0005287510749076566
"p815": 3.7633528463178407E-05
"p816": 0.010093312333824447
"p817": 0.004058776044753791
"p818": 0.0008843879188846926
