"p756": 0.01211423281229713
"p757": 0.0037163109357388675
"p758": 0.0006247165724887616
"p759": 4.51602341558141E-05
"p760": 0.0005814380147561065
"p761": 0.0002051027301243223
"p762": 5.2686939848449775E-05
"p763": 3.7633528463178407E-06
"p764": 0.0010292770034679294
"p765": 0.0003443467854380824
"p766": 4.3278557732655166E-05
"p767": 5.645029269476761E-06
"p768": 0.00254402652411086
"p769": 0.0009013230066931228
"p770": 0.00017875926020009743
"p771": 1.8816764231589203E-05
"p772": 0.0016521118995335318
"p773": 0.0006830485416066882
"p774": 0.0001561791431221904
"p775": 1.8816764231589203E-05
"p776": 0.0020980692118221962
"p777": 0.0006002547789876957
"p778": 6.962202765688005E-05
"p779": 0
"p780": 0.0010970173547016503
"p781": 0.00024461793501065964
"p782": 2.634346992422488E-05
"p783": 0
"p784": 5.645029269476761E-06
"p785": 0
"p786": 0
"p787": 0
"p788": 6.774035123372113E-05
"p789": 3.7633528463178407E-06
"p790": 0
"p791": 0
"p792": 0
"p793": 0
"p794": 0
"p795": 0
"p796": 3.7633528463178407E-06
"p797": 3.7633528463178407E-06
"p798": 0
"p799": 0
"p800": 0.0017650124849230668
"p801": 0.0005475678391392458
"p802": 0.0001034922032737406
"p803": 2.258011707790704E-05
"p804": 0.0014902877271418648
"p805": 0.000545686162716087
"p806": 0.00010161052685058167
"p807": 2.258011707790704E-05
"p808": 0.0008768612131920568
"p809": 0.00026719805208856665
"p810": 1.5053411385271361E-05
"p811": 0
"p812": 0.00033870175616860566
"p813": 9.784717400426385E-05
"p814": 0
"p815": 0
"p816": 0.0040324325748295675
"p817": 0.001221207998630139
"p818": 0.00018816764231589203
