"p756": 2.6343469924224887E-05
"p757": 3.7633528463178407E-06
"p758": 0
"p759": 0
"p760": 0.008145777235854967
"p761": 0.002826277987584698
"p762": 0.0006115448375266492
"p763": 7.714873334951573E-05
"p764": 0.006695004713599439
"p765": 0.002239194943559115
"p766": 0.0003970337252865322
"p767": 4.51602341558141E-05
"p768": 0.000617189866796126
"p769": 0.0001862859658927331
"p770": 2.0698440654748128E-05
"p771": 0
"p772": 5.080526342529084E-05
"p773": 0
"p774": 0
"p775": 0
"p776": 0.0003029499041285862
"p777": 7.338538050319788E-05
"p778": 5.645029269476761E-06
"p779": 0
"p780": 0.00046289240009709436
"p781": 0.0001298356731979655
"p782": 9.408382115794602E-06
"p783": 0
"p784": 7.338538050319788E-05
"p785": 1.5053411385271363E-05
"p786": 0
"p787": 0
"p788": 0
"p789": 0
"p790": 0
"p791": 0
"p792": 1.8816764231589204E-06
"p793": 0
"p794": 0
"p795": 0
"p796": 3.7633528463178407E-06
"p797": 0
"p798": 0
"p799": 0
"p800": 0.003565776821886154
"p801": 0.001531684608451361
"p802": 0.000353755167553877
"p803": 1.6935087808430282E-05
"p804": 4.704191057897301E-05
"p805": 5.645029269476761E-06
"p806": 0
"p807": 0
"p808": 0.005422991451544009
"p809": 0.001968233538624231
"p810": 0.0002747247577812024
"p811": 1.8816764231589203E-05
"p812": 0.002916598455896327
"p813": 0.0007677239806488396
"p814": 7.33853805031979E-05
"p815": 1.8816764231589204E-06
"p816": 0.002472522820030822
"p817": 0.0009126130652320764
"p818": 0.00012607232035164766
