"p756": 0.00010725555612005845
"p757": 5.645029269476761E-06
"p758": 0
"p759": 0
"p760": 0.045933603165732396
"p761": 0.016118440240779314
"p762": 0.0032778803291428392
"p763": 0.0002747247577812024
"p764": 0.01488594218361022
"p765": 0.005375949540965035
"p766": 0.001198627881552232
"p767": 0.00018252261304641527
"p768": 0
"p769": 0
"p770": 0
"p771": 0
"p772": 0
"p773": 0
"p774": 0
"p775": 0
"p776": 0.00022768284720222937
"p777": 3.575185204001949E-05
"p778": 0
"p779": 0
"p780": 1.6935087808430286E-05
"p781": 3.7633528463178407E-06
"p782": 0
"p783": 0
"p784": 7.33853805031979E-05
"p785": 1.1290058538953523E-05
"p786": 0
"p787": 0
"p788": 0
"p789": 0
"p790": 0
"p791": 0
"p792": 0.0002747247577812023
"p793": 7.150370408003898E-05
"p794": 1.1290058538953523E-05
"p795": 0
"p796": 7.5267056926356815E-06
"p797": 0
"p798": 0
"p799": 0
"p800": 1.8816764231589203E-05
"p801": 0
"p802": 0
"p803": 0
"p804": 0
"p805": 0
"p806": 0
"p807": 0
"p808": 0.0012324980571690929
"p809": 0.000259671346395931
"p810": 3.387017561686057E-05
"p811": 0
"p812": 0.00019004931873905094
"p813": 2.2580117077907045E-05
"p814": 0
"p815": 0
"p816": 9.784717400426385E-05
"p817": 2.2580117077907045E-05
"p818": 0
