"p756": 0.014445629900591034
"p757": 0.004389951095229761
"p758": 0.000730090452185661
"p759": 5.080526342529086E-05
"p760": 0.000965300005080526
"p761": 0.00034622846186124133
"p762": 7.714873334951573E-05
"p763": 3.7633528463178407E-06
"p764": 0.0011948645287059142
"p765": 0.00045536569440445874
"p766": 5.6450292694767617E-05
"p767": 5.645029269476761E-06
"p768": 0.010633353467271059
"p769": 0.005184018545802825
"p770": 0.0014771159921797524
"p771": 0.00021074775939379907
"p772": 0.012040847431793933
"p773": 0.00603077293622434
"p774": 0.0018252261304641526
"p775": 0.0003481101382844003
"p776": 0.008326418172478223
"p777": 0.003563895145462995
"p778": 0.0008523994196909909
"p779": 3.951520488633732E-05
"p780": 0.010187396154982396
"p781": 0.004024905869136931
"p782": 0.0007959491269962233
"p783": 4.1396881309496255E-05
"p784": 3.387017561686057E-05
"p785": 5.645029269476761E-06
"p786": 0
"p787": 0
"p788": 0.00030859493339806287
"p789": 6.39769983874033E-05
"p790": 5.645029269476761E-06
"p791": 0
"p792": 0
"p793": 0
"p794": 0
"p795": 0
"p796": 3.575185204001949E-05
"p797": 1.1290058538953523E-05
"p798": 0
"p799": 0
"p800": 0.011773649379705365
"p801": 0.004790748173362611
"p802": 0.0010988990311248097
"p803": 0.00012607232035164768
"p804": 0.022755112985260832
"p805": 0.009485530849144119
"p806": 0.0023050536183696776
"p807": 0.0002747247577812024
"p808": 0.005524601978394591
"p809": 0.0020717257418979714
"p810": 0.00041396881309496247
"p811": 1.1290058538953523E-05
"p812": 0.006100394963881219
"p813": 0.0018534512768115365
"p814": 0.0002991865512822683
"p815": 1.3171734962112444E-05
"p816": 0.009193871003554486
"p817": 0.0032929337405281107
"p818": 0.0006510600424129864
