"p756": 0.0007620789513793629
"p757": 0.0001844042894695742
"p758": 1.1290058538953523E-05
"p759": 0
"p760": 0.013930050560645488
"p761": 0.004098291249640129
"p762": 0.0006491783659898276
"p763": 4.51602341558141E-05
"p764": 0.02099010050033776
"p765": 0.007295259492587135
"p766": 0.0013077651140954497
"p767": 6.39769983874033E-05
"p768": 0.00010725555612005845
"p769": 3.3870175616860565E-05
"p770": 0
"p771": 0
"p772": 0.0006679951302214168
"p773": 8.843879188846926E-05
"p774": 3.7633528463178407E-06
"p775": 0
"p776": 0.00048170916432868367
"p777": 0.00011478226181269415
"p778": 1.3171734962112442E-05
"p779": 0
"p780": 0.0011986278815522323
"p781": 0.000355636843977036
"p782": 3.7633528463178407E-05
"p783": 0
"p784": 0
"p785": 0
"p786": 0
"p787": 0
"p788": 0
"p789": 0
"p790": 0
"p791": 0
"p792": 0
"p793": 0
"p794": 0
"p795": 0
"p796": 6.774035123372113E-05
"p797": 5.645029269476761E-06
"p798": 0
"p799": 0
"p800": 0.002852621457508923
"p801": 0.0010010518571205455
"p802": 0.00013171734962112442
"p803": 5.645029269476761E-06
"p804": 0.00533267098323238
"p805": 0.0017330239857293655
"p806": 0.0003029499041285862
"p807": 7.5267056926356815E-06
"p808": 0.013391891103622036
"p809": 0.005065472931143814
"p810": 0.00099352515142791
"p811": 5.833196911792653E-05
"p812": 0.028511161163703967
"p813": 0.010573139821729974
"p814": 0.0022881185305612473
"p815": 0.00019381267158536877
"p816": 0.00024838128785697745
"p817": 2.6343469924224887E-05
"p818": 0
