"p756": 0
"p757": 0
"p758": 0
"p759": 0
"p760": 0.005692071180055736
"p761": 0.0016163600474935129
"p762": 0.0001844042894695742
"p763": 0
"p764": 0.0020190388020495213
"p765": 0.0006247165724887615
"p766": 8.091208619583358E-05
"p767": 0
"p768": 0.00463268735381726
"p769": 0.0017593674556535903
"p770": 0.00039515204886337327
"p771": 6.209532196424438E-05
"p772": 3.575185204001949E-05
"p773": 5.645029269476761E-06
"p774": 0
"p775": 0
"p776": 0.0019625885093547536
"p777": 0.0006058998082571724
"p778": 0.0001204272910821709
"p779": 1.3171734962112444E-05
"p780": 0.004058776044753791
"p781": 0.0010763189140469026
"p782": 0.00014677076100639576
"p783": 2.634346992422489E-05
"p784": 0.006802260269719496
"p785": 0.0025534349062266543
"p786": 0.000564502926947676
"p787": 6.774035123372113E-05
"p788": 0.0004835908407518425
"p789": 6.585867481056221E-05
"p790": 5.645029269476761E-06
"p791": 0
"p792": 0.004830263378248948
"p793": 0.0013905588767144422
"p794": 0.00024461793501065964
"p795": 1.8816764231589203E-05
"p796": 0.009429080556449351
"p797": 0.0031329912445596016
"p798": 0.0005870830440255831
"p799": 4.51602341558141E-05
"p800": 0.001958825156508436
"p801": 0.0006924569237224827
"p802": 7.150370408003898E-05
"p803": 1.8816764231589204E-06
"p804": 0
"p805": 0
"p806": 0
"p807": 0
"p808": 0.0005325144277539745
"p809": 0.00015806081954534932
"p810": 2.8225146347383805E-05
"p811": 1.8816764231589204E-06
"p812": 0.0005249877220613389
"p813": 0.0001862859658927331
"p814": 4.892358700213193E-05
"p815": 3.7633528463178407E-06
"p816": 0.0017499590735377962
"p817": 0.0006190715432192848
"p818": 6.962202765688006E-05
