"p756": 0.0008166475676509714
"p757": 0.00024838128785697745
"p758": 4.1396881309496255E-05
"p759": 0
"p760": 0.0037614711698946827
"p761": 0.0012005095579753911
"p762": 0.0001486524374295547
"p763": 1.8816764231589204E-06
"p764": 0.013213131843421941
"p765": 0.004431347976539259
"p766": 0.00042525887163391606
"p767": 1.5053411385271365E-05
"p768": 0.00013171734962112442
"p769": 2.4461793501065963E-05
"p770": 0
"p771": 0
"p772": 7.150370408003898E-05
"p773": 1.1290058538953523E-05
"p774": 0
"p775": 0
"p776": 0.0004158504895181214
"p777": 0.00013359902604428335
"p778": 1.1290058538953523E-05
"p779": 0
"p780": 0.0004666557529434123
"p781": 0.00014300740816007793
"p782": 1.1290058538953523E-05
"p783": 0
"p784": 0
"p785": 0
"p786": 0
"p787": 0
"p788": 1.1290058538953523E-05
"p789": 0
"p790": 0
"p791": 0
"p792": 0
"p793": 0
"p794": 0
"p795": 0
"p796": 7.5267056926356815E-06
"p797": 0
"p798": 0
"p799": 0
"p800": 5.2686939848449775E-05
"p801": 5.645029269476761E-06
"p802": 0
"p803": 0
"p804": 4.139688130949624E-05
"p805": 1.1290058538953523E-05
"p806": 0
"p807": 0
"p808": 0.00025967134639593104
"p809": 5.2686939848449775E-05
"p810": 0
"p811": 0
"p812": 0.0003913886960170555
"p813": 9.032046831162818E-05
"p814": 0
"p815": 0
"p816": 1.6935087808430286E-05
"p817": 1.6935087808430286E-05
"p818": 0
