"p756": 0.0029015450445110547
"p757": 0.0007451438635709325
"p758": 6.209532196424438E-05
"p759": 0
"p760": 5.645029269476761E-05
"p761": 2.6343469924224887E-05
"p762": 7.5267056926356815E-06
"p763": 1.8816764231589204E-06
"p764": 0.0001580608195453493
"p765": 5.645029269476761E-05
"p766": 1.5053411385271365E-05
"p767": 1.8816764231589204E-06
"p768": 0.005155793399455442
"p769": 0.0019117832459294632
"p770": 0.0003631635496696716
"p771": 2.82251463473838E-05
"p772": 0.010674750348580559
"p773": 0.004026787545560089
"p774": 0.0008128842148046535
"p775": 6.774035123372113E-05
"p776": 0.0021074775939379908
"p777": 0.0007244454229161843
"p778": 0.00010349220327374062
"p779": 0
"p780": 0.004030550898406407
"p781": 0.0011497042945501001
"p782": 0.00014112573173691902
"p783": 0
"p784": 0.0047230078221288906
"p785": 0.0019080198930831451
"p786": 0.0003575185204001948
"p787": 1.8816764231589207E-05
"p788": 0.007101446821001766
"p789": 0.0028921366623952606
"p790": 0.0006058998082571723
"p791": 4.139688130949625E-05
"p792": 0.0024405343208371197
"p793": 0.0009333115058868245
"p794": 0.00015053411385271365
"p795": 0
"p796": 0.005784273324790521
"p797": 0.0019456534215463238
"p798": 0.00027284308135804345
"p799": 0
"p800": 0.002623056933883535
"p801": 0.0007583155985330448
"p802": 4.139688130949624E-05
"p803": 0
"p804": 0.008032876650465433
"p805": 0.0024348892915676433
"p806": 0.00013924405531376012
"p807": 1.8816764231589204E-06
"p808": 0.0004553656944044588
"p809": 8.091208619583358E-05
"p810": 1.1290058538953521E-05
"p811": 0
"p812": 0.0006548233952593043
"p813": 0.0001599424959685082
"p814": 3.0106822770542722E-05
"p815": 0
"p816": 0.0011026623839711274
"p817": 0.0003594001968233538
"p818": 2.0698440654748124E-05
