"p756": 0.004009852457751659
"p757": 0.0011346508831648289
"p758": 0.00014677076100639576
"p759": 0
"p760": 0.00021827446508643477
"p761": 5.833196911792653E-05
"p762": 1.6935087808430282E-05
"p763": 1.8816764231589204E-06
"p764": 0.0002671980520885667
"p765": 9.22021447347871E-05
"p766": 1.6935087808430286E-05
"p767": 1.8816764231589204E-06
"p768": 0.0029786937778605712
"p769": 0.0009803534164657974
"p770": 0.0001731142309306207
"p771": 3.198849919370165E-05
"p772": 0.008256796144821344
"p773": 0.002937296896551074
"p774": 0.000613426513949808
"p775": 7.33853805031979E-05
"p776": 0.0007169187172235488
"p777": 0.0001956943480085277
"p778": 3.3870175616860565E-05
"p779": 1.8816764231589204E-06
"p780": 0.0038198031390126084
"p781": 0.0011252425010490341
"p782": 0.00011478226181269415
"p783": 5.645029269476761E-06
"p784": 0.005494495155624048
"p785": 0.0018986115109673506
"p786": 0.0003612818732465127
"p787": 3.198849919370165E-05
"p788": 0.010744372376237436
"p789": 0.0037915779926652243
"p790": 0.0007940674505730644
"p791": 8.843879188846925E-05
"p792": 0.0021319393874390568
"p793": 0.0005645029269476761
"p794": 8.279376261899248E-05
"p795": 0
"p796": 0.008320773143208745
"p797": 0.0026324653159993296
"p798": 0.00042149551878759814
"p799": 2.2580117077907045E-05
"p800": 0.0006510600424129865
"p801": 0.00020698440654748118
"p802": 3.010682277054273E-05
"p803": 1.8816764231589204E-06
"p804": 0.0034039526494944864
"p805": 0.0011177157953563984
"p806": 0.00013736237889060122
"p807": 1.8816764231589204E-06
"p808": 9.972885042742277E-05
"p809": 4.7041910578973015E-05
"p810": 1.6935087808430286E-05
"p811": 1.8816764231589204E-06
"p812": 0.00039891540170969113
"p813": 0.00016182417239166716
"p814": 4.704191057897301E-05
"p815": 1.8816764231589204E-06
"p816": 0.0007037469822614364
"p817": 0.00028036978705067906
"p818": 3.198849919370165E-05
