"p756": 7.526705692635683E-05
"p757": 2.446179350106596E-05
"p758": 0
"p759": 0
"p760": 0.00039327037244021434
"p761": 0.00011478226181269414
"p762": 5.645029269476761E-06
"p763": 0
"p764": 0.0026550454330772364
"p765": 0.0006529417188361455
"p766": 3.387017561686057E-05
"p767": 0
"p768": 0.00010537387969689954
"p769": 2.4461793501065963E-05
"p770": 0
"p771": 0
"p772": 0.00012607232035164766
"p773": 2.6343469924224884E-05
"p774": 0
"p775": 0
"p776": 0.0015279212556050432
"p777": 0.0004892358700213193
"p778": 7.338538050319788E-05
"p779": 1.317173496211244E-05
"p780": 0.0013171734962112438
"p781": 0.0004779458114823657
"p782": 8.843879188846924E-05
"p783": 1.317173496211244E-05
"p784": 0.00034999181470755914
"p785": 0.000141125731736919
"p786": 2.258011707790704E-05
"p787": 0
"p788": 0.00021639278866327584
"p789": 7.338538050319788E-05
"p790": 1.505341138527136E-05
"p791": 0
"p792": 0.0015693181369145393
"p793": 0.0005456861627160869
"p794": 0.0001110189089663763
"p795": 7.5267056926356815E-06
"p796": 0.0013058834376722906
"p797": 0.000519342692791862
"p798": 0.00011101890896637629
"p799": 7.5267056926356815E-06
"p800": 9.408382115794602E-06
"p801": 0
"p802": 0
"p803": 0
"p804": 2.4461793501065966E-05
"p805": 5.645029269476761E-06
"p806": 0
"p807": 0
"p808": 0.0005833196911792652
"p809": 0.00017499590735377954
"p810": 2.446179350106596E-05
"p811": 0
"p812": 0.0007526705692635681
"p813": 0.00024085458216434175
"p814": 4.139688130949624E-05
"p815": 0
"p816": 2.6343469924224884E-05
"p817": 1.1290058538953521E-05
"p818": 1.1290058538953521E-05
