"p756": 0
"p757": 0
"p758": 0
"p759": 0
"p760": 0.0009050863595394406
"p761": 0.0003462284618612414
"p762": 6.585867481056221E-05
"p763": 7.5267056926356815E-06
"p764": 0.0004760641350592069
"p765": 0.0001938126715853688
"p766": 5.080526342529084E-05
"p767": 1.8816764231589204E-06
"p768": 0.0008749795367688979
"p769": 0.00018064093662325636
"p770": 1.5053411385271363E-05
"p771": 0
"p772": 0.00013736237889060116
"p773": 0
"p774": 0
"p775": 0
"p776": 0.0004007970781328501
"p777": 0.00010537387969689951
"p778": 2.6343469924224884E-05
"p779": 0
"p780": 0.0006943386001456417
"p781": 0.00020698440654748124
"p782": 2.8225146347383808E-05
"p783": 0
"p784": 0.00011854561465901199
"p785": 5.645029269476761E-06
"p786": 0
"p787": 0
"p788": 0
"p789": 0
"p790": 0
"p791": 0
"p792": 0
"p793": 0
"p794": 0
"p795": 0
"p796": 0
"p797": 0
"p798": 0
"p799": 0
"p800": 0.017110083715784062
"p801": 0.005863303734563195
"p802": 0.0010424487384300418
"p803": 7.714873334951574E-05
"p804": 0.0003405834325917646
"p805": 4.516023415581408E-05
"p806": 0
"p807": 0
"p808": 0.012082244313103428
"p809": 0.004188611717951756
"p810": 0.0007150370408003896
"p811": 2.8225146347383805E-05
"p812": 0.016588859346569042
"p813": 0.005302564160461837
"p814": 0.0008222925969204481
"p815": 3.575185204001948E-05
"p816": 0.003650452260928305
"p817": 0.0012324980571690927
"p818": 0.00017687758377693853
