"p756": 0.00033305672689912887
"p757": 8.467543904215141E-05
"p758": 3.7633528463178407E-06
"p759": 3.7633528463178407E-06
"p760": 0.005895292233756898
"p761": 0.0017706575141925437
"p762": 0.000259671346395931
"p763": 1.3171734962112444E-05
"p764": 0.012560190124585794
"p765": 0.003878135108130535
"p766": 0.0005588578976781993
"p767": 3.198849919370165E-05
"p768": 0.0027453659013888646
"p769": 0.0010217502977752937
"p770": 0.0001524157902758725
"p771": 5.645029269476761E-06
"p772": 0.0039044785780547597
"p773": 0.001383032171021806
"p774": 0.0002464996114338185
"p775": 7.5267056926356815E-06
"p776": 0.008672646634339464
"p777": 0.0034359411486881886
"p778": 0.0006642317773750989
"p779": 3.0106822770542726E-05
"p780": 0.014404233019281537
"p781": 0.005848250323177924
"p782": 0.0012531964978238408
"p783": 9.032046831162817E-05
"p784": 0
"p785": 0
"p786": 0
"p787": 0
"p788": 8.091208619583357E-05
"p789": 0
"p790": 0
"p791": 0
"p792": 5.645029269476761E-06
"p793": 0
"p794": 0
"p795": 0
"p796": 6.39769983874033E-05
"p797": 5.645029269476761E-06
"p798": 0
"p799": 0
"p800": 0.0009596549758110495
"p801": 0.0002540263171264542
"p802": 9.408382115794602E-06
"p803": 0
"p804": 0.0021037142410916727
"p805": 0.0006774035123372113
"p806": 9.596549758110493E-05
"p807": 0
"p808": 0.011030387192557592
"p809": 0.0037370093763936154
"p810": 0.0006002547789876955
"p811": 3.9515204886337324E-05
"p812": 0.022756994661683988
"p813": 0.008164594000086556
"p814": 0.0013830321710218067
"p815": 0.00010349220327374062
"p816": 0.0007112736879540719
"p817": 0.00021827446508643477
"p818": 2.4461793501065963E-05
