"p756": 1.6935087808430282E-05
"p757": 0
"p758": 0
"p759": 0
"p760": 0.0005814380147561064
"p761": 0.00020510273012432236
"p762": 5.2686939848449775E-05
"p763": 3.7633528463178407E-06
"p764": 0.0031254645388669663
"p765": 0.001036803709160565
"p766": 0.00011854561465901196
"p767": 7.5267056926356815E-06
"p768": 7.714873334951573E-05
"p769": 0
"p770": 0
"p771": 0
"p772": 0.0005626212505245171
"p773": 6.209532196424436E-05
"p774": 3.7633528463178407E-06
"p775": 0
"p776": 0.0003669269025159895
"p777": 7.714873334951573E-05
"p778": 1.8816764231589204E-06
"p779": 0
"p780": 0.0010970173547016505
"p781": 0.00024461793501065964
"p782": 2.6343469924224884E-05
"p783": 0
"p784": 0
"p785": 0
"p786": 0
"p787": 0
"p788": 0
"p789": 0
"p790": 0
"p791": 0
"p792": 0
"p793": 0
"p794": 0
"p795": 0
"p796": 0.00011854561465901199
"p797": 5.645029269476761E-06
"p798": 0
"p799": 0
"p800": 0.002333278764717061
"p801": 0.0007808957156109518
"p802": 9.220214473478709E-05
"p803": 0
"p804": 0.0036598606430440998
"p805": 0.001108307413240604
"p806": 0.0001467707610063958
"p807": 0
"p808": 0.01357629539309161
"p809": 0.0046609125001646455
"p810": 0.0007884224213035876
"p811": 4.139688130949624E-05
"p812": 0.027491292542351838
"p813": 0.009455424026373574
"p814": 0.0016746920166114392
"p815": 9.972885042742278E-05
"p816": 0.0002803697870506791
"p817": 6.397699838740331E-05
"p818": 7.5267056926356815E-06
