"p756": 0
"p757": 0
"p758": 0
"p759": 0
"p760": 0.000874979536768898
"p761": 0.0002201561415095937
"p762": 4.892358700213195E-05
"p763": 0
"p764": 6.209532196424438E-05
"p765": 3.0106822770542726E-05
"p766": 1.1290058538953523E-05
"p767": 0
"p768": 0.0007865407448804286
"p769": 0.00017311423093062066
"p770": 3.7633528463178407E-06
"p771": 0
"p772": 0
"p773": 0
"p774": 0
"p775": 0
"p776": 0.005923517380104281
"p777": 0.0019099015695063042
"p778": 0.0003180033155138575
"p779": 2.2580117077907045E-05
"p780": 0.0026738621973088255
"p781": 0.000660468424528781
"p782": 6.774035123372113E-05
"p783": 5.645029269476761E-06
"p784": 0.0019211916280452573
"p785": 0.0005080526342529085
"p786": 6.021364554108545E-05
"p787": 0
"p788": 0.00021262943581695803
"p789": 3.3870175616860565E-05
"p790": 0
"p791": 0
"p792": 0.005818143500407381
"p793": 0.0018252261304641526
"p794": 0.000284133139896997
"p795": 1.6935087808430286E-05
"p796": 0.005152030046609124
"p797": 0.0014789976686029114
"p798": 0.0002239194943559115
"p799": 5.645029269476761E-06
"p800": 0.00012607232035164763
"p801": 4.8923587002131926E-05
"p802": 5.645029269476761E-06
"p803": 0
"p804": 0
"p805": 0
"p806": 0
"p807": 0
"p808": 0.0024047824687971
"p809": 0.0007206820700698664
"p810": 5.080526342529086E-05
"p811": 0
"p812": 0.0003782169610549429
"p813": 0.00011478226181269415
"p814": 5.645029269476761E-06
"p815": 0
"p816": 0.0002916598455896326
"p817": 0.00012230896750532982
"p818": 1.6935087808430286E-05
