"p756": 6.021364554108545E-05
"p757": 1.6935087808430286E-05
"p758": 0
"p759": 0
"p760": 0.019712442209012856
"p761": 0.007468373723517758
"p762": 0.0013378719368659928
"p763": 4.327855773265517E-05
"p764": 0.00514262166449333
"p765": 0.0019023748638136682
"p766": 0.00029165984558963265
"p767": 9.408382115794602E-06
"p768": 0
"p769": 0
"p770": 0
"p771": 0
"p772": 0
"p773": 0
"p774": 0
"p775": 0
"p776": 8.467543904215141E-05
"p777": 1.1290058538953523E-05
"p778": 0
"p779": 0
"p780": 5.645029269476761E-06
"p781": 0
"p782": 0
"p783": 0
"p784": 4.327855773265516E-05
"p785": 0
"p786": 0
"p787": 0
"p788": 0
"p789": 0
"p790": 0
"p791": 0
"p792": 0.00010161052685058169
"p793": 0
"p794": 0
"p795": 0
"p796": 1.3171734962112444E-05
"p797": 0
"p798": 0
"p799": 0
"p800": 3.0106822770542722E-05
"p801": 0
"p802": 0
"p803": 0
"p804": 0
"p805": 0
"p806": 0
"p807": 0
"p808": 0.0006171898667961258
"p809": 0.0001731142309306207
"p810": 2.2580117077907045E-05
"p811": 0
"p812": 0.000188167642315892
"p813": 5.833196911792652E-05
"p814": 1.129005853895352E-05
"p815": 0
"p816": 8.655711546531033E-05
"p817": 2.2580117077907045E-05
"p818": 0
