"p756": 0.0008542810961141498
"p757": 0.00025214464070329537
"p758": 3.9515204886337324E-05
"p759": 1.8816764231589204E-06
"p760": 5.645029269476761E-05
"p761": 2.6343469924224887E-05
"p762": 7.5267056926356815E-06
"p763": 0
"p764": 2.0698440654748124E-05
"p765": 1.6935087808430286E-05
"p766": 1.1290058538953523E-05
"p767": 0
"p768": 8.843879188846928E-05
"p769": 1.5053411385271363E-05
"p770": 0
"p771": 0
"p772": 0.0007150370408003896
"p773": 8.27937626189925E-05
"p774": 0
"p775": 0
"p776": 1.3171734962112444E-05
"p777": 1.8816764231589204E-06
"p778": 1.8816764231589204E-06
"p779": 0
"p780": 0.0002446179350106596
"p781": 9.596549758110493E-05
"p782": 2.4461793501065963E-05
"p783": 0
"p784": 0
"p785": 0
"p786": 0
"p787": 0
"p788": 7.338538050319791E-05
"p789": 0
"p790": 0
"p791": 0
"p792": 0
"p793": 0
"p794": 0
"p795": 0
"p796": 0
"p797": 0
"p798": 0
"p799": 0
"p800": 0.004036195927675883
"p801": 0.0011760477644743254
"p802": 0.00015429746669903146
"p803": 5.645029269476761E-06
"p804": 0.011497042945501005
"p805": 0.0034340594722650293
"p806": 0.0005174610163687031
"p807": 2.8225146347383815E-05
"p808": 0.0010744372376237433
"p809": 0.00023897290574118293
"p810": 2.0698440654748124E-05
"p811": 0
"p812": 0.006115448375266492
"p813": 0.001751840749960955
"p814": 0.00017499590735377965
"p815": 0
"p816": 0.000519342692791862
"p817": 0.0001919309951622099
"p818": 3.198849919370165E-05
