"p756": 0.0002051027301243223
"p757": 5.833196911792653E-05
"p758": 3.7633528463178407E-06
"p759": 3.7633528463178407E-06
"p760": 0.0022410766199822746
"p761": 0.0006661134537982578
"p762": 5.833196911792653E-05
"p763": 0
"p764": 0.00404184095694536
"p765": 0.0011365325595879877
"p766": 0.0001486524374295547
"p767": 0
"p768": 0.0004572473708276176
"p769": 9.596549758110493E-05
"p770": 7.5267056926356815E-06
"p771": 0
"p772": 0.0012814216441712246
"p773": 0.0002841331398969969
"p774": 1.1290058538953523E-05
"p775": 0
"p776": 0.0033399756511070834
"p777": 0.0010631471790847897
"p778": 0.0001825226130464153
"p779": 3.3870175616860565E-05
"p780": 0.009669935138613691
"p781": 0.003266590270603885
"p782": 0.0006303616017582383
"p783": 7.33853805031979E-05
"p784": 0.0022655384134833397
"p785": 0.0006077814846803313
"p786": 8.843879188846924E-05
"p787": 5.645029269476761E-06
"p788": 0.004474626534271913
"p789": 0.001300238408402814
"p790": 0.00019381267158536877
"p791": 7.5267056926356815E-06
"p792": 0.006446623425742461
"p793": 0.00212629435816958
"p794": 0.00039327037244021434
"p795": 3.198849919370165E-05
"p796": 0.015047766356001888
"p797": 0.005362777806002922
"p798": 0.0011045440603942864
"p799": 0.00010913723254321738
"p800": 3.3870175616860565E-05
"p801": 5.645029269476761E-06
"p802": 0
"p803": 0
"p804": 0.00019945770085484554
"p805": 6.0213645541085445E-05
"p806": 5.645029269476761E-06
"p807": 0
"p808": 0.000686811894453006
"p809": 0.00021827446508643471
"p810": 3.010682277054273E-05
"p811": 1.8816764231589204E-06
"p812": 0.003456639589342936
"p813": 0.0011384142360111467
"p814": 0.00013736237889060122
"p815": 1.8816764231589204E-06
"p816": 0.0001674692016611439
"p817": 0.0001016105268505817
"p818": 1.6935087808430286E-05
