"p756": 7.5267056926356815E-06
"p757": 0
"p758": 0
"p759": 0
"p760": 0.026147775576216357
"p761": 0.009389565351563012
"p762": 0.001842161218272583
"p763": 0.0001542974666990315
"p764": 0.0059573875557211425
"p765": 0.0019136649223526216
"p766": 0.00030294990412858613
"p767": 3.198849919370165E-05
"p768": 7.526705692635681E-05
"p769": 5.645029269476761E-06
"p770": 0
"p771": 0
"p772": 0
"p773": 0
"p774": 0
"p775": 0
"p776": 0.00031988499193701646
"p777": 6.774035123372114E-05
"p778": 5.645029269476761E-06
"p779": 0
"p780": 2.4461793501065966E-05
"p781": 3.7633528463178407E-06
"p782": 0
"p783": 0
"p784": 0
"p785": 0
"p786": 0
"p787": 0
"p788": 0
"p789": 0
"p790": 0
"p791": 0
"p792": 1.1290058538953523E-05
"p793": 0
"p794": 0
"p795": 0
"p796": 0
"p797": 0
"p798": 0
"p799": 0
"p800": 0.0002201561415095937
"p801": 4.516023415581409E-05
"p802": 0
"p803": 0
"p804": 9.408382115794602E-06
"p805": 0
"p806": 0
"p807": 0
"p808": 0.0025778966997277203
"p809": 0.0006999836294151183
"p810": 8.467543904215141E-05
"p811": 0
"p812": 0.000844872713998355
"p813": 0.00021639278866327584
"p814": 1.6935087808430286E-05
"p815": 0
"p816": 1.8816764231589203E-05
"p817": 0
"p818": 0
