"p756": 0.00030671325697490405
"p757": 9.032046831162817E-05
"p758": 9.408382115794602E-06
"p759": 0
"p760": 0.009905144691508556
"p761": 0.0034641662950355722
"p762": 0.0006472966895666686
"p763": 6.021364554108545E-05
"p764": 0.022521785108789116
"p765": 0.008155185617970762
"p766": 0.0015486196962597918
"p767": 0.00012983567319796552
"p768": 3.7633528463178407E-06
"p769": 0
"p770": 0
"p771": 0
"p772": 8.279376261899248E-05
"p773": 5.645029269476761E-06
"p774": 0
"p775": 0
"p776": 0.00010349220327374062
"p777": 1.5053411385271363E-05
"p778": 0
"p779": 0
"p780": 0.0002408545821643418
"p781": 5.6450292694767617E-05
"p782": 5.645029269476761E-06
"p783": 0
"p784": 0
"p785": 0
"p786": 0
"p787": 0
"p788": 0
"p789": 0
"p790": 0
"p791": 0
"p792": 0
"p793": 0
"p794": 0
"p795": 0
"p796": 1.1290058538953523E-05
"p797": 0
"p798": 0
"p799": 0
"p800": 0.00028789649274331484
"p801": 3.3870175616860565E-05
"p802": 0
"p803": 0
"p804": 0.00022580117077907044
"p805": 4.516023415581409E-05
"p806": 0
"p807": 0
"p808": 0.0016464668702640551
"p809": 0.0004591290472507766
"p810": 4.516023415581409E-05
"p811": 0
"p812": 0.0016765736930345978
"p813": 0.0004779458114823658
"p814": 5.645029269476761E-05
"p815": 0
"p816": 9.408382115794602E-06
"p817": 1.8816764231589204E-06
"p818": 0
