"p756": 0.0002145111122401169
"p757": 6.0213645541085445E-05
"p758": 3.7633528463178407E-06
"p759": 3.7633528463178407E-06
"p760": 0.003558250116193519
"p761": 0.0011045440603942862
"p762": 0.00011854561465901199
"p763": 1.8816764231589204E-06
"p764": 0.005214125368573369
"p765": 0.0015505013726829502
"p766": 0.00020886608297064017
"p767": 1.8816764231589204E-06
"p768": 0.0018986115109673502
"p769": 0.0005249877220613387
"p770": 8.46754390421514E-05
"p771": 5.645029269476761E-06
"p772": 0.003782169610549429
"p773": 0.0010687922083542666
"p774": 0.00015617914312219037
"p775": 7.5267056926356815E-06
"p776": 0.0050635912547206535
"p777": 0.0016088333418008771
"p778": 0.00027848811062752024
"p779": 1.8816764231589207E-05
"p780": 0.011903485052903333
"p781": 0.003979745634981116
"p782": 0.0007489072164172504
"p783": 6.774035123372113E-05
"p784": 0
"p785": 0
"p786": 0
"p787": 0
"p788": 4.704191057897301E-05
"p789": 0
"p790": 0
"p791": 0
"p792": 0
"p793": 0
"p794": 0
"p795": 0
"p796": 5.268693984844977E-05
"p797": 0
"p798": 0
"p799": 0
"p800": 0.0005532128684087225
"p801": 0.00012042729108217089
"p802": 3.7633528463178407E-06
"p803": 0
"p804": 0.0014582992279481629
"p805": 0.0004403122830191875
"p806": 5.080526342529085E-05
"p807": 0
"p808": 0.0035582501161935173
"p809": 0.0010838456197395383
"p810": 0.0001749959073537796
"p811": 1.3171734962112444E-05
"p812": 0.011284413509684049
"p813": 0.003874371755284216
"p814": 0.0006981019529919593
"p815": 5.2686939848449775E-05
"p816": 0.00039515204886337327
"p817": 0.00014112573173691902
"p818": 1.8816764231589203E-05
