"p756": 1.6935087808430282E-05
"p757": 0
"p758": 0
"p759": 0
"p760": 0.0002784881106275202
"p761": 9.220214473478709E-05
"p762": 2.2580117077907045E-05
"p763": 1.8816764231589204E-06
"p764": 0.002705850696502527
"p765": 0.0008843879188846926
"p766": 7.903040977267465E-05
"p767": 5.645029269476761E-06
"p768": 1.1290058538953521E-05
"p769": 7.52670569263568E-06
"p770": 0
"p771": 0
"p772": 8.467543904215141E-05
"p773": 2.4461793501065963E-05
"p774": 0
"p775": 0
"p776": 0.00015429746669903143
"p777": 3.575185204001948E-05
"p778": 0
"p779": 0
"p780": 0.00019945770085484557
"p781": 6.397699838740328E-05
"p782": 0
"p783": 0
"p784": 0
"p785": 0
"p786": 0
"p787": 0
"p788": 0
"p789": 0
"p790": 0
"p791": 0
"p792": 0
"p793": 0
"p794": 0
"p795": 0
"p796": 3.3870175616860565E-05
"p797": 5.645029269476761E-06
"p798": 0
"p799": 0
"p800": 0.00041585048951812124
"p801": 0.00015994249596850817
"p802": 2.258011707790704E-05
"p803": 0
"p804": 0.00029354152201279153
"p805": 8.843879188846925E-05
"p806": 1.505341138527136E-05
"p807": 0
"p808": 0.0029975105420921603
"p809": 0.0009050863595394406
"p810": 0.0001561791431221904
"p811": 9.408382115794602E-06
"p812": 0.00284133139896997
"p813": 0.0009521282701184137
"p814": 0.00018064093662325633
"p815": 9.408382115794602E-06
"p816": 3.575185204001949E-05
"p817": 5.645029269476761E-06
"p818": 0
