"p756": 0
"p757": 0
"p758": 0
"p759": 0
"p760": 0.025496715533803373
"p761": 0.008465662227791984
"p762": 0.0011252425010490345
"p763": 6.397699838740331E-05
"p764": 0.004516023415581409
"p765": 0.0010800822668932204
"p766": 9.972885042742277E-05
"p767": 5.645029269476761E-06
"p768": 3.575185204001948E-05
"p769": 0
"p770": 0
"p771": 0
"p772": 0
"p773": 0
"p774": 0
"p775": 0
"p776": 0.0007978308034193823
"p777": 0.0001938126715853688
"p778": 2.2580117077907045E-05
"p779": 0
"p780": 0.0002145111122401169
"p781": 6.021364554108544E-05
"p782": 1.129005853895352E-05
"p783": 0
"p784": 0.0002051027301243223
"p785": 4.516023415581409E-05
"p786": 0
"p787": 0
"p788": 9.408382115794602E-06
"p789": 0
"p790": 0
"p791": 0
"p792": 0.0021488744752474866
"p793": 0.0006454150131435096
"p794": 8.467543904215141E-05
"p795": 0
"p796": 0.0007225637464930252
"p797": 0.00019945770085484557
"p798": 1.6935087808430286E-05
"p799": 0
"p800": 5.645029269476761E-06
"p801": 0
"p802": 0
"p803": 0
"p804": 0
"p805": 0
"p806": 0
"p807": 0
"p808": 0.00019381267158536883
"p809": 6.774035123372114E-05
"p810": 0
"p811": 0
"p812": 4.516023415581408E-05
"p813": 2.258011707790704E-05
"p814": 0
"p815": 0
"p816": 6.209532196424438E-05
"p817": 1.6935087808430286E-05
"p818": 1.1290058538953523E-05
