"p756": 0
"p757": 0
"p758": 0
"p759": 0
"p760": 0.0010932540018553326
"p761": 0.000333056726899129
"p762": 5.833196911792654E-05
"p763": 3.7633528463178407E-06
"p764": 0.0001279539967748066
"p765": 5.833196911792653E-05
"p766": 1.1290058538953523E-05
"p767": 0
"p768": 0.0002333278764717061
"p769": 3.3870175616860565E-05
"p770": 0
"p771": 0
"p772": 0
"p773": 0
"p774": 0
"p775": 0
"p776": 0.00073197212860882
"p777": 9.032046831162818E-05
"p778": 0
"p779": 0
"p780": 6.021364554108545E-05
"p781": 7.5267056926356815E-06
"p782": 0
"p783": 0
"p784": 0
"p785": 0
"p786": 0
"p787": 0
"p788": 0
"p789": 0
"p790": 0
"p791": 0
"p792": 7.338538050319791E-05
"p793": 0
"p794": 0
"p795": 0
"p796": 0
"p797": 0
"p798": 0
"p799": 0
"p800": 0.0024254809094518483
"p801": 0.0006171898667961258
"p802": 6.021364554108545E-05
"p803": 0
"p804": 0.00021262943581695803
"p805": 3.3870175616860565E-05
"p806": 0
"p807": 0
"p808": 0.012466106303427848
"p809": 0.0036165820853114447
"p810": 0.0005306327513308157
"p811": 2.8225146347383815E-05
"p812": 0.007219992435660776
"p813": 0.0019550618036621183
"p814": 0.0002653163756654078
"p815": 5.645029269476761E-06
"p816": 0.000308594933398063
"p817": 6.774035123372114E-05
"p818": 3.7633528463178407E-06
