"p756": 0.0007413805107246147
"p757": 0.00019004931873905094
"p758": 0
"p759": 0
"p760": 0.01170026399920217
"p761": 0.003906360254477919
"p762": 0.000758315598533045
"p763": 7.903040977267463E-05
"p764": 0.017849582550085525
"p765": 0.006008192819146432
"p766": 0.0010255136506216115
"p767": 7.903040977267465E-05
"p768": 2.0698440654748124E-05
"p769": 0
"p770": 0
"p771": 0
"p772": 0.00013548070246744226
"p773": 1.8816764231589204E-06
"p774": 0
"p775": 0
"p776": 0.0006999836294151183
"p777": 0.00016935087808430283
"p778": 1.3171734962112442E-05
"p779": 0
"p780": 0.002246721649251751
"p781": 0.0005400411334466101
"p782": 4.704191057897301E-05
"p783": 1.8816764231589204E-06
"p784": 0.0002408545821643418
"p785": 5.080526342529086E-05
"p786": 0
"p787": 0
"p788": 0.0008674528310762622
"p789": 0.00011290058538953522
"p790": 3.7633528463178407E-06
"p791": 0
"p792": 0.0006585867481056221
"p793": 0.00015617914312219037
"p794": 1.3171734962112442E-05
"p795": 0
"p796": 0.001437600787293415
"p797": 0.00035563684397703593
"p798": 3.7633528463178407E-05
"p799": 0
"p800": 0.001042448738430042
"p801": 0.000235209552894865
"p802": 2.6343469924224884E-05
"p803": 0
"p804": 0.0021977980622496186
"p805": 0.0005343961041771332
"p806": 3.387017561686056E-05
"p807": 0
"p808": 0.012372022482269904
"p809": 0.004241298657800206
"p810": 0.0007790140391877931
"p811": 7.714873334951573E-05
"p812": 0.024900224107661996
"p813": 0.008702753457110007
"p814": 0.001704798839381982
"p815": 0.0001844042894695742
"p816": 0.0031442813030985554
"p817": 0.0011497042945501003
"p818": 0.00015617914312219037
