"p756": 0.006836130445336359
"p757": 0.0021375844167085337
"p758": 0.0003462284618612413
"p759": 1.3171734962112444E-05
"p760": 0.0027905261355446786
"p761": 0.0009972885042742279
"p762": 3.0106822770542726E-05
"p763": 0
"p764": 0.001326581878327039
"p765": 0.000519342692791862
"p766": 1.3171734962112444E-05
"p767": 0
"p768": 8.467543904215141E-05
"p769": 1.6935087808430282E-05
"p770": 0
"p771": 0
"p772": 0.0009859984457352743
"p773": 0.00016182417239166716
"p774": 1.5053411385271363E-05
"p775": 0
"p776": 2.6343469924224884E-05
"p777": 7.5267056926356815E-06
"p778": 0
"p779": 0
"p780": 0.00024461793501065964
"p781": 9.220214473478709E-05
"p782": 1.1290058538953523E-05
"p783": 0
"p784": 0.0002295645236253883
"p785": 3.198849919370165E-05
"p786": 0
"p787": 0
"p788": 0.0013190551726344033
"p789": 0.00024461793501065964
"p790": 2.2580117077907045E-05
"p791": 0
"p792": 5.2686939848449775E-05
"p793": 5.645029269476761E-06
"p794": 1.8816764231589204E-06
"p795": 0
"p796": 0.00037069025536230727
"p797": 0.00013171734962112442
"p798": 2.4461793501065963E-05
"p799": 0
"p800": 0.0034528762364966184
"p801": 0.001108307413240604
"p802": 0.0001862859658927331
"p803": 3.3870175616860565E-05
"p804": 0.01056184976319102
"p805": 0.0036090553796188094
"p806": 0.0006905752472993238
"p807": 7.526705692635681E-05
"p808": 0.0007620789513793627
"p809": 0.00020886608297064014
"p810": 3.3870175616860565E-05
"p811": 1.8816764231589204E-06
"p812": 0.0039646922235958455
"p813": 0.0011402959124343056
"p814": 0.00011478226181269415
"p815": 5.645029269476761E-06
"p816": 0.0057918000304831565
"p817": 0.001983286950009502
"p818": 0.0003669269025159894
