"p756": 0.0002088660829706401
"p757": 4.139688130949625E-05
"p758": 0
"p759": 0
"p760": 0.00153356628487452
"p761": 0.0004835908407518426
"p762": 0.00010349220327374063
"p763": 1.8816764231589204E-06
"p764": 0.005537773713356703
"p765": 0.0017556041028072727
"p766": 0.0002013393772780045
"p767": 9.408382115794602E-06
"p768": 0
"p769": 0
"p770": 0
"p771": 0
"p772": 3.7633528463178407E-06
"p773": 0
"p774": 0
"p775": 0
"p776": 0.00012795399677480656
"p777": 3.575185204001948E-05
"p778": 0
"p779": 0
"p780": 0.00033117505047597
"p781": 9.596549758110492E-05
"p782": 9.408382115794602E-06
"p783": 0
"p784": 1.5053411385271358E-05
"p785": 1.1290058538953518E-05
"p786": 0
"p787": 0
"p788": 9.032046831162818E-05
"p789": 3.0106822770542726E-05
"p790": 0
"p791": 0
"p792": 0.00015429746669903143
"p793": 3.575185204001948E-05
"p794": 0
"p795": 0
"p796": 0.00022203781793275258
"p797": 6.962202765688005E-05
"p798": 0
"p799": 0
"p800": 0.00010913723254321738
"p801": 2.4461793501065963E-05
"p802": 0
"p803": 0
"p804": 0.00013359902604428335
"p805": 2.6343469924224884E-05
"p806": 0
"p807": 0
"p808": 0.0019701152150473898
"p809": 0.0005701479562171528
"p810": 8.655711546531032E-05
"p811": 1.317173496211244E-05
"p812": 0.0017913559548472916
"p813": 0.00059272807329506
"p814": 0.00011478226181269411
"p815": 1.317173496211244E-05
"p816": 0.00034999181470755914
"p817": 0.000141125731736919
"p818": 2.258011707790704E-05
