"p756": 6.39769983874033E-05
"p757": 7.5267056926356815E-06
"p758": 0
"p759": 0
"p760": 0.0025534349062266547
"p761": 0.0008110025383814947
"p762": 0.00018064093662325633
"p763": 1.6935087808430286E-05
"p764": 0.008303838055400314
"p765": 0.002892136662395261
"p766": 0.0005061709578297494
"p767": 3.951520488633733E-05
"p768": 2.2580117077907042E-05
"p769": 7.52670569263568E-06
"p770": 0
"p771": 0
"p772": 0.00014300740816007793
"p773": 3.575185204001949E-05
"p774": 0
"p775": 0
"p776": 0.00026155302281908986
"p777": 5.833196911792653E-05
"p778": 0
"p779": 0
"p780": 0.0003085949333980629
"p781": 0.00011666393823585303
"p782": 1.1290058538953523E-05
"p783": 0
"p784": 0
"p785": 0
"p786": 0
"p787": 0
"p788": 0
"p789": 0
"p790": 0
"p791": 0
"p792": 0
"p793": 0
"p794": 0
"p795": 0
"p796": 3.3870175616860565E-05
"p797": 5.645029269476761E-06
"p798": 0
"p799": 0
"p800": 0.0005381594570234512
"p801": 0.00017311423093062064
"p802": 2.258011707790704E-05
"p803": 0
"p804": 0.00037821696105494294
"p805": 0.00011101890896637629
"p806": 1.505341138527136E-05
"p807": 0
"p808": 0.0042281269228380955
"p809": 0.0012814216441712244
"p810": 0.0002201561415095937
"p811": 2.0698440654748128E-05
"p812": 0.0035620134690398358
"p813": 0.001221207998630139
"p814": 0.0002333278764717061
"p815": 2.0698440654748128E-05
"p816": 4.327855773265517E-05
"p817": 5.645029269476761E-06
"p818": 0
