"p756": 0.003104766098212218
"p757": 0.0010330403563142472
"p758": 0.00011854561465901196
"p759": 7.5267056926356815E-06
"p760": 7.714873334951573E-05
"p761": 3.1988499193701654E-05
"p762": 7.5267056926356815E-06
"p763": 0
"p764": 0.00018440428946957422
"p765": 8.091208619583359E-05
"p766": 1.6935087808430282E-05
"p767": 0
"p768": 0.00034999181470755925
"p769": 7.338538050319788E-05
"p770": 1.8816764231589204E-06
"p771": 0
"p772": 0.0012193263222069805
"p773": 0.00024273625858750074
"p774": 2.6343469924224884E-05
"p775": 0
"p776": 6.962202765688005E-05
"p777": 2.4461793501065966E-05
"p778": 1.3171734962112442E-05
"p779": 0
"p780": 0.00046853742936657115
"p781": 0.00015241579027587256
"p782": 2.8225146347383808E-05
"p783": 0
"p784": 0
"p785": 0
"p786": 0
"p787": 0
"p788": 0.00011854561465901199
"p789": 5.645029269476761E-06
"p790": 0
"p791": 0
"p792": 0
"p793": 0
"p794": 0
"p795": 0
"p796": 0
"p797": 0
"p798": 0
"p799": 0
"p800": 0.01087232637301224
"p801": 0.003814158109743132
"p802": 0.00066235010095194
"p803": 4.139688130949624E-05
"p804": 0.022352434230704814
"p805": 0.007643369630871536
"p806": 0.0013849138474449653
"p807": 9.972885042742278E-05
"p808": 0.0043617259488823775
"p809": 0.0015203945499124077
"p810": 0.00022768284720222937
"p811": 0
"p812": 0.009457305702796735
"p813": 0.0029278885144352804
"p814": 0.000380098637478102
"p815": 0
"p816": 0.0017499590735377958
"p817": 0.0006190715432192848
"p818": 6.962202765688006E-05
