"p756": 0.0018478062475420596
"p757": 0.0006077814846803313
"p758": 9.596549758110495E-05
"p759": 2.2580117077907045E-05
"p760": 0.022190610058313152
"p761": 0.008911619540080646
"p762": 0.0018816764231589208
"p763": 0.00017875926020009746
"p764": 0.036666346781674734
"p765": 0.0151343234714672
"p766": 0.0034472312072271424
"p767": 0.00035751852040019497
"p768": 0
"p769": 0
"p770": 0
"p771": 0
"p772": 0
"p773": 0
"p774": 0
"p775": 0
"p776": 1.5053411385271363E-05
"p777": 1.8816764231589204E-06
"p778": 0
"p779": 0
"p780": 0.00012419064392848873
"p781": 1.8816764231589203E-05
"p782": 0
"p783": 0
"p784": 5.645029269476761E-06
"p785": 0
"p786": 0
"p787": 0
"p788": 0.00010161052685058171
"p789": 5.645029269476761E-06
"p790": 0
"p791": 0
"p792": 0.00010349220327374062
"p793": 1.5053411385271363E-05
"p794": 0
"p795": 0
"p796": 0.0002521446407032953
"p797": 5.6450292694767617E-05
"p798": 5.645029269476761E-06
"p799": 0
"p800": 3.198849919370165E-05
"p801": 1.8816764231589204E-06
"p802": 0
"p803": 0
"p804": 4.139688130949624E-05
"p805": 0
"p806": 0
"p807": 0
"p808": 0.0005005259285602729
"p809": 0.00012419064392848875
"p810": 1.6935087808430286E-05
"p811": 0
"p812": 0.0006868118944530059
"p813": 0.00018252261304641527
"p814": 1.6935087808430286E-05
"p815": 0
"p816": 0.0002671980520885667
"p817": 3.3870175616860565E-05
"p818": 0
