"p756": 0.015928390922040268
"p757": 0.005470033362122981
"p758": 0.0009878801221584331
"p759": 7.714873334951573E-05
"p760": 0.003945875459364256
"p761": 0.0015091044913734537
"p762": 0.00016182417239166716
"p763": 7.5267056926356815E-06
"p764": 0.0035676584983093127
"p765": 0.0013096467905186083
"p766": 0.0001467707610063958
"p767": 7.5267056926356815E-06
"p768": 0.0006604684245287809
"p769": 0.00016746920166114393
"p770": 1.3171734962112442E-05
"p771": 0
"p772": 0.0022072064443654136
"p773": 0.0005362777806002922
"p774": 4.704191057897301E-05
"p775": 1.8816764231589204E-06
"p776": 9.972885042742276E-05
"p777": 3.9515204886337324E-05
"p778": 5.645029269476761E-06
"p779": 0
"p780": 0.0003612818732465127
"p781": 0.00011854561465901199
"p782": 5.645029269476761E-06
"p783": 0
"p784": 0.0006792851887603701
"p785": 0.0001674692016611439
"p786": 1.3171734962112442E-05
"p787": 0
"p788": 0.0016408218409945784
"p789": 0.0003669269025159895
"p790": 3.7633528463178407E-05
"p791": 0
"p792": 0.0001279539967748066
"p793": 4.3278557732655166E-05
"p794": 1.3171734962112442E-05
"p795": 0
"p796": 0.0005400411334466101
"p797": 0.0001731142309306207
"p798": 2.8225146347383808E-05
"p799": 0
"p800": 0.010044388746822319
"p801": 0.0035620134690398358
"p802": 0.0006792851887603702
"p803": 7.526705692635681E-05
"p804": 0.021797339685872934
"p805": 0.007780732009762137
"p806": 0.0015862532247229702
"p807": 0.0001844042894695742
"p808": 0.0036015286739261732
"p809": 0.001155349323819577
"p810": 0.00019569434800852773
"p811": 1.8816764231589204E-06
"p812": 0.006168135315114942
"p813": 0.0017273789564598884
"p814": 0.00023144620004854718
"p815": 5.645029269476761E-06
"p816": 0.009244676266979775
"p817": 0.0037482994349325688
"p818": 0.0007056286586845951
