"p756": 0
"p757": 0
"p758": 0
"p759": 0
"p760": 0.0033719641503007847
"p761": 0.0011177157953563984
"p762": 0.0001373623788906012
"p763": 9.408382115794602E-06
"p764": 0.0003123582862443808
"p765": 0.00011666393823585303
"p766": 3.387017561686057E-05
"p767": 1.8816764231589204E-06
"p768": 0.000494880899290796
"p769": 6.209532196424436E-05
"p770": 3.7633528463178407E-06
"p771": 0
"p772": 0
"p773": 0
"p774": 0
"p775": 0
"p776": 0.001290830026287019
"p777": 0.0002653163756654078
"p778": 2.8225146347383805E-05
"p779": 0
"p780": 0.0003180033155138576
"p781": 5.645029269476761E-05
"p782": 0
"p783": 0
"p784": 0
"p785": 0
"p786": 0
"p787": 0
"p788": 0
"p789": 0
"p790": 0
"p791": 0
"p792": 0.00011854561465901199
"p793": 5.645029269476761E-06
"p794": 0
"p795": 0
"p796": 0
"p797": 0
"p798": 0
"p799": 0
"p800": 0.003420887737302917
"p801": 0.0010687922083542668
"p802": 0.0001467707610063958
"p803": 0
"p804": 0.00030106822770542725
"p805": 6.209532196424438E-05
"p806": 0
"p807": 0
"p808": 0.02820632958315222
"p809": 0.009573969641032588
"p810": 0.0016728103401882804
"p811": 0.00010537387969689955
"p812": 0.014078702998075041
"p813": 0.004659030823741486
"p814": 0.0007808957156109519
"p815": 3.575185204001948E-05
"p816": 0.0003989154017096911
"p817": 0.00013359902604428335
"p818": 1.5053411385271363E-05
