"p756": 4.704191057897301E-05
"p757": 1.8816764231589204E-06
"p758": 0
"p759": 0
"p760": 0.003913886960170554
"p761": 0.0011440592652806236
"p762": 0.00019004931873905094
"p763": 1.3171734962112444E-05
"p764": 0.009987938454127552
"p765": 0.003266590270603886
"p766": 0.0005268693984844977
"p767": 3.575185204001949E-05
"p768": 0.00017311423093062066
"p769": 3.3870175616860565E-05
"p770": 0
"p771": 0
"p772": 0.0007376171578782967
"p773": 9.596549758110495E-05
"p774": 3.7633528463178407E-06
"p775": 0
"p776": 0.0006585867481056221
"p777": 0.00015617914312219037
"p778": 1.3171734962112442E-05
"p779": 0
"p780": 0.001409375640946031
"p781": 0.00035563684397703593
"p782": 3.7633528463178407E-05
"p783": 0
"p784": 0
"p785": 0
"p786": 0
"p787": 0
"p788": 0
"p789": 0
"p790": 0
"p791": 0
"p792": 0
"p793": 0
"p794": 0
"p795": 0
"p796": 0.00011854561465901199
"p797": 5.645029269476761E-06
"p798": 0
"p799": 0
"p800": 0.003721955965008345
"p801": 0.001275776614901748
"p802": 0.00016182417239166713
"p803": 5.645029269476761E-06
"p804": 0.0059950210841843215
"p805": 0.0019908136557021372
"p806": 0.00032553002120649314
"p807": 7.5267056926356815E-06
"p808": 0.01912159581214095
"p809": 0.006779680152641589
"p810": 0.001198627881552232
"p811": 6.397699838740328E-05
"p812": 0.035695401747324725
"p813": 0.012960987202718644
"p814": 0.002536499818418225
"p815": 0.00018816764231589203
"p816": 0.00039138869601705546
"p817": 7.150370408003898E-05
"p818": 7.5267056926356815E-06
