"p756": 0
"p757": 0
"p758": 0
"p759": 0
"p760": 0.002713377402195163
"p761": 0.0006567050716824634
"p762": 3.387017561686057E-05
"p763": 0
"p764": 0.00033682007974544673
"p765": 0.00012042729108217089
"p766": 5.645029269476761E-06
"p767": 0
"p768": 0.00012607232035164766
"p769": 2.6343469924224884E-05
"p770": 0
"p771": 0
"p772": 0
"p773": 0
"p774": 0
"p775": 0
"p776": 0.002568488317611926
"p777": 0.0008749795367688979
"p778": 0.0001618241723916671
"p779": 2.634346992422488E-05
"p780": 0.00028977816916647367
"p781": 7.714873334951572E-05
"p782": 0
"p783": 0
"p784": 0.00021639278866327584
"p785": 7.338538050319788E-05
"p786": 1.505341138527136E-05
"p787": 0
"p788": 2.2580117077907045E-05
"p789": 3.7633528463178407E-06
"p790": 0
"p791": 0
"p792": 0.0026625721387698725
"p793": 0.0009765900636194795
"p794": 0.00020698440654748124
"p795": 1.5053411385271363E-05
"p796": 0.0004534840179812998
"p797": 0.00017499590735377957
"p798": 3.0106822770542722E-05
"p799": 0
"p800": 2.4461793501065966E-05
"p801": 5.645029269476761E-06
"p802": 0
"p803": 0
"p804": 0
"p805": 0
"p806": 0
"p807": 0
"p808": 0.0012419064392848872
"p809": 0.00038386199032441963
"p810": 6.58586748105622E-05
"p811": 0
"p812": 7.52670569263568E-05
"p813": 2.446179350106596E-05
"p814": 0
"p815": 0
"p816": 0.00010913723254321737
"p817": 2.6343469924224887E-05
"p818": 7.52670569263568E-06
