"p756": 0.00023709122931802394
"p757": 5.8331969117926534E-05
"p758": 0
"p759": 0
"p760": 0.002118767652476945
"p761": 0.0006228348960656026
"p762": 0.00013548070246744229
"p763": 3.7633528463178407E-06
"p764": 0.006072169817533836
"p765": 0.0019400083922768469
"p766": 0.0002464996114338186
"p767": 1.1290058538953523E-05
"p768": 2.0698440654748124E-05
"p769": 0
"p770": 0
"p771": 0
"p772": 0.00013548070246744226
"p773": 1.8816764231589204E-06
"p774": 0
"p775": 0
"p776": 0.0004986442521371138
"p777": 0.00010537387969689955
"p778": 1.8816764231589204E-06
"p779": 0
"p780": 0.0018986115109673506
"p781": 0.0004421939594423463
"p782": 3.575185204001949E-05
"p783": 1.8816764231589204E-06
"p784": 8.843879188846925E-05
"p785": 0
"p786": 0
"p787": 0
"p788": 0.0005795563383329473
"p789": 6.209532196424436E-05
"p790": 3.7633528463178407E-06
"p791": 0
"p792": 0.0003669269025159895
"p793": 7.714873334951573E-05
"p794": 1.8816764231589204E-06
"p795": 0
"p796": 0.0011252425010490343
"p797": 0.00024461793501065964
"p798": 2.6343469924224884E-05
"p799": 0
"p800": 0.0007752506863414751
"p801": 0.00018252261304641527
"p802": 1.693508780843028E-05
"p803": 0
"p804": 0.0015034594621039772
"p805": 0.0003800986374781018
"p806": 2.634346992422488E-05
"p807": 0
"p808": 0.008597379577413109
"p809": 0.0028074612233531093
"p810": 0.0004384306065960284
"p811": 2.82251463473838E-05
"p812": 0.01860037144292593
"p813": 0.006128620110228604
"p814": 0.001016105268505817
"p815": 6.774035123372113E-05
"p816": 0.001877913070312602
"p817": 0.0006811668651835291
"p818": 8.655711546531032E-05
