"p756": 0
"p757": 0
"p758": 0
"p759": 0
"p760": 0.005692071180055734
"p761": 0.0016163600474935129
"p762": 0.00018440428946957422
"p763": 0
"p764": 0.0005400411334466101
"p765": 0.00016935087808430283
"p766": 2.8225146347383805E-05
"p767": 0
"p768": 0.0012644865563627944
"p769": 0.0002841331398969969
"p770": 1.1290058538953523E-05
"p771": 0
"p772": 1.6935087808430286E-05
"p773": 0
"p774": 0
"p775": 0
"p776": 0.0090282834783165
"p777": 0.0030878310104037873
"p778": 0.0006341249546045562
"p779": 7.526705692635683E-05
"p780": 0.004058776044753791
"p781": 0.0010763189140469026
"p782": 0.00014677076100639576
"p783": 2.634346992422489E-05
"p784": 0.004032432574829567
"p785": 0.0012117996165143445
"p786": 0.000188167642315892
"p787": 7.5267056926356815E-06
"p788": 0.0004610107236739354
"p789": 8.843879188846925E-05
"p790": 5.645029269476761E-06
"p791": 0
"p792": 0.01319619675561351
"p793": 0.0044407563586550515
"p794": 0.0008881512717310105
"p795": 9.220214473478709E-05
"p796": 0.009839286016697996
"p797": 0.003285407034835474
"p798": 0.000660468424528781
"p799": 5.45686162716087E-05
"p800": 0.00019945770085484554
"p801": 6.0213645541085445E-05
"p802": 5.645029269476761E-06
"p803": 0
"p804": 0
"p805": 0
"p806": 0
"p807": 0
"p808": 0.0035036814999219092
"p809": 0.0011365325595879877
"p810": 0.00013736237889060122
"p811": 1.8816764231589204E-06
"p812": 0.0005757929854866297
"p813": 0.00019381267158536877
"p814": 2.8225146347383808E-05
"p815": 1.8816764231589204E-06
"p816": 0.0006868118944530061
"p817": 0.0002860148163201559
"p818": 6.397699838740331E-05
