"p756": 0
"p757": 0
"p758": 0
"p759": 0
"p760": 0.0006491783659898276
"p761": 0.00026155302281908997
"p762": 3.951520488633733E-05
"p763": 5.645029269476761E-06
"p764": 0.0003819803139012609
"p765": 0.00013548070246744229
"p766": 2.8225146347383808E-05
"p767": 1.8816764231589204E-06
"p768": 0.00019193099516220984
"p769": 6.397699838740328E-05
"p770": 0
"p771": 0
"p772": 5.6450292694767605E-06
"p773": 5.6450292694767605E-06
"p774": 0
"p775": 0
"p776": 9.22021447347871E-05
"p777": 2.0698440654748124E-05
"p778": 1.8816764231589204E-06
"p779": 1.8816764231589204E-06
"p780": 0.000188167642315892
"p781": 4.704191057897301E-05
"p782": 1.8816764231589204E-06
"p783": 1.8816764231589204E-06
"p784": 3.3870175616860565E-05
"p785": 5.645029269476761E-06
"p786": 0
"p787": 0
"p788": 0
"p789": 0
"p790": 0
"p791": 0
"p792": 0
"p793": 0
"p794": 0
"p795": 0
"p796": 0
"p797": 0
"p798": 0
"p799": 0
"p800": 0.002417954203759213
"p801": 0.0007940674505730642
"p802": 0.00015053411385271363
"p803": 9.408382115794602E-06
"p804": 1.3171734962112442E-05
"p805": 7.52670569263568E-06
"p806": 0
"p807": 0
"p808": 0.002978693777860571
"p809": 0.0009295481530405066
"p810": 0.0001749959073537796
"p811": 9.408382115794602E-06
"p812": 0.0009144947416552351
"p813": 0.0002464996114338185
"p814": 2.6343469924224884E-05
"p815": 0
"p816": 0.0008260559497667657
"p817": 0.00030671325697490405
"p818": 8.091208619583357E-05
