"p756": 0
"p757": 0
"p758": 0
"p759": 0
"p760": 0.0022034430915190955
"p761": 0.0006774035123372113
"p762": 8.467543904215141E-05
"p763": 1.8816764231589204E-06
"p764": 0.0012569598506701586
"p765": 0.00041773216594128033
"p766": 4.139688130949624E-05
"p767": 0
"p768": 0.0007470255399940912
"p769": 0.00013548070246744229
"p770": 1.1290058538953523E-05
"p771": 0
"p772": 0.00021262943581695798
"p773": 3.3870175616860565E-05
"p774": 0
"p775": 0
"p776": 0.00041396881309496247
"p777": 8.655711546531035E-05
"p778": 1.3171734962112444E-05
"p779": 0
"p780": 0.0005362777806002923
"p781": 0.0001580608195453493
"p782": 2.4461793501065963E-05
"p783": 0
"p784": 7.338538050319791E-05
"p785": 0
"p786": 0
"p787": 0
"p788": 0
"p789": 0
"p790": 0
"p791": 0
"p792": 0
"p793": 0
"p794": 0
"p795": 0
"p796": 0
"p797": 0
"p798": 0
"p799": 0
"p800": 0.013245120342615643
"p801": 0.004384306065960283
"p802": 0.0008110025383814947
"p803": 7.33853805031979E-05
"p804": 0.0006472966895666686
"p805": 9.972885042742277E-05
"p806": 5.645029269476761E-06
"p807": 0
"p808": 0.00831889146678559
"p809": 0.002417954203759212
"p810": 0.0004158504895181214
"p811": 3.0106822770542726E-05
"p812": 0.015232170645471464
"p813": 0.004788866496939453
"p814": 0.0007677239806488394
"p815": 5.080526342529085E-05
"p816": 0.004615752266008832
"p817": 0.0017029171629588228
"p818": 0.00036128187324651267
