"p756": 7.5267056926356815E-06
"p757": 0
"p758": 0
"p759": 0
"p760": 0.03401130134859749
"p761": 0.012074717607410794
"p762": 0.001992695332125297
"p763": 0.00013924405531376012
"p764": 0.007474018752787234
"p765": 0.0021131226232074677
"p766": 0.00029354152201279164
"p767": 2.0698440654748124E-05
"p768": 0.00012042729108217089
"p769": 2.2580117077907045E-05
"p770": 0
"p771": 0
"p772": 9.408382115794602E-06
"p773": 0
"p774": 0
"p775": 0
"p776": 0.0017574857792304315
"p777": 0.0005513311919855637
"p778": 8.467543904215141E-05
"p779": 0
"p780": 0.0006153081903729669
"p781": 0.00016935087808430286
"p782": 1.6935087808430286E-05
"p783": 0
"p784": 2.2580117077907045E-05
"p785": 0
"p786": 0
"p787": 0
"p788": 0
"p789": 0
"p790": 0
"p791": 0
"p792": 4.3278557732655166E-05
"p793": 7.5267056926356815E-06
"p794": 0
"p795": 0
"p796": 0
"p797": 0
"p798": 0
"p799": 0
"p800": 8.46754390421514E-05
"p801": 2.2580117077907045E-05
"p802": 0
"p803": 0
"p804": 0
"p805": 0
"p806": 0
"p807": 0
"p808": 0.0008185292440741304
"p809": 0.00017311423093062066
"p810": 0
"p811": 0
"p812": 0.00023332787647170608
"p813": 5.8331969117926534E-05
"p814": 0
"p815": 0
"p816": 8.091208619583358E-05
"p817": 1.6935087808430286E-05
"p818": 1.1290058538953523E-05
