"p756": 5.645029269476761E-06
"p757": 1.8816764231589204E-06
"p758": 0
"p759": 0
"p760": 0.0023784389988728756
"p761": 0.0005626212505245173
"p762": 6.774035123372114E-05
"p763": 3.7633528463178407E-06
"p764": 0.00046289240009709447
"p765": 0.0001223089675053298
"p766": 1.8816764231589203E-05
"p767": 0
"p768": 3.951520488633733E-05
"p769": 0
"p770": 0
"p771": 0
"p772": 0
"p773": 0
"p774": 0
"p775": 0
"p776": 0.0007507888928404093
"p777": 0.00010537387969689955
"p778": 1.5053411385271363E-05
"p779": 0
"p780": 1.8816764231589203E-05
"p781": 1.8816764231589204E-06
"p782": 0
"p783": 0
"p784": 0.0002502629642801364
"p785": 3.3870175616860565E-05
"p786": 0
"p787": 0
"p788": 0
"p789": 0
"p790": 0
"p791": 0
"p792": 0.0008034758326888592
"p793": 9.032046831162818E-05
"p794": 0
"p795": 0
"p796": 6.209532196424438E-05
"p797": 7.5267056926356815E-06
"p798": 0
"p799": 0
"p800": 0.0008222925969204479
"p801": 0.00018064093662325633
"p802": 3.7633528463178407E-06
"p803": 0
"p804": 0
"p805": 0
"p806": 0
"p807": 0
"p808": 0.00758315598533045
"p809": 0.0023727939696033986
"p810": 0.0003594001968233539
"p811": 2.2580117077907045E-05
"p812": 0.002942941925820551
"p813": 0.000733853805031979
"p814": 7.33853805031979E-05
"p815": 5.645029269476761E-06
"p816": 0.0018986115109673502
"p817": 0.0005118159870992264
"p818": 6.021364554108545E-05
