"p756": 3.9515204886337324E-05
"p757": 9.408382115794602E-06
"p758": 0
"p759": 0
"p760": 0.011839508054515929
"p761": 0.004305275656187609
"p762": 0.0007169187172235487
"p763": 4.3278557732655166E-05
"p764": 0.009863747810199067
"p765": 0.0031010027453659003
"p766": 0.00047606413505920693
"p767": 3.0106822770542733E-05
"p768": 0.0008674528310762623
"p769": 0.0003123582862443808
"p770": 5.645029269476761E-05
"p771": 0
"p772": 1.1290058538953521E-05
"p773": 0
"p774": 0
"p775": 0
"p776": 0.001087608972585856
"p777": 0.00033493840332228785
"p778": 2.8225146347383805E-05
"p779": 0
"p780": 0.0008505177432678319
"p781": 0.00024085458216434178
"p782": 1.6935087808430286E-05
"p783": 0
"p784": 3.9515204886337324E-05
"p785": 7.5267056926356815E-06
"p786": 0
"p787": 0
"p788": 9.408382115794602E-06
"p789": 0
"p790": 0
"p791": 0
"p792": 3.7633528463178407E-06
"p793": 0
"p794": 0
"p795": 0
"p796": 9.408382115794602E-06
"p797": 5.645029269476761E-06
"p798": 0
"p799": 0
"p800": 0.0005118159870992264
"p801": 0.00012042729108217089
"p802": 0
"p803": 0
"p804": 0
"p805": 0
"p806": 0
"p807": 0
"p808": 0.00030671325697490405
"p809": 5.645029269476761E-05
"p810": 5.645029269476761E-06
"p811": 0
"p812": 0.00020698440654748124
"p813": 4.8923587002131926E-05
"p814": 5.645029269476761E-06
"p815": 0
"p816": 0.0007112736879540719
"p817": 0.00021827446508643482
"p818": 2.4461793501065966E-05
