"p756": 1.5053411385271363E-05
"p757": 3.7633528463178407E-06
"p758": 0
"p759": 0
"p760": 0.011839508054515929
"p761": 0.00430527565618761
"p762": 0.0007169187172235487
"p763": 4.3278557732655166E-05
"p764": 0.008268086203360296
"p765": 0.003038907423401656
"p766": 0.0006021364554108545
"p767": 7.33853805031979E-05
"p768": 0.0018308711597336295
"p769": 0.0004610107236739355
"p770": 4.704191057897301E-05
"p771": 1.8816764231589204E-06
"p772": 0
"p773": 0
"p774": 0
"p775": 0
"p776": 0.0006002547789876956
"p777": 0.00014112573173691902
"p778": 7.5267056926356815E-06
"p779": 0
"p780": 0.0008505177432678317
"p781": 0.00024085458216434183
"p782": 1.6935087808430282E-05
"p783": 0
"p784": 0.0012117996165143445
"p785": 0.00029165984558963265
"p786": 2.6343469924224884E-05
"p787": 0
"p788": 0.00025026296428013644
"p789": 1.6935087808430282E-05
"p790": 0
"p791": 0
"p792": 0.0005419228098697689
"p793": 0.00014300740816007793
"p794": 2.6343469924224884E-05
"p795": 0
"p796": 0.0009841167693121153
"p797": 0.0002991865512822683
"p798": 3.951520488633733E-05
"p799": 0
"p800": 0.016513592289642685
"p801": 0.005940452467912711
"p802": 0.0012117996165143447
"p803": 0.0001448890845832369
"p804": 6.585867481056221E-05
"p805": 5.645029269476761E-06
"p806": 0
"p807": 0
"p808": 0.011515859709732592
"p809": 0.003866845049591582
"p810": 0.0007677239806488395
"p811": 7.714873334951573E-05
"p812": 0.012616640417280563
"p813": 0.0037953413455115415
"p814": 0.000611544837526649
"p815": 3.9515204886337324E-05
"p816": 0.01195240863990546
"p817": 0.004749351292053115
"p818": 0.0009784717400426386
