"p756": 9.032046831162818E-05
"p757": 1.8816764231589203E-05
"p758": 0
"p759": 0
"p760": 0.0077129916585284165
"p761": 0.0030351440705553385
"p762": 0.0005550945448318817
"p763": 1.3171734962112444E-05
"p764": 0.006371356368816105
"p765": 0.0023727939696033986
"p766": 0.0003594001968233538
"p767": 9.408382115794602E-06
"p768": 7.33853805031979E-05
"p769": 1.1290058538953523E-05
"p770": 0
"p771": 0
"p772": 0
"p773": 0
"p774": 0
"p775": 0
"p776": 1.317173496211244E-05
"p777": 1.8816764231589204E-06
"p778": 0
"p779": 0
"p780": 1.8816764231589203E-05
"p781": 1.3171734962112442E-05
"p782": 0
"p783": 0
"p784": 7.33853805031979E-05
"p785": 0
"p786": 0
"p787": 0
"p788": 1.3171734962112442E-05
"p789": 0
"p790": 0
"p791": 0
"p792": 2.0698440654748124E-05
"p793": 1.8816764231589204E-06
"p794": 1.8816764231589204E-06
"p795": 0
"p796": 2.8225146347383805E-05
"p797": 5.645029269476761E-06
"p798": 5.645029269476761E-06
"p799": 0
"p800": 0.0004421939594423463
"p801": 0.00013548070246744229
"p802": 1.6935087808430286E-05
"p803": 0
"p804": 0
"p805": 0
"p806": 0
"p807": 0
"p808": 0.00022580117077907044
"p809": 6.39769983874033E-05
"p810": 5.645029269476761E-06
"p811": 0
"p812": 0.0002747247577812023
"p813": 9.972885042742276E-05
"p814": 1.129005853895352E-05
"p815": 0
"p816": 0.00039891540170969113
"p817": 0.0001392440553137601
"p818": 1.1290058538953523E-05
