"p756": 0.010215621301329778
"p757": 0.003298578769797588
"p758": 0.00040832378382548573
"p759": 1.5053411385271365E-05
"p760": 0.0003462284618612414
"p761": 0.00010537387969689955
"p762": 1.1290058538953523E-05
"p763": 0
"p764": 0.0006077814846803312
"p765": 0.00019004931873905096
"p766": 1.8816764231589203E-05
"p767": 0
"p768": 2.0698440654748124E-05
"p769": 0
"p770": 0
"p771": 0
"p772": 8.091208619583358E-05
"p773": 0
"p774": 0
"p775": 0
"p776": 1.8816764231589204E-06
"p777": 1.8816764231589204E-06
"p778": 1.8816764231589204E-06
"p779": 0
"p780": 2.0698440654748124E-05
"p781": 5.645029269476761E-06
"p782": 5.645029269476761E-06
"p783": 0
"p784": 0
"p785": 0
"p786": 0
"p787": 0
"p788": 1.1290058538953523E-05
"p789": 0
"p790": 0
"p791": 0
"p792": 0
"p793": 0
"p794": 0
"p795": 0
"p796": 0
"p797": 0
"p798": 0
"p799": 0
"p800": 0.0005513311919855637
"p801": 0.0001486524374295547
"p802": 1.1290058538953523E-05
"p803": 0
"p804": 0.0006585867481056221
"p805": 0.0001674692016611439
"p806": 1.1290058538953523E-05
"p807": 0
"p808": 0.00018816764231589203
"p809": 4.3278557732655166E-05
"p810": 0
"p811": 0
"p812": 0.0002690797285117256
"p813": 5.64502926947676E-05
"p814": 0
"p815": 0
"p816": 0.00012607232035164766
"p817": 7.903040977267465E-05
"p818": 1.6935087808430286E-05
