"p756": 0
"p757": 0
"p758": 0
"p759": 0
"p760": 0.00034434678543808245
"p761": 0.00011478226181269415
"p762": 2.6343469924224887E-05
"p763": 1.8816764231589204E-06
"p764": 0.00014300740816007793
"p765": 7.338538050319788E-05
"p766": 2.2580117077907042E-05
"p767": 0
"p768": 0.0004610107236739355
"p769": 6.021364554108546E-05
"p770": 0
"p771": 0
"p772": 8.27937626189925E-05
"p773": 0
"p774": 0
"p775": 0
"p776": 0.00022015614150959365
"p777": 3.198849919370165E-05
"p778": 1.8816764231589204E-06
"p779": 0
"p780": 0.0002973048748591094
"p781": 0.00010349220327374062
"p782": 2.4461793501065963E-05
"p783": 0
"p784": 7.338538050319791E-05
"p785": 0
"p786": 0
"p787": 0
"p788": 0
"p789": 0
"p790": 0
"p791": 0
"p792": 0
"p793": 0
"p794": 0
"p795": 0
"p796": 0
"p797": 0
"p798": 0
"p799": 0
"p800": 0.008273731232629774
"p801": 0.0024687594671845034
"p802": 0.0003575185204001948
"p803": 1.6935087808430286E-05
"p804": 0.0003725719317854662
"p805": 4.5160234155814084E-05
"p806": 0
"p807": 0
"p808": 0.004638332383086739
"p809": 0.0012889483498638602
"p810": 0.00018816764231589203
"p811": 1.1290058538953523E-05
"p812": 0.009161882504360784
"p813": 0.0026494004038077603
"p814": 0.00031800331551385763
"p815": 5.645029269476761E-06
"p816": 0.001763130808499908
"p817": 0.00066235010095194
"p818": 0.00010725555612005845
