"p756": 0
"p757": 0
"p758": 0
"p759": 0
"p760": 0.011083074132406041
"p761": 0.0034566395893429374
"p762": 0.00015994249596850825
"p763": 1.8816764231589204E-06
"p764": 0.0016408218409945793
"p765": 0.0004045604309791678
"p766": 3.0106822770542726E-05
"p767": 0
"p768": 3.0106822770542722E-05
"p769": 0
"p770": 0
"p771": 0
"p772": 0
"p773": 0
"p774": 0
"p775": 0
"p776": 0.0004929992228676371
"p777": 0.00013359902604428335
"p778": 2.2580117077907045E-05
"p779": 0
"p780": 0.00015429746669903143
"p781": 4.7041910578973E-05
"p782": 1.129005853895352E-05
"p783": 0
"p784": 9.784717400426385E-05
"p785": 2.2580117077907045E-05
"p786": 0
"p787": 0
"p788": 9.408382115794602E-06
"p789": 0
"p790": 0
"p791": 0
"p792": 0.0006792851887603704
"p793": 0.0002051027301243223
"p794": 1.6935087808430282E-05
"p795": 0
"p796": 0.00041585048951812135
"p797": 0.0001204272910821709
"p798": 5.645029269476761E-06
"p799": 0
"p800": 0
"p801": 0
"p802": 0
"p803": 0
"p804": 0
"p805": 0
"p806": 0
"p807": 0
"p808": 0.00016935087808430283
"p809": 6.209532196424438E-05
"p810": 0
"p811": 0
"p812": 4.516023415581408E-05
"p813": 2.258011707790704E-05
"p814": 0
"p815": 0
"p816": 2.6343469924224884E-05
"p817": 1.1290058538953523E-05
"p818": 1.1290058538953523E-05
