"p756": 0
"p757": 0
"p758": 0
"p759": 0
"p760": 0.008828825777461653
"p761": 0.0030765409518648344
"p762": 0.0005626212505245173
"p763": 4.327855773265517E-05
"p764": 0.0016878637515735516
"p765": 0.0004572473708276176
"p766": 9.596549758110493E-05
"p767": 1.1290058538953523E-05
"p768": 0.00014300740816007793
"p769": 3.575185204001949E-05
"p770": 0
"p771": 0
"p772": 0
"p773": 0
"p774": 0
"p775": 0
"p776": 0.00048547251717500153
"p777": 0.00013736237889060116
"p778": 1.1290058538953523E-05
"p779": 0
"p780": 9.596549758110492E-05
"p781": 3.3870175616860565E-05
"p782": 0
"p783": 0
"p784": 0
"p785": 0
"p786": 0
"p787": 0
"p788": 0
"p789": 0
"p790": 0
"p791": 0
"p792": 3.3870175616860565E-05
"p793": 5.645029269476761E-06
"p794": 0
"p795": 0
"p796": 0
"p797": 0
"p798": 0
"p799": 0
"p800": 0.00038386199032441974
"p801": 0.00011101890896637629
"p802": 1.505341138527136E-05
"p803": 0
"p804": 2.2580117077907045E-05
"p805": 3.7633528463178407E-06
"p806": 0
"p807": 0
"p808": 0.006939622648610099
"p809": 0.0021996797386727774
"p810": 0.0004158504895181214
"p811": 4.139688130949625E-05
"p812": 0.0010763189140469023
"p813": 0.0003123582862443808
"p814": 4.139688130949624E-05
"p815": 0
"p816": 8.467543904215144E-05
"p817": 1.1290058538953523E-05
"p818": 0
