"p756": 3.7633528463178407E-06
"p757": 3.7633528463178407E-06
"p758": 0
"p759": 0
"p760": 0.0030671325697490402
"p761": 0.0010010518571205457
"p762": 0.000165587525237985
"p763": 9.408382115794602E-06
"p764": 0.001953180127238959
"p765": 0.000660468424528781
"p766": 0.0001467707610063958
"p767": 1.8816764231589204E-06
"p768": 0.0016013066361082412
"p769": 0.0003857436667475786
"p770": 3.575185204001949E-05
"p771": 1.8816764231589204E-06
"p772": 0
"p773": 0
"p774": 0
"p775": 0
"p776": 0.00044595731228866414
"p777": 9.4083821157946E-05
"p778": 1.8816764231589204E-06
"p779": 0
"p780": 0.0005494495155624048
"p781": 0.00012607232035164766
"p782": 0
"p783": 0
"p784": 0.0009032046831162818
"p785": 0.00018064093662325636
"p786": 1.5053411385271363E-05
"p787": 0
"p788": 0.00013736237889060116
"p789": 0
"p790": 0
"p791": 0
"p792": 0.0004007970781328501
"p793": 0.00010537387969689951
"p794": 2.6343469924224884E-05
"p795": 0
"p796": 0.0006943386001456417
"p797": 0.00020698440654748124
"p798": 2.8225146347383808E-05
"p799": 0
"p800": 0.012037084078947616
"p801": 0.00404184095694536
"p802": 0.0006849302180298469
"p803": 5.268693984844977E-05
"p804": 3.387017561686056E-05
"p805": 0
"p806": 0
"p807": 0
"p808": 0.008207872557819212
"p809": 0.002664453815193031
"p810": 0.0004158504895181213
"p811": 2.0698440654748124E-05
"p812": 0.009199516032823962
"p813": 0.002658808785923554
"p814": 0.00040832378382548573
"p815": 2.258011707790704E-05
"p816": 0.007310312903972405
"p817": 0.0028131062526225853
"p818": 0.0005061709578297496
