"p756": 5.645029269476761E-06
"p757": 1.8816764231589204E-06
"p758": 0
"p759": 0
"p760": 0.0067834435054879095
"p761": 0.0020641990362053357
"p762": 0.00026343469924224885
"p763": 1.3171734962112442E-05
"p764": 0.001571199813337698
"p765": 0.0005099343106760674
"p766": 0.00011854561465901197
"p767": 1.8816764231589204E-06
"p768": 0.0001016105268505817
"p769": 1.8816764231589204E-06
"p770": 0
"p771": 0
"p772": 0
"p773": 0
"p774": 0
"p775": 0
"p776": 0.002049145624820064
"p777": 0.0004628924000970944
"p778": 3.7633528463178407E-05
"p779": 1.8816764231589204E-06
"p780": 0.00035563684397703593
"p781": 6.585867481056221E-05
"p782": 0
"p783": 0
"p784": 0.0005118159870992262
"p785": 6.209532196424436E-05
"p786": 3.7633528463178407E-06
"p787": 0
"p788": 0
"p789": 0
"p790": 0
"p791": 0
"p792": 0.0013190551726344028
"p793": 0.0002653163756654078
"p794": 2.8225146347383805E-05
"p795": 0
"p796": 0.00032929337405281106
"p797": 5.645029269476761E-05
"p798": 0
"p799": 0
"p800": 0.00148087934502607
"p801": 0.0003800986374781018
"p802": 2.634346992422488E-05
"p803": 0
"p804": 2.2580117077907045E-05
"p805": 0
"p806": 0
"p807": 0
"p808": 0.019554381389467506
"p809": 0.006410871573702442
"p810": 0.0010443304148532008
"p811": 7.338538050319788E-05
"p812": 0.007739335128452639
"p813": 0.0022674200899064985
"p814": 0.0003650452260928306
"p815": 2.258011707790704E-05
"p816": 0.0023182253533317893
"p817": 0.0008317009790362428
"p818": 0.00013548070246744226
