"p756": 2.0698440654748124E-05
"p757": 5.645029269476761E-06
"p758": 3.7633528463178407E-06
"p759": 3.7633528463178407E-06
"p760": 0.00019757602443168663
"p761": 7.33853805031979E-05
"p762": 2.446179350106597E-05
"p763": 0
"p764": 0.0007338538050319788
"p765": 0.0001712325545074617
"p766": 3.0106822770542722E-05
"p767": 0
"p768": 0.00031047660982122185
"p769": 6.585867481056221E-05
"p770": 1.8816764231589204E-06
"p771": 0
"p772": 0.0007865407448804286
"p773": 0.00017311423093062066
"p774": 3.7633528463178407E-06
"p775": 0
"p776": 0.0019475350979694824
"p777": 0.0005494495155624046
"p778": 6.774035123372114E-05
"p779": 5.645029269476761E-06
"p780": 0.006523772159091977
"p781": 0.0020641990362053357
"p782": 0.0003180033155138576
"p783": 2.2580117077907045E-05
"p784": 0.0010424487384300416
"p785": 0.0002747247577812024
"p786": 3.0106822770542722E-05
"p787": 0
"p788": 0.00212629435816958
"p789": 0.0005419228098697691
"p790": 6.021364554108545E-05
"p791": 0
"p792": 0.0027152590786183213
"p793": 0.0008166475676509716
"p794": 0.00011854561465901199
"p795": 5.645029269476761E-06
"p796": 0.007458965341401961
"p797": 0.0023596222346412856
"p798": 0.00037257193178546626
"p799": 1.6935087808430286E-05
"p800": 2.2580117077907045E-05
"p801": 5.645029269476761E-06
"p802": 0
"p803": 0
"p804": 0.00012607232035164763
"p805": 4.8923587002131926E-05
"p806": 5.645029269476761E-06
"p807": 0
"p808": 0.00043090390090339274
"p809": 0.00012419064392848873
"p810": 5.645029269476761E-06
"p811": 0
"p812": 0.0023690306167570806
"p813": 0.000707510335107754
"p814": 5.080526342529086E-05
"p815": 0
"p816": 4.892358700213193E-05
"p817": 2.8225146347383805E-05
"p818": 0
