"p756": 0
"p757": 0
"p758": 0
"p759": 0
"p760": 0.0013642154067902172
"p761": 0.0004139688130949626
"p762": 9.032046831162821E-05
"p763": 3.7633528463178407E-06
"p764": 0.0001373623788906012
"p765": 6.585867481056221E-05
"p766": 1.6935087808430286E-05
"p767": 0
"p768": 0.0016690469873419619
"p769": 0.0004214955187875981
"p770": 4.5160234155814084E-05
"p771": 0
"p772": 0.00021262943581695803
"p773": 3.3870175616860565E-05
"p774": 0
"p775": 0
"p776": 0.005227297103535479
"p777": 0.0016464668702640551
"p778": 0.0002653163756654078
"p779": 1.6935087808430286E-05
"p780": 0.0047719314091310226
"p781": 0.0013284635547501978
"p782": 0.00019004931873905096
"p783": 5.645029269476761E-06
"p784": 4.704191057897301E-05
"p785": 0
"p786": 0
"p787": 0
"p788": 0
"p789": 0
"p790": 0
"p791": 0
"p792": 5.268693984844977E-05
"p793": 0
"p794": 0
"p795": 0
"p796": 0
"p797": 0
"p798": 0
"p799": 0
"p800": 0.0008185292440741303
"p801": 0.00023709122931802397
"p802": 2.0698440654748128E-05
"p803": 0
"p804": 0
"p805": 0
"p806": 0
"p807": 0
"p808": 0.007353591461705061
"p809": 0.002139466093131692
"p810": 0.0002653163756654078
"p811": 1.1290058538953523E-05
"p812": 0.0025364998184182245
"p813": 0.0006661134537982577
"p814": 7.52670569263568E-05
"p815": 0
"p816": 0.0005475678391392457
"p817": 0.00018628596589273313
"p818": 2.0698440654748124E-05
