"p756": 0
"p757": 0
"p758": 0
"p759": 0
"p760": 0.014522778633940551
"p761": 0.004892358700213194
"p762": 0.0004854725171750015
"p763": 1.6935087808430286E-05
"p764": 0.002506392995647683
"p765": 0.0007263270993393433
"p766": 8.27937626189925E-05
"p767": 0
"p768": 6.39769983874033E-05
"p769": 1.1290058538953523E-05
"p770": 0
"p771": 0
"p772": 9.408382115794602E-06
"p773": 0
"p774": 0
"p775": 0
"p776": 0.0006303616017582384
"p777": 0.00019193099516220984
"p778": 1.6935087808430282E-05
"p779": 0
"p780": 0.00035563684397703593
"p781": 0.00010349220327374062
"p782": 5.645029269476761E-06
"p783": 0
"p784": 1.1290058538953523E-05
"p785": 0
"p786": 0
"p787": 0
"p788": 0
"p789": 0
"p790": 0
"p791": 0
"p792": 7.5267056926356815E-06
"p793": 0
"p794": 0
"p795": 0
"p796": 0
"p797": 0
"p798": 0
"p799": 0
"p800": 4.139688130949624E-05
"p801": 1.1290058538953523E-05
"p802": 0
"p803": 0
"p804": 0
"p805": 0
"p806": 0
"p807": 0
"p808": 0.0004892358700213193
"p809": 9.784717400426385E-05
"p810": 0
"p811": 0
"p812": 0.0001862859658927331
"p813": 4.516023415581409E-05
"p814": 0
"p815": 0
"p816": 3.7633528463178407E-05
"p817": 1.1290058538953523E-05
"p818": 1.1290058538953523E-05
