"p756": 9.596549758110492E-05
"p757": 3.0106822770542722E-05
"p758": 3.7633528463178407E-06
"p759": 3.7633528463178407E-06
"p760": 0.0009653000050805259
"p761": 0.0003462284618612414
"p762": 7.714873334951574E-05
"p763": 3.7633528463178407E-06
"p764": 0.004023024192713771
"p765": 0.0011440592652806234
"p766": 0.0001392440553137601
"p767": 7.5267056926356815E-06
"p768": 0.0017085621922282993
"p769": 0.0006209532196424437
"p770": 8.279376261899248E-05
"p771": 0
"p772": 0.0023389237939865372
"p773": 0.0007526705692635681
"p774": 0.00010913723254321736
"p775": 0
"p776": 0.005622449152398854
"p777": 0.002224141532173844
"p778": 0.00041208713667180354
"p779": 1.8816764231589207E-05
"p780": 0.010187396154982396
"p781": 0.00402490586913693
"p782": 0.0007959491269962232
"p783": 4.139688130949625E-05
"p784": 0
"p785": 0
"p786": 0
"p787": 0
"p788": 8.091208619583357E-05
"p789": 0
"p790": 0
"p791": 0
"p792": 5.645029269476761E-06
"p793": 0
"p794": 0
"p795": 0
"p796": 6.962202765688005E-05
"p797": 5.645029269476761E-06
"p798": 0
"p799": 0
"p800": 0.0006642317773750989
"p801": 0.0001768775837769385
"p802": 9.408382115794602E-06
"p803": 0
"p804": 0.0014470091694092093
"p805": 0.0004421939594423463
"p806": 5.456861627160869E-05
"p807": 0
"p808": 0.008320773143208747
"p809": 0.0026926789615404146
"p810": 0.0003876253431707376
"p811": 2.258011707790704E-05
"p812": 0.018289894833104708
"p813": 0.006170016991538099
"p814": 0.0008787428896152158
"p815": 5.8331969117926534E-05
"p816": 0.00041396881309496247
"p817": 0.00011478226181269412
"p818": 7.5267056926356815E-06
