"p756": 0.007974544681347503
"p757": 0.0024047824687971004
"p758": 0.00034058343259176454
"p759": 2.2580117077907045E-05
"p760": 0.0003443467854380824
"p761": 0.00011478226181269415
"p762": 2.6343469924224887E-05
"p763": 1.8816764231589204E-06
"p764": 0.000566384603370835
"p765": 0.00017875926020009743
"p766": 2.2580117077907045E-05
"p767": 0
"p768": 0.0015956616068387643
"p769": 0.0005099343106760674
"p770": 8.279376261899248E-05
"p771": 1.317173496211244E-05
"p772": 0.0015674364604913804
"p773": 0.0005701479562171528
"p774": 0.00011101890896637629
"p775": 1.317173496211244E-05
"p776": 0.0007188003936467075
"p777": 0.000188167642315892
"p778": 2.4461793501065963E-05
"p779": 0
"p780": 0.0002973048748591094
"p781": 0.00010349220327374062
"p782": 2.4461793501065963E-05
"p783": 0
"p784": 0.0019268366573147342
"p785": 0.0006943386001456417
"p786": 0.00014677076100639576
"p787": 1.8816764231589203E-05
"p788": 0.0014978144328345005
"p789": 0.0006077814846803313
"p790": 0.00013359902604428333
"p791": 1.8816764231589203E-05
"p792": 0.0012626048799396355
"p793": 0.000378216961054943
"p794": 4.704191057897301E-05
"p795": 0
"p796": 0.0006868118944530059
"p797": 0.0002088660829706401
"p798": 2.6343469924224884E-05
"p799": 0
"p800": 0.0005908463968719009
"p801": 0.00017875926020009738
"p802": 2.446179350106596E-05
"p803": 0
"p804": 0.0008091208619583356
"p805": 0.0002483812878569775
"p806": 4.139688130949624E-05
"p807": 0
"p808": 7.526705692635681E-05
"p809": 9.408382115794602E-06
"p810": 3.76335284631784E-06
"p811": 3.76335284631784E-06
"p812": 2.0698440654748124E-05
"p813": 5.6450292694767605E-06
"p814": 3.76335284631784E-06
"p815": 3.76335284631784E-06
"p816": 0.0005475678391392458
"p817": 0.0001862859658927331
"p818": 2.069844065474812E-05
