"p756": 0.00015994249596850823
"p757": 2.8225146347383808E-05
"p758": 0
"p759": 0
"p760": 0.04650186944552642
"p761": 0.018685046881968082
"p762": 0.0042826955391097035
"p763": 0.000449720665134982
"p764": 0.013849138474449655
"p765": 0.0052235337506891626
"p766": 0.0010010518571205455
"p767": 8.091208619583358E-05
"p768": 0
"p769": 0
"p770": 0
"p771": 0
"p772": 0
"p773": 0
"p774": 0
"p775": 0
"p776": 0.0001298356731979655
"p777": 1.8816764231589203E-05
"p778": 0
"p779": 0
"p780": 7.5267056926356815E-06
"p781": 1.8816764231589204E-06
"p782": 0
"p783": 0
"p784": 9.032046831162818E-05
"p785": 5.645029269476761E-06
"p786": 0
"p787": 0
"p788": 0
"p789": 0
"p790": 0
"p791": 0
"p792": 0.00033493840332228785
"p793": 6.774035123372114E-05
"p794": 5.645029269476761E-06
"p795": 0
"p796": 2.6343469924224887E-05
"p797": 3.7633528463178407E-06
"p798": 0
"p799": 0
"p800": 4.139688130949624E-05
"p801": 0
"p802": 0
"p803": 0
"p804": 0
"p805": 0
"p806": 0
"p807": 0
"p808": 0.0009389565351563011
"p809": 0.00023709122931802397
"p810": 2.2580117077907045E-05
"p811": 0
"p812": 0.0002483812878569775
"p813": 7.150370408003896E-05
"p814": 1.129005853895352E-05
"p815": 0
"p816": 0.00018252261304641527
"p817": 4.516023415581409E-05
"p818": 0
