"p756": 0.002641873698115124
"p757": 0.0006529417188361455
"p758": 3.387017561686057E-05
"p759": 0
"p760": 5.645029269476761E-05
"p761": 2.6343469924224887E-05
"p762": 7.5267056926356815E-06
"p763": 0
"p764": 0.0001448890845832369
"p765": 5.080526342529084E-05
"p766": 9.408382115794602E-06
"p767": 0
"p768": 0.0011497042945501003
"p769": 0.00040644210740232686
"p770": 7.150370408003896E-05
"p771": 1.317173496211244E-05
"p772": 0.0011534676473964182
"p773": 0.0004365489301728695
"p774": 8.843879188846924E-05
"p775": 1.317173496211244E-05
"p776": 0.0005532128684087226
"p777": 0.00017123255450746173
"p778": 2.4461793501065963E-05
"p779": 0
"p780": 0.00024461793501065964
"p781": 9.596549758110493E-05
"p782": 2.4461793501065963E-05
"p783": 0
"p784": 0.001130887530318511
"p785": 0.0004139688130949625
"p786": 8.843879188846925E-05
"p787": 7.5267056926356815E-06
"p788": 0.0009370748587331425
"p789": 0.0003706902553623073
"p790": 8.091208619583358E-05
"p791": 7.5267056926356815E-06
"p792": 0.0007282087757625021
"p793": 0.00023520955289486501
"p794": 4.139688130949624E-05
"p795": 0
"p796": 0.0004610107236739354
"p797": 0.00015053411385271363
"p798": 2.6343469924224884E-05
"p799": 0
"p800": 0.0005268693984844977
"p801": 0.0001712325545074617
"p802": 2.446179350106596E-05
"p803": 0
"p804": 0.0007451438635709324
"p805": 0.00024085458216434175
"p806": 4.139688130949624E-05
"p807": 0
"p808": 7.150370408003898E-05
"p809": 9.408382115794602E-06
"p810": 3.76335284631784E-06
"p811": 3.76335284631784E-06
"p812": 2.0698440654748124E-05
"p813": 5.6450292694767605E-06
"p814": 3.76335284631784E-06
"p815": 3.76335284631784E-06
"p816": 0.00029165984558963265
"p817": 0.00012230896750532982
"p818": 1.6935087808430282E-05
