"p756": 0
"p757": 0
"p758": 0
"p759": 0
"p760": 0.004388069418806602
"p761": 0.0012701315856322713
"p762": 0.00017687758377693855
"p763": 9.408382115794602E-06
"p764": 0.000611544837526649
"p765": 0.00023520955289486504
"p766": 4.516023415581409E-05
"p767": 1.8816764231589204E-06
"p768": 0.0021244126817464206
"p769": 0.0007131553643772308
"p770": 0.00010913723254321736
"p771": 0
"p772": 0.0002935415220127916
"p773": 6.209532196424438E-05
"p774": 0
"p775": 0
"p776": 0.009684988549998965
"p777": 0.00385179163820631
"p778": 0.0007658423042256805
"p779": 4.704191057897301E-05
"p780": 0.007487190487749344
"p781": 0.0027698276948899306
"p782": 0.00048170916432868356
"p783": 1.3171734962112444E-05
"p784": 8.091208619583357E-05
"p785": 0
"p786": 0
"p787": 0
"p788": 0
"p789": 0
"p790": 0
"p791": 0
"p792": 7.150370408003898E-05
"p793": 5.645029269476761E-06
"p794": 0
"p795": 0
"p796": 3.7633528463178407E-06
"p797": 0
"p798": 0
"p799": 0
"p800": 0.0014394824637165736
"p801": 0.0004421939594423463
"p802": 5.456861627160869E-05
"p803": 0
"p804": 7.5267056926356815E-06
"p805": 0
"p806": 0
"p807": 0
"p808": 0.019629648446393855
"p809": 0.006582104128209903
"p810": 0.0009069680359625996
"p811": 5.8331969117926534E-05
"p812": 0.006858710562414265
"p813": 0.0020416189191274285
"p814": 0.00031047660982122185
"p815": 2.258011707790704E-05
"p816": 0.0008881512717310102
"p817": 0.00032553002120649325
"p818": 4.704191057897301E-05
