"p756": 9.408382115794602E-06
"p757": 1.8816764231589204E-06
"p758": 0
"p759": 0
"p760": 0.0025873050818435153
"p761": 0.0007244454229161844
"p762": 7.903040977267466E-05
"p763": 1.8816764231589204E-06
"p764": 0.004290222244802339
"p765": 0.0012588415270933175
"p766": 0.00018816764231589203
"p767": 1.8816764231589204E-06
"p768": 3.9515204886337324E-05
"p769": 0
"p770": 0
"p771": 0
"p772": 0.0005287510749076566
"p773": 0.00010161052685058169
"p774": 0
"p775": 0
"p776": 0.00024461793501065964
"p777": 3.575185204001949E-05
"p778": 0
"p779": 0
"p780": 0.001061265502661631
"p781": 0.000212629435816958
"p782": 2.2580117077907045E-05
"p783": 0
"p784": 0
"p785": 0
"p786": 0
"p787": 0
"p788": 0
"p789": 0
"p790": 0
"p791": 0
"p792": 0
"p793": 0
"p794": 0
"p795": 0
"p796": 7.338538050319791E-05
"p797": 0
"p798": 0
"p799": 0
"p800": 0.0024593510850687084
"p801": 0.0006397699838740329
"p802": 8.843879188846924E-05
"p803": 5.645029269476761E-06
"p804": 0.005323262601116587
"p805": 0.0015015777856808182
"p806": 0.00020133937727800444
"p807": 7.5267056926356815E-06
"p808": 0.008480715639177254
"p809": 0.002615530228190899
"p810": 0.00043654893017286943
"p811": 3.198849919370165E-05
"p812": 0.022798391542993485
"p813": 0.007539877427597795
"p814": 0.0013962039059839187
"p815": 0.00012042729108217092
"p816": 0.00023520955289486504
"p817": 3.9515204886337324E-05
"p818": 1.8816764231589204E-06
