"p756": 8.27937626189925E-05
"p757": 2.446179350106596E-05
"p758": 0
"p759": 0
"p760": 0.0005983731025645368
"p761": 0.0001938126715853688
"p762": 2.8225146347383808E-05
"p763": 1.8816764231589204E-06
"p764": 0.0035940019682335375
"p765": 0.000970945034350003
"p766": 8.655711546531033E-05
"p767": 5.645029269476761E-06
"p768": 0.00031988499193701646
"p769": 0.00011854561465901195
"p770": 1.88167642315892E-05
"p771": 0
"p772": 0.00019569434800852773
"p773": 5.268693984844977E-05
"p774": 7.52670569263568E-06
"p775": 0
"p776": 0.0015203945499124077
"p777": 0.0005268693984844976
"p778": 0.00010537387969689952
"p779": 7.5267056926356815E-06
"p780": 0.001320936849057562
"p781": 0.0004911175464444782
"p782": 0.00010161052685058169
"p783": 7.5267056926356815E-06
"p784": 0
"p785": 0
"p786": 0
"p787": 0
"p788": 5.645029269476761E-06
"p789": 5.645029269476761E-06
"p790": 0
"p791": 0
"p792": 0
"p793": 0
"p794": 0
"p795": 0
"p796": 9.408382115794602E-06
"p797": 3.7633528463178407E-06
"p798": 0
"p799": 0
"p800": 9.784717400426385E-05
"p801": 3.7633528463178407E-05
"p802": 3.76335284631784E-06
"p803": 0
"p804": 0.00010913723254321737
"p805": 3.575185204001948E-05
"p806": 7.52670569263568E-06
"p807": 0
"p808": 0.0015373296377208375
"p809": 0.0004534840179812997
"p810": 6.209532196424438E-05
"p811": 1.8816764231589204E-06
"p812": 0.001584371548299811
"p813": 0.0005362777806002922
"p814": 9.032046831162817E-05
"p815": 1.8816764231589204E-06
"p816": 6.209532196424438E-05
"p817": 1.6935087808430282E-05
"p818": 1.1290058538953521E-05
