"p756": 0
"p757": 0
"p758": 0
"p759": 0
"p760": 0.011369088948726198
"p761": 0.0036297538202735573
"p762": 0.0005701479562171528
"p763": 3.575185204001949E-05
"p764": 0.0022090881207885724
"p765": 0.0006341249546045563
"p766": 0.00011854561465901199
"p767": 1.1290058538953523E-05
"p768": 0.0006303616017582381
"p769": 9.596549758110495E-05
"p770": 3.7633528463178407E-06
"p771": 0
"p772": 0
"p773": 0
"p774": 0
"p775": 0
"p776": 0.0016841003987272335
"p777": 0.0003800986374781019
"p778": 3.951520488633733E-05
"p779": 0
"p780": 0.0006642317773750989
"p781": 0.00016558752523798502
"p782": 1.1290058538953523E-05
"p783": 0
"p784": 0
"p785": 0
"p786": 0
"p787": 0
"p788": 0
"p789": 0
"p790": 0
"p791": 0
"p792": 0.00011854561465901199
"p793": 5.645029269476761E-06
"p794": 0
"p795": 0
"p796": 0
"p797": 0
"p798": 0
"p799": 0
"p800": 0.0055170752727019545
"p801": 0.0018910848052747149
"p802": 0.00031988499193701635
"p803": 7.5267056926356815E-06
"p804": 0.0005362777806002923
"p805": 0.0001279539967748066
"p806": 5.645029269476761E-06
"p807": 0
"p808": 0.03883403802115381
"p809": 0.013764463035407504
"p810": 0.00263246531599933
"p811": 0.00020133937727800447
"p812": 0.01828236812741207
"p813": 0.006369474692392946
"p814": 0.00113276920674167
"p815": 5.645029269476761E-05
"p816": 0.0007018653058382772
"p817": 0.0001900493187390509
"p818": 1.5053411385271363E-05
