"p756": 2.8225146347383805E-05
"p757": 0
"p758": 0
"p759": 0
"p760": 0.008860814276655356
"p761": 0.0032421284771028194
"p762": 0.000637888307450874
"p763": 4.7041910578973015E-05
"p764": 0.007046878204730158
"p765": 0.0024631144379150265
"p766": 0.0005325144277539744
"p767": 6.774035123372113E-05
"p768": 0.00042337719521075713
"p769": 0.00011666393823585305
"p770": 9.408382115794602E-06
"p771": 0
"p772": 0
"p773": 0
"p774": 0
"p775": 0
"p776": 0.0001129005853895352
"p777": 2.0698440654748124E-05
"p778": 3.76335284631784E-06
"p779": 0
"p780": 0.00011101890896637629
"p781": 3.7633528463178407E-05
"p782": 5.645029269476761E-06
"p783": 0
"p784": 0.0003123582862443808
"p785": 0.0001223089675053298
"p786": 1.1290058538953523E-05
"p787": 0
"p788": 9.408382115794602E-06
"p789": 5.6450292694767605E-06
"p790": 0
"p791": 0
"p792": 0.00022203781793275258
"p793": 3.575185204001949E-05
"p794": 1.8816764231589204E-06
"p795": 1.8816764231589204E-06
"p796": 0.00025026296428013644
"p797": 7.338538050319788E-05
"p798": 1.8816764231589204E-06
"p799": 1.8816764231589204E-06
"p800": 0.0020848974768600836
"p801": 0.0006924569237224825
"p802": 0.00013736237889060116
"p803": 1.317173496211244E-05
"p804": 0
"p805": 0
"p806": 0
"p807": 0
"p808": 0.00233516044114022
"p809": 0.0006585867481056221
"p810": 0.00012042729108217089
"p811": 1.317173496211244E-05
"p812": 0.0006435333367203507
"p813": 0.00016746920166114387
"p814": 2.258011707790704E-05
"p815": 0
"p816": 0.002028447184165316
"p817": 0.0007601972749562039
"p818": 0.0001486524374295547
