"p756": 0.026830824117823046
"p757": 0.0097659006361948
"p758": 0.0015711998133376985
"p759": 0.00010913723254321738
"p760": 0.0030671325697490407
"p761": 0.0010010518571205457
"p762": 0.000165587525237985
"p763": 9.408382115794602E-06
"p764": 0.003898833548785283
"p765": 0.0013284635547501978
"p766": 0.00019193099516220987
"p767": 9.408382115794602E-06
"p768": 0.0009446015644257781
"p769": 0.00031612163909069865
"p770": 4.516023415581409E-05
"p771": 0
"p772": 0.0008448727139983552
"p773": 0.0003123582862443808
"p774": 5.645029269476761E-05
"p775": 0
"p776": 0.0005889647204487421
"p777": 0.00016935087808430283
"p778": 0
"p779": 0
"p780": 0.0005494495155624046
"p781": 0.00012607232035164763
"p782": 0
"p783": 0
"p784": 3.7633528463178407E-06
"p785": 0
"p786": 0
"p787": 0
"p788": 4.892358700213193E-05
"p789": 7.5267056926356815E-06
"p790": 0
"p791": 0
"p792": 0
"p793": 0
"p794": 0
"p795": 0
"p796": 9.408382115794602E-06
"p797": 5.645029269476761E-06
"p798": 0
"p799": 0
"p800": 0.0003763352846317842
"p801": 8.655711546531033E-05
"p802": 0
"p803": 0
"p804": 0.0005118159870992264
"p805": 0.00012042729108217089
"p806": 0
"p807": 0
"p808": 9.972885042742277E-05
"p809": 1.5053411385271363E-05
"p810": 5.645029269476761E-06
"p811": 0
"p812": 7.714873334951573E-05
"p813": 1.1290058538953523E-05
"p814": 5.645029269476761E-06
"p815": 0
"p816": 0.0003951520488633733
"p817": 0.00014112573173691902
"p818": 1.8816764231589203E-05
