"p756": 0.016387519969291046
"p757": 0.006333722840352926
"p758": 0.0011497042945501005
"p759": 4.139688130949624E-05
"p760": 0.0019381267158536876
"p761": 0.0007188003936467076
"p762": 9.784717400426387E-05
"p763": 0
"p764": 0.002720904107887799
"p765": 0.0009822350928889564
"p766": 0.0001561791431221904
"p767": 0
"p768": 7.5267056926356815E-06
"p769": 0
"p770": 0
"p771": 0
"p772": 8.467543904215141E-05
"p773": 1.1290058538953523E-05
"p774": 0
"p775": 0
"p776": 1.8816764231589204E-06
"p777": 1.8816764231589204E-06
"p778": 0
"p779": 0
"p780": 1.3171734962112442E-05
"p781": 1.3171734962112442E-05
"p782": 0
"p783": 0
"p784": 2.0698440654748124E-05
"p785": 0
"p786": 0
"p787": 0
"p788": 9.22021447347871E-05
"p789": 0
"p790": 0
"p791": 0
"p792": 1.8816764231589204E-06
"p793": 1.8816764231589204E-06
"p794": 1.8816764231589204E-06
"p795": 0
"p796": 2.0698440654748124E-05
"p797": 5.645029269476761E-06
"p798": 5.645029269476761E-06
"p799": 0
"p800": 0.0003010682277054273
"p801": 9.596549758110493E-05
"p802": 1.6935087808430286E-05
"p803": 0
"p804": 0.0004421939594423463
"p805": 0.00013548070246744229
"p806": 1.6935087808430286E-05
"p807": 0
"p808": 8.655711546531035E-05
"p809": 2.6343469924224887E-05
"p810": 0
"p811": 0
"p812": 0.00012795399677480656
"p813": 4.139688130949625E-05
"p814": 0
"p815": 0
"p816": 0.00035751852040019486
"p817": 0.00012607232035164766
"p818": 1.1290058538953523E-05
