"p756": 0
"p757": 0
"p758": 0
"p759": 0
"p760": 0.005801208412598952
"p761": 0.0016652836344956444
"p762": 0.00023709122931802394
"p763": 3.7633528463178407E-06
"p764": 0.0010725555612005845
"p765": 0.0002860148163201559
"p766": 3.0106822770542726E-05
"p767": 0
"p768": 0.000378216961054943
"p769": 6.774035123372113E-05
"p770": 0
"p771": 0
"p772": 0
"p773": 0
"p774": 0
"p775": 0
"p776": 0.001273894938478589
"p777": 0.0002540263171264542
"p778": 2.2580117077907045E-05
"p779": 0
"p780": 0.00022203781793275263
"p781": 2.8225146347383805E-05
"p782": 0
"p783": 0
"p784": 0
"p785": 0
"p786": 0
"p787": 0
"p788": 0
"p789": 0
"p790": 0
"p791": 0
"p792": 7.338538050319791E-05
"p793": 0
"p794": 0
"p795": 0
"p796": 0
"p797": 0
"p798": 0
"p799": 0
"p800": 0.004803919908324725
"p801": 0.001396203905983919
"p802": 0.00019569434800852768
"p803": 7.5267056926356815E-06
"p804": 0.0004666557529434122
"p805": 8.843879188846925E-05
"p806": 5.645029269476761E-06
"p807": 0
"p808": 0.020771826035251326
"p809": 0.0065519973054393625
"p810": 0.0011798111173206434
"p811": 0.00010349220327374062
"p812": 0.01210106107733502
"p813": 0.003793459669088383
"p814": 0.0007018653058382772
"p815": 5.45686162716087E-05
"p816": 0.0006115448375266493
"p817": 0.0001204272910821709
"p818": 3.7633528463178407E-06
