"p756": 0.004158504895181215
"p757": 0.0012362614100154105
"p758": 0.00018816764231589203
"p759": 1.8816764231589204E-06
"p760": 0.0006228348960656026
"p761": 0.0001862859658927331
"p762": 7.5267056926356815E-06
"p763": 0
"p764": 0.00031612163909069865
"p765": 0.00015429746669903146
"p766": 1.1290058538953523E-05
"p767": 0
"p768": 0.0002295645236253883
"p769": 3.198849919370165E-05
"p770": 0
"p771": 0
"p772": 0.0012569598506701586
"p773": 0.00024461793501065964
"p774": 2.2580117077907045E-05
"p775": 0
"p776": 5.2686939848449775E-05
"p777": 5.645029269476761E-06
"p778": 1.8816764231589204E-06
"p779": 0
"p780": 0.00037069025536230727
"p781": 0.00013171734962112442
"p782": 2.4461793501065963E-05
"p783": 0
"p784": 0
"p785": 0
"p786": 0
"p787": 0
"p788": 7.338538050319791E-05
"p789": 0
"p790": 0
"p791": 0
"p792": 0
"p793": 0
"p794": 0
"p795": 0
"p796": 0
"p797": 0
"p798": 0
"p799": 0
"p800": 0.007359236490974537
"p801": 0.0023652672639107625
"p802": 0.0004045604309791679
"p803": 3.198849919370165E-05
"p804": 0.01787404434358659
"p805": 0.005836960264638972
"p806": 0.001085727296162697
"p807": 9.972885042742278E-05
"p808": 0.002470641143607662
"p809": 0.0006228348960656026
"p810": 8.46754390421514E-05
"p811": 0
"p812": 0.010456475883494121
"p813": 0.003236483447833343
"p814": 0.00045536569440445874
"p815": 2.2580117077907045E-05
"p816": 0.0018478062475420602
"p817": 0.0006171898667961257
"p818": 0.0001223089675053298
