"p756": 0
"p757": 0
"p758": 0
"p759": 0
"p760": 0.003196968242947006
"p761": 0.0010142235920826577
"p762": 0.00010725555612005844
"p763": 3.7633528463178407E-06
"p764": 0.0014018489352533956
"p765": 0.0005042892814065906
"p766": 6.585867481056221E-05
"p767": 1.8816764231589204E-06
"p768": 0.006021364554108546
"p769": 0.002028447184165316
"p770": 0.00038386199032441974
"p771": 3.9515204886337324E-05
"p772": 0.000613426513949808
"p773": 9.784717400426387E-05
"p774": 5.645029269476761E-06
"p775": 0
"p776": 0.004564947002583539
"p777": 0.0013529253482512636
"p778": 0.00023144620004854718
"p779": 1.5053411385271363E-05
"p780": 0.010415079002184625
"p781": 0.003347502356799719
"p782": 0.0005852013676024241
"p783": 3.9515204886337324E-05
"p784": 5.268693984844977E-05
"p785": 0
"p786": 0
"p787": 0
"p788": 2.0698440654748124E-05
"p789": 0
"p790": 0
"p791": 0
"p792": 0
"p793": 0
"p794": 0
"p795": 0
"p796": 0
"p797": 0
"p798": 0
"p799": 0
"p800": 0.007504125575557777
"p801": 0.0025515532298034955
"p802": 0.0004610107236739354
"p803": 3.3870175616860565E-05
"p804": 3.3870175616860565E-05
"p805": 1.8816764231589204E-06
"p806": 0
"p807": 0
"p808": 0.003912005283747395
"p809": 0.00121932632220698
"p810": 0.00021827446508643474
"p811": 1.6935087808430282E-05
"p812": 0.005091816401068041
"p813": 0.0016314134588787835
"p814": 0.0002464996114338185
"p815": 1.3171734962112444E-05
"p816": 0.005359014453156604
"p817": 0.001987050302855819
"p818": 0.0003932703724402144
