"p756": 0.000948364917272096
"p757": 0.0002878964927433148
"p758": 3.0106822770542726E-05
"p759": 0
"p760": 0.0070148897055364555
"p761": 0.002696442314386733
"p762": 0.00042149551878759825
"p763": 1.1290058538953523E-05
"p764": 0.017655769878500156
"p765": 0.0067890885347573855
"p766": 0.0012324980571690929
"p767": 4.139688130949624E-05
"p768": 0
"p769": 0
"p770": 0
"p771": 0
"p772": 0
"p773": 0
"p774": 0
"p775": 0
"p776": 7.5267056926356815E-06
"p777": 0
"p778": 0
"p779": 0
"p780": 8.467543904215141E-05
"p781": 1.1290058538953523E-05
"p782": 0
"p783": 0
"p784": 5.645029269476761E-06
"p785": 0
"p786": 0
"p787": 0
"p788": 5.4568616271608685E-05
"p789": 0
"p790": 0
"p791": 0
"p792": 1.8816764231589203E-05
"p793": 0
"p794": 0
"p795": 0
"p796": 7.903040977267466E-05
"p797": 0
"p798": 0
"p799": 0
"p800": 1.8816764231589203E-05
"p801": 0
"p802": 0
"p803": 0
"p804": 3.0106822770542722E-05
"p805": 0
"p806": 0
"p807": 0
"p808": 0.00032929337405281106
"p809": 9.596549758110493E-05
"p810": 1.6935087808430286E-05
"p811": 0
"p812": 0.000472300782212889
"p813": 0.00013548070246744229
"p814": 1.6935087808430286E-05
"p815": 0
"p816": 0.000165587525237985
"p817": 3.0106822770542722E-05
"p818": 0
