"p756": 0.03233096430271658
"p757": 0.013331677458080957
"p758": 0.0031311095681364437
"p759": 0.0003424651090149235
"p760": 0.007712991658528413
"p761": 0.0030351440705553385
"p762": 0.0005550945448318817
"p763": 1.3171734962112442E-05
"p764": 0.007016771381959615
"p765": 0.002664453815193031
"p766": 0.00043843060659602847
"p767": 1.5053411385271363E-05
"p768": 1.5053411385271363E-05
"p769": 1.8816764231589204E-06
"p770": 0
"p771": 0
"p772": 0.00012419064392848873
"p773": 1.8816764231589203E-05
"p774": 0
"p775": 0
"p776": 1.8816764231589204E-06
"p777": 1.8816764231589204E-06
"p778": 0
"p779": 0
"p780": 1.8816764231589203E-05
"p781": 1.3171734962112442E-05
"p782": 0
"p783": 0
"p784": 0.00010349220327374062
"p785": 1.5053411385271363E-05
"p786": 0
"p787": 0
"p788": 0.00026907972851172553
"p789": 5.6450292694767617E-05
"p790": 5.645029269476761E-06
"p791": 0
"p792": 9.408382115794602E-06
"p793": 7.5267056926356815E-06
"p794": 1.8816764231589204E-06
"p795": 0
"p796": 9.22021447347871E-05
"p797": 3.387017561686057E-05
"p798": 5.645029269476761E-06
"p799": 0
"p800": 0.00045724737082761767
"p801": 0.00012419064392848875
"p802": 1.6935087808430286E-05
"p803": 0
"p804": 0.0006435333367203508
"p805": 0.00018064093662325636
"p806": 1.6935087808430286E-05
"p807": 0
"p808": 0.00011478226181269415
"p809": 2.8225146347383805E-05
"p810": 0
"p811": 0
"p812": 0.00014112573173691902
"p813": 4.327855773265517E-05
"p814": 0
"p815": 0
"p816": 0.0011515859709732594
"p817": 0.0003706902553623074
"p818": 4.516023415581409E-05
