"p756": 0.002685152255847779
"p757": 0.0008806245660383747
"p758": 7.903040977267465E-05
"p759": 5.645029269476761E-06
"p760": 2.0698440654748124E-05
"p761": 5.645029269476761E-06
"p762": 0
"p763": 0
"p764": 0.0001731142309306207
"p765": 6.962202765688005E-05
"p766": 5.645029269476761E-06
"p767": 0
"p768": 0.0001505341138527136
"p769": 3.9515204886337324E-05
"p770": 0
"p771": 0
"p772": 0.00019757602443168663
"p773": 6.962202765688005E-05
"p774": 0
"p775": 0
"p776": 2.6343469924224884E-05
"p777": 7.5267056926356815E-06
"p778": 1.8816764231589204E-06
"p779": 1.8816764231589204E-06
"p780": 0.00010349220327374062
"p781": 2.0698440654748124E-05
"p782": 1.8816764231589204E-06
"p783": 1.8816764231589204E-06
"p784": 0
"p785": 0
"p786": 0
"p787": 0
"p788": 3.3870175616860565E-05
"p789": 5.645029269476761E-06
"p790": 0
"p791": 0
"p792": 0
"p793": 0
"p794": 0
"p795": 0
"p796": 0
"p797": 0
"p798": 0
"p799": 0
"p800": 0.002305053618369677
"p801": 0.0007300904521856611
"p802": 0.0001317173496211244
"p803": 9.408382115794602E-06
"p804": 0.0023897290574118285
"p805": 0.0007865407448804286
"p806": 0.00015053411385271363
"p807": 9.408382115794602E-06
"p808": 0.0011440592652806236
"p809": 0.0003217666683601754
"p810": 4.3278557732655166E-05
"p811": 0
"p812": 0.0006679951302214166
"p813": 0.00020322105370116337
"p814": 2.6343469924224884E-05
"p815": 0
"p816": 0.0006228348960656025
"p817": 0.00022203781793275258
"p818": 5.268693984844976E-05
