"p756": 0
"p757": 0
"p758": 0
"p759": 0
"p760": 0.0025797783761508796
"p761": 0.000878742889615216
"p762": 0.00013171734962112442
"p763": 7.5267056926356815E-06
"p764": 0.0017988826605399276
"p765": 0.0006115448375266492
"p766": 0.00013171734962112445
"p767": 1.8816764231589204E-06
"p768": 0.0003180033155138575
"p769": 9.032046831162817E-05
"p770": 9.408382115794602E-06
"p771": 0
"p772": 0
"p773": 0
"p774": 0
"p775": 0
"p776": 6.962202765688006E-05
"p777": 1.3171734962112444E-05
"p778": 3.76335284631784E-06
"p779": 0
"p780": 9.22021447347871E-05
"p781": 3.3870175616860565E-05
"p782": 5.645029269476761E-06
"p783": 0
"p784": 0.00021451111224011688
"p785": 6.962202765688005E-05
"p786": 0
"p787": 0
"p788": 5.6450292694767605E-06
"p789": 5.6450292694767605E-06
"p790": 0
"p791": 0
"p792": 9.22021447347871E-05
"p793": 2.0698440654748124E-05
"p794": 1.8816764231589204E-06
"p795": 1.8816764231589204E-06
"p796": 0.000188167642315892
"p797": 4.704191057897301E-05
"p798": 1.8816764231589204E-06
"p799": 1.8816764231589204E-06
"p800": 0.0016050699889545589
"p801": 0.0005513311919855636
"p802": 0.00011478226181269411
"p803": 1.317173496211244E-05
"p804": 0
"p805": 0
"p806": 0
"p807": 0
"p808": 0.0018271078068873116
"p809": 0.0005739113090634706
"p810": 0.00010913723254321737
"p811": 1.317173496211244E-05
"p812": 0.0004798274879055246
"p813": 0.000141125731736919
"p814": 2.258011707790704E-05
"p815": 0
"p816": 0.0013623337303670581
"p817": 0.0004873541935981603
"p818": 9.596549758110493E-05
