"p756": 0
"p757": 0
"p758": 0
"p759": 0
"p760": 0.00044972066513498195
"p761": 0.00014677076100639576
"p762": 3.7633528463178407E-05
"p763": 3.7633528463178407E-06
"p764": 0.00016746920166114393
"p765": 8.091208619583357E-05
"p766": 2.634346992422488E-05
"p767": 1.8816764231589204E-06
"p768": 0.0033719641503007847
"p769": 0.0010763189140469026
"p770": 0.00017499590735377957
"p771": 1.1290058538953523E-05
"p772": 0.00034999181470755925
"p773": 4.5160234155814084E-05
"p774": 0
"p775": 0
"p776": 0.0021507561516706454
"p777": 0.0006585867481056221
"p778": 9.784717400426387E-05
"p779": 5.645029269476761E-06
"p780": 0.005654437651592557
"p781": 0.001669046987341962
"p782": 0.00023144620004854718
"p783": 5.645029269476761E-06
"p784": 5.268693984844977E-05
"p785": 0
"p786": 0
"p787": 0
"p788": 2.0698440654748124E-05
"p789": 0
"p790": 0
"p791": 0
"p792": 0
"p793": 0
"p794": 0
"p795": 0
"p796": 0
"p797": 0
"p798": 0
"p799": 0
"p800": 0.005020312696987999
"p801": 0.0014940510799881827
"p802": 0.00018252261304641527
"p803": 5.645029269476761E-06
"p804": 2.2580117077907042E-05
"p805": 0
"p806": 0
"p807": 0
"p808": 0.002519564730609794
"p809": 0.0007112736879540719
"p810": 9.784717400426387E-05
"p811": 5.645029269476761E-06
"p812": 0.0036165820853114455
"p813": 0.0010631471790847897
"p814": 0.00011290058538953519
"p815": 0
"p816": 0.0021526378280938042
"p817": 0.000780895715610952
"p818": 0.00010725555612005845
