"p756": 0.00017875926020009743
"p757": 2.6343469924224887E-05
"p758": 0
"p759": 0
"p760": 0.02116509640769154
"p761": 0.008738505309150027
"p762": 0.0019512984508158007
"p763": 0.0001637058488148261
"p764": 0.015920864216347627
"p765": 0.0059498608500285054
"p766": 0.0011064257368174452
"p767": 8.091208619583358E-05
"p768": 0.00011101890896637629
"p769": 1.8816764231589203E-05
"p770": 0
"p771": 0
"p772": 0
"p773": 0
"p774": 0
"p775": 0
"p776": 2.069844065474812E-05
"p777": 1.8816764231589204E-06
"p778": 0
"p779": 0
"p780": 2.634346992422488E-05
"p781": 1.5053411385271363E-05
"p782": 0
"p783": 0
"p784": 0.0002333278764717061
"p785": 5.268693984844977E-05
"p786": 5.645029269476761E-06
"p787": 0
"p788": 1.8816764231589203E-05
"p789": 0
"p790": 0
"p791": 0
"p792": 9.972885042742278E-05
"p793": 2.2580117077907045E-05
"p794": 1.8816764231589204E-06
"p795": 0
"p796": 0.00011101890896637629
"p797": 3.7633528463178407E-05
"p798": 5.645029269476761E-06
"p799": 0
"p800": 0.0006435333367203508
"p801": 0.00018064093662325636
"p802": 1.6935087808430286E-05
"p803": 0
"p804": 0
"p805": 0
"p806": 0
"p807": 0
"p808": 0.0003462284618612414
"p809": 8.27937626189925E-05
"p810": 5.645029269476761E-06
"p811": 0
"p812": 0.0003349384033222878
"p813": 0.0001129005853895352
"p814": 1.129005853895352E-05
"p815": 0
"p816": 0.0012061545872448678
"p817": 0.00039891540170969113
"p818": 5.645029269476761E-05
