"p756": 0
"p757": 0
"p758": 0
"p759": 0
"p760": 0.0006228348960656026
"p761": 0.0001862859658927331
"p762": 7.5267056926356815E-06
"p763": 0
"p764": 0.00042337719521075713
"p765": 0.0001486524374295547
"p766": 1.5053411385271363E-05
"p767": 0
"p768": 0.0011534676473964182
"p769": 0.0004365489301728695
"p770": 8.843879188846924E-05
"p771": 1.317173496211244E-05
"p772": 0
"p773": 0
"p774": 0
"p775": 0
"p776": 0.0014959327564113417
"p777": 0.0005080526342529085
"p778": 9.596549758110492E-05
"p779": 1.317173496211244E-05
"p780": 0.00037069025536230727
"p781": 0.0001317173496211244
"p782": 2.4461793501065963E-05
"p783": 0
"p784": 0.0009803534164657976
"p785": 0.0003763352846317841
"p786": 8.091208619583358E-05
"p787": 7.5267056926356815E-06
"p788": 1.5053411385271361E-05
"p789": 9.4083821157946E-06
"p790": 0
"p791": 0
"p792": 0.0016483485466872142
"p793": 0.0005833196911792654
"p794": 0.0001298356731979655
"p795": 7.5267056926356815E-06
"p796": 0.0005381594570234512
"p797": 0.00017123255450746173
"p798": 2.6343469924224884E-05
"p799": 0
"p800": 0.0007451438635709324
"p801": 0.00024085458216434175
"p802": 4.139688130949624E-05
"p803": 0
"p804": 0
"p805": 0
"p806": 0
"p807": 0
"p808": 0.0005024076049834317
"p809": 0.0001486524374295547
"p810": 2.8225146347383798E-05
"p811": 3.76335284631784E-06
"p812": 8.843879188846924E-05
"p813": 3.0106822770542722E-05
"p814": 3.76335284631784E-06
"p815": 3.76335284631784E-06
"p816": 0.0005795563383329475
"p817": 0.00020698440654748124
"p818": 3.198849919370164E-05
