"p756": 0.010019926953321252
"p757": 0.00313863627382908
"p758": 0.0001392440553137601
"p759": 1.8816764231589204E-06
"p760": 0.00024461793501065964
"p761": 4.327855773265517E-05
"p762": 9.408382115794602E-06
"p763": 0
"p764": 0.0009728267107731617
"p765": 0.00027660643420436136
"p766": 3.5751852040019496E-05
"p767": 0
"p768": 0.00024461793501065964
"p769": 7.903040977267465E-05
"p770": 1.6935087808430286E-05
"p771": 0
"p772": 0.0003405834325917646
"p773": 0.0001016105268505817
"p774": 1.6935087808430286E-05
"p775": 0
"p776": 8.655711546531035E-05
"p777": 2.6343469924224887E-05
"p778": 0
"p779": 0
"p780": 0.00013171734962112442
"p781": 4.516023415581409E-05
"p782": 0
"p783": 0
"p784": 0.00034999181470755914
"p785": 0.00012042729108217089
"p786": 1.1290058538953523E-05
"p787": 0
"p788": 0.0003405834325917646
"p789": 0.00011666393823585305
"p790": 1.1290058538953523E-05
"p791": 0
"p792": 0.0001580608195453493
"p793": 4.3278557732655166E-05
"p794": 0
"p795": 0
"p796": 0.00022015614150959367
"p797": 5.64502926947676E-05
"p798": 0
"p799": 0
"p800": 7.526705692635681E-05
"p801": 3.387017561686057E-05
"p802": 0
"p803": 0
"p804": 0.00014112573173691902
"p805": 5.080526342529084E-05
"p806": 0
"p807": 0
"p808": 5.645029269476761E-06
"p809": 5.645029269476761E-06
"p810": 5.645029269476761E-06
"p811": 0
"p812": 5.645029269476761E-06
"p813": 5.645029269476761E-06
"p814": 5.645029269476761E-06
"p815": 0
"p816": 4.892358700213193E-05
"p817": 2.8225146347383805E-05
"p818": 0
