"p756": 0.0017819475727314975
"p757": 0.0006077814846803312
"p758": 9.784717400426385E-05
"p759": 1.8816764231589204E-06
"p760": 0.013433287984931534
"p761": 0.004389951095229761
"p762": 0.000756433922109886
"p763": 5.456861627160869E-05
"p764": 0.02805579546929951
"p765": 0.01006320551105391
"p766": 0.0015806081954534933
"p767": 0.00010913723254321738
"p768": 0.00021639278866327584
"p769": 2.8225146347383805E-05
"p770": 0
"p771": 0
"p772": 0.00012230896750532982
"p773": 2.2580117077907045E-05
"p774": 0
"p775": 0
"p776": 0.0012117996165143445
"p777": 0.00037821696105494305
"p778": 4.516023415581409E-05
"p779": 0
"p780": 0.0010800822668932202
"p781": 0.000355636843977036
"p782": 5.645029269476761E-05
"p783": 0
"p784": 0
"p785": 0
"p786": 0
"p787": 0
"p788": 2.2580117077907045E-05
"p789": 0
"p790": 0
"p791": 0
"p792": 3.7633528463178407E-06
"p793": 0
"p794": 0
"p795": 0
"p796": 3.9515204886337324E-05
"p797": 7.5267056926356815E-06
"p798": 0
"p799": 0
"p800": 6.962202765688005E-05
"p801": 5.645029269476761E-06
"p802": 0
"p803": 0
"p804": 8.46754390421514E-05
"p805": 2.2580117077907045E-05
"p806": 0
"p807": 0
"p808": 0.00044595731228866403
"p809": 9.784717400426387E-05
"p810": 0
"p811": 0
"p812": 0.00059272807329506
"p813": 0.00014112573173691902
"p814": 0
"p815": 0
"p816": 2.6343469924224887E-05
"p817": 1.8816764231589207E-05
"p818": 0
