"p756": 0
"p757": 0
"p758": 0
"p759": 0
"p760": 0.0012607232035164765
"p761": 0.0004309039009033928
"p762": 8.27937626189925E-05
"p763": 9.408382115794602E-06
"p764": 0.0007620789513793627
"p765": 0.00029730487485910944
"p766": 6.962202765688005E-05
"p767": 3.7633528463178407E-06
"p768": 0.005362777806002922
"p769": 0.00214322944597801
"p770": 0.00043466725374971066
"p771": 3.198849919370165E-05
"p772": 0.00031423996266753966
"p773": 4.516023415581408E-05
"p774": 0
"p775": 0
"p776": 0.00487918696525108
"p777": 0.001977641920740025
"p778": 0.00038009863747810193
"p779": 1.5053411385271365E-05
"p780": 0.00852587587333307
"p781": 0.003025735688439544
"p782": 0.0004835908407518426
"p783": 1.3171734962112444E-05
"p784": 6.962202765688005E-05
"p785": 5.645029269476761E-06
"p786": 0
"p787": 0
"p788": 3.7633528463178407E-05
"p789": 0
"p790": 0
"p791": 0
"p792": 1.8816764231589204E-06
"p793": 0
"p794": 0
"p795": 0
"p796": 3.7633528463178407E-06
"p797": 0
"p798": 0
"p799": 0
"p800": 0.012413419363579398
"p801": 0.004226245246414935
"p802": 0.000613426513949808
"p803": 4.51602341558141E-05
"p804": 2.6343469924224884E-05
"p805": 0
"p806": 0
"p807": 0
"p808": 0.007697938247143148
"p809": 0.002585423405420356
"p810": 0.00034058343259176454
"p811": 1.3171734962112442E-05
"p812": 0.008358406671671925
"p813": 0.0025026296428013635
"p814": 0.0003800986374781018
"p815": 2.258011707790704E-05
"p816": 0.0044162945651539855
"p817": 0.0014714709629102757
"p818": 0.00018628596589273316
