"p756": 0
"p757": 0
"p758": 0
"p759": 0
"p760": 0.002732194166426752
"p761": 0.0008994413302699639
"p762": 7.903040977267465E-05
"p763": 5.645029269476761E-06
"p764": 0.0002295645236253883
"p765": 6.962202765688006E-05
"p766": 2.2580117077907045E-05
"p767": 1.8816764231589204E-06
"p768": 8.467543904215141E-05
"p769": 2.4461793501065963E-05
"p770": 0
"p771": 0
"p772": 0
"p773": 0
"p774": 0
"p775": 0
"p776": 0.0002615530228190899
"p777": 7.338538050319788E-05
"p778": 0
"p779": 0
"p780": 0.00010349220327374062
"p781": 3.3870175616860565E-05
"p782": 0
"p783": 0
"p784": 0
"p785": 0
"p786": 0
"p787": 0
"p788": 0
"p789": 0
"p790": 0
"p791": 0
"p792": 3.3870175616860565E-05
"p793": 5.645029269476761E-06
"p794": 0
"p795": 0
"p796": 0
"p797": 0
"p798": 0
"p799": 0
"p800": 0.00029354152201279153
"p801": 8.843879188846925E-05
"p802": 1.505341138527136E-05
"p803": 0
"p804": 2.2580117077907045E-05
"p805": 3.7633528463178407E-06
"p806": 0
"p807": 0
"p808": 0.005330789306809222
"p809": 0.0017123255450746174
"p810": 0.00032176666836017533
"p811": 1.88167642315892E-05
"p812": 0.000707510335107754
"p813": 0.0002163927886632758
"p814": 3.0106822770542722E-05
"p815": 0
"p816": 6.774035123372114E-05
"p817": 1.1290058538953523E-05
"p818": 0
