"p756": 0.007914331035806419
"p757": 0.0028018161940836324
"p758": 0.0005005259285602728
"p759": 3.7633528463178407E-05
"p760": 0.0006491783659898273
"p761": 0.0002615530228190899
"p762": 3.951520488633733E-05
"p763": 5.645029269476761E-06
"p764": 0.001057502149815313
"p765": 0.0004158504895181214
"p766": 4.8923587002131926E-05
"p767": 1.8816764231589204E-06
"p768": 0.0002464996114338185
"p769": 6.209532196424436E-05
"p770": 0
"p771": 0
"p772": 0.00030671325697490405
"p773": 0.0001223089675053298
"p774": 1.1290058538953523E-05
"p775": 0
"p776": 4.139688130949625E-05
"p777": 1.1290058538953523E-05
"p778": 1.8816764231589204E-06
"p779": 1.8816764231589204E-06
"p780": 0.000188167642315892
"p781": 4.704191057897301E-05
"p782": 1.8816764231589204E-06
"p783": 1.8816764231589204E-06
"p784": 0
"p785": 0
"p786": 0
"p787": 0
"p788": 3.3870175616860565E-05
"p789": 5.645029269476761E-06
"p790": 0
"p791": 0
"p792": 0
"p793": 0
"p794": 0
"p795": 0
"p796": 0
"p797": 0
"p798": 0
"p799": 0
"p800": 0.0031630980673301454
"p801": 0.0010217502977752937
"p802": 0.0001900493187390509
"p803": 2.0698440654748128E-05
"p804": 0.0029843388071300473
"p805": 0.0010311586798910882
"p806": 0.0002032210537011634
"p807": 2.0698440654748128E-05
"p808": 0.0016916271044198693
"p809": 0.0004666557529434123
"p810": 4.8923587002131926E-05
"p811": 0
"p812": 0.0008994413302699639
"p813": 0.000259671346395931
"p814": 2.6343469924224884E-05
"p815": 0
"p816": 0.0009935251514279096
"p817": 0.00028601481632015586
"p818": 5.268693984844976E-05
