"p756": 3.198849919370165E-05
"p757": 9.408382115794602E-06
"p758": 0
"p759": 0
"p760": 0.00735547313812822
"p761": 0.0024047824687971
"p762": 0.00028036978705067917
"p763": 7.5267056926356815E-06
"p764": 0.0062452840484644575
"p765": 0.0017142072214977766
"p766": 0.00019945770085484557
"p767": 9.408382115794602E-06
"p768": 0.0005343961041771334
"p769": 0.00014488908458323686
"p770": 1.6935087808430286E-05
"p771": 0
"p772": 0
"p773": 0
"p774": 0
"p775": 0
"p776": 0.0003142399626675397
"p777": 7.526705692635681E-05
"p778": 5.645029269476761E-06
"p779": 0
"p780": 0.0003104766098212218
"p781": 0.00010537387969689952
"p782": 1.129005853895352E-05
"p783": 0
"p784": 0.001085727296162697
"p785": 0.0003706902553623073
"p786": 5.645029269476761E-05
"p787": 0
"p788": 2.069844065474812E-05
"p789": 0
"p790": 0
"p791": 0
"p792": 0.0012550781742469998
"p793": 0.0003688085789391484
"p794": 2.8225146347383805E-05
"p795": 0
"p796": 0.0009069680359625994
"p797": 0.00025778966997277205
"p798": 1.6935087808430286E-05
"p799": 0
"p800": 0.0001561791431221904
"p801": 5.456861627160869E-05
"p802": 0
"p803": 0
"p804": 0
"p805": 0
"p806": 0
"p807": 0
"p808": 4.327855773265517E-05
"p809": 1.8816764231589203E-05
"p810": 5.645029269476761E-06
"p811": 0
"p812": 5.080526342529084E-05
"p813": 2.8225146347383805E-05
"p814": 5.645029269476761E-06
"p815": 0
"p816": 0.00041396881309496247
"p817": 0.00011478226181269412
"p818": 7.5267056926356815E-06
