"p756": 0
"p757": 0
"p758": 0
"p759": 0
"p760": 0.00021827446508643477
"p761": 5.833196911792653E-05
"p762": 1.6935087808430286E-05
"p763": 1.8816764231589204E-06
"p764": 8.279376261899248E-05
"p765": 3.575185204001949E-05
"p766": 1.5053411385271365E-05
"p767": 1.8816764231589204E-06
"p768": 0.003957165517903209
"p769": 0.001294593379133337
"p770": 0.0002107477593937991
"p771": 1.5053411385271363E-05
"p772": 2.2580117077907042E-05
"p773": 0
"p774": 0
"p775": 0
"p776": 0.0021714545923253938
"p777": 0.0006830485416066881
"p778": 0.00011478226181269414
"p779": 7.5267056926356815E-06
"p780": 0.003819803139012609
"p781": 0.0011252425010490343
"p782": 0.00011478226181269414
"p783": 5.645029269476761E-06
"p784": 0.0036786774072756884
"p785": 0.001198627881552232
"p786": 0.00019193099516220987
"p787": 1.1290058538953523E-05
"p788": 0.0003706902553623073
"p789": 4.5160234155814084E-05
"p790": 0
"p791": 0
"p792": 0.0024518243793760727
"p793": 0.00073197212860882
"p794": 0.00010537387969689954
"p795": 5.645029269476761E-06
"p796": 0.0059084639687190105
"p797": 0.0017725391906157028
"p798": 0.00025026296428013644
"p799": 5.645029269476761E-06
"p800": 0.0017405506914220017
"p801": 0.0005155793399455441
"p802": 3.951520488633733E-05
"p803": 0
"p804": 0
"p805": 0
"p806": 0
"p807": 0
"p808": 0.0006981019529919592
"p809": 0.00022015614150959365
"p810": 1.8816764231589203E-05
"p811": 0
"p812": 0.0005325144277539744
"p813": 0.00018440428946957417
"p814": 3.198849919370165E-05
"p815": 0
"p816": 0.0011026623839711274
"p817": 0.00035940019682335374
"p818": 2.0698440654748128E-05
