"p756": 0
"p757": 0
"p758": 0
"p759": 0
"p760": 0.0022034430915190955
"p761": 0.0006774035123372113
"p762": 8.467543904215141E-05
"p763": 1.8816764231589204E-06
"p764": 0.0019061382166599863
"p765": 0.0005155793399455441
"p766": 5.833196911792653E-05
"p767": 0
"p768": 0.0015674364604913804
"p769": 0.0005701479562171528
"p770": 0.00011101890896637629
"p771": 1.317173496211244E-05
"p772": 0
"p773": 0
"p774": 0
"p775": 0
"p776": 0.0019456534215463238
"p777": 0.0005852013676024241
"p778": 0.00010725555612005845
"p779": 1.317173496211244E-05
"p780": 0.0005362777806002922
"p781": 0.0001580608195453493
"p782": 2.4461793501065963E-05
"p783": 0
"p784": 0.0015486196962597911
"p785": 0.000613426513949808
"p786": 0.00013359902604428333
"p787": 1.8816764231589203E-05
"p788": 1.8816764231589203E-05
"p789": 9.4083821157946E-06
"p790": 0
"p791": 0
"p792": 0.002658808785923554
"p793": 0.0008599261253836267
"p794": 0.00017123255450746176
"p795": 1.8816764231589203E-05
"p796": 0.0009935251514279098
"p797": 0.0003010682277054273
"p798": 3.7633528463178407E-05
"p799": 0
"p800": 0.0008091208619583356
"p801": 0.0002483812878569775
"p802": 4.139688130949624E-05
"p803": 0
"p804": 0
"p805": 0
"p806": 0
"p807": 0
"p808": 0.0005626212505245172
"p809": 0.00015617914312219037
"p810": 2.8225146347383798E-05
"p811": 3.76335284631784E-06
"p812": 9.596549758110492E-05
"p813": 3.0106822770542722E-05
"p814": 3.76335284631784E-06
"p815": 3.76335284631784E-06
"p816": 0.0008881512717310103
"p817": 0.00032553002120649325
"p818": 4.704191057897301E-05
