"p756": 0
"p757": 0
"p758": 0
"p759": 0
"p760": 0.011374733977995674
"p761": 0.0033983076202250104
"p762": 0.0004534840179812998
"p763": 2.2580117077907045E-05
"p764": 0.0017292606328830477
"p765": 0.0004873541935981604
"p766": 6.209532196424438E-05
"p767": 0
"p768": 0.0019682335386242305
"p769": 0.00048359084075184244
"p770": 3.387017561686056E-05
"p771": 0
"p772": 5.080526342529086E-05
"p773": 0
"p774": 0
"p775": 0
"p776": 0.018786657408818665
"p777": 0.00719929399500603
"p778": 0.0016615202816493266
"p779": 0.00021827446508643474
"p780": 0.008189055793587622
"p781": 0.0026343469924224885
"p782": 0.00047982748790552474
"p783": 3.3870175616860565E-05
"p784": 0.004068184426869586
"p785": 0.001535447961297679
"p786": 0.0003010682277054272
"p787": 7.5267056926356815E-06
"p788": 0.0005193426927918621
"p789": 0.0001279539967748066
"p790": 5.645029269476761E-06
"p791": 0
"p792": 0.01910842407717884
"p793": 0.00777508698049266
"p794": 0.0017047988393819819
"p795": 0.00014300740816007793
"p796": 0.01115081448363976
"p797": 0.004389951095229761
"p798": 0.0008561627725373087
"p799": 3.3870175616860565E-05
"p800": 0.00038386199032441963
"p801": 0.00013736237889060116
"p802": 1.6935087808430282E-05
"p803": 0
"p804": 0
"p805": 0
"p806": 0
"p807": 0
"p808": 0.011773649379705367
"p809": 0.003797223021934701
"p810": 0.00040456043097916787
"p811": 1.6935087808430282E-05
"p812": 0.002754774283504659
"p813": 0.0006999836294151184
"p814": 4.704191057897301E-05
"p815": 0
"p816": 0.0009163764180783942
"p817": 0.00038198031390126086
"p818": 9.220214473478711E-05
