"p756": 0.005718414649979959
"p757": 0.0018553329532346957
"p758": 0.0002333278764717061
"p759": 1.1290058538953523E-05
"p760": 0.00047418245863604794
"p761": 0.00014112573173691902
"p762": 2.0698440654748124E-05
"p763": 0
"p764": 0.0007658423042256805
"p765": 0.00024273625858750074
"p766": 4.139688130949625E-05
"p767": 0
"p768": 0.0004666557529434122
"p769": 0.00010537387969689955
"p770": 1.8816764231589204E-06
"p771": 0
"p772": 0.001889203128851556
"p773": 0.0004421939594423463
"p774": 3.575185204001949E-05
"p775": 1.8816764231589204E-06
"p776": 6.397699838740328E-05
"p777": 1.6935087808430282E-05
"p778": 0
"p779": 0
"p780": 0.0002239194943559115
"p781": 6.021364554108545E-05
"p782": 0
"p783": 0
"p784": 0.00034999181470755925
"p785": 7.338538050319788E-05
"p786": 1.8816764231589204E-06
"p787": 0
"p788": 0.0012475514685543643
"p789": 0.00024273625858750074
"p790": 2.6343469924224884E-05
"p791": 0
"p792": 6.962202765688005E-05
"p793": 2.4461793501065966E-05
"p794": 1.3171734962112442E-05
"p795": 0
"p796": 0.00046853742936657115
"p797": 0.00015241579027587256
"p798": 2.8225146347383808E-05
"p799": 0
"p800": 0.007014889705536454
"p801": 0.00237091229318024
"p802": 0.00039138869601705535
"p803": 2.82251463473838E-05
"p804": 0.016221932444053053
"p805": 0.005430518157236644
"p806": 0.000922021447347871
"p807": 6.774035123372113E-05
"p808": 0.002461232761491868
"p809": 0.0007696056570719984
"p810": 0.00010349220327374062
"p811": 0
"p812": 0.004399359477345556
"p813": 0.001179811117320643
"p814": 0.00014112573173691902
"p815": 0
"p816": 0.005268693984844977
"p817": 0.0021225310053232626
"p818": 0.00035940019682335374
