"p756": 0
"p757": 0
"p758": 0
"p759": 0
"p760": 0.0019456534215463233
"p761": 0.0005757929854866296
"p762": 5.456861627160869E-05
"p763": 1.8816764231589204E-06
"p764": 0.0007714873334951574
"p765": 0.000259671346395931
"p766": 4.327855773265517E-05
"p767": 1.8816764231589204E-06
"p768": 0.006081578199649633
"p769": 0.002150756151670646
"p770": 0.00044031228301918735
"p771": 5.64502926947676E-05
"p772": 4.8923587002131926E-05
"p773": 5.645029269476761E-06
"p774": 0
"p775": 0
"p776": 0.003272235299873362
"p777": 0.0010499754441226773
"p778": 0.00021827446508643474
"p779": 1.8816764231589207E-05
"p780": 0.006042062994763293
"p781": 0.0018007643369630862
"p782": 0.00023897290574118288
"p783": 3.198849919370165E-05
"p784": 0.00793126612361485
"p785": 0.002846976428239446
"p786": 0.0006002547789876956
"p787": 6.774035123372113E-05
"p788": 0.0006341249546045561
"p789": 9.784717400426387E-05
"p790": 5.645029269476761E-06
"p791": 0
"p792": 0.005970559290683255
"p793": 0.0018252261304641524
"p794": 0.00033305672689912887
"p795": 2.4461793501065963E-05
"p796": 0.01162876029512213
"p797": 0.003832974873974721
"p798": 0.0006924569237224825
"p799": 5.080526342529085E-05
"p800": 0.0025515532298034955
"p801": 0.000826055949766766
"p802": 0.00010725555612005848
"p803": 1.8816764231589204E-06
"p804": 0
"p805": 0
"p806": 0
"p807": 0
"p808": 0.00101046023923634
"p809": 0.0003462284618612414
"p810": 4.704191057897301E-05
"p811": 1.8816764231589204E-06
"p812": 0.000895677977423646
"p813": 0.0003292933740528111
"p814": 7.526705692635681E-05
"p815": 3.7633528463178407E-06
"p816": 0.0022429582964054325
"p817": 0.0007583155985330449
"p818": 8.843879188846925E-05
