"p756": 0
"p757": 0
"p758": 0
"p759": 0
"p760": 0.0007338538050319789
"p761": 0.00023144620004854718
"p762": 2.2580117077907045E-05
"p763": 1.8816764231589204E-06
"p764": 0.0004779458114823658
"p765": 0.0001768775837769385
"p766": 3.0106822770542726E-05
"p767": 1.8816764231589204E-06
"p768": 0.008006533180541207
"p769": 0.002991865512822684
"p770": 0.0006002547789876955
"p771": 5.268693984844977E-05
"p772": 3.387017561686056E-05
"p773": 0
"p774": 0
"p775": 0
"p776": 0.005946097497182189
"p777": 0.0021658095630559173
"p778": 0.00038574366674757856
"p779": 2.0698440654748124E-05
"p780": 0.0075718659267914965
"p781": 0.0023483321761023327
"p782": 0.00038574366674757867
"p783": 2.258011707790704E-05
"p784": 0.005483205097085093
"p785": 0.002259893384213863
"p786": 0.00045912904725077655
"p787": 3.198849919370165E-05
"p788": 0.0003518734911307181
"p789": 4.516023415581408E-05
"p790": 0
"p791": 0
"p792": 0.005411701393005055
"p793": 0.002169572915902235
"p794": 0.00040832378382548573
"p795": 1.5053411385271365E-05
"p796": 0.008582326166027837
"p797": 0.003040789099824816
"p798": 0.0004892358700213194
"p799": 1.3171734962112444E-05
"p800": 0.006043944671186453
"p801": 0.0018252261304641526
"p802": 0.00012042729108217089
"p803": 1.8816764231589204E-06
"p804": 0
"p805": 0
"p806": 0
"p807": 0
"p808": 0.0030727775990185167
"p809": 0.000920139770924712
"p810": 3.76335284631784E-05
"p811": 0
"p812": 0.002393492410258146
"p813": 0.0005908463968719009
"p814": 6.397699838740328E-05
"p815": 0
"p816": 0.0027416025485425466
"p817": 0.0008185292440741305
"p818": 6.209532196424436E-05
