"p756": 0
"p757": 0
"p758": 0
"p759": 0
"p760": 0.011062375691751294
"p761": 0.003548841734077724
"p762": 0.00045536569440445874
"p763": 1.6935087808430286E-05
"p764": 0.0019926953321252965
"p765": 0.0006717584830677345
"p766": 5.456861627160868E-05
"p767": 0
"p768": 3.387017561686057E-05
"p769": 0
"p770": 0
"p771": 0
"p772": 0
"p773": 0
"p774": 0
"p775": 0
"p776": 8.655711546531033E-05
"p777": 0
"p778": 0
"p779": 0
"p780": 1.1290058538953523E-05
"p781": 0
"p782": 0
"p783": 0
"p784": 0
"p785": 0
"p786": 0
"p787": 0
"p788": 0
"p789": 0
"p790": 0
"p791": 0
"p792": 1.1290058538953523E-05
"p793": 0
"p794": 0
"p795": 0
"p796": 0
"p797": 0
"p798": 0
"p799": 0
"p800": 0.00011478226181269415
"p801": 2.2580117077907045E-05
"p802": 0
"p803": 0
"p804": 9.408382115794602E-06
"p805": 0
"p806": 0
"p807": 0
"p808": 0.0011290058538953522
"p809": 0.00026719805208856665
"p810": 1.6935087808430282E-05
"p811": 0
"p812": 0.0005381594570234513
"p813": 0.00013736237889060116
"p814": 5.645029269476761E-06
"p815": 0
"p816": 1.1290058538953523E-05
"p817": 0
"p818": 0
