"p756": 0.0015843715482998107
"p757": 0.0005362777806002921
"p758": 9.032046831162817E-05
"p759": 1.8816764231589204E-06
"p760": 0.008531520902602544
"p761": 0.0023727939696033986
"p762": 0.0002878964927433148
"p763": 1.1290058538953523E-05
"p764": 0.021494389781744352
"p765": 0.007278324404778704
"p766": 0.0009483649172720957
"p767": 5.8331969117926534E-05
"p768": 3.198849919370165E-05
"p769": 1.8816764231589204E-06
"p770": 0
"p771": 0
"p772": 3.575185204001948E-05
"p773": 0
"p774": 0
"p775": 0
"p776": 0.0004346672537497106
"p777": 0.00010537387969689954
"p778": 1.6935087808430286E-05
"p779": 0
"p780": 0.0005776746619097886
"p781": 0.0001467707610063958
"p782": 1.6935087808430286E-05
"p783": 0
"p784": 0.0002671980520885667
"p785": 3.3870175616860565E-05
"p786": 0
"p787": 0
"p788": 0.0002069844065474812
"p789": 4.516023415581409E-05
"p790": 0
"p791": 0
"p792": 0.0014187840230618256
"p793": 0.00043090390090339285
"p794": 4.516023415581409E-05
"p795": 0
"p796": 0.001360452053943899
"p797": 0.0004346672537497106
"p798": 5.645029269476761E-05
"p799": 0
"p800": 0
"p801": 0
"p802": 0
"p803": 0
"p804": 5.645029269476761E-06
"p805": 0
"p806": 0
"p807": 0
"p808": 8.467543904215141E-05
"p809": 3.575185204001949E-05
"p810": 0
"p811": 0
"p812": 0.0001561791431221904
"p813": 5.456861627160869E-05
"p814": 0
"p815": 0
"p816": 1.6935087808430286E-05
"p817": 1.6935087808430286E-05
"p818": 0
