"p756": 0.0015128678442197722
"p757": 0.00039891540170969113
"p758": 3.9515204886337324E-05
"p759": 1.8816764231589204E-06
"p760": 0.0002446179350106596
"p761": 4.327855773265517E-05
"p762": 9.408382115794602E-06
"p763": 0
"p764": 0.00014677076100639576
"p765": 2.8225146347383805E-05
"p766": 9.408382115794602E-06
"p767": 0
"p768": 3.198849919370165E-05
"p769": 5.645029269476761E-06
"p770": 0
"p771": 0
"p772": 0.0007188003936467076
"p773": 0.00010349220327374063
"p774": 1.5053411385271363E-05
"p775": 0
"p776": 3.7633528463178407E-06
"p777": 1.8816764231589204E-06
"p778": 0
"p779": 0
"p780": 0.00013171734962112442
"p781": 4.516023415581409E-05
"p782": 0
"p783": 0
"p784": 8.843879188846928E-05
"p785": 1.5053411385271363E-05
"p786": 0
"p787": 0
"p788": 0.0007771323627646341
"p789": 8.27937626189925E-05
"p790": 0
"p791": 0
"p792": 1.3171734962112444E-05
"p793": 1.8816764231589204E-06
"p794": 1.8816764231589204E-06
"p795": 0
"p796": 0.0002446179350106596
"p797": 9.596549758110493E-05
"p798": 2.4461793501065963E-05
"p799": 0
"p800": 0.0020641990362053357
"p801": 0.0006040181318340133
"p802": 7.33853805031979E-05
"p803": 5.645029269476761E-06
"p804": 0.0071259086145028325
"p805": 0.002291881883407565
"p806": 0.00035375516755387716
"p807": 2.2580117077907045E-05
"p808": 0.00043090390090339274
"p809": 9.408382115794602E-05
"p810": 7.526705692635681E-06
"p811": 0
"p812": 0.00249133958426241
"p813": 0.0007300904521856611
"p814": 5.268693984844976E-05
"p815": 0
"p816": 0.002470641143607662
"p817": 0.0007827773920341109
"p818": 0.00011290058538953522
