"p756": 3.9515204886337324E-05
"p757": 9.408382115794602E-06
"p758": 0
"p759": 0
"p760": 0.003945875459364256
"p761": 0.001509104491373454
"p762": 0.00016182417239166716
"p763": 7.5267056926356815E-06
"p764": 0.0034415861779576655
"p765": 0.0010292770034679294
"p766": 0.00013171734962112445
"p767": 0
"p768": 0.00033117505047597
"p769": 0.00010913723254321738
"p770": 1.1290058538953523E-05
"p771": 0
"p772": 1.1290058538953521E-05
"p773": 0
"p774": 0
"p775": 0
"p776": 0.00031988499193701646
"p777": 9.972885042742278E-05
"p778": 5.645029269476761E-06
"p779": 0
"p780": 0.0003612818732465127
"p781": 0.00011854561465901196
"p782": 5.645029269476761E-06
"p783": 0
"p784": 7.5267056926356815E-06
"p785": 0
"p786": 0
"p787": 0
"p788": 3.7633528463178407E-06
"p789": 0
"p790": 0
"p791": 0
"p792": 0
"p793": 0
"p794": 0
"p795": 0
"p796": 0
"p797": 0
"p798": 0
"p799": 0
"p800": 0.0003274116976296522
"p801": 7.526705692635681E-05
"p802": 0
"p803": 0
"p804": 0
"p805": 0
"p806": 0
"p807": 0
"p808": 0.00014488908458323686
"p809": 2.6343469924224887E-05
"p810": 5.645029269476761E-06
"p811": 0
"p812": 0.00015429746669903143
"p813": 3.575185204001948E-05
"p814": 5.645029269476761E-06
"p815": 0
"p816": 0.00035375516755387705
"p817": 0.0001467707610063958
"p818": 1.6935087808430286E-05
