"p756": 0.009572087964609429
"p757": 0.003176269802292257
"p758": 0.0005212243692150209
"p759": 3.3870175616860565E-05
"p760": 0.0009747083871963207
"p761": 0.00032176666836017544
"p762": 4.704191057897301E-05
"p763": 5.645029269476761E-06
"p764": 0.0011384142360111465
"p765": 0.00045724737082761767
"p766": 6.021364554108546E-05
"p767": 1.8816764231589204E-06
"p768": 0.0006792851887603701
"p769": 0.0001674692016611439
"p770": 1.3171734962112442E-05
"p771": 0
"p772": 0.0016125966946471948
"p773": 0.0003669269025159895
"p774": 3.7633528463178407E-05
"p775": 0
"p776": 0.0001279539967748066
"p777": 4.3278557732655166E-05
"p778": 1.3171734962112442E-05
"p779": 0
"p780": 0.0005400411334466101
"p781": 0.0001731142309306207
"p782": 2.8225146347383808E-05
"p783": 0
"p784": 0
"p785": 0
"p786": 0
"p787": 0
"p788": 0.00011854561465901199
"p789": 5.645029269476761E-06
"p790": 0
"p791": 0
"p792": 0
"p793": 0
"p794": 0
"p795": 0
"p796": 0
"p797": 0
"p798": 0
"p799": 0
"p800": 0.0150929265901577
"p801": 0.0054737967149692986
"p802": 0.0009859984457352743
"p803": 6.397699838740328E-05
"p804": 0.02863158845478613
"p805": 0.010174224420020285
"p806": 0.0019945770085484553
"p807": 0.00016746920166114393
"p808": 0.0068267220632205645
"p809": 0.0024706411436076626
"p810": 0.00041585048951812135
"p811": 9.408382115794602E-06
"p812": 0.012979803966950237
"p813": 0.004261997098454955
"p814": 0.0006265982489119205
"p815": 1.3171734962112444E-05
"p816": 0.004578118737545651
"p817": 0.0016539935759566908
"p818": 0.0003236483447833343
