"p756": 0.00073197212860882
"p757": 0.0001693508780843028
"p758": 2.8225146347383805E-05
"p759": 0
"p760": 1.8816764231589204E-06
"p761": 1.8816764231589204E-06
"p762": 1.8816764231589204E-06
"p763": 1.8816764231589204E-06
"p764": 2.2580117077907045E-05
"p765": 7.5267056926356815E-06
"p766": 5.645029269476761E-06
"p767": 1.8816764231589204E-06
"p768": 0.0017612491320767494
"p769": 0.0005249877220613388
"p770": 6.774035123372114E-05
"p771": 5.645029269476761E-06
"p772": 0.005509548567009319
"p773": 0.0018346345125799472
"p774": 0.0003123582862443808
"p775": 2.2580117077907045E-05
"p776": 0.0004083237838254857
"p777": 9.220214473478709E-05
"p778": 7.526705692635681E-06
"p779": 0
"p780": 0.0024235992330286895
"p781": 0.0007300904521856611
"p782": 5.268693984844976E-05
"p783": 0
"p784": 0.0024029007923739407
"p785": 0.0007545522456867272
"p786": 0.00011290058538953522
"p787": 5.645029269476761E-06
"p788": 0.005187781898649144
"p789": 0.0016784553694577568
"p790": 0.0002709614049348845
"p791": 1.6935087808430286E-05
"p792": 0.000758315598533045
"p793": 0.00018064093662325636
"p794": 1.8816764231589203E-05
"p795": 0
"p796": 0.00418108501225912
"p797": 0.0012061545872448678
"p798": 0.0001486524374295547
"p799": 0
"p800": 0.00041961384236443916
"p801": 0.00012419064392848873
"p802": 5.645029269476761E-06
"p803": 0
"p804": 0.002344568823256015
"p805": 0.000707510335107754
"p806": 5.080526342529086E-05
"p807": 0
"p808": 4.5160234155814084E-05
"p809": 1.5053411385271363E-05
"p810": 7.5267056926356815E-06
"p811": 0
"p812": 0.00019945770085484557
"p813": 7.526705692635681E-05
"p814": 2.6343469924224887E-05
"p815": 0
"p816": 0.0002521446407032953
"p817": 0.00011666393823585305
"p818": 0
