"p756": 0.001036803709160565
"p757": 0.0002897781691664737
"p758": 5.080526342529085E-05
"p759": 1.8816764231589204E-06
"p760": 5.645029269476761E-05
"p761": 2.6343469924224887E-05
"p762": 7.5267056926356815E-06
"p763": 1.8816764231589204E-06
"p764": 3.7633528463178407E-05
"p765": 1.8816764231589203E-05
"p766": 1.1290058538953523E-05
"p767": 1.8816764231589204E-06
"p768": 0.002205324767942254
"p769": 0.0006811668651835292
"p770": 9.784717400426385E-05
"p771": 5.645029269476761E-06
"p772": 0.004707954410743618
"p773": 0.001512867844219772
"p774": 0.0002521446407032953
"p775": 1.6935087808430286E-05
"p776": 0.0006510600424129865
"p777": 0.00015053411385271363
"p778": 1.3171734962112442E-05
"p779": 0
"p780": 0.004030550898406407
"p781": 0.0011497042945501003
"p782": 0.00014112573173691902
"p783": 0
"p784": 0
"p785": 0
"p786": 0
"p787": 0
"p788": 7.33853805031979E-05
"p789": 0
"p790": 0
"p791": 0
"p792": 0
"p793": 0
"p794": 0
"p795": 0
"p796": 0
"p797": 0
"p798": 0
"p799": 0
"p800": 0.0019155465987757807
"p801": 0.0005343961041771334
"p802": 5.645029269476761E-05
"p803": 0
"p804": 0.006913279178685873
"p805": 0.002084897476860083
"p806": 0.0002653163756654078
"p807": 1.1290058538953523E-05
"p808": 0.00044407563586550515
"p809": 0.00010161052685058169
"p810": 1.5053411385271363E-05
"p811": 0
"p812": 0.002115004299630626
"p813": 0.0006510600424129864
"p814": 6.0213645541085445E-05
"p815": 0
"p816": 0.0007037469822614362
"p817": 0.0002803697870506791
"p818": 3.198849919370165E-05
