"p756": 0.005204716986457574
"p757": 0.0016878637515735516
"p758": 0.0001938126715853688
"p759": 9.408382115794602E-06
"p760": 0.0003462284618612414
"p761": 0.00010537387969689955
"p762": 1.1290058538953523E-05
"p763": 0
"p764": 0.0007300904521856611
"p765": 0.00022391949435591156
"p766": 3.198849919370165E-05
"p767": 0
"p768": 0.00012419064392848873
"p769": 3.575185204001948E-05
"p770": 0
"p771": 0
"p772": 0.00033117505047597
"p773": 9.596549758110492E-05
"p774": 9.408382115794602E-06
"p775": 0
"p776": 1.3171734962112444E-05
"p777": 3.76335284631784E-06
"p778": 3.76335284631784E-06
"p779": 0
"p780": 2.0698440654748124E-05
"p781": 5.645029269476761E-06
"p782": 5.645029269476761E-06
"p783": 0
"p784": 0.0001505341138527136
"p785": 3.9515204886337324E-05
"p786": 0
"p787": 0
"p788": 0.00022015614150959367
"p789": 7.526705692635681E-05
"p790": 0
"p791": 0
"p792": 2.6343469924224884E-05
"p793": 7.5267056926356815E-06
"p794": 1.8816764231589204E-06
"p795": 1.8816764231589204E-06
"p796": 0.00010349220327374062
"p797": 2.0698440654748124E-05
"p798": 1.8816764231589204E-06
"p799": 1.8816764231589204E-06
"p800": 0.001537329637720838
"p801": 0.00048359084075184244
"p802": 8.46754390421514E-05
"p803": 1.317173496211244E-05
"p804": 0.0016163600474935124
"p805": 0.0005513311919855636
"p806": 0.00011478226181269411
"p807": 1.317173496211244E-05
"p808": 0.0006096631611034901
"p809": 0.00017499590735377957
"p810": 2.4461793501065963E-05
"p811": 0
"p812": 0.00024838128785697745
"p813": 9.408382115794602E-05
"p814": 2.258011707790704E-05
"p815": 0
"p816": 0.0013171734962112442
"p817": 0.0004723007822128889
"p818": 9.408382115794602E-05
