"p756": 2.8225146347383808E-05
"p757": 1.8816764231589204E-06
"p758": 0
"p759": 0
"p760": 0.02307876133004417
"p761": 0.0073705265495134925
"p762": 0.0012381430864385698
"p763": 8.46754390421514E-05
"p764": 0.007013008029113296
"p765": 0.002389729057411828
"p766": 0.0005155793399455442
"p767": 6.774035123372113E-05
"p768": 0.0001016105268505817
"p769": 1.8816764231589204E-06
"p770": 0
"p771": 0
"p772": 0
"p773": 0
"p774": 0
"p775": 0
"p776": 0.0024047824687971004
"p777": 0.0005645029269476761
"p778": 4.892358700213193E-05
"p779": 1.8816764231589204E-06
"p780": 0.0005494495155624048
"p781": 0.00012607232035164766
"p782": 1.1290058538953523E-05
"p783": 0
"p784": 0.0007319721286088199
"p785": 0.00011290058538953522
"p786": 3.7633528463178407E-06
"p787": 0
"p788": 0
"p789": 0
"p790": 0
"p791": 0
"p792": 0.0017405506914220012
"p793": 0.0003800986374781019
"p794": 3.951520488633733E-05
"p795": 0
"p796": 0.0007319721286088201
"p797": 0.00018252261304641527
"p798": 1.1290058538953523E-05
"p799": 0
"p800": 0.0021469927988243278
"p801": 0.0005343961041771332
"p802": 3.387017561686056E-05
"p803": 0
"p804": 5.080526342529086E-05
"p805": 0
"p806": 0
"p807": 0
"p808": 0.027094258817065297
"p809": 0.009397092057255649
"p810": 0.0018892031288515563
"p811": 0.00022203781793275258
"p812": 0.010260781535485593
"p813": 0.0031104111274816958
"p814": 0.0005061709578297494
"p815": 3.3870175616860565E-05
"p816": 0.00404560430979168
"p817": 0.0015542647255292683
"p818": 0.0003010682277054272
