"p756": 3.9515204886337324E-05
"p757": 0
"p758": 0
"p759": 0
"p760": 0.018017051751746668
"p761": 0.005915990674411646
"p762": 0.0010273953270447706
"p763": 8.091208619583358E-05
"p764": 0.005857658705293719
"p765": 0.0020472639483969054
"p766": 0.0004497206651349819
"p767": 6.209532196424438E-05
"p768": 3.7633528463178407E-06
"p769": 0
"p770": 0
"p771": 0
"p772": 0
"p773": 0
"p774": 0
"p775": 0
"p776": 0.0005268693984844976
"p777": 0.00013359902604428333
"p778": 9.408382115794602E-06
"p779": 0
"p780": 8.655711546531032E-05
"p781": 3.198849919370164E-05
"p782": 0
"p783": 0
"p784": 0.00015241579027587253
"p785": 4.139688130949625E-05
"p786": 0
"p787": 0
"p788": 0
"p789": 0
"p790": 0
"p791": 0
"p792": 0.0005080526342529086
"p793": 0.0001430074081600779
"p794": 1.1290058538953523E-05
"p795": 0
"p796": 9.972885042742276E-05
"p797": 3.7633528463178407E-05
"p798": 0
"p799": 0
"p800": 0.0001505341138527136
"p801": 2.6343469924224884E-05
"p802": 0
"p803": 0
"p804": 0
"p805": 0
"p806": 0
"p807": 0
"p808": 0.004295867274071816
"p809": 0.0012757766149017477
"p810": 0.000235209552894865
"p811": 2.634346992422488E-05
"p812": 0.0005400411334466101
"p813": 0.00010913723254321737
"p814": 0
"p815": 0
"p816": 0.00030483158055174506
"p817": 9.032046831162818E-05
"p818": 1.505341138527136E-05
