"p756": 0.0003217666683601754
"p757": 9.972885042742278E-05
"p758": 0
"p759": 0
"p760": 0.007925621094345373
"p761": 0.0024029007923739415
"p762": 0.00033117505047597
"p763": 1.5053411385271365E-05
"p764": 0.007743098481298959
"p765": 0.0024254809094518483
"p766": 0.000355636843977036
"p767": 1.3171734962112444E-05
"p768": 0
"p769": 0
"p770": 0
"p771": 0
"p772": 6.021364554108546E-05
"p773": 0
"p774": 0
"p775": 0
"p776": 9.22021447347871E-05
"p777": 1.6935087808430282E-05
"p778": 0
"p779": 0
"p780": 0.0009916434750047508
"p781": 0.00016182417239166716
"p782": 1.5053411385271363E-05
"p783": 0
"p784": 5.833196911792654E-05
"p785": 0
"p786": 0
"p787": 0
"p788": 0.000684930218029847
"p789": 0.00013548070246744229
"p790": 0
"p791": 0
"p792": 0.00024461793501065964
"p793": 3.575185204001949E-05
"p794": 0
"p795": 0
"p796": 0.0011233608246258755
"p797": 0.000212629435816958
"p798": 2.2580117077907045E-05
"p799": 0
"p800": 0.0004798274879055247
"p801": 9.596549758110493E-05
"p802": 7.5267056926356815E-06
"p803": 0
"p804": 0.0013905588767144418
"p805": 0.0003029499041285862
"p806": 1.1290058538953523E-05
"p807": 0
"p808": 0.0038329748739747197
"p809": 0.0011986278815522323
"p810": 0.0001956943480085277
"p811": 3.575185204001948E-05
"p812": 0.012020148991139184
"p813": 0.003957165517903209
"p814": 0.0007075103351077541
"p815": 7.526705692635681E-05
"p816": 0.0022730651191759754
"p817": 0.0006077814846803313
"p818": 8.843879188846924E-05
