"p756": 0.003987272340673751
"p757": 0.0011384142360111467
"p758": 0.0001373623788906012
"p759": 7.5267056926356815E-06
"p760": 0.00013171734962112442
"p761": 5.645029269476761E-05
"p762": 1.3171734962112444E-05
"p763": 1.8816764231589204E-06
"p764": 0.00023144620004854718
"p765": 9.03204683116282E-05
"p766": 2.6343469924224884E-05
"p767": 1.8816764231589204E-06
"p768": 0.004420057918000303
"p769": 0.0017875926020009742
"p770": 0.00033493840332228774
"p771": 1.8816764231589207E-05
"p772": 0.006853065533144789
"p773": 0.002754774283504659
"p774": 0.0005795563383329474
"p775": 4.139688130949625E-05
"p776": 0.0022410766199822746
"p777": 0.0008599261253836267
"p778": 0.00014300740816007796
"p779": 0
"p780": 0.005765456560558931
"p781": 0.0019343633630073702
"p782": 0.0002671980520885667
"p783": 0
"p784": 5.645029269476761E-06
"p785": 0
"p786": 0
"p787": 0
"p788": 0.00010725555612005845
"p789": 5.645029269476761E-06
"p790": 0
"p791": 0
"p792": 0
"p793": 0
"p794": 0
"p795": 0
"p796": 0
"p797": 0
"p798": 0
"p799": 0
"p800": 0.006802260269719496
"p801": 0.00228247350129177
"p802": 0.00033870175616860566
"p803": 2.258011707790704E-05
"p804": 0.016451496967678444
"p805": 0.00562809418166833
"p806": 0.0008053575091120179
"p807": 5.8331969117926534E-05
"p808": 0.0021789812980180295
"p809": 0.000686811894453006
"p810": 9.596549758110493E-05
"p811": 0
"p812": 0.003787814639818906
"p813": 0.0010782005904700614
"p814": 0.00014300740816007796
"p815": 0
"p816": 0.0022429582964054325
"p817": 0.000758315598533045
"p818": 8.843879188846926E-05
