"p756": 1.5053411385271363E-05
"p757": 3.7633528463178407E-06
"p758": 0
"p759": 0
"p760": 0.007355473138128221
"p761": 0.0024047824687971
"p762": 0.0002803697870506791
"p763": 7.5267056926356815E-06
"p764": 0.003501799823498751
"p765": 0.0011911011758595966
"p766": 0.00011854561465901199
"p767": 7.5267056926356815E-06
"p768": 0.0007432621871477735
"p769": 0.00013924405531376012
"p770": 1.5053411385271363E-05
"p771": 0
"p772": 0
"p773": 0
"p774": 0
"p775": 0
"p776": 0.0002841331398969969
"p777": 3.198849919370165E-05
"p778": 0
"p779": 0
"p780": 0.00031047660982122185
"p781": 0.00010537387969689954
"p782": 1.1290058538953523E-05
"p783": 0
"p784": 0.0008091208619583356
"p785": 0.00013548070246744229
"p786": 1.1290058538953523E-05
"p787": 0
"p788": 0.00021262943581695798
"p789": 3.3870175616860565E-05
"p790": 0
"p791": 0
"p792": 0.00041396881309496247
"p793": 8.655711546531035E-05
"p794": 1.3171734962112444E-05
"p795": 0
"p796": 0.0005362777806002923
"p797": 0.0001580608195453493
"p798": 2.4461793501065963E-05
"p799": 0
"p800": 0.007810838832532681
"p801": 0.0026700988444625074
"p802": 0.0005042892814065906
"p803": 5.833196911792652E-05
"p804": 4.8923587002131926E-05
"p805": 5.645029269476761E-06
"p806": 0
"p807": 0
"p808": 0.003932703724402143
"p809": 0.0012174446457838212
"p810": 0.00023144620004854718
"p811": 1.8816764231589207E-05
"p812": 0.006529417188361454
"p813": 0.0019117832459294628
"p814": 0.0002502629642801364
"p815": 3.3870175616860565E-05
"p816": 0.009193871003554486
"p817": 0.0032929337405281102
"p818": 0.0006510600424129864
