"p756": 0
"p757": 0
"p758": 0
"p759": 0
"p760": 0.015075991502349272
"p761": 0.0046119889131625135
"p762": 0.0006397699838740329
"p763": 3.198849919370165E-05
"p764": 0.003069014246172198
"p765": 0.0008937963010004872
"p766": 0.00015617914312219037
"p767": 1.1290058538953523E-05
"p768": 0.0034886280885366387
"p769": 0.0012833033205943835
"p770": 0.00024085458216434178
"p771": 7.5267056926356815E-06
"p772": 0.0005193426927918621
"p773": 0.0001279539967748066
"p774": 5.645029269476761E-06
"p775": 0
"p776": 0.015036476297462933
"p777": 0.005993139407761161
"p778": 0.0012663682327859534
"p779": 9.784717400426387E-05
"p780": 0.010324758533872998
"p781": 0.003994799046366388
"p782": 0.0007526705692635682
"p783": 2.8225146347383808E-05
"p784": 8.091208619583357E-05
"p785": 0
"p786": 0
"p787": 0
"p788": 0
"p789": 0
"p790": 0
"p791": 0
"p792": 6.585867481056221E-05
"p793": 5.645029269476761E-06
"p794": 0
"p795": 0
"p796": 3.7633528463178407E-06
"p797": 0
"p798": 0
"p799": 0
"p800": 0.0020867791532832424
"p801": 0.0006774035123372113
"p802": 9.596549758110493E-05
"p803": 0
"p804": 1.6935087808430286E-05
"p805": 0
"p806": 0
"p807": 0
"p808": 0.025517413974458125
"p809": 0.009041455213278612
"p810": 0.0015109861677966132
"p811": 0.00011478226181269414
"p812": 0.008222925969204483
"p813": 0.002549671553380337
"p814": 0.00040079707813284995
"p815": 2.82251463473838E-05
"p816": 0.001503459462103977
"p817": 0.0005513311919855637
"p818": 0.00010725555612005848
