"p756": 0
"p757": 0
"p758": 0
"p759": 0
"p760": 0.0029881021599763653
"p761": 0.0011854561465901197
"p762": 0.00023332787647170608
"p763": 2.2580117077907045E-05
"p764": 0.0023144620004854717
"p765": 0.0007733690099183163
"p766": 0.0001392440553137601
"p767": 1.1290058538953523E-05
"p768": 0.00028977816916647367
"p769": 0.00011666393823585303
"p770": 1.1290058538953523E-05
"p771": 0
"p772": 9.408382115794602E-06
"p773": 5.6450292694767605E-06
"p774": 0
"p775": 0
"p776": 0.00022203781793275258
"p777": 3.575185204001949E-05
"p778": 1.8816764231589204E-06
"p779": 1.8816764231589204E-06
"p780": 0.00025026296428013644
"p781": 7.338538050319788E-05
"p782": 1.8816764231589204E-06
"p783": 1.8816764231589204E-06
"p784": 3.3870175616860565E-05
"p785": 5.645029269476761E-06
"p786": 0
"p787": 0
"p788": 0
"p789": 0
"p790": 0
"p791": 0
"p792": 0
"p793": 0
"p794": 0
"p795": 0
"p796": 0
"p797": 0
"p798": 0
"p799": 0
"p800": 0.0030238540120163847
"p801": 0.001038685385583724
"p802": 0.0002032210537011634
"p803": 2.0698440654748128E-05
"p804": 1.3171734962112442E-05
"p805": 7.52670569263568E-06
"p806": 0
"p807": 0
"p808": 0.004058776044753791
"p809": 0.0012193263222069802
"p810": 0.00021639278866327584
"p811": 2.0698440654748128E-05
"p812": 0.0013811504945986472
"p813": 0.00037445360820862513
"p814": 3.7633528463178407E-05
"p815": 0
"p816": 0.001307765114095449
"p817": 0.0004120871366718036
"p818": 8.091208619583357E-05
