"p756": 7.5267056926356815E-06
"p757": 0
"p758": 0
"p759": 0
"p760": 0.0027265491371572764
"p761": 0.0009389565351563012
"p762": 0.00016182417239166716
"p763": 7.5267056926356815E-06
"p764": 0.002402900792373941
"p765": 0.0008053575091120179
"p766": 6.774035123372113E-05
"p767": 0
"p768": 6.209532196424438E-05
"p769": 0
"p770": 0
"p771": 0
"p772": 1.3171734962112442E-05
"p773": 0
"p774": 0
"p775": 0
"p776": 2.0698440654748124E-05
"p777": 1.8816764231589204E-06
"p778": 1.8816764231589204E-06
"p779": 0
"p780": 2.8225146347383805E-05
"p781": 5.645029269476761E-06
"p782": 5.645029269476761E-06
"p783": 0
"p784": 1.1290058538953523E-05
"p785": 0
"p786": 0
"p787": 0
"p788": 0
"p789": 0
"p790": 0
"p791": 0
"p792": 0
"p793": 0
"p794": 0
"p795": 0
"p796": 0
"p797": 0
"p798": 0
"p799": 0
"p800": 0.0006585867481056221
"p801": 0.0001674692016611439
"p802": 1.1290058538953523E-05
"p803": 0
"p804": 1.1290058538953521E-05
"p805": 0
"p806": 0
"p807": 0
"p808": 0.0004647740765202534
"p809": 0.00011478226181269415
"p810": 5.645029269476761E-06
"p811": 0
"p812": 0.0005005259285602729
"p813": 0.00013359902604428335
"p814": 5.645029269476761E-06
"p815": 0
"p816": 0.00028036978705067917
"p817": 0.0001298356731979655
"p818": 1.6935087808430286E-05
