"p756": 0
"p757": 0
"p758": 0
"p759": 0
"p760": 0.005438044862929281
"p761": 0.0018365161890031055
"p762": 0.00025402631712645424
"p763": 1.6935087808430286E-05
"p764": 0.003857436667475786
"p765": 0.0012870666734407011
"p766": 0.00022956452362538827
"p767": 1.3171734962112444E-05
"p768": 0.007624552866639948
"p769": 0.003089712686826947
"p770": 0.0006585867481056221
"p771": 5.833196911792653E-05
"p772": 0.0004835908407518426
"p773": 8.655711546531033E-05
"p774": 5.645029269476761E-06
"p775": 0
"p776": 0.008350879965979288
"p777": 0.003339975651107083
"p778": 0.0006999836294151185
"p779": 4.3278557732655166E-05
"p780": 0.012052137490332883
"p781": 0.0044464013879245284
"p782": 0.0007639606278025218
"p783": 2.6343469924224884E-05
"p784": 6.39769983874033E-05
"p785": 5.645029269476761E-06
"p786": 0
"p787": 0
"p788": 3.7633528463178407E-05
"p789": 0
"p790": 0
"p791": 0
"p792": 1.8816764231589204E-06
"p793": 0
"p794": 0
"p795": 0
"p796": 3.7633528463178407E-06
"p797": 0
"p798": 0
"p799": 0
"p800": 0.015617914312219042
"p801": 0.005626212505245172
"p802": 0.0009653000050805263
"p803": 7.714873334951574E-05
"p804": 3.951520488633732E-05
"p805": 1.8816764231589204E-06
"p806": 0
"p807": 0
"p808": 0.010439540795685693
"p809": 0.0037144292593157087
"p810": 0.0006190715432192848
"p811": 3.9515204886337324E-05
"p812": 0.010021808629744411
"p813": 0.003055842511210086
"p814": 0.0004497206651349819
"p815": 2.446179350106596E-05
"p816": 0.009129894005167082
"p817": 0.0034848647356903197
"p818": 0.0007489072164172503
