"p756": 0
"p757": 0
"p758": 0
"p759": 0
"p760": 0.000355636843977036
"p761": 0.00013548070246744229
"p762": 3.010682277054273E-05
"p763": 1.8816764231589204E-06
"p764": 0.0008599261253836264
"p765": 0.00025402631712645424
"p766": 3.9515204886337324E-05
"p767": 1.8816764231589204E-06
"p768": 5.645029269476761E-06
"p769": 0
"p770": 0
"p771": 0
"p772": 0.00028789649274331484
"p773": 3.3870175616860565E-05
"p774": 0
"p775": 0
"p776": 9.784717400426387E-05
"p777": 1.5053411385271363E-05
"p778": 0
"p779": 0
"p780": 0.0006341249546045561
"p781": 8.27937626189925E-05
"p782": 0
"p783": 0
"p784": 0
"p785": 0
"p786": 0
"p787": 0
"p788": 0
"p789": 0
"p790": 0
"p791": 0
"p792": 0
"p793": 0
"p794": 0
"p795": 0
"p796": 7.338538050319791E-05
"p797": 0
"p798": 0
"p799": 0
"p800": 0.001198627881552232
"p801": 0.0003048315805517451
"p802": 3.0106822770542722E-05
"p803": 0
"p804": 0.0026456370509614414
"p805": 0.0006510600424129864
"p806": 6.021364554108545E-05
"p807": 0
"p808": 0.004510378386311933
"p809": 0.0012607232035164767
"p810": 0.00015994249596850823
"p811": 5.645029269476761E-06
"p812": 0.014387297931473106
"p813": 0.004239416981377047
"p814": 0.0006190715432192849
"p815": 2.8225146347383815E-05
"p816": 0.00015429746669903146
"p817": 3.198849919370165E-05
"p818": 1.8816764231589204E-06
