"p756": 2.0698440654748124E-05
"p757": 5.645029269476761E-06
"p758": 3.7633528463178407E-06
"p759": 3.7633528463178407E-06
"p760": 0.0004459573122886642
"p761": 0.00017875926020009746
"p762": 4.892358700213194E-05
"p763": 1.8816764231589204E-06
"p764": 0.0010443304148532006
"p765": 0.0002935415220127916
"p766": 5.268693984844976E-05
"p767": 1.8816764231589204E-06
"p768": 0.0009032046831162818
"p769": 0.00023144620004854718
"p770": 2.6343469924224884E-05
"p771": 0
"p772": 0.0018741497174662842
"p773": 0.00045536569440445874
"p774": 4.5160234155814084E-05
"p775": 0
"p776": 0.002448061026529755
"p777": 0.00073197212860882
"p778": 0.00010349220327374062
"p779": 5.645029269476761E-06
"p780": 0.006806023622565816
"p781": 0.0021093592703611496
"p782": 0.00033117505047597
"p783": 1.6935087808430286E-05
"p784": 0
"p785": 0
"p786": 0
"p787": 0
"p788": 4.704191057897301E-05
"p789": 0
"p790": 0
"p791": 0
"p792": 0
"p793": 0
"p794": 0
"p795": 0
"p796": 5.268693984844977E-05
"p797": 0
"p798": 0
"p799": 0
"p800": 0.0003048315805517451
"p801": 7.903040977267465E-05
"p802": 3.7633528463178407E-06
"p803": 0
"p804": 0.0008185292440741303
"p805": 0.00023709122931802397
"p806": 2.0698440654748128E-05
"p807": 0
"p808": 0.0021469927988243278
"p809": 0.000568266279793994
"p810": 5.645029269476761E-05
"p811": 0
"p812": 0.007705464952835779
"p813": 0.0022937635598307233
"p814": 0.0002878964927433148
"p815": 1.1290058538953523E-05
"p816": 0.0001956943480085277
"p817": 6.021364554108545E-05
"p818": 1.8816764231589204E-06
