"p756": 0
"p757": 0
"p758": 0
"p759": 0
"p760": 0.008919146245773281
"p761": 0.0026230569338835347
"p762": 0.00036880857893914834
"p763": 2.2580117077907045E-05
"p764": 0.001576844842607175
"p765": 0.0003819803139012609
"p766": 3.575185204001949E-05
"p767": 0
"p768": 0.00013924405531376007
"p769": 2.6343469924224884E-05
"p770": 0
"p771": 0
"p772": 0
"p773": 0
"p774": 0
"p775": 0
"p776": 0.0033870175616860566
"p777": 0.0010800822668932202
"p778": 0.0001956943480085277
"p779": 2.634346992422488E-05
"p780": 0.00042149551878759814
"p781": 9.784717400426385E-05
"p782": 0
"p783": 0
"p784": 0.0003085949333980629
"p785": 9.596549758110493E-05
"p786": 1.505341138527136E-05
"p787": 0
"p788": 2.2580117077907045E-05
"p789": 3.7633528463178407E-06
"p790": 0
"p791": 0
"p792": 0.004164149924450691
"p793": 0.0014432458165628919
"p794": 0.00030106822770542725
"p795": 3.7633528463178407E-05
"p796": 0.0008072391855351768
"p797": 0.00026907972851172564
"p798": 4.139688130949624E-05
"p799": 0
"p800": 2.8225146347383805E-05
"p801": 5.645029269476761E-06
"p802": 0
"p803": 0
"p804": 0
"p805": 0
"p806": 0
"p807": 0
"p808": 0.001366097083213376
"p809": 0.0003989154017096911
"p810": 6.58586748105622E-05
"p811": 0
"p812": 8.279376261899247E-05
"p813": 2.446179350106596E-05
"p814": 0
"p815": 0
"p816": 0.00016558752523798497
"p817": 3.7633528463178407E-05
"p818": 7.52670569263568E-06
