"p756": 3.198849919370165E-05
"p757": 9.408382115794602E-06
"p758": 0
"p759": 0
"p760": 0.002790526135544679
"p761": 0.000997288504274228
"p762": 3.0106822770542726E-05
"p763": 0
"p764": 0.0023765573224497167
"p765": 0.0006378883074508741
"p766": 6.585867481056222E-05
"p767": 0
"p768": 0.0003405834325917646
"p769": 0.0001016105268505817
"p770": 1.6935087808430286E-05
"p771": 0
"p772": 0
"p773": 0
"p774": 0
"p775": 0
"p776": 0.00020322105370116337
"p777": 5.833196911792653E-05
"p778": 5.645029269476761E-06
"p779": 0
"p780": 0.00024461793501065964
"p781": 9.220214473478709E-05
"p782": 1.129005853895352E-05
"p783": 0
"p784": 0.00034811013828440026
"p785": 0.00011666393823585305
"p786": 1.1290058538953523E-05
"p787": 0
"p788": 1.5053411385271361E-05
"p789": 0
"p790": 0
"p791": 0
"p792": 0.00032929337405281106
"p793": 0.00010349220327374062
"p794": 5.645029269476761E-06
"p795": 0
"p796": 0.00036128187324651267
"p797": 0.00011666393823585305
"p798": 5.645029269476761E-06
"p799": 0
"p800": 0.00014112573173691902
"p801": 5.080526342529084E-05
"p802": 0
"p803": 0
"p804": 0
"p805": 0
"p806": 0
"p807": 0
"p808": 3.387017561686057E-05
"p809": 1.6935087808430286E-05
"p810": 5.645029269476761E-06
"p811": 0
"p812": 5.080526342529084E-05
"p813": 2.8225146347383805E-05
"p814": 5.645029269476761E-06
"p815": 0
"p816": 0.00016558752523798497
"p817": 5.080526342529086E-05
"p818": 0
