"p756": 0.0007865407448804287
"p757": 0.00016182417239166713
"p758": 0
"p759": 0
"p760": 0.008145777235854967
"p761": 0.0028262779875846984
"p762": 0.000611544837526649
"p763": 7.714873334951573E-05
"p764": 0.015282975908896754
"p765": 0.005255522249882865
"p766": 0.0008825062424615337
"p767": 7.150370408003899E-05
"p768": 0
"p769": 0
"p770": 0
"p771": 0
"p772": 3.7633528463178407E-06
"p773": 0
"p774": 0
"p775": 0
"p776": 0.00017123255450746173
"p777": 3.9515204886337324E-05
"p778": 0
"p779": 0
"p780": 0.00046289240009709436
"p781": 0.0001298356731979655
"p782": 9.408382115794602E-06
"p783": 0
"p784": 2.634346992422488E-05
"p785": 1.1290058538953518E-05
"p786": 0
"p787": 0
"p788": 0.00015241579027587253
"p789": 4.139688130949625E-05
"p790": 0
"p791": 0
"p792": 0.00026155302281908986
"p793": 5.833196911792653E-05
"p794": 0
"p795": 0
"p796": 0.00033117505047597004
"p797": 0.00012230896750532982
"p798": 1.1290058538953523E-05
"p799": 0
"p800": 0.0001279539967748066
"p801": 2.6343469924224884E-05
"p802": 0
"p803": 0
"p804": 0.0001505341138527136
"p805": 2.6343469924224884E-05
"p806": 0
"p807": 0
"p808": 0.002577896699727721
"p809": 0.0006905752472993236
"p810": 9.784717400426385E-05
"p811": 1.317173496211244E-05
"p812": 0.0022900002069844057
"p813": 0.0007357354814551379
"p814": 0.00013736237889060116
"p815": 1.317173496211244E-05
"p816": 0.00046289240009709436
"p817": 0.00015241579027587253
"p818": 2.258011707790704E-05
