"p756": 0.009478004143451482
"p757": 0.002867674868894194
"p758": 0.00040832378382548573
"p759": 2.2580117077907045E-05
"p760": 0.00044972066513498195
"p761": 0.0001467707610063958
"p762": 3.7633528463178407E-05
"p763": 3.7633528463178407E-06
"p764": 0.0006886935708761649
"p765": 0.00023520955289486504
"p766": 3.7633528463178407E-05
"p767": 1.8816764231589204E-06
"p768": 0.007458965341401961
"p769": 0.0028902549859721014
"p770": 0.0006284799253350793
"p771": 7.338538050319788E-05
"p772": 0.01453218701605634
"p773": 0.00580309008902211
"p774": 0.0013830321710218067
"p775": 0.00018252261304641527
"p776": 0.003125464538866966
"p777": 0.0010819639433163792
"p778": 0.0001938126715853688
"p779": 1.8816764231589204E-06
"p780": 0.005654437651592557
"p781": 0.001669046987341962
"p782": 0.00023144620004854718
"p783": 5.645029269476761E-06
"p784": 0.008145777235854967
"p785": 0.0033682007974544666
"p786": 0.0006792851887603702
"p787": 4.139688130949625E-05
"p788": 0.01173037082197271
"p789": 0.00487918696525108
"p790": 0.001138414236011147
"p791": 0.0001091372325432174
"p792": 0.004824618348979471
"p793": 0.0018760313938894436
"p794": 0.0003387017561686057
"p795": 9.408382115794602E-06
"p796": 0.0088175357189227
"p797": 0.003159334714483827
"p798": 0.0005118159870992265
"p799": 1.3171734962112444E-05
"p800": 0.0035620134690398358
"p801": 0.0011083074132406038
"p802": 0.00011854561465901197
"p803": 7.5267056926356815E-06
"p804": 0.010275834946870866
"p805": 0.0033437390039534015
"p806": 0.0003330567268991289
"p807": 9.408382115794602E-06
"p808": 0.0006811668651835293
"p809": 0.00016935087808430283
"p810": 2.8225146347383805E-05
"p811": 1.8816764231589204E-06
"p812": 0.000918258094501553
"p813": 0.0002709614049348845
"p814": 5.268693984844976E-05
"p815": 1.8816764231589204E-06
"p816": 0.0021526378280938047
"p817": 0.0007808957156109519
"p818": 0.00010725555612005847
