"p756": 0.013476566542664187
"p757": 0.004711717763589937
"p758": 0.0008411093611520375
"p759": 6.962202765688006E-05
"p760": 0.0027265491371572755
"p761": 0.0009389565351563013
"p762": 0.00016182417239166716
"p763": 7.5267056926356815E-06
"p764": 0.003307987151913382
"p765": 0.0010782005904700614
"p766": 0.00014677076100639582
"p767": 7.5267056926356815E-06
"p768": 0.00016558752523798497
"p769": 3.9515204886337324E-05
"p770": 0
"p771": 0
"p772": 0.0004591290472507765
"p773": 0.0001298356731979655
"p774": 9.408382115794602E-06
"p775": 0
"p776": 1.5053411385271363E-05
"p777": 3.76335284631784E-06
"p778": 3.76335284631784E-06
"p779": 0
"p780": 2.8225146347383805E-05
"p781": 5.645029269476761E-06
"p782": 5.645029269476761E-06
"p783": 0
"p784": 0.0002464996114338185
"p785": 6.209532196424436E-05
"p786": 0
"p787": 0
"p788": 0.0003292933740528111
"p789": 0.00012795399677480656
"p790": 1.1290058538953523E-05
"p791": 0
"p792": 4.139688130949625E-05
"p793": 1.1290058538953523E-05
"p794": 1.8816764231589204E-06
"p795": 1.8816764231589204E-06
"p796": 0.000188167642315892
"p797": 4.704191057897301E-05
"p798": 1.8816764231589204E-06
"p799": 1.8816764231589204E-06
"p800": 0.0020397372427042692
"p801": 0.0005946097497182188
"p802": 9.596549758110492E-05
"p803": 1.317173496211244E-05
"p804": 0.0020961875353990365
"p805": 0.0006924569237224825
"p806": 0.00013736237889060116
"p807": 1.317173496211244E-05
"p808": 0.000779014039187793
"p809": 0.00019193099516220987
"p810": 2.4461793501065963E-05
"p811": 0
"p812": 0.00029730487485910944
"p813": 0.00010161052685058169
"p814": 2.258011707790704E-05
"p815": 0
"p816": 0.0021733362687485526
"p817": 0.0007696056570719985
"p818": 0.00015241579027587253
