"p756": 0
"p757": 0
"p758": 0
"p759": 0
"p760": 0.0009747083871963208
"p761": 0.00032176666836017533
"p762": 4.704191057897301E-05
"p763": 5.645029269476761E-06
"p764": 0.0006529417188361454
"p765": 0.00023332787647170614
"p766": 4.327855773265517E-05
"p767": 1.8816764231589204E-06
"p768": 0.001017986944928976
"p769": 0.00037069025536230727
"p770": 7.903040977267465E-05
"p771": 7.5267056926356815E-06
"p772": 1.3171734962112442E-05
"p773": 7.52670569263568E-06
"p774": 0
"p775": 0
"p776": 0.001627650106032466
"p777": 0.0005795563383329475
"p778": 0.0001279539967748066
"p779": 7.5267056926356815E-06
"p780": 0.0005400411334466101
"p781": 0.00017311423093062064
"p782": 2.8225146347383805E-05
"p783": 0
"p784": 9.408382115794602E-06
"p785": 3.7633528463178407E-06
"p786": 0
"p787": 0
"p788": 1.8816764231589204E-06
"p789": 1.8816764231589204E-06
"p790": 0
"p791": 0
"p792": 0
"p793": 0
"p794": 0
"p795": 0
"p796": 0
"p797": 0
"p798": 0
"p799": 0
"p800": 0.0014846426978723881
"p801": 0.0004986442521371138
"p802": 8.279376261899248E-05
"p803": 1.8816764231589204E-06
"p804": 0
"p805": 0
"p806": 0
"p807": 0
"p808": 0.0014808793450260703
"p809": 0.0004290222244802338
"p810": 6.209532196424438E-05
"p811": 5.6450292694767605E-06
"p812": 0.0003010682277054272
"p813": 8.279376261899248E-05
"p814": 3.76335284631784E-06
"p815": 3.76335284631784E-06
"p816": 0.000916376418078394
"p817": 0.00038198031390126086
"p818": 9.220214473478709E-05
