"p756": 5.080526342529085E-05
"p757": 1.6935087808430282E-05
"p758": 0
"p759": 0
"p760": 0.0011026623839711278
"p761": 0.0002502629642801364
"p762": 3.951520488633733E-05
"p763": 1.8816764231589204E-06
"p764": 0.001610715018224036
"p765": 0.0004177321659412803
"p766": 4.516023415581409E-05
"p767": 1.8816764231589204E-06
"p768": 0
"p769": 0
"p770": 0
"p771": 0
"p772": 6.021364554108546E-05
"p773": 0
"p774": 0
"p775": 0
"p776": 3.3870175616860565E-05
"p777": 5.645029269476761E-06
"p778": 0
"p779": 0
"p780": 0.0007188003936467076
"p781": 0.00010349220327374063
"p782": 1.5053411385271363E-05
"p783": 0
"p784": 7.5267056926356815E-06
"p785": 0
"p786": 0
"p787": 0
"p788": 0.00031423996266753966
"p789": 3.3870175616860565E-05
"p790": 0
"p791": 0
"p792": 9.784717400426387E-05
"p793": 1.5053411385271363E-05
"p794": 0
"p795": 0
"p796": 0.0006962202765688004
"p797": 8.27937626189925E-05
"p798": 0
"p799": 0
"p800": 0.0003217666683601754
"p801": 6.585867481056221E-05
"p802": 1.8816764231589204E-06
"p803": 0
"p804": 0.0008222925969204479
"p805": 0.00018064093662325633
"p806": 3.7633528463178407E-06
"p807": 0
"p808": 0.002259893384213863
"p809": 0.0006284799253350793
"p810": 7.33853805031979E-05
"p811": 5.645029269476761E-06
"p812": 0.008164594000086556
"p813": 0.0025214464070329535
"p814": 0.0003594001968233539
"p815": 2.2580117077907045E-05
"p816": 0.0010499754441226773
"p817": 0.0002747247577812024
"p818": 3.0106822770542722E-05
