"p756": 0.012101061077335015
"p757": 0.0037821696105494293
"p758": 0.0005513311919855636
"p759": 3.0106822770542726E-05
"p760": 0.0012607232035164765
"p761": 0.0004309039009033927
"p762": 8.27937626189925E-05
"p763": 9.408382115794602E-06
"p764": 0.0013886772002912827
"p765": 0.0005268693984844977
"p766": 8.091208619583358E-05
"p767": 3.7633528463178407E-06
"p768": 0.0067100581249847115
"p769": 0.00273595751927307
"p770": 0.0005325144277539744
"p771": 3.0106822770542726E-05
"p772": 0.009577732993878905
"p773": 0.0038612000203221046
"p774": 0.0008580444489604677
"p775": 7.526705692635681E-05
"p776": 0.0039703372528653216
"p777": 0.0015373296377208378
"p778": 0.0002878964927433148
"p779": 9.408382115794602E-06
"p780": 0.008525875873333068
"p781": 0.003025735688439544
"p782": 0.0004835908407518426
"p783": 1.3171734962112444E-05
"p784": 5.645029269476761E-06
"p785": 0
"p786": 0
"p787": 0
"p788": 0.00010161052685058169
"p789": 5.645029269476761E-06
"p790": 0
"p791": 0
"p792": 0
"p793": 0
"p794": 0
"p795": 0
"p796": 0
"p797": 0
"p798": 0
"p799": 0
"p800": 0.008889039423002742
"p801": 0.0031085294510585356
"p802": 0.000519342692791862
"p803": 3.9515204886337324E-05
"p804": 0.02047828451323853
"p805": 0.007364881520244016
"p806": 0.0012362614100154107
"p807": 9.784717400426385E-05
"p808": 0.0030182089827469082
"p809": 0.0010198686213521348
"p810": 0.00015429746669903146
"p811": 1.8816764231589204E-06
"p812": 0.004662794176587805
"p813": 0.0014037306116765546
"p814": 0.0001956943480085277
"p815": 1.8816764231589204E-06
"p816": 0.005359014453156604
"p817": 0.0019870503028558196
"p818": 0.00039327037244021434
