"p756": 0.00508805304822172
"p757": 0.0015260395791818844
"p758": 0.00020698440654748124
"p759": 1.8816764231589204E-06
"p760": 0.0007338538050319788
"p761": 0.00023144620004854723
"p762": 2.2580117077907042E-05
"p763": 1.8816764231589204E-06
"p764": 0.000472300782212889
"p765": 0.00020133937727800447
"p766": 2.2580117077907045E-05
"p767": 1.8816764231589204E-06
"p768": 0.00438995109522976
"p769": 0.001445127492986051
"p770": 0.0002502629642801364
"p771": 1.8816764231589207E-05
"p772": 0.00817588405862551
"p773": 0.00271902243146464
"p774": 0.000517461016368703
"p775": 5.2686939848449775E-05
"p776": 0.0016427035174177377
"p777": 0.00040456043097916787
"p778": 5.645029269476761E-05
"p779": 0
"p780": 0.007571865926791496
"p781": 0.0023483321761023322
"p782": 0.00038574366674757867
"p783": 2.2580117077907045E-05
"p784": 0
"p785": 0
"p786": 0
"p787": 0
"p788": 7.33853805031979E-05
"p789": 0
"p790": 0
"p791": 0
"p792": 0
"p793": 0
"p794": 0
"p795": 0
"p796": 0
"p797": 0
"p798": 0
"p799": 0
"p800": 0.0031010027453659003
"p801": 0.00099352515142791
"p802": 0.00017123255450746173
"p803": 1.3171734962112444E-05
"p804": 0.01008014059886234
"p805": 0.0034302961194187112
"p806": 0.0006190715432192849
"p807": 4.704191057897301E-05
"p808": 0.000874979536768898
"p809": 0.0002521446407032953
"p810": 4.516023415581409E-05
"p811": 1.8816764231589204E-06
"p812": 0.0030370257469784978
"p813": 0.0010085785628131813
"p814": 0.00011666393823585305
"p815": 1.8816764231589204E-06
"p816": 0.0022090881207885724
"p817": 0.0008015941562657001
"p818": 0.0001486524374295547
