"p756": 8.843879188846925E-05
"p757": 3.0106822770542722E-05
"p758": 3.7633528463178407E-06
"p759": 3.7633528463178407E-06
"p760": 0.0005456861627160869
"p761": 0.0001825226130464153
"p762": 3.010682277054273E-05
"p763": 0
"p764": 0.0029165984558963257
"p765": 0.0007470255399940914
"p766": 6.39769983874033E-05
"p767": 0
"p768": 0.0007263270993393433
"p769": 0.0001787592602000974
"p770": 1.693508780843028E-05
"p771": 0
"p772": 0.0014187840230618256
"p773": 0.0003499918147075591
"p774": 2.634346992422488E-05
"p775": 0
"p776": 0.006442860072896144
"p777": 0.0023050536183696776
"p778": 0.0004102054602486446
"p779": 2.82251463473838E-05
"p780": 0.012789754648211181
"p781": 0.004674084235126757
"p782": 0.0009069680359625995
"p783": 6.774035123372113E-05
"p784": 0.0018609779825041718
"p785": 0.0006811668651835291
"p786": 8.655711546531032E-05
"p787": 0
"p788": 0.002579778376150879
"p789": 0.0008580444489604676
"p790": 0.00013548070246744226
"p791": 0
"p792": 0.0061342651394980805
"p793": 0.002412309174489736
"p794": 0.00044595731228866414
"p795": 1.8816764231589207E-05
"p796": 0.01052986126399732
"p797": 0.0042394169813770475
"p798": 0.0008448727139983552
"p799": 4.139688130949625E-05
"p800": 0.00010537387969689952
"p801": 2.069844065474812E-05
"p802": 0
"p803": 0
"p804": 0.00028977816916647367
"p805": 0.00011666393823585303
"p806": 1.6935087808430282E-05
"p807": 0
"p808": 0.002957995337205823
"p809": 0.0008015941562657
"p810": 4.139688130949624E-05
"p811": 0
"p812": 0.008337708231017177
"p813": 0.0024856945549929337
"p814": 0.00013924405531376012
"p815": 1.8816764231589204E-06
"p816": 0.00016558752523798497
"p817": 5.080526342529084E-05
"p818": 0
