"p756": 0.010298415063948772
"p757": 0.0032741169762965216
"p758": 0.0005042892814065906
"p759": 3.3870175616860565E-05
"p760": 0.0009050863595394406
"p761": 0.00034622846186124133
"p762": 6.585867481056221E-05
"p763": 7.5267056926356815E-06
"p764": 0.0012324980571690927
"p765": 0.0004478389887118231
"p766": 6.0213645541085445E-05
"p767": 1.8816764231589204E-06
"p768": 0.001783829249154656
"p769": 0.0006529417188361454
"p770": 0.00013736237889060116
"p771": 1.8816764231589203E-05
"p772": 0.0013980855824070777
"p773": 0.000543804486292928
"p774": 0.00012419064392848873
"p775": 1.8816764231589203E-05
"p776": 0.0012155629693606626
"p777": 0.000378216961054943
"p778": 4.704191057897301E-05
"p779": 0
"p780": 0.0006943386001456416
"p781": 0.00020698440654748118
"p782": 2.8225146347383805E-05
"p783": 0
"p784": 5.645029269476761E-06
"p785": 0
"p786": 0
"p787": 0
"p788": 4.139688130949625E-05
"p789": 9.408382115794602E-06
"p790": 0
"p791": 0
"p792": 0
"p793": 0
"p794": 0
"p795": 0
"p796": 3.7633528463178407E-06
"p797": 3.7633528463178407E-06
"p798": 0
"p799": 0
"p800": 0.0014488908458323685
"p801": 0.0004440756358655052
"p802": 6.397699838740328E-05
"p803": 1.8816764231589204E-06
"p804": 0.0016596386052261677
"p805": 0.0005626212505245171
"p806": 9.032046831162817E-05
"p807": 1.8816764231589204E-06
"p808": 0.00048170916432868356
"p809": 9.4083821157946E-05
"p810": 5.6450292694767605E-06
"p811": 3.76335284631784E-06
"p812": 0.0002145111122401169
"p813": 6.021364554108545E-05
"p814": 3.76335284631784E-06
"p815": 3.76335284631784E-06
"p816": 0.0012230896750532979
"p817": 0.00039703372528653215
"p818": 6.774035123372112E-05
