"p756": 0.0001956943480085277
"p757": 6.209532196424436E-05
"p758": 7.5267056926356815E-06
"p759": 0
"p760": 0.002664453815193031
"p761": 0.0006698768066445757
"p762": 7.52670569263568E-05
"p763": 0
"p764": 0.008098735325275991
"p765": 0.0024198358801823714
"p766": 0.00034058343259176454
"p767": 2.2580117077907045E-05
"p768": 0.00012419064392848873
"p769": 2.6343469924224884E-05
"p770": 0
"p771": 0
"p772": 0.00013924405531376007
"p773": 2.6343469924224884E-05
"p774": 0
"p775": 0
"p776": 0.002075489094744289
"p777": 0.0006021364554108545
"p778": 8.46754390421514E-05
"p779": 1.317173496211244E-05
"p780": 0.0017499590735377956
"p781": 0.000613426513949808
"p782": 0.00011101890896637629
"p783": 1.317173496211244E-05
"p784": 0.00046289240009709436
"p785": 0.00015241579027587253
"p786": 2.258011707790704E-05
"p787": 0
"p788": 0.0003029499041285862
"p789": 9.596549758110493E-05
"p790": 1.505341138527136E-05
"p791": 0
"p792": 0.002734075842849911
"p793": 0.0009107313888089175
"p794": 0.00017499590735377957
"p795": 1.8816764231589203E-05
"p796": 0.001979523597163184
"p797": 0.0007790140391877932
"p798": 0.00016370584881482604
"p799": 1.8816764231589203E-05
"p800": 9.408382115794602E-06
"p801": 0
"p802": 0
"p803": 0
"p804": 2.8225146347383805E-05
"p805": 5.645029269476761E-06
"p806": 0
"p807": 0
"p808": 0.0006510600424129863
"p809": 0.00018252261304641524
"p810": 2.446179350106596E-05
"p811": 0
"p812": 0.0008166475676509714
"p813": 0.0002483812878569775
"p814": 4.139688130949624E-05
"p815": 0
"p816": 3.7633528463178407E-05
"p817": 1.1290058538953521E-05
"p818": 1.1290058538953521E-05
