"p756": 0
"p757": 0
"p758": 0
"p759": 0
"p760": 0.004002325752059024
"p761": 0.0014169023466386668
"p762": 0.00023709122931802397
"p763": 1.8816764231589203E-05
"p764": 0.003338093974683924
"p765": 0.001014223592082658
"p766": 0.00017311423093062066
"p767": 1.1290058538953523E-05
"p768": 0.0014545358751018452
"p769": 0.0005513311919855636
"p770": 0.00012419064392848873
"p771": 1.8816764231589203E-05
"p772": 1.3171734962112442E-05
"p773": 7.52670569263568E-06
"p774": 0
"p775": 0
"p776": 0.002478167849300298
"p777": 0.0008185292440741304
"p778": 0.00016182417239166716
"p779": 1.8816764231589203E-05
"p780": 0.0009841167693121153
"p781": 0.0002991865512822684
"p782": 3.9515204886337324E-05
"p783": 0
"p784": 3.575185204001949E-05
"p785": 7.5267056926356815E-06
"p786": 0
"p787": 0
"p788": 5.645029269476761E-06
"p789": 1.8816764231589204E-06
"p790": 0
"p791": 0
"p792": 5.645029269476761E-06
"p793": 0
"p794": 0
"p795": 0
"p796": 3.7633528463178407E-06
"p797": 3.7633528463178407E-06
"p798": 0
"p799": 0
"p800": 0.0016596386052261677
"p801": 0.0005626212505245171
"p802": 9.032046831162817E-05
"p803": 1.8816764231589204E-06
"p804": 0
"p805": 0
"p806": 0
"p807": 0
"p808": 0.0017123255450746176
"p809": 0.00047982748790552463
"p810": 6.962202765688005E-05
"p811": 5.6450292694767605E-06
"p812": 0.00033305672689912887
"p813": 8.467543904215141E-05
"p814": 3.76335284631784E-06
"p815": 3.76335284631784E-06
"p816": 0.001503459462103977
"p817": 0.0005513311919855637
"p818": 0.00010725555612005845
