"p756": 0.02104090576376305
"p757": 0.0072049390242755074
"p758": 0.0009483649172720957
"p759": 5.8331969117926534E-05
"p760": 0.0011666393823585306
"p761": 0.0002483812878569775
"p762": 3.387017561686057E-05
"p763": 1.8816764231589204E-06
"p764": 0.002410427498066577
"p765": 0.0007451438635709324
"p766": 9.972885042742278E-05
"p767": 3.7633528463178407E-06
"p768": 0.0003913886960170555
"p769": 0.00010537387969689954
"p770": 1.6935087808430286E-05
"p771": 0
"p772": 0.0005343961041771334
"p773": 0.00014488908458323686
"p774": 1.6935087808430286E-05
"p775": 0
"p776": 0.00011478226181269415
"p777": 2.8225146347383805E-05
"p778": 0
"p779": 0
"p780": 0.00015053411385271363
"p781": 4.704191057897301E-05
"p782": 0
"p783": 0
"p784": 0.0011045440603942862
"p785": 0.0003575185204001949
"p786": 4.516023415581409E-05
"p787": 0
"p788": 0.0010725555612005845
"p789": 0.0003706902553623073
"p790": 5.645029269476761E-05
"p791": 0
"p792": 0.0006529417188361454
"p793": 0.00017875926020009743
"p794": 0
"p795": 0
"p796": 0.0005720296326403117
"p797": 0.00013359902604428333
"p798": 0
"p799": 0
"p800": 8.467543904215141E-05
"p801": 3.575185204001949E-05
"p802": 0
"p803": 0
"p804": 0.0001561791431221904
"p805": 5.456861627160869E-05
"p806": 0
"p807": 0
"p808": 5.645029269476761E-06
"p809": 5.645029269476761E-06
"p810": 5.645029269476761E-06
"p811": 0
"p812": 5.645029269476761E-06
"p813": 5.645029269476761E-06
"p814": 5.645029269476761E-06
"p815": 0
"p816": 0.0001956943480085277
"p817": 6.021364554108545E-05
"p818": 1.8816764231589204E-06
