"p756": 0.00010913723254321737
"p757": 9.408382115794602E-06
"p758": 0
"p759": 0
"p760": 0.0027378391956962293
"p761": 0.0009257848001941889
"p762": 0.00010161052685058171
"p763": 1.8816764231589204E-06
"p764": 0.010398143914376197
"p765": 0.003353147386069196
"p766": 0.0004139688130949625
"p767": 1.5053411385271365E-05
"p768": 3.7633528463178407E-06
"p769": 0
"p770": 0
"p771": 0
"p772": 4.139688130949625E-05
"p773": 0
"p774": 0
"p775": 0
"p776": 1.8816764231589203E-05
"p777": 0
"p778": 0
"p779": 0
"p780": 6.774035123372113E-05
"p781": 0
"p782": 0
"p783": 0
"p784": 0
"p785": 0
"p786": 0
"p787": 0
"p788": 0
"p789": 0
"p790": 0
"p791": 0
"p792": 0
"p793": 0
"p794": 0
"p795": 0
"p796": 1.1290058538953523E-05
"p797": 0
"p798": 0
"p799": 0
"p800": 0.0001862859658927331
"p801": 3.0106822770542722E-05
"p802": 0
"p803": 0
"p804": 0.00012607232035164768
"p805": 2.2580117077907045E-05
"p806": 0
"p807": 0
"p808": 0.0006642317773750989
"p809": 0.00016935087808430283
"p810": 1.1290058538953523E-05
"p811": 0
"p812": 0.0008693345074994213
"p813": 0.00021639278866327584
"p814": 1.1290058538953523E-05
"p815": 0
"p816": 0
"p817": 0
"p818": 0
