"p756": 0.01293652540921758
"p757": 0.004359844272459219
"p758": 0.00041961384236443927
"p759": 1.5053411385271365E-05
"p760": 0.0004741824586360479
"p761": 0.00014112573173691902
"p762": 2.0698440654748124E-05
"p763": 0
"p764": 0.0013322269075965155
"p765": 0.00040267875455600894
"p766": 5.45686162716087E-05
"p767": 0
"p768": 0.00033682007974544673
"p769": 0.00011478226181269412
"p770": 1.1290058538953523E-05
"p771": 0
"p772": 0.00031988499193701646
"p773": 0.00010913723254321738
"p774": 1.1290058538953523E-05
"p775": 0
"p776": 0.0001580608195453493
"p777": 4.3278557732655166E-05
"p778": 0
"p779": 0
"p780": 0.0002239194943559115
"p781": 6.021364554108545E-05
"p782": 0
"p783": 0
"p784": 0
"p785": 0
"p786": 0
"p787": 0
"p788": 1.1290058538953523E-05
"p789": 0
"p790": 0
"p791": 0
"p792": 0
"p793": 0
"p794": 0
"p795": 0
"p796": 0
"p797": 0
"p798": 0
"p799": 0
"p800": 0.00022580117077907044
"p801": 5.080526342529085E-05
"p802": 0
"p803": 0
"p804": 0.0003274116976296522
"p805": 7.526705692635681E-05
"p806": 0
"p807": 0
"p808": 3.575185204001949E-05
"p809": 5.645029269476761E-06
"p810": 5.645029269476761E-06
"p811": 0
"p812": 5.456861627160869E-05
"p813": 5.645029269476761E-06
"p814": 5.645029269476761E-06
"p815": 0
"p816": 0.0001674692016611439
"p817": 0.0001016105268505817
"p818": 1.6935087808430286E-05
