"p756": 2.8225146347383808E-05
"p757": 1.8816764231589204E-06
"p758": 0
"p759": 0
"p760": 0.01332226907596516
"p761": 0.003855554991052628
"p762": 0.0005776746619097886
"p763": 2.0698440654748128E-05
"p764": 0.0031819148315617336
"p765": 0.0009634183286573673
"p766": 0.00011478226181269414
"p767": 7.5267056926356815E-06
"p768": 3.951520488633733E-05
"p769": 0
"p770": 0
"p771": 0
"p772": 0
"p773": 0
"p774": 0
"p775": 0
"p776": 0.0010292770034679294
"p777": 0.0001637058488148261
"p778": 1.5053411385271363E-05
"p779": 0
"p780": 7.150370408003896E-05
"p781": 1.3171734962112442E-05
"p782": 0
"p783": 0
"p784": 0.0004685374293665712
"p785": 8.467543904215141E-05
"p786": 0
"p787": 0
"p788": 0
"p789": 0
"p790": 0
"p791": 0
"p792": 0.0014018489352533956
"p793": 0.0002709614049348845
"p794": 2.2580117077907045E-05
"p795": 0
"p796": 0.00024085458216434183
"p797": 2.8225146347383805E-05
"p798": 0
"p799": 0
"p800": 0.0013736237889060115
"p801": 0.0003029499041285862
"p802": 1.1290058538953523E-05
"p803": 0
"p804": 1.6935087808430286E-05
"p805": 0
"p806": 0
"p807": 0
"p808": 0.011397314095073583
"p809": 0.003768997875587318
"p810": 0.000711273687954072
"p811": 7.714873334951573E-05
"p812": 0.0044614547993098
"p813": 0.0011911011758595964
"p814": 0.00015806081954534932
"p815": 2.8225146347383808E-05
"p816": 0.004032432574829566
"p817": 0.0012212079986301393
"p818": 0.000188167642315892
