"p756": 0
"p757": 0
"p758": 0
"p759": 0
"p760": 0.011897840023633855
"p761": 0.003716310935738868
"p762": 0.0005833196911792652
"p763": 3.951520488633733E-05
"p764": 0.0027133774021951625
"p765": 0.0007018653058382773
"p766": 0.00011854561465901199
"p767": 1.1290058538953523E-05
"p768": 0.0002464996114338185
"p769": 6.39769983874033E-05
"p770": 7.52670569263568E-06
"p771": 0
"p772": 2.2580117077907045E-05
"p773": 3.7633528463178407E-06
"p774": 0
"p775": 0
"p776": 0.003808513080473655
"p777": 0.0013040017612491318
"p778": 0.0002784881106275202
"p779": 3.7633528463178407E-05
"p780": 0.0007507888928404092
"p781": 0.00024085458216434183
"p782": 3.3870175616860565E-05
"p783": 0
"p784": 1.3171734962112442E-05
"p785": 5.645029269476761E-06
"p786": 0
"p787": 0
"p788": 0
"p789": 0
"p790": 0
"p791": 0
"p792": 4.139688130949625E-05
"p793": 7.5267056926356815E-06
"p794": 0
"p795": 0
"p796": 0
"p797": 0
"p798": 0
"p799": 0
"p800": 0.00014488908458323686
"p801": 4.704191057897301E-05
"p802": 7.52670569263568E-06
"p803": 0
"p804": 0
"p805": 0
"p806": 0
"p807": 0
"p808": 0.003351265709646037
"p809": 0.0010443304148532006
"p810": 0.0001599424959685082
"p811": 3.7633528463178407E-06
"p812": 0.00024461793501065964
"p813": 6.962202765688005E-05
"p814": 7.52670569263568E-06
"p815": 0
"p816": 0.00023709122931802392
"p817": 4.892358700213193E-05
"p818": 7.52670569263568E-06
