"p756": 0.00024461793501065964
"p757": 6.962202765688005E-05
"p758": 7.5267056926356815E-06
"p759": 0
"p760": 0.004128398072410671
"p761": 0.0012023912343985502
"p762": 0.00022015614150959365
"p763": 1.6935087808430286E-05
"p764": 0.01075566243477639
"p765": 0.0033719641503007847
"p766": 0.0005099343106760674
"p767": 3.575185204001949E-05
"p768": 0.00041585048951812146
"p769": 0.0001298356731979655
"p770": 1.88167642315892E-05
"p771": 0
"p772": 0.00024085458216434178
"p773": 6.39769983874033E-05
"p774": 7.52670569263568E-06
"p775": 0
"p776": 0.0025045113192245227
"p777": 0.0008486360668446731
"p778": 0.00016182417239166713
"p779": 1.8816764231589203E-05
"p780": 0.0018459245711189005
"p781": 0.000688693570876165
"p782": 0.00014677076100639576
"p783": 1.8816764231589203E-05
"p784": 0
"p785": 0
"p786": 0
"p787": 0
"p788": 1.3171734962112442E-05
"p789": 5.645029269476761E-06
"p790": 0
"p791": 0
"p792": 5.645029269476761E-06
"p793": 0
"p794": 0
"p795": 0
"p796": 3.575185204001949E-05
"p797": 7.5267056926356815E-06
"p798": 0
"p799": 0
"p800": 0.00012419064392848873
"p801": 3.9515204886337324E-05
"p802": 3.76335284631784E-06
"p803": 0
"p804": 0.00014488908458323686
"p805": 4.704191057897301E-05
"p806": 7.52670569263568E-06
"p807": 0
"p808": 0.0017913559548472918
"p809": 0.0005080526342529084
"p810": 6.962202765688005E-05
"p811": 1.8816764231589204E-06
"p812": 0.0017857109255778152
"p813": 0.0006077814846803312
"p814": 9.784717400426385E-05
"p815": 1.8816764231589204E-06
"p816": 8.091208619583358E-05
"p817": 1.6935087808430282E-05
"p818": 1.1290058538953521E-05
