"p756": 0.003560131792616677
"p757": 0.0009671816815036851
"p758": 8.655711546531033E-05
"p759": 5.645029269476761E-06
"p760": 7.714873334951574E-05
"p761": 3.198849919370165E-05
"p762": 7.5267056926356815E-06
"p763": 0
"p764": 0.00020886608297064017
"p765": 7.526705692635681E-05
"p766": 1.5053411385271363E-05
"p767": 0
"p768": 0.001112070766086922
"p769": 0.00041020546024864466
"p770": 8.655711546531035E-05
"p771": 7.5267056926356815E-06
"p772": 0.000972826710773162
"p773": 0.0003631635496696716
"p774": 7.903040977267465E-05
"p775": 7.5267056926356815E-06
"p776": 0.0007206820700698664
"p777": 0.00023520955289486501
"p778": 4.139688130949624E-05
"p779": 0
"p780": 0.00046853742936657115
"p781": 0.00015241579027587253
"p782": 2.8225146347383805E-05
"p783": 0
"p784": 0
"p785": 0
"p786": 0
"p787": 0
"p788": 1.1290058538953523E-05
"p789": 5.645029269476761E-06
"p790": 0
"p791": 0
"p792": 0
"p793": 0
"p794": 0
"p795": 0
"p796": 0
"p797": 0
"p798": 0
"p799": 0
"p800": 0.0012550781742469998
"p801": 0.0003951520488633733
"p802": 5.645029269476761E-05
"p803": 1.8816764231589204E-06
"p804": 0.0014846426978723881
"p805": 0.0004986442521371138
"p806": 8.279376261899248E-05
"p807": 1.8816764231589204E-06
"p808": 0.00042902222448023376
"p809": 9.220214473478709E-05
"p810": 5.6450292694767605E-06
"p811": 3.76335284631784E-06
"p812": 0.0002051027301243223
"p813": 5.833196911792653E-05
"p814": 3.76335284631784E-06
"p815": 3.76335284631784E-06
"p816": 0.0006868118944530059
"p817": 0.0002860148163201559
"p818": 6.397699838740328E-05
