"p756": 0
"p757": 0
"p758": 0
"p759": 0
"p760": 0.005774864942674727
"p761": 0.0017763025434620208
"p762": 0.00019569434800852773
"p763": 9.408382115794602E-06
"p764": 0.0014225473759081437
"p765": 0.0004591290472507766
"p766": 0.00010725555612005847
"p767": 1.8816764231589204E-06
"p768": 3.7633528463178407E-06
"p769": 0
"p770": 0
"p771": 0
"p772": 0
"p773": 0
"p774": 0
"p775": 0
"p776": 0.00037821696105494305
"p777": 9.972885042742278E-05
"p778": 9.408382115794602E-06
"p779": 0
"p780": 7.150370408003896E-05
"p781": 2.82251463473838E-05
"p782": 0
"p783": 0
"p784": 9.032046831162818E-05
"p785": 3.0106822770542726E-05
"p786": 0
"p787": 0
"p788": 0
"p789": 0
"p790": 0
"p791": 0
"p792": 0.000284133139896997
"p793": 7.903040977267465E-05
"p794": 0
"p795": 0
"p796": 0.00010725555612005845
"p797": 3.7633528463178407E-05
"p798": 0
"p799": 0
"p800": 0.00013359902604428335
"p801": 2.6343469924224884E-05
"p802": 0
"p803": 0
"p804": 0
"p805": 0
"p806": 0
"p807": 0
"p808": 0.0033531473860691965
"p809": 0.0010556204733921542
"p810": 0.00020133937727800444
"p811": 2.634346992422488E-05
"p812": 0.0004064421074023268
"p813": 8.843879188846925E-05
"p814": 0
"p815": 0
"p816": 0.00021827446508643474
"p817": 6.774035123372113E-05
"p818": 1.505341138527136E-05
