"p756": 0.02149062642889803
"p757": 0.007842827331726381
"p758": 0.001539211314143997
"p759": 0.00012983567319796552
"p760": 0.0025797783761508796
"p761": 0.000878742889615216
"p762": 0.00013171734962112442
"p763": 7.5267056926356815E-06
"p764": 0.002276828472022293
"p765": 0.0008730978603457391
"p766": 0.00010349220327374062
"p767": 5.645029269476761E-06
"p768": 0.00010349220327374062
"p769": 1.5053411385271363E-05
"p770": 0
"p771": 0
"p772": 0.0002577896699727721
"p773": 5.6450292694767617E-05
"p774": 5.645029269476761E-06
"p775": 0
"p776": 9.408382115794602E-06
"p777": 7.5267056926356815E-06
"p778": 1.8816764231589204E-06
"p779": 0
"p780": 9.22021447347871E-05
"p781": 3.387017561686057E-05
"p782": 5.645029269476761E-06
"p783": 0
"p784": 0
"p785": 0
"p786": 0
"p787": 0
"p788": 1.1290058538953523E-05
"p789": 0
"p790": 0
"p791": 0
"p792": 0
"p793": 0
"p794": 0
"p795": 0
"p796": 0
"p797": 0
"p798": 0
"p799": 0
"p800": 0.0013096467905186083
"p801": 0.0003857436667475788
"p802": 4.516023415581409E-05
"p803": 0
"p804": 0.0013604520539438995
"p805": 0.0004139688130949625
"p806": 5.645029269476761E-05
"p807": 0
"p808": 0.0006830485416066882
"p809": 0.00017875926020009743
"p810": 0
"p811": 0
"p812": 0.000611544837526649
"p813": 0.00012795399677480656
"p814": 0
"p815": 0
"p816": 0.0002559079935496132
"p817": 9.408382115794602E-05
"p818": 1.6935087808430286E-05
