"p756": 7.5267056926356815E-06
"p757": 0
"p758": 0
"p759": 0
"p760": 0.008860814276655356
"p761": 0.00324212847710282
"p762": 0.000637888307450874
"p763": 4.704191057897301E-05
"p764": 0.007140962025888105
"p765": 0.0024687594671845034
"p766": 0.00039703372528653225
"p767": 3.7633528463178407E-05
"p768": 0.00022203781793275263
"p769": 5.268693984844977E-05
"p770": 5.645029269476761E-06
"p771": 0
"p772": 1.8816764231589203E-05
"p773": 0
"p774": 0
"p775": 0
"p776": 9.972885042742278E-05
"p777": 2.2580117077907045E-05
"p778": 1.8816764231589204E-06
"p779": 0
"p780": 0.00011101890896637629
"p781": 3.7633528463178407E-05
"p782": 5.645029269476761E-06
"p783": 0
"p784": 1.1290058538953523E-05
"p785": 0
"p786": 0
"p787": 0
"p788": 0
"p789": 0
"p790": 0
"p791": 0
"p792": 0
"p793": 0
"p794": 0
"p795": 0
"p796": 0
"p797": 0
"p798": 0
"p799": 0
"p800": 0.001371742112482853
"p801": 0.0004139688130949625
"p802": 5.645029269476761E-05
"p803": 0
"p804": 1.1290058538953521E-05
"p805": 0
"p806": 0
"p807": 0
"p808": 0.00139432222956076
"p809": 0.0003800986374781019
"p810": 2.8225146347383805E-05
"p811": 0
"p812": 0.001036803709160565
"p813": 0.00026907972851172553
"p814": 1.6935087808430286E-05
"p815": 0
"p816": 0.0005249877220613388
"p817": 0.0001561791431221904
"p818": 1.6935087808430286E-05
