"p756": 0.0003010682277054272
"p757": 8.279376261899248E-05
"p758": 3.7633528463178407E-06
"p759": 3.7633528463178407E-06
"p760": 0.00383485655039788
"p761": 0.0010857272961626969
"p762": 0.00011101890896637629
"p763": 0
"p764": 0.009598431434533653
"p765": 0.0028808466038563072
"p766": 0.0004102054602486446
"p767": 2.2580117077907045E-05
"p768": 0.0009728267107731618
"p769": 0.00023144620004854718
"p770": 2.6343469924224884E-05
"p771": 0
"p772": 0.0020190388020495213
"p773": 0.00048359084075184244
"p774": 3.387017561686056E-05
"p775": 0
"p776": 0.009387683675139853
"p777": 0.0035036814999219097
"p778": 0.0007263270993393432
"p779": 7.526705692635681E-05
"p780": 0.017294488005253635
"p781": 0.0066423177737509895
"p782": 0.0015015777856808186
"p783": 0.00018252261304641527
"p784": 0.0031254645388669663
"p785": 0.0011497042945501003
"p786": 0.00015617914312219037
"p787": 5.645029269476761E-06
"p788": 0.004484034916387708
"p789": 0.0016351768117251018
"p790": 0.00030671325697490394
"p791": 7.5267056926356815E-06
"p792": 0.010834692844549066
"p793": 0.004327855773265516
"p794": 0.0008542810961141498
"p795": 4.139688130949625E-05
"p796": 0.016965194631200827
"p797": 0.007174832201504964
"p798": 0.001629531782455625
"p799": 0.00012983567319796552
"p800": 0.00012607232035164763
"p801": 2.069844065474812E-05
"p802": 0
"p803": 0
"p804": 0.00038386199032441963
"p805": 0.00013736237889060116
"p806": 1.6935087808430282E-05
"p807": 0
"p808": 0.004058776044753791
"p809": 0.0011967462051290733
"p810": 0.0001204272910821709
"p811": 7.5267056926356815E-06
"p812": 0.010670986995734238
"p813": 0.003426532766572394
"p814": 0.0003330567268991289
"p815": 9.408382115794602E-06
"p816": 0.00035375516755387705
"p817": 0.0001467707610063958
"p818": 1.6935087808430286E-05
