"p756": 0.0007526705692635679
"p757": 0.00024085458216434178
"p758": 4.1396881309496255E-05
"p759": 0
"p760": 0.0025007479663782047
"p761": 0.0006905752472993237
"p762": 5.080526342529084E-05
"p763": 0
"p764": 0.010151644302942377
"p765": 0.0031555713616375097
"p766": 0.0001392440553137601
"p767": 1.8816764231589204E-06
"p768": 1.8816764231589203E-05
"p769": 0
"p770": 0
"p771": 0
"p772": 3.0106822770542722E-05
"p773": 0
"p774": 0
"p775": 0
"p776": 0.0002728430813580435
"p777": 7.903040977267465E-05
"p778": 1.6935087808430286E-05
"p779": 0
"p780": 0.0003706902553623074
"p781": 0.0001016105268505817
"p782": 1.6935087808430286E-05
"p783": 0
"p784": 0.000165587525237985
"p785": 3.0106822770542722E-05
"p786": 0
"p787": 0
"p788": 0.00010537387969689954
"p789": 2.2580117077907045E-05
"p790": 0
"p791": 0
"p792": 0.0004403122830191874
"p793": 0.00014112573173691902
"p794": 1.1290058538953523E-05
"p795": 0
"p796": 0.0005287510749076567
"p797": 0.00016558752523798497
"p798": 1.1290058538953523E-05
"p799": 0
"p800": 0
"p801": 0
"p802": 0
"p803": 0
"p804": 0
"p805": 0
"p806": 0
"p807": 0
"p808": 7.526705692635681E-05
"p809": 3.387017561686057E-05
"p810": 0
"p811": 0
"p812": 0.00014112573173691902
"p813": 5.080526342529084E-05
"p814": 0
"p815": 0
"p816": 1.6935087808430286E-05
"p817": 1.6935087808430286E-05
"p818": 0
