"p756": 0
"p757": 0
"p758": 0
"p759": 0
"p760": 0.004002325752059024
"p761": 0.0014169023466386666
"p762": 0.00023709122931802394
"p763": 1.8816764231589203E-05
"p764": 0.002890254985972101
"p765": 0.0009916434750047508
"p766": 0.00017311423093062066
"p767": 1.1290058538953523E-05
"p768": 0.0011835744701669607
"p769": 0.00029165984558963265
"p770": 2.6343469924224884E-05
"p771": 0
"p772": 0.00025026296428013644
"p773": 1.6935087808430282E-05
"p774": 0
"p775": 0
"p776": 0.0005419228098697689
"p777": 0.00014300740816007793
"p778": 2.6343469924224884E-05
"p779": 0
"p780": 0.0009841167693121153
"p781": 0.0002991865512822683
"p782": 3.951520488633733E-05
"p783": 0
"p784": 0.00011854561465901199
"p785": 5.645029269476761E-06
"p786": 0
"p787": 0
"p788": 0
"p789": 0
"p790": 0
"p791": 0
"p792": 0
"p793": 0
"p794": 0
"p795": 0
"p796": 0
"p797": 0
"p798": 0
"p799": 0
"p800": 0.022284693879471094
"p801": 0.008002769827694888
"p802": 0.0015410929905671558
"p803": 0.0001298356731979655
"p804": 0.0005231060456381799
"p805": 8.843879188846925E-05
"p806": 5.645029269476761E-06
"p807": 0
"p808": 0.01790226948993397
"p809": 0.006439096720049825
"p810": 0.001230616380745934
"p811": 7.526705692635681E-05
"p812": 0.02161858042567284
"p813": 0.007154133760850216
"p814": 0.001140295912434306
"p815": 4.8923587002131926E-05
"p816": 0.007872934154496924
"p817": 0.002973048748591093
"p818": 0.0006774035123372114
