"p756": 0
"p757": 0
"p758": 0
"p759": 0
"p760": 0.003089712686826947
"p761": 0.0007997124798425413
"p762": 8.279376261899251E-05
"p763": 0
"p764": 0.0003800986374781018
"p765": 0.00014488908458323686
"p766": 1.6935087808430282E-05
"p767": 0
"p768": 0.0013962039059839187
"p769": 0.0003499918147075591
"p770": 2.634346992422488E-05
"p771": 0
"p772": 2.2580117077907045E-05
"p773": 0
"p774": 0
"p775": 0
"p776": 0.013312860693849363
"p777": 0.004864133553865809
"p778": 0.0009295481530405067
"p779": 7.338538050319788E-05
"p780": 0.006179425373653895
"p781": 0.001932481686584211
"p782": 0.00034246510901492347
"p783": 2.258011707790704E-05
"p784": 0.0023652672639107625
"p785": 0.0008185292440741304
"p786": 0.00013548070246744226
"p787": 0
"p788": 0.0002935415220127916
"p789": 6.209532196424438E-05
"p790": 0
"p791": 0
"p792": 0.010420724031454099
"p793": 0.004173558306566485
"p794": 0.0008222925969204483
"p795": 4.704191057897301E-05
"p796": 0.0077111099821052555
"p797": 0.0028639115160478765
"p798": 0.0005042892814065907
"p799": 1.3171734962112444E-05
"p800": 0.00028977816916647367
"p801": 0.00011666393823585303
"p802": 1.6935087808430282E-05
"p803": 0
"p804": 0
"p805": 0
"p806": 0
"p807": 0
"p808": 0.009009466714084912
"p809": 0.002713377402195163
"p810": 0.0001467707610063958
"p811": 1.8816764231589204E-06
"p812": 0.0021319393874390563
"p813": 0.0004967625757139549
"p814": 3.387017561686056E-05
"p815": 0
"p816": 0.0005795563383329474
"p817": 0.00020698440654748124
"p818": 3.198849919370165E-05
