"p756": 0
"p757": 0
"p758": 0
"p759": 0
"p760": 0.007720518364221051
"p761": 0.002293763559830724
"p762": 0.00028789649274331484
"p763": 3.7633528463178407E-06
"p764": 0.0010593838262384723
"p765": 0.00032741169762965207
"p766": 4.516023415581409E-05
"p767": 0
"p768": 0.0033399756511070834
"p769": 0.0009803534164657972
"p770": 0.0001505341138527136
"p771": 7.5267056926356815E-06
"p772": 0.0004610107236739354
"p773": 8.843879188846925E-05
"p774": 5.645029269476761E-06
"p775": 0
"p776": 0.00998605677770439
"p777": 0.003221430036448071
"p778": 0.0005927280732950598
"p779": 5.456861627160869E-05
"p780": 0.008582326166027837
"p781": 0.0027434842249657054
"p782": 0.0005099343106760674
"p783": 3.76335284631784E-05
"p784": 4.704191057897301E-05
"p785": 0
"p786": 0
"p787": 0
"p788": 0
"p789": 0
"p790": 0
"p791": 0
"p792": 5.268693984844977E-05
"p793": 0
"p794": 0
"p795": 0
"p796": 0
"p797": 0
"p798": 0
"p799": 0
"p800": 0.0014526541986786862
"p801": 0.0004403122830191875
"p802": 5.080526342529085E-05
"p803": 0
"p804": 5.645029269476761E-06
"p805": 0
"p806": 0
"p807": 0
"p808": 0.011115062631599745
"p809": 0.003633517173119875
"p810": 0.000637888307450874
"p811": 4.8923587002131926E-05
"p812": 0.003641043878812511
"p813": 0.0011271241774721932
"p814": 0.00020886608297064014
"p815": 1.6935087808430286E-05
"p816": 0.001223089675053298
"p817": 0.0003970337252865321
"p818": 6.774035123372114E-05
