"p756": 0
"p757": 0
"p758": 0
"p759": 0
"p760": 0.003196968242947006
"p761": 0.001014223592082658
"p762": 0.00010725555612005845
"p763": 3.7633528463178407E-06
"p764": 0.0021940347094033014
"p765": 0.0006792851887603701
"p766": 9.784717400426385E-05
"p767": 1.8816764231589204E-06
"p768": 0.011002162046210209
"p769": 0.004376779360267649
"p770": 0.001040567062006883
"p771": 0.00014300740816007796
"p772": 6.585867481056221E-05
"p773": 5.645029269476761E-06
"p774": 0
"p775": 0
"p776": 0.008665119928646828
"p777": 0.0032251933892943896
"p778": 0.0007112736879540719
"p779": 7.52670569263568E-05
"p780": 0.010415079002184626
"p781": 0.003347502356799719
"p782": 0.0005852013676024242
"p783": 3.9515204886337324E-05
"p784": 0.009220214473478712
"p785": 0.0038913068430926467
"p786": 0.0008806245660383748
"p787": 8.467543904215141E-05
"p788": 0.0005212243692150209
"p789": 8.655711546531033E-05
"p790": 5.645029269476761E-06
"p791": 0
"p792": 0.010738727346967958
"p793": 0.004335382478958152
"p794": 0.0009239031237710298
"p795": 6.209532196424438E-05
"p796": 0.01259970532947213
"p797": 0.0046420957359330555
"p798": 0.0007997124798425413
"p799": 2.6343469924224884E-05
"p800": 0.007854117390265335
"p801": 0.002568488317611926
"p802": 0.000284133139896997
"p803": 9.408382115794602E-06
"p804": 0
"p805": 0
"p806": 0
"p807": 0
"p808": 0.004075711132562222
"p809": 0.0013040017612491316
"p810": 0.0001467707610063958
"p811": 9.408382115794602E-06
"p812": 0.003183796507984894
"p813": 0.0008730978603457391
"p814": 9.972885042742276E-05
"p815": 1.8816764231589204E-06
"p816": 0.004416294565153987
"p817": 0.0014714709629102755
"p818": 0.00018628596589273313
