"p756": 3.7633528463178407E-06
"p757": 3.7633528463178407E-06
"p758": 0
"p759": 0
"p760": 0.0011666393823585306
"p761": 0.0002483812878569775
"p762": 3.387017561686057E-05
"p763": 1.8816764231589204E-06
"p764": 0.0005024076049834317
"p765": 0.00012795399677480656
"p766": 2.2580117077907045E-05
"p767": 0
"p768": 0.0005833196911792654
"p769": 0.00010349220327374063
"p770": 1.5053411385271363E-05
"p771": 0
"p772": 0
"p773": 0
"p774": 0
"p775": 0
"p776": 0.0001486524374295547
"p777": 3.7633528463178407E-06
"p778": 0
"p779": 0
"p780": 0.00015053411385271363
"p781": 4.704191057897301E-05
"p782": 0
"p783": 0
"p784": 0.0005231060456381798
"p785": 6.021364554108546E-05
"p786": 0
"p787": 0
"p788": 8.27937626189925E-05
"p789": 0
"p790": 0
"p791": 0
"p792": 0.00022015614150959365
"p793": 3.198849919370165E-05
"p794": 1.8816764231589204E-06
"p795": 0
"p796": 0.0002973048748591094
"p797": 0.00010349220327374062
"p798": 2.4461793501065963E-05
"p799": 0
"p800": 0.005099343106760674
"p801": 0.0016220050767629891
"p802": 0.00024085458216434178
"p803": 1.5053411385271363E-05
"p804": 2.2580117077907042E-05
"p805": 0
"p806": 0
"p807": 0
"p808": 0.002702087343656209
"p809": 0.0008204109204972893
"p810": 0.00012607232035164766
"p811": 7.5267056926356815E-06
"p812": 0.0041227530431411944
"p813": 0.0011986278815522323
"p814": 0.0001204272910821709
"p815": 5.645029269476761E-06
"p816": 0.004258233745608636
"p817": 0.0014225473759081437
"p818": 0.00020698440654748124
