"p756": 0
"p757": 0
"p758": 0
"p759": 0
"p760": 0.003674914054429371
"p761": 0.0009897617985815922
"p762": 8.655711546531033E-05
"p763": 5.645029269476761E-06
"p764": 0.0005231060456381798
"p765": 0.00018440428946957417
"p766": 2.8225146347383808E-05
"p767": 1.8816764231589204E-06
"p768": 0.00019569434800852773
"p769": 5.268693984844977E-05
"p770": 7.52670569263568E-06
"p771": 0
"p772": 2.2580117077907045E-05
"p773": 3.7633528463178407E-06
"p774": 0
"p775": 0
"p776": 0.002626820286729853
"p777": 0.0009370748587331423
"p778": 0.00019945770085484557
"p779": 1.5053411385271363E-05
"p780": 0.00042525887163391606
"p781": 0.00015241579027587256
"p782": 2.258011707790704E-05
"p783": 0
"p784": 5.645029269476761E-06
"p785": 5.645029269476761E-06
"p786": 0
"p787": 0
"p788": 0
"p789": 0
"p790": 0
"p791": 0
"p792": 9.408382115794602E-06
"p793": 3.7633528463178407E-06
"p794": 0
"p795": 0
"p796": 0
"p797": 0
"p798": 0
"p799": 0
"p800": 0.00010913723254321737
"p801": 3.575185204001948E-05
"p802": 7.52670569263568E-06
"p803": 0
"p804": 0
"p805": 0
"p806": 0
"p807": 0
"p808": 0.002916598455896326
"p809": 0.0009239031237710298
"p810": 0.00014488908458323683
"p811": 3.7633528463178407E-06
"p812": 0.00019569434800852768
"p813": 6.209532196424436E-05
"p814": 7.52670569263568E-06
"p815": 0
"p816": 0.00016558752523798497
"p817": 3.7633528463178407E-05
"p818": 7.52670569263568E-06
