"p819": 7.5267056926356815E-06
"p820": 0
"p821": 0
"p822": 0
"p823": 0
"p824": 0.003674914054429371
"p825": 0.0009389565351563012
"p826": 0.0001392440553137601
"p827": 7.5267056926356815E-06
"p828": 0.0013924405531376004
"p829": 0.00035187349113071807
"p830": 4.5160234155814084E-05
"p831": 0
"p832": 0.0001034922032737406
"p833": 1.5053411385271363E-05
"p834": 0
"p835": 0
"p836": 0
"p837": 0
"p838": 0
"p839": 0
"p840": 8.843879188846926E-05
"p841": 9.408382115794602E-06
"p842": 0
"p843": 0
"p844": 3.387017561686057E-05
"p845": 5.645029269476761E-06
"p846": 0
"p847": 0
"p848": 1.5053411385271363E-05
"p849": 0
"p850": 0
"p851": 0
"p852": 0
"p853": 0
"p854": 0
"p855": 0
"p856": 0
"p857": 0
"p858": 0
"p859": 0
"p860": 0
"p861": 0
"p862": 0
"p863": 0
"p864": 0.0003594001968233538
"p865": 8.655711546531033E-05
"p866": 5.645029269476761E-06
"p867": 0
"p868": 0
"p869": 0
"p870": 0
"p871": 0
"p872": 0.001066910531931108
"p873": 0.00018816764231589206
"p874": 1.6935087808430286E-05
"p875": 0
"p876": 0.00013548070246744226
"p877": 5.645029269476761E-06
"p878": 0
"p879": 0
"p880": 0.0004760641350592069
"p881": 0.00011666393823585305
