"p819": 6.774035123372113E-05
"p820": 0.011984397139099167
"p821": 0.004696664352204665
"p822": 0.0009596549758110494
"p823": 8.843879188846926E-05
"p824": 0.0036297538202735573
"p825": 0.0010706738847774257
"p826": 0.00016370584881482606
"p827": 9.408382115794602E-06
"p828": 0.0024160725273360533
"p829": 0.0007507888928404091
"p830": 9.032046831162815E-05
"p831": 5.645029269476761E-06
"p832": 7.338538050319791E-05
"p833": 3.7633528463178407E-06
"p834": 0
"p835": 0
"p836": 6.397699838740331E-05
"p837": 3.7633528463178407E-06
"p838": 0
"p839": 0
"p840": 9.408382115794602E-06
"p841": 3.7633528463178407E-06
"p842": 0
"p843": 0
"p844": 9.408382115794602E-06
"p845": 3.7633528463178407E-06
"p846": 0
"p847": 0
"p848": 0
"p849": 0
"p850": 0
"p851": 0
"p852": 1.6935087808430286E-05
"p853": 0
"p854": 0
"p855": 0
"p856": 0
"p857": 0
"p858": 0
"p859": 0
"p860": 0
"p861": 0
"p862": 0
"p863": 0
"p864": 0.0005720296326403117
"p865": 0.00010725555612005845
"p866": 5.645029269476761E-06
"p867": 0
"p868": 0.0002897781691664737
"p869": 6.021364554108545E-05
"p870": 5.645029269476761E-06
"p871": 0
"p872": 0.00044031228301918735
"p873": 6.209532196424438E-05
"p874": 0
"p875": 0
"p876": 7.714873334951573E-05
"p877": 5.645029269476761E-06
"p878": 0
"p879": 0
"p880": 0.000472300782212889
"p881": 6.585867481056221E-05
