"p819": 9.408382115794602E-06
"p820": 0.004610107236739356
"p821": 0.0014714709629102757
"p822": 0.0001862859658927331
"p823": 1.1290058538953523E-05
"p824": 0.000355636843977036
"p825": 9.032046831162818E-05
"p826": 1.1290058538953523E-05
"p827": 0
"p828": 0.0008053575091120178
"p829": 0.0002521446407032953
"p830": 2.2580117077907045E-05
"p831": 0
"p832": 1.5053411385271363E-05
"p833": 3.7633528463178407E-06
"p834": 0
"p835": 0
"p836": 1.8816764231589203E-05
"p837": 3.7633528463178407E-06
"p838": 0
"p839": 0
"p840": 3.7633528463178407E-06
"p841": 0
"p842": 0
"p843": 0
"p844": 0
"p845": 0
"p846": 0
"p847": 0
"p848": 2.2580117077907045E-05
"p849": 3.7633528463178407E-06
"p850": 0
"p851": 0
"p852": 1.1290058538953523E-05
"p853": 3.7633528463178407E-06
"p854": 0
"p855": 0
"p856": 1.8816764231589203E-05
"p857": 0
"p858": 0
"p859": 0
"p860": 3.7633528463178407E-06
"p861": 0
"p862": 0
"p863": 0
"p864": 3.7633528463178407E-06
"p865": 0
"p866": 0
"p867": 0
"p868": 7.5267056926356815E-06
"p869": 0
"p870": 0
"p871": 0
"p872": 0
"p873": 0
"p874": 0
"p875": 0
"p876": 0
"p877": 0
"p878": 0
"p879": 0
"p880": 0
"p881": 0
