"p819": 0
"p820": 0
"p821": 0
"p822": 0
"p823": 0
"p824": 0.0003706902553623073
"p825": 4.327855773265517E-05
"p826": 0
"p827": 0
"p828": 4.327855773265516E-05
"p829": 5.645029269476761E-06
"p830": 0
"p831": 0
"p832": 6.962202765688006E-05
"p833": 1.1290058538953523E-05
"p834": 0
"p835": 0
"p836": 0
"p837": 0
"p838": 0
"p839": 0
"p840": 0.00028601481632015586
"p841": 7.150370408003898E-05
"p842": 1.1290058538953523E-05
"p843": 0
"p844": 7.5267056926356815E-06
"p845": 0
"p846": 0
"p847": 0
"p848": 0
"p849": 0
"p850": 0
"p851": 0
"p852": 0
"p853": 0
"p854": 0
"p855": 0
"p856": 0
"p857": 0
"p858": 0
"p859": 0
"p860": 0
"p861": 0
"p862": 0
"p863": 0
"p864": 0.00010161052685058169
"p865": 2.2580117077907045E-05
"p866": 0
"p867": 0
"p868": 0
"p869": 0
"p870": 0
"p871": 0
"p872": 0.0023558588817949675
"p873": 0.0006341249546045561
"p874": 0.00010537387969689955
"p875": 2.2580117077907045E-05
"p876": 0.0005870830440255832
"p877": 0.00015241579027587253
"p878": 1.1290058538953523E-05
"p879": 0
"p880": 1.8816764231589203E-05
"p881": 0
