"p819": 0
"p820": 7.5267056926356815E-06
"p821": 0
"p822": 0
"p823": 0
"p824": 0.00013171734962112442
"p825": 1.5053411385271363E-05
"p826": 0
"p827": 0
"p828": 0.0002728430813580434
"p829": 3.198849919370165E-05
"p830": 0
"p831": 0
"p832": 1.1290058538953523E-05
"p833": 0
"p834": 0
"p835": 0
"p836": 6.962202765688006E-05
"p837": 1.1290058538953523E-05
"p838": 0
"p839": 0
"p840": 0.00013171734962112442
"p841": 2.258011707790705E-05
"p842": 0
"p843": 0
"p844": 0.00016182417239166713
"p845": 6.021364554108545E-05
"p846": 1.1290058538953523E-05
"p847": 0
"p848": 0
"p849": 0
"p850": 0
"p851": 0
"p852": 0
"p853": 0
"p854": 0
"p855": 0
"p856": 0
"p857": 0
"p858": 0
"p859": 0
"p860": 0
"p861": 0
"p862": 0
"p863": 0
"p864": 0.00014300740816007793
"p865": 1.5053411385271361E-05
"p866": 0
"p867": 0
"p868": 9.596549758110495E-05
"p869": 2.2580117077907045E-05
"p870": 0
"p871": 0
"p872": 0.0017424323678451603
"p873": 0.0004760641350592068
"p874": 6.962202765688005E-05
"p875": 1.1290058538953523E-05
"p876": 0.001136532559587988
"p877": 0.00037069025536230727
"p878": 5.833196911792653E-05
"p879": 1.1290058538953523E-05
"p880": 7.52670569263568E-06
"p881": 0
