"p819": 0
"p820": 0
"p821": 0
"p822": 0
"p823": 0
"p824": 0.008269967879783456
"p825": 0.0027039690200793684
"p826": 0.00047418245863604794
"p827": 1.5053411385271363E-05
"p828": 0.0008110025383814947
"p829": 0.0001994577008548455
"p830": 2.258011707790704E-05
"p831": 0
"p832": 2.2580117077907045E-05
"p833": 0
"p834": 0
"p835": 0
"p836": 0
"p837": 0
"p838": 0
"p839": 0
"p840": 0.0008862695953078516
"p841": 0.00019757602443168666
"p842": 1.6935087808430286E-05
"p843": 0
"p844": 6.774035123372114E-05
"p845": 5.645029269476761E-06
"p846": 0
"p847": 0
"p848": 0
"p849": 0
"p850": 0
"p851": 0
"p852": 0
"p853": 0
"p854": 0
"p855": 0
"p856": 1.6935087808430286E-05
"p857": 0
"p858": 0
"p859": 0
"p860": 0
"p861": 0
"p862": 0
"p863": 0
"p864": 1.6935087808430282E-05
"p865": 0
"p866": 0
"p867": 0
"p868": 0
"p869": 0
"p870": 0
"p871": 0
"p872": 0.0004064421074023268
"p873": 8.843879188846926E-05
"p874": 5.645029269476761E-06
"p875": 0
"p876": 3.951520488633733E-05
"p877": 0
"p878": 0
"p879": 0
"p880": 2.2580117077907045E-05
"p881": 3.7633528463178407E-06
