"p819": 1.8816764231589203E-05
"p820": 3.3870175616860565E-05
"p821": 0
"p822": 0
"p823": 0
"p824": 0.013939458942761286
"p825": 0.005138858311647012
"p826": 0.0008636894782299446
"p827": 4.704191057897301E-05
"p828": 0.005216007044996528
"p829": 0.0018797947467357615
"p830": 0.0003650452260928306
"p831": 4.51602341558141E-05
"p832": 0.0031141744803280125
"p833": 0.0012099179400911857
"p834": 0.00025967134639593104
"p835": 3.0106822770542726E-05
"p836": 0.0004911175464444781
"p837": 0.00011478226181269414
"p838": 5.645029269476761E-06
"p839": 0
"p840": 0.027400972074040204
"p841": 0.013085177846647136
"p842": 0.003714429259315709
"p843": 0.0005908463968719011
"p844": 0.014515251928247914
"p845": 0.006224585607809708
"p846": 0.0014808793450260703
"p847": 0.00012607232035164766
"p848": 0.00020322105370116337
"p849": 3.3870175616860565E-05
"p850": 0
"p851": 0
"p852": 0
"p853": 0
"p854": 0
"p855": 0
"p856": 0.000329293374052811
"p857": 5.6450292694767617E-05
"p858": 5.645029269476761E-06
"p859": 0
"p860": 1.5053411385271363E-05
"p861": 3.7633528463178407E-06
"p862": 0
"p863": 0
"p864": 0.0021507561516706463
"p865": 0.0007037469822614361
"p866": 0.0001392440553137601
"p867": 1.6935087808430282E-05
"p868": 2.6343469924224887E-05
"p869": 0
"p870": 0
"p871": 0
"p872": 0.03952837662129946
"p873": 0.016389401645714202
"p874": 0.0038894251666694887
"p875": 0.0004290222244802339
"p876": 0.013476566542664194
"p877": 0.004711717763589937
"p878": 0.0008411093611520374
"p879": 6.962202765688005E-05
"p880": 0.002017157125626362
"p881": 0.0007714873334951573
