"p819": 5.645029269476761E-06
"p820": 0.0023144620004854717
"p821": 0.0007696056570719984
"p822": 7.714873334951573E-05
"p823": 5.645029269476761E-06
"p824": 8.279376261899248E-05
"p825": 3.575185204001949E-05
"p826": 5.645029269476761E-06
"p827": 0
"p828": 0.0005475678391392458
"p829": 0.00018440428946957417
"p830": 1.5053411385271363E-05
"p831": 0
"p832": 0.006316787752544495
"p833": 0.002583541728997198
"p834": 0.0006341249546045562
"p835": 8.279376261899248E-05
"p836": 0.013653444126441126
"p837": 0.005620567475975696
"p838": 0.0014884060507187058
"p839": 0.0002314462000485472
"p840": 0.0020736074183211302
"p841": 0.0007432621871477736
"p842": 0.0001693508780843028
"p843": 1.8816764231589204E-06
"p844": 0.0051520300466091256
"p845": 0.0014789976686029114
"p846": 0.0002239194943559115
"p847": 5.645029269476761E-06
"p848": 0.007967017975654868
"p849": 0.0033606740917618318
"p850": 0.000709392011530913
"p851": 4.327855773265517E-05
"p852": 0.011736015851242187
"p853": 0.0048321450546721075
"p854": 0.0011440592652806234
"p855": 0.0001110189089663763
"p856": 0.004055012691907473
"p857": 0.00153356628487452
"p858": 0.00028789649274331484
"p859": 9.408382115794602E-06
"p860": 0.008234216027743435
"p861": 0.0030633692169027217
"p862": 0.0005400411334466102
"p863": 1.3171734962112444E-05
"p864": 0.0029504686315131867
"p865": 0.0010593838262384723
"p866": 0.0001448890845832369
"p867": 1.3171734962112444E-05
"p868": 0.009854339428083269
"p869": 0.0032233117128712303
"p870": 0.0004083237838254858
"p871": 1.5053411385271363E-05
"p872": 0.0004911175464444782
"p873": 0.0001486524374295547
"p874": 2.6343469924224884E-05
"p875": 1.8816764231589204E-06
"p876": 0.0008542810961141495
"p877": 0.0002521446407032953
"p878": 3.9515204886337324E-05
"p879": 1.8816764231589204E-06
"p880": 0.002410427498066577
"p881": 0.00092390312377103
