"p819": 1.6935087808430282E-05
"p820": 0.004023024192713772
"p821": 0.0017763025434620202
"p822": 0.00038009863747810193
"p823": 1.6935087808430282E-05
"p824": 0.002957995337205823
"p825": 0.0009088497123857584
"p826": 3.951520488633733E-05
"p827": 1.8816764231589204E-06
"p828": 0.0023558588817949684
"p829": 0.0005870830440255831
"p830": 3.5751852040019496E-05
"p831": 1.8816764231589204E-06
"p832": 0.00037633528463178407
"p833": 7.903040977267466E-05
"p834": 5.645029269476761E-06
"p835": 0
"p836": 0.0006792851887603702
"p837": 0.0002051027301243223
"p838": 2.0698440654748124E-05
"p839": 0
"p840": 4.5160234155814084E-05
"p841": 1.8816764231589204E-06
"p842": 0
"p843": 0
"p844": 7.903040977267465E-05
"p845": 0
"p846": 0
"p847": 0
"p848": 0.0004628924000970944
"p849": 0.00010537387969689954
"p850": 1.1290058538953523E-05
"p851": 0
"p852": 0.0005456861627160868
"p853": 0.00014300740816007793
"p854": 2.2580117077907045E-05
"p855": 0
"p856": 8.843879188846925E-05
"p857": 3.575185204001949E-05
"p858": 0
"p859": 0
"p860": 0.00022203781793275258
"p861": 6.962202765688005E-05
"p862": 0
"p863": 0
"p864": 0.0032383651242565018
"p865": 0.0009690633579268439
"p866": 0.00014488908458323686
"p867": 7.5267056926356815E-06
"p868": 0.002824396311161539
"p869": 0.001017986944928976
"p870": 0.00017875926020009743
"p871": 7.5267056926356815E-06
"p872": 0.0016615202816493264
"p873": 0.0002935415220127916
"p874": 7.5267056926356815E-06
"p875": 0
"p876": 0.0006943386001456416
"p877": 8.279376261899248E-05
"p878": 0
"p879": 0
"p880": 0.004850961818903698
"p881": 0.00168974542799671
