"p819": 4.139688130949625E-05
"p820": 2.2580117077907045E-05
"p821": 3.7633528463178407E-06
"p822": 0
"p823": 0
"p824": 0.004468981505002436
"p825": 0.0014695892864871171
"p826": 0.00020510273012432228
"p827": 1.3171734962112442E-05
"p828": 0.005693952856478893
"p829": 0.001798882660539928
"p830": 0.0003217666683601754
"p831": 2.822514634738381E-05
"p832": 0.002617411904614058
"p833": 0.000969063357926844
"p834": 0.00019945770085484554
"p835": 3.0106822770542726E-05
"p836": 0.00023144620004854718
"p837": 3.3870175616860565E-05
"p838": 0
"p839": 0
"p840": 0.0016107150182240353
"p841": 0.0005513311919855637
"p842": 0.00010725555612005847
"p843": 1.6935087808430282E-05
"p844": 0.001979523597163184
"p845": 0.0007790140391877931
"p846": 0.00016370584881482606
"p847": 1.8816764231589203E-05
"p848": 0.0004214955187875982
"p849": 8.091208619583358E-05
"p850": 5.645029269476761E-06
"p851": 0
"p852": 0
"p853": 0
"p854": 0
"p855": 0
"p856": 1.6935087808430282E-05
"p857": 0
"p858": 0
"p859": 0
"p860": 3.3870175616860565E-05
"p861": 0
"p862": 0
"p863": 0
"p864": 0.03274305143938838
"p865": 0.01439482463716574
"p866": 0.003910123607324237
"p867": 0.0006115448375266493
"p868": 0.0004290222244802338
"p869": 6.962202765688006E-05
"p870": 5.645029269476761E-06
"p871": 0
"p872": 0.03445349530803984
"p873": 0.014778686627490167
"p874": 0.0037370093763936163
"p875": 0.0004083237838254857
"p876": 0.03237047950760292
"p877": 0.012227133397686666
"p878": 0.0025459082005340194
"p879": 0.0002051027301243223
"p880": 0.0129308803799481
"p881": 0.005133213282377534
