"p819": 1.8816764231589207E-05
"p820": 6.0213645541085445E-05
"p821": 2.8225146347383805E-05
"p822": 0
"p823": 0
"p824": 0.0019663518622010717
"p825": 0.0006153081903729669
"p826": 7.526705692635681E-05
"p827": 1.8816764231589204E-06
"p828": 0.002739720872119388
"p829": 0.000970945034350003
"p830": 0.0001486524374295547
"p831": 9.408382115794602E-06
"p832": 0.01479374003887543
"p833": 0.006758981711986841
"p834": 0.0018722680410431262
"p835": 0.0002671980520885667
"p836": 4.7041910578973E-05
"p837": 5.645029269476761E-06
"p838": 0
"p839": 0
"p840": 0.01489346888930286
"p841": 0.006113566698843333
"p842": 0.0014695892864871171
"p843": 0.0001637058488148261
"p844": 0.015047766356001894
"p845": 0.005362777806002923
"p846": 0.0011045440603942864
"p847": 0.00010913723254321738
"p848": 0.012878193440099649
"p849": 0.0065745774225172676
"p850": 0.0020190388020495218
"p851": 0.0003951520488633733
"p852": 0.00048735419359816035
"p853": 8.467543904215141E-05
"p854": 5.645029269476761E-06
"p855": 0
"p856": 0.021246008493887372
"p857": 0.009716977049192665
"p858": 0.0025854234054203573
"p859": 0.0002897781691664737
"p860": 0.01868692855839124
"p861": 0.007795785421147408
"p862": 0.0017273789564598886
"p863": 0.00012983567319796552
"p864": 0.012114232812297131
"p865": 0.00477569476197734
"p866": 0.0009765900636194797
"p867": 4.139688130949625E-05
"p868": 0
"p869": 0
"p870": 0
"p871": 0
"p872": 0.007458965341401962
"p873": 0.0027491292542351827
"p874": 0.0004346672537497106
"p875": 1.1290058538953523E-05
"p876": 0.00571841464997996
"p877": 0.0018553329532346957
"p878": 0.00023332787647170614
"p879": 1.1290058538953523E-05
"p880": 0.009417790497910396
"p881": 0.0035638951454629946
