"p819": 0
"p820": 0.00033870175616860566
"p821": 3.76335284631784E-05
"p822": 0
"p823": 0
"p824": 0.006589630833902541
"p825": 0.0021695729159022345
"p826": 0.00037069025536230727
"p827": 4.139688130949624E-05
"p828": 0.004546130238351951
"p829": 0.001740550691422001
"p830": 0.00035563684397703593
"p831": 4.139688130949624E-05
"p832": 0
"p833": 0
"p834": 0
"p835": 0
"p836": 0
"p837": 0
"p838": 0
"p839": 0
"p840": 3.575185204001949E-05
"p841": 3.7633528463178407E-06
"p842": 0
"p843": 0
"p844": 7.338538050319788E-05
"p845": 1.5053411385271363E-05
"p846": 0
"p847": 0
"p848": 0
"p849": 0
"p850": 0
"p851": 0
"p852": 1.1290058538953523E-05
"p853": 0
"p854": 0
"p855": 0
"p856": 7.714873334951574E-05
"p857": 3.7633528463178407E-06
"p858": 0
"p859": 0
"p860": 0.00011854561465901197
"p861": 1.5053411385271363E-05
"p862": 0
"p863": 0
"p864": 5.645029269476761E-06
"p865": 0
"p866": 0
"p867": 0
"p868": 5.645029269476761E-06
"p869": 0
"p870": 0
"p871": 0
"p872": 0.0003763352846317841
"p873": 6.585867481056221E-05
"p874": 5.645029269476761E-06
"p875": 0
"p876": 0.000284133139896997
"p877": 7.714873334951573E-05
"p878": 5.645029269476761E-06
"p879": 0
"p880": 6.774035123372114E-05
"p881": 5.645029269476761E-06
