"p819": 0
"p820": 0.00028036978705067917
"p821": 6.39769983874033E-05
"p822": 7.5267056926356815E-06
"p823": 0
"p824": 1.8816764231589203E-05
"p825": 1.1290058538953523E-05
"p826": 1.8816764231589204E-06
"p827": 0
"p828": 5.2686939848449775E-05
"p829": 1.8816764231589203E-05
"p830": 1.8816764231589204E-06
"p831": 0
"p832": 0.0005946097497182189
"p833": 0.0001204272910821709
"p834": 1.1290058538953523E-05
"p835": 0
"p836": 0.0006247165724887615
"p837": 0.00015806081954534932
"p838": 2.2580117077907045E-05
"p839": 0
"p840": 0.00017875926020009743
"p841": 1.6935087808430282E-05
"p842": 0
"p843": 0
"p844": 6.209532196424438E-05
"p845": 7.5267056926356815E-06
"p846": 0
"p847": 0
"p848": 0.0011534676473964182
"p849": 0.00037257193178546626
"p850": 6.39769983874033E-05
"p851": 1.1290058538953523E-05
"p852": 0.0008542810961141498
"p853": 0.0003255300212064932
"p854": 5.833196911792653E-05
"p855": 1.1290058538953523E-05
"p856": 0.0007018653058382773
"p857": 0.00014677076100639576
"p858": 5.645029269476761E-06
"p859": 0
"p860": 0.0003236483447833343
"p861": 6.021364554108545E-05
"p862": 0
"p863": 0
"p864": 8.091208619583357E-05
"p865": 7.5267056926356815E-06
"p866": 0
"p867": 0
"p868": 0.0001091372325432174
"p869": 9.408382115794602E-06
"p870": 0
"p871": 0
"p872": 3.7633528463178407E-06
"p873": 0
"p874": 0
"p875": 0
"p876": 0
"p877": 0
"p878": 0
"p879": 0
"p880": 0.0003236483447833343
"p881": 6.774035123372113E-05
