"p819": 1.8816764231589204E-06
"p820": 0.0008317009790362428
"p821": 0.0002107477593937991
"p822": 2.6343469924224884E-05
"p823": 0
"p824": 0.005912227321565329
"p825": 0.002017157125626362
"p826": 0.00031612163909069865
"p827": 1.6935087808430282E-05
"p828": 0.00587459379310215
"p829": 0.002258011707790704
"p830": 0.0004233771952107571
"p831": 1.8816764231589203E-05
"p832": 0
"p833": 0
"p834": 0
"p835": 0
"p836": 7.5267056926356815E-06
"p837": 0
"p838": 0
"p839": 0
"p840": 0.00040079707813285006
"p841": 8.091208619583358E-05
"p842": 5.645029269476761E-06
"p843": 0
"p844": 0.0006905752472993237
"p845": 0.0002051027301243223
"p846": 2.0698440654748124E-05
"p847": 0
"p848": 3.763352846317839E-05
"p849": 0
"p850": 0
"p851": 0
"p852": 0.00016935087808430283
"p853": 1.8816764231589203E-05
"p854": 0
"p855": 0
"p856": 0.0005005259285602729
"p857": 0.00010913723254321738
"p858": 1.1290058538953523E-05
"p859": 0
"p860": 0.0005456861627160869
"p861": 0.00015053411385271363
"p862": 2.2580117077907045E-05
"p863": 0
"p864": 0.000188167642315892
"p865": 3.387017561686056E-05
"p866": 0
"p867": 0
"p868": 0.00016182417239166713
"p869": 2.634346992422488E-05
"p870": 0
"p871": 0
"p872": 0.004397477800922398
"p873": 0.0011835744701669609
"p874": 0.00015241579027587256
"p875": 7.5267056926356815E-06
"p876": 0.0030445524526711318
"p877": 0.0010518571205458368
"p878": 0.00017875926020009743
"p879": 7.5267056926356815E-06
"p880": 0.0008317009790362428
"p881": 0.00021074775939379904
