"p819": 4.139688130949624E-05
"p820": 1.505341138527136E-05
"p821": 0
"p822": 0
"p823": 0
"p824": 0.006004429466300115
"p825": 0.0018892031288515556
"p826": 0.000329293374052811
"p827": 4.139688130949624E-05
"p828": 0.002037855566281111
"p829": 0.0006002547789876956
"p830": 6.021364554108545E-05
"p831": 0
"p832": 7.338538050319788E-05
"p833": 1.5053411385271363E-05
"p834": 0
"p835": 0
"p836": 0
"p837": 0
"p838": 0
"p839": 0
"p840": 3.575185204001949E-05
"p841": 3.7633528463178407E-06
"p842": 0
"p843": 0
"p844": 1.1290058538953523E-05
"p845": 0
"p846": 0
"p847": 0
"p848": 0.00011854561465901197
"p849": 1.5053411385271363E-05
"p850": 0
"p851": 0
"p852": 0
"p853": 0
"p854": 0
"p855": 0
"p856": 8.843879188846926E-05
"p857": 9.408382115794602E-06
"p858": 0
"p859": 0
"p860": 3.387017561686057E-05
"p861": 5.645029269476761E-06
"p862": 0
"p863": 0
"p864": 0.00027848811062752024
"p865": 7.714873334951573E-05
"p866": 5.645029269476761E-06
"p867": 0
"p868": 0
"p869": 0
"p870": 0
"p871": 0
"p872": 0.00042714054805707494
"p873": 6.585867481056221E-05
"p874": 5.645029269476761E-06
"p875": 0
"p876": 6.774035123372114E-05
"p877": 0
"p878": 0
"p879": 0
"p880": 0.0004911175464444781
"p881": 0.00011478226181269414
