"p819": 4.8923587002131926E-05
"p820": 0.009903263015085399
"p821": 0.003656097290197782
"p822": 0.0008279376261899249
"p823": 0.00012607232035164766
"p824": 0.0013134101433649261
"p825": 0.0004327855773265516
"p826": 9.784717400426385E-05
"p827": 1.8816764231589204E-06
"p828": 0.0022203781793275258
"p829": 0.0007018653058382774
"p830": 9.972885042742278E-05
"p831": 5.645029269476761E-06
"p832": 1.8816764231589203E-05
"p833": 3.7633528463178407E-06
"p834": 0
"p835": 0
"p836": 1.1290058538953523E-05
"p837": 3.7633528463178407E-06
"p838": 0
"p839": 0
"p840": 1.5053411385271363E-05
"p841": 0
"p842": 0
"p843": 0
"p844": 3.7633528463178407E-06
"p845": 0
"p846": 0
"p847": 0
"p848": 0
"p849": 0
"p850": 0
"p851": 0
"p852": 0
"p853": 0
"p854": 0
"p855": 0
"p856": 0
"p857": 0
"p858": 0
"p859": 0
"p860": 0
"p861": 0
"p862": 0
"p863": 0
"p864": 7.5267056926356815E-06
"p865": 0
"p866": 0
"p867": 0
"p868": 7.5267056926356815E-06
"p869": 0
"p870": 0
"p871": 0
"p872": 3.7633528463178407E-06
"p873": 0
"p874": 0
"p875": 0
"p876": 0
"p877": 0
"p878": 0
"p879": 0
"p880": 1.5053411385271363E-05
"p881": 3.7633528463178407E-06
