"p819": 0
"p820": 0
"p821": 0
"p822": 0
"p823": 0
"p824": 0.0001279539967748066
"p825": 3.7633528463178407E-05
"p826": 3.7633528463178407E-06
"p827": 0
"p828": 8.655711546531033E-05
"p829": 2.4461793501065963E-05
"p830": 1.8816764231589204E-06
"p831": 0
"p832": 0.0006247165724887615
"p833": 0.00015806081954534932
"p834": 2.2580117077907045E-05
"p835": 0
"p836": 0
"p837": 0
"p838": 0
"p839": 0
"p840": 0.000545686162716087
"p841": 9.22021447347871E-05
"p842": 1.1290058538953523E-05
"p843": 0
"p844": 0.0002408545821643418
"p845": 2.8225146347383805E-05
"p846": 0
"p847": 0
"p848": 0.0008618078018067855
"p849": 0.0003255300212064932
"p850": 5.833196911792653E-05
"p851": 1.1290058538953523E-05
"p852": 3.7633528463178407E-06
"p853": 0
"p854": 0
"p855": 0
"p856": 0.0013623337303670581
"p857": 0.0003180033155138575
"p858": 4.704191057897301E-05
"p859": 1.1290058538953523E-05
"p860": 0.0007432621871477736
"p861": 0.0001862859658927331
"p862": 1.1290058538953523E-05
"p863": 0
"p864": 0.0001091372325432174
"p865": 9.408382115794602E-06
"p866": 0
"p867": 0
"p868": 0
"p869": 0
"p870": 0
"p871": 0
"p872": 6.774035123372113E-05
"p873": 7.5267056926356815E-06
"p874": 0
"p875": 0
"p876": 1.6935087808430282E-05
"p877": 0
"p878": 0
"p879": 0
"p880": 0.00043090390090339274
"p881": 0.00013359902604428335
