"p819": 4.139688130949624E-05
"p820": 0.0004911175464444781
"p821": 0.00011478226181269414
"p822": 5.645029269476761E-06
"p823": 0
"p824": 0.03588545106606379
"p825": 0.01641198176279211
"p826": 0.00434102750822763
"p827": 0.0006548233952593045
"p828": 0.01399779091187921
"p829": 0.005806853441868428
"p830": 0.001302120084825973
"p831": 0.00010349220327374063
"p832": 0
"p833": 0
"p834": 0
"p835": 0
"p836": 0
"p837": 0
"p838": 0
"p839": 0
"p840": 0.00010725555612005844
"p841": 1.6935087808430282E-05
"p842": 0
"p843": 0
"p844": 3.198849919370165E-05
"p845": 7.5267056926356815E-06
"p846": 0
"p847": 0
"p848": 5.645029269476761E-06
"p849": 0
"p850": 0
"p851": 0
"p852": 0
"p853": 0
"p854": 0
"p855": 0
"p856": 0.00013359902604428333
"p857": 3.7633528463178407E-06
"p858": 0
"p859": 0
"p860": 2.6343469924224887E-05
"p861": 3.7633528463178407E-06
"p862": 0
"p863": 0
"p864": 5.645029269476761E-06
"p865": 0
"p866": 0
"p867": 0
"p868": 0
"p869": 0
"p870": 0
"p871": 0
"p872": 0.000686811894453006
"p873": 0.00011666393823585307
"p874": 1.1290058538953523E-05
"p875": 0
"p876": 9.408382115794602E-06
"p877": 0
"p878": 0
"p879": 0
"p880": 1.5053411385271363E-05
"p881": 0
