"p819": 3.1988499193701654E-05
"p820": 0.010887379784397513
"p821": 0.004329737449688676
"p822": 0.0007884224213035877
"p823": 4.704191057897301E-05
"p824": 0.0020190388020495213
"p825": 0.0006021364554108545
"p826": 7.714873334951574E-05
"p827": 7.5267056926356815E-06
"p828": 0.00472488949855205
"p829": 0.0014300740816007794
"p830": 0.0001938126715853688
"p831": 1.3171734962112444E-05
"p832": 0.012434117804234148
"p833": 0.00615308190372967
"p834": 0.001772539190615703
"p835": 0.0002502629642801364
"p836": 0.013916878825683376
"p837": 0.0070525232339996346
"p838": 0.002156401180940123
"p839": 0.0004102054602486447
"p840": 0.009178817592169214
"p841": 0.003992917369943229
"p842": 0.0009464832408489372
"p843": 3.951520488633732E-05
"p844": 0.01052986126399732
"p845": 0.004239416981377048
"p846": 0.0008448727139983553
"p847": 4.1396881309496255E-05
"p848": 3.7633528463178407E-05
"p849": 5.645029269476761E-06
"p850": 0
"p851": 0
"p852": 0.00039703372528653215
"p853": 7.150370408003898E-05
"p854": 5.645029269476761E-06
"p855": 0
"p856": 0
"p857": 0
"p858": 0
"p859": 0
"p860": 2.6343469924224884E-05
"p861": 1.1290058538953523E-05
"p862": 0
"p863": 0
"p864": 0.015296147643858865
"p865": 0.006309261046851861
"p866": 0.0014225473759081437
"p867": 0.00015617914312219042
"p868": 0.02858454654420717
"p869": 0.012074717607410794
"p870": 0.0029316518672815985
"p871": 0.0003368200797454468
"p872": 0.0066046842452878105
"p873": 0.0024819312021466164
"p874": 0.00048170916432868367
"p875": 1.1290058538953523E-05
"p876": 0.006836130445336359
"p877": 0.0021375844167085337
"p878": 0.00034622846186124133
"p879": 1.3171734962112444E-05
"p880": 0.012302400454613022
"p881": 0.004373016007421331
