"p819": 0
"p820": 0
"p821": 0
"p822": 0
"p823": 0
"p824": 0.001853451276811536
"p825": 0.0004534840179812998
"p826": 7.150370408003898E-05
"p827": 0
"p828": 0.0004892358700213193
"p829": 9.972885042742277E-05
"p830": 1.1290058538953521E-05
"p831": 0
"p832": 0.0002427362585875007
"p833": 6.585867481056221E-05
"p834": 5.645029269476761E-06
"p835": 0
"p836": 0
"p837": 0
"p838": 0
"p839": 0
"p840": 0.0003876253431707376
"p841": 6.021364554108545E-05
"p842": 5.645029269476761E-06
"p843": 0
"p844": 7.33853805031979E-05
"p845": 0
"p846": 0
"p847": 0
"p848": 0.00031988499193701646
"p849": 7.526705692635681E-05
"p850": 5.645029269476761E-06
"p851": 0
"p852": 0
"p853": 0
"p854": 0
"p855": 0
"p856": 0.000999170180697387
"p857": 0.00018252261304641527
"p858": 1.6935087808430286E-05
"p859": 0
"p860": 0.0001298356731979655
"p861": 5.645029269476761E-06
"p862": 0
"p863": 0
"p864": 6.021364554108545E-05
"p865": 1.6935087808430286E-05
"p866": 0
"p867": 0
"p868": 0
"p869": 0
"p870": 0
"p871": 0
"p872": 6.209532196424438E-05
"p873": 1.3171734962112444E-05
"p874": 0
"p875": 0
"p876": 5.645029269476761E-06
"p877": 1.8816764231589204E-06
"p878": 0
"p879": 0
"p880": 0.0002935415220127916
"p881": 6.209532196424438E-05
