"p819": 0.0003763352846317841
"p820": 0.0003970337252865322
"p821": 6.774035123372113E-05
"p822": 5.645029269476761E-06
"p823": 0
"p824": 0.021140634614190475
"p825": 0.009410263792217762
"p826": 0.002421717556605531
"p827": 0.0002766064342043613
"p828": 0.016344241411558387
"p829": 0.006615974303826764
"p830": 0.0014037306116765548
"p831": 0.00010161052685058171
"p832": 7.714873334951574E-05
"p833": 1.5053411385271363E-05
"p834": 0
"p835": 0
"p836": 0
"p837": 0
"p838": 0
"p839": 0
"p840": 3.3870175616860565E-05
"p841": 1.8816764231589204E-06
"p842": 0
"p843": 0
"p844": 3.9515204886337324E-05
"p845": 7.5267056926356815E-06
"p846": 0
"p847": 0
"p848": 8.091208619583358E-05
"p849": 3.7633528463178407E-06
"p850": 0
"p851": 0
"p852": 0
"p853": 0
"p854": 0
"p855": 0
"p856": 5.645029269476761E-05
"p857": 3.7633528463178407E-06
"p858": 0
"p859": 0
"p860": 3.575185204001949E-05
"p861": 7.5267056926356815E-06
"p862": 0
"p863": 0
"p864": 0.00024461793501065964
"p865": 5.268693984844977E-05
"p866": 5.645029269476761E-06
"p867": 0
"p868": 0
"p869": 0
"p870": 0
"p871": 0
"p872": 0.0004948808992907961
"p873": 6.39769983874033E-05
"p874": 5.645029269476761E-06
"p875": 0
"p876": 5.2686939848449775E-05
"p877": 0
"p878": 0
"p879": 0
"p880": 0.00039703372528653215
"p881": 6.774035123372113E-05
