"p819": 4.8923587002131926E-05
"p820": 0.00011290058538953522
"p821": 3.198849919370165E-05
"p822": 0
"p823": 0
"p824": 0.0018308711597336295
"p825": 0.0005475678391392458
"p826": 0.00011290058538953522
"p827": 1.3171734962112444E-05
"p828": 0.0029071900737805308
"p829": 0.0008373460083057197
"p830": 0.0001298356731979655
"p831": 3.0106822770542726E-05
"p832": 0.006593394186748858
"p833": 0.0026475187273846
"p834": 0.0005833196911792654
"p835": 5.456861627160869E-05
"p836": 0.00040644210740232675
"p837": 6.585867481056221E-05
"p838": 5.645029269476761E-06
"p839": 0
"p840": 0.006871882297376378
"p841": 0.002732194166426752
"p842": 0.0006115448375266492
"p843": 4.3278557732655166E-05
"p844": 0.011150814483639762
"p845": 0.004389951095229761
"p846": 0.0008561627725373087
"p847": 3.387017561686057E-05
"p848": 6.774035123372113E-05
"p849": 5.645029269476761E-06
"p850": 0
"p851": 0
"p852": 2.8225146347383805E-05
"p853": 0
"p854": 0
"p855": 0
"p856": 1.8816764231589204E-06
"p857": 0
"p858": 0
"p859": 0
"p860": 3.7633528463178407E-06
"p861": 0
"p862": 0
"p863": 0
"p864": 0.014737289746180667
"p865": 0.005319499248270268
"p866": 0.0010368037091605651
"p867": 8.655711546531035E-05
"p868": 2.6343469924224884E-05
"p869": 1.8816764231589204E-06
"p870": 0
"p871": 0
"p872": 0.008855169247385882
"p873": 0.003311750504759699
"p874": 0.0006548233952593044
"p875": 5.645029269476761E-05
"p876": 0.00957208796460943
"p877": 0.003176269802292257
"p878": 0.000521224369215021
"p879": 3.3870175616860565E-05
"p880": 0.009816705899620089
"p881": 0.003686204112968325
