"p819": 5.645029269476761E-06
"p820": 3.7633528463178407E-06
"p821": 0
"p822": 0
"p823": 0
"p824": 0.0016652836344956444
"p825": 0.00040079707813285006
"p826": 6.021364554108546E-05
"p827": 5.645029269476761E-06
"p828": 0.0012155629693606622
"p829": 0.00023144620004854715
"p830": 2.2580117077907045E-05
"p831": 0
"p832": 0.0004158504895181215
"p833": 0.00012795399677480656
"p834": 2.2580117077907045E-05
"p835": 0
"p836": 1.1290058538953521E-05
"p837": 0
"p838": 0
"p839": 0
"p840": 0.0004196138423644393
"p841": 7.714873334951573E-05
"p842": 0
"p843": 0
"p844": 0.00033117505047597004
"p845": 0.0001223089675053298
"p846": 1.1290058538953523E-05
"p847": 0
"p848": 0.00011854561465901199
"p849": 1.5053411385271363E-05
"p850": 0
"p851": 0
"p852": 0
"p853": 0
"p854": 0
"p855": 0
"p856": 5.645029269476761E-06
"p857": 0
"p858": 0
"p859": 0
"p860": 3.7633528463178407E-06
"p861": 0
"p862": 0
"p863": 0
"p864": 0.003121701186020648
"p865": 0.0011591126766658947
"p866": 0.0002408545821643418
"p867": 4.139688130949624E-05
"p868": 1.505341138527136E-05
"p869": 0
"p870": 0
"p871": 0
"p872": 0.006917042531532192
"p873": 0.0020058670670874087
"p874": 0.0003274116976296521
"p875": 4.139688130949624E-05
"p876": 0.002075489094744289
"p877": 0.0005155793399455442
"p878": 3.7633528463178407E-05
"p879": 0
"p880": 0.004021142516290613
"p881": 0.0014677076100639579
