"p819": 0.0002559079935496132
"p820": 0.000660468424528781
"p821": 0.00011478226181269414
"p822": 5.645029269476761E-06
"p823": 0
"p824": 0.013820913328102273
"p825": 0.004931873905099531
"p826": 0.0008787428896152158
"p827": 5.833196911792652E-05
"p828": 0.02034844884004057
"p829": 0.007967017975654871
"p830": 0.0018101727190788818
"p831": 0.0002163927886632758
"p832": 0.004126516395987511
"p833": 0.0015918982539924467
"p834": 0.0003330567268991289
"p835": 1.8816764231589203E-05
"p836": 0
"p837": 0
"p838": 0
"p839": 0
"p840": 0.001486524374295547
"p841": 0.00047041910578973014
"p842": 6.39769983874033E-05
"p843": 0
"p844": 0.0013604520539438993
"p845": 0.0004346672537497107
"p846": 5.645029269476761E-05
"p847": 0
"p848": 0.0027002056672330507
"p849": 0.0009653000050805262
"p850": 0.0001938126715853688
"p851": 3.0106822770542726E-05
"p852": 0.00023144620004854718
"p853": 3.3870175616860565E-05
"p854": 0
"p855": 0
"p856": 0.0016163600474935122
"p857": 0.0005513311919855637
"p858": 0.00010725555612005847
"p859": 1.6935087808430282E-05
"p860": 0.0019908136557021372
"p861": 0.0007790140391877931
"p862": 0.00016370584881482606
"p863": 1.8816764231589203E-05
"p864": 0.02297903247961674
"p865": 0.0096925152556916
"p866": 0.0024198358801823723
"p867": 0.00028601481632015597
"p868": 4.7041910578973E-05
"p869": 5.645029269476761E-06
"p870": 0
"p871": 0
"p872": 0.020660807126284954
"p873": 0.007948201211423278
"p874": 0.0017236156036135714
"p875": 0.0001731142309306207
"p876": 0.019334225247957908
"p877": 0.006510600424129862
"p878": 0.0012437881157080467
"p879": 0.00011854561465901199
"p880": 0.019176164428412558
"p881": 0.009120485623051289
