"p819": 6.774035123372113E-05
"p820": 0.00047230078221288896
"p821": 6.585867481056221E-05
"p822": 5.645029269476761E-06
"p823": 0
"p824": 0.005118159870992263
"p825": 0.0014677076100639579
"p826": 0.0002521446407032953
"p827": 1.8816764231589203E-05
"p828": 0.009649236697958944
"p829": 0.003193204890100688
"p830": 0.0005927280732950598
"p831": 4.51602341558141E-05
"p832": 0.0018214627776178345
"p833": 0.0005061709578297496
"p834": 6.585867481056221E-05
"p835": 1.8816764231589204E-06
"p836": 0
"p837": 0
"p838": 0
"p839": 0
"p840": 0.0007714873334951573
"p841": 0.00021827446508643477
"p842": 1.8816764231589203E-05
"p843": 0
"p844": 0.0007225637464930252
"p845": 0.00019945770085484557
"p846": 1.6935087808430282E-05
"p847": 0
"p848": 0.0011967462051290733
"p849": 0.00033305672689912887
"p850": 2.6343469924224884E-05
"p851": 0
"p852": 0.00024273625858750077
"p853": 1.6935087808430282E-05
"p854": 0
"p855": 0
"p856": 0.0006265982489119205
"p857": 0.00018816764231589203
"p858": 1.3171734962112442E-05
"p859": 0
"p860": 0.0008072391855351768
"p861": 0.00026907972851172564
"p862": 4.139688130949625E-05
"p863": 0
"p864": 0.015207708851970396
"p865": 0.0055170752727019545
"p866": 0.001253196497823841
"p867": 0.00016935087808430286
"p868": 5.268693984844976E-05
"p869": 5.645029269476761E-06
"p870": 0
"p871": 0
"p872": 0.009425317203603033
"p873": 0.0033587924153386725
"p874": 0.0007752506863414752
"p875": 9.596549758110493E-05
"p876": 0.011803756202475911
"p877": 0.0036598606430440998
"p878": 0.0006905752472993237
"p879": 5.456861627160869E-05
"p880": 0.011984397139099165
"p881": 0.0046966643522046644
