"p819": 0
"p820": 1.1290058538953523E-05
"p821": 0
"p822": 0
"p823": 0
"p824": 0.0053401976889250165
"p825": 0.0017273789564598888
"p826": 0.0003763352846317841
"p827": 5.645029269476761E-05
"p828": 0.0015467380198366325
"p829": 0.00040267875455600894
"p830": 6.021364554108546E-05
"p831": 1.8816764231589203E-05
"p832": 0.0005550945448318814
"p833": 8.843879188846926E-05
"p834": 3.7633528463178407E-06
"p835": 0
"p836": 0
"p837": 0
"p838": 0
"p839": 0
"p840": 0.0018854397760052384
"p841": 0.00048735419359816035
"p842": 3.951520488633733E-05
"p843": 0
"p844": 0.0005099343106760674
"p845": 0.00013359902604428335
"p846": 1.1290058538953523E-05
"p847": 0
"p848": 0
"p849": 0
"p850": 0
"p851": 0
"p852": 0
"p853": 0
"p854": 0
"p855": 0
"p856": 0.00010161052685058169
"p857": 5.645029269476761E-06
"p858": 0
"p859": 0
"p860": 0
"p861": 0
"p862": 0
"p863": 0
"p864": 0.0049544540221774375
"p865": 0.0016427035174177375
"p866": 0.0002973048748591094
"p867": 7.5267056926356815E-06
"p868": 0.000496762575713955
"p869": 0.00011666393823585305
"p870": 5.645029269476761E-06
"p871": 0
"p872": 0.034858055739019
"p873": 0.012449171215619418
"p874": 0.0025703699940350854
"p875": 0.00021827446508643477
"p876": 0.016511710613219533
"p877": 0.006198242137885484
"p878": 0.0012607232035164765
"p879": 6.774035123372113E-05
"p880": 0.0006247165724887615
"p881": 0.0001223089675053298
