"p819": 4.327855773265516E-05
"p820": 1.5053411385271363E-05
"p821": 3.7633528463178407E-06
"p822": 0
"p823": 0
"p824": 0.001539211314143997
"p825": 0.0004365489301728695
"p826": 0.0001016105268505817
"p827": 1.3171734962112444E-05
"p828": 0.0024442976736834374
"p829": 0.0006510600424129865
"p830": 0.00010537387969689954
"p831": 2.4461793501065966E-05
"p832": 0.0011967462051290733
"p833": 0.00033305672689912887
"p834": 2.6343469924224884E-05
"p835": 0
"p836": 0.00024273625858750077
"p837": 1.6935087808430282E-05
"p838": 0
"p839": 0
"p840": 0.0006265982489119205
"p841": 0.00018816764231589203
"p842": 1.3171734962112442E-05
"p843": 0
"p844": 0.0008072391855351768
"p845": 0.00026907972851172564
"p846": 4.139688130949625E-05
"p847": 0
"p848": 0.00010161052685058169
"p849": 5.645029269476761E-06
"p850": 0
"p851": 0
"p852": 0
"p853": 0
"p854": 0
"p855": 0
"p856": 0
"p857": 0
"p858": 0
"p859": 0
"p860": 0
"p861": 0
"p862": 0
"p863": 0
"p864": 0.020604356833590177
"p865": 0.007353591461705062
"p866": 0.0014978144328345003
"p867": 0.0001298356731979655
"p868": 0.0004327855773265517
"p869": 6.774035123372114E-05
"p870": 5.645029269476761E-06
"p871": 0
"p872": 0.015121151736505085
"p873": 0.005502021861316684
"p874": 0.0011704027352048487
"p875": 9.22021447347871E-05
"p876": 0.019973995231831944
"p877": 0.007003599646997501
"p878": 0.0012889483498638606
"p879": 6.0213645541085445E-05
"p880": 0.0085428109611415
"p881": 0.003215785007178594
