"p819": 0
"p820": 0.00026343469924224885
"p821": 3.010682277054273E-05
"p822": 0
"p823": 0
"p824": 1.1290058538953523E-05
"p825": 1.8816764231589204E-06
"p826": 0
"p827": 0
"p828": 1.5053411385271363E-05
"p829": 1.8816764231589204E-06
"p830": 0
"p831": 0
"p832": 0.0001204272910821709
"p833": 2.258011707790705E-05
"p834": 0
"p835": 0
"p836": 0.00016182417239166713
"p837": 6.021364554108545E-05
"p838": 1.1290058538953523E-05
"p839": 0
"p840": 1.5053411385271363E-05
"p841": 3.7633528463178407E-06
"p842": 0
"p843": 0
"p844": 0.00010725555612005845
"p845": 3.763352846317841E-05
"p846": 0
"p847": 0
"p848": 0
"p849": 0
"p850": 0
"p851": 0
"p852": 0
"p853": 0
"p854": 0
"p855": 0
"p856": 0
"p857": 0
"p858": 0
"p859": 0
"p860": 0
"p861": 0
"p862": 0
"p863": 0
"p864": 0.0012663682327859534
"p865": 0.00038950701959389653
"p866": 6.39769983874033E-05
"p867": 1.1290058538953523E-05
"p868": 0.000989761798581592
"p869": 0.0003443467854380824
"p870": 5.833196911792653E-05
"p871": 1.1290058538953523E-05
"p872": 0.0007206820700698665
"p873": 0.00014865243742955467
"p874": 5.645029269476761E-06
"p875": 0
"p876": 0.00033117505047596993
"p877": 5.833196911792653E-05
"p878": 0
"p879": 0
"p880": 0.00041961384236443927
"p881": 6.962202765688005E-05
