"p819": 5.645029269476761E-06
"p820": 0.003832974873974721
"p821": 0.001130887530318511
"p822": 0.00018252261304641527
"p823": 7.5267056926356815E-06
"p824": 0.005522720301971431
"p825": 0.0018609779825041722
"p826": 0.000353755167553877
"p827": 2.6343469924224887E-05
"p828": 0.013672260890672715
"p829": 0.004937518934369007
"p830": 0.001017986944928976
"p831": 0.00010349220327374063
"p832": 0
"p833": 0
"p834": 0
"p835": 0
"p836": 0.00019757602443168674
"p837": 1.8816764231589204E-06
"p838": 0
"p839": 0
"p840": 0.0004760641350592069
"p841": 0.00012230896750532982
"p842": 1.3171734962112442E-05
"p843": 0
"p844": 0.0024649961143381857
"p845": 0.0006774035123372113
"p846": 7.714873334951573E-05
"p847": 1.8816764231589204E-06
"p848": 0.00016370584881482606
"p849": 5.080526342529086E-05
"p850": 0
"p851": 0
"p852": 0.0008260559497667661
"p853": 0.00010537387969689955
"p854": 3.7633528463178407E-06
"p855": 0
"p856": 0.0005381594570234513
"p857": 0.00012607232035164768
"p858": 1.3171734962112442E-05
"p859": 0
"p860": 0.0015918982539924464
"p861": 0.0004610107236739355
"p862": 3.7633528463178407E-05
"p863": 0
"p864": 0.0007319721286088201
"p865": 0.0001599424959685082
"p866": 1.8816764231589207E-05
"p867": 0
"p868": 0.0019362450394305294
"p869": 0.0004102054602486446
"p870": 1.8816764231589207E-05
"p871": 0
"p872": 0.009865629486622219
"p873": 0.0035977653210798556
"p874": 0.00078465906845727
"p875": 8.655711546531033E-05
"p876": 0.02328574573659164
"p877": 0.008360288348095083
"p878": 0.0018308711597336295
"p879": 0.00023332787647170614
"p880": 0.002508274672070841
"p881": 0.0009182580945015531
