"p819": 7.5267056926356815E-06
"p820": 0.004021142516290613
"p821": 0.0015467380198366325
"p822": 0.0003010682277054273
"p823": 7.5267056926356815E-06
"p824": 0.0014921694035650239
"p825": 0.00030106822770542725
"p826": 1.8816764231589203E-05
"p827": 0
"p828": 0.0006811668651835292
"p829": 0.00012419064392848875
"p830": 1.1290058538953521E-05
"p831": 0
"p832": 0.00041208713667180354
"p833": 9.408382115794603E-05
"p834": 1.1290058538953523E-05
"p835": 0
"p836": 0.000259671346395931
"p837": 6.39769983874033E-05
"p838": 5.645029269476761E-06
"p839": 0
"p840": 0.00034434678543808245
"p841": 2.8225146347383805E-05
"p842": 0
"p843": 0
"p844": 0.00011854561465901199
"p845": 5.645029269476761E-06
"p846": 0
"p847": 0
"p848": 0
"p849": 0
"p850": 0
"p851": 0
"p852": 1.6935087808430286E-05
"p853": 0
"p854": 0
"p855": 0
"p856": 0
"p857": 0
"p858": 0
"p859": 0
"p860": 5.645029269476761E-06
"p861": 0
"p862": 0
"p863": 0
"p864": 0.0001956943480085277
"p865": 4.892358700213193E-05
"p866": 5.645029269476761E-06
"p867": 0
"p868": 0.0001204272910821709
"p869": 2.8225146347383808E-05
"p870": 0
"p871": 0
"p872": 0.00013548070246744226
"p873": 7.5267056926356815E-06
"p874": 0
"p875": 0
"p876": 2.8225146347383805E-05
"p877": 1.8816764231589204E-06
"p878": 0
"p879": 0
"p880": 0.0004610107236739354
"p881": 8.843879188846925E-05
