"p819": 0
"p820": 0
"p821": 0
"p822": 0
"p823": 0
"p824": 0.0008279376261899247
"p825": 0.000259671346395931
"p826": 3.3870175616860565E-05
"p827": 0
"p828": 0.0005814380147561064
"p829": 0.00015994249596850823
"p830": 1.1290058538953523E-05
"p831": 0
"p832": 0.0021601645337864404
"p833": 0.0008128842148046536
"p834": 0.00015994249596850823
"p835": 7.5267056926356815E-06
"p836": 0
"p837": 0
"p838": 0
"p839": 0
"p840": 0.0034660479714587315
"p841": 0.0009088497123857585
"p842": 0.00011854561465901197
"p843": 7.5267056926356815E-06
"p844": 0.0011233608246258755
"p845": 0.00021262943581695798
"p846": 2.258011707790704E-05
"p847": 0
"p848": 0.00224672164925175
"p849": 0.0009370748587331422
"p850": 0.00022580117077907044
"p851": 4.139688130949624E-05
"p852": 1.88167642315892E-05
"p853": 0
"p854": 0
"p855": 0
"p856": 0.006081578199649633
"p857": 0.0018948481581210325
"p858": 0.00031988499193701646
"p859": 4.139688130949624E-05
"p860": 0.0016427035174177373
"p861": 0.000472300782212889
"p862": 3.7633528463178407E-05
"p863": 0
"p864": 0.0009257848001941889
"p865": 0.0002878964927433148
"p866": 3.0106822770542726E-05
"p867": 0
"p868": 0
"p869": 0
"p870": 0
"p871": 0
"p872": 0.0008015941562657
"p873": 0.00019757602443168663
"p874": 2.2580117077907045E-05
"p875": 0
"p876": 0.00023709122931802394
"p877": 5.833196911792653E-05
"p878": 0
"p879": 0
"p880": 0.002532736465571906
"p881": 0.0008712161839225801
