"p819": 0
"p820": 4.327855773265517E-05
"p821": 5.645029269476761E-06
"p822": 0
"p823": 0
"p824": 0.00024085458216434178
"p825": 3.951520488633733E-05
"p826": 1.8816764231589204E-06
"p827": 0
"p828": 0.00040079707813285006
"p829": 7.33853805031979E-05
"p830": 7.5267056926356815E-06
"p831": 0
"p832": 0.00011666393823585305
"p833": 1.317173496211244E-05
"p834": 0
"p835": 0
"p836": 5.645029269476761E-05
"p837": 1.1290058538953523E-05
"p838": 0
"p839": 0
"p840": 0.0014018489352533954
"p841": 0.0004120871366718036
"p842": 6.0213645541085445E-05
"p843": 1.1290058538953523E-05
"p844": 0.0008279376261899249
"p845": 0.00028036978705067917
"p846": 4.8923587002131926E-05
"p847": 1.1290058538953523E-05
"p848": 0
"p849": 0
"p850": 0
"p851": 0
"p852": 7.5267056926356815E-06
"p853": 0
"p854": 0
"p855": 0
"p856": 5.645029269476761E-06
"p857": 0
"p858": 0
"p859": 0
"p860": 2.6343469924224887E-05
"p861": 3.7633528463178407E-06
"p862": 0
"p863": 0
"p864": 2.634346992422489E-05
"p865": 1.8816764231589204E-06
"p866": 0
"p867": 0
"p868": 3.575185204001949E-05
"p869": 1.1290058538953523E-05
"p870": 0
"p871": 0
"p872": 0.00035187349113071807
"p873": 6.39769983874033E-05
"p874": 9.4083821157946E-06
"p875": 0
"p876": 0.00030671325697490405
"p877": 9.032046831162815E-05
"p878": 9.4083821157946E-06
"p879": 0
"p880": 1.8816764231589203E-05
"p881": 0
