"p819": 0
"p820": 0.00030483158055174506
"p821": 9.032046831162818E-05
"p822": 1.505341138527136E-05
"p823": 0
"p824": 0.005133213282377534
"p825": 0.0014244290523313023
"p826": 0.0001956943480085277
"p827": 7.5267056926356815E-06
"p828": 0.004171676630143327
"p829": 0.001576844842607175
"p830": 0.0003010682277054273
"p831": 7.5267056926356815E-06
"p832": 5.080526342529085E-05
"p833": 5.645029269476761E-06
"p834": 0
"p835": 0
"p836": 2.2580117077907045E-05
"p837": 0
"p838": 0
"p839": 0
"p840": 0.0005983731025645366
"p841": 0.00011666393823585307
"p842": 1.1290058538953523E-05
"p843": 0
"p844": 0.0003274116976296521
"p845": 6.962202765688006E-05
"p846": 5.645029269476761E-06
"p847": 0
"p848": 0
"p849": 0
"p850": 0
"p851": 0
"p852": 0
"p853": 0
"p854": 0
"p855": 0
"p856": 0
"p857": 0
"p858": 0
"p859": 0
"p860": 1.6935087808430286E-05
"p861": 0
"p862": 0
"p863": 0
"p864": 2.2580117077907045E-05
"p865": 0
"p866": 0
"p867": 0
"p868": 1.6935087808430282E-05
"p869": 0
"p870": 0
"p871": 0
"p872": 0.0002747247577812024
"p873": 5.45686162716087E-05
"p874": 5.645029269476761E-06
"p875": 0
"p876": 0.00015994249596850823
"p877": 2.8225146347383808E-05
"p878": 0
"p879": 0
"p880": 9.408382115794602E-06
"p881": 0
