"p819": 3.3870175616860565E-05
"p820": 6.39769983874033E-05
"p821": 2.2580117077907042E-05
"p822": 0
"p823": 0
"p824": 0.00426952380414759
"p825": 0.0014488908458323688
"p826": 0.00022580117077907044
"p827": 1.3171734962112444E-05
"p828": 0.0029278885144352787
"p829": 0.0009897617985815922
"p830": 0.00010349220327374062
"p831": 3.7633528463178407E-06
"p832": 0.00018628596589273313
"p833": 4.1396881309496255E-05
"p834": 5.645029269476761E-06
"p835": 0
"p836": 0
"p837": 0
"p838": 0
"p839": 0
"p840": 0.00043090390090339274
"p841": 5.8331969117926534E-05
"p842": 5.645029269476761E-06
"p843": 0
"p844": 5.2686939848449775E-05
"p845": 0
"p846": 0
"p847": 0
"p848": 0.00023332787647170614
"p849": 4.892358700213193E-05
"p850": 5.645029269476761E-06
"p851": 0
"p852": 0
"p853": 0
"p854": 0
"p855": 0
"p856": 0.0009784717400426386
"p857": 0.00016370584881482606
"p858": 5.645029269476761E-06
"p859": 0
"p860": 6.0213645541085445E-05
"p861": 5.645029269476761E-06
"p862": 0
"p863": 0
"p864": 9.032046831162818E-05
"p865": 1.8816764231589203E-05
"p866": 0
"p867": 0
"p868": 0
"p869": 0
"p870": 0
"p871": 0
"p872": 0.00010913723254321737
"p873": 1.6935087808430282E-05
"p874": 0
"p875": 0
"p876": 3.7633528463178407E-06
"p877": 3.7633528463178407E-06
"p878": 0
"p879": 0
"p880": 0.00031423996266753966
"p881": 4.516023415581409E-05
