"p819": 0
"p820": 0.0006228348960656026
"p821": 0.00022203781793275258
"p822": 5.2686939848449775E-05
"p823": 1.1290058538953523E-05
"p824": 0.0005118159870992265
"p825": 0.00017311423093062066
"p826": 2.6343469924224887E-05
"p827": 5.645029269476761E-06
"p828": 0.0024029007923739407
"p829": 0.0008166475676509715
"p830": 8.27937626189925E-05
"p831": 5.645029269476761E-06
"p832": 0.0006811668651835292
"p833": 0.0001580608195453493
"p834": 1.8816764231589207E-05
"p835": 0
"p836": 0.0017687758377693853
"p837": 0.00036504522609283053
"p838": 1.8816764231589207E-05
"p839": 0
"p840": 0.007645251307294694
"p841": 0.0030483158055174507
"p842": 0.0007319721286088201
"p843": 8.467543904215141E-05
"p844": 0.016077043359469818
"p845": 0.006390173133047694
"p846": 0.0016163600474935124
"p847": 0.0002314462000485472
"p848": 0.002504511319224523
"p849": 0.0009182580945015531
"p850": 0.00012607232035164763
"p851": 5.645029269476761E-06
"p852": 0.004124634719564355
"p853": 0.0014714709629102757
"p854": 0.0002841331398969969
"p855": 7.5267056926356815E-06
"p856": 0.010307823446064566
"p857": 0.004198020100067551
"p858": 0.0008730978603457392
"p859": 4.327855773265517E-05
"p860": 0.016496657201834256
"p861": 0.006977256177073277
"p862": 0.001625768429609307
"p863": 0.00013171734962112442
"p864": 9.596549758110492E-05
"p865": 2.4461793501065963E-05
"p866": 0
"p867": 0
"p868": 0.0003631635496696716
"p869": 0.00011854561465901197
"p870": 1.6935087808430286E-05
"p871": 0
"p872": 0.0033004604462207464
"p873": 0.001134650883164829
"p874": 0.00014865243742955472
"p875": 1.3171734962112444E-05
"p876": 0.01021562130132978
"p877": 0.003298578769797587
"p878": 0.0004083237838254858
"p879": 1.5053411385271363E-05
"p880": 0.0002860148163201559
"p881": 0.00013548070246744226
