"p819": 4.3278557732655166E-05
"p820": 0.0085428109611415
"p821": 0.0032157850071785946
"p822": 0.0007620789513793628
"p823": 0.00012042729108217092
"p824": 0.0011948645287059142
"p825": 0.00040267875455600894
"p826": 9.408382115794602E-05
"p827": 1.8816764231589204E-06
"p828": 0.0017236156036135708
"p829": 0.000541922809869769
"p830": 8.27937626189925E-05
"p831": 5.645029269476761E-06
"p832": 0
"p833": 0
"p834": 0
"p835": 0
"p836": 0
"p837": 0
"p838": 0
"p839": 0
"p840": 0
"p841": 0
"p842": 0
"p843": 0
"p844": 0
"p845": 0
"p846": 0
"p847": 0
"p848": 0
"p849": 0
"p850": 0
"p851": 0
"p852": 0
"p853": 0
"p854": 0
"p855": 0
"p856": 0
"p857": 0
"p858": 0
"p859": 0
"p860": 0
"p861": 0
"p862": 0
"p863": 0
"p864": 2.6343469924224887E-05
"p865": 3.7633528463178407E-06
"p866": 0
"p867": 0
"p868": 1.8816764231589203E-05
"p869": 3.7633528463178407E-06
"p870": 0
"p871": 0
"p872": 1.8816764231589203E-05
"p873": 0
"p874": 0
"p875": 0
"p876": 3.7633528463178407E-06
"p877": 0
"p878": 0
"p879": 0
"p880": 1.5053411385271363E-05
"p881": 3.7633528463178407E-06
