"p819": 1.1290058538953523E-05
"p820": 0.00011101890896637632
"p821": 2.2580117077907042E-05
"p822": 0
"p823": 0
"p824": 0.0021131226232074672
"p825": 0.0006491783659898276
"p826": 8.843879188846928E-05
"p827": 7.5267056926356815E-06
"p828": 0.0015542647255292674
"p829": 0.0005080526342529085
"p830": 6.209532196424438E-05
"p831": 1.8816764231589204E-06
"p832": 1.8816764231589203E-05
"p833": 3.7633528463178407E-06
"p834": 0
"p835": 0
"p836": 0
"p837": 0
"p838": 0
"p839": 0
"p840": 1.8816764231589203E-05
"p841": 3.7633528463178407E-06
"p842": 0
"p843": 0
"p844": 0
"p845": 0
"p846": 0
"p847": 0
"p848": 1.1290058538953523E-05
"p849": 3.7633528463178407E-06
"p850": 0
"p851": 0
"p852": 0
"p853": 0
"p854": 0
"p855": 0
"p856": 4.139688130949625E-05
"p857": 3.7633528463178407E-06
"p858": 0
"p859": 0
"p860": 3.7633528463178407E-06
"p861": 0
"p862": 0
"p863": 0
"p864": 7.5267056926356815E-06
"p865": 0
"p866": 0
"p867": 0
"p868": 0
"p869": 0
"p870": 0
"p871": 0
"p872": 3.7633528463178407E-06
"p873": 0
"p874": 0
"p875": 0
"p876": 0
"p877": 0
"p878": 0
"p879": 0
"p880": 7.5267056926356815E-06
"p881": 0
