"p819": 0.0002559079935496132
"p820": 0.019176164428412558
"p821": 0.009120485623051289
"p822": 0.0025233280834561123
"p823": 0.00043466725374971066
"p824": 0.01067098699573424
"p825": 0.004401241153768715
"p826": 0.000995406827851069
"p827": 3.951520488633732E-05
"p828": 0.011011570428326005
"p829": 0.0043560809196129015
"p830": 0.0008354643318825607
"p831": 4.1396881309496255E-05
"p832": 6.397699838740328E-05
"p833": 9.408382115794602E-06
"p834": 0
"p835": 0
"p836": 7.714873334951574E-05
"p837": 1.5053411385271363E-05
"p838": 0
"p839": 0
"p840": 7.5267056926356815E-06
"p841": 0
"p842": 0
"p843": 0
"p844": 7.5267056926356815E-06
"p845": 0
"p846": 0
"p847": 0
"p848": 7.338538050319791E-05
"p849": 3.7633528463178407E-06
"p850": 0
"p851": 0
"p852": 8.091208619583358E-05
"p853": 3.7633528463178407E-06
"p854": 0
"p855": 0
"p856": 9.408382115794602E-06
"p857": 3.7633528463178407E-06
"p858": 0
"p859": 0
"p860": 9.408382115794602E-06
"p861": 3.7633528463178407E-06
"p862": 0
"p863": 0
"p864": 0.0003462284618612414
"p865": 5.8331969117926534E-05
"p866": 5.645029269476761E-06
"p867": 0
"p868": 0.00024461793501065964
"p869": 5.268693984844977E-05
"p870": 5.645029269476761E-06
"p871": 0
"p872": 0.0001975760244316866
"p873": 1.6935087808430286E-05
"p874": 0
"p875": 0
"p876": 4.8923587002131926E-05
"p877": 0
"p878": 0
"p879": 0
"p880": 0.0006604684245287809
"p881": 0.00011478226181269414
