"p819": 7.5267056926356815E-06
"p820": 0
"p821": 0
"p822": 0
"p823": 0
"p824": 0.01148951623980837
"p825": 0.00418108501225912
"p826": 0.000709392011530913
"p827": 4.516023415581409E-05
"p828": 0.0017066805158051405
"p829": 0.000541922809869769
"p830": 2.6343469924224887E-05
"p831": 0
"p832": 5.645029269476761E-06
"p833": 0
"p834": 0
"p835": 0
"p836": 0
"p837": 0
"p838": 0
"p839": 0
"p840": 0.0005645029269476761
"p841": 9.972885042742278E-05
"p842": 1.1290058538953523E-05
"p843": 0
"p844": 5.645029269476761E-06
"p845": 0
"p846": 0
"p847": 0
"p848": 1.5053411385271363E-05
"p849": 0
"p850": 0
"p851": 0
"p852": 0
"p853": 0
"p854": 0
"p855": 0
"p856": 0.0011816927937438018
"p857": 0.000212629435816958
"p858": 1.1290058538953523E-05
"p859": 0
"p860": 6.774035123372114E-05
"p861": 5.645029269476761E-06
"p862": 0
"p863": 0
"p864": 0
"p865": 0
"p866": 0
"p867": 0
"p868": 0
"p869": 0
"p870": 0
"p871": 0
"p872": 0.00019569434800852773
"p873": 3.1988499193701654E-05
"p874": 0
"p875": 0
"p876": 0
"p877": 0
"p878": 0
"p879": 0
"p880": 1.3171734962112442E-05
"p881": 7.5267056926356815E-06
