"p819": 3.010682277054273E-05
"p820": 0.005857658705293718
"p821": 0.002047263948396905
"p822": 0.00039515204886337327
"p823": 6.0213645541085445E-05
"p824": 0.0003518734911307181
"p825": 0.00012419064392848873
"p826": 3.010682277054273E-05
"p827": 1.8816764231589204E-06
"p828": 0.0017687758377693849
"p829": 0.0004873541935981604
"p830": 5.833196911792653E-05
"p831": 5.645029269476761E-06
"p832": 0.005720296326403118
"p833": 0.002417954203759212
"p834": 0.0005099343106760675
"p835": 3.198849919370165E-05
"p836": 0.0086801733400321
"p837": 0.0034905097649597975
"p838": 0.0008147658912278126
"p839": 7.714873334951573E-05
"p840": 0.0029354152201279153
"p841": 0.001112070766086922
"p842": 0.00022580117077907047
"p843": 9.408382115794602E-06
"p844": 0.007711109982105255
"p845": 0.0028639115160478765
"p846": 0.0005042892814065906
"p847": 1.3171734962112444E-05
"p848": 5.645029269476761E-06
"p849": 0
"p850": 0
"p851": 0
"p852": 9.596549758110492E-05
"p853": 5.645029269476761E-06
"p854": 0
"p855": 0
"p856": 0
"p857": 0
"p858": 0
"p859": 0
"p860": 0
"p861": 0
"p862": 0
"p863": 0
"p864": 0.007733690099183162
"p865": 0.0029768121014374124
"p866": 0.0005494495155624046
"p867": 4.892358700213193E-05
"p868": 0.01945465253904008
"p869": 0.007073221674654382
"p870": 0.0013717421124828527
"p871": 0.00012419064392848875
"p872": 0.002175217945171712
"p873": 0.0008053575091120179
"p874": 0.00014300740816007796
"p875": 1.8816764231589204E-06
"p876": 0.004158504895181214
"p877": 0.0012362614100154105
"p878": 0.00018816764231589206
"p879": 1.8816764231589204E-06
"p880": 0.005878357145948468
"p881": 0.002167691239479076
