"p819": 5.645029269476761E-06
"p820": 0.005829433558946336
"p821": 0.00231822535333179
"p822": 0.0003838619903244198
"p823": 1.8816764231589207E-05
"p824": 0.0004628924000970944
"p825": 0.00014112573173691902
"p826": 2.2580117077907045E-05
"p827": 1.8816764231589204E-06
"p828": 0.0018685046881968077
"p829": 0.0006228348960656026
"p830": 7.714873334951574E-05
"p831": 3.7633528463178407E-06
"p832": 0.012276056984688795
"p833": 0.005434281510082963
"p834": 0.0013943222295607603
"p835": 0.00019193099516220987
"p836": 0.018939073199094537
"p837": 0.008672646634339466
"p838": 0.0023408054704096974
"p839": 0.0003292933740528111
"p840": 0.006486138630628798
"p841": 0.0023972557631044646
"p842": 0.0004779458114823658
"p843": 1.88167642315892E-05
"p844": 0.00745896534140196
"p845": 0.0023596222346412856
"p846": 0.00037257193178546626
"p847": 1.6935087808430286E-05
"p848": 0.015187010411315647
"p849": 0.007415686783669304
"p850": 0.0020736074183211302
"p851": 0.00028413313989699703
"p852": 0.015762803396802274
"p853": 0.008008414856964366
"p854": 0.002434889291567643
"p855": 0.00046665575294341233
"p856": 0.011450001034922032
"p857": 0.004928110552253213
"p858": 0.0011233608246258757
"p859": 3.951520488633732E-05
"p860": 0.011115062631599745
"p861": 0.004472744857848754
"p862": 0.0008862695953078516
"p863": 4.1396881309496255E-05
"p864": 0.0069603210892648475
"p865": 0.0026136485517677405
"p866": 0.0004421939594423463
"p867": 1.8816764231589203E-05
"p868": 0.015505013726829511
"p869": 0.006132383463074922
"p870": 0.0011497042945501008
"p871": 4.139688130949625E-05
"p872": 0.001853451276811537
"p873": 0.0004948808992907961
"p874": 3.3870175616860565E-05
"p875": 1.8816764231589204E-06
"p876": 0.0015128678442197724
"p877": 0.0003989154017096912
"p878": 3.9515204886337324E-05
"p879": 1.8816764231589204E-06
"p880": 0.005938570791489554
"p881": 0.0019983403613947734
