"p819": 1.1290058538953523E-05
"p820": 1.1290058538953523E-05
"p821": 0
"p822": 0
"p823": 0
"p824": 0.006202005490731801
"p825": 0.002103714241091673
"p826": 0.00040832378382548573
"p827": 6.209532196424436E-05
"p828": 0.0019607068329315952
"p829": 0.0006153081903729669
"p830": 0.00010349220327374062
"p831": 2.4461793501065966E-05
"p832": 0.003187559860831212
"p833": 0.0011478226181269415
"p834": 0.00022203781793275258
"p835": 7.5267056926356815E-06
"p836": 0.0004760641350592069
"p837": 0.00011666393823585305
"p838": 5.645029269476761E-06
"p839": 0
"p840": 0.012797281353903817
"p841": 0.005118159870992263
"p842": 0.0011346508831648293
"p843": 9.408382115794602E-05
"p844": 0.009218332797055551
"p845": 0.003814158109743131
"p846": 0.0008091208619583357
"p847": 3.575185204001949E-05
"p848": 6.774035123372113E-05
"p849": 0
"p850": 0
"p851": 0
"p852": 0
"p853": 0
"p854": 0
"p855": 0
"p856": 6.962202765688005E-05
"p857": 5.645029269476761E-06
"p858": 0
"p859": 0
"p860": 3.7633528463178407E-06
"p861": 0
"p862": 0
"p863": 0
"p864": 0.001821462777617835
"p865": 0.0005513311919855637
"p866": 9.220214473478709E-05
"p867": 0
"p868": 2.0698440654748124E-05
"p869": 0
"p870": 0
"p871": 0
"p872": 0.0232462305317053
"p873": 0.00841862031721301
"p874": 0.001631413458878784
"p875": 0.00014112573173691902
"p876": 0.007914331035806419
"p877": 0.002801816194083632
"p878": 0.0005005259285602728
"p879": 3.7633528463178407E-05
"p880": 0.001366097083213376
"p881": 0.0004309039009033928
