"p819": 0
"p820": 0.0022072064443654136
"p821": 0.0007696056570719984
"p822": 0.00015241579027587253
"p823": 1.8816764231589203E-05
"p824": 0.0069001074437237625
"p825": 0.0021902713565569833
"p826": 0.000378216961054943
"p827": 3.1988499193701654E-05
"p828": 0.012767174531133275
"p829": 0.005037247784796429
"p830": 0.0009163764180783943
"p831": 6.774035123372113E-05
"p832": 0.0035036814999219097
"p833": 0.0015467380198366323
"p834": 0.00033493840332228785
"p835": 1.6935087808430282E-05
"p836": 0.0033475023567997183
"p837": 0.0012400247628617282
"p838": 0.00025402631712645424
"p839": 3.0106822770542726E-05
"p840": 0.01867752017627545
"p841": 0.008672646634339466
"p842": 0.0023106986476391545
"p843": 0.00026907972851172564
"p844": 0.020337158781501618
"p845": 0.009856221104506426
"p846": 0.0027773544005825664
"p847": 0.0004478389887118231
"p848": 0
"p849": 0
"p850": 0
"p851": 0
"p852": 0.00020322105370116337
"p853": 3.3870175616860565E-05
"p854": 0
"p855": 0
"p856": 3.7633528463178407E-05
"p857": 5.645029269476761E-06
"p858": 0
"p859": 0
"p860": 0.000306713256974904
"p861": 5.456861627160869E-05
"p862": 5.645029269476761E-06
"p863": 0
"p864": 0.0013453986425586283
"p865": 0.00045912904725077655
"p866": 6.774035123372113E-05
"p867": 0
"p868": 0.0021658095630559177
"p869": 0.0007037469822614361
"p870": 0.0001392440553137601
"p871": 1.6935087808430282E-05
"p872": 0.02042371589696692
"p873": 0.008027231621195955
"p874": 0.0016991538101125056
"p875": 0.00016558752523798502
"p876": 0.032330964302716585
"p877": 0.013331677458080953
"p878": 0.0031311095681364445
"p879": 0.0003424651090149235
"p880": 0.001204272910821709
"p881": 0.0004083237838254857
