"p819": 0
"p820": 0
"p821": 0
"p822": 0
"p823": 0
"p824": 0.003765234522741
"p825": 0.001228734704322775
"p826": 0.00018064093662325636
"p827": 1.1290058538953523E-05
"p828": 0.0006454150131435096
"p829": 0.00014865243742955467
"p830": 1.1290058538953523E-05
"p831": 0
"p832": 0.0001580608195453493
"p833": 1.8816764231589203E-05
"p834": 0
"p835": 0
"p836": 0
"p837": 0
"p838": 0
"p839": 0
"p840": 0.0007846590684572699
"p841": 0.00017311423093062064
"p842": 2.2580117077907045E-05
"p843": 0
"p844": 0.0001505341138527136
"p845": 6.0213645541085445E-05
"p846": 1.1290058538953523E-05
"p847": 0
"p848": 0
"p849": 0
"p850": 0
"p851": 0
"p852": 0
"p853": 0
"p854": 0
"p855": 0
"p856": 0.00012419064392848873
"p857": 1.5053411385271363E-05
"p858": 0
"p859": 0
"p860": 3.7633528463178407E-06
"p861": 0
"p862": 0
"p863": 0
"p864": 0.0004271405480570749
"p865": 4.139688130949624E-05
"p866": 0
"p867": 0
"p868": 3.3870175616860565E-05
"p869": 0
"p870": 0
"p871": 0
"p872": 0.009839286016697996
"p873": 0.003029499041285862
"p874": 0.0005682662797939939
"p875": 8.279376261899248E-05
"p876": 0.001941890068700006
"p877": 0.0005042892814065906
"p878": 3.7633528463178407E-05
"p879": 0
"p880": 9.220214473478709E-05
"p881": 2.258011707790704E-05
