"p819": 1.6935087808430282E-05
"p820": 4.5160234155814084E-05
"p821": 5.645029269476761E-06
"p822": 0
"p823": 0
"p824": 0.005407938040158738
"p825": 0.0019663518622010717
"p826": 0.0002690797285117256
"p827": 1.8816764231589203E-05
"p828": 0.002997510542092161
"p829": 0.0008279376261899249
"p830": 8.091208619583357E-05
"p831": 1.8816764231589204E-06
"p832": 0.0006491783659898275
"p833": 0.0001975760244316866
"p834": 2.0698440654748124E-05
"p835": 0
"p836": 0
"p837": 0
"p838": 0
"p839": 0
"p840": 0.0002464996114338186
"p841": 3.010682277054273E-05
"p842": 0
"p843": 0
"p844": 0.0002521446407032953
"p845": 5.645029269476761E-05
"p846": 5.645029269476761E-06
"p847": 0
"p848": 0.0005343961041771333
"p849": 0.00014300740816007793
"p850": 2.2580117077907045E-05
"p851": 0
"p852": 1.1290058538953521E-05
"p853": 0
"p854": 0
"p855": 0
"p856": 0.00042525887163391606
"p857": 7.714873334951573E-05
"p858": 0
"p859": 0
"p860": 0.0003349384033222879
"p861": 0.0001223089675053298
"p862": 1.1290058538953523E-05
"p863": 0
"p864": 0.0028168696054689034
"p865": 0.001017986944928976
"p866": 0.00017875926020009743
"p867": 7.5267056926356815E-06
"p868": 0
"p869": 0
"p870": 0
"p871": 0
"p872": 0.004047485986214838
"p873": 0.0010311586798910882
"p874": 0.0001298356731979655
"p875": 7.5267056926356815E-06
"p876": 0.0012494331449775231
"p877": 0.00024085458216434178
"p878": 2.258011707790704E-05
"p879": 0
"p880": 0.0036956124950841204
"p881": 0.001462062580794481
