"p819": 1.1290058538953523E-05
"p820": 0.008134487177316014
"p821": 0.0030840676575574705
"p822": 0.0005306327513308154
"p823": 3.3870175616860565E-05
"p824": 0.0009878801221584331
"p825": 0.0002860148163201559
"p826": 2.8225146347383808E-05
"p827": 1.8816764231589204E-06
"p828": 0.0017556041028072725
"p829": 0.0006378883074508741
"p830": 8.279376261899251E-05
"p831": 3.7633528463178407E-06
"p832": 0.00027848811062752024
"p833": 5.2686939848449775E-05
"p834": 5.645029269476761E-06
"p835": 0
"p836": 0.00018628596589273313
"p837": 4.1396881309496255E-05
"p838": 5.645029269476761E-06
"p839": 0
"p840": 0.00018064093662325633
"p841": 1.6935087808430286E-05
"p842": 0
"p843": 0
"p844": 5.2686939848449775E-05
"p845": 0
"p846": 0
"p847": 0
"p848": 0.00048735419359816035
"p849": 0.0001016105268505817
"p850": 5.645029269476761E-06
"p851": 0
"p852": 0.00023332787647170614
"p853": 4.892358700213193E-05
"p854": 5.645029269476761E-06
"p855": 0
"p856": 0.00041208713667180354
"p857": 6.209532196424438E-05
"p858": 0
"p859": 0
"p860": 6.585867481056221E-05
"p861": 5.645029269476761E-06
"p862": 0
"p863": 0
"p864": 9.972885042742277E-05
"p865": 1.3171734962112442E-05
"p866": 0
"p867": 0
"p868": 9.032046831162818E-05
"p869": 1.8816764231589203E-05
"p870": 0
"p871": 0
"p872": 2.6343469924224887E-05
"p873": 3.7633528463178407E-06
"p874": 0
"p875": 0
"p876": 3.7633528463178407E-06
"p877": 3.7633528463178407E-06
"p878": 0
"p879": 0
"p880": 0.0003499918147075592
"p881": 4.5160234155814084E-05
