"p819": 5.645029269476761E-06
"p820": 0.0025082746720708413
"p821": 0.0009182580945015532
"p822": 0.00012607232035164766
"p823": 5.645029269476761E-06
"p824": 0.0007884224213035875
"p825": 0.00011854561465901199
"p826": 1.1290058538953523E-05
"p827": 0
"p828": 0.0007357354814551376
"p829": 9.032046831162818E-05
"p830": 1.1290058538953523E-05
"p831": 0
"p832": 0.0004534840179812998
"p833": 0.00010537387969689954
"p834": 1.1290058538953523E-05
"p835": 0
"p836": 0.000427140548057075
"p837": 0.00012795399677480656
"p838": 2.2580117077907045E-05
"p839": 0
"p840": 8.843879188846925E-05
"p841": 3.575185204001949E-05
"p842": 0
"p843": 0
"p844": 0.00022203781793275258
"p845": 6.962202765688005E-05
"p846": 0
"p847": 0
"p848": 9.408382115794602E-06
"p849": 0
"p850": 0
"p851": 0
"p852": 0.00011854561465901199
"p853": 1.5053411385271363E-05
"p854": 0
"p855": 0
"p856": 0
"p857": 0
"p858": 0
"p859": 0
"p860": 0
"p861": 0
"p862": 0
"p863": 0
"p864": 0.004563065326160382
"p865": 0.0015034594621039768
"p866": 0.0002878964927433148
"p867": 4.139688130949624E-05
"p868": 0.003072777599018516
"p869": 0.0011591126766658947
"p870": 0.0002408545821643418
"p871": 4.139688130949624E-05
"p872": 0.00332868559256813
"p873": 0.0008806245660383746
"p874": 8.467543904215141E-05
"p875": 0
"p876": 0.0013943222295607596
"p877": 0.0003274116976296521
"p878": 2.634346992422488E-05
"p879": 0
"p880": 0.003832974873974721
"p881": 0.0011308875303185112
