"p819": 2.6343469924224887E-05
"p820": 0.010272071594024546
"p821": 0.0035996469975030144
"p822": 0.0007338538050319789
"p823": 8.27937626189925E-05
"p824": 0.0017311423093062067
"p825": 0.0004534840179812998
"p826": 6.962202765688005E-05
"p827": 0
"p828": 0.007037469822614363
"p829": 0.00224860332567491
"p830": 0.00037821696105494305
"p831": 2.2580117077907045E-05
"p832": 0.0004290222244802338
"p833": 0.00011666393823585305
"p834": 1.3171734962112442E-05
"p835": 0
"p836": 0.0024235992330286895
"p837": 0.0006717584830677346
"p838": 7.714873334951573E-05
"p839": 1.8816764231589204E-06
"p840": 7.52670569263568E-05
"p841": 2.6343469924224884E-05
"p842": 5.645029269476761E-06
"p843": 0
"p844": 0.0004158504895181214
"p845": 0.0001204272910821709
"p846": 5.645029269476761E-06
"p847": 0
"p848": 0.0005381594570234512
"p849": 0.0001373623788906012
"p850": 1.3171734962112442E-05
"p851": 0
"p852": 0.0017857109255778152
"p853": 0.00047230078221288907
"p854": 3.7633528463178407E-05
"p855": 0
"p856": 9.596549758110495E-05
"p857": 2.2580117077907045E-05
"p858": 0
"p859": 0
"p860": 0.0004534840179812998
"p861": 0.0001749959073537796
"p862": 3.0106822770542726E-05
"p863": 0
"p864": 0.008285021291168726
"p865": 0.0030897126868269474
"p866": 0.0006830485416066882
"p867": 8.467543904215141E-05
"p868": 0.020553551570164887
"p869": 0.0075229423397893645
"p870": 0.001702917162958823
"p871": 0.00023332787647170614
"p872": 0.0023765573224497167
"p873": 0.0007921857741499056
"p874": 0.00017311423093062066
"p875": 1.8816764231589204E-06
"p876": 0.005614922446706219
"p877": 0.0015147495206429308
"p878": 0.0002239194943559115
"p879": 5.645029269476761E-06
"p880": 0.00919951603282396
"p881": 0.0037012575243535965
