"p819": 0
"p820": 0.00013359902604428333
"p821": 1.3171734962112444E-05
"p822": 0
"p823": 0
"p824": 0.0021300577110158975
"p825": 0.0005268693984844977
"p826": 8.467543904215141E-05
"p827": 5.645029269476761E-06
"p828": 0.002647518727384601
"p829": 0.0009257848001941889
"p830": 0.00012607232035164766
"p831": 5.645029269476761E-06
"p832": 3.0106822770542726E-05
"p833": 0
"p834": 0
"p835": 0
"p836": 0.0001580608195453493
"p837": 1.8816764231589203E-05
"p838": 0
"p839": 0
"p840": 0.0004911175464444782
"p841": 0.00010913723254321738
"p842": 1.1290058538953523E-05
"p843": 0
"p844": 0.000427140548057075
"p845": 0.00013548070246744226
"p846": 2.2580117077907045E-05
"p847": 0
"p848": 0
"p849": 0
"p850": 0
"p851": 0
"p852": 0
"p853": 0
"p854": 0
"p855": 0
"p856": 9.408382115794602E-06
"p857": 0
"p858": 0
"p859": 0
"p860": 0.00011854561465901199
"p861": 1.5053411385271363E-05
"p862": 0
"p863": 0
"p864": 0.0009163764180783944
"p865": 0.00021451111224011685
"p866": 2.634346992422488E-05
"p867": 0
"p868": 0.0004271405480570749
"p869": 4.139688130949624E-05
"p870": 0
"p871": 0
"p872": 0.007054404910422793
"p873": 0.0021244126817464206
"p874": 0.0003462284618612413
"p875": 4.139688130949624E-05
"p876": 0.004222481893568617
"p877": 0.0014526541986786862
"p878": 0.00026719805208856665
"p879": 4.139688130949624E-05
"p880": 9.220214473478709E-05
"p881": 2.258011707790704E-05
