"p819": 0
"p820": 9.220214473478711E-05
"p821": 2.2580117077907045E-05
"p822": 0
"p823": 0
"p824": 0.0011214791482027165
"p825": 0.00031612163909069865
"p826": 3.387017561686057E-05
"p827": 0
"p828": 0.001048093767699519
"p829": 0.00031988499193701646
"p830": 4.5160234155814084E-05
"p831": 0
"p832": 0
"p833": 0
"p834": 0
"p835": 0
"p836": 0
"p837": 0
"p838": 0
"p839": 0
"p840": 4.7041910578973E-05
"p841": 3.7633528463178407E-06
"p842": 0
"p843": 0
"p844": 0.0002408545821643419
"p845": 3.575185204001949E-05
"p846": 0
"p847": 0
"p848": 1.1290058538953523E-05
"p849": 0
"p850": 0
"p851": 0
"p852": 7.33853805031979E-05
"p853": 1.1290058538953523E-05
"p854": 0
"p855": 0
"p856": 0.00013171734962112442
"p857": 2.258011707790705E-05
"p858": 0
"p859": 0
"p860": 0.00016182417239166713
"p861": 6.021364554108545E-05
"p862": 1.1290058538953523E-05
"p863": 0
"p864": 2.0698440654748124E-05
"p865": 1.8816764231589204E-06
"p866": 0
"p867": 0
"p868": 1.8816764231589203E-05
"p869": 0
"p870": 0
"p871": 0
"p872": 0.0007790140391877931
"p873": 0.0001373623788906012
"p874": 1.1290058538953523E-05
"p875": 0
"p876": 0.0007357354814551376
"p877": 0.00016746920166114393
"p878": 2.2580117077907045E-05
"p879": 0
"p880": 0.00013359902604428333
"p881": 1.317173496211244E-05
