"p819": 0
"p820": 0.0003913886960170554
"p821": 7.150370408003898E-05
"p822": 7.5267056926356815E-06
"p823": 0
"p824": 3.0106822770542726E-05
"p825": 1.3171734962112444E-05
"p826": 1.8816764231589204E-06
"p827": 0
"p828": 6.209532196424438E-05
"p829": 2.0698440654748124E-05
"p830": 1.8816764231589204E-06
"p831": 0
"p832": 0.0009991701806973867
"p833": 0.00033117505047597
"p834": 5.456861627160869E-05
"p835": 1.1290058538953523E-05
"p836": 0.0007075103351077541
"p837": 0.0002615530228190899
"p838": 4.8923587002131926E-05
"p839": 1.1290058538953523E-05
"p840": 0.0006548233952593043
"p841": 0.00014677076100639576
"p842": 5.645029269476761E-06
"p843": 0
"p844": 0.0003292933740528111
"p845": 5.645029269476761E-05
"p846": 0
"p847": 0
"p848": 5.645029269476761E-06
"p849": 0
"p850": 0
"p851": 0
"p852": 3.0106822770542726E-05
"p853": 3.7633528463178407E-06
"p854": 0
"p855": 0
"p856": 0
"p857": 0
"p858": 0
"p859": 0
"p860": 3.7633528463178407E-06
"p861": 3.7633528463178407E-06
"p862": 0
"p863": 0
"p864": 0.0002784881106275202
"p865": 5.833196911792653E-05
"p866": 9.4083821157946E-06
"p867": 0
"p868": 0.0002803697870506791
"p869": 8.279376261899248E-05
"p870": 9.4083821157946E-06
"p871": 0
"p872": 6.585867481056221E-05
"p873": 1.8816764231589204E-06
"p874": 0
"p875": 0
"p876": 9.408382115794602E-06
"p877": 1.8816764231589204E-06
"p878": 0
"p879": 0
"p880": 0.0006378883074508741
"p881": 0.00012042729108217089
