"p819": 9.032046831162818E-05
"p820": 7.903040977267465E-05
"p821": 2.6343469924224884E-05
"p822": 0
"p823": 0
"p824": 0.01058066652742261
"p825": 0.0036259904674272384
"p826": 0.0006698768066445756
"p827": 5.8331969117926534E-05
"p828": 0.006768390094102639
"p829": 0.0022335499142896384
"p830": 0.0003236483447833343
"p831": 2.4461793501065966E-05
"p832": 0.00016746920166114393
"p833": 4.1396881309496255E-05
"p834": 5.645029269476761E-06
"p835": 0
"p836": 0
"p837": 0
"p838": 0
"p839": 0
"p840": 0.000684930218029847
"p841": 0.00011854561465901199
"p842": 5.645029269476761E-06
"p843": 0
"p844": 6.39769983874033E-05
"p845": 5.645029269476761E-06
"p846": 0
"p847": 0
"p848": 2.258011707790704E-05
"p849": 0
"p850": 0
"p851": 0
"p852": 0
"p853": 0
"p854": 0
"p855": 0
"p856": 0
"p857": 0
"p858": 0
"p859": 0
"p860": 0
"p861": 0
"p862": 0
"p863": 0
"p864": 0.00015053411385271363
"p865": 2.6343469924224887E-05
"p866": 0
"p867": 0
"p868": 0
"p869": 0
"p870": 0
"p871": 0
"p872": 0.0004290222244802338
"p873": 6.209532196424438E-05
"p874": 0
"p875": 0
"p876": 1.5053411385271363E-05
"p877": 3.7633528463178407E-06
"p878": 0
"p879": 0
"p880": 0.00048359084075184244
"p881": 8.655711546531033E-05
