"p819": 0
"p820": 0.0008260559497667659
"p821": 0.00030671325697490405
"p822": 8.091208619583358E-05
"p823": 1.1290058538953523E-05
"p824": 0.0019287183337378933
"p825": 0.0006585867481056222
"p826": 0.00010349220327374063
"p827": 9.408382115794602E-06
"p828": 0.004807683261171042
"p829": 0.001537329637720838
"p830": 0.0001919309951622099
"p831": 1.1290058538953523E-05
"p832": 0
"p833": 0
"p834": 0
"p835": 0
"p836": 0
"p837": 0
"p838": 0
"p839": 0
"p840": 1.8816764231589203E-05
"p841": 3.7633528463178407E-06
"p842": 0
"p843": 0
"p844": 1.8816764231589203E-05
"p845": 3.7633528463178407E-06
"p846": 0
"p847": 0
"p848": 3.7633528463178407E-06
"p849": 0
"p850": 0
"p851": 0
"p852": 0
"p853": 0
"p854": 0
"p855": 0
"p856": 3.76335284631784E-05
"p857": 3.7633528463178407E-06
"p858": 0
"p859": 0
"p860": 1.5053411385271363E-05
"p861": 3.7633528463178407E-06
"p862": 0
"p863": 0
"p864": 0
"p865": 0
"p866": 0
"p867": 0
"p868": 0
"p869": 0
"p870": 0
"p871": 0
"p872": 3.7633528463178407E-06
"p873": 0
"p874": 0
"p875": 0
"p876": 7.5267056926356815E-06
"p877": 0
"p878": 0
"p879": 0
"p880": 0
"p881": 0
