"p819": 0
"p820": 0.00021827446508643471
"p821": 6.774035123372113E-05
"p822": 1.505341138527136E-05
"p823": 0
"p824": 0.002169572915902235
"p825": 0.000541922809869769
"p826": 6.021364554108546E-05
"p827": 0
"p828": 0.0023257520590244246
"p829": 0.0008317009790362427
"p830": 0.00013548070246744226
"p831": 0
"p832": 5.645029269476761E-06
"p833": 0
"p834": 0
"p835": 0
"p836": 5.645029269476761E-06
"p837": 0
"p838": 0
"p839": 0
"p840": 0.00033682007974544673
"p841": 6.021364554108545E-05
"p842": 5.645029269476761E-06
"p843": 0
"p844": 0.00024838128785697745
"p845": 6.585867481056221E-05
"p846": 5.645029269476761E-06
"p847": 0
"p848": 6.774035123372114E-05
"p849": 5.645029269476761E-06
"p850": 0
"p851": 0
"p852": 3.387017561686057E-05
"p853": 0
"p854": 0
"p855": 0
"p856": 0.0007959491269962234
"p857": 0.00015994249596850825
"p858": 1.6935087808430286E-05
"p859": 0
"p860": 0.00042149551878759814
"p861": 8.091208619583357E-05
"p862": 5.645029269476761E-06
"p863": 0
"p864": 0
"p865": 0
"p866": 0
"p867": 0
"p868": 0
"p869": 0
"p870": 0
"p871": 0
"p872": 5.645029269476761E-05
"p873": 1.1290058538953523E-05
"p874": 0
"p875": 0
"p876": 6.021364554108545E-05
"p877": 1.6935087808430286E-05
"p878": 0
"p879": 0
"p880": 9.408382115794602E-06
"p881": 0
