"p819": 0
"p820": 0
"p821": 0
"p822": 0
"p823": 0
"p824": 0.001757485779230431
"p825": 0.0005080526342529084
"p826": 6.774035123372114E-05
"p827": 0
"p828": 0.0003669269025159895
"p829": 8.843879188846926E-05
"p830": 1.1290058538953523E-05
"p831": 0
"p832": 0
"p833": 0
"p834": 0
"p835": 0
"p836": 0
"p837": 0
"p838": 0
"p839": 0
"p840": 0.0002596713463959311
"p841": 3.575185204001949E-05
"p842": 0
"p843": 0
"p844": 1.6935087808430286E-05
"p845": 3.7633528463178407E-06
"p846": 0
"p847": 0
"p848": 7.33853805031979E-05
"p849": 1.1290058538953523E-05
"p850": 0
"p851": 0
"p852": 0
"p853": 0
"p854": 0
"p855": 0
"p856": 0.00028601481632015586
"p857": 7.150370408003898E-05
"p858": 1.1290058538953523E-05
"p859": 0
"p860": 7.5267056926356815E-06
"p861": 0
"p862": 0
"p863": 0
"p864": 1.8816764231589203E-05
"p865": 0
"p866": 0
"p867": 0
"p868": 0
"p869": 0
"p870": 0
"p871": 0
"p872": 0.0012795399677480658
"p873": 0.000259671346395931
"p874": 3.387017561686057E-05
"p875": 0
"p876": 0.00020698440654748124
"p877": 2.2580117077907045E-05
"p878": 0
"p879": 0
"p880": 9.784717400426385E-05
"p881": 2.2580117077907045E-05
