"p819": 0
"p820": 0
"p821": 0
"p822": 0
"p823": 0
"p824": 0.00039327037244021445
"p825": 9.032046831162818E-05
"p826": 9.408382115794602E-06
"p827": 0
"p828": 3.387017561686057E-05
"p829": 5.645029269476761E-06
"p830": 0
"p831": 0
"p832": 1.5053411385271361E-05
"p833": 0
"p834": 0
"p835": 0
"p836": 0
"p837": 0
"p838": 0
"p839": 0
"p840": 0.0011252425010490343
"p841": 0.00024461793501065964
"p842": 3.387017561686057E-05
"p843": 0
"p844": 0.0001994577008548455
"p845": 2.2580117077907045E-05
"p846": 0
"p847": 0
"p848": 0.00010349220327374062
"p849": 2.2580117077907045E-05
"p850": 0
"p851": 0
"p852": 0
"p853": 0
"p854": 0
"p855": 0
"p856": 0.002096187535399037
"p857": 0.0005964914261413777
"p858": 0.00010537387969689955
"p859": 2.2580117077907045E-05
"p860": 0.0005663846033708351
"p861": 0.00015053411385271363
"p862": 1.1290058538953523E-05
"p863": 0
"p864": 3.7633528463178407E-06
"p865": 0
"p866": 0
"p867": 0
"p868": 0
"p869": 0
"p870": 0
"p871": 0
"p872": 0.0001768775837769385
"p873": 1.6935087808430286E-05
"p874": 0
"p875": 0
"p876": 1.6935087808430282E-05
"p877": 0
"p878": 0
"p879": 0
"p880": 6.774035123372114E-05
"p881": 1.1290058538953523E-05
