"p819": 7.5267056926356815E-06
"p820": 0
"p821": 0
"p822": 0
"p823": 0
"p824": 0.004491561622080343
"p825": 0.0012023912343985502
"p826": 0.0001844042894695742
"p827": 7.5267056926356815E-06
"p828": 0.0012927117027101778
"p829": 0.00029354152201279153
"p830": 3.3870175616860565E-05
"p831": 0
"p832": 0.000259671346395931
"p833": 6.39769983874033E-05
"p834": 5.645029269476761E-06
"p835": 0
"p836": 0
"p837": 0
"p838": 0
"p839": 0
"p840": 0.0007507888928404092
"p841": 0.00013359902604428335
"p842": 1.1290058538953523E-05
"p843": 0
"p844": 0.00011854561465901199
"p845": 5.645029269476761E-06
"p846": 0
"p847": 0
"p848": 1.6935087808430286E-05
"p849": 0
"p850": 0
"p851": 0
"p852": 0
"p853": 0
"p854": 0
"p855": 0
"p856": 0
"p857": 0
"p858": 0
"p859": 0
"p860": 5.645029269476761E-06
"p861": 0
"p862": 0
"p863": 0
"p864": 0.0001204272910821709
"p865": 2.8225146347383808E-05
"p866": 0
"p867": 0
"p868": 0
"p869": 0
"p870": 0
"p871": 0
"p872": 0.0003368200797454468
"p873": 6.209532196424438E-05
"p874": 5.645029269476761E-06
"p875": 0
"p876": 2.8225146347383805E-05
"p877": 1.8816764231589204E-06
"p878": 0
"p879": 0
"p880": 0.000519342692791862
"p881": 0.0001279539967748066
