"p819": 7.5267056926356815E-06
"p820": 0.00366174231946726
"p821": 0.0013736237889060117
"p822": 0.0002784881106275202
"p823": 7.5267056926356815E-06
"p824": 0.001388677200291283
"p825": 0.00027284308135804345
"p826": 7.5267056926356815E-06
"p827": 0
"p828": 0.0005400411334466101
"p829": 7.903040977267465E-05
"p830": 0
"p831": 0
"p832": 7.33853805031979E-05
"p833": 3.7633528463178407E-06
"p834": 0
"p835": 0
"p836": 0.0001034922032737406
"p837": 1.5053411385271363E-05
"p838": 0
"p839": 0
"p840": 2.0698440654748124E-05
"p841": 5.645029269476761E-06
"p842": 0
"p843": 0
"p844": 3.387017561686057E-05
"p845": 5.645029269476761E-06
"p846": 0
"p847": 0
"p848": 0
"p849": 0
"p850": 0
"p851": 0
"p852": 1.5053411385271363E-05
"p853": 0
"p854": 0
"p855": 0
"p856": 0
"p857": 0
"p858": 0
"p859": 0
"p860": 0
"p861": 0
"p862": 0
"p863": 0
"p864": 0.00059272807329506
"p865": 0.0001373623788906012
"p866": 1.6935087808430286E-05
"p867": 0
"p868": 0.0003594001968233538
"p869": 8.655711546531033E-05
"p870": 5.645029269476761E-06
"p871": 0
"p872": 0.00047418245863604794
"p873": 3.387017561686057E-05
"p874": 0
"p875": 0
"p876": 0.00013548070246744226
"p877": 5.645029269476761E-06
"p878": 0
"p879": 0
"p880": 0.0003932703724402143
"p881": 7.150370408003898E-05
