"p819": 0
"p820": 0.001337871936865992
"p821": 0.00041208713667180354
"p822": 8.091208619583358E-05
"p823": 1.1290058538953523E-05
"p824": 0.005353369423887127
"p825": 0.0018986115109673504
"p826": 0.00040456043097916787
"p827": 5.0805263425290837E-05
"p828": 0.01077071584616166
"p829": 0.003968455576442162
"p830": 0.0008655711546531035
"p831": 0.00012607232035164766
"p832": 3.7633528463178407E-06
"p833": 0
"p834": 0
"p835": 0
"p836": 0
"p837": 0
"p838": 0
"p839": 0
"p840": 3.0106822770542726E-05
"p841": 3.7633528463178407E-06
"p842": 0
"p843": 0
"p844": 1.5053411385271363E-05
"p845": 3.7633528463178407E-06
"p846": 0
"p847": 0
"p848": 0
"p849": 0
"p850": 0
"p851": 0
"p852": 0
"p853": 0
"p854": 0
"p855": 0
"p856": 0
"p857": 0
"p858": 0
"p859": 0
"p860": 0
"p861": 0
"p862": 0
"p863": 0
"p864": 0
"p865": 0
"p866": 0
"p867": 0
"p868": 0
"p869": 0
"p870": 0
"p871": 0
"p872": 1.1290058538953523E-05
"p873": 0
"p874": 0
"p875": 0
"p876": 7.5267056926356815E-06
"p877": 0
"p878": 0
"p879": 0
"p880": 0
"p881": 0
