"p819": 7.5267056926356815E-06
"p820": 0.00039327037244021434
"p821": 7.150370408003899E-05
"p822": 5.645029269476761E-06
"p823": 0
"p824": 0.012345679012345677
"p825": 0.004145333160219101
"p826": 0.0008166475676509714
"p827": 8.655711546531033E-05
"p828": 0.0077468618341452735
"p829": 0.0027152590786183217
"p830": 0.0005776746619097885
"p831": 4.892358700213193E-05
"p832": 0.00012983567319796552
"p833": 1.8816764231589204E-06
"p834": 0
"p835": 0
"p836": 0
"p837": 0
"p838": 0
"p839": 0
"p840": 0.0026324653159993296
"p841": 0.0007037469822614361
"p842": 7.903040977267465E-05
"p843": 1.8816764231589204E-06
"p844": 0.00034811013828440026
"p845": 8.467543904215143E-05
"p846": 1.1290058538953523E-05
"p847": 0
"p848": 0.0006397699838740329
"p849": 0.00010537387969689955
"p850": 3.7633528463178407E-06
"p851": 0
"p852": 0
"p853": 0
"p854": 0
"p855": 0
"p856": 0.001913664922352622
"p857": 0.00048735419359816035
"p858": 3.951520488633733E-05
"p859": 0
"p860": 0.000566384603370835
"p861": 0.00015053411385271363
"p862": 1.1290058538953523E-05
"p863": 0
"p864": 0.0018854397760052386
"p865": 0.0004102054602486446
"p866": 1.8816764231589207E-05
"p867": 0
"p868": 5.080526342529085E-05
"p869": 0
"p870": 0
"p871": 0
"p872": 0.024077931510741547
"p873": 0.008640658135145763
"p874": 0.001962588509354754
"p875": 0.00026531637566540783
"p876": 0.00943096223287251
"p877": 0.003072777599018517
"p878": 0.0006021364554108545
"p879": 4.892358700213193E-05
"p880": 0.0036617423194672603
"p881": 0.001373623788906012
