"p819": 1.6935087808430282E-05
"p820": 0.0036956124950841196
"p821": 0.0014620625807944812
"p822": 0.00032364834478333426
"p823": 4.139688130949624E-05
"p824": 0.022228243586776334
"p825": 0.009775309018310592
"p826": 0.0024348892915676433
"p827": 0.0002803697870506791
"p828": 0.02605745510790474
"p829": 0.012163156399299262
"p830": 0.0031819148315617345
"p831": 0.0004779458114823658
"p832": 0
"p833": 0
"p834": 0
"p835": 0
"p836": 0
"p837": 0
"p838": 0
"p839": 0
"p840": 6.774035123372112E-05
"p841": 9.408382115794602E-06
"p842": 0
"p843": 0
"p844": 7.714873334951574E-05
"p845": 1.5053411385271363E-05
"p846": 0
"p847": 0
"p848": 0
"p849": 0
"p850": 0
"p851": 0
"p852": 5.645029269476761E-06
"p853": 0
"p854": 0
"p855": 0
"p856": 7.903040977267466E-05
"p857": 3.7633528463178407E-06
"p858": 0
"p859": 0
"p860": 8.091208619583358E-05
"p861": 3.7633528463178407E-06
"p862": 0
"p863": 0
"p864": 5.645029269476761E-06
"p865": 0
"p866": 0
"p867": 0
"p868": 5.645029269476761E-06
"p869": 0
"p870": 0
"p871": 0
"p872": 0.0004854725171750015
"p873": 7.526705692635681E-05
"p874": 5.645029269476761E-06
"p875": 0
"p876": 0.00025026296428013644
"p877": 5.268693984844977E-05
"p878": 5.645029269476761E-06
"p879": 0
"p880": 4.516023415581409E-05
"p881": 5.645029269476761E-06
