"p819": 0
"p820": 0
"p821": 0
"p822": 0
"p823": 0
"p824": 0.0005814380147561064
"p825": 0.00010725555612005845
"p826": 9.408382115794602E-06
"p827": 0
"p828": 5.833196911792653E-05
"p829": 7.5267056926356815E-06
"p830": 0
"p831": 0
"p832": 6.209532196424436E-05
"p833": 1.1290058538953523E-05
"p834": 0
"p835": 0
"p836": 0
"p837": 0
"p838": 0
"p839": 0
"p840": 0.0017330239857293655
"p841": 0.00048547251717500153
"p842": 8.655711546531035E-05
"p843": 2.2580117077907045E-05
"p844": 0.0005325144277539744
"p845": 0.00014488908458323686
"p846": 1.1290058538953523E-05
"p847": 0
"p848": 7.5267056926356815E-06
"p849": 0
"p850": 0
"p851": 0
"p852": 0
"p853": 0
"p854": 0
"p855": 0
"p856": 3.198849919370165E-05
"p857": 3.7633528463178407E-06
"p858": 0
"p859": 0
"p860": 0
"p861": 0
"p862": 0
"p863": 0
"p864": 3.575185204001949E-05
"p865": 1.1290058538953523E-05
"p866": 0
"p867": 0
"p868": 0
"p869": 0
"p870": 0
"p871": 0
"p872": 0.0006228348960656026
"p873": 0.0001486524374295547
"p874": 1.88167642315892E-05
"p875": 0
"p876": 6.397699838740328E-05
"p877": 7.5267056926356815E-06
"p878": 0
"p879": 0
"p880": 8.467543904215143E-05
"p881": 1.1290058538953523E-05
