"p819": 1.8816764231589203E-05
"p820": 4.139688130949625E-05
"p821": 0
"p822": 0
"p823": 0
"p824": 0.02209840791357837
"p825": 0.008172120705779192
"p826": 0.0015881349011461288
"p827": 0.0001467707610063958
"p828": 0.005184018545802825
"p829": 0.001744314044268319
"p830": 0.00026907972851172564
"p831": 2.6343469924224887E-05
"p832": 7.5267056926356815E-06
"p833": 0
"p834": 0
"p835": 0
"p836": 0
"p837": 0
"p838": 0
"p839": 0
"p840": 0.0008110025383814949
"p841": 0.00015994249596850823
"p842": 1.1290058538953523E-05
"p843": 0
"p844": 4.516023415581409E-05
"p845": 5.645029269476761E-06
"p846": 0
"p847": 0
"p848": 0
"p849": 0
"p850": 0
"p851": 0
"p852": 0
"p853": 0
"p854": 0
"p855": 0
"p856": 2.258011707790704E-05
"p857": 0
"p858": 0
"p859": 0
"p860": 0
"p861": 0
"p862": 0
"p863": 0
"p864": 1.3171734962112444E-05
"p865": 0
"p866": 0
"p867": 0
"p868": 0
"p869": 0
"p870": 0
"p871": 0
"p872": 0.0005870830440255831
"p873": 8.467543904215141E-05
"p874": 0
"p875": 0
"p876": 2.8225146347383808E-05
"p877": 0
"p878": 0
"p879": 0
"p880": 1.3171734962112442E-05
"p881": 7.5267056926356815E-06
