"p819": 1.1290058538953523E-05
"p820": 4.139688130949625E-05
"p821": 0
"p822": 0
"p823": 0
"p824": 0.01876784064458708
"p825": 0.006928332590071146
"p826": 0.001358570377520741
"p827": 0.00013171734962112442
"p828": 0.004841553436787901
"p829": 0.001755604102807273
"p830": 0.00034622846186124133
"p831": 3.763352846317841E-05
"p832": 5.645029269476761E-06
"p833": 0
"p834": 0
"p835": 0
"p836": 0
"p837": 0
"p838": 0
"p839": 0
"p840": 0.00011666393823585308
"p841": 3.7633528463178407E-06
"p842": 0
"p843": 0
"p844": 2.6343469924224887E-05
"p845": 3.7633528463178407E-06
"p846": 0
"p847": 0
"p848": 0
"p849": 0
"p850": 0
"p851": 0
"p852": 0
"p853": 0
"p854": 0
"p855": 0
"p856": 1.6935087808430286E-05
"p857": 0
"p858": 0
"p859": 0
"p860": 0
"p861": 0
"p862": 0
"p863": 0
"p864": 2.0698440654748128E-05
"p865": 0
"p866": 0
"p867": 0
"p868": 0
"p869": 0
"p870": 0
"p871": 0
"p872": 0.0013284635547501978
"p873": 0.0002295645236253883
"p874": 1.1290058538953523E-05
"p875": 0
"p876": 7.903040977267465E-05
"p877": 5.645029269476761E-06
"p878": 0
"p879": 0
"p880": 0
"p881": 0
