"p819": 9.972885042742278E-05
"p820": 0.0001373623788906012
"p821": 2.6343469924224884E-05
"p822": 0
"p823": 0
"p824": 0.005103106459606991
"p825": 0.0017386690149988424
"p826": 0.00040456043097916787
"p827": 6.021364554108546E-05
"p828": 0.004544248561928792
"p829": 0.0014978144328345005
"p830": 0.0002483812878569775
"p831": 1.6935087808430286E-05
"p832": 1.1290058538953523E-05
"p833": 3.7633528463178407E-06
"p834": 0
"p835": 0
"p836": 0
"p837": 0
"p838": 0
"p839": 0
"p840": 3.3870175616860565E-05
"p841": 3.7633528463178407E-06
"p842": 0
"p843": 0
"p844": 3.7633528463178407E-06
"p845": 0
"p846": 0
"p847": 0
"p848": 0
"p849": 0
"p850": 0
"p851": 0
"p852": 0
"p853": 0
"p854": 0
"p855": 0
"p856": 0
"p857": 0
"p858": 0
"p859": 0
"p860": 0
"p861": 0
"p862": 0
"p863": 0
"p864": 7.5267056926356815E-06
"p865": 0
"p866": 0
"p867": 0
"p868": 0
"p869": 0
"p870": 0
"p871": 0
"p872": 1.1290058538953523E-05
"p873": 0
"p874": 0
"p875": 0
"p876": 0
"p877": 0
"p878": 0
"p879": 0
"p880": 2.6343469924224887E-05
"p881": 3.7633528463178407E-06
