"p819": 0
"p820": 6.774035123372114E-05
"p821": 5.645029269476761E-06
"p822": 0
"p823": 0
"p824": 0.009267256384057683
"p825": 0.0034886280885366382
"p826": 0.0006548233952593041
"p827": 3.575185204001948E-05
"p828": 0.002630583639576172
"p829": 0.0007545522456867271
"p830": 8.843879188846925E-05
"p831": 1.8816764231589204E-06
"p832": 7.5267056926356815E-06
"p833": 0
"p834": 0
"p835": 0
"p836": 0
"p837": 0
"p838": 0
"p839": 0
"p840": 0.0008749795367688979
"p841": 0.00022768284720222937
"p842": 2.0698440654748124E-05
"p843": 0
"p844": 0.0001844042894695742
"p845": 5.645029269476761E-05
"p846": 5.645029269476761E-06
"p847": 0
"p848": 0.00016935087808430283
"p849": 1.8816764231589203E-05
"p850": 0
"p851": 0
"p852": 0
"p853": 0
"p854": 0
"p855": 0
"p856": 0.0009088497123857582
"p857": 0.000188167642315892
"p858": 2.2580117077907045E-05
"p859": 0
"p860": 0.00016182417239166713
"p861": 6.0213645541085445E-05
"p862": 1.1290058538953523E-05
"p863": 0
"p864": 0.00016182417239166713
"p865": 2.634346992422488E-05
"p866": 0
"p867": 0
"p868": 0
"p869": 0
"p870": 0
"p871": 0
"p872": 0.0065068370712835465
"p873": 0.0020039853906642503
"p874": 0.00030859493339806287
"p875": 1.5053411385271363E-05
"p876": 0.0008091208619583356
"p877": 0.00019193099516220981
"p878": 2.258011707790704E-05
"p879": 0
"p880": 0.00033870175616860566
"p881": 3.76335284631784E-05
