"p819": 5.645029269476761E-06
"p820": 0.0030934760396732655
"p821": 0.001140295912434306
"p822": 0.0001561791431221904
"p823": 5.645029269476761E-06
"p824": 0.000897559653846805
"p825": 0.00016935087808430283
"p826": 1.8816764231589203E-05
"p827": 0
"p828": 0.0010010518571205455
"p829": 0.00018440428946957417
"p830": 2.2580117077907045E-05
"p831": 0
"p832": 0.0028714382217405123
"p833": 0.0009841167693121153
"p834": 0.00019004931873905094
"p835": 1.8816764231589203E-05
"p836": 0.0017819475727314973
"p837": 0.0007056286586845953
"p838": 0.0001561791431221904
"p839": 1.8816764231589203E-05
"p840": 0.002391610733834988
"p841": 0.0006228348960656026
"p842": 6.962202765688005E-05
"p843": 0
"p844": 0.0011252425010490341
"p845": 0.00024461793501065964
"p846": 2.634346992422488E-05
"p847": 0
"p848": 5.645029269476761E-06
"p849": 0
"p850": 0
"p851": 0
"p852": 8.46754390421514E-05
"p853": 3.7633528463178407E-06
"p854": 0
"p855": 0
"p856": 0
"p857": 0
"p858": 0
"p859": 0
"p860": 9.408382115794602E-06
"p861": 3.7633528463178407E-06
"p862": 0
"p863": 0
"p864": 0.0019099015695063035
"p865": 0.000590846396871901
"p866": 0.00010913723254321736
"p867": 2.258011707790704E-05
"p868": 0.001503459462103977
"p869": 0.0005362777806002922
"p870": 9.596549758110492E-05
"p871": 2.258011707790704E-05
"p872": 0.0009954068278510686
"p873": 0.0002747247577812023
"p874": 1.5053411385271361E-05
"p875": 0
"p876": 0.0003217666683601754
"p877": 9.972885042742277E-05
"p878": 0
"p879": 0
"p880": 0.004474626534271914
"p881": 0.0013096467905186079
