"p819": 4.139688130949624E-05
"p820": 0.000660468424528781
"p821": 0.0001486524374295547
"p822": 1.6935087808430286E-05
"p823": 0
"p824": 0.02702840014225474
"p825": 0.011073665750290246
"p826": 0.002581660052574039
"p827": 0.00030294990412858624
"p828": 0.01679960710596284
"p829": 0.0067514550062942056
"p830": 0.0016728103401882802
"p831": 0.0002314462000485472
"p832": 0.0002897781691664737
"p833": 4.516023415581409E-05
"p834": 0
"p835": 0
"p836": 0
"p837": 0
"p838": 0
"p839": 0
"p840": 0.005631857534514648
"p841": 0.0020378555662811104
"p842": 0.0003913886960170554
"p843": 1.8816764231589203E-05
"p844": 0.0009615366522342081
"p845": 0.00031047660982122185
"p846": 4.516023415581409E-05
"p847": 0
"p848": 0.0012324980571690929
"p849": 0.0002991865512822684
"p850": 3.198849919370165E-05
"p851": 1.8816764231589204E-06
"p852": 0
"p853": 0
"p854": 0
"p855": 0
"p856": 0.004277050509840227
"p857": 0.0014338374344470973
"p858": 0.0002766064342043613
"p859": 4.139688130949625E-05
"p860": 0.0009878801221584333
"p861": 0.00034999181470755914
"p862": 5.833196911792654E-05
"p863": 1.1290058538953523E-05
"p864": 0.0024066641452202588
"p865": 0.0006999836294151185
"p866": 9.22021447347871E-05
"p867": 1.1290058538953523E-05
"p868": 6.774035123372114E-05
"p869": 0
"p870": 0
"p871": 0
"p872": 0.042516478781275825
"p873": 0.01711008371578407
"p874": 0.003975982282134801
"p875": 0.00045348401798129997
"p876": 0.016475958761179514
"p877": 0.005733468061365229
"p878": 0.0011177157953563988
"p879": 0.00011290058538953522
"p880": 0.003454757912919778
"p881": 0.0014432458165628916
