"p819": 4.139688130949625E-05
"p820": 0.012930880379948105
"p821": 0.005133213282377535
"p822": 0.00113276920674167
"p823": 0.0001110189089663763
"p824": 0.0038348565503978794
"p825": 0.0014281924051776206
"p826": 0.0002653163756654078
"p827": 9.408382115794602E-06
"p828": 0.00793314780003801
"p829": 0.0029448236022437103
"p830": 0.0005099343106760675
"p831": 1.3171734962112444E-05
"p832": 0
"p833": 0
"p834": 0
"p835": 0
"p836": 3.7633528463178407E-06
"p837": 0
"p838": 0
"p839": 0
"p840": 0
"p841": 0
"p842": 0
"p843": 0
"p844": 0
"p845": 0
"p846": 0
"p847": 0
"p848": 0
"p849": 0
"p850": 0
"p851": 0
"p852": 0
"p853": 0
"p854": 0
"p855": 0
"p856": 0
"p857": 0
"p858": 0
"p859": 0
"p860": 0
"p861": 0
"p862": 0
"p863": 0
"p864": 1.8816764231589203E-05
"p865": 3.7633528463178407E-06
"p866": 0
"p867": 0
"p868": 2.6343469924224887E-05
"p869": 3.7633528463178407E-06
"p870": 0
"p871": 0
"p872": 3.7633528463178407E-06
"p873": 0
"p874": 0
"p875": 0
"p876": 0
"p877": 0
"p878": 0
"p879": 0
"p880": 2.2580117077907045E-05
"p881": 3.7633528463178407E-06
