"p819": 0
"p820": 0.0022937635598307233
"p821": 0.0008241742733436071
"p822": 0.00013548070246744226
"p823": 0
"p824": 0.0003405834325917646
"p825": 6.0213645541085445E-05
"p826": 1.1290058538953521E-05
"p827": 0
"p828": 0.00026155302281908997
"p829": 5.64502926947676E-05
"p830": 1.1290058538953521E-05
"p831": 0
"p832": 0.00026343469924224885
"p833": 5.45686162716087E-05
"p834": 5.645029269476761E-06
"p835": 0
"p836": 0.0002427362585875007
"p837": 6.585867481056221E-05
"p838": 5.645029269476761E-06
"p839": 0
"p840": 0.00015806081954534932
"p841": 5.645029269476761E-06
"p842": 0
"p843": 0
"p844": 7.33853805031979E-05
"p845": 0
"p846": 0
"p847": 0
"p848": 0.000541922809869769
"p849": 0.00013171734962112442
"p850": 1.6935087808430286E-05
"p851": 0
"p852": 0.00031988499193701646
"p853": 7.526705692635681E-05
"p854": 5.645029269476761E-06
"p855": 0
"p856": 0.00045724737082761767
"p857": 3.387017561686057E-05
"p858": 0
"p859": 0
"p860": 0.0001298356731979655
"p861": 5.645029269476761E-06
"p862": 0
"p863": 0
"p864": 5.080526342529086E-05
"p865": 1.1290058538953523E-05
"p866": 0
"p867": 0
"p868": 6.021364554108545E-05
"p869": 1.6935087808430286E-05
"p870": 0
"p871": 0
"p872": 1.1290058538953523E-05
"p873": 1.8816764231589204E-06
"p874": 0
"p875": 0
"p876": 5.645029269476761E-06
"p877": 1.8816764231589204E-06
"p878": 0
"p879": 0
"p880": 0.00021262943581695803
"p881": 3.3870175616860565E-05
