"p819": 1.1290058538953523E-05
"p820": 0
"p821": 0
"p822": 0
"p823": 0
"p824": 0.0023182253533317893
"p825": 0.0007583155985330449
"p826": 7.714873334951573E-05
"p827": 5.645029269476761E-06
"p828": 0.000613426513949808
"p829": 0.0002747247577812024
"p830": 4.8923587002131926E-05
"p831": 5.645029269476761E-06
"p832": 0.0017179705743440945
"p833": 0.00036504522609283053
"p834": 1.8816764231589207E-05
"p835": 0
"p836": 5.080526342529085E-05
"p837": 0
"p838": 0
"p839": 0
"p840": 0.016556870847375338
"p841": 0.0066235010095193995
"p842": 0.001727378956459889
"p843": 0.00026155302281908997
"p844": 0.007592564367446245
"p845": 0.0026644538151930314
"p846": 0.0005720296326403117
"p847": 4.892358700213193E-05
"p848": 0.0036937308186609616
"p849": 0.0013660970832133762
"p850": 0.0002784881106275202
"p851": 7.5267056926356815E-06
"p852": 0.0004760641350592069
"p853": 0.00011666393823585305
"p854": 5.645029269476761E-06
"p855": 0
"p856": 0.018131834013559358
"p857": 0.007334774697473472
"p858": 0.0016370584881482608
"p859": 0.0001392440553137601
"p860": 0.011009688751902842
"p861": 0.004521668444850886
"p862": 0.0009596549758110495
"p863": 4.139688130949625E-05
"p864": 0.0003631635496696716
"p865": 0.00011854561465901197
"p866": 1.6935087808430286E-05
"p867": 0
"p868": 0
"p869": 0
"p870": 0
"p871": 0
"p872": 0.010778242551854295
"p873": 0.0034698113243050487
"p874": 0.00047606413505920693
"p875": 2.2580117077907052E-05
"p876": 0.0026851522558477784
"p877": 0.0008806245660383748
"p878": 7.903040977267466E-05
"p879": 5.645029269476761E-06
"p880": 0.0008505177432678319
"p881": 0.0003180033155138575
