"p819": 0
"p820": 0.0003499918147075592
"p821": 0.000141125731736919
"p822": 2.2580117077907045E-05
"p823": 0
"p824": 0.0010932540018553326
"p825": 0.00026907972851172564
"p826": 3.0106822770542726E-05
"p827": 0
"p828": 0.001885439776005238
"p829": 0.0006811668651835292
"p830": 8.655711546531033E-05
"p831": 0
"p832": 0.0001768775837769385
"p833": 3.387017561686056E-05
"p834": 0
"p835": 0
"p836": 0.00014677076100639576
"p837": 2.634346992422488E-05
"p838": 0
"p839": 0
"p840": 0.0036504522609283056
"p841": 0.0010330403563142475
"p842": 0.00014112573173691902
"p843": 7.5267056926356815E-06
"p844": 0.002357740558218127
"p845": 0.0008467543904215143
"p846": 0.00015994249596850823
"p847": 7.5267056926356815E-06
"p848": 0.000829819302613084
"p849": 0.00021074775939379904
"p850": 2.634346992422488E-05
"p851": 0
"p852": 0.00034622846186124133
"p853": 3.76335284631784E-05
"p854": 0
"p855": 0
"p856": 0.006000666113453798
"p857": 0.0019776419207400246
"p858": 0.0003387017561686056
"p859": 4.139688130949624E-05
"p860": 0.0032440101535259783
"p861": 0.0012268530278996162
"p862": 0.0002521446407032953
"p863": 4.139688130949624E-05
"p864": 1.1290058538953523E-05
"p865": 0
"p866": 0
"p867": 0
"p868": 1.5053411385271363E-05
"p869": 0
"p870": 0
"p871": 0
"p872": 0.0010048152099668632
"p873": 0.00022203781793275263
"p874": 2.2580117077907045E-05
"p875": 0
"p876": 0.000948364917272096
"p877": 0.0002878964927433148
"p878": 3.0106822770542726E-05
"p879": 0
"p880": 9.408382115794602E-05
"p881": 2.2580117077907042E-05
