"p819": 7.5267056926356815E-06
"p820": 0
"p821": 0
"p822": 0
"p823": 0
"p824": 0.007046878204730158
"p825": 0.0026042401696519447
"p826": 0.00040644210740232686
"p827": 1.8816764231589207E-05
"p828": 0.001460180904371322
"p829": 0.0006077814846803313
"p830": 8.843879188846926E-05
"p831": 5.645029269476761E-06
"p832": 0.002235431590712797
"p833": 0.0006529417188361453
"p834": 8.655711546531033E-05
"p835": 1.1290058538953523E-05
"p836": 6.774035123372114E-05
"p837": 0
"p838": 0
"p839": 0
"p840": 0.028710618864558814
"p841": 0.012390839246501495
"p842": 0.0031743881258691
"p843": 0.00042525887163391617
"p844": 0.012424709422118351
"p845": 0.004564947002583541
"p846": 0.000972826710773162
"p847": 0.00010349220327374062
"p848": 0.0035620134690398358
"p849": 0.0014300740816007794
"p850": 0.00032364834478333426
"p851": 4.139688130949624E-05
"p852": 0.0004911175464444781
"p853": 0.00011478226181269414
"p854": 5.645029269476761E-06
"p855": 0
"p856": 0.03295379919878219
"p857": 0.015527593843907415
"p858": 0.004346672537497109
"p859": 0.0006868118944530062
"p860": 0.01649665720183426
"p861": 0.0069772561770732764
"p862": 0.001625768429609307
"p863": 0.00013171734962112442
"p864": 0.00046289240009709447
"p865": 0.00018252261304641524
"p866": 4.139688130949625E-05
"p867": 5.645029269476761E-06
"p868": 0
"p869": 0
"p870": 0
"p871": 0
"p872": 0.01937562212926741
"p873": 0.007425095165785102
"p874": 0.0013943222295607607
"p875": 5.080526342529085E-05
"p876": 0.005204716986457575
"p877": 0.0016878637515735516
"p878": 0.0001938126715853688
"p879": 9.408382115794602E-06
"p880": 0.0013284635547501978
"p881": 0.0004911175464444782
