"p819": 0.00017123255450746173
"p820": 0.018632359942119637
"p821": 0.008567272754642566
"p822": 0.0022373132671359565
"p823": 0.0002954231984359505
"p824": 0.007261389316970273
"p825": 0.002365267263910763
"p826": 0.0003236483447833343
"p827": 1.317173496211244E-05
"p828": 0.014671431071370106
"p829": 0.005342079365348177
"p830": 0.000997288504274228
"p831": 6.774035123372113E-05
"p832": 0.0014752343157565934
"p833": 0.00046289240009709447
"p834": 6.774035123372113E-05
"p835": 0
"p836": 0.00486037020101949
"p837": 0.0018647413353504896
"p838": 0.00037821696105494294
"p839": 1.8816764231589203E-05
"p840": 0.0002013393772780045
"p841": 5.268693984844976E-05
"p842": 5.645029269476761E-06
"p843": 0
"p844": 0.0005287510749076567
"p845": 0.00016558752523798497
"p846": 1.1290058538953523E-05
"p847": 0
"p848": 0.0016013066361082412
"p849": 0.0005042892814065906
"p850": 7.714873334951574E-05
"p851": 1.1290058538953523E-05
"p852": 0.0033719641503007856
"p853": 0.0012136812929375038
"p854": 0.0002464996114338186
"p855": 4.139688130949625E-05
"p856": 0.0002973048748591094
"p857": 0.00011101890896637632
"p858": 3.0106822770542726E-05
"p859": 5.645029269476761E-06
"p860": 0.0013058834376722906
"p861": 0.000519342692791862
"p862": 0.00011101890896637629
"p863": 7.5267056926356815E-06
"p864": 0.017273789564598893
"p865": 0.007129671967349151
"p866": 0.001659638605226168
"p867": 0.00020510273012432233
"p868": 0.029944998598151067
"p869": 0.012562071801008951
"p870": 0.0030257356884395453
"p871": 0.0003537551675538771
"p872": 0.008044166709004387
"p873": 0.0027623009891972953
"p874": 0.0004892358700213193
"p875": 1.88167642315892E-05
"p876": 0.00858985287172047
"p877": 0.002540263171264542
"p878": 0.0003669269025159895
"p879": 1.6935087808430286E-05
"p880": 0.018632359942119633
"p881": 0.008567272754642564
