"p819": 0
"p820": 0.0009370748587331423
"p821": 0.0003048315805517451
"p822": 4.5160234155814084E-05
"p823": 0
"p824": 0.0005099343106760674
"p825": 0.00013548070246744226
"p826": 0
"p827": 0
"p828": 0.00037257193178546626
"p829": 7.150370408003898E-05
"p830": 0
"p831": 0
"p832": 4.5160234155814084E-05
"p833": 3.7633528463178407E-06
"p834": 0
"p835": 0
"p836": 0.00023709122931802403
"p837": 3.575185204001949E-05
"p838": 0
"p839": 0
"p840": 1.8816764231589204E-06
"p841": 0
"p842": 0
"p843": 0
"p844": 1.3171734962112444E-05
"p845": 0
"p846": 0
"p847": 0
"p848": 0.0001204272910821709
"p849": 2.258011707790705E-05
"p850": 0
"p851": 0
"p852": 0.00016182417239166713
"p853": 6.021364554108545E-05
"p854": 1.1290058538953523E-05
"p855": 0
"p856": 1.5053411385271363E-05
"p857": 3.7633528463178407E-06
"p858": 0
"p859": 0
"p860": 0.00010725555612005845
"p861": 3.763352846317841E-05
"p862": 0
"p863": 0
"p864": 0.00066235010095194
"p865": 0.0001279539967748066
"p866": 1.1290058538953523E-05
"p867": 0
"p868": 0.0007150370408003897
"p869": 0.000165587525237985
"p870": 2.2580117077907045E-05
"p871": 0
"p872": 0.0001825226130464153
"p873": 1.6935087808430282E-05
"p874": 0
"p875": 0
"p876": 5.2686939848449775E-05
"p877": 7.5267056926356815E-06
"p878": 0
"p879": 0
"p880": 0.0012268530278996162
"p881": 0.00038950701959389653
