"p819": 2.6343469924224887E-05
"p820": 0.00919951603282396
"p821": 0.0037012575243535965
"p822": 0.0007413805107246147
"p823": 4.892358700213193E-05
"p824": 0.0018026460133862457
"p825": 0.0005118159870992264
"p826": 5.45686162716087E-05
"p827": 5.645029269476761E-06
"p828": 0.0034829830592671618
"p829": 0.0009276664766173479
"p830": 0.00012230896750532982
"p831": 9.408382115794602E-06
"p832": 0.001584371548299811
"p833": 0.0005042892814065906
"p834": 7.714873334951574E-05
"p835": 1.1290058538953523E-05
"p836": 0.0032891703876817926
"p837": 0.0012174446457838216
"p838": 0.00025214464070329537
"p839": 4.139688130949625E-05
"p840": 0.0002973048748591094
"p841": 0.00011101890896637632
"p842": 3.0106822770542726E-05
"p843": 5.645029269476761E-06
"p844": 0.0013058834376722906
"p845": 0.000519342692791862
"p846": 0.00011101890896637629
"p847": 7.5267056926356815E-06
"p848": 5.080526342529084E-05
"p849": 0
"p850": 0
"p851": 0
"p852": 0.0004214955187875982
"p853": 8.091208619583358E-05
"p854": 5.645029269476761E-06
"p855": 0
"p856": 0
"p857": 0
"p858": 0
"p859": 0
"p860": 0
"p861": 0
"p862": 0
"p863": 0
"p864": 0.0266953434153556
"p865": 0.011833863025246453
"p866": 0.003048315805517451
"p867": 0.00040079707813285006
"p868": 0.04147403004284579
"p869": 0.01799823498751508
"p870": 0.004852843495326857
"p871": 0.0007489072164172505
"p872": 0.015599097547987453
"p873": 0.006375119721662423
"p874": 0.0014112573173691906
"p875": 4.892358700213192E-05
"p876": 0.017334003210139975
"p877": 0.00629420763546659
"p878": 0.0011572310002427363
"p879": 5.268693984844976E-05
"p880": 0.010272071594024546
"p881": 0.003599646997503015
