"p819": 0
"p820": 0
"p821": 0
"p822": 0
"p823": 0
"p824": 0.00012230896750532982
"p825": 1.6935087808430286E-05
"p826": 0
"p827": 0
"p828": 4.8923587002131926E-05
"p829": 5.645029269476761E-06
"p830": 0
"p831": 0
"p832": 0.0001392440553137601
"p833": 6.021364554108545E-05
"p834": 1.1290058538953523E-05
"p835": 0
"p836": 3.7633528463178407E-06
"p837": 0
"p838": 0
"p839": 0
"p840": 0.0001505341138527136
"p841": 1.5053411385271363E-05
"p842": 0
"p843": 0
"p844": 9.972885042742277E-05
"p845": 3.763352846317841E-05
"p846": 0
"p847": 0
"p848": 0
"p849": 0
"p850": 0
"p851": 0
"p852": 0
"p853": 0
"p854": 0
"p855": 0
"p856": 0
"p857": 0
"p858": 0
"p859": 0
"p860": 0
"p861": 0
"p862": 0
"p863": 0
"p864": 0.0009954068278510688
"p865": 0.0003443467854380824
"p866": 5.833196911792653E-05
"p867": 1.1290058538953523E-05
"p868": 0
"p869": 0
"p870": 0
"p871": 0
"p872": 0.0014884060507187062
"p873": 0.00033682007974544673
"p874": 4.704191057897301E-05
"p875": 1.1290058538953523E-05
"p876": 0.0007620789513793628
"p877": 0.00018440428946957417
"p878": 1.1290058538953523E-05
"p879": 0
"p880": 0.0006322432781813972
"p881": 0.00011478226181269414
