"p819": 8.655711546531035E-05
"p820": 1.5053411385271363E-05
"p821": 3.7633528463178407E-06
"p822": 0
"p823": 0
"p824": 0.009011348390508071
"p825": 0.002991865512822683
"p826": 0.0005118159870992262
"p827": 4.516023415581409E-05
"p828": 0.005438044862929279
"p829": 0.0018195811011946757
"p830": 0.000329293374052811
"p831": 3.198849919370165E-05
"p832": 6.397699838740331E-05
"p833": 3.7633528463178407E-06
"p834": 0
"p835": 0
"p836": 0
"p837": 0
"p838": 0
"p839": 0
"p840": 5.645029269476761E-05
"p841": 3.7633528463178407E-06
"p842": 0
"p843": 0
"p844": 3.575185204001949E-05
"p845": 7.5267056926356815E-06
"p846": 0
"p847": 0
"p848": 1.6935087808430286E-05
"p849": 0
"p850": 0
"p851": 0
"p852": 0
"p853": 0
"p854": 0
"p855": 0
"p856": 0
"p857": 0
"p858": 0
"p859": 0
"p860": 0
"p861": 0
"p862": 0
"p863": 0
"p864": 0.0002897781691664737
"p865": 6.021364554108545E-05
"p866": 5.645029269476761E-06
"p867": 0
"p868": 0
"p869": 0
"p870": 0
"p871": 0
"p872": 0.0010687922083542668
"p873": 0.00016935087808430283
"p874": 5.645029269476761E-06
"p875": 0
"p876": 7.714873334951573E-05
"p877": 5.645029269476761E-06
"p878": 0
"p879": 0
"p880": 0.00040644210740232675
"p881": 6.585867481056221E-05
