"p819": 8.655711546531035E-05
"p820": 0.00040644210740232675
"p821": 6.585867481056221E-05
"p822": 5.645029269476761E-06
"p823": 0
"p824": 0.009903263015085395
"p825": 0.003827329844705244
"p826": 0.0007959491269962232
"p827": 5.833196911792654E-05
"p828": 0.01139543241865042
"p829": 0.0042883405683791795
"p830": 0.0008015941562657001
"p831": 3.010682277054273E-05
"p832": 3.7633528463178407E-06
"p833": 0
"p834": 0
"p835": 0
"p836": 0
"p837": 0
"p838": 0
"p839": 0
"p840": 0
"p841": 0
"p842": 0
"p843": 0
"p844": 0
"p845": 0
"p846": 0
"p847": 0
"p848": 0
"p849": 0
"p850": 0
"p851": 0
"p852": 0
"p853": 0
"p854": 0
"p855": 0
"p856": 0
"p857": 0
"p858": 0
"p859": 0
"p860": 0
"p861": 0
"p862": 0
"p863": 0
"p864": 2.6343469924224887E-05
"p865": 3.7633528463178407E-06
"p866": 0
"p867": 0
"p868": 0
"p869": 0
"p870": 0
"p871": 0
"p872": 2.2580117077907045E-05
"p873": 3.7633528463178407E-06
"p874": 0
"p875": 0
"p876": 0
"p877": 0
"p878": 0
"p879": 0
"p880": 1.5053411385271363E-05
"p881": 3.7633528463178407E-06
