"p819": 0
"p820": 9.784717400426384E-05
"p821": 2.258011707790704E-05
"p822": 0
"p823": 0
"p824": 0.004493443298503502
"p825": 0.0012644865563627944
"p826": 0.00018440428946957417
"p827": 7.5267056926356815E-06
"p828": 0.003814158109743132
"p829": 0.0014037306116765546
"p830": 0.0002784881106275202
"p831": 7.5267056926356815E-06
"p832": 0
"p833": 0
"p834": 0
"p835": 0
"p836": 1.1290058538953523E-05
"p837": 0
"p838": 0
"p839": 0
"p840": 7.714873334951574E-05
"p841": 3.7633528463178407E-06
"p842": 0
"p843": 0
"p844": 0.0001034922032737406
"p845": 1.5053411385271363E-05
"p846": 0
"p847": 0
"p848": 0
"p849": 0
"p850": 0
"p851": 0
"p852": 0
"p853": 0
"p854": 0
"p855": 0
"p856": 0
"p857": 0
"p858": 0
"p859": 0
"p860": 1.5053411385271363E-05
"p861": 0
"p862": 0
"p863": 0
"p864": 7.338538050319788E-05
"p865": 5.645029269476761E-06
"p866": 0
"p867": 0
"p868": 3.951520488633733E-05
"p869": 0
"p870": 0
"p871": 0
"p872": 0.0008580444489604678
"p873": 0.000165587525237985
"p874": 1.6935087808430286E-05
"p875": 0
"p876": 0.0004666557529434121
"p877": 9.22021447347871E-05
"p878": 5.645029269476761E-06
"p879": 0
"p880": 0
"p881": 0
