"p819": 0
"p820": 0.0018271078068873114
"p821": 0.0006717584830677346
"p822": 8.655711546531033E-05
"p823": 0
"p824": 0.00019569434800852776
"p825": 6.0213645541085445E-05
"p826": 7.5267056926356815E-06
"p827": 0
"p828": 0.0004290222244802338
"p829": 0.00012042729108217089
"p830": 1.1290058538953523E-05
"p831": 0
"p832": 0.0026287019631530116
"p833": 0.0008298193026130838
"p834": 0.00013359902604428333
"p835": 7.5267056926356815E-06
"p836": 0.0021601645337864404
"p837": 0.0008128842148046536
"p838": 0.00015994249596850823
"p839": 7.5267056926356815E-06
"p840": 0.0015147495206429304
"p841": 0.00028225146347383805
"p842": 7.5267056926356815E-06
"p843": 0
"p844": 0.0006962202765688005
"p845": 8.279376261899248E-05
"p846": 0
"p847": 0
"p848": 0.0037106659064693914
"p849": 0.0013679787596365346
"p850": 0.0002803697870506791
"p851": 4.139688130949624E-05
"p852": 0.002182744650864347
"p853": 0.0009370748587331422
"p854": 0.00022580117077907044
"p855": 4.139688130949624E-05
"p856": 0.0030389074234016566
"p857": 0.0008655711546531032
"p858": 8.467543904215141E-05
"p859": 0
"p860": 0.0011967462051290729
"p861": 0.0003236483447833343
"p862": 2.634346992422488E-05
"p863": 0
"p864": 0.0008373460083057194
"p865": 0.0002107477593937991
"p866": 2.2580117077907045E-05
"p867": 0
"p868": 0.0009257848001941889
"p869": 0.0002878964927433148
"p870": 3.0106822770542726E-05
"p871": 0
"p872": 0.00020510273012432233
"p873": 2.8225146347383808E-05
"p874": 0
"p875": 0
"p876": 5.080526342529085E-05
"p877": 1.6935087808430282E-05
"p878": 0
"p879": 0
"p880": 0.0021037142410916727
"p881": 0.0005456861627160869
