"p819": 0
"p820": 0.0004196138423644392
"p821": 6.962202765688003E-05
"p822": 0
"p823": 0
"p824": 0.0018101727190788814
"p825": 0.000566384603370835
"p826": 0.00010349220327374062
"p827": 2.634346992422489E-05
"p828": 0.005355251100310288
"p829": 0.0017574857792304317
"p830": 0.00037257193178546626
"p831": 5.456861627160869E-05
"p832": 0.00010725555612005845
"p833": 3.3870175616860565E-05
"p834": 0
"p835": 0
"p836": 0.0007131553643772309
"p837": 8.843879188846926E-05
"p838": 3.7633528463178407E-06
"p839": 0
"p840": 0.0005381594570234513
"p841": 0.00012607232035164768
"p842": 1.3171734962112442E-05
"p843": 0
"p844": 0.0015918982539924464
"p845": 0.0004610107236739355
"p846": 3.7633528463178407E-05
"p847": 0
"p848": 0
"p849": 0
"p850": 0
"p851": 0
"p852": 0
"p853": 0
"p854": 0
"p855": 0
"p856": 0
"p857": 0
"p858": 0
"p859": 0
"p860": 0.00010161052685058169
"p861": 5.645029269476761E-06
"p862": 0
"p863": 0
"p864": 0.0028940183388184194
"p865": 0.001008578562813181
"p866": 0.00013171734962112442
"p867": 5.645029269476761E-06
"p868": 0.0054625066564303465
"p869": 0.001748077397114637
"p870": 0.0003029499041285862
"p871": 7.5267056926356815E-06
"p872": 0.015676246281336965
"p873": 0.005929162409373759
"p874": 0.001160994353089054
"p875": 6.962202765688005E-05
"p876": 0.033256749102910765
"p877": 0.012146221311490832
"p878": 0.002587305081843515
"p879": 0.00021074775939379907
"p880": 0.00026343469924224885
"p881": 3.0106822770542726E-05
