"p819": 0
"p820": 0.0013623337303670586
"p821": 0.0004873541935981603
"p822": 9.596549758110495E-05
"p823": 7.5267056926356815E-06
"p824": 0.004963862404293231
"p825": 0.0015392113141439968
"p826": 0.0002013393772780045
"p827": 1.1290058538953523E-05
"p828": 0.008409211935097216
"p829": 0.003212021654332277
"p830": 0.0005362777806002922
"p831": 3.3870175616860565E-05
"p832": 5.645029269476761E-06
"p833": 0
"p834": 0
"p835": 0
"p836": 5.645029269476761E-06
"p837": 0
"p838": 0
"p839": 0
"p840": 0.00040079707813285006
"p841": 6.962202765688005E-05
"p842": 5.645029269476761E-06
"p843": 0
"p844": 0.00019193099516220987
"p845": 4.1396881309496255E-05
"p846": 5.645029269476761E-06
"p847": 0
"p848": 4.516023415581409E-05
"p849": 5.645029269476761E-06
"p850": 0
"p851": 0
"p852": 1.5053411385271363E-05
"p853": 0
"p854": 0
"p855": 0
"p856": 0.000846754390421514
"p857": 0.00015806081954534927
"p858": 5.645029269476761E-06
"p859": 0
"p860": 0.000306713256974904
"p861": 5.456861627160869E-05
"p862": 5.645029269476761E-06
"p863": 0
"p864": 0
"p865": 0
"p866": 0
"p867": 0
"p868": 0
"p869": 0
"p870": 0
"p871": 0
"p872": 0.00012230896750532982
"p873": 1.3171734962112442E-05
"p874": 0
"p875": 0
"p876": 9.032046831162818E-05
"p877": 1.8816764231589203E-05
"p878": 0
"p879": 0
"p880": 1.1290058538953523E-05
"p881": 0
