"p819": 5.645029269476761E-06
"p820": 0.004021142516290613
"p821": 0.0014677076100639579
"p822": 0.0002841331398969969
"p823": 7.5267056926356815E-06
"p824": 0.009692515255691599
"p825": 0.0038160397861662903
"p826": 0.0007733690099183163
"p827": 4.139688130949625E-05
"p828": 0.01739609853210422
"p829": 0.00716542381938917
"p830": 0.0015900165775692876
"p831": 0.00013171734962112442
"p832": 0
"p833": 0
"p834": 0
"p835": 0
"p836": 0
"p837": 0
"p838": 0
"p839": 0
"p840": 0
"p841": 0
"p842": 0
"p843": 0
"p844": 3.7633528463178407E-06
"p845": 0
"p846": 0
"p847": 0
"p848": 0
"p849": 0
"p850": 0
"p851": 0
"p852": 0
"p853": 0
"p854": 0
"p855": 0
"p856": 0
"p857": 0
"p858": 0
"p859": 0
"p860": 0
"p861": 0
"p862": 0
"p863": 0
"p864": 0
"p865": 0
"p866": 0
"p867": 0
"p868": 0
"p869": 0
"p870": 0
"p871": 0
"p872": 2.2580117077907045E-05
"p873": 3.7633528463178407E-06
"p874": 0
"p875": 0
"p876": 2.6343469924224887E-05
"p877": 3.7633528463178407E-06
"p878": 0
"p879": 0
"p880": 3.7633528463178407E-06
"p881": 0
