"p819": 0
"p820": 0.0010198686213521348
"p821": 0.00036504522609283053
"p822": 5.833196911792653E-05
"p823": 1.1290058538953523E-05
"p824": 0.010511044499765731
"p825": 0.003639162202389352
"p826": 0.0007169187172235487
"p827": 7.714873334951573E-05
"p828": 0.013499146659742101
"p829": 0.005340197688925016
"p830": 0.0010669105319311078
"p831": 9.972885042742277E-05
"p832": 0
"p833": 0
"p834": 0
"p835": 0
"p836": 5.645029269476761E-06
"p837": 0
"p838": 0
"p839": 0
"p840": 7.903040977267466E-05
"p841": 3.7633528463178407E-06
"p842": 0
"p843": 0
"p844": 6.397699838740331E-05
"p845": 3.7633528463178407E-06
"p846": 0
"p847": 0
"p848": 0
"p849": 0
"p850": 0
"p851": 0
"p852": 0
"p853": 0
"p854": 0
"p855": 0
"p856": 0
"p857": 0
"p858": 0
"p859": 0
"p860": 1.6935087808430286E-05
"p861": 0
"p862": 0
"p863": 0
"p864": 5.080526342529085E-05
"p865": 5.645029269476761E-06
"p866": 0
"p867": 0
"p868": 2.0698440654748128E-05
"p869": 0
"p870": 0
"p871": 0
"p872": 0.0009540099465415725
"p873": 0.00016370584881482606
"p874": 5.645029269476761E-06
"p875": 0
"p876": 0.00036880857893914845
"p877": 6.585867481056221E-05
"p878": 5.645029269476761E-06
"p879": 0
"p880": 0
"p881": 0
