"p819": 0
"p820": 3.3870175616860565E-05
"p821": 0
"p822": 0
"p823": 0
"p824": 0.009455424026373574
"p825": 0.0031856781844080513
"p826": 0.0006585867481056221
"p827": 8.279376261899248E-05
"p828": 0.0019550618036621183
"p829": 0.0005889647204487421
"p830": 6.021364554108545E-05
"p831": 0
"p832": 0
"p833": 0
"p834": 0
"p835": 0
"p836": 0
"p837": 0
"p838": 0
"p839": 0
"p840": 0.00010349220327374062
"p841": 1.8816764231589203E-05
"p842": 0
"p843": 0
"p844": 0
"p845": 0
"p846": 0
"p847": 0
"p848": 1.1290058538953523E-05
"p849": 0
"p850": 0
"p851": 0
"p852": 0
"p853": 0
"p854": 0
"p855": 0
"p856": 0.00019004931873905094
"p857": 1.8816764231589203E-05
"p858": 0
"p859": 0
"p860": 0
"p861": 0
"p862": 0
"p863": 0
"p864": 5.645029269476761E-06
"p865": 0
"p866": 0
"p867": 0
"p868": 0
"p869": 0
"p870": 0
"p871": 0
"p872": 0.0006265982489119205
"p873": 0.00014300740816007796
"p874": 1.1290058538953523E-05
"p875": 0
"p876": 5.645029269476761E-06
"p877": 0
"p878": 0
"p879": 0
"p880": 3.387017561686057E-05
"p881": 0
