"p819": 2.4461793501065966E-05
"p820": 0.004943163963638484
"p821": 0.0016521118995335322
"p822": 0.0003631635496696717
"p823": 5.456861627160869E-05
"p824": 0.00031423996266753966
"p825": 0.00010349220327374062
"p826": 2.4461793501065966E-05
"p827": 1.8816764231589204E-06
"p828": 0.0014300740816007794
"p829": 0.00036880857893914834
"p830": 5.4568616271608685E-05
"p831": 5.645029269476761E-06
"p832": 0.0005381594570234512
"p833": 0.0001373623788906012
"p834": 1.3171734962112442E-05
"p835": 0
"p836": 0.0017857109255778152
"p837": 0.00047230078221288907
"p838": 3.7633528463178407E-05
"p839": 0
"p840": 9.596549758110495E-05
"p841": 2.2580117077907045E-05
"p842": 0
"p843": 0
"p844": 0.0004534840179812998
"p845": 0.0001749959073537796
"p846": 3.0106822770542726E-05
"p847": 0
"p848": 0
"p849": 0
"p850": 0
"p851": 0
"p852": 0.00010161052685058169
"p853": 5.645029269476761E-06
"p854": 0
"p855": 0
"p856": 0
"p857": 0
"p858": 0
"p859": 0
"p860": 0
"p861": 0
"p862": 0
"p863": 0
"p864": 0.012735186031939578
"p865": 0.004913057140867941
"p866": 0.0009653000050805262
"p867": 6.962202765688005E-05
"p868": 0.027101785522757927
"p869": 0.009585259699571544
"p870": 0.0020359738898579516
"p871": 0.00019004931873905094
"p872": 0.004937518934369007
"p873": 0.0018176994247715169
"p874": 0.0003462284618612414
"p875": 9.408382115794602E-06
"p876": 0.011713435734164281
"p877": 0.003942112106517938
"p878": 0.0006529417188361454
"p879": 1.3171734962112444E-05
"p880": 0.004943163963638484
"p881": 0.001652111899533532
