"p819": 0
"p820": 0
"p821": 0
"p822": 0
"p823": 0
"p824": 0.002673862197308825
"p825": 0.0009032046831162818
"p826": 0.00011290058538953522
"p827": 0
"p828": 0.0002559079935496131
"p829": 5.080526342529084E-05
"p830": 0
"p831": 0
"p832": 0.00014677076100639576
"p833": 2.634346992422488E-05
"p834": 0
"p835": 0
"p836": 0
"p837": 0
"p838": 0
"p839": 0
"p840": 0.005270575661268137
"p841": 0.0016765736930345982
"p842": 0.00027848811062752013
"p843": 1.5053411385271363E-05
"p844": 0.000658586748105622
"p845": 0.00016370584881482606
"p846": 2.258011707790704E-05
"p847": 0
"p848": 0.00034622846186124133
"p849": 3.76335284631784E-05
"p850": 0
"p851": 0
"p852": 3.3870175616860565E-05
"p853": 0
"p854": 0
"p855": 0
"p856": 0.008162712323663399
"p857": 0.002696442314386733
"p858": 0.0005456861627160869
"p859": 8.279376261899248E-05
"p860": 0.0015918982539924469
"p861": 0.0004610107236739355
"p862": 3.7633528463178407E-05
"p863": 0
"p864": 1.5053411385271363E-05
"p865": 0
"p866": 0
"p867": 0
"p868": 0
"p869": 0
"p870": 0
"p871": 0
"p872": 0.0016972721336893457
"p873": 0.0004685374293665712
"p874": 5.268693984844977E-05
"p875": 0
"p876": 0.0002088660829706401
"p877": 4.139688130949624E-05
"p878": 0
"p879": 0
"p880": 0.00021827446508643471
"p881": 6.774035123372113E-05
