"p819": 5.645029269476761E-06
"p820": 3.7633528463178407E-06
"p821": 0
"p822": 0
"p823": 0
"p824": 0.0021601645337864404
"p825": 0.0005776746619097884
"p826": 8.843879188846925E-05
"p827": 5.645029269476761E-06
"p828": 0.0014526541986786864
"p829": 0.00029165984558963265
"p830": 2.2580117077907045E-05
"p831": 0
"p832": 0.0018496879239652188
"p833": 0.0007056286586845953
"p834": 0.0001561791431221904
"p835": 1.8816764231589203E-05
"p836": 1.505341138527136E-05
"p837": 0
"p838": 0
"p839": 0
"p840": 0.004749351292053116
"p841": 0.0014131389937923492
"p842": 0.000237091229318024
"p843": 1.8816764231589203E-05
"p844": 0.0014376007872934147
"p845": 0.00035563684397703593
"p846": 3.7633528463178407E-05
"p847": 0
"p848": 8.091208619583358E-05
"p849": 3.7633528463178407E-06
"p850": 0
"p851": 0
"p852": 3.7633528463178407E-06
"p853": 0
"p854": 0
"p855": 0
"p856": 5.645029269476761E-06
"p857": 0
"p858": 0
"p859": 0
"p860": 9.408382115794602E-06
"p861": 3.7633528463178407E-06
"p862": 0
"p863": 0
"p864": 0.001503459462103977
"p865": 0.0005362777806002922
"p866": 9.596549758110492E-05
"p867": 2.258011707790704E-05
"p868": 0
"p869": 0
"p870": 0
"p871": 0
"p872": 0.002374675646026557
"p873": 0.0006679951302214167
"p874": 0.00010161052685058167
"p875": 2.258011707790704E-05
"p876": 0.0007413805107246144
"p877": 0.00019004931873905094
"p878": 0
"p879": 0
"p880": 0.004461454799309801
"p881": 0.0016539935759566906
