"p819": 0
"p820": 0.002047263948396905
"p821": 0.0007601972749562039
"p822": 0.0001486524374295547
"p823": 1.8816764231589203E-05
"p824": 0.012055900843179203
"p825": 0.004094527896793812
"p826": 0.0007601972749562039
"p827": 7.714873334951574E-05
"p828": 0.015410929905671564
"p829": 0.006027009583378022
"p830": 0.0011647577059353718
"p831": 0.00010349220327374062
"p832": 3.387017561686057E-05
"p833": 5.645029269476761E-06
"p834": 0
"p835": 0
"p836": 7.5267056926356815E-06
"p837": 0
"p838": 0
"p839": 0
"p840": 0.0005870830440255832
"p841": 0.000118545614659012
"p842": 5.645029269476761E-06
"p843": 0
"p844": 0.00021827446508643477
"p845": 4.7041910578973015E-05
"p846": 5.645029269476761E-06
"p847": 0
"p848": 0
"p849": 0
"p850": 0
"p851": 0
"p852": 0
"p853": 0
"p854": 0
"p855": 0
"p856": 0
"p857": 0
"p858": 0
"p859": 0
"p860": 2.258011707790704E-05
"p861": 0
"p862": 0
"p863": 0
"p864": 1.6935087808430286E-05
"p865": 0
"p866": 0
"p867": 0
"p868": 1.3171734962112444E-05
"p869": 0
"p870": 0
"p871": 0
"p872": 0.00040267875455600894
"p873": 5.268693984844976E-05
"p874": 0
"p875": 0
"p876": 0.0001787592602000974
"p877": 2.6343469924224887E-05
"p878": 0
"p879": 0
"p880": 1.1290058538953523E-05
"p881": 0
