"p819": 4.139688130949624E-05
"p820": 0.0034547579129197772
"p821": 0.0014432458165628919
"p822": 0.00032929337405281106
"p823": 4.139688130949624E-05
"p824": 0.002852621457508923
"p825": 0.0008674528310762622
"p826": 8.467543904215141E-05
"p827": 0
"p828": 0.0012550781742469998
"p829": 0.00033117505047596993
"p830": 2.634346992422488E-05
"p831": 0
"p832": 3.575185204001949E-05
"p833": 3.7633528463178407E-06
"p834": 0
"p835": 0
"p836": 7.338538050319788E-05
"p837": 1.5053411385271363E-05
"p838": 0
"p839": 0
"p840": 5.645029269476761E-06
"p841": 0
"p842": 0
"p843": 0
"p844": 1.1290058538953523E-05
"p845": 0
"p846": 0
"p847": 0
"p848": 7.33853805031979E-05
"p849": 3.7633528463178407E-06
"p850": 0
"p851": 0
"p852": 0.00011854561465901197
"p853": 1.5053411385271363E-05
"p854": 0
"p855": 0
"p856": 2.0698440654748124E-05
"p857": 5.645029269476761E-06
"p858": 0
"p859": 0
"p860": 3.387017561686057E-05
"p861": 5.645029269476761E-06
"p862": 0
"p863": 0
"p864": 0.00029730487485910944
"p865": 6.021364554108545E-05
"p866": 5.645029269476761E-06
"p867": 0
"p868": 0.00027848811062752024
"p869": 7.714873334951573E-05
"p870": 5.645029269476761E-06
"p871": 0
"p872": 0.00016370584881482606
"p873": 5.645029269476761E-06
"p874": 0
"p875": 0
"p876": 6.774035123372114E-05
"p877": 0
"p878": 0
"p879": 0
"p880": 0.000660468424528781
"p881": 0.00014865243742955472
