"p819": 0
"p820": 3.5751852040019496E-05
"p821": 5.645029269476761E-06
"p822": 0
"p823": 0
"p824": 0.0001580608195453493
"p825": 3.198849919370165E-05
"p826": 1.8816764231589204E-06
"p827": 0
"p828": 0.00028036978705067917
"p829": 6.39769983874033E-05
"p830": 7.5267056926356815E-06
"p831": 0
"p832": 2.0698440654748124E-05
"p833": 1.8816764231589204E-06
"p834": 0
"p835": 0
"p836": 1.5053411385271361E-05
"p837": 0
"p838": 0
"p839": 0
"p840": 0.0007075103351077541
"p841": 0.00012983567319796552
"p842": 1.1290058538953523E-05
"p843": 0
"p844": 0.0006454150131435097
"p845": 0.00015994249596850823
"p846": 2.2580117077907045E-05
"p847": 0
"p848": 0.00013359902604428333
"p849": 1.317173496211244E-05
"p850": 0
"p851": 0
"p852": 9.784717400426387E-05
"p853": 2.2580117077907045E-05
"p854": 0
"p855": 0
"p856": 0.0016201234003398303
"p857": 0.00045912904725077655
"p858": 6.962202765688005E-05
"p859": 1.1290058538953523E-05
"p860": 0.0009878801221584331
"p861": 0.0003499918147075592
"p862": 5.833196911792653E-05
"p863": 1.1290058538953523E-05
"p864": 0
"p865": 0
"p866": 0
"p867": 0
"p868": 3.7633528463178407E-06
"p869": 0
"p870": 0
"p871": 0
"p872": 8.467543904215141E-05
"p873": 7.5267056926356815E-06
"p874": 0
"p875": 0
"p876": 0.0001091372325432174
"p877": 9.408382115794602E-06
"p878": 0
"p879": 0
"p880": 1.1290058538953523E-05
"p881": 0
