"p819": 4.516023415581409E-05
"p820": 8.279376261899248E-05
"p821": 3.198849919370165E-05
"p822": 0
"p823": 0
"p824": 0.0053571327767334455
"p825": 0.0017330239857293657
"p826": 0.00022391949435591148
"p827": 9.408382115794602E-06
"p828": 0.0072105840535449835
"p829": 0.0023577405582181268
"p830": 0.00040832378382548573
"p831": 3.763352846317841E-05
"p832": 0.011532794797541025
"p833": 0.005799326736175793
"p834": 0.001780065896308339
"p835": 0.0003462284618612414
"p836": 0.0003970337252865322
"p837": 6.774035123372113E-05
"p838": 5.645029269476761E-06
"p839": 0
"p840": 0.016970839660470305
"p841": 0.007921857741499056
"p842": 0.0021620462102095997
"p843": 0.0002483812878569775
"p844": 0.016965194631200827
"p845": 0.0071748322015049645
"p846": 0.0016295317824556249
"p847": 0.00012983567319796552
"p848": 0.000306713256974904
"p849": 5.456861627160869E-05
"p850": 5.645029269476761E-06
"p851": 0
"p852": 9.032046831162818E-05
"p853": 1.6935087808430282E-05
"p854": 0
"p855": 0
"p856": 2.2580117077907045E-05
"p857": 1.8816764231589204E-06
"p858": 0
"p859": 0
"p860": 4.1396881309496255E-05
"p861": 1.5053411385271363E-05
"p862": 0
"p863": 0
"p864": 0.0222019001168521
"p865": 0.009398973733678808
"p866": 0.0023408054704096974
"p867": 0.00026907972851172564
"p868": 3.198849919370165E-05
"p869": 1.8816764231589204E-06
"p870": 0
"p871": 0
"p872": 0.018224036158294148
"p873": 0.00756433922109886
"p874": 0.0017254972800367298
"p875": 0.00016182417239166716
"p876": 0.015928390922040268
"p877": 0.005470033362122981
"p878": 0.0009878801221584333
"p879": 7.714873334951573E-05
"p880": 0.015062819767387159
"p881": 0.0058971739101800575
