"p819": 0
"p820": 0
"p821": 0
"p822": 0
"p823": 0
"p824": 0.0010179869449289758
"p825": 0.00028601481632015586
"p826": 2.258011707790705E-05
"p827": 0
"p828": 0.0006190715432192849
"p829": 0.00014488908458323686
"p830": 1.1290058538953523E-05
"p831": 0
"p832": 0.00019757602443168663
"p833": 2.8225146347383808E-05
"p834": 0
"p835": 0
"p836": 0
"p837": 0
"p838": 0
"p839": 0
"p840": 6.209532196424438E-05
"p841": 7.5267056926356815E-06
"p842": 0
"p843": 0
"p844": 2.6343469924224887E-05
"p845": 3.7633528463178407E-06
"p846": 0
"p847": 0
"p848": 0.0001392440553137601
"p849": 6.021364554108545E-05
"p850": 1.1290058538953523E-05
"p851": 0
"p852": 3.7633528463178407E-06
"p853": 0
"p854": 0
"p855": 0
"p856": 0.0001505341138527136
"p857": 1.5053411385271363E-05
"p858": 0
"p859": 0
"p860": 9.972885042742277E-05
"p861": 3.763352846317841E-05
"p862": 0
"p863": 0
"p864": 0.0007093920115309129
"p865": 0.000165587525237985
"p866": 2.2580117077907045E-05
"p867": 0
"p868": 0
"p869": 0
"p870": 0
"p871": 0
"p872": 0.0006153081903729669
"p873": 9.972885042742278E-05
"p874": 1.1290058538953523E-05
"p875": 0
"p876": 0.00023897290574118288
"p877": 2.8225146347383805E-05
"p878": 0
"p879": 0
"p880": 0.0010198686213521348
"p881": 0.00036504522609283053
