"p819": 0
"p820": 0.0010048152099668634
"p821": 0.0002860148163201559
"p822": 5.2686939848449775E-05
"p823": 1.1290058538953523E-05
"p824": 0.0019795235971631843
"p825": 0.0006435333367203508
"p826": 0.00012419064392848875
"p827": 3.198849919370165E-05
"p828": 0.006335604516776085
"p829": 0.002190271356556983
"p830": 0.0004102054602486446
"p831": 6.0213645541085445E-05
"p832": 0.0021695729159022354
"p833": 0.0008166475676509714
"p834": 0.00012607232035164763
"p835": 5.645029269476761E-06
"p836": 0.003618463761734605
"p837": 0.0012531964978238412
"p838": 0.00022768284720222932
"p839": 7.5267056926356815E-06
"p840": 0.007135316996618627
"p841": 0.0029354152201279157
"p842": 0.0006228348960656025
"p843": 3.198849919370165E-05
"p844": 0.012838678235213313
"p845": 0.005289392425499725
"p846": 0.001198627881552232
"p847": 9.220214473478709E-05
"p848": 0
"p849": 0
"p850": 0
"p851": 0
"p852": 6.774035123372113E-05
"p853": 0
"p854": 0
"p855": 0
"p856": 5.645029269476761E-06
"p857": 0
"p858": 0
"p859": 0
"p860": 6.774035123372113E-05
"p861": 5.645029269476761E-06
"p862": 0
"p863": 0
"p864": 0.0007131553643772308
"p865": 0.0001975760244316866
"p866": 5.645029269476761E-06
"p867": 0
"p868": 0.0018421612182725829
"p869": 0.0005513311919855637
"p870": 9.220214473478709E-05
"p871": 0
"p872": 0.009342523440984041
"p873": 0.0035074448527682273
"p874": 0.0006322432781813973
"p875": 4.892358700213193E-05
"p876": 0.021490626428898034
"p877": 0.00784282733172638
"p878": 0.001539211314143997
"p879": 0.00012983567319796552
"p880": 0.0005456861627160869
"p881": 0.000165587525237985
