"p819": 0
"p820": 0
"p821": 0
"p822": 0
"p823": 0
"p824": 0.0002051027301243223
"p825": 4.7041910578973015E-05
"p826": 3.7633528463178407E-06
"p827": 0
"p828": 0.00011101890896637627
"p829": 2.6343469924224884E-05
"p830": 1.8816764231589204E-06
"p831": 0
"p832": 0.0007188003936467076
"p833": 0.0002615530228190899
"p834": 4.8923587002131926E-05
"p835": 1.1290058538953523E-05
"p836": 0
"p837": 0
"p838": 0
"p839": 0
"p840": 0.0011704027352048485
"p841": 0.00027660643420436126
"p842": 3.7633528463178407E-05
"p843": 1.1290058538953523E-05
"p844": 0.00073197212860882
"p845": 0.00018252261304641527
"p846": 1.1290058538953523E-05
"p847": 0
"p848": 2.6343469924224887E-05
"p849": 3.7633528463178407E-06
"p850": 0
"p851": 0
"p852": 3.7633528463178407E-06
"p853": 0
"p854": 0
"p855": 0
"p856": 5.645029269476761E-06
"p857": 0
"p858": 0
"p859": 0
"p860": 3.7633528463178407E-06
"p861": 3.7633528463178407E-06
"p862": 0
"p863": 0
"p864": 0.0002803697870506791
"p865": 8.279376261899248E-05
"p866": 9.4083821157946E-06
"p867": 0
"p868": 0
"p869": 0
"p870": 0
"p871": 0
"p872": 0.00031423996266753966
"p873": 6.021364554108545E-05
"p874": 9.4083821157946E-06
"p875": 0
"p876": 4.7041910578973E-05
"p877": 1.8816764231589204E-06
"p878": 0
"p879": 0
"p880": 0.0007526705692635681
"p881": 0.00019004931873905096
