"p819": 0
"p820": 0
"p821": 0
"p822": 0
"p823": 0
"p824": 0.004149096513065419
"p825": 0.0012776582913249066
"p826": 0.00019569434800852768
"p827": 0
"p828": 0.0002973048748591094
"p829": 5.080526342529085E-05
"p830": 0
"p831": 0
"p832": 5.645029269476761E-06
"p833": 0
"p834": 0
"p835": 0
"p836": 0
"p837": 0
"p838": 0
"p839": 0
"p840": 0.0005513311919855637
"p841": 0.00012607232035164768
"p842": 1.1290058538953523E-05
"p843": 0
"p844": 5.645029269476761E-06
"p845": 0
"p846": 0
"p847": 0
"p848": 3.387017561686057E-05
"p849": 0
"p850": 0
"p851": 0
"p852": 0
"p853": 0
"p854": 0
"p855": 0
"p856": 0.0011497042945501003
"p857": 0.0002577896699727721
"p858": 2.2580117077907045E-05
"p859": 0
"p860": 0.00010161052685058169
"p861": 5.645029269476761E-06
"p862": 0
"p863": 0
"p864": 0
"p865": 0
"p866": 0
"p867": 0
"p868": 0
"p869": 0
"p870": 0
"p871": 0
"p872": 0.00011666393823585305
"p873": 2.8225146347383805E-05
"p874": 0
"p875": 0
"p876": 0
"p877": 0
"p878": 0
"p879": 0
"p880": 2.2580117077907045E-05
"p881": 3.7633528463178407E-06
