"p819": 1.6935087808430282E-05
"p820": 0.0048509618189036974
"p821": 0.0016897454279967104
"p822": 0.00032929337405281106
"p823": 4.139688130949624E-05
"p824": 0.016605794434377475
"p825": 0.00643157001435719
"p826": 0.0013924405531376015
"p827": 0.00017311423093062066
"p828": 0.026623839711275573
"p829": 0.011655103765046353
"p830": 0.0028808466038563072
"p831": 0.0003612818732465127
"p832": 3.9515204886337324E-05
"p833": 1.6935087808430282E-05
"p834": 0
"p835": 0
"p836": 0.0003518734911307182
"p837": 4.516023415581409E-05
"p838": 0
"p839": 0
"p840": 0.0016332951353019425
"p841": 0.0004911175464444783
"p842": 6.774035123372113E-05
"p843": 0
"p844": 0.004950690669331119
"p845": 0.0018892031288515556
"p846": 0.00037821696105494294
"p847": 1.8816764231589203E-05
"p848": 0.00019945770085484554
"p849": 4.3278557732655166E-05
"p850": 0
"p851": 0
"p852": 0.0013397536132891516
"p853": 0.0002991865512822684
"p854": 3.198849919370165E-05
"p855": 1.8816764231589204E-06
"p856": 0.0017518407499609548
"p857": 0.0005325144277539746
"p858": 8.27937626189925E-05
"p859": 1.1290058538953523E-05
"p860": 0.0032440101535259787
"p861": 0.001226853027899616
"p862": 0.00025214464070329537
"p863": 4.139688130949625E-05
"p864": 0.00174243236784516
"p865": 0.0005268693984844978
"p866": 7.338538050319788E-05
"p867": 0
"p868": 0.0024405343208371193
"p869": 0.0006999836294151185
"p870": 9.22021447347871E-05
"p871": 1.1290058538953523E-05
"p872": 0.023315852559362193
"p873": 0.009096023829550224
"p874": 0.0019531801272389595
"p875": 0.00021827446508643477
"p876": 0.03489945262032851
"p877": 0.014191603583464578
"p878": 0.00326094524133441
"p879": 0.0003650452260928306
"p880": 0.004023024192713772
"p881": 0.0017763025434620206
