"p819": 6.774035123372113E-05
"p820": 0.013856665180142292
"p821": 0.00538535792308083
"p822": 0.0010518571205458366
"p823": 9.22021447347871E-05
"p824": 0.003998562399212706
"p825": 0.0012381430864385698
"p826": 0.00019193099516220987
"p827": 1.1290058538953523E-05
"p828": 0.0036448072316588283
"p829": 0.0012193263222069805
"p830": 0.0001674692016611439
"p831": 9.408382115794602E-06
"p832": 0.0003443467854380824
"p833": 7.903040977267466E-05
"p834": 5.645029269476761E-06
"p835": 0
"p836": 0.00016746920166114393
"p837": 4.1396881309496255E-05
"p838": 5.645029269476761E-06
"p839": 0
"p840": 0.00030671325697490405
"p841": 4.516023415581409E-05
"p842": 0
"p843": 0
"p844": 6.962202765688005E-05
"p845": 5.645029269476761E-06
"p846": 0
"p847": 0
"p848": 0
"p849": 0
"p850": 0
"p851": 0
"p852": 2.258011707790704E-05
"p853": 0
"p854": 0
"p855": 0
"p856": 0
"p857": 0
"p858": 0
"p859": 0
"p860": 0
"p861": 0
"p862": 0
"p863": 0
"p864": 0.0002577896699727721
"p865": 3.575185204001949E-05
"p866": 0
"p867": 0
"p868": 0.00015053411385271363
"p869": 2.6343469924224887E-05
"p870": 0
"p871": 0
"p872": 0.00014300740816007793
"p873": 2.0698440654748124E-05
"p874": 0
"p875": 0
"p876": 1.5053411385271363E-05
"p877": 3.7633528463178407E-06
"p878": 0
"p879": 0
"p880": 0.0006134265139498079
"p881": 9.784717400426384E-05
