"p819": 5.645029269476761E-06
"p820": 9.784717400426385E-05
"p821": 2.8225146347383805E-05
"p822": 0
"p823": 0
"p824": 0.0006585867481056222
"p825": 0.00019381267158536877
"p826": 1.8816764231589203E-05
"p827": 0
"p828": 0.000848636066844673
"p829": 0.000304831580551745
"p830": 4.139688130949625E-05
"p831": 5.645029269476761E-06
"p832": 0.009965358337049642
"p833": 0.004036195927675884
"p834": 0.0010593838262384723
"p835": 0.00016746920166114393
"p836": 5.268693984844976E-05
"p837": 5.645029269476761E-06
"p838": 0
"p839": 0
"p840": 0.007116500232387038
"p841": 0.0028168696054689034
"p842": 0.000733853805031979
"p843": 9.408382115794602E-05
"p844": 0.009839286016697996
"p845": 0.003285407034835475
"p846": 0.000660468424528781
"p847": 5.456861627160869E-05
"p848": 0.008894684452272218
"p849": 0.00371254758289255
"p850": 0.0008467543904215141
"p851": 8.091208619583358E-05
"p852": 0.0004346672537497106
"p853": 6.585867481056221E-05
"p854": 5.645029269476761E-06
"p855": 0
"p856": 0.00991643475004751
"p857": 0.003928940371555826
"p858": 0.0008618078018067854
"p859": 6.209532196424438E-05
"p860": 0.01271072423843851
"p861": 0.004928110552253212
"p862": 0.0009446015644257779
"p863": 3.387017561686057E-05
"p864": 0.007440148577170373
"p865": 0.0024141908509128945
"p866": 0.0003594001968233538
"p867": 1.5053411385271363E-05
"p868": 0
"p869": 0
"p870": 0
"p871": 0
"p872": 0.0034585212657660958
"p873": 0.0011290058538953522
"p874": 0.0001392440553137601
"p875": 9.408382115794602E-06
"p876": 0.0031047660982122176
"p877": 0.0010330403563142472
"p878": 0.00011854561465901196
"p879": 7.5267056926356815E-06
"p880": 0.004826500025402631
"p881": 0.0015956616068387645
