"p819": 0
"p820": 0
"p821": 0
"p822": 0
"p823": 0
"p824": 0.004931873905099531
"p825": 0.0016107150182240355
"p826": 0.00023144620004854718
"p827": 1.1290058538953523E-05
"p828": 0.0007093920115309128
"p829": 0.0001223089675053298
"p830": 0
"p831": 0
"p832": 0.0002483812878569774
"p833": 2.2580117077907042E-05
"p834": 0
"p835": 0
"p836": 3.3870175616860565E-05
"p837": 0
"p838": 0
"p839": 0
"p840": 0.006388291456624538
"p841": 0.0020547906540895407
"p842": 0.00039327037244021434
"p843": 3.7633528463178407E-05
"p844": 0.001198627881552232
"p845": 0.00035563684397703593
"p846": 3.7633528463178407E-05
"p847": 0
"p848": 1.1290058538953523E-05
"p849": 0
"p850": 0
"p851": 0
"p852": 0
"p853": 0
"p854": 0
"p855": 0
"p856": 8.655711546531035E-05
"p857": 3.7633528463178407E-06
"p858": 0
"p859": 0
"p860": 0
"p861": 0
"p862": 0
"p863": 0
"p864": 0.00016746920166114393
"p865": 1.88167642315892E-05
"p866": 0
"p867": 0
"p868": 0
"p869": 0
"p870": 0
"p871": 0
"p872": 0.0038612000203221046
"p873": 0.0011158341189332398
"p874": 0.0001975760244316866
"p875": 4.516023415581408E-05
"p876": 0.0007865407448804288
"p877": 0.00016182417239166716
"p878": 0
"p879": 0
"p880": 0.0002991865512822683
"p881": 9.032046831162818E-05
