"p819": 0
"p820": 0.0013171734962112442
"p821": 0.00047230078221288896
"p822": 9.408382115794603E-05
"p823": 7.5267056926356815E-06
"p824": 0.0026494004038077595
"p825": 0.0007733690099183163
"p826": 0.00010725555612005847
"p827": 5.645029269476761E-06
"p828": 0.006113566698843332
"p829": 0.002446179350106596
"p830": 0.00038950701959389653
"p831": 1.8816764231589207E-05
"p832": 0.0015749631661840166
"p833": 0.000496762575713955
"p834": 7.338538050319788E-05
"p835": 0
"p836": 0.0022693017663296573
"p837": 0.0006529417188361453
"p838": 8.655711546531033E-05
"p839": 1.1290058538953523E-05
"p840": 0.016984011395432423
"p841": 0.0070939201153091295
"p842": 0.0016765736930345982
"p843": 0.0002051027301243223
"p844": 0.023074997977197843
"p845": 0.01011024742163288
"p846": 0.002576015023304563
"p847": 0.00034058343259176464
"p848": 0.003936467077248462
"p849": 0.0017518407499609546
"p850": 0.00038009863747810193
"p851": 1.6935087808430282E-05
"p852": 0.0037953413455115415
"p853": 0.0014601809043713221
"p854": 0.0003180033155138575
"p855": 4.139688130949624E-05
"p856": 0.023415581409789613
"p857": 0.010667223642887922
"p858": 0.0027472475778120243
"p859": 0.00030859493339806303
"p860": 0.02281156327795559
"p861": 0.01113764274867765
"p862": 0.0031442813030985563
"p863": 0.0005099343106760675
"p864": 0.00023520955289486504
"p865": 7.150370408003898E-05
"p866": 5.645029269476761E-06
"p867": 0
"p868": 0.00046289240009709447
"p869": 0.00018252261304641524
"p870": 4.139688130949625E-05
"p871": 5.645029269476761E-06
"p872": 0.008510822461947799
"p873": 0.0029786937778605712
"p874": 0.00045348401798129986
"p875": 1.8816764231589203E-05
"p876": 0.016387519969291043
"p877": 0.006333722840352928
"p878": 0.0011497042945501008
"p879": 4.139688130949625E-05
"p880": 0.00039327037244021434
"p881": 0.0001448890845832369
