"p819": 1.1290058538953523E-05
"p820": 3.3870175616860565E-05
"p821": 0
"p822": 0
"p823": 0
"p824": 0.011532794797541027
"p825": 0.004341027508227629
"p826": 0.0007978308034193823
"p827": 4.892358700213193E-05
"p828": 0.0045818820903919715
"p829": 0.0016483485466872142
"p830": 0.0003330567268991289
"p831": 3.951520488633733E-05
"p832": 0.0012099179400911857
"p833": 0.0002991865512822684
"p834": 3.198849919370165E-05
"p835": 1.8816764231589204E-06
"p836": 0
"p837": 0
"p838": 0
"p839": 0
"p840": 0.004188611717951756
"p841": 0.0014376007872934154
"p842": 0.00028225146347383805
"p843": 4.139688130949625E-05
"p844": 0.0009653000050805263
"p845": 0.00034999181470755914
"p846": 5.833196911792654E-05
"p847": 1.1290058538953523E-05
"p848": 0
"p849": 0
"p850": 0
"p851": 0
"p852": 0
"p853": 0
"p854": 0
"p855": 0
"p856": 0.00043843060659602847
"p857": 8.091208619583358E-05
"p858": 5.645029269476761E-06
"p859": 0
"p860": 3.3870175616860565E-05
"p861": 0
"p862": 0
"p863": 0
"p864": 0.0050523011961817015
"p865": 0.0017781842198851799
"p866": 0.00036316354966967166
"p867": 4.139688130949624E-05
"p868": 0.000517461016368703
"p869": 0.00011478226181269414
"p870": 5.645029269476761E-06
"p871": 0
"p872": 0.06524712997303561
"p873": 0.02799370014733527
"p874": 0.007253862611277641
"p875": 0.0010161052685058176
"p876": 0.02747059410169709
"p877": 0.01058442988026893
"p878": 0.002284355177714929
"p879": 0.0001956943480085277
"p880": 0.001017986944928976
"p881": 0.0003725719317854662
