"p819": 0
"p820": 0.0012268530278996164
"p821": 0.00038950701959389653
"p822": 6.397699838740328E-05
"p823": 1.1290058538953523E-05
"p824": 0.005846368646754765
"p825": 0.0019287183337378935
"p826": 0.00034434678543808234
"p827": 2.6343469924224887E-05
"p828": 0.010960765164900712
"p829": 0.004352317566766584
"p830": 0.0008636894782299445
"p831": 6.962202765688005E-05
"p832": 0.00018816764231589203
"p833": 4.3278557732655166E-05
"p834": 0
"p835": 0
"p836": 0.0013171734962112444
"p837": 0.0002991865512822684
"p838": 3.198849919370165E-05
"p839": 1.8816764231589204E-06
"p840": 0.0017349056621525246
"p841": 0.0005325144277539746
"p842": 8.27937626189925E-05
"p843": 1.1290058538953523E-05
"p844": 0.003161216390906986
"p845": 0.001230616380745934
"p846": 0.0002577896699727721
"p847": 4.139688130949625E-05
"p848": 0
"p849": 0
"p850": 0
"p851": 0
"p852": 0
"p853": 0
"p854": 0
"p855": 0
"p856": 5.080526342529084E-05
"p857": 0
"p858": 0
"p859": 0
"p860": 0.0004214955187875982
"p861": 8.091208619583358E-05
"p862": 5.645029269476761E-06
"p863": 0
"p864": 0.00479262984978577
"p865": 0.001964470185777913
"p866": 0.0003970337252865322
"p867": 1.6935087808430282E-05
"p868": 0.005328907630386062
"p869": 0.0018082910426557223
"p870": 0.00035751852040019486
"p871": 4.139688130949624E-05
"p872": 0.037932715014460695
"p873": 0.016022474743198213
"p874": 0.0038630816967452648
"p875": 0.0004290222244802339
"p876": 0.051638846080750284
"p877": 0.022062656061538344
"p878": 0.005673254415824146
"p879": 0.0007921857741499056
"p880": 0.0009370748587331422
"p881": 0.0003048315805517451
