"p819": 0
"p820": 0.00046289240009709436
"p821": 0.00015241579027587253
"p822": 2.2580117077907045E-05
"p823": 0
"p824": 0.0026061218460751052
"p825": 0.0006284799253350794
"p826": 9.4083821157946E-05
"p827": 5.645029269476761E-06
"p828": 0.0032797620055659985
"p829": 0.0011534676473964184
"p830": 0.0001561791431221904
"p831": 5.645029269476761E-06
"p832": 0.0006736401594908933
"p833": 0.0001768775837769385
"p834": 2.634346992422488E-05
"p835": 0
"p836": 0.0002483812878569774
"p837": 2.2580117077907042E-05
"p838": 0
"p839": 0
"p840": 0.0045517752676214294
"p841": 0.0014225473759081433
"p842": 0.00023332787647170608
"p843": 1.8816764231589203E-05
"p844": 0.0025873050818435153
"p845": 0.0009276664766173476
"p846": 0.00018252261304641527
"p847": 1.8816764231589203E-05
"p848": 0
"p849": 0
"p850": 0
"p851": 0
"p852": 1.1290058538953523E-05
"p853": 0
"p854": 0
"p855": 0
"p856": 5.645029269476761E-06
"p857": 0
"p858": 0
"p859": 0
"p860": 8.091208619583358E-05
"p861": 3.7633528463178407E-06
"p862": 0
"p863": 0
"p864": 0.00023520955289486501
"p865": 3.76335284631784E-05
"p866": 0
"p867": 0
"p868": 0.00016746920166114393
"p869": 1.88167642315892E-05
"p870": 0
"p871": 0
"p872": 0.002751010930658342
"p873": 0.000773369009918316
"p874": 0.00012419064392848873
"p875": 2.258011707790704E-05
"p876": 0.0018478062475420596
"p877": 0.0006077814846803312
"p878": 9.596549758110492E-05
"p879": 2.258011707790704E-05
"p880": 0.00018440428946957417
"p881": 4.516023415581408E-05
