"p819": 0
"p820": 0.00043090390090339274
"p821": 0.00013359902604428335
"p822": 1.5053411385271363E-05
"p823": 0
"p824": 0.002139466093131692
"p825": 0.000713155364377231
"p826": 7.903040977267465E-05
"p827": 5.645029269476761E-06
"p828": 0.00533455265965554
"p829": 0.0018026460133862454
"p830": 0.00027284308135804345
"p831": 1.3171734962112444E-05
"p832": 0
"p833": 0
"p834": 0
"p835": 0
"p836": 0
"p837": 0
"p838": 0
"p839": 0
"p840": 3.7633528463178407E-06
"p841": 3.7633528463178407E-06
"p842": 0
"p843": 0
"p844": 3.7633528463178407E-06
"p845": 3.7633528463178407E-06
"p846": 0
"p847": 0
"p848": 0
"p849": 0
"p850": 0
"p851": 0
"p852": 0
"p853": 0
"p854": 0
"p855": 0
"p856": 0
"p857": 0
"p858": 0
"p859": 0
"p860": 5.645029269476761E-06
"p861": 0
"p862": 0
"p863": 0
"p864": 0
"p865": 0
"p866": 0
"p867": 0
"p868": 0
"p869": 0
"p870": 0
"p871": 0
"p872": 9.784717400426387E-05
"p873": 2.2580117077907045E-05
"p874": 0
"p875": 0
"p876": 6.021364554108545E-05
"p877": 1.1290058538953523E-05
"p878": 0
"p879": 0
"p880": 0
"p881": 0
