"p819": 0
"p820": 0.0009163764180783942
"p821": 0.00038198031390126086
"p822": 9.220214473478711E-05
"p823": 1.1290058538953523E-05
"p824": 0.0023219887061781074
"p825": 0.0007714873334951572
"p826": 0.00010349220327374063
"p827": 9.408382115794602E-06
"p828": 0.005654437651592556
"p829": 0.001859096306081013
"p830": 0.0002013393772780045
"p831": 1.1290058538953523E-05
"p832": 0
"p833": 0
"p834": 0
"p835": 0
"p836": 0
"p837": 0
"p838": 0
"p839": 0
"p840": 0.00011101890896637629
"p841": 2.6343469924224887E-05
"p842": 0
"p843": 0
"p844": 7.714873334951574E-05
"p845": 1.5053411385271363E-05
"p846": 0
"p847": 0
"p848": 3.7633528463178407E-06
"p849": 0
"p850": 0
"p851": 0
"p852": 0
"p853": 0
"p854": 0
"p855": 0
"p856": 0.0001016105268505817
"p857": 2.6343469924224887E-05
"p858": 0
"p859": 0
"p860": 4.1396881309496255E-05
"p861": 1.5053411385271363E-05
"p862": 0
"p863": 0
"p864": 0
"p865": 0
"p866": 0
"p867": 0
"p868": 0
"p869": 0
"p870": 0
"p871": 0
"p872": 4.1396881309496255E-05
"p873": 9.408382115794602E-06
"p874": 0
"p875": 0
"p876": 3.9515204886337324E-05
"p877": 9.408382115794602E-06
"p878": 0
"p879": 0
"p880": 0
"p881": 0
