"p819": 1.1290058538953523E-05
"p820": 0
"p821": 0
"p822": 0
"p823": 0
"p824": 0.002931651867281597
"p825": 0.0009859984457352743
"p826": 9.596549758110495E-05
"p827": 5.645029269476761E-06
"p828": 0.0007921857741499054
"p829": 0.0003706902553623074
"p830": 4.8923587002131926E-05
"p831": 5.645029269476761E-06
"p832": 0.0019625885093547536
"p833": 0.00048359084075184244
"p834": 3.387017561686056E-05
"p835": 0
"p836": 5.080526342529086E-05
"p837": 0
"p838": 0
"p839": 0
"p840": 0.021040905763763055
"p841": 0.008183410764318146
"p842": 0.0019136649223526216
"p843": 0.00025214464070329537
"p844": 0.009429080556449351
"p845": 0.0031329912445596025
"p846": 0.0005870830440255831
"p847": 4.516023415581409E-05
"p848": 0.0040380776040990435
"p849": 0.0015279212556050434
"p850": 0.0003010682277054272
"p851": 7.5267056926356815E-06
"p852": 0.0005174610163687031
"p853": 0.0001279539967748066
"p854": 5.645029269476761E-06
"p855": 0
"p856": 0.02108042096864939
"p857": 0.008473188933484619
"p858": 0.0018082910426557226
"p859": 0.00014300740816007793
"p860": 0.012710724238438508
"p861": 0.004928110552253212
"p862": 0.0009446015644257779
"p863": 3.3870175616860565E-05
"p864": 0.00038386199032441963
"p865": 0.00013736237889060116
"p866": 1.6935087808430282E-05
"p867": 0
"p868": 0
"p869": 0
"p870": 0
"p871": 0
"p872": 0.014116336526538221
"p873": 0.004743706262783641
"p874": 0.0004929992228676371
"p875": 2.2580117077907052E-05
"p876": 0.0035601317926166774
"p877": 0.0009671816815036851
"p878": 8.655711546531033E-05
"p879": 5.645029269476761E-06
"p880": 0.0009069680359625995
"p881": 0.00037821696105494305
