"p819": 0
"p820": 0.0001599424959685082
"p821": 4.516023415581409E-05
"p822": 0
"p823": 0
"p824": 3.7633528463178407E-06
"p825": 3.7633528463178407E-06
"p826": 3.7633528463178407E-06
"p827": 0
"p828": 2.8225146347383805E-05
"p829": 1.3171734962112444E-05
"p830": 3.7633528463178407E-06
"p831": 0
"p832": 0.0011497042945501003
"p833": 0.00040644210740232686
"p834": 7.150370408003896E-05
"p835": 1.317173496211244E-05
"p836": 0.0011534676473964182
"p837": 0.0004365489301728695
"p838": 8.843879188846924E-05
"p839": 1.317173496211244E-05
"p840": 0.0005532128684087226
"p841": 0.00017123255450746173
"p842": 2.4461793501065963E-05
"p843": 0
"p844": 0.00024461793501065964
"p845": 9.596549758110493E-05
"p846": 2.4461793501065963E-05
"p847": 0
"p848": 0.001130887530318511
"p849": 0.0004139688130949625
"p850": 8.843879188846925E-05
"p851": 7.5267056926356815E-06
"p852": 0.0009370748587331425
"p853": 0.0003706902553623073
"p854": 8.091208619583358E-05
"p855": 7.5267056926356815E-06
"p856": 0.0007282087757625021
"p857": 0.00023520955289486501
"p858": 4.139688130949624E-05
"p859": 0
"p860": 0.0004610107236739354
"p861": 0.00015053411385271363
"p862": 2.6343469924224884E-05
"p863": 0
"p864": 0.0005268693984844977
"p865": 0.0001712325545074617
"p866": 2.446179350106596E-05
"p867": 0
"p868": 0.0007451438635709324
"p869": 0.00024085458216434175
"p870": 4.139688130949624E-05
"p871": 0
"p872": 7.150370408003898E-05
"p873": 9.408382115794602E-06
"p874": 3.76335284631784E-06
"p875": 3.76335284631784E-06
"p876": 2.0698440654748124E-05
"p877": 5.6450292694767605E-06
"p878": 3.76335284631784E-06
"p879": 3.76335284631784E-06
"p880": 0.00029165984558963265
"p881": 0.00012230896750532982
