"p819": 4.5160234155814084E-05
"p820": 0.015062819767387155
"p821": 0.005897173910180057
"p822": 0.001251314821400682
"p823": 0.00011478226181269415
"p824": 0.005048537843335384
"p825": 0.0019136649223526218
"p826": 0.00034058343259176464
"p827": 9.408382115794602E-06
"p828": 0.00897747821489121
"p829": 0.003200731595793323
"p830": 0.0005118159870992265
"p831": 1.3171734962112444E-05
"p832": 1.5053411385271363E-05
"p833": 5.645029269476761E-06
"p834": 0
"p835": 0
"p836": 2.8225146347383805E-05
"p837": 5.645029269476761E-06
"p838": 0
"p839": 0
"p840": 0
"p841": 0
"p842": 0
"p843": 0
"p844": 0
"p845": 0
"p846": 0
"p847": 0
"p848": 3.7633528463178407E-06
"p849": 3.7633528463178407E-06
"p850": 0
"p851": 0
"p852": 9.408382115794602E-06
"p853": 3.7633528463178407E-06
"p854": 0
"p855": 0
"p856": 0
"p857": 0
"p858": 0
"p859": 0
"p860": 0
"p861": 0
"p862": 0
"p863": 0
"p864": 0.00011290058538953522
"p865": 2.0698440654748124E-05
"p866": 0
"p867": 0
"p868": 0.00010913723254321737
"p869": 1.5053411385271363E-05
"p870": 0
"p871": 0
"p872": 3.575185204001949E-05
"p873": 5.645029269476761E-06
"p874": 0
"p875": 0
"p876": 0
"p877": 0
"p878": 0
"p879": 0
"p880": 8.27937626189925E-05
"p881": 3.198849919370165E-05
