"p819": 0
"p820": 0.0004083237838254858
"p821": 0.00010913723254321737
"p822": 7.5267056926356815E-06
"p823": 0
"p824": 2.2580117077907045E-05
"p825": 1.5053411385271363E-05
"p826": 5.645029269476761E-06
"p827": 0
"p828": 7.903040977267465E-05
"p829": 3.0106822770542726E-05
"p830": 5.645029269476761E-06
"p831": 0
"p832": 0.001606951665377718
"p833": 0.0005099343106760674
"p834": 8.279376261899248E-05
"p835": 1.317173496211244E-05
"p836": 0.0015862532247229695
"p837": 0.0005701479562171528
"p838": 0.00011101890896637629
"p839": 1.317173496211244E-05
"p840": 0.0007188003936467075
"p841": 0.000188167642315892
"p842": 2.4461793501065963E-05
"p843": 0
"p844": 0.0002973048748591094
"p845": 0.00010349220327374062
"p846": 2.4461793501065963E-05
"p847": 0
"p848": 0.001960706832931595
"p849": 0.0006943386001456417
"p850": 0.00014677076100639576
"p851": 1.8816764231589203E-05
"p852": 0.001509104491373454
"p853": 0.0006077814846803313
"p854": 0.00013359902604428333
"p855": 1.8816764231589203E-05
"p856": 0.0012626048799396355
"p857": 0.000378216961054943
"p858": 4.704191057897301E-05
"p859": 0
"p860": 0.0006868118944530059
"p861": 0.0002088660829706401
"p862": 2.6343469924224884E-05
"p863": 0
"p864": 0.0005908463968719009
"p865": 0.00017875926020009738
"p866": 2.446179350106596E-05
"p867": 0
"p868": 0.0008091208619583356
"p869": 0.0002483812878569775
"p870": 4.139688130949624E-05
"p871": 0
"p872": 7.526705692635681E-05
"p873": 9.408382115794602E-06
"p874": 3.76335284631784E-06
"p875": 3.76335284631784E-06
"p876": 2.0698440654748124E-05
"p877": 5.6450292694767605E-06
"p878": 3.76335284631784E-06
"p879": 3.76335284631784E-06
"p880": 0.0005475678391392458
"p881": 0.0001862859658927331
