"p819": 0
"p820": 0
"p821": 0
"p822": 0
"p823": 0
"p824": 0.00019004931873905096
"p825": 6.0213645541085445E-05
"p826": 0
"p827": 0
"p828": 3.3870175616860565E-05
"p829": 3.0106822770542722E-05
"p830": 0
"p831": 0
"p832": 0.00012607232035164766
"p833": 2.6343469924224884E-05
"p834": 0
"p835": 0
"p836": 0
"p837": 0
"p838": 0
"p839": 0
"p840": 0.002568488317611926
"p841": 0.0008749795367688979
"p842": 0.0001618241723916671
"p843": 2.634346992422488E-05
"p844": 0.00028977816916647367
"p845": 7.714873334951572E-05
"p846": 0
"p847": 0
"p848": 0.00021639278866327584
"p849": 7.338538050319788E-05
"p850": 1.505341138527136E-05
"p851": 0
"p852": 2.2580117077907045E-05
"p853": 3.7633528463178407E-06
"p854": 0
"p855": 0
"p856": 0.0026625721387698725
"p857": 0.0009765900636194795
"p858": 0.00020698440654748124
"p859": 1.5053411385271363E-05
"p860": 0.0004534840179812998
"p861": 0.00017499590735377957
"p862": 3.0106822770542722E-05
"p863": 0
"p864": 2.4461793501065966E-05
"p865": 5.645029269476761E-06
"p866": 0
"p867": 0
"p868": 0
"p869": 0
"p870": 0
"p871": 0
"p872": 0.0012419064392848872
"p873": 0.00038386199032441963
"p874": 6.58586748105622E-05
"p875": 0
"p876": 7.52670569263568E-05
"p877": 2.446179350106596E-05
"p878": 0
"p879": 0
"p880": 0.00010913723254321737
"p881": 2.6343469924224887E-05
