"p819": 0
"p820": 0.00018440428946957417
"p821": 4.516023415581409E-05
"p822": 0
"p823": 0
"p824": 0.0014658259336407988
"p825": 0.00044407563586550526
"p826": 4.516023415581409E-05
"p827": 0
"p828": 0.0015015777856808182
"p829": 0.0004723007822128891
"p830": 5.645029269476761E-05
"p831": 0
"p832": 0
"p833": 0
"p834": 0
"p835": 0
"p836": 3.7633528463178407E-06
"p837": 0
"p838": 0
"p839": 0
"p840": 0.00017123255450746173
"p841": 3.9515204886337324E-05
"p842": 0
"p843": 0
"p844": 0.0004666557529434121
"p845": 0.0001298356731979655
"p846": 9.408382115794602E-06
"p847": 0
"p848": 2.634346992422488E-05
"p849": 1.1290058538953518E-05
"p850": 0
"p851": 0
"p852": 0.00015241579027587253
"p853": 4.139688130949625E-05
"p854": 0
"p855": 0
"p856": 0.00026155302281908986
"p857": 5.833196911792653E-05
"p858": 0
"p859": 0
"p860": 0.0003349384033222879
"p861": 0.00012230896750532982
"p862": 1.1290058538953523E-05
"p863": 0
"p864": 0.0001279539967748066
"p865": 2.6343469924224884E-05
"p866": 0
"p867": 0
"p868": 0.0001505341138527136
"p869": 2.6343469924224884E-05
"p870": 0
"p871": 0
"p872": 0.0025891867582666745
"p873": 0.0006905752472993236
"p874": 9.784717400426385E-05
"p875": 1.317173496211244E-05
"p876": 0.002308816971215995
"p877": 0.0007357354814551379
"p878": 0.00013736237889060116
"p879": 1.317173496211244E-05
"p880": 0.00046289240009709436
"p881": 0.00015241579027587253
