"p819": 0
"p820": 0.0007056286586845952
"p821": 0.00021262943581695803
"p822": 2.4461793501065966E-05
"p823": 0
"p824": 9.032046831162818E-05
"p825": 4.327855773265516E-05
"p826": 5.645029269476761E-06
"p827": 0
"p828": 0.0001674692016611439
"p829": 7.338538050319788E-05
"p830": 5.645029269476761E-06
"p831": 0
"p832": 0.001806409366232563
"p833": 0.0006529417188361454
"p834": 0.00013736237889060116
"p835": 1.8816764231589203E-05
"p836": 0.0014131389937923492
"p837": 0.000543804486292928
"p838": 0.00012419064392848873
"p839": 1.8816764231589203E-05
"p840": 0.0012155629693606626
"p841": 0.000378216961054943
"p842": 4.704191057897301E-05
"p843": 0
"p844": 0.0006943386001456416
"p845": 0.00020698440654748118
"p846": 2.8225146347383805E-05
"p847": 0
"p848": 5.645029269476761E-06
"p849": 0
"p850": 0
"p851": 0
"p852": 4.139688130949625E-05
"p853": 9.408382115794602E-06
"p854": 0
"p855": 0
"p856": 0
"p857": 0
"p858": 0
"p859": 0
"p860": 3.7633528463178407E-06
"p861": 3.7633528463178407E-06
"p862": 0
"p863": 0
"p864": 0.0014601809043713221
"p865": 0.0004440756358655052
"p866": 6.397699838740328E-05
"p867": 1.8816764231589204E-06
"p868": 0.0016558752523798499
"p869": 0.0005626212505245171
"p870": 9.032046831162817E-05
"p871": 1.8816764231589204E-06
"p872": 0.00048170916432868356
"p873": 9.4083821157946E-05
"p874": 5.6450292694767605E-06
"p875": 3.76335284631784E-06
"p876": 0.0002145111122401169
"p877": 6.021364554108545E-05
"p878": 3.76335284631784E-06
"p879": 3.76335284631784E-06
"p880": 0.0012343797335922515
"p881": 0.00039703372528653215
