"p819": 0
"p820": 1.1290058538953523E-05
"p821": 0
"p822": 0
"p823": 0
"p824": 0.006418398279395077
"p825": 0.00228247350129177
"p826": 0.00047794581148236575
"p827": 6.209532196424438E-05
"p828": 0.0019475350979694826
"p829": 0.0005400411334466102
"p830": 8.279376261899248E-05
"p831": 2.446179350106597E-05
"p832": 0.0006171898667961257
"p833": 9.596549758110495E-05
"p834": 3.7633528463178407E-06
"p835": 0
"p836": 0
"p837": 0
"p838": 0
"p839": 0
"p840": 0.0019230733044684166
"p841": 0.000496762575713955
"p842": 3.951520488633733E-05
"p843": 0
"p844": 0.0006774035123372113
"p845": 0.00016935087808430283
"p846": 1.1290058538953523E-05
"p847": 0
"p848": 0
"p849": 0
"p850": 0
"p851": 0
"p852": 0
"p853": 0
"p854": 0
"p855": 0
"p856": 0.0001298356731979655
"p857": 5.645029269476761E-06
"p858": 0
"p859": 0
"p860": 0
"p861": 0
"p862": 0
"p863": 0
"p864": 0.005483205097085095
"p865": 0.0018835580995820794
"p866": 0.00031988499193701635
"p867": 7.5267056926356815E-06
"p868": 0.0005343961041771334
"p869": 0.0001279539967748066
"p870": 5.645029269476761E-06
"p871": 0
"p872": 0.04371134330998172
"p873": 0.015235933998317781
"p874": 0.0028112245761994273
"p875": 0.00020133937727800447
"p876": 0.0207454825653271
"p877": 0.007144725378734421
"p878": 0.0012437881157080462
"p879": 5.645029269476761E-05
"p880": 0.0007018653058382772
"p881": 0.0001900493187390509
