"p819": 0
"p820": 0.0025327364655719064
"p821": 0.00087121618392258
"p822": 0.00013548070246744226
"p823": 0
"p824": 0.006772153446948955
"p825": 0.0026287019631530116
"p826": 0.00044783898871182307
"p827": 1.8816764231589207E-05
"p828": 0.012921471997832307
"p829": 0.004922465522983735
"p830": 0.0009032046831162819
"p831": 4.327855773265517E-05
"p832": 0
"p833": 0
"p834": 0
"p835": 0
"p836": 0
"p837": 0
"p838": 0
"p839": 0
"p840": 1.5053411385271363E-05
"p841": 5.645029269476761E-06
"p842": 0
"p843": 0
"p844": 2.4461793501065963E-05
"p845": 5.645029269476761E-06
"p846": 0
"p847": 0
"p848": 0
"p849": 0
"p850": 0
"p851": 0
"p852": 0
"p853": 0
"p854": 0
"p855": 0
"p856": 3.7633528463178407E-06
"p857": 3.7633528463178407E-06
"p858": 0
"p859": 0
"p860": 9.408382115794602E-06
"p861": 3.7633528463178407E-06
"p862": 0
"p863": 0
"p864": 0
"p865": 0
"p866": 0
"p867": 0
"p868": 0
"p869": 0
"p870": 0
"p871": 0
"p872": 0.00012607232035164766
"p873": 2.2580117077907045E-05
"p874": 0
"p875": 0
"p876": 8.27937626189925E-05
"p877": 1.1290058538953523E-05
"p878": 0
"p879": 0
"p880": 0
"p881": 0
