"p819": 0
"p820": 0.0003481101382844003
"p821": 0.00014112573173691902
"p822": 1.6935087808430286E-05
"p823": 0
"p824": 6.0213645541085445E-05
"p825": 3.0106822770542722E-05
"p826": 3.7633528463178407E-06
"p827": 0
"p828": 0.00010725555612005845
"p829": 5.456861627160869E-05
"p830": 3.7633528463178407E-06
"p831": 0
"p832": 0.001112070766086922
"p833": 0.00041020546024864466
"p834": 8.655711546531035E-05
"p835": 7.5267056926356815E-06
"p836": 0.000972826710773162
"p837": 0.0003631635496696716
"p838": 7.903040977267465E-05
"p839": 7.5267056926356815E-06
"p840": 0.0007206820700698664
"p841": 0.00023520955289486501
"p842": 4.139688130949624E-05
"p843": 0
"p844": 0.00046853742936657115
"p845": 0.00015241579027587253
"p846": 2.8225146347383805E-05
"p847": 0
"p848": 0
"p849": 0
"p850": 0
"p851": 0
"p852": 1.1290058538953523E-05
"p853": 5.645029269476761E-06
"p854": 0
"p855": 0
"p856": 0
"p857": 0
"p858": 0
"p859": 0
"p860": 0
"p861": 0
"p862": 0
"p863": 0
"p864": 0.0012550781742469998
"p865": 0.0003951520488633733
"p866": 5.645029269476761E-05
"p867": 1.8816764231589204E-06
"p868": 0.0014846426978723881
"p869": 0.0004986442521371138
"p870": 8.279376261899248E-05
"p871": 1.8816764231589204E-06
"p872": 0.00042902222448023376
"p873": 9.220214473478709E-05
"p874": 5.6450292694767605E-06
"p875": 3.76335284631784E-06
"p876": 0.0002051027301243223
"p877": 5.833196911792653E-05
"p878": 3.76335284631784E-06
"p879": 3.76335284631784E-06
"p880": 0.0006868118944530059
"p881": 0.0002860148163201559
