"p819": 9.032046831162818E-05
"p820": 0.0004835908407518426
"p821": 8.655711546531033E-05
"p822": 5.645029269476761E-06
"p823": 0
"p824": 0.012038965755370773
"p825": 0.0046552674708951695
"p826": 0.0009540099465415726
"p827": 6.39769983874033E-05
"p828": 0.013292162253194614
"p829": 0.004869778583135285
"p830": 0.0008128842148046537
"p831": 2.8225146347383808E-05
"p832": 2.8225146347383805E-05
"p833": 5.645029269476761E-06
"p834": 0
"p835": 0
"p836": 0
"p837": 0
"p838": 0
"p839": 0
"p840": 5.645029269476761E-06
"p841": 0
"p842": 0
"p843": 0
"p844": 9.408382115794602E-06
"p845": 5.645029269476761E-06
"p846": 0
"p847": 0
"p848": 9.408382115794602E-06
"p849": 3.7633528463178407E-06
"p850": 0
"p851": 0
"p852": 0
"p853": 0
"p854": 0
"p855": 0
"p856": 0
"p857": 0
"p858": 0
"p859": 0
"p860": 3.7633528463178407E-06
"p861": 3.7633528463178407E-06
"p862": 0
"p863": 0
"p864": 0.00010913723254321737
"p865": 1.5053411385271363E-05
"p866": 0
"p867": 0
"p868": 0
"p869": 0
"p870": 0
"p871": 0
"p872": 0.00014300740816007796
"p873": 2.6343469924224887E-05
"p874": 0
"p875": 0
"p876": 5.645029269476761E-06
"p877": 0
"p878": 0
"p879": 0
"p880": 7.903040977267465E-05
"p881": 2.6343469924224887E-05
