"p819": 5.4568616271608685E-05
"p820": 0.00011290058538953522
"p821": 4.139688130949625E-05
"p822": 0
"p823": 0
"p824": 0.002325752059024425
"p825": 0.0008072391855351767
"p826": 0.0001580608195453493
"p827": 1.3171734962112444E-05
"p828": 0.0034491128836503008
"p829": 0.001174166088051166
"p830": 0.00019193099516220984
"p831": 3.575185204001949E-05
"p832": 0.008093090296006517
"p833": 0.0032458918299491375
"p834": 0.0006830485416066882
"p835": 5.833196911792653E-05
"p836": 0.0004798274879055247
"p837": 8.655711546531033E-05
"p838": 5.645029269476761E-06
"p839": 0
"p840": 0.008599261253836267
"p841": 0.003409597678763963
"p842": 0.0007112736879540721
"p843": 4.3278557732655166E-05
"p844": 0.012599705329472131
"p845": 0.004642095735933056
"p846": 0.0007997124798425413
"p847": 2.6343469924224884E-05
"p848": 6.0213645541085445E-05
"p849": 5.645029269476761E-06
"p850": 0
"p851": 0
"p852": 3.575185204001949E-05
"p853": 0
"p854": 0
"p855": 0
"p856": 1.8816764231589204E-06
"p857": 0
"p858": 0
"p859": 0
"p860": 3.7633528463178407E-06
"p861": 0
"p862": 0
"p863": 0
"p864": 0.01827107806887312
"p865": 0.006668661243675215
"p866": 0.0010988990311248093
"p867": 8.27937626189925E-05
"p868": 3.951520488633732E-05
"p869": 1.8816764231589204E-06
"p870": 0
"p871": 0
"p872": 0.012048374137486571
"p873": 0.004333500802534994
"p874": 0.0006774035123372112
"p875": 3.9515204886337324E-05
"p876": 0.01210106107733502
"p877": 0.00378216961054943
"p878": 0.0005513311919855636
"p879": 3.0106822770542722E-05
"p880": 0.011325810390993542
"p881": 0.004327855773265516
