"p819": 0
"p820": 6.209532196424438E-05
"p821": 1.6935087808430286E-05
"p822": 1.1290058538953523E-05
"p823": 0
"p824": 0.00019381267158536877
"p825": 5.456861627160869E-05
"p826": 1.8816764231589204E-06
"p827": 0
"p828": 0.00041396881309496247
"p829": 0.00011478226181269412
"p830": 7.5267056926356815E-06
"p831": 0
"p832": 0.00012419064392848873
"p833": 2.6343469924224884E-05
"p834": 0
"p835": 0
"p836": 0.00013924405531376007
"p837": 2.6343469924224884E-05
"p838": 0
"p839": 0
"p840": 0.0020867791532832424
"p841": 0.0006021364554108545
"p842": 8.46754390421514E-05
"p843": 1.317173496211244E-05
"p844": 0.0017687758377693849
"p845": 0.000613426513949808
"p846": 0.00011101890896637629
"p847": 1.317173496211244E-05
"p848": 0.00046289240009709436
"p849": 0.00015241579027587253
"p850": 2.258011707790704E-05
"p851": 0
"p852": 0.0003029499041285862
"p853": 9.596549758110493E-05
"p854": 1.505341138527136E-05
"p855": 0
"p856": 0.002767946018466771
"p857": 0.0009107313888089175
"p858": 0.00017499590735377957
"p859": 1.8816764231589203E-05
"p860": 0.0019908136557021377
"p861": 0.0007790140391877932
"p862": 0.00016370584881482604
"p863": 1.8816764231589203E-05
"p864": 9.408382115794602E-06
"p865": 0
"p866": 0
"p867": 0
"p868": 2.8225146347383805E-05
"p869": 5.645029269476761E-06
"p870": 0
"p871": 0
"p872": 0.0006510600424129863
"p873": 0.00018252261304641524
"p874": 2.446179350106596E-05
"p875": 0
"p876": 0.0008166475676509714
"p877": 0.0002483812878569775
"p878": 4.139688130949624E-05
"p879": 0
"p880": 3.7633528463178407E-05
"p881": 1.1290058538953521E-05
