"p819": 5.645029269476761E-06
"p820": 0.0059385707914895525
"p821": 0.0019983403613947734
"p822": 0.0002860148163201559
"p823": 1.6935087808430286E-05
"p824": 0.0007658423042256806
"p825": 0.00018252261304641524
"p826": 1.8816764231589203E-05
"p827": 0
"p828": 0.00421683686429914
"p829": 0.0012193263222069802
"p830": 0.0001486524374295547
"p831": 0
"p832": 0.000521224369215021
"p833": 0.00012230896750532982
"p834": 1.8816764231589204E-06
"p835": 0
"p836": 0.002291881883407565
"p837": 0.0005776746619097886
"p838": 3.575185204001949E-05
"p839": 1.8816764231589204E-06
"p840": 6.209532196424436E-05
"p841": 1.5053411385271361E-05
"p842": 0
"p843": 0
"p844": 0.00022015614150959367
"p845": 5.64502926947676E-05
"p846": 0
"p847": 0
"p848": 0.0003424651090149235
"p849": 7.714873334951574E-05
"p850": 1.8816764231589204E-06
"p851": 0
"p852": 0.0013152918197880854
"p853": 0.0003217666683601754
"p854": 2.6343469924224884E-05
"p855": 0
"p856": 6.774035123372113E-05
"p857": 2.2580117077907045E-05
"p858": 1.1290058538953523E-05
"p859": 0
"p860": 0.0004610107236739355
"p861": 0.00015053411385271363
"p862": 2.6343469924224887E-05
"p863": 0
"p864": 0.008021586591926479
"p865": 0.002662572138769872
"p866": 0.0004158504895181214
"p867": 2.82251463473838E-05
"p868": 0.018850634407206066
"p869": 0.006252810754157092
"p870": 0.000999170180697387
"p871": 6.774035123372113E-05
"p872": 0.002608003522498264
"p873": 0.000805357509112018
"p874": 0.00010913723254321738
"p875": 0
"p876": 0.0046308056773941035
"p877": 0.0012494331449775231
"p878": 0.0001486524374295547
"p879": 0
"p880": 0.005829433558946336
"p881": 0.0023182253533317893
