"p819": 3.3870175616860565E-05
"p820": 0.00031423996266753966
"p821": 4.516023415581408E-05
"p822": 0
"p823": 0
"p824": 0.006192597108616007
"p825": 0.0023389237939865377
"p826": 0.00042149551878759814
"p827": 1.5053411385271365E-05
"p828": 0.008983123244160687
"p829": 0.003202613272216483
"p830": 0.0004892358700213194
"p831": 1.3171734962112444E-05
"p832": 2.4461793501065963E-05
"p833": 5.645029269476761E-06
"p834": 0
"p835": 0
"p836": 0
"p837": 0
"p838": 0
"p839": 0
"p840": 5.645029269476761E-06
"p841": 0
"p842": 0
"p843": 0
"p844": 9.408382115794602E-06
"p845": 5.645029269476761E-06
"p846": 0
"p847": 0
"p848": 9.408382115794602E-06
"p849": 3.7633528463178407E-06
"p850": 0
"p851": 0
"p852": 0
"p853": 0
"p854": 0
"p855": 0
"p856": 0
"p857": 0
"p858": 0
"p859": 0
"p860": 3.7633528463178407E-06
"p861": 3.7633528463178407E-06
"p862": 0
"p863": 0
"p864": 8.27937626189925E-05
"p865": 1.1290058538953523E-05
"p866": 0
"p867": 0
"p868": 0
"p869": 0
"p870": 0
"p871": 0
"p872": 0.00012042729108217092
"p873": 2.2580117077907045E-05
"p874": 0
"p875": 0
"p876": 5.645029269476761E-06
"p877": 0
"p878": 0
"p879": 0
"p880": 6.39769983874033E-05
"p881": 2.2580117077907045E-05
