"p819": 0
"p820": 0
"p821": 0
"p822": 0
"p823": 0
"p824": 0.0004290222244802338
"p825": 0.0001825226130464153
"p826": 2.2580117077907045E-05
"p827": 0
"p828": 0.00011854561465901197
"p829": 7.714873334951572E-05
"p830": 1.129005853895352E-05
"p831": 0
"p832": 0.00019569434800852773
"p833": 5.268693984844977E-05
"p834": 7.52670569263568E-06
"p835": 0
"p836": 2.2580117077907045E-05
"p837": 3.7633528463178407E-06
"p838": 0
"p839": 0
"p840": 0.002626820286729853
"p841": 0.0009370748587331423
"p842": 0.00019945770085484557
"p843": 1.5053411385271363E-05
"p844": 0.00042525887163391606
"p845": 0.00015241579027587256
"p846": 2.258011707790704E-05
"p847": 0
"p848": 5.645029269476761E-06
"p849": 5.645029269476761E-06
"p850": 0
"p851": 0
"p852": 0
"p853": 0
"p854": 0
"p855": 0
"p856": 9.408382115794602E-06
"p857": 3.7633528463178407E-06
"p858": 0
"p859": 0
"p860": 0
"p861": 0
"p862": 0
"p863": 0
"p864": 0.00010913723254321737
"p865": 3.575185204001948E-05
"p866": 7.52670569263568E-06
"p867": 0
"p868": 0
"p869": 0
"p870": 0
"p871": 0
"p872": 0.002916598455896326
"p873": 0.0009239031237710298
"p874": 0.00014488908458323683
"p875": 3.7633528463178407E-06
"p876": 0.00019569434800852768
"p877": 6.209532196424436E-05
"p878": 7.52670569263568E-06
"p879": 0
"p880": 0.00016558752523798497
"p881": 3.7633528463178407E-05
