"p819": 1.1290058538953523E-05
"p820": 0.0001129005853895352
"p821": 3.198849919370165E-05
"p822": 0
"p823": 0
"p824": 0.002457469408645549
"p825": 0.0008655711546531035
"p826": 9.408382115794603E-05
"p827": 7.5267056926356815E-06
"p828": 0.0018064093662325629
"p829": 0.0005287510749076567
"p830": 7.526705692635681E-05
"p831": 1.8816764231589204E-06
"p832": 7.714873334951574E-05
"p833": 1.5053411385271363E-05
"p834": 0
"p835": 0
"p836": 0
"p837": 0
"p838": 0
"p839": 0
"p840": 0.00011101890896637629
"p841": 2.6343469924224887E-05
"p842": 0
"p843": 0
"p844": 0
"p845": 0
"p846": 0
"p847": 0
"p848": 3.7633528463178407E-05
"p849": 1.5053411385271363E-05
"p850": 0
"p851": 0
"p852": 0
"p853": 0
"p854": 0
"p855": 0
"p856": 0.00010537387969689956
"p857": 2.6343469924224887E-05
"p858": 0
"p859": 0
"p860": 3.7633528463178407E-06
"p861": 0
"p862": 0
"p863": 0
"p864": 3.9515204886337324E-05
"p865": 9.408382115794602E-06
"p866": 0
"p867": 0
"p868": 0
"p869": 0
"p870": 0
"p871": 0
"p872": 4.1396881309496255E-05
"p873": 9.408382115794602E-06
"p874": 0
"p875": 0
"p876": 0
"p877": 0
"p878": 0
"p879": 0
"p880": 7.150370408003898E-05
"p881": 2.0698440654748124E-05
