"p819": 0
"p820": 0.0007526705692635679
"p821": 0.0001900493187390509
"p822": 1.5053411385271363E-05
"p823": 0
"p824": 0.005530247007664068
"p825": 0.0019475350979694826
"p826": 0.0003800986374781019
"p827": 5.0805263425290837E-05
"p828": 0.010718028906313213
"p829": 0.004041840956945361
"p830": 0.0009144947416552352
"p831": 0.00012607232035164768
"p832": 0
"p833": 0
"p834": 0
"p835": 0
"p836": 0
"p837": 0
"p838": 0
"p839": 0
"p840": 3.7633528463178407E-06
"p841": 3.7633528463178407E-06
"p842": 0
"p843": 0
"p844": 3.7633528463178407E-06
"p845": 3.7633528463178407E-06
"p846": 0
"p847": 0
"p848": 0
"p849": 0
"p850": 0
"p851": 0
"p852": 0
"p853": 0
"p854": 0
"p855": 0
"p856": 0
"p857": 0
"p858": 0
"p859": 0
"p860": 5.645029269476761E-06
"p861": 0
"p862": 0
"p863": 0
"p864": 3.7633528463178407E-06
"p865": 0
"p866": 0
"p867": 0
"p868": 0
"p869": 0
"p870": 0
"p871": 0
"p872": 0.0001392440553137601
"p873": 2.6343469924224887E-05
"p874": 0
"p875": 0
"p876": 8.27937626189925E-05
"p877": 1.5053411385271363E-05
"p878": 0
"p879": 0
"p880": 0
"p881": 0
