"p819": 0
"p820": 1.1290058538953521E-05
"p821": 0
"p822": 0
"p823": 0
"p824": 0.0003349384033222878
"p825": 0.00010913723254321738
"p826": 5.645029269476761E-06
"p827": 0
"p828": 0.00037069025536230727
"p829": 0.00012607232035164766
"p830": 5.645029269476761E-06
"p831": 0
"p832": 0.0003180033155138575
"p833": 9.032046831162817E-05
"p834": 9.408382115794602E-06
"p835": 0
"p836": 0
"p837": 0
"p838": 0
"p839": 0
"p840": 6.962202765688006E-05
"p841": 1.3171734962112444E-05
"p842": 3.76335284631784E-06
"p843": 0
"p844": 9.22021447347871E-05
"p845": 3.3870175616860565E-05
"p846": 5.645029269476761E-06
"p847": 0
"p848": 0.00021451111224011688
"p849": 6.962202765688005E-05
"p850": 0
"p851": 0
"p852": 5.6450292694767605E-06
"p853": 5.6450292694767605E-06
"p854": 0
"p855": 0
"p856": 9.22021447347871E-05
"p857": 2.0698440654748124E-05
"p858": 1.8816764231589204E-06
"p859": 1.8816764231589204E-06
"p860": 0.000188167642315892
"p861": 4.704191057897301E-05
"p862": 1.8816764231589204E-06
"p863": 1.8816764231589204E-06
"p864": 0.0016050699889545589
"p865": 0.0005513311919855636
"p866": 0.00011478226181269411
"p867": 1.317173496211244E-05
"p868": 0
"p869": 0
"p870": 0
"p871": 0
"p872": 0.0018271078068873116
"p873": 0.0005739113090634706
"p874": 0.00010913723254321737
"p875": 1.317173496211244E-05
"p876": 0.0004798274879055246
"p877": 0.000141125731736919
"p878": 2.258011707790704E-05
"p879": 0
"p880": 0.0013623337303670581
"p881": 0.0004873541935981603
