"p819": 0
"p820": 0.0006868118944530061
"p821": 0.0002860148163201559
"p822": 6.397699838740331E-05
"p823": 1.1290058538953523E-05
"p824": 0.000684930218029847
"p825": 0.0002559079935496131
"p826": 2.6343469924224887E-05
"p827": 5.645029269476761E-06
"p828": 0.002986220483553206
"p829": 0.0010349220327374063
"p830": 0.00010161052685058171
"p831": 5.645029269476761E-06
"p832": 0.000967181681503685
"p833": 0.00023144620004854718
"p834": 2.6343469924224884E-05
"p835": 0
"p836": 0.0020133937727800444
"p837": 0.00048359084075184244
"p838": 3.387017561686056E-05
"p839": 0
"p840": 0.010622063408732106
"p841": 0.003983508987827434
"p842": 0.0008335826554594018
"p843": 8.655711546531033E-05
"p844": 0.019460297568309554
"p845": 0.007609499455254675
"p846": 0.0017480773971146372
"p847": 0.00021639278866327584
"p848": 0.003074659275441675
"p849": 0.0011402959124343056
"p850": 0.00015617914312219037
"p851": 5.645029269476761E-06
"p852": 0.0044539280936171655
"p853": 0.001627650106032466
"p854": 0.00030671325697490394
"p855": 7.5267056926356815E-06
"p856": 0.012501858155467869
"p857": 0.004920583846560577
"p858": 0.0009483649172720959
"p859": 4.139688130949625E-05
"p860": 0.01868692855839124
"p861": 0.007795785421147408
"p862": 0.0017273789564598888
"p863": 0.00012983567319796552
"p864": 0.00012607232035164763
"p865": 2.069844065474812E-05
"p866": 0
"p867": 0
"p868": 0.00038386199032441963
"p869": 0.00013736237889060116
"p870": 1.6935087808430282E-05
"p871": 0
"p872": 0.0049111754644447815
"p873": 0.0014752343157565936
"p874": 0.00016182417239166713
"p875": 1.3171734962112444E-05
"p876": 0.012936525409217576
"p877": 0.004359844272459219
"p878": 0.00041961384236443927
"p879": 1.5053411385271363E-05
"p880": 0.0003481101382844003
"p881": 0.00014112573173691902
