"p819": 0
"p820": 3.198849919370165E-05
"p821": 2.0698440654748124E-05
"p822": 0
"p823": 0
"p824": 0.00028225146347383805
"p825": 0.0001373623788906012
"p826": 7.5267056926356815E-06
"p827": 0
"p828": 0.00044407563586550526
"p829": 0.00019569434800852773
"p830": 1.8816764231589203E-05
"p831": 0
"p832": 0.008932317980735396
"p833": 0.0033211588868754943
"p834": 0.0006435333367203507
"p835": 5.268693984844977E-05
"p836": 3.387017561686056E-05
"p837": 0
"p838": 0
"p839": 0
"p840": 0.006493665336321434
"p841": 0.0023897290574118285
"p842": 0.0004214955187875981
"p843": 2.0698440654748124E-05
"p844": 0.008320773143208747
"p845": 0.002632465315999329
"p846": 0.0004214955187875982
"p847": 2.258011707790704E-05
"p848": 0.005853895352447401
"p849": 0.0024123091744897352
"p850": 0.0004835908407518425
"p851": 3.198849919370165E-05
"p852": 0.00034622846186124133
"p853": 4.516023415581408E-05
"p854": 0
"p855": 0
"p856": 0.005637502563784126
"p857": 0.002241076619982274
"p858": 0.0004196138423644392
"p859": 1.5053411385271365E-05
"p860": 0.009101668858819698
"p861": 0.003236483447833343
"p862": 0.0005249877220613389
"p863": 1.3171734962112444E-05
"p864": 0.0071729505250818035
"p865": 0.0022335499142896384
"p866": 0.00012042729108217089
"p867": 1.8816764231589204E-06
"p868": 0
"p869": 0
"p870": 0
"p871": 0
"p872": 0.003639162202389352
"p873": 0.0011609943530890535
"p874": 3.575185204001948E-05
"p875": 0
"p876": 0.0029015450445110547
"p877": 0.0007451438635709325
"p878": 6.209532196424438E-05
"p879": 0
"p880": 0.0032496551827954547
"p881": 0.0010010518571205457
