"p819": 0
"p820": 0
"p821": 0
"p822": 0
"p823": 0
"p824": 0.00023144620004854718
"p825": 7.714873334951573E-05
"p826": 5.645029269476761E-06
"p827": 0
"p828": 0.0002239194943559115
"p829": 0.00011666393823585305
"p830": 1.129005853895352E-05
"p831": 0
"p832": 0.00029354152201279153
"p833": 0.00011666393823585303
"p834": 1.1290058538953523E-05
"p835": 0
"p836": 9.408382115794602E-06
"p837": 5.6450292694767605E-06
"p838": 0
"p839": 0
"p840": 0.00022203781793275258
"p841": 3.575185204001949E-05
"p842": 1.8816764231589204E-06
"p843": 1.8816764231589204E-06
"p844": 0.00025026296428013644
"p845": 7.338538050319788E-05
"p846": 1.8816764231589204E-06
"p847": 1.8816764231589204E-06
"p848": 3.3870175616860565E-05
"p849": 5.645029269476761E-06
"p850": 0
"p851": 0
"p852": 0
"p853": 0
"p854": 0
"p855": 0
"p856": 0
"p857": 0
"p858": 0
"p859": 0
"p860": 0
"p861": 0
"p862": 0
"p863": 0
"p864": 0.0030351440705553385
"p865": 0.001038685385583724
"p866": 0.0002032210537011634
"p867": 2.0698440654748128E-05
"p868": 1.3171734962112442E-05
"p869": 7.52670569263568E-06
"p870": 0
"p871": 0
"p872": 0.004092646220370652
"p873": 0.0012193263222069802
"p874": 0.00021639278866327584
"p875": 2.0698440654748128E-05
"p876": 0.0013811504945986472
"p877": 0.00037445360820862513
"p878": 3.7633528463178407E-05
"p879": 0
"p880": 0.0013378719368659915
"p881": 0.0004120871366718036
