"p819": 5.645029269476761E-06
"p820": 0.0048265000254026314
"p821": 0.0015956616068387645
"p822": 0.00023332787647170614
"p823": 1.3171734962112444E-05
"p824": 0.0006228348960656025
"p825": 0.0001938126715853688
"p826": 2.6343469924224887E-05
"p827": 0
"p828": 0.0006661134537982577
"p829": 0.00021451111224011693
"p830": 2.6343469924224887E-05
"p831": 0
"p832": 3.7633528463178407E-06
"p833": 3.7633528463178407E-06
"p834": 0
"p835": 0
"p836": 3.7633528463178407E-06
"p837": 3.7633528463178407E-06
"p838": 0
"p839": 0
"p840": 0
"p841": 0
"p842": 0
"p843": 0
"p844": 0
"p845": 0
"p846": 0
"p847": 0
"p848": 0
"p849": 0
"p850": 0
"p851": 0
"p852": 5.645029269476761E-06
"p853": 0
"p854": 0
"p855": 0
"p856": 0
"p857": 0
"p858": 0
"p859": 0
"p860": 0
"p861": 0
"p862": 0
"p863": 0
"p864": 7.150370408003898E-05
"p865": 1.6935087808430282E-05
"p866": 0
"p867": 0
"p868": 6.021364554108545E-05
"p869": 1.1290058538953523E-05
"p870": 0
"p871": 0
"p872": 2.6343469924224887E-05
"p873": 5.645029269476761E-06
"p874": 0
"p875": 0
"p876": 0
"p877": 0
"p878": 0
"p879": 0
"p880": 9.784717400426385E-05
"p881": 2.8225146347383805E-05
