"p819": 0
"p820": 0.0013115284669417675
"p821": 0.0004723007822128891
"p822": 2.0698440654748128E-05
"p823": 0
"p824": 3.0106822770542726E-05
"p825": 1.5053411385271363E-05
"p826": 7.5267056926356815E-06
"p827": 0
"p828": 0.00028225146347383805
"p829": 0.00011478226181269415
"p830": 1.8816764231589203E-05
"p831": 0
"p832": 0.005797445059752633
"p833": 0.002145111122401169
"p834": 0.0003876253431707376
"p835": 2.82251463473838E-05
"p836": 0.012005095579753915
"p837": 0.004544248561928792
"p838": 0.0008900329481541693
"p839": 6.774035123372113E-05
"p840": 0.002207206444365414
"p841": 0.0007545522456867271
"p842": 0.00010913723254321738
"p843": 0
"p844": 0.004181085012259121
"p845": 0.0012061545872448678
"p846": 0.0001486524374295547
"p847": 0
"p848": 0.00515955675230176
"p849": 0.0020698440654748126
"p850": 0.0003819803139012608
"p851": 1.8816764231589207E-05
"p852": 0.007617026160947309
"p853": 0.0031047660982122184
"p854": 0.000641651660297192
"p855": 4.139688130949625E-05
"p856": 0.0025139197013403173
"p857": 0.0009577732993878907
"p858": 0.0001561791431221904
"p859": 0
"p860": 0.005846368646754765
"p861": 0.001962588509354754
"p862": 0.0002784881106275202
"p863": 0
"p864": 0.0031010027453659003
"p865": 0.0009069680359625996
"p866": 4.139688130949624E-05
"p867": 0
"p868": 0.009636064962996831
"p869": 0.0030765409518648344
"p870": 0.00013924405531376012
"p871": 1.8816764231589204E-06
"p872": 0.0005005259285602728
"p873": 8.467543904215141E-05
"p874": 9.408382115794602E-06
"p875": 0
"p876": 0.00073197212860882
"p877": 0.0001693508780843028
"p878": 2.8225146347383805E-05
"p879": 0
"p880": 0.0013115284669417673
"p881": 0.0004723007822128891
