"p819": 0
"p820": 0.0002935415220127916
"p821": 6.209532196424438E-05
"p822": 0
"p823": 0
"p824": 0.013030609230375521
"p825": 0.00489612205305951
"p826": 0.0008825062424615337
"p827": 4.8923587002131926E-05
"p828": 0.008079918561044404
"p829": 0.0030182089827469082
"p830": 0.0005042892814065907
"p831": 1.3171734962112444E-05
"p832": 0
"p833": 0
"p834": 0
"p835": 0
"p836": 0
"p837": 0
"p838": 0
"p839": 0
"p840": 3.0106822770542726E-05
"p841": 5.645029269476761E-06
"p842": 0
"p843": 0
"p844": 9.408382115794602E-06
"p845": 5.645029269476761E-06
"p846": 0
"p847": 0
"p848": 0
"p849": 0
"p850": 0
"p851": 0
"p852": 0
"p853": 0
"p854": 0
"p855": 0
"p856": 9.408382115794602E-06
"p857": 3.7633528463178407E-06
"p858": 0
"p859": 0
"p860": 3.7633528463178407E-06
"p861": 3.7633528463178407E-06
"p862": 0
"p863": 0
"p864": 0
"p865": 0
"p866": 0
"p867": 0
"p868": 0
"p869": 0
"p870": 0
"p871": 0
"p872": 0.00020322105370116337
"p873": 3.3870175616860565E-05
"p874": 0
"p875": 0
"p876": 5.645029269476761E-06
"p877": 0
"p878": 0
"p879": 0
"p880": 0
"p881": 0
