"p819": 9.408382115794602E-06
"p820": 0
"p821": 0
"p822": 0
"p823": 0
"p824": 0.0009013230066931227
"p825": 0.00034999181470755914
"p826": 4.3278557732655166E-05
"p827": 1.8816764231589204E-06
"p828": 0.0009351931823099833
"p829": 0.0003518734911307181
"p830": 5.268693984844977E-05
"p831": 5.645029269476761E-06
"p832": 0.0009408382115794602
"p833": 0.0002220378179327526
"p834": 1.5053411385271363E-05
"p835": 0
"p836": 0.00013359902604428333
"p837": 0
"p838": 0
"p839": 0
"p840": 0.0004309039009033928
"p841": 0.00014112573173691902
"p842": 2.4461793501065963E-05
"p843": 0
"p844": 0.000686811894453006
"p845": 0.0002088660829706401
"p846": 2.6343469924224887E-05
"p847": 0
"p848": 0.0001298356731979655
"p849": 5.645029269476761E-06
"p850": 0
"p851": 0
"p852": 0
"p853": 0
"p854": 0
"p855": 0
"p856": 0
"p857": 0
"p858": 0
"p859": 0
"p860": 0
"p861": 0
"p862": 0
"p863": 0
"p864": 0.019170519399143084
"p865": 0.006418398279395077
"p866": 0.0011007807075479683
"p867": 7.714873334951574E-05
"p868": 0.00033682007974544673
"p869": 4.516023415581408E-05
"p870": 0
"p871": 0
"p872": 0.013205605137729302
"p873": 0.004499088327772978
"p874": 0.0007489072164172502
"p875": 2.8225146347383805E-05
"p876": 0.017922967930588715
"p877": 0.0057240596792494354
"p878": 0.0008806245660383747
"p879": 3.575185204001948E-05
"p880": 0.004610107236739356
"p881": 0.0014714709629102757
