"p819": 5.645029269476761E-06
"p820": 9.784717400426385E-05
"p821": 3.7633528463178407E-05
"p822": 0
"p823": 0
"p824": 0.0008053575091120179
"p825": 0.0002954231984359505
"p826": 2.6343469924224884E-05
"p827": 0
"p828": 0.0010255136506216115
"p829": 0.0004214955187875982
"p830": 5.645029269476761E-05
"p831": 5.645029269476761E-06
"p832": 0.012351324041615158
"p833": 0.0049600990514469135
"p834": 0.0011967462051290733
"p835": 0.00016935087808430286
"p836": 6.585867481056221E-05
"p837": 5.645029269476761E-06
"p838": 0
"p839": 0
"p840": 0.009543862818262042
"p841": 0.003614700408888286
"p842": 0.0008072391855351767
"p843": 8.279376261899248E-05
"p844": 0.01162876029512213
"p845": 0.003832974873974721
"p846": 0.0006924569237224825
"p847": 5.080526342529086E-05
"p848": 0.010290888358256135
"p849": 0.004310920685457086
"p850": 0.000946483240848937
"p851": 8.467543904215141E-05
"p852": 0.0005155793399455442
"p853": 8.655711546531033E-05
"p854": 5.645029269476761E-06
"p855": 0
"p856": 0.011643813706507399
"p857": 0.004606343883893037
"p858": 0.0009615366522342083
"p859": 6.209532196424438E-05
"p860": 0.01415585173142456
"p861": 0.00517649184011019
"p862": 0.0008881512717310107
"p863": 2.6343469924224884E-05
"p864": 0.009429080556449351
"p865": 0.0031932048901006874
"p866": 0.00035563684397703593
"p867": 1.5053411385271363E-05
"p868": 0
"p869": 0
"p870": 0
"p871": 0
"p872": 0.004841553436787903
"p873": 0.0016238867531861477
"p874": 0.00016182417239166716
"p875": 9.408382115794602E-06
"p876": 0.003987272340673752
"p877": 0.001138414236011147
"p878": 0.0001373623788906012
"p879": 7.5267056926356815E-06
"p880": 0.005573525565396722
"p881": 0.0018986115109673506
