"p819": 1.8816764231589204E-06
"p820": 6.397699838740328E-05
"p821": 2.0698440654748124E-05
"p822": 0
"p823": 0
"p824": 0.0011007807075479683
"p825": 0.0004139688130949624
"p826": 1.3171734962112444E-05
"p827": 0
"p828": 0.001200509557975391
"p829": 0.00030671325697490405
"p830": 4.139688130949625E-05
"p831": 0
"p832": 5.833196911792653E-05
"p833": 1.1290058538953523E-05
"p834": 0
"p835": 0
"p836": 0
"p837": 0
"p838": 0
"p839": 0
"p840": 9.22021447347871E-05
"p841": 2.2580117077907045E-05
"p842": 0
"p843": 0
"p844": 0
"p845": 0
"p846": 0
"p847": 0
"p848": 2.6343469924224884E-05
"p849": 1.1290058538953523E-05
"p850": 0
"p851": 0
"p852": 0
"p853": 0
"p854": 0
"p855": 0
"p856": 6.39769983874033E-05
"p857": 2.2580117077907045E-05
"p858": 0
"p859": 0
"p860": 0
"p861": 0
"p862": 0
"p863": 0
"p864": 3.198849919370165E-05
"p865": 9.408382115794602E-06
"p866": 0
"p867": 0
"p868": 0
"p869": 0
"p870": 0
"p871": 0
"p872": 3.7633528463178407E-05
"p873": 9.408382115794602E-06
"p874": 0
"p875": 0
"p876": 0
"p877": 0
"p878": 0
"p879": 0
"p880": 6.39769983874033E-05
"p881": 2.0698440654748124E-05
