"p819": 0
"p820": 0.0005456861627160869
"p821": 0.000165587525237985
"p822": 1.6935087808430286E-05
"p823": 0
"p824": 6.962202765688005E-05
"p825": 3.0106822770542726E-05
"p826": 0
"p827": 0
"p828": 0.00011101890896637632
"p829": 6.021364554108545E-05
"p830": 0
"p831": 0
"p832": 0.0002464996114338185
"p833": 6.209532196424436E-05
"p834": 0
"p835": 0
"p836": 0.0003104766098212219
"p837": 0.0001223089675053298
"p838": 1.1290058538953523E-05
"p839": 0
"p840": 4.139688130949625E-05
"p841": 1.1290058538953523E-05
"p842": 1.8816764231589204E-06
"p843": 1.8816764231589204E-06
"p844": 0.000188167642315892
"p845": 4.704191057897301E-05
"p846": 1.8816764231589204E-06
"p847": 1.8816764231589204E-06
"p848": 0
"p849": 0
"p850": 0
"p851": 0
"p852": 3.3870175616860565E-05
"p853": 5.645029269476761E-06
"p854": 0
"p855": 0
"p856": 0
"p857": 0
"p858": 0
"p859": 0
"p860": 0
"p861": 0
"p862": 0
"p863": 0
"p864": 0.003196968242947006
"p865": 0.0010217502977752937
"p866": 0.0001900493187390509
"p867": 2.0698440654748128E-05
"p868": 0.002995628865669001
"p869": 0.0010311586798910882
"p870": 0.0002032210537011634
"p871": 2.0698440654748128E-05
"p872": 0.0016916271044198693
"p873": 0.0004666557529434123
"p874": 4.8923587002131926E-05
"p875": 0
"p876": 0.0008994413302699639
"p877": 0.000259671346395931
"p878": 2.6343469924224884E-05
"p879": 0
"p880": 0.001004815209966863
"p881": 0.00028601481632015586
