"p819": 3.575185204001948E-05
"p820": 0.006871882297376378
"p821": 0.002540263171264542
"p822": 0.0004911175464444782
"p823": 6.585867481056221E-05
"p824": 0.00045536569440445874
"p825": 0.0001712325545074617
"p826": 4.327855773265517E-05
"p827": 1.8816764231589204E-06
"p828": 0.0020754890947442886
"p829": 0.0006905752472993238
"p830": 9.972885042742278E-05
"p831": 5.645029269476761E-06
"p832": 0.00716542381938917
"p833": 0.0028996633680878968
"p834": 0.0005569762212550405
"p835": 3.0106822770542726E-05
"p836": 0.010200567889944508
"p837": 0.004077592808985381
"p838": 0.0008937963010004872
"p839": 7.526705692635681E-05
"p840": 0.004066302750446426
"p841": 0.0015599097547987452
"p842": 0.0002935415220127916
"p843": 9.408382115794602E-06
"p844": 0.008582326166027839
"p845": 0.003040789099824815
"p846": 0.0004892358700213194
"p847": 1.3171734962112444E-05
"p848": 5.645029269476761E-06
"p849": 0
"p850": 0
"p851": 0
"p852": 9.596549758110492E-05
"p853": 5.645029269476761E-06
"p854": 0
"p855": 0
"p856": 0
"p857": 0
"p858": 0
"p859": 0
"p860": 0
"p861": 0
"p862": 0
"p863": 0
"p864": 0.010638998496540538
"p865": 0.003759589493471523
"p866": 0.0006171898667961258
"p867": 4.5160234155814084E-05
"p868": 0.02413061845058999
"p869": 0.008845760865270088
"p870": 0.0014112573173691906
"p871": 0.00010349220327374063
"p872": 0.0033682007974544666
"p873": 0.001127124177472193
"p874": 0.00016370584881482606
"p875": 1.8816764231589204E-06
"p876": 0.00508805304822172
"p877": 0.0015260395791818844
"p878": 0.00020698440654748124
"p879": 1.8816764231589204E-06
"p880": 0.006871882297376378
"p881": 0.0025402631712645425
