"p819": 5.645029269476761E-06
"p820": 0.004474626534271913
"p821": 0.0013096467905186085
"p822": 0.00019381267158536877
"p823": 7.5267056926356815E-06
"p824": 0.006760863388410002
"p825": 0.002218496502904367
"p826": 0.00039891540170969113
"p827": 3.198849919370165E-05
"p828": 0.016664126403495398
"p829": 0.005953624202874822
"p830": 0.0011628760295122127
"p831": 0.00010913723254321738
"p832": 2.0698440654748124E-05
"p833": 0
"p834": 0
"p835": 0
"p836": 0.00013548070246744226
"p837": 1.8816764231589204E-06
"p838": 0
"p839": 0
"p840": 0.0007959491269962232
"p841": 0.0001956943480085277
"p842": 1.3171734962112442E-05
"p843": 0
"p844": 0.0027886444591215206
"p845": 0.0007451438635709326
"p846": 6.962202765688005E-05
"p847": 1.8816764231589204E-06
"p848": 0.00023520955289486504
"p849": 5.080526342529086E-05
"p850": 0
"p851": 0
"p852": 0.0008505177432678319
"p853": 0.00011290058538953522
"p854": 3.7633528463178407E-06
"p855": 0
"p856": 0.0006755218359140524
"p857": 0.00015994249596850823
"p858": 1.3171734962112442E-05
"p859": 0
"p860": 0.0016427035174177375
"p861": 0.0004723007822128891
"p862": 3.7633528463178407E-05
"p863": 0
"p864": 0.0010368037091605651
"p865": 0.000235209552894865
"p866": 2.6343469924224884E-05
"p867": 0
"p868": 0.002192153032980142
"p869": 0.0005343961041771332
"p870": 3.387017561686056E-05
"p871": 0
"p872": 0.014242408846889869
"p873": 0.0048321450546721075
"p874": 0.0008994413302699639
"p875": 8.843879188846925E-05
"p876": 0.02892889332964524
"p877": 0.01016293436148133
"p878": 0.00198705030285582
"p879": 0.00021827446508643477
"p880": 0.003093476039673264
"p881": 0.0011402959124343056
