"p819": 5.645029269476761E-06
"p820": 0.002410427498066576
"p821": 0.0009239031237710299
"p822": 0.0001392440553137601
"p823": 1.1290058538953523E-05
"p824": 0.00012419064392848873
"p825": 4.139688130949624E-05
"p826": 5.645029269476761E-06
"p827": 0
"p828": 0.0005908463968719009
"p829": 0.00022015614150959367
"p830": 2.6343469924224887E-05
"p831": 0
"p832": 0.0003424651090149235
"p833": 7.714873334951574E-05
"p834": 1.8816764231589204E-06
"p835": 0
"p836": 0.001320936849057562
"p837": 0.0003217666683601754
"p838": 2.6343469924224884E-05
"p839": 0
"p840": 6.774035123372113E-05
"p841": 2.2580117077907045E-05
"p842": 1.1290058538953523E-05
"p843": 0
"p844": 0.0004610107236739355
"p845": 0.00015053411385271363
"p846": 2.6343469924224887E-05
"p847": 0
"p848": 0
"p849": 0
"p850": 0
"p851": 0
"p852": 0.0001298356731979655
"p853": 5.645029269476761E-06
"p854": 0
"p855": 0
"p856": 0
"p857": 0
"p858": 0
"p859": 0
"p860": 0
"p861": 0
"p862": 0
"p863": 0
"p864": 0.011976870433406527
"p865": 0.0041472148366422604
"p866": 0.0007037469822614362
"p867": 4.139688130949624E-05
"p868": 0.025357471478489615
"p869": 0.008480715639177256
"p870": 0.0014771159921797526
"p871": 9.972885042742278E-05
"p872": 0.004499088327772979
"p873": 0.001561791431221904
"p874": 0.00023332787647170614
"p875": 0
"p876": 0.009701923637807395
"p877": 0.0029993922185153196
"p878": 0.00039138869601705546
"p879": 0
"p880": 0.0023144620004854712
"p881": 0.0007696056570719984
