"p819": 5.645029269476761E-06
"p820": 0.004461454799309801
"p821": 0.001653993575956691
"p822": 0.00030671325697490394
"p823": 7.5267056926356815E-06
"p824": 0.012134931252951876
"p825": 0.0047399429099373195
"p826": 0.0008825062424615336
"p827": 4.5160234155814084E-05
"p828": 0.02040489913273533
"p829": 0.008213517587088688
"p830": 0.0017424323678451605
"p831": 0.00013548070246744226
"p832": 0
"p833": 0
"p834": 0
"p835": 0
"p836": 0
"p837": 0
"p838": 0
"p839": 0
"p840": 1.5053411385271363E-05
"p841": 5.645029269476761E-06
"p842": 0
"p843": 0
"p844": 2.8225146347383805E-05
"p845": 5.645029269476761E-06
"p846": 0
"p847": 0
"p848": 0
"p849": 0
"p850": 0
"p851": 0
"p852": 0
"p853": 0
"p854": 0
"p855": 0
"p856": 3.7633528463178407E-06
"p857": 3.7633528463178407E-06
"p858": 0
"p859": 0
"p860": 9.408382115794602E-06
"p861": 3.7633528463178407E-06
"p862": 0
"p863": 0
"p864": 0
"p865": 0
"p866": 0
"p867": 0
"p868": 0
"p869": 0
"p870": 0
"p871": 0
"p872": 0.0001486524374295547
"p873": 2.6343469924224887E-05
"p874": 0
"p875": 0
"p876": 0.00010913723254321737
"p877": 1.5053411385271363E-05
"p878": 0
"p879": 0
"p880": 3.7633528463178407E-06
"p881": 0
