"p819": 0
"p820": 8.091208619583358E-05
"p821": 1.6935087808430286E-05
"p822": 1.1290058538953523E-05
"p823": 0
"p824": 0.00040079707813285006
"p825": 0.00013548070246744226
"p826": 1.8816764231589203E-05
"p827": 0
"p828": 0.00073197212860882
"p829": 0.0002201561415095937
"p830": 2.4461793501065966E-05
"p831": 0
"p832": 0.00041585048951812146
"p833": 0.0001298356731979655
"p834": 1.88167642315892E-05
"p835": 0
"p836": 0.00024085458216434178
"p837": 6.39769983874033E-05
"p838": 7.52670569263568E-06
"p839": 0
"p840": 0.0025270914363024295
"p841": 0.0008486360668446731
"p842": 0.00016182417239166713
"p843": 1.8816764231589203E-05
"p844": 0.0018609779825041715
"p845": 0.000688693570876165
"p846": 0.00014677076100639576
"p847": 1.8816764231589203E-05
"p848": 0
"p849": 0
"p850": 0
"p851": 0
"p852": 1.3171734962112442E-05
"p853": 5.645029269476761E-06
"p854": 0
"p855": 0
"p856": 5.645029269476761E-06
"p857": 0
"p858": 0
"p859": 0
"p860": 3.575185204001949E-05
"p861": 7.5267056926356815E-06
"p862": 0
"p863": 0
"p864": 0.00012419064392848873
"p865": 3.9515204886337324E-05
"p866": 3.76335284631784E-06
"p867": 0
"p868": 0.00014488908458323686
"p869": 4.704191057897301E-05
"p870": 7.52670569263568E-06
"p871": 0
"p872": 0.0018026460133862454
"p873": 0.0005080526342529084
"p874": 6.962202765688005E-05
"p875": 1.8816764231589204E-06
"p876": 0.0017819475727314975
"p877": 0.0006077814846803312
"p878": 9.784717400426385E-05
"p879": 1.8816764231589204E-06
"p880": 8.091208619583358E-05
"p881": 1.6935087808430282E-05
