"p819": 0
"p820": 2.6343469924224884E-05
"p821": 1.1290058538953523E-05
"p822": 1.1290058538953523E-05
"p823": 0
"p824": 4.327855773265517E-05
"p825": 2.2580117077907045E-05
"p826": 0
"p827": 0
"p828": 0.00016558752523798497
"p829": 5.080526342529086E-05
"p830": 0
"p831": 0
"p832": 0.00010537387969689954
"p833": 2.4461793501065963E-05
"p834": 0
"p835": 0
"p836": 0.00012607232035164766
"p837": 2.6343469924224884E-05
"p838": 0
"p839": 0
"p840": 0.0015279212556050432
"p841": 0.0004892358700213193
"p842": 7.338538050319788E-05
"p843": 1.317173496211244E-05
"p844": 0.0013171734962112438
"p845": 0.0004779458114823657
"p846": 8.843879188846924E-05
"p847": 1.317173496211244E-05
"p848": 0.00034999181470755914
"p849": 0.000141125731736919
"p850": 2.258011707790704E-05
"p851": 0
"p852": 0.00021639278866327584
"p853": 7.338538050319788E-05
"p854": 1.505341138527136E-05
"p855": 0
"p856": 0.0015693181369145393
"p857": 0.0005456861627160869
"p858": 0.0001110189089663763
"p859": 7.5267056926356815E-06
"p860": 0.0013058834376722906
"p861": 0.000519342692791862
"p862": 0.00011101890896637629
"p863": 7.5267056926356815E-06
"p864": 9.408382115794602E-06
"p865": 0
"p866": 0
"p867": 0
"p868": 2.4461793501065966E-05
"p869": 5.645029269476761E-06
"p870": 0
"p871": 0
"p872": 0.0005833196911792652
"p873": 0.00017499590735377954
"p874": 2.446179350106596E-05
"p875": 0
"p876": 0.0007526705692635681
"p877": 0.00024085458216434175
"p878": 4.139688130949624E-05
"p879": 0
"p880": 2.6343469924224884E-05
"p881": 1.1290058538953521E-05
