"p819": 0
"p820": 0.0009032046831162815
"p821": 0.00032553002120649325
"p822": 4.704191057897301E-05
"p823": 0
"p824": 0.0025722516704582434
"p825": 0.0008298193026130839
"p826": 9.784717400426385E-05
"p827": 5.645029269476761E-06
"p828": 0.006171898667961258
"p829": 0.0021281760345927387
"p830": 0.0002709614049348845
"p831": 1.3171734962112444E-05
"p832": 0
"p833": 0
"p834": 0
"p835": 0
"p836": 0
"p837": 0
"p838": 0
"p839": 0
"p840": 6.39769983874033E-05
"p841": 2.2580117077907045E-05
"p842": 0
"p843": 0
"p844": 3.575185204001949E-05
"p845": 1.1290058538953523E-05
"p846": 0
"p847": 0
"p848": 0
"p849": 0
"p850": 0
"p851": 0
"p852": 0
"p853": 0
"p854": 0
"p855": 0
"p856": 0
"p857": 0
"p858": 0
"p859": 0
"p860": 0
"p861": 0
"p862": 0
"p863": 0
"p864": 0
"p865": 0
"p866": 0
"p867": 0
"p868": 0
"p869": 0
"p870": 0
"p871": 0
"p872": 3.7633528463178407E-05
"p873": 9.408382115794602E-06
"p874": 0
"p875": 0
"p876": 3.198849919370165E-05
"p877": 9.408382115794602E-06
"p878": 0
"p879": 0
"p880": 0
"p881": 0
