"p819": 0
"p820": 0.0003236483447833343
"p821": 6.774035123372114E-05
"p822": 3.7633528463178407E-06
"p823": 0
"p824": 0.0005588578976781993
"p825": 0.00019757602443168663
"p826": 3.198849919370165E-05
"p827": 5.645029269476761E-06
"p828": 0.0028036978705067907
"p829": 0.001017986944928976
"p830": 0.00014488908458323686
"p831": 1.1290058538953523E-05
"p832": 7.33853805031979E-05
"p833": 0
"p834": 0
"p835": 0
"p836": 0.0005494495155624046
"p837": 6.209532196424436E-05
"p838": 3.7633528463178407E-06
"p839": 0
"p840": 0.0003612818732465127
"p841": 8.091208619583358E-05
"p842": 1.8816764231589204E-06
"p843": 0
"p844": 0.0012023912343985498
"p845": 0.0003236483447833342
"p846": 2.6343469924224884E-05
"p847": 0
"p848": 0
"p849": 0
"p850": 0
"p851": 0
"p852": 0
"p853": 0
"p854": 0
"p855": 0
"p856": 0
"p857": 0
"p858": 0
"p859": 0
"p860": 0.0001298356731979655
"p861": 5.645029269476761E-06
"p862": 0
"p863": 0
"p864": 0.0022749467955991342
"p865": 0.0007714873334951572
"p866": 9.220214473478709E-05
"p867": 0
"p868": 0.0036259904674272392
"p869": 0.0011007807075479683
"p870": 0.0001467707610063958
"p871": 0
"p872": 0.014863362066532314
"p873": 0.005048537843335385
"p874": 0.0008354643318825607
"p875": 4.139688130949624E-05
"p876": 0.03075223778368625
"p877": 0.01036803709160565
"p878": 0.00177818421988518
"p879": 9.972885042742278E-05
"p880": 0.0002803697870506791
"p881": 6.397699838740331E-05
