"p819": 0
"p820": 1.1290058538953521E-05
"p821": 0
"p822": 0
"p823": 0
"p824": 0.001296475055556496
"p825": 0.0003819803139012608
"p826": 2.8225146347383805E-05
"p827": 0
"p828": 0.0009257848001941887
"p829": 0.0002653163756654077
"p830": 1.6935087808430286E-05
"p831": 0
"p832": 0.0004271405480570749
"p833": 0.00011666393823585305
"p834": 9.408382115794602E-06
"p835": 0
"p836": 0
"p837": 0
"p838": 0
"p839": 0
"p840": 0.0001129005853895352
"p841": 2.0698440654748124E-05
"p842": 3.76335284631784E-06
"p843": 0
"p844": 0.00011101890896637629
"p845": 3.7633528463178407E-05
"p846": 5.645029269476761E-06
"p847": 0
"p848": 0.00031612163909069865
"p849": 0.0001223089675053298
"p850": 1.1290058538953523E-05
"p851": 0
"p852": 9.408382115794602E-06
"p853": 5.6450292694767605E-06
"p854": 0
"p855": 0
"p856": 0.00022203781793275258
"p857": 3.575185204001949E-05
"p858": 1.8816764231589204E-06
"p859": 1.8816764231589204E-06
"p860": 0.00025026296428013644
"p861": 7.338538050319788E-05
"p862": 1.8816764231589204E-06
"p863": 1.8816764231589204E-06
"p864": 0.002103714241091673
"p865": 0.0006924569237224825
"p866": 0.00013736237889060116
"p867": 1.317173496211244E-05
"p868": 0
"p869": 0
"p870": 0
"p871": 0
"p872": 0.002346450499679174
"p873": 0.0006585867481056221
"p874": 0.00012042729108217089
"p875": 1.317173496211244E-05
"p876": 0.0006435333367203507
"p877": 0.00016746920166114387
"p878": 2.258011707790704E-05
"p879": 0
"p880": 0.002047263948396905
"p881": 0.0007601972749562039
