"p819": 0
"p820": 0
"p821": 0
"p822": 0
"p823": 0
"p824": 0.0001298356731979655
"p825": 6.585867481056221E-05
"p826": 9.408382115794602E-06
"p827": 0
"p828": 0.00019757602443168663
"p829": 0.00011478226181269414
"p830": 1.5053411385271363E-05
"p831": 0
"p832": 0.001017986944928976
"p833": 0.00037069025536230727
"p834": 7.903040977267465E-05
"p835": 7.5267056926356815E-06
"p836": 1.3171734962112442E-05
"p837": 7.52670569263568E-06
"p838": 0
"p839": 0
"p840": 0.001627650106032466
"p841": 0.0005795563383329475
"p842": 0.0001279539967748066
"p843": 7.5267056926356815E-06
"p844": 0.0005400411334466101
"p845": 0.00017311423093062064
"p846": 2.8225146347383805E-05
"p847": 0
"p848": 9.408382115794602E-06
"p849": 3.7633528463178407E-06
"p850": 0
"p851": 0
"p852": 1.8816764231589204E-06
"p853": 1.8816764231589204E-06
"p854": 0
"p855": 0
"p856": 0
"p857": 0
"p858": 0
"p859": 0
"p860": 0
"p861": 0
"p862": 0
"p863": 0
"p864": 0.0014846426978723881
"p865": 0.0004986442521371138
"p866": 8.279376261899248E-05
"p867": 1.8816764231589204E-06
"p868": 0
"p869": 0
"p870": 0
"p871": 0
"p872": 0.0014808793450260703
"p873": 0.0004290222244802338
"p874": 6.209532196424438E-05
"p875": 5.6450292694767605E-06
"p876": 0.0003010682277054272
"p877": 8.279376261899248E-05
"p878": 3.76335284631784E-06
"p879": 3.76335284631784E-06
"p880": 0.000916376418078394
"p881": 0.00038198031390126086
