"p819": 9.408382115794602E-06
"p820": 0.005406056363735578
"p821": 0.0017800658963083383
"p822": 0.0001956943480085277
"p823": 1.1290058538953523E-05
"p824": 0.00040079707813285006
"p825": 0.0001016105268505817
"p826": 1.6935087808430286E-05
"p827": 0
"p828": 0.0009615366522342081
"p829": 0.0003067132569749041
"p830": 3.575185204001949E-05
"p831": 0
"p832": 8.091208619583358E-05
"p833": 2.0698440654748124E-05
"p834": 0
"p835": 0
"p836": 7.714873334951574E-05
"p837": 1.5053411385271363E-05
"p838": 0
"p839": 0
"p840": 3.0106822770542726E-05
"p841": 5.645029269476761E-06
"p842": 0
"p843": 0
"p844": 0
"p845": 0
"p846": 0
"p847": 0
"p848": 6.585867481056221E-05
"p849": 2.0698440654748124E-05
"p850": 0
"p851": 0
"p852": 3.7633528463178407E-05
"p853": 1.5053411385271363E-05
"p854": 0
"p855": 0
"p856": 3.951520488633733E-05
"p857": 5.645029269476761E-06
"p858": 0
"p859": 0
"p860": 3.7633528463178407E-06
"p861": 0
"p862": 0
"p863": 0
"p864": 3.575185204001949E-05
"p865": 9.408382115794602E-06
"p866": 0
"p867": 0
"p868": 3.9515204886337324E-05
"p869": 9.408382115794602E-06
"p870": 0
"p871": 0
"p872": 5.645029269476761E-06
"p873": 0
"p874": 0
"p875": 0
"p876": 0
"p877": 0
"p878": 0
"p879": 0
"p880": 3.198849919370165E-05
"p881": 2.0698440654748124E-05
