"p819": 0
"p820": 0.0002860148163201559
"p821": 0.00013548070246744226
"p822": 1.6935087808430286E-05
"p823": 0
"p824": 5.833196911792653E-05
"p825": 2.8225146347383805E-05
"p826": 0
"p827": 0
"p828": 9.596549758110493E-05
"p829": 5.833196911792653E-05
"p830": 0
"p831": 0
"p832": 0.0001505341138527136
"p833": 3.9515204886337324E-05
"p834": 0
"p835": 0
"p836": 0.00019757602443168663
"p837": 6.962202765688005E-05
"p838": 0
"p839": 0
"p840": 2.6343469924224884E-05
"p841": 7.5267056926356815E-06
"p842": 1.8816764231589204E-06
"p843": 1.8816764231589204E-06
"p844": 0.00010349220327374062
"p845": 2.0698440654748124E-05
"p846": 1.8816764231589204E-06
"p847": 1.8816764231589204E-06
"p848": 0
"p849": 0
"p850": 0
"p851": 0
"p852": 3.3870175616860565E-05
"p853": 5.645029269476761E-06
"p854": 0
"p855": 0
"p856": 0
"p857": 0
"p858": 0
"p859": 0
"p860": 0
"p861": 0
"p862": 0
"p863": 0
"p864": 0.002305053618369677
"p865": 0.0007300904521856611
"p866": 0.0001317173496211244
"p867": 9.408382115794602E-06
"p868": 0.0023897290574118285
"p869": 0.0007865407448804286
"p870": 0.00015053411385271363
"p871": 9.408382115794602E-06
"p872": 0.0011440592652806236
"p873": 0.0003217666683601754
"p874": 4.3278557732655166E-05
"p875": 0
"p876": 0.0006679951302214166
"p877": 0.00020322105370116337
"p878": 2.6343469924224884E-05
"p879": 0
"p880": 0.0006228348960656025
"p881": 0.00022203781793275258
