"p819": 0
"p820": 0.0032496551827954556
"p821": 0.0010010518571205457
"p822": 6.209532196424436E-05
"p823": 1.8816764231589204E-06
"p824": 0.00014112573173691902
"p825": 2.8225146347383805E-05
"p826": 9.408382115794602E-06
"p827": 0
"p828": 0.0006774035123372113
"p829": 0.00019381267158536883
"p830": 2.4461793501065963E-05
"p831": 0
"p832": 6.585867481056221E-05
"p833": 1.6935087808430282E-05
"p834": 0
"p835": 0
"p836": 5.833196911792653E-05
"p837": 1.1290058538953523E-05
"p838": 0
"p839": 0
"p840": 2.6343469924224887E-05
"p841": 5.645029269476761E-06
"p842": 0
"p843": 0
"p844": 0
"p845": 0
"p846": 0
"p847": 0
"p848": 4.327855773265517E-05
"p849": 1.6935087808430282E-05
"p850": 0
"p851": 0
"p852": 2.6343469924224884E-05
"p853": 1.1290058538953523E-05
"p854": 0
"p855": 0
"p856": 2.0698440654748124E-05
"p857": 5.645029269476761E-06
"p858": 0
"p859": 0
"p860": 0
"p861": 0
"p862": 0
"p863": 0
"p864": 3.198849919370165E-05
"p865": 9.408382115794602E-06
"p866": 0
"p867": 0
"p868": 3.198849919370165E-05
"p869": 9.408382115794602E-06
"p870": 0
"p871": 0
"p872": 5.645029269476761E-06
"p873": 0
"p874": 0
"p875": 0
"p876": 0
"p877": 0
"p878": 0
"p879": 0
"p880": 3.198849919370165E-05
"p881": 2.0698440654748124E-05
