"p819": 0
"p820": 0.001204272910821709
"p821": 0.0004083237838254858
"p822": 5.645029269476761E-05
"p823": 0
"p824": 0.0006529417188361454
"p825": 0.00017875926020009743
"p826": 0
"p827": 0
"p828": 0.0005663846033708349
"p829": 0.00013171734962112442
"p830": 0
"p831": 0
"p832": 0.00016558752523798497
"p833": 3.9515204886337324E-05
"p834": 0
"p835": 0
"p836": 0.00046289240009709436
"p837": 0.0001298356731979655
"p838": 9.408382115794602E-06
"p839": 0
"p840": 1.5053411385271363E-05
"p841": 3.76335284631784E-06
"p842": 3.76335284631784E-06
"p843": 0
"p844": 2.8225146347383805E-05
"p845": 5.645029269476761E-06
"p846": 5.645029269476761E-06
"p847": 0
"p848": 0.0002464996114338185
"p849": 6.209532196424436E-05
"p850": 0
"p851": 0
"p852": 0.000333056726899129
"p853": 0.00012795399677480656
"p854": 1.1290058538953523E-05
"p855": 0
"p856": 4.139688130949625E-05
"p857": 1.1290058538953523E-05
"p858": 1.8816764231589204E-06
"p859": 1.8816764231589204E-06
"p860": 0.000188167642315892
"p861": 4.704191057897301E-05
"p862": 1.8816764231589204E-06
"p863": 1.8816764231589204E-06
"p864": 0.0020510273012432226
"p865": 0.0005946097497182188
"p866": 9.596549758110492E-05
"p867": 1.317173496211244E-05
"p868": 0.002115004299630626
"p869": 0.0006924569237224825
"p870": 0.00013736237889060116
"p871": 1.317173496211244E-05
"p872": 0.000779014039187793
"p873": 0.00019193099516220987
"p874": 2.4461793501065963E-05
"p875": 0
"p876": 0.00029730487485910944
"p877": 0.00010161052685058169
"p878": 2.258011707790704E-05
"p879": 0
"p880": 0.002207206444365413
"p881": 0.0007696056570719985
