"p819": 5.645029269476761E-06
"p820": 0.0028657931924710354
"p821": 0.0009822350928889564
"p822": 9.596549758110495E-05
"p823": 5.645029269476761E-06
"p824": 0.00010349220327374062
"p825": 4.8923587002131926E-05
"p826": 1.3171734962112442E-05
"p827": 0
"p828": 0.0006096631611034902
"p829": 0.00023709122931802397
"p830": 3.0106822770542726E-05
"p831": 0
"p832": 0.008446845463560391
"p833": 0.0032872887112586338
"p834": 0.0007169187172235489
"p835": 8.467543904215141E-05
"p836": 0.016417626792061584
"p837": 0.006653607832289943
"p838": 0.001610715018224036
"p839": 0.00021639278866327584
"p840": 0.0033399756511070834
"p841": 0.0011534676473964182
"p842": 0.00021262943581695798
"p843": 1.8816764231589204E-06
"p844": 0.005908463968719012
"p845": 0.0017725391906157028
"p846": 0.0002502629642801364
"p847": 5.645029269476761E-06
"p848": 0.00941214546864092
"p849": 0.0038423832560905155
"p850": 0.0007564339221098861
"p851": 4.139688130949625E-05
"p852": 0.013160444903573487
"p853": 0.0054192280986976905
"p854": 0.0012230896750532983
"p855": 0.0001091372325432174
"p856": 0.005185900222225984
"p857": 0.001981405273586343
"p858": 0.00035563684397703593
"p859": 9.408382115794602E-06
"p860": 0.009101668858819698
"p861": 0.003236483447833343
"p862": 0.0005249877220613389
"p863": 1.3171734962112444E-05
"p864": 0.004316565714726562
"p865": 0.0013660970832133762
"p866": 0.0001580608195453493
"p867": 1.3171734962112444E-05
"p868": 0.012420946069272035
"p869": 0.004256352069185477
"p870": 0.00041961384236443927
"p871": 1.5053411385271363E-05
"p872": 0.0007771323627646342
"p873": 0.000188167642315892
"p874": 2.8225146347383805E-05
"p875": 1.8816764231589204E-06
"p876": 0.0010368037091605647
"p877": 0.0002897781691664737
"p878": 5.080526342529085E-05
"p879": 1.8816764231589204E-06
"p880": 0.0028168696054689034
"p881": 0.0010593838262384723
