"p819": 0
"p820": 9.408382115794602E-06
"p821": 0
"p822": 0
"p823": 0
"p824": 0.0007357354814551379
"p825": 0.0002333278764717061
"p826": 1.6935087808430282E-05
"p827": 0
"p828": 0.0004214955187875981
"p829": 0.00012607232035164766
"p830": 5.645029269476761E-06
"p831": 0
"p832": 3.7633528463178407E-06
"p833": 0
"p834": 0
"p835": 0
"p836": 0
"p837": 0
"p838": 0
"p839": 0
"p840": 0.00037821696105494305
"p841": 9.972885042742278E-05
"p842": 9.408382115794602E-06
"p843": 0
"p844": 7.150370408003896E-05
"p845": 2.82251463473838E-05
"p846": 0
"p847": 0
"p848": 9.032046831162818E-05
"p849": 3.0106822770542726E-05
"p850": 0
"p851": 0
"p852": 0
"p853": 0
"p854": 0
"p855": 0
"p856": 0.000284133139896997
"p857": 7.903040977267465E-05
"p858": 0
"p859": 0
"p860": 0.00010725555612005845
"p861": 3.7633528463178407E-05
"p862": 0
"p863": 0
"p864": 0.00013359902604428335
"p865": 2.6343469924224884E-05
"p866": 0
"p867": 0
"p868": 0
"p869": 0
"p870": 0
"p871": 0
"p872": 0.0033531473860691965
"p873": 0.0010556204733921542
"p874": 0.00020133937727800444
"p875": 2.634346992422488E-05
"p876": 0.0004064421074023268
"p877": 8.843879188846925E-05
"p878": 0
"p879": 0
"p880": 0.00021827446508643474
"p881": 6.774035123372113E-05
