"p819": 3.0106822770542726E-05
"p820": 0.005878357145948468
"p821": 0.0021676912394790757
"p822": 0.0004591290472507766
"p823": 6.0213645541085445E-05
"p824": 0.0003989154017096911
"p825": 0.0001392440553137601
"p826": 3.010682277054273E-05
"p827": 1.8816764231589204E-06
"p828": 0.0017179705743440936
"p829": 0.0005513311919855637
"p830": 8.091208619583358E-05
"p831": 5.645029269476761E-06
"p832": 0.0006905752472993237
"p833": 0.00017123255450746173
"p834": 1.3171734962112442E-05
"p835": 0
"p836": 0.0018421612182725829
"p837": 0.00048359084075184255
"p838": 3.7633528463178407E-05
"p839": 0
"p840": 0.0001298356731979655
"p841": 4.139688130949624E-05
"p842": 1.1290058538953523E-05
"p843": 0
"p844": 0.0005381594570234512
"p845": 0.00017123255450746176
"p846": 2.6343469924224887E-05
"p847": 0
"p848": 0
"p849": 0
"p850": 0
"p851": 0
"p852": 0.0001298356731979655
"p853": 5.645029269476761E-06
"p854": 0
"p855": 0
"p856": 0
"p857": 0
"p858": 0
"p859": 0
"p860": 0
"p861": 0
"p862": 0
"p863": 0
"p864": 0.017119492097899855
"p865": 0.006136146815921238
"p866": 0.0010800822668932204
"p867": 6.397699838740328E-05
"p868": 0.0328333719077
"p869": 0.011461291093460987
"p870": 0.002154519504516964
"p871": 0.00016746920166114393
"p872": 0.007265152669816593
"p873": 0.002592950111112992
"p874": 0.0004327855773265517
"p875": 9.408382115794602E-06
"p876": 0.013452104749163123
"p877": 0.004395596124499239
"p878": 0.0006454150131435097
"p879": 1.3171734962112444E-05
"p880": 0.005857658705293719
"p881": 0.0020472639483969054
