"p819": 0
"p820": 0
"p821": 0
"p822": 0
"p823": 0
"p824": 0.0005475678391392458
"p825": 0.00015053411385271363
"p826": 9.408382115794602E-06
"p827": 0
"p828": 6.397699838740328E-05
"p829": 3.575185204001949E-05
"p830": 0
"p831": 0
"p832": 0.00013924405531376007
"p833": 2.6343469924224884E-05
"p834": 0
"p835": 0
"p836": 0
"p837": 0
"p838": 0
"p839": 0
"p840": 0.0034171243844565995
"p841": 0.0010800822668932202
"p842": 0.0001956943480085277
"p843": 2.634346992422488E-05
"p844": 0.00042149551878759814
"p845": 9.784717400426385E-05
"p846": 0
"p847": 0
"p848": 0.0003085949333980629
"p849": 9.596549758110493E-05
"p850": 1.505341138527136E-05
"p851": 0
"p852": 2.2580117077907045E-05
"p853": 3.7633528463178407E-06
"p854": 0
"p855": 0
"p856": 0.0042093101586065055
"p857": 0.0014432458165628919
"p858": 0.00030106822770542725
"p859": 3.7633528463178407E-05
"p860": 0.0008072391855351768
"p861": 0.00026907972851172564
"p862": 4.139688130949624E-05
"p863": 0
"p864": 2.8225146347383805E-05
"p865": 5.645029269476761E-06
"p866": 0
"p867": 0
"p868": 0
"p869": 0
"p870": 0
"p871": 0
"p872": 0.001366097083213376
"p873": 0.0003989154017096911
"p874": 6.58586748105622E-05
"p875": 0
"p876": 8.279376261899247E-05
"p877": 2.446179350106596E-05
"p878": 0
"p879": 0
"p880": 0.00016558752523798497
"p881": 3.7633528463178407E-05
