"p819": 0
"p820": 0.00021262943581695803
"p821": 3.3870175616860565E-05
"p822": 0
"p823": 0
"p824": 0.006606565921710968
"p825": 0.0021488744752474866
"p826": 0.0002991865512822684
"p827": 1.6935087808430286E-05
"p828": 0.005219770397842846
"p829": 0.0014996961092576596
"p830": 0.0002239194943559115
"p831": 5.645029269476761E-06
"p832": 0.0001016105268505817
"p833": 1.8816764231589204E-06
"p834": 0
"p835": 0
"p836": 0
"p837": 0
"p838": 0
"p839": 0
"p840": 0.0024800495257234568
"p841": 0.0006040181318340134
"p842": 3.7633528463178407E-05
"p843": 1.8816764231589204E-06
"p844": 0.00038198031390126086
"p845": 7.714873334951574E-05
"p846": 0
"p847": 0
"p848": 0.0004948808992907961
"p849": 6.209532196424436E-05
"p850": 3.7633528463178407E-06
"p851": 0
"p852": 0
"p853": 0
"p854": 0
"p855": 0
"p856": 0.001384913847444965
"p857": 0.00034434678543808234
"p858": 2.8225146347383805E-05
"p859": 0
"p860": 0.0003236483447833343
"p861": 6.021364554108545E-05
"p862": 0
"p863": 0
"p864": 0.0014752343157565931
"p865": 0.0003800986374781018
"p866": 2.634346992422488E-05
"p867": 0
"p868": 2.2580117077907045E-05
"p869": 0
"p870": 0
"p871": 0
"p872": 0.022431464640477496
"p873": 0.007285851110471342
"p874": 0.0011233608246258757
"p875": 7.338538050319788E-05
"p876": 0.008926672951465917
"p877": 0.002634346992422488
"p878": 0.00040079707813285
"p879": 2.258011707790704E-05
"p880": 0.0022937635598307238
"p881": 0.0008241742733436071
