"p819": 1.1290058538953523E-05
"p820": 1.1290058538953523E-05
"p821": 0
"p822": 0
"p823": 0
"p824": 0.007396870019437716
"p825": 0.0026494004038077595
"p826": 0.0005099343106760674
"p827": 6.774035123372113E-05
"p828": 0.002510156348493999
"p829": 0.0008429910375751963
"p830": 0.00012607232035164766
"p831": 3.010682277054273E-05
"p832": 0.0034716930007282084
"p833": 0.0012795399677480658
"p834": 0.00024085458216434178
"p835": 7.5267056926356815E-06
"p836": 0.0005174610163687031
"p837": 0.0001279539967748066
"p838": 5.645029269476761E-06
"p839": 0
"p840": 0.015764685073225433
"p841": 0.006228348960656027
"p842": 0.0013021200848259732
"p843": 9.784717400426387E-05
"p844": 0.010889261460820674
"p845": 0.00419990177649071
"p846": 0.0007884224213035876
"p847": 2.8225146347383808E-05
"p848": 7.526705692635681E-05
"p849": 0
"p850": 0
"p851": 0
"p852": 0
"p853": 0
"p854": 0
"p855": 0
"p856": 6.209532196424438E-05
"p857": 5.645029269476761E-06
"p858": 0
"p859": 0
"p860": 3.7633528463178407E-06
"p861": 0
"p862": 0
"p863": 0
"p864": 0.00207360741832113
"p865": 0.0006736401594908935
"p866": 9.596549758110493E-05
"p867": 0
"p868": 1.6935087808430286E-05
"p869": 0
"p870": 0
"p871": 0
"p872": 0.02976623933795096
"p873": 0.01070297549492794
"p874": 0.0017047988393819819
"p875": 0.00012042729108217092
"p876": 0.010298415063948775
"p877": 0.0032741169762965216
"p878": 0.0005042892814065907
"p879": 3.3870175616860565E-05
"p880": 0.0014940510799881825
"p881": 0.0005475678391392458
