"p819": 0
"p820": 0
"p821": 0
"p822": 0
"p823": 0
"p824": 2.8225146347383808E-05
"p825": 1.3171734962112442E-05
"p826": 3.7633528463178407E-06
"p827": 0
"p828": 4.5160234155814084E-05
"p829": 2.6343469924224884E-05
"p830": 3.7633528463178407E-06
"p831": 0
"p832": 0.0011534676473964182
"p833": 0.0004365489301728695
"p834": 8.843879188846924E-05
"p835": 1.317173496211244E-05
"p836": 0
"p837": 0
"p838": 0
"p839": 0
"p840": 0.0014959327564113417
"p841": 0.0005080526342529085
"p842": 9.596549758110492E-05
"p843": 1.317173496211244E-05
"p844": 0.00037069025536230727
"p845": 0.0001317173496211244
"p846": 2.4461793501065963E-05
"p847": 0
"p848": 0.0009803534164657976
"p849": 0.0003763352846317841
"p850": 8.091208619583358E-05
"p851": 7.5267056926356815E-06
"p852": 1.5053411385271361E-05
"p853": 9.4083821157946E-06
"p854": 0
"p855": 0
"p856": 0.0016483485466872142
"p857": 0.0005833196911792654
"p858": 0.0001298356731979655
"p859": 7.5267056926356815E-06
"p860": 0.0005381594570234512
"p861": 0.00017123255450746173
"p862": 2.6343469924224884E-05
"p863": 0
"p864": 0.0007451438635709324
"p865": 0.00024085458216434175
"p866": 4.139688130949624E-05
"p867": 0
"p868": 0
"p869": 0
"p870": 0
"p871": 0
"p872": 0.0005024076049834317
"p873": 0.0001486524374295547
"p874": 2.8225146347383798E-05
"p875": 3.76335284631784E-06
"p876": 8.843879188846924E-05
"p877": 3.0106822770542722E-05
"p878": 3.76335284631784E-06
"p879": 3.76335284631784E-06
"p880": 0.0005795563383329475
"p881": 0.00020698440654748124
