"p819": 5.645029269476761E-06
"p820": 0.005573525565396723
"p821": 0.0018986115109673504
"p822": 0.0002314462000485472
"p823": 1.3171734962112444E-05
"p824": 0.000658586748105622
"p825": 0.00021262943581695803
"p826": 3.575185204001949E-05
"p827": 0
"p828": 0.0012324980571690927
"p829": 0.00037445360820862513
"p830": 5.080526342529085E-05
"p831": 0
"p832": 4.327855773265517E-05
"p833": 1.6935087808430282E-05
"p834": 0
"p835": 0
"p836": 3.575185204001949E-05
"p837": 1.1290058538953523E-05
"p838": 0
"p839": 0
"p840": 2.0698440654748124E-05
"p841": 5.645029269476761E-06
"p842": 0
"p843": 0
"p844": 0
"p845": 0
"p846": 0
"p847": 0
"p848": 0
"p849": 0
"p850": 0
"p851": 0
"p852": 0
"p853": 0
"p854": 0
"p855": 0
"p856": 0
"p857": 0
"p858": 0
"p859": 0
"p860": 0
"p861": 0
"p862": 0
"p863": 0
"p864": 3.198849919370165E-05
"p865": 9.408382115794602E-06
"p866": 0
"p867": 0
"p868": 3.198849919370165E-05
"p869": 9.408382115794602E-06
"p870": 0
"p871": 0
"p872": 5.645029269476761E-06
"p873": 0
"p874": 0
"p875": 0
"p876": 0
"p877": 0
"p878": 0
"p879": 0
"p880": 9.784717400426385E-05
"p881": 3.7633528463178407E-05
