"p819": 7.5267056926356815E-06
"p820": 0.0005193426927918621
"p821": 0.0001279539967748066
"p822": 5.645029269476761E-06
"p823": 0
"p824": 0.02312392156419997
"p825": 0.008947371392120665
"p826": 0.0018327528361567885
"p827": 0.00015053411385271363
"p828": 0.01176235932116641
"p829": 0.004596935501777242
"p830": 0.0008693345074994211
"p831": 3.575185204001948E-05
"p832": 0
"p833": 0
"p834": 0
"p835": 0
"p836": 0
"p837": 0
"p838": 0
"p839": 0
"p840": 3.3870175616860565E-05
"p841": 5.645029269476761E-06
"p842": 0
"p843": 0
"p844": 9.408382115794602E-06
"p845": 5.645029269476761E-06
"p846": 0
"p847": 0
"p848": 0
"p849": 0
"p850": 0
"p851": 0
"p852": 0
"p853": 0
"p854": 0
"p855": 0
"p856": 9.408382115794602E-06
"p857": 3.7633528463178407E-06
"p858": 0
"p859": 0
"p860": 3.7633528463178407E-06
"p861": 3.7633528463178407E-06
"p862": 0
"p863": 0
"p864": 0
"p865": 0
"p866": 0
"p867": 0
"p868": 0
"p869": 0
"p870": 0
"p871": 0
"p872": 0.0002521446407032953
"p873": 4.139688130949625E-05
"p874": 0
"p875": 0
"p876": 5.645029269476761E-06
"p877": 0
"p878": 0
"p879": 0
"p880": 0
"p881": 0
