"p819": 0
"p820": 0.0015373296377208378
"p821": 0.0005513311919855637
"p822": 0.00010725555612005848
"p823": 1.1290058538953523E-05
"p824": 0.006271627518388681
"p825": 0.0022373132671359565
"p826": 0.00044407563586550515
"p827": 5.64502926947676E-05
"p828": 0.012375785835116221
"p829": 0.004738061233514162
"p830": 0.0009859984457352743
"p831": 0.00013171734962112445
"p832": 3.7633528463178407E-06
"p833": 0
"p834": 0
"p835": 0
"p836": 0
"p837": 0
"p838": 0
"p839": 0
"p840": 9.408382115794603E-05
"p841": 2.6343469924224887E-05
"p842": 0
"p843": 0
"p844": 5.080526342529086E-05
"p845": 1.5053411385271363E-05
"p846": 0
"p847": 0
"p848": 0
"p849": 0
"p850": 0
"p851": 0
"p852": 0
"p853": 0
"p854": 0
"p855": 0
"p856": 0
"p857": 0
"p858": 0
"p859": 0
"p860": 0
"p861": 0
"p862": 0
"p863": 0
"p864": 0
"p865": 0
"p866": 0
"p867": 0
"p868": 0
"p869": 0
"p870": 0
"p871": 0
"p872": 4.8923587002131926E-05
"p873": 9.408382115794602E-06
"p874": 0
"p875": 0
"p876": 3.9515204886337324E-05
"p877": 9.408382115794602E-06
"p878": 0
"p879": 0
"p880": 0
"p881": 0
