"p819": 0
"p820": 0
"p821": 0
"p822": 0
"p823": 0
"p824": 0.00033682007974544673
"p825": 0.00016182417239166716
"p826": 2.2580117077907045E-05
"p827": 0
"p828": 9.032046831162815E-05
"p829": 5.268693984844976E-05
"p830": 1.129005853895352E-05
"p831": 0
"p832": 8.467543904215141E-05
"p833": 2.4461793501065963E-05
"p834": 0
"p835": 0
"p836": 0
"p837": 0
"p838": 0
"p839": 0
"p840": 0.0002615530228190899
"p841": 7.338538050319788E-05
"p842": 0
"p843": 0
"p844": 0.00010349220327374062
"p845": 3.3870175616860565E-05
"p846": 0
"p847": 0
"p848": 0
"p849": 0
"p850": 0
"p851": 0
"p852": 0
"p853": 0
"p854": 0
"p855": 0
"p856": 3.3870175616860565E-05
"p857": 5.645029269476761E-06
"p858": 0
"p859": 0
"p860": 0
"p861": 0
"p862": 0
"p863": 0
"p864": 0.00029354152201279153
"p865": 8.843879188846925E-05
"p866": 1.505341138527136E-05
"p867": 0
"p868": 2.2580117077907045E-05
"p869": 3.7633528463178407E-06
"p870": 0
"p871": 0
"p872": 0.005330789306809222
"p873": 0.0017123255450746174
"p874": 0.00032176666836017533
"p875": 1.88167642315892E-05
"p876": 0.000707510335107754
"p877": 0.0002163927886632758
"p878": 3.0106822770542722E-05
"p879": 0
"p880": 6.774035123372114E-05
"p881": 1.1290058538953523E-05
