"p819": 0
"p820": 0.0005795563383329474
"p821": 0.00020698440654748124
"p822": 3.198849919370165E-05
"p823": 0
"p824": 0.001134650883164829
"p825": 0.00033870175616860566
"p826": 2.0698440654748124E-05
"p827": 0
"p828": 0.0033776091795702616
"p829": 0.0010349220327374063
"p830": 6.209532196424436E-05
"p831": 1.8816764231589204E-06
"p832": 0
"p833": 0
"p834": 0
"p835": 0
"p836": 0
"p837": 0
"p838": 0
"p839": 0
"p840": 9.22021447347871E-05
"p841": 2.2580117077907045E-05
"p842": 0
"p843": 0
"p844": 5.833196911792653E-05
"p845": 1.1290058538953523E-05
"p846": 0
"p847": 0
"p848": 0
"p849": 0
"p850": 0
"p851": 0
"p852": 0
"p853": 0
"p854": 0
"p855": 0
"p856": 6.39769983874033E-05
"p857": 2.2580117077907045E-05
"p858": 0
"p859": 0
"p860": 2.6343469924224884E-05
"p861": 1.1290058538953523E-05
"p862": 0
"p863": 0
"p864": 0
"p865": 0
"p866": 0
"p867": 0
"p868": 0
"p869": 0
"p870": 0
"p871": 0
"p872": 3.7633528463178407E-05
"p873": 9.408382115794602E-06
"p874": 0
"p875": 0
"p876": 3.198849919370165E-05
"p877": 9.408382115794602E-06
"p878": 0
"p879": 0
"p880": 0
"p881": 0
