"p819": 0
"p820": 0.0012343797335922517
"p821": 0.0003970337252865321
"p822": 6.774035123372114E-05
"p823": 1.1290058538953523E-05
"p824": 0.002346450499679174
"p825": 0.0008222925969204481
"p826": 0.00015053411385271363
"p827": 3.76335284631784E-05
"p828": 0.007566220897522018
"p829": 0.002743484224965705
"p830": 0.0005080526342529085
"p831": 6.585867481056221E-05
"p832": 0.0027058506965025276
"p833": 0.001014223592082658
"p834": 0.0001524157902758725
"p835": 5.645029269476761E-06
"p836": 0.00388754349024633
"p837": 0.0013792688181754884
"p838": 0.0002464996114338185
"p839": 7.5267056926356815E-06
"p840": 0.009271019736904
"p841": 0.003637280525966193
"p842": 0.0006943386001456416
"p843": 3.0106822770542726E-05
"p844": 0.015102334972273496
"p845": 0.006089104905342265
"p846": 0.001294593379133337
"p847": 9.032046831162817E-05
"p848": 0
"p849": 0
"p850": 0
"p851": 0
"p852": 7.526705692635681E-05
"p853": 0
"p854": 0
"p855": 0
"p856": 5.645029269476761E-06
"p857": 0
"p858": 0
"p859": 0
"p860": 6.0213645541085445E-05
"p861": 5.645029269476761E-06
"p862": 0
"p863": 0
"p864": 0.0009427198880026192
"p865": 0.0002521446407032953
"p866": 9.408382115794602E-06
"p867": 0
"p868": 0.00209054250612956
"p869": 0.0006736401594908935
"p870": 9.596549758110493E-05
"p871": 0
"p872": 0.013130338080802953
"p873": 0.00449532497492666
"p874": 0.000709392011530913
"p875": 4.5160234155814084E-05
"p876": 0.02683082411782304
"p877": 0.0097659006361948
"p878": 0.0015711998133376987
"p879": 0.00010913723254321738
"p880": 0.0007056286586845951
"p881": 0.000212629435816958
