"p819": 0
"p820": 0
"p821": 0
"p822": 0
"p823": 0
"p824": 0.0013510436718281048
"p825": 0.0004779458114823658
"p826": 2.0698440654748128E-05
"p827": 0
"p828": 0.00027284308135804345
"p829": 0.00013548070246744226
"p830": 0
"p831": 0
"p832": 0.0013905588767144418
"p833": 0.0003499918147075591
"p834": 2.634346992422488E-05
"p835": 0
"p836": 2.2580117077907045E-05
"p837": 0
"p838": 0
"p839": 0
"p840": 0.014812556803107021
"p841": 0.005428636480813485
"p842": 0.0010085785628131815
"p843": 7.338538050319788E-05
"p844": 0.00695467605999537
"p845": 0.0022297865614433203
"p846": 0.000378216961054943
"p847": 2.258011707790704E-05
"p848": 0.00233516044114022
"p849": 0.0008110025383814947
"p850": 0.00013548070246744226
"p851": 0
"p852": 0.00029165984558963265
"p853": 6.209532196424438E-05
"p854": 0
"p855": 0
"p856": 0.01101345210474916
"p857": 0.0044050045066150335
"p858": 0.0008580444489604677
"p859": 4.704191057897301E-05
"p860": 0.008234216027743435
"p861": 0.0030633692169027226
"p862": 0.0005400411334466102
"p863": 1.3171734962112444E-05
"p864": 0.00028977816916647367
"p865": 0.00011666393823585303
"p866": 1.6935087808430282E-05
"p867": 0
"p868": 0
"p869": 0
"p870": 0
"p871": 0
"p872": 0.010706738847774257
"p873": 0.0033644374446081503
"p874": 0.0001467707610063958
"p875": 1.8816764231589204E-06
"p876": 0.0026418736981151233
"p877": 0.0006529417188361453
"p878": 3.387017561686056E-05
"p879": 0
"p880": 0.0005701479562171528
"p881": 0.0002032210537011634
