"p819": 7.5267056926356815E-06
"p820": 0.0004610107236739354
"p821": 8.843879188846925E-05
"p822": 5.645029269476761E-06
"p823": 0
"p824": 0.014835136920184927
"p825": 0.005031602755526953
"p826": 0.0009464832408489371
"p827": 9.220214473478709E-05
"p828": 0.010023690306167569
"p829": 0.0033418573275302427
"p830": 0.0006661134537982577
"p831": 5.45686162716087E-05
"p832": 0.0001016105268505817
"p833": 1.8816764231589204E-06
"p834": 0
"p835": 0
"p836": 0
"p837": 0
"p838": 0
"p839": 0
"p840": 0.002982457130706889
"p841": 0.0007752506863414751
"p842": 7.150370408003896E-05
"p843": 1.8816764231589204E-06
"p844": 0.0006096631611034902
"p845": 0.00014677076100639576
"p846": 1.1290058538953523E-05
"p847": 0
"p848": 0.0007150370408003896
"p849": 0.00011290058538953522
"p850": 3.7633528463178407E-06
"p851": 0
"p852": 0
"p853": 0
"p854": 0
"p855": 0
"p856": 0.0019456534215463236
"p857": 0.000496762575713955
"p858": 3.951520488633733E-05
"p859": 0
"p860": 0.0007432621871477736
"p861": 0.00018628596589273313
"p862": 1.1290058538953523E-05
"p863": 0
"p864": 0.0021413477695548513
"p865": 0.0005343961041771332
"p866": 3.387017561686056E-05
"p867": 0
"p868": 5.080526342529086E-05
"p869": 0
"p870": 0
"p871": 0
"p872": 0.03126405377078547
"p873": 0.01087985307870488
"p874": 0.00217898129801803
"p875": 0.00025590799354961323
"p876": 0.012114232812297131
"p877": 0.003716310935738868
"p878": 0.0006247165724887615
"p879": 4.516023415581409E-05
"p880": 0.0040211425162906145
"p881": 0.0015467380198366325
