"p819": 0
"p820": 0
"p821": 0
"p822": 0
"p823": 0
"p824": 0.00010913723254321738
"p825": 6.0213645541085445E-05
"p826": 5.645029269476761E-06
"p827": 0
"p828": 0.00017499590735377957
"p829": 0.0001110189089663763
"p830": 1.129005853895352E-05
"p831": 0
"p832": 0.00019193099516220984
"p833": 6.397699838740328E-05
"p834": 0
"p835": 0
"p836": 5.6450292694767605E-06
"p837": 5.6450292694767605E-06
"p838": 0
"p839": 0
"p840": 9.22021447347871E-05
"p841": 2.0698440654748124E-05
"p842": 1.8816764231589204E-06
"p843": 1.8816764231589204E-06
"p844": 0.000188167642315892
"p845": 4.704191057897301E-05
"p846": 1.8816764231589204E-06
"p847": 1.8816764231589204E-06
"p848": 3.3870175616860565E-05
"p849": 5.645029269476761E-06
"p850": 0
"p851": 0
"p852": 0
"p853": 0
"p854": 0
"p855": 0
"p856": 0
"p857": 0
"p858": 0
"p859": 0
"p860": 0
"p861": 0
"p862": 0
"p863": 0
"p864": 0.002417954203759213
"p865": 0.0007940674505730642
"p866": 0.00015053411385271363
"p867": 9.408382115794602E-06
"p868": 1.3171734962112442E-05
"p869": 7.52670569263568E-06
"p870": 0
"p871": 0
"p872": 0.002978693777860571
"p873": 0.0009295481530405066
"p874": 0.0001749959073537796
"p875": 9.408382115794602E-06
"p876": 0.0009144947416552351
"p877": 0.0002464996114338185
"p878": 2.6343469924224884E-05
"p879": 0
"p880": 0.0008260559497667657
"p881": 0.00030671325697490405
