"p819": 9.97288504274228E-05
"p820": 2.6343469924224884E-05
"p821": 3.7633528463178407E-06
"p822": 0
"p823": 0
"p824": 0.005238587162074435
"p825": 0.001836516189003106
"p826": 0.0004290222244802338
"p827": 6.021364554108545E-05
"p828": 0.004152859865911737
"p829": 0.0014300740816007788
"p830": 0.00023520955289486504
"p831": 1.6935087808430286E-05
"p832": 3.7633528463178407E-06
"p833": 3.7633528463178407E-06
"p834": 0
"p835": 0
"p836": 0
"p837": 0
"p838": 0
"p839": 0
"p840": 0
"p841": 0
"p842": 0
"p843": 0
"p844": 3.7633528463178407E-06
"p845": 3.7633528463178407E-06
"p846": 0
"p847": 0
"p848": 5.645029269476761E-06
"p849": 0
"p850": 0
"p851": 0
"p852": 0
"p853": 0
"p854": 0
"p855": 0
"p856": 0
"p857": 0
"p858": 0
"p859": 0
"p860": 0
"p861": 0
"p862": 0
"p863": 0
"p864": 7.903040977267466E-05
"p865": 1.5053411385271363E-05
"p866": 0
"p867": 0
"p868": 0
"p869": 0
"p870": 0
"p871": 0
"p872": 0.0001373623788906012
"p873": 2.6343469924224887E-05
"p874": 0
"p875": 0
"p876": 9.408382115794602E-06
"p877": 0
"p878": 0
"p879": 0
"p880": 0.0001373623788906012
"p881": 2.6343469924224887E-05
