"p819": 1.1290058538953523E-05
"p820": 7.52670569263568E-06
"p821": 0
"p822": 0
"p823": 0
"p824": 0.0025402631712645417
"p825": 0.0008204109204972893
"p826": 0.0001279539967748066
"p827": 7.5267056926356815E-06
"p828": 0.0015580280783755857
"p829": 0.0005155793399455441
"p830": 4.704191057897301E-05
"p831": 0
"p832": 3.7633528463178407E-06
"p833": 3.7633528463178407E-06
"p834": 0
"p835": 0
"p836": 0
"p837": 0
"p838": 0
"p839": 0
"p840": 0
"p841": 0
"p842": 0
"p843": 0
"p844": 3.7633528463178407E-06
"p845": 3.7633528463178407E-06
"p846": 0
"p847": 0
"p848": 5.645029269476761E-06
"p849": 0
"p850": 0
"p851": 0
"p852": 0
"p853": 0
"p854": 0
"p855": 0
"p856": 0
"p857": 0
"p858": 0
"p859": 0
"p860": 0
"p861": 0
"p862": 0
"p863": 0
"p864": 6.021364554108545E-05
"p865": 1.1290058538953523E-05
"p866": 0
"p867": 0
"p868": 0
"p869": 0
"p870": 0
"p871": 0
"p872": 9.22021447347871E-05
"p873": 2.2580117077907045E-05
"p874": 0
"p875": 0
"p876": 5.645029269476761E-06
"p877": 0
"p878": 0
"p879": 0
"p880": 0.00011101890896637632
"p881": 2.2580117077907045E-05
