"p819": 0
"p820": 0.0002916598455896326
"p821": 0.00012230896750532982
"p822": 1.6935087808430286E-05
"p823": 0
"p824": 0.0002427362585875007
"p825": 0.00010725555612005845
"p826": 0
"p827": 0
"p828": 0.0013510436718281048
"p829": 0.0004835908407518426
"p830": 2.0698440654748128E-05
"p831": 0
"p832": 0.0007206820700698665
"p833": 0.0001787592602000974
"p834": 1.693508780843028E-05
"p835": 0
"p836": 0.0014131389937923487
"p837": 0.0003499918147075591
"p838": 2.634346992422488E-05
"p839": 0
"p840": 0.00721622908281446
"p841": 0.0025797783761508796
"p842": 0.00044031228301918735
"p843": 2.82251463473838E-05
"p844": 0.014296977463161477
"p845": 0.005261167279152342
"p846": 0.000991643475004751
"p847": 6.774035123372113E-05
"p848": 0.001810172719078881
"p849": 0.0006717584830677344
"p850": 8.655711546531032E-05
"p851": 0
"p852": 0.0025496715533803367
"p853": 0.000850517743267832
"p854": 0.00013548070246744226
"p855": 0
"p856": 0.006683714655060487
"p857": 0.0026117668753445813
"p858": 0.0004760641350592068
"p859": 1.8816764231589207E-05
"p860": 0.011115062631599747
"p861": 0.004472744857848754
"p862": 0.0008862695953078516
"p863": 4.139688130949625E-05
"p864": 0.00010537387969689952
"p865": 2.069844065474812E-05
"p866": 0
"p867": 0
"p868": 0.00028977816916647367
"p869": 0.00011666393823585303
"p870": 1.6935087808430282E-05
"p871": 0
"p872": 0.0034829830592671618
"p873": 0.0009558916229647317
"p874": 4.139688130949624E-05
"p875": 0
"p876": 0.01001992695332125
"p877": 0.0031386362738290785
"p878": 0.00013924405531376012
"p879": 1.8816764231589204E-06
"p880": 0.0001599424959685082
"p881": 4.516023415581409E-05
