"p819": 3.198849919370165E-05
"p820": 0.012302400454613024
"p821": 0.00437301600742133
"p822": 0.0008523994196909909
"p823": 8.843879188846925E-05
"p824": 0.0021601645337864404
"p825": 0.0005739113090634706
"p826": 8.279376261899248E-05
"p827": 0
"p828": 0.008429910375751963
"p829": 0.002664453815193031
"p830": 0.00042149551878759814
"p831": 2.2580117077907045E-05
"p832": 0.0007376171578782966
"p833": 0.00019004931873905094
"p834": 1.3171734962112442E-05
"p835": 0
"p836": 0.0027453659013888655
"p837": 0.0007394988343014557
"p838": 6.962202765688005E-05
"p839": 1.8816764231589204E-06
"p840": 0.00011666393823585305
"p841": 4.139688130949624E-05
"p842": 5.645029269476761E-06
"p843": 0
"p844": 0.0003612818732465126
"p845": 0.00011666393823585305
"p846": 5.645029269476761E-06
"p847": 0
"p848": 0.0006905752472993237
"p849": 0.00017123255450746173
"p850": 1.3171734962112442E-05
"p851": 0
"p852": 0.0018365161890031064
"p853": 0.00048359084075184255
"p854": 3.7633528463178407E-05
"p855": 0
"p856": 0.0001298356731979655
"p857": 4.139688130949624E-05
"p858": 1.1290058538953523E-05
"p859": 0
"p860": 0.0005381594570234512
"p861": 0.00017123255450746176
"p862": 2.6343469924224887E-05
"p863": 0
"p864": 0.011579836708119996
"p865": 0.004058776044753791
"p866": 0.0007790140391877931
"p867": 8.655711546531033E-05
"p868": 0.02543838356468544
"p869": 0.009111077240935494
"p870": 0.001849687923965219
"p871": 0.00021827446508643477
"p872": 0.0039044785780547597
"p873": 0.0012381430864385696
"p874": 0.00021639278866327584
"p875": 1.8816764231589204E-06
"p876": 0.006531298864784615
"p877": 0.0018459245711189007
"p878": 0.0002502629642801364
"p879": 5.645029269476761E-06
"p880": 0.010887379784397511
"p881": 0.004329737449688675
