"p819": 6.774035123372113E-05
"p820": 0.000613426513949808
"p821": 9.784717400426387E-05
"p822": 5.645029269476761E-06
"p823": 0
"p824": 0.006358184633853992
"p825": 0.001971996891470548
"p826": 0.0003405834325917646
"p827": 2.4461793501065963E-05
"p828": 0.011880904935825425
"p829": 0.003912005283747396
"p830": 0.0006981019529919592
"p831": 5.080526342529085E-05
"p832": 0.0021846263272875064
"p833": 0.0005739113090634708
"p834": 5.8331969117926534E-05
"p835": 1.8816764231589204E-06
"p836": 0
"p837": 0
"p838": 0
"p839": 0
"p840": 0.000822292596920448
"p841": 0.00023709122931802394
"p842": 1.8816764231589203E-05
"p843": 0
"p844": 0.0009069680359625994
"p845": 0.0002577896699727721
"p846": 1.6935087808430282E-05
"p847": 0
"p848": 0.0013040017612491316
"p849": 0.0003518734911307181
"p850": 2.6343469924224884E-05
"p851": 0
"p852": 0.0002464996114338186
"p853": 1.6935087808430282E-05
"p854": 0
"p855": 0
"p856": 0.0006510600424129864
"p857": 0.0001975760244316866
"p858": 2.4461793501065963E-05
"p859": 0
"p860": 0.00099352515142791
"p861": 0.00030106822770542725
"p862": 3.7633528463178407E-05
"p863": 0
"p864": 0.01908396228367777
"p865": 0.006853065533144788
"p866": 0.0013999672588302368
"p867": 0.0001712325545074618
"p868": 6.585867481056221E-05
"p869": 5.645029269476761E-06
"p870": 0
"p871": 0
"p872": 0.013088941199493446
"p873": 0.00442570294726978
"p874": 0.0008693345074994211
"p875": 8.46754390421514E-05
"p876": 0.014445629900591034
"p877": 0.004389951095229761
"p878": 0.000730090452185661
"p879": 5.080526342529086E-05
"p880": 0.013856665180142289
"p881": 0.00538535792308083
