"p819": 0
"p820": 0
"p821": 0
"p822": 0
"p823": 0
"p824": 0.003020090659170066
"p825": 0.001113952442510081
"p826": 0.00014488908458323686
"p827": 1.1290058538953523E-05
"p828": 0.0010499754441226777
"p829": 0.0003518734911307181
"p830": 3.198849919370165E-05
"p831": 5.645029269476761E-06
"p832": 0.0021074775939379903
"p833": 0.0007093920115309129
"p834": 0.00010913723254321736
"p835": 0
"p836": 0.00029165984558963265
"p837": 6.209532196424438E-05
"p838": 0
"p839": 0
"p840": 0.010162934361481331
"p841": 0.004026787545560089
"p842": 0.0007940674505730645
"p843": 4.704191057897301E-05
"p844": 0.007795785421147408
"p845": 0.0029128351030500085
"p846": 0.0005099343106760674
"p847": 1.3171734962112444E-05
"p848": 7.526705692635681E-05
"p849": 0
"p850": 0
"p851": 0
"p852": 0
"p853": 0
"p854": 0
"p855": 0
"p856": 6.774035123372113E-05
"p857": 5.645029269476761E-06
"p858": 0
"p859": 0
"p860": 3.7633528463178407E-06
"p861": 0
"p862": 0
"p863": 0
"p864": 0.0014263107287544616
"p865": 0.0004384306065960284
"p866": 5.456861627160869E-05
"p867": 0
"p868": 7.5267056926356815E-06
"p869": 0
"p870": 0
"p871": 0
"p872": 0.022324209084357435
"p873": 0.007598209396715723
"p874": 0.0009709450343500028
"p875": 5.8331969117926534E-05
"p876": 0.007974544681347505
"p877": 0.0024047824687971004
"p878": 0.00034058343259176454
"p879": 2.258011707790704E-05
"p880": 0.0008787428896152157
"p881": 0.0003217666683601754
