"p819": 0
"p820": 0
"p821": 0
"p822": 0
"p823": 0
"p824": 0.0026061218460751044
"p825": 0.0009765900636194797
"p826": 0.00014488908458323686
"p827": 1.1290058538953523E-05
"p828": 0.0008448727139983554
"p829": 0.00023709122931802397
"p830": 3.198849919370165E-05
"p831": 5.645029269476761E-06
"p832": 0.0004817091643286836
"p833": 6.209532196424436E-05
"p834": 3.7633528463178407E-06
"p835": 0
"p836": 0
"p837": 0
"p838": 0
"p839": 0
"p840": 0.0013905588767144418
"p841": 0.00034434678543808234
"p842": 2.8225146347383805E-05
"p843": 0
"p844": 0.00031423996266753977
"p845": 6.021364554108545E-05
"p846": 0
"p847": 0
"p848": 0
"p849": 0
"p850": 0
"p851": 0
"p852": 0
"p853": 0
"p854": 0
"p855": 0
"p856": 0.0001298356731979655
"p857": 5.645029269476761E-06
"p858": 0
"p859": 0
"p860": 0
"p861": 0
"p862": 0
"p863": 0
"p864": 0.003387017561686056
"p865": 0.001061265502661631
"p866": 0.0001467707610063958
"p867": 0
"p868": 0.0002991865512822683
"p869": 6.209532196424438E-05
"p870": 0
"p871": 0
"p872": 0.0313863627382908
"p873": 0.010447067501378329
"p874": 0.0017650124849230672
"p875": 0.00010537387969689955
"p876": 0.015420338287787352
"p877": 0.005084289695375403
"p878": 0.0008392276847288784
"p879": 3.575185204001948E-05
"p880": 0.0003989154017096911
"p881": 0.00013359902604428335
