"p819": 0
"p820": 0
"p821": 0
"p822": 0
"p823": 0
"p824": 0.0009728267107731619
"p825": 0.0002897781691664737
"p826": 3.198849919370165E-05
"p827": 0
"p828": 0.00017311423093062066
"p829": 8.46754390421514E-05
"p830": 1.129005853895352E-05
"p831": 0
"p832": 0.0002464996114338185
"p833": 6.39769983874033E-05
"p834": 7.52670569263568E-06
"p835": 0
"p836": 2.2580117077907045E-05
"p837": 3.7633528463178407E-06
"p838": 0
"p839": 0
"p840": 0.003846146608936833
"p841": 0.0013040017612491318
"p842": 0.0002784881106275202
"p843": 3.7633528463178407E-05
"p844": 0.0007507888928404092
"p845": 0.00024085458216434183
"p846": 3.3870175616860565E-05
"p847": 0
"p848": 1.3171734962112442E-05
"p849": 5.645029269476761E-06
"p850": 0
"p851": 0
"p852": 0
"p853": 0
"p854": 0
"p855": 0
"p856": 4.139688130949625E-05
"p857": 7.5267056926356815E-06
"p858": 0
"p859": 0
"p860": 0
"p861": 0
"p862": 0
"p863": 0
"p864": 0.00014488908458323686
"p865": 4.704191057897301E-05
"p866": 7.52670569263568E-06
"p867": 0
"p868": 0
"p869": 0
"p870": 0
"p871": 0
"p872": 0.0033587924153386725
"p873": 0.0010443304148532006
"p874": 0.0001599424959685082
"p875": 3.7633528463178407E-06
"p876": 0.00024461793501065964
"p877": 6.962202765688005E-05
"p878": 7.52670569263568E-06
"p879": 0
"p880": 0.00023709122931802392
"p881": 4.892358700213193E-05
