"p819": 0.00010537387969689955
"p820": 0.0001392440553137601
"p821": 3.575185204001949E-05
"p822": 0
"p823": 0
"p824": 0.00620576884357812
"p825": 0.002321988706178107
"p826": 0.00048735419359816035
"p827": 6.585867481056221E-05
"p828": 0.004867896906712128
"p829": 0.001601306636108241
"p830": 0.0002803697870506791
"p831": 1.6935087808430286E-05
"p832": 4.7041910578973015E-05
"p833": 1.5053411385271363E-05
"p834": 0
"p835": 0
"p836": 0
"p837": 0
"p838": 0
"p839": 0
"p840": 9.784717400426387E-05
"p841": 2.6343469924224887E-05
"p842": 0
"p843": 0
"p844": 3.7633528463178407E-06
"p845": 0
"p846": 0
"p847": 0
"p848": 0
"p849": 0
"p850": 0
"p851": 0
"p852": 0
"p853": 0
"p854": 0
"p855": 0
"p856": 0
"p857": 0
"p858": 0
"p859": 0
"p860": 0
"p861": 0
"p862": 0
"p863": 0
"p864": 3.9515204886337324E-05
"p865": 9.408382115794602E-06
"p866": 0
"p867": 0
"p868": 0
"p869": 0
"p870": 0
"p871": 0
"p872": 4.8923587002131926E-05
"p873": 9.408382115794602E-06
"p874": 0
"p875": 0
"p876": 0
"p877": 0
"p878": 0
"p879": 0
"p880": 0.0001392440553137601
"p881": 3.575185204001949E-05
