"p819": 4.892358700213192E-05
"p820": 1.5053411385271363E-05
"p821": 3.7633528463178407E-06
"p822": 0
"p823": 0
"p824": 0.001988931979278979
"p825": 0.0006661134537982576
"p826": 0.0001392440553137601
"p827": 1.3171734962112444E-05
"p828": 0.0028582664867783996
"p829": 0.0009088497123857585
"p830": 0.00015241579027587253
"p831": 3.0106822770542726E-05
"p832": 0.0013096467905186083
"p833": 0.0003518734911307181
"p834": 2.6343469924224884E-05
"p835": 0
"p836": 0.0002464996114338186
"p837": 1.6935087808430282E-05
"p838": 0
"p839": 0
"p840": 0.0006510600424129864
"p841": 0.0001975760244316866
"p842": 2.4461793501065963E-05
"p843": 0
"p844": 0.00099352515142791
"p845": 0.00030106822770542725
"p846": 3.7633528463178407E-05
"p847": 0
"p848": 0.0001298356731979655
"p849": 5.645029269476761E-06
"p850": 0
"p851": 0
"p852": 0
"p853": 0
"p854": 0
"p855": 0
"p856": 0
"p857": 0
"p858": 0
"p859": 0
"p860": 0
"p861": 0
"p862": 0
"p863": 0
"p864": 0.025282204421563252
"p865": 0.008928554627889078
"p866": 0.0016596386052261675
"p867": 0.0001298356731979655
"p868": 0.000519342692791862
"p869": 8.843879188846925E-05
"p870": 5.645029269476761E-06
"p871": 0
"p872": 0.01978582758951605
"p873": 0.006977256177073277
"p874": 0.0012908300262870192
"p875": 7.526705692635681E-05
"p876": 0.024074168157895228
"p877": 0.007925621094345373
"p878": 0.0012513148214006822
"p879": 4.8923587002131926E-05
"p880": 0.009903263015085399
"p881": 0.0036560972901977812
