"p819": 1.8816764231589207E-05
"p820": 0.009417790497910396
"p821": 0.003563895145462994
"p822": 0.0006642317773750988
"p823": 4.327855773265517E-05
"p824": 0.0025346181419950656
"p825": 0.0009351931823099835
"p826": 0.00015053411385271365
"p827": 0
"p828": 0.005863303734563197
"p829": 0.0019644701857779133
"p830": 0.00027284308135804345
"p831": 0
"p832": 1.5053411385271363E-05
"p833": 5.645029269476761E-06
"p834": 0
"p835": 0
"p836": 2.4461793501065963E-05
"p837": 5.645029269476761E-06
"p838": 0
"p839": 0
"p840": 0
"p841": 0
"p842": 0
"p843": 0
"p844": 0
"p845": 0
"p846": 0
"p847": 0
"p848": 3.7633528463178407E-06
"p849": 3.7633528463178407E-06
"p850": 0
"p851": 0
"p852": 9.408382115794602E-06
"p853": 3.7633528463178407E-06
"p854": 0
"p855": 0
"p856": 0
"p857": 0
"p858": 0
"p859": 0
"p860": 0
"p861": 0
"p862": 0
"p863": 0
"p864": 9.408382115794602E-05
"p865": 1.6935087808430282E-05
"p866": 0
"p867": 0
"p868": 8.27937626189925E-05
"p869": 1.1290058538953523E-05
"p870": 0
"p871": 0
"p872": 3.198849919370165E-05
"p873": 5.645029269476761E-06
"p874": 0
"p875": 0
"p876": 0
"p877": 0
"p878": 0
"p879": 0
"p880": 6.0213645541085445E-05
"p881": 2.8225146347383805E-05
