"p819": 0
"p820": 9.408382115794602E-05
"p821": 2.2580117077907045E-05
"p822": 0
"p823": 0
"p824": 0.000447838988711823
"p825": 0.0001467707610063958
"p826": 1.1290058538953523E-05
"p827": 0
"p828": 0.0005852013676024242
"p829": 0.00019381267158536877
"p830": 1.1290058538953523E-05
"p831": 0
"p832": 0
"p833": 0
"p834": 0
"p835": 0
"p836": 3.7633528463178407E-06
"p837": 0
"p838": 0
"p839": 0
"p840": 0.00012795399677480656
"p841": 3.575185204001948E-05
"p842": 0
"p843": 0
"p844": 0.00033117505047597
"p845": 9.596549758110492E-05
"p846": 9.408382115794602E-06
"p847": 0
"p848": 1.5053411385271358E-05
"p849": 1.1290058538953518E-05
"p850": 0
"p851": 0
"p852": 9.032046831162818E-05
"p853": 3.0106822770542726E-05
"p854": 0
"p855": 0
"p856": 0.00015429746669903143
"p857": 3.575185204001948E-05
"p858": 0
"p859": 0
"p860": 0.00022203781793275258
"p861": 6.962202765688005E-05
"p862": 0
"p863": 0
"p864": 0.00010913723254321738
"p865": 2.4461793501065963E-05
"p866": 0
"p867": 0
"p868": 0.00013359902604428335
"p869": 2.6343469924224884E-05
"p870": 0
"p871": 0
"p872": 0.0019701152150473898
"p873": 0.0005701479562171528
"p874": 8.655711546531032E-05
"p875": 1.317173496211244E-05
"p876": 0.0017913559548472916
"p877": 0.00059272807329506
"p878": 0.00011478226181269411
"p879": 1.317173496211244E-05
"p880": 0.00034999181470755914
"p881": 0.000141125731736919
