"p819": 5.456861627160868E-05
"p820": 0.011325810390993542
"p821": 0.004327855773265517
"p822": 0.0009257848001941888
"p823": 0.00013171734962112445
"p824": 0.0016201234003398299
"p825": 0.0005645029269476762
"p826": 0.00012230896750532982
"p827": 1.8816764231589204E-06
"p828": 0.00245746940864555
"p829": 0.0008298193026130839
"p830": 0.0001317173496211244
"p831": 5.645029269476761E-06
"p832": 6.209532196424438E-05
"p833": 2.0698440654748124E-05
"p834": 0
"p835": 0
"p836": 4.7041910578973015E-05
"p837": 1.5053411385271363E-05
"p838": 0
"p839": 0
"p840": 3.575185204001949E-05
"p841": 5.645029269476761E-06
"p842": 0
"p843": 0
"p844": 3.7633528463178407E-06
"p845": 0
"p846": 0
"p847": 0
"p848": 0
"p849": 0
"p850": 0
"p851": 0
"p852": 0
"p853": 0
"p854": 0
"p855": 0
"p856": 0
"p857": 0
"p858": 0
"p859": 0
"p860": 0
"p861": 0
"p862": 0
"p863": 0
"p864": 3.951520488633733E-05
"p865": 9.408382115794602E-06
"p866": 0
"p867": 0
"p868": 3.9515204886337324E-05
"p869": 9.408382115794602E-06
"p870": 0
"p871": 0
"p872": 9.408382115794602E-06
"p873": 0
"p874": 0
"p875": 0
"p876": 0
"p877": 0
"p878": 0
"p879": 0
"p880": 0.00011290058538953522
"p881": 4.139688130949625E-05
