"p819": 0
"p820": 0
"p821": 0
"p822": 0
"p823": 0
"p824": 0.0007037469822614361
"p825": 0.00020510273012432236
"p826": 2.2580117077907045E-05
"p827": 0
"p828": 0.00013359902604428333
"p829": 5.833196911792653E-05
"p830": 1.129005853895352E-05
"p831": 0
"p832": 0.00014300740816007793
"p833": 3.575185204001949E-05
"p834": 0
"p835": 0
"p836": 0
"p837": 0
"p838": 0
"p839": 0
"p840": 0.0004892358700213193
"p841": 0.00013736237889060116
"p842": 1.1290058538953523E-05
"p843": 0
"p844": 9.596549758110492E-05
"p845": 3.3870175616860565E-05
"p846": 0
"p847": 0
"p848": 0
"p849": 0
"p850": 0
"p851": 0
"p852": 0
"p853": 0
"p854": 0
"p855": 0
"p856": 3.3870175616860565E-05
"p857": 5.645029269476761E-06
"p858": 0
"p859": 0
"p860": 0
"p861": 0
"p862": 0
"p863": 0
"p864": 0.00038386199032441974
"p865": 0.00011101890896637629
"p866": 1.505341138527136E-05
"p867": 0
"p868": 2.2580117077907045E-05
"p869": 3.7633528463178407E-06
"p870": 0
"p871": 0
"p872": 0.0069847828827659135
"p873": 0.0021996797386727774
"p874": 0.0004158504895181214
"p875": 4.139688130949625E-05
"p876": 0.0010763189140469023
"p877": 0.0003123582862443808
"p878": 4.139688130949624E-05
"p879": 0
"p880": 8.467543904215144E-05
"p881": 1.1290058538953523E-05
