"p819": 0
"p820": 0
"p821": 0
"p822": 0
"p823": 0
"p824": 0.00015241579027587256
"p825": 5.080526342529085E-05
"p826": 7.5267056926356815E-06
"p827": 0
"p828": 0.00012607232035164766
"p829": 4.8923587002131926E-05
"p830": 5.645029269476761E-06
"p831": 0
"p832": 0.0015862532247229695
"p833": 0.0005701479562171528
"p834": 0.00011101890896637629
"p835": 1.317173496211244E-05
"p836": 0
"p837": 0
"p838": 0
"p839": 0
"p840": 0.001956943480085277
"p841": 0.0005852013676024241
"p842": 0.00010725555612005845
"p843": 1.317173496211244E-05
"p844": 0.0005362777806002922
"p845": 0.0001580608195453493
"p846": 2.4461793501065963E-05
"p847": 0
"p848": 0.001559909754798745
"p849": 0.000613426513949808
"p850": 0.00013359902604428333
"p851": 1.8816764231589203E-05
"p852": 1.8816764231589203E-05
"p853": 9.4083821157946E-06
"p854": 0
"p855": 0
"p856": 0.0026926789615404146
"p857": 0.0008599261253836267
"p858": 0.00017123255450746176
"p859": 1.8816764231589203E-05
"p860": 0.0009935251514279098
"p861": 0.0003010682277054273
"p862": 3.7633528463178407E-05
"p863": 0
"p864": 0.0008091208619583356
"p865": 0.0002483812878569775
"p866": 4.139688130949624E-05
"p867": 0
"p868": 0
"p869": 0
"p870": 0
"p871": 0
"p872": 0.0005626212505245172
"p873": 0.00015617914312219037
"p874": 2.8225146347383798E-05
"p875": 3.76335284631784E-06
"p876": 9.596549758110492E-05
"p877": 3.0106822770542722E-05
"p878": 3.76335284631784E-06
"p879": 3.76335284631784E-06
"p880": 0.0009032046831162815
"p881": 0.00032553002120649325
