"p819": 1.1290058538953523E-05
"p820": 0.00034999181470755925
"p821": 4.5160234155814084E-05
"p822": 0
"p823": 0
"p824": 0.002662572138769872
"p825": 0.0008317009790362428
"p826": 0.00010537387969689954
"p827": 5.645029269476761E-06
"p828": 0.005985612702068528
"p829": 0.001806409366232563
"p830": 0.00025026296428013644
"p831": 5.645029269476761E-06
"p832": 0.0018873214524283972
"p833": 0.00046477407652025334
"p834": 3.575185204001949E-05
"p835": 1.8816764231589204E-06
"p836": 0
"p837": 0
"p838": 0
"p839": 0
"p840": 0.0005889647204487421
"p841": 0.00015429746669903143
"p842": 1.8816764231589204E-06
"p843": 0
"p844": 0.0005720296326403118
"p845": 0.00013359902604428335
"p846": 0
"p847": 0
"p848": 0.0009351931823099835
"p849": 0.0002220378179327526
"p850": 1.5053411385271363E-05
"p851": 0
"p852": 0.00013359902604428333
"p853": 0
"p854": 0
"p855": 0
"p856": 0.0004309039009033928
"p857": 0.00014112573173691902
"p858": 2.4461793501065963E-05
"p859": 0
"p860": 0.000686811894453006
"p861": 0.0002088660829706401
"p862": 2.6343469924224887E-05
"p863": 0
"p864": 0.013811504945986475
"p865": 0.004557420296890904
"p866": 0.000728208775762502
"p867": 5.268693984844977E-05
"p868": 3.387017561686056E-05
"p869": 0
"p870": 0
"p871": 0
"p872": 0.009284191471866115
"p873": 0.003012563953477431
"p874": 0.0004516023415581408
"p875": 2.0698440654748124E-05
"p876": 0.010362392062336174
"p877": 0.00301444562990059
"p878": 0.00044407563586550515
"p879": 2.258011707790704E-05
"p880": 0.00813448717731601
"p881": 0.003084067657557471
