"p819": 0
"p820": 0.0005475678391392457
"p821": 0.00018628596589273313
"p822": 2.0698440654748124E-05
"p823": 0
"p824": 0.0007282087757625022
"p825": 0.0002747247577812023
"p826": 3.198849919370165E-05
"p827": 5.645029269476761E-06
"p828": 0.003227075065717548
"p829": 0.0011647577059353718
"p830": 0.00014488908458323686
"p831": 1.1290058538953523E-05
"p832": 0.0016690469873419619
"p833": 0.000613426513949808
"p834": 8.279376261899248E-05
"p835": 0
"p836": 0.0023219887061781074
"p837": 0.0007489072164172503
"p838": 0.00010913723254321736
"p839": 0
"p840": 0.005944215820759031
"p841": 0.0023558588817949684
"p842": 0.00043466725374971066
"p843": 1.8816764231589207E-05
"p844": 0.01068604040711951
"p845": 0.004216836864299141
"p846": 0.0008298193026130839
"p847": 4.139688130949625E-05
"p848": 0
"p849": 0
"p850": 0
"p851": 0
"p852": 7.526705692635681E-05
"p853": 0
"p854": 0
"p855": 0
"p856": 5.645029269476761E-06
"p857": 0
"p858": 0
"p859": 0
"p860": 6.585867481056221E-05
"p861": 5.645029269476761E-06
"p862": 0
"p863": 0
"p864": 0.0006472966895666686
"p865": 0.0001749959073537796
"p866": 9.408382115794602E-06
"p867": 0
"p868": 0.001433837434447097
"p869": 0.0004384306065960284
"p870": 5.456861627160869E-05
"p871": 0
"p872": 0.009370748587331425
"p873": 0.0030332623941321793
"p874": 0.0004120871366718036
"p875": 2.258011707790704E-05
"p876": 0.02104090576376305
"p877": 0.007204939024275506
"p878": 0.0009483649172720958
"p879": 5.8331969117926534E-05
"p880": 0.0004083237838254858
"p881": 0.00010913723254321738
