"p819": 4.892358700213192E-05
"p820": 0.009816705899620092
"p821": 0.0036862041129683246
"p822": 0.0008599261253836266
"p823": 0.00012607232035164768
"p824": 0.0014902877271418646
"p825": 0.0005306327513308157
"p826": 0.00011290058538953522
"p827": 1.8816764231589204E-06
"p828": 0.0018252261304641526
"p829": 0.000637888307450874
"p830": 0.0001016105268505817
"p831": 5.645029269476761E-06
"p832": 3.7633528463178407E-06
"p833": 3.7633528463178407E-06
"p834": 0
"p835": 0
"p836": 3.7633528463178407E-06
"p837": 3.7633528463178407E-06
"p838": 0
"p839": 0
"p840": 0
"p841": 0
"p842": 0
"p843": 0
"p844": 0
"p845": 0
"p846": 0
"p847": 0
"p848": 0
"p849": 0
"p850": 0
"p851": 0
"p852": 5.645029269476761E-06
"p853": 0
"p854": 0
"p855": 0
"p856": 0
"p857": 0
"p858": 0
"p859": 0
"p860": 0
"p861": 0
"p862": 0
"p863": 0
"p864": 9.784717400426385E-05
"p865": 2.0698440654748124E-05
"p866": 0
"p867": 0
"p868": 7.903040977267466E-05
"p869": 1.5053411385271363E-05
"p870": 0
"p871": 0
"p872": 4.516023415581409E-05
"p873": 5.645029269476761E-06
"p874": 0
"p875": 0
"p876": 3.7633528463178407E-06
"p877": 0
"p878": 0
"p879": 0
"p880": 0.00011290058538953522
"p881": 3.198849919370165E-05
