"p819": 0
"p820": 0.00039327037244021434
"p821": 0.00014488908458323686
"p822": 1.1290058538953523E-05
"p823": 0
"p824": 0.0001580608195453493
"p825": 4.3278557732655166E-05
"p826": 0
"p827": 0
"p828": 0.0002239194943559115
"p829": 6.021364554108545E-05
"p830": 0
"p831": 0
"p832": 0.00012419064392848873
"p833": 3.575185204001948E-05
"p834": 0
"p835": 0
"p836": 0.00033117505047597
"p837": 9.596549758110492E-05
"p838": 9.408382115794602E-06
"p839": 0
"p840": 1.3171734962112444E-05
"p841": 3.76335284631784E-06
"p842": 3.76335284631784E-06
"p843": 0
"p844": 2.0698440654748124E-05
"p845": 5.645029269476761E-06
"p846": 5.645029269476761E-06
"p847": 0
"p848": 0.0001505341138527136
"p849": 3.9515204886337324E-05
"p850": 0
"p851": 0
"p852": 0.00022015614150959367
"p853": 7.526705692635681E-05
"p854": 0
"p855": 0
"p856": 2.6343469924224884E-05
"p857": 7.5267056926356815E-06
"p858": 1.8816764231589204E-06
"p859": 1.8816764231589204E-06
"p860": 0.00010349220327374062
"p861": 2.0698440654748124E-05
"p862": 1.8816764231589204E-06
"p863": 1.8816764231589204E-06
"p864": 0.001537329637720838
"p865": 0.00048359084075184244
"p866": 8.46754390421514E-05
"p867": 1.317173496211244E-05
"p868": 0.0016163600474935124
"p869": 0.0005513311919855636
"p870": 0.00011478226181269411
"p871": 1.317173496211244E-05
"p872": 0.0006096631611034901
"p873": 0.00017499590735377957
"p874": 2.4461793501065963E-05
"p875": 0
"p876": 0.00024838128785697745
"p877": 9.408382115794602E-05
"p878": 2.258011707790704E-05
"p879": 0
"p880": 0.0013171734962112442
"p881": 0.0004723007822128889
