"p819": 0
"p820": 0
"p821": 0
"p822": 0
"p823": 0
"p824": 0.00033117505047597004
"p825": 0.00011290058538953522
"p826": 1.3171734962112442E-05
"p827": 0
"p828": 0.00030294990412858613
"p829": 0.0001392440553137601
"p830": 1.6935087808430282E-05
"p831": 0
"p832": 0.0014695892864871167
"p833": 0.0005513311919855636
"p834": 0.00012419064392848873
"p835": 1.8816764231589203E-05
"p836": 1.3171734962112442E-05
"p837": 7.52670569263568E-06
"p838": 0
"p839": 0
"p840": 0.002500747966378205
"p841": 0.0008185292440741304
"p842": 0.00016182417239166716
"p843": 1.8816764231589203E-05
"p844": 0.0009841167693121153
"p845": 0.0002991865512822684
"p846": 3.9515204886337324E-05
"p847": 0
"p848": 3.575185204001949E-05
"p849": 7.5267056926356815E-06
"p850": 0
"p851": 0
"p852": 5.645029269476761E-06
"p853": 1.8816764231589204E-06
"p854": 0
"p855": 0
"p856": 5.645029269476761E-06
"p857": 0
"p858": 0
"p859": 0
"p860": 3.7633528463178407E-06
"p861": 3.7633528463178407E-06
"p862": 0
"p863": 0
"p864": 0.0016558752523798499
"p865": 0.0005626212505245171
"p866": 9.032046831162817E-05
"p867": 1.8816764231589204E-06
"p868": 0
"p869": 0
"p870": 0
"p871": 0
"p872": 0.001723615603613571
"p873": 0.00047982748790552463
"p874": 6.962202765688005E-05
"p875": 5.6450292694767605E-06
"p876": 0.00033305672689912887
"p877": 8.467543904215141E-05
"p878": 3.76335284631784E-06
"p879": 3.76335284631784E-06
"p880": 0.0015373296377208375
"p881": 0.0005513311919855637
