"p819": 0
"p820": 1.8816764231589203E-05
"p821": 0
"p822": 0
"p823": 0
"p824": 0.00026343469924224885
"p825": 9.408382115794602E-05
"p826": 1.6935087808430286E-05
"p827": 0
"p828": 0.0005663846033708349
"p829": 0.0001674692016611439
"p830": 1.6935087808430286E-05
"p831": 0
"p832": 2.2580117077907042E-05
"p833": 7.52670569263568E-06
"p834": 0
"p835": 0
"p836": 0.00014300740816007793
"p837": 3.575185204001949E-05
"p838": 0
"p839": 0
"p840": 0.00026155302281908986
"p841": 5.833196911792653E-05
"p842": 0
"p843": 0
"p844": 0.00031235828624438084
"p845": 0.00011666393823585303
"p846": 1.1290058538953523E-05
"p847": 0
"p848": 0
"p849": 0
"p850": 0
"p851": 0
"p852": 0
"p853": 0
"p854": 0
"p855": 0
"p856": 0
"p857": 0
"p858": 0
"p859": 0
"p860": 3.3870175616860565E-05
"p861": 5.645029269476761E-06
"p862": 0
"p863": 0
"p864": 0.0005381594570234512
"p865": 0.00017311423093062064
"p866": 2.258011707790704E-05
"p867": 0
"p868": 0.00037821696105494294
"p869": 0.00011101890896637629
"p870": 1.505341138527136E-05
"p871": 0
"p872": 0.004261997098454956
"p873": 0.0012814216441712244
"p874": 0.0002201561415095937
"p875": 2.0698440654748128E-05
"p876": 0.0035733035275787896
"p877": 0.001221207998630139
"p878": 0.0002333278764717061
"p879": 2.0698440654748128E-05
"p880": 4.327855773265517E-05
"p881": 5.645029269476761E-06
