"p819": 5.645029269476761E-06
"p820": 0.002816869605468903
"p821": 0.0010593838262384723
"p822": 0.0001392440553137601
"p823": 1.1290058538953523E-05
"p824": 0.00014488908458323683
"p825": 5.268693984844976E-05
"p826": 1.3171734962112444E-05
"p827": 0
"p828": 0.0008072391855351768
"p829": 0.0003029499041285862
"p830": 4.516023415581409E-05
"p831": 0
"p832": 0.0046722025587035984
"p833": 0.001892966481697874
"p834": 0.00035187349113071807
"p835": 1.8816764231589207E-05
"p836": 0.007314076256818724
"p837": 0.002926006838012121
"p838": 0.0006077814846803314
"p839": 4.139688130949625E-05
"p840": 0.0022636567370601813
"p841": 0.0008712161839225803
"p842": 0.00014865243742955472
"p843": 0
"p844": 0.00578427332479052
"p845": 0.0019456534215463238
"p846": 0.00027284308135804345
"p847": 0
"p848": 5.645029269476761E-06
"p849": 0
"p850": 0
"p851": 0
"p852": 0.00010161052685058169
"p853": 5.645029269476761E-06
"p854": 0
"p855": 0
"p856": 0
"p857": 0
"p858": 0
"p859": 0
"p860": 0
"p861": 0
"p862": 0
"p863": 0
"p864": 0.007739335128452641
"p865": 0.0025948317875361506
"p866": 0.0003631635496696717
"p867": 2.258011707790704E-05
"p868": 0.01898423343325035
"p869": 0.006608447598134129
"p870": 0.000869334507499421
"p871": 5.8331969117926534E-05
"p872": 0.002291881883407565
"p873": 0.0007150370408003897
"p874": 9.408382115794602E-05
"p875": 0
"p876": 0.004009852457751659
"p877": 0.0011346508831648289
"p878": 0.0001467707610063958
"p879": 0
"p880": 0.0028657931924710345
"p881": 0.0009822350928889566
