"p819": 0
"p820": 1.1290058538953523E-05
"p821": 0
"p822": 0
"p823": 0
"p824": 0.00013171734962112442
"p825": 7.903040977267465E-05
"p826": 1.6935087808430286E-05
"p827": 0
"p828": 0.00029730487485910944
"p829": 0.00013548070246744226
"p830": 1.6935087808430286E-05
"p831": 0
"p832": 1.1290058538953521E-05
"p833": 7.52670569263568E-06
"p834": 0
"p835": 0
"p836": 8.467543904215141E-05
"p837": 2.4461793501065963E-05
"p838": 0
"p839": 0
"p840": 0.00015429746669903143
"p841": 3.575185204001948E-05
"p842": 0
"p843": 0
"p844": 0.00019945770085484557
"p845": 6.397699838740328E-05
"p846": 0
"p847": 0
"p848": 0
"p849": 0
"p850": 0
"p851": 0
"p852": 0
"p853": 0
"p854": 0
"p855": 0
"p856": 0
"p857": 0
"p858": 0
"p859": 0
"p860": 3.3870175616860565E-05
"p861": 5.645029269476761E-06
"p862": 0
"p863": 0
"p864": 0.00041585048951812124
"p865": 0.00015994249596850817
"p866": 2.258011707790704E-05
"p867": 0
"p868": 0.00029354152201279153
"p869": 8.843879188846925E-05
"p870": 1.505341138527136E-05
"p871": 0
"p872": 0.0029975105420921603
"p873": 0.0009050863595394406
"p874": 0.0001561791431221904
"p875": 9.408382115794602E-06
"p876": 0.00284133139896997
"p877": 0.0009521282701184137
"p878": 0.00018064093662325633
"p879": 9.408382115794602E-06
"p880": 3.575185204001949E-05
"p881": 5.645029269476761E-06
