"p819": 0
"p820": 0.0006378883074508741
"p821": 0.0001204272910821709
"p822": 3.7633528463178407E-06
"p823": 0
"p824": 0.00202092047847268
"p825": 0.0006698768066445756
"p826": 0.0001298356731979655
"p827": 3.198849919370165E-05
"p828": 0.006495547012744593
"p829": 0.002327633735447584
"p830": 0.0004704191057897301
"p831": 6.0213645541085445E-05
"p832": 0.00016935087808430283
"p833": 3.3870175616860565E-05
"p834": 0
"p835": 0
"p836": 0.0007244454229161843
"p837": 9.596549758110495E-05
"p838": 3.7633528463178407E-06
"p839": 0
"p840": 0.0006755218359140524
"p841": 0.00015994249596850823
"p842": 1.3171734962112442E-05
"p843": 0
"p844": 0.0016483485466872142
"p845": 0.0004723007822128891
"p846": 3.7633528463178407E-05
"p847": 0
"p848": 0
"p849": 0
"p850": 0
"p851": 0
"p852": 0
"p853": 0
"p854": 0
"p855": 0
"p856": 0
"p857": 0
"p858": 0
"p859": 0
"p860": 0.0001298356731979655
"p861": 5.645029269476761E-06
"p862": 0
"p863": 0
"p864": 0.0036636239958904174
"p865": 0.0012663682327859532
"p866": 0.00016182417239166713
"p867": 5.645029269476761E-06
"p868": 0.00596115090856746
"p869": 0.001983286950009502
"p870": 0.00032553002120649314
"p871": 7.5267056926356815E-06
"p872": 0.021631752160634947
"p873": 0.0075775109560609726
"p874": 0.0013096467905186085
"p875": 6.397699838740328E-05
"p876": 0.040380776040990427
"p877": 0.014385416255049948
"p878": 0.0027152590786183226
"p879": 0.00018816764231589203
"p880": 0.00039138869601705546
"p881": 7.150370408003898E-05
