"p819": 0
"p820": 9.408382115794602E-06
"p821": 0
"p822": 0
"p823": 0
"p824": 0.002310698647639154
"p825": 0.000686811894453006
"p826": 8.467543904215141E-05
"p827": 0
"p828": 0.0007470255399940911
"p829": 0.00020886608297064017
"p830": 1.6935087808430286E-05
"p831": 0
"p832": 3.7633528463178407E-06
"p833": 0
"p834": 0
"p835": 0
"p836": 0
"p837": 0
"p838": 0
"p839": 0
"p840": 0.0005306327513308154
"p841": 0.00013359902604428333
"p842": 9.408382115794602E-06
"p843": 0
"p844": 8.655711546531032E-05
"p845": 3.198849919370164E-05
"p846": 0
"p847": 0
"p848": 0.00015241579027587253
"p849": 4.139688130949625E-05
"p850": 0
"p851": 0
"p852": 0
"p853": 0
"p854": 0
"p855": 0
"p856": 0.0005118159870992264
"p857": 0.0001430074081600779
"p858": 1.1290058538953523E-05
"p859": 0
"p860": 9.972885042742276E-05
"p861": 3.7633528463178407E-05
"p862": 0
"p863": 0
"p864": 0.0001505341138527136
"p865": 2.6343469924224884E-05
"p866": 0
"p867": 0
"p868": 0
"p869": 0
"p870": 0
"p871": 0
"p872": 0.004325974096842359
"p873": 0.0012757766149017477
"p874": 0.000235209552894865
"p875": 2.634346992422488E-05
"p876": 0.0005400411334466101
"p877": 0.00010913723254321737
"p878": 0
"p879": 0
"p880": 0.00030483158055174506
"p881": 9.032046831162818E-05
