"p819": 0
"p820": 0.0021037142410916727
"p821": 0.000545686162716087
"p822": 6.021364554108545E-05
"p823": 0
"p824": 0.0027886444591215193
"p825": 0.0008467543904215141
"p826": 0.00011854561465901199
"p827": 5.645029269476761E-06
"p828": 0.008253032791975024
"p829": 0.0026795072265783024
"p830": 0.0003876253431707376
"p831": 1.6935087808430286E-05
"p832": 2.0698440654748124E-05
"p833": 0
"p834": 0
"p835": 0
"p836": 0.00013548070246744226
"p837": 1.8816764231589204E-06
"p838": 0
"p839": 0
"p840": 0.0005532128684087225
"p841": 0.00012230896750532982
"p842": 1.8816764231589204E-06
"p843": 0
"p844": 0.00230129026552336
"p845": 0.0005776746619097886
"p846": 3.575185204001949E-05
"p847": 1.8816764231589204E-06
"p848": 8.279376261899248E-05
"p849": 0
"p850": 0
"p851": 0
"p852": 0.0005626212505245171
"p853": 6.209532196424436E-05
"p854": 3.7633528463178407E-06
"p855": 0
"p856": 0.0003612818732465127
"p857": 8.091208619583358E-05
"p858": 1.8816764231589204E-06
"p859": 0
"p860": 0.001196746205129073
"p861": 0.0003236483447833342
"p862": 2.6343469924224884E-05
"p863": 0
"p864": 0.0007696056570719984
"p865": 0.00018252261304641527
"p866": 1.693508780843028E-05
"p867": 0
"p868": 0.0014978144328345003
"p869": 0.0003800986374781018
"p870": 2.634346992422488E-05
"p871": 0
"p872": 0.009782835724003229
"p873": 0.0031461629795217147
"p874": 0.00046853742936657104
"p875": 2.82251463473838E-05
"p876": 0.021484981399628553
"p877": 0.007031824793344887
"p878": 0.0011007807075479686
"p879": 6.774035123372113E-05
"p880": 0.0018271078068873112
"p881": 0.0006717584830677344
