"p819": 9.408382115794602E-06
"p820": 3.198849919370165E-05
"p821": 2.0698440654748124E-05
"p822": 0
"p823": 0
"p824": 0.0009709450343500028
"p825": 0.0003857436667475787
"p826": 5.080526342529085E-05
"p827": 1.8816764231589204E-06
"p828": 0.00127201326205543
"p829": 0.000494880899290796
"p830": 7.150370408003898E-05
"p831": 5.645029269476761E-06
"p832": 0.005703361238594688
"p833": 0.0022542483549443863
"p834": 0.0004516023415581409
"p835": 3.198849919370165E-05
"p836": 0.0003104766098212218
"p837": 4.516023415581408E-05
"p838": 0
"p839": 0
"p840": 0.005005259285602729
"p841": 0.0020322105370116335
"p842": 0.0003913886960170554
"p843": 1.5053411385271365E-05
"p844": 0.0088175357189227
"p845": 0.003159334714483827
"p846": 0.0005118159870992264
"p847": 1.3171734962112444E-05
"p848": 6.585867481056221E-05
"p849": 5.645029269476761E-06
"p850": 0
"p851": 0
"p852": 3.575185204001949E-05
"p853": 0
"p854": 0
"p855": 0
"p856": 1.8816764231589204E-06
"p857": 0
"p858": 0
"p859": 0
"p860": 3.7633528463178407E-06
"p861": 0
"p862": 0
"p863": 0
"p864": 0.014184076877771942
"p865": 0.004869778583135285
"p866": 0.0006548233952593043
"p867": 4.51602341558141E-05
"p868": 2.6343469924224884E-05
"p869": 0
"p870": 0
"p871": 0
"p872": 0.008635013105876287
"p873": 0.002957995337205822
"p874": 0.0003612818732465127
"p875": 1.3171734962112442E-05
"p876": 0.009478004143451485
"p877": 0.002867674868894194
"p878": 0.0004083237838254857
"p879": 2.258011707790704E-05
"p880": 0.005406056363735578
"p881": 0.0017800658963083383
