"p819": 0
"p820": 3.7633528463178407E-05
"p821": 1.1290058538953523E-05
"p822": 1.1290058538953523E-05
"p823": 0
"p824": 0.0001674692016611439
"p825": 9.596549758110495E-05
"p826": 1.6935087808430286E-05
"p827": 0
"p828": 0.0003650452260928306
"p829": 0.0001467707610063958
"p830": 1.6935087808430286E-05
"p831": 0
"p832": 0.00031988499193701646
"p833": 0.00011854561465901195
"p834": 1.88167642315892E-05
"p835": 0
"p836": 0.00019569434800852773
"p837": 5.268693984844977E-05
"p838": 7.52670569263568E-06
"p839": 0
"p840": 0.0015203945499124077
"p841": 0.0005268693984844976
"p842": 0.00010537387969689952
"p843": 7.5267056926356815E-06
"p844": 0.001320936849057562
"p845": 0.0004911175464444782
"p846": 0.00010161052685058169
"p847": 7.5267056926356815E-06
"p848": 0
"p849": 0
"p850": 0
"p851": 0
"p852": 5.645029269476761E-06
"p853": 5.645029269476761E-06
"p854": 0
"p855": 0
"p856": 0
"p857": 0
"p858": 0
"p859": 0
"p860": 9.408382115794602E-06
"p861": 3.7633528463178407E-06
"p862": 0
"p863": 0
"p864": 9.784717400426385E-05
"p865": 3.7633528463178407E-05
"p866": 3.76335284631784E-06
"p867": 0
"p868": 0.00010913723254321737
"p869": 3.575185204001948E-05
"p870": 7.52670569263568E-06
"p871": 0
"p872": 0.0015373296377208375
"p873": 0.0004534840179812997
"p874": 6.209532196424438E-05
"p875": 1.8816764231589204E-06
"p876": 0.001584371548299811
"p877": 0.0005362777806002922
"p878": 9.032046831162817E-05
"p879": 1.8816764231589204E-06
"p880": 6.209532196424438E-05
"p881": 1.6935087808430282E-05
