"p882": 0
"p883": 0
"p884": 0
"p885": 0
"p886": 0
"p887": 0
"p888": 7.5267056926356815E-06
"p889": 0
"p890": 0
"p891": 0
"p892": 0
"p893": 0
"p894": 0
"p895": 0
"p896": 0.0008448727139983552
"p897": 0.00014300740816007796
"p898": 7.5267056926356815E-06
"p899": 0
"p900": 2.2580117077907045E-05
"p901": 0
"p902": 0
"p903": 0
"p904": 0.005771101589828409
"p905": 0.0021865080037106657
"p906": 0.0005475678391392457
"p907": 7.526705692635681E-05
"p908": 0.0021244126817464206
"p909": 0.0007225637464930254
"p910": 0.00016935087808430283
"p911": 1.6935087808430286E-05
"p912": 0.0036673873487367355
"p913": 0.0009351931823099834
"p914": 0.0001392440553137601
"p915": 7.5267056926356815E-06
"p916": 0.0005118159870992264
"p917": 7.714873334951573E-05
"p918": 5.645029269476761E-06
"p919": 0
"p920": 0.01077447919900798
"p921": 0.0035093265291913866
"p922": 0.0006021364554108545
"p923": 4.892358700213193E-05
"p924": 0.007914331035806419
"p925": 0.002801816194083632
"p926": 0.0005005259285602729
"p927": 3.7633528463178407E-05
"p928": 0.00012419064392848873
"p929": 2.446179350106596E-05
"p930": 0
"p931": 0
"p932": 0
"p933": 0
"p934": 0
"p935": 0
"p936": 0.0027961711648141563
"p937": 0.0009521282701184139
"p938": 0.0001637058488148261
"p939": 7.5267056926356815E-06
"p940": 0.0006491783659898273
"p941": 0.00026155302281908997
"p942": 3.951520488633733E-05
"p943": 5.645029269476761E-06
"p944": 0.0005720296326403118
