"p882": 0
"p883": 0
"p884": 0
"p885": 0
"p886": 0
"p887": 0
"p888": 1.5053411385271363E-05
"p889": 0
"p890": 0
"p891": 0
"p892": 0
"p893": 0
"p894": 0
"p895": 0
"p896": 0.0024254809094518487
"p897": 0.0004911175464444782
"p898": 2.6343469924224887E-05
"p899": 0
"p900": 7.33853805031979E-05
"p901": 0
"p902": 0
"p903": 0
"p904": 0.020053025641604615
"p905": 0.007769441951223182
"p906": 0.0019607068329315952
"p907": 0.00029165984558963265
"p908": 0.008561627725373087
"p909": 0.0028563848103552412
"p910": 0.0005833196911792653
"p911": 4.892358700213193E-05
"p912": 0.00700924467626698
"p913": 0.0022448399728285918
"p914": 0.0004177321659412802
"p915": 1.5053411385271363E-05
"p916": 0.0009032046831162816
"p917": 0.0001938126715853688
"p918": 1.1290058538953523E-05
"p919": 0
"p920": 0.025906920994052018
"p921": 0.009792244106119022
"p922": 0.0020510273012432235
"p923": 0.00018252261304641532
"p924": 0.016511710613219526
"p925": 0.006198242137885483
"p926": 0.0012607232035164767
"p927": 6.774035123372114E-05
"p928": 0.00046477407652025334
"p929": 0.00013171734962112442
"p930": 1.6935087808430286E-05
"p931": 0
"p932": 0
"p933": 0
"p934": 0
"p935": 0
"p936": 0.011609943530890541
"p937": 0.003706902553623073
"p938": 0.0005231060456381799
"p939": 2.4461793501065976E-05
"p940": 0.002732194166426751
"p941": 0.000899441330269964
"p942": 7.903040977267466E-05
"p943": 5.645029269476761E-06
"p944": 0.0014131389937923492
