"p882": 0.00032929337405281106
"p883": 4.139688130949624E-05
"p884": 0.0004911175464444781
"p885": 0.00011478226181269414
"p886": 5.645029269476761E-06
"p887": 0
"p888": 0.04271781815855384
"p889": 0.019240141426799966
"p890": 0.004982679168524823
"p891": 0.0007319721286088203
"p892": 0.01843102056484163
"p893": 0.007701701599989461
"p894": 0.0017311423093062067
"p895": 0.00014300740816007796
"p896": 9.220214473478709E-05
"p897": 0
"p898": 0
"p899": 0
"p900": 0
"p901": 0
"p902": 0
"p903": 0
"p904": 0.00039891540170969113
"p905": 0.00010161052685058171
"p906": 1.8816764231589203E-05
"p907": 0
"p908": 1.5053411385271363E-05
"p909": 3.7633528463178407E-06
"p910": 0
"p911": 0
"p912": 0.0007489072164172502
"p913": 0.0001016105268505817
"p914": 7.5267056926356815E-06
"p915": 0
"p916": 0
"p917": 0
"p918": 0
"p919": 0
"p920": 0.001224971351476457
"p921": 0.00031612163909069865
"p922": 3.0106822770542726E-05
"p923": 0
"p924": 0.00010913723254321737
"p925": 9.408382115794602E-06
"p926": 0
"p927": 0
"p928": 0.0007790140391877931
"p929": 0.00017311423093062066
"p930": 7.5267056926356815E-06
"p931": 0
"p932": 0
"p933": 0
"p934": 0
"p935": 0
"p936": 0.006583985804633064
"p937": 0.002412309174489736
"p938": 0.00041961384236443927
"p939": 1.1290058538953523E-05
"p940": 0.002737839195696228
"p941": 0.0009257848001941887
"p942": 0.0001016105268505817
"p943": 1.8816764231589204E-06
"p944": 0.002852621457508923
