"p882": 0
"p883": 0
"p884": 0
"p885": 0
"p886": 0
"p887": 0
"p888": 1.8816764231589203E-05
"p889": 3.7633528463178407E-06
"p890": 0
"p891": 0
"p892": 2.6343469924224887E-05
"p893": 3.7633528463178407E-06
"p894": 0
"p895": 0
"p896": 0.0014771159921797524
"p897": 0.0003895070195938965
"p898": 6.021364554108545E-05
"p899": 5.645029269476761E-06
"p900": 0.0036542156137746233
"p901": 0.0008806245660383746
"p902": 0.00012230896750532982
"p903": 7.5267056926356815E-06
"p904": 0.002692678961540415
"p905": 0.0008505177432678321
"p906": 0.00012042729108217092
"p907": 5.645029269476761E-06
"p908": 0.009304889912520861
"p909": 0.002982457130706889
"p910": 0.00047418245863604794
"p911": 3.9515204886337324E-05
"p912": 0
"p913": 0
"p914": 0
"p915": 0
"p916": 1.1290058538953523E-05
"p917": 0
"p918": 0
"p919": 0
"p920": 0
"p921": 0
"p922": 0
"p923": 0
"p924": 2.8225146347383805E-05
"p925": 0
"p926": 0
"p927": 0
"p928": 0.0002389729057411829
"p929": 2.6343469924224887E-05
"p930": 0
"p931": 0
"p932": 0.0009408382115794602
"p933": 0.00020698440654748124
"p934": 3.0106822770542722E-05
"p935": 0
"p936": 0.0027604193127741365
"p937": 0.0010575021498153135
"p938": 0.00016935087808430283
"p939": 1.6935087808430282E-05
"p940": 0.00886081427665536
"p941": 0.0032421284771028186
"p942": 0.0006378883074508741
"p943": 4.7041910578973015E-05
"p944": 0.00023144620004854718
