"p882": 0
"p883": 0
"p884": 0
"p885": 0
"p886": 0
"p887": 0
"p888": 4.139688130949625E-05
"p889": 3.7633528463178407E-06
"p890": 0
"p891": 0
"p892": 3.7633528463178407E-06
"p893": 0
"p894": 0
"p895": 0
"p896": 0.0005701479562171529
"p897": 0.0001486524374295547
"p898": 2.4461793501065963E-05
"p899": 0
"p900": 0
"p901": 0
"p902": 0
"p903": 0
"p904": 0.00023144620004854723
"p905": 7.714873334951573E-05
"p906": 1.1290058538953523E-05
"p907": 0
"p908": 0.00023332787647170614
"p909": 5.833196911792654E-05
"p910": 0
"p911": 0
"p912": 0.0005381594570234513
"p913": 0.00010161052685058171
"p914": 0
"p915": 0
"p916": 0.00024838128785697745
"p917": 3.3870175616860565E-05
"p918": 0
"p919": 0
"p920": 0.0002878964927433148
"p921": 6.585867481056221E-05
"p922": 0
"p923": 0
"p924": 0.00024461793501065964
"p925": 6.962202765688006E-05
"p926": 7.5267056926356815E-06
"p927": 0
"p928": 0.005415464745851372
"p929": 0.001830871159733629
"p930": 0.00042149551878759814
"p931": 5.8331969117926534E-05
"p932": 3.198849919370165E-05
"p933": 5.645029269476761E-06
"p934": 0
"p935": 0
"p936": 0.0024367709679908017
"p937": 0.000942719888002619
"p938": 0.00019381267158536877
"p939": 1.8816764231589203E-05
"p940": 0.004128398072410671
"p941": 0.0012023912343985498
"p942": 0.00022015614150959367
"p943": 1.6935087808430286E-05
"p944": 0.009011348390508071
