"p882": 0.00032364834478333426
"p883": 4.139688130949624E-05
"p884": 1.505341138527136E-05
"p885": 0
"p886": 0
"p887": 0
"p888": 0.007060049939692271
"p889": 0.0020830158004369248
"p890": 0.0003462284618612413
"p891": 4.139688130949624E-05
"p892": 0.002037855566281111
"p893": 0.0006002547789876956
"p894": 6.021364554108545E-05
"p895": 0
"p896": 0.0016652836344956444
"p897": 0.0005946097497182189
"p898": 0.00010161052685058169
"p899": 5.645029269476761E-06
"p900": 0
"p901": 0
"p902": 0
"p903": 0
"p904": 0.0002991865512822683
"p905": 5.833196911792653E-05
"p906": 0
"p907": 0
"p908": 0.0006868118944530059
"p909": 0.0001825226130464153
"p910": 1.6935087808430286E-05
"p911": 0
"p912": 0.002732194166426752
"p913": 0.0009464832408489372
"p914": 0.0001674692016611439
"p915": 7.5267056926356815E-06
"p916": 0.0003838619903244198
"p917": 5.080526342529086E-05
"p918": 0
"p919": 0
"p920": 0.0009897617985815922
"p921": 0.0002483812878569775
"p922": 3.0106822770542726E-05
"p923": 0
"p924": 0.0023088169712159956
"p925": 0.0007357354814551379
"p926": 0.0001373623788906012
"p927": 1.3171734962112444E-05
"p928": 0.014308267521700432
"p929": 0.005993139407761162
"p930": 0.0012964750555564963
"p931": 0.00010537387969689954
"p932": 8.091208619583358E-05
"p933": 5.645029269476761E-06
"p934": 0
"p935": 0
"p936": 0.007997124798425412
"p937": 0.0029071900737805316
"p938": 0.0004610107236739355
"p939": 2.6343469924224887E-05
"p940": 0.013523608453243166
"p941": 0.004303393979764452
"p942": 0.0007771323627646341
"p943": 7.714873334951573E-05
"p944": 0.02222824358677633
