"p882": 0
"p883": 0
"p884": 0
"p885": 0
"p886": 0
"p887": 0
"p888": 5.6450292694767617E-05
"p889": 7.5267056926356815E-06
"p890": 0
"p891": 0
"p892": 3.7633528463178407E-06
"p893": 0
"p894": 0
"p895": 0
"p896": 3.0106822770542726E-05
"p897": 0
"p898": 0
"p899": 0
"p900": 0
"p901": 0
"p902": 0
"p903": 0
"p904": 0.0008185292440741302
"p905": 0.00022580117077907038
"p906": 3.575185204001949E-05
"p907": 0
"p908": 5.080526342529085E-05
"p909": 1.5053411385271363E-05
"p910": 0
"p911": 0
"p912": 0.00032741169762965207
"p913": 2.0698440654748124E-05
"p914": 0
"p915": 0
"p916": 0
"p917": 0
"p918": 0
"p919": 0
"p920": 0.0010142235920826582
"p921": 0.00018440428946957425
"p922": 0
"p923": 0
"p924": 6.39769983874033E-05
"p925": 7.5267056926356815E-06
"p926": 0
"p927": 0
"p928": 0.0009239031237710298
"p929": 0.00015617914312219037
"p930": 7.5267056926356815E-06
"p931": 0
"p932": 2.2580117077907045E-05
"p933": 0
"p934": 0
"p935": 0
"p936": 0.00776003356910739
"p937": 0.002739720872119387
"p938": 0.000613426513949808
"p939": 7.714873334951573E-05
"p940": 0.0025534349062266543
"p941": 0.0008110025383814947
"p942": 0.00018064093662325633
"p943": 1.6935087808430286E-05
"p944": 0.003674914054429371
