"p882": 8.091208619583358E-05
"p883": 1.1290058538953523E-05
"p884": 0
"p885": 0
"p886": 0
"p887": 0
"p888": 0.007445793606439848
"p889": 0.002414190850912895
"p890": 0.00033493840332228785
"p891": 2.0698440654748128E-05
"p892": 0.0018760313938894436
"p893": 0.0006529417188361454
"p894": 7.714873334951574E-05
"p895": 3.7633528463178407E-06
"p896": 0.00017687758377693845
"p897": 1.8816764231589203E-05
"p898": 0
"p899": 0
"p900": 0
"p901": 0
"p902": 0
"p903": 0
"p904": 0.0013265818783270388
"p905": 0.0004327855773265517
"p906": 9.784717400426387E-05
"p907": 1.8816764231589204E-06
"p908": 0.0002709614049348845
"p909": 9.220214473478709E-05
"p910": 2.2580117077907045E-05
"p911": 1.8816764231589204E-06
"p912": 0.0013830321710218063
"p913": 0.00027284308135804345
"p914": 7.5267056926356815E-06
"p915": 0
"p916": 0.00016370584881482606
"p917": 5.645029269476761E-06
"p918": 0
"p919": 0
"p920": 0.004756877997745751
"p921": 0.0013660970832133762
"p922": 0.00018628596589273313
"p923": 9.408382115794602E-06
"p924": 0.0026851522558477793
"p925": 0.0008806245660383746
"p926": 7.903040977267465E-05
"p927": 5.645029269476761E-06
"p928": 1.6935087808430282E-05
"p929": 0
"p930": 0
"p931": 0
"p932": 0
"p933": 0
"p934": 0
"p935": 0
"p936": 0.00034999181470755925
"p937": 0.00010537387969689955
"p938": 1.1290058538953523E-05
"p939": 0
"p940": 2.0698440654748124E-05
"p941": 5.645029269476761E-06
"p942": 0
"p943": 0
"p944": 0.0001956943480085277
