"p882": 5.645029269476761E-06
"p883": 0
"p884": 0
"p885": 0
"p886": 0
"p887": 0
"p888": 0.0007884224213035876
"p889": 0.00010725555612005844
"p890": 5.645029269476761E-06
"p891": 0
"p892": 5.456861627160869E-05
"p893": 3.7633528463178407E-06
"p894": 0
"p895": 0
"p896": 0.013847256798026493
"p897": 0.006183188726500213
"p898": 0.0016859820751503926
"p899": 0.00021639278866327584
"p900": 0.0011139524425100807
"p901": 0.00016370584881482606
"p902": 5.645029269476761E-06
"p903": 0
"p904": 0.008584207842450998
"p905": 0.0028149879290457445
"p906": 0.0003838619903244198
"p907": 1.5053411385271363E-05
"p908": 0.022756994661683985
"p909": 0.008164594000086556
"p910": 0.001383032171021807
"p911": 0.00010349220327374062
"p912": 0.00017875926020009743
"p913": 2.6343469924224887E-05
"p914": 0
"p915": 0
"p916": 0.00016182417239166716
"p917": 1.6935087808430282E-05
"p918": 0
"p919": 0
"p920": 1.3171734962112444E-05
"p921": 0
"p922": 0
"p923": 0
"p924": 3.951520488633733E-05
"p925": 9.408382115794602E-06
"p926": 0
"p927": 0
"p928": 0.014389179607896265
"p929": 0.006252810754157092
"p930": 0.0015203945499124077
"p931": 0.00013359902604428335
"p932": 3.575185204001949E-05
"p933": 1.8816764231589204E-06
"p934": 0
"p935": 0
"p936": 0.006028891259801182
"p937": 0.0023012902655233595
"p938": 0.0003443467854380824
"p939": 1.8816764231589203E-05
"p940": 0.01183950805451593
"p941": 0.00430527565618761
"p942": 0.0007169187172235488
"p943": 4.3278557732655166E-05
"p944": 0.012038965755370773
