"p882": 5.645029269476761E-06
"p883": 0
"p884": 0.0005174610163687031
"p885": 0.0001279539967748066
"p886": 5.645029269476761E-06
"p887": 0
"p888": 0.00016935087808430283
"p889": 1.1290058538953523E-05
"p890": 0
"p891": 0
"p892": 8.655711546531032E-05
"p893": 1.8816764231589204E-06
"p894": 0
"p895": 0
"p896": 0.019198744545490466
"p897": 0.00819093747001078
"p898": 0.0020773707711674483
"p899": 0.0002577896699727721
"p900": 0.02759478474562557
"p901": 0.012626048799396357
"p902": 0.0035243799405766576
"p903": 0.0005739113090634709
"p904": 0.011894076670787537
"p905": 0.004499088327772979
"p906": 0.0009878801221584331
"p907": 4.139688130949624E-05
"p908": 0.02749129254235183
"p909": 0.009455424026373577
"p910": 0.0016746920166114392
"p911": 9.972885042742278E-05
"p912": 4.8923587002131926E-05
"p913": 5.645029269476761E-06
"p914": 0
"p915": 0
"p916": 0.0006002547789876956
"p917": 9.972885042742278E-05
"p918": 5.645029269476761E-06
"p919": 0
"p920": 0
"p921": 0
"p922": 0
"p923": 0
"p924": 6.021364554108545E-05
"p925": 1.1290058538953523E-05
"p926": 0
"p927": 0
"p928": 0.017907914519203445
"p929": 0.0070092446762669795
"p930": 0.0014978144328345005
"p931": 0.00015994249596850825
"p932": 0.039347735684676186
"p933": 0.016506065583950052
"p934": 0.003927058695132668
"p935": 0.00043278557732655173
"p936": 0.007498480546288297
"p937": 0.0026023584932287867
"p938": 0.00048735419359816046
"p939": 1.1290058538953523E-05
"p940": 0.013322269075965159
"p941": 0.0038555549910526277
"p942": 0.0005776746619097886
"p943": 2.0698440654748128E-05
"p944": 0.014835136920184929
