"p882": 0.00045912904725077655
"p883": 6.021364554108545E-05
"p884": 0.012579006888817386
"p885": 0.004666557529434122
"p886": 0.0010706738847774257
"p887": 0.00015994249596850825
"p888": 0.0015072228149502949
"p889": 0.0004892358700213193
"p890": 0.00011290058538953522
"p891": 1.8816764231589204E-06
"p892": 0.0025158013777634766
"p893": 0.0007884224213035877
"p894": 0.00011478226181269415
"p895": 5.645029269476761E-06
"p896": 0.0011835744701669609
"p897": 0.00030106822770542725
"p898": 1.5053411385271365E-05
"p899": 0
"p900": 0.002427362585875007
"p901": 0.0006303616017582383
"p902": 5.456861627160869E-05
"p903": 1.8816764231589204E-06
"p904": 0.0003274116976296522
"p905": 7.714873334951574E-05
"p906": 5.645029269476761E-06
"p907": 0
"p908": 0.0021319393874390568
"p909": 0.0004967625757139549
"p910": 3.387017561686057E-05
"p911": 0
"p912": 0
"p913": 0
"p914": 0
"p915": 0
"p916": 0
"p917": 0
"p918": 0
"p919": 0
"p920": 0
"p921": 0
"p922": 0
"p923": 0
"p924": 0
"p925": 0
"p926": 0
"p927": 0
"p928": 0.0006698768066445756
"p929": 0.00022956452362538827
"p930": 3.951520488633733E-05
"p931": 5.645029269476761E-06
"p932": 0.0023295154118707436
"p933": 0.0007526705692635683
"p934": 0.00013171734962112442
"p935": 7.5267056926356815E-06
"p936": 0.0001505341138527136
"p937": 5.8331969117926534E-05
"p938": 3.7633528463178407E-06
"p939": 0
"p940": 0.0006228348960656026
"p941": 0.0001862859658927331
"p942": 7.5267056926356815E-06
"p943": 0
"p944": 0.00039891540170969113
