"p882": 0
"p883": 0
"p884": 0
"p885": 0
"p886": 0
"p887": 0
"p888": 1.1290058538953523E-05
"p889": 0
"p890": 0
"p891": 0
"p892": 0
"p893": 0
"p894": 0
"p895": 0
"p896": 0.0014432458165628919
"p897": 0.00036504522609283053
"p898": 2.6343469924224884E-05
"p899": 0
"p900": 0.0004459573122886642
"p901": 5.080526342529086E-05
"p902": 0
"p903": 0
"p904": 0.0007470255399940913
"p905": 0.00019945770085484554
"p906": 1.3171734962112442E-05
"p907": 0
"p908": 0.0010763189140469026
"p909": 0.0003123582862443808
"p910": 4.139688130949625E-05
"p911": 0
"p912": 0.00010725555612005845
"p913": 5.645029269476761E-06
"p914": 0
"p915": 0
"p916": 0
"p917": 0
"p918": 0
"p919": 0
"p920": 0
"p921": 0
"p922": 0
"p923": 0
"p924": 0
"p925": 0
"p926": 0
"p927": 0
"p928": 0.028010635235143695
"p929": 0.009700041961384232
"p930": 0.0019023748638136685
"p931": 0.00017311423093062066
"p932": 0.0009521282701184139
"p933": 0.0001279539967748066
"p934": 1.1290058538953523E-05
"p935": 0
"p936": 0.01757485779230432
"p937": 0.006040181318340135
"p938": 0.0012174446457838216
"p939": 9.22021447347871E-05
"p940": 0.028744489040175666
"p941": 0.009357576852369312
"p942": 0.0015956616068387645
"p943": 8.27937626189925E-05
"p944": 0.010861036314473289
