"p882": 0
"p883": 0
"p884": 0
"p885": 0
"p886": 0
"p887": 0
"p888": 0.001223089675053298
"p889": 0.00019004931873905094
"p890": 1.1290058538953523E-05
"p891": 0
"p892": 3.7633528463178407E-06
"p893": 0
"p894": 0
"p895": 0
"p896": 0.00505418287260486
"p897": 0.0014921694035650243
"p898": 0.00023709122931802394
"p899": 3.0106822770542726E-05
"p900": 0.0011233608246258755
"p901": 0.00019945770085484557
"p902": 1.6935087808430286E-05
"p903": 0
"p904": 0.021195203230462083
"p905": 0.00840356690582774
"p906": 0.0020397372427042697
"p907": 0.00023144620004854723
"p908": 0.017783723875274958
"p909": 0.006461676837127732
"p910": 0.001277658291324907
"p911": 0.00011290058538953522
"p912": 0.0002389729057411829
"p913": 1.6935087808430282E-05
"p914": 0
"p915": 0
"p916": 0
"p917": 0
"p918": 0
"p919": 0
"p920": 0.00019193099516220987
"p921": 2.6343469924224887E-05
"p922": 0
"p923": 0
"p924": 7.5267056926356815E-06
"p925": 0
"p926": 0
"p927": 0
"p928": 0.0020453822719737466
"p929": 0.0006567050716824633
"p930": 0.0001486524374295547
"p931": 1.6935087808430282E-05
"p932": 2.2580117077907045E-05
"p933": 0
"p934": 0
"p935": 0
"p936": 0.020004102054602485
"p937": 0.008239861057012913
"p938": 0.0018628596589273312
"p939": 0.00015241579027587256
"p940": 0.008860814276655356
"p941": 0.00324212847710282
"p942": 0.000637888307450874
"p943": 4.704191057897301E-05
"p944": 0.0028262779875846984
