"p882": 5.645029269476761E-06
"p883": 0
"p884": 0.0004760641350592069
"p885": 0.00011666393823585305
"p886": 5.645029269476761E-06
"p887": 0
"p888": 0.00016370584881482606
"p889": 5.645029269476761E-06
"p890": 0
"p891": 0
"p892": 7.903040977267465E-05
"p893": 0
"p894": 0
"p895": 0
"p896": 0.001781947572731497
"p897": 0.0005249877220613388
"p898": 7.714873334951574E-05
"p899": 1.1290058538953523E-05
"p900": 0.004645859088779373
"p901": 0.0014827610214492293
"p902": 0.0002671980520885667
"p903": 4.139688130949625E-05
"p904": 0.0003161216390906986
"p905": 0.00011290058538953523
"p906": 3.0106822770542726E-05
"p907": 5.645029269476761E-06
"p908": 0.0028413313989699702
"p909": 0.0009521282701184137
"p910": 0.00018064093662325636
"p911": 9.408382115794602E-06
"p912": 5.080526342529084E-05
"p913": 0
"p914": 0
"p915": 0
"p916": 0.0004666557529434122
"p917": 9.22021447347871E-05
"p918": 5.645029269476761E-06
"p919": 0
"p920": 0
"p921": 0
"p922": 0
"p923": 0
"p924": 0
"p925": 0
"p926": 0
"p927": 0
"p928": 0.036007760033569106
"p929": 0.014556648809557409
"p930": 0.0034284144429955537
"p931": 0.0004120871366718036
"p932": 0.06541083582185042
"p933": 0.027728383771669862
"p934": 0.007156015437273377
"p935": 0.001008578562813182
"p936": 0.019172401075566243
"p937": 0.006986664559189073
"p938": 0.0014564175515250047
"p939": 5.080526342529084E-05
"p940": 0.040623512299577946
"p941": 0.013126574727956634
"p942": 0.002190271356556984
"p943": 0.00011666393823585308
"p944": 0.012345679012345677
