"p882": 6.021364554108546E-05
"p883": 0
"p884": 0.0025082746720708404
"p885": 0.0008636894782299445
"p886": 0.00013548070246744226
"p887": 0
"p888": 0.0003631635496696716
"p889": 6.585867481056221E-05
"p890": 1.1290058538953521E-05
"p891": 0
"p892": 0.0002671980520885667
"p893": 5.456861627160868E-05
"p894": 1.1290058538953521E-05
"p895": 0
"p896": 0.00662161933309624
"p897": 0.0026211752574603763
"p898": 0.000566384603370835
"p899": 6.962202765688005E-05
"p900": 0.014199130289157216
"p901": 0.0061493185508833545
"p902": 0.0013548070246744229
"p903": 0.00011666393823585307
"p904": 0.002606121846075105
"p905": 0.0008730978603457391
"p906": 0.0001298356731979655
"p907": 1.317173496211244E-05
"p908": 0.008164594000086556
"p909": 0.002521446407032954
"p910": 0.0003594001968233539
"p911": 2.2580117077907045E-05
"p912": 0.01526792249751148
"p913": 0.005983731025645366
"p914": 0.0013228185254807211
"p915": 0.00017311423093062066
"p916": 0.02362444749276025
"p917": 0.010255136506216117
"p918": 0.00254590820053402
"p919": 0.0002991865512822683
"p920": 0.008335826554594018
"p921": 0.0026475187273846015
"p922": 0.00034811013828440026
"p923": 1.317173496211244E-05
"p924": 0.02148498139962856
"p925": 0.007031824793344889
"p926": 0.0011007807075479688
"p927": 6.774035123372113E-05
"p928": 0.0019155465987757807
"p929": 0.0006510600424129863
"p930": 0.00012607232035164766
"p931": 1.8816764231589204E-06
"p932": 0.006610329274557288
"p933": 0.0026155302281909
"p934": 0.00041961384236443927
"p935": 1.1290058538953523E-05
"p936": 0.00045160234155814093
"p937": 0.00012607232035164763
"p938": 2.0698440654748124E-05
"p939": 1.8816764231589204E-06
"p940": 0.0011026623839711274
"p941": 0.00025026296428013644
"p942": 3.951520488633733E-05
"p943": 1.8816764231589204E-06
"p944": 0.00278864445912152
