"p882": 0
"p883": 0
"p884": 0
"p885": 0
"p886": 0
"p887": 0
"p888": 0
"p889": 0
"p890": 0
"p891": 0
"p892": 7.5267056926356815E-06
"p893": 0
"p894": 0
"p895": 0
"p896": 0.0002333278764717061
"p897": 4.8923587002131926E-05
"p898": 5.645029269476761E-06
"p899": 0
"p900": 0.0008674528310762622
"p901": 0.00014300740816007796
"p902": 7.5267056926356815E-06
"p903": 0
"p904": 0.0016332951353019427
"p905": 0.0005964914261413777
"p906": 0.0001561791431221904
"p907": 1.8816764231589203E-05
"p908": 0.006192597108616007
"p909": 0.0022749467955991342
"p910": 0.0005475678391392458
"p911": 7.526705692635681E-05
"p912": 0.0016652836344956444
"p913": 0.00040079707813285
"p914": 6.021364554108545E-05
"p915": 5.645029269476761E-06
"p916": 0.004173558306566485
"p917": 0.0010123419156594991
"p918": 0.00014488908458323686
"p919": 7.5267056926356815E-06
"p920": 0.0044351113293855755
"p921": 0.0015015777856808184
"p922": 0.00022203781793275258
"p923": 1.1290058538953523E-05
"p924": 0.013476566542664194
"p925": 0.004711717763589936
"p926": 0.0008411093611520374
"p927": 6.962202765688006E-05
"p928": 5.645029269476761E-06
"p929": 5.645029269476761E-06
"p930": 0
"p931": 0
"p932": 0.00012419064392848873
"p933": 2.446179350106596E-05
"p934": 0
"p935": 0
"p936": 0.0006905752472993238
"p937": 0.0002784881106275202
"p938": 4.1396881309496255E-05
"p939": 5.645029269476761E-06
"p940": 0.002726549137157276
"p941": 0.0009389565351563013
"p942": 0.00016182417239166716
"p943": 7.5267056926356815E-06
"p944": 0.00010913723254321738
