"p882": 0
"p883": 0
"p884": 0
"p885": 0
"p886": 0
"p887": 0
"p888": 0.007842827331726381
"p889": 0.00243865264441396
"p890": 0.0004290222244802338
"p891": 1.5053411385271363E-05
"p892": 0.00101046023923634
"p893": 0.00030294990412858613
"p894": 4.5160234155814084E-05
"p895": 0
"p896": 0.0015599097547987447
"p897": 0.00034246510901492347
"p898": 3.198849919370165E-05
"p899": 1.8816764231589204E-06
"p900": 0
"p901": 0
"p902": 0
"p903": 0
"p904": 0.0035093265291913866
"p905": 0.0011233608246258757
"p906": 0.00018064093662325633
"p907": 7.5267056926356815E-06
"p908": 0.0006999836294151184
"p909": 0.0001674692016611439
"p910": 2.2580117077907045E-05
"p911": 0
"p912": 0
"p913": 0
"p914": 0
"p915": 0
"p916": 0
"p917": 0
"p918": 0
"p919": 0
"p920": 0.0002935415220127916
"p921": 7.714873334951574E-05
"p922": 5.645029269476761E-06
"p923": 0
"p924": 1.8816764231589203E-05
"p925": 0
"p926": 0
"p927": 0
"p928": 0.007750625186991594
"p929": 0.002378438998872875
"p930": 0.0003932703724402143
"p931": 4.139688130949624E-05
"p932": 0.0009483649172720959
"p933": 0.00017687758377693853
"p934": 1.6935087808430286E-05
"p935": 0
"p936": 0.04577554234618708
"p937": 0.01781194902162235
"p938": 0.003928940371555828
"p939": 0.0003989154017096912
"p940": 0.02783752100421307
"p941": 0.009752728901232684
"p942": 0.002081134124013766
"p943": 0.0002653163756654078
"p944": 0.001610715018224036
