"p882": 0.00036316354966967166
"p883": 5.4568616271608685E-05
"p884": 0.010973936899862827
"p885": 0.0041773216594128025
"p886": 0.0009784717400426386
"p887": 0.00015429746669903146
"p888": 0.0013849138474449653
"p889": 0.0004534840179812998
"p890": 0.00010725555612005847
"p891": 1.8816764231589204E-06
"p892": 0.002002103714241091
"p893": 0.0006228348960656027
"p894": 9.596549758110493E-05
"p895": 5.645029269476761E-06
"p896": 2.0698440654748128E-05
"p897": 0
"p898": 0
"p899": 0
"p900": 0.00028977816916647367
"p901": 4.1396881309496255E-05
"p902": 0
"p903": 0
"p904": 7.5267056926356815E-06
"p905": 0
"p906": 0
"p907": 0
"p908": 7.526705692635683E-05
"p909": 2.4461793501065973E-05
"p910": 0
"p911": 0
"p912": 0
"p913": 0
"p914": 0
"p915": 0
"p916": 0
"p917": 0
"p918": 0
"p919": 0
"p920": 0
"p921": 0
"p922": 0
"p923": 0
"p924": 0
"p925": 0
"p926": 0
"p927": 0
"p928": 0.001836516189003106
"p929": 0.0005249877220613389
"p930": 5.45686162716087E-05
"p931": 5.645029269476761E-06
"p932": 0.004666557529434122
"p933": 0.00132470020190388
"p934": 0.00018064093662325636
"p935": 9.408382115794602E-06
"p936": 0.000472300782212889
"p937": 0.0001298356731979655
"p938": 7.5267056926356815E-06
"p939": 0
"p940": 0.002713377402195163
"p941": 0.0006567050716824633
"p942": 3.387017561686057E-05
"p943": 0
"p944": 0.0003142399626675397
