"p882": 0
"p883": 0
"p884": 0
"p885": 0
"p886": 0
"p887": 0
"p888": 4.516023415581409E-05
"p889": 0
"p890": 0
"p891": 0
"p892": 0
"p893": 0
"p894": 0
"p895": 0
"p896": 0.006019482877685386
"p897": 0.0018948481581210327
"p898": 0.0003387017561686056
"p899": 1.5053411385271363E-05
"p900": 0.0009032046831162816
"p901": 0.0001938126715853688
"p902": 1.1290058538953523E-05
"p903": 0
"p904": 0.01836139853718475
"p905": 0.006742046624178412
"p906": 0.001373623788906012
"p907": 0.00011854561465901199
"p908": 0.014042951146035024
"p909": 0.0052423505149207525
"p910": 0.0010480937676995187
"p911": 5.645029269476761E-05
"p912": 7.338538050319788E-05
"p913": 0
"p914": 0
"p915": 0
"p916": 0
"p917": 0
"p918": 0
"p919": 0
"p920": 8.091208619583358E-05
"p921": 5.645029269476761E-06
"p922": 0
"p923": 0
"p924": 3.7633528463178407E-06
"p925": 0
"p926": 0
"p927": 0
"p928": 0.002639992021691965
"p929": 0.0007432621871477735
"p930": 0.00012230896750532982
"p931": 0
"p932": 3.198849919370165E-05
"p933": 0
"p934": 0
"p935": 0
"p936": 0.027278663106534866
"p937": 0.009726385431308462
"p938": 0.0018722680410431258
"p939": 0.00015994249596850828
"p940": 0.008828825777461654
"p941": 0.0030765409518648344
"p942": 0.0005626212505245173
"p943": 4.327855773265517E-05
"p944": 0.0022824735012917704
