"p882": 0
"p883": 0
"p884": 0
"p885": 0
"p886": 0
"p887": 0
"p888": 0.000472300782212889
"p889": 7.714873334951573E-05
"p890": 5.645029269476761E-06
"p891": 0
"p892": 0.0004760641350592069
"p893": 0.00011666393823585305
"p894": 5.645029269476761E-06
"p895": 0
"p896": 0.0002897781691664738
"p897": 5.456861627160869E-05
"p898": 0
"p899": 0
"p900": 0.0029015450445110556
"p901": 0.0006002547789876955
"p902": 6.774035123372114E-05
"p903": 3.7633528463178407E-06
"p904": 0.001909901569506304
"p905": 0.0005532128684087226
"p906": 8.27937626189925E-05
"p907": 1.1290058538953523E-05
"p908": 0.00409452789679381
"p909": 0.001445127492986051
"p910": 0.0002728430813580435
"p911": 4.139688130949625E-05
"p912": 0
"p913": 0
"p914": 0
"p915": 0
"p916": 0
"p917": 0
"p918": 0
"p919": 0
"p920": 5.080526342529084E-05
"p921": 0
"p922": 0
"p923": 0
"p924": 0.0004666557529434122
"p925": 9.22021447347871E-05
"p926": 5.645029269476761E-06
"p927": 0
"p928": 0.010430132413569895
"p929": 0.0037765245812799533
"p930": 0.0006849302180298469
"p931": 3.575185204001949E-05
"p932": 0.013134101433649265
"p933": 0.003906360254477918
"p934": 0.000728208775762502
"p935": 8.279376261899248E-05
"p936": 0.04807118758244096
"p937": 0.018794184114511305
"p938": 0.004231890275684414
"p939": 0.00044031228301918745
"p940": 0.0877613883761321
"p941": 0.035507234105008834
"p942": 0.008682055016455262
"p943": 0.0011139524425100812
"p944": 0.0017574857792304315
