"p882": 0
"p883": 0
"p884": 0
"p885": 0
"p886": 0
"p887": 0
"p888": 0.0006153081903729669
"p889": 8.27937626189925E-05
"p890": 5.645029269476761E-06
"p891": 0
"p892": 0.00040644210740232675
"p893": 6.585867481056221E-05
"p894": 5.645029269476761E-06
"p895": 0
"p896": 9.032046831162818E-05
"p897": 1.1290058538953523E-05
"p898": 0
"p899": 0
"p900": 0.0017556041028072725
"p901": 0.0003180033155138575
"p902": 3.575185204001949E-05
"p903": 1.8816764231589204E-06
"p904": 0.0005946097497182189
"p905": 0.00015053411385271363
"p906": 1.3171734962112444E-05
"p907": 0
"p908": 0.0018289894833104703
"p909": 0.0006171898667961258
"p910": 0.00010161052685058171
"p911": 2.2580117077907045E-05
"p912": 0
"p913": 0
"p914": 0
"p915": 0
"p916": 0
"p917": 0
"p918": 0
"p919": 0
"p920": 1.1290058538953523E-05
"p921": 0
"p922": 0
"p923": 0
"p924": 0.00015994249596850823
"p925": 2.8225146347383808E-05
"p926": 0
"p927": 0
"p928": 0.0058350785882158125
"p929": 0.0020679623890516533
"p930": 0.000282251463473838
"p931": 1.8816764231589203E-05
"p932": 0.00805357509112018
"p933": 0.00224860332567491
"p934": 0.00037069025536230727
"p935": 4.139688130949624E-05
"p936": 0.01974066735536024
"p937": 0.006960321089264848
"p938": 0.0012851849970175427
"p939": 8.655711546531033E-05
"p940": 0.04650186944552642
"p941": 0.018685046881968082
"p942": 0.0042826955391097035
"p943": 0.000449720665134982
"p944": 0.001017986944928976
