"p882": 0
"p883": 0
"p884": 0
"p885": 0
"p886": 0
"p887": 0
"p888": 4.516023415581409E-05
"p889": 7.5267056926356815E-06
"p890": 0
"p891": 0
"p892": 0
"p893": 0
"p894": 0
"p895": 0
"p896": 0.0002728430813580435
"p897": 2.0698440654748124E-05
"p898": 0
"p899": 0
"p900": 0
"p901": 0
"p902": 0
"p903": 0
"p904": 0.0009765900636194797
"p905": 0.00018440428946957425
"p906": 0
"p907": 0
"p908": 6.39769983874033E-05
"p909": 7.5267056926356815E-06
"p910": 0
"p911": 0
"p912": 0
"p913": 0
"p914": 0
"p915": 0
"p916": 0
"p917": 0
"p918": 0
"p919": 0
"p920": 3.951520488633733E-05
"p921": 0
"p922": 0
"p923": 0
"p924": 0
"p925": 0
"p926": 0
"p927": 0
"p928": 0.0040982912496401284
"p929": 0.0009991701806973867
"p930": 0.0001467707610063958
"p931": 7.5267056926356815E-06
"p932": 0.0005231060456381799
"p933": 7.714873334951573E-05
"p934": 5.645029269476761E-06
"p935": 0
"p936": 0.015290502614589389
"p937": 0.004719244469282572
"p938": 0.0007827773920341108
"p939": 6.021364554108545E-05
"p940": 0.008828825777461656
"p941": 0.0030765409518648352
"p942": 0.0005626212505245173
"p943": 4.327855773265517E-05
"p944": 0.0004704191057897302
