"p882": 0
"p883": 0
"p884": 0
"p885": 0
"p886": 0
"p887": 0
"p888": 1.1290058538953523E-05
"p889": 0
"p890": 0
"p891": 0
"p892": 0
"p893": 0
"p894": 0
"p895": 0
"p896": 0.010919368283591217
"p897": 0.004009852457751659
"p898": 0.000805357509112018
"p899": 7.903040977267465E-05
"p900": 0.0009126130652320765
"p901": 0.00012419064392848875
"p902": 1.1290058538953523E-05
"p903": 0
"p904": 0.008584207842450994
"p905": 0.00306713256974904
"p906": 0.0006341249546045563
"p907": 4.3278557732655166E-05
"p908": 0.01828236812741207
"p909": 0.006369474692392946
"p910": 0.00113276920674167
"p911": 5.6450292694767617E-05
"p912": 7.903040977267465E-05
"p913": 5.645029269476761E-06
"p914": 0
"p915": 0
"p916": 3.3870175616860565E-05
"p917": 0
"p918": 0
"p919": 0
"p920": 1.8816764231589204E-06
"p921": 0
"p922": 0
"p923": 0
"p924": 9.408382115794602E-06
"p925": 0
"p926": 0
"p927": 0
"p928": 0.018017051751746664
"p929": 0.006410871573702442
"p930": 0.001253196497823841
"p931": 0.00010537387969689954
"p932": 3.951520488633733E-05
"p933": 3.7633528463178407E-06
"p934": 0
"p935": 0
"p936": 0.009656763403651583
"p937": 0.0035281432934229752
"p938": 0.0006792851887603704
"p939": 5.645029269476761E-05
"p940": 0.011369088948726198
"p941": 0.0036297538202735577
"p942": 0.0005701479562171529
"p943": 3.575185204001949E-05
"p944": 0.012746476090478527
