"p882": 0
"p883": 0
"p884": 1.5053411385271363E-05
"p885": 3.7633528463178407E-06
"p886": 0
"p887": 0
"p888": 1.8816764231589203E-05
"p889": 0
"p890": 0
"p891": 0
"p892": 3.7633528463178407E-06
"p893": 0
"p894": 0
"p895": 0
"p896": 5.8331969117926534E-05
"p897": 1.6935087808430282E-05
"p898": 0
"p899": 0
"p900": 0.0007733690099183163
"p901": 0.00021827446508643471
"p902": 3.575185204001949E-05
"p903": 0
"p904": 1.8816764231589203E-05
"p905": 3.7633528463178407E-06
"p906": 0
"p907": 0
"p908": 0.00018628596589273313
"p909": 4.51602341558141E-05
"p910": 0
"p911": 0
"p912": 8.655711546531035E-05
"p913": 1.3171734962112444E-05
"p914": 0
"p915": 0
"p916": 0.0010255136506216117
"p917": 0.0001956943480085277
"p918": 0
"p919": 0
"p920": 1.1290058538953523E-05
"p921": 0
"p922": 0
"p923": 0
"p924": 0.00019569434800852773
"p925": 6.209532196424438E-05
"p926": 7.5267056926356815E-06
"p927": 0
"p928": 0.0018496879239652182
"p929": 0.0006209532196424438
"p930": 0.0001486524374295547
"p931": 1.8816764231589203E-05
"p932": 0.007289614463317658
"p933": 0.0025929501111129913
"p934": 0.0005814380147561064
"p935": 7.714873334951573E-05
"p936": 0.00034058343259176454
"p937": 0.0001129005853895352
"p938": 2.2580117077907045E-05
"p939": 0
"p940": 0.002664453815193031
"p941": 0.0006698768066445757
"p942": 7.52670569263568E-05
"p943": 0
"p944": 0.004468981505002435
