"p882": 0
"p883": 0
"p884": 1.8816764231589203E-05
"p885": 0
"p886": 0
"p887": 0
"p888": 0.00047982748790552474
"p889": 7.33853805031979E-05
"p890": 0
"p891": 0
"p892": 0.0007093920115309128
"p893": 0.00012230896750532982
"p894": 0
"p895": 0
"p896": 4.139688130949625E-05
"p897": 0
"p898": 0
"p899": 0
"p900": 0.0005475678391392458
"p901": 0.00010913723254321737
"p902": 0
"p903": 0
"p904": 0.00019004931873905096
"p905": 2.2580117077907045E-05
"p906": 0
"p907": 0
"p908": 0.0008091208619583356
"p909": 0.00019193099516220987
"p910": 2.2580117077907045E-05
"p911": 0
"p912": 0
"p913": 0
"p914": 0
"p915": 0
"p916": 0
"p917": 0
"p918": 0
"p919": 0
"p920": 0
"p921": 0
"p922": 0
"p923": 0
"p924": 5.645029269476761E-06
"p925": 0
"p926": 0
"p927": 0
"p928": 0.0022373132671359556
"p929": 0.0005381594570234512
"p930": 8.46754390421514E-05
"p931": 5.645029269476761E-06
"p932": 0.005714651297133641
"p933": 0.001488406050718706
"p934": 0.00019757602443168663
"p935": 7.5267056926356815E-06
"p936": 0.007310312903972405
"p937": 0.0023050536183696776
"p938": 0.00039703372528653215
"p939": 2.6343469924224887E-05
"p940": 0.02118203149549997
"p941": 0.0070148897055364555
"p942": 0.0013115284669417673
"p943": 0.0001298356731979655
"p944": 0.0001317173496211244
