"p882": 0.0008599261253836266
"p883": 0.00012607232035164766
"p884": 0.0001373623788906012
"p885": 2.6343469924224884E-05
"p886": 0
"p887": 0
"p888": 0.00629232595904343
"p889": 0.002182744650864347
"p890": 0.0004911175464444781
"p891": 6.774035123372113E-05
"p892": 0.00601383784841591
"p893": 0.0020077487435105675
"p894": 0.00035563684397703593
"p895": 2.8225146347383808E-05
"p896": 0.0018816764231589201
"p897": 0.0004779458114823658
"p898": 4.3278557732655166E-05
"p899": 1.8816764231589204E-06
"p900": 0.0001994577008548455
"p901": 1.6935087808430282E-05
"p902": 0
"p903": 0
"p904": 0.0010687922083542668
"p905": 0.0002728430813580434
"p906": 1.6935087808430282E-05
"p907": 0
"p908": 0.0027547742835046596
"p909": 0.0006999836294151183
"p910": 4.704191057897301E-05
"p911": 0
"p912": 0
"p913": 0
"p914": 0
"p915": 0
"p916": 0
"p917": 0
"p918": 0
"p919": 0
"p920": 0
"p921": 0
"p922": 0
"p923": 0
"p924": 0
"p925": 0
"p926": 0
"p927": 0
"p928": 0.0019814052735863427
"p929": 0.0006303616017582384
"p930": 0.00012042729108217092
"p931": 7.5267056926356815E-06
"p932": 1.8816764231589204E-06
"p933": 0
"p934": 0
"p935": 0
"p936": 0.0005325144277539745
"p937": 0.0001712325545074617
"p938": 1.5053411385271365E-05
"p939": 0
"p940": 0.0009747083871963207
"p941": 0.0003217666683601754
"p942": 4.704191057897301E-05
"p943": 5.645029269476761E-06
"p944": 0.0014902877271418648
