"p882": 0.00013924405531376012
"p883": 1.1290058538953523E-05
"p884": 0.006192597108616008
"p885": 0.0019926953321252965
"p886": 0.0002540263171264543
"p887": 1.3171734962112442E-05
"p888": 0.0004214955187875982
"p889": 0.00010537387969689952
"p890": 1.3171734962112442E-05
"p891": 0
"p892": 0.0009032046831162816
"p893": 0.0002690797285117256
"p894": 2.4461793501065963E-05
"p895": 0
"p896": 0.0003274116976296521
"p897": 0.00011478226181269412
"p898": 2.446179350106597E-05
"p899": 1.8816764231589204E-06
"p900": 0.001273894938478589
"p901": 0.0004233771952107571
"p902": 9.784717400426387E-05
"p903": 1.8816764231589204E-06
"p904": 5.833196911792654E-05
"p905": 2.0698440654748124E-05
"p906": 0
"p907": 0
"p908": 0.000378216961054943
"p909": 0.00011478226181269412
"p910": 5.645029269476761E-06
"p911": 0
"p912": 0.001763130808499908
"p913": 0.0005061709578297497
"p914": 5.45686162716087E-05
"p915": 5.645029269476761E-06
"p916": 0.0040982912496401284
"p917": 0.0012362614100154105
"p918": 0.00017875926020009743
"p919": 9.408382115794602E-06
"p920": 0.00046477407652025334
"p921": 0.0001298356731979655
"p922": 7.5267056926356815E-06
"p923": 0
"p924": 0.0026418736981151233
"p925": 0.0006529417188361454
"p926": 3.387017561686057E-05
"p927": 0
"p928": 3.575185204001949E-05
"p929": 7.5267056926356815E-06
"p930": 0
"p931": 0
"p932": 0.0003462284618612414
"p933": 0.00010537387969689955
"p934": 1.1290058538953523E-05
"p935": 0
"p936": 5.645029269476761E-06
"p937": 5.645029269476761E-06
"p938": 1.8816764231589204E-06
"p939": 0
"p940": 5.645029269476761E-05
"p941": 2.6343469924224887E-05
"p942": 7.5267056926356815E-06
"p943": 0
"p944": 0.00012419064392848875
