"p882": 0
"p883": 0
"p884": 0.0006943386001456414
"p885": 0.0001223089675053298
"p886": 0
"p887": 0
"p888": 0.005882120498794784
"p889": 0.0019343633630073704
"p890": 0.00042525887163391606
"p891": 5.645029269476761E-05
"p892": 0.011931710199250717
"p893": 0.0045084967098887735
"p894": 0.0010236319741984527
"p895": 0.00015429746669903146
"p896": 5.645029269476761E-06
"p897": 0
"p898": 0
"p899": 0
"p900": 0.0001674692016611439
"p901": 0
"p902": 0
"p903": 0
"p904": 2.258011707790705E-05
"p905": 0
"p906": 0
"p907": 0
"p908": 0.00020886608297064017
"p909": 4.1396881309496255E-05
"p910": 0
"p911": 0
"p912": 0
"p913": 0
"p914": 0
"p915": 0
"p916": 0
"p917": 0
"p918": 0
"p919": 0
"p920": 0
"p921": 0
"p922": 0
"p923": 0
"p924": 0
"p925": 0
"p926": 0
"p927": 0
"p928": 0.0007884224213035875
"p929": 0.00011854561465901196
"p930": 1.1290058538953523E-05
"p931": 0
"p932": 0.0016803370458809154
"p933": 0.00028225146347383805
"p934": 7.5267056926356815E-06
"p935": 0
"p936": 0.002002103714241091
"p937": 0.0006002547789876957
"p938": 6.209532196424438E-05
"p939": 5.645029269476761E-06
"p940": 0.0057748649426747276
"p941": 0.001776302543462021
"p942": 0.00019569434800852773
"p943": 9.408382115794602E-06
"p944": 1.1290058538953523E-05
