"p882": 0
"p883": 0
"p884": 0
"p885": 0
"p886": 0
"p887": 0
"p888": 7.526705692635681E-05
"p889": 0
"p890": 0
"p891": 0
"p892": 0
"p893": 0
"p894": 0
"p895": 0
"p896": 0.00013171734962112445
"p897": 1.8816764231589204E-06
"p898": 0
"p899": 0
"p900": 0
"p901": 0
"p902": 0
"p903": 0
"p904": 0.0027623009891972953
"p905": 0.0007206820700698664
"p906": 8.091208619583357E-05
"p907": 1.8816764231589204E-06
"p908": 0.00034811013828440026
"p909": 8.467543904215143E-05
"p910": 1.1290058538953523E-05
"p911": 0
"p912": 0.0009464832408489368
"p913": 0.0001373623788906012
"p914": 3.7633528463178407E-06
"p915": 0
"p916": 0
"p917": 0
"p918": 0
"p919": 0
"p920": 0.0024104274980665773
"p921": 0.0005475678391392458
"p922": 3.951520488633733E-05
"p923": 0
"p924": 0.0005870830440255832
"p925": 0.00015241579027587256
"p926": 1.1290058538953523E-05
"p927": 0
"p928": 0.0026719805208856675
"p929": 0.0005494495155624046
"p930": 2.6343469924224887E-05
"p931": 0
"p932": 7.33853805031979E-05
"p933": 0
"p934": 0
"p935": 0
"p936": 0.02806332217499214
"p937": 0.009891972956546445
"p938": 0.002207206444365414
"p939": 0.00029730487485910944
"p940": 0.010432014089993056
"p941": 0.0032797620055659985
"p942": 0.000613426513949808
"p943": 4.892358700213193E-05
"p944": 0.006990427912035391
