"p882": 0
"p883": 0
"p884": 6.774035123372114E-05
"p885": 1.1290058538953523E-05
"p886": 0
"p887": 0
"p888": 0.00035563684397703604
"p889": 6.962202765688005E-05
"p890": 3.7633528463178407E-06
"p891": 0
"p892": 0.00043090390090339274
"p893": 0.00013359902604428335
"p894": 1.5053411385271363E-05
"p895": 0
"p896": 0.00027284308135804345
"p897": 5.4568616271608685E-05
"p898": 5.645029269476761E-06
"p899": 0
"p900": 0.0010838456197395383
"p901": 0.00021074775939379902
"p902": 7.5267056926356815E-06
"p903": 0
"p904": 0.0024273625858750075
"p905": 0.0008317009790362427
"p906": 0.0001561791431221904
"p907": 3.010682277054273E-05
"p908": 0.008002769827694888
"p909": 0.002786762782698361
"p910": 0.000568266279793994
"p911": 7.526705692635681E-05
"p912": 0.0021300577110158975
"p913": 0.0005268693984844976
"p914": 8.46754390421514E-05
"p915": 5.645029269476761E-06
"p916": 0.004935637257945848
"p917": 0.0013359902604428333
"p918": 0.00019004931873905094
"p919": 7.5267056926356815E-06
"p920": 0.006356302957430834
"p921": 0.002037855566281111
"p922": 0.0003669269025159894
"p923": 2.6343469924224887E-05
"p924": 0.016475958761179507
"p925": 0.005733468061365231
"p926": 0.0011177157953563986
"p927": 0.00011290058538953522
"p928": 1.6935087808430282E-05
"p929": 0
"p930": 0
"p931": 0
"p932": 0.00016182417239166716
"p933": 3.3870175616860565E-05
"p934": 5.645029269476761E-06
"p935": 0
"p936": 0.0003725719317854662
"p937": 0.00010913723254321737
"p938": 2.4461793501065966E-05
"p939": 1.8816764231589204E-06
"p940": 0.002737839195696229
"p941": 0.0009257848001941888
"p942": 0.00010161052685058171
"p943": 1.8816764231589204E-06
"p944": 0.00013171734962112442
