"p882": 0.0002784881106275202
"p883": 7.5267056926356815E-06
"p884": 0.0004760641350592069
"p885": 0.00011666393823585305
"p886": 5.645029269476761E-06
"p887": 0
"p888": 0.022715597780374484
"p889": 0.008796837278267952
"p890": 0.0017800658963083387
"p891": 0.00014865243742955472
"p892": 0.011798111173206432
"p893": 0.0046797292643962355
"p894": 0.0009784717400426386
"p895": 4.516023415581409E-05
"p896": 0
"p897": 0
"p898": 0
"p899": 0
"p900": 0
"p901": 0
"p902": 0
"p903": 0
"p904": 8.27937626189925E-05
"p905": 3.7633528463178407E-06
"p906": 0
"p907": 0
"p908": 0
"p909": 0
"p910": 0
"p911": 0
"p912": 0.00013359902604428335
"p913": 0
"p914": 0
"p915": 0
"p916": 0
"p917": 0
"p918": 0
"p919": 0
"p920": 0.0003236483447833343
"p921": 4.1396881309496255E-05
"p922": 0
"p923": 0
"p924": 1.6935087808430282E-05
"p925": 0
"p926": 0
"p927": 0
"p928": 0.00019381267158536877
"p929": 1.8816764231589203E-05
"p930": 0
"p931": 0
"p932": 0
"p933": 0
"p934": 0
"p935": 0
"p936": 0.0015203945499124077
"p937": 0.0004798274879055247
"p938": 0.00010349220327374063
"p939": 1.8816764231589204E-06
"p940": 0.0002784881106275202
"p941": 9.220214473478709E-05
"p942": 2.2580117077907045E-05
"p943": 1.8816764231589204E-06
"p944": 0.001388677200291283
