"p882": 0.000852399419690991
"p883": 8.843879188846926E-05
"p884": 0.017565449410188526
"p885": 0.006751455006294207
"p886": 0.001343516966135469
"p887": 0.00011666393823585307
"p888": 0.0048208549961331545
"p889": 0.0014545358751018452
"p890": 0.00021639278866327584
"p891": 1.1290058538953523E-05
"p892": 0.003998562399212705
"p893": 0.001328463554750198
"p894": 0.00017499590735377957
"p895": 9.408382115794602E-06
"p896": 0.00534960607104081
"p897": 0.0017123255450746176
"p898": 0.00022768284720222934
"p899": 7.5267056926356815E-06
"p900": 0.00815894897081708
"p901": 0.003383254208839738
"p902": 0.0007470255399940916
"p903": 2.8225146347383808E-05
"p904": 0.0023840840281423525
"p905": 0.0008034758326888591
"p906": 3.763352846317841E-05
"p907": 1.8816764231589204E-06
"p908": 0.008337708231017175
"p909": 0.0024856945549929337
"p910": 0.00013924405531376012
"p911": 1.8816764231589204E-06
"p912": 1.6935087808430286E-05
"p913": 0
"p914": 0
"p915": 0
"p916": 0.00016746920166114393
"p917": 1.8816764231589203E-05
"p918": 0
"p919": 0
"p920": 0
"p921": 0
"p922": 0
"p923": 0
"p924": 3.198849919370165E-05
"p925": 9.408382115794602E-06
"p926": 0
"p927": 0
"p928": 0.00250827467207084
"p929": 0.0008881512717310105
"p930": 0.00013924405531376012
"p931": 7.5267056926356815E-06
"p932": 0.00641463492654876
"p933": 0.0026381103452688065
"p934": 0.0005249877220613389
"p935": 1.3171734962112444E-05
"p936": 0.0009370748587331423
"p937": 0.00041773216594128044
"p938": 9.408382115794602E-06
"p939": 0
"p940": 0.0027905261355446794
"p941": 0.0009972885042742279
"p942": 3.0106822770542726E-05
"p943": 0
"p944": 0.0021601645337864404
