"p882": 0
"p883": 0
"p884": 0
"p885": 0
"p886": 0
"p887": 0
"p888": 0.0009032046831162818
"p889": 0.0001938126715853688
"p890": 1.1290058538953523E-05
"p891": 0
"p892": 0
"p893": 0
"p894": 0
"p895": 0
"p896": 0.0026418736981151246
"p897": 0.0005833196911792654
"p898": 6.774035123372114E-05
"p899": 3.7633528463178407E-06
"p900": 0
"p901": 0
"p902": 0
"p903": 0
"p904": 0.005387239599503987
"p905": 0.0016803370458809159
"p906": 0.0002973048748591094
"p907": 4.139688130949625E-05
"p908": 0.0011139524425100807
"p909": 0.0003706902553623072
"p910": 5.833196911792654E-05
"p911": 1.1290058538953523E-05
"p912": 0
"p913": 0
"p914": 0
"p915": 0
"p916": 0
"p917": 0
"p918": 0
"p919": 0
"p920": 0.00048359084075184255
"p921": 9.22021447347871E-05
"p922": 5.645029269476761E-06
"p923": 0
"p924": 3.3870175616860565E-05
"p925": 0
"p926": 0
"p927": 0
"p928": 0.011931710199250713
"p929": 0.0036824407601220065
"p930": 0.0007169187172235485
"p931": 8.279376261899248E-05
"p932": 0.0014940510799881829
"p933": 0.0003142399626675397
"p934": 2.2580117077907045E-05
"p935": 0
"p936": 0.0918051110095006
"p937": 0.038250718329974565
"p938": 0.009605958140226295
"p939": 0.001277658291324908
"p940": 0.0459336031657324
"p941": 0.016118440240779314
"p942": 0.0032778803291428392
"p943": 0.0002747247577812023
"p944": 0.002274946795599135
