"p882": 9.596549758110495E-05
"p883": 7.5267056926356815E-06
"p884": 0
"p885": 0
"p886": 0
"p887": 0
"p888": 0.014910403977111292
"p889": 0.005278102366960772
"p890": 0.0008862695953078518
"p891": 5.45686162716087E-05
"p892": 0.0029278885144352804
"p893": 0.0010179869449289758
"p894": 9.784717400426387E-05
"p895": 5.645029269476761E-06
"p896": 0.0007413805107246147
"p897": 0.00016558752523798497
"p898": 7.5267056926356815E-06
"p899": 0
"p900": 0
"p901": 0
"p902": 0
"p903": 0
"p904": 0.005406056363735578
"p905": 0.0020228021548958394
"p906": 0.000380098637478102
"p907": 1.1290058538953523E-05
"p908": 0.0024631144379150265
"p909": 0.0008467543904215141
"p910": 9.032046831162818E-05
"p911": 1.8816764231589204E-06
"p912": 0.002952350307936346
"p913": 0.0008636894782299446
"p914": 8.467543904215141E-05
"p915": 0
"p916": 0.00046853742936657115
"p917": 3.387017561686057E-05
"p918": 0
"p919": 0
"p920": 0.014372244520087838
"p921": 0.005234823809228118
"p922": 0.0010819639433163795
"p923": 4.139688130949624E-05
"p924": 0.010215621301329778
"p925": 0.0032985787697975876
"p926": 0.00040832378382548573
"p927": 1.5053411385271365E-05
"p928": 0.00013736237889060116
"p929": 4.516023415581409E-05
"p930": 1.1290058538953523E-05
"p931": 0
"p932": 0
"p933": 0
"p934": 0
"p935": 0
"p936": 0.0019080198930831451
"p937": 0.0007244454229161844
"p938": 9.784717400426387E-05
"p939": 0
"p940": 0.0003462284618612414
"p941": 0.00010537387969689955
"p942": 1.1290058538953521E-05
"p943": 0
"p944": 0.0007357354814551379
