"p882": 0
"p883": 0
"p884": 0
"p885": 0
"p886": 0
"p887": 0
"p888": 1.8816764231589203E-05
"p889": 3.7633528463178407E-06
"p890": 0
"p891": 0
"p892": 2.6343469924224887E-05
"p893": 3.7633528463178407E-06
"p894": 0
"p895": 0
"p896": 5.645029269476761E-06
"p897": 0
"p898": 0
"p899": 0
"p900": 0.00043466725374971066
"p901": 3.7633528463178407E-05
"p902": 0
"p903": 0
"p904": 9.22021447347871E-05
"p905": 1.3171734962112444E-05
"p906": 0
"p907": 0
"p908": 0.000780895715610952
"p909": 0.00016182417239166716
"p910": 0
"p911": 0
"p912": 0
"p913": 0
"p914": 0
"p915": 0
"p916": 0
"p917": 0
"p918": 0
"p919": 0
"p920": 0
"p921": 0
"p922": 0
"p923": 0
"p924": 3.951520488633733E-05
"p925": 0
"p926": 0
"p927": 0
"p928": 0.0017104438686514583
"p929": 0.00041020546024864466
"p930": 6.021364554108545E-05
"p931": 5.645029269476761E-06
"p932": 0.00465338579447201
"p933": 0.0010763189140469026
"p934": 0.00015241579027587253
"p935": 7.5267056926356815E-06
"p936": 0.005238587162074433
"p937": 0.0017405506914220008
"p938": 0.0002615530228190899
"p939": 1.6935087808430282E-05
"p940": 0.018017051751746668
"p941": 0.005915990674411646
"p942": 0.0010273953270447706
"p943": 8.091208619583358E-05
"p944": 0.0001223089675053298
