"p882": 0.00012607232035164763
"p883": 5.645029269476761E-06
"p884": 0.004092646220370652
"p885": 0.0014789976686029112
"p886": 0.0002841331398969969
"p887": 7.5267056926356815E-06
"p888": 0.011752950939050617
"p889": 0.004576237061122494
"p890": 0.0009069680359625996
"p891": 4.892358700213193E-05
"p892": 0.020491456248200642
"p893": 0.008283139614745567
"p894": 0.0017537224263841137
"p895": 0.00013924405531376012
"p896": 0
"p897": 0
"p898": 0
"p899": 0
"p900": 0
"p901": 0
"p902": 0
"p903": 0
"p904": 1.8816764231589204E-06
"p905": 0
"p906": 0
"p907": 0
"p908": 8.27937626189925E-05
"p909": 3.7633528463178407E-06
"p910": 0
"p911": 0
"p912": 5.645029269476761E-06
"p913": 0
"p914": 0
"p915": 0
"p916": 0.00023709122931802403
"p917": 0
"p918": 0
"p919": 0
"p920": 2.258011707790705E-05
"p921": 0
"p922": 0
"p923": 0
"p924": 0.00020886608297064017
"p925": 4.1396881309496255E-05
"p926": 0
"p927": 0
"p928": 1.5053411385271363E-05
"p929": 1.8816764231589204E-06
"p930": 0
"p931": 0
"p932": 0.00019381267158536877
"p933": 1.8816764231589203E-05
"p934": 0
"p935": 0
"p936": 0.0003669269025159894
"p937": 0.00011854561465901197
"p938": 2.446179350106597E-05
"p939": 1.8816764231589204E-06
"p940": 0.00153356628487452
"p941": 0.00048359084075184255
"p942": 0.00010349220327374063
"p943": 1.8816764231589204E-06
"p944": 0.0007884224213035875
