"p882": 5.645029269476761E-06
"p883": 0
"p884": 0.00047982748790552463
"p885": 8.655711546531033E-05
"p886": 5.645029269476761E-06
"p887": 0
"p888": 0.00021262943581695792
"p889": 2.0698440654748124E-05
"p890": 0
"p891": 0
"p892": 5.456861627160869E-05
"p893": 3.7633528463178407E-06
"p894": 0
"p895": 0
"p896": 0.009893854632969604
"p897": 0.003624108791004081
"p898": 0.0007131553643772308
"p899": 5.2686939848449775E-05
"p900": 0.01634988644082786
"p901": 0.007140962025888104
"p902": 0.0018835580995820791
"p903": 0.0002295645236253883
"p904": 0.004261997098454954
"p905": 0.001351043671828105
"p906": 0.00012983567319796552
"p907": 1.8816764231589204E-06
"p908": 0.01828989483310471
"p909": 0.0061700169915381
"p910": 0.0008787428896152159
"p911": 5.8331969117926534E-05
"p912": 2.0698440654748124E-05
"p913": 0
"p914": 0
"p915": 0
"p916": 0.0003405834325917646
"p917": 4.327855773265517E-05
"p918": 0
"p919": 0
"p920": 0
"p921": 0
"p922": 0
"p923": 0
"p924": 3.198849919370165E-05
"p925": 9.408382115794602E-06
"p926": 0
"p927": 0
"p928": 0.006883172355915331
"p929": 0.002623056933883535
"p930": 0.0004986442521371139
"p931": 3.951520488633733E-05
"p932": 0.01736599170933368
"p933": 0.00751165228125041
"p934": 0.0017612491320767496
"p935": 0.00015241579027587256
"p936": 0.002216614826481208
"p937": 0.0008072391855351768
"p938": 7.526705692635683E-05
"p939": 0
"p940": 0.00735547313812822
"p941": 0.0024047824687971004
"p942": 0.00028036978705067917
"p943": 7.5267056926356815E-06
"p944": 0.00635818463385399
