"p882": 0
"p883": 0
"p884": 2.6343469924224887E-05
"p885": 3.7633528463178407E-06
"p886": 0
"p887": 0
"p888": 3.7633528463178407E-06
"p889": 0
"p890": 0
"p891": 0
"p892": 0
"p893": 0
"p894": 0
"p895": 0
"p896": 8.655711546531035E-05
"p897": 1.3171734962112444E-05
"p898": 0
"p899": 0
"p900": 0.0010198686213521348
"p901": 0.0001956943480085277
"p902": 0
"p903": 0
"p904": 1.1290058538953523E-05
"p905": 0
"p906": 0
"p907": 0
"p908": 0.00019569434800852773
"p909": 6.209532196424438E-05
"p910": 7.5267056926356815E-06
"p911": 0
"p912": 0
"p913": 0
"p914": 0
"p915": 0
"p916": 3.951520488633733E-05
"p917": 0
"p918": 0
"p919": 0
"p920": 0
"p921": 0
"p922": 0
"p923": 0
"p924": 0
"p925": 0
"p926": 0
"p927": 0
"p928": 0.004786984820516293
"p929": 0.0015749631661840162
"p930": 0.0002333278764717061
"p931": 1.6935087808430282E-05
"p932": 0.013945103972030765
"p933": 0.0043240924204191985
"p934": 0.0007451438635709323
"p935": 6.021364554108545E-05
"p936": 0.0011346508831648289
"p937": 0.00031800331551385747
"p938": 3.7633528463178407E-05
"p939": 0
"p940": 0.008919146245773283
"p941": 0.0026230569338835347
"p942": 0.0003688085789391484
"p943": 2.2580117077907045E-05
"p944": 0.0015392113141439966
