"p882": 8.091208619583358E-05
"p883": 1.1290058538953523E-05
"p884": 3.0106822770542726E-05
"p885": 0
"p886": 0
"p887": 0
"p888": 0.01578350183745703
"p889": 0.0057184146499799585
"p890": 0.0013115284669417673
"p891": 0.0001938126715853688
"p892": 0.005010904314872206
"p893": 0.001693508780843028
"p894": 0.0002916598455896327
"p895": 2.2580117077907045E-05
"p896": 0.001112070766086922
"p897": 0.0002220378179327526
"p898": 7.5267056926356815E-06
"p899": 0
"p900": 0.00016370584881482606
"p901": 5.645029269476761E-06
"p902": 0
"p903": 0
"p904": 0.002937296896551074
"p905": 0.0007507888928404092
"p906": 6.0213645541085445E-05
"p907": 1.8816764231589204E-06
"p908": 0.002096187535399037
"p909": 0.0006435333367203509
"p910": 3.9515204886337324E-05
"p911": 0
"p912": 0
"p913": 0
"p914": 0
"p915": 0
"p916": 0
"p917": 0
"p918": 0
"p919": 0
"p920": 0
"p921": 0
"p922": 0
"p923": 0
"p924": 0
"p925": 0
"p926": 0
"p927": 0
"p928": 0.00034058343259176454
"p929": 5.456861627160869E-05
"p930": 0
"p931": 0
"p932": 0
"p933": 0
"p934": 0
"p935": 0
"p936": 0.0024913395842624106
"p937": 0.0007620789513793629
"p938": 0.00013359902604428335
"p939": 7.5267056926356815E-06
"p940": 0.0006491783659898275
"p941": 0.00026155302281908997
"p942": 3.951520488633733E-05
"p943": 5.645029269476761E-06
"p944": 0.0003029499041285862
