"p882": 0
"p883": 0
"p884": 0
"p885": 0
"p886": 0
"p887": 0
"p888": 3.3870175616860565E-05
"p889": 0
"p890": 0
"p891": 0
"p892": 4.139688130949625E-05
"p893": 0
"p894": 0
"p895": 0
"p896": 0
"p897": 0
"p898": 0
"p899": 0
"p900": 0.00019945770085484567
"p901": 1.8816764231589204E-06
"p902": 0
"p903": 0
"p904": 0.0004779458114823658
"p905": 0.00012230896750532982
"p906": 1.3171734962112442E-05
"p907": 0
"p908": 0.0025948317875361514
"p909": 0.0006943386001456416
"p910": 7.903040977267465E-05
"p911": 1.8816764231589204E-06
"p912": 0.00016935087808430283
"p913": 5.080526342529086E-05
"p914": 0
"p915": 0
"p916": 0.001256959850670159
"p917": 0.00015429746669903143
"p918": 3.7633528463178407E-06
"p919": 0
"p920": 0.0005757929854866297
"p921": 0.0001279539967748066
"p922": 1.3171734962112442E-05
"p923": 0
"p924": 0.0019418900687000057
"p925": 0.0005042892814065907
"p926": 3.7633528463178407E-05
"p927": 0
"p928": 0.000944601564425778
"p929": 0.0002032210537011634
"p930": 2.446179350106597E-05
"p931": 0
"p932": 0.0027453659013888655
"p933": 0.0005494495155624046
"p934": 2.6343469924224887E-05
"p935": 0
"p936": 0.010486582706264664
"p937": 0.0037294826707009805
"p938": 0.0007997124798425413
"p939": 8.843879188846925E-05
"p940": 0.027837521004213068
"p941": 0.009752728901232683
"p942": 0.002081134124013766
"p943": 0.00026531637566540783
"p944": 0.003765234522741
