"p882": 0
"p883": 0
"p884": 0
"p885": 0
"p886": 0
"p887": 0
"p888": 1.8816764231589203E-05
"p889": 3.7633528463178407E-06
"p890": 0
"p891": 0
"p892": 0
"p893": 0
"p894": 0
"p895": 0
"p896": 0.0005325144277539746
"p897": 0.00010161052685058171
"p898": 0
"p899": 0
"p900": 0.00024838128785697745
"p901": 3.3870175616860565E-05
"p902": 0
"p903": 0
"p904": 0.0002878964927433148
"p905": 6.585867481056221E-05
"p906": 0
"p907": 0
"p908": 0.00024461793501065964
"p909": 6.962202765688006E-05
"p910": 7.5267056926356815E-06
"p911": 0
"p912": 3.951520488633733E-05
"p913": 0
"p914": 0
"p915": 0
"p916": 0
"p917": 0
"p918": 0
"p919": 0
"p920": 0
"p921": 0
"p922": 0
"p923": 0
"p924": 0
"p925": 0
"p926": 0
"p927": 0
"p928": 0.01074060902339112
"p929": 0.003368200797454467
"p930": 0.0005682662797939939
"p931": 4.327855773265517E-05
"p932": 0.0005757929854866297
"p933": 6.021364554108546E-05
"p934": 5.645029269476761E-06
"p935": 0
"p936": 0.004869778583135287
"p937": 0.001458299227948163
"p938": 0.0002239194943559115
"p939": 1.6935087808430282E-05
"p940": 0.011897840023633857
"p941": 0.003716310935738868
"p942": 0.0005833196911792653
"p943": 3.951520488633733E-05
"p944": 0.004327855773265516
