"p882": 0
"p883": 0
"p884": 0
"p885": 0
"p886": 0
"p887": 0
"p888": 0.0005005259285602729
"p889": 9.596549758110495E-05
"p890": 0
"p891": 0
"p892": 1.8816764231589204E-06
"p893": 0
"p894": 0
"p895": 0
"p896": 0.004017379163444294
"p897": 0.0010838456197395383
"p898": 0.00015241579027587256
"p899": 2.2580117077907045E-05
"p900": 0.00012419064392848875
"p901": 0
"p902": 0
"p903": 0
"p904": 0.037817932752648
"p905": 0.01613537532858775
"p906": 0.003985390664250595
"p907": 0.000498644252137114
"p908": 0.016635901257148016
"p909": 0.005776746619097885
"p910": 0.0011647577059353718
"p911": 0.00012042729108217089
"p912": 0.009641709992266307
"p913": 0.00315368968521435
"p914": 0.0006472966895666685
"p915": 8.279376261899248E-05
"p916": 0.001445127492986051
"p917": 0.0003142399626675397
"p918": 2.2580117077907045E-05
"p919": 0
"p920": 0.05316864901277849
"p921": 0.023487085113869658
"p922": 0.006237757342771826
"p923": 0.0009088497123857592
"p924": 0.03325674910291076
"p925": 0.01214622131149083
"p926": 0.0025873050818435157
"p927": 0.00021074775939379904
"p928": 0.0008241742733436071
"p929": 0.00028036978705067917
"p930": 6.774035123372114E-05
"p931": 1.1290058538953523E-05
"p932": 0
"p933": 0
"p934": 0
"p935": 0
"p936": 0.022346789201435346
"p937": 0.00851270413837096
"p938": 0.0015824898718766528
"p939": 5.268693984844978E-05
"p940": 0.0057748649426747276
"p941": 0.0017763025434620213
"p942": 0.0001956943480085277
"p943": 9.408382115794602E-06
"p944": 0.0031217011860206496
