"p882": 0.0009596549758110493
"p883": 8.843879188846925E-05
"p884": 0.00040644210740232675
"p885": 6.585867481056221E-05
"p886": 5.645029269476761E-06
"p887": 0
"p888": 0.011434947623536758
"p889": 0.004412531212307668
"p890": 0.0008919146245773283
"p891": 6.39769983874033E-05
"p892": 0.013596993833746364
"p893": 0.005108751488876469
"p894": 0.0009634183286573672
"p895": 3.7633528463178407E-05
"p896": 6.585867481056221E-05
"p897": 1.8816764231589204E-06
"p898": 0
"p899": 0
"p900": 0
"p901": 0
"p902": 0
"p903": 0
"p904": 1.6935087808430282E-05
"p905": 1.8816764231589204E-06
"p906": 0
"p907": 0
"p908": 4.516023415581409E-05
"p909": 2.2580117077907045E-05
"p910": 0
"p911": 0
"p912": 0.00013171734962112442
"p913": 2.2580117077907045E-05
"p914": 0
"p915": 0
"p916": 8.467543904215141E-05
"p917": 0
"p918": 0
"p919": 0
"p920": 9.408382115794602E-05
"p921": 1.8816764231589203E-05
"p922": 0
"p923": 0
"p924": 8.27937626189925E-05
"p925": 2.4461793501065973E-05
"p926": 0
"p927": 0
"p928": 0.0011704027352048485
"p929": 0.0003688085789391484
"p930": 8.655711546531033E-05
"p931": 1.8816764231589204E-06
"p932": 5.645029269476761E-06
"p933": 0
"p934": 0
"p935": 0
"p936": 0.0003725719317854662
"p937": 0.0001279539967748066
"p938": 1.6935087808430286E-05
"p939": 0
"p940": 0.0005983731025645368
"p941": 0.00019381267158536877
"p942": 2.8225146347383808E-05
"p943": 1.8816764231589204E-06
"p944": 0.0036297538202735573
