"p882": 3.7633528463178407E-06
"p883": 0
"p884": 0.00043090390090339274
"p885": 0.00013359902604428335
"p886": 1.5053411385271363E-05
"p887": 0
"p888": 4.5160234155814084E-05
"p889": 1.5053411385271363E-05
"p890": 3.7633528463178407E-06
"p891": 0
"p892": 8.843879188846925E-05
"p893": 2.2580117077907045E-05
"p894": 3.7633528463178407E-06
"p895": 0
"p896": 0.0021827446508643476
"p897": 0.0007639606278025215
"p898": 0.0001467707610063958
"p899": 2.8225146347383808E-05
"p900": 0.007043114851883839
"p901": 0.0025628432883424497
"p902": 0.0005532128684087226
"p903": 7.526705692635681E-05
"p904": 0.000423377195210757
"p905": 0.00011290058538953522
"p906": 2.634346992422489E-05
"p907": 1.8816764231589204E-06
"p908": 0.0029429419258205506
"p909": 0.000733853805031979
"p910": 7.33853805031979E-05
"p911": 5.645029269476761E-06
"p912": 0.00554341874262618
"p913": 0.0018459245711189007
"p914": 0.0003387017561686056
"p915": 2.6343469924224887E-05
"p916": 0.012394602599347809
"p917": 0.004222481893568617
"p918": 0.0008241742733436071
"p919": 9.220214473478709E-05
"p920": 0.001958825156508436
"p921": 0.0004911175464444782
"p922": 7.150370408003896E-05
"p923": 0
"p924": 0.008926672951465917
"p925": 0.0026343469924224885
"p926": 0.0004007970781328501
"p927": 2.2580117077907045E-05
"p928": 0.0003424651090149234
"p929": 9.784717400426384E-05
"p930": 2.4461793501065966E-05
"p931": 1.8816764231589204E-06
"p932": 0.002696442314386732
"p933": 0.0009032046831162819
"p934": 0.00010161052685058171
"p935": 1.8816764231589204E-06
"p936": 6.39769983874033E-05
"p937": 3.198849919370165E-05
"p938": 9.408382115794602E-06
"p939": 1.8816764231589204E-06
"p940": 0.000355636843977036
"p941": 0.00013548070246744229
"p942": 3.0106822770542726E-05
"p943": 1.8816764231589204E-06
"p944": 0.0005588578976781993
