"p882": 5.833196911792653E-05
"p883": 1.1290058538953523E-05
"p884": 0
"p885": 0
"p886": 0
"p887": 0
"p888": 0.0014865243742955472
"p889": 0.0003387017561686057
"p890": 4.704191057897301E-05
"p891": 1.1290058538953523E-05
"p892": 0.0007658423042256805
"p893": 0.0001862859658927331
"p894": 1.1290058538953523E-05
"p895": 0
"p896": 0.00039327037244021434
"p897": 6.209532196424438E-05
"p898": 1.8816764231589204E-06
"p899": 0
"p900": 0
"p901": 0
"p902": 0
"p903": 0
"p904": 0.00017123255450746176
"p905": 2.8225146347383805E-05
"p906": 0
"p907": 0
"p908": 0.0002483812878569775
"p909": 7.150370408003898E-05
"p910": 1.1290058538953523E-05
"p911": 0
"p912": 0.0005475678391392458
"p913": 0.00011478226181269415
"p914": 1.1290058538953523E-05
"p915": 0
"p916": 0.0002145111122401169
"p917": 3.3870175616860565E-05
"p918": 0
"p919": 0
"p920": 0.0003368200797454468
"p921": 7.714873334951573E-05
"p922": 1.1290058538953523E-05
"p923": 0
"p924": 0.0005400411334466101
"p925": 0.00010913723254321738
"p926": 0
"p927": 0
"p928": 0.0067326382420626165
"p929": 0.002340805470409697
"p930": 0.0004892358700213192
"p931": 6.585867481056221E-05
"p932": 4.139688130949625E-05
"p933": 5.645029269476761E-06
"p934": 0
"p935": 0
"p936": 0.002519564730609794
"p937": 0.0007658423042256806
"p938": 0.00013924405531376012
"p939": 1.3171734962112444E-05
"p940": 0.004743706262783639
"p941": 0.0012381430864385696
"p942": 0.00016370584881482606
"p943": 3.0106822770542726E-05
"p944": 0.01051104449976573
