"p882": 0.0007338538050319789
"p883": 8.27937626189925E-05
"p884": 0.015599097547987453
"p885": 0.006119211728112809
"p886": 0.00127201326205543
"p887": 0.00011854561465901197
"p888": 0.004431347976539258
"p889": 0.0013040017612491316
"p890": 0.0001862859658927331
"p891": 9.408382115794602E-06
"p892": 0.002767946018466772
"p893": 0.000850517743267832
"p894": 9.596549758110492E-05
"p895": 5.645029269476761E-06
"p896": 0.00024461793501065964
"p897": 3.575185204001948E-05
"p898": 0
"p899": 0
"p900": 0.0010913723254321738
"p901": 0.0002709614049348845
"p902": 3.0106822770542726E-05
"p903": 0
"p904": 1.5053411385271363E-05
"p905": 0
"p906": 0
"p907": 0
"p908": 0.0007526705692635681
"p909": 0.00024085458216434183
"p910": 4.139688130949625E-05
"p911": 0
"p912": 0
"p913": 0
"p914": 0
"p915": 0
"p916": 6.021364554108545E-05
"p917": 1.6935087808430286E-05
"p918": 0
"p919": 0
"p920": 0
"p921": 0
"p922": 0
"p923": 0
"p924": 0
"p925": 0
"p926": 0
"p927": 0
"p928": 0.007776968656915819
"p929": 0.0025816600525740384
"p930": 0.00036692690251598946
"p931": 1.5053411385271363E-05
"p932": 0.014089993056614
"p933": 0.005750403149173662
"p934": 0.0012268530278996166
"p935": 4.139688130949625E-05
"p936": 0.003294815416951269
"p937": 0.001206154587244868
"p938": 4.327855773265517E-05
"p939": 1.8816764231589204E-06
"p940": 0.011083074132406045
"p941": 0.0034566395893429387
"p942": 0.00015994249596850828
"p943": 1.8816764231589204E-06
"p944": 0.0017311423093062065
