"p882": 0.0006642317773750989
"p883": 4.327855773265517E-05
"p884": 6.39769983874033E-05
"p885": 2.2580117077907042E-05
"p886": 0
"p887": 0
"p888": 0.00557540724181988
"p889": 0.0017913559548472923
"p890": 0.0002464996114338186
"p891": 1.3171734962112444E-05
"p892": 0.004105817955332764
"p893": 0.0014601809043713221
"p894": 0.00017687758377693853
"p895": 9.408382115794602E-06
"p896": 0.004055012691907473
"p897": 0.001676573693034598
"p898": 0.0003387017561686057
"p899": 1.1290058538953523E-05
"p900": 2.8225146347383805E-05
"p901": 0
"p902": 0
"p903": 0
"p904": 0.0014620625807944812
"p905": 0.0004760641350592068
"p906": 4.7041910578973E-05
"p907": 0
"p908": 0.003456639589342937
"p909": 0.001138414236011147
"p910": 0.0001373623788906012
"p911": 1.8816764231589204E-06
"p912": 0.009566442935339953
"p913": 0.004006089104905342
"p914": 0.0009257848001941889
"p915": 3.9515204886337324E-05
"p916": 0.0005155793399455442
"p917": 6.209532196424438E-05
"p918": 0
"p919": 0
"p920": 0.005650674298746238
"p921": 0.0018685046881968081
"p922": 0.00015053411385271365
"p923": 1.8816764231589204E-06
"p924": 0.01293652540921758
"p925": 0.00435984427245922
"p926": 0.00041961384236443927
"p927": 1.5053411385271365E-05
"p928": 0.001676573693034598
"p929": 0.0006679951302214168
"p930": 9.596549758110493E-05
"p931": 0
"p932": 0
"p933": 0
"p934": 0
"p935": 0
"p936": 0.0002559079935496132
"p937": 7.150370408003898E-05
"p938": 5.645029269476761E-06
"p939": 0
"p940": 0.00047418245863604794
"p941": 0.00014112573173691902
"p942": 2.069844065474812E-05
"p943": 0
"p944": 0.002534618141995065
