"p882": 0.0007413805107246145
"p883": 4.892358700213193E-05
"p884": 0.015599097547987453
"p885": 0.006119211728112808
"p886": 0.0012720132620554303
"p887": 0.00011854561465901197
"p888": 0.004293985597648656
"p889": 0.0015768448426071752
"p890": 0.0002897781691664738
"p891": 9.408382115794602E-06
"p892": 0.008437437081444598
"p893": 0.0031047660982122184
"p894": 0.0005400411334466102
"p895": 1.3171734962112444E-05
"p896": 1.8816764231589204E-06
"p897": 0
"p898": 0
"p899": 0
"p900": 8.27937626189925E-05
"p901": 3.7633528463178407E-06
"p902": 0
"p903": 0
"p904": 0
"p905": 0
"p906": 0
"p907": 0
"p908": 4.516023415581409E-05
"p909": 2.2580117077907045E-05
"p910": 0
"p911": 0
"p912": 2.0698440654748128E-05
"p913": 0
"p914": 0
"p915": 0
"p916": 0.00028977816916647367
"p917": 4.1396881309496255E-05
"p918": 0
"p919": 0
"p920": 7.5267056926356815E-06
"p921": 0
"p922": 0
"p923": 0
"p924": 7.526705692635683E-05
"p925": 2.4461793501065973E-05
"p926": 0
"p927": 0
"p928": 0.0003443467854380824
"p929": 0.00011666393823585304
"p930": 2.446179350106597E-05
"p931": 1.8816764231589204E-06
"p932": 0.0014677076100639576
"p933": 0.00047041910578973014
"p934": 0.00010349220327374063
"p935": 1.8816764231589204E-06
"p936": 5.833196911792654E-05
"p937": 2.0698440654748124E-05
"p938": 0
"p939": 0
"p940": 0.00039327037244021434
"p941": 0.00011478226181269412
"p942": 5.645029269476761E-06
"p943": 0
"p944": 0.0018026460133862452
