"p882": 0
"p883": 0
"p884": 2.2580117077907045E-05
"p885": 3.7633528463178407E-06
"p886": 0
"p887": 0
"p888": 0.0005325144277539746
"p889": 9.4083821157946E-05
"p890": 5.645029269476761E-06
"p891": 0
"p892": 0.000519342692791862
"p893": 0.0001279539967748066
"p894": 5.645029269476761E-06
"p895": 0
"p896": 0.007839063978880062
"p897": 0.002978693777860571
"p898": 0.0005870830440255832
"p899": 3.575185204001949E-05
"p900": 0.009186344297861849
"p901": 0.002809342899776268
"p902": 0.0005080526342529085
"p903": 6.021364554108545E-05
"p904": 0.025914447699744655
"p905": 0.01069168543638899
"p906": 0.0025967134639593107
"p907": 0.0002766064342043613
"p908": 0.042793085215480184
"p909": 0.018222154481870992
"p910": 0.004694782675781506
"p911": 0.0006623501009519401
"p912": 0
"p913": 0
"p914": 0
"p915": 0
"p916": 0.00039515204886337327
"p917": 5.080526342529086E-05
"p918": 0
"p919": 0
"p920": 4.8923587002131926E-05
"p921": 5.645029269476761E-06
"p922": 0
"p923": 0
"p924": 0.00036880857893914834
"p925": 6.585867481056221E-05
"p926": 5.645029269476761E-06
"p927": 0
"p928": 0.002647518727384601
"p929": 0.0008392276847288785
"p930": 0.00010349220327374062
"p931": 0
"p932": 0.0042093101586065055
"p933": 0.0012889483498638608
"p934": 0.0002766064342043613
"p935": 3.3870175616860565E-05
"p936": 0.023383592910595913
"p937": 0.008794955601844796
"p938": 0.001781947572731498
"p939": 0.00016935087808430286
"p940": 0.046501869445526416
"p941": 0.018685046881968086
"p942": 0.0042826955391097035
"p943": 0.000449720665134982
"p944": 0.002310698647639154
