"p882": 0
"p883": 0
"p884": 0.0006943386001456416
"p885": 0.00012230896750532982
"p886": 0
"p887": 0
"p888": 0.00011290058538953522
"p889": 9.408382115794602E-06
"p890": 0
"p891": 0
"p892": 5.456861627160869E-05
"p893": 5.645029269476761E-06
"p894": 0
"p895": 0
"p896": 0.00017123255450746176
"p897": 1.8816764231589203E-05
"p898": 0
"p899": 0
"p900": 0.0010085785628131813
"p901": 0.00022391949435591154
"p902": 2.2580117077907045E-05
"p903": 0
"p904": 5.2686939848449775E-05
"p905": 3.7633528463178407E-06
"p906": 0
"p907": 0
"p908": 0.0004064421074023268
"p909": 8.843879188846925E-05
"p910": 0
"p911": 0
"p912": 0
"p913": 0
"p914": 0
"p915": 0
"p916": 5.645029269476761E-06
"p917": 0
"p918": 0
"p919": 0
"p920": 0
"p921": 0
"p922": 0
"p923": 0
"p924": 0
"p925": 0
"p926": 0
"p927": 0
"p928": 0.0064390967200498245
"p929": 0.0021074775939379908
"p930": 0.0003688085789391484
"p931": 2.6343469924224887E-05
"p932": 0.016801488782386
"p933": 0.005447453245045074
"p934": 0.0010179869449289758
"p935": 0.00010913723254321737
"p936": 0.0020604356833590176
"p937": 0.0004967625757139549
"p938": 7.150370408003896E-05
"p939": 0
"p940": 0.01012906418586447
"p941": 0.0028714382217405127
"p942": 0.00041396881309496247
"p943": 2.2580117077907045E-05
"p944": 0.0018101727190788814
