"p882": 0.0007620789513793627
"p883": 0.00012042729108217092
"p884": 2.6343469924224887E-05
"p885": 3.7633528463178407E-06
"p886": 0
"p887": 0
"p888": 0.005432399833659804
"p889": 0.0019268366573147345
"p890": 0.00043654893017286954
"p891": 6.209532196424438E-05
"p892": 0.0050824080189522435
"p893": 0.0015505013726829502
"p894": 0.0002954231984359505
"p895": 2.8225146347383808E-05
"p896": 0.00013171734962112442
"p897": 2.2580117077907045E-05
"p898": 0
"p899": 0
"p900": 8.467543904215141E-05
"p901": 0
"p902": 0
"p903": 0
"p904": 9.408382115794602E-05
"p905": 1.8816764231589203E-05
"p906": 0
"p907": 0
"p908": 8.27937626189925E-05
"p909": 2.4461793501065973E-05
"p910": 0
"p911": 0
"p912": 0
"p913": 0
"p914": 0
"p915": 0
"p916": 0
"p917": 0
"p918": 0
"p919": 0
"p920": 0
"p921": 0
"p922": 0
"p923": 0
"p924": 0
"p925": 0
"p926": 0
"p927": 0
"p928": 0.0037802879341262714
"p929": 0.001061265502661631
"p930": 0.00015806081954534932
"p931": 9.408382115794602E-06
"p932": 0.00020133937727800444
"p933": 1.6935087808430282E-05
"p934": 0
"p935": 0
"p936": 0.0015843715482998107
"p937": 0.00042714054805707494
"p938": 3.010682277054273E-05
"p939": 0
"p940": 0.003674914054429371
"p941": 0.0009897617985815922
"p942": 8.655711546531033E-05
"p943": 5.645029269476761E-06
"p944": 0.0011948645287059145
