"p882": 5.833196911792653E-05
"p883": 1.1290058538953523E-05
"p884": 4.139688130949625E-05
"p885": 0
"p886": 0
"p887": 0
"p888": 0.024010191159507834
"p889": 0.008714043515648962
"p890": 0.0017066805158051411
"p891": 0.00016182417239166713
"p892": 0.007366763196667174
"p893": 0.002542144847687701
"p894": 0.00047794581148236575
"p895": 5.2686939848449775E-05
"p896": 0.0007150370408003896
"p897": 0.0001016105268505817
"p898": 7.5267056926356815E-06
"p899": 0
"p900": 0
"p901": 0
"p902": 0
"p903": 0
"p904": 0.0011478226181269413
"p905": 0.0002991865512822683
"p906": 3.0106822770542726E-05
"p907": 0
"p908": 0.00010913723254321737
"p909": 9.408382115794602E-06
"p910": 0
"p911": 0
"p912": 0
"p913": 0
"p914": 0
"p915": 0
"p916": 0
"p917": 0
"p918": 0
"p919": 0
"p920": 6.021364554108545E-05
"p921": 1.6935087808430286E-05
"p922": 0
"p923": 0
"p924": 0
"p925": 0
"p926": 0
"p927": 0
"p928": 0.003074659275441676
"p929": 0.0008881512717310105
"p930": 8.655711546531033E-05
"p931": 0
"p932": 0.00046853742936657115
"p933": 3.387017561686057E-05
"p934": 0
"p935": 0
"p936": 0.017586147850843274
"p937": 0.006360066310277153
"p938": 0.0012701315856322715
"p939": 4.327855773265517E-05
"p940": 0.011062375691751294
"p941": 0.0035488417340777236
"p942": 0.00045536569440445874
"p943": 1.6935087808430286E-05
"p944": 0.0006774035123372113
