"p882": 1.1290058538953523E-05
"p883": 0
"p884": 0.0013284635547501978
"p885": 0.0004911175464444782
"p886": 9.596549758110495E-05
"p887": 7.5267056926356815E-06
"p888": 0.006937740972186939
"p889": 0.0021676912394790766
"p890": 0.0002803697870506791
"p891": 1.6935087808430286E-05
"p892": 0.0109156049307449
"p893": 0.004137806454526466
"p894": 0.0007056286586845952
"p895": 4.327855773265517E-05
"p896": 0.0006303616017582384
"p897": 0.00016935087808430283
"p898": 1.8816764231589204E-06
"p899": 0
"p900": 0.0007413805107246147
"p901": 0.00016558752523798497
"p902": 7.5267056926356815E-06
"p903": 0
"p904": 0.002290000206984406
"p905": 0.0006943386001456416
"p906": 0.00011101890896637632
"p907": 1.8816764231589204E-06
"p908": 0.005780509971944204
"p909": 0.002310698647639154
"p910": 0.0003819803139012609
"p911": 1.1290058538953523E-05
"p912": 0.0029429419258205514
"p913": 0.0009088497123857584
"p914": 3.951520488633733E-05
"p915": 1.8816764231589204E-06
"p916": 0.003353147386069196
"p917": 0.0008919146245773284
"p918": 8.467543904215141E-05
"p919": 0
"p920": 0.00824550608628239
"p921": 0.0026305836395761712
"p922": 0.00034246510901492347
"p923": 1.3171734962112444E-05
"p924": 0.016387519969291043
"p925": 0.006333722840352927
"p926": 0.0011497042945501005
"p927": 4.139688130949624E-05
"p928": 4.516023415581409E-05
"p929": 7.5267056926356815E-06
"p930": 0
"p931": 0
"p932": 0.00013736237889060116
"p933": 4.516023415581409E-05
"p934": 1.1290058538953523E-05
"p935": 0
"p936": 0.0004553656944044587
"p937": 0.00011666393823585307
"p938": 1.1290058538953521E-05
"p939": 0
"p940": 0.0019381267158536878
"p941": 0.0007188003936467076
"p942": 9.784717400426387E-05
"p943": 0
"p944": 0.0001580608195453493
