"p882": 0
"p883": 0
"p884": 0
"p885": 0
"p886": 0
"p887": 0
"p888": 4.516023415581409E-05
"p889": 7.5267056926356815E-06
"p890": 0
"p891": 0
"p892": 0
"p893": 0
"p894": 0
"p895": 0
"p896": 0.003148044655944874
"p897": 0.0008034758326888591
"p898": 0.00011666393823585305
"p899": 7.5267056926356815E-06
"p900": 0.0005118159870992264
"p901": 7.714873334951573E-05
"p902": 5.645029269476761E-06
"p903": 0
"p904": 0.006875645650222694
"p905": 0.0020096304199337268
"p906": 0.00028601481632015586
"p907": 2.4461793501065963E-05
"p908": 0.006043944671186453
"p909": 0.0020585540069358588
"p910": 0.00035751852040019486
"p911": 2.6343469924224887E-05
"p912": 1.1290058538953523E-05
"p913": 0
"p914": 0
"p915": 0
"p916": 0
"p917": 0
"p918": 0
"p919": 0
"p920": 2.8225146347383805E-05
"p921": 0
"p922": 0
"p923": 0
"p924": 0
"p925": 0
"p926": 0
"p927": 0
"p928": 0.0009295481530405068
"p929": 0.00020698440654748124
"p930": 3.0106822770542722E-05
"p931": 0
"p932": 1.1290058538953523E-05
"p933": 0
"p934": 0
"p935": 0
"p936": 0.008542810961141501
"p937": 0.0030238540120163843
"p938": 0.0005814380147561063
"p939": 4.139688130949625E-05
"p940": 0.002988102159976366
"p941": 0.0011854561465901195
"p942": 0.00023332787647170614
"p943": 2.2580117077907045E-05
"p944": 0.0010048152099668634
