"p882": 0
"p883": 0
"p884": 3.0106822770542726E-05
"p885": 0
"p886": 0
"p887": 0
"p888": 0.013711776095559054
"p889": 0.004992087550640616
"p890": 0.0011534676473964182
"p891": 0.0001825226130464153
"p892": 0.004177321659412803
"p893": 0.0012682499092091122
"p894": 0.00024461793501065964
"p895": 2.2580117077907045E-05
"p896": 9.596549758110495E-05
"p897": 0
"p898": 0
"p899": 0
"p900": 0
"p901": 0
"p902": 0
"p903": 0
"p904": 0.0002916598455896326
"p905": 4.1396881309496255E-05
"p906": 0
"p907": 0
"p908": 1.6935087808430282E-05
"p909": 0
"p910": 0
"p911": 0
"p912": 0
"p913": 0
"p914": 0
"p915": 0
"p916": 0
"p917": 0
"p918": 0
"p919": 0
"p920": 0
"p921": 0
"p922": 0
"p923": 0
"p924": 0
"p925": 0
"p926": 0
"p927": 0
"p928": 0.0014902877271418648
"p929": 0.0002766064342043613
"p930": 7.5267056926356815E-06
"p931": 0
"p932": 0.00016370584881482606
"p933": 5.645029269476761E-06
"p934": 0
"p935": 0
"p936": 0.005366541158849242
"p937": 0.0014545358751018454
"p938": 0.00018816764231589206
"p939": 9.408382115794602E-06
"p940": 0.002732194166426752
"p941": 0.0008994413302699639
"p942": 7.903040977267465E-05
"p943": 5.645029269476761E-06
"p944": 0.0001129005853895352
