"p882": 0
"p883": 0
"p884": 0.00021827446508643471
"p885": 6.774035123372113E-05
"p886": 1.505341138527136E-05
"p887": 0
"p888": 0.0023803206752960344
"p889": 0.0005757929854866295
"p890": 6.021364554108546E-05
"p891": 0
"p892": 0.0025402631712645417
"p893": 0.0008712161839225801
"p894": 0.00013548070246744226
"p895": 0
"p896": 0.0015034594621039774
"p897": 0.00045724737082761767
"p898": 5.080526342529085E-05
"p899": 0
"p900": 0.002389729057411829
"p901": 0.0006491783659898273
"p902": 8.655711546531033E-05
"p903": 1.1290058538953523E-05
"p904": 0.008126960471623378
"p905": 0.0030238540120163856
"p906": 0.0006077814846803313
"p907": 7.150370408003898E-05
"p908": 0.01758991120368959
"p909": 0.0072877327868945
"p910": 0.0015147495206429312
"p911": 0.00013924405531376012
"p912": 0.005825670206100018
"p913": 0.001998340361394773
"p914": 0.00031612163909069865
"p915": 1.6935087808430282E-05
"p916": 0.00749659886986514
"p917": 0.0023257520590244255
"p918": 0.0003819803139012608
"p919": 4.139688130949624E-05
"p920": 0.019864857999288728
"p921": 0.007257625964123958
"p922": 0.0014564175515250045
"p923": 0.0001749959073537796
"p924": 0.03489945262032851
"p925": 0.014191603583464581
"p926": 0.0032609452413344094
"p927": 0.00036504522609283053
"p928": 0.00015806081954534932
"p929": 3.575185204001949E-05
"p930": 5.645029269476761E-06
"p931": 0
"p932": 0.0004346672537497106
"p933": 0.0001298356731979655
"p934": 3.198849919370165E-05
"p935": 5.645029269476761E-06
"p936": 0.0021827446508643476
"p937": 0.0006943386001456415
"p938": 0.0001298356731979655
"p939": 1.8816764231589204E-06
"p940": 0.007014889705536456
"p941": 0.002696442314386733
"p942": 0.00042149551878759814
"p943": 1.1290058538953523E-05
"p944": 0.000447838988711823
