"p882": 0
"p883": 0
"p884": 3.3870175616860565E-05
"p885": 0
"p886": 0
"p887": 0
"p888": 0.010575021498153132
"p889": 0.0034095976787639633
"p890": 0.0006698768066445756
"p891": 8.279376261899248E-05
"p892": 0.0019550618036621183
"p893": 0.0005889647204487421
"p894": 6.021364554108545E-05
"p895": 0
"p896": 0.00023520955289486504
"p897": 3.9515204886337324E-05
"p898": 0
"p899": 0
"p900": 0
"p901": 0
"p902": 0
"p903": 0
"p904": 0.00198705030285582
"p905": 0.0006585867481056222
"p906": 0.00010161052685058169
"p907": 5.645029269476761E-06
"p908": 0.00024273625858750074
"p909": 4.7041910578973015E-05
"p910": 0
"p911": 0
"p912": 0.0016502302231103732
"p913": 0.00034246510901492347
"p914": 3.198849919370165E-05
"p915": 1.8816764231589204E-06
"p916": 0
"p917": 0
"p918": 0
"p919": 0
"p920": 0.003800986374781019
"p921": 0.0011948645287059145
"p922": 0.0001862859658927331
"p923": 7.5267056926356815E-06
"p924": 0.0007357354814551379
"p925": 0.0001674692016611439
"p926": 2.2580117077907045E-05
"p927": 0
"p928": 0.002510156348494
"p929": 0.0006717584830677346
"p930": 9.220214473478711E-05
"p931": 1.1290058538953523E-05
"p932": 5.645029269476761E-05
"p933": 0
"p934": 0
"p935": 0
"p936": 0.021330683932929532
"p937": 0.008456253845676191
"p938": 0.001669046987341963
"p939": 0.0001204272910821709
"p940": 0.009628538257304194
"p941": 0.0032120216543322774
"p942": 0.000611544837526649
"p943": 7.714873334951574E-05
"p944": 0.006589630833902539
