"p882": 0
"p883": 0
"p884": 0
"p885": 0
"p886": 0
"p887": 0
"p888": 0.0004929992228676371
"p889": 6.585867481056221E-05
"p890": 0
"p891": 0
"p892": 0.0001298356731979655
"p893": 1.8816764231589203E-05
"p894": 0
"p895": 0
"p896": 0.0005475678391392458
"p897": 0.00011478226181269415
"p898": 1.1290058538953523E-05
"p899": 0
"p900": 0.0002145111122401169
"p901": 3.3870175616860565E-05
"p902": 0
"p903": 0
"p904": 0.0003368200797454468
"p905": 7.714873334951573E-05
"p906": 1.1290058538953523E-05
"p907": 0
"p908": 0.0005400411334466101
"p909": 0.00010913723254321738
"p910": 0
"p911": 0
"p912": 5.645029269476761E-06
"p913": 0
"p914": 0
"p915": 0
"p916": 0
"p917": 0
"p918": 0
"p919": 0
"p920": 0
"p921": 0
"p922": 0
"p923": 0
"p924": 0
"p925": 0
"p926": 0
"p927": 0
"p928": 0.012932762056371259
"p929": 0.004322210743996039
"p930": 0.0008599261253836267
"p931": 9.4083821157946E-05
"p932": 0.0006378883074508741
"p933": 8.467543904215143E-05
"p934": 5.645029269476761E-06
"p935": 0
"p936": 0.006745809977024729
"p937": 0.001868504688196808
"p938": 0.0002803697870506791
"p939": 1.8816764231589203E-05
"p940": 0.013930050560645491
"p941": 0.0040982912496401284
"p942": 0.0006491783659898276
"p943": 4.51602341558141E-05
"p944": 0.004700427705050983
