"p882": 4.516023415581409E-05
"p883": 0
"p884": 0.0010706738847774259
"p885": 0.0003725719317854662
"p886": 5.833196911792653E-05
"p887": 1.1290058538953523E-05
"p888": 0.013819031651679116
"p889": 0.004623278971701468
"p890": 0.0008712161839225801
"p891": 9.22021447347871E-05
"p892": 0.017490182353262173
"p893": 0.0068568288859911074
"p894": 0.0013849138474449657
"p895": 0.0001298356731979655
"p896": 3.9515204886337324E-05
"p897": 1.8816764231589204E-06
"p898": 0
"p899": 0
"p900": 0.0008185292440741303
"p901": 0.0001016105268505817
"p902": 7.5267056926356815E-06
"p903": 0
"p904": 0.00023709122931802392
"p905": 3.575185204001948E-05
"p906": 0
"p907": 0
"p908": 0.0008881512717310105
"p909": 0.0002709614049348845
"p910": 3.0106822770542726E-05
"p911": 0
"p912": 0
"p913": 0
"p914": 0
"p915": 0
"p916": 0
"p917": 0
"p918": 0
"p919": 0
"p920": 0
"p921": 0
"p922": 0
"p923": 0
"p924": 6.021364554108545E-05
"p925": 1.6935087808430286E-05
"p926": 0
"p927": 0
"p928": 0.003069014246172199
"p929": 0.0009257848001941887
"p930": 4.139688130949625E-05
"p931": 1.8816764231589204E-06
"p932": 0.003492391441382957
"p933": 0.0009163764180783944
"p934": 8.655711546531033E-05
"p935": 0
"p936": 0.009178817592169215
"p937": 0.002922243485165803
"p938": 0.00039327037244021434
"p939": 1.5053411385271363E-05
"p940": 0.01971244220901286
"p941": 0.007468373723517758
"p942": 0.0013378719368659926
"p943": 4.327855773265517E-05
"p944": 0.0005099343106760673
