"p882": 0
"p883": 0
"p884": 0
"p885": 0
"p886": 0
"p887": 0
"p888": 3.3870175616860565E-05
"p889": 0
"p890": 0
"p891": 0
"p892": 0
"p893": 0
"p894": 0
"p895": 0
"p896": 0.0019400083922768469
"p897": 0.0005231060456381798
"p898": 6.774035123372113E-05
"p899": 1.8816764231589204E-06
"p900": 0
"p901": 0
"p902": 0
"p903": 0
"p904": 0.0007827773920341108
"p905": 0.00021827446508643477
"p906": 1.8816764231589203E-05
"p907": 0
"p908": 0.0008448727139983552
"p909": 0.00021639278866327584
"p910": 1.6935087808430282E-05
"p911": 0
"p912": 0.0014488908458323688
"p913": 0.00036504522609283053
"p914": 2.6343469924224884E-05
"p915": 0
"p916": 0.0004459573122886642
"p917": 5.080526342529086E-05
"p918": 0
"p919": 0
"p920": 0.0007470255399940913
"p921": 0.00019945770085484554
"p922": 1.3171734962112442E-05
"p923": 0
"p924": 0.0010763189140469026
"p925": 0.0003123582862443808
"p926": 4.139688130949625E-05
"p927": 0
"p928": 0.01835763518433843
"p929": 0.006504955394860388
"p930": 0.0014582992279481635
"p931": 0.0002013393772780045
"p932": 8.467543904215143E-05
"p933": 1.1290058538953523E-05
"p934": 0
"p935": 0
"p936": 0.010307823446064566
"p937": 0.003627872143850398
"p938": 0.0008147658912278125
"p939": 9.596549758110493E-05
"p940": 0.01414644334930877
"p941": 0.004173558306566486
"p942": 0.0007319721286088199
"p943": 5.456861627160869E-05
"p944": 0.018767840644587072
