"p882": 0
"p883": 0
"p884": 3.0106822770542726E-05
"p885": 0
"p886": 0
"p887": 0
"p888": 0
"p889": 0
"p890": 0
"p891": 0
"p892": 0
"p893": 0
"p894": 0
"p895": 0
"p896": 0.0005701479562171529
"p897": 0.0001392440553137601
"p898": 1.3171734962112442E-05
"p899": 0
"p900": 0.0023332787647170616
"p901": 0.0005494495155624048
"p902": 3.7633528463178407E-05
"p903": 0
"p904": 0.0001016105268505817
"p905": 2.2580117077907045E-05
"p906": 0
"p907": 0
"p908": 0.000707510335107754
"p909": 0.00021639278866327584
"p910": 3.0106822770542726E-05
"p911": 0
"p912": 0
"p913": 0
"p914": 0
"p915": 0
"p916": 0.00010725555612005845
"p917": 5.645029269476761E-06
"p918": 0
"p919": 0
"p920": 0
"p921": 0
"p922": 0
"p923": 0
"p924": 0
"p925": 0
"p926": 0
"p927": 0
"p928": 0.0151663119706609
"p929": 0.005562235506857768
"p930": 0.0010217502977752937
"p931": 6.962202765688005E-05
"p932": 0.0364518356694346
"p933": 0.012381430864385697
"p934": 0.002485694554992934
"p935": 0.00023332787647170616
"p936": 0.005550945448318814
"p937": 0.0018854397760052384
"p938": 0.0003462284618612414
"p939": 9.408382115794602E-06
"p940": 0.01958072485939173
"p941": 0.006090986581765425
"p942": 0.0009596549758110494
"p943": 3.575185204001949E-05
"p944": 0.0053401976889250165
