"p882": 5.645029269476761E-06
"p883": 0
"p884": 0
"p885": 0
"p886": 0
"p887": 0
"p888": 0.0005626212505245173
"p889": 5.8331969117926534E-05
"p890": 5.645029269476761E-06
"p891": 0
"p892": 0.00012419064392848873
"p893": 1.3171734962112442E-05
"p894": 0
"p895": 0
"p896": 0.001505341138527136
"p897": 0.0004516023415581408
"p898": 6.585867481056221E-05
"p899": 1.1290058538953523E-05
"p900": 0.00047982748790552463
"p901": 5.080526342529086E-05
"p902": 0
"p903": 0
"p904": 0.0007169187172235485
"p905": 0.00023709122931802397
"p906": 3.951520488633734E-05
"p907": 1.1290058538953523E-05
"p908": 0.0017857109255778154
"p909": 0.0006077814846803313
"p910": 9.784717400426388E-05
"p911": 1.8816764231589204E-06
"p912": 0.00015994249596850823
"p913": 2.8225146347383808E-05
"p914": 0
"p915": 0
"p916": 0
"p917": 0
"p918": 0
"p919": 0
"p920": 3.7633528463178407E-06
"p921": 0
"p922": 0
"p923": 0
"p924": 7.5267056926356815E-06
"p925": 0
"p926": 0
"p927": 0
"p928": 0.02756467792285503
"p929": 0.011954290316328622
"p930": 0.003055842511210087
"p931": 0.0003499918147075592
"p932": 0.0011497042945501003
"p933": 0.00016558752523798497
"p934": 5.645029269476761E-06
"p935": 0
"p936": 0.014624389160791135
"p937": 0.004978915815678504
"p938": 0.0007300904521856612
"p939": 3.9515204886337324E-05
"p940": 0.0340113013485975
"p941": 0.012074717607410796
"p942": 0.001992695332125297
"p943": 0.00013924405531376012
"p944": 0.009903263015085399
