"p882": 2.634346992422488E-05
"p883": 0
"p884": 0.00033870175616860566
"p885": 3.76335284631784E-05
"p886": 0
"p887": 0
"p888": 0.00734041972674295
"p889": 0.0023295154118707427
"p890": 0.0003876253431707376
"p891": 4.139688130949624E-05
"p892": 0.004779458114823656
"p893": 0.0017706575141925435
"p894": 0.00034999181470755914
"p895": 4.139688130949624E-05
"p896": 1.6935087808430282E-05
"p897": 0
"p898": 0
"p899": 0
"p900": 0.00029165984558963265
"p901": 5.6450292694767617E-05
"p902": 0
"p903": 0
"p904": 0.0004233771952107571
"p905": 0.00010537387969689955
"p906": 9.408382115794602E-06
"p907": 0
"p908": 0.0018346345125799474
"p909": 0.0006284799253350794
"p910": 0.00010161052685058169
"p911": 5.645029269476761E-06
"p912": 0.00017499590735377957
"p913": 9.408382115794602E-06
"p914": 0
"p915": 0
"p916": 0.00186474133535049
"p917": 0.00037633528463178396
"p918": 3.198849919370165E-05
"p919": 1.8816764231589204E-06
"p920": 0.0011892194994364376
"p921": 0.0002897781691664737
"p922": 3.0106822770542726E-05
"p923": 0
"p924": 0.003044552452671133
"p925": 0.0010518571205458366
"p926": 0.00017875926020009743
"p927": 7.5267056926356815E-06
"p928": 0.0016332951353019427
"p929": 0.000472300782212889
"p930": 5.080526342529085E-05
"p931": 0
"p932": 0.002566606641188768
"p933": 0.0006717584830677346
"p934": 9.220214473478711E-05
"p935": 1.1290058538953523E-05
"p936": 0.009784717400426388
"p937": 0.0035356699991156114
"p938": 0.0007037469822614362
"p939": 7.33853805031979E-05
"p940": 0.022188728381889997
"p941": 0.008817535718922704
"p942": 0.0017443140442683195
"p943": 0.00014112573173691905
"p944": 0.005912227321565328
