"p882": 0.0022373132671359565
"p883": 0.0002954231984359505
"p884": 0.02313897497558525
"p885": 0.011066139044597613
"p886": 0.0030219723355932263
"p887": 0.0005118159870992264
"p888": 0.012253476867610894
"p889": 0.0051012247831838334
"p890": 0.0011233608246258757
"p891": 3.951520488633732E-05
"p892": 0.011542203179656818
"p893": 0.004640214059509898
"p894": 0.0008919146245773283
"p895": 4.1396881309496255E-05
"p896": 3.198849919370165E-05
"p897": 1.8816764231589204E-06
"p898": 0
"p899": 0
"p900": 0.0003575185204001949
"p901": 0.00010161052685058171
"p902": 1.8816764231589203E-05
"p903": 0
"p904": 1.8816764231589204E-06
"p905": 0
"p906": 0
"p907": 0
"p908": 0.00014112573173691902
"p909": 5.080526342529084E-05
"p910": 0
"p911": 0
"p912": 0.00024461793501065964
"p913": 3.575185204001948E-05
"p914": 0
"p915": 0
"p916": 0.0011515859709732592
"p917": 0.0002878964927433148
"p918": 3.0106822770542726E-05
"p919": 0
"p920": 1.5053411385271363E-05
"p921": 0
"p922": 0
"p923": 0
"p924": 0.0007526705692635681
"p925": 0.00024085458216434183
"p926": 4.139688130949625E-05
"p927": 0
"p928": 0.0022862368541380885
"p929": 0.0007300904521856612
"p930": 0.00011854561465901199
"p931": 1.8816764231589204E-06
"p932": 0.00589341055733374
"p933": 0.0023163436769086314
"p934": 0.00041773216594128033
"p935": 1.1290058538953523E-05
"p936": 0.0006943386001456415
"p937": 0.00021639278866327584
"p938": 1.1290058538953521E-05
"p939": 0
"p940": 0.0025007479663782055
"p941": 0.0006905752472993238
"p942": 5.080526342529086E-05
"p943": 0
"p944": 0.007261389316970275
