"p882": 0
"p883": 0
"p884": 0
"p885": 0
"p886": 0
"p887": 0
"p888": 4.139688130949625E-05
"p889": 0
"p890": 0
"p891": 0
"p892": 0
"p893": 0
"p894": 0
"p895": 0
"p896": 0.0008279376261899247
"p897": 0.00012042729108217092
"p898": 3.7633528463178407E-06
"p899": 0
"p900": 0
"p901": 0
"p902": 0
"p903": 0
"p904": 0.0023596222346412865
"p905": 0.0005475678391392458
"p906": 3.951520488633733E-05
"p907": 0
"p908": 0.0005306327513308156
"p909": 0.00013548070246744229
"p910": 1.1290058538953523E-05
"p911": 0
"p912": 0
"p913": 0
"p914": 0
"p915": 0
"p916": 0
"p917": 0
"p918": 0
"p919": 0
"p920": 0.00010725555612005845
"p921": 5.645029269476761E-06
"p922": 0
"p923": 0
"p924": 0
"p925": 0
"p926": 0
"p927": 0
"p928": 0.008616196341644696
"p929": 0.002581660052574039
"p930": 0.00044407563586550515
"p931": 1.5053411385271363E-05
"p932": 0.0009351931823099834
"p933": 0.0001938126715853688
"p934": 1.1290058538953523E-05
"p935": 0
"p936": 0.044211869238541986
"p937": 0.015260395791818848
"p938": 0.00301632730632375
"p939": 0.0002615530228190899
"p940": 0.022235770292468964
"p941": 0.007897395947997989
"p942": 0.001561791431221904
"p943": 9.408382115794602E-05
"p944": 0.0009991701806973865
