"p882": 0
"p883": 0
"p884": 0
"p885": 0
"p886": 0
"p887": 0
"p888": 1.1290058538953523E-05
"p889": 0
"p890": 0
"p891": 0
"p892": 3.387017561686057E-05
"p893": 0
"p894": 0
"p895": 0
"p896": 0.0032910520641049514
"p897": 0.00111583411893324
"p898": 0.00018064093662325636
"p899": 1.1290058538953523E-05
"p900": 0.006871882297376378
"p901": 0.0020773707711674483
"p902": 0.00034999181470755914
"p903": 1.5053411385271363E-05
"p904": 0.008945489715697509
"p905": 0.0034039526494944864
"p906": 0.0006642317773750989
"p907": 3.198849919370165E-05
"p908": 0.021110527791419927
"p909": 0.007833418949610586
"p910": 0.0016201234003398305
"p911": 0.00013171734962112442
"p912": 0
"p913": 0
"p914": 0
"p915": 0
"p916": 7.338538050319788E-05
"p917": 0
"p918": 0
"p919": 0
"p920": 5.645029269476761E-06
"p921": 0
"p922": 0
"p923": 0
"p924": 7.903040977267465E-05
"p925": 5.645029269476761E-06
"p926": 0
"p927": 0
"p928": 0.0008881512717310103
"p929": 0.0002163927886632758
"p930": 5.645029269476761E-06
"p931": 0
"p932": 0.0026719805208856666
"p933": 0.0007432621871477735
"p934": 0.00012230896750532982
"p935": 0
"p936": 0.009944659896394896
"p937": 0.0036617423194672586
"p938": 0.0006416516602971918
"p939": 4.892358700213193E-05
"p940": 0.026147775576216354
"p941": 0.009389565351563012
"p942": 0.001842161218272583
"p943": 0.0001542974666990315
"p944": 0.0007037469822614361
