"p882": 0.00030671325697490405
"p883": 7.5267056926356815E-06
"p884": 0
"p885": 0
"p886": 0
"p887": 0
"p888": 0.005063591254720655
"p889": 0.0013021200848259726
"p890": 0.00019004931873905094
"p891": 7.5267056926356815E-06
"p892": 0.0013435169661354686
"p893": 0.0002916598455896326
"p894": 3.3870175616860565E-05
"p895": 0
"p896": 0.014750461481142776
"p897": 0.006503073718437229
"p898": 0.0016483485466872142
"p899": 0.0002013393772780045
"p900": 0.0010462120912763599
"p901": 0.00017123255450746176
"p902": 5.645029269476761E-06
"p903": 0
"p904": 0.012556426771739477
"p905": 0.004354199243189742
"p906": 0.000756433922109886
"p907": 4.327855773265516E-05
"p908": 0.024900224107661996
"p909": 0.008702753457110007
"p910": 0.0017047988393819823
"p911": 0.00018440428946957417
"p912": 0.0002502629642801364
"p913": 5.2686939848449775E-05
"p914": 5.645029269476761E-06
"p915": 0
"p916": 0.00013548070246744226
"p917": 1.6935087808430282E-05
"p918": 0
"p919": 0
"p920": 1.6935087808430282E-05
"p921": 1.8816764231589204E-06
"p922": 0
"p923": 0
"p924": 0.00010913723254321737
"p925": 1.5053411385271363E-05
"p926": 0
"p927": 0
"p928": 0.014759869863258574
"p929": 0.006282917576927635
"p930": 0.0014319557580239387
"p931": 0.00014677076100639582
"p932": 4.327855773265517E-05
"p933": 1.8816764231589204E-06
"p934": 0
"p935": 0
"p936": 0.00793314780003801
"p937": 0.0027754727241594075
"p938": 0.00047230078221288907
"p939": 3.010682277054273E-05
"p940": 0.011700263999202171
"p941": 0.003906360254477919
"p942": 0.000758315598533045
"p943": 7.903040977267465E-05
"p944": 0.012134931252951878
