"p882": 5.645029269476761E-06
"p883": 0
"p884": 0.00039703372528653215
"p885": 6.774035123372113E-05
"p886": 5.645029269476761E-06
"p887": 0
"p888": 0.0004384306065960284
"p889": 6.209532196424438E-05
"p890": 0
"p891": 0
"p892": 6.962202765688005E-05
"p893": 5.645029269476761E-06
"p894": 0
"p895": 0
"p896": 0.0003180033155138575
"p897": 7.714873334951573E-05
"p898": 3.7633528463178407E-06
"p899": 0
"p900": 0.001992695332125297
"p901": 0.0007978308034193823
"p902": 0.0001825226130464153
"p903": 3.7633528463178407E-06
"p904": 6.962202765688005E-05
"p905": 1.8816764231589203E-05
"p906": 0
"p907": 0
"p908": 0.00039138869601705546
"p909": 9.032046831162818E-05
"p910": 0
"p911": 0
"p912": 0.0005532128684087226
"p913": 0.00012419064392848875
"p914": 9.408382115794602E-06
"p915": 0
"p916": 0.002308816971215995
"p917": 0.0006510600424129864
"p918": 9.408382115794602E-05
"p919": 2.2580117077907045E-05
"p920": 5.833196911792654E-05
"p921": 2.6343469924224887E-05
"p922": 3.7633528463178407E-06
"p923": 0
"p924": 0.001584371548299811
"p925": 0.0005362777806002922
"p926": 9.032046831162818E-05
"p927": 1.8816764231589204E-06
"p928": 0.0073498281088587416
"p929": 0.002687033932270938
"p930": 0.000545686162716087
"p931": 5.080526342529084E-05
"p932": 0.018207101070485718
"p933": 0.007656541365833649
"p934": 0.0017198522507672533
"p935": 0.00016182417239166719
"p936": 0.002152637828093805
"p937": 0.0006265982489119205
"p938": 6.962202765688006E-05
"p939": 0
"p940": 0.008531520902602546
"p941": 0.002372793969603398
"p942": 0.0002878964927433148
"p943": 1.129005853895352E-05
"p944": 0.013820913328102272
