"p882": 0
"p883": 0
"p884": 0.00029165984558963265
"p885": 6.209532196424438E-05
"p886": 0
"p887": 0
"p888": 2.2580117077907045E-05
"p889": 5.645029269476761E-06
"p890": 0
"p891": 0
"p892": 3.010682277054273E-05
"p893": 1.8816764231589204E-06
"p894": 0
"p895": 0
"p896": 0.01495180085842078
"p897": 0.006258455783426569
"p898": 0.0015166311970660898
"p899": 0.00019945770085484557
"p900": 0.0277998874757499
"p901": 0.012364495776577267
"p902": 0.0031536896852143513
"p903": 0.000402678754556009
"p904": 0.0073272479917808366
"p905": 0.00256284328834245
"p906": 0.0004892358700213194
"p907": 1.88167642315892E-05
"p908": 0.014387297931473107
"p909": 0.004239416981377048
"p910": 0.0006190715432192849
"p911": 2.8225146347383815E-05
"p912": 0.023368539499210632
"p913": 0.009884446250853808
"p914": 0.002416072527336054
"p915": 0.0002916598455896327
"p916": 0.03358792415338674
"p917": 0.015473025227635807
"p918": 0.004278932186263386
"p919": 0.0006868118944530061
"p920": 0.014829491890915454
"p921": 0.005520838625548272
"p922": 0.001164757705935372
"p923": 4.139688130949624E-05
"p924": 0.030752237783686243
"p925": 0.010368037091605655
"p926": 0.0017781842198851799
"p927": 9.972885042742278E-05
"p928": 0.007400633372284032
"p929": 0.002717140755041481
"p930": 0.000449720665134982
"p931": 1.8816764231589203E-05
"p932": 0.018511932651037462
"p933": 0.007227519141353415
"p934": 0.0013378719368659928
"p935": 4.327855773265517E-05
"p936": 0.0019324816865842114
"p937": 0.0005099343106760674
"p938": 3.575185204001949E-05
"p939": 1.8816764231589204E-06
"p940": 0.0023784389988728756
"p941": 0.0005626212505245173
"p942": 6.774035123372114E-05
"p943": 3.7633528463178407E-06
"p944": 0.006606565921710967
