"p882": 5.645029269476761E-05
"p883": 0
"p884": 0.0020359738898579516
"p885": 0.0007714873334951573
"p886": 0.0001486524374295547
"p887": 1.8816764231589203E-05
"p888": 0.016045054860276117
"p889": 0.005394766305196625
"p890": 0.0009841167693121155
"p891": 9.784717400426387E-05
"p892": 0.0195318012723896
"p893": 0.007500362222711459
"p894": 0.0014620625807944812
"p895": 0.0001279539967748066
"p896": 0.002500747966378205
"p897": 0.0007394988343014556
"p898": 3.951520488633733E-05
"p899": 1.8816764231589204E-06
"p900": 0.0027453659013888646
"p901": 0.0006886935708761648
"p902": 5.645029269476761E-05
"p903": 0
"p904": 0.006265982489119206
"p905": 0.0019475350979694824
"p906": 0.0002446179350106597
"p907": 7.5267056926356815E-06
"p908": 0.012483041391236281
"p909": 0.0047041910578973015
"p910": 0.000827937626189925
"p911": 3.0106822770542726E-05
"p912": 0
"p913": 0
"p914": 0
"p915": 0
"p916": 0.00014300740816007796
"p917": 0
"p918": 0
"p919": 0
"p920": 1.6935087808430286E-05
"p921": 0
"p922": 0
"p923": 0
"p924": 9.032046831162818E-05
"p925": 1.8816764231589203E-05
"p926": 0
"p927": 0
"p928": 0.0005833196911792653
"p929": 0.0001938126715853688
"p930": 1.8816764231589204E-06
"p931": 0
"p932": 0.0007959491269962234
"p933": 0.0002653163756654078
"p934": 4.139688130949625E-05
"p935": 0
"p936": 0.0029975105420921595
"p937": 0.00099352515142791
"p938": 0.00014865243742955475
"p939": 7.5267056926356815E-06
"p940": 0.0077129916585284165
"p941": 0.0030351440705553385
"p942": 0.0005550945448318816
"p943": 1.3171734962112444E-05
"p944": 0.0006529417188361453
