"p882": 5.645029269476761E-06
"p883": 0
"p884": 0
"p885": 0
"p886": 0
"p887": 0
"p888": 0.0011139524425100807
"p889": 0.00016370584881482606
"p890": 5.645029269476761E-06
"p891": 0
"p892": 0.00012795399677480656
"p893": 1.8816764231589207E-05
"p894": 0
"p895": 0
"p896": 0.0016201234003398305
"p897": 0.0006209532196424438
"p898": 0.0001373623788906012
"p899": 3.7633528463178407E-06
"p900": 0
"p901": 0
"p902": 0
"p903": 0
"p904": 0.0005814380147561064
"p905": 0.0002333278764717061
"p906": 4.892358700213193E-05
"p907": 0
"p908": 0.00059272807329506
"p909": 0.00014112573173691902
"p910": 0
"p911": 0
"p912": 0.001524157902758725
"p913": 0.0004421939594423463
"p914": 6.021364554108546E-05
"p915": 1.1290058538953523E-05
"p916": 0.00047982748790552463
"p917": 5.080526342529086E-05
"p918": 0
"p919": 0
"p920": 0.0007150370408003897
"p921": 0.00023709122931802397
"p922": 3.951520488633734E-05
"p923": 1.1290058538953523E-05
"p924": 0.0017819475727314975
"p925": 0.0006077814846803313
"p926": 9.784717400426388E-05
"p927": 1.8816764231589204E-06
"p928": 0.014942392476304987
"p929": 0.006326196134660291
"p930": 0.00146394425721764
"p931": 0.0001373623788906012
"p932": 7.714873334951573E-05
"p933": 5.645029269476761E-06
"p934": 0
"p935": 0
"p936": 0.006318669428967654
"p937": 0.00219591638582646
"p938": 0.00034246510901492347
"p939": 2.4461793501065963E-05
"p940": 0.013433287984931534
"p941": 0.004389951095229761
"p942": 0.000756433922109886
"p943": 5.456861627160869E-05
"p944": 0.021140634614190475
