"p882": 0.00038009863747810193
"p883": 1.6935087808430282E-05
"p884": 0.003688085789391484
"p885": 0.0014733526393334345
"p886": 0.00032364834478333426
"p887": 4.139688130949624E-05
"p888": 0.027609838157010846
"p889": 0.011982515462676008
"p890": 0.00291095342662685
"p891": 0.0003198849919370165
"p892": 0.030594176964140896
"p893": 0.014366599490818362
"p894": 0.003731364347124139
"p895": 0.0005550945448318814
"p896": 0
"p897": 0
"p898": 0
"p899": 0
"p900": 0.00012419064392848875
"p901": 0
"p902": 0
"p903": 0
"p904": 3.387017561686057E-05
"p905": 1.8816764231589204E-06
"p906": 0
"p907": 0
"p908": 0.0003575185204001949
"p909": 0.00010161052685058171
"p910": 1.8816764231589203E-05
"p911": 0
"p912": 3.9515204886337324E-05
"p913": 1.8816764231589204E-06
"p914": 0
"p915": 0
"p916": 0.0008693345074994211
"p917": 0.0001016105268505817
"p918": 7.5267056926356815E-06
"p919": 0
"p920": 0.00023709122931802392
"p921": 3.575185204001948E-05
"p922": 0
"p923": 0
"p924": 0.000948364917272096
"p925": 0.0002878964927433148
"p926": 3.0106822770542726E-05
"p927": 0
"p928": 0.000660468424528781
"p929": 0.00016935087808430283
"p930": 1.8816764231589204E-06
"p931": 0
"p932": 0.0007790140391877931
"p933": 0.00017311423093062066
"p934": 7.5267056926356815E-06
"p935": 0
"p936": 0.0026399920216919654
"p937": 0.0007903040977267466
"p938": 0.00012230896750532982
"p939": 1.8816764231589204E-06
"p940": 0.0070148897055364555
"p941": 0.002696442314386733
"p942": 0.0004214955187875982
"p943": 1.1290058538953523E-05
"p944": 0.002957995337205823
