"p882": 0.00018252261304641527
"p883": 7.5267056926356815E-06
"p884": 0.004092646220370652
"p885": 0.0014789976686029114
"p886": 0.000284133139896997
"p887": 7.5267056926356815E-06
"p888": 0.001546738019836632
"p889": 0.00027848811062752024
"p890": 7.5267056926356815E-06
"p891": 0
"p892": 0.0006077814846803314
"p893": 7.903040977267465E-05
"p894": 0
"p895": 0
"p896": 0.001089490649009015
"p897": 0.0002784881106275202
"p898": 3.0106822770542726E-05
"p899": 0
"p900": 0.0031311095681364432
"p901": 0.001016105268505817
"p902": 0.00017311423093062064
"p903": 7.5267056926356815E-06
"p904": 0.00020698440654748124
"p905": 4.516023415581409E-05
"p906": 1.1290058538953523E-05
"p907": 0
"p908": 0.001791355954847292
"p909": 0.00059272807329506
"p910": 0.00011478226181269415
"p911": 1.3171734962112444E-05
"p912": 2.8225146347383808E-05
"p913": 0
"p914": 0
"p915": 0
"p916": 0.000284133139896997
"p917": 7.714873334951574E-05
"p918": 5.645029269476761E-06
"p919": 0
"p920": 0
"p921": 0
"p922": 0
"p923": 0
"p924": 0
"p925": 0
"p926": 0
"p927": 0
"p928": 0.01940008392276847
"p929": 0.007487190487749344
"p930": 0.0016502302231103732
"p931": 0.000212629435816958
"p932": 0.03594942806445119
"p933": 0.015068464796656638
"p934": 0.0035733035275787913
"p935": 0.00038950701959389653
"p936": 0.009538217788992569
"p937": 0.002995628865669002
"p938": 0.0004177321659412802
"p939": 2.069844065474812E-05
"p940": 0.026381103452688077
"p941": 0.008429910375751967
"p942": 0.0013209368490575627
"p943": 8.091208619583358E-05
"p944": 0.005522720301971431
