"p882": 3.7633528463178407E-06
"p883": 0
"p884": 0.0007526705692635681
"p885": 0.00019004931873905096
"p886": 1.5053411385271363E-05
"p887": 0
"p888": 0.00015053411385271363
"p889": 2.4461793501065963E-05
"p890": 3.7633528463178407E-06
"p891": 0
"p892": 0.00012795399677480656
"p893": 2.8225146347383808E-05
"p894": 3.7633528463178407E-06
"p895": 0
"p896": 0.004107699631755923
"p897": 0.0013190551726344033
"p898": 0.0002163927886632758
"p899": 1.3171734962112444E-05
"p900": 0.0085747994603352
"p901": 0.002771709371313089
"p902": 0.000496762575713955
"p903": 5.4568616271608685E-05
"p904": 0.0013830321710218067
"p905": 0.0003123582862443808
"p906": 4.327855773265517E-05
"p907": 0
"p908": 0.00773933512845264
"p909": 0.002267420089906499
"p910": 0.00036504522609283053
"p911": 2.2580117077907045E-05
"p912": 0
"p913": 0
"p914": 0
"p915": 0
"p916": 2.6343469924224887E-05
"p917": 0
"p918": 0
"p919": 0
"p920": 0
"p921": 0
"p922": 0
"p923": 0
"p924": 5.645029269476761E-06
"p925": 0
"p926": 0
"p927": 0
"p928": 0.002385965704565511
"p929": 0.0008222925969204481
"p930": 0.00016935087808430283
"p931": 1.3171734962112444E-05
"p932": 0.008969951509198574
"p933": 0.0031010027453659003
"p934": 0.0005776746619097885
"p935": 5.4568616271608685E-05
"p936": 0.0007037469822614361
"p937": 0.0002051027301243223
"p938": 3.7633528463178407E-05
"p939": 1.8816764231589204E-06
"p940": 0.0025873050818435153
"p941": 0.0007244454229161843
"p942": 7.903040977267465E-05
"p943": 1.8816764231589204E-06
"p944": 0.002020920478472681
