"p882": 5.645029269476761E-06
"p883": 0
"p884": 0.00040644210740232675
"p885": 6.585867481056221E-05
"p886": 5.645029269476761E-06
"p887": 0
"p888": 0.0001994577008548455
"p889": 1.6935087808430286E-05
"p890": 0
"p891": 0
"p892": 4.892358700213193E-05
"p893": 0
"p894": 0
"p895": 0
"p896": 0.0005588578976781994
"p897": 0.00012419064392848875
"p898": 9.408382115794602E-06
"p899": 0
"p900": 0.002290000206984406
"p901": 0.000660468424528781
"p902": 9.972885042742278E-05
"p903": 2.2580117077907045E-05
"p904": 5.833196911792654E-05
"p905": 2.6343469924224887E-05
"p906": 3.7633528463178407E-06
"p907": 0
"p908": 0.001584371548299811
"p909": 0.0005362777806002922
"p910": 9.032046831162818E-05
"p911": 1.8816764231589204E-06
"p912": 1.1290058538953523E-05
"p913": 0
"p914": 0
"p915": 0
"p916": 0.00015994249596850823
"p917": 2.8225146347383808E-05
"p918": 0
"p919": 0
"p920": 0
"p921": 0
"p922": 0
"p923": 0
"p924": 0
"p925": 0
"p926": 0
"p927": 0
"p928": 0.016193707297705674
"p929": 0.005917872350834805
"p930": 0.0011346508831648289
"p931": 8.655711546531033E-05
"p932": 0.033236050662256024
"p933": 0.014103164791576112
"p934": 0.00350556317634507
"p935": 0.0003876253431707376
"p936": 0.006437215043626667
"p937": 0.0021319393874390568
"p938": 0.00019945770085484554
"p939": 1.8816764231589204E-06
"p940": 0.02549671553380338
"p941": 0.008465662227791985
"p942": 0.0011252425010490345
"p943": 6.39769983874033E-05
"p944": 0.005118159870992263
