"p882": 0
"p883": 0
"p884": 0
"p885": 0
"p886": 0
"p887": 0
"p888": 1.8816764231589203E-05
"p889": 3.7633528463178407E-06
"p890": 0
"p891": 0
"p892": 0
"p893": 0
"p894": 0
"p895": 0
"p896": 0.0047041910578973
"p897": 0.0013755054653291708
"p898": 0.0001956943480085277
"p899": 1.8816764231589203E-05
"p900": 0.0005626212505245172
"p901": 5.833196911792653E-05
"p902": 5.645029269476761E-06
"p903": 0
"p904": 0.0024687594671845034
"p905": 0.0007018653058382772
"p906": 9.784717400426385E-05
"p907": 5.645029269476761E-06
"p908": 0.008222925969204481
"p909": 0.002549671553380337
"p910": 0.00040079707813285006
"p911": 2.8225146347383808E-05
"p912": 2.8225146347383805E-05
"p913": 0
"p914": 0
"p915": 0
"p916": 0
"p917": 0
"p918": 0
"p919": 0
"p920": 0
"p921": 0
"p922": 0
"p923": 0
"p924": 0
"p925": 0
"p926": 0
"p927": 0
"p928": 0.006132383463074922
"p929": 0.0021526378280938047
"p930": 0.00044595731228866403
"p931": 3.0106822770542733E-05
"p932": 1.3171734962112444E-05
"p933": 1.8816764231589204E-06
"p934": 0
"p935": 0
"p936": 0.0024819312021466156
"p937": 0.0009220214473478709
"p938": 0.000141125731736919
"p939": 1.129005853895352E-05
"p940": 0.004002325752059024
"p941": 0.0014169023466386666
"p942": 0.00023709122931802397
"p943": 1.8816764231589203E-05
"p944": 0.005238587162074433
