"p882": 0
"p883": 0
"p884": 7.5267056926356815E-06
"p885": 0
"p886": 0
"p887": 0
"p888": 0
"p889": 0
"p890": 0
"p891": 0
"p892": 0
"p893": 0
"p894": 0
"p895": 0
"p896": 0.001460180904371322
"p897": 0.0005268693984844977
"p898": 0.00013736237889060116
"p899": 1.8816764231589203E-05
"p900": 0.0054060563637355775
"p901": 0.0020585540069358588
"p902": 0.000517461016368703
"p903": 7.526705692635681E-05
"p904": 0.00028789649274331473
"p905": 0.00010725555612005845
"p906": 2.0698440654748124E-05
"p907": 0
"p908": 0.002536499818418224
"p909": 0.0006661134537982578
"p910": 7.52670569263568E-05
"p911": 0
"p912": 0.004045604309791678
"p913": 0.0013548070246744226
"p914": 0.00019945770085484554
"p915": 1.1290058538953523E-05
"p916": 0.009619129875188403
"p917": 0.0031649797437533034
"p918": 0.0005701479562171528
"p919": 4.892358700213193E-05
"p920": 0.0010330403563142472
"p921": 0.0002878964927433148
"p922": 3.0106822770542726E-05
"p923": 0
"p924": 0.007974544681347505
"p925": 0.0024047824687971
"p926": 0.00034058343259176454
"p927": 2.2580117077907045E-05
"p928": 0.0006303616017582384
"p929": 0.00026343469924224885
"p930": 3.951520488633733E-05
"p931": 5.645029269476761E-06
"p932": 0.0026437553745382826
"p933": 0.0009144947416552353
"p934": 0.00016182417239166716
"p935": 7.5267056926356815E-06
"p936": 7.33853805031979E-05
"p937": 2.6343469924224884E-05
"p938": 5.645029269476761E-06
"p939": 0
"p940": 0.0003443467854380824
"p941": 0.00011478226181269415
"p942": 2.6343469924224887E-05
"p943": 1.8816764231589204E-06
"p944": 0.000901323006693123
