"p882": 0
"p883": 0
"p884": 0
"p885": 0
"p886": 0
"p887": 0
"p888": 0.00021639278866327584
"p889": 3.9515204886337324E-05
"p890": 0
"p891": 0
"p892": 3.010682277054273E-05
"p893": 1.8816764231589204E-06
"p894": 0
"p895": 0
"p896": 0.022290338908740572
"p897": 0.00996912168989596
"p898": 0.0026098851989214225
"p899": 0.0003405834325917647
"p900": 0.00012419064392848875
"p901": 1.1290058538953523E-05
"p902": 0
"p903": 0
"p904": 0.01710255701009143
"p905": 0.0067777984762184326
"p906": 0.0015486196962597914
"p907": 0.0001637058488148261
"p908": 0.022798391542993485
"p909": 0.007539877427597795
"p910": 0.0013962039059839191
"p911": 0.00012042729108217092
"p912": 0.02787139117982993
"p913": 0.013207486814152462
"p914": 0.003731364347124139
"p915": 0.000615308190372967
"p916": 0.0017123255450746176
"p917": 0.0002653163756654078
"p918": 1.1290058538953523E-05
"p919": 0
"p920": 0.027973001706680524
"p921": 0.011370970625149359
"p922": 0.0027867627826983613
"p923": 0.00029165984558963265
"p924": 0.04038077604099045
"p925": 0.01438541625504995
"p926": 0.002715259078618322
"p927": 0.00018816764231589203
"p928": 0.014773041598220685
"p929": 0.005782391648367363
"p930": 0.001160994353089054
"p931": 4.327855773265517E-05
"p932": 0
"p933": 0
"p934": 0
"p935": 0
"p936": 0.007827773920341109
"p937": 0.0028450947518162874
"p938": 0.00044031228301918735
"p939": 1.1290058538953523E-05
"p940": 0.006783443505487909
"p941": 0.0020641990362053357
"p942": 0.00026343469924224885
"p943": 1.3171734962112442E-05
"p944": 0.013030609230375523
