"p882": 0
"p883": 0
"p884": 0
"p885": 0
"p886": 0
"p887": 0
"p888": 0.0009126130652320765
"p889": 0.00012419064392848875
"p890": 1.1290058538953523E-05
"p891": 0
"p892": 7.526705692635681E-05
"p893": 1.3171734962112442E-05
"p894": 0
"p895": 0
"p896": 0.0015505013726829502
"p897": 0.00030106822770542725
"p898": 3.575185204001949E-05
"p899": 1.8816764231589204E-06
"p900": 0
"p901": 0
"p902": 0
"p903": 0
"p904": 0.0024047824687971004
"p905": 0.0007056286586845951
"p906": 0.00010537387969689955
"p907": 2.2580117077907045E-05
"p908": 0.0003104766098212218
"p909": 9.032046831162817E-05
"p910": 9.408382115794602E-06
"p911": 0
"p912": 0
"p913": 0
"p914": 0
"p915": 0
"p916": 0
"p917": 0
"p918": 0
"p919": 0
"p920": 0.0001637058488148261
"p921": 2.8225146347383808E-05
"p922": 0
"p923": 0
"p924": 7.5267056926356815E-06
"p925": 0
"p926": 0
"p927": 0
"p928": 0.006952794383572212
"p929": 0.002054790654089541
"p930": 0.000353755167553877
"p931": 4.139688130949624E-05
"p932": 0.0011459409417037825
"p933": 0.00019945770085484557
"p934": 1.6935087808430286E-05
"p935": 0
"p936": 0.04060093218250004
"p937": 0.016048818213122436
"p938": 0.003759589493471524
"p939": 0.00038950701959389653
"p940": 0.026147775576216357
"p941": 0.009389565351563012
"p942": 0.0018421612182725829
"p943": 0.00015429746669903146
"p944": 0.0014093756409460315
