"p882": 1.6935087808430286E-05
"p883": 0
"p884": 0.0004911175464444781
"p885": 0.00011478226181269414
"p886": 5.645029269476761E-06
"p887": 0
"p888": 0.00046853742936657115
"p889": 3.387017561686057E-05
"p890": 0
"p891": 0
"p892": 0.00013548070246744226
"p893": 5.645029269476761E-06
"p894": 0
"p895": 0
"p896": 0.0014432458165628919
"p897": 0.00045348401798129986
"p898": 6.774035123372113E-05
"p899": 0
"p900": 0.005246113867767069
"p901": 0.0019851686264326608
"p902": 0.0003989154017096911
"p903": 1.8816764231589203E-05
"p904": 0.00019945770085484557
"p905": 5.268693984844976E-05
"p906": 5.645029269476761E-06
"p907": 0
"p908": 0.0008693345074994212
"p909": 0.00021639278866327584
"p910": 1.1290058538953523E-05
"p911": 0
"p912": 0.0017988826605399278
"p913": 0.0005249877220613388
"p914": 7.714873334951574E-05
"p915": 1.1290058538953523E-05
"p916": 0.00477381308555418
"p917": 0.0014902877271418648
"p918": 0.0002615530228190899
"p919": 4.139688130949625E-05
"p920": 0.0003161216390906986
"p921": 0.00011290058538953523
"p922": 3.0106822770542726E-05
"p923": 5.645029269476761E-06
"p924": 0.0028413313989699702
"p925": 0.0009521282701184137
"p926": 0.00018064093662325636
"p927": 9.408382115794602E-06
"p928": 0.020314578664423707
"p929": 0.008042285032581226
"p930": 0.0017894742784241332
"p931": 0.000212629435816958
"p932": 0.041060061229750824
"p933": 0.017008473188933487
"p934": 0.003955283841480052
"p935": 0.0004290222244802339
"p936": 0.00892855462788908
"p937": 0.0029278885144352804
"p938": 0.0005005259285602729
"p939": 1.88167642315892E-05
"p940": 0.016107150182240366
"p941": 0.0044595731228866415
"p942": 0.0006134265139498081
"p943": 2.8225146347383815E-05
"p944": 0.02702840014225473
