"p882": 6.39769983874033E-05
"p883": 1.1290058538953523E-05
"p884": 0.0010706738847774257
"p885": 0.0003725719317854662
"p886": 5.833196911792653E-05
"p887": 1.1290058538953523E-05
"p888": 0.000709392011530913
"p889": 0.00014677076100639576
"p890": 5.645029269476761E-06
"p891": 0
"p892": 0.0003274116976296521
"p893": 5.645029269476761E-05
"p894": 0
"p895": 0
"p896": 6.962202765688006E-05
"p897": 1.5053411385271363E-05
"p898": 0
"p899": 0
"p900": 0.0005343961041771334
"p901": 8.467543904215141E-05
"p902": 1.8816764231589204E-06
"p903": 0
"p904": 2.4461793501065963E-05
"p905": 5.645029269476761E-06
"p906": 0
"p907": 0
"p908": 0.00018816764231589203
"p909": 5.833196911792653E-05
"p910": 1.1290058538953523E-05
"p911": 0
"p912": 0.00017123255450746176
"p913": 1.8816764231589203E-05
"p914": 0
"p915": 0
"p916": 0.0010085785628131813
"p917": 0.00022391949435591154
"p918": 2.2580117077907045E-05
"p919": 0
"p920": 5.2686939848449775E-05
"p921": 3.7633528463178407E-06
"p922": 0
"p923": 0
"p924": 0.0004064421074023268
"p925": 8.843879188846925E-05
"p926": 0
"p927": 0
"p928": 0.0024405343208371193
"p929": 0.000824174273343607
"p930": 0.0001542974666990315
"p931": 3.010682277054273E-05
"p932": 0.008635013105876287
"p933": 0.0029674037193216174
"p934": 0.0005964914261413778
"p935": 7.714873334951573E-05
"p936": 0.0004534840179812998
"p937": 0.00012419064392848873
"p938": 2.634346992422489E-05
"p939": 1.8816764231589204E-06
"p940": 0.0030727775990185163
"p941": 0.0007489072164172505
"p942": 7.33853805031979E-05
"p943": 5.645029269476761E-06
"p944": 0.005846368646754765
