"p882": 0
"p883": 0
"p884": 0
"p885": 0
"p886": 0
"p887": 0
"p888": 0.000686811894453006
"p889": 0.00018064093662325633
"p890": 1.8816764231589203E-05
"p891": 0
"p892": 8.843879188846926E-05
"p893": 1.1290058538953523E-05
"p894": 0
"p895": 0
"p896": 0.0010612655026616313
"p897": 0.00021074775939379902
"p898": 7.5267056926356815E-06
"p899": 0
"p900": 2.2580117077907045E-05
"p901": 0
"p902": 0
"p903": 0
"p904": 0.007462728694248279
"p905": 0.00264940040380776
"p906": 0.000568266279793994
"p907": 7.714873334951573E-05
"p908": 0.002749129254235182
"p909": 0.0007300904521856611
"p910": 0.00010537387969689955
"p911": 2.258011707790705E-05
"p912": 0.00448027156354139
"p913": 0.0012588415270933175
"p914": 0.0001844042894695742
"p915": 7.5267056926356815E-06
"p916": 0.00047230078221288907
"p917": 7.714873334951573E-05
"p918": 5.645029269476761E-06
"p919": 0
"p920": 0.014407996372127854
"p921": 0.004749351292053115
"p922": 0.0009088497123857587
"p923": 9.596549758110493E-05
"p924": 0.00943096223287251
"p925": 0.0030727775990185167
"p926": 0.0006021364554108545
"p927": 4.892358700213193E-05
"p928": 0.00016182417239166716
"p929": 3.3870175616860565E-05
"p930": 5.645029269476761E-06
"p931": 0
"p932": 0
"p933": 0
"p934": 0
"p935": 0
"p936": 0.0027416025485425466
"p937": 0.0009088497123857585
"p938": 0.00010161052685058171
"p939": 1.8816764231589204E-06
"p940": 0.0002784881106275202
"p941": 9.220214473478709E-05
"p942": 2.2580117077907045E-05
"p943": 1.8816764231589204E-06
"p944": 0.0008091208619583356
