"p882": 0
"p883": 0
"p884": 0
"p885": 0
"p886": 0
"p887": 0
"p888": 0.0007018653058382772
"p889": 9.032046831162815E-05
"p890": 0
"p891": 0
"p892": 3.7633528463178407E-06
"p893": 0
"p894": 0
"p895": 0
"p896": 0.0019550618036621183
"p897": 0.0004892358700213193
"p898": 6.585867481056221E-05
"p899": 1.1290058538953523E-05
"p900": 5.645029269476761E-05
"p901": 0
"p902": 0
"p903": 0
"p904": 0.015102334972273495
"p905": 0.0062810359005044765
"p906": 0.0014733526393334348
"p907": 0.00014677076100639582
"p908": 0.007974544681347505
"p909": 0.0029354152201279157
"p910": 0.0005889647204487422
"p911": 5.8331969117926534E-05
"p912": 0.006130501786651763
"p913": 0.0018703863646199667
"p914": 0.00032364834478333426
"p915": 4.139688130949624E-05
"p916": 0.0011233608246258755
"p917": 0.00019945770085484557
"p918": 1.6935087808430286E-05
"p919": 0
"p920": 0.026874102675555712
"p921": 0.010744372376237436
"p922": 0.0026061218460751052
"p923": 0.00028225146347383805
"p924": 0.021490626428898034
"p925": 0.007842827331726381
"p926": 0.0015392113141439966
"p927": 0.0001298356731979655
"p928": 0.0004102054602486447
"p929": 0.00013548070246744226
"p930": 3.7633528463178407E-05
"p931": 5.645029269476761E-06
"p932": 0
"p933": 0
"p934": 0
"p935": 0
"p936": 0.00782777392034111
"p937": 0.003110411127481695
"p938": 0.0005645029269476762
"p939": 1.3171734962112442E-05
"p940": 0.0025797783761508796
"p941": 0.000878742889615216
"p942": 0.00013171734962112442
"p943": 7.5267056926356815E-06
"p944": 0.0017217339271904122
