"p882": 0
"p883": 0
"p884": 8.467543904215143E-05
"p885": 1.1290058538953523E-05
"p886": 0
"p887": 0
"p888": 0.0007225637464930256
"p889": 0.00012607232035164766
"p890": 3.7633528463178407E-06
"p891": 0
"p892": 0.0007601972749562037
"p893": 0.00019004931873905096
"p894": 1.5053411385271363E-05
"p895": 0
"p896": 0.001763130808499908
"p897": 0.0004704191057897301
"p898": 8.46754390421514E-05
"p899": 5.645029269476761E-06
"p900": 0.004145333160219102
"p901": 0.0011026623839711274
"p902": 0.00015617914312219037
"p903": 7.5267056926356815E-06
"p904": 0.00461951561885515
"p905": 0.0014432458165628919
"p906": 0.0002389729057411829
"p907": 1.3171734962112444E-05
"p908": 0.01202767569683182
"p909": 0.003977863958557957
"p910": 0.0007206820700698665
"p911": 6.962202765688005E-05
"p912": 0
"p913": 0
"p914": 0
"p915": 0
"p916": 1.6935087808430286E-05
"p917": 0
"p918": 0
"p919": 0
"p920": 0
"p921": 0
"p922": 0
"p923": 0
"p924": 9.408382115794602E-06
"p925": 0
"p926": 0
"p927": 0
"p928": 0.00045724737082761767
"p929": 6.774035123372113E-05
"p930": 0
"p931": 0
"p932": 0.0014451274929860507
"p933": 0.0003688085789391484
"p934": 4.704191057897301E-05
"p935": 0
"p936": 0.002754774283504659
"p937": 0.0008994413302699639
"p938": 0.0001749959073537796
"p939": 1.3171734962112444E-05
"p940": 0.009905144691508556
"p941": 0.0034641662950355714
"p942": 0.0006472966895666686
"p943": 6.021364554108545E-05
"p944": 0.0002634346992422488
