"p882": 0
"p883": 0
"p884": 0
"p885": 0
"p886": 0
"p887": 0
"p888": 1.1290058538953523E-05
"p889": 0
"p890": 0
"p891": 0
"p892": 3.0106822770542726E-05
"p893": 0
"p894": 0
"p895": 0
"p896": 0.00011290058538953522
"p897": 3.3870175616860565E-05
"p898": 0
"p899": 0
"p900": 0.0010932540018553328
"p901": 0.0001373623788906012
"p902": 3.7633528463178407E-06
"p903": 0
"p904": 0.0005757929854866297
"p905": 0.0001279539967748066
"p906": 1.3171734962112442E-05
"p907": 0
"p908": 0.001936245039430529
"p909": 0.0005042892814065907
"p910": 3.7633528463178407E-05
"p911": 0
"p912": 0
"p913": 0
"p914": 0
"p915": 0
"p916": 0
"p917": 0
"p918": 0
"p919": 0
"p920": 0
"p921": 0
"p922": 0
"p923": 0
"p924": 0.00010725555612005845
"p925": 5.645029269476761E-06
"p926": 0
"p927": 0
"p928": 0.0041904933943749155
"p929": 0.0013265818783270388
"p930": 0.00018628596589273307
"p931": 1.1290058538953523E-05
"p932": 0.009573969641032586
"p933": 0.002764182665620454
"p934": 0.00045536569440445874
"p935": 1.5053411385271363E-05
"p936": 0.018065975338748794
"p937": 0.006546352276169884
"p938": 0.0012117996165143445
"p939": 6.962202765688005E-05
"p940": 0.045933603165732396
"p941": 0.016118440240779314
"p942": 0.0032778803291428397
"p943": 0.0002747247577812024
"p944": 0.0003706902553623073
