"p882": 0
"p883": 0
"p884": 4.139688130949625E-05
"p885": 0
"p886": 0
"p887": 0
"p888": 0
"p889": 0
"p890": 0
"p891": 0
"p892": 0
"p893": 0
"p894": 0
"p895": 0
"p896": 0.00043090390090339274
"p897": 0.00011666393823585305
"p898": 1.3171734962112442E-05
"p899": 0
"p900": 0.0025534349062266556
"p901": 0.0006886935708761648
"p902": 7.903040977267465E-05
"p903": 1.8816764231589204E-06
"p904": 7.52670569263568E-05
"p905": 2.6343469924224884E-05
"p906": 5.645029269476761E-06
"p907": 0
"p908": 0.0005381594570234513
"p909": 0.00013736237889060122
"p910": 5.645029269476761E-06
"p911": 0
"p912": 0.0005701479562171529
"p913": 0.0001392440553137601
"p914": 1.3171734962112442E-05
"p915": 0
"p916": 0.0023389237939865385
"p917": 0.0005494495155624048
"p918": 3.7633528463178407E-05
"p919": 0
"p920": 0.0001016105268505817
"p921": 2.2580117077907045E-05
"p922": 0
"p923": 0
"p924": 0.000707510335107754
"p925": 0.00021639278866327584
"p926": 3.0106822770542726E-05
"p927": 0
"p928": 0.008894684452272216
"p929": 0.003213903330755436
"p930": 0.0006981019529919596
"p931": 8.655711546531033E-05
"p932": 0.02452388882303021
"p933": 0.008781783866882682
"p934": 0.0019475350979694828
"p935": 0.00026531637566540783
"p936": 0.0024537060557992324
"p937": 0.0008072391855351768
"p938": 0.00017311423093062066
"p939": 1.8816764231589204E-06
"p940": 0.007750625186991592
"p941": 0.0019964586849716146
"p942": 0.0002653163756654078
"p943": 5.645029269476761E-06
"p944": 0.011532794797541022
