"p882": 0
"p883": 0
"p884": 0
"p885": 0
"p886": 0
"p887": 0
"p888": 0.0023784389988728747
"p889": 0.0006567050716824632
"p890": 0.00010537387969689955
"p891": 2.2580117077907045E-05
"p892": 0.0005927280732950601
"p893": 0.00015429746669903146
"p894": 1.1290058538953523E-05
"p895": 0
"p896": 1.3171734962112444E-05
"p897": 0
"p898": 0
"p899": 0
"p900": 0
"p901": 0
"p902": 0
"p903": 0
"p904": 0.0005475678391392458
"p905": 8.467543904215141E-05
"p906": 1.8816764231589204E-06
"p907": 0
"p908": 6.585867481056221E-05
"p909": 1.3171734962112442E-05
"p910": 0
"p911": 0
"p912": 0.0004911175464444782
"p913": 9.220214473478711E-05
"p914": 0
"p915": 0
"p916": 0
"p917": 0
"p918": 0
"p919": 0
"p920": 0.0010706738847774257
"p921": 0.00024273625858750077
"p922": 2.2580117077907045E-05
"p923": 0
"p924": 0.00020698440654748124
"p925": 2.2580117077907045E-05
"p926": 0
"p927": 0
"p928": 0.001183574470166961
"p929": 0.00022768284720222932
"p930": 7.5267056926356815E-06
"p931": 0
"p932": 2.2580117077907045E-05
"p933": 0
"p934": 0
"p935": 0
"p936": 0.009075325388895474
"p937": 0.003057724187633245
"p938": 0.0006115448375266492
"p939": 7.903040977267465E-05
"p940": 0.002946705278666869
"p941": 0.0007827773920341107
"p942": 0.00011101890896637632
"p943": 2.4461793501065966E-05
"p944": 0.004493443298503502
