"p882": 0
"p883": 0
"p884": 0
"p885": 0
"p886": 0
"p887": 0
"p888": 0.0010085785628131813
"p889": 0.0002220378179327526
"p890": 1.1290058538953523E-05
"p891": 0
"p892": 1.8816764231589204E-06
"p893": 0
"p894": 0
"p895": 0
"p896": 0.00806674682608229
"p897": 0.0025854234054203565
"p898": 0.0004967625757139549
"p899": 6.021364554108545E-05
"p900": 0.001445127492986051
"p901": 0.0003142399626675397
"p902": 2.2580117077907045E-05
"p903": 0
"p904": 0.04331995461396468
"p905": 0.01910277904790937
"p906": 0.0051219232238385835
"p907": 0.0007564339221098864
"p908": 0.028511161163703974
"p909": 0.010573139821729974
"p910": 0.0022881185305612473
"p911": 0.00019381267158536877
"p912": 0.00039515204886337327
"p913": 5.080526342529086E-05
"p914": 0
"p915": 0
"p916": 0
"p917": 0
"p918": 0
"p919": 0
"p920": 0.00039515204886337327
"p921": 6.774035123372114E-05
"p922": 5.645029269476761E-06
"p923": 0
"p924": 2.2580117077907045E-05
"p925": 3.7633528463178407E-06
"p926": 0
"p927": 0
"p928": 0.0041716766301433264
"p929": 0.0012889483498638608
"p930": 0.0002766064342043613
"p931": 3.3870175616860565E-05
"p932": 4.8923587002131926E-05
"p933": 0
"p934": 0
"p935": 0
"p936": 0.05063214919436025
"p937": 0.020899780032026142
"p938": 0.004894240376636353
"p939": 0.000524987722061339
"p940": 0.018017051751746664
"p941": 0.005915990674411646
"p942": 0.0010273953270447706
"p943": 8.091208619583358E-05
"p944": 0.004815209966863678
