"p882": 5.645029269476761E-06
"p883": 0
"p884": 0
"p885": 0
"p886": 0
"p887": 0
"p888": 0.0005118159870992264
"p889": 7.714873334951573E-05
"p890": 5.645029269476761E-06
"p891": 0
"p892": 7.903040977267465E-05
"p893": 0
"p894": 0
"p895": 0
"p896": 0.003454757912919777
"p897": 0.0011609943530890537
"p898": 0.00021451111224011693
"p899": 3.0106822770542726E-05
"p900": 0.0006548233952593044
"p901": 8.467543904215139E-05
"p902": 0
"p903": 0
"p904": 0.0018609779825041718
"p905": 0.0005870830440255831
"p906": 0.00010725555612005847
"p907": 1.6935087808430282E-05
"p908": 0.003562013469039836
"p909": 0.0012212079986301395
"p910": 0.0002333278764717061
"p911": 2.0698440654748128E-05
"p912": 0.0004666557529434122
"p913": 9.22021447347871E-05
"p914": 5.645029269476761E-06
"p915": 0
"p916": 0
"p917": 0
"p918": 0
"p919": 0
"p920": 1.6935087808430282E-05
"p921": 0
"p922": 0
"p923": 0
"p924": 3.3870175616860565E-05
"p925": 0
"p926": 0
"p927": 0
"p928": 0.05284876402084144
"p929": 0.022947043980423038
"p930": 0.0060307729362243405
"p931": 0.0008712161839225803
"p932": 0.0015486196962597916
"p933": 0.00023520955289486501
"p934": 1.1290058538953523E-05
"p935": 0
"p936": 0.042475081899966315
"p937": 0.016814660517348118
"p938": 0.003991035693520071
"p939": 0.0004102054602486446
"p940": 0.05801961083168216
"p941": 0.01979335429520869
"p942": 0.003674914054429372
"p943": 0.00026907972851172564
"p944": 0.019317290160149474
