"p882": 0
"p883": 0
"p884": 3.387017561686057E-05
"p885": 0
"p886": 0
"p887": 0
"p888": 0
"p889": 0
"p890": 0
"p891": 0
"p892": 0
"p893": 0
"p894": 0
"p895": 0
"p896": 0.007620789513793627
"p897": 0.002933533543704757
"p898": 0.0005569762212550404
"p899": 3.198849919370165E-05
"p900": 0.014291332433892008
"p901": 0.005104988136030152
"p902": 0.0010575021498153135
"p903": 0.0001016105268505817
"p904": 0.0034491128836503003
"p905": 0.0011647577059353716
"p906": 0.00022580117077907047
"p907": 9.408382115794602E-06
"p908": 0.014078702998075045
"p909": 0.004659030823741487
"p910": 0.0007808957156109519
"p911": 3.575185204001949E-05
"p912": 5.645029269476761E-06
"p913": 0
"p914": 0
"p915": 0
"p916": 0.00011290058538953522
"p917": 5.645029269476761E-06
"p918": 0
"p919": 0
"p920": 0
"p921": 0
"p922": 0
"p923": 0
"p924": 5.645029269476761E-06
"p925": 0
"p926": 0
"p927": 0
"p928": 0.008286902967591886
"p929": 0.0031160561567511722
"p930": 0.0005588578976781992
"p931": 4.892358700213193E-05
"p932": 0.02344568823256015
"p933": 0.008373460083057196
"p934": 0.001612596694647195
"p935": 0.00014300740816007796
"p936": 0.0022749467955991347
"p937": 0.0008204109204972892
"p938": 0.00014300740816007796
"p939": 1.8816764231589204E-06
"p940": 0.005801208412598952
"p941": 0.0016652836344956444
"p942": 0.00023709122931802394
"p943": 3.7633528463178407E-06
"p944": 0.006418398279395077
