"p882": 0
"p883": 0
"p884": 3.387017561686057E-05
"p885": 0
"p886": 0
"p887": 0
"p888": 0.0009257848001941889
"p889": 0.00017687758377693853
"p890": 1.6935087808430286E-05
"p891": 0
"p892": 0.00059272807329506
"p893": 0.0001204272910821709
"p894": 5.645029269476761E-06
"p895": 0
"p896": 3.9515204886337324E-05
"p897": 1.6935087808430282E-05
"p898": 0
"p899": 0
"p900": 0.0005080526342529087
"p901": 5.080526342529085E-05
"p902": 0
"p903": 0
"p904": 0.0015975432832619233
"p905": 0.0004817091643286836
"p906": 6.774035123372113E-05
"p907": 0
"p908": 0.005336434336078697
"p909": 0.0020096304199337268
"p910": 0.0003989154017096911
"p911": 1.8816764231589203E-05
"p912": 0.00030106822770542725
"p913": 5.456861627160869E-05
"p914": 0
"p915": 0
"p916": 0.002991865512822684
"p917": 0.0006002547789876955
"p918": 6.774035123372114E-05
"p919": 3.7633528463178407E-06
"p920": 0.0019268366573147342
"p921": 0.0005532128684087226
"p922": 8.27937626189925E-05
"p923": 1.1290058538953523E-05
"p924": 0.004222481893568617
"p925": 0.0014526541986786864
"p926": 0.0002671980520885667
"p927": 4.139688130949625E-05
"p928": 0.0030558425112100873
"p929": 0.0008806245660383747
"p930": 0.00011478226181269415
"p931": 0
"p932": 0.00449532497492666
"p933": 0.0011722844116280075
"p934": 0.00016370584881482606
"p935": 2.2580117077907045E-05
"p936": 0.02646201553888391
"p937": 0.010006755218359142
"p938": 0.0020867791532832433
"p939": 0.00022580117077907047
"p940": 0.048901006885054034
"p941": 0.019418900687000064
"p942": 0.004320329067572882
"p943": 0.0004572473708276178
"p944": 0.009267256384057683
