"p882": 0
"p883": 0
"p884": 0
"p885": 0
"p886": 0
"p887": 0
"p888": 0.001445127492986051
"p889": 0.0003142399626675397
"p890": 2.2580117077907045E-05
"p891": 0
"p892": 0.00010161052685058169
"p893": 5.645029269476761E-06
"p894": 0
"p895": 0
"p896": 0.0004290222244802339
"p897": 5.080526342529085E-05
"p898": 0
"p899": 0
"p900": 0
"p901": 0
"p902": 0
"p903": 0
"p904": 0.0060119561719927505
"p905": 0.002156401180940122
"p906": 0.00041208713667180354
"p907": 1.8816764231589203E-05
"p908": 0.0009370748587331423
"p909": 0.0003029499041285862
"p910": 4.516023415581409E-05
"p911": 0
"p912": 0.002715259078618323
"p913": 0.0005833196911792654
"p914": 6.774035123372114E-05
"p915": 3.7633528463178407E-06
"p916": 0
"p917": 0
"p918": 0
"p919": 0
"p920": 0.005537773713356701
"p921": 0.0016878637515735514
"p922": 0.0002916598455896327
"p923": 4.139688130949625E-05
"p924": 0.001136532559587988
"p925": 0.0003706902553623072
"p926": 5.833196911792654E-05
"p927": 1.1290058538953523E-05
"p928": 0.004405004506615033
"p929": 0.0011722844116280075
"p930": 0.00016370584881482606
"p931": 2.2580117077907045E-05
"p932": 0.00012419064392848875
"p933": 0
"p934": 0
"p935": 0
"p936": 0.05386486928934728
"p937": 0.021605408690710738
"p938": 0.00490364875875215
"p939": 0.0005287510749076568
"p940": 0.021182031495499968
"p941": 0.007014889705536455
"p942": 0.0013115284669417673
"p943": 0.0001298356731979655
"p944": 0.009455424026373574
