"p882": 0
"p883": 0
"p884": 1.3171734962112442E-05
"p885": 7.5267056926356815E-06
"p886": 0
"p887": 0
"p888": 0.0003857436667475786
"p889": 4.5160234155814084E-05
"p890": 0
"p891": 0
"p892": 0.00031423996266753966
"p893": 4.516023415581409E-05
"p894": 0
"p895": 0
"p896": 0.0014338374344470973
"p897": 0.0004290222244802338
"p898": 4.139688130949625E-05
"p899": 0
"p900": 0.002011512096356886
"p901": 0.0004892358700213193
"p902": 6.585867481056221E-05
"p903": 1.1290058538953523E-05
"p904": 0.006832367092490039
"p905": 0.00249322126068557
"p906": 0.0005400411334466102
"p907": 4.8923587002131926E-05
"p908": 0.016396928351406832
"p909": 0.006881290679492172
"p910": 0.0015580280783755861
"p911": 0.00016370584881482612
"p912": 0.005351487747463969
"p913": 0.001953180127238959
"p914": 0.0002690797285117256
"p915": 1.8816764231589203E-05
"p916": 0.007186122260043918
"p917": 0.0020641990362053357
"p918": 0.0003405834325917646
"p919": 4.139688130949624E-05
"p920": 0.015397758170709451
"p921": 0.0054681516856998225
"p922": 0.0009803534164657976
"p923": 5.8331969117926534E-05
"p924": 0.032330964302716585
"p925": 0.013331677458080953
"p926": 0.0031311095681364432
"p927": 0.0003424651090149235
"p928": 0.00013171734962112445
"p929": 2.2580117077907045E-05
"p930": 0
"p931": 0
"p932": 0.0004102054602486447
"p933": 0.00013548070246744226
"p934": 3.7633528463178407E-05
"p935": 5.645029269476761E-06
"p936": 0.0028093428997762676
"p937": 0.0009878801221584333
"p938": 0.00014677076100639582
"p939": 7.5267056926356815E-06
"p940": 0.007712991658528414
"p941": 0.003035144070555338
"p942": 0.0005550945448318816
"p943": 1.3171734962112442E-05
"p944": 0.0003349384033222878
