"p882": 0.00028601481632015586
"p883": 1.6935087808430286E-05
"p884": 0.010507281146919413
"p885": 0.003972218929288481
"p886": 0.0006999836294151185
"p887": 4.327855773265517E-05
"p888": 0.0012626048799396353
"p889": 0.0003349384033222878
"p890": 3.0106822770542726E-05
"p891": 1.8816764231589204E-06
"p892": 0.001851569600388377
"p893": 0.0006755218359140525
"p894": 8.467543904215143E-05
"p895": 3.7633528463178407E-06
"p896": 0.0019719968914705486
"p897": 0.000636006631027715
"p898": 0.00010725555612005848
"p899": 1.8816764231589204E-06
"p900": 0.004754996321322592
"p901": 0.001930600010161052
"p902": 0.00037821696105494305
"p903": 1.1290058538953523E-05
"p904": 0.0006491783659898275
"p905": 0.0002145111122401169
"p906": 1.1290058538953521E-05
"p907": 0
"p908": 0.0023690306167570806
"p909": 0.000707510335107754
"p910": 5.080526342529086E-05
"p911": 0
"p912": 0.00695467605999537
"p913": 0.0023031719419465187
"p914": 0.0003180033155138575
"p915": 1.3171734962112444E-05
"p916": 0.011094364190944998
"p917": 0.004645859088779376
"p918": 0.0010405670620068832
"p919": 3.9515204886337324E-05
"p920": 0.003067132569749039
"p921": 0.0011308875303185115
"p922": 3.951520488633734E-05
"p923": 1.8816764231589204E-06
"p924": 0.010019926953321252
"p925": 0.00313863627382908
"p926": 0.00013924405531376012
"p927": 1.8816764231589204E-06
"p928": 0.0004139688130949624
"p929": 0.00011478226181269415
"p930": 1.1290058538953521E-05
"p931": 0
"p932": 0.001842161218272583
"p933": 0.0007188003936467076
"p934": 9.784717400426387E-05
"p935": 0
"p936": 7.338538050319788E-05
"p937": 1.6935087808430282E-05
"p938": 3.7633528463178407E-06
"p939": 0
"p940": 0.00024461793501065964
"p941": 4.327855773265517E-05
"p942": 9.408382115794602E-06
"p943": 0
"p944": 0.0007658423042256805
