"p882": 0
"p883": 0
"p884": 0.00031047660982122185
"p885": 4.516023415581409E-05
"p886": 0
"p887": 0
"p888": 4.3278557732655166E-05
"p889": 3.7633528463178407E-06
"p890": 0
"p891": 0
"p892": 1.6935087808430286E-05
"p893": 3.7633528463178407E-06
"p894": 0
"p895": 0
"p896": 0.0056883078272094165
"p897": 0.0021564011809401228
"p898": 0.0004817091643286836
"p899": 4.8923587002131926E-05
"p900": 0.012968513908411281
"p901": 0.005714651297133642
"p902": 0.0013962039059839193
"p903": 0.00014677076100639582
"p904": 0.0018082910426557228
"p905": 0.0005607395741013582
"p906": 6.774035123372114E-05
"p907": 0
"p908": 0.0077054649528357794
"p909": 0.002293763559830724
"p910": 0.0002878964927433148
"p911": 1.129005853895352E-05
"p912": 0.012509384861160504
"p913": 0.004615752266008831
"p914": 0.0008618078018067854
"p915": 5.8331969117926534E-05
"p916": 0.02077182603525133
"p917": 0.009175054239322895
"p918": 0.002401019115950783
"p919": 0.00028036978705067917
"p920": 0.005573525565396722
"p921": 0.0018703863646199672
"p922": 0.0001637058488148261
"p923": 1.8816764231589204E-06
"p924": 0.02104090576376305
"p925": 0.007204939024275509
"p926": 0.0009483649172720957
"p927": 5.8331969117926534E-05
"p928": 0.002448061026529755
"p929": 0.0009144947416552355
"p930": 0.0001448890845832369
"p931": 7.5267056926356815E-06
"p932": 0.0071070918502712434
"p933": 0.002926006838012121
"p934": 0.0005550945448318816
"p935": 1.3171734962112442E-05
"p936": 0.00042525887163391606
"p937": 9.784717400426387E-05
"p938": 7.5267056926356815E-06
"p939": 0
"p940": 0.0011666393823585308
"p941": 0.0002483812878569775
"p942": 3.387017561686057E-05
"p943": 1.8816764231589204E-06
"p944": 0.0026625721387698725
