"p882": 0
"p883": 0
"p884": 2.6343469924224887E-05
"p885": 3.7633528463178407E-06
"p886": 0
"p887": 0
"p888": 3.7633528463178407E-06
"p889": 0
"p890": 0
"p891": 0
"p892": 0
"p893": 0
"p894": 0
"p895": 0
"p896": 0.0026174119046140578
"p897": 0.0008053575091120181
"p898": 0.0001091372325432174
"p899": 5.645029269476761E-06
"p900": 0.006294207635466588
"p901": 0.001817699424771517
"p902": 0.00027284308135804345
"p903": 2.4461793501065963E-05
"p904": 0.0006510600424129864
"p905": 0.00015806081954534932
"p906": 1.8816764231589203E-05
"p907": 0
"p908": 0.006858710562414265
"p909": 0.0020416189191274285
"p910": 0.0003104766098212219
"p911": 2.2580117077907045E-05
"p912": 0
"p913": 0
"p914": 0
"p915": 0
"p916": 2.8225146347383805E-05
"p917": 0
"p918": 0
"p919": 0
"p920": 0
"p921": 0
"p922": 0
"p923": 0
"p924": 0
"p925": 0
"p926": 0
"p927": 0
"p928": 0.0023746756460265566
"p929": 0.0009276664766173479
"p930": 0.00015241579027587256
"p931": 1.6935087808430282E-05
"p932": 0.007786377039031616
"p933": 0.0028074612233531084
"p934": 0.0005569762212550403
"p935": 4.139688130949625E-05
"p936": 0.0005042892814065907
"p937": 0.00018064093662325636
"p938": 2.2580117077907045E-05
"p939": 0
"p940": 0.0022034430915190955
"p941": 0.0006774035123372113
"p942": 8.467543904215141E-05
"p943": 1.8816764231589204E-06
"p944": 0.0019889319792789784
