"p882": 0.00023332787647170614
"p883": 1.3171734962112442E-05
"p884": 0.00011101890896637632
"p885": 2.2580117077907042E-05
"p886": 0
"p887": 0
"p888": 0.002694560637963573
"p889": 0.0008448727139983554
"p890": 0.00010161052685058171
"p891": 7.5267056926356815E-06
"p892": 0.0022241415321738434
"p893": 0.0007639606278025217
"p894": 9.596549758110493E-05
"p895": 3.7633528463178407E-06
"p896": 0.000991643475004751
"p897": 0.0003274116976296521
"p898": 8.27937626189925E-05
"p899": 1.8816764231589204E-06
"p900": 5.645029269476761E-06
"p901": 0
"p902": 0
"p903": 0
"p904": 0.00035751852040019486
"p905": 0.00012230896750532982
"p906": 1.5053411385271365E-05
"p907": 0
"p908": 0.0005757929854866297
"p909": 0.00019381267158536877
"p910": 2.8225146347383808E-05
"p911": 1.8816764231589204E-06
"p912": 0.0033155138576060174
"p913": 0.0010066968863900224
"p914": 0.0001561791431221904
"p915": 9.408382115794602E-06
"p916": 0.0001994577008548455
"p917": 1.6935087808430282E-05
"p918": 0
"p919": 0
"p920": 0.0014714709629102757
"p921": 0.0003932703724402144
"p922": 3.010682277054273E-05
"p923": 0
"p924": 0.003560131792616677
"p925": 0.000967181681503685
"p926": 8.655711546531033E-05
"p927": 5.645029269476761E-06
"p928": 0.00031423996266753977
"p929": 8.843879188846926E-05
"p930": 9.408382115794602E-06
"p931": 0
"p932": 0
"p933": 0
"p934": 0
"p935": 0
"p936": 4.139688130949625E-05
"p937": 2.2580117077907045E-05
"p938": 3.7633528463178407E-06
"p939": 0
"p940": 7.714873334951573E-05
"p941": 3.198849919370165E-05
"p942": 7.5267056926356815E-06
"p943": 0
"p944": 0.0006228348960656026
