"p882": 1.6935087808430286E-05
"p883": 0
"p884": 0.0008505177432678319
"p885": 0.0003180033155138575
"p886": 8.091208619583358E-05
"p887": 1.1290058538953523E-05
"p888": 0.002636228668845647
"p889": 0.0009295481530405067
"p890": 0.00013548070246744229
"p891": 1.1290058538953523E-05
"p892": 0.006471085219243529
"p893": 0.002066080712628494
"p894": 0.000259671346395931
"p895": 1.3171734962112442E-05
"p896": 1.5053411385271363E-05
"p897": 1.8816764231589204E-06
"p898": 0
"p899": 0
"p900": 0.00017687758377693845
"p901": 1.8816764231589203E-05
"p902": 0
"p903": 0
"p904": 0.00034999181470755914
"p905": 0.00011666393823585305
"p906": 2.446179350106597E-05
"p907": 1.8816764231589204E-06
"p908": 0.001339753613289151
"p909": 0.00043654893017286954
"p910": 9.784717400426387E-05
"p911": 1.8816764231589204E-06
"p912": 0.0007884224213035875
"p913": 0.00011854561465901196
"p914": 1.1290058538953523E-05
"p915": 0
"p916": 0.0015410929905671554
"p917": 0.0002784881106275202
"p918": 7.5267056926356815E-06
"p919": 0
"p920": 0.0019211916280452573
"p921": 0.0005814380147561064
"p922": 6.209532196424438E-05
"p923": 5.645029269476761E-06
"p924": 0.005204716986457574
"p925": 0.0016878637515735518
"p926": 0.00019381267158536883
"p927": 9.408382115794602E-06
"p928": 0
"p929": 0
"p930": 0
"p931": 0
"p932": 1.6935087808430282E-05
"p933": 0
"p934": 0
"p935": 0
"p936": 3.575185204001949E-05
"p937": 7.5267056926356815E-06
"p938": 0
"p939": 0
"p940": 0.0003462284618612414
"p941": 0.00010537387969689955
"p942": 1.1290058538953523E-05
"p943": 0
"p944": 5.833196911792653E-05
