"p882": 0
"p883": 0
"p884": 0
"p885": 0
"p886": 0
"p887": 0
"p888": 0
"p889": 0
"p890": 0
"p891": 0
"p892": 0
"p893": 0
"p894": 0
"p895": 0
"p896": 0.003975982282134799
"p897": 0.0014319557580239383
"p898": 0.0003631635496696716
"p899": 5.6450292694767617E-05
"p900": 3.198849919370165E-05
"p901": 5.645029269476761E-06
"p902": 0
"p903": 0
"p904": 0.0018854397760052378
"p905": 0.0007884224213035875
"p906": 0.0001862859658927331
"p907": 1.8816764231589203E-05
"p908": 0.0036410438788125107
"p909": 0.001127124177472193
"p910": 0.00020886608297064017
"p911": 1.6935087808430286E-05
"p912": 0.007549285809713591
"p913": 0.002568488317611926
"p914": 0.000472300782212889
"p915": 4.327855773265517E-05
"p916": 0.0005626212505245172
"p917": 5.833196911792653E-05
"p918": 5.645029269476761E-06
"p919": 0
"p920": 0.0035450783812314055
"p921": 0.0010368037091605653
"p922": 0.00013736237889060116
"p923": 5.645029269476761E-06
"p924": 0.010298415063948772
"p925": 0.0032741169762965207
"p926": 0.0005042892814065907
"p927": 3.387017561686057E-05
"p928": 0.0020152754492032032
"p929": 0.000637888307450874
"p930": 0.0001448890845832369
"p931": 7.5267056926356815E-06
"p932": 0
"p933": 0
"p934": 0
"p935": 0
"p936": 0.0007940674505730642
"p937": 0.00032553002120649325
"p938": 2.2580117077907045E-05
"p939": 0
"p940": 0.0009050863595394404
"p941": 0.00034622846186124133
"p942": 6.585867481056221E-05
"p943": 7.5267056926356815E-06
"p944": 0.002540263171264542
