"p882": 0
"p883": 0
"p884": 0
"p885": 0
"p886": 0
"p887": 0
"p888": 0
"p889": 0
"p890": 0
"p891": 0
"p892": 0
"p893": 0
"p894": 0
"p895": 0
"p896": 0.01269567082705324
"p897": 0.004931873905099531
"p898": 0.0012550781742469998
"p899": 0.00019757602443168663
"p900": 8.467543904215143E-05
"p901": 1.1290058538953523E-05
"p902": 0
"p903": 0
"p904": 0.007929384447191693
"p905": 0.0030727775990185167
"p906": 0.0007714873334951574
"p907": 9.408382115794602E-05
"p908": 0.01210106107733502
"p909": 0.0037934596690883835
"p910": 0.0007018653058382772
"p911": 5.456861627160869E-05
"p912": 0.015113625030812448
"p913": 0.005806853441868427
"p914": 0.001230616380745934
"p915": 0.00012419064392848873
"p916": 0.000946483240848937
"p917": 0.00012419064392848875
"p918": 1.1290058538953523E-05
"p919": 0
"p920": 0.011986278815522325
"p921": 0.004365489301728695
"p922": 0.000897559653846805
"p923": 6.209532196424438E-05
"p924": 0.0207454825653271
"p925": 0.007144725378734422
"p926": 0.0012437881157080467
"p927": 5.6450292694767617E-05
"p928": 0.008136368853739171
"p929": 0.002624938610306694
"p930": 0.00040456043097916787
"p931": 1.6935087808430282E-05
"p932": 0
"p933": 0
"p934": 0
"p935": 0
"p936": 0.0035940019682335384
"p937": 0.001155349323819577
"p938": 0.00014112573173691902
"p939": 9.408382115794602E-06
"p940": 0.0033719641503007843
"p941": 0.0011177157953563988
"p942": 0.0001373623788906012
"p943": 9.408382115794602E-06
"p944": 0.00604958970045593
