"p882": 0
"p883": 0
"p884": 1.5053411385271363E-05
"p885": 0
"p886": 0
"p887": 0
"p888": 0.0010462120912763597
"p889": 0.00017123255450746173
"p890": 5.645029269476761E-06
"p891": 0
"p892": 0.0004704191057897302
"p893": 7.33853805031979E-05
"p894": 5.645029269476761E-06
"p895": 0
"p896": 0
"p897": 0
"p898": 0
"p899": 0
"p900": 0.00025214464070329537
"p901": 5.645029269476761E-06
"p902": 0
"p903": 0
"p904": 0.0003876253431707376
"p905": 9.596549758110493E-05
"p906": 3.7633528463178407E-06
"p907": 0
"p908": 0.002013393772780045
"p909": 0.0008053575091120179
"p910": 0.0001825226130464153
"p911": 3.7633528463178407E-06
"p912": 9.032046831162818E-05
"p913": 1.1290058538953523E-05
"p914": 0
"p915": 0
"p916": 0.0018233444540409938
"p917": 0.0003180033155138575
"p918": 3.575185204001949E-05
"p919": 1.8816764231589204E-06
"p920": 0.0005889647204487422
"p921": 0.00015053411385271363
"p922": 1.3171734962112444E-05
"p923": 0
"p924": 0.0018478062475420596
"p925": 0.0006077814846803312
"p926": 9.596549758110495E-05
"p927": 2.2580117077907045E-05
"p928": 0.0015448563434134737
"p929": 0.00043843060659602836
"p930": 4.139688130949625E-05
"p931": 0
"p932": 0.0022128514736348905
"p933": 0.0005306327513308156
"p934": 7.150370408003896E-05
"p935": 1.1290058538953523E-05
"p936": 0.008813772366076382
"p937": 0.0030897126868269474
"p938": 0.0006058998082571723
"p939": 5.080526342529084E-05
"p940": 0.022190610058313152
"p941": 0.008911619540080648
"p942": 0.0018816764231589208
"p943": 0.00017875926020009746
"p944": 0.005407938040158737
