"p882": 0
"p883": 0
"p884": 0
"p885": 0
"p886": 0
"p887": 0
"p888": 0
"p889": 0
"p890": 0
"p891": 0
"p892": 1.5053411385271363E-05
"p893": 0
"p894": 0
"p895": 0
"p896": 0.0008937963010004872
"p897": 0.0002013393772780045
"p898": 2.446179350106597E-05
"p899": 0
"p900": 0.0024988662899550467
"p901": 0.0004911175464444782
"p902": 2.6343469924224887E-05
"p903": 0
"p904": 0.008230452674897118
"p905": 0.003168743096599622
"p906": 0.0007470255399940916
"p907": 8.655711546531033E-05
"p908": 0.02011700263999202
"p909": 0.0076621863951031235
"p910": 0.0018553329532346955
"p911": 0.00026155302281908997
"p912": 0.0037614711698946823
"p913": 0.001228734704322775
"p914": 0.00018064093662325636
"p915": 1.1290058538953523E-05
"p916": 0.007861644095957972
"p917": 0.002427362585875007
"p918": 0.0004290222244802338
"p919": 1.5053411385271363E-05
"p920": 0.01253572833108473
"p921": 0.004790748173362612
"p922": 0.0009239031237710299
"p923": 4.327855773265517E-05
"p924": 0.027470594101697082
"p925": 0.01058442988026893
"p926": 0.0022843551777149296
"p927": 0.00019569434800852773
"p928": 9.596549758110492E-05
"p929": 2.4461793501065963E-05
"p930": 0
"p931": 0
"p932": 0.00046477407652025334
"p933": 0.00013171734962112442
"p934": 1.6935087808430286E-05
"p935": 0
"p936": 0.0033606740917618313
"p937": 0.0011515859709732592
"p938": 0.00014865243742955472
"p939": 1.3171734962112444E-05
"p940": 0.011062375691751296
"p941": 0.0035488417340777236
"p942": 0.00045536569440445874
"p943": 1.6935087808430282E-05
"p944": 0.00033682007974544673
