"p882": 0.0025233280834561123
"p883": 0.00043466725374971066
"p884": 0.0003970337252865322
"p885": 6.774035123372113E-05
"p886": 5.645029269476761E-06
"p887": 0
"p888": 0.02471017478892295
"p889": 0.01087985307870488
"p890": 0.002717140755041482
"p891": 0.00029542319843595046
"p892": 0.020713494066133396
"p893": 0.008533402579025705
"p894": 0.0018383978654262652
"p895": 0.00014112573173691905
"p896": 0.0003349384033222878
"p897": 9.97288504274228E-05
"p898": 1.8816764231589203E-05
"p899": 0
"p900": 0
"p901": 0
"p902": 0
"p903": 0
"p904": 3.198849919370165E-05
"p905": 1.8816764231589204E-06
"p906": 0
"p907": 0
"p908": 0.0001561791431221904
"p909": 5.456861627160869E-05
"p910": 0
"p911": 0
"p912": 0.0008561627725373088
"p913": 0.00025778966997277205
"p914": 3.0106822770542726E-05
"p915": 0
"p916": 0.0002088660829706401
"p917": 0
"p918": 0
"p919": 0
"p920": 0.00027096140493488446
"p921": 5.833196911792653E-05
"p922": 0
"p923": 0
"p924": 0.0008166475676509715
"p925": 0.0002483812878569775
"p926": 4.139688130949625E-05
"p927": 0
"p928": 0.005044774490489065
"p929": 0.0020228021548958394
"p930": 0.0003763352846317841
"p931": 1.1290058538953523E-05
"p932": 2.8225146347383805E-05
"p933": 0
"p934": 0
"p935": 0
"p936": 0.0016521118995335318
"p937": 0.000519342692791862
"p938": 4.8923587002131926E-05
"p939": 0
"p940": 0.0037614711698946827
"p941": 0.0012005095579753911
"p942": 0.00014865243742955472
"p943": 1.8816764231589204E-06
"p944": 0.010670986995734238
