"p882": 0
"p883": 0
"p884": 0
"p885": 0
"p886": 0
"p887": 0
"p888": 0.0010800822668932202
"p889": 0.0001749959073537796
"p890": 0
"p891": 0
"p892": 9.032046831162817E-05
"p893": 1.3171734962112442E-05
"p894": 0
"p895": 0
"p896": 0.00040079707813285
"p897": 7.526705692635681E-05
"p898": 0
"p899": 0
"p900": 0
"p901": 0
"p902": 0
"p903": 0
"p904": 0.0009972885042742279
"p905": 0.00022580117077907044
"p906": 2.2580117077907045E-05
"p907": 0
"p908": 0.00019004931873905094
"p909": 2.2580117077907045E-05
"p910": 0
"p911": 0
"p912": 0
"p913": 0
"p914": 0
"p915": 0
"p916": 0
"p917": 0
"p918": 0
"p919": 0
"p920": 5.645029269476761E-06
"p921": 0
"p922": 0
"p923": 0
"p924": 0
"p925": 0
"p926": 0
"p927": 0
"p928": 0.00517461016368703
"p929": 0.00139432222956076
"p930": 0.00019193099516220987
"p931": 7.5267056926356815E-06
"p932": 0.00048359084075184255
"p933": 7.714873334951573E-05
"p934": 5.645029269476761E-06
"p935": 0
"p936": 0.018986115109673508
"p937": 0.006004429466300116
"p938": 0.0011026623839711274
"p939": 0.00011290058538953522
"p940": 0.010432014089993055
"p941": 0.0032797620055659976
"p942": 0.000613426513949808
"p943": 4.892358700213193E-05
"p944": 0.00046853742936657104
