"p882": 0
"p883": 0
"p884": 1.3171734962112442E-05
"p885": 7.5267056926356815E-06
"p886": 0
"p887": 0
"p888": 0.0007658423042256805
"p889": 0.00011478226181269414
"p890": 5.645029269476761E-06
"p891": 0
"p892": 0.00048359084075184244
"p893": 8.655711546531033E-05
"p894": 5.645029269476761E-06
"p895": 0
"p896": 0.004581882090391971
"p897": 0.0016408218409945784
"p898": 0.0002464996114338186
"p899": 1.8816764231589203E-05
"p900": 0.006109803345997015
"p901": 0.0016859820751503926
"p902": 0.00025402631712645424
"p903": 3.0106822770542726E-05
"p904": 0.011813164584591702
"p905": 0.004186730041528598
"p906": 0.0007921857741499054
"p907": 5.2686939848449775E-05
"p908": 0.02585611573062673
"p909": 0.010511044499765733
"p910": 0.0024706411436076626
"p911": 0.00028036978705067917
"p912": 0
"p913": 0
"p914": 0
"p915": 0
"p916": 0.0002389729057411829
"p917": 1.6935087808430282E-05
"p918": 0
"p919": 0
"p920": 2.0698440654748124E-05
"p921": 0
"p922": 0
"p923": 0
"p924": 0.00017875926020009743
"p925": 2.6343469924224887E-05
"p926": 0
"p927": 0
"p928": 0.0012738949384785891
"p929": 0.0004403122830191873
"p930": 3.575185204001949E-05
"p931": 0
"p932": 0.0020679623890516533
"p933": 0.0006567050716824633
"p934": 0.0001486524374295547
"p935": 1.6935087808430282E-05
"p936": 0.008512704138370956
"p937": 0.0031047660982122184
"p938": 0.0005701479562171529
"p939": 3.951520488633733E-05
"p940": 0.02116509640769154
"p941": 0.008738505309150027
"p942": 0.0019512984508158007
"p943": 0.0001637058488148261
"p944": 0.001296475055556496
