"p882": 5.645029269476761E-06
"p883": 0
"p884": 0
"p885": 0
"p886": 0
"p887": 0
"p888": 0.0005776746619097885
"p889": 9.972885042742276E-05
"p890": 5.645029269476761E-06
"p891": 0
"p892": 8.655711546531032E-05
"p893": 1.8816764231589204E-06
"p894": 0
"p895": 0
"p896": 0.022954570686115672
"p897": 0.010721792259159528
"p898": 0.003044552452671133
"p899": 0.0005099343106760674
"p900": 0.0014808793450260705
"p901": 0.00023144620004854718
"p902": 1.1290058538953523E-05
"p903": 0
"p904": 0.022683609281180794
"p905": 0.009321825000329291
"p906": 0.002333278764717061
"p907": 0.00025026296428013644
"p908": 0.035695401747324725
"p909": 0.012960987202718648
"p910": 0.0025364998184182253
"p911": 0.00018816764231589203
"p912": 0.00036880857893914834
"p913": 6.585867481056221E-05
"p914": 5.645029269476761E-06
"p915": 0
"p916": 0.0002314462000485472
"p917": 3.3870175616860565E-05
"p918": 0
"p919": 0
"p920": 2.6343469924224884E-05
"p921": 1.8816764231589204E-06
"p922": 0
"p923": 0
"p924": 8.27937626189925E-05
"p925": 1.5053411385271363E-05
"p926": 0
"p927": 0
"p928": 0.03136566429763605
"p929": 0.013292162253194614
"p930": 0.0032571818884880913
"p931": 0.00036504522609283053
"p932": 6.774035123372114E-05
"p933": 3.7633528463178407E-06
"p934": 0
"p935": 0
"p936": 0.020576131687242802
"p937": 0.008222925969204483
"p938": 0.0018101727190788814
"p939": 0.00016182417239166716
"p940": 0.02307876133004417
"p941": 0.007370526549513492
"p942": 0.0012381430864385696
"p943": 8.467543904215141E-05
"p944": 0.023123921564199977
