"p882": 1.5053411385271363E-05
"p883": 0
"p884": 0
"p885": 0
"p886": 0
"p887": 0
"p888": 0.00026907972851172564
"p889": 6.021364554108545E-05
"p890": 7.5267056926356815E-06
"p891": 0
"p892": 0.00016558752523798502
"p893": 3.387017561686057E-05
"p894": 3.7633528463178407E-06
"p895": 0
"p896": 0.005387239599503989
"p897": 0.0019908136557021377
"p898": 0.0004497206651349819
"p899": 6.39769983874033E-05
"p900": 4.139688130949625E-05
"p901": 5.645029269476761E-06
"p902": 0
"p903": 0
"p904": 0.0022410766199822737
"p905": 0.0007037469822614362
"p906": 0.00013548070246744229
"p907": 1.3171734962112444E-05
"p908": 0.0044614547993098
"p909": 0.0011911011758595966
"p910": 0.0001580608195453493
"p911": 2.8225146347383808E-05
"p912": 0.009316179971059815
"p913": 0.003309868828336541
"p914": 0.0006774035123372113
"p915": 7.714873334951573E-05
"p916": 0.0006322432781813973
"p917": 8.27937626189925E-05
"p918": 5.645029269476761E-06
"p919": 0
"p920": 0.005820025176830539
"p921": 0.0016427035174177375
"p922": 0.00026907972851172564
"p923": 1.8816764231589203E-05
"p924": 0.012114232812297133
"p925": 0.0037163109357388675
"p926": 0.0006247165724887616
"p927": 4.51602341558141E-05
"p928": 0.0022015614150959362
"p929": 0.0007545522456867271
"p930": 8.091208619583358E-05
"p931": 1.8816764231589204E-06
"p932": 0
"p933": 0
"p934": 0
"p935": 0
"p936": 0.000568266279793994
"p937": 0.00017499590735377962
"p938": 3.010682277054273E-05
"p939": 1.8816764231589204E-06
"p940": 0.0005814380147561065
"p941": 0.00020510273012432233
"p942": 5.2686939848449775E-05
"p943": 3.7633528463178407E-06
"p944": 0.002139466093131692
