"p882": 0.0011327692067416698
"p883": 0.0001110189089663763
"p884": 1.5053411385271363E-05
"p885": 3.7633528463178407E-06
"p886": 0
"p887": 0
"p888": 0.011369088948726196
"p889": 0.0037012575243535965
"p890": 0.0006115448375266492
"p891": 5.080526342529085E-05
"p892": 0.007925621094345373
"p893": 0.002609885198921422
"p894": 0.0004610107236739355
"p895": 4.7041910578973015E-05
"p896": 0.0007959491269962233
"p897": 0.0002408545821643418
"p898": 3.0106822770542726E-05
"p899": 0
"p900": 0.0002088660829706401
"p901": 0
"p902": 0
"p903": 0
"p904": 0.00027096140493488446
"p905": 5.833196911792653E-05
"p906": 0
"p907": 0
"p908": 0.0008166475676509715
"p909": 0.0002483812878569775
"p910": 4.139688130949625E-05
"p911": 0
"p912": 6.021364554108545E-05
"p913": 1.6935087808430286E-05
"p914": 0
"p915": 0
"p916": 0
"p917": 0
"p918": 0
"p919": 0
"p920": 0
"p921": 0
"p922": 0
"p923": 0
"p924": 0
"p925": 0
"p926": 0
"p927": 0
"p928": 0.012086007665949746
"p929": 0.004922465522983736
"p930": 0.0010876089725858561
"p931": 4.139688130949625E-05
"p932": 0.000447838988711823
"p933": 6.209532196424438E-05
"p934": 0
"p935": 0
"p936": 0.00639769983874033
"p937": 0.002128176034592739
"p938": 0.0001768775837769385
"p939": 1.8816764231589204E-06
"p940": 0.014522778633940553
"p941": 0.004892358700213194
"p942": 0.0004854725171750016
"p943": 1.6935087808430286E-05
"p944": 0.0038348565503978794
