"p882": 1.505341138527136E-05
"p883": 0
"p884": 0
"p885": 0
"p886": 0
"p887": 0
"p888": 0.00916940921005342
"p889": 0.002897781691664737
"p890": 0.0004854725171750014
"p891": 1.5053411385271363E-05
"p892": 0.0008053575091120178
"p893": 0.0001994577008548455
"p894": 2.258011707790704E-05
"p895": 0
"p896": 0.005549063771895656
"p897": 0.0017461957206914784
"p898": 0.00027848811062752024
"p899": 3.0106822770542726E-05
"p900": 0.0009257848001941888
"p901": 0.00017687758377693853
"p902": 1.6935087808430286E-05
"p903": 0
"p904": 0.025485425475264428
"p905": 0.010034980364706528
"p906": 0.0022486033256749107
"p907": 0.00023332787647170614
"p908": 0.019812171059440276
"p909": 0.007013008029113296
"p910": 0.0014978144328345008
"p911": 0.000188167642315892
"p912": 0.0002991865512822683
"p913": 3.3870175616860565E-05
"p914": 0
"p915": 0
"p916": 0
"p917": 0
"p918": 0
"p919": 0
"p920": 0.0002671980520885667
"p921": 5.456861627160869E-05
"p922": 5.645029269476761E-06
"p923": 0
"p924": 2.6343469924224887E-05
"p925": 3.7633528463178407E-06
"p926": 0
"p927": 0
"p928": 0.002369030616757081
"p929": 0.0007394988343014557
"p930": 0.00014112573173691902
"p931": 1.6935087808430282E-05
"p932": 2.2580117077907045E-05
"p933": 0
"p934": 0
"p935": 0
"p936": 0.021650568924866543
"p937": 0.008571036107488885
"p938": 0.0018082910426557228
"p939": 0.00016935087808430286
"p940": 0.008145777235854967
"p941": 0.0028262779875846975
"p942": 0.000611544837526649
"p943": 7.714873334951572E-05
"p944": 0.002999392218515319
