"p882": 0
"p883": 0
"p884": 0
"p885": 0
"p886": 0
"p887": 0
"p888": 3.76335284631784E-05
"p889": 3.7633528463178407E-06
"p890": 0
"p891": 0
"p892": 1.8816764231589203E-05
"p893": 3.7633528463178407E-06
"p894": 0
"p895": 0
"p896": 0
"p897": 0
"p898": 0
"p899": 0
"p900": 4.704191057897302E-05
"p901": 0
"p902": 0
"p903": 0
"p904": 7.714873334951574E-05
"p905": 2.0698440654748124E-05
"p906": 0
"p907": 0
"p908": 0.0007771323627646341
"p909": 0.00022015614150959365
"p910": 3.575185204001949E-05
"p911": 0
"p912": 5.645029269476761E-06
"p913": 0
"p914": 0
"p915": 0
"p916": 0.000521224369215021
"p917": 3.7633528463178407E-05
"p918": 0
"p919": 0
"p920": 9.22021447347871E-05
"p921": 1.3171734962112444E-05
"p922": 0
"p923": 0
"p924": 0.0007865407448804289
"p925": 0.00016182417239166716
"p926": 0
"p927": 0
"p928": 0.0002333278764717061
"p929": 4.8923587002131926E-05
"p930": 5.645029269476761E-06
"p931": 0
"p932": 0.0009464832408489367
"p933": 0.00015617914312219037
"p934": 7.5267056926356815E-06
"p935": 0
"p936": 0.00207360741832113
"p937": 0.0006962202765688006
"p938": 0.00016935087808430283
"p939": 1.8816764231589203E-05
"p940": 0.008145777235854967
"p941": 0.0028262779875846975
"p942": 0.0006115448375266492
"p943": 7.714873334951573E-05
"p944": 0.0016652836344956444
