"p882": 0
"p883": 0
"p884": 9.220214473478709E-05
"p885": 2.2580117077907045E-05
"p886": 0
"p887": 0
"p888": 0.0017010354865356638
"p889": 0.0004760641350592068
"p890": 6.962202765688005E-05
"p891": 1.1290058538953523E-05
"p892": 0.0012155629693606626
"p893": 0.0003970337252865322
"p894": 5.833196911792653E-05
"p895": 1.1290058538953523E-05
"p896": 0
"p897": 0
"p898": 0
"p899": 0
"p900": 1.3171734962112444E-05
"p901": 0
"p902": 0
"p903": 0
"p904": 7.714873334951574E-05
"p905": 1.5053411385271363E-05
"p906": 0
"p907": 0
"p908": 0.0005400411334466101
"p909": 8.467543904215141E-05
"p910": 1.8816764231589204E-06
"p911": 0
"p912": 5.8331969117926534E-05
"p913": 0
"p914": 0
"p915": 0
"p916": 0.0007112736879540719
"p917": 0.00014300740816007796
"p918": 0
"p919": 0
"p920": 0.00019004931873905096
"p921": 2.2580117077907045E-05
"p922": 0
"p923": 0
"p924": 0.0008091208619583356
"p925": 0.00019193099516220987
"p926": 2.2580117077907045E-05
"p927": 0
"p928": 0.0002897781691664737
"p929": 5.4568616271608685E-05
"p930": 5.645029269476761E-06
"p931": 0
"p932": 0.001206154587244868
"p933": 0.00022768284720222932
"p934": 7.5267056926356815E-06
"p935": 0
"p936": 0.0026983239908098923
"p937": 0.0008994413302699639
"p938": 0.00016370584881482606
"p939": 3.198849919370165E-05
"p940": 0.009628538257304198
"p941": 0.0032120216543322765
"p942": 0.0006115448375266492
"p943": 7.714873334951573E-05
"p944": 0.0021300577110158975
