"p882": 0
"p883": 0
"p884": 1.5053411385271363E-05
"p885": 0
"p886": 0
"p887": 0
"p888": 0
"p889": 0
"p890": 0
"p891": 0
"p892": 0
"p893": 0
"p894": 0
"p895": 0
"p896": 0.0068925807380311255
"p897": 0.002696442314386733
"p898": 0.0006491783659898276
"p899": 8.467543904215141E-05
"p900": 0.017130782156438807
"p901": 0.006774035123372114
"p902": 0.0017217339271904122
"p903": 0.00026155302281908997
"p904": 0.002148874475247487
"p905": 0.000758315598533045
"p906": 0.0001693508780843028
"p907": 1.8816764231589204E-06
"p908": 0.007219992435660778
"p909": 0.0019550618036621187
"p910": 0.0002653163756654078
"p911": 5.645029269476761E-06
"p912": 0.01024760980052348
"p913": 0.003987272340673752
"p914": 0.0007658423042256806
"p915": 4.327855773265517E-05
"p916": 0.01951862953742748
"p917": 0.007272679375509228
"p918": 0.001561791431221904
"p919": 0.0001542974666990315
"p920": 0.004645859088779374
"p921": 0.0015994249596850824
"p922": 0.00028789649274331484
"p923": 9.408382115794602E-06
"p924": 0.015420338287787352
"p925": 0.005084289695375402
"p926": 0.0008392276847288784
"p927": 3.575185204001949E-05
"p928": 0.0030088006006311133
"p929": 0.0010763189140469026
"p930": 0.0001448890845832369
"p931": 1.3171734962112444E-05
"p932": 0.010682277054273194
"p933": 0.003458521265766095
"p934": 0.00045536569440445874
"p935": 1.6935087808430282E-05
"p936": 0.0004929992228676371
"p937": 0.0001486524374295547
"p938": 2.6343469924224884E-05
"p939": 1.8816764231589204E-06
"p940": 0.0010932540018553326
"p941": 0.0003330567268991289
"p942": 5.833196911792654E-05
"p943": 3.7633528463178407E-06
"p944": 0.0026061218460751044
