"p882": 0
"p883": 0
"p884": 2.2580117077907045E-05
"p885": 3.7633528463178407E-06
"p886": 0
"p887": 0
"p888": 0.00021639278866327584
"p889": 3.3870175616860565E-05
"p890": 0
"p891": 0
"p892": 0.0002935415220127916
"p893": 6.209532196424438E-05
"p894": 0
"p895": 0
"p896": 0.0027773544005825664
"p897": 0.0008411093611520375
"p898": 0.00011478226181269415
"p899": 0
"p900": 0.004107699631755923
"p901": 0.0010838456197395383
"p902": 0.00015241579027587256
"p903": 2.2580117077907045E-05
"p904": 0.019744430708206556
"p905": 0.00791621271222958
"p906": 0.0018026460133862463
"p907": 0.000212629435816958
"p908": 0.03450430057146513
"p909": 0.0145434770745953
"p910": 0.0035187349113071816
"p911": 0.00043090390090339285
"p912": 0.009124248975897606
"p913": 0.0034509945600734596
"p914": 0.0006548233952593044
"p915": 3.575185204001949E-05
"p916": 0.010761307464045864
"p917": 0.003377609179570262
"p918": 0.0006585867481056221
"p919": 8.279376261899248E-05
"p920": 0.032355426096217645
"p921": 0.013181143344228242
"p922": 0.0030765409518648357
"p923": 0.0003161216390906987
"p924": 0.05163884608075028
"p925": 0.022062656061538344
"p926": 0.005673254415824146
"p927": 0.0007921857741499056
"p928": 0.0003462284618612414
"p929": 8.091208619583358E-05
"p930": 5.645029269476761E-06
"p931": 0
"p932": 0.0008241742733436071
"p933": 0.00028036978705067917
"p934": 6.774035123372114E-05
"p935": 1.1290058538953523E-05
"p936": 0.008966188156352256
"p937": 0.0030821859811343113
"p938": 0.0004610107236739355
"p939": 1.8816764231589203E-05
"p940": 0.019712442209012856
"p941": 0.007468373723517758
"p942": 0.0013378719368659928
"p943": 4.327855773265517E-05
"p944": 0.0007357354814551379
