"p882": 0.00013548070246744226
"p883": 0
"p884": 0
"p885": 0
"p886": 0
"p887": 0
"p888": 0.0020698440654748126
"p889": 0.000492999222867637
"p890": 7.150370408003898E-05
"p891": 0
"p892": 0.0004948808992907961
"p893": 9.784717400426385E-05
"p894": 1.1290058538953521E-05
"p895": 0
"p896": 0.01110189089663763
"p897": 0.004862251877442651
"p898": 0.0011101890896637633
"p899": 0.00010349220327374062
"p900": 8.091208619583358E-05
"p901": 5.645029269476761E-06
"p902": 0
"p903": 0
"p904": 0.006597157539595175
"p905": 0.002472522820030821
"p906": 0.0004120871366718036
"p907": 2.6343469924224887E-05
"p908": 0.012020148991139186
"p909": 0.00395716551790321
"p910": 0.0007075103351077541
"p911": 7.526705692635683E-05
"p912": 0.01873585214539337
"p913": 0.008318891466785586
"p914": 0.0021338210638622156
"p915": 0.0002653163756654078
"p916": 0.0011816927937438018
"p917": 0.00018816764231589206
"p918": 5.645029269476761E-06
"p919": 0
"p920": 0.015888875717153927
"p921": 0.005470033362122983
"p922": 0.0009295481530405067
"p923": 5.268693984844977E-05
"p924": 0.028928893329645246
"p925": 0.010162934361481333
"p926": 0.0019870503028558205
"p927": 0.00021827446508643474
"p928": 0.005374067864541875
"p929": 0.0021902713565569833
"p930": 0.0003612818732465127
"p931": 1.1290058538953523E-05
"p932": 0
"p933": 0
"p934": 0
"p935": 0
"p936": 0.001879794746735761
"p937": 0.0006397699838740329
"p938": 8.843879188846925E-05
"p939": 1.8816764231589204E-06
"p940": 0.002118767652476944
"p941": 0.0006228348960656026
"p942": 0.00013548070246744226
"p943": 3.7633528463178407E-06
"p944": 0.006772153446948954
