"p882": 1.505341138527136E-05
"p883": 0
"p884": 0
"p885": 0
"p886": 0
"p887": 0
"p888": 0.004570592031853018
"p889": 0.0013510436718281046
"p890": 0.00019569434800852768
"p891": 0
"p892": 0.0002973048748591094
"p893": 5.080526342529085E-05
"p894": 0
"p895": 0
"p896": 0.002333278764717061
"p897": 0.0006491783659898273
"p898": 8.655711546531033E-05
"p899": 1.1290058538953523E-05
"p900": 5.645029269476761E-05
"p901": 0
"p902": 0
"p903": 0
"p904": 0.016829713928733385
"p905": 0.006922687560801669
"p906": 0.0014338374344470975
"p907": 0.00011854561465901197
"p908": 0.008380986788749833
"p909": 0.0028394497225468105
"p910": 0.0005362777806002923
"p911": 7.526705692635681E-05
"p912": 0.00674580997702473
"p913": 0.0021658095630559173
"p914": 0.00036504522609283053
"p915": 4.139688130949624E-05
"p916": 0.0009257848001941888
"p917": 0.00017687758377693853
"p918": 1.6935087808430286E-05
"p919": 0
"p920": 0.03226510562790602
"p921": 0.012708842562015352
"p922": 0.002873319898163673
"p923": 0.000306713256974904
"p924": 0.023285745736591645
"p925": 0.008360288348095083
"p926": 0.0018308711597336295
"p927": 0.00023332787647170614
"p928": 0.0004346672537497106
"p929": 0.0001298356731979655
"p930": 3.198849919370165E-05
"p931": 5.645029269476761E-06
"p932": 0
"p933": 0
"p934": 0
"p935": 0
"p936": 0.00707510335107754
"p937": 0.0027472475778120243
"p938": 0.00043278557732655173
"p939": 1.1290058538953523E-05
"p940": 0.00153356628487452
"p941": 0.00048359084075184255
"p942": 0.00010349220327374063
"p943": 1.8816764231589204E-06
"p944": 0.001766894161346226
