"p882": 0.000284133139896997
"p883": 7.5267056926356815E-06
"p884": 0
"p885": 0
"p886": 0
"p887": 0
"p888": 0.004181085012259121
"p889": 0.0010161052685058172
"p890": 0.00014488908458323686
"p891": 7.5267056926356815E-06
"p892": 0.0014601809043713217
"p893": 0.00035187349113071807
"p894": 4.5160234155814084E-05
"p895": 0
"p896": 0.002478167849300298
"p897": 0.0008749795367688981
"p898": 0.00016182417239166713
"p899": 7.5267056926356815E-06
"p900": 0.0003838619903244198
"p901": 5.080526342529086E-05
"p902": 0
"p903": 0
"p904": 0.0009803534164657976
"p905": 0.0002483812878569775
"p906": 3.0106822770542726E-05
"p907": 0
"p908": 0.002290000206984406
"p909": 0.0007357354814551379
"p910": 0.0001373623788906012
"p911": 1.3171734962112444E-05
"p912": 0.000284133139896997
"p913": 7.714873334951574E-05
"p914": 5.645029269476761E-06
"p915": 0
"p916": 0
"p917": 0
"p918": 0
"p919": 0
"p920": 9.408382115794602E-06
"p921": 0
"p922": 0
"p923": 0
"p924": 1.8816764231589203E-05
"p925": 0
"p926": 0
"p927": 0
"p928": 0.028370035431967047
"p929": 0.012108587783027654
"p930": 0.0029749304250142536
"p931": 0.00034434678543808245
"p932": 0.001089490649009015
"p933": 0.00017311423093062064
"p934": 5.645029269476761E-06
"p935": 0
"p936": 0.020184742991225742
"p937": 0.006967847794957483
"p938": 0.0011892194994364378
"p939": 7.150370408003898E-05
"p940": 0.03635398849543036
"p941": 0.012447289539196264
"p942": 0.002414190850912896
"p943": 0.00026155302281908997
"p944": 0.009692515255691599
