"p882": 1.5053411385271363E-05
"p883": 0
"p884": 0
"p885": 0
"p886": 0
"p887": 0
"p888": 0.0006190715432192848
"p889": 0.00010537387969689954
"p890": 7.5267056926356815E-06
"p891": 0
"p892": 0.0002596713463959311
"p893": 4.892358700213193E-05
"p894": 3.7633528463178407E-06
"p895": 0
"p896": 0.006388291456624535
"p897": 0.002190271356556983
"p898": 0.0004214955187875981
"p899": 4.704191057897301E-05
"p900": 0.0006153081903729669
"p901": 8.27937626189925E-05
"p902": 5.645029269476761E-06
"p903": 0
"p904": 0.004085119514678016
"p905": 0.0010819639433163792
"p906": 0.00015429746669903146
"p907": 9.408382115794602E-06
"p908": 0.010260781535485592
"p909": 0.003110411127481695
"p910": 0.0005061709578297497
"p911": 3.3870175616860565E-05
"p912": 9.408382115794602E-06
"p913": 0
"p914": 0
"p915": 0
"p916": 1.6935087808430286E-05
"p917": 0
"p918": 0
"p919": 0
"p920": 0
"p921": 0
"p922": 0
"p923": 0
"p924": 5.645029269476761E-06
"p925": 0
"p926": 0
"p927": 0
"p928": 0.0071183819088101955
"p929": 0.0024856945549929337
"p930": 0.0004779458114823657
"p931": 4.704191057897301E-05
"p932": 2.2580117077907045E-05
"p933": 1.8816764231589204E-06
"p934": 0
"p935": 0
"p936": 0.0028639115160478765
"p937": 0.0008768612131920569
"p938": 0.00015241579027587256
"p939": 1.1290058538953523E-05
"p940": 0.003913886960170554
"p941": 0.0011440592652806234
"p942": 0.00019004931873905096
"p943": 1.3171734962112444E-05
"p944": 0.005530247007664068
