"p882": 0
"p883": 0
"p884": 0
"p885": 0
"p886": 0
"p887": 0
"p888": 0.0014808793450260703
"p889": 0.00023144620004854718
"p890": 1.1290058538953523E-05
"p891": 0
"p892": 0.00013171734962112442
"p893": 1.8816764231589207E-05
"p894": 0
"p895": 0
"p896": 0.00020322105370116343
"p897": 5.645029269476761E-06
"p898": 0
"p899": 0
"p900": 0
"p901": 0
"p902": 0
"p903": 0
"p904": 0.002250485002098069
"p905": 0.0008542810961141498
"p906": 0.00018628596589273313
"p907": 3.7633528463178407E-06
"p908": 0.0002220378179327526
"p909": 5.833196911792653E-05
"p910": 0
"p911": 0
"p912": 0.0016013066361082414
"p913": 0.00030106822770542725
"p914": 3.575185204001949E-05
"p915": 1.8816764231589204E-06
"p916": 0
"p917": 0
"p918": 0
"p919": 0
"p920": 0.0024386526444139613
"p921": 0.0006962202765688005
"p922": 9.972885042742281E-05
"p923": 2.2580117077907045E-05
"p924": 0.00030671325697490405
"p925": 9.032046831162817E-05
"p926": 9.408382115794602E-06
"p927": 0
"p928": 0.0021564011809401228
"p929": 0.0005306327513308156
"p930": 7.150370408003896E-05
"p931": 1.1290058538953523E-05
"p932": 5.645029269476761E-05
"p933": 0
"p934": 0
"p935": 0
"p936": 0.020811341240137667
"p937": 0.008326418172478223
"p938": 0.0017988826605399278
"p939": 0.00016182417239166719
"p940": 0.009905144691508558
"p941": 0.0034641662950355722
"p942": 0.0006472966895666685
"p943": 6.021364554108545E-05
"p944": 0.006004429466300115
