"p882": 0.0001486524374295547
"p883": 1.8816764231589203E-05
"p884": 4.139688130949625E-05
"p885": 0
"p886": 0
"p887": 0
"p888": 0.027764135623709874
"p889": 0.009971003366319122
"p890": 0.0019155465987757813
"p891": 0.00017123255450746176
"p892": 0.008098735325275993
"p893": 0.0027961711648141555
"p894": 0.0004704191057897301
"p895": 4.7041910578973015E-05
"p896": 0.0023445688232560146
"p897": 0.000660468424528781
"p898": 5.645029269476761E-05
"p899": 0
"p900": 0.00046853742936657115
"p901": 3.387017561686057E-05
"p902": 0
"p903": 0
"p904": 0.010941948400669126
"p905": 0.0039044785780547593
"p906": 0.000780895715610952
"p907": 3.0106822770542726E-05
"p908": 0.008399803552981422
"p909": 0.0026343469924224885
"p910": 0.0002935415220127916
"p911": 9.408382115794602E-06
"p912": 0.00014300740816007796
"p913": 0
"p914": 0
"p915": 0
"p916": 0
"p917": 0
"p918": 0
"p919": 0
"p920": 9.972885042742278E-05
"p921": 1.8816764231589203E-05
"p922": 0
"p923": 0
"p924": 7.5267056926356815E-06
"p925": 0
"p926": 0
"p927": 0
"p928": 0.0007959491269962234
"p929": 0.0002653163756654078
"p930": 4.139688130949625E-05
"p931": 0
"p932": 0
"p933": 0
"p934": 0
"p935": 0
"p936": 0.007135316996618627
"p937": 0.0027284308135804344
"p938": 0.0005343961041771334
"p939": 1.3171734962112444E-05
"p940": 0.002726549137157276
"p941": 0.0009389565351563012
"p942": 0.00016182417239166719
"p943": 7.5267056926356815E-06
"p944": 0.0012776582913249068
