"p882": 1.6935087808430286E-05
"p883": 0
"p884": 0.0013962039059839185
"p885": 0.0004309039009033928
"p886": 8.091208619583358E-05
"p887": 1.1290058538953523E-05
"p888": 0.006798496916873179
"p889": 0.002412309174489736
"p890": 0.0005155793399455441
"p891": 6.209532196424438E-05
"p892": 0.013677905919942194
"p893": 0.005046656166912225
"p894": 0.0011214791482027165
"p895": 0.00015994249596850825
"p896": 0.0006698768066445756
"p897": 0.00011854561465901196
"p898": 1.1290058538953523E-05
"p899": 0
"p900": 0.001270131585632271
"p901": 0.00022768284720222934
"p902": 7.5267056926356815E-06
"p903": 0
"p904": 0.0012720132620554303
"p905": 0.0003575185204001949
"p906": 2.0698440654748124E-05
"p907": 0
"p908": 0.003285407034835475
"p909": 0.0009558916229647316
"p910": 6.962202765688006E-05
"p911": 1.8816764231589204E-06
"p912": 0
"p913": 0
"p914": 0
"p915": 0
"p916": 0
"p917": 0
"p918": 0
"p919": 0
"p920": 0
"p921": 0
"p922": 0
"p923": 0
"p924": 0
"p925": 0
"p926": 0
"p927": 0
"p928": 0.00011854561465901199
"p929": 0
"p930": 0
"p931": 0
"p932": 0.00034058343259176454
"p933": 5.456861627160869E-05
"p934": 0
"p935": 0
"p936": 0.0007470255399940914
"p937": 0.0002483812878569775
"p938": 4.1396881309496255E-05
"p939": 5.645029269476761E-06
"p940": 0.0025797783761508796
"p941": 0.0008787428896152159
"p942": 0.00013171734962112442
"p943": 7.5267056926356815E-06
"p944": 6.962202765688005E-05
