"p882": 5.645029269476761E-06
"p883": 0
"p884": 0
"p885": 0
"p886": 0
"p887": 0
"p888": 0.0011233608246258755
"p889": 0.00019945770085484554
"p890": 1.6935087808430286E-05
"p891": 0
"p892": 0.00013548070246744226
"p893": 5.645029269476761E-06
"p894": 0
"p895": 0
"p896": 0.004500970004196137
"p897": 0.0017123255450746172
"p898": 0.00035375516755387705
"p899": 1.8816764231589203E-05
"p900": 0
"p901": 0
"p902": 0
"p903": 0
"p904": 0.0014771159921797526
"p905": 0.0004685374293665712
"p906": 6.39769983874033E-05
"p907": 0
"p908": 0.0016765736930345976
"p909": 0.0004779458114823658
"p910": 5.645029269476761E-05
"p911": 0
"p912": 0.003582711909694584
"p913": 0.0011685210587816894
"p914": 0.00020886608297064017
"p915": 3.0106822770542726E-05
"p916": 0.0006548233952593044
"p917": 8.467543904215139E-05
"p918": 0
"p919": 0
"p920": 0.0018666230117736484
"p921": 0.0005870830440255831
"p922": 0.00010725555612005847
"p923": 1.6935087808430282E-05
"p924": 0.0035733035275787896
"p925": 0.0012212079986301395
"p926": 0.0002333278764717061
"p927": 2.0698440654748128E-05
"p928": 0.03241752141818188
"p929": 0.013580058745937928
"p930": 0.0032703536234502035
"p931": 0.00036128187324651283
"p932": 0.00012419064392848875
"p933": 1.1290058538953523E-05
"p934": 0
"p935": 0
"p936": 0.023184135209741066
"p937": 0.008685818369301579
"p938": 0.001806409366232564
"p939": 0.0001731142309306207
"p940": 0.027798005799326737
"p941": 0.0087535587205353
"p942": 0.001537329637720838
"p943": 0.0001298356731979655
"p944": 0.03588545106606377
