"p882": 0.001251314821400682
"p883": 0.00011478226181269415
"p884": 7.903040977267465E-05
"p885": 2.6343469924224884E-05
"p886": 0
"p887": 0
"p888": 0.013094586228762932
"p889": 0.004271405480570749
"p890": 0.0007263270993393432
"p891": 5.8331969117926534E-05
"p892": 0.00960595814022629
"p893": 0.003279762005565998
"p894": 0.0005268693984844978
"p895": 4.516023415581409E-05
"p896": 0.007092038438885971
"p897": 0.00289213666239526
"p898": 0.0006585867481056221
"p899": 2.8225146347383808E-05
"p900": 0.00043843060659602847
"p901": 6.209532196424438E-05
"p902": 0
"p903": 0
"p904": 0.004448283064347688
"p905": 0.001416902346638667
"p906": 0.00012230896750532982
"p907": 1.8816764231589204E-06
"p908": 0.010670986995734238
"p909": 0.003426532766572394
"p910": 0.0003330567268991289
"p911": 9.408382115794602E-06
"p912": 9.032046831162818E-05
"p913": 1.8816764231589203E-05
"p914": 0
"p915": 0
"p916": 7.714873334951574E-05
"p917": 0
"p918": 0
"p919": 0
"p920": 9.408382115794602E-06
"p921": 0
"p922": 0
"p923": 0
"p924": 3.951520488633733E-05
"p925": 9.408382115794602E-06
"p926": 0
"p927": 0
"p928": 0.005475678391392458
"p929": 0.002290000206984406
"p930": 0.000474182458636048
"p931": 1.3171734962112444E-05
"p932": 9.408382115794602E-06
"p933": 0
"p934": 0
"p935": 0
"p936": 0.001998340361394773
"p937": 0.0007394988343014557
"p938": 5.833196911792653E-05
"p939": 0
"p940": 0.003945875459364256
"p941": 0.0015091044913734543
"p942": 0.00016182417239166716
"p943": 7.5267056926356815E-06
"p944": 0.005048537843335385
