"p882": 0.000329293374052811
"p883": 4.139688130949624E-05
"p884": 0.0036880857893914847
"p885": 0.0014733526393334345
"p886": 0.00032364834478333426
"p887": 4.139688130949624E-05
"p888": 0.0032534185356417737
"p889": 0.0008956779774236459
"p890": 8.467543904215141E-05
"p891": 0
"p892": 0.0012550781742469994
"p893": 0.00033117505047596993
"p894": 2.634346992422488E-05
"p895": 0
"p896": 0.00040267875455600894
"p897": 0.00010537387969689955
"p898": 9.408382115794602E-06
"p899": 0
"p900": 0.001823344454040994
"p901": 0.0006284799253350794
"p902": 0.00010161052685058169
"p903": 5.645029269476761E-06
"p904": 5.4568616271608685E-05
"p905": 1.1290058538953523E-05
"p906": 0
"p907": 0
"p908": 0.000472300782212889
"p909": 0.00013548070246744229
"p910": 1.6935087808430286E-05
"p911": 0
"p912": 0.0011177157953563988
"p913": 0.0002784881106275202
"p914": 3.0106822770542726E-05
"p915": 0
"p916": 0.0033851358852628978
"p917": 0.0010876089725858561
"p918": 0.00017875926020009743
"p919": 7.5267056926356815E-06
"p920": 0.00020698440654748124
"p921": 4.516023415581409E-05
"p922": 1.1290058538953523E-05
"p923": 0
"p924": 0.001791355954847292
"p925": 0.00059272807329506
"p926": 0.00011478226181269415
"p927": 1.3171734962112444E-05
"p928": 0.00805357509112018
"p929": 0.003095357716096424
"p930": 0.000658586748105622
"p931": 7.150370408003898E-05
"p932": 0.01840844044776373
"p933": 0.0076038544259851995
"p934": 0.0015824898718766523
"p935": 0.00011854561465901197
"p936": 0.0029429419258205523
"p937": 0.0009427198880026191
"p938": 0.00013359902604428335
"p939": 1.317173496211244E-05
"p940": 0.00889468445227222
"p941": 0.0025797783761508804
"p942": 0.00035563684397703604
"p943": 2.2580117077907045E-05
"p944": 0.016605794434377475
