"p882": 0
"p883": 0
"p884": 0
"p885": 0
"p886": 0
"p887": 0
"p888": 0.0013134101433649266
"p889": 0.00027660643420436126
"p890": 1.8816764231589203E-05
"p891": 0
"p892": 0.00015053411385271363
"p893": 2.0698440654748124E-05
"p894": 0
"p895": 0
"p896": 0.0036899674658146427
"p897": 0.0010255136506216115
"p898": 0.00015053411385271363
"p899": 7.5267056926356815E-06
"p900": 0.00047230078221288907
"p901": 7.714873334951573E-05
"p902": 5.645029269476761E-06
"p903": 0
"p904": 0.009923961455740147
"p905": 0.003157453038060668
"p906": 0.0005607395741013582
"p907": 5.6450292694767617E-05
"p908": 0.007916212712229578
"p909": 0.002506392995647682
"p910": 0.00044972066513498195
"p911": 3.198849919370165E-05
"p912": 1.6935087808430286E-05
"p913": 0
"p914": 0
"p915": 0
"p916": 0
"p917": 0
"p918": 0
"p919": 0
"p920": 9.408382115794602E-06
"p921": 0
"p922": 0
"p923": 0
"p924": 0
"p925": 0
"p926": 0
"p927": 0
"p928": 0.001433837434447097
"p929": 0.0003688085789391484
"p930": 4.704191057897301E-05
"p931": 0
"p932": 1.1290058538953523E-05
"p933": 0
"p934": 0
"p935": 0
"p936": 0.009748965548386368
"p937": 0.003257181888488091
"p938": 0.0005983731025645366
"p939": 5.6450292694767617E-05
"p940": 0.0025534349062266543
"p941": 0.0008110025383814947
"p942": 0.00018064093662325636
"p943": 1.6935087808430286E-05
"p944": 0.0012343797335922517
