"p882": 0.00019381267158536877
"p883": 7.5267056926356815E-06
"p884": 0.004436993005808734
"p885": 0.0016464668702640553
"p886": 0.00030671325697490405
"p887": 7.5267056926356815E-06
"p888": 0.0016558752523798499
"p889": 0.0003123582862443808
"p890": 1.8816764231589203E-05
"p891": 0
"p892": 0.00073197212860882
"p893": 0.00012230896750532982
"p894": 1.1290058538953521E-05
"p895": 0
"p896": 0.01220078992776244
"p897": 0.004766286379861546
"p898": 0.0010593838262384719
"p899": 0.0001373623788906012
"p900": 0.01848935253395956
"p901": 0.00800276982769489
"p902": 0.00197011521504739
"p903": 0.00022768284720222934
"p904": 0.006529417188361453
"p905": 0.002084897476860084
"p906": 0.0002935415220127916
"p907": 1.317173496211244E-05
"p908": 0.01860037144292593
"p909": 0.006128620110228605
"p910": 0.0010161052685058172
"p911": 6.774035123372113E-05
"p912": 4.327855773265517E-05
"p913": 5.645029269476761E-06
"p914": 0
"p915": 0
"p916": 0.0003857436667475787
"p917": 6.962202765688006E-05
"p918": 5.645029269476761E-06
"p919": 0
"p920": 0
"p921": 0
"p922": 0
"p923": 0
"p924": 8.27937626189925E-05
"p925": 1.1290058538953523E-05
"p926": 0
"p927": 0
"p928": 0.007457083664978801
"p929": 0.0028394497225468105
"p930": 0.0006190715432192848
"p931": 7.526705692635681E-05
"p932": 0.018718917057584945
"p933": 0.0078108388325326805
"p934": 0.0017254972800367302
"p935": 0.000165587525237985
"p936": 0.003087831010403788
"p937": 0.0009615366522342084
"p938": 0.00014112573173691902
"p939": 9.408382115794602E-06
"p940": 0.007925621094345376
"p941": 0.0024029007923739415
"p942": 0.00033117505047596993
"p943": 1.5053411385271365E-05
"p944": 0.00676086338841
