"p882": 0
"p883": 0
"p884": 9.220214473478709E-05
"p885": 2.258011707790704E-05
"p886": 0
"p887": 0
"p888": 0.0049488089929079606
"p889": 0.00134163528971231
"p890": 0.00019004931873905094
"p891": 7.5267056926356815E-06
"p892": 0.004239416981377048
"p893": 0.0015091044913734541
"p894": 0.000284133139896997
"p895": 7.5267056926356815E-06
"p896": 0.00015806081954534932
"p897": 9.408382115794602E-06
"p898": 0
"p899": 0
"p900": 0.0017461957206914777
"p901": 0.00037633528463178396
"p902": 3.198849919370165E-05
"p903": 1.8816764231589204E-06
"p904": 0.0011609943530890537
"p905": 0.0002897781691664737
"p906": 3.0106822770542726E-05
"p907": 0
"p908": 0.0027905261355446794
"p909": 0.0009803534164657978
"p910": 0.00017311423093062064
"p911": 7.5267056926356815E-06
"p912": 0
"p913": 0
"p914": 0
"p915": 0
"p916": 0
"p917": 0
"p918": 0
"p919": 0
"p920": 2.8225146347383808E-05
"p921": 0
"p922": 0
"p923": 0
"p924": 0.000284133139896997
"p925": 7.714873334951574E-05
"p926": 5.645029269476761E-06
"p927": 0
"p928": 0.006380764750931901
"p929": 0.0021281760345927387
"p930": 0.0003274116976296522
"p931": 1.6935087808430282E-05
"p932": 0.008552219343257296
"p933": 0.0025383814948413833
"p934": 0.00041020546024864456
"p935": 4.139688130949624E-05
"p936": 0.024710174788922956
"p937": 0.008919146245773286
"p938": 0.0018082910426557228
"p939": 0.00021639278866327584
"p940": 0.04890100688505404
"p941": 0.019418900687000064
"p942": 0.004320329067572882
"p943": 0.00045724737082761767
"p944": 0.0011214791482027163
