"p882": 0
"p883": 0
"p884": 0
"p885": 0
"p886": 0
"p887": 0
"p888": 0.0003838619903244197
"p889": 4.892358700213192E-05
"p890": 0
"p891": 0
"p892": 1.6935087808430286E-05
"p893": 3.7633528463178407E-06
"p894": 0
"p895": 0
"p896": 0.01078576925754693
"p897": 0.004785103144093134
"p898": 0.0011967462051290733
"p899": 0.0001279539967748066
"p900": 7.714873334951573E-05
"p901": 5.645029269476761E-06
"p902": 0
"p903": 0
"p904": 0.004749351292053114
"p905": 0.0016916271044198695
"p906": 0.000284133139896997
"p907": 1.8816764231589203E-05
"p908": 0.011284413509684049
"p909": 0.003874371755284217
"p910": 0.0006981019529919595
"p911": 5.268693984844977E-05
"p912": 0.017601201262228545
"p913": 0.008021586591926477
"p914": 0.0021752179451717123
"p915": 0.0002671980520885667
"p916": 0.0012757766149017482
"p917": 0.0001806409366232564
"p918": 5.645029269476761E-06
"p919": 0
"p920": 0.010729318964852168
"p921": 0.0035469600576545656
"p922": 0.0004553656944044587
"p923": 1.5053411385271363E-05
"p924": 0.026830824117823046
"p925": 0.0097659006361948
"p926": 0.0015711998133376987
"p927": 0.00010913723254321738
"p928": 0.005947979173605347
"p929": 0.0024010191159507823
"p930": 0.0004986442521371138
"p931": 1.3171734962112442E-05
"p932": 0
"p933": 0
"p934": 0
"p935": 0
"p936": 0.0019362450394305288
"p937": 0.0007338538050319788
"p938": 7.150370408003898E-05
"p939": 0
"p940": 0.00306713256974904
"p941": 0.0010010518571205457
"p942": 0.00016558752523798497
"p943": 9.408382115794602E-06
"p944": 0.006192597108616005
