"p882": 0
"p883": 0
"p884": 0.0002991865512822683
"p885": 9.032046831162818E-05
"p886": 1.505341138527136E-05
"p887": 0
"p888": 0.005648792622323079
"p889": 0.0015185128734892485
"p890": 0.00020133937727800447
"p891": 7.5267056926356815E-06
"p892": 0.004581882090391972
"p893": 0.0016765736930345978
"p894": 0.00030671325697490405
"p895": 7.5267056926356815E-06
"p896": 0.004882950318097398
"p897": 0.0016615202816493266
"p898": 0.0002822514634738381
"p899": 1.6935087808430282E-05
"p900": 0.006299852664736066
"p901": 0.0019061382166599865
"p902": 0.0002954231984359505
"p903": 3.0106822770542726E-05
"p904": 0.015700708074838036
"p905": 0.00575228482559682
"p906": 0.0011722844116280075
"p907": 0.00013924405531376012
"p908": 0.02797676505952684
"p909": 0.011258070039759824
"p910": 0.0025609616119192913
"p911": 0.00028225146347383805
"p912": 0
"p913": 0
"p914": 0
"p915": 0
"p916": 0.0002991865512822683
"p917": 3.3870175616860565E-05
"p918": 0
"p919": 0
"p920": 4.327855773265517E-05
"p921": 5.645029269476761E-06
"p922": 0
"p923": 0
"p924": 0.0002502629642801364
"p925": 5.2686939848449775E-05
"p926": 5.645029269476761E-06
"p927": 0
"p928": 0.0015091044913734541
"p929": 0.00048735419359816035
"p930": 5.080526342529086E-05
"p931": 0
"p932": 0.002391610733834988
"p933": 0.0007394988343014557
"p934": 0.00014112573173691902
"p935": 1.6935087808430282E-05
"p936": 0.00928983650113559
"p937": 0.003291052064104952
"p938": 0.0006642317773750989
"p939": 7.714873334951573E-05
"p940": 0.022190610058313156
"p941": 0.008911619540080648
"p942": 0.0018816764231589205
"p943": 0.00017875926020009743
"p944": 0.0014658259336407986
