"p882": 0
"p883": 0
"p884": 0
"p885": 0
"p886": 0
"p887": 0
"p888": 0.00023709122931802397
"p889": 7.526705692635679E-05
"p890": 0
"p891": 0
"p892": 0
"p893": 0
"p894": 0
"p895": 0
"p896": 0.0016502302231103728
"p897": 0.00038386199032441974
"p898": 5.268693984844977E-05
"p899": 0
"p900": 0.00021639278866327584
"p901": 3.9515204886337324E-05
"p902": 0
"p903": 0
"p904": 0.004318447391149723
"p905": 0.0013491619954049457
"p906": 0.00022203781793275263
"p907": 1.3171734962112444E-05
"p908": 0.0037031392007767557
"p909": 0.0010763189140469026
"p910": 0.00015617914312219037
"p911": 1.8816764231589204E-06
"p912": 2.2580117077907045E-05
"p913": 3.7633528463178407E-06
"p914": 0
"p915": 0
"p916": 0
"p917": 0
"p918": 0
"p919": 0
"p920": 1.5053411385271363E-05
"p921": 3.7633528463178407E-06
"p922": 0
"p923": 0
"p924": 0
"p925": 0
"p926": 0
"p927": 0
"p928": 0.0006999836294151183
"p929": 0.0001844042894695742
"p930": 2.6343469924224884E-05
"p931": 1.8816764231589204E-06
"p932": 0
"p933": 0
"p934": 0
"p935": 0
"p936": 0.006821077033951088
"p937": 0.002242958296405433
"p938": 0.0002502629642801364
"p939": 7.5267056926356815E-06
"p940": 0.0022034430915190955
"p941": 0.0006774035123372114
"p942": 8.46754390421514E-05
"p943": 1.8816764231589204E-06
"p944": 0.0005042892814065906
