"p882": 0
"p883": 0
"p884": 6.39769983874033E-05
"p885": 2.0698440654748124E-05
"p886": 0
"p887": 0
"p888": 0
"p889": 0
"p890": 0
"p891": 0
"p892": 0
"p893": 0
"p894": 0
"p895": 0
"p896": 0.0013679787596365346
"p897": 0.00042714054805707494
"p898": 5.8331969117926534E-05
"p899": 1.8816764231589204E-06
"p900": 0.004773813085554181
"p901": 0.001627650106032466
"p902": 0.0002897781691664737
"p903": 1.5053411385271365E-05
"p904": 0.00029354152201279153
"p905": 9.22021447347871E-05
"p906": 1.8816764231589203E-05
"p907": 0
"p908": 0.002115004299630626
"p909": 0.0006510600424129865
"p910": 6.021364554108545E-05
"p911": 0
"p912": 0.0018421612182725827
"p913": 0.0005852013676024243
"p914": 7.526705692635681E-05
"p915": 1.8816764231589204E-06
"p916": 0.004726771174975207
"p917": 0.0015053411385271363
"p918": 0.00023709122931802394
"p919": 1.3171734962112444E-05
"p920": 0.0004309039009033928
"p921": 0.00011666393823585305
"p922": 2.069844065474812E-05
"p923": 0
"p924": 0.004009852457751659
"p925": 0.0011346508831648289
"p926": 0.0001467707610063958
"p927": 0
"p928": 0.0005776746619097885
"p929": 0.00017875926020009743
"p930": 5.6450292694767605E-06
"p931": 0
"p932": 0.0026926789615404146
"p933": 0.0009859984457352745
"p934": 3.010682277054273E-05
"p935": 0
"p936": 5.6450292694767596E-05
"p937": 9.408382115794602E-06
"p938": 1.8816764231589204E-06
"p939": 1.8816764231589204E-06
"p940": 0.00021827446508643477
"p941": 5.833196911792652E-05
"p942": 1.6935087808430282E-05
"p943": 1.8816764231589204E-06
"p944": 0.0002822514634738381
