"p882": 0
"p883": 0
"p884": 0
"p885": 0
"p886": 0
"p887": 0
"p888": 0.00010349220327374062
"p889": 2.2580117077907045E-05
"p890": 0
"p891": 0
"p892": 2.0698440654748124E-05
"p893": 1.1290058538953523E-05
"p894": 0
"p895": 0
"p896": 0.00026343469924224885
"p897": 5.645029269476761E-05
"p898": 0
"p899": 0
"p900": 8.467543904215141E-05
"p901": 5.645029269476761E-06
"p902": 0
"p903": 0
"p904": 9.408382115794602E-05
"p905": 4.516023415581409E-05
"p906": 0
"p907": 0
"p908": 0.00021451111224011696
"p909": 6.021364554108546E-05
"p910": 3.7633528463178407E-06
"p911": 3.7633528463178407E-06
"p912": 2.8225146347383805E-05
"p913": 1.8816764231589204E-06
"p914": 0
"p915": 0
"p916": 0
"p917": 0
"p918": 0
"p919": 0
"p920": 0
"p921": 0
"p922": 0
"p923": 0
"p924": 0
"p925": 0
"p926": 0
"p927": 0
"p928": 0.008083681913890722
"p929": 0.002506392995647681
"p930": 0.00040644210740232686
"p931": 2.0698440654748128E-05
"p932": 0.00040644210740232675
"p933": 4.8923587002131926E-05
"p934": 0
"p935": 0
"p936": 0.003185678184408052
"p937": 0.0007808957156109519
"p938": 8.467543904215141E-05
"p939": 0
"p940": 0.007720518364221052
"p941": 0.0022937635598307246
"p942": 0.00028789649274331484
"p943": 3.7633528463178407E-06
"p944": 0.0021131226232074672
