"p882": 0
"p883": 0
"p884": 8.467543904215144E-05
"p885": 1.1290058538953523E-05
"p886": 0
"p887": 0
"p888": 0.0012456697921312048
"p889": 0.00032929337405281106
"p890": 5.268693984844976E-05
"p891": 1.129005853895352E-05
"p892": 0.0015072228149502942
"p893": 0.0004534840179812998
"p894": 8.091208619583357E-05
"p895": 1.129005853895352E-05
"p896": 4.139688130949625E-05
"p897": 0
"p898": 0
"p899": 0
"p900": 0.0006491783659898275
"p901": 0.0001129005853895352
"p902": 0
"p903": 0
"p904": 0.00025402631712645424
"p905": 3.575185204001949E-05
"p906": 0
"p907": 0
"p908": 0.0011929828522827556
"p909": 0.0002408545821643418
"p910": 2.2580117077907045E-05
"p911": 0
"p912": 0
"p913": 0
"p914": 0
"p915": 0
"p916": 0
"p917": 0
"p918": 0
"p919": 0
"p920": 0
"p921": 0
"p922": 0
"p923": 0
"p924": 6.774035123372114E-05
"p925": 0
"p926": 0
"p927": 0
"p928": 0.0027867627826983605
"p929": 0.000660468424528781
"p930": 9.408382115794599E-05
"p931": 5.645029269476761E-06
"p932": 0.0065689323932477915
"p933": 0.0017142072214977764
"p934": 0.00020886608297064014
"p935": 7.5267056926356815E-06
"p936": 0.009679343520729489
"p937": 0.0028262779875846984
"p938": 0.00044972066513498195
"p939": 3.198849919370165E-05
"p940": 0.027798005799326737
"p941": 0.0087535587205353
"p942": 0.0015373296377208382
"p943": 0.00012983567319796552
"p944": 0.00024085458216434178
