"p882": 7.5267056926356815E-06
"p883": 0
"p884": 0.000893796301000487
"p885": 0.0003217666683601754
"p886": 4.3278557732655166E-05
"p887": 0
"p888": 0.003302342122643905
"p889": 0.001085727296162697
"p890": 0.0001110189089663763
"p891": 5.645029269476761E-06
"p892": 0.007624552866639944
"p893": 0.0026174119046140586
"p894": 0.0002935415220127916
"p895": 1.3171734962112444E-05
"p896": 0.0001674692016611439
"p897": 5.080526342529084E-05
"p898": 5.645029269476761E-06
"p899": 0
"p900": 0.0003123582862443808
"p901": 5.456861627160869E-05
"p902": 7.5267056926356815E-06
"p903": 0
"p904": 0.0004327855773265518
"p905": 0.0001392440553137601
"p906": 2.4461793501065963E-05
"p907": 1.8816764231589204E-06
"p908": 0.0012061545872448678
"p909": 0.0003161216390906986
"p910": 3.575185204001949E-05
"p911": 1.8816764231589204E-06
"p912": 0
"p913": 0
"p914": 0
"p915": 0
"p916": 3.7633528463178407E-06
"p917": 3.7633528463178407E-06
"p918": 0
"p919": 0
"p920": 0
"p921": 0
"p922": 0
"p923": 0
"p924": 3.7633528463178407E-06
"p925": 3.7633528463178407E-06
"p926": 0
"p927": 0
"p928": 5.080526342529084E-05
"p929": 1.5053411385271363E-05
"p930": 3.7633528463178407E-06
"p931": 0
"p932": 8.091208619583358E-05
"p933": 1.6935087808430286E-05
"p934": 5.645029269476761E-06
"p935": 1.8816764231589204E-06
"p936": 0.0003499918147075592
"p937": 9.972885042742276E-05
"p938": 2.0698440654748124E-05
"p939": 1.8816764231589204E-06
"p940": 0.0011666393823585306
"p941": 0.0002483812878569775
"p942": 3.387017561686057E-05
"p943": 1.8816764231589204E-06
"p944": 2.2580117077907045E-05
