"p882": 0
"p883": 0
"p884": 0
"p885": 0
"p886": 0
"p887": 0
"p888": 0
"p889": 0
"p890": 0
"p891": 0
"p892": 0
"p893": 0
"p894": 0
"p895": 0
"p896": 2.0698440654748124E-05
"p897": 0
"p898": 0
"p899": 0
"p900": 0.0001392440553137601
"p901": 1.8816764231589204E-06
"p902": 0
"p903": 0
"p904": 0.0005419228098697691
"p905": 0.00011666393823585305
"p906": 1.8816764231589204E-06
"p907": 0
"p908": 0.0023953740866813054
"p909": 0.0005946097497182189
"p910": 3.951520488633733E-05
"p911": 1.8816764231589204E-06
"p912": 8.467543904215141E-05
"p913": 0
"p914": 0
"p915": 0
"p916": 0.0007940674505730644
"p917": 9.22021447347871E-05
"p918": 3.7633528463178407E-06
"p919": 0
"p920": 0.00037633528463178407
"p921": 8.091208619583357E-05
"p922": 1.8816764231589204E-06
"p923": 0
"p924": 0.0013943222295607599
"p925": 0.0003274116976296521
"p926": 2.6343469924224884E-05
"p927": 0
"p928": 0.0010292770034679294
"p929": 0.00023897290574118285
"p930": 1.88167642315892E-05
"p931": 0
"p932": 0.002233549914289638
"p933": 0.000517461016368703
"p934": 3.0106822770542726E-05
"p935": 0
"p936": 0.010379327150144606
"p937": 0.0032458918299491375
"p938": 0.00047606413505920677
"p939": 2.82251463473838E-05
"p940": 0.02638110345268807
"p941": 0.008429910375751965
"p942": 0.0013209368490575623
"p943": 8.091208619583358E-05
"p944": 0.0026738621973088255
