"p882": 0
"p883": 0
"p884": 0
"p885": 0
"p886": 0
"p887": 0
"p888": 3.3870175616860565E-05
"p889": 0
"p890": 0
"p891": 0
"p892": 0
"p893": 0
"p894": 0
"p895": 0
"p896": 0.0023069352947928364
"p897": 0.0005964914261413777
"p898": 6.209532196424438E-05
"p899": 1.8816764231589204E-06
"p900": 0
"p901": 0
"p902": 0
"p903": 0
"p904": 0.000822292596920448
"p905": 0.00023709122931802394
"p906": 1.8816764231589203E-05
"p907": 0
"p908": 0.0010368037091605651
"p909": 0.00026907972851172564
"p910": 1.6935087808430282E-05
"p911": 0
"p912": 0.0016332951353019427
"p913": 0.00038386199032441974
"p914": 2.6343469924224884E-05
"p915": 0
"p916": 0.0005249877220613388
"p917": 5.080526342529086E-05
"p918": 0
"p919": 0
"p920": 0.0007884224213035877
"p921": 0.00021074775939379907
"p922": 2.4461793501065963E-05
"p923": 0
"p924": 0.0013811504945986472
"p925": 0.0003744536082086252
"p926": 3.7633528463178407E-05
"p927": 0
"p928": 0.024358301297792234
"p929": 0.008610551312375219
"p930": 0.001772539190615703
"p931": 0.00021451111224011693
"p932": 0.0001204272910821709
"p933": 1.1290058538953523E-05
"p934": 0
"p935": 0
"p936": 0.014274397346083567
"p937": 0.004717362792859414
"p938": 0.0009126130652320764
"p939": 8.46754390421514E-05
"p940": 0.018197692688369918
"p941": 0.005360896129579764
"p942": 0.0008053575091120179
"p943": 5.080526342529086E-05
"p944": 0.02209840791357836
