"p882": 0
"p883": 0
"p884": 0
"p885": 0
"p886": 0
"p887": 0
"p888": 0
"p889": 0
"p890": 0
"p891": 0
"p892": 0
"p893": 0
"p894": 0
"p895": 0
"p896": 0.0005099343106760674
"p897": 0.00011666393823585305
"p898": 1.8816764231589204E-06
"p899": 0
"p900": 0.002385965704565511
"p901": 0.0005946097497182189
"p902": 3.951520488633733E-05
"p903": 1.8816764231589204E-06
"p904": 6.209532196424436E-05
"p905": 1.5053411385271361E-05
"p906": 0
"p907": 0
"p908": 0.0002690797285117256
"p909": 5.64502926947676E-05
"p910": 0
"p911": 0
"p912": 0.0003594001968233538
"p913": 7.714873334951573E-05
"p914": 1.8816764231589204E-06
"p915": 0
"p916": 0.001605069988954559
"p917": 0.0003255300212064932
"p918": 2.6343469924224884E-05
"p919": 0
"p920": 6.774035123372113E-05
"p921": 2.2580117077907045E-05
"p922": 1.1290058538953523E-05
"p923": 0
"p924": 0.0006679951302214168
"p925": 0.00020322105370116343
"p926": 2.6343469924224887E-05
"p927": 0
"p928": 0.008591734548143633
"p929": 0.0027604193127741357
"p930": 0.000423377195210757
"p931": 2.82251463473838E-05
"p932": 0.0229715057739241
"p933": 0.007500362222711459
"p934": 0.001213681292937504
"p935": 8.091208619583358E-05
"p936": 0.0027303124900035936
"p937": 0.000829819302613084
"p938": 0.00010913723254321738
"p939": 0
"p940": 0.006614092627403607
"p941": 0.001800764336963087
"p942": 0.00017499590735377957
"p943": 0
"p944": 0.0070468782047301585
