"p882": 0
"p883": 0
"p884": 0.00011101890896637632
"p885": 2.2580117077907045E-05
"p886": 0
"p887": 0
"p888": 2.6343469924224887E-05
"p889": 5.645029269476761E-06
"p890": 0
"p891": 0
"p892": 0
"p893": 0
"p894": 0
"p895": 0
"p896": 2.8225146347383805E-05
"p897": 5.645029269476761E-06
"p898": 0
"p899": 0
"p900": 0.0004233771952107571
"p901": 0.00010349220327374062
"p902": 0
"p903": 0
"p904": 0
"p905": 0
"p906": 0
"p907": 0
"p908": 0.0002051027301243223
"p909": 5.833196911792654E-05
"p910": 3.7633528463178407E-06
"p911": 3.7633528463178407E-06
"p912": 0
"p913": 0
"p914": 0
"p915": 0
"p916": 2.8225146347383805E-05
"p917": 1.8816764231589204E-06
"p918": 0
"p919": 0
"p920": 0
"p921": 0
"p922": 0
"p923": 0
"p924": 0
"p925": 0
"p926": 0
"p927": 0
"p928": 0.0031894415372543707
"p929": 0.0009257848001941888
"p930": 0.00011854561465901199
"p931": 3.7633528463178407E-06
"p932": 0.010627708438001583
"p933": 0.003099121068942742
"p934": 0.0004628924000970944
"p935": 2.0698440654748128E-05
"p936": 0.0006472966895666686
"p937": 0.00017499590735377957
"p938": 2.8225146347383805E-05
"p939": 0
"p940": 0.005692071180055736
"p941": 0.0016163600474935124
"p942": 0.0001844042894695742
"p943": 0
"p944": 0.0006585867481056223
