"p882": 0
"p883": 0
"p884": 0
"p885": 0
"p886": 0
"p887": 0
"p888": 0
"p889": 0
"p890": 0
"p891": 0
"p892": 0
"p893": 0
"p894": 0
"p895": 0
"p896": 0.00242171755660553
"p897": 0.0008147658912278124
"p898": 0.00010537387969689954
"p899": 0
"p900": 0.004171676630143326
"p901": 0.0011572310002427358
"p902": 0.00015429746669903143
"p903": 0
"p904": 0.00709580179173229
"p905": 0.002619293581037217
"p906": 0.00045536569440445874
"p907": 1.8816764231589207E-05
"p908": 0.016268974354632027
"p909": 0.005812498471137906
"p910": 0.0010650288555079492
"p911": 5.2686939848449775E-05
"p912": 0
"p913": 0
"p914": 0
"p915": 0
"p916": 9.784717400426385E-05
"p917": 0
"p918": 0
"p919": 0
"p920": 5.645029269476761E-06
"p921": 0
"p922": 0
"p923": 0
"p924": 7.714873334951573E-05
"p925": 5.645029269476761E-06
"p926": 0
"p927": 0
"p928": 0.0008730978603457389
"p929": 0.00023144620004854718
"p930": 1.3171734962112442E-05
"p931": 0
"p932": 0.0021469927988243278
"p933": 0.0006265982489119204
"p934": 7.526705692635683E-05
"p935": 0
"p936": 0.009999228512666505
"p937": 0.003144281303098556
"p938": 0.00042149551878759814
"p939": 2.258011707790704E-05
"p940": 0.025496715533803373
"p941": 0.008465662227791984
"p942": 0.0011252425010490343
"p943": 6.39769983874033E-05
"p944": 0.0005475678391392458
