"p882": 1.6935087808430282E-05
"p883": 0
"p884": 0.0005701479562171529
"p885": 0.00020322105370116337
"p886": 2.8225146347383805E-05
"p887": 0
"p888": 1.8816764231589203E-05
"p889": 3.7633528463178407E-06
"p890": 1.8816764231589204E-06
"p891": 1.8816764231589204E-06
"p892": 0.00010913723254321738
"p893": 2.2580117077907045E-05
"p894": 7.52670569263568E-06
"p895": 1.8816764231589204E-06
"p896": 0.0018101727190788814
"p897": 0.0005136976635223852
"p898": 6.209532196424438E-05
"p899": 5.645029269476761E-06
"p900": 0.006090986581765426
"p901": 0.0019042565402368275
"p902": 0.0003085949333980629
"p903": 2.2580117077907045E-05
"p904": 0.00039515204886337327
"p905": 8.27937626189925E-05
"p906": 7.526705692635681E-06
"p907": 0
"p908": 0.00249133958426241
"p909": 0.0007300904521856611
"p910": 5.268693984844976E-05
"p911": 0
"p912": 0.002579778376150879
"p913": 0.0007489072164172504
"p914": 0.00010725555612005847
"p915": 5.645029269476761E-06
"p916": 0.006136146815921239
"p917": 0.0018572146296578543
"p918": 0.0002653163756654078
"p919": 1.6935087808430286E-05
"p920": 0.0007244454229161845
"p921": 0.00016182417239166713
"p922": 1.8816764231589203E-05
"p923": 0
"p924": 0.004630805677394103
"p925": 0.0012494331449775231
"p926": 0.0001486524374295547
"p927": 0
"p928": 0.00041585048951812135
"p929": 0.00011290058538953522
"p930": 5.645029269476761E-06
"p931": 0
"p932": 0.0024762861728771395
"p933": 0.0006905752472993237
"p934": 5.080526342529086E-05
"p935": 0
"p936": 4.327855773265516E-05
"p937": 1.3171734962112444E-05
"p938": 5.645029269476761E-06
"p939": 0
"p940": 0.00019757602443168663
"p941": 7.33853805031979E-05
"p942": 2.446179350106597E-05
"p943": 0
"p944": 0.0002427362585875007
