"p882": 1.5053411385271363E-05
"p883": 0
"p884": 1.5053411385271363E-05
"p885": 0
"p886": 0
"p887": 0
"p888": 0.007620789513793629
"p889": 0.002410427498066577
"p890": 0.00031047660982122185
"p891": 1.8816764231589203E-05
"p892": 0.002165809563055917
"p893": 0.0006905752472993237
"p894": 7.33853805031979E-05
"p895": 0
"p896": 2.4461793501065966E-05
"p897": 9.408382115794602E-06
"p898": 0
"p899": 0
"p900": 0
"p901": 0
"p902": 0
"p903": 0
"p904": 5.833196911792653E-05
"p905": 2.0698440654748124E-05
"p906": 0
"p907": 0
"p908": 0
"p909": 0
"p910": 0
"p911": 0
"p912": 0
"p913": 0
"p914": 0
"p915": 0
"p916": 0
"p917": 0
"p918": 0
"p919": 0
"p920": 5.645029269476761E-06
"p921": 1.8816764231589204E-06
"p922": 0
"p923": 0
"p924": 0
"p925": 0
"p926": 0
"p927": 0
"p928": 0.0003669269025159894
"p929": 6.209532196424436E-05
"p930": 1.1290058538953521E-05
"p931": 0
"p932": 2.2580117077907045E-05
"p933": 5.645029269476761E-06
"p934": 0
"p935": 0
"p936": 0.002122531005323262
"p937": 0.0005118159870992265
"p938": 5.456861627160869E-05
"p939": 3.7633528463178407E-06
"p940": 0.0010932540018553326
"p941": 0.000333056726899129
"p942": 5.833196911792653E-05
"p943": 3.7633528463178407E-06
"p944": 4.3278557732655166E-05
