"p882": 0.00038386199032441974
"p883": 1.8816764231589207E-05
"p884": 0.010507281146919413
"p885": 0.00397221892928848
"p886": 0.0006999836294151185
"p887": 4.327855773265517E-05
"p888": 0.00261364855176774
"p889": 0.0009596549758110495
"p890": 0.0001561791431221904
"p891": 0
"p892": 0.005940452467912711
"p893": 0.0019795235971631843
"p894": 0.0002784881106275202
"p895": 0
"p896": 3.7633528463178407E-06
"p897": 0
"p898": 0
"p899": 0
"p900": 6.774035123372113E-05
"p901": 1.5053411385271363E-05
"p902": 1.8816764231589204E-06
"p903": 0
"p904": 0
"p905": 0
"p906": 0
"p907": 0
"p908": 5.645029269476761E-06
"p909": 5.645029269476761E-06
"p910": 5.645029269476761E-06
"p911": 0
"p912": 9.408382115794602E-06
"p913": 1.8816764231589204E-06
"p914": 0
"p915": 0
"p916": 5.645029269476761E-05
"p917": 2.2580117077907045E-05
"p918": 0
"p919": 0
"p920": 0
"p921": 0
"p922": 0
"p923": 0
"p924": 2.0698440654748124E-05
"p925": 5.645029269476761E-06
"p926": 3.7633528463178407E-06
"p927": 3.7633528463178407E-06
"p928": 0.0002973048748591094
"p929": 0.00010725555612005845
"p930": 2.4461793501065963E-05
"p931": 1.8816764231589204E-06
"p932": 0.0010273953270447706
"p933": 0.0002295645236253883
"p934": 3.387017561686057E-05
"p935": 1.8816764231589204E-06
"p936": 6.774035123372113E-05
"p937": 3.0106822770542722E-05
"p938": 1.317173496211244E-05
"p939": 0
"p940": 0.00019757602443168663
"p941": 7.33853805031979E-05
"p942": 2.446179350106597E-05
"p943": 0
"p944": 0.0004628924000970944
