"p882": 0.00023144620004854723
"p883": 1.3171734962112442E-05
"p884": 0.0001129005853895352
"p885": 3.198849919370165E-05
"p886": 0
"p887": 0
"p888": 0.0029975105420921595
"p889": 0.0010612655026616309
"p890": 0.00010349220327374063
"p891": 7.5267056926356815E-06
"p892": 0.002449942702952914
"p893": 0.0007771323627646342
"p894": 0.00010537387969689952
"p895": 3.7633528463178407E-06
"p896": 0.001364215406790217
"p897": 0.0004384306065960285
"p898": 0.0001034922032737406
"p899": 3.7633528463178407E-06
"p900": 5.645029269476761E-06
"p901": 0
"p902": 0
"p903": 0
"p904": 0.00045536569440445874
"p905": 0.00013736237889060116
"p906": 2.8225146347383805E-05
"p907": 0
"p908": 0.0008956779774236458
"p909": 0.0003292933740528111
"p910": 7.526705692635681E-05
"p911": 3.7633528463178407E-06
"p912": 0.0036692690251598943
"p913": 0.0011628760295122127
"p914": 0.00018064093662325633
"p915": 1.1290058538953523E-05
"p916": 0.0002145111122401169
"p917": 2.2580117077907045E-05
"p918": 0
"p919": 0
"p920": 0.0015862532247229698
"p921": 0.000427140548057075
"p922": 4.516023415581409E-05
"p923": 0
"p924": 0.003987272340673752
"p925": 0.0011384142360111467
"p926": 0.0001373623788906012
"p927": 7.5267056926356815E-06
"p928": 0.0004139688130949625
"p929": 0.00012419064392848873
"p930": 1.8816764231589203E-05
"p931": 0
"p932": 0
"p933": 0
"p934": 0
"p935": 0
"p936": 7.150370408003896E-05
"p937": 2.4461793501065963E-05
"p938": 5.645029269476761E-06
"p939": 1.8816764231589204E-06
"p940": 0.00013171734962112442
"p941": 5.645029269476761E-05
"p942": 1.3171734962112444E-05
"p943": 1.8816764231589204E-06
"p944": 0.0006585867481056221
