"p882": 0
"p883": 0
"p884": 0
"p885": 0
"p886": 0
"p887": 0
"p888": 0
"p889": 0
"p890": 0
"p891": 0
"p892": 0
"p893": 0
"p894": 0
"p895": 0
"p896": 0.0116438137065074
"p897": 0.0042262452464149345
"p898": 0.000826055949766766
"p899": 6.585867481056221E-05
"p900": 5.6450292694767596E-05
"p901": 0
"p902": 0
"p903": 0
"p904": 0.007193648965736552
"p905": 0.0025402631712645417
"p906": 0.0004365489301728695
"p907": 2.0698440654748124E-05
"p908": 0.010456475883494121
"p909": 0.003236483447833343
"p910": 0.0004553656944044587
"p911": 2.258011707790704E-05
"p912": 0.009001940008392276
"p913": 0.0034566395893429365
"p914": 0.0006585867481056221
"p915": 4.3278557732655166E-05
"p916": 0.0007601972749562036
"p917": 9.032046831162815E-05
"p918": 0
"p919": 0
"p920": 0.0067138214778310265
"p921": 0.0024461793501065966
"p922": 0.00042714054805707494
"p923": 1.5053411385271365E-05
"p924": 0.013452104749163123
"p925": 0.004395596124499238
"p926": 0.0006454150131435096
"p927": 1.3171734962112444E-05
"p928": 0.008098735325275995
"p929": 0.0025440265241108598
"p930": 0.00014112573173691902
"p931": 1.8816764231589204E-06
"p932": 0
"p933": 0
"p934": 0
"p935": 0
"p936": 0.0037370093763936154
"p937": 0.0011609943530890535
"p938": 3.575185204001948E-05
"p939": 0
"p940": 0.0030897126868269474
"p941": 0.0007997124798425413
"p942": 8.279376261899248E-05
"p943": 0
"p944": 0.0037652345227409995
