"p882": 0
"p883": 0
"p884": 0
"p885": 0
"p886": 0
"p887": 0
"p888": 0.00012419064392848875
"p889": 4.327855773265517E-05
"p890": 0
"p891": 0
"p892": 0
"p893": 0
"p894": 0
"p895": 0
"p896": 0.0031499263323680323
"p897": 0.0010744372376237435
"p898": 0.0001956943480085277
"p899": 1.3171734962112444E-05
"p900": 0.0003838619903244197
"p901": 4.8923587002131926E-05
"p902": 0
"p903": 0
"p904": 0.0013585703775207405
"p905": 0.0003424651090149235
"p906": 3.9515204886337324E-05
"p907": 0
"p908": 0.004662794176587804
"p909": 0.0014037306116765546
"p910": 0.0001956943480085277
"p911": 1.8816764231589204E-06
"p912": 1.5053411385271363E-05
"p913": 3.7633528463178407E-06
"p914": 0
"p915": 0
"p916": 2.0698440654748124E-05
"p917": 1.8816764231589204E-06
"p918": 0
"p919": 0
"p920": 0
"p921": 0
"p922": 0
"p923": 0
"p924": 0
"p925": 0
"p926": 0
"p927": 0
"p928": 0.005112514841722786
"p929": 0.001721733927190412
"p930": 0.000212629435816958
"p931": 7.5267056926356815E-06
"p932": 2.2580117077907042E-05
"p933": 0
"p934": 0
"p935": 0
"p936": 0.0017932376312704507
"p937": 0.0005550945448318814
"p938": 4.704191057897301E-05
"p939": 1.8816764231589204E-06
"p940": 0.0031969682429470064
"p941": 0.001014223592082658
"p942": 0.00010725555612005845
"p943": 3.7633528463178407E-06
"p944": 0.0024574694086455496
