"p882": 0.00015617914312219037
"p883": 5.645029269476761E-06
"p884": 0.004436993005808735
"p885": 0.0016464668702640553
"p886": 0.00030671325697490394
"p887": 7.5267056926356815E-06
"p888": 0.014216065376965646
"p889": 0.005445571568621916
"p890": 0.0009822350928889564
"p891": 4.704191057897301E-05
"p892": 0.023251875560974775
"p893": 0.009154355798668148
"p894": 0.0018478062475420598
"p895": 0.0001373623788906012
"p896": 0
"p897": 0
"p898": 0
"p899": 0
"p900": 5.645029269476761E-06
"p901": 5.645029269476761E-06
"p902": 0
"p903": 0
"p904": 3.7633528463178407E-06
"p905": 0
"p906": 0
"p907": 0
"p908": 0.00011290058538953522
"p909": 1.8816764231589203E-05
"p910": 1.8816764231589204E-06
"p911": 0
"p912": 5.645029269476761E-06
"p913": 0
"p914": 0
"p915": 0
"p916": 0.0002540263171264543
"p917": 1.3171734962112444E-05
"p918": 0
"p919": 0
"p920": 3.1988499193701654E-05
"p921": 1.8816764231589204E-06
"p922": 0
"p923": 0
"p924": 0.00023709122931802397
"p925": 5.833196911792653E-05
"p926": 0
"p927": 0
"p928": 5.456861627160869E-05
"p929": 1.6935087808430286E-05
"p930": 1.8816764231589204E-06
"p931": 0
"p932": 0.00023332787647170608
"p933": 3.0106822770542722E-05
"p934": 3.7633528463178407E-06
"p935": 0
"p936": 0.0006341249546045562
"p937": 0.00020510273012432233
"p938": 4.8923587002131926E-05
"p939": 3.7633528463178407E-06
"p940": 0.0021187676524769454
"p941": 0.0006228348960656027
"p942": 0.00013548070246744229
"p943": 3.7633528463178407E-06
"p944": 0.0008975596538468051
