"p882": 0.00013548070246744226
"p883": 0
"p884": 0.00029165984558963265
"p885": 6.209532196424438E-05
"p886": 0
"p887": 0
"p888": 0.014231118788350917
"p889": 0.005328907630386062
"p890": 0.0009182580945015532
"p891": 4.8923587002131926E-05
"p892": 0.008717806868495279
"p893": 0.003245891829949138
"p894": 0.0005400411334466102
"p895": 1.3171734962112444E-05
"p896": 3.7633528463178407E-06
"p897": 3.7633528463178407E-06
"p898": 0
"p899": 0
"p900": 0
"p901": 0
"p902": 0
"p903": 0
"p904": 6.962202765688005E-05
"p905": 1.6935087808430286E-05
"p906": 1.8816764231589204E-06
"p907": 0
"p908": 0
"p909": 0
"p910": 0
"p911": 0
"p912": 2.4461793501065966E-05
"p913": 9.408382115794602E-06
"p914": 0
"p915": 0
"p916": 0
"p917": 0
"p918": 0
"p919": 0
"p920": 6.397699838740328E-05
"p921": 2.2580117077907045E-05
"p922": 0
"p923": 0
"p924": 0
"p925": 0
"p926": 0
"p927": 0
"p928": 6.58586748105622E-05
"p929": 1.1290058538953523E-05
"p930": 3.7633528463178407E-06
"p931": 0
"p932": 0
"p933": 0
"p934": 0
"p935": 0
"p936": 0.0010706738847774259
"p937": 0.0002389729057411829
"p938": 3.387017561686057E-05
"p939": 1.8816764231589204E-06
"p940": 0.00035563684397703593
"p941": 0.00013548070246744223
"p942": 3.0106822770542726E-05
"p943": 1.8816764231589204E-06
"p944": 0.0003405834325917646
