"p882": 0
"p883": 0
"p884": 0.00011290058538953523
"p885": 3.198849919370165E-05
"p886": 0
"p887": 0
"p888": 2.6343469924224887E-05
"p889": 5.645029269476761E-06
"p890": 0
"p891": 0
"p892": 0
"p893": 0
"p894": 0
"p895": 0
"p896": 0.0015862532247229695
"p897": 0.0005042892814065907
"p898": 6.585867481056221E-05
"p899": 1.8816764231589204E-06
"p900": 0.0042093101586065055
"p901": 0.0013077651140954495
"p902": 0.00021451111224011693
"p903": 1.3171734962112444E-05
"p904": 0.00037633528463178407
"p905": 0.00010161052685058169
"p906": 2.069844065474812E-05
"p907": 0
"p908": 0.0037878146398189066
"p909": 0.0010782005904700614
"p910": 0.00014300740816007796
"p911": 0
"p912": 0
"p913": 0
"p914": 0
"p915": 0
"p916": 3.575185204001949E-05
"p917": 5.645029269476761E-06
"p918": 0
"p919": 0
"p920": 0
"p921": 0
"p922": 0
"p923": 0
"p924": 0
"p925": 0
"p926": 0
"p927": 0
"p928": 0.0017010354865356636
"p929": 0.0005080526342529085
"p930": 5.456861627160869E-05
"p931": 1.8816764231589204E-06
"p932": 0.006551997305439361
"p933": 0.002194034709403301
"p934": 0.0002502629642801364
"p935": 7.5267056926356815E-06
"p936": 0.00028225146347383805
"p937": 7.714873334951573E-05
"p938": 9.408382115794602E-06
"p939": 1.8816764231589204E-06
"p940": 0.0019456534215463238
"p941": 0.0005757929854866296
"p942": 5.456861627160869E-05
"p943": 1.8816764231589204E-06
"p944": 0.0008053575091120179
