"p882": 0.0003010682277054272
"p883": 7.5267056926356815E-06
"p884": 0.0005174610163687031
"p885": 0.0001279539967748066
"p886": 5.645029269476761E-06
"p887": 0
"p888": 0.02628890130795328
"p889": 0.009984175101281231
"p890": 0.001943771745123165
"p891": 0.00015241579027587256
"p892": 0.013702367713443261
"p893": 0.00522917877995864
"p894": 0.0009634183286573672
"p895": 3.76335284631784E-05
"p896": 3.7633528463178407E-06
"p897": 3.7633528463178407E-06
"p898": 0
"p899": 0
"p900": 0
"p901": 0
"p902": 0
"p903": 0
"p904": 0.00011478226181269415
"p905": 2.0698440654748124E-05
"p906": 1.8816764231589204E-06
"p907": 0
"p908": 0
"p909": 0
"p910": 0
"p911": 0
"p912": 0.0001486524374295547
"p913": 9.408382115794602E-06
"p914": 0
"p915": 0
"p916": 0
"p917": 0
"p918": 0
"p919": 0
"p920": 0.00036316354966967166
"p921": 6.39769983874033E-05
"p922": 0
"p923": 0
"p924": 1.6935087808430282E-05
"p925": 0
"p926": 0
"p927": 0
"p928": 0.00023332787647170608
"p929": 3.0106822770542722E-05
"p930": 3.7633528463178407E-06
"p931": 0
"p932": 0
"p933": 0
"p934": 0
"p935": 0
"p936": 0.00209242418255272
"p937": 0.0006096631611034903
"p938": 0.00012983567319796552
"p939": 3.7633528463178407E-06
"p940": 0.0005814380147561064
"p941": 0.00020510273012432233
"p942": 5.2686939848449775E-05
"p943": 3.7633528463178407E-06
"p944": 0.0014921694035650236
