"p882": 0
"p883": 0
"p884": 0
"p885": 0
"p886": 0
"p887": 0
"p888": 0
"p889": 0
"p890": 0
"p891": 0
"p892": 0
"p893": 0
"p894": 0
"p895": 0
"p896": 0.0009765900636194797
"p897": 0.000235209552894865
"p898": 1.88167642315892E-05
"p899": 0
"p900": 0.0021131226232074672
"p901": 0.00047982748790552463
"p902": 3.0106822770542726E-05
"p903": 0
"p904": 0.007788258715454774
"p905": 0.0026757438737319847
"p906": 0.000447838988711823
"p907": 2.82251463473838E-05
"p908": 0.018399032065647924
"p909": 0.006461676837127734
"p910": 0.0011948645287059145
"p911": 8.091208619583358E-05
"p912": 0.002653163756654077
"p913": 0.0009032046831162818
"p914": 0.0001129005853895352
"p915": 0
"p916": 0.00461763394243199
"p917": 0.0013341085840196743
"p918": 0.0001956943480085277
"p919": 0
"p920": 0.00789927762442115
"p921": 0.0028959000152415787
"p922": 0.0004986442521371138
"p923": 1.8816764231589207E-05
"p924": 0.01733400321013998
"p925": 0.00629420763546659
"p926": 0.001157231000242736
"p927": 5.2686939848449775E-05
"p928": 0.00011478226181269412
"p929": 2.069844065474812E-05
"p930": 0
"p931": 0
"p932": 0.0003857436667475786
"p933": 0.00015053411385271363
"p934": 2.2580117077907045E-05
"p935": 0
"p936": 0.003518734911307181
"p937": 0.0009502465936952549
"p938": 4.139688130949624E-05
"p939": 0
"p940": 0.011083074132406043
"p941": 0.0034566395893429374
"p942": 0.00015994249596850825
"p943": 1.8816764231589204E-06
"p944": 0.00019004931873905096
