"p882": 0.0004911175464444782
"p883": 6.585867481056221E-05
"p884": 0.014193485259887739
"p885": 0.005470033362122982
"p886": 0.001162876029512213
"p887": 0.000165587525237985
"p888": 0.0018590963060810125
"p889": 0.0006265982489119206
"p890": 0.0001392440553137601
"p891": 1.8816764231589204E-06
"p892": 0.0026795072265783024
"p893": 0.0008900329481541691
"p894": 0.00014300740816007796
"p895": 5.645029269476761E-06
"p896": 0.001398085582407078
"p897": 0.0003913886960170554
"p898": 3.7633528463178407E-05
"p899": 1.8816764231589204E-06
"p900": 0.0027980528412373143
"p901": 0.0007620789513793627
"p902": 7.903040977267465E-05
"p903": 3.7633528463178407E-06
"p904": 0.0004064421074023268
"p905": 0.0001204272910821709
"p906": 2.069844065474812E-05
"p907": 0
"p908": 0.0023934924102581466
"p909": 0.000590846396871901
"p910": 6.397699838740331E-05
"p911": 0
"p912": 0
"p913": 0
"p914": 0
"p915": 0
"p916": 5.645029269476761E-06
"p917": 5.645029269476761E-06
"p918": 0
"p919": 0
"p920": 0
"p921": 0
"p922": 0
"p923": 0
"p924": 0
"p925": 0
"p926": 0
"p927": 0
"p928": 0.0008768612131920568
"p929": 0.0002954231984359505
"p930": 6.0213645541085445E-05
"p931": 7.5267056926356815E-06
"p932": 0.0027717093713130895
"p933": 0.0008655711546531035
"p934": 0.00016182417239166716
"p935": 9.408382115794602E-06
"p936": 0.00019193099516220984
"p937": 7.903040977267465E-05
"p938": 1.3171734962112442E-05
"p939": 1.8816764231589204E-06
"p940": 0.000733853805031979
"p941": 0.00023144620004854723
"p942": 2.2580117077907045E-05
"p943": 1.8816764231589204E-06
"p944": 0.0004553656944044588
