"p882": 0
"p883": 0
"p884": 0.0001373623788906012
"p885": 2.6343469924224887E-05
"p886": 0
"p887": 0
"p888": 3.0106822770542726E-05
"p889": 5.645029269476761E-06
"p890": 0
"p891": 0
"p892": 0
"p893": 0
"p894": 0
"p895": 0
"p896": 7.150370408003898E-05
"p897": 5.645029269476761E-06
"p898": 0
"p899": 0
"p900": 0.001061265502661631
"p901": 0.00022768284720222937
"p902": 0
"p903": 0
"p904": 1.1290058538953523E-05
"p905": 0
"p906": 0
"p907": 0
"p908": 0.00030106822770542725
"p909": 8.279376261899251E-05
"p910": 3.7633528463178407E-06
"p911": 3.7633528463178407E-06
"p912": 0
"p913": 0
"p914": 0
"p915": 0
"p916": 2.8225146347383805E-05
"p917": 1.8816764231589204E-06
"p918": 0
"p919": 0
"p920": 0
"p921": 0
"p922": 0
"p923": 0
"p924": 0
"p925": 0
"p926": 0
"p927": 0
"p928": 0.0064334516907803485
"p929": 0.001979523597163184
"p930": 0.0002615530228190899
"p931": 9.408382115794602E-06
"p932": 0.017834529138700254
"p933": 0.0055114302434324785
"p934": 0.0009333115058868247
"p935": 6.39769983874033E-05
"p936": 0.0014902877271418648
"p937": 0.00039703372528653225
"p938": 4.516023415581409E-05
"p939": 0
"p940": 0.011374733977995674
"p941": 0.00339830762022501
"p942": 0.0004534840179812998
"p943": 2.2580117077907045E-05
"p944": 0.0018308711597336293
