"p882": 3.198849919370164E-05
"p883": 0
"p884": 0
"p885": 0
"p886": 0
"p887": 0
"p888": 0.0002615530228190899
"p889": 9.784717400426385E-05
"p890": 1.5053411385271361E-05
"p891": 1.8816764231589204E-06
"p892": 0.00013736237889060116
"p893": 4.3278557732655166E-05
"p894": 7.52670569263568E-06
"p895": 1.8816764231589204E-06
"p896": 0.00437489768384449
"p897": 0.0013378719368659924
"p898": 0.0002069844065474812
"p899": 1.5053411385271363E-05
"p900": 2.2580117077907042E-05
"p901": 0
"p902": 0
"p903": 0
"p904": 0.002242958296405433
"p905": 0.0006736401594908936
"p906": 0.00010913723254321737
"p907": 7.5267056926356815E-06
"p908": 0.0039646922235958455
"p909": 0.0011402959124343058
"p910": 0.00011478226181269414
"p911": 5.645029269476761E-06
"p912": 0.004341027508227629
"p913": 0.0013247002019038802
"p914": 0.0001862859658927331
"p915": 1.1290058538953523E-05
"p916": 0.0004045604309791678
"p917": 4.5160234155814084E-05
"p918": 0
"p919": 0
"p920": 0.002604240169651945
"p921": 0.0007263270993393433
"p922": 9.972885042742277E-05
"p923": 5.645029269476761E-06
"p924": 0.006531298864784613
"p925": 0.001845924571118901
"p926": 0.00025026296428013644
"p927": 5.645029269476761E-06
"p928": 0.001840279541849424
"p929": 0.0004986442521371138
"p930": 3.951520488633733E-05
"p931": 0
"p932": 0
"p933": 0
"p934": 0
"p935": 0
"p936": 0.000705628658684595
"p937": 0.00020698440654748124
"p938": 1.6935087808430282E-05
"p939": 0
"p940": 0.0005456861627160869
"p941": 0.00018252261304641527
"p942": 3.010682277054273E-05
"p943": 0
"p944": 0.001134650883164829
