"p882": 2.258011707790704E-05
"p883": 0
"p884": 0.0002991865512822683
"p885": 9.032046831162818E-05
"p886": 1.505341138527136E-05
"p887": 0
"p888": 0.0030332623941321784
"p889": 0.0009859984457352743
"p890": 0.00018064093662325633
"p891": 1.8816764231589203E-05
"p892": 0.002545908200534019
"p893": 0.0009446015644257781
"p894": 0.00017875926020009743
"p895": 1.8816764231589203E-05
"p896": 0
"p897": 0
"p898": 0
"p899": 0
"p900": 6.021364554108546E-05
"p901": 0
"p902": 0
"p903": 0
"p904": 9.032046831162818E-05
"p905": 1.6935087808430282E-05
"p906": 0
"p907": 0
"p908": 0.001008578562813181
"p909": 0.0001561791431221904
"p910": 1.5053411385271363E-05
"p911": 0
"p912": 5.8331969117926534E-05
"p913": 0
"p914": 0
"p915": 0
"p916": 0.0008354643318825606
"p917": 0.0001467707610063958
"p918": 0
"p919": 0
"p920": 0.00025402631712645424
"p921": 3.575185204001949E-05
"p922": 0
"p923": 0
"p924": 0.0012494331449775231
"p925": 0.0002408545821643418
"p926": 2.2580117077907045E-05
"p927": 0
"p928": 0.0004817091643286836
"p929": 9.596549758110493E-05
"p930": 7.5267056926356815E-06
"p931": 0
"p932": 0.00153356628487452
"p933": 0.00031800331551385747
"p934": 1.1290058538953523E-05
"p935": 0
"p936": 0.004051249339061155
"p937": 0.001226853027899616
"p938": 0.00019757602443168663
"p939": 3.76335284631784E-05
"p940": 0.013523608453243166
"p941": 0.004303393979764451
"p942": 0.0007771323627646342
"p943": 7.714873334951573E-05
"p944": 0.0026061218460751044
