"p882": 6.774035123372112E-05
"p883": 1.129005853895352E-05
"p884": 0.0015279212556050428
"p885": 0.0005475678391392458
"p886": 0.00010349220327374062
"p887": 1.129005853895352E-05
"p888": 0.0003424651090149234
"p889": 0.00010349220327374062
"p890": 2.8225146347383805E-05
"p891": 1.8816764231589204E-06
"p892": 0.000259671346395931
"p893": 8.467543904215141E-05
"p894": 3.387017561686056E-05
"p895": 1.8816764231589204E-06
"p896": 0.005148266693762806
"p897": 0.0015787265190303343
"p898": 0.0002502629642801364
"p899": 1.8816764231589207E-05
"p900": 0.010505399470496255
"p901": 0.003336212298260765
"p902": 0.0005964914261413778
"p903": 6.021364554108546E-05
"p904": 0.0017574857792304315
"p905": 0.00041208713667180354
"p906": 5.645029269476761E-05
"p907": 0
"p908": 0.009199516032823962
"p909": 0.0026588087859235545
"p910": 0.0004083237838254857
"p911": 2.2580117077907045E-05
"p912": 0
"p913": 0
"p914": 0
"p915": 0
"p916": 7.714873334951574E-05
"p917": 0
"p918": 0
"p919": 0
"p920": 0
"p921": 0
"p922": 0
"p923": 0
"p924": 5.645029269476761E-06
"p925": 0
"p926": 0
"p927": 0
"p928": 0.0035130898820377033
"p929": 0.001061265502661631
"p930": 0.00018252261304641527
"p931": 1.3171734962112444E-05
"p932": 0.012076599283833953
"p933": 0.003913886960170554
"p934": 0.0006774035123372114
"p935": 4.8923587002131926E-05
"p936": 0.0009615366522342082
"p937": 0.0002690797285117256
"p938": 4.516023415581409E-05
"p939": 1.8816764231589204E-06
"p940": 0.003558250116193519
"p941": 0.0011045440603942862
"p942": 0.00011854561465901199
"p943": 1.8816764231589204E-06
"p944": 0.002346450499679174
