"p882": 0.0009257848001941889
"p883": 0.00013171734962112442
"p884": 0.0001392440553137601
"p885": 3.575185204001949E-05
"p886": 0
"p887": 0
"p888": 0.007434503547900897
"p889": 0.0027829994298520433
"p890": 0.0005701479562171529
"p891": 7.33853805031979E-05
"p892": 0.006420279955818238
"p893": 0.0021526378280938042
"p894": 0.0003895070195938965
"p895": 2.8225146347383808E-05
"p896": 0.002237313267135956
"p897": 0.0006322432781813973
"p898": 6.774035123372114E-05
"p899": 3.7633528463178407E-06
"p900": 0.00021262943581695798
"p901": 2.0698440654748124E-05
"p902": 0
"p903": 0
"p904": 0.001183574470166961
"p905": 0.000306713256974904
"p906": 3.198849919370165E-05
"p907": 0
"p908": 0.0031837965079848938
"p909": 0.0008730978603457391
"p910": 9.972885042742278E-05
"p911": 1.8816764231589204E-06
"p912": 3.7633528463178407E-06
"p913": 3.7633528463178407E-06
"p914": 0
"p915": 0
"p916": 1.8816764231589204E-06
"p917": 1.8816764231589204E-06
"p918": 0
"p919": 0
"p920": 0
"p921": 0
"p922": 0
"p923": 0
"p924": 0
"p925": 0
"p926": 0
"p927": 0
"p928": 0.0023520955289486503
"p929": 0.0007601972749562039
"p930": 0.00015053411385271363
"p931": 9.408382115794602E-06
"p932": 1.8816764231589204E-06
"p933": 0
"p934": 0
"p935": 0
"p936": 0.0006510600424129863
"p937": 0.00017687758377693847
"p938": 2.4461793501065963E-05
"p939": 1.8816764231589204E-06
"p940": 0.0012607232035164763
"p941": 0.00043090390090339274
"p942": 8.279376261899248E-05
"p943": 9.408382115794602E-06
"p944": 0.0016201234003398303
