"p882": 0
"p883": 0
"p884": 1.5053411385271363E-05
"p885": 0
"p886": 0
"p887": 0
"p888": 0
"p889": 0
"p890": 0
"p891": 0
"p892": 0
"p893": 0
"p894": 0
"p895": 0
"p896": 0.009404618762948284
"p897": 0.00346792964788189
"p898": 0.0007394988343014557
"p899": 8.655711546531033E-05
"p900": 0.02171642759967711
"p901": 0.00842050199363617
"p902": 0.0019983403613947734
"p903": 0.00025778966997277216
"p904": 0.0035130898820377038
"p905": 0.0011892194994364378
"p906": 0.00021262943581695798
"p907": 1.8816764231589204E-06
"p908": 0.009161882504360784
"p909": 0.0026494004038077595
"p910": 0.0003180033155138575
"p911": 5.645029269476761E-06
"p912": 0.012426591098541512
"p913": 0.004649622441625692
"p914": 0.0008317009790362428
"p915": 4.139688130949625E-05
"p916": 0.022736296221029247
"p917": 0.00847318893348462
"p918": 0.001776302543462021
"p919": 0.0001637058488148261
"p920": 0.0059272807329506
"p921": 0.002079252447590607
"p922": 0.00035563684397703593
"p923": 9.408382115794602E-06
"p924": 0.017922967930588715
"p925": 0.005724059679249435
"p926": 0.0008806245660383747
"p927": 3.575185204001949E-05
"p928": 0.004405004506615033
"p929": 0.0013773871417523296
"p930": 0.0001580608195453493
"p931": 1.3171734962112444E-05
"p932": 0.01397332911837814
"p933": 0.004773813085554181
"p934": 0.0004854725171750014
"p935": 1.6935087808430282E-05
"p936": 0.0007846590684572699
"p937": 0.0001900493187390509
"p938": 2.8225146347383805E-05
"p939": 1.8816764231589204E-06
"p940": 0.0013642154067902167
"p941": 0.00041396881309496247
"p942": 9.032046831162818E-05
"p943": 3.7633528463178407E-06
"p944": 0.003020090659170067
