"p882": 0
"p883": 0
"p884": 0
"p885": 0
"p886": 0
"p887": 0
"p888": 3.198849919370165E-05
"p889": 2.0698440654748124E-05
"p890": 0
"p891": 0
"p892": 0
"p893": 0
"p894": 0
"p895": 0
"p896": 0.003735127699970456
"p897": 0.001294593379133337
"p898": 0.00024085458216434178
"p899": 1.5053411385271365E-05
"p900": 2.2580117077907042E-05
"p901": 0
"p902": 0
"p903": 0
"p904": 0.0013943222295607596
"p905": 0.00044031228301918735
"p906": 6.962202765688005E-05
"p907": 0
"p908": 0.0030370257469784978
"p909": 0.0010085785628131813
"p910": 0.00011666393823585305
"p911": 1.8816764231589204E-06
"p912": 0.0035657768218861534
"p913": 0.001255078174247
"p914": 0.00021827446508643474
"p915": 1.3171734962112444E-05
"p916": 0.00040456043097916787
"p917": 5.080526342529085E-05
"p918": 0
"p919": 0
"p920": 0.0015147495206429308
"p921": 0.00037445360820862513
"p922": 3.9515204886337324E-05
"p923": 0
"p924": 0.005088053048221721
"p925": 0.0015260395791818844
"p926": 0.00020698440654748124
"p927": 1.8816764231589204E-06
"p928": 0.0020999508882453546
"p929": 0.0007451438635709325
"p930": 3.010682277054273E-05
"p931": 0
"p932": 0
"p933": 0
"p934": 0
"p935": 0
"p936": 0.0006905752472993236
"p937": 0.0002559079935496131
"p938": 1.8816764231589204E-06
"p939": 1.8816764231589204E-06
"p940": 0.0007338538050319789
"p941": 0.00023144620004854723
"p942": 2.2580117077907042E-05
"p943": 1.8816764231589204E-06
"p944": 0.0011007807075479681
