"p882": 0
"p883": 0
"p884": 0
"p885": 0
"p886": 0
"p887": 0
"p888": 0
"p889": 0
"p890": 0
"p891": 0
"p892": 0
"p893": 0
"p894": 0
"p895": 0
"p896": 0.00010537387969689955
"p897": 1.8816764231589204E-06
"p898": 0
"p899": 0
"p900": 0
"p901": 0
"p902": 0
"p903": 0
"p904": 0.002568488317611926
"p905": 0.0006209532196424437
"p906": 4.139688130949625E-05
"p907": 1.8816764231589204E-06
"p908": 0.00037257193178546626
"p909": 7.150370408003898E-05
"p910": 0
"p911": 0
"p912": 0.0006924569237224828
"p913": 9.22021447347871E-05
"p914": 3.7633528463178407E-06
"p915": 0
"p916": 0
"p917": 0
"p918": 0
"p919": 0
"p920": 0.001625768429609307
"p921": 0.00034999181470755914
"p922": 2.8225146347383805E-05
"p923": 0
"p924": 0.00033117505047597004
"p925": 5.833196911792653E-05
"p926": 0
"p927": 0
"p928": 0.002210969797211731
"p929": 0.000517461016368703
"p930": 3.0106822770542726E-05
"p931": 0
"p932": 2.2580117077907045E-05
"p933": 0
"p934": 0
"p935": 0
"p936": 0.026514702478732357
"p937": 0.008516467491217278
"p938": 0.0013378719368659928
"p939": 8.655711546531035E-05
"p940": 0.010129064185864468
"p941": 0.0028714382217405123
"p942": 0.00041396881309496247
"p943": 2.258011707790704E-05
"p944": 0.004149096513065419
