"p882": 7.52670569263568E-06
"p883": 7.52670569263568E-06
"p884": 0
"p885": 0
"p886": 0
"p887": 0
"p888": 0.0028055795469299504
"p889": 0.000899441330269964
"p890": 0.00017875926020009743
"p891": 2.258011707790704E-05
"p892": 0.00032929337405281106
"p893": 0.0001016105268505817
"p894": 3.76335284631784E-06
"p895": 0
"p896": 0.004216836864299139
"p897": 0.0011440592652806234
"p898": 0.00015806081954534927
"p899": 7.5267056926356815E-06
"p900": 0.0005325144277539746
"p901": 9.4083821157946E-05
"p902": 5.645029269476761E-06
"p903": 0
"p904": 0.012129286223682402
"p905": 0.003776524581279953
"p906": 0.0006661134537982578
"p907": 6.209532196424439E-05
"p908": 0.010151644302942376
"p909": 0.0030483158055174507
"p910": 0.0005287510749076566
"p911": 3.76335284631784E-05
"p912": 4.704191057897301E-05
"p913": 0
"p914": 0
"p915": 0
"p916": 0
"p917": 0
"p918": 0
"p919": 0
"p920": 5.2686939848449775E-05
"p921": 0
"p922": 0
"p923": 0
"p924": 0
"p925": 0
"p926": 0
"p927": 0
"p928": 0.0017179705743440939
"p929": 0.00048359084075184255
"p930": 5.080526342529085E-05
"p931": 0
"p932": 5.645029269476761E-06
"p933": 0
"p934": 0
"p935": 0
"p936": 0.013094586228762927
"p937": 0.004103936278909605
"p938": 0.0006981019529919596
"p939": 5.080526342529085E-05
"p940": 0.004128398072410671
"p941": 0.00120239123439855
"p942": 0.00022015614150959367
"p943": 1.6935087808430286E-05
"p944": 0.0014789976686029112
