"p882": 2.8225146347383805E-05
"p883": 0
"p884": 0
"p885": 0
"p886": 0
"p887": 0
"p888": 0.00444263803507821
"p889": 0.0014865243742955474
"p890": 6.585867481056221E-05
"p891": 1.8816764231589204E-06
"p892": 0.0010217502977752939
"p893": 0.0002803697870506791
"p894": 1.6935087808430286E-05
"p895": 0
"p896": 6.774035123372112E-05
"p897": 1.3171734962112444E-05
"p898": 3.7633528463178407E-06
"p899": 0
"p900": 0
"p901": 0
"p902": 0
"p903": 0
"p904": 0.0008825062424615337
"p905": 0.000212629435816958
"p906": 2.8225146347383805E-05
"p907": 1.8816764231589204E-06
"p908": 0.000306713256974904
"p909": 0.00011666393823585305
"p910": 2.6343469924224887E-05
"p911": 1.8816764231589204E-06
"p912": 0.0003443467854380824
"p913": 6.39769983874033E-05
"p914": 1.1290058538953521E-05
"p915": 0
"p916": 2.2580117077907045E-05
"p917": 5.645029269476761E-06
"p918": 0
"p919": 0
"p920": 0.0012626048799396358
"p921": 0.00034622846186124133
"p922": 2.6343469924224887E-05
"p923": 1.8816764231589204E-06
"p924": 0.0008542810961141498
"p925": 0.00025214464070329537
"p926": 3.9515204886337324E-05
"p927": 1.8816764231589204E-06
"p928": 1.8816764231589204E-06
"p929": 1.8816764231589204E-06
"p930": 1.8816764231589204E-06
"p931": 1.8816764231589204E-06
"p932": 0
"p933": 0
"p934": 0
"p935": 0
"p936": 0.00024461793501065964
"p937": 4.327855773265517E-05
"p938": 9.408382115794602E-06
"p939": 0
"p940": 5.645029269476761E-05
"p941": 2.634346992422488E-05
"p942": 7.5267056926356815E-06
"p943": 0
"p944": 1.8816764231589203E-05
