"p882": 0
"p883": 0
"p884": 0
"p885": 0
"p886": 0
"p887": 0
"p888": 0
"p889": 0
"p890": 0
"p891": 0
"p892": 1.5053411385271363E-05
"p893": 0
"p894": 0
"p895": 0
"p896": 0.0013736237889060117
"p897": 0.0003198849919370164
"p898": 3.3870175616860565E-05
"p899": 0
"p900": 0.003232720094987025
"p901": 0.0007169187172235485
"p902": 4.516023415581409E-05
"p903": 0
"p904": 0.011598653472351587
"p905": 0.004169794953720167
"p906": 0.0008561627725373087
"p907": 8.843879188846925E-05
"p908": 0.025788375379393005
"p909": 0.009600313110956814
"p910": 0.002146992798824328
"p911": 0.00025778966997277216
"p912": 0.004909293788021622
"p913": 0.0016107150182240358
"p914": 0.00023144620004854718
"p915": 1.1290058538953523E-05
"p916": 0.009178817592169215
"p917": 0.002871438221740512
"p918": 0.00048547251717500137
"p919": 1.5053411385271363E-05
"p920": 0.01544668175771158
"p921": 0.005690189503632576
"p922": 0.001017986944928976
"p923": 4.139688130949625E-05
"p924": 0.03237047950760291
"p925": 0.012227133397686666
"p926": 0.0025459082005340194
"p927": 0.00020510273012432233
"p928": 0.00013548070246744226
"p929": 2.069844065474812E-05
"p930": 0
"p931": 0
"p932": 0.000541922809869769
"p933": 0.0001787592602000974
"p934": 2.2580117077907045E-05
"p935": 0
"p936": 0.0049977325799100926
"p937": 0.0014865243742955474
"p938": 0.00016182417239166713
"p939": 1.3171734962112444E-05
"p940": 0.01452277863394055
"p941": 0.004892358700213193
"p942": 0.0004854725171750014
"p943": 1.6935087808430282E-05
"p944": 0.00042902222448023387
