"p882": 0
"p883": 0
"p884": 0
"p885": 0
"p886": 0
"p887": 0
"p888": 0.00012419064392848875
"p889": 3.3870175616860565E-05
"p890": 0
"p891": 0
"p892": 0.00011101890896637632
"p893": 2.2580117077907045E-05
"p894": 0
"p895": 0
"p896": 0
"p897": 0
"p898": 0
"p899": 0
"p900": 0.0002239194943559115
"p901": 4.327855773265517E-05
"p902": 0
"p903": 0
"p904": 2.8225146347383805E-05
"p905": 5.645029269476761E-06
"p906": 0
"p907": 0
"p908": 0.00033870175616860555
"p909": 9.784717400426385E-05
"p910": 0
"p911": 0
"p912": 0
"p913": 0
"p914": 0
"p915": 0
"p916": 0
"p917": 0
"p918": 0
"p919": 0
"p920": 0
"p921": 0
"p922": 0
"p923": 0
"p924": 2.8225146347383805E-05
"p925": 1.8816764231589204E-06
"p926": 0
"p927": 0
"p928": 0.0009558916229647315
"p929": 0.0002897781691664738
"p930": 3.3870175616860565E-05
"p931": 0
"p932": 0.002502629642801364
"p933": 0.0005776746619097884
"p934": 7.150370408003898E-05
"p935": 0
"p936": 0.0035112082056145463
"p937": 0.0009972885042742279
"p938": 0.00012607232035164768
"p939": 3.7633528463178407E-06
"p940": 0.013322269075965159
"p941": 0.0038555549910526273
"p942": 0.0005776746619097886
"p943": 2.0698440654748128E-05
"p944": 0.00012795399677480656
