"p882": 7.5267056926356815E-06
"p883": 0
"p884": 0.0007526705692635679
"p885": 0.0001900493187390509
"p886": 1.5053411385271363E-05
"p887": 0
"p888": 0.007078866703923859
"p889": 0.0024160725273360537
"p890": 0.0004704191057897302
"p891": 6.209532196424438E-05
"p892": 0.013709894419135895
"p893": 0.005099343106760674
"p894": 0.001138414236011147
"p895": 0.00015994249596850823
"p896": 5.645029269476761E-06
"p897": 0
"p898": 0
"p899": 0
"p900": 0.00018440428946957417
"p901": 1.3171734962112444E-05
"p902": 0
"p903": 0
"p904": 3.1988499193701654E-05
"p905": 1.8816764231589204E-06
"p906": 0
"p907": 0
"p908": 0.00023144620004854718
"p909": 5.645029269476761E-05
"p910": 0
"p911": 0
"p912": 0
"p913": 0
"p914": 0
"p915": 0
"p916": 0
"p917": 0
"p918": 0
"p919": 0
"p920": 0
"p921": 0
"p922": 0
"p923": 0
"p924": 5.645029269476761E-06
"p925": 1.8816764231589204E-06
"p926": 0
"p927": 0
"p928": 0.000918258094501553
"p929": 0.00017311423093062066
"p930": 1.8816764231589203E-05
"p931": 0
"p932": 0.0017970009841167687
"p933": 0.0003180033155138575
"p934": 1.8816764231589203E-05
"p935": 0
"p936": 0.00249133958426241
"p937": 0.0007677239806488396
"p938": 0.00010537387969689955
"p939": 9.408382115794602E-06
"p940": 0.00678344350548791
"p941": 0.0020641990362053352
"p942": 0.00026343469924224885
"p943": 1.3171734962112442E-05
"p944": 3.0106822770542726E-05
