"p882": 0
"p883": 0
"p884": 0
"p885": 0
"p886": 0
"p887": 0
"p888": 3.198849919370165E-05
"p889": 2.0698440654748124E-05
"p890": 0
"p891": 0
"p892": 0
"p893": 0
"p894": 0
"p895": 0
"p896": 0.0058538953524474024
"p897": 0.002186508003710665
"p898": 0.0005400411334466102
"p899": 6.962202765688005E-05
"p900": 5.456861627160869E-05
"p901": 5.645029269476761E-06
"p902": 0
"p903": 0
"p904": 0.0021733362687485526
"p905": 0.0007545522456867272
"p906": 0.00015617914312219037
"p907": 7.5267056926356815E-06
"p908": 0.005091816401068041
"p909": 0.0016314134588787839
"p910": 0.0002464996114338186
"p911": 1.3171734962112444E-05
"p912": 0.00904710024254809
"p913": 0.003219548360024912
"p914": 0.000636006631027715
"p915": 5.645029269476761E-05
"p916": 0.0008091208619583357
"p917": 0.00010913723254321737
"p918": 5.645029269476761E-06
"p919": 0
"p920": 0.0038837801374000114
"p921": 0.0010010518571205457
"p922": 9.972885042742278E-05
"p923": 0
"p924": 0.012101061077335018
"p925": 0.0037821696105494297
"p926": 0.0005513311919855637
"p927": 3.010682277054273E-05
"p928": 0.003038907423401656
"p929": 0.0011591126766658947
"p930": 0.0001448890845832369
"p931": 7.5267056926356815E-06
"p932": 0
"p933": 0
"p934": 0
"p935": 0
"p936": 0.0009634183286573669
"p937": 0.00036128187324651283
"p938": 2.2580117077907045E-05
"p939": 1.8816764231589204E-06
"p940": 0.0012607232035164763
"p941": 0.00043090390090339274
"p942": 8.279376261899248E-05
"p943": 9.408382115794602E-06
"p944": 0.002835686369700493
