"p882": 1.1290058538953521E-05
"p883": 0
"p884": 0.00010913723254321737
"p885": 2.6343469924224887E-05
"p886": 7.52670569263568E-06
"p887": 7.52670569263568E-06
"p888": 0.00029354152201279153
"p889": 0.00011854561465901196
"p890": 1.3171734962112442E-05
"p891": 0
"p892": 0.0005870830440255833
"p893": 0.00020698440654748124
"p894": 3.198849919370164E-05
"p895": 0
"p896": 0.00031047660982122185
"p897": 6.585867481056221E-05
"p898": 1.8816764231589204E-06
"p899": 0
"p900": 0.0008298193026130838
"p901": 0.0001749959073537796
"p902": 3.7633528463178407E-06
"p903": 0
"p904": 0.002005867067087409
"p905": 0.0005381594570234511
"p906": 6.209532196424438E-05
"p907": 5.645029269476761E-06
"p908": 0.007139080349464944
"p909": 0.0021338210638622156
"p910": 0.0003142399626675397
"p911": 2.2580117077907045E-05
"p912": 0.0010857272961626969
"p913": 0.00026907972851172564
"p914": 3.0106822770542722E-05
"p915": 0
"p916": 0.0023972557631044638
"p917": 0.0005720296326403117
"p918": 6.021364554108545E-05
"p919": 0
"p920": 0.0028695565453173526
"p921": 0.0008034758326888591
"p922": 0.00011290058538953523
"p923": 5.645029269476761E-06
"p924": 0.008589852871720472
"p925": 0.002540263171264542
"p926": 0.0003669269025159895
"p927": 1.6935087808430286E-05
"p928": 2.2580117077907045E-05
"p929": 5.645029269476761E-06
"p930": 0
"p931": 0
"p932": 0.00012607232035164763
"p933": 4.8923587002131926E-05
"p934": 5.645029269476761E-06
"p935": 0
"p936": 0.00042714054805707483
"p937": 0.00011290058538953522
"p938": 5.645029269476761E-06
"p939": 0
"p940": 0.0025007479663782055
"p941": 0.0006905752472993237
"p942": 5.080526342529086E-05
"p943": 0
"p944": 4.327855773265517E-05
