"p882": 0
"p883": 0
"p884": 0
"p885": 0
"p886": 0
"p887": 0
"p888": 0.0014131389937923494
"p889": 0.0004892358700213193
"p890": 0.00012795399677480656
"p891": 2.258011707790704E-05
"p892": 0.0003462284618612414
"p893": 0.00010913723254321737
"p894": 5.645029269476761E-06
"p895": 0
"p896": 0.00023144620004854718
"p897": 3.3870175616860565E-05
"p898": 0
"p899": 0
"p900": 0
"p901": 0
"p902": 0
"p903": 0
"p904": 0.0007300904521856611
"p905": 9.032046831162818E-05
"p906": 0
"p907": 0
"p908": 5.2686939848449775E-05
"p909": 7.5267056926356815E-06
"p910": 0
"p911": 0
"p912": 0
"p913": 0
"p914": 0
"p915": 0
"p916": 0
"p917": 0
"p918": 0
"p919": 0
"p920": 6.774035123372114E-05
"p921": 0
"p922": 0
"p923": 0
"p924": 0
"p925": 0
"p926": 0
"p927": 0
"p928": 0.0027039690200793684
"p929": 0.0006472966895666685
"p930": 6.021364554108545E-05
"p931": 0
"p932": 0.00021639278866327586
"p933": 3.3870175616860565E-05
"p934": 0
"p935": 0
"p936": 0.013779516446792777
"p937": 0.0037765245812799537
"p938": 0.0005193426927918622
"p939": 2.8225146347383815E-05
"p940": 0.007750625186991593
"p941": 0.0019964586849716146
"p942": 0.0002653163756654078
"p943": 5.645029269476761E-06
"p944": 0.00034058343259176464
