"p882": 0
"p883": 0
"p884": 0
"p885": 0
"p886": 0
"p887": 0
"p888": 0
"p889": 0
"p890": 0
"p891": 0
"p892": 0
"p893": 0
"p894": 0
"p895": 0
"p896": 0.00209054250612956
"p897": 0.00047982748790552463
"p898": 3.0106822770542726E-05
"p899": 0
"p900": 2.2580117077907045E-05
"p901": 0
"p902": 0
"p903": 0
"p904": 0.01814124239567515
"p905": 0.006461676837127733
"p906": 0.001206154587244868
"p907": 8.655711546531035E-05
"p908": 0.00810814370739179
"p909": 0.0024631144379150265
"p910": 0.00039138869601705546
"p911": 2.258011707790704E-05
"p912": 0.0041961384236443924
"p913": 0.0012607232035164763
"p914": 0.0001956943480085277
"p915": 0
"p916": 0.0005005259285602729
"p917": 9.596549758110495E-05
"p918": 0
"p919": 0
"p920": 0.015068464796656635
"p921": 0.00561492244670622
"p922": 0.0010405670620068832
"p923": 5.833196911792654E-05
"p924": 0.011713435734164283
"p925": 0.003942112106517938
"p926": 0.0006529417188361453
"p927": 1.3171734962112444E-05
"p928": 0.0003857436667475786
"p929": 0.00015053411385271363
"p930": 2.2580117077907045E-05
"p931": 0
"p932": 0
"p933": 0
"p934": 0
"p935": 0
"p936": 0.011720962439856916
"p937": 0.0036730323780062137
"p938": 0.00016746920166114395
"p939": 1.8816764231589204E-06
"p940": 0.002713377402195163
"p941": 0.0006567050716824632
"p942": 3.387017561686056E-05
"p943": 0
"p944": 0.0008467543904215139
