"p882": 0
"p883": 0
"p884": 0
"p885": 0
"p886": 0
"p887": 0
"p888": 1.5053411385271363E-05
"p889": 0
"p890": 0
"p891": 0
"p892": 0
"p893": 0
"p894": 0
"p895": 0
"p896": 0.003164979743753304
"p897": 0.0007169187172235485
"p898": 4.516023415581409E-05
"p899": 0
"p900": 6.774035123372114E-05
"p901": 0
"p902": 0
"p903": 0
"p904": 0.026339706571378574
"p905": 0.009925843132163305
"p906": 0.00230129026552336
"p907": 0.00029354152201279164
"p908": 0.011167749571448192
"p909": 0.003496154794229274
"p910": 0.000611544837526649
"p911": 4.516023415581409E-05
"p912": 0.00827937626189925
"p913": 0.0026776255501551435
"p914": 0.00047418245863604784
"p915": 1.5053411385271363E-05
"p916": 0.0010085785628131813
"p917": 0.00022203781793275263
"p918": 1.1290058538953523E-05
"p919": 0
"p920": 0.030607348699103008
"p921": 0.01151021468046312
"p922": 0.0023577405582181276
"p923": 0.0001975760244316867
"p924": 0.01997399523183194
"p925": 0.0070035996469975026
"p926": 0.0012889483498638604
"p927": 6.0213645541085445E-05
"p928": 0.000541922809869769
"p929": 0.0001787592602000974
"p930": 2.2580117077907045E-05
"p931": 0
"p932": 0
"p933": 0
"p934": 0
"p935": 0
"p936": 0.01564237610572011
"p937": 0.005253640573459708
"p938": 0.0005588578976781994
"p939": 2.4461793501065976E-05
"p940": 0.0036749140544293716
"p941": 0.0009897617985815922
"p942": 8.655711546531033E-05
"p943": 5.645029269476761E-06
"p944": 0.0016634019580724852
