"p882": 8.091208619583357E-05
"p883": 1.129005853895352E-05
"p884": 0
"p885": 0
"p886": 0
"p887": 0
"p888": 0.0005720296326403118
"p889": 0.00022768284720222937
"p890": 7.33853805031979E-05
"p891": 1.129005853895352E-05
"p892": 0.00031423996266753977
"p893": 0.0001317173496211244
"p894": 3.575185204001948E-05
"p895": 0
"p896": 0.0004628924000970943
"p897": 6.021364554108546E-05
"p898": 0
"p899": 0
"p900": 7.903040977267465E-05
"p901": 0
"p902": 0
"p903": 0
"p904": 0.00021262943581695795
"p905": 3.0106822770542726E-05
"p906": 0
"p907": 0
"p908": 0.0002973048748591094
"p909": 0.0001016105268505817
"p910": 2.2580117077907045E-05
"p911": 0
"p912": 6.774035123372114E-05
"p913": 0
"p914": 0
"p915": 0
"p916": 0
"p917": 0
"p918": 0
"p919": 0
"p920": 0
"p921": 0
"p922": 0
"p923": 0
"p924": 0
"p925": 0
"p926": 0
"p927": 0
"p928": 0.009359458528792471
"p929": 0.002617411904614058
"p930": 0.00035187349113071807
"p931": 1.6935087808430286E-05
"p932": 0.0004083237838254857
"p933": 4.5160234155814084E-05
"p934": 0
"p935": 0
"p936": 0.0048980037294826684
"p937": 0.0012945933791333368
"p938": 0.00018252261304641527
"p939": 1.1290058538953523E-05
"p940": 0.009891972956546445
"p941": 0.0027340758428499113
"p942": 0.00031800331551385763
"p943": 5.645029269476761E-06
"p944": 0.0019287183337378933
