"p882": 6.397699838740328E-05
"p883": 1.129005853895352E-05
"p884": 0.0009069680359625994
"p885": 0.00037821696105494305
"p886": 8.843879188846925E-05
"p887": 1.129005853895352E-05
"p888": 0.00020322105370116337
"p889": 8.467543904215141E-05
"p890": 2.4461793501065963E-05
"p891": 1.8816764231589204E-06
"p892": 0.0001486524374295547
"p893": 6.021364554108544E-05
"p894": 3.010682277054272E-05
"p895": 1.8816764231589204E-06
"p896": 0.0023332787647170608
"p897": 0.0006717584830677345
"p898": 9.220214473478709E-05
"p899": 5.645029269476761E-06
"p900": 0.005436163186506121
"p901": 0.0016427035174177375
"p902": 0.0002464996114338186
"p903": 1.6935087808430286E-05
"p904": 0.0006058998082571724
"p905": 0.0001298356731979655
"p906": 1.3171734962112442E-05
"p907": 0
"p908": 0.004399359477345556
"p909": 0.001179811117320643
"p910": 0.00014112573173691902
"p911": 0
"p912": 0
"p913": 0
"p914": 0
"p915": 0
"p916": 6.774035123372114E-05
"p917": 0
"p918": 0
"p919": 0
"p920": 0
"p921": 0
"p922": 0
"p923": 0
"p924": 0
"p925": 0
"p926": 0
"p927": 0
"p928": 0.0020228021548958394
"p929": 0.0005325144277539744
"p930": 5.645029269476761E-05
"p931": 0
"p932": 0.007714873334951572
"p933": 0.002167691239479076
"p934": 0.0002653163756654078
"p935": 1.1290058538953523E-05
"p936": 0.00045536569440445874
"p937": 0.0001016105268505817
"p938": 1.3171734962112442E-05
"p939": 0
"p940": 0.002241076619982274
"p941": 0.0006661134537982578
"p942": 5.833196911792653E-05
"p943": 0
"p944": 0.000684930218029847
