"p882": 2.4461793501065963E-05
"p883": 0
"p884": 0.0015279212556050432
"p885": 0.0005475678391392458
"p886": 0.00010349220327374063
"p887": 1.1290058538953523E-05
"p888": 0.00805357509112018
"p889": 0.0028676748688941946
"p890": 0.0005607395741013582
"p891": 6.774035123372113E-05
"p892": 0.015493723668290554
"p893": 0.005955505879297983
"p894": 0.0012362614100154107
"p895": 0.000165587525237985
"p896": 0.0007620789513793627
"p897": 0.00015994249596850823
"p898": 1.6935087808430286E-05
"p899": 0
"p900": 0.0013585703775207403
"p901": 0.0002559079935496132
"p902": 1.5053411385271363E-05
"p903": 0
"p904": 0.001531684608451361
"p905": 0.00045912904725077655
"p906": 4.5160234155814084E-05
"p907": 1.8816764231589204E-06
"p908": 0.0037859329633957483
"p909": 0.0011158341189332398
"p910": 0.00010537387969689955
"p911": 3.7633528463178407E-06
"p912": 0
"p913": 0
"p914": 0
"p915": 0
"p916": 3.7633528463178407E-06
"p917": 3.7633528463178407E-06
"p918": 0
"p919": 0
"p920": 0
"p921": 0
"p922": 0
"p923": 0
"p924": 3.7633528463178407E-06
"p925": 3.7633528463178407E-06
"p926": 0
"p927": 0
"p928": 0.0001580608195453493
"p929": 1.5053411385271363E-05
"p930": 3.7633528463178407E-06
"p931": 0
"p932": 0.0003725719317854662
"p933": 6.585867481056221E-05
"p934": 5.645029269476761E-06
"p935": 1.8816764231589204E-06
"p936": 0.0009822350928889564
"p937": 0.00031988499193701646
"p938": 6.209532196424438E-05
"p939": 7.5267056926356815E-06
"p940": 0.00306713256974904
"p941": 0.0010010518571205457
"p942": 0.000165587525237985
"p943": 9.408382115794602E-06
"p944": 9.032046831162818E-05
