"p882": 0
"p883": 0
"p884": 0
"p885": 0
"p886": 0
"p887": 0
"p888": 0
"p889": 0
"p890": 0
"p891": 0
"p892": 0
"p893": 0
"p894": 0
"p895": 0
"p896": 0.0003594001968233538
"p897": 7.714873334951573E-05
"p898": 1.8816764231589204E-06
"p899": 0
"p900": 0.001605069988954559
"p901": 0.0003255300212064932
"p902": 2.6343469924224884E-05
"p903": 0
"p904": 6.774035123372113E-05
"p905": 2.2580117077907045E-05
"p906": 1.1290058538953523E-05
"p907": 0
"p908": 0.0006679951302214168
"p909": 0.00020322105370116343
"p910": 2.6343469924224887E-05
"p911": 0
"p912": 0
"p913": 0
"p914": 0
"p915": 0
"p916": 0.00013548070246744226
"p917": 5.645029269476761E-06
"p918": 0
"p919": 0
"p920": 0
"p921": 0
"p922": 0
"p923": 0
"p924": 0
"p925": 0
"p926": 0
"p927": 0
"p928": 0.013723066154098006
"p929": 0.004536721856236156
"p930": 0.0007338538050319788
"p931": 4.139688130949624E-05
"p932": 0.03279573837923683
"p933": 0.010595719938807882
"p934": 0.001800764336963087
"p935": 0.00011666393823585308
"p936": 0.004854725171750014
"p937": 0.0016201234003398305
"p938": 0.00023332787647170614
"p939": 0
"p940": 0.015008251151115546
"p941": 0.004418176241577145
"p942": 0.0005155793399455443
"p943": 0
"p944": 0.0023182253533317893
