"p882": 0
"p883": 0
"p884": 7.150370408003898E-05
"p885": 2.0698440654748124E-05
"p886": 0
"p887": 0
"p888": 0
"p889": 0
"p890": 0
"p891": 0
"p892": 0
"p893": 0
"p894": 0
"p895": 0
"p896": 0.0022260232085970022
"p897": 0.0007244454229161844
"p898": 0.00015429746669903146
"p899": 1.5053411385271365E-05
"p900": 0.0073535914617050635
"p901": 0.002726549137157275
"p902": 0.0006529417188361453
"p903": 7.714873334951572E-05
"p904": 0.0004798274879055247
"p905": 0.00016182417239166713
"p906": 3.198849919370165E-05
"p907": 0
"p908": 0.0036165820853114455
"p909": 0.00106314717908479
"p910": 0.00011290058538953522
"p911": 0
"p912": 0.004920583846560576
"p913": 0.0016182417239166713
"p914": 0.00021827446508643477
"p915": 7.5267056926356815E-06
"p916": 0.011271241774721937
"p917": 0.003742654405663092
"p918": 0.0006886935708761648
"p919": 5.645029269476761E-05
"p920": 0.0012607232035164765
"p921": 0.0003387017561686056
"p922": 3.7633528463178407E-05
"p923": 0
"p924": 0.009478004143451483
"p925": 0.002867674868894194
"p926": 0.00040832378382548573
"p927": 2.2580117077907045E-05
"p928": 0.0009201397709247119
"p929": 0.0003104766098212219
"p930": 4.516023415581409E-05
"p931": 5.645029269476761E-06
"p932": 0.0037915779926652247
"p933": 0.0014733526393334345
"p934": 0.00016182417239166716
"p935": 7.5267056926356815E-06
"p936": 0.00011290058538953522
"p937": 3.0106822770542726E-05
"p938": 5.645029269476761E-06
"p939": 1.8816764231589204E-06
"p940": 0.00044972066513498195
"p941": 0.00014677076100639576
"p942": 3.7633528463178407E-05
"p943": 3.7633528463178407E-06
"p944": 0.0009709450343500031
