"p882": 0
"p883": 0
"p884": 3.0106822770542726E-05
"p885": 0
"p886": 0
"p887": 0
"p888": 0
"p889": 0
"p890": 0
"p891": 0
"p892": 0
"p893": 0
"p894": 0
"p895": 0
"p896": 0.0007300904521856611
"p897": 0.0001712325545074617
"p898": 1.3171734962112442E-05
"p899": 0
"p900": 0.0025477898769571787
"p901": 0.0005607395741013583
"p902": 3.7633528463178407E-05
"p903": 0
"p904": 0.00013548070246744226
"p905": 4.139688130949624E-05
"p906": 1.1290058538953523E-05
"p907": 0
"p908": 0.0009144947416552355
"p909": 0.0002464996114338186
"p910": 2.6343469924224887E-05
"p911": 0
"p912": 0
"p913": 0
"p914": 0
"p915": 0
"p916": 0.00013548070246744226
"p917": 5.645029269476761E-06
"p918": 0
"p919": 0
"p920": 0
"p921": 0
"p922": 0
"p923": 0
"p924": 0
"p925": 0
"p926": 0
"p927": 0
"p928": 0.02070220400759444
"p929": 0.007037469822614363
"p930": 0.0011628760295122127
"p931": 6.397699838740328E-05
"p932": 0.045971236694195575
"p933": 0.015422219964210516
"p934": 0.002848858104662606
"p935": 0.0002276828472022294
"p936": 0.008119433765930743
"p937": 0.0027133774021951633
"p938": 0.0004327855773265517
"p939": 9.408382115794602E-06
"p940": 0.02391610733834988
"p941": 0.007312194580395565
"p942": 0.001019868621352135
"p943": 3.575185204001949E-05
"p944": 0.006202005490731802
