"p882": 0
"p883": 0
"p884": 0
"p885": 0
"p886": 0
"p887": 0
"p888": 1.1290058538953523E-05
"p889": 0
"p890": 0
"p891": 0
"p892": 0
"p893": 0
"p894": 0
"p895": 0
"p896": 0.013856665180142289
"p897": 0.005157675075878601
"p898": 0.001040567062006883
"p899": 9.408382115794602E-05
"p900": 0.001223089675053298
"p901": 0.00019004931873905094
"p902": 1.1290058538953523E-05
"p903": 0
"p904": 0.010708620524197417
"p905": 0.003802868051204178
"p906": 0.000733853805031979
"p907": 4.3278557732655166E-05
"p908": 0.021618580425672836
"p909": 0.0071541337608502144
"p910": 0.001140295912434306
"p911": 4.8923587002131926E-05
"p912": 7.714873334951573E-05
"p913": 5.645029269476761E-06
"p914": 0
"p915": 0
"p916": 6.397699838740328E-05
"p917": 0
"p918": 0
"p919": 0
"p920": 1.8816764231589204E-06
"p921": 0
"p922": 0
"p923": 0
"p924": 9.408382115794602E-06
"p925": 0
"p926": 0
"p927": 0
"p928": 0.02343439817402119
"p929": 0.008390395170865626
"p930": 0.001420665699484985
"p931": 0.00010725555612005847
"p932": 7.52670569263568E-05
"p933": 3.7633528463178407E-06
"p934": 0
"p935": 0
"p936": 0.013184906697074554
"p937": 0.004580000413968811
"p938": 0.0007056286586845952
"p939": 3.9515204886337324E-05
"p940": 0.015075991502349274
"p941": 0.004611988913162514
"p942": 0.000639769983874033
"p943": 3.198849919370164E-05
"p944": 0.014931102417766035
