"p882": 1.505341138527136E-05
"p883": 0
"p884": 2.2580117077907045E-05
"p885": 3.7633528463178407E-06
"p886": 0
"p887": 0
"p888": 0.0031217011860206496
"p889": 0.0011026623839711272
"p890": 0.00022203781793275258
"p891": 1.5053411385271363E-05
"p892": 0.0005889647204487421
"p893": 0.0002258011707790704
"p894": 3.575185204001949E-05
"p895": 0
"p896": 3.951520488633733E-05
"p897": 0
"p898": 0
"p899": 0
"p900": 0
"p901": 0
"p902": 0
"p903": 0
"p904": 0.000756433922109886
"p905": 9.97288504274228E-05
"p906": 1.5053411385271363E-05
"p907": 0
"p908": 1.3171734962112442E-05
"p909": 1.8816764231589204E-06
"p910": 0
"p911": 0
"p912": 0.00024461793501065964
"p913": 3.3870175616860565E-05
"p914": 0
"p915": 0
"p916": 0
"p917": 0
"p918": 0
"p919": 0
"p920": 0.0007959491269962233
"p921": 9.032046831162818E-05
"p922": 0
"p923": 0
"p924": 5.2686939848449775E-05
"p925": 7.5267056926356815E-06
"p926": 0
"p927": 0
"p928": 0.0008655711546531032
"p929": 0.00018252261304641527
"p930": 3.7633528463178407E-06
"p931": 0
"p932": 0
"p933": 0
"p934": 0
"p935": 0
"p936": 0.008187174117164464
"p937": 0.002399137439527624
"p938": 0.00034999181470755925
"p939": 2.2580117077907045E-05
"p940": 0.0030727775990185163
"p941": 0.0007489072164172503
"p942": 7.33853805031979E-05
"p943": 5.645029269476761E-06
"p944": 0.002169572915902235
