"p882": 6.209532196424436E-05
"p883": 1.8816764231589204E-06
"p884": 6.397699838740328E-05
"p885": 2.0698440654748124E-05
"p886": 0
"p887": 0
"p888": 0.0012720132620554299
"p889": 0.0005080526342529085
"p890": 1.1290058538953523E-05
"p891": 0
"p892": 0.0013679787596365346
"p893": 0.00039327037244021434
"p894": 3.951520488633733E-05
"p895": 0
"p896": 0.0006755218359140524
"p897": 0.0001768775837769385
"p898": 2.8225146347383805E-05
"p899": 1.8816764231589204E-06
"p900": 0
"p901": 0
"p902": 0
"p903": 0
"p904": 0.00022956452362538827
"p905": 5.833196911792653E-05
"p906": 1.317173496211244E-05
"p907": 0
"p908": 0.0003989154017096911
"p909": 0.00016182417239166719
"p910": 4.7041910578973015E-05
"p911": 1.8816764231589204E-06
"p912": 0.0009013230066931227
"p913": 0.0002728430813580435
"p914": 2.4461793501065966E-05
"p915": 1.8816764231589204E-06
"p916": 4.5160234155814084E-05
"p917": 5.645029269476761E-06
"p918": 0
"p919": 0
"p920": 0.0003970337252865322
"p921": 9.972885042742278E-05
"p922": 1.5053411385271361E-05
"p923": 0
"p924": 0.001036803709160565
"p925": 0.0002897781691664737
"p926": 5.080526342529085E-05
"p927": 1.8816764231589204E-06
"p928": 0.000212629435816958
"p929": 4.327855773265517E-05
"p930": 9.408382115794602E-06
"p931": 0
"p932": 0
"p933": 0
"p934": 0
"p935": 0
"p936": 3.387017561686056E-05
"p937": 1.8816764231589204E-06
"p938": 1.8816764231589204E-06
"p939": 1.8816764231589204E-06
"p940": 5.645029269476761E-05
"p941": 2.634346992422488E-05
"p942": 7.5267056926356815E-06
"p943": 1.8816764231589204E-06
"p944": 0.00014112573173691902
