"p882": 7.52670569263568E-06
"p883": 7.52670569263568E-06
"p884": 0
"p885": 0
"p886": 0
"p887": 0
"p888": 0.001663401958072486
"p889": 0.0006510600424129866
"p890": 0.00015994249596850823
"p891": 2.258011707790704E-05
"p892": 0.00023520955289486504
"p893": 8.279376261899248E-05
"p894": 3.76335284631784E-06
"p895": 0
"p896": 0.0018986115109673502
"p897": 0.00044595731228866414
"p898": 4.5160234155814084E-05
"p899": 0
"p900": 0.00021639278866327586
"p901": 3.3870175616860565E-05
"p902": 0
"p903": 0
"p904": 0.005797445059752633
"p905": 0.00172549728003673
"p906": 0.00025402631712645424
"p907": 1.6935087808430286E-05
"p908": 0.005182136869379667
"p909": 0.001366097083213376
"p910": 0.00019004931873905096
"p911": 5.645029269476761E-06
"p912": 4.139688130949624E-05
"p913": 0
"p914": 0
"p915": 0
"p916": 0
"p917": 0
"p918": 0
"p919": 0
"p920": 4.8923587002131926E-05
"p921": 0
"p922": 0
"p923": 0
"p924": 0
"p925": 0
"p926": 0
"p927": 0
"p928": 0.0008712161839225799
"p929": 0.00024273625858750077
"p930": 2.0698440654748128E-05
"p931": 0
"p932": 0
"p933": 0
"p934": 0
"p935": 0
"p936": 0.00809120861958336
"p937": 0.0022090881207885724
"p938": 0.0002653163756654078
"p939": 1.1290058538953523E-05
"p940": 0.002664453815193031
"p941": 0.0006698768066445757
"p942": 7.52670569263568E-05
"p943": 0
"p944": 0.0005814380147561064
