"p882": 2.0698440654748124E-05
"p883": 0
"p884": 0.0038743717552842164
"p885": 0.0012588415270933177
"p886": 6.209532196424436E-05
"p887": 1.8816764231589204E-06
"p888": 0.00014488908458323686
"p889": 2.6343469924224887E-05
"p890": 7.5267056926356815E-06
"p891": 0
"p892": 0.000683048541606688
"p893": 0.00018816764231589203
"p894": 2.2580117077907045E-05
"p895": 0
"p896": 0.00024838128785697745
"p897": 8.843879188846925E-05
"p898": 2.0698440654748124E-05
"p899": 1.8816764231589204E-06
"p900": 0.0008392276847288785
"p901": 0.0002032210537011634
"p902": 2.8225146347383805E-05
"p903": 1.8816764231589204E-06
"p904": 6.774035123372113E-05
"p905": 3.0106822770542722E-05
"p906": 1.317173496211244E-05
"p907": 0
"p908": 0.00019945770085484557
"p909": 7.526705692635681E-05
"p910": 2.6343469924224887E-05
"p911": 0
"p912": 0.0004534840179812998
"p913": 0.0001392440553137601
"p914": 2.2580117077907045E-05
"p915": 1.8816764231589204E-06
"p916": 0.0011666393823585306
"p917": 0.0003180033155138575
"p918": 2.4461793501065966E-05
"p919": 1.8816764231589204E-06
"p920": 0.0001129005853895352
"p921": 4.5160234155814084E-05
"p922": 1.5053411385271361E-05
"p923": 0
"p924": 0.00073197212860882
"p925": 0.00016935087808430283
"p926": 2.8225146347383805E-05
"p927": 0
"p928": 5.833196911792653E-05
"p929": 2.4461793501065963E-05
"p930": 5.6450292694767605E-06
"p931": 0
"p932": 0.00024461793501065964
"p933": 4.327855773265517E-05
"p934": 9.408382115794602E-06
"p935": 0
"p936": 1.8816764231589204E-06
"p937": 1.8816764231589204E-06
"p938": 1.8816764231589204E-06
"p939": 1.8816764231589204E-06
"p940": 1.8816764231589204E-06
"p941": 1.8816764231589204E-06
"p942": 1.8816764231589204E-06
"p943": 1.8816764231589204E-06
"p944": 3.010682277054273E-05
