"p882": 0
"p883": 0
"p884": 0
"p885": 0
"p886": 0
"p887": 0
"p888": 0
"p889": 0
"p890": 0
"p891": 0
"p892": 0
"p893": 0
"p894": 0
"p895": 0
"p896": 0.001981405273586343
"p897": 0.00048170916432868367
"p898": 3.951520488633733E-05
"p899": 1.8816764231589204E-06
"p900": 0
"p901": 0
"p902": 0
"p903": 0
"p904": 0.0005833196911792653
"p905": 0.00015429746669903143
"p906": 1.8816764231589204E-06
"p907": 0
"p908": 0.0006115448375266492
"p909": 0.00012795399677480656
"p910": 0
"p911": 0
"p912": 0.0011007807075479686
"p913": 0.00022580117077907044
"p914": 1.5053411385271363E-05
"p915": 0
"p916": 0.00022580117077907044
"p917": 0
"p918": 0
"p919": 0
"p920": 0.00047418245863604794
"p921": 0.00014300740816007793
"p922": 2.4461793501065963E-05
"p923": 0
"p924": 0.0008994413302699639
"p925": 0.000259671346395931
"p926": 2.6343469924224887E-05
"p927": 0
"p928": 0.01720228586051885
"p929": 0.005652555975169398
"p930": 0.0009276664766173478
"p931": 6.585867481056221E-05
"p932": 5.6450292694767596E-05
"p933": 0
"p934": 0
"p935": 0
"p936": 0.01005944215820759
"p937": 0.00317062477302278
"p938": 0.0004666557529434122
"p939": 2.0698440654748124E-05
"p940": 0.012575243535971066
"p941": 0.003627872143850398
"p942": 0.00047794581148236575
"p943": 2.258011707790704E-05
"p944": 0.01148951623980837
