"p882": 0
"p883": 0
"p884": 0
"p885": 0
"p886": 0
"p887": 0
"p888": 0.00014300740816007796
"p889": 4.704191057897301E-05
"p890": 0
"p891": 0
"p892": 0.0001392440553137601
"p893": 3.575185204001949E-05
"p894": 0
"p895": 0
"p896": 0.0019193099516220985
"p897": 0.0005381594570234512
"p898": 8.279376261899247E-05
"p899": 5.645029269476761E-06
"p900": 0.004435111329385575
"p901": 0.0011308875303185112
"p902": 0.00015994249596850817
"p903": 7.5267056926356815E-06
"p904": 0.0036523339373514636
"p905": 0.0011158341189332398
"p906": 0.00013548070246744223
"p907": 1.8816764231589204E-06
"p908": 0.011679565558547423
"p909": 0.0036956124950841196
"p910": 0.0006077814846803313
"p911": 4.704191057897301E-05
"p912": 0
"p913": 0
"p914": 0
"p915": 0
"p916": 2.2580117077907045E-05
"p917": 3.7633528463178407E-06
"p918": 0
"p919": 0
"p920": 0
"p921": 0
"p922": 0
"p923": 0
"p924": 1.5053411385271363E-05
"p925": 3.7633528463178407E-06
"p926": 0
"p927": 0
"p928": 0.0003895070195938965
"p929": 7.338538050319788E-05
"p930": 7.5267056926356815E-06
"p931": 0
"p932": 0.0013190551726344033
"p933": 0.00033493840332228785
"p934": 4.516023415581409E-05
"p935": 1.8816764231589204E-06
"p936": 0.0036335171731198754
"p937": 0.0012155629693606626
"p938": 0.00017499590735377957
"p939": 1.3171734962112444E-05
"p940": 0.01183950805451593
"p941": 0.00430527565618761
"p942": 0.0007169187172235488
"p943": 4.3278557732655166E-05
"p944": 0.00033117505047597
