"p882": 0.00039515204886337327
"p883": 6.021364554108545E-05
"p884": 0.012579006888817388
"p885": 0.0046665575294341215
"p886": 0.0010706738847774257
"p887": 0.00015994249596850823
"p888": 0.0017311423093062065
"p889": 0.0005927280732950601
"p890": 0.00013171734962112445
"p891": 1.8816764231589204E-06
"p892": 0.0020303288605884747
"p893": 0.0006981019529919596
"p894": 0.00011478226181269414
"p895": 5.645029269476761E-06
"p896": 3.010682277054273E-05
"p897": 1.8816764231589204E-06
"p898": 0
"p899": 0
"p900": 0.00031423996266753977
"p901": 6.209532196424438E-05
"p902": 0
"p903": 0
"p904": 7.5267056926356815E-06
"p905": 0
"p906": 0
"p907": 0
"p908": 8.843879188846925E-05
"p909": 3.0106822770542736E-05
"p910": 3.7633528463178407E-06
"p911": 3.7633528463178407E-06
"p912": 0
"p913": 0
"p914": 0
"p915": 0
"p916": 5.645029269476761E-06
"p917": 1.8816764231589204E-06
"p918": 0
"p919": 0
"p920": 0
"p921": 0
"p922": 0
"p923": 0
"p924": 0
"p925": 0
"p926": 0
"p927": 0
"p928": 0.002252366678521227
"p929": 0.0006755218359140525
"p930": 9.596549758110495E-05
"p931": 9.408382115794602E-06
"p932": 0.005500140184893526
"p933": 0.0015749631661840162
"p934": 0.0002333278764717061
"p935": 1.3171734962112442E-05
"p936": 0.000590846396871901
"p937": 0.00019193099516220984
"p938": 3.0106822770542722E-05
"p939": 0
"p940": 0.003089712686826947
"p941": 0.0007997124798425413
"p942": 8.279376261899251E-05
"p943": 0
"p944": 0.00035187349113071807
