"p882": 0.0001486524374295547
"p883": 1.8816764231589203E-05
"p884": 1.3171734962112442E-05
"p885": 7.52670569263568E-06
"p886": 0
"p887": 0
"p888": 0.002860148163201558
"p889": 0.000895677977423646
"p890": 0.00017123255450746176
"p891": 1.8816764231589203E-05
"p892": 0.0011402959124343056
"p893": 0.000353755167553877
"p894": 4.516023415581409E-05
"p895": 0
"p896": 0.000754552245686727
"p897": 0.00013359902604428335
"p898": 1.5053411385271363E-05
"p899": 0
"p900": 0
"p901": 0
"p902": 0
"p903": 0
"p904": 0.0002878964927433148
"p905": 3.0106822770542726E-05
"p906": 0
"p907": 0
"p908": 0.0003349384033222878
"p909": 0.0001129005853895352
"p910": 1.1290058538953523E-05
"p911": 0
"p912": 0.0008806245660383747
"p913": 0.00015241579027587256
"p914": 1.1290058538953523E-05
"p915": 0
"p916": 0.00024838128785697745
"p917": 3.3870175616860565E-05
"p918": 0
"p919": 0
"p920": 0.00047606413505920677
"p921": 9.596549758110493E-05
"p922": 1.1290058538953523E-05
"p923": 0
"p924": 0.0006435333367203508
"p925": 0.0001674692016611439
"p926": 2.2580117077907045E-05
"p927": 0
"p928": 0.008889039423002742
"p929": 0.0029222434851658026
"p930": 0.0005569762212550404
"p931": 6.021364554108544E-05
"p932": 5.456861627160869E-05
"p933": 5.645029269476761E-06
"p934": 0
"p935": 0
"p936": 0.0041773216594128025
"p937": 0.0012626048799396351
"p938": 0.0002427362585875007
"p939": 1.8816764231589207E-05
"p940": 0.007052523233999635
"p941": 0.002024683831318998
"p942": 0.0002615530228190899
"p943": 3.575185204001949E-05
"p944": 0.012055900843179203
