"p882": 7.52670569263568E-06
"p883": 7.52670569263568E-06
"p884": 0
"p885": 0
"p886": 0
"p887": 0
"p888": 0.0008467543904215143
"p889": 0.00030859493339806303
"p890": 5.268693984844977E-05
"p891": 0
"p892": 4.8923587002131926E-05
"p893": 2.4461793501065963E-05
"p894": 3.76335284631784E-06
"p895": 0
"p896": 0.0008298193026130838
"p897": 0.0001749959073537796
"p898": 3.7633528463178407E-06
"p899": 0
"p900": 0
"p901": 0
"p902": 0
"p903": 0
"p904": 0.006429688337934032
"p905": 0.0019531801272389595
"p906": 0.0003085949333980629
"p907": 2.2580117077907045E-05
"p908": 0.0027886444591215197
"p909": 0.0006755218359140523
"p910": 6.774035123372113E-05
"p911": 5.645029269476761E-06
"p912": 0.002186508003710665
"p913": 0.0005381594570234512
"p914": 6.021364554108545E-05
"p915": 0
"p916": 0.00021639278866327586
"p917": 3.3870175616860565E-05
"p918": 0
"p919": 0
"p920": 0.006602802568864651
"p921": 0.0019512984508158005
"p922": 0.0002728430813580435
"p923": 1.6935087808430286E-05
"p924": 0.0056149224467062185
"p925": 0.0015147495206429308
"p926": 0.0002239194943559115
"p927": 5.645029269476761E-06
"p928": 0.00012607232035164763
"p929": 4.8923587002131926E-05
"p930": 5.645029269476761E-06
"p931": 0
"p932": 0
"p933": 0
"p934": 0
"p935": 0
"p936": 0.0025139197013403177
"p937": 0.0006924569237224825
"p938": 5.080526342529086E-05
"p939": 0
"p940": 0.00039327037244021434
"p941": 0.00011478226181269415
"p942": 5.645029269476761E-06
"p943": 0
"p944": 0.00029354152201279153
