"p882": 0
"p883": 0
"p884": 0
"p885": 0
"p886": 0
"p887": 0
"p888": 0.002323870382601267
"p889": 0.0006510600424129865
"p890": 0.00012795399677480656
"p891": 2.258011707790704E-05
"p892": 0.0004139688130949626
"p893": 0.00012042729108217089
"p894": 5.645029269476761E-06
"p895": 0
"p896": 0.00046477407652025323
"p897": 7.903040977267466E-05
"p898": 0
"p899": 0
"p900": 0
"p901": 0
"p902": 0
"p903": 0
"p904": 0.0014507725222555278
"p905": 0.00028225146347383805
"p906": 2.2580117077907045E-05
"p907": 0
"p908": 0.00022203781793275263
"p909": 2.8225146347383805E-05
"p910": 0
"p911": 0
"p912": 0
"p913": 0
"p914": 0
"p915": 0
"p916": 0
"p917": 0
"p918": 0
"p919": 0
"p920": 6.774035123372114E-05
"p921": 0
"p922": 0
"p923": 0
"p924": 0
"p925": 0
"p926": 0
"p927": 0
"p928": 0.005959269232144301
"p929": 0.0016031883125314002
"p930": 0.00020322105370116337
"p931": 7.5267056926356815E-06
"p932": 0.0005381594570234513
"p933": 9.4083821157946E-05
"p934": 5.645029269476761E-06
"p935": 0
"p936": 0.02484753716781355
"p937": 0.007543640780444114
"p938": 0.00130776511409545
"p939": 0.00011290058538953522
"p940": 0.014146443349308768
"p941": 0.004173558306566486
"p942": 0.00073197212860882
"p943": 5.45686162716087E-05
"p944": 0.0006962202765688006
