"p882": 0
"p883": 0
"p884": 0
"p885": 0
"p886": 0
"p887": 0
"p888": 0.00025967134639593104
"p889": 5.2686939848449775E-05
"p890": 0
"p891": 0
"p892": 2.0698440654748124E-05
"p893": 1.1290058538953523E-05
"p894": 0
"p895": 0
"p896": 0.0003725719317854662
"p897": 5.645029269476761E-05
"p898": 0
"p899": 0
"p900": 0
"p901": 0
"p902": 0
"p903": 0
"p904": 0.0009709450343500031
"p905": 0.00021262943581695803
"p906": 0
"p907": 0
"p908": 4.7041910578973015E-05
"p909": 1.8816764231589204E-06
"p910": 0
"p911": 0
"p912": 0
"p913": 0
"p914": 0
"p915": 0
"p916": 0
"p917": 0
"p918": 0
"p919": 0
"p920": 2.8225146347383805E-05
"p921": 1.8816764231589204E-06
"p922": 0
"p923": 0
"p924": 0
"p925": 0
"p926": 0
"p927": 0
"p928": 0.005167083457994395
"p929": 0.0013359902604428335
"p930": 0.00019193099516220981
"p931": 7.5267056926356815E-06
"p932": 0.0005833196911792654
"p933": 9.972885042742276E-05
"p934": 5.645029269476761E-06
"p935": 0
"p936": 0.019353042012189504
"p937": 0.005889647204487421
"p938": 0.0009615366522342082
"p939": 6.39769983874033E-05
"p940": 0.011369088948726201
"p941": 0.0036297538202735573
"p942": 0.0005701479562171529
"p943": 3.575185204001949E-05
"p944": 0.0006058998082571724
