"p882": 1.5053411385271363E-05
"p883": 0
"p884": 3.387017561686057E-05
"p885": 0
"p886": 0
"p887": 0
"p888": 0.016063871624507706
"p889": 0.005739113090634708
"p890": 0.001285184997017543
"p891": 0.00019381267158536883
"p892": 0.004822736672556312
"p893": 0.0015918982539924464
"p894": 0.00027284308135804345
"p895": 2.2580117077907045E-05
"p896": 0.00011101890896637627
"p897": 9.408382115794602E-06
"p898": 0
"p899": 0
"p900": 0
"p901": 0
"p902": 0
"p903": 0
"p904": 0.00032553002120649325
"p905": 6.209532196424438E-05
"p906": 0
"p907": 0
"p908": 1.6935087808430282E-05
"p909": 0
"p910": 0
"p911": 0
"p912": 0
"p913": 0
"p914": 0
"p915": 0
"p916": 0
"p917": 0
"p918": 0
"p919": 0
"p920": 5.645029269476761E-06
"p921": 1.8816764231589204E-06
"p922": 0
"p923": 0
"p924": 0
"p925": 0
"p926": 0
"p927": 0
"p928": 0.0016013066361082412
"p929": 0.000306713256974904
"p930": 1.8816764231589203E-05
"p931": 0
"p932": 0.00016935087808430283
"p933": 1.1290058538953523E-05
"p934": 0
"p935": 0
"p936": 0.006305497694005544
"p937": 0.0017405506914220012
"p938": 0.00024273625858750074
"p939": 1.3171734962112442E-05
"p940": 0.0033719641503007847
"p941": 0.0011177157953563984
"p942": 0.00013736237889060116
"p943": 9.408382115794602E-06
"p944": 0.00014865243742955467
