"p882": 7.52670569263568E-06
"p883": 7.52670569263568E-06
"p884": 0
"p885": 0
"p886": 0
"p887": 0
"p888": 0.0014056122880997135
"p889": 0.0004704191057897301
"p890": 7.150370408003898E-05
"p891": 0
"p892": 9.032046831162818E-05
"p893": 3.575185204001949E-05
"p894": 3.76335284631784E-06
"p895": 0
"p896": 0.0013962039059839187
"p897": 0.00029918655128226827
"p898": 1.1290058538953523E-05
"p899": 0
"p900": 1.6935087808430286E-05
"p901": 0
"p902": 0
"p903": 0
"p904": 0.010170461067173966
"p905": 0.003377609179570262
"p906": 0.0006924569237224827
"p907": 7.714873334951574E-05
"p908": 0.00432221074399604
"p909": 0.0011233608246258755
"p910": 0.00015241579027587256
"p911": 2.8225146347383808E-05
"p912": 0.005127568253108057
"p913": 0.0014150206702155082
"p914": 0.00019569434800852768
"p915": 7.5267056926356815E-06
"p916": 0.0005325144277539746
"p917": 9.4083821157946E-05
"p918": 5.645029269476761E-06
"p919": 0
"p920": 0.016602031081531157
"p921": 0.005372186188118719
"p922": 0.0010142235920826582
"p923": 0.00010161052685058169
"p924": 0.011803756202475908
"p925": 0.0036598606430440998
"p926": 0.0006905752472993237
"p927": 5.45686162716087E-05
"p928": 0.00021074775939379907
"p929": 6.0213645541085445E-05
"p930": 5.645029269476761E-06
"p931": 0
"p932": 0
"p933": 0
"p934": 0
"p935": 0
"p936": 0.0037896963162420655
"p937": 0.0011873378230132787
"p938": 0.00014865243742955472
"p939": 1.8816764231589204E-06
"p940": 0.0005983731025645368
"p941": 0.00019381267158536877
"p942": 2.8225146347383808E-05
"p943": 1.8816764231589204E-06
"p944": 0.0008636894782299444
