"p882": 0
"p883": 0
"p884": 0
"p885": 0
"p886": 0
"p887": 0
"p888": 0
"p889": 0
"p890": 0
"p891": 0
"p892": 0
"p893": 0
"p894": 0
"p895": 0
"p896": 0.0037501811113557276
"p897": 0.0010838456197395378
"p898": 0.00015429746669903143
"p899": 0
"p900": 0.0005005259285602729
"p901": 9.596549758110495E-05
"p902": 0
"p903": 0
"p904": 0.013798333211024364
"p905": 0.005097461430337515
"p906": 0.0009615366522342085
"p907": 5.833196911792654E-05
"p908": 0.011034150545403913
"p909": 0.0037012575243535965
"p910": 0.0006021364554108544
"p911": 1.3171734962112444E-05
"p912": 9.784717400426385E-05
"p913": 0
"p914": 0
"p915": 0
"p916": 0
"p917": 0
"p918": 0
"p919": 0
"p920": 7.903040977267465E-05
"p921": 5.645029269476761E-06
"p922": 0
"p923": 0
"p924": 3.7633528463178407E-06
"p925": 0
"p926": 0
"p927": 0
"p928": 0.002139466093131692
"p929": 0.0006265982489119204
"p930": 7.526705692635683E-05
"p931": 0
"p932": 7.5267056926356815E-06
"p933": 0
"p934": 0
"p935": 0
"p936": 0.026192935810372176
"p937": 0.008700871780686851
"p938": 0.0011271241774721934
"p939": 6.39769983874033E-05
"p940": 0.008919146245773285
"p941": 0.0026230569338835347
"p942": 0.0003688085789391484
"p943": 2.258011707790704E-05
"p944": 0.0013905588767144416
