"p882": 5.268693984844976E-05
"p883": 1.129005853895352E-05
"p884": 0.0008505177432678316
"p885": 0.0003180033155138575
"p886": 8.091208619583357E-05
"p887": 1.129005853895352E-05
"p888": 0.0001956943480085277
"p889": 8.467543904215141E-05
"p890": 2.6343469924224884E-05
"p891": 0
"p892": 6.397699838740328E-05
"p893": 4.5160234155814084E-05
"p894": 3.0106822770542726E-05
"p895": 0
"p896": 7.714873334951574E-05
"p897": 1.5053411385271363E-05
"p898": 0
"p899": 0
"p900": 0.0007150370408003897
"p901": 8.27937626189925E-05
"p902": 0
"p903": 0
"p904": 1.1290058538953523E-05
"p905": 0
"p906": 0
"p907": 0
"p908": 0.00024838128785697745
"p909": 9.408382115794602E-05
"p910": 2.2580117077907045E-05
"p911": 0
"p912": 0
"p913": 0
"p914": 0
"p915": 0
"p916": 6.774035123372114E-05
"p917": 0
"p918": 0
"p919": 0
"p920": 0
"p921": 0
"p922": 0
"p923": 0
"p924": 0
"p925": 0
"p926": 0
"p927": 0
"p928": 0.004271405480570749
"p929": 0.0011704027352048485
"p930": 0.0001486524374295547
"p931": 5.645029269476761E-06
"p932": 0.013026845877529208
"p933": 0.003652333937351464
"p934": 0.0005118159870992265
"p935": 2.8225146347383815E-05
"p936": 0.001042448738430042
"p937": 0.00022015614150959365
"p938": 2.0698440654748124E-05
"p939": 0
"p940": 0.006614092627403607
"p941": 0.001800764336963087
"p942": 0.00017499590735377965
"p943": 0
"p944": 0.0005118159870992262
