"p882": 8.091208619583357E-05
"p883": 1.129005853895352E-05
"p884": 0
"p885": 0
"p886": 0
"p887": 0
"p888": 0.0010161052685058168
"p889": 0.0002897781691664737
"p890": 7.33853805031979E-05
"p891": 1.129005853895352E-05
"p892": 0.0004158504895181213
"p893": 0.00014865243742955467
"p894": 3.575185204001948E-05
"p895": 0
"p896": 0.0008241742733436071
"p897": 0.00015241579027587256
"p898": 1.1290058538953523E-05
"p899": 0
"p900": 0.00024838128785697745
"p901": 3.3870175616860565E-05
"p902": 0
"p903": 0
"p904": 0.00047606413505920677
"p905": 9.596549758110493E-05
"p906": 1.1290058538953523E-05
"p907": 0
"p908": 0.0006435333367203508
"p909": 0.0001674692016611439
"p910": 2.2580117077907045E-05
"p911": 0
"p912": 6.774035123372114E-05
"p913": 0
"p914": 0
"p915": 0
"p916": 0
"p917": 0
"p918": 0
"p919": 0
"p920": 0
"p921": 0
"p922": 0
"p923": 0
"p924": 0
"p925": 0
"p926": 0
"p927": 0
"p928": 0.01647407708475635
"p929": 0.005212243692150209
"p930": 0.0009201397709247119
"p931": 8.279376261899248E-05
"p932": 0.0008015941562657001
"p933": 0.00011666393823585305
"p934": 5.645029269476761E-06
"p935": 0
"p936": 0.009327470029598769
"p937": 0.002609885198921422
"p938": 0.0004346672537497106
"p939": 3.0106822770542726E-05
"p940": 0.01819769268836992
"p941": 0.005360896129579765
"p942": 0.0008053575091120178
"p943": 5.080526342529085E-05
"p944": 0.00535336942388713
