"p882": 0.0010518571205458366
"p883": 9.22021447347871E-05
"p884": 0.0004798274879055247
"p885": 8.655711546531033E-05
"p886": 5.645029269476761E-06
"p887": 0
"p888": 0.013303452311733568
"p889": 0.005048537843335383
"p890": 0.000991643475004751
"p891": 6.39769983874033E-05
"p892": 0.015226525616201986
"p893": 0.005496376832047206
"p894": 0.0009069680359625999
"p895": 3.0106822770542726E-05
"p896": 9.032046831162818E-05
"p897": 1.5053411385271363E-05
"p898": 1.8816764231589204E-06
"p899": 0
"p900": 0
"p901": 0
"p902": 0
"p903": 0
"p904": 2.2580117077907045E-05
"p905": 3.7633528463178407E-06
"p906": 0
"p907": 0
"p908": 5.080526342529084E-05
"p909": 2.8225146347383805E-05
"p910": 5.645029269476761E-06
"p911": 0
"p912": 0.0001561791431221904
"p913": 3.575185204001949E-05
"p914": 0
"p915": 0
"p916": 8.655711546531035E-05
"p917": 5.645029269476761E-06
"p918": 0
"p919": 0
"p920": 0.00010725555612005845
"p921": 2.4461793501065966E-05
"p922": 0
"p923": 0
"p924": 9.596549758110492E-05
"p925": 3.0106822770542736E-05
"p926": 3.7633528463178407E-06
"p927": 3.7633528463178407E-06
"p928": 0.0016389401645714194
"p929": 0.0005061709578297496
"p930": 0.00011290058538953522
"p931": 3.7633528463178407E-06
"p932": 5.645029269476761E-06
"p933": 0
"p934": 0
"p935": 0
"p936": 0.0004986442521371138
"p937": 0.00014300740816007793
"p938": 3.0106822770542722E-05
"p939": 0
"p940": 0.0009653000050805258
"p941": 0.0003462284618612414
"p942": 7.714873334951573E-05
"p943": 3.7633528463178407E-06
"p944": 0.003998562399212705
