"p882": 0
"p883": 0
"p884": 0
"p885": 0
"p886": 0
"p887": 0
"p888": 3.198849919370165E-05
"p889": 2.0698440654748124E-05
"p890": 0
"p891": 0
"p892": 6.39769983874033E-05
"p893": 2.0698440654748124E-05
"p894": 0
"p895": 0
"p896": 0.00027284308135804345
"p897": 7.150370408003898E-05
"p898": 3.7633528463178407E-06
"p899": 0
"p900": 0.0007018653058382773
"p901": 0.000141125731736919
"p902": 7.5267056926356815E-06
"p903": 0
"p904": 0.001558028078375586
"p905": 0.00047606413505920693
"p906": 6.39769983874033E-05
"p907": 1.8816764231589204E-06
"p908": 0.00573158638494207
"p909": 0.0018685046881968081
"p910": 0.0003085949333980629
"p911": 1.5053411385271365E-05
"p912": 0.0008241742733436071
"p913": 0.000259671346395931
"p914": 3.3870175616860565E-05
"p915": 0
"p916": 0.0020754890947442886
"p917": 0.0004929992228676371
"p918": 7.150370408003898E-05
"p919": 0
"p920": 0.0020340922134347923
"p921": 0.0006303616017582384
"p922": 8.279376261899251E-05
"p923": 1.8816764231589204E-06
"p924": 0.006836130445336358
"p925": 0.0021375844167085337
"p926": 0.00034622846186124133
"p927": 1.3171734962112444E-05
"p928": 1.1290058538953523E-05
"p929": 1.8816764231589204E-06
"p930": 1.8816764231589204E-06
"p931": 0
"p932": 9.784717400426385E-05
"p933": 3.575185204001948E-05
"p934": 7.5267056926356815E-06
"p935": 1.8816764231589204E-06
"p936": 0.0006228348960656026
"p937": 0.0001844042894695742
"p938": 5.6450292694767605E-06
"p939": 0
"p940": 0.0027905261355446786
"p941": 0.0009972885042742279
"p942": 3.010682277054273E-05
"p943": 0
"p944": 2.8225146347383808E-05
