"p882": 0
"p883": 0
"p884": 0
"p885": 0
"p886": 0
"p887": 0
"p888": 0.00014300740816007796
"p889": 3.7633528463178407E-05
"p890": 0
"p891": 0
"p892": 0.0001373623788906012
"p893": 2.6343469924224887E-05
"p894": 0
"p895": 0
"p896": 5.645029269476761E-06
"p897": 0
"p898": 0
"p899": 0
"p900": 0.0005494495155624048
"p901": 7.714873334951573E-05
"p902": 0
"p903": 0
"p904": 7.714873334951574E-05
"p905": 5.645029269476761E-06
"p906": 0
"p907": 0
"p908": 0.0007583155985330448
"p909": 0.00018816764231589206
"p910": 0
"p911": 0
"p912": 0
"p913": 0
"p914": 0
"p915": 0
"p916": 0
"p917": 0
"p918": 0
"p919": 0
"p920": 0
"p921": 0
"p922": 0
"p923": 0
"p924": 2.8225146347383805E-05
"p925": 1.8816764231589204E-06
"p926": 0
"p927": 0
"p928": 0.0023012902655233595
"p929": 0.0006096631611034901
"p930": 8.843879188846922E-05
"p931": 5.645029269476761E-06
"p932": 0.005776746619097886
"p933": 0.0014357191108702563
"p934": 0.00019757602443168658
"p935": 7.5267056926356815E-06
"p936": 0.007052523233999635
"p937": 0.0021564011809401223
"p938": 0.00028036978705067906
"p939": 9.408382115794602E-06
"p940": 0.023078761330044162
"p941": 0.007370526549513493
"p942": 0.0012381430864385696
"p943": 8.46754390421514E-05
"p944": 0.0002051027301243223
