"p882": 9.220214473478709E-05
"p883": 1.129005853895352E-05
"p884": 0
"p885": 0
"p886": 0
"p887": 0
"p888": 0.0007263270993393432
"p889": 0.00030671325697490405
"p890": 8.467543904215141E-05
"p891": 1.317173496211244E-05
"p892": 0.00028225146347383805
"p893": 0.00011666393823585305
"p894": 3.010682277054272E-05
"p895": 1.8816764231589204E-06
"p896": 0.0038612000203221038
"p897": 0.0011666393823585306
"p898": 0.0001693508780843028
"p899": 1.1290058538953523E-05
"p900": 0.0003857436667475786
"p901": 4.5160234155814084E-05
"p902": 0
"p903": 0
"p904": 0.0022410766199822737
"p905": 0.0006397699838740329
"p906": 9.22021447347871E-05
"p907": 5.645029269476761E-06
"p908": 0.006168135315114942
"p909": 0.0017273789564598886
"p910": 0.00023144620004854718
"p911": 5.645029269476761E-06
"p912": 4.8923587002131926E-05
"p913": 0
"p914": 0
"p915": 0
"p916": 1.8816764231589203E-05
"p917": 0
"p918": 0
"p919": 0
"p920": 0
"p921": 0
"p922": 0
"p923": 0
"p924": 0
"p925": 0
"p926": 0
"p927": 0
"p928": 0.005616804123129378
"p929": 0.001546738019836632
"p930": 0.00018252261304641527
"p931": 5.645029269476761E-06
"p932": 2.2580117077907042E-05
"p933": 0
"p934": 0
"p935": 0
"p936": 0.0026813889030014608
"p937": 0.0007282087757625021
"p938": 9.596549758110495E-05
"p939": 5.645029269476761E-06
"p940": 0.00383485655039788
"p941": 0.0010857272961626969
"p942": 0.00011101890896637626
"p943": 0
"p944": 0.0023219887061781074
