"p882": 0.00010725555612005845
"p883": 1.129005853895352E-05
"p884": 0
"p885": 0
"p886": 0
"p887": 0
"p888": 0.0013002384084028135
"p889": 0.00039891540170969113
"p890": 9.22021447347871E-05
"p891": 1.317173496211244E-05
"p892": 0.0004685374293665711
"p893": 0.00015994249596850823
"p894": 3.387017561686056E-05
"p895": 1.8816764231589204E-06
"p896": 0.007728045069913685
"p897": 0.0025063929956476816
"p898": 0.0004516023415581409
"p899": 4.7041910578973E-05
"p900": 0.0007658423042256805
"p901": 0.00011478226181269412
"p902": 5.645029269476761E-06
"p903": 0
"p904": 0.00512380490026174
"p905": 0.0014451274929860505
"p906": 0.00023709122931802392
"p907": 1.5053411385271363E-05
"p908": 0.012616640417280564
"p909": 0.003795341345511542
"p910": 0.0006115448375266492
"p911": 3.9515204886337324E-05
"p912": 5.2686939848449775E-05
"p913": 0
"p914": 0
"p915": 0
"p916": 2.4461793501065963E-05
"p917": 0
"p918": 0
"p919": 0
"p920": 0
"p921": 0
"p922": 0
"p923": 0
"p924": 5.645029269476761E-06
"p925": 0
"p926": 0
"p927": 0
"p928": 0.009080970418164951
"p929": 0.002929770190858438
"p930": 0.0005080526342529085
"p931": 3.575185204001948E-05
"p932": 3.575185204001948E-05
"p933": 1.8816764231589204E-06
"p934": 0
"p935": 0
"p936": 0.004369252654575013
"p937": 0.0013228185254807207
"p938": 0.00022956452362538825
"p939": 1.6935087808430282E-05
"p940": 0.005895292233756899
"p941": 0.0017706575141925435
"p942": 0.000259671346395931
"p943": 1.3171734962112444E-05
"p944": 0.006271627518388683
