"p882": 0
"p883": 0
"p884": 0.0005701479562171528
"p885": 0.0002032210537011634
"p886": 2.8225146347383805E-05
"p887": 0
"p888": 0.0013510436718281048
"p889": 0.0004534840179812999
"p890": 2.0698440654748124E-05
"p891": 0
"p892": 0.004017379163444294
"p893": 0.0012908300262870196
"p894": 6.209532196424436E-05
"p895": 1.8816764231589204E-06
"p896": 3.9515204886337324E-05
"p897": 1.5053411385271363E-05
"p898": 1.8816764231589204E-06
"p899": 0
"p900": 6.774035123372112E-05
"p901": 1.3171734962112444E-05
"p902": 3.7633528463178407E-06
"p903": 0
"p904": 0.00028789649274331484
"p905": 9.408382115794602E-05
"p906": 2.0698440654748124E-05
"p907": 1.8816764231589204E-06
"p908": 0.0009144947416552352
"p909": 0.00022391949435591154
"p910": 3.387017561686057E-05
"p911": 1.8816764231589204E-06
"p912": 0.00019569434800852773
"p913": 6.021364554108545E-05
"p914": 7.5267056926356815E-06
"p915": 0
"p916": 0.00036692690251598946
"p917": 6.962202765688005E-05
"p918": 1.1290058538953521E-05
"p919": 0
"p920": 0.0005136976635223853
"p921": 0.00015429746669903146
"p922": 2.4461793501065963E-05
"p923": 1.8816764231589204E-06
"p924": 0.001512867844219772
"p925": 0.00039891540170969113
"p926": 3.9515204886337324E-05
"p927": 1.8816764231589204E-06
"p928": 1.8816764231589204E-06
"p929": 1.8816764231589204E-06
"p930": 1.8816764231589204E-06
"p931": 0
"p932": 1.8816764231589204E-06
"p933": 1.8816764231589204E-06
"p934": 1.8816764231589204E-06
"p935": 1.8816764231589204E-06
"p936": 5.833196911792653E-05
"p937": 2.4461793501065963E-05
"p938": 5.6450292694767605E-06
"p939": 0
"p940": 0.00024461793501065964
"p941": 4.327855773265517E-05
"p942": 9.408382115794602E-06
"p943": 0
"p944": 3.7633528463178407E-06
