"p882": 1.1290058538953521E-05
"p883": 0
"p884": 0.00016558752523798497
"p885": 3.7633528463178407E-05
"p886": 7.52670569263568E-06
"p887": 7.52670569263568E-06
"p888": 0.0005814380147561064
"p889": 0.00018440428946957417
"p890": 1.6935087808430282E-05
"p891": 0
"p892": 0.0009107313888089173
"p893": 0.00032553002120649325
"p894": 4.704191057897301E-05
"p895": 0
"p896": 0.00045912904725077655
"p897": 9.596549758110493E-05
"p898": 7.5267056926356815E-06
"p899": 0
"p900": 0.001413138993792349
"p901": 0.00029918655128226827
"p902": 1.1290058538953523E-05
"p903": 0
"p904": 0.0035488417340777236
"p905": 0.0010951356782784917
"p906": 0.00018440428946957417
"p907": 3.575185204001948E-05
"p908": 0.010964528517747029
"p909": 0.0035902386153872203
"p910": 0.0006943386001456415
"p911": 7.526705692635683E-05
"p912": 0.0025985951403824682
"p913": 0.0006284799253350794
"p914": 9.408382115794599E-05
"p915": 5.645029269476761E-06
"p916": 0.005643147593053601
"p917": 0.0015091044913734541
"p918": 0.00020133937727800444
"p919": 7.5267056926356815E-06
"p920": 0.007566220897522019
"p921": 0.002337042117563379
"p922": 0.0004064421074023268
"p923": 3.198849919370165E-05
"p924": 0.019334225247957908
"p925": 0.006510600424129864
"p926": 0.0012437881157080465
"p927": 0.00011854561465901199
"p928": 3.3870175616860565E-05
"p929": 5.645029269476761E-06
"p930": 0
"p931": 0
"p932": 0.00021074775939379907
"p933": 6.0213645541085445E-05
"p934": 5.645029269476761E-06
"p935": 0
"p936": 0.0007018653058382773
"p937": 0.0002088660829706401
"p938": 3.010682277054273E-05
"p939": 1.8816764231589204E-06
"p940": 0.003761471169894682
"p941": 0.0012005095579753911
"p942": 0.00014865243742955472
"p943": 1.8816764231589204E-06
"p944": 0.0001674692016611439
