"p882": 0
"p883": 0
"p884": 0
"p885": 0
"p886": 0
"p887": 0
"p888": 0.00010349220327374059
"p889": 4.1396881309496235E-05
"p890": 0
"p891": 0
"p892": 0
"p893": 0
"p894": 0
"p895": 0
"p896": 0.0012607232035164765
"p897": 0.0002502629642801364
"p898": 1.5053411385271363E-05
"p899": 0
"p900": 1.6935087808430286E-05
"p901": 0
"p902": 0
"p903": 0
"p904": 0.00788046086018956
"p905": 0.0028770832510099883
"p906": 0.0006830485416066881
"p907": 7.714873334951572E-05
"p908": 0.003185678184408052
"p909": 0.0009991701806973865
"p910": 0.0001749959073537796
"p911": 1.3171734962112444E-05
"p912": 0.004478389887118229
"p913": 0.0011986278815522325
"p914": 0.00018440428946957412
"p915": 7.5267056926356815E-06
"p916": 0.0005776746619097885
"p917": 9.972885042742276E-05
"p918": 5.645029269476761E-06
"p919": 0
"p920": 0.012520674919699458
"p921": 0.004081356161831698
"p922": 0.0007169187172235487
"p923": 5.645029269476761E-05
"p924": 0.009572087964609429
"p925": 0.003176269802292257
"p926": 0.000521224369215021
"p927": 3.3870175616860565E-05
"p928": 0.00015994249596850823
"p929": 4.327855773265516E-05
"p930": 7.5267056926356815E-06
"p931": 1.8816764231589204E-06
"p932": 0
"p933": 0
"p934": 0
"p935": 0
"p936": 0.003985390664250594
"p937": 0.0015109861677966127
"p938": 0.0001637058488148261
"p939": 7.5267056926356815E-06
"p940": 0.0009747083871963205
"p941": 0.0003217666683601755
"p942": 4.704191057897301E-05
"p943": 5.645029269476761E-06
"p944": 0.0007263270993393433
