"p882": 0
"p883": 0
"p884": 0
"p885": 0
"p886": 0
"p887": 0
"p888": 0.00011854561465901199
"p889": 3.7633528463178407E-05
"p890": 0
"p891": 0
"p892": 8.27937626189925E-05
"p893": 2.6343469924224887E-05
"p894": 0
"p895": 0
"p896": 0
"p897": 0
"p898": 0
"p899": 0
"p900": 9.408382115794602E-06
"p901": 5.645029269476761E-06
"p902": 0
"p903": 0
"p904": 9.032046831162818E-05
"p905": 2.0698440654748124E-05
"p906": 0
"p907": 0
"p908": 0.0007489072164172505
"p909": 0.0002464996114338185
"p910": 2.8225146347383805E-05
"p911": 0
"p912": 5.645029269476761E-06
"p913": 0
"p914": 0
"p915": 0
"p916": 0.0006360066310277152
"p917": 7.714873334951573E-05
"p918": 0
"p919": 0
"p920": 7.714873334951574E-05
"p921": 5.645029269476761E-06
"p922": 0
"p923": 0
"p924": 0.0007413805107246147
"p925": 0.00019004931873905096
"p926": 0
"p927": 0
"p928": 0.0004271405480570749
"p929": 0.00010349220327374062
"p930": 9.408382115794602E-06
"p931": 0
"p932": 0.0013736237889060117
"p933": 0.0002634346992422488
"p934": 1.5053411385271363E-05
"p935": 0
"p936": 0.0032722352998733628
"p937": 0.000969063357926844
"p938": 0.00019004931873905094
"p939": 1.5053411385271365E-05
"p940": 0.011700263999202171
"p941": 0.003906360254477919
"p942": 0.000758315598533045
"p943": 7.903040977267465E-05
"p944": 0.00216016453378644
