"p882": 8.843879188846925E-05
"p883": 1.1290058538953523E-05
"p884": 0
"p885": 0
"p886": 0
"p887": 0
"p888": 0.008490124021293047
"p889": 0.0029485869550900283
"p890": 0.000333056726899129
"p891": 2.0698440654748128E-05
"p892": 0.0020566723305126995
"p893": 0.0006303616017582384
"p894": 7.714873334951574E-05
"p895": 3.7633528463178407E-06
"p896": 0.00021827446508643474
"p897": 3.198849919370165E-05
"p898": 3.7633528463178407E-06
"p899": 0
"p900": 0
"p901": 0
"p902": 0
"p903": 0
"p904": 0.0017744208670388614
"p905": 0.0005362777806002923
"p906": 0.00011854561465901199
"p907": 3.7633528463178407E-06
"p908": 0.0005249877220613389
"p909": 0.00018628596589273313
"p910": 4.892358700213193E-05
"p911": 3.7633528463178407E-06
"p912": 0.0014902877271418646
"p913": 0.0003048315805517451
"p914": 1.8816764231589203E-05
"p915": 0
"p916": 0.00016935087808430283
"p917": 1.1290058538953523E-05
"p918": 0
"p919": 0
"p920": 0.005202835310034416
"p921": 0.0015298029320282023
"p922": 0.000212629435816958
"p923": 1.1290058538953523E-05
"p924": 0.003104766098212218
"p925": 0.0010330403563142472
"p926": 0.00011854561465901196
"p927": 7.5267056926356815E-06
"p928": 1.8816764231589203E-05
"p929": 1.8816764231589204E-06
"p930": 1.8816764231589204E-06
"p931": 1.8816764231589204E-06
"p932": 0
"p933": 0
"p934": 0
"p935": 0
"p936": 0.0004779458114823657
"p937": 0.00014112573173691902
"p938": 2.0698440654748124E-05
"p939": 0
"p940": 7.714873334951573E-05
"p941": 3.198849919370164E-05
"p942": 7.5267056926356815E-06
"p943": 0
"p944": 0.00020322105370116337
