"p882": 0.00013924405531376012
"p883": 1.1290058538953523E-05
"p884": 0.00692080588437851
"p885": 0.002363385587487604
"p886": 0.00025214464070329537
"p887": 1.3171734962112442E-05
"p888": 0.0004591290472507766
"p889": 0.00010913723254321736
"p890": 1.5053411385271363E-05
"p891": 0
"p892": 0.0010311586798910882
"p893": 0.000308594933398063
"p894": 3.387017561686057E-05
"p895": 0
"p896": 0.0005136976635223853
"p897": 0.0001768775837769385
"p898": 4.516023415581409E-05
"p899": 3.7633528463178407E-06
"p900": 0.0016784553694577566
"p901": 0.0005174610163687031
"p902": 0.00011854561465901199
"p903": 3.7633528463178407E-06
"p904": 0.00011854561465901197
"p905": 5.080526342529084E-05
"p906": 1.317173496211244E-05
"p907": 0
"p908": 0.0005325144277539744
"p909": 0.00018440428946957422
"p910": 3.1988499193701654E-05
"p911": 0
"p912": 0.0019776419207400246
"p913": 0.0005964914261413778
"p914": 7.714873334951573E-05
"p915": 7.5267056926356815E-06
"p916": 0.004468981505002435
"p917": 0.001371742112482853
"p918": 0.00020322105370116337
"p919": 1.1290058538953523E-05
"p920": 0.000543804486292928
"p921": 0.00017311423093062066
"p922": 2.2580117077907042E-05
"p923": 0
"p924": 0.002901545044511055
"p925": 0.0007451438635709326
"p926": 6.209532196424438E-05
"p927": 0
"p928": 9.220214473478709E-05
"p929": 3.198849919370165E-05
"p930": 5.6450292694767605E-06
"p931": 0
"p932": 0.0004741824586360479
"p933": 0.00014112573173691902
"p934": 2.0698440654748124E-05
"p935": 0
"p936": 7.5267056926356815E-06
"p937": 7.5267056926356815E-06
"p938": 3.7633528463178407E-06
"p939": 1.8816764231589204E-06
"p940": 5.645029269476761E-05
"p941": 2.6343469924224887E-05
"p942": 7.5267056926356815E-06
"p943": 1.8816764231589204E-06
"p944": 0.00014488908458323686
