"p882": 0
"p883": 0
"p884": 7.903040977267465E-05
"p885": 2.6343469924224887E-05
"p886": 0
"p887": 0
"p888": 3.951520488633733E-05
"p889": 5.645029269476761E-06
"p890": 0
"p891": 0
"p892": 3.7633528463178407E-06
"p893": 0
"p894": 0
"p895": 0
"p896": 7.150370408003898E-05
"p897": 1.6935087808430286E-05
"p898": 0
"p899": 0
"p900": 0.0007451438635709326
"p901": 0.0002446179350106596
"p902": 2.8225146347383805E-05
"p903": 0
"p904": 1.8816764231589203E-05
"p905": 3.7633528463178407E-06
"p906": 0
"p907": 0
"p908": 0.0001542974666990315
"p909": 3.5751852040019496E-05
"p910": 5.645029269476761E-06
"p911": 0
"p912": 7.150370408003898E-05
"p913": 5.645029269476761E-06
"p914": 0
"p915": 0
"p916": 0.0010443304148532008
"p917": 0.0002295645236253883
"p918": 0
"p919": 0
"p920": 1.1290058538953523E-05
"p921": 0
"p922": 0
"p923": 0
"p924": 0.00030106822770542725
"p925": 8.279376261899251E-05
"p926": 3.7633528463178407E-06
"p927": 3.7633528463178407E-06
"p928": 0.0028846099567026245
"p929": 0.0008636894782299443
"p930": 0.00016935087808430283
"p931": 1.5053411385271365E-05
"p932": 0.010225029683445578
"p933": 0.0035168532348840223
"p934": 0.0007225637464930256
"p935": 7.903040977267465E-05
"p936": 0.0005663846033708351
"p937": 0.00017311423093062066
"p938": 3.3870175616860565E-05
"p939": 0
"p940": 0.0038348565503978803
"p941": 0.0010857272961626967
"p942": 0.00011101890896637629
"p943": 0
"p944": 0.005357132776733445
