"p882": 0
"p883": 0
"p884": 0
"p885": 0
"p886": 0
"p887": 0
"p888": 0
"p889": 0
"p890": 0
"p891": 0
"p892": 0
"p893": 0
"p894": 0
"p895": 0
"p896": 0.016686706520573313
"p897": 0.006454150131435096
"p898": 0.0015429746669903145
"p899": 0.00021074775939379907
"p900": 0.0001204272910821709
"p901": 1.1290058538953523E-05
"p902": 0
"p903": 0
"p904": 0.01062959011442474
"p905": 0.003891306843092647
"p906": 0.000848636066844673
"p907": 8.279376261899248E-05
"p908": 0.01523217064547146
"p909": 0.004788866496939452
"p910": 0.0007677239806488396
"p911": 5.080526342529086E-05
"p912": 0.017956838106205582
"p913": 0.00695467605999537
"p914": 0.0014658259336407988
"p915": 0.00013924405531376012
"p916": 0.0012870666734407011
"p917": 0.00019004931873905094
"p918": 1.1290058538953523E-05
"p919": 0
"p920": 0.014110691497268745
"p921": 0.005101224783183833
"p922": 0.0009972885042742279
"p923": 6.209532196424438E-05
"p924": 0.024074168157895228
"p925": 0.007925621094345373
"p926": 0.0012513148214006822
"p927": 4.8923587002131926E-05
"p928": 0.010798940992509045
"p929": 0.0036843224365451666
"p930": 0.00041961384236443927
"p931": 1.6935087808430282E-05
"p932": 0
"p933": 0
"p934": 0
"p935": 0
"p936": 0.005007140962025889
"p937": 0.0016445851938408959
"p938": 0.00016370584881482606
"p939": 9.408382115794602E-06
"p940": 0.004388069418806603
"p941": 0.001270131585632271
"p942": 0.00017687758377693853
"p943": 9.408382115794602E-06
"p944": 0.00702617976407541
