"p882": 0
"p883": 0
"p884": 0
"p885": 0
"p886": 0
"p887": 0
"p888": 0
"p889": 0
"p890": 0
"p891": 0
"p892": 0
"p893": 0
"p894": 0
"p895": 0
"p896": 0.006341249546045561
"p897": 0.002239194943559115
"p898": 0.0003951520488633732
"p899": 2.82251463473838E-05
"p900": 0.015350716260130478
"p901": 0.00559422400605147
"p902": 0.0010876089725858561
"p903": 8.091208619583358E-05
"p904": 0.002331397088293902
"p905": 0.0007790140391877931
"p906": 0.00010913723254321738
"p907": 0
"p908": 0.006115448375266492
"p909": 0.001751840749960955
"p910": 0.00017499590735377957
"p911": 0
"p912": 0.006384528103778217
"p913": 0.002365267263910763
"p914": 0.00040456043097916787
"p915": 1.8816764231589207E-05
"p916": 0.011794347820360117
"p917": 0.004346672537497107
"p918": 0.0008241742733436072
"p919": 5.2686939848449775E-05
"p920": 0.002756655959927818
"p921": 0.00099352515142791
"p922": 0.0001561791431221904
"p923": 0
"p924": 0.009701923637807393
"p925": 0.0029993922185153196
"p926": 0.00039138869601705546
"p927": 0
"p928": 0.0031386362738290794
"p929": 0.0009013230066931228
"p930": 4.139688130949624E-05
"p931": 0
"p932": 0.010680395377850033
"p933": 0.0033945442673786923
"p934": 0.00015994249596850825
"p935": 1.8816764231589204E-06
"p936": 0.0005080526342529085
"p937": 8.655711546531035E-05
"p938": 9.408382115794602E-06
"p939": 0
"p940": 0.0008749795367688979
"p941": 0.00022015614150959367
"p942": 4.8923587002131926E-05
"p943": 0
"p944": 0.0013510436718281048
