"p882": 0
"p883": 0
"p884": 0
"p885": 0
"p886": 0
"p887": 0
"p888": 0
"p889": 0
"p890": 0
"p891": 0
"p892": 0
"p893": 0
"p894": 0
"p895": 0
"p896": 0.0006792851887603702
"p897": 9.22021447347871E-05
"p898": 3.7633528463178407E-06
"p899": 0
"p900": 0
"p901": 0
"p902": 0
"p903": 0
"p904": 0.001625768429609307
"p905": 0.00034999181470755914
"p906": 2.8225146347383805E-05
"p907": 0
"p908": 0.0003217666683601754
"p909": 5.833196911792653E-05
"p910": 0
"p911": 0
"p912": 0
"p913": 0
"p914": 0
"p915": 0
"p916": 0
"p917": 0
"p918": 0
"p919": 0
"p920": 0.00013548070246744226
"p921": 5.645029269476761E-06
"p922": 0
"p923": 0
"p924": 0
"p925": 0
"p926": 0
"p927": 0
"p928": 0.005682662797939941
"p929": 0.001597543283261923
"p930": 0.00020698440654748124
"p931": 0
"p932": 0.0005080526342529085
"p933": 9.596549758110495E-05
"p934": 0
"p935": 0
"p936": 0.03873242749430322
"p937": 0.012531964978238412
"p938": 0.002088660829706402
"p939": 0.00012230896750532988
"p940": 0.019580724859391725
"p941": 0.006090986581765425
"p942": 0.0009596549758110494
"p943": 3.575185204001948E-05
"p944": 0.0006548233952593044
