"p882": 0
"p883": 0
"p884": 0
"p885": 0
"p886": 0
"p887": 0
"p888": 0.00012230896750532982
"p889": 2.6343469924224887E-05
"p890": 0
"p891": 0
"p892": 2.0698440654748124E-05
"p893": 1.1290058538953523E-05
"p894": 0
"p895": 0
"p896": 0.0005136976635223852
"p897": 0.0001091372325432174
"p898": 0
"p899": 0
"p900": 0.0003123582862443808
"p901": 3.9515204886337324E-05
"p902": 0
"p903": 0
"p904": 0.0002860148163201559
"p905": 8.279376261899251E-05
"p906": 0
"p907": 0
"p908": 0.0003330567268991289
"p909": 8.467543904215143E-05
"p910": 3.7633528463178407E-06
"p911": 3.7633528463178407E-06
"p912": 2.8225146347383805E-05
"p913": 1.8816764231589204E-06
"p914": 0
"p915": 0
"p916": 0
"p917": 0
"p918": 0
"p919": 0
"p920": 0
"p921": 0
"p922": 0
"p923": 0
"p924": 0
"p925": 0
"p926": 0
"p927": 0
"p928": 0.014133271614346656
"p929": 0.004625160648124627
"p930": 0.0008429910375751964
"p931": 6.39769983874033E-05
"p932": 0.0008241742733436071
"p933": 0.00010913723254321738
"p934": 5.645029269476761E-06
"p935": 0
"p936": 0.0056901895036325775
"p937": 0.0014357191108702561
"p938": 0.00014488908458323683
"p939": 0
"p940": 0.01507599150234927
"p941": 0.004611988913162514
"p942": 0.0006397699838740329
"p943": 3.198849919370165E-05
"p944": 0.005103106459606991
