"p882": 0.00010349220327374063
"p883": 1.1290058538953523E-05
"p884": 3.387017561686057E-05
"p885": 0
"p886": 0
"p887": 0
"p888": 0.01838021530141634
"p889": 0.006928332590071145
"p890": 0.001443245816562892
"p891": 0.0002051027301243223
"p892": 0.005562235506857769
"p893": 0.0018515696003883776
"p894": 0.0003198849919370165
"p895": 2.2580117077907045E-05
"p896": 0.0011948645287059145
"p897": 0.00024461793501065964
"p898": 1.5053411385271363E-05
"p899": 0
"p900": 0.00016935087808430283
"p901": 1.1290058538953523E-05
"p902": 0
"p903": 0
"p904": 0.003379490855993421
"p905": 0.0009107313888089174
"p906": 8.655711546531033E-05
"p907": 3.7633528463178407E-06
"p908": 0.0024875762314160925
"p909": 0.0007846590684572697
"p910": 7.526705692635681E-05
"p911": 1.8816764231589204E-06
"p912": 3.7633528463178407E-06
"p913": 3.7633528463178407E-06
"p914": 0
"p915": 0
"p916": 0
"p917": 0
"p918": 0
"p919": 0
"p920": 3.7633528463178407E-06
"p921": 3.7633528463178407E-06
"p922": 0
"p923": 0
"p924": 0
"p925": 0
"p926": 0
"p927": 0
"p928": 0.0003725719317854662
"p929": 6.585867481056221E-05
"p930": 5.645029269476761E-06
"p931": 1.8816764231589204E-06
"p932": 0
"p933": 0
"p934": 0
"p935": 0
"p936": 0.0029674037193216166
"p937": 0.0008825062424615338
"p938": 0.0001637058488148261
"p939": 9.408382115794602E-06
"p940": 0.0009050863595394405
"p941": 0.00034622846186124133
"p942": 6.585867481056221E-05
"p943": 7.5267056926356815E-06
"p944": 0.0003424651090149235
