"p882": 0.0008279376261899249
"p883": 0.00012607232035164766
"p884": 2.6343469924224884E-05
"p885": 3.7633528463178407E-06
"p886": 0
"p887": 0
"p888": 0.006497428689167754
"p889": 0.0022862368541380876
"p890": 0.0005136976635223853
"p891": 6.774035123372113E-05
"p892": 0.005486968449931412
"p893": 0.001830871159733629
"p894": 0.0003198849919370164
"p895": 2.8225146347383808E-05
"p896": 0.00015053411385271363
"p897": 3.387017561686057E-05
"p898": 0
"p899": 0
"p900": 8.655711546531035E-05
"p901": 5.645029269476761E-06
"p902": 0
"p903": 0
"p904": 0.00010725555612005845
"p905": 2.4461793501065966E-05
"p906": 0
"p907": 0
"p908": 9.596549758110492E-05
"p909": 3.0106822770542736E-05
"p910": 3.7633528463178407E-06
"p911": 3.7633528463178407E-06
"p912": 5.645029269476761E-06
"p913": 1.8816764231589204E-06
"p914": 0
"p915": 0
"p916": 0
"p917": 0
"p918": 0
"p919": 0
"p920": 0
"p921": 0
"p922": 0
"p923": 0
"p924": 0
"p925": 0
"p926": 0
"p927": 0
"p928": 0.004521668444850887
"p929": 0.0013491619954049457
"p930": 0.0002107477593937991
"p931": 1.3171734962112442E-05
"p932": 0.0002145111122401169
"p933": 2.0698440654748124E-05
"p934": 0
"p935": 0
"p936": 0.0018214627776178345
"p937": 0.00046665575294341233
"p938": 5.2686939848449775E-05
"p939": 0
"p940": 0.004388069418806603
"p941": 0.0012701315856322708
"p942": 0.00017687758377693853
"p943": 9.408382115794602E-06
"p944": 0.0013134101433649264
