"p882": 0
"p883": 0
"p884": 0
"p885": 0
"p886": 0
"p887": 0
"p888": 0
"p889": 0
"p890": 0
"p891": 0
"p892": 0
"p893": 0
"p894": 0
"p895": 0
"p896": 0.005846368646754765
"p897": 0.002171454592325394
"p898": 0.00037257193178546626
"p899": 1.8816764231589207E-05
"p900": 0.011064257368174454
"p901": 0.004030550898406407
"p902": 0.0007752506863414753
"p903": 5.2686939848449775E-05
"p904": 0.0025026296428013644
"p905": 0.0009050863595394408
"p906": 0.00014865243742955472
"p907": 0
"p908": 0.009457305702796733
"p909": 0.002927888514435281
"p910": 0.00038009863747810193
"p911": 0
"p912": 5.645029269476761E-06
"p913": 0
"p914": 0
"p915": 0
"p916": 0.00013548070246744229
"p917": 5.645029269476761E-06
"p918": 0
"p919": 0
"p920": 0
"p921": 0
"p922": 0
"p923": 0
"p924": 0
"p925": 0
"p926": 0
"p927": 0
"p928": 0.00831889146678559
"p929": 0.0026964423143867326
"p930": 0.00037257193178546626
"p931": 2.258011707790704E-05
"p932": 0.02283978842430298
"p933": 0.0077167550113747315
"p934": 0.0010255136506216115
"p935": 6.39769983874033E-05
"p936": 0.0024179542037592126
"p937": 0.0007413805107246147
"p938": 9.408382115794602E-05
"p939": 0
"p940": 0.005692071180055735
"p941": 0.0016163600474935129
"p942": 0.00018440428946957422
"p943": 0
"p944": 0.0029316518672815976
