"p882": 9.596549758110492E-05
"p883": 5.645029269476761E-06
"p884": 0.006920805884378508
"p885": 0.002363385587487604
"p886": 0.0002521446407032953
"p887": 1.3171734962112444E-05
"p888": 0.0007357354814551377
"p889": 0.00022956452362538836
"p890": 3.951520488633733E-05
"p891": 0
"p892": 0.0013096467905186085
"p893": 0.00038386199032441974
"p894": 5.080526342529086E-05
"p895": 0
"p896": 0.00038386199032441974
"p897": 0.00012795399677480656
"p898": 2.2580117077907045E-05
"p899": 1.8816764231589204E-06
"p900": 0.000895677977423646
"p901": 0.00024461793501065964
"p902": 2.4461793501065966E-05
"p903": 1.8816764231589204E-06
"p904": 0.00010161052685058169
"p905": 4.3278557732655166E-05
"p906": 1.5053411385271361E-05
"p907": 0
"p908": 0.0006548233952593043
"p909": 0.00015994249596850823
"p910": 3.010682277054273E-05
"p911": 0
"p912": 0
"p913": 0
"p914": 0
"p915": 0
"p916": 5.645029269476761E-06
"p917": 5.645029269476761E-06
"p918": 0
"p919": 0
"p920": 0
"p921": 0
"p922": 0
"p923": 0
"p924": 0
"p925": 0
"p926": 0
"p927": 0
"p928": 0.0003085949333980629
"p929": 9.220214473478709E-05
"p930": 2.0698440654748124E-05
"p931": 1.8816764231589204E-06
"p932": 0.0010951356782784917
"p933": 0.00023332787647170614
"p934": 3.0106822770542726E-05
"p935": 1.8816764231589204E-06
"p936": 6.021364554108545E-05
"p937": 2.2580117077907045E-05
"p938": 9.408382115794602E-06
"p939": 1.8816764231589204E-06
"p940": 0.00021827446508643477
"p941": 5.833196911792653E-05
"p942": 1.6935087808430282E-05
"p943": 1.8816764231589204E-06
"p944": 0.00010349220327374062
