"p882": 0
"p883": 0
"p884": 0
"p885": 0
"p886": 0
"p887": 0
"p888": 4.516023415581409E-05
"p889": 0
"p890": 0
"p891": 0
"p892": 0
"p893": 0
"p894": 0
"p895": 0
"p896": 0.007112736879540719
"p897": 0.002256130031367545
"p898": 0.00038762534317073754
"p899": 1.5053411385271363E-05
"p900": 0.0010085785628131813
"p901": 0.00022203781793275263
"p902": 1.1290058538953523E-05
"p903": 0
"p904": 0.023058062889389414
"p905": 0.008429910375751967
"p906": 0.0016765736930345982
"p907": 0.0001335990260442834
"p908": 0.01732647650444734
"p909": 0.0059743226435295714
"p910": 0.001061265502661631
"p911": 4.892358700213192E-05
"p912": 0.00010349220327374062
"p913": 0
"p914": 0
"p915": 0
"p916": 0
"p917": 0
"p918": 0
"p919": 0
"p920": 7.903040977267466E-05
"p921": 5.645029269476761E-06
"p922": 0
"p923": 0
"p924": 3.7633528463178407E-06
"p925": 0
"p926": 0
"p927": 0
"p928": 0.0033587924153386725
"p929": 0.0010123419156594991
"p930": 0.00013548070246744223
"p931": 0
"p932": 2.2580117077907045E-05
"p933": 0
"p934": 0
"p935": 0
"p936": 0.0359531914172975
"p937": 0.012654273945743741
"p938": 0.002054790654089541
"p939": 0.00014488908458323691
"p940": 0.011897840023633859
"p941": 0.003716310935738868
"p942": 0.0005833196911792653
"p943": 3.951520488633733E-05
"p944": 0.002760419312774136
