"p882": 1.1290058538953521E-05
"p883": 0
"p884": 0.00016558752523798497
"p885": 3.7633528463178407E-05
"p886": 7.52670569263568E-06
"p887": 7.52670569263568E-06
"p888": 0.0008636894782299441
"p889": 0.00032176666836017533
"p890": 6.0213645541085445E-05
"p891": 1.129005853895352E-05
"p892": 0.0010048152099668632
"p893": 0.0004045604309791679
"p894": 9.220214473478709E-05
"p895": 1.129005853895352E-05
"p896": 0.0009389565351563012
"p897": 0.00022768284720222934
"p898": 2.6343469924224884E-05
"p899": 0
"p900": 0.002109359270361149
"p901": 0.00047982748790552463
"p902": 4.5160234155814084E-05
"p903": 0
"p904": 0.002555316582649813
"p905": 0.0007150370408003897
"p906": 9.784717400426385E-05
"p907": 5.645029269476761E-06
"p908": 0.007699819923566303
"p909": 0.0022448399728285918
"p910": 0.00032553002120649325
"p911": 1.6935087808430286E-05
"p912": 0
"p913": 0
"p914": 0
"p915": 0
"p916": 4.139688130949624E-05
"p917": 0
"p918": 0
"p919": 0
"p920": 0
"p921": 0
"p922": 0
"p923": 0
"p924": 4.8923587002131926E-05
"p925": 0
"p926": 0
"p927": 0
"p928": 0.000308594933398063
"p929": 7.714873334951573E-05
"p930": 3.7633528463178407E-06
"p931": 0
"p932": 0.0008712161839225799
"p933": 0.00024273625858750077
"p934": 2.0698440654748128E-05
"p935": 0
"p936": 0.0022580117077907044
"p937": 0.0005663846033708349
"p938": 5.645029269476761E-05
"p939": 0
"p940": 0.008531520902602544
"p941": 0.002372793969603398
"p942": 0.0002878964927433148
"p943": 1.1290058538953523E-05
"p944": 0.00019381267158536877
