"p882": 0
"p883": 0
"p884": 0
"p885": 0
"p886": 0
"p887": 0
"p888": 0
"p889": 0
"p890": 0
"p891": 0
"p892": 0
"p893": 0
"p894": 0
"p895": 0
"p896": 0.008501414079832003
"p897": 0.0031762698022922576
"p898": 0.0006115448375266492
"p899": 4.3278557732655166E-05
"p900": 0.0007018653058382771
"p901": 9.032046831162815E-05
"p902": 0
"p903": 0
"p904": 0.0060251279069548636
"p905": 0.0022222598557506846
"p906": 0.00039891540170969113
"p907": 1.5053411385271365E-05
"p908": 0.012979803966950235
"p909": 0.004261997098454955
"p910": 0.0006265982489119205
"p911": 1.3171734962112444E-05
"p912": 7.714873334951573E-05
"p913": 5.645029269476761E-06
"p914": 0
"p915": 0
"p916": 5.833196911792653E-05
"p917": 0
"p918": 0
"p919": 0
"p920": 1.8816764231589204E-06
"p921": 0
"p922": 0
"p923": 0
"p924": 3.7633528463178407E-06
"p925": 0
"p926": 0
"p927": 0
"p928": 0.01736222835648736
"p929": 0.005842605293908448
"p930": 0.0007959491269962234
"p931": 5.080526342529085E-05
"p932": 4.892358700213192E-05
"p933": 0
"p934": 0
"p935": 0
"p936": 0.009393328704409332
"p937": 0.0031047660982122176
"p938": 0.00037633528463178407
"p939": 1.3171734962112442E-05
"p940": 0.011374733977995675
"p941": 0.00339830762022501
"p942": 0.00045348401798129976
"p943": 2.258011707790704E-05
"p944": 0.006794733564026862
