"p882": 0
"p883": 0
"p884": 0
"p885": 0
"p886": 0
"p887": 0
"p888": 0.00028225146347383805
"p889": 8.279376261899247E-05
"p890": 0
"p891": 0
"p892": 0
"p893": 0
"p894": 0
"p895": 0
"p896": 0.0038630816967452626
"p897": 0.0010311586798910884
"p898": 0.00015429746669903143
"p899": 7.5267056926356815E-06
"p900": 0.0005776746619097885
"p901": 9.972885042742276E-05
"p902": 5.645029269476761E-06
"p903": 0
"p904": 0.008636894782299445
"p905": 0.002577896699727721
"p906": 0.00040079707813285
"p907": 3.198849919370165E-05
"p908": 0.007590682691023086
"p909": 0.002384084028142352
"p910": 0.00036504522609283053
"p911": 2.2580117077907045E-05
"p912": 2.2580117077907045E-05
"p913": 3.7633528463178407E-06
"p914": 0
"p915": 0
"p916": 0
"p917": 0
"p918": 0
"p919": 0
"p920": 1.5053411385271363E-05
"p921": 3.7633528463178407E-06
"p922": 0
"p923": 0
"p924": 0
"p925": 0
"p926": 0
"p927": 0
"p928": 0.0013134101433649264
"p929": 0.00033493840332228785
"p930": 4.516023415581409E-05
"p931": 1.8816764231589204E-06
"p932": 5.645029269476761E-06
"p933": 0
"p934": 0
"p935": 0
"p936": 0.011141406101523971
"p937": 0.003947757135787415
"p938": 0.0006472966895666686
"p939": 3.7633528463178407E-05
"p940": 0.0040023257520590255
"p941": 0.0014169023466386666
"p942": 0.00023709122931802394
"p943": 1.8816764231589203E-05
"p944": 0.0012889483498638602
