"p882": 0
"p883": 0
"p884": 0
"p885": 0
"p886": 0
"p887": 0
"p888": 0.00019004931873905096
"p889": 5.2686939848449775E-05
"p890": 0
"p891": 0
"p892": 1.5053411385271363E-05
"p893": 1.1290058538953523E-05
"p894": 0
"p895": 0
"p896": 7.5267056926356815E-06
"p897": 3.7633528463178407E-06
"p898": 0
"p899": 0
"p900": 0
"p901": 0
"p902": 0
"p903": 0
"p904": 0.000780895715610952
"p905": 0.0002540263171264542
"p906": 2.8225146347383805E-05
"p907": 0
"p908": 5.645029269476761E-05
"p909": 1.5053411385271363E-05
"p910": 0
"p911": 0
"p912": 0.0004271405480570749
"p913": 5.645029269476761E-05
"p914": 0
"p915": 0
"p916": 0
"p917": 0
"p918": 0
"p919": 0
"p920": 0.0009859984457352743
"p921": 0.00021451111224011693
"p922": 0
"p923": 0
"p924": 4.7041910578973015E-05
"p925": 1.8816764231589204E-06
"p926": 0
"p927": 0
"p928": 0.0013566887010975815
"p929": 0.0002634346992422488
"p930": 1.5053411385271363E-05
"p931": 0
"p932": 1.6935087808430286E-05
"p933": 0
"p934": 0
"p935": 0
"p936": 0.010904314872205948
"p937": 0.003691849142237802
"p938": 0.0007545522456867271
"p939": 7.903040977267465E-05
"p940": 0.003913886960170555
"p941": 0.0011440592652806234
"p942": 0.0001900493187390509
"p943": 1.3171734962112444E-05
"p944": 0.004491561622080342
