"p882": 7.5267056926356815E-06
"p883": 0
"p884": 0.00043090390090339274
"p885": 0.00013359902604428335
"p886": 1.5053411385271363E-05
"p887": 0
"p888": 0.002809342899776268
"p889": 0.0008937963010004872
"p890": 9.22021447347871E-05
"p891": 5.645029269476761E-06
"p892": 0.006807905298988974
"p893": 0.0022260232085970027
"p894": 0.0002954231984359505
"p895": 1.3171734962112444E-05
"p896": 0
"p897": 0
"p898": 0
"p899": 0
"p900": 2.8225146347383805E-05
"p901": 1.3171734962112444E-05
"p902": 0
"p903": 0
"p904": 9.408382115794602E-06
"p905": 1.8816764231589204E-06
"p906": 0
"p907": 0
"p908": 4.516023415581409E-05
"p909": 1.5053411385271363E-05
"p910": 0
"p911": 0
"p912": 0
"p913": 0
"p914": 0
"p915": 0
"p916": 0
"p917": 0
"p918": 0
"p919": 0
"p920": 0
"p921": 0
"p922": 0
"p923": 0
"p924": 5.645029269476761E-06
"p925": 1.8816764231589204E-06
"p926": 0
"p927": 0
"p928": 0.00021639278866327586
"p929": 6.39769983874033E-05
"p930": 7.5267056926356815E-06
"p931": 0
"p932": 0.00038950701959389653
"p933": 6.774035123372113E-05
"p934": 1.1290058538953521E-05
"p935": 0
"p936": 0.0007771323627646341
"p937": 0.0002333278764717061
"p938": 4.327855773265517E-05
"p939": 3.7633528463178407E-06
"p940": 0.0023784389988728756
"p941": 0.0005626212505245173
"p942": 6.774035123372113E-05
"p943": 3.7633528463178407E-06
"p944": 1.8816764231589203E-05
