"p882": 0.0005306327513308156
"p883": 3.3870175616860565E-05
"p884": 0.0003104766098212218
"p885": 4.516023415581408E-05
"p886": 0
"p887": 0
"p888": 0.00657269574609411
"p889": 0.002493221260685569
"p890": 0.00043278557732655173
"p891": 1.5053411385271365E-05
"p892": 0.009615366522342085
"p893": 0.0034246510901492348
"p894": 0.0005249877220613389
"p895": 1.3171734962112444E-05
"p896": 6.209532196424438E-05
"p897": 1.3171734962112442E-05
"p898": 1.8816764231589204E-06
"p899": 0
"p900": 0
"p901": 0
"p902": 0
"p903": 0
"p904": 5.645029269476761E-06
"p905": 1.8816764231589204E-06
"p906": 0
"p907": 0
"p908": 5.645029269476761E-06
"p909": 5.645029269476761E-06
"p910": 5.645029269476761E-06
"p911": 0
"p912": 4.704191057897301E-05
"p913": 1.3171734962112444E-05
"p914": 0
"p915": 0
"p916": 5.645029269476761E-06
"p917": 5.645029269476761E-06
"p918": 0
"p919": 0
"p920": 1.3171734962112444E-05
"p921": 5.645029269476761E-06
"p922": 0
"p923": 0
"p924": 2.0698440654748124E-05
"p925": 5.645029269476761E-06
"p926": 3.7633528463178407E-06
"p927": 3.7633528463178407E-06
"p928": 0.0008317009790362428
"p929": 0.00020322105370116337
"p930": 3.387017561686057E-05
"p931": 1.8816764231589204E-06
"p932": 0
"p933": 0
"p934": 0
"p935": 0
"p936": 0.00026155302281908986
"p937": 5.833196911792653E-05
"p938": 1.317173496211244E-05
"p939": 0
"p940": 0.00044595731228866414
"p941": 0.00017875926020009743
"p942": 4.892358700213193E-05
"p943": 1.8816764231589204E-06
"p944": 0.0009878801221584331
