"p882": 0
"p883": 0
"p884": 6.774035123372114E-05
"p885": 1.1290058538953523E-05
"p886": 0
"p887": 0
"p888": 0.0008091208619583355
"p889": 0.0002615530228190899
"p890": 5.268693984844976E-05
"p891": 1.129005853895352E-05
"p892": 0.0009464832408489364
"p893": 0.0003405834325917646
"p894": 8.091208619583357E-05
"p895": 1.129005853895352E-05
"p896": 1.8816764231589204E-06
"p897": 0
"p898": 0
"p899": 0
"p900": 0.0002860148163201559
"p901": 3.3870175616860565E-05
"p902": 0
"p903": 0
"p904": 8.843879188846926E-05
"p905": 1.5053411385271363E-05
"p906": 0
"p907": 0
"p908": 0.0006378883074508739
"p909": 8.27937626189925E-05
"p910": 0
"p911": 0
"p912": 0
"p913": 0
"p914": 0
"p915": 0
"p916": 0
"p917": 0
"p918": 0
"p919": 0
"p920": 0
"p921": 0
"p922": 0
"p923": 0
"p924": 6.774035123372114E-05
"p925": 0
"p926": 0
"p927": 0
"p928": 0.0012362614100154105
"p929": 0.0002991865512822683
"p930": 3.0106822770542722E-05
"p931": 0
"p932": 0.002929770190858439
"p933": 0.0006811668651835291
"p934": 6.021364554108545E-05
"p935": 0
"p936": 0.004728652851398367
"p937": 0.001247551468554364
"p938": 0.00015429746669903146
"p939": 5.645029269476761E-06
"p940": 0.01610715018224036
"p941": 0.0044595731228866415
"p942": 0.0006134265139498081
"p943": 2.8225146347383815E-05
"p944": 0.0001580608195453493
