"p882": 0
"p883": 0
"p884": 0.0001392440553137601
"p885": 3.575185204001949E-05
"p886": 0
"p887": 0
"p888": 3.0106822770542726E-05
"p889": 5.645029269476761E-06
"p890": 0
"p891": 0
"p892": 0
"p893": 0
"p894": 0
"p895": 0
"p896": 0.003492391441382955
"p897": 0.0010687922083542666
"p898": 0.0001279539967748066
"p899": 1.8816764231589204E-06
"p900": 0.007953846240692756
"p901": 0.002391610733834988
"p902": 0.00039138869601705546
"p903": 3.198849919370165E-05
"p904": 0.000878742889615216
"p905": 0.00020886608297064017
"p906": 2.6343469924224884E-05
"p907": 0
"p908": 0.008358406671671923
"p909": 0.002502629642801364
"p910": 0.0003800986374781019
"p911": 2.2580117077907045E-05
"p912": 0
"p913": 0
"p914": 0
"p915": 0
"p916": 3.575185204001949E-05
"p917": 5.645029269476761E-06
"p918": 0
"p919": 0
"p920": 0
"p921": 0
"p922": 0
"p923": 0
"p924": 0
"p925": 0
"p926": 0
"p927": 0
"p928": 0.0031649797437533042
"p929": 0.0010763189140469023
"p930": 0.00016370584881482606
"p931": 1.3171734962112444E-05
"p932": 0.01030782344606457
"p933": 0.0037426544056630923
"p934": 0.0006284799253350793
"p935": 3.7633528463178407E-05
"p936": 0.0006378883074508741
"p937": 0.0002069844065474812
"p938": 2.2580117077907045E-05
"p939": 1.8816764231589204E-06
"p940": 0.003196968242947006
"p941": 0.001014223592082658
"p942": 0.00010725555612005845
"p943": 3.7633528463178407E-06
"p944": 0.0023257520590244246
