"p882": 0
"p883": 0
"p884": 0
"p885": 0
"p886": 0
"p887": 0
"p888": 8.091208619583358E-05
"p889": 3.3870175616860565E-05
"p890": 0
"p891": 0
"p892": 6.39769983874033E-05
"p893": 2.2580117077907045E-05
"p894": 0
"p895": 0
"p896": 0
"p897": 0
"p898": 0
"p899": 0
"p900": 9.408382115794602E-06
"p901": 5.645029269476761E-06
"p902": 0
"p903": 0
"p904": 4.8923587002131926E-05
"p905": 1.1290058538953523E-05
"p906": 0
"p907": 0
"p908": 0.0005588578976781994
"p909": 0.00017311423093062064
"p910": 5.645029269476761E-06
"p911": 0
"p912": 0
"p913": 0
"p914": 0
"p915": 0
"p916": 0.0002239194943559115
"p917": 4.327855773265517E-05
"p918": 0
"p919": 0
"p920": 2.8225146347383805E-05
"p921": 5.645029269476761E-06
"p922": 0
"p923": 0
"p924": 0.0003217666683601754
"p925": 9.972885042742278E-05
"p926": 0
"p927": 0
"p928": 0.00027660643420436126
"p929": 7.150370408003898E-05
"p930": 3.7633528463178407E-06
"p931": 0
"p932": 0.0007357354814551377
"p933": 0.00014677076100639576
"p934": 7.5267056926356815E-06
"p935": 0
"p936": 0.002045382271973746
"p937": 0.000568266279793994
"p938": 6.774035123372113E-05
"p939": 1.8816764231589204E-06
"p940": 0.007925621094345373
"p941": 0.0024029007923739415
"p942": 0.00033117505047597
"p943": 1.5053411385271365E-05
"p944": 0.0008279376261899249
