"p882": 0.0001956943480085277
"p883": 1.1290058538953523E-05
"p884": 7.150370408003898E-05
"p885": 2.0698440654748124E-05
"p886": 0
"p887": 0
"p888": 0.003373845826723945
"p889": 0.0012513148214006817
"p890": 0.0001392440553137601
"p891": 7.5267056926356815E-06
"p892": 0.002878964927433148
"p893": 0.0008523994196909909
"p894": 9.972885042742278E-05
"p895": 0
"p896": 0.000681166865183529
"p897": 0.00021451111224011696
"p898": 2.4461793501065966E-05
"p899": 1.8816764231589204E-06
"p900": 4.327855773265516E-05
"p901": 3.7633528463178407E-06
"p902": 0
"p903": 0
"p904": 0.0003349384033222878
"p905": 8.655711546531033E-05
"p906": 1.5053411385271361E-05
"p907": 0
"p908": 0.000918258094501553
"p909": 0.0002709614049348845
"p910": 5.268693984844977E-05
"p911": 1.8816764231589204E-06
"p912": 3.7633528463178407E-06
"p913": 3.7633528463178407E-06
"p914": 0
"p915": 0
"p916": 1.8816764231589204E-06
"p917": 1.8816764231589204E-06
"p918": 0
"p919": 0
"p920": 0
"p921": 0
"p922": 0
"p923": 0
"p924": 0
"p925": 0
"p926": 0
"p927": 0
"p928": 0.0008900329481541692
"p929": 0.0002032210537011634
"p930": 3.0106822770542726E-05
"p931": 1.8816764231589204E-06
"p932": 0
"p933": 0
"p934": 0
"p935": 0
"p936": 0.0002653163756654077
"p937": 5.2686939848449775E-05
"p938": 9.408382115794602E-06
"p939": 1.8816764231589204E-06
"p940": 0.00044972066513498195
"p941": 0.00014677076100639576
"p942": 3.7633528463178407E-05
"p943": 3.7633528463178407E-06
"p944": 0.00040079707813285
