"p882": 0
"p883": 0
"p884": 0
"p885": 0
"p886": 0
"p887": 0
"p888": 1.1290058538953523E-05
"p889": 0
"p890": 0
"p891": 0
"p892": 3.387017561686057E-05
"p893": 0
"p894": 0
"p895": 0
"p896": 0.004341027508227628
"p897": 0.0014488908458323685
"p898": 0.00022391949435591148
"p899": 1.1290058538953523E-05
"p900": 0.008012178209810683
"p901": 0.0024499427029529143
"p902": 0.0003989154017096911
"p903": 1.5053411385271363E-05
"p904": 0.011788702791090639
"p905": 0.004280813862686544
"p906": 0.0007545522456867273
"p907": 3.0106822770542726E-05
"p908": 0.025929501111129925
"p909": 0.009404618762948284
"p910": 0.0018666230117736493
"p911": 0.00014112573173691905
"p912": 0
"p913": 0
"p914": 0
"p915": 0
"p916": 0.00010349220327374062
"p917": 0
"p918": 0
"p919": 0
"p920": 5.645029269476761E-06
"p921": 0
"p922": 0
"p923": 0
"p924": 7.714873334951573E-05
"p925": 5.645029269476761E-06
"p926": 0
"p927": 0
"p928": 0.0012908300262870192
"p929": 0.0003161216390906986
"p930": 1.3171734962112442E-05
"p931": 0
"p932": 0.0033813725324165797
"p933": 0.0010123419156594991
"p934": 0.00013548070246744223
"p935": 0
"p936": 0.014184076877771946
"p937": 0.004717362792859413
"p938": 0.0007263270993393432
"p939": 4.5160234155814084E-05
"p940": 0.034011301348597485
"p941": 0.012074717607410794
"p942": 0.001992695332125297
"p943": 0.0001392440553137601
"p944": 0.0009728267107731619
