"p882": 0.0007884224213035878
"p883": 4.704191057897301E-05
"p884": 0.017565449410188522
"p885": 0.006751455006294208
"p886": 0.001343516966135469
"p887": 0.00011666393823585307
"p888": 0.005447453245045074
"p889": 0.0020246838313189987
"p890": 0.0003575185204001948
"p891": 9.408382115794602E-06
"p892": 0.009314298294636656
"p893": 0.003281643681989157
"p894": 0.0005249877220613389
"p895": 1.3171734962112444E-05
"p896": 3.7633528463178407E-06
"p897": 0
"p898": 0
"p899": 0
"p900": 0.00011290058538953522
"p901": 1.8816764231589203E-05
"p902": 1.8816764231589204E-06
"p903": 0
"p904": 0
"p905": 0
"p906": 0
"p907": 0
"p908": 5.080526342529084E-05
"p909": 2.8225146347383805E-05
"p910": 5.645029269476761E-06
"p911": 0
"p912": 3.010682277054273E-05
"p913": 1.8816764231589204E-06
"p914": 0
"p915": 0
"p916": 0.00031988499193701646
"p917": 6.39769983874033E-05
"p918": 0
"p919": 0
"p920": 7.5267056926356815E-06
"p921": 0
"p922": 0
"p923": 0
"p924": 8.843879188846925E-05
"p925": 3.0106822770542736E-05
"p926": 3.7633528463178407E-06
"p927": 3.7633528463178407E-06
"p928": 0.0005795563383329475
"p929": 0.00019757602443168663
"p930": 4.8923587002131926E-05
"p931": 3.7633528463178407E-06
"p932": 0.001996458684971615
"p933": 0.000590846396871901
"p934": 0.00012983567319796552
"p935": 3.7633528463178407E-06
"p936": 0.00011854561465901197
"p937": 5.080526342529084E-05
"p938": 1.317173496211244E-05
"p939": 0
"p940": 0.0005456861627160868
"p941": 0.0001825226130464153
"p942": 3.010682277054273E-05
"p943": 0
"p944": 0.0020190388020495213
