"p882": 1.505341138527136E-05
"p883": 0
"p884": 2.2580117077907045E-05
"p885": 3.7633528463178407E-06
"p886": 0
"p887": 0
"p888": 0.004867896906712127
"p889": 0.001625768429609307
"p890": 0.0003161216390906986
"p891": 3.7633528463178407E-05
"p892": 0.0009577732993878904
"p893": 0.0003236483447833343
"p894": 4.704191057897301E-05
"p895": 0
"p896": 3.951520488633733E-05
"p897": 0
"p898": 0
"p899": 0
"p900": 0
"p901": 0
"p902": 0
"p903": 0
"p904": 0.0010462120912763597
"p905": 0.0001580608195453493
"p906": 1.5053411385271363E-05
"p907": 0
"p908": 6.585867481056221E-05
"p909": 1.3171734962112442E-05
"p910": 0
"p911": 0
"p912": 0.000568266279793994
"p913": 9.596549758110495E-05
"p914": 0
"p915": 0
"p916": 0
"p917": 0
"p918": 0
"p919": 0
"p920": 0.0015900165775692876
"p921": 0.0002991865512822683
"p922": 2.2580117077907045E-05
"p923": 0
"p924": 0.00023897290574118285
"p925": 2.8225146347383805E-05
"p926": 0
"p927": 0
"p928": 0.0015166311970660896
"p929": 0.00031800331551385747
"p930": 1.1290058538953523E-05
"p931": 0
"p932": 1.6935087808430286E-05
"p933": 0
"p934": 0
"p935": 0
"p936": 0.01273142267909326
"p937": 0.004075711132562222
"p938": 0.0007752506863414752
"p939": 7.903040977267466E-05
"p940": 0.004743706262783639
"p941": 0.0012381430864385696
"p942": 0.0001637058488148261
"p943": 3.0106822770542726E-05
"p944": 0.005133213282377535
