"p882": 0
"p883": 0
"p884": 0
"p885": 0
"p886": 0
"p887": 0
"p888": 0.00013359902604428335
"p889": 4.516023415581409E-05
"p890": 0
"p891": 0
"p892": 1.1290058538953523E-05
"p893": 1.1290058538953523E-05
"p894": 0
"p895": 0
"p896": 7.5267056926356815E-06
"p897": 3.7633528463178407E-06
"p898": 0
"p899": 0
"p900": 0
"p901": 0
"p902": 0
"p903": 0
"p904": 0.0005833196911792653
"p905": 0.00018064093662325636
"p906": 5.645029269476761E-06
"p907": 0
"p908": 2.2580117077907045E-05
"p909": 5.645029269476761E-06
"p910": 0
"p911": 0
"p912": 0.00019004931873905096
"p913": 3.951520488633733E-05
"p914": 0
"p915": 0
"p916": 0
"p917": 0
"p918": 0
"p919": 0
"p920": 0.00037445360820862513
"p921": 0.00010725555612005845
"p922": 0
"p923": 0
"p924": 9.408382115794602E-06
"p925": 1.8816764231589204E-06
"p926": 0
"p927": 0
"p928": 0.0007357354814551377
"p929": 0.00014677076100639576
"p930": 7.5267056926356815E-06
"p931": 0
"p932": 0
"p933": 0
"p934": 0
"p935": 0
"p936": 0.007210584053544985
"p937": 0.002227904885020162
"p938": 0.00031988499193701646
"p939": 1.5053411385271365E-05
"p940": 0.0025873050818435153
"p941": 0.0007244454229161844
"p942": 7.903040977267465E-05
"p943": 1.8816764231589204E-06
"p944": 0.0018534512768115358
