"p882": 0.00018628596589273313
"p883": 1.1290058538953523E-05
"p884": 7.52670569263568E-06
"p885": 0
"p886": 0
"p887": 0
"p888": 0.0031235828624438075
"p889": 0.0010123419156594991
"p890": 0.00014112573173691902
"p891": 7.5267056926356815E-06
"p892": 0.0021131226232074672
"p893": 0.0006585867481056221
"p894": 6.021364554108545E-05
"p895": 0
"p896": 4.1396881309496255E-05
"p897": 1.1290058538953523E-05
"p898": 0
"p899": 0
"p900": 5.645029269476761E-06
"p901": 5.645029269476761E-06
"p902": 0
"p903": 0
"p904": 1.3171734962112444E-05
"p905": 5.645029269476761E-06
"p906": 0
"p907": 0
"p908": 2.0698440654748124E-05
"p909": 5.645029269476761E-06
"p910": 3.7633528463178407E-06
"p911": 3.7633528463178407E-06
"p912": 5.645029269476761E-06
"p913": 1.8816764231589204E-06
"p914": 0
"p915": 0
"p916": 0
"p917": 0
"p918": 0
"p919": 0
"p920": 0
"p921": 0
"p922": 0
"p923": 0
"p924": 0
"p925": 0
"p926": 0
"p927": 0
"p928": 0.0015711998133376985
"p929": 0.0004139688130949626
"p930": 5.268693984844977E-05
"p931": 3.7633528463178407E-06
"p932": 4.327855773265516E-05
"p933": 3.7633528463178407E-06
"p934": 0
"p935": 0
"p936": 0.0006040181318340133
"p937": 0.0001392440553137601
"p938": 2.2580117077907042E-05
"p939": 0
"p940": 0.0013642154067902172
"p941": 0.0004139688130949625
"p942": 9.032046831162818E-05
"p943": 3.7633528463178407E-06
"p944": 0.00035563684397703593
