"p882": 0
"p883": 0
"p884": 0
"p885": 0
"p886": 0
"p887": 0
"p888": 1.1290058538953523E-05
"p889": 0
"p890": 0
"p891": 0
"p892": 0
"p893": 0
"p894": 0
"p895": 0
"p896": 0.0016332951353019425
"p897": 0.00038386199032441974
"p898": 2.6343469924224884E-05
"p899": 0
"p900": 0.0005249877220613388
"p901": 5.080526342529086E-05
"p902": 0
"p903": 0
"p904": 0.0007884224213035877
"p905": 0.00021074775939379907
"p906": 2.4461793501065963E-05
"p907": 0
"p908": 0.0013811504945986472
"p909": 0.0003744536082086252
"p910": 3.7633528463178407E-05
"p911": 0
"p912": 0.00013548070246744226
"p913": 5.645029269476761E-06
"p914": 0
"p915": 0
"p916": 0
"p917": 0
"p918": 0
"p919": 0
"p920": 0
"p921": 0
"p922": 0
"p923": 0
"p924": 0
"p925": 0
"p926": 0
"p927": 0
"p928": 0.0358929777717564
"p929": 0.012356969070884632
"p930": 0.0023050536183696776
"p931": 0.00019004931873905096
"p932": 0.001298356731979655
"p933": 0.00019381267158536877
"p934": 1.1290058538953523E-05
"p935": 0
"p936": 0.022971505773924095
"p937": 0.007611381131677834
"p938": 0.0013416352897123102
"p939": 7.526705692635681E-05
"p940": 0.035860989272562704
"p941": 0.01115081448363976
"p942": 0.0016408218409945782
"p943": 7.150370408003898E-05
"p944": 0.012656155622166898
