"p882": 0
"p883": 0
"p884": 0
"p885": 0
"p886": 0
"p887": 0
"p888": 0.00021451111224011693
"p889": 4.516023415581409E-05
"p890": 0
"p891": 0
"p892": 2.0698440654748124E-05
"p893": 1.1290058538953523E-05
"p894": 0
"p895": 0
"p896": 0.00019004931873905096
"p897": 3.951520488633733E-05
"p898": 0
"p899": 0
"p900": 0
"p901": 0
"p902": 0
"p903": 0
"p904": 0.00039138869601705535
"p905": 0.00010537387969689954
"p906": 0
"p907": 0
"p908": 9.408382115794602E-06
"p909": 1.8816764231589204E-06
"p910": 0
"p911": 0
"p912": 0
"p913": 0
"p914": 0
"p915": 0
"p916": 0
"p917": 0
"p918": 0
"p919": 0
"p920": 2.8225146347383805E-05
"p921": 1.8816764231589204E-06
"p922": 0
"p923": 0
"p924": 0
"p925": 0
"p926": 0
"p927": 0
"p928": 0.0022862368541380876
"p929": 0.0005381594570234513
"p930": 7.150370408003898E-05
"p931": 0
"p932": 0.00021639278866327584
"p933": 3.9515204886337324E-05
"p934": 0
"p935": 0
"p936": 0.011005925399056527
"p937": 0.0031894415372543702
"p938": 0.00047041910578973014
"p939": 2.0698440654748128E-05
"p940": 0.005801208412598953
"p941": 0.0016652836344956444
"p942": 0.00023709122931802394
"p943": 3.7633528463178407E-06
"p944": 0.00026719805208856665
