"p882": 0
"p883": 0
"p884": 0
"p885": 0
"p886": 0
"p887": 0
"p888": 0.00011101890896637632
"p889": 2.6343469924224887E-05
"p890": 0
"p891": 0
"p892": 1.5053411385271363E-05
"p893": 1.1290058538953523E-05
"p894": 0
"p895": 0
"p896": 0.0005381594570234513
"p897": 0.0001505341138527136
"p898": 1.6935087808430282E-05
"p899": 0
"p900": 0
"p901": 0
"p902": 0
"p903": 0
"p904": 0.00024085458216434183
"p905": 0.00010161052685058169
"p906": 1.1290058538953523E-05
"p907": 0
"p908": 0.00020698440654748124
"p909": 4.892358700213193E-05
"p910": 5.645029269476761E-06
"p911": 0
"p912": 0.0004967625757139549
"p913": 0.00011101890896637632
"p914": 0
"p915": 0
"p916": 0.0003123582862443808
"p917": 3.9515204886337324E-05
"p918": 0
"p919": 0
"p920": 0.0002860148163201559
"p921": 8.279376261899251E-05
"p922": 0
"p923": 0
"p924": 0.0003330567268991289
"p925": 8.467543904215143E-05
"p926": 3.7633528463178407E-06
"p927": 3.7633528463178407E-06
"p928": 0.008066746826082296
"p929": 0.002811224576199426
"p930": 0.0006040181318340134
"p931": 7.150370408003896E-05
"p932": 5.456861627160869E-05
"p933": 5.645029269476761E-06
"p934": 0
"p935": 0
"p936": 0.0029843388071300473
"p937": 0.0009446015644257778
"p938": 0.00016370584881482604
"p939": 7.5267056926356815E-06
"p940": 0.005895292233756899
"p941": 0.001770657514192544
"p942": 0.000259671346395931
"p943": 1.3171734962112444E-05
"p944": 0.010580666527422612
