"p882": 4.3278557732655166E-05
"p883": 0
"p884": 1.5053411385271363E-05
"p885": 0
"p886": 0
"p887": 0
"p888": 0.00857856281318152
"p889": 0.002941060249397393
"p890": 0.00031047660982122185
"p891": 1.8816764231589203E-05
"p892": 0.0026287019631530116
"p893": 0.0007884224213035877
"p894": 9.032046831162817E-05
"p895": 0
"p896": 0.0002897781691664738
"p897": 4.8923587002131926E-05
"p898": 7.5267056926356815E-06
"p899": 0
"p900": 2.2580117077907045E-05
"p901": 5.645029269476761E-06
"p902": 0
"p903": 0
"p904": 0.0009803534164657974
"p905": 0.00027284308135804345
"p906": 2.6343469924224887E-05
"p907": 1.8816764231589204E-06
"p908": 0.0007564339221098858
"p909": 0.0002258011707790704
"p910": 3.575185204001949E-05
"p911": 1.8816764231589204E-06
"p912": 3.7633528463178407E-06
"p913": 3.7633528463178407E-06
"p914": 0
"p915": 0
"p916": 0
"p917": 0
"p918": 0
"p919": 0
"p920": 3.7633528463178407E-06
"p921": 3.7633528463178407E-06
"p922": 0
"p923": 0
"p924": 0
"p925": 0
"p926": 0
"p927": 0
"p928": 8.091208619583358E-05
"p929": 1.6935087808430286E-05
"p930": 5.645029269476761E-06
"p931": 1.8816764231589204E-06
"p932": 0
"p933": 0
"p934": 0
"p935": 0
"p936": 0.001136532559587988
"p937": 0.0002408545821643418
"p938": 3.0106822770542726E-05
"p939": 1.8816764231589204E-06
"p940": 0.0003443467854380824
"p941": 0.00011478226181269412
"p942": 2.6343469924224887E-05
"p943": 1.8816764231589204E-06
"p944": 5.833196911792653E-05
