"p882": 0
"p883": 0
"p884": 0
"p885": 0
"p886": 0
"p887": 0
"p888": 4.139688130949625E-05
"p889": 0
"p890": 0
"p891": 0
"p892": 0
"p893": 0
"p894": 0
"p895": 0
"p896": 0.0010236319741984527
"p897": 0.00015429746669903143
"p898": 3.7633528463178407E-06
"p899": 0
"p900": 0
"p901": 0
"p902": 0
"p903": 0
"p904": 0.0025233280834561123
"p905": 0.0005588578976781994
"p906": 3.951520488633733E-05
"p907": 0
"p908": 0.0006962202765688006
"p909": 0.00016746920166114393
"p910": 1.1290058538953523E-05
"p911": 0
"p912": 0
"p913": 0
"p914": 0
"p915": 0
"p916": 0
"p917": 0
"p918": 0
"p919": 0
"p920": 0.00013548070246744226
"p921": 5.645029269476761E-06
"p922": 0
"p923": 0
"p924": 0
"p925": 0
"p926": 0
"p927": 0
"p928": 0.010383090502990924
"p929": 0.0031725064494459386
"p930": 0.0005005259285602727
"p931": 1.5053411385271363E-05
"p932": 0.0010311586798910882
"p933": 0.00022203781793275263
"p934": 1.1290058538953523E-05
"p935": 0
"p936": 0.05684168139078468
"p937": 0.019179927781258876
"p938": 0.0035017998234987517
"p939": 0.00026155302281909
"p940": 0.028744489040175666
"p941": 0.00935757685236931
"p942": 0.0015956616068387647
"p943": 8.27937626189925E-05
"p944": 0.001251314821400682
