"p882": 0
"p883": 0
"p884": 0
"p885": 0
"p886": 0
"p887": 0
"p888": 7.526705692635681E-05
"p889": 0
"p890": 0
"p891": 0
"p892": 0
"p893": 0
"p894": 0
"p895": 0
"p896": 0.00010537387969689955
"p897": 1.8816764231589204E-06
"p898": 0
"p899": 0
"p900": 0
"p901": 0
"p902": 0
"p903": 0
"p904": 0.003104766098212219
"p905": 0.0007978308034193823
"p906": 7.52670569263568E-05
"p907": 1.8816764231589204E-06
"p908": 0.0006002547789876957
"p909": 0.00014112573173691902
"p910": 1.1290058538953523E-05
"p911": 0
"p912": 0.001155349323819577
"p913": 0.00017123255450746173
"p914": 3.7633528463178407E-06
"p915": 0
"p916": 0
"p917": 0
"p918": 0
"p919": 0
"p920": 0.0025684883176119266
"p921": 0.0005588578976781994
"p922": 3.951520488633733E-05
"p923": 0
"p924": 0.0007620789513793628
"p925": 0.00018440428946957417
"p926": 1.1290058538953523E-05
"p927": 0
"p928": 0.003441586177957665
"p929": 0.0007827773920341107
"p930": 4.516023415581409E-05
"p931": 0
"p932": 6.774035123372114E-05
"p933": 0
"p934": 0
"p935": 0
"p936": 0.03760153996398471
"p937": 0.012900773557177562
"p938": 0.0025948317875361514
"p939": 0.0002991865512822684
"p940": 0.013930050560645488
"p941": 0.0040982912496401284
"p942": 0.0006491783659898275
"p943": 4.516023415581409E-05
"p944": 0.008269967879783456
