"p882": 4.704191057897301E-05
"p883": 0
"p884": 0
"p885": 0
"p886": 0
"p887": 0
"p888": 0.0005042892814065907
"p889": 0.0001486524374295547
"p890": 2.2580117077907045E-05
"p891": 1.8816764231589204E-06
"p892": 0.00024085458216434183
"p893": 7.338538050319788E-05
"p894": 1.1290058538953521E-05
"p895": 1.8816764231589204E-06
"p896": 0.006994191264881708
"p897": 0.002385965704565511
"p898": 0.0004892358700213193
"p899": 5.833196911792652E-05
"p900": 5.456861627160869E-05
"p901": 5.645029269476761E-06
"p902": 0
"p903": 0
"p904": 0.0034905097649597966
"p905": 0.0010951356782784917
"p906": 0.00022768284720222934
"p907": 1.8816764231589207E-05
"p908": 0.006529417188361454
"p909": 0.0019117832459294628
"p910": 0.0002502629642801364
"p911": 3.387017561686057E-05
"p912": 0.010625826761578423
"p913": 0.0036259904674272392
"p914": 0.000707510335107754
"p915": 7.714873334951572E-05
"p916": 0.0007903040977267465
"p917": 0.00011478226181269412
"p918": 5.645029269476761E-06
"p919": 0
"p920": 0.006858710562414264
"p921": 0.0020058670670874087
"p922": 0.00035187349113071807
"p923": 2.4461793501065963E-05
"p924": 0.01444562990059103
"p925": 0.004389951095229761
"p926": 0.000730090452185661
"p927": 5.080526342529085E-05
"p928": 0.002796171164814155
"p929": 0.00087121618392258
"p930": 0.00011666393823585307
"p931": 1.8816764231589204E-06
"p932": 0
"p933": 0
"p934": 0
"p935": 0
"p936": 0.0010499754441226775
"p937": 0.00034999181470755925
"p938": 4.704191057897301E-05
"p939": 1.8816764231589204E-06
"p940": 0.0009653000050805262
"p941": 0.0003462284618612414
"p942": 7.714873334951574E-05
"p943": 3.7633528463178407E-06
"p944": 0.0025722516704582434
