"p882": 0
"p883": 0
"p884": 0
"p885": 0
"p886": 0
"p887": 0
"p888": 0.00012419064392848875
"p889": 4.327855773265517E-05
"p890": 0
"p891": 0
"p892": 0.00011290058538953523
"p893": 3.198849919370165E-05
"p894": 0
"p895": 0
"p896": 0.0007413805107246145
"p897": 0.00022580117077907044
"p898": 2.8225146347383805E-05
"p899": 0
"p900": 0.0018666230117736484
"p901": 0.00042337719521075713
"p902": 5.268693984844977E-05
"p903": 0
"p904": 0.001714207221497776
"p905": 0.0005325144277539745
"p906": 7.33853805031979E-05
"p907": 1.8816764231589204E-06
"p908": 0.006100394963881221
"p909": 0.0018534512768115365
"p910": 0.0002991865512822683
"p911": 1.3171734962112444E-05
"p912": 0
"p913": 0
"p914": 0
"p915": 0
"p916": 2.2580117077907045E-05
"p917": 3.7633528463178407E-06
"p918": 0
"p919": 0
"p920": 0
"p921": 0
"p922": 0
"p923": 0
"p924": 1.5053411385271363E-05
"p925": 3.7633528463178407E-06
"p926": 0
"p927": 0
"p928": 0.00022203781793275263
"p929": 6.585867481056221E-05
"p930": 7.5267056926356815E-06
"p931": 0
"p932": 0.0006999836294151183
"p933": 0.0001844042894695742
"p934": 2.6343469924224884E-05
"p935": 1.8816764231589204E-06
"p936": 0.0018948481581210325
"p937": 0.0005513311919855637
"p938": 5.456861627160869E-05
"p939": 1.8816764231589204E-06
"p940": 0.00735547313812822
"p941": 0.0024047824687971004
"p942": 0.00028036978705067917
"p943": 7.5267056926356815E-06
"p944": 0.00015241579027587253
