"p882": 0
"p883": 0
"p884": 0
"p885": 0
"p886": 0
"p887": 0
"p888": 1.1290058538953523E-05
"p889": 0
"p890": 0
"p891": 0
"p892": 3.0106822770542726E-05
"p893": 0
"p894": 0
"p895": 0
"p896": 0.0001768775837769385
"p897": 3.3870175616860565E-05
"p898": 0
"p899": 0
"p900": 0.00127201326205543
"p901": 0.00017123255450746173
"p902": 3.7633528463178407E-06
"p903": 0
"p904": 0.0007188003936467075
"p905": 0.00015994249596850823
"p906": 1.3171734962112442E-05
"p907": 0
"p908": 0.002075489094744289
"p909": 0.0005155793399455442
"p910": 3.7633528463178407E-05
"p911": 0
"p912": 0
"p913": 0
"p914": 0
"p915": 0
"p916": 0
"p917": 0
"p918": 0
"p919": 0
"p920": 0
"p921": 0
"p922": 0
"p923": 0
"p924": 0.00013548070246744226
"p925": 5.645029269476761E-06
"p926": 0
"p927": 0
"p928": 0.005641265916630443
"p929": 0.0017650124849230668
"p930": 0.00023709122931802394
"p931": 1.1290058538953523E-05
"p932": 0.011367207272303038
"p933": 0.003366319121031308
"p934": 0.0005118159870992262
"p935": 1.5053411385271363E-05
"p936": 0.025173067189020036
"p937": 0.008446845463560396
"p938": 0.0013867955238681246
"p939": 6.397699838740328E-05
"p940": 0.05801961083168215
"p941": 0.019793354295208683
"p942": 0.0036749140544293716
"p943": 0.0002690797285117257
"p944": 0.0005814380147561063
