"p882": 8.655711546531032E-05
"p883": 0
"p884": 0.0025082746720708404
"p885": 0.0008636894782299444
"p886": 0.00013548070246744226
"p887": 0
"p888": 0.007451438635709325
"p889": 0.0028620298396247177
"p890": 0.00047794581148236575
"p891": 1.8816764231589207E-05
"p892": 0.014095638085883471
"p893": 0.005351487747463969
"p894": 0.0009446015644257781
"p895": 4.327855773265517E-05
"p896": 0
"p897": 0
"p898": 0
"p899": 0
"p900": 5.645029269476761E-06
"p901": 5.645029269476761E-06
"p902": 0
"p903": 0
"p904": 3.7633528463178407E-06
"p905": 0
"p906": 0
"p907": 0
"p908": 6.774035123372113E-05
"p909": 1.5053411385271363E-05
"p910": 1.8816764231589204E-06
"p911": 0
"p912": 0
"p913": 0
"p914": 0
"p915": 0
"p916": 2.8225146347383805E-05
"p917": 1.3171734962112444E-05
"p918": 0
"p919": 0
"p920": 9.408382115794602E-06
"p921": 1.8816764231589204E-06
"p922": 0
"p923": 0
"p924": 5.080526342529085E-05
"p925": 1.6935087808430282E-05
"p926": 0
"p927": 0
"p928": 3.9515204886337324E-05
"p929": 1.5053411385271363E-05
"p930": 1.8816764231589204E-06
"p931": 0
"p932": 6.58586748105622E-05
"p933": 1.1290058538953523E-05
"p934": 3.7633528463178407E-06
"p935": 0
"p936": 0.00033682007974544673
"p937": 0.00011290058538953522
"p938": 2.4461793501065963E-05
"p939": 1.8816764231589204E-06
"p940": 0.0011026623839711274
"p941": 0.00025026296428013644
"p942": 3.951520488633733E-05
"p943": 1.8816764231589204E-06
"p944": 0.00019569434800852773
