"p882": 0
"p883": 0
"p884": 0
"p885": 0
"p886": 0
"p887": 0
"p888": 0
"p889": 0
"p890": 0
"p891": 0
"p892": 0
"p893": 0
"p894": 0
"p895": 0
"p896": 7.526705692635681E-05
"p897": 0
"p898": 0
"p899": 0
"p900": 0.000780895715610952
"p901": 9.22021447347871E-05
"p902": 3.7633528463178407E-06
"p903": 0
"p904": 0.00037633528463178407
"p905": 8.091208619583357E-05
"p906": 1.8816764231589204E-06
"p907": 0
"p908": 0.0013943222295607596
"p909": 0.0003274116976296521
"p910": 2.6343469924224884E-05
"p911": 0
"p912": 0
"p913": 0
"p914": 0
"p915": 0
"p916": 0
"p917": 0
"p918": 0
"p919": 0
"p920": 0
"p921": 0
"p922": 0
"p923": 0
"p924": 0.00013548070246744226
"p925": 5.645029269476761E-06
"p926": 0
"p927": 0
"p928": 0.003247773506372296
"p929": 0.0010292770034679294
"p930": 0.00011854561465901197
"p931": 0
"p932": 0.006128620110228604
"p933": 0.0016709286637651207
"p934": 0.00020698440654748124
"p935": 0
"p936": 0.016635901257148016
"p937": 0.005432399833659804
"p938": 0.0008655711546531035
"p939": 4.139688130949624E-05
"p940": 0.040623512299577946
"p941": 0.013126574727956631
"p942": 0.0021902713565569837
"p943": 0.00011666393823585308
"p944": 0.0003932703724402144
