"p882": 1.1290058538953521E-05
"p883": 0
"p884": 0.00023709122931802392
"p885": 4.892358700213193E-05
"p886": 7.52670569263568E-06
"p887": 7.52670569263568E-06
"p888": 0.0014902877271418646
"p889": 0.00043843060659602836
"p890": 6.397699838740328E-05
"p891": 1.129005853895352E-05
"p892": 0.0016332951353019423
"p893": 0.0005739113090634706
"p894": 0.00010725555612005845
"p895": 1.129005853895352E-05
"p896": 0.002167691239479076
"p897": 0.0005475678391392458
"p898": 9.032046831162815E-05
"p899": 5.645029269476761E-06
"p900": 0.004732416204244683
"p901": 0.0012381430864385696
"p902": 0.000163705848814826
"p903": 7.5267056926356815E-06
"p904": 0.005818143500407382
"p905": 0.0017405506914220012
"p906": 0.0002784881106275202
"p907": 1.8816764231589207E-05
"p908": 0.014820083508799656
"p909": 0.004717362792859413
"p910": 0.0008373460083057196
"p911": 7.52670569263568E-05
"p912": 0
"p913": 0
"p914": 0
"p915": 0
"p916": 4.704191057897301E-05
"p917": 0
"p918": 0
"p919": 0
"p920": 0
"p921": 0
"p922": 0
"p923": 0
"p924": 5.2686939848449775E-05
"p925": 0
"p926": 0
"p927": 0
"p928": 0.000613426513949808
"p929": 0.00011854561465901197
"p930": 3.7633528463178407E-06
"p931": 0
"p932": 0.0017236156036135708
"p933": 0.00048359084075184255
"p934": 5.080526342529085E-05
"p935": 0
"p936": 0.004009852457751658
"p937": 0.0011572310002427363
"p938": 0.00018816764231589206
"p939": 1.3171734962112444E-05
"p940": 0.013433287984931534
"p941": 0.004389951095229761
"p942": 0.000756433922109886
"p943": 5.456861627160869E-05
"p944": 0.00040079707813285006
