"p882": 1.6935087808430286E-05
"p883": 0
"p884": 0.0009069680359625995
"p885": 0.00037821696105494305
"p886": 8.843879188846925E-05
"p887": 1.1290058538953523E-05
"p888": 0.003048315805517451
"p889": 0.001061265502661631
"p890": 0.00013548070246744229
"p891": 1.1290058538953523E-05
"p892": 0.007248217582008163
"p893": 0.0024480610265297555
"p894": 0.00025778966997277205
"p895": 1.3171734962112442E-05
"p896": 5.456861627160869E-05
"p897": 1.6935087808430286E-05
"p898": 1.8816764231589204E-06
"p899": 0
"p900": 0.00021827446508643474
"p901": 3.198849919370165E-05
"p902": 3.7633528463178407E-06
"p903": 0
"p904": 0.000568266279793994
"p905": 0.0001844042894695742
"p906": 4.516023415581409E-05
"p907": 3.7633528463178407E-06
"p908": 0.0018007643369630864
"p909": 0.0005494495155624049
"p910": 0.00012419064392848875
"p911": 3.7633528463178407E-06
"p912": 0.0008975596538468051
"p913": 0.00016935087808430283
"p914": 1.8816764231589203E-05
"p915": 0
"p916": 0.0016539935759566904
"p917": 0.0003161216390906986
"p918": 1.8816764231589203E-05
"p919": 0
"p920": 0.002186508003710665
"p921": 0.000684930218029847
"p922": 8.655711546531033E-05
"p923": 7.5267056926356815E-06
"p924": 0.005718414649979959
"p925": 0.0018553329532346953
"p926": 0.00023332787647170614
"p927": 1.1290058538953523E-05
"p928": 1.8816764231589204E-06
"p929": 1.8816764231589204E-06
"p930": 1.8816764231589204E-06
"p931": 0
"p932": 1.8816764231589203E-05
"p933": 1.8816764231589204E-06
"p934": 1.8816764231589204E-06
"p935": 1.8816764231589204E-06
"p936": 9.220214473478709E-05
"p937": 3.198849919370165E-05
"p938": 5.6450292694767605E-06
"p939": 0
"p940": 0.0004741824586360479
"p941": 0.00014112573173691902
"p942": 2.0698440654748124E-05
"p943": 0
"p944": 6.0213645541085445E-05
