"p882": 0
"p883": 0
"p884": 0
"p885": 0
"p886": 0
"p887": 0
"p888": 3.3870175616860565E-05
"p889": 0
"p890": 0
"p891": 0
"p892": 4.139688130949625E-05
"p893": 0
"p894": 0
"p895": 0
"p896": 2.0698440654748124E-05
"p897": 0
"p898": 0
"p899": 0
"p900": 0.0001392440553137601
"p901": 1.8816764231589204E-06
"p902": 0
"p903": 0
"p904": 0.0007846590684572697
"p905": 0.00019004931873905094
"p906": 1.3171734962112442E-05
"p907": 0
"p908": 0.002916598455896327
"p909": 0.0007677239806488395
"p910": 7.338538050319788E-05
"p911": 1.8816764231589204E-06
"p912": 0.0002427362585875007
"p913": 5.080526342529086E-05
"p914": 0
"p915": 0
"p916": 0.0014488908458323688
"p917": 0.000188167642315892
"p918": 3.7633528463178407E-06
"p919": 0
"p920": 0.0007188003936467075
"p921": 0.00015994249596850823
"p922": 1.3171734962112442E-05
"p923": 0
"p924": 0.0020754890947442895
"p925": 0.0005155793399455442
"p926": 3.7633528463178407E-05
"p927": 0
"p928": 0.0014470091694092097
"p929": 0.00032364834478333426
"p930": 3.3870175616860565E-05
"p931": 0
"p932": 0.003509326529191387
"p933": 0.0007827773920341107
"p934": 4.516023415581409E-05
"p935": 0
"p936": 0.0152716858503578
"p937": 0.005033484431950112
"p938": 0.000922021447347871
"p939": 9.032046831162817E-05
"p940": 0.036353988495430346
"p941": 0.012447289539196263
"p942": 0.002414190850912895
"p943": 0.00026155302281909
"p944": 0.00493187390509953
