"p882": 0
"p883": 0
"p884": 0
"p885": 0
"p886": 0
"p887": 0
"p888": 9.596549758110491E-05
"p889": 4.1396881309496235E-05
"p890": 0
"p891": 0
"p892": 0
"p893": 0
"p894": 0
"p895": 0
"p896": 0.0007018653058382773
"p897": 0.000141125731736919
"p898": 7.5267056926356815E-06
"p899": 0
"p900": 0
"p901": 0
"p902": 0
"p903": 0
"p904": 0.005039129461219589
"p905": 0.0016935087808430283
"p906": 0.0002973048748591094
"p907": 1.5053411385271365E-05
"p908": 0.0020924241825527193
"p909": 0.0006322432781813972
"p910": 7.526705692635681E-05
"p911": 1.8816764231589204E-06
"p912": 0.0018590963060810127
"p913": 0.0004534840179812998
"p914": 7.150370408003898E-05
"p915": 0
"p916": 0.00021639278866327584
"p917": 3.9515204886337324E-05
"p918": 0
"p919": 0
"p920": 0.004903648758752147
"p921": 0.0015636731076450628
"p922": 0.00024461793501065964
"p923": 1.3171734962112444E-05
"p924": 0.004158504895181214
"p925": 0.0012362614100154107
"p926": 0.00018816764231589203
"p927": 1.8816764231589204E-06
"p928": 9.784717400426385E-05
"p929": 3.575185204001948E-05
"p930": 7.5267056926356815E-06
"p931": 1.8816764231589204E-06
"p932": 0
"p933": 0
"p934": 0
"p935": 0
"p936": 0.002779236077005725
"p937": 0.0009972885042742279
"p938": 3.010682277054273E-05
"p939": 0
"p940": 0.0006228348960656026
"p941": 0.0001862859658927331
"p942": 7.5267056926356815E-06
"p943": 0
"p944": 0.0002615530228190899
