"p882": 0
"p883": 0
"p884": 0
"p885": 0
"p886": 0
"p887": 0
"p888": 0.00014300740816007796
"p889": 4.704191057897301E-05
"p890": 0
"p891": 0
"p892": 0
"p893": 0
"p894": 0
"p895": 0
"p896": 0.006230230637079184
"p897": 0.0020246838313189987
"p898": 0.00035940019682335374
"p899": 3.198849919370165E-05
"p900": 0.0007884224213035876
"p901": 0.00010725555612005845
"p902": 5.645029269476761E-06
"p903": 0
"p904": 0.0028074612233531093
"p905": 0.0006661134537982578
"p906": 6.0213645541085445E-05
"p907": 0
"p908": 0.010021808629744408
"p909": 0.0030558425112100864
"p910": 0.0004497206651349819
"p911": 2.4461793501065966E-05
"p912": 1.5053411385271363E-05
"p913": 3.7633528463178407E-06
"p914": 0
"p915": 0
"p916": 2.0698440654748124E-05
"p917": 1.8816764231589204E-06
"p918": 0
"p919": 0
"p920": 0
"p921": 0
"p922": 0
"p923": 0
"p924": 0
"p925": 0
"p926": 0
"p927": 0
"p928": 0.00833770823101718
"p929": 0.003076540951864834
"p930": 0.0005588578976781993
"p931": 3.7633528463178407E-05
"p932": 3.575185204001948E-05
"p933": 1.8816764231589204E-06
"p934": 0
"p935": 0
"p936": 0.002922243485165803
"p937": 0.0009389565351563011
"p938": 9.972885042742278E-05
"p939": 1.8816764231589204E-06
"p940": 0.005438044862929283
"p941": 0.0018365161890031058
"p942": 0.00025402631712645424
"p943": 1.6935087808430286E-05
"p944": 0.006205768843578118
