"p882": 0
"p883": 0
"p884": 4.139688130949625E-05
"p885": 0
"p886": 0
"p887": 0
"p888": 0
"p889": 0
"p890": 0
"p891": 0
"p892": 0
"p893": 0
"p894": 0
"p895": 0
"p896": 0.0007263270993393432
"p897": 0.00018440428946957417
"p898": 1.3171734962112442E-05
"p899": 0
"p900": 0.0028733198981636715
"p901": 0.0007620789513793627
"p902": 7.338538050319788E-05
"p903": 1.8816764231589204E-06
"p904": 0.00011666393823585305
"p905": 4.139688130949624E-05
"p906": 5.645029269476761E-06
"p907": 0
"p908": 0.0005005259285602729
"p909": 0.00013359902604428335
"p910": 5.645029269476761E-06
"p911": 0
"p912": 0.0007300904521856611
"p913": 0.0001712325545074617
"p914": 1.3171734962112442E-05
"p915": 0
"p916": 0.0025477898769571787
"p917": 0.0005607395741013583
"p918": 3.7633528463178407E-05
"p919": 0
"p920": 0.00013548070246744226
"p921": 4.139688130949624E-05
"p922": 1.1290058538953523E-05
"p923": 0
"p924": 0.0009144947416552355
"p925": 0.0002464996114338186
"p926": 2.6343469924224887E-05
"p927": 0
"p928": 0.012592178623779498
"p929": 0.004254470392762319
"p930": 0.0008015941562657001
"p931": 8.843879188846925E-05
"p932": 0.03180033155138576
"p933": 0.011156459512909242
"p934": 0.0022655384134833405
"p935": 0.00026155302281909
"p936": 0.004075711132562222
"p937": 0.0012738949384785891
"p938": 0.00021639278866327584
"p939": 1.8816764231589204E-06
"p940": 0.009891972956546443
"p941": 0.0027340758428499113
"p942": 0.0003180033155138575
"p943": 5.645029269476761E-06
"p944": 0.013939458942761282
