"p882": 0
"p883": 0
"p884": 0
"p885": 0
"p886": 0
"p887": 0
"p888": 0
"p889": 0
"p890": 0
"p891": 0
"p892": 0
"p893": 0
"p894": 0
"p895": 0
"p896": 0.0011007807075479683
"p897": 0.00022580117077907044
"p898": 1.5053411385271363E-05
"p899": 0
"p900": 0.00022580117077907044
"p901": 0
"p902": 0
"p903": 0
"p904": 0.00047418245863604794
"p905": 0.00014300740816007793
"p906": 2.4461793501065963E-05
"p907": 0
"p908": 0.0008994413302699639
"p909": 0.000259671346395931
"p910": 2.6343469924224887E-05
"p911": 0
"p912": 0.00013548070246744226
"p913": 5.645029269476761E-06
"p914": 0
"p915": 0
"p916": 0
"p917": 0
"p918": 0
"p919": 0
"p920": 0
"p921": 0
"p922": 0
"p923": 0
"p924": 0
"p925": 0
"p926": 0
"p927": 0
"p928": 0.02500183463451258
"p929": 0.008215399263511846
"p930": 0.0014018489352533956
"p931": 9.408382115794602E-05
"p932": 0.0007507888928404091
"p933": 9.032046831162815E-05
"p934": 0
"p935": 0
"p936": 0.014961209240536578
"p937": 0.004843435113211061
"p938": 0.0007714873334951572
"p939": 2.8225146347383805E-05
"p940": 0.02391610733834988
"p941": 0.007312194580395565
"p942": 0.001019868621352135
"p943": 3.575185204001948E-05
"p944": 0.005693952856478893
