"p882": 2.069844065474812E-05
"p883": 0
"p884": 0.000893796301000487
"p885": 0.0003217666683601754
"p886": 4.3278557732655166E-05
"p887": 0
"p888": 5.833196911792653E-05
"p889": 1.3171734962112444E-05
"p890": 5.645029269476761E-06
"p891": 1.8816764231589204E-06
"p892": 0.00018252261304641527
"p893": 4.139688130949624E-05
"p894": 1.1290058538953521E-05
"p895": 1.8816764231589204E-06
"p896": 0.003168743096599621
"p897": 0.0010104602392363403
"p898": 0.00017499590735377957
"p899": 3.3870175616860565E-05
"p900": 0.009483649172720963
"p901": 0.003251536859218614
"p902": 0.0006774035123372112
"p903": 7.526705692635683E-05
"p904": 0.0007188003936467075
"p905": 0.00018816764231589203
"p906": 3.3870175616860565E-05
"p907": 1.8816764231589204E-06
"p908": 0.0041227530431411944
"p909": 0.0011986278815522323
"p910": 0.0001204272910821709
"p911": 5.645029269476761E-06
"p912": 0.006583985804633062
"p913": 0.002105595917514832
"p914": 0.0003725719317854662
"p915": 3.198849919370165E-05
"p916": 0.014302622492430955
"p917": 0.004786984820516292
"p918": 0.0009239031237710298
"p919": 9.784717400426385E-05
"p920": 0.0023332787647170608
"p921": 0.0005908463968719009
"p922": 8.46754390421514E-05
"p923": 0
"p924": 0.010362392062336174
"p925": 0.0030144456299005906
"p926": 0.0004440756358655052
"p927": 2.2580117077907045E-05
"p928": 0.0006661134537982578
"p929": 0.00019757602443168658
"p930": 3.010682277054273E-05
"p931": 1.8816764231589204E-06
"p932": 0.0037087842300462318
"p933": 0.001179811117320643
"p934": 0.00014865243742955472
"p935": 1.8816764231589204E-06
"p936": 9.784717400426385E-05
"p937": 4.516023415581409E-05
"p938": 1.5053411385271363E-05
"p939": 1.8816764231589204E-06
"p940": 0.0004459573122886642
"p941": 0.00017875926020009743
"p942": 4.892358700213194E-05
"p943": 1.8816764231589204E-06
"p944": 0.0007282087757625024
