"p882": 2.258011707790704E-05
"p883": 0
"p884": 0.00021827446508643474
"p885": 6.774035123372113E-05
"p886": 1.505341138527136E-05
"p887": 0
"p888": 0.0017668941613462254
"p889": 0.0006040181318340134
"p890": 0.00011666393823585305
"p891": 7.5267056926356815E-06
"p892": 0.001714207221497776
"p893": 0.0006416516602971918
"p894": 0.00012607232035164766
"p895": 7.5267056926356815E-06
"p896": 0
"p897": 0
"p898": 0
"p899": 0
"p900": 6.021364554108546E-05
"p901": 0
"p902": 0
"p903": 0
"p904": 3.198849919370165E-05
"p905": 5.645029269476761E-06
"p906": 0
"p907": 0
"p908": 0.0007244454229161843
"p909": 9.784717400426388E-05
"p910": 1.5053411385271363E-05
"p911": 0
"p912": 1.8816764231589204E-06
"p913": 0
"p914": 0
"p915": 0
"p916": 0.00030859493339806287
"p917": 3.3870175616860565E-05
"p918": 0
"p919": 0
"p920": 8.843879188846926E-05
"p921": 1.5053411385271363E-05
"p922": 0
"p923": 0
"p924": 0.0006943386001456416
"p925": 8.27937626189925E-05
"p926": 0
"p927": 0
"p928": 0.0003217666683601754
"p929": 6.585867481056221E-05
"p930": 1.8816764231589204E-06
"p931": 0
"p932": 0.0008655711546531032
"p933": 0.00018252261304641527
"p934": 3.7633528463178407E-06
"p935": 0
"p936": 0.0023163436769086305
"p937": 0.000611544837526649
"p938": 6.774035123372113E-05
"p939": 5.645029269476761E-06
"p940": 0.008894684452272218
"p941": 0.00257977837615088
"p942": 0.00035563684397703604
"p943": 2.2580117077907045E-05
"p944": 0.0010932540018553326
