"p882": 0
"p883": 0
"p884": 6.39769983874033E-05
"p885": 2.2580117077907045E-05
"p886": 0
"p887": 0
"p888": 2.0698440654748124E-05
"p889": 5.645029269476761E-06
"p890": 0
"p891": 0
"p892": 0
"p893": 0
"p894": 0
"p895": 0
"p896": 4.8923587002131926E-05
"p897": 1.1290058538953523E-05
"p898": 0
"p899": 0
"p900": 0.0005588578976781994
"p901": 0.00017311423093062064
"p902": 5.645029269476761E-06
"p903": 0
"p904": 0
"p905": 0
"p906": 0
"p907": 0
"p908": 5.456861627160869E-05
"p909": 5.645029269476761E-06
"p910": 5.645029269476761E-06
"p911": 0
"p912": 2.8225146347383805E-05
"p913": 5.645029269476761E-06
"p914": 0
"p915": 0
"p916": 0.0004064421074023268
"p917": 0.00010537387969689954
"p918": 0
"p919": 0
"p920": 0
"p921": 0
"p922": 0
"p923": 0
"p924": 0.0002051027301243223
"p925": 5.833196911792654E-05
"p926": 3.7633528463178407E-06
"p927": 3.7633528463178407E-06
"p928": 0.0018101727190788807
"p929": 0.0005136976635223853
"p930": 6.209532196424438E-05
"p931": 1.8816764231589204E-06
"p932": 0.006870000620953219
"p933": 0.002150756151670646
"p934": 0.0003123582862443808
"p935": 1.5053411385271365E-05
"p936": 0.0003387017561686056
"p937": 9.784717400426387E-05
"p938": 1.8816764231589203E-05
"p939": 0
"p940": 0.0022410766199822737
"p941": 0.0006661134537982578
"p942": 5.833196911792653E-05
"p943": 0
"p944": 0.0019663518622010713
