"p882": 5.268693984844976E-05
"p883": 1.129005853895352E-05
"p884": 0.0013962039059839185
"p885": 0.00043090390090339274
"p886": 8.091208619583357E-05
"p887": 1.129005853895352E-05
"p888": 0.0003029499041285862
"p889": 9.408382115794602E-05
"p890": 2.6343469924224884E-05
"p891": 0
"p892": 0.0001129005853895352
"p893": 5.080526342529084E-05
"p894": 3.0106822770542726E-05
"p895": 0
"p896": 0.00023144620004854718
"p897": 3.198849919370165E-05
"p898": 0
"p899": 0
"p900": 0.001424429052331303
"p901": 0.00027284308135804345
"p902": 2.2580117077907045E-05
"p903": 0
"p904": 5.6450292694767617E-05
"p905": 3.7633528463178407E-06
"p906": 0
"p907": 0
"p908": 0.0004798274879055247
"p909": 0.00014112573173691902
"p910": 2.2580117077907045E-05
"p911": 0
"p912": 0
"p913": 0
"p914": 0
"p915": 0
"p916": 6.774035123372114E-05
"p917": 0
"p918": 0
"p919": 0
"p920": 0
"p921": 0
"p922": 0
"p923": 0
"p924": 0
"p925": 0
"p926": 0
"p927": 0
"p928": 0.008522112520486751
"p929": 0.002572251670458244
"p930": 0.00041585048951812135
"p931": 3.198849919370165E-05
"p932": 0.022134159765618385
"p933": 0.006898225767300603
"p934": 0.0012174446457838216
"p935": 0.00010913723254321738
"p936": 0.0026738621973088255
"p937": 0.0006491783659898275
"p938": 8.655711546531033E-05
"p939": 0
"p940": 0.012575243535971066
"p941": 0.003627872143850399
"p942": 0.00047794581148236575
"p943": 2.2580117077907045E-05
"p944": 0.001979523597163184
