"p882": 9.408382115794602E-05
"p883": 7.5267056926356815E-06
"p884": 0.0013284635547501978
"p885": 0.0004911175464444781
"p886": 9.596549758110493E-05
"p887": 7.5267056926356815E-06
"p888": 0.0007357354814551377
"p889": 0.00023520955289486501
"p890": 4.139688130949624E-05
"p891": 0
"p892": 0.0004760641350592069
"p893": 0.00015241579027587253
"p894": 2.8225146347383805E-05
"p895": 0
"p896": 3.0106822770542726E-05
"p897": 5.645029269476761E-06
"p898": 0
"p899": 0
"p900": 0.0007244454229161843
"p901": 9.784717400426388E-05
"p902": 1.5053411385271363E-05
"p903": 0
"p904": 1.8816764231589204E-06
"p905": 0
"p906": 0
"p907": 0
"p908": 0.00012795399677480656
"p909": 4.139688130949625E-05
"p910": 0
"p911": 0
"p912": 7.714873334951574E-05
"p913": 1.5053411385271363E-05
"p914": 0
"p915": 0
"p916": 0.0007714873334951572
"p917": 8.27937626189925E-05
"p918": 0
"p919": 0
"p920": 1.1290058538953523E-05
"p921": 0
"p922": 0
"p923": 0
"p924": 0.00024838128785697745
"p925": 9.408382115794602E-05
"p926": 2.2580117077907045E-05
"p927": 0
"p928": 0.002111240946784309
"p929": 0.0005870830440255831
"p930": 6.774035123372113E-05
"p931": 5.645029269476761E-06
"p932": 0.007822128891071634
"p933": 0.002350213852525492
"p934": 0.00034999181470755925
"p935": 2.2580117077907045E-05
"p936": 0.00041773216594128033
"p937": 8.467543904215141E-05
"p938": 7.526705692635681E-06
"p939": 0
"p940": 0.0025609616119192905
"p941": 0.0007319721286088201
"p942": 5.268693984844976E-05
"p943": 0
"p944": 0.002649400403807759
