"p882": 7.714873334951573E-05
"p883": 5.645029269476761E-06
"p884": 0.006192597108616009
"p885": 0.0019926953321252965
"p886": 0.00025402631712645424
"p887": 1.3171734962112444E-05
"p888": 0.0006999836294151183
"p889": 0.0002107477593937991
"p890": 3.198849919370165E-05
"p891": 0
"p892": 0.0007489072164172504
"p893": 0.00022391949435591154
"p894": 2.8225146347383805E-05
"p895": 0
"p896": 9.408382115794602E-06
"p897": 1.8816764231589204E-06
"p898": 0
"p899": 0
"p900": 5.080526342529085E-05
"p901": 2.0698440654748124E-05
"p902": 0
"p903": 0
"p904": 0
"p905": 0
"p906": 0
"p907": 0
"p908": 2.0698440654748124E-05
"p909": 5.645029269476761E-06
"p910": 3.7633528463178407E-06
"p911": 3.7633528463178407E-06
"p912": 0
"p913": 0
"p914": 0
"p915": 0
"p916": 5.645029269476761E-06
"p917": 1.8816764231589204E-06
"p918": 0
"p919": 0
"p920": 0
"p921": 0
"p922": 0
"p923": 0
"p924": 0
"p925": 0
"p926": 0
"p927": 0
"p928": 0.000686811894453006
"p929": 0.00021451111224011696
"p930": 4.139688130949625E-05
"p931": 3.7633528463178407E-06
"p932": 0.0019964586849716146
"p933": 0.0004760641350592069
"p934": 5.268693984844977E-05
"p935": 3.7633528463178407E-06
"p936": 0.0001599424959685082
"p937": 6.397699838740328E-05
"p938": 2.2580117077907042E-05
"p939": 0
"p940": 0.0008749795367688981
"p941": 0.0002201561415095937
"p942": 4.892358700213194E-05
"p943": 0
"p944": 8.279376261899248E-05
