"p882": 0
"p883": 0
"p884": 0
"p885": 0
"p886": 0
"p887": 0
"p888": 3.198849919370165E-05
"p889": 2.0698440654748124E-05
"p890": 0
"p891": 0
"p892": 7.150370408003898E-05
"p893": 2.0698440654748124E-05
"p894": 0
"p895": 0
"p896": 0.000423377195210757
"p897": 0.00010349220327374062
"p898": 9.408382115794602E-06
"p899": 0
"p900": 0.0012776582913249068
"p901": 0.0002502629642801364
"p902": 1.5053411385271363E-05
"p903": 0
"p904": 0.00252709143630243
"p905": 0.0008185292440741302
"p906": 0.00017311423093062066
"p907": 1.5053411385271365E-05
"p908": 0.008687700045724738
"p909": 0.003087831010403788
"p910": 0.0006886935708761649
"p911": 7.714873334951572E-05
"p912": 0.0021564011809401223
"p913": 0.0005776746619097885
"p914": 8.843879188846922E-05
"p915": 5.645029269476761E-06
"p916": 0.005050419519758542
"p917": 0.001298356731979655
"p918": 0.0001900493187390509
"p919": 7.5267056926356815E-06
"p920": 0.00540417468731242
"p921": 0.0017687758377693849
"p922": 0.00023709122931802394
"p923": 7.5267056926356815E-06
"p924": 0.015928390922040264
"p925": 0.005470033362122981
"p926": 0.0009878801221584331
"p927": 7.714873334951573E-05
"p928": 1.1290058538953523E-05
"p929": 1.8816764231589204E-06
"p930": 1.8816764231589204E-06
"p931": 0
"p932": 0.00015994249596850823
"p933": 4.327855773265516E-05
"p934": 7.5267056926356815E-06
"p935": 1.8816764231589204E-06
"p936": 0.001016105268505817
"p937": 0.00033117505047597004
"p938": 4.7041910578973015E-05
"p939": 5.645029269476761E-06
"p940": 0.003945875459364256
"p941": 0.001509104491373454
"p942": 0.00016182417239166716
"p943": 7.5267056926356815E-06
"p944": 0.0001298356731979655
