"p882": 0.00015241579027587253
"p883": 1.8816764231589203E-05
"p884": 0.0020359738898579516
"p885": 0.0007714873334951574
"p886": 0.0001486524374295547
"p887": 1.8816764231589203E-05
"p888": 0.0012776582913249068
"p889": 0.000378216961054943
"p890": 4.704191057897301E-05
"p891": 0
"p892": 0.000705628658684595
"p893": 0.00020698440654748118
"p894": 2.8225146347383805E-05
"p895": 0
"p896": 8.27937626189925E-05
"p897": 1.6935087808430282E-05
"p898": 0
"p899": 0
"p900": 0.0010029335335437043
"p901": 0.0001561791431221904
"p902": 1.5053411385271363E-05
"p903": 0
"p904": 2.4461793501065963E-05
"p905": 5.645029269476761E-06
"p906": 0
"p907": 0
"p908": 0.0002747247577812024
"p909": 9.972885042742276E-05
"p910": 1.1290058538953523E-05
"p911": 0
"p912": 0.00023144620004854718
"p913": 3.198849919370165E-05
"p914": 0
"p915": 0
"p916": 0.0014808793450260705
"p917": 0.00027284308135804345
"p918": 2.2580117077907045E-05
"p919": 0
"p920": 5.6450292694767617E-05
"p921": 3.7633528463178407E-06
"p922": 0
"p923": 0
"p924": 0.0004798274879055247
"p925": 0.00014112573173691902
"p926": 2.2580117077907045E-05
"p927": 0
"p928": 0.003652333937351464
"p929": 0.0011346508831648289
"p930": 0.00018816764231589203
"p931": 3.575185204001948E-05
"p932": 0.011997568874061278
"p933": 0.003945875459364256
"p934": 0.0007601972749562039
"p935": 7.714873334951573E-05
"p936": 0.0007639606278025216
"p937": 0.00020133937727800447
"p938": 3.3870175616860565E-05
"p939": 1.8816764231589204E-06
"p940": 0.004284577215532862
"p941": 0.0012155629693606626
"p942": 0.0001204272910821709
"p943": 5.645029269476761E-06
"p944": 0.00690010744372376
