"p882": 0
"p883": 0
"p884": 0
"p885": 0
"p886": 0
"p887": 0
"p888": 6.962202765688006E-05
"p889": 2.2580117077907045E-05
"p890": 0
"p891": 0
"p892": 1.1290058538953523E-05
"p893": 1.1290058538953523E-05
"p894": 0
"p895": 0
"p896": 0.00043654893017286954
"p897": 0.00011478226181269414
"p898": 5.645029269476761E-06
"p899": 0
"p900": 0
"p901": 0
"p902": 0
"p903": 0
"p904": 0.00014488908458323686
"p905": 6.397699838740328E-05
"p906": 0
"p907": 0
"p908": 7.714873334951573E-05
"p909": 1.1290058538953523E-05
"p910": 5.645029269476761E-06
"p911": 0
"p912": 0.00024649961143381863
"p913": 5.833196911792653E-05
"p914": 0
"p915": 0
"p916": 8.467543904215141E-05
"p917": 5.645029269476761E-06
"p918": 0
"p919": 0
"p920": 9.408382115794602E-05
"p921": 4.516023415581409E-05
"p922": 0
"p923": 0
"p924": 0.00021451111224011696
"p925": 6.021364554108546E-05
"p926": 3.7633528463178407E-06
"p927": 3.7633528463178407E-06
"p928": 0.005285629072653408
"p929": 0.0016916271044198693
"p930": 0.00026343469924224885
"p931": 1.5053411385271365E-05
"p932": 2.2580117077907042E-05
"p933": 0
"p934": 0
"p935": 0
"p936": 0.002015275449203203
"p937": 0.0005776746619097885
"p938": 6.962202765688005E-05
"p939": 0
"p940": 0.0035582501161935186
"p941": 0.0011045440603942862
"p942": 0.00011854561465901197
"p943": 1.8816764231589204E-06
"p944": 0.0042695238041475896
