"p882": 0
"p883": 0
"p884": 3.387017561686057E-05
"p885": 0
"p886": 0
"p887": 0
"p888": 0
"p889": 0
"p890": 0
"p891": 0
"p892": 0
"p893": 0
"p894": 0
"p895": 0
"p896": 0.009799770811811659
"p897": 0.0035958836446566968
"p898": 0.0006228348960656026
"p899": 3.0106822770542726E-05
"p900": 0.01757297611588116
"p901": 0.006305497694005543
"p902": 0.0012720132620554303
"p903": 0.00011101890896637632
"p904": 0.004730534527821525
"p905": 0.0016445851938408963
"p906": 0.0002935415220127916
"p907": 9.408382115794602E-06
"p908": 0.016588859346569042
"p909": 0.005302564160461838
"p910": 0.0008222925969204483
"p911": 3.575185204001949E-05
"p912": 5.645029269476761E-06
"p913": 0
"p914": 0
"p915": 0
"p916": 0.00014112573173691902
"p917": 5.645029269476761E-06
"p918": 0
"p919": 0
"p920": 0
"p921": 0
"p922": 0
"p923": 0
"p924": 5.645029269476761E-06
"p925": 0
"p926": 0
"p927": 0
"p928": 0.011617470236583178
"p929": 0.003960928870749528
"p930": 0.0006341249546045561
"p931": 4.5160234155814084E-05
"p932": 0.03026488359008807
"p933": 0.010795177639662729
"p934": 0.0017612491320767498
"p935": 0.0001279539967748066
"p936": 0.0035676584983093127
"p937": 0.0011647577059353716
"p938": 0.00016370584881482606
"p939": 1.8816764231589204E-06
"p940": 0.007720518364221052
"p941": 0.002293763559830724
"p942": 0.0002878964927433148
"p943": 3.7633528463178407E-06
"p944": 0.007396870019437716
