"p882": 9.596549758110493E-05
"p883": 7.5267056926356815E-06
"p884": 1.3171734962112442E-05
"p885": 7.52670569263568E-06
"p886": 0
"p887": 0
"p888": 0.0017217339271904122
"p889": 0.0005983731025645366
"p890": 0.0001298356731979655
"p891": 7.5267056926356815E-06
"p892": 0.0006736401594908936
"p893": 0.0002239194943559115
"p894": 3.3870175616860565E-05
"p895": 0
"p896": 0.0005889647204487421
"p897": 9.784717400426388E-05
"p898": 1.5053411385271363E-05
"p899": 0
"p900": 0
"p901": 0
"p902": 0
"p903": 0
"p904": 0.00014677076100639576
"p905": 1.8816764231589204E-06
"p906": 0
"p907": 0
"p908": 0.00014112573173691902
"p909": 4.327855773265517E-05
"p910": 0
"p911": 0
"p912": 0.000519342692791862
"p913": 6.021364554108546E-05
"p914": 0
"p915": 0
"p916": 7.903040977267465E-05
"p917": 0
"p918": 0
"p919": 0
"p920": 0.00021262943581695795
"p921": 3.0106822770542726E-05
"p922": 0
"p923": 0
"p924": 0.0002973048748591094
"p925": 0.0001016105268505817
"p926": 2.2580117077907045E-05
"p927": 0
"p928": 0.005599869035320948
"p929": 0.0016539935759566906
"p930": 0.00023709122931802394
"p931": 1.5053411385271363E-05
"p932": 2.2580117077907042E-05
"p933": 0
"p934": 0
"p935": 0
"p936": 0.0027886444591215197
"p937": 0.000805357509112018
"p938": 0.00012042729108217089
"p939": 7.5267056926356815E-06
"p940": 0.004284577215532862
"p941": 0.0012155629693606626
"p942": 0.0001204272910821709
"p943": 5.645029269476761E-06
"p944": 0.004963862404293232
