"p945": 0.0006510600424129865
"p946": 0.0001279539967748066
"p947": 2.2580117077907045E-05
"p948": 4.139688130949625E-05
"p949": 0
"p950": 0
"p951": 0
"p952": 0.019219442986145214
"p953": 0.0067665084176794805
"p954": 0.0015260395791818846
"p955": 0.0002276828472022294
"p956": 0.005748521472750501
"p957": 0.0018741497174662842
"p958": 0.0003029499041285862
"p959": 2.2580117077907045E-05
"p960": 0.0007263270993393433
"p961": 0.0002220378179327526
"p962": 3.3870175616860565E-05
"p963": 0
"p964": 0
"p965": 0
"p966": 0
"p967": 0
"p968": 0.006237757342771821
"p969": 0.0021977980622496186
"p970": 0.00046289240009709447
"p971": 5.456861627160869E-05
"p972": 0.003001273894938477
"p973": 0.0009239031237710299
"p974": 0.00016558752523798497
"p975": 1.1290058538953523E-05
"p976": 3.9515204886337324E-05
"p977": 0
"p978": 0
"p979": 0
"p980": 0
"p981": 0
"p982": 0
"p983": 0
"p984": 8.467543904215141E-05
"p985": 1.3171734962112442E-05
"p986": 0
"p987": 0
"p988": 0
"p989": 0
"p990": 0
"p991": 0
"p992": 0.0005776746619097885
"p993": 0.00013171734962112442
"p994": 1.6935087808430282E-05
"p995": 0
"p996": 0
"p997": 0
"p998": 0
"p999": 0
"p1000": 0.006190715432192848
"p1001": 0.0019701152150473893
"p1002": 0.0002954231984359504
"p1003": 3.198849919370165E-05
"p1004": 0.0016878637515735516
"p1005": 0.0004572473708276176
"p1006": 9.596549758110495E-05
"p1007": 1.1290058538953523E-05
