"p945": 4.3278557732655166E-05
"p946": 0
"p947": 0
"p948": 0.0010800822668932202
"p949": 0.00017499590735377957
"p950": 0
"p951": 0
"p952": 0.006277272547658157
"p953": 0.0020152754492032037
"p954": 0.00043843060659602847
"p955": 5.8331969117926534E-05
"p956": 0.014885942183610223
"p957": 0.005375949540965036
"p958": 0.001198627881552232
"p959": 0.0001825226130464153
"p960": 1.1290058538953523E-05
"p961": 0
"p962": 0
"p963": 0
"p964": 0.0003123582862443808
"p965": 7.903040977267466E-05
"p966": 0
"p967": 0
"p968": 0.0003725719317854663
"p969": 5.833196911792653E-05
"p970": 0
"p971": 0
"p972": 0.001016105268505817
"p973": 0.00030294990412858613
"p974": 4.516023415581409E-05
"p975": 0
"p976": 0
"p977": 0
"p978": 0
"p979": 0
"p980": 0
"p981": 0
"p982": 0
"p983": 0
"p984": 0
"p985": 0
"p986": 0
"p987": 0
"p988": 0
"p989": 0
"p990": 0
"p991": 0
"p992": 0.0006792851887603701
"p993": 0.0001505341138527136
"p994": 1.1290058538953523E-05
"p995": 0
"p996": 0.0014281924051776206
"p997": 0.00037069025536230727
"p998": 4.516023415581409E-05
"p999": 0
"p1000": 0.005868948763832672
"p1001": 0.0019682335386242305
"p1002": 0.0003688085789391484
"p1003": 3.951520488633733E-05
"p1004": 0.010257018182639277
"p1005": 0.0033343306218376065
"p1006": 0.0006209532196424438
"p1007": 6.962202765688005E-05
