"p945": 0.0005306327513308156
"p946": 0.00011290058538953522
"p947": 1.8816764231589204E-06
"p948": 3.0106822770542726E-05
"p949": 5.645029269476761E-06
"p950": 0
"p951": 0
"p952": 0.00034811013828440015
"p953": 0.0001129005853895352
"p954": 2.446179350106597E-05
"p955": 0
"p956": 0.0006529417188361454
"p957": 0.00023332787647170616
"p958": 4.327855773265517E-05
"p959": 1.8816764231589204E-06
"p960": 0.0011591126766658949
"p961": 0.0003236483447833343
"p962": 1.3171734962112442E-05
"p963": 0
"p964": 4.892358700213193E-05
"p965": 0
"p966": 0
"p967": 0
"p968": 0.002536499818418225
"p969": 0.0005174610163687031
"p970": 3.0106822770542726E-05
"p971": 0
"p972": 0.0014037306116765542
"p973": 0.000378216961054943
"p974": 4.516023415581409E-05
"p975": 1.8816764231589204E-06
"p976": 3.7633528463178407E-06
"p977": 0
"p978": 0
"p979": 0
"p980": 1.8816764231589204E-06
"p981": 0
"p982": 0
"p983": 0
"p984": 0
"p985": 0
"p986": 0
"p987": 0
"p988": 0
"p989": 0
"p990": 0
"p991": 0
"p992": 0.0017763025434620202
"p993": 0.0006792851887603702
"p994": 9.596549758110495E-05
"p995": 5.645029269476761E-06
"p996": 0
"p997": 0
"p998": 0
"p999": 0
"p1000": 0.002256130031367546
"p1001": 0.0006585867481056221
"p1002": 8.843879188846925E-05
"p1003": 5.645029269476761E-06
"p1004": 0.0011384142360111463
"p1005": 0.0004572473708276175
"p1006": 6.021364554108545E-05
"p1007": 1.8816764231589204E-06
