"p945": 0.006928332590071144
"p946": 0.0013585703775207405
"p947": 0.00013171734962112442
"p948": 0.0009126130652320765
"p949": 0.00012419064392848875
"p950": 1.1290058538953523E-05
"p951": 0
"p952": 0.013576295393091612
"p953": 0.004866015230288967
"p954": 0.0009295481530405067
"p955": 6.39769983874033E-05
"p956": 0.02169761083544551
"p957": 0.007331011344627155
"p958": 0.0012626048799396358
"p959": 6.021364554108545E-05
"p960": 0.0004309039009033928
"p961": 0.00010349220327374062
"p962": 1.1290058538953523E-05
"p963": 0
"p964": 0
"p965": 0
"p966": 0
"p967": 0
"p968": 0.00024838128785697745
"p969": 4.7041910578973015E-05
"p970": 0
"p971": 0
"p972": 0.00013359902604428333
"p973": 5.833196911792653E-05
"p974": 1.1290058538953523E-05
"p975": 0
"p976": 0.0007206820700698666
"p977": 0.00022203781793275258
"p978": 3.387017561686057E-05
"p979": 0
"p980": 3.9515204886337324E-05
"p981": 0
"p982": 0
"p983": 0
"p984": 0.0005776746619097885
"p985": 0.00013171734962112442
"p986": 1.6935087808430282E-05
"p987": 0
"p988": 0.00041396881309496247
"p989": 0.00012042729108217092
"p990": 5.645029269476761E-06
"p991": 0
"p992": 0.0038724900788610563
"p993": 0.0013510436718281048
"p994": 0.0002634346992422488
"p995": 2.8225146347383805E-05
"p996": 9.4083821157946E-06
"p997": 0
"p998": 0
"p999": 0
"p1000": 0.002052908977666382
"p1001": 0.0006491783659898275
"p1002": 0.00012230896750532982
"p1003": 1.1290058538953523E-05
"p1004": 0.0021244126817464206
"p1005": 0.0005720296326403119
"p1006": 8.843879188846925E-05
"p1007": 2.6343469924224884E-05
