"p945": 0.0004892358700213193
"p946": 0.0001279539967748066
"p947": 2.2580117077907045E-05
"p948": 0
"p949": 0
"p950": 0
"p951": 0
"p952": 0.008817535718922704
"p953": 0.002813106252622586
"p954": 0.0003913886960170555
"p955": 2.6343469924224894E-05
"p956": 0.0021752179451717114
"p957": 0.000756433922109886
"p958": 8.843879188846926E-05
"p959": 3.7633528463178407E-06
"p960": 0.0003180033155138575
"p961": 5.4568616271608685E-05
"p962": 0
"p963": 0
"p964": 0
"p965": 0
"p966": 0
"p967": 0
"p968": 0.004672202558703599
"p969": 0.0016878637515735512
"p970": 0.00034246510901492347
"p971": 3.9515204886337324E-05
"p972": 0.0015467380198366325
"p973": 0.000402678754556009
"p974": 6.021364554108545E-05
"p975": 1.8816764231589207E-05
"p976": 0.0010443304148532008
"p977": 0.00030106822770542725
"p978": 4.516023415581409E-05
"p979": 0
"p980": 0
"p981": 0
"p982": 0
"p983": 0
"p984": 0.00906215365393336
"p985": 0.0030520791583637684
"p986": 0.0005870830440255832
"p987": 6.962202765688006E-05
"p988": 0.0041773216594128025
"p989": 0.0012682499092091127
"p990": 0.00024461793501065964
"p991": 2.2580117077907045E-05
"p992": 7.150370408003898E-05
"p993": 2.069844065474812E-05
"p994": 5.645029269476761E-06
"p995": 0
"p996": 0
"p997": 0
"p998": 0
"p999": 0
"p1000": 0.00200398539066425
"p1001": 0.0006642317773750989
"p1002": 5.4568616271608685E-05
"p1003": 0
"p1004": 0.00022956452362538825
"p1005": 6.962202765688005E-05
"p1006": 2.2580117077907045E-05
"p1007": 1.8816764231589204E-06
