"p945": 0.0014978144328345005
"p946": 0.0003518734911307181
"p947": 5.456861627160869E-05
"p948": 1.8816764231589203E-05
"p949": 3.7633528463178407E-06
"p950": 0
"p951": 0
"p952": 0.0016144783710703532
"p953": 0.0005870830440255833
"p954": 0.00010913723254321738
"p955": 7.5267056926356815E-06
"p956": 0.002713377402195163
"p957": 0.0007018653058382774
"p958": 0.000118545614659012
"p959": 1.1290058538953523E-05
"p960": 0.0004892358700213193
"p961": 0.00010725555612005845
"p962": 1.1290058538953523E-05
"p963": 0
"p964": 6.39769983874033E-05
"p965": 0
"p966": 0
"p967": 0
"p968": 0.00043654893017286954
"p969": 0.00011478226181269415
"p970": 1.1290058538953523E-05
"p971": 0
"p972": 0.0003292933740528111
"p973": 0.0001016105268505817
"p974": 3.7633528463178407E-06
"p975": 0
"p976": 1.8816764231589204E-06
"p977": 0
"p978": 0
"p979": 0
"p980": 0
"p981": 0
"p982": 0
"p983": 0
"p984": 0
"p985": 0
"p986": 0
"p987": 0
"p988": 0
"p989": 0
"p990": 0
"p991": 0
"p992": 0.00732536631535768
"p993": 0.0024311259387213248
"p994": 0.0004610107236739355
"p995": 4.8923587002131926E-05
"p996": 0.00013359902604428333
"p997": 1.317173496211244E-05
"p998": 0
"p999": 0
"p1000": 0.008042285032581229
"p1001": 0.002227904885020161
"p1002": 0.00028601481632015586
"p1003": 2.0698440654748128E-05
"p1004": 0.006646081126597308
"p1005": 0.002135702740285374
"p1006": 0.00033682007974544673
"p1007": 2.2580117077907045E-05
