"p945": 0.00020510273012432233
"p946": 2.2580117077907045E-05
"p947": 0
"p948": 0.002323870382601267
"p949": 0.0006510600424129865
"p950": 0.0001279539967748066
"p951": 2.2580117077907045E-05
"p952": 0.007295259492587135
"p953": 0.002506392995647682
"p954": 0.0005287510749076567
"p955": 6.39769983874033E-05
"p956": 0.017452548824798988
"p957": 0.0062151772256939155
"p958": 0.0013416352897123104
"p959": 0.0001938126715853688
"p960": 0.00043090390090339274
"p961": 0.00010349220327374062
"p962": 1.1290058538953523E-05
"p963": 0
"p964": 0.0007206820700698666
"p965": 0.0002220378179327526
"p966": 3.3870175616860565E-05
"p967": 0
"p968": 0.003872490078861058
"p969": 0.001351043671828105
"p970": 0.00026343469924224885
"p971": 2.8225146347383808E-05
"p972": 0.004841553436787901
"p973": 0.0017556041028072727
"p974": 0.00034622846186124133
"p975": 3.7633528463178407E-05
"p976": 0
"p977": 0
"p978": 0
"p979": 0
"p980": 3.9515204886337324E-05
"p981": 0
"p982": 0
"p983": 0
"p984": 9.408382115794602E-06
"p985": 0
"p986": 0
"p987": 0
"p988": 7.526705692635681E-05
"p989": 1.3171734962112442E-05
"p990": 0
"p991": 0
"p992": 0.0002483812878569775
"p993": 4.704191057897301E-05
"p994": 0
"p995": 0
"p996": 0.0005776746619097885
"p997": 0.00013171734962112442
"p998": 1.6935087808430282E-05
"p999": 0
"p1000": 0.002052908977666382
"p1001": 0.0006491783659898275
"p1002": 0.00012230896750532985
"p1003": 1.1290058538953523E-05
"p1004": 0.0059573875557211425
"p1005": 0.0019136649223526216
"p1006": 0.0003029499041285861
"p1007": 3.198849919370165E-05
