"p945": 0.001625768429609307
"p946": 0.0003161216390906986
"p947": 3.7633528463178407E-05
"p948": 7.526705692635681E-05
"p949": 0
"p950": 0
"p951": 0
"p952": 0.03646312572797357
"p953": 0.01318678837349772
"p954": 0.0025120380249171593
"p955": 0.0002069844065474813
"p956": 0.0117491875862043
"p957": 0.003827329844705244
"p958": 0.0006303616017582385
"p959": 6.39769983874033E-05
"p960": 0.001537329637720838
"p961": 0.0004610107236739355
"p962": 4.892358700213193E-05
"p963": 0
"p964": 0.00010161052685058169
"p965": 5.645029269476761E-06
"p966": 0
"p967": 0
"p968": 0.022094644560732044
"p969": 0.008019704915503318
"p970": 0.0016013066361082414
"p971": 0.00014112573173691902
"p972": 0.00929171817755875
"p973": 0.003479219706420844
"p974": 0.0007940674505730643
"p975": 0.00012042729108217092
"p976": 0.00025402631712645424
"p977": 1.6935087808430282E-05
"p978": 0
"p979": 0
"p980": 0
"p981": 0
"p982": 0
"p983": 0
"p984": 0.0004327855773265517
"p985": 6.774035123372113E-05
"p986": 5.645029269476761E-06
"p987": 0
"p988": 2.6343469924224887E-05
"p989": 3.7633528463178407E-06
"p990": 0
"p991": 0
"p992": 0.0008956779774236461
"p993": 0.0002389729057411829
"p994": 1.8816764231589203E-05
"p995": 0
"p996": 0
"p997": 0
"p998": 0
"p999": 0
"p1000": 0.01744690379552951
"p1001": 0.006303616017582383
"p1002": 0.001277658291324907
"p1003": 0.00010913723254321738
"p1004": 0.005857658705293718
"p1005": 0.002047263948396905
"p1006": 0.00044972066513498195
"p1007": 6.209532196424438E-05
