"p945": 0.00977530901831059
"p946": 0.0024348892915676433
"p947": 0.0002803697870506791
"p948": 0.0010462120912763599
"p949": 0.00017123255450746176
"p950": 5.645029269476761E-06
"p951": 0
"p952": 0.016942614514122923
"p953": 0.005846368646754765
"p954": 0.0009972885042742279
"p955": 5.833196911792652E-05
"p956": 0.030008975596538465
"p957": 0.010556204733921546
"p958": 0.0020491456248200642
"p959": 0.00021827446508643474
"p960": 0.004960099051446914
"p961": 0.0019268366573147342
"p962": 0.00037821696105494294
"p963": 1.8816764231589203E-05
"p964": 0
"p965": 0
"p966": 0
"p967": 0
"p968": 0.001815817748348358
"p969": 0.0005833196911792654
"p970": 6.962202765688006E-05
"p971": 0
"p972": 0.001501577785680818
"p973": 0.000472300782212889
"p974": 5.645029269476761E-05
"p975": 0
"p976": 0.00416414992445069
"p977": 0.0014394824637165736
"p978": 0.00026907972851172564
"p979": 3.0106822770542726E-05
"p980": 0.0002991865512822683
"p981": 3.3870175616860565E-05
"p982": 0
"p983": 0
"p984": 0.0025346181419950656
"p985": 0.0008241742733436071
"p986": 0.00015241579027587256
"p987": 1.6935087808430282E-05
"p988": 0.002545908200534019
"p989": 0.0009446015644257781
"p990": 0.00017875926020009746
"p991": 1.8816764231589203E-05
"p992": 0.02606121846075105
"p993": 0.011156459512909238
"p994": 0.002745365901388865
"p995": 0.00030671325697490405
"p996": 5.2686939848449775E-05
"p997": 5.645029269476761E-06
"p998": 0
"p999": 0
"p1000": 0.024548350616531277
"p1001": 0.009549507847531521
"p1002": 0.0019776419207400255
"p1003": 0.0001938126715853688
"p1004": 0.02113875293776732
"p1005": 0.007127790290925991
"p1006": 0.0013040017612491318
"p1007": 0.00011854561465901199
