"p945": 0.0038950701959389656
"p946": 0.0009126130652320762
"p947": 0.00014865243742955472
"p948": 4.516023415581409E-05
"p949": 7.5267056926356815E-06
"p950": 0
"p951": 0
"p952": 0.005899055586603215
"p953": 0.002062317359782177
"p954": 0.0004610107236739355
"p955": 6.209532196424438E-05
"p956": 0.006422161632241395
"p957": 0.00181205439550204
"p958": 0.0003180033155138575
"p959": 2.8225146347383808E-05
"p960": 0.0007263270993393433
"p961": 0.00022203781793275258
"p962": 3.387017561686057E-05
"p963": 0
"p964": 3.9515204886337324E-05
"p965": 0
"p966": 0
"p967": 0
"p968": 0.0005776746619097885
"p969": 0.00013171734962112442
"p970": 1.6935087808430282E-05
"p971": 0
"p972": 0.00041396881309496247
"p973": 0.00012042729108217092
"p974": 5.645029269476761E-06
"p975": 0
"p976": 0
"p977": 0
"p978": 0
"p979": 0
"p980": 0
"p981": 0
"p982": 0
"p983": 0
"p984": 0
"p985": 0
"p986": 0
"p987": 0
"p988": 0
"p989": 0
"p990": 0
"p991": 0
"p992": 0.006237757342771822
"p993": 0.0021977980622496186
"p994": 0.0004628924000970944
"p995": 5.456861627160869E-05
"p996": 8.467543904215141E-05
"p997": 1.317173496211244E-05
"p998": 0
"p999": 0
"p1000": 0.006190715432192848
"p1001": 0.001970115215047389
"p1002": 0.0002954231984359504
"p1003": 3.198849919370165E-05
"p1004": 0.005554708801165134
"p1005": 0.0017254972800367296
"p1006": 0.00027848811062752013
"p1007": 2.2580117077907045E-05
