"p945": 0.0008467543904215141
"p946": 0.00011854561465901199
"p947": 5.645029269476761E-06
"p948": 0.007451438635709325
"p949": 0.002862029839624718
"p950": 0.0004779458114823658
"p951": 1.8816764231589207E-05
"p952": 0.0005231060456381799
"p953": 0.00015617914312219037
"p954": 2.4461793501065963E-05
"p955": 1.8816764231589204E-06
"p956": 0.0024706411436076626
"p957": 0.0007658423042256805
"p958": 9.220214473478711E-05
"p959": 3.7633528463178407E-06
"p960": 0.014776804951067007
"p961": 0.006542588923323567
"p962": 0.001627650106032466
"p963": 0.00021262943581695798
"p964": 0.02206830109080783
"p965": 0.010115892450902355
"p966": 0.0026437553745382834
"p967": 0.00034999181470755925
"p968": 0.007615144484524151
"p969": 0.0028752015745868303
"p970": 0.0004948808992907961
"p971": 1.88167642315892E-05
"p972": 0.008253032791975024
"p973": 0.0026795072265783024
"p974": 0.0003876253431707376
"p975": 1.6935087808430286E-05
"p976": 0.022068301090807818
"p977": 0.010115892450902357
"p978": 0.0026437553745382834
"p979": 0.00034999181470755925
"p980": 0.02121778334753999
"p981": 0.01042448738430042
"p982": 0.0029561136607826645
"p983": 0.0005099343106760674
"p984": 0.016696114902689106
"p985": 0.006585867481056222
"p986": 0.001232498057169093
"p987": 4.139688130949624E-05
"p988": 0.014095638085883475
"p989": 0.00535148774746397
"p990": 0.0009446015644257781
"p991": 4.327855773265517E-05
"p992": 0.00761514448452415
"p993": 0.0028752015745868303
"p994": 0.000494880899290796
"p995": 1.8816764231589203E-05
"p996": 0.016696114902689106
"p997": 0.006585867481056222
"p998": 0.0012324980571690933
"p999": 4.139688130949625E-05
"p1000": 0.00198705030285582
"p1001": 0.0005231060456381798
"p1002": 3.9515204886337324E-05
"p1003": 1.8816764231589204E-06
"p1004": 0.001610715018224036
"p1005": 0.00041773216594128033
"p1006": 4.516023415581409E-05
"p1007": 1.8816764231589204E-06
