"p945": 0.00010349220327374062
"p946": 2.446179350106597E-05
"p947": 1.8816764231589204E-06
"p948": 0.0013849138474449653
"p949": 0.00045348401798129986
"p950": 0.00010725555612005847
"p951": 1.8816764231589204E-06
"p952": 4.7041910578973015E-05
"p953": 2.0698440654748124E-05
"p954": 0
"p955": 0
"p956": 0.00033682007974544673
"p957": 0.00012042729108217089
"p958": 5.645029269476761E-06
"p959": 0
"p960": 0.00011666393823585307
"p961": 1.8816764231589203E-05
"p962": 0
"p963": 0
"p964": 0.0003255300212064932
"p965": 5.080526342529085E-05
"p966": 0
"p967": 0
"p968": 3.0106822770542726E-05
"p969": 1.5053411385271363E-05
"p970": 0
"p971": 0
"p972": 4.8923587002131926E-05
"p973": 2.4461793501065963E-05
"p974": 3.7633528463178407E-06
"p975": 0
"p976": 0
"p977": 0
"p978": 0
"p979": 0
"p980": 1.8816764231589204E-06
"p981": 0
"p982": 0
"p983": 0
"p984": 0
"p985": 0
"p986": 0
"p987": 0
"p988": 0
"p989": 0
"p990": 0
"p991": 0
"p992": 0.0037652345227410003
"p993": 0.0010142235920826582
"p994": 0.00013359902604428333
"p995": 9.408382115794602E-06
"p996": 0.003204494948639642
"p997": 0.0010443304148532006
"p998": 0.00010537387969689955
"p999": 5.645029269476761E-06
"p1000": 0.0017537224263841139
"p1001": 0.00043843060659602847
"p1002": 3.0106822770542726E-05
"p1003": 0
"p1004": 0.001151585970973259
"p1005": 0.00033682007974544673
"p1006": 1.6935087808430286E-05
"p1007": 0
