"p945": 8.46754390421514E-05
"p946": 2.6343469924224884E-05
"p947": 0
"p948": 0
"p949": 0
"p950": 0
"p951": 0
"p952": 0.000709392011530913
"p953": 0.000212629435816958
"p954": 3.198849919370165E-05
"p955": 0
"p956": 0.00017311423093062066
"p957": 6.962202765688005E-05
"p958": 5.645029269476761E-06
"p959": 0
"p960": 0.00010913723254321738
"p961": 1.5053411385271365E-05
"p962": 0
"p963": 0
"p964": 0
"p965": 0
"p966": 0
"p967": 0
"p968": 0.002523328083456112
"p969": 0.0008128842148046535
"p970": 0.00011101890896637629
"p971": 5.645029269476761E-06
"p972": 0.0006134265139498081
"p973": 0.0002747247577812024
"p974": 4.8923587002131926E-05
"p975": 5.645029269476761E-06
"p976": 0.000541922809869769
"p977": 7.903040977267466E-05
"p978": 0
"p979": 0
"p980": 7.903040977267465E-05
"p981": 0
"p982": 0
"p983": 0
"p984": 0.006282917576927636
"p985": 0.0016163600474935127
"p986": 0.00018064093662325636
"p987": 1.1290058538953523E-05
"p988": 0.0018760313938894434
"p989": 0.0006529417188361453
"p990": 7.714873334951573E-05
"p991": 3.7633528463178407E-06
"p992": 1.3171734962112442E-05
"p993": 3.7633528463178407E-06
"p994": 3.7633528463178407E-06
"p995": 0
"p996": 0
"p997": 0
"p998": 0
"p999": 0
"p1000": 0.0008091208619583357
"p1001": 0.00022391949435591156
"p1002": 2.0698440654748128E-05
"p1003": 0
"p1004": 0.0001731142309306207
"p1005": 6.962202765688006E-05
"p1006": 5.645029269476761E-06
"p1007": 0
