"p945": 0.006431570014357189
"p946": 0.0013924405531376013
"p947": 0.00017311423093062066
"p948": 0.027609838157010853
"p949": 0.011982515462676008
"p950": 0.0029109534266268506
"p951": 0.00031988499193701646
"p952": 0.008572917783912042
"p953": 0.0026945606379635747
"p954": 0.00034811013828440026
"p955": 1.317173496211244E-05
"p956": 0.021961045534687768
"p957": 0.007124026938079676
"p958": 0.0011064257368174455
"p959": 6.774035123372113E-05
"p960": 0.0017725391906157028
"p961": 0.0005456861627160869
"p962": 7.526705692635681E-05
"p963": 0
"p964": 0.005782391648367362
"p965": 0.0022335499142896384
"p966": 0.0004233771952107571
"p967": 1.8816764231589203E-05
"p968": 0.0002521446407032953
"p969": 7.150370408003898E-05
"p970": 5.645029269476761E-06
"p971": 0
"p972": 0.0005852013676024242
"p973": 0.00019381267158536883
"p974": 1.1290058538953523E-05
"p975": 0
"p976": 0.0024668777907613446
"p977": 0.0006962202765688004
"p978": 8.843879188846925E-05
"p979": 1.1290058538953523E-05
"p980": 0.004973270786409026
"p981": 0.0017556041028072725
"p982": 0.00034434678543808245
"p983": 4.139688130949625E-05
"p984": 0.0004929992228676371
"p985": 0.00018628596589273313
"p986": 4.139688130949625E-05
"p987": 5.645029269476761E-06
"p988": 0.0017142072214977764
"p989": 0.0006416516602971918
"p990": 0.00012607232035164766
"p991": 7.5267056926356815E-06
"p992": 0.020162162874147835
"p993": 0.008394158523711942
"p994": 0.001919309951622099
"p995": 0.00022580117077907044
"p996": 0.03375915670789421
"p997": 0.014274397346083571
"p998": 0.0033888992381092154
"p999": 0.0003744536082086252
"p1000": 0.009261611354788207
"p1001": 0.0032515368592186144
"p1002": 0.0005061709578297496
"p1003": 1.88167642315892E-05
"p1004": 0.009432843909295668
"p1005": 0.0028507397810857643
"p1006": 0.00038198031390126086
"p1007": 1.6935087808430286E-05
