"p945": 0.0019475350979694826
"p946": 0.0003800986374781018
"p947": 5.080526342529084E-05
"p948": 0.00014300740816007796
"p949": 3.7633528463178407E-05
"p950": 0
"p951": 0
"p952": 0.0020980692118221962
"p953": 0.0006247165724887615
"p954": 0.00013171734962112442
"p955": 1.3171734962112444E-05
"p956": 0.003383254208839738
"p957": 0.0009596549758110495
"p958": 0.00014300740816007796
"p959": 3.198849919370164E-05
"p960": 0.007458965341401962
"p961": 0.0031141744803280125
"p962": 0.000684930218029847
"p963": 6.585867481056221E-05
"p964": 0.00040644210740232675
"p965": 6.585867481056221E-05
"p966": 5.645029269476761E-06
"p967": 0
"p968": 0.008580444489604676
"p969": 0.0033813725324165793
"p970": 0.0007169187172235488
"p971": 6.0213645541085445E-05
"p972": 0.011762359321166413
"p973": 0.004596935501777243
"p974": 0.0008693345074994212
"p975": 3.575185204001949E-05
"p976": 0.00013171734962112442
"p977": 1.8816764231589203E-05
"p978": 0
"p979": 0
"p980": 3.9515204886337324E-05
"p981": 0
"p982": 0
"p983": 0
"p984": 1.1290058538953523E-05
"p985": 0
"p986": 0
"p987": 0
"p988": 1.5053411385271363E-05
"p989": 1.1290058538953523E-05
"p990": 0
"p991": 0
"p992": 0.015378941406477858
"p993": 0.005524601978394591
"p994": 0.001038685385583724
"p995": 8.655711546531035E-05
"p996": 2.6343469924224884E-05
"p997": 1.8816764231589204E-06
"p998": 0
"p999": 0
"p1000": 0.009511874319068345
"p1001": 0.0034867464121134794
"p1002": 0.0006623501009519401
"p1003": 5.645029269476761E-05
"p1004": 0.009987938454127553
"p1005": 0.0032665902706038854
"p1006": 0.0005268693984844977
"p1007": 3.575185204001949E-05
