"p945": 0.0006567050716824633
"p946": 0.00010537387969689955
"p947": 2.2580117077907045E-05
"p948": 7.526705692635681E-05
"p949": 0
"p950": 0
"p951": 0
"p952": 0.031126691391894872
"p953": 0.011408604153612539
"p954": 0.002210969797211732
"p955": 0.00019193099516220992
"p956": 0.010257018182639278
"p957": 0.0033343306218376065
"p958": 0.0006209532196424437
"p959": 6.962202765688006E-05
"p960": 0.0006623501009519401
"p961": 0.0001110189089663763
"p962": 3.7633528463178407E-06
"p963": 0
"p964": 0
"p965": 0
"p966": 0
"p967": 0
"p968": 0.00514262166449333
"p969": 0.0016728103401882802
"p970": 0.0002973048748591094
"p971": 7.5267056926356815E-06
"p972": 0.0006397699838740329
"p973": 0.0001223089675053298
"p974": 0
"p975": 0
"p976": 0
"p977": 0
"p978": 0
"p979": 0
"p980": 0
"p981": 0
"p982": 0
"p983": 0
"p984": 0.000496762575713955
"p985": 0.00011666393823585307
"p986": 5.645029269476761E-06
"p987": 0
"p988": 3.0106822770542726E-05
"p989": 0
"p990": 0
"p991": 0
"p992": 0.0024781678493002984
"p993": 0.0006491783659898276
"p994": 6.209532196424436E-05
"p995": 0
"p996": 0.00010161052685058169
"p997": 5.645029269476761E-06
"p998": 0
"p999": 0
"p1000": 0.03840501579667357
"p1001": 0.013696722684173782
"p1002": 0.002781117753428884
"p1003": 0.0002464996114338185
"p1004": 0.014885942183610218
"p1005": 0.005375949540965035
"p1006": 0.001198627881552232
"p1007": 0.0001825226130464153
