"p945": 0.0001938126715853688
"p946": 2.6343469924224887E-05
"p947": 0
"p948": 2.6343469924224887E-05
"p949": 5.645029269476761E-06
"p950": 0
"p951": 0
"p952": 0.00011854561465901197
"p953": 3.9515204886337324E-05
"p954": 1.1290058538953523E-05
"p955": 0
"p956": 0.00020886608297064017
"p957": 7.526705692635681E-05
"p958": 1.5053411385271363E-05
"p959": 0
"p960": 0.0012343797335922515
"p961": 0.0005005259285602729
"p962": 7.526705692635681E-05
"p963": 5.645029269476761E-06
"p964": 0
"p965": 0
"p966": 0
"p967": 0
"p968": 0.0013792688181754882
"p969": 0.000378216961054943
"p970": 3.575185204001949E-05
"p971": 0
"p972": 0.0007921857741499051
"p973": 0.00037069025536230727
"p974": 4.8923587002131926E-05
"p975": 5.645029269476761E-06
"p976": 0.001988931979278978
"p977": 0.0006585867481056221
"p978": 8.27937626189925E-05
"p979": 5.645029269476761E-06
"p980": 5.080526342529085E-05
"p981": 0
"p982": 0
"p983": 0
"p984": 0.004241298657800208
"p985": 0.001040567062006883
"p986": 9.784717400426385E-05
"p987": 5.645029269476761E-06
"p988": 0.0020566723305126995
"p989": 0.0006303616017582384
"p990": 7.714873334951573E-05
"p991": 3.7633528463178407E-06
"p992": 0.0005381594570234512
"p993": 0.0001580608195453493
"p994": 1.3171734962112442E-05
"p995": 0
"p996": 0
"p997": 0
"p998": 0
"p999": 0
"p1000": 0.00028789649274331484
"p1001": 8.27937626189925E-05
"p1002": 2.0698440654748124E-05
"p1003": 0
"p1004": 0.00018440428946957422
"p1005": 8.091208619583358E-05
"p1006": 1.6935087808430282E-05
"p1007": 0
