"p945": 0.004341027508227628
"p946": 0.0007978308034193822
"p947": 4.892358700213193E-05
"p948": 0.02401019115950783
"p949": 0.00871404351564896
"p950": 0.001706680515805141
"p951": 0.00016182417239166716
"p952": 0.004884831994520557
"p953": 0.0016427035174177375
"p954": 0.0002897781691664738
"p955": 9.408382115794602E-06
"p956": 0.015676246281336965
"p957": 0.0051313316059543755
"p958": 0.0008392276847288784
"p959": 3.575185204001949E-05
"p960": 6.962202765688006E-05
"p961": 1.3171734962112444E-05
"p962": 0
"p963": 0
"p964": 0.0006454150131435097
"p965": 0.0001486524374295547
"p966": 1.1290058538953523E-05
"p967": 0
"p968": 1.6935087808430286E-05
"p969": 0
"p970": 0
"p971": 0
"p972": 9.032046831162818E-05
"p973": 5.2686939848449775E-05
"p974": 1.1290058538953523E-05
"p975": 0
"p976": 0.0003180033155138575
"p977": 5.456861627160869E-05
"p978": 0
"p979": 0
"p980": 0.001038685385583724
"p981": 0.0003010682277054272
"p982": 4.516023415581409E-05
"p983": 0
"p984": 7.150370408003898E-05
"p985": 2.0698440654748124E-05
"p986": 5.645029269476761E-06
"p987": 0
"p988": 0.0003462284618612414
"p989": 0.00010913723254321738
"p990": 5.645029269476761E-06
"p991": 0
"p992": 0.001749959073537796
"p993": 0.0005701479562171528
"p994": 0.00011101890896637632
"p995": 2.258011707790705E-05
"p996": 0.0053458427181944925
"p997": 0.0018308711597336295
"p998": 0.00034999181470755914
"p999": 3.9515204886337324E-05
"p1000": 0.0003029499041285862
"p1001": 8.091208619583357E-05
"p1002": 2.446179350106597E-05
"p1003": 1.8816764231589204E-06
"p1004": 0.0009013230066931228
"p1005": 0.00024461793501065964
"p1006": 3.198849919370165E-05
"p1007": 5.645029269476761E-06
