"p945": 0.0008317009790362428
"p946": 0.00010537387969689952
"p947": 5.645029269476761E-06
"p948": 0.006572695746094107
"p949": 0.00249322126068557
"p950": 0.00043278557732655173
"p951": 1.5053411385271363E-05
"p952": 0.00040832378382548573
"p953": 0.00010537387969689952
"p954": 1.6935087808430286E-05
"p955": 0
"p956": 0.0024104274980665764
"p957": 0.0007451438635709324
"p958": 9.972885042742278E-05
"p959": 3.7633528463178407E-06
"p960": 0.008858932600232197
"p961": 0.003443467854380824
"p962": 0.0007451438635709323
"p963": 8.467543904215141E-05
"p964": 0.011130116042985014
"p965": 0.004510378386311933
"p966": 0.0008806245660383747
"p967": 6.209532196424438E-05
"p968": 0.00437489768384449
"p969": 0.0013792688181754886
"p970": 0.00015806081954534932
"p971": 1.317173496211244E-05
"p972": 0.0032270750657175484
"p973": 0.0011647577059353718
"p974": 0.00014488908458323686
"p975": 1.1290058538953521E-05
"p976": 0.01726061782963678
"p977": 0.006996072941304867
"p978": 0.0016728103401882804
"p979": 0.00021639278866327586
"p980": 0.014872770448648109
"p981": 0.006107921669573855
"p982": 0.0013341085840196745
"p983": 0.00012042729108217092
"p984": 0.01269190747420692
"p985": 0.004325974096842359
"p986": 0.00042525887163391595
"p987": 1.5053411385271361E-05
"p988": 0.007624552866639945
"p989": 0.002617411904614058
"p990": 0.0002935415220127916
"p991": 1.3171734962112442E-05
"p992": 0.0034265327665723936
"p993": 0.0011685210587816896
"p994": 0.00021262943581695798
"p995": 1.8816764231589204E-06
"p996": 0.00610039496388122
"p997": 0.0023276337354475847
"p998": 0.00035751852040019486
"p999": 9.408382115794602E-06
"p1000": 0.0007846590684572699
"p1001": 0.00019004931873905096
"p1002": 3.0106822770542726E-05
"p1003": 1.8816764231589204E-06
"p1004": 0.0005024076049834318
"p1005": 0.0001279539967748066
"p1006": 2.2580117077907045E-05
"p1007": 0
