"p945": 0.00027284308135804345
"p946": 7.5267056926356815E-06
"p947": 0
"p948": 0.00016370584881482606
"p949": 5.645029269476761E-06
"p950": 0
"p951": 0
"p952": 0.0050955797539143565
"p953": 0.0014357191108702561
"p954": 0.0001938126715853688
"p955": 9.408382115794602E-06
"p956": 0.002705850696502527
"p957": 0.0008843879188846924
"p958": 7.903040977267465E-05
"p959": 5.645029269476761E-06
"p960": 5.645029269476761E-06
"p961": 0
"p962": 0
"p963": 0
"p964": 0
"p965": 0
"p966": 0
"p967": 0
"p968": 0.0002784881106275202
"p969": 5.080526342529085E-05
"p970": 0
"p971": 0
"p972": 3.387017561686057E-05
"p973": 5.645029269476761E-06
"p974": 0
"p975": 0
"p976": 0.00010537387969689952
"p977": 0
"p978": 0
"p979": 0
"p980": 0
"p981": 0
"p982": 0
"p983": 0
"p984": 0.0004214955187875982
"p985": 5.833196911792654E-05
"p986": 0
"p987": 0
"p988": 8.843879188846925E-05
"p989": 1.1290058538953523E-05
"p990": 0
"p991": 0
"p992": 0.00011666393823585305
"p993": 1.5053411385271365E-05
"p994": 0
"p995": 0
"p996": 0
"p997": 0
"p998": 0
"p999": 0
"p1000": 0.0030897126868269474
"p1001": 0.0009257848001941888
"p1002": 0.00011666393823585305
"p1003": 5.645029269476761E-06
"p1004": 0.0006679951302214166
"p1005": 0.00028413313989699703
"p1006": 4.8923587002131926E-05
"p1007": 5.645029269476761E-06
