"p945": 0.00018252261304641524
"p946": 1.8816764231589203E-05
"p947": 0
"p948": 0.0026136485517677405
"p949": 0.0009596549758110493
"p950": 0.0001561791431221904
"p951": 0
"p952": 0.0001129005853895352
"p953": 4.516023415581409E-05
"p954": 1.5053411385271363E-05
"p955": 0
"p956": 0.0009728267107731617
"p957": 0.0002766064342043613
"p958": 3.575185204001949E-05
"p959": 0
"p960": 0.005934807438643235
"p961": 0.002192153032980142
"p962": 0.0003932703724402144
"p963": 2.8225146347383805E-05
"p964": 0.005436163186506121
"p965": 0.0021921530329801426
"p966": 0.0003876253431707376
"p967": 1.8816764231589207E-05
"p968": 0.003138636273829079
"p969": 0.0009182580945015532
"p970": 4.1396881309496255E-05
"p971": 0
"p972": 0.001351043671828105
"p973": 0.0004835908407518426
"p974": 2.0698440654748124E-05
"p975": 0
"p976": 0.012370140805846743
"p977": 0.0046251606481246274
"p978": 0.0008956779774236462
"p979": 6.774035123372113E-05
"p980": 0.00796325462280855
"p981": 0.0032590635649112497
"p982": 0.0006472966895666685
"p983": 4.139688130949625E-05
"p984": 0.009767782312617955
"p985": 0.003093476039673265
"p986": 0.0001392440553137601
"p987": 1.8816764231589204E-06
"p988": 0.004017379163444295
"p989": 0.0012908300262870192
"p990": 6.209532196424438E-05
"p991": 1.8816764231589204E-06
"p992": 0.0022467216492517515
"p993": 0.0007658423042256808
"p994": 0.00010913723254321736
"p995": 0
"p996": 0.002621175257460376
"p997": 0.0009803534164657976
"p998": 0.0001561791431221904
"p999": 0
"p1000": 0.0005024076049834317
"p1001": 8.655711546531035E-05
"p1002": 1.1290058538953523E-05
"p1003": 0
"p1004": 0.0001467707610063958
"p1005": 2.8225146347383805E-05
"p1006": 9.408382115794602E-06
"p1007": 0
