"p945": 0.0014281924051776208
"p946": 0.0002653163756654077
"p947": 9.408382115794602E-06
"p948": 1.8816764231589203E-05
"p949": 0
"p950": 0
"p951": 0
"p952": 0.0010706738847774257
"p953": 0.00029354152201279153
"p954": 3.010682277054273E-05
"p955": 0
"p956": 0.002506392995647682
"p957": 0.0007263270993393432
"p958": 8.27937626189925E-05
"p959": 0
"p960": 0.0021319393874390563
"p961": 0.0007131553643772308
"p962": 0.00010913723254321738
"p963": 0
"p964": 8.091208619583358E-05
"p965": 0
"p966": 0
"p967": 0
"p968": 0.0014394824637165742
"p969": 0.00044219395944234633
"p970": 5.456861627160869E-05
"p971": 0
"p972": 0.000895677977423646
"p973": 0.0003255300212064932
"p974": 4.704191057897301E-05
"p975": 0
"p976": 0.00029354152201279153
"p977": 6.209532196424438E-05
"p978": 0
"p979": 0
"p980": 0
"p981": 0
"p982": 0
"p983": 0
"p984": 7.5267056926356815E-06
"p985": 0
"p986": 0
"p987": 0
"p988": 1.5053411385271363E-05
"p989": 0
"p990": 0
"p991": 0
"p992": 0.010689803759965828
"p993": 0.004256352069185477
"p994": 0.000805357509112018
"p995": 4.704191057897301E-05
"p996": 7.150370408003898E-05
"p997": 5.645029269476761E-06
"p998": 0
"p999": 0
"p1000": 0.02283978842430298
"p1001": 0.0076885298650273505
"p1002": 0.0009709450343500028
"p1003": 5.8331969117926534E-05
"p1004": 0.008996294979122799
"p1005": 0.003069014246172199
"p1006": 0.0003217666683601754
"p1007": 1.8816764231589203E-05
