"p945": 0.000402678754556009
"p946": 9.408382115794602E-05
"p947": 1.8816764231589204E-06
"p948": 3.7633528463178407E-06
"p949": 0
"p950": 0
"p951": 0
"p952": 0.0002615530228190899
"p953": 8.091208619583358E-05
"p954": 1.3171734962112444E-05
"p955": 0
"p956": 0.0005231060456381799
"p957": 0.0001844042894695742
"p958": 2.8225146347383808E-05
"p959": 1.8816764231589204E-06
"p960": 0.00022580117077907047
"p961": 3.575185204001948E-05
"p962": 0
"p963": 0
"p964": 3.575185204001949E-05
"p965": 0
"p966": 0
"p967": 0
"p968": 0.00016935087808430283
"p969": 3.7633528463178407E-05
"p970": 0
"p971": 0
"p972": 9.032046831162818E-05
"p973": 3.575185204001949E-05
"p974": 3.7633528463178407E-06
"p975": 0
"p976": 1.8816764231589204E-06
"p977": 0
"p978": 0
"p979": 0
"p980": 0
"p981": 0
"p982": 0
"p983": 0
"p984": 0
"p985": 0
"p986": 0
"p987": 0
"p988": 0
"p989": 0
"p990": 0
"p991": 0
"p992": 0.002835686369700493
"p993": 0.0009389565351563011
"p994": 0.0001016105268505817
"p995": 5.645029269476761E-06
"p996": 4.892358700213193E-05
"p997": 0
"p998": 0
"p999": 0
"p1000": 0.004736179557091004
"p1001": 0.0011233608246258755
"p1002": 9.784717400426385E-05
"p1003": 5.645029269476761E-06
"p1004": 0.0024235992330286895
"p1005": 0.0007714873334951572
"p1006": 8.843879188846925E-05
"p1007": 3.7633528463178407E-06
