"p945": 0.0014677076100639579
"p946": 0.0002521446407032953
"p947": 1.8816764231589203E-05
"p948": 0.011434947623536761
"p949": 0.004412531212307669
"p950": 0.0008919146245773283
"p951": 6.39769983874033E-05
"p952": 0.0014959327564113415
"p953": 0.00039891540170969113
"p954": 3.010682277054273E-05
"p955": 0
"p956": 0.00451602341558141
"p957": 0.0010800822668932204
"p958": 9.972885042742277E-05
"p959": 5.645029269476761E-06
"p960": 0.0019738785678937074
"p961": 0.00048359084075184255
"p962": 3.3870175616860565E-05
"p963": 0
"p964": 0.0042224818935686186
"p965": 0.0015580280783755861
"p966": 0.00030106822770542725
"p967": 7.5267056926356815E-06
"p968": 0.0003895070195938965
"p969": 0.0001373623788906012
"p970": 1.6935087808430286E-05
"p971": 0
"p972": 0.0010048152099668634
"p973": 0.0004045604309791679
"p974": 9.22021447347871E-05
"p975": 1.1290058538953523E-05
"p976": 5.080526342529086E-05
"p977": 0
"p978": 0
"p979": 0
"p980": 0.000519342692791862
"p981": 0.0001279539967748066
"p982": 5.645029269476761E-06
"p983": 0
"p984": 0
"p985": 0
"p986": 0
"p987": 0
"p988": 0
"p989": 0
"p990": 0
"p991": 0
"p992": 0.022196255087582623
"p993": 0.008642539811568923
"p994": 0.001998340361394774
"p995": 0.00025214464070329537
"p996": 0.02462361767345763
"p997": 0.009696278608537917
"p998": 0.0020284471841653163
"p999": 0.00017123255450746176
"p1000": 0.014424931459936285
"p1001": 0.004826500025402632
"p1002": 0.0004986442521371138
"p1003": 2.2580117077907045E-05
"p1004": 0.009577732993878905
"p1005": 0.0032929337405281107
"p1006": 0.0003800986374781019
"p1007": 2.0698440654748124E-05
