"p945": 0.0003819803139012608
"p946": 2.8225146347383805E-05
"p947": 0
"p948": 0.002860148163201559
"p949": 0.0008956779774236461
"p950": 0.00017123255450746173
"p951": 1.8816764231589203E-05
"p952": 0.007268916022662909
"p953": 0.0021582828573632816
"p954": 0.0003594001968233538
"p955": 2.446179350106597E-05
"p956": 0.015920864216347627
"p957": 0.0059498608500285054
"p958": 0.0011064257368174452
"p959": 8.091208619583358E-05
"p960": 0.0023577405582181276
"p961": 0.0006454150131435098
"p962": 6.962202765688006E-05
"p963": 1.8816764231589204E-06
"p964": 0.0016784553694577566
"p965": 0.0004798274879055247
"p966": 4.892358700213193E-05
"p967": 0
"p968": 0.019834751176518183
"p969": 0.007148488731580738
"p970": 0.0014488908458323688
"p971": 0.0001712325545074618
"p972": 0.01541092990567156
"p973": 0.006027009583378021
"p974": 0.0011647577059353718
"p975": 0.00010349220327374063
"p976": 0
"p977": 0
"p978": 0
"p979": 0
"p980": 0.0002615530228190899
"p981": 1.6935087808430282E-05
"p982": 0
"p983": 0
"p984": 6.585867481056221E-05
"p985": 5.645029269476761E-06
"p986": 0
"p987": 0
"p988": 0.00048359084075184255
"p989": 8.655711546531033E-05
"p990": 5.645029269476761E-06
"p991": 0
"p992": 0.0008956779774236461
"p993": 0.00025778966997277205
"p994": 1.8816764231589203E-05
"p995": 0
"p996": 0.0009351931823099836
"p997": 0.00025402631712645424
"p998": 3.198849919370165E-05
"p999": 0
"p1000": 0.01374000124190644
"p1001": 0.0046420957359330555
"p1002": 0.0009050863595394408
"p1003": 8.46754390421514E-05
"p1004": 0.015920864216347624
"p1005": 0.0059498608500285054
"p1006": 0.0011064257368174455
"p1007": 8.091208619583357E-05
