"p945": 0.0009389565351563012
"p946": 0.0001392440553137601
"p947": 7.5267056926356815E-06
"p948": 0.0005118159870992264
"p949": 7.714873334951573E-05
"p950": 5.645029269476761E-06
"p951": 0
"p952": 0.012641102210781628
"p953": 0.004070066103292745
"p954": 0.0006435333367203507
"p955": 5.080526342529085E-05
"p956": 0.008303838055400314
"p957": 0.0028921366623952606
"p958": 0.0005061709578297497
"p959": 3.951520488633733E-05
"p960": 1.6935087808430286E-05
"p961": 0
"p962": 0
"p963": 0
"p964": 0
"p965": 0
"p966": 0
"p967": 0
"p968": 0.0007394988343014556
"p969": 0.00012230896750532982
"p970": 0
"p971": 0
"p972": 5.833196911792653E-05
"p973": 7.5267056926356815E-06
"p974": 0
"p975": 0
"p976": 0.00029354152201279153
"p977": 5.645029269476761E-05
"p978": 0
"p979": 0
"p980": 0
"p981": 0
"p982": 0
"p983": 0
"p984": 0.0010932540018553328
"p985": 0.00024085458216434183
"p986": 2.2580117077907045E-05
"p987": 0
"p988": 0.00015053411385271363
"p989": 2.0698440654748124E-05
"p990": 0
"p991": 0
"p992": 0.0004553656944044587
"p993": 7.338538050319788E-05
"p994": 0
"p995": 0
"p996": 0
"p997": 0
"p998": 0
"p999": 0
"p1000": 0.0077054649528357794
"p1001": 0.002402900792373941
"p1002": 0.0004120871366718035
"p1003": 4.5160234155814084E-05
"p1004": 0.0021545195045169635
"p1005": 0.0006548233952593043
"p1006": 0.00010913723254321737
"p1007": 2.6343469924224887E-05
