"p945": 0.0003161216390906986
"p946": 3.387017561686057E-05
"p947": 0
"p948": 0.0017010354865356638
"p949": 0.00047606413505920693
"p950": 6.962202765688005E-05
"p951": 1.1290058538953523E-05
"p952": 0.00667618794936785
"p953": 0.002128176034592739
"p954": 0.0003725719317854662
"p955": 2.6343469924224887E-05
"p956": 0.013977092471224462
"p957": 0.005328907630386064
"p958": 0.0010311586798910886
"p959": 6.962202765688005E-05
"p960": 0.00030106822770542725
"p961": 4.516023415581409E-05
"p962": 0
"p963": 0
"p964": 0.0017104438686514588
"p965": 0.0003537551675538771
"p966": 3.575185204001949E-05
"p967": 1.8816764231589204E-06
"p968": 0.002634346992422488
"p969": 0.0007470255399940913
"p970": 9.408382115794602E-05
"p971": 1.1290058538953523E-05
"p972": 0.004546130238351951
"p973": 0.001740550691422001
"p974": 0.00035563684397703604
"p975": 4.139688130949625E-05
"p976": 0
"p977": 0
"p978": 0
"p979": 0
"p980": 0
"p981": 0
"p982": 0
"p983": 0
"p984": 6.774035123372114E-05
"p985": 0
"p986": 0
"p987": 0
"p988": 0.00059272807329506
"p989": 0.0001204272910821709
"p990": 5.645029269476761E-06
"p991": 0
"p992": 0.006770271770525794
"p993": 0.0024687594671845034
"p994": 0.00044219395944234633
"p995": 1.8816764231589203E-05
"p996": 0.006599039216018333
"p997": 0.0021281760345927387
"p998": 0.00038574366674757867
"p999": 4.139688130949624E-05
"p1000": 0.049224655229837384
"p1001": 0.01993824337979193
"p1002": 0.00454989359119827
"p1003": 0.0004948808992907961
"p1004": 0.061457433656793535
"p1005": 0.026074390195713164
"p1006": 0.006377001398085584
"p1007": 0.0008373460083057197
