"p945": 0.0022184965029043665
"p946": 0.0003989154017096911
"p947": 3.1988499193701654E-05
"p948": 0.014216065376965646
"p949": 0.005445571568621916
"p950": 0.0009822350928889566
"p951": 4.704191057897301E-05
"p952": 0.0022279048850201615
"p953": 0.0006905752472993237
"p954": 8.655711546531035E-05
"p955": 7.5267056926356815E-06
"p956": 0.006279154224081319
"p957": 0.0018139360719251992
"p958": 0.00023332787647170614
"p959": 1.3171734962112444E-05
"p960": 0.017390453502834746
"p961": 0.008012178209810684
"p962": 0.0021451111224011694
"p963": 0.00028789649274331484
"p964": 0.017858990932201318
"p965": 0.00878742889615216
"p966": 0.002506392995647682
"p967": 0.0004384306065960285
"p968": 0.013049425994607115
"p969": 0.005142621664493329
"p970": 0.0010518571205458363
"p971": 4.139688130949624E-05
"p972": 0.012921471997832305
"p973": 0.004922465522983737
"p974": 0.0009032046831162818
"p975": 4.327855773265517E-05
"p976": 5.2686939848449775E-05
"p977": 5.645029269476761E-06
"p978": 0
"p979": 0
"p980": 0.0005889647204487421
"p981": 9.032046831162818E-05
"p982": 5.645029269476761E-06
"p983": 0
"p984": 0
"p985": 0
"p986": 0
"p987": 0
"p988": 6.39769983874033E-05
"p989": 2.2580117077907045E-05
"p990": 0
"p991": 0
"p992": 0.01822779951114046
"p993": 0.0075285873690588406
"p994": 0.0016916271044198695
"p995": 0.0001844042894695742
"p996": 0.032129624925438575
"p997": 0.01358382209878425
"p998": 0.0032346017714101846
"p999": 0.0003518734911307181
"p1000": 0.008247387762705546
"p1001": 0.0030501974819406095
"p1002": 0.0004929992228676371
"p1003": 1.1290058538953523E-05
"p1004": 0.007743098481298958
"p1005": 0.002425480909451848
"p1006": 0.00035563684397703593
"p1007": 1.3171734962112444E-05
