"p945": 0.008947371392120667
"p946": 0.0018327528361567888
"p947": 0.00015053411385271365
"p948": 0.00019004931873905096
"p949": 5.2686939848449775E-05
"p950": 0
"p951": 0
"p952": 0.014487026781900532
"p953": 0.004636450706663579
"p954": 0.0007545522456867271
"p955": 5.8331969117926534E-05
"p956": 0.016432680203446855
"p957": 0.005091816401068039
"p958": 0.0007489072164172504
"p959": 5.45686162716087E-05
"p960": 0.00745896534140196
"p961": 0.003114174480328013
"p962": 0.000684930218029847
"p963": 6.585867481056221E-05
"p964": 0.00013171734962112442
"p965": 1.8816764231589203E-05
"p966": 0
"p967": 0
"p968": 0.015378941406477858
"p969": 0.005524601978394591
"p970": 0.0010386853855837241
"p971": 8.655711546531035E-05
"p972": 0.010718028906313213
"p973": 0.004041840956945361
"p974": 0.0009144947416552351
"p975": 0.00012607232035164768
"p976": 0.00040644210740232675
"p977": 6.585867481056221E-05
"p978": 5.645029269476761E-06
"p979": 0
"p980": 3.9515204886337324E-05
"p981": 0
"p982": 0
"p983": 0
"p984": 2.6343469924224884E-05
"p985": 1.8816764231589204E-06
"p986": 0
"p987": 0
"p988": 0.0001373623788906012
"p989": 2.6343469924224887E-05
"p990": 0
"p991": 0
"p992": 0.008580444489604676
"p993": 0.0033813725324165797
"p994": 0.0007169187172235487
"p995": 6.021364554108545E-05
"p996": 1.1290058538953521E-05
"p997": 0
"p998": 0
"p999": 0
"p1000": 0.009511874319068341
"p1001": 0.003486746412113479
"p1002": 0.0006623501009519399
"p1003": 5.6450292694767617E-05
"p1004": 0.007013008029113295
"p1005": 0.002389729057411828
"p1006": 0.0005155793399455441
"p1007": 6.774035123372113E-05
