"p945": 0.002148874475247487
"p946": 0.0002991865512822684
"p947": 1.6935087808430286E-05
"p948": 0.014231118788350918
"p949": 0.005328907630386064
"p950": 0.0009182580945015532
"p951": 4.8923587002131926E-05
"p952": 0.0013604520539438995
"p953": 0.0003650452260928306
"p954": 3.198849919370165E-05
"p955": 1.8816764231589204E-06
"p956": 0.004145333160219102
"p957": 0.0013378719368659924
"p958": 0.00016746920166114393
"p959": 7.5267056926356815E-06
"p960": 0.006612210950980447
"p961": 0.0027039690200793684
"p962": 0.0006567050716824631
"p963": 8.27937626189925E-05
"p964": 0.009572087964609427
"p965": 0.003977863958557958
"p966": 0.0008279376261899248
"p967": 6.39769983874033E-05
"p968": 0.002973048748591094
"p969": 0.001061265502661631
"p970": 0.00014488908458323686
"p971": 1.317173496211244E-05
"p972": 0.0028036978705067907
"p973": 0.001017986944928976
"p974": 0.00014488908458323686
"p975": 1.1290058538953521E-05
"p976": 0.014338374344470974
"p977": 0.005966795937836935
"p978": 0.0015448563434134735
"p979": 0.0002314462000485472
"p980": 0.013405062838584152
"p981": 0.005520838625548273
"p982": 0.0012494331449775231
"p983": 0.00012230896750532982
"p984": 0.010031217011860206
"p985": 0.003275998652719681
"p986": 0.00041396881309496247
"p987": 1.5053411385271361E-05
"p988": 0.006807905298988975
"p989": 0.0022260232085970027
"p990": 0.0002954231984359505
"p991": 1.3171734962112442E-05
"p992": 0.0021225310053232618
"p993": 0.0007470255399940914
"p994": 0.00016935087808430283
"p995": 1.8816764231589204E-06
"p996": 0.0048942403766363525
"p997": 0.0018572146296578543
"p998": 0.0002897781691664737
"p999": 9.408382115794602E-06
"p1000": 0.000496762575713955
"p1001": 0.0001486524374295547
"p1002": 2.6343469924224884E-05
"p1003": 1.8816764231589204E-06
"p1004": 0.0004628924000970944
"p1005": 0.00012230896750532982
"p1006": 1.8816764231589203E-05
"p1007": 0
