"p945": 0.00043654893017286954
"p946": 0.0001016105268505817
"p947": 1.3171734962112444E-05
"p948": 0.005432399833659804
"p949": 0.0019268366573147347
"p950": 0.00043654893017286954
"p951": 6.209532196424438E-05
"p952": 0.0002615530228190899
"p953": 8.091208619583358E-05
"p954": 1.3171734962112444E-05
"p955": 0
"p956": 0.0015768448426071752
"p957": 0.0003819803139012609
"p958": 3.575185204001949E-05
"p959": 0
"p960": 0.00016182417239166716
"p961": 2.4461793501065966E-05
"p962": 0
"p963": 0
"p964": 0.0008580444489604676
"p965": 0.00019757602443168663
"p966": 2.2580117077907045E-05
"p967": 0
"p968": 6.39769983874033E-05
"p969": 1.8816764231589203E-05
"p970": 0
"p971": 0
"p972": 0.00023520955289486504
"p973": 8.279376261899248E-05
"p974": 3.7633528463178407E-06
"p975": 0
"p976": 0
"p977": 0
"p978": 0
"p979": 0
"p980": 1.8816764231589204E-06
"p981": 0
"p982": 0
"p983": 0
"p984": 0
"p985": 0
"p986": 0
"p987": 0
"p988": 0
"p989": 0
"p990": 0
"p991": 0
"p992": 0.006230230637079186
"p993": 0.001960706832931595
"p994": 0.0003462284618612414
"p995": 2.822514634738381E-05
"p996": 0.010147880950096055
"p997": 0.003291052064104952
"p998": 0.0005852013676024243
"p999": 6.39769983874033E-05
"p1000": 0.0026381103452688065
"p1001": 0.000754552245686727
"p1002": 8.27937626189925E-05
"p1003": 0
"p1004": 0.0031800331551385752
"p1005": 0.0009314298294636655
"p1006": 9.596549758110492E-05
"p1007": 0
