"p945": 0.00016182417239166716
"p946": 2.2580117077907045E-05
"p947": 0
"p948": 0.0014131389937923492
"p949": 0.0004892358700213193
"p950": 0.0001279539967748066
"p951": 2.2580117077907045E-05
"p952": 0.0027905261355446786
"p953": 0.0009558916229647316
"p954": 0.00013548070246744229
"p955": 1.1290058538953523E-05
"p956": 0.007974544681347506
"p957": 0.0025289731127255887
"p958": 0.00032176666836017544
"p959": 1.8816764231589203E-05
"p960": 6.962202765688006E-05
"p961": 1.3171734962112442E-05
"p962": 0
"p963": 0
"p964": 0.0003180033155138575
"p965": 5.4568616271608685E-05
"p966": 0
"p967": 0
"p968": 0.001749959073537796
"p969": 0.0005701479562171528
"p970": 0.00011101890896637632
"p971": 2.258011707790705E-05
"p972": 0.004581882090391971
"p973": 0.0016483485466872142
"p974": 0.00033305672689912887
"p975": 3.9515204886337324E-05
"p976": 0.0006454150131435096
"p977": 0.0001486524374295547
"p978": 1.1290058538953523E-05
"p979": 0
"p980": 0.001038685385583724
"p981": 0.00030106822770542725
"p982": 4.516023415581409E-05
"p983": 0
"p984": 0.0053458427181944925
"p985": 0.0018308711597336293
"p986": 0.0003499918147075592
"p987": 3.951520488633733E-05
"p988": 0.007366763196667172
"p989": 0.0025421448476877005
"p990": 0.00047794581148236586
"p991": 5.2686939848449775E-05
"p992": 1.6935087808430282E-05
"p993": 0
"p994": 0
"p995": 0
"p996": 7.150370408003898E-05
"p997": 2.069844065474812E-05
"p998": 5.645029269476761E-06
"p999": 0
"p1000": 0.0003029499041285862
"p1001": 8.091208619583357E-05
"p1002": 2.4461793501065966E-05
"p1003": 1.8816764231589204E-06
"p1004": 0.0019926953321252965
"p1005": 0.0006717584830677345
"p1006": 5.4568616271608685E-05
"p1007": 0
