"p945": 0.0004440756358655052
"p946": 4.516023415581409E-05
"p947": 0
"p948": 0.0030332623941321797
"p949": 0.0009859984457352743
"p950": 0.00018064093662325636
"p951": 1.8816764231589203E-05
"p952": 0.00789927762442115
"p953": 0.0024292442622981664
"p954": 0.0004120871366718035
"p955": 3.1988499193701654E-05
"p956": 0.016594504375838523
"p957": 0.006264100812696047
"p958": 0.0011120707660869221
"p959": 6.774035123372113E-05
"p960": 0.004960099051446914
"p961": 0.0019268366573147342
"p962": 0.00037821696105494305
"p963": 1.8816764231589203E-05
"p964": 0.00416414992445069
"p965": 0.0014394824637165738
"p966": 0.00026907972851172564
"p967": 3.0106822770542726E-05
"p968": 0.026061218460751052
"p969": 0.01115645951290924
"p970": 0.002745365901388865
"p971": 0.00030671325697490405
"p972": 0.026057455107904734
"p973": 0.012163156399299262
"p974": 0.0031819148315617345
"p975": 0.00047794581148236586
"p976": 0
"p977": 0
"p978": 0
"p979": 0
"p980": 0.0002991865512822683
"p981": 3.3870175616860565E-05
"p982": 0
"p983": 0
"p984": 5.2686939848449775E-05
"p985": 5.645029269476761E-06
"p986": 0
"p987": 0
"p988": 0.0004704191057897301
"p989": 7.33853805031979E-05
"p990": 5.645029269476761E-06
"p991": 0
"p992": 0.001815817748348358
"p993": 0.0005833196911792653
"p994": 6.962202765688006E-05
"p995": 0
"p996": 0.002534618141995065
"p997": 0.0008241742733436071
"p998": 0.00015241579027587253
"p999": 1.6935087808430282E-05
"p1000": 0.02454835061653128
"p1001": 0.009549507847531521
"p1002": 0.0019776419207400255
"p1003": 0.0001938126715853688
"p1004": 0.03666634678167474
"p1005": 0.015134323471467198
"p1006": 0.003447231207227143
"p1007": 0.00035751852040019486
