"p945": 0.007585037661753608
"p946": 0.001610715018224036
"p947": 0.00014112573173691902
"p948": 5.6450292694767617E-05
"p949": 7.5267056926356815E-06
"p950": 0
"p951": 0
"p952": 0.01264110221078163
"p953": 0.004070066103292745
"p954": 0.0006435333367203508
"p955": 5.080526342529085E-05
"p956": 0.012793518001057502
"p957": 0.0037464177585094104
"p958": 0.0005946097497182189
"p959": 5.2686939848449775E-05
"p960": 0.003300460446220747
"p961": 0.0011666393823585306
"p962": 0.00022203781793275258
"p963": 7.5267056926356815E-06
"p964": 9.596549758110492E-05
"p965": 0
"p966": 0
"p967": 0
"p968": 0.001879794746735761
"p969": 0.0005626212505245172
"p970": 9.22021447347871E-05
"p971": 0
"p972": 0.0014771159921797522
"p973": 0.00045348401798129976
"p974": 8.091208619583358E-05
"p975": 1.1290058538953523E-05
"p976": 0.0004760641350592069
"p977": 0.00011666393823585307
"p978": 5.645029269476761E-06
"p979": 0
"p980": 0
"p981": 0
"p982": 0
"p983": 0
"p984": 2.0698440654748124E-05
"p985": 0
"p986": 0
"p987": 0
"p988": 3.0106822770542726E-05
"p989": 0
"p990": 0
"p991": 0
"p992": 0.015121151736505085
"p993": 0.00601383784841591
"p994": 0.0013416352897123104
"p995": 0.00012230896750532982
"p996": 0.00014300740816007793
"p997": 1.8816764231589203E-05
"p998": 0
"p999": 0
"p1000": 0.024525770499453366
"p1001": 0.008798718954691111
"p1002": 0.0016408218409945787
"p1003": 0.00014112573173691902
"p1004": 0.017388571826411583
"p1005": 0.006264100812696046
"p1006": 0.0013849138474449653
"p1007": 0.0001938126715853688
