"p945": 0.00045912904725077655
"p946": 6.962202765688005E-05
"p947": 1.1290058538953523E-05
"p948": 3.3870175616860565E-05
"p949": 0
"p950": 0
"p951": 0
"p952": 0.014033542763919235
"p953": 0.0051821368693796685
"p954": 0.0009577732993878905
"p955": 4.892358700213193E-05
"p956": 0.00576921991340525
"p957": 0.0019343633630073702
"p958": 0.0003594001968233538
"p959": 3.951520488633733E-05
"p960": 0.0016031883125313998
"p961": 0.0003537551675538771
"p962": 3.575185204001949E-05
"p963": 1.8816764231589204E-06
"p964": 0
"p965": 0
"p966": 0
"p967": 0
"p968": 0.006322432781813971
"p969": 0.002098069211822196
"p970": 0.0003913886960170555
"p971": 4.139688130949625E-05
"p972": 0.0011628760295122127
"p973": 0.00039703372528653215
"p974": 5.833196911792654E-05
"p975": 1.1290058538953523E-05
"p976": 0
"p977": 0
"p978": 0
"p979": 0
"p980": 0
"p981": 0
"p982": 0
"p983": 0
"p984": 0.0006190715432192849
"p985": 0.0001204272910821709
"p986": 5.645029269476761E-06
"p987": 0
"p988": 4.139688130949625E-05
"p989": 0
"p990": 0
"p991": 0
"p992": 0.00632243278181397
"p993": 0.0020980692118221962
"p994": 0.00039138869601705546
"p995": 4.139688130949624E-05
"p996": 0.0006190715432192848
"p997": 0.0001204272910821709
"p998": 5.645029269476761E-06
"p999": 0
"p1000": 0.0835426698354098
"p1001": 0.034573922599122016
"p1002": 0.008542810961141503
"p1003": 0.0011214791482027173
"p1004": 0.03210139977909119
"p1005": 0.012046492461063412
"p1006": 0.0024292442622981664
"p1007": 0.00020322105370116343
