"p945": 0.0019663518622010713
"p946": 0.0002690797285117256
"p947": 1.8816764231589203E-05
"p948": 0.00706004993969227
"p949": 0.0020830158004369248
"p950": 0.00034622846186124133
"p951": 4.139688130949624E-05
"p952": 0.016942614514122926
"p953": 0.005846368646754765
"p954": 0.0009972885042742279
"p955": 5.8331969117926534E-05
"p956": 0.03666634678167474
"p957": 0.0151343234714672
"p958": 0.0034472312072271424
"p959": 0.00035751852040019486
"p960": 2.0698440654748124E-05
"p961": 0
"p962": 0
"p963": 0
"p964": 0.00025214464070329537
"p965": 5.080526342529086E-05
"p966": 0
"p967": 0
"p968": 0.0010556204733921544
"p969": 0.000237091229318024
"p970": 2.6343469924224887E-05
"p971": 0
"p972": 0.0032797620055659985
"p973": 0.0011534676473964184
"p974": 0.00015617914312219037
"p975": 5.645029269476761E-06
"p976": 0.00013548070246744223
"p977": 1.8816764231589204E-06
"p978": 0
"p979": 0
"p980": 0.0009841167693121153
"p981": 0.00013548070246744226
"p982": 3.7633528463178407E-06
"p983": 0
"p984": 0.0022090881207885724
"p985": 0.0005343961041771334
"p986": 3.3870175616860565E-05
"p987": 0
"p988": 0.004581882090391972
"p989": 0.001676573693034598
"p990": 0.000306713256974904
"p991": 7.5267056926356815E-06
"p992": 0.000846754390421514
"p993": 0.00020698440654748124
"p994": 1.3171734962112442E-05
"p995": 0
"p996": 0.0009408382115794602
"p997": 0.00020886608297064017
"p998": 1.3171734962112442E-05
"p999": 0
"p1000": 0.0147448164518733
"p1001": 0.004997732579910093
"p1002": 0.0009276664766173479
"p1003": 8.843879188846925E-05
"p1004": 0.016594504375838523
"p1005": 0.0062641008126960475
"p1006": 0.0011120707660869221
"p1007": 6.774035123372114E-05
