"p945": 0.0006698768066445756
"p946": 0.00012983567319796552
"p947": 3.198849919370165E-05
"p948": 0.007078866703923859
"p949": 0.002416072527336054
"p950": 0.00047041910578973014
"p951": 6.209532196424436E-05
"p952": 0.00037633528463178407
"p953": 0.00012795399677480656
"p954": 3.010682277054273E-05
"p955": 1.8816764231589204E-06
"p956": 0.002118767652476944
"p957": 0.0005795563383329475
"p958": 6.585867481056221E-05
"p959": 5.645029269476761E-06
"p960": 0.006843657151028994
"p961": 0.00289213666239526
"p962": 0.0006228348960656026
"p963": 5.080526342529084E-05
"p964": 0.009666171785767376
"p965": 0.003994799046366388
"p966": 0.0009182580945015531
"p967": 8.843879188846926E-05
"p968": 0.0036598606430440993
"p969": 0.001418784023061826
"p970": 0.00022768284720222937
"p971": 9.408382115794602E-06
"p972": 0.008079918561044404
"p973": 0.0030182089827469087
"p974": 0.0005042892814065906
"p975": 1.3171734962112444E-05
"p976": 1.5053411385271365E-05
"p977": 0
"p978": 0
"p979": 0
"p980": 0.00017123255450746176
"p981": 1.8816764231589203E-05
"p982": 0
"p983": 0
"p984": 0
"p985": 0
"p986": 0
"p987": 0
"p988": 1.1290058538953523E-05
"p989": 1.1290058538953523E-05
"p990": 0
"p991": 0
"p992": 0.008234216027743435
"p993": 0.003121701186020649
"p994": 0.0005550945448318814
"p995": 5.080526342529085E-05
"p996": 0.020380437339234267
"p997": 0.007362999843820857
"p998": 0.0013811504945986475
"p999": 0.00012419064392848875
"p1000": 0.0022956452362538826
"p1001": 0.0008222925969204481
"p1002": 0.00014300740816007796
"p1003": 1.8816764231589204E-06
"p1004": 0.00429022224480234
"p1005": 0.0012588415270933175
"p1006": 0.00018816764231589206
"p1007": 1.8816764231589204E-06
