"p945": 0.000378216961054943
"p946": 4.704191057897301E-05
"p947": 0
"p948": 0
"p949": 0
"p950": 0
"p951": 0
"p952": 0.00618883375576969
"p953": 0.0021225310053232626
"p954": 0.0003575185204001948
"p955": 9.408382115794602E-06
"p956": 0.002402900792373941
"p957": 0.0008053575091120178
"p958": 6.774035123372113E-05
"p959": 0
"p960": 0.0009954068278510688
"p961": 0.00022956452362538827
"p962": 1.5053411385271363E-05
"p963": 0
"p964": 0.00013548070246744226
"p965": 5.645029269476761E-06
"p966": 0
"p967": 0
"p968": 0.019620240064278066
"p969": 0.006557642334708837
"p970": 0.0011064257368174452
"p971": 7.714873334951574E-05
"p972": 0.0048076832611710415
"p973": 0.001537329637720838
"p974": 0.0001919309951622099
"p975": 1.1290058538953523E-05
"p976": 0.00013736237889060116
"p977": 0
"p978": 0
"p979": 0
"p980": 0
"p981": 0
"p982": 0
"p983": 0
"p984": 0.0003405834325917646
"p985": 4.516023415581409E-05
"p986": 0
"p987": 0
"p988": 7.5267056926356815E-06
"p989": 0
"p990": 0
"p991": 0
"p992": 0.0004610107236739354
"p993": 0.00014677076100639576
"p994": 2.6343469924224884E-05
"p995": 0
"p996": 0
"p997": 0
"p998": 0
"p999": 0
"p1000": 0.013798333211024364
"p1001": 0.004675965911549917
"p1002": 0.0007545522456867271
"p1003": 2.8225146347383805E-05
"p1004": 0.0033079871519133817
"p1005": 0.0010782005904700614
"p1006": 0.0001467707610063958
"p1007": 7.5267056926356815E-06
