"p945": 4.3278557732655166E-05
"p946": 0
"p947": 0
"p948": 0.0007357354814551379
"p949": 0.00023520955289486504
"p950": 4.139688130949624E-05
"p951": 0
"p952": 0.00073197212860882
"p953": 0.00016370584881482604
"p954": 1.8816764231589203E-05
"p955": 0
"p956": 0.0027209041078877986
"p957": 0.0009822350928889562
"p958": 0.0001561791431221904
"p959": 0
"p960": 0.0005268693984844977
"p961": 0.00012230896750532982
"p962": 1.8816764231589204E-06
"p963": 0
"p964": 0.00037633528463178407
"p965": 7.714873334951574E-05
"p966": 1.8816764231589204E-06
"p967": 0
"p968": 0.008189055793587622
"p969": 0.002715259078618322
"p970": 0.00042149551878759814
"p971": 2.8225146347383805E-05
"p972": 0.006113566698843332
"p973": 0.0024461793501065966
"p974": 0.0003895070195938965
"p975": 1.8816764231589207E-05
"p976": 0.0023464504996791743
"p977": 0.0005870830440255832
"p978": 3.575185204001949E-05
"p979": 1.8816764231589204E-06
"p980": 0.0013773871417523294
"p981": 0.000329293374052811
"p982": 2.6343469924224884E-05
"p983": 0
"p984": 0.019317290160149485
"p985": 0.0063450128988918825
"p986": 0.0010048152099668638
"p987": 6.774035123372113E-05
"p988": 0.0109156049307449
"p989": 0.004137806454526466
"p990": 0.0007056286586845952
"p991": 4.3278557732655166E-05
"p992": 6.39769983874033E-05
"p993": 1.6935087808430286E-05
"p994": 0
"p995": 0
"p996": 6.962202765688005E-05
"p997": 2.4461793501065966E-05
"p998": 1.3171734962112442E-05
"p999": 0
"p1000": 0.002647518727384601
"p1001": 0.0008166475676509716
"p1002": 0.00010913723254321736
"p1003": 0
"p1004": 0.002720904107887799
"p1005": 0.0009822350928889566
"p1006": 0.0001561791431221904
"p1007": 0
