"p945": 0.0015749631661840164
"p946": 0.00034058343259176454
"p947": 4.5160234155814084E-05
"p948": 1.8816764231589203E-05
"p949": 3.7633528463178407E-06
"p950": 0
"p951": 0
"p952": 0.0017273789564598886
"p953": 0.0004911175464444781
"p954": 0.00011478226181269412
"p955": 1.3171734962112444E-05
"p956": 0.0028018161940836315
"p957": 0.0007489072164172505
"p958": 0.00011666393823585305
"p959": 2.634346992422489E-05
"p960": 0.0015373296377208378
"p961": 0.0004610107236739354
"p962": 4.8923587002131926E-05
"p963": 0
"p964": 0.00025402631712645424
"p965": 1.6935087808430282E-05
"p966": 0
"p967": 0
"p968": 0.0008956779774236461
"p969": 0.0002389729057411829
"p970": 1.8816764231589203E-05
"p971": 0
"p972": 0.0009577732993878902
"p973": 0.0003236483447833343
"p974": 4.704191057897301E-05
"p975": 0
"p976": 0.00010161052685058169
"p977": 5.645029269476761E-06
"p978": 0
"p979": 0
"p980": 0
"p981": 0
"p982": 0
"p983": 0
"p984": 0
"p985": 0
"p986": 0
"p987": 0
"p988": 0
"p989": 0
"p990": 0
"p991": 0
"p992": 0.02209464456073204
"p993": 0.00801970491550332
"p994": 0.0016013066361082412
"p995": 0.00014112573173691902
"p996": 0.0004327855773265517
"p997": 6.774035123372114E-05
"p998": 5.645029269476761E-06
"p999": 0
"p1000": 0.017446903795529514
"p1001": 0.006303616017582383
"p1002": 0.001277658291324907
"p1003": 0.00010913723254321738
"p1004": 0.02099010050033776
"p1005": 0.007295259492587135
"p1006": 0.00130776511409545
"p1007": 6.39769983874033E-05
