"p945": 0.001889203128851556
"p946": 0.00032929337405281106
"p947": 4.139688130949624E-05
"p948": 0.0011233608246258755
"p949": 0.00019945770085484557
"p950": 1.6935087808430286E-05
"p951": 0
"p952": 0.03155006858710563
"p953": 0.012603468682318451
"p954": 0.0029297701908584397
"p955": 0.00029730487485910944
"p956": 0.022521785108789126
"p957": 0.008155185617970762
"p958": 0.0015486196962597911
"p959": 0.0001298356731979655
"p960": 0.0001844042894695742
"p961": 3.3870175616860565E-05
"p962": 0
"p963": 0
"p964": 0
"p965": 0
"p966": 0
"p967": 0
"p968": 0.003857436667475787
"p969": 0.001279539967748066
"p970": 0.00016182417239166716
"p971": 5.645029269476761E-06
"p972": 0.00040079707813285006
"p973": 7.338538050319788E-05
"p974": 7.5267056926356815E-06
"p975": 0
"p976": 0.0008373460083057195
"p977": 0.00011854561465901199
"p978": 3.7633528463178407E-06
"p979": 0
"p980": 0
"p981": 0
"p982": 0
"p983": 0
"p984": 0.00613614681592124
"p985": 0.0020133937727800453
"p986": 0.00032553002120649325
"p987": 7.5267056926356815E-06
"p988": 0.0007601972749562036
"p989": 0.00019004931873905096
"p990": 1.5053411385271363E-05
"p991": 0
"p992": 0.0009408382115794602
"p993": 0.00020886608297064017
"p994": 1.3171734962112442E-05
"p995": 0
"p996": 0
"p997": 0
"p998": 0
"p999": 0
"p1000": 0.02394997751396675
"p1001": 0.00836593337736456
"p1002": 0.0014357191108702566
"p1003": 8.467543904215141E-05
"p1004": 0.007586919338176765
"p1005": 0.002562843288342449
"p1006": 0.00048547251717500137
"p1007": 6.209532196424438E-05
