"p945": 0.002256130031367545
"p946": 0.0004177321659412802
"p947": 1.5053411385271363E-05
"p948": 0.0009032046831162816
"p949": 0.0001938126715853688
"p950": 1.1290058538953523E-05
"p951": 0
"p952": 0.031126691391894865
"p953": 0.011408604153612535
"p954": 0.0022109697972117317
"p955": 0.00019193099516220992
"p956": 0.017315186445908386
"p957": 0.006358184633853991
"p958": 0.0012795399677480658
"p959": 7.150370408003896E-05
"p960": 1.1290058538953523E-05
"p961": 0
"p962": 0
"p963": 0
"p964": 0
"p965": 0
"p966": 0
"p967": 0
"p968": 0.0006792851887603701
"p969": 0.00015053411385271363
"p970": 1.1290058538953523E-05
"p971": 0
"p972": 4.327855773265517E-05
"p973": 5.645029269476761E-06
"p974": 0
"p975": 0
"p976": 0.0003123582862443808
"p977": 7.903040977267466E-05
"p978": 0
"p979": 0
"p980": 0
"p981": 0
"p982": 0
"p983": 0
"p984": 0.0014281924051776206
"p985": 0.00037069025536230727
"p986": 4.516023415581409E-05
"p987": 0
"p988": 9.032046831162818E-05
"p989": 1.3171734962112444E-05
"p990": 0
"p991": 0
"p992": 0.0003725719317854662
"p993": 5.833196911792653E-05
"p994": 0
"p995": 0
"p996": 0
"p997": 0
"p998": 0
"p999": 0
"p1000": 0.005868948763832671
"p1001": 0.0019682335386242305
"p1002": 0.00036880857893914834
"p1003": 3.9515204886337324E-05
"p1004": 0.0017010354865356638
"p1005": 0.00043654893017286954
"p1006": 6.585867481056221E-05
"p1007": 2.0698440654748128E-05
