"p945": 9.408382115794602E-05
"p946": 2.6343469924224884E-05
"p947": 0
"p948": 0
"p949": 0
"p950": 0
"p951": 0
"p952": 0.0017838292491546563
"p953": 0.0006058998082571724
"p954": 0.00013171734962112445
"p955": 1.8816764231589204E-06
"p956": 0.00038198031390126086
"p957": 0.00013548070246744229
"p958": 2.8225146347383808E-05
"p959": 1.8816764231589204E-06
"p960": 0.00039327037244021434
"p961": 5.645029269476761E-05
"p962": 0
"p963": 0
"p964": 7.903040977267465E-05
"p965": 0
"p966": 0
"p967": 0
"p968": 0.003720074288585186
"p969": 0.0008204109204972894
"p970": 4.327855773265517E-05
"p971": 0
"p972": 0.001217444645783821
"p973": 0.00040079707813285006
"p974": 4.516023415581409E-05
"p975": 1.8816764231589204E-06
"p976": 3.7633528463178407E-06
"p977": 0
"p978": 0
"p979": 0
"p980": 0
"p981": 0
"p982": 0
"p983": 0
"p984": 3.7633528463178407E-06
"p985": 0
"p986": 0
"p987": 0
"p988": 0
"p989": 0
"p990": 0
"p991": 0
"p992": 0.00021827446508643471
"p993": 3.575185204001949E-05
"p994": 3.7633528463178407E-06
"p995": 0
"p996": 0
"p997": 0
"p998": 0
"p999": 0
"p1000": 0.004032432574829567
"p1001": 0.0012381430864385696
"p1002": 0.00017123255450746176
"p1003": 1.1290058538953523E-05
"p1004": 0.0010575021498153128
"p1005": 0.0004158504895181214
"p1006": 4.8923587002131926E-05
"p1007": 1.8816764231589204E-06
