"p945": 0.001469589286487117
"p946": 0.0002051027301243223
"p947": 1.3171734962112442E-05
"p948": 0.0113690889487262
"p949": 0.003701257524353596
"p950": 0.000611544837526649
"p951": 5.080526342529085E-05
"p952": 0.0010706738847774257
"p953": 0.00029354152201279153
"p954": 3.0106822770542726E-05
"p955": 0
"p956": 0.008098735325275993
"p957": 0.002419835880182371
"p958": 0.00034058343259176454
"p959": 2.2580117077907045E-05
"p960": 6.962202765688005E-05
"p961": 7.5267056926356815E-06
"p962": 0
"p963": 0
"p964": 0.0007056286586845952
"p965": 0.00012230896750532982
"p966": 0
"p967": 0
"p968": 2.4461793501065966E-05
"p969": 5.645029269476761E-06
"p970": 0
"p971": 0
"p972": 0.00011854561465901199
"p973": 7.714873334951574E-05
"p974": 1.1290058538953523E-05
"p975": 0
"p976": 0.00016182417239166716
"p977": 2.4461793501065966E-05
"p978": 0
"p979": 0
"p980": 0.0008523994196909909
"p981": 0.00019757602443168663
"p982": 2.2580117077907045E-05
"p983": 0
"p984": 6.39769983874033E-05
"p985": 1.8816764231589203E-05
"p986": 0
"p987": 0
"p988": 0.00023520955289486504
"p989": 8.279376261899248E-05
"p990": 3.7633528463178407E-06
"p991": 0
"p992": 0.0027942894883909966
"p993": 0.0008636894782299444
"p994": 0.00015429746669903146
"p995": 2.8225146347383808E-05
"p996": 0.006230230637079185
"p997": 0.002111240946784308
"p998": 0.00038762534317073754
"p999": 4.5160234155814084E-05
"p1000": 0.0006999836294151185
"p1001": 0.00022580117077907044
"p1002": 3.010682277054273E-05
"p1003": 1.8816764231589204E-06
"p1004": 0.0011101890896637627
"p1005": 0.0003631635496696717
"p1006": 3.198849919370165E-05
"p1007": 5.645029269476761E-06
