"p945": 0.00019757602443168663
"p946": 3.198849919370165E-05
"p947": 5.645029269476761E-06
"p948": 0.0028093428997762685
"p949": 0.0008937963010004874
"p950": 9.22021447347871E-05
"p951": 5.645029269476761E-06
"p952": 9.220214473478711E-05
"p953": 3.7633528463178407E-05
"p954": 5.645029269476761E-06
"p955": 0
"p956": 0.000707510335107754
"p957": 0.00022015614150959365
"p958": 1.6935087808430286E-05
"p959": 0
"p960": 0.006612210950980446
"p961": 0.0027039690200793684
"p962": 0.0006567050716824632
"p963": 8.279376261899248E-05
"p964": 0.01433837434447097
"p965": 0.005966795937836937
"p966": 0.0015448563434134735
"p967": 0.0002314462000485472
"p968": 0.0021225310053232618
"p969": 0.0007470255399940914
"p970": 0.0001693508780843028
"p971": 1.8816764231589204E-06
"p972": 0.005219770397842847
"p973": 0.0014996961092576594
"p974": 0.0002239194943559115
"p975": 5.645029269476761E-06
"p976": 0.009572087964609427
"p977": 0.003977863958557957
"p978": 0.000827937626189925
"p979": 6.397699838740328E-05
"p980": 0.01340506283858415
"p981": 0.005520838625548274
"p982": 0.0012494331449775231
"p983": 0.00012230896750532982
"p984": 0.004894240376636352
"p985": 0.0018572146296578543
"p986": 0.0002897781691664737
"p987": 9.408382115794602E-06
"p988": 0.008717806868495279
"p989": 0.003245891829949137
"p990": 0.0005400411334466102
"p991": 1.3171734962112444E-05
"p992": 0.002973048748591094
"p993": 0.0010612655026616313
"p994": 0.0001448890845832369
"p995": 1.3171734962112444E-05
"p996": 0.010031217011860208
"p997": 0.00327599865271968
"p998": 0.00041396881309496247
"p999": 1.5053411385271363E-05
"p1000": 0.000496762575713955
"p1001": 0.0001486524374295547
"p1002": 2.6343469924224884E-05
"p1003": 1.8816764231589204E-06
"p1004": 0.0008599261253836264
"p1005": 0.00025402631712645424
"p1006": 3.9515204886337324E-05
"p1007": 1.8816764231589204E-06
