"p945": 0.0034886280885366382
"p946": 0.0006548233952593044
"p947": 3.575185204001949E-05
"p948": 0.01057502149815313
"p949": 0.003409597678763964
"p950": 0.0006698768066445756
"p951": 8.279376261899248E-05
"p952": 0.03675478557356321
"p953": 0.014534068692479507
"p954": 0.0032421284771028203
"p955": 0.0003274116976296522
"p956": 0.06145743365679353
"p957": 0.02607439019571317
"p958": 0.006377001398085583
"p959": 0.0008373460083057197
"p960": 0
"p961": 0
"p962": 0
"p963": 0
"p964": 0.00017499590735377957
"p965": 5.080526342529086E-05
"p966": 0
"p967": 0
"p968": 0.0007451438635709325
"p969": 0.00016182417239166713
"p970": 1.8816764231589207E-05
"p971": 0
"p972": 0.002647518727384601
"p973": 0.0009257848001941888
"p974": 0.00012607232035164768
"p975": 5.645029269476761E-06
"p976": 0.00019757602443168663
"p977": 1.8816764231589204E-06
"p978": 0
"p979": 0
"p980": 0.0009502465936952549
"p981": 0.0001279539967748066
"p982": 3.7633528463178407E-06
"p983": 0
"p984": 0.0019701152150473898
"p985": 0.00041020546024864466
"p986": 1.8816764231589203E-05
"p987": 0
"p988": 0.004239416981377048
"p989": 0.0015091044913734543
"p990": 0.000284133139896997
"p991": 7.5267056926356815E-06
"p992": 0.000521224369215021
"p993": 0.00013359902604428335
"p994": 1.3171734962112442E-05
"p995": 0
"p996": 0.0007940674505730644
"p997": 0.00017499590735377962
"p998": 1.3171734962112442E-05
"p999": 0
"p1000": 0.010213739624906619
"p1001": 0.0037219559650083444
"p1002": 0.0008072391855351767
"p1003": 8.655711546531033E-05
"p1004": 0.013977092471224462
"p1005": 0.005328907630386064
"p1006": 0.0010311586798910884
"p1007": 6.962202765688006E-05
