"p945": 2.8225146347383805E-05
"p946": 0
"p947": 0
"p948": 0.0001956943480085277
"p949": 8.46754390421514E-05
"p950": 2.6343469924224884E-05
"p951": 0
"p952": 0.00010725555612005845
"p953": 3.0106822770542722E-05
"p954": 5.645029269476761E-06
"p955": 0
"p956": 0.0007300904521856611
"p957": 0.0002239194943559115
"p958": 3.198849919370165E-05
"p959": 0
"p960": 5.2686939848449775E-05
"p961": 9.408382115794602E-06
"p962": 0
"p963": 0
"p964": 0.00010913723254321738
"p965": 1.5053411385271365E-05
"p966": 0
"p967": 0
"p968": 0.001625768429609307
"p969": 0.0004986442521371139
"p970": 7.150370408003898E-05
"p971": 5.645029269476761E-06
"p972": 0.0014601809043713217
"p973": 0.0006077814846803312
"p974": 8.843879188846926E-05
"p975": 5.645029269476761E-06
"p976": 0.0007357354814551379
"p977": 9.032046831162818E-05
"p978": 1.1290058538953523E-05
"p979": 0
"p980": 0.0006096631611034902
"p981": 7.903040977267466E-05
"p982": 0
"p983": 0
"p984": 0.004352317566766584
"p985": 0.0011666393823585308
"p986": 0.0001467707610063958
"p987": 9.408382115794602E-06
"p988": 0.0029278885144352804
"p989": 0.0010179869449289758
"p990": 9.784717400426387E-05
"p991": 5.645029269476761E-06
"p992": 3.7633528463178407E-06
"p993": 3.7633528463178407E-06
"p994": 0
"p995": 0
"p996": 1.3171734962112442E-05
"p997": 3.7633528463178407E-06
"p998": 3.7633528463178407E-06
"p999": 0
"p1000": 0.0003725719317854663
"p1001": 9.784717400426385E-05
"p1002": 7.5267056926356815E-06
"p1003": 0
"p1004": 0.0006077814846803312
"p1005": 0.00019004931873905096
"p1006": 1.8816764231589203E-05
"p1007": 0
