"p945": 0.0005268693984844976
"p946": 8.46754390421514E-05
"p947": 5.645029269476761E-06
"p948": 0.0049488089929079606
"p949": 0.0013416352897123102
"p950": 0.00019004931873905094
"p951": 7.5267056926356815E-06
"p952": 0.006676187949367848
"p953": 0.0021281760345927387
"p954": 0.0003725719317854662
"p955": 2.6343469924224887E-05
"p956": 0.01793425798912767
"p957": 0.006143673521613874
"p958": 0.0011647577059353718
"p959": 0.00011290058538953522
"p960": 0
"p961": 0
"p962": 0
"p963": 0
"p964": 0.00019757602443168674
"p965": 1.8816764231589204E-06
"p966": 0
"p967": 0
"p968": 0.000521224369215021
"p969": 0.00013359902604428335
"p970": 1.3171734962112442E-05
"p971": 0
"p972": 0.0026305836395761712
"p973": 0.0007545522456867271
"p974": 8.843879188846925E-05
"p975": 1.8816764231589204E-06
"p976": 0.0001749959073537796
"p977": 5.080526342529086E-05
"p978": 0
"p979": 0
"p980": 0.0009502465936952547
"p981": 0.0001279539967748066
"p982": 3.7633528463178407E-06
"p983": 0
"p984": 0.0007940674505730644
"p985": 0.00017499590735377962
"p986": 1.3171734962112442E-05
"p987": 0
"p988": 0.001955061803662118
"p989": 0.0005889647204487421
"p990": 6.021364554108546E-05
"p991": 0
"p992": 0.0007451438635709324
"p993": 0.00016182417239166713
"p994": 1.8816764231589207E-05
"p995": 0
"p996": 0.0019701152150473898
"p997": 0.0004102054602486446
"p998": 1.8816764231589207E-05
"p999": 0
"p1000": 0.010213739624906619
"p1001": 0.0037219559650083444
"p1002": 0.000807239185535177
"p1003": 8.655711546531033E-05
"p1004": 0.024126855097743677
"p1005": 0.008746032014842664
"p1006": 0.0018873214524283972
"p1007": 0.00023332787647170614
