"p945": 0.00023332787647170614
"p946": 1.6935087808430286E-05
"p947": 0
"p948": 0.0031217011860206496
"p949": 0.0011026623839711274
"p950": 0.00022203781793275258
"p951": 1.5053411385271363E-05
"p952": 0.007440148577170371
"p953": 0.00226553841348334
"p954": 0.00028789649274331484
"p955": 1.6935087808430286E-05
"p956": 0.014951800858420785
"p957": 0.005620567475975696
"p958": 0.0009295481530405068
"p959": 4.8923587002131926E-05
"p960": 0.00046853742936657115
"p961": 0.0001279539967748066
"p962": 1.3171734962112442E-05
"p963": 0
"p964": 0.0007733690099183163
"p965": 0.00018628596589273313
"p966": 1.3171734962112442E-05
"p967": 0
"p968": 0.008597379577413107
"p969": 0.0032120216543322765
"p970": 0.0007056286586845951
"p971": 8.467543904215141E-05
"p972": 0.01096076516490071
"p973": 0.004352317566766583
"p974": 0.0008636894782299445
"p975": 6.962202765688006E-05
"p976": 0.0025891867582666745
"p977": 0.0007489072164172503
"p978": 8.843879188846924E-05
"p979": 1.8816764231589204E-06
"p980": 0.0021601645337864404
"p981": 0.0006002547789876956
"p982": 6.0213645541085445E-05
"p983": 0
"p984": 0.02135326405000743
"p985": 0.007891750918728513
"p986": 0.0017593674556535903
"p987": 0.0002333278764717061
"p988": 0.017490182353262166
"p989": 0.006856828885991106
"p990": 0.0013849138474449653
"p991": 0.0001298356731979655
"p992": 8.091208619583357E-05
"p993": 2.6343469924224884E-05
"p994": 5.645029269476761E-06
"p995": 0
"p996": 0.00013359902604428333
"p997": 3.9515204886337324E-05
"p998": 5.645029269476761E-06
"p999": 0
"p1000": 0.002427362585875007
"p1001": 0.0007959491269962233
"p1002": 0.00017311423093062066
"p1003": 1.8816764231589204E-06
"p1004": 0.00514262166449333
"p1005": 0.0019023748638136687
"p1006": 0.00029165984558963265
"p1007": 9.408382115794602E-06
