"p945": 0.0004534840179812998
"p946": 6.962202765688005E-05
"p947": 0
"p948": 0.004293985597648657
"p949": 0.0015768448426071754
"p950": 0.0002897781691664737
"p951": 9.408382115794602E-06
"p952": 0.0004647740765202533
"p953": 0.0001298356731979655
"p954": 7.5267056926356815E-06
"p955": 0
"p956": 0.001640821840994579
"p957": 0.0004045604309791678
"p958": 3.0106822770542726E-05
"p959": 0
"p960": 0.001396203905983919
"p961": 0.00034999181470755914
"p962": 2.6343469924224884E-05
"p963": 0
"p964": 0.002372793969603398
"p965": 0.0008185292440741304
"p966": 0.00013548070246744226
"p967": 0
"p968": 0.0002897781691664737
"p969": 0.00011666393823585307
"p970": 1.6935087808430286E-05
"p971": 0
"p972": 0.0005870830440255833
"p973": 0.00020698440654748124
"p974": 3.198849919370165E-05
"p975": 0
"p976": 2.2580117077907045E-05
"p977": 0
"p978": 0
"p979": 0
"p980": 0.00029354152201279153
"p981": 6.209532196424438E-05
"p982": 0
"p983": 0
"p984": 0
"p985": 0
"p986": 0
"p987": 0
"p988": 0
"p989": 0
"p990": 0
"p991": 0
"p992": 0.015260395791818844
"p993": 0.005537773713356704
"p994": 0.001019868621352135
"p995": 7.338538050319788E-05
"p996": 0.011653222088623195
"p997": 0.004668439205857281
"p998": 0.0008693345074994213
"p999": 4.704191057897301E-05
"p1000": 0.010862917990896448
"p1001": 0.0033926625909555344
"p1002": 0.0001467707610063958
"p1003": 1.8816764231589204E-06
"p1004": 0.004627042324547784
"p1005": 0.0015335662848745201
"p1006": 6.585867481056221E-05
"p1007": 1.8816764231589204E-06
