"p945": 0.011073665750290246
"p946": 0.0025816600525740384
"p947": 0.00030294990412858624
"p948": 0.04271781815855383
"p949": 0.019240141426799966
"p950": 0.004982679168524822
"p951": 0.0007319721286088202
"p952": 0.015651784487835902
"p953": 0.005693952856478894
"p954": 0.001164757705935372
"p955": 4.139688130949624E-05
"p956": 0.03152937014645088
"p957": 0.010575021498153135
"p958": 0.0017838292491546566
"p959": 9.972885042742278E-05
"p960": 0.0006943386001456416
"p961": 0.0001599424959685082
"p962": 1.8816764231589207E-05
"p963": 0
"p964": 0.0026437553745382834
"p965": 0.0009257848001941888
"p966": 0.00012607232035164768
"p967": 5.645029269476761E-06
"p968": 9.596549758110492E-05
"p969": 2.4461793501065963E-05
"p970": 0
"p971": 0
"p972": 0.00029730487485910944
"p973": 0.00013548070246744226
"p974": 1.6935087808430286E-05
"p975": 0
"p976": 0.0017970009841167692
"p977": 0.00036504522609283053
"p978": 1.8816764231589203E-05
"p979": 0
"p980": 0.004299630626918134
"p981": 0.0015015777856808186
"p982": 0.000284133139896997
"p983": 7.5267056926356815E-06
"p984": 0.00036880857893914834
"p985": 0.00011854561465901199
"p986": 1.6935087808430286E-05
"p987": 0
"p988": 0.0009464832408489368
"p989": 0.0003405834325917646
"p990": 8.091208619583358E-05
"p991": 1.1290058538953523E-05
"p992": 0.007974544681347506
"p993": 0.0031706247730227803
"p994": 0.000754552245686727
"p995": 8.467543904215141E-05
"p996": 0.012366377453000425
"p997": 0.0049149388172911
"p998": 0.00099352515142791
"p999": 6.39769983874033E-05
"p1000": 0.0033286855925681305
"p1001": 0.001136532559587988
"p1002": 0.00014865243742955472
"p1003": 1.317173496211244E-05
"p1004": 0.0030539608347869276
"p1005": 0.0010236319741984525
"p1006": 0.00014112573173691902
"p1007": 1.1290058538953521E-05
