"p945": 0.001971996891470548
"p946": 0.00034058343259176454
"p947": 2.446179350106597E-05
"p948": 0.01330345231173357
"p949": 0.005048537843335383
"p950": 0.0009916434750047512
"p951": 6.39769983874033E-05
"p952": 0.0016163600474935122
"p953": 0.00043843060659602847
"p954": 4.7041910578973015E-05
"p955": 0
"p956": 0.0062452840484644575
"p957": 0.0017142072214977766
"p958": 0.00019945770085484557
"p959": 9.408382115794602E-06
"p960": 0.012966632231988122
"p961": 0.00522917877995864
"p962": 0.0012456697921312053
"p963": 0.00016935087808430286
"p964": 0.011624996942275811
"p965": 0.00489800372948267
"p966": 0.0010537387969689954
"p967": 9.596549758110493E-05
"p968": 0.009613484845918925
"p969": 0.0032327200949870257
"p970": 0.00035563684397703593
"p971": 1.5053411385271361E-05
"p972": 0.0061718986679612595
"p973": 0.0021281760345927387
"p974": 0.0002709614049348845
"p975": 1.3171734962112442E-05
"p976": 6.585867481056221E-05
"p977": 5.645029269476761E-06
"p978": 0
"p979": 0
"p980": 0.0005325144277539745
"p981": 8.655711546531033E-05
"p982": 5.645029269476761E-06
"p983": 0
"p984": 0
"p985": 0
"p986": 0
"p987": 0
"p988": 0.00011290058538953522
"p989": 3.198849919370165E-05
"p990": 0
"p991": 0
"p992": 0.010110247421632879
"p993": 0.0038160397861662903
"p994": 0.0008429910375751964
"p995": 8.279376261899248E-05
"p996": 0.01411633652653822
"p997": 0.00547003336212298
"p998": 0.0010744372376237437
"p999": 7.903040977267465E-05
"p1000": 0.0049676257571395505
"p1001": 0.001669046987341962
"p1002": 0.00016935087808430283
"p1003": 9.408382115794602E-06
"p1004": 0.003501799823498751
"p1005": 0.0011911011758595966
"p1006": 0.00011854561465901199
"p1007": 7.5267056926356815E-06
