"p945": 6.585867481056221E-05
"p946": 0
"p947": 0
"p948": 1.1290058538953523E-05
"p949": 0
"p950": 0
"p951": 0
"p952": 0.005899055586603216
"p953": 0.0020623173597821773
"p954": 0.0004610107236739355
"p955": 6.209532196424438E-05
"p956": 0.0016878637515735516
"p957": 0.00045724737082761756
"p958": 9.596549758110493E-05
"p959": 1.1290058538953523E-05
"p960": 0.00020886608297064017
"p961": 3.951520488633734E-05
"p962": 0
"p963": 0
"p964": 0
"p965": 0
"p966": 0
"p967": 0
"p968": 0.0010066968863900224
"p969": 0.00022391949435591154
"p970": 2.2580117077907045E-05
"p971": 0
"p972": 0.00013548070246744229
"p973": 2.0698440654748124E-05
"p974": 0
"p975": 0
"p976": 0
"p977": 0
"p978": 0
"p979": 0
"p980": 0
"p981": 0
"p982": 0
"p983": 0
"p984": 1.8816764231589204E-06
"p985": 0
"p986": 0
"p987": 0
"p988": 0
"p989": 0
"p990": 0
"p991": 0
"p992": 0.0017988826605399274
"p993": 0.00041208713667180354
"p994": 4.516023415581409E-05
"p995": 0
"p996": 7.903040977267465E-05
"p997": 0
"p998": 0
"p999": 0
"p1000": 0.015335662848745206
"p1001": 0.004470863181425596
"p1002": 0.0007188003936467077
"p1003": 6.962202765688006E-05
"p1004": 0.005748521472750502
"p1005": 0.0018741497174662842
"p1006": 0.0003029499041285862
"p1007": 2.2580117077907045E-05
