"p945": 0.00493187390509953
"p946": 0.0008787428896152157
"p947": 5.8331969117926534E-05
"p948": 0.02471017478892295
"p949": 0.01087985307870488
"p950": 0.002717140755041482
"p951": 0.00029542319843595057
"p952": 0.0058350785882158125
"p953": 0.0019324816865842116
"p954": 0.0001637058488148261
"p955": 1.8816764231589204E-06
"p956": 0.021494389781744356
"p957": 0.007278324404778705
"p958": 0.0009483649172720957
"p959": 5.8331969117926534E-05
"p960": 0.0009859984457352743
"p961": 0.00023332787647170614
"p962": 2.6343469924224887E-05
"p963": 0
"p964": 0.0032609452413344094
"p965": 0.0011534676473964184
"p966": 0.00015617914312219037
"p967": 5.645029269476761E-06
"p968": 0.00012607232035164766
"p969": 2.0698440654748124E-05
"p970": 0
"p971": 0
"p972": 0.0003650452260928306
"p973": 0.0001467707610063958
"p974": 1.6935087808430286E-05
"p975": 0
"p976": 0.0020246838313189982
"p977": 0.00048359084075184255
"p978": 3.3870175616860565E-05
"p979": 0
"p980": 0.004632687353817263
"p981": 0.001657756928803009
"p982": 0.000306713256974904
"p983": 7.5267056926356815E-06
"p984": 0.0003895070195938965
"p985": 0.0001373623788906012
"p986": 1.6935087808430286E-05
"p987": 0
"p988": 0.0010048152099668634
"p989": 0.0004045604309791679
"p990": 9.22021447347871E-05
"p991": 1.1290058538953523E-05
"p992": 0.011075547426713406
"p993": 0.0041415698073727835
"p994": 0.0008618078018067855
"p995": 8.655711546531033E-05
"p996": 0.014709064599833283
"p997": 0.005697716209325211
"p998": 0.0010744372376237437
"p999": 6.209532196424438E-05
"p1000": 0.004975152462832185
"p1001": 0.001488406050718706
"p1002": 0.00016182417239166716
"p1003": 1.317173496211244E-05
"p1004": 0.003481101382844002
"p1005": 0.0011647577059353718
"p1006": 0.00014112573173691902
"p1007": 1.1290058538953521E-05
