"p945": 0.002991865512822683
"p946": 0.0005118159870992262
"p947": 4.516023415581409E-05
"p948": 0.0005626212505245172
"p949": 5.833196911792653E-05
"p950": 5.645029269476761E-06
"p951": 0
"p952": 0.003949638812210574
"p953": 0.0011741660880511663
"p954": 0.00013924405531376007
"p955": 5.645029269476761E-06
"p956": 0.010755662434776388
"p957": 0.0033719641503007847
"p958": 0.0005099343106760674
"p959": 3.575185204001949E-05
"p960": 0.0004459573122886641
"p961": 6.962202765688005E-05
"p962": 0
"p963": 0
"p964": 0
"p965": 0
"p966": 0
"p967": 0
"p968": 0.00029542319843595046
"p969": 5.833196911792654E-05
"p970": 0
"p971": 0
"p972": 0.00017311423093062066
"p973": 8.467543904215141E-05
"p974": 1.1290058538953523E-05
"p975": 0
"p976": 0.0004835908407518425
"p977": 0.00010725555612005845
"p978": 1.1290058538953523E-05
"p979": 0
"p980": 6.39769983874033E-05
"p981": 0
"p982": 0
"p983": 0
"p984": 0.00043654893017286954
"p985": 0.00011478226181269415
"p986": 1.1290058538953523E-05
"p987": 0
"p988": 0.0003292933740528111
"p989": 0.0001016105268505817
"p990": 3.7633528463178407E-06
"p991": 0
"p992": 0.004736179557091003
"p993": 0.0016276501060324658
"p994": 0.0003010682277054272
"p995": 3.3870175616860565E-05
"p996": 9.4083821157946E-06
"p997": 0
"p998": 0
"p999": 0
"p1000": 0.003114174480328013
"p1001": 0.0008730978603457391
"p1002": 0.00012795399677480656
"p1003": 1.1290058538953523E-05
"p1004": 0.0027303124900035923
"p1005": 0.0008843879188846922
"p1006": 0.00013171734962112442
"p1007": 3.198849919370165E-05
