"p945": 7.903040977267465E-05
"p946": 1.6935087808430286E-05
"p947": 0
"p948": 0.0008091208619583356
"p949": 0.0002615530228190899
"p950": 5.2686939848449775E-05
"p951": 1.1290058538953523E-05
"p952": 0.0005550945448318817
"p953": 0.00017875926020009743
"p954": 2.6343469924224887E-05
"p955": 5.645029269476761E-06
"p956": 0.0028996633680878968
"p957": 0.0009408382115794604
"p958": 9.784717400426387E-05
"p959": 5.645029269476761E-06
"p960": 0.0006943386001456417
"p961": 0.0001599424959685082
"p962": 1.8816764231589207E-05
"p963": 0
"p964": 0.001797000984116769
"p965": 0.00036504522609283053
"p966": 1.8816764231589207E-05
"p967": 0
"p968": 0.007974544681347506
"p969": 0.0031706247730227803
"p970": 0.0007545522456867272
"p971": 8.467543904215141E-05
"p972": 0.01679960710596284
"p973": 0.006751455006294206
"p974": 0.00167281034018828
"p975": 0.0002314462000485472
"p976": 0.002643755374538283
"p977": 0.0009257848001941888
"p978": 0.00012607232035164763
"p979": 5.645029269476761E-06
"p980": 0.004299630626918134
"p981": 0.0015015777856808184
"p982": 0.0002841331398969969
"p983": 7.5267056926356815E-06
"p984": 0.01236637745300042
"p985": 0.0049149388172911
"p986": 0.00099352515142791
"p987": 6.397699838740328E-05
"p988": 0.018431020564841628
"p989": 0.007701701599989461
"p990": 0.0017311423093062065
"p991": 0.00014300740816007796
"p992": 9.596549758110492E-05
"p993": 2.4461793501065963E-05
"p994": 0
"p995": 0
"p996": 0.0003688085789391484
"p997": 0.00011854561465901197
"p998": 1.6935087808430286E-05
"p999": 0
"p1000": 0.0033286855925681305
"p1001": 0.0011365325595879881
"p1002": 0.00014865243742955472
"p1003": 1.3171734962112444E-05
"p1004": 0.010398143914376197
"p1005": 0.003353147386069196
"p1006": 0.00041396881309496247
"p1007": 1.5053411385271363E-05
