"p945": 0.0021695729159022354
"p946": 0.00037069025536230727
"p947": 4.139688130949624E-05
"p948": 0.0009257848001941888
"p949": 0.00017687758377693853
"p950": 1.6935087808430286E-05
"p951": 0
"p952": 0.03675478557356321
"p953": 0.014534068692479505
"p954": 0.003242128477102821
"p955": 0.0003274116976296521
"p956": 0.024126855097743677
"p957": 0.008746032014842663
"p958": 0.0018873214524283974
"p959": 0.00023332787647170614
"p960": 0.00030106822770542725
"p961": 4.516023415581409E-05
"p962": 0
"p963": 0
"p964": 0
"p965": 0
"p966": 0
"p967": 0
"p968": 0.006770271770525795
"p969": 0.002468759467184503
"p970": 0.00044219395944234633
"p971": 1.8816764231589203E-05
"p972": 0.0010480937676995185
"p973": 0.00031988499193701646
"p974": 4.516023415581409E-05
"p975": 0
"p976": 0.0017104438686514588
"p977": 0.0003537551675538771
"p978": 3.575185204001949E-05
"p979": 1.8816764231589204E-06
"p980": 0
"p981": 0
"p982": 0
"p983": 0
"p984": 0.0065990392160183335
"p985": 0.0021281760345927382
"p986": 0.0003857436667475787
"p987": 4.139688130949625E-05
"p988": 0.0012155629693606626
"p989": 0.00039703372528653215
"p990": 5.833196911792654E-05
"p991": 1.1290058538953523E-05
"p992": 0.0026343469924224885
"p993": 0.0007470255399940913
"p994": 9.408382115794602E-05
"p995": 1.1290058538953523E-05
"p996": 6.774035123372114E-05
"p997": 0
"p998": 0
"p999": 0
"p1000": 0.04922465522983738
"p1001": 0.019938243379791925
"p1002": 0.004549893591198271
"p1003": 0.0004948808992907962
"p1004": 0.01793425798912767
"p1005": 0.006143673521613874
"p1006": 0.0011647577059353718
"p1007": 0.00011290058538953522
