"p945": 6.0213645541085445E-05
"p946": 5.645029269476761E-06
"p947": 0
"p948": 0.0005720296326403118
"p949": 0.00022768284720222937
"p950": 7.33853805031979E-05
"p951": 1.1290058538953523E-05
"p952": 0.0008994413302699641
"p953": 0.0003217666683601754
"p954": 3.763352846317841E-05
"p955": 1.8816764231589204E-06
"p956": 0.003307987151913383
"p957": 0.0010782005904700614
"p958": 0.0001467707610063958
"p959": 7.5267056926356815E-06
"p960": 0.00010913723254321738
"p961": 2.0698440654748124E-05
"p962": 0
"p963": 0
"p964": 0.00039891540170969113
"p965": 6.962202765688005E-05
"p966": 0
"p967": 0
"p968": 0.0029071900737805316
"p969": 0.0009220214473478711
"p970": 0.0001599424959685082
"p971": 2.8225146347383808E-05
"p972": 0.005216007044996527
"p973": 0.0018797947467357609
"p974": 0.00036504522609283053
"p975": 4.5160234155814084E-05
"p976": 0.0012155629693606626
"p977": 0.00023144620004854718
"p978": 2.2580117077907045E-05
"p979": 0
"p980": 0.0014620625807944807
"p981": 0.0003499918147075592
"p982": 4.516023415581409E-05
"p983": 0
"p984": 0.006913279178685875
"p985": 0.002145111122401169
"p986": 0.0003650452260928305
"p987": 2.822514634738381E-05
"p988": 0.008098735325275993
"p989": 0.002796171164814155
"p990": 0.00047041910578973014
"p991": 4.704191057897301E-05
"p992": 2.0698440654748124E-05
"p993": 3.7633528463178407E-06
"p994": 0
"p995": 0
"p996": 7.903040977267465E-05
"p997": 2.4461793501065963E-05
"p998": 9.408382115794602E-06
"p999": 0
"p1000": 0.0006341249546045562
"p1001": 0.00017499590735377957
"p1002": 3.198849919370165E-05
"p1003": 1.8816764231589204E-06
"p1004": 0.0024029007923739407
"p1005": 0.0008053575091120179
"p1006": 6.774035123372113E-05
"p1007": 0
