"p945": 0.004401241153768715
"p946": 0.000995406827851069
"p947": 3.9515204886337324E-05
"p948": 0.00043843060659602847
"p949": 6.209532196424438E-05
"p950": 0
"p951": 0
"p952": 0.005835078588215813
"p953": 0.0019324816865842114
"p954": 0.0001637058488148261
"p955": 1.8816764231589204E-06
"p956": 0.013213131843421943
"p957": 0.004431347976539258
"p958": 0.000425258871633916
"p959": 1.5053411385271365E-05
"p960": 0.0017160888979209353
"p961": 0.0006209532196424437
"p962": 8.27937626189925E-05
"p963": 0
"p964": 0
"p965": 0
"p966": 0
"p967": 0
"p968": 0.0006642317773750989
"p969": 0.00017687758377693853
"p970": 9.408382115794602E-06
"p971": 0
"p972": 0.0004139688130949626
"p973": 0.00011478226181269412
"p974": 7.5267056926356815E-06
"p975": 0
"p976": 0.0023464504996791734
"p977": 0.0007526705692635682
"p978": 0.00010913723254321738
"p979": 0
"p980": 8.091208619583358E-05
"p981": 0
"p982": 0
"p983": 0
"p984": 0.0014470091694092097
"p985": 0.00044219395944234633
"p986": 5.456861627160869E-05
"p987": 0
"p988": 0.0009107313888089174
"p989": 0.0003255300212064932
"p990": 4.704191057897301E-05
"p991": 0
"p992": 0.006220822254963391
"p993": 0.0024725228200308215
"p994": 0.0004403122830191873
"p995": 1.8816764231589207E-05
"p996": 5.645029269476761E-06
"p997": 0
"p998": 0
"p999": 0
"p1000": 0.009530691083299932
"p1001": 0.003065250893325881
"p1002": 0.0004120871366718036
"p1003": 2.2580117077907045E-05
"p1004": 0.003422769413726076
"p1005": 0.001136532559587988
"p1006": 0.00011666393823585307
"p1007": 5.645029269476761E-06
