"p945": 0.0046552674708951695
"p946": 0.0009540099465415727
"p947": 6.39769983874033E-05
"p948": 0.00011101890896637632
"p949": 2.6343469924224887E-05
"p950": 0
"p951": 0
"p952": 0.004316565714726563
"p953": 0.0011497042945501005
"p954": 0.00010349220327374062
"p955": 0
"p956": 0.009863747810199061
"p957": 0.0031010027453659
"p958": 0.0004760641350592068
"p959": 3.0106822770542733E-05
"p960": 0.008966188156352256
"p961": 0.0036993758479304376
"p962": 0.0007903040977267465
"p963": 6.962202765688005E-05
"p964": 0.00012795399677480656
"p965": 1.8816764231589203E-05
"p966": 0
"p967": 0
"p968": 0.01899928684463562
"p969": 0.00684930218029847
"p970": 0.0011007807075479683
"p971": 8.27937626189925E-05
"p972": 0.012375785835116221
"p973": 0.004738061233514161
"p974": 0.0009859984457352743
"p975": 0.00013171734962112442
"p976": 0.00048359084075184255
"p977": 8.655711546531033E-05
"p978": 5.645029269476761E-06
"p979": 0
"p980": 4.8923587002131926E-05
"p981": 0
"p982": 0
"p983": 0
"p984": 3.9515204886337324E-05
"p985": 1.8816764231589204E-06
"p986": 0
"p987": 0
"p988": 0.0001392440553137601
"p989": 3.575185204001949E-05
"p990": 0
"p991": 0
"p992": 0.010494109411957298
"p993": 0.004132161425256989
"p994": 0.0008222925969204483
"p995": 6.0213645541085445E-05
"p996": 1.1290058538953521E-05
"p997": 0
"p998": 0
"p999": 0
"p1000": 0.012849968293752269
"p1001": 0.004527313474120363
"p1002": 0.000686811894453006
"p1003": 3.9515204886337324E-05
"p1004": 0.008268086203360296
"p1005": 0.003038907423401656
"p1006": 0.0006021364554108544
"p1007": 7.33853805031979E-05
