"p945": 0.0031856781844080517
"p946": 0.0006585867481056221
"p947": 8.279376261899248E-05
"p948": 0.001445127492986051
"p949": 0.0003142399626675397
"p950": 2.2580117077907045E-05
"p951": 0
"p952": 0.06473719566235953
"p953": 0.027927841472524716
"p954": 0.006990427912035394
"p955": 0.0009540099465415733
"p956": 0.03539433351961929
"p957": 0.012947815467756533
"p958": 0.0026945606379635734
"p959": 0.00022203781793275258
"p960": 0.00011854561465901199
"p961": 3.3870175616860565E-05
"p962": 0
"p963": 0
"p964": 0
"p965": 0
"p966": 0
"p967": 0
"p968": 0.0030332623941321797
"p969": 0.001016105268505817
"p970": 0.00013171734962112442
"p971": 5.645029269476761E-06
"p972": 0.0002728430813580435
"p973": 3.198849919370165E-05
"p974": 0
"p975": 0
"p976": 0.0008204109204972892
"p977": 0.0001110189089663763
"p978": 3.7633528463178407E-06
"p979": 0
"p980": 0
"p981": 0
"p982": 0
"p983": 0
"p984": 0.005645029269476761
"p985": 0.0017781842198851797
"p986": 0.0003029499041285862
"p987": 7.5267056926356815E-06
"p988": 0.000709392011530913
"p989": 0.0001223089675053298
"p990": 0
"p991": 0
"p992": 0.0007940674505730644
"p993": 0.00017499590735377962
"p994": 1.3171734962112442E-05
"p995": 0
"p996": 0
"p997": 0
"p998": 0
"p999": 0
"p1000": 0.01774797202323494
"p1001": 0.0066479628030204655
"p1002": 0.0012814216441712249
"p1003": 9.032046831162817E-05
"p1004": 0.006322432781813972
"p1005": 0.0020435005955505873
"p1006": 0.0004346672537497106
"p1007": 5.645029269476761E-05
