"p945": 1.8816764231589204E-06
"p946": 0
"p947": 0
"p948": 0.0001129005853895352
"p949": 9.408382115794602E-06
"p950": 0
"p951": 0
"p952": 0.0003292933740528111
"p953": 0.00010537387969689954
"p954": 2.446179350106597E-05
"p955": 1.8816764231589204E-06
"p956": 0.0014225473759081437
"p957": 0.0004591290472507766
"p958": 0.00010725555612005847
"p959": 1.8816764231589204E-06
"p960": 3.575185204001949E-05
"p961": 0
"p962": 0
"p963": 0
"p964": 0.00010349220327374063
"p965": 0
"p966": 0
"p967": 0
"p968": 0.00011666393823585305
"p969": 1.8816764231589203E-05
"p970": 0
"p971": 0
"p972": 0.0002973048748591094
"p973": 5.080526342529085E-05
"p974": 0
"p975": 0
"p976": 0
"p977": 0
"p978": 0
"p979": 0
"p980": 0
"p981": 0
"p982": 0
"p983": 0
"p984": 0
"p985": 0
"p986": 0
"p987": 0
"p988": 1.8816764231589204E-06
"p989": 0
"p990": 0
"p991": 0
"p992": 0.0007865407448804287
"p993": 9.784717400426385E-05
"p994": 1.1290058538953523E-05
"p995": 0
"p996": 0.0007206820700698665
"p997": 8.843879188846925E-05
"p998": 0
"p999": 0
"p1000": 0.0049807974921016645
"p1001": 0.001294593379133337
"p1002": 0.0001580608195453493
"p1003": 9.408382115794602E-06
"p1004": 0.0038913068430926475
"p1005": 0.0013341085840196745
"p1006": 0.00011666393823585307
"p1007": 5.645029269476761E-06
