"p945": 0.0006868118944530059
"p946": 8.467543904215141E-05
"p947": 0
"p948": 0.004867896906712127
"p949": 0.001625768429609307
"p950": 0.0003161216390906986
"p951": 3.7633528463178407E-05
"p952": 0.018431020564841628
"p953": 0.005991257731338005
"p954": 0.0010744372376237437
"p955": 0.00010161052685058171
"p956": 0.030197143238854363
"p957": 0.011299466921069317
"p958": 0.002171454592325394
"p959": 0.00018064093662325636
"p960": 0.0019512984508158002
"p961": 0.0005720296326403116
"p962": 7.714873334951573E-05
"p963": 1.8816764231589204E-06
"p964": 0.001537329637720838
"p965": 0.0004610107236739355
"p966": 4.892358700213193E-05
"p967": 0
"p968": 0.015830543748035997
"p969": 0.0058106167947147465
"p970": 0.001296475055556496
"p971": 0.00016935087808430286
"p972": 0.013499146659742093
"p973": 0.005340197688925016
"p974": 0.0010669105319311078
"p975": 9.972885042742277E-05
"p976": 0
"p977": 0
"p978": 0
"p979": 0
"p980": 0.00025402631712645424
"p981": 1.6935087808430282E-05
"p982": 0
"p983": 0
"p984": 5.268693984844977E-05
"p985": 5.645029269476761E-06
"p986": 0
"p987": 0
"p988": 0.00040644210740232675
"p989": 6.585867481056221E-05
"p990": 5.645029269476761E-06
"p991": 0
"p992": 0.000827937626189925
"p993": 0.00023144620004854718
"p994": 1.8816764231589203E-05
"p995": 0
"p996": 0.0008956779774236461
"p997": 0.0002389729057411829
"p998": 1.8816764231589203E-05
"p999": 0
"p1000": 0.009844931045967472
"p1001": 0.0035262616169998164
"p1002": 0.000805357509112018
"p1003": 9.596549758110493E-05
"p1004": 0.013849138474449652
"p1005": 0.0052235337506891626
"p1006": 0.0010010518571205455
"p1007": 8.091208619583357E-05
