"p945": 0.0038273298447052445
"p946": 0.0007959491269962233
"p947": 5.8331969117926534E-05
"p948": 4.139688130949625E-05
"p949": 3.7633528463178407E-06
"p950": 0
"p951": 0
"p952": 0.003949638812210573
"p953": 0.0011741660880511665
"p954": 0.0001392440553137601
"p955": 5.645029269476761E-06
"p956": 0.007474018752787233
"p957": 0.0021131226232074677
"p958": 0.0002935415220127916
"p959": 2.0698440654748128E-05
"p960": 0.0035751852040019497
"p961": 0.001294593379133337
"p962": 0.00024085458216434178
"p963": 7.5267056926356815E-06
"p964": 0.00010913723254321737
"p965": 0
"p966": 0
"p967": 0
"p968": 0.002130057711015898
"p969": 0.0006886935708761649
"p970": 9.596549758110493E-05
"p971": 0
"p972": 0.0015994249596850822
"p973": 0.0005739113090634709
"p974": 0.00010725555612005845
"p975": 1.1290058538953523E-05
"p976": 0.000519342692791862
"p977": 0.0001279539967748066
"p978": 5.645029269476761E-06
"p979": 0
"p980": 0
"p981": 0
"p982": 0
"p983": 0
"p984": 1.6935087808430286E-05
"p985": 0
"p986": 0
"p987": 0
"p988": 3.387017561686057E-05
"p989": 0
"p990": 0
"p991": 0
"p992": 0.018271078068873115
"p993": 0.007174832201504963
"p994": 0.0015203945499124075
"p995": 0.00012607232035164766
"p996": 0.0001392440553137601
"p997": 1.8816764231589203E-05
"p998": 0
"p999": 0
"p1000": 0.03129227891713285
"p1001": 0.011077429103136567
"p1002": 0.0017142072214977764
"p1003": 0.0001204272910821709
"p1004": 0.020222376519688917
"p1005": 0.007568102573945177
"p1006": 0.0015279212556050434
"p1007": 0.0002051027301243223
