"p945": 0.0019136649223526223
"p946": 0.0003405834325917646
"p947": 9.408382115794602E-06
"p948": 3.951520488633733E-05
"p949": 5.645029269476761E-06
"p950": 0
"p951": 0
"p952": 0.0012983567319796551
"p953": 0.00034434678543808245
"p954": 3.7633528463178407E-05
"p955": 0
"p956": 0.003441586177957666
"p957": 0.0010292770034679294
"p958": 0.00013171734962112442
"p959": 0
"p960": 0.005908463968719011
"p961": 0.002355858881794968
"p962": 0.00045724737082761767
"p963": 3.198849919370165E-05
"p964": 6.962202765688006E-05
"p965": 5.645029269476761E-06
"p966": 0
"p967": 0
"p968": 0.014430576489205763
"p969": 0.00491305714086794
"p970": 0.0006548233952593043
"p971": 4.51602341558141E-05
"p972": 0.005654437651592556
"p973": 0.0018590963060810132
"p974": 0.0002013393772780045
"p975": 1.1290058538953523E-05
"p976": 0.0003142399626675397
"p977": 4.516023415581409E-05
"p978": 0
"p979": 0
"p980": 3.7633528463178407E-05
"p981": 0
"p982": 0
"p983": 0
"p984": 2.6343469924224887E-05
"p985": 0
"p986": 0
"p987": 0
"p988": 7.150370408003898E-05
"p989": 2.0698440654748124E-05
"p990": 0
"p991": 0
"p992": 0.005340197688925016
"p993": 0.002169572915902235
"p994": 0.0003970337252865322
"p995": 1.5053411385271365E-05
"p996": 1.8816764231589204E-06
"p997": 0
"p998": 0
"p999": 0
"p1000": 0.008890921099425901
"p1001": 0.0030050372477847956
"p1002": 0.00036316354966967155
"p1003": 1.3171734962112442E-05
"p1004": 0.0035676584983093135
"p1005": 0.0013096467905186083
"p1006": 0.0001467707610063958
"p1007": 7.5267056926356815E-06
