"p945": 0.0017273789564598888
"p946": 0.00037633528463178407
"p947": 5.645029269476761E-05
"p948": 0.013711776095559052
"p949": 0.004992087550640615
"p950": 0.0011534676473964182
"p951": 0.0001825226130464153
"p952": 0.001433837434447097
"p953": 0.0004666557529434122
"p954": 0.00010725555612005847
"p955": 1.8816764231589204E-06
"p956": 0.0032176666836017543
"p957": 0.0008730978603457391
"p958": 0.00011854561465901199
"p959": 5.645029269476761E-06
"p960": 0.0003180033155138575
"p961": 5.456861627160869E-05
"p962": 0
"p963": 0
"p964": 0.0010443304148532004
"p965": 0.0003010682277054272
"p966": 4.516023415581409E-05
"p967": 0
"p968": 7.150370408003898E-05
"p969": 2.0698440654748124E-05
"p970": 5.645029269476761E-06
"p971": 0
"p972": 0.0003462284618612414
"p973": 0.00010913723254321738
"p974": 5.645029269476761E-06
"p975": 0
"p976": 0
"p977": 0
"p978": 0
"p979": 0
"p980": 0
"p981": 0
"p982": 0
"p983": 0
"p984": 0
"p985": 0
"p986": 0
"p987": 0
"p988": 0
"p989": 0
"p990": 0
"p991": 0
"p992": 0.0046722025587035984
"p993": 0.0016878637515735512
"p994": 0.00034246510901492347
"p995": 3.951520488633733E-05
"p996": 0.009062153653933362
"p997": 0.003052079158363769
"p998": 0.0005870830440255833
"p999": 6.962202765688005E-05
"p1000": 0.0020039853906642494
"p1001": 0.0006642317773750989
"p1002": 5.4568616271608685E-05
"p1003": 0
"p1004": 0.0025873050818435153
"p1005": 0.0007658423042256805
"p1006": 7.903040977267465E-05
"p1007": 0
