"p945": 0.0009859984457352743
"p946": 0.00018064093662325636
"p947": 1.8816764231589203E-05
"p948": 3.3870175616860565E-05
"p949": 0
"p950": 0
"p951": 0
"p952": 0.017198522507672533
"p953": 0.006217058902117073
"p954": 0.0010518571205458368
"p955": 4.704191057897301E-05
"p956": 0.006695004713599439
"p957": 0.002239194943559115
"p958": 0.00039703372528653225
"p959": 4.51602341558141E-05
"p960": 0.003930822047978984
"p961": 0.001409375640946031
"p962": 0.0002747247577812024
"p963": 3.0106822770542726E-05
"p964": 0.00059272807329506
"p965": 0.0001204272910821709
"p966": 5.645029269476761E-06
"p967": 0
"p968": 0.03902973236916233
"p969": 0.0171590073027862
"p970": 0.004485916592810867
"p971": 0.0006548233952593045
"p972": 0.017396098532104224
"p973": 0.007165423819389169
"p974": 0.0015900165775692876
"p975": 0.00013171734962112442
"p976": 0.0002991865512822683
"p977": 3.3870175616860565E-05
"p978": 0
"p979": 0
"p980": 0
"p981": 0
"p982": 0
"p983": 0
"p984": 0.0005042892814065906
"p985": 7.526705692635683E-05
"p986": 5.645029269476761E-06
"p987": 0
"p988": 1.8816764231589203E-05
"p989": 3.7633528463178407E-06
"p990": 0
"p991": 0
"p992": 0.0025195647306097938
"p993": 0.0008241742733436071
"p994": 0.00015241579027587253
"p995": 1.6935087808430282E-05
"p996": 2.6343469924224887E-05
"p997": 0
"p998": 0
"p999": 0
"p1000": 0.04653009459187381
"p1001": 0.019057618813753553
"p1002": 0.00444451971150137
"p1003": 0.0004704191057897301
"p1004": 0.015282975908896754
"p1005": 0.005255522249882865
"p1006": 0.0008825062424615337
"p1007": 7.150370408003898E-05
