"p945": 0.0005983731025645366
"p946": 0.0001298356731979655
"p947": 7.5267056926356815E-06
"p948": 0
"p949": 0
"p950": 0
"p951": 0
"p952": 0.007684766512181031
"p953": 0.0027096140493488453
"p954": 0.00044031228301918735
"p955": 1.5053411385271363E-05
"p956": 0.002276828472022294
"p957": 0.0008730978603457392
"p958": 0.00010349220327374063
"p959": 5.645029269476761E-06
"p960": 0.0009370748587331423
"p961": 0.00022015614150959367
"p962": 1.3171734962112442E-05
"p963": 0
"p964": 0
"p965": 0
"p966": 0
"p967": 0
"p968": 0.018942836551940852
"p969": 0.006815432004681609
"p970": 0.0012042729108217092
"p971": 8.467543904215141E-05
"p972": 0.0063356045167760845
"p973": 0.0021902713565569833
"p974": 0.00041020546024864466
"p975": 6.021364554108545E-05
"p976": 0.0022467216492517506
"p977": 0.000611544837526649
"p978": 6.0213645541085445E-05
"p979": 0
"p980": 0.00013548070246744226
"p981": 5.645029269476761E-06
"p982": 0
"p983": 0
"p984": 0.03491262435529062
"p985": 0.0122026716041856
"p986": 0.0022674200899064994
"p987": 0.00017875926020009746
"p988": 0.013677905919942192
"p989": 0.005046656166912224
"p990": 0.0011214791482027165
"p991": 0.00015994249596850823
"p992": 0.0001693508780843028
"p993": 6.0213645541085445E-05
"p994": 1.8816764231589203E-05
"p995": 0
"p996": 0
"p997": 0
"p998": 0
"p999": 0
"p1000": 0.00819093747001078
"p1001": 0.0029391785729742334
"p1002": 0.00043466725374971066
"p1003": 9.408382115794602E-06
"p1004": 0.0017988826605399274
"p1005": 0.0006115448375266493
"p1006": 0.00013171734962112445
"p1007": 1.8816764231589204E-06
