"p945": 0.000566384603370835
"p946": 0.00010349220327374063
"p947": 2.6343469924224887E-05
"p948": 0.005882120498794786
"p949": 0.00193436336300737
"p950": 0.00042525887163391606
"p951": 5.645029269476761E-05
"p952": 0.000329293374052811
"p953": 0.00010537387969689954
"p954": 2.4461793501065966E-05
"p955": 1.8816764231589204E-06
"p956": 0.0016671653109188035
"p957": 0.00043654893017286954
"p958": 6.021364554108545E-05
"p959": 5.645029269476761E-06
"p960": 0.0007733690099183163
"p961": 0.00018628596589273316
"p962": 1.3171734962112442E-05
"p963": 0
"p964": 0.0021601645337864404
"p965": 0.0006002547789876957
"p966": 6.021364554108546E-05
"p967": 0
"p968": 0.00013359902604428333
"p969": 3.9515204886337324E-05
"p970": 5.645029269476761E-06
"p971": 0
"p972": 0.000588964720448742
"p973": 0.00022580117077907044
"p974": 3.575185204001949E-05
"p975": 0
"p976": 0
"p977": 0
"p978": 0
"p979": 0
"p980": 0.00010161052685058169
"p981": 5.645029269476761E-06
"p982": 0
"p983": 0
"p984": 0
"p985": 0
"p986": 0
"p987": 0
"p988": 0
"p989": 0
"p990": 0
"p991": 0
"p992": 0.014353427755856244
"p993": 0.005532128684087227
"p994": 0.0010838456197395383
"p995": 9.032046831162818E-05
"p996": 0.028962763505262095
"p997": 0.010351102003797222
"p998": 0.00214322944597801
"p999": 0.00020133937727800444
"p1000": 0.005778628295521044
"p1001": 0.0021413477695548513
"p1002": 0.00034811013828440026
"p1003": 9.408382115794602E-06
"p1004": 0.012206434957031914
"p1005": 0.004113344661025401
"p1006": 0.0006529417188361454
"p1007": 1.3171734962112444E-05
