"p945": 0.0018365161890031062
"p946": 0.0004290222244802338
"p947": 6.021364554108546E-05
"p948": 0.00012230896750532982
"p949": 2.6343469924224887E-05
"p950": 0
"p951": 0
"p952": 0.0018440428946957415
"p953": 0.0006529417188361454
"p954": 0.00012230896750532982
"p955": 7.5267056926356815E-06
"p956": 0.0033380939746839246
"p957": 0.001014223592082658
"p958": 0.00017311423093062064
"p959": 1.1290058538953523E-05
"p960": 0.002777354400582566
"p961": 0.0009747083871963209
"p962": 0.00017123255450746176
"p963": 1.8816764231589203E-05
"p964": 0.00012419064392848873
"p965": 1.317173496211244E-05
"p966": 0
"p967": 0
"p968": 0.004352317566766583
"p969": 0.0011252425010490345
"p970": 0.00013359902604428333
"p971": 7.5267056926356815E-06
"p972": 0.003981627311404275
"p973": 0.0012851849970175425
"p974": 0.00020886608297064017
"p975": 1.1290058538953523E-05
"p976": 3.7633528463178407E-06
"p977": 0
"p978": 0
"p979": 0
"p980": 1.3171734962112442E-05
"p981": 0
"p982": 0
"p983": 0
"p984": 0
"p985": 0
"p986": 0
"p987": 0
"p988": 0
"p989": 0
"p990": 0
"p991": 0
"p992": 0.0050165493441416825
"p993": 0.0017631308084999078
"p994": 0.00030294990412858613
"p995": 3.0106822770542722E-05
"p996": 9.4083821157946E-06
"p997": 0
"p998": 0
"p999": 0
"p1000": 0.0038724900788610584
"p1001": 0.0012324980571690924
"p1002": 0.00019945770085484557
"p1003": 1.5053411385271365E-05
"p1004": 0.002890254985972102
"p1005": 0.0009916434750047508
"p1006": 0.00017311423093062064
"p1007": 1.1290058538953523E-05
