"p945": 0.0002897781691664738
"p946": 7.33853805031979E-05
"p947": 1.1290058538953523E-05
"p948": 1.1290058538953523E-05
"p949": 0
"p950": 0
"p951": 0
"p952": 0.006945267677879577
"p953": 0.002414190850912895
"p954": 0.0005381594570234513
"p955": 6.774035123372113E-05
"p956": 0.0023144620004854712
"p957": 0.0007733690099183163
"p958": 0.0001392440553137601
"p959": 1.1290058538953523E-05
"p960": 0.0010010518571205457
"p961": 0.000259671346395931
"p962": 3.3870175616860565E-05
"p963": 0
"p964": 7.903040977267465E-05
"p965": 0
"p966": 0
"p967": 0
"p968": 0.007093920115309131
"p969": 0.0020547906540895407
"p970": 0.0002991865512822683
"p971": 2.6343469924224884E-05
"p972": 0.0035864752625409013
"p973": 0.0011948645287059145
"p974": 0.00018628596589273313
"p975": 1.1290058538953523E-05
"p976": 1.5053411385271363E-05
"p977": 0
"p978": 0
"p979": 0
"p980": 0
"p981": 0
"p982": 0
"p983": 0
"p984": 3.7633528463178407E-06
"p985": 0
"p986": 0
"p987": 0
"p988": 0
"p989": 0
"p990": 0
"p991": 0
"p992": 0.0007319721286088201
"p993": 0.00015617914312219037
"p994": 2.0698440654748124E-05
"p995": 0
"p996": 0
"p997": 0
"p998": 0
"p999": 0
"p1000": 0.008764848779074255
"p1001": 0.002801816194083633
"p1002": 0.0004572473708276176
"p1003": 4.3278557732655166E-05
"p1004": 0.0023144620004854717
"p1005": 0.0007733690099183162
"p1006": 0.0001392440553137601
"p1007": 1.1290058538953523E-05
