"p945": 9.408382115794602E-05
"p946": 1.6935087808430286E-05
"p947": 0
"p948": 0.0012456697921312053
"p949": 0.00032929337405281106
"p950": 5.2686939848449775E-05
"p951": 1.1290058538953523E-05
"p952": 0.0021658095630559173
"p953": 0.0006981019529919595
"p954": 0.00013171734962112442
"p955": 3.3870175616860565E-05
"p956": 0.007586919338176768
"p957": 0.0025628432883424497
"p958": 0.0004854725171750015
"p959": 6.209532196424436E-05
"p960": 0.002291881883407565
"p961": 0.0008241742733436072
"p962": 0.00012607232035164763
"p963": 5.645029269476761E-06
"p964": 0.003725719317854663
"p965": 0.0012720132620554303
"p966": 0.00022768284720222932
"p967": 7.5267056926356815E-06
"p968": 0.008625604723760493
"p969": 0.003492391441382956
"p970": 0.0007376171578782968
"p971": 5.080526342529084E-05
"p972": 0.01399779091187921
"p973": 0.005806853441868427
"p974": 0.001302120084825973
"p975": 0.00010349220327374062
"p976": 0
"p977": 0
"p978": 0
"p979": 0
"p980": 9.596549758110493E-05
"p981": 0
"p982": 0
"p983": 0
"p984": 1.5053411385271365E-05
"p985": 0
"p986": 0
"p987": 0
"p988": 0.00013171734962112442
"p989": 1.8816764231589203E-05
"p990": 0
"p991": 0
"p992": 0.0007300904521856611
"p993": 0.0001975760244316866
"p994": 5.645029269476761E-06
"p995": 0
"p996": 0.0019004931873905094
"p997": 0.0005626212505245172
"p998": 9.220214473478709E-05
"p999": 0
"p1000": 0.009933369837855942
"p1001": 0.0036692690251598947
"p1002": 0.0006378883074508741
"p1003": 5.080526342529085E-05
"p1004": 0.022521785108789123
"p1005": 0.008155185617970762
"p1006": 0.0015486196962597916
"p1007": 0.00012983567319796552
