"p945": 0.004145333160219102
"p946": 0.0008166475676509714
"p947": 8.655711546531033E-05
"p948": 0.02271559778037449
"p949": 0.008796837278267956
"p950": 0.0017800658963083391
"p951": 0.0001486524374295547
"p952": 0.0050955797539143565
"p953": 0.0014357191108702563
"p954": 0.00019381267158536877
"p955": 9.408382115794602E-06
"p956": 0.0069847828827659135
"p957": 0.001748077397114637
"p958": 0.00019004931873905096
"p959": 1.1290058538953523E-05
"p960": 0.0017461957206914784
"p961": 0.00036504522609283053
"p962": 1.8816764231589203E-05
"p963": 0
"p964": 0.0038743717552842177
"p965": 0.0013962039059839191
"p966": 0.0002784881106275202
"p967": 7.5267056926356815E-06
"p968": 0.00036880857893914834
"p969": 0.00011854561465901199
"p970": 1.6935087808430286E-05
"p971": 0
"p972": 0.0009464832408489368
"p973": 0.0003405834325917646
"p974": 8.091208619583358E-05
"p975": 1.1290058538953523E-05
"p976": 5.080526342529085E-05
"p977": 0
"p978": 0
"p979": 0
"p980": 0.0004760641350592069
"p981": 0.00011666393823585307
"p982": 5.645029269476761E-06
"p983": 0
"p984": 0
"p985": 0
"p986": 0
"p987": 0
"p988": 0
"p989": 0
"p990": 0
"p991": 0
"p992": 0.017473247265453733
"p993": 0.007060049939692269
"p994": 0.0018007643369630866
"p995": 0.00026155302281908997
"p996": 0.02147933637035908
"p997": 0.008505177432678321
"p998": 0.001845924571118901
"p999": 0.00016746920166114393
"p1000": 0.010970173547016508
"p1001": 0.0035243799405766567
"p1002": 0.00048170916432868356
"p1003": 2.2580117077907045E-05
"p1004": 0.008424265346482485
"p1005": 0.0027227857843109575
"p1006": 0.0003819803139012608
"p1007": 2.0698440654748124E-05
