"p945": 0.0001392440553137601
"p946": 3.010682277054273E-05
"p947": 1.8816764231589204E-06
"p948": 0.0017311423093062067
"p949": 0.00059272807329506
"p950": 0.00013171734962112445
"p951": 1.8816764231589204E-06
"p952": 6.774035123372114E-05
"p953": 3.198849919370165E-05
"p954": 5.645029269476761E-06
"p955": 0
"p956": 0.00042337719521075713
"p957": 0.0001486524374295547
"p958": 1.5053411385271363E-05
"p959": 0
"p960": 0.0019023748638136682
"p961": 0.00044031228301918735
"p962": 3.575185204001949E-05
"p963": 1.8816764231589204E-06
"p964": 0.0012343797335922517
"p965": 0.0003612818732465127
"p966": 1.5053411385271363E-05
"p967": 0
"p968": 0.0010763189140469026
"p969": 0.00022015614150959367
"p970": 1.8816764231589207E-05
"p971": 0
"p972": 0.0008448727139983552
"p973": 0.00019004931873905096
"p974": 1.6935087808430286E-05
"p975": 0
"p976": 0
"p977": 0
"p978": 0
"p979": 0
"p980": 5.645029269476761E-06
"p981": 0
"p982": 0
"p983": 0
"p984": 0
"p985": 0
"p986": 0
"p987": 0
"p988": 0
"p989": 0
"p990": 0
"p991": 0
"p992": 0.0020077487435105675
"p993": 0.0006472966895666686
"p994": 0.00010537387969689955
"p995": 7.5267056926356815E-06
"p996": 0.0020604356833590176
"p997": 0.0007639606278025216
"p998": 0.00010349220327374062
"p999": 5.645029269476761E-06
"p1000": 0.0007075103351077541
"p1001": 0.00023709122931802397
"p1002": 2.4461793501065963E-05
"p1003": 0
"p1004": 0.0003161216390906987
"p1005": 0.0001542974666990315
"p1006": 1.1290058538953523E-05
"p1007": 0
