"p945": 0.0002860148163201559
"p946": 2.2580117077907045E-05
"p947": 0
"p948": 0.0014865243742955472
"p949": 0.00033870175616860566
"p950": 4.704191057897301E-05
"p951": 1.1290058538953523E-05
"p952": 0.006130501786651764
"p953": 0.0017254972800367302
"p954": 0.0002766064342043613
"p955": 1.8816764231589203E-05
"p956": 0.01384913847444966
"p957": 0.0052235337506891626
"p958": 0.0010010518571205457
"p959": 8.091208619583358E-05
"p960": 0.0001016105268505817
"p961": 1.8816764231589204E-06
"p962": 0
"p963": 0
"p964": 0.000848636066844673
"p965": 0.00013548070246744226
"p966": 3.7633528463178407E-06
"p967": 0
"p968": 0.0021582828573632816
"p969": 0.0005343961041771334
"p970": 3.3870175616860565E-05
"p971": 0
"p972": 0.004171676630143327
"p973": 0.0015768448426071754
"p974": 0.00030106822770542725
"p975": 7.5267056926356815E-06
"p976": 0
"p977": 0
"p978": 0
"p979": 0
"p980": 0
"p981": 0
"p982": 0
"p983": 0
"p984": 5.080526342529086E-05
"p985": 0
"p986": 0
"p987": 0
"p988": 0.000519342692791862
"p989": 0.0001279539967748066
"p990": 5.645029269476761E-06
"p991": 0
"p992": 0.0032270750657175484
"p993": 0.0008655711546531033
"p994": 8.279376261899248E-05
"p995": 1.8816764231589204E-06
"p996": 0.0025891867582666745
"p997": 0.00066235010095194
"p998": 6.209532196424436E-05
"p999": 0
"p1000": 0.03263955923611464
"p1001": 0.011380379007265152
"p1002": 0.0022636567370601813
"p1003": 0.00025590799354961323
"p1004": 0.030197143238854363
"p1005": 0.011299466921069319
"p1006": 0.0021714545923253938
"p1007": 0.00018064093662325636
