"p945": 7.338538050319788E-05
"p946": 0
"p947": 0
"p948": 1.1290058538953523E-05
"p949": 0
"p950": 0
"p951": 0
"p952": 0.006277272547658159
"p953": 0.0020152754492032037
"p954": 0.00043843060659602847
"p955": 5.8331969117926534E-05
"p956": 0.0017010354865356638
"p957": 0.00043654893017286954
"p958": 6.585867481056221E-05
"p959": 2.0698440654748124E-05
"p960": 0.00066235010095194
"p961": 0.0001110189089663763
"p962": 3.7633528463178407E-06
"p963": 0
"p964": 0
"p965": 0
"p966": 0
"p967": 0
"p968": 0.002478167849300299
"p969": 0.0006491783659898276
"p970": 6.209532196424438E-05
"p971": 0
"p972": 0.0005362777806002923
"p973": 0.0001373623788906012
"p974": 1.1290058538953523E-05
"p975": 0
"p976": 0
"p977": 0
"p978": 0
"p979": 0
"p980": 0
"p981": 0
"p982": 0
"p983": 0
"p984": 0.00010161052685058169
"p985": 5.645029269476761E-06
"p986": 0
"p987": 0
"p988": 0
"p989": 0
"p990": 0
"p991": 0
"p992": 0.005142621664493329
"p993": 0.0016728103401882802
"p994": 0.0002973048748591094
"p995": 7.5267056926356815E-06
"p996": 0.000496762575713955
"p997": 0.00011666393823585305
"p998": 5.645029269476761E-06
"p999": 0
"p1000": 0.03840501579667356
"p1001": 0.013696722684173782
"p1002": 0.002781117753428884
"p1003": 0.0002464996114338186
"p1004": 0.01731518644590839
"p1005": 0.006358184633853992
"p1006": 0.0012795399677480658
"p1007": 7.150370408003896E-05
