"p945": 0.0008956779774236461
"p946": 0.00017123255450746173
"p947": 1.8816764231589203E-05
"p948": 3.3870175616860565E-05
"p949": 0
"p950": 0
"p951": 0
"p952": 0.015841833806574952
"p953": 0.0055659988597040865
"p954": 0.0010292770034679296
"p955": 6.39769983874033E-05
"p956": 0.007140962025888102
"p957": 0.002468759467184503
"p958": 0.0003970337252865322
"p959": 3.763352846317841E-05
"p960": 0.0016784553694577566
"p961": 0.0004798274879055247
"p962": 4.892358700213193E-05
"p963": 0
"p964": 0.00013548070246744226
"p965": 5.645029269476761E-06
"p966": 0
"p967": 0
"p968": 0.026866575969863072
"p969": 0.009551389523954682
"p970": 0.0017687758377693853
"p971": 0.00014112573173691902
"p972": 0.010770715846161658
"p973": 0.003968455576442162
"p974": 0.0008655711546531032
"p975": 0.00012607232035164766
"p976": 0.0002615530228190899
"p977": 1.6935087808430282E-05
"p978": 0
"p979": 0
"p980": 0
"p981": 0
"p982": 0
"p983": 0
"p984": 0.0005231060456381798
"p985": 8.843879188846926E-05
"p986": 5.645029269476761E-06
"p987": 0
"p988": 2.6343469924224887E-05
"p989": 3.7633528463178407E-06
"p990": 0
"p991": 0
"p992": 0.0009351931823099836
"p993": 0.00025402631712645424
"p994": 3.198849919370165E-05
"p995": 0
"p996": 0
"p997": 0
"p998": 0
"p999": 0
"p1000": 0.022446518051862763
"p1001": 0.007863525772381131
"p1002": 0.0014037306116765542
"p1003": 9.220214473478709E-05
"p1004": 0.007046878204730158
"p1005": 0.0024631144379150265
"p1006": 0.0005325144277539744
"p1007": 6.774035123372113E-05
