"p945": 0.0038160397861662907
"p946": 0.0007733690099183163
"p947": 4.139688130949625E-05
"p948": 3.763352846317841E-05
"p949": 3.7633528463178407E-06
"p950": 0
"p951": 0
"p952": 0.00489612205305951
"p953": 0.0016220050767629893
"p954": 0.00022768284720222937
"p955": 1.3171734962112442E-05
"p956": 0.007398751695860874
"p957": 0.0022391949435591153
"p958": 0.00037069025536230727
"p959": 2.822514634738381E-05
"p960": 0.003930822047978984
"p961": 0.0014093756409460309
"p962": 0.0002747247577812024
"p963": 3.0106822770542726E-05
"p964": 0.0002991865512822683
"p965": 3.3870175616860565E-05
"p966": 0
"p967": 0
"p968": 0.002519564730609794
"p969": 0.0008241742733436071
"p970": 0.00015241579027587256
"p971": 1.6935087808430282E-05
"p972": 0.0025270914363024295
"p973": 0.0009446015644257781
"p974": 0.00017875926020009746
"p975": 1.8816764231589203E-05
"p976": 0.00059272807329506
"p977": 0.0001204272910821709
"p978": 5.645029269476761E-06
"p979": 0
"p980": 0
"p981": 0
"p982": 0
"p983": 0
"p984": 2.6343469924224887E-05
"p985": 0
"p986": 0
"p987": 0
"p988": 4.139688130949625E-05
"p989": 0
"p990": 0
"p991": 0
"p992": 0.03902973236916235
"p993": 0.0171590073027862
"p994": 0.004485916592810867
"p995": 0.0006548233952593044
"p996": 0.0005042892814065906
"p997": 7.526705692635683E-05
"p998": 5.645029269476761E-06
"p999": 0
"p1000": 0.046530094591873794
"p1001": 0.01905761881375355
"p1002": 0.00444451971150137
"p1003": 0.00047041910578973014
"p1004": 0.037609066669677345
"p1005": 0.013753172976868552
"p1006": 0.0026851522558477793
"p1007": 0.000212629435816958
