"p945": 0.00033870175616860566
"p946": 4.704191057897301E-05
"p947": 1.1290058538953523E-05
"p948": 3.3870175616860565E-05
"p949": 0
"p950": 0
"p951": 0
"p952": 0.013576295393091615
"p953": 0.004866015230288968
"p954": 0.0009295481530405068
"p955": 6.39769983874033E-05
"p956": 0.0059573875557211425
"p957": 0.0019136649223526216
"p958": 0.00030294990412858613
"p959": 3.198849919370165E-05
"p960": 0.0007300904521856611
"p961": 0.00011854561465901199
"p962": 3.7633528463178407E-06
"p963": 0
"p964": 0
"p965": 0
"p966": 0
"p967": 0
"p968": 0.005663846033708351
"p969": 0.0019136649223526223
"p970": 0.00031988499193701646
"p971": 7.5267056926356815E-06
"p972": 0.0007093920115309129
"p973": 0.00019004931873905096
"p974": 1.5053411385271363E-05
"p975": 0
"p976": 0
"p977": 0
"p978": 0
"p979": 0
"p980": 0
"p981": 0
"p982": 0
"p983": 0
"p984": 0.0005362777806002923
"p985": 0.0001279539967748066
"p986": 5.645029269476761E-06
"p987": 0
"p988": 3.387017561686057E-05
"p989": 0
"p990": 0
"p991": 0
"p992": 0.0025590799354961316
"p993": 0.00066235010095194
"p994": 6.209532196424436E-05
"p995": 0
"p996": 0.00013548070246744226
"p997": 5.645029269476761E-06
"p998": 0
"p999": 0
"p1000": 0.04769485229780917
"p1001": 0.016517355642489007
"p1002": 0.00303326239413218
"p1003": 0.00022956452362538827
"p1004": 0.017452548824798988
"p1005": 0.006215177225693913
"p1006": 0.00134163528971231
"p1007": 0.0001938126715853688
