"p945": 1.5053411385271361E-05
"p946": 0
"p947": 0
"p948": 0.00047982748790552463
"p949": 7.338538050319788E-05
"p950": 0
"p951": 0
"p952": 0.0019757602443168662
"p953": 0.0006209532196424437
"p954": 0.00011101890896637632
"p955": 2.8225146347383808E-05
"p956": 0.006322432781813972
"p957": 0.0020435005955505873
"p958": 0.0004346672537497106
"p959": 5.645029269476761E-05
"p960": 0.00011854561465901199
"p961": 3.3870175616860565E-05
"p962": 0
"p963": 0
"p964": 0.0008204109204972892
"p965": 0.0001110189089663763
"p966": 3.7633528463178407E-06
"p967": 0
"p968": 0.0007940674505730644
"p969": 0.00017499590735377962
"p970": 1.3171734962112442E-05
"p971": 0
"p972": 0.001955061803662118
"p973": 0.0005889647204487421
"p974": 6.021364554108546E-05
"p975": 0
"p976": 0
"p977": 0
"p978": 0
"p979": 0
"p980": 0
"p981": 0
"p982": 0
"p983": 0
"p984": 0
"p985": 0
"p986": 0
"p987": 0
"p988": 0.00010161052685058169
"p989": 5.645029269476761E-06
"p990": 0
"p991": 0
"p992": 0.0030332623941321793
"p993": 0.0010161052685058168
"p994": 0.00013171734962112442
"p995": 5.645029269476761E-06
"p996": 0.005645029269476761
"p997": 0.0017781842198851797
"p998": 0.0003029499041285862
"p999": 7.5267056926356815E-06
"p1000": 0.01774797202323494
"p1001": 0.006647962803020466
"p1002": 0.0012814216441712249
"p1003": 9.032046831162818E-05
"p1004": 0.03539433351961929
"p1005": 0.012947815467756533
"p1006": 0.0026945606379635734
"p1007": 0.00022203781793275255
