"p945": 0.0001467707610063958
"p946": 5.645029269476761E-06
"p947": 0
"p948": 0
"p949": 0
"p950": 0
"p951": 0
"p952": 0.004884831994520558
"p953": 0.0016427035174177377
"p954": 0.0002897781691664737
"p955": 9.408382115794602E-06
"p956": 0.0019926953321252965
"p957": 0.0006717584830677345
"p958": 5.4568616271608685E-05
"p959": 0
"p960": 0.0005024076049834318
"p961": 6.209532196424438E-05
"p962": 3.7633528463178407E-06
"p963": 0
"p964": 0
"p965": 0
"p966": 0
"p967": 0
"p968": 0.0034284144429955533
"p969": 0.0010687922083542668
"p970": 0.0001467707610063958
"p971": 0
"p972": 0.00039891540170969113
"p973": 0.00013359902604428335
"p974": 1.5053411385271363E-05
"p975": 0
"p976": 0
"p977": 0
"p978": 0
"p979": 0
"p980": 0
"p981": 0
"p982": 0
"p983": 0
"p984": 0.00030106822770542725
"p985": 6.209532196424438E-05
"p986": 0
"p987": 0
"p988": 1.5053411385271363E-05
"p989": 0
"p990": 0
"p991": 0
"p992": 0.0014752343157565936
"p993": 0.0003556368439770359
"p994": 2.8225146347383805E-05
"p995": 0
"p996": 0.00013548070246744226
"p997": 5.645029269476761E-06
"p998": 0
"p999": 0
"p1000": 0.032432574829567164
"p1001": 0.010755662434776391
"p1002": 0.0017763025434620213
"p1003": 0.00010537387969689955
"p1004": 0.007974544681347506
"p1005": 0.0025289731127255887
"p1006": 0.00032176666836017544
"p1007": 1.8816764231589203E-05
