"p945": 0.009410263792217762
"p946": 0.002421717556605531
"p947": 0.00027660643420436136
"p948": 0.0011139524425100807
"p949": 0.00016370584881482606
"p950": 5.645029269476761E-06
"p951": 0
"p952": 0.011890313317941218
"p953": 0.004017379163444296
"p954": 0.0005325144277539745
"p955": 2.0698440654748124E-05
"p956": 0.02805579546929951
"p957": 0.010063205511053908
"p958": 0.0015806081954534933
"p959": 0.00010913723254321738
"p960": 0.0028639115160478765
"p961": 0.0010255136506216115
"p962": 0.00015241579027587253
"p963": 5.645029269476761E-06
"p964": 0
"p965": 0
"p966": 0
"p967": 0
"p968": 0.0009765900636194795
"p969": 0.0002540263171264543
"p970": 9.408382115794602E-06
"p971": 0
"p972": 0.0007319721286088201
"p973": 0.0002201561415095937
"p974": 2.4461793501065963E-05
"p975": 0
"p976": 0.003985390664250594
"p977": 0.0013943222295607599
"p978": 0.0002464996114338186
"p979": 7.5267056926356815E-06
"p980": 0.00010913723254321737
"p981": 0
"p982": 0
"p983": 0
"p984": 0.002146992798824328
"p985": 0.0006886935708761649
"p986": 9.596549758110493E-05
"p987": 0
"p988": 0.0016332951353019427
"p989": 0.0005739113090634709
"p990": 0.00010725555612005845
"p991": 1.1290058538953523E-05
"p992": 0.010902433195782782
"p993": 0.00425258871633916
"p994": 0.0008147658912278124
"p995": 4.8923587002131926E-05
"p996": 1.5053411385271363E-05
"p997": 0
"p998": 0
"p999": 0
"p1000": 0.013826558357371746
"p1001": 0.004674084235126757
"p1002": 0.0007150370408003897
"p1003": 4.704191057897301E-05
"p1004": 0.008785547219729
"p1005": 0.0030708959225953575
"p1006": 0.0005776746619097885
"p1007": 6.774035123372114E-05
