"p945": 4.139688130949624E-05
"p946": 5.645029269476761E-06
"p947": 0
"p948": 0.0006999836294151183
"p949": 0.0002107477593937991
"p950": 3.198849919370165E-05
"p951": 0
"p952": 2.0698440654748128E-05
"p953": 1.1290058538953523E-05
"p954": 5.645029269476761E-06
"p955": 0
"p956": 0.00014488908458323686
"p957": 5.080526342529084E-05
"p958": 9.408382115794602E-06
"p959": 0
"p960": 0.0013040017612491316
"p961": 0.00041961384236443927
"p962": 6.585867481056221E-05
"p963": 5.645029269476761E-06
"p964": 0.001381150494598647
"p965": 0.0005682662797939941
"p966": 8.843879188846926E-05
"p967": 5.645029269476761E-06
"p968": 0.000449720665134982
"p969": 0.0001486524374295547
"p970": 5.645029269476761E-06
"p971": 0
"p972": 0.0002728430813580435
"p973": 0.00013548070246744226
"p974": 0
"p975": 0
"p976": 0.0032289567421407077
"p977": 0.0008975596538468051
"p978": 0.0001223089675053298
"p979": 9.408382115794602E-06
"p980": 0.0022749467955991347
"p981": 0.0007470255399940913
"p982": 8.655711546531035E-05
"p983": 5.645029269476761E-06
"p984": 0.001635176811725102
"p985": 0.0004045604309791679
"p986": 3.0106822770542726E-05
"p987": 0
"p988": 0.0010217502977752937
"p989": 0.0002803697870506791
"p990": 1.6935087808430286E-05
"p991": 0
"p992": 0.0003481101382844003
"p993": 9.596549758110492E-05
"p994": 7.5267056926356815E-06
"p995": 0
"p996": 0.0006021364554108544
"p997": 0.00018816764231589203
"p998": 1.8816764231589203E-05
"p999": 0
"p1000": 4.139688130949625E-05
"p1001": 1.8816764231589203E-05
"p1002": 1.3171734962112444E-05
"p1003": 0
"p1004": 2.0698440654748124E-05
"p1005": 1.6935087808430286E-05
"p1006": 1.1290058538953523E-05
"p1007": 0
