"p945": 0.001966351862201072
"p946": 0.00028789649274331484
"p947": 1.8816764231589203E-05
"p948": 0.00021451111224011693
"p949": 4.516023415581409E-05
"p950": 0
"p951": 0
"p952": 0.0029015450445110547
"p953": 0.0009050863595394408
"p954": 0.00010913723254321738
"p955": 7.5267056926356815E-06
"p956": 0.002816869605468904
"p957": 0.0009276664766173478
"p958": 0.00010913723254321737
"p959": 3.7633528463178407E-06
"p960": 0.0029260068380121203
"p961": 0.0011233608246258755
"p962": 0.00023897290574118285
"p963": 2.8225146347383805E-05
"p964": 9.4083821157946E-06
"p965": 0
"p966": 0
"p967": 0
"p968": 0.0017913559548472923
"p969": 0.00059272807329506
"p970": 0.0001204272910821709
"p971": 1.1290058538953523E-05
"p972": 0.0019475350979694822
"p973": 0.0005400411334466102
"p974": 8.279376261899251E-05
"p975": 2.4461793501065966E-05
"p976": 0.004017379163444293
"p977": 0.001558028078375586
"p978": 0.00031988499193701646
"p979": 3.7633528463178407E-05
"p980": 9.784717400426385E-05
"p981": 1.317173496211244E-05
"p982": 0
"p983": 0
"p984": 0.005575407241819881
"p985": 0.001827107806887311
"p986": 0.0002954231984359504
"p987": 3.198849919370165E-05
"p988": 0.004822736672556313
"p989": 0.0015918982539924462
"p990": 0.0002728430813580434
"p991": 2.2580117077907045E-05
"p992": 0.0015222762263355663
"p993": 0.0005061709578297497
"p994": 3.010682277054273E-05
"p995": 0
"p996": 0
"p997": 0
"p998": 0
"p999": 0
"p1000": 0.0005099343106760675
"p1001": 0.00017875926020009743
"p1002": 3.387017561686057E-05
"p1003": 1.8816764231589204E-06
"p1004": 0.0003123582862443808
"p1005": 0.00011666393823585301
"p1006": 3.387017561686057E-05
"p1007": 1.8816764231589204E-06
