"p945": 0.00017875926020009743
"p946": 0
"p947": 0
"p948": 0.0012776582913249068
"p949": 0.000378216961054943
"p950": 4.704191057897301E-05
"p951": 0
"p952": 0.002361503911064445
"p953": 0.0006002547789876956
"p954": 8.467543904215141E-05
"p955": 0
"p956": 0.006371356368816105
"p957": 0.0023727939696033986
"p958": 0.00035940019682335374
"p959": 9.408382115794602E-06
"p960": 0.0019418900687000057
"p961": 0.000474182458636048
"p962": 3.575185204001949E-05
"p963": 1.8816764231589204E-06
"p964": 0.0009954068278510688
"p965": 0.00022956452362538827
"p966": 1.5053411385271363E-05
"p967": 0
"p968": 0.014112573173691904
"p969": 0.0046251606481246274
"p970": 0.000733853805031979
"p971": 5.268693984844977E-05
"p972": 0.008409211935097215
"p973": 0.0032120216543322774
"p974": 0.0005362777806002923
"p975": 3.3870175616860565E-05
"p976": 0
"p977": 0
"p978": 0
"p979": 0
"p980": 0.00013736237889060116
"p981": 0
"p982": 0
"p983": 0
"p984": 3.3870175616860565E-05
"p985": 0
"p986": 0
"p987": 0
"p988": 0.0003142399626675397
"p989": 4.516023415581409E-05
"p990": 0
"p991": 0
"p992": 0.0006058998082571724
"p993": 0.0001618241723916671
"p994": 1.8816764231589204E-06
"p995": 0
"p996": 0.0004610107236739354
"p997": 0.00014677076100639576
"p998": 2.6343469924224884E-05
"p999": 0
"p1000": 0.009581496346725223
"p1001": 0.0030821859811343117
"p1002": 0.00045724737082761756
"p1003": 2.0698440654748124E-05
"p1004": 0.0070167713819596165
"p1005": 0.0026644538151930314
"p1006": 0.00043843060659602836
"p1007": 1.5053411385271365E-05
