"p945": 0.00017499590735377957
"p946": 0
"p947": 0
"p948": 4.139688130949625E-05
"p949": 0
"p950": 0
"p951": 0
"p952": 0.016459023673371074
"p953": 0.005801208412598952
"p954": 0.001328463554750198
"p955": 0.0002107477593937991
"p956": 0.0046308056773941035
"p957": 0.0013472803189817871
"p958": 0.00024461793501065964
"p959": 2.2580117077907045E-05
"p960": 0.00023897290574118285
"p961": 6.209532196424439E-05
"p962": 0
"p963": 0
"p964": 0
"p965": 0
"p966": 0
"p967": 0
"p968": 0.0013604520539438995
"p969": 0.000353755167553877
"p970": 4.516023415581409E-05
"p971": 0
"p972": 9.032046831162818E-05
"p973": 1.3171734962112444E-05
"p974": 0
"p975": 0
"p976": 0
"p977": 0
"p978": 0
"p979": 0
"p980": 0
"p981": 0
"p982": 0
"p983": 0
"p984": 0
"p985": 0
"p986": 0
"p987": 0
"p988": 0
"p989": 0
"p990": 0
"p991": 0
"p992": 0.0013604520539438995
"p993": 0.000353755167553877
"p994": 4.516023415581409E-05
"p995": 0
"p996": 0
"p997": 0
"p998": 0
"p999": 0
"p1000": 0.01196181702202126
"p1001": 0.0038517916382063097
"p1002": 0.0007300904521856613
"p1003": 8.655711546531033E-05
"p1004": 0.0046308056773941035
"p1005": 0.001347280318981787
"p1006": 0.00024461793501065964
"p1007": 2.2580117077907045E-05
