"p945": 0.00013548070246744226
"p946": 0
"p947": 0
"p948": 0.000709392011530913
"p949": 0.0001467707610063958
"p950": 5.645029269476761E-06
"p951": 0
"p952": 0.00198705030285582
"p953": 0.0005005259285602729
"p954": 7.150370408003898E-05
"p955": 0
"p956": 0.005142621664493329
"p957": 0.0019023748638136685
"p958": 0.0002916598455896326
"p959": 9.408382115794602E-06
"p960": 0.0001016105268505817
"p961": 1.8816764231589204E-06
"p962": 0
"p963": 0
"p964": 0.0005193426927918621
"p965": 6.209532196424438E-05
"p966": 3.7633528463178407E-06
"p967": 0
"p968": 0.0014808793450260703
"p969": 0.0003800986374781019
"p970": 2.6343469924224884E-05
"p971": 0
"p972": 0.0023257520590244255
"p973": 0.0008317009790362428
"p974": 0.00013548070246744226
"p975": 0
"p976": 0
"p977": 0
"p978": 0
"p979": 0
"p980": 0
"p981": 0
"p982": 0
"p983": 0
"p984": 2.2580117077907045E-05
"p985": 0
"p986": 0
"p987": 0
"p988": 0.00029354152201279153
"p989": 6.209532196424438E-05
"p990": 0
"p991": 0
"p992": 0.002549671553380337
"p993": 0.0006190715432192848
"p994": 3.7633528463178407E-05
"p995": 1.8816764231589204E-06
"p996": 0.0014771159921797524
"p997": 0.0003556368439770359
"p998": 2.8225146347383805E-05
"p999": 0
"p1000": 0.023003494273117812
"p1001": 0.007411923430822991
"p1002": 0.0011346508831648293
"p1003": 7.338538050319788E-05
"p1004": 0.014951800858420782
"p1005": 0.0056205674759756945
"p1006": 0.0009295481530405068
"p1007": 4.8923587002131926E-05
