"p945": 0.002365267263910763
"p946": 0.00032364834478333426
"p947": 1.3171734962112444E-05
"p948": 0.012253476867610894
"p949": 0.005101224783183834
"p950": 0.0011233608246258757
"p951": 3.9515204886337324E-05
"p952": 0.0031010027453659003
"p953": 0.0011327692067416703
"p954": 3.951520488633734E-05
"p955": 1.8816764231589204E-06
"p956": 0.010151644302942377
"p957": 0.00315557136163751
"p958": 0.00013924405531376012
"p959": 1.8816764231589204E-06
"p960": 0.0007263270993393433
"p961": 0.00017875926020009746
"p962": 1.6935087808430282E-05
"p963": 0
"p964": 0.001868504688196808
"p965": 0.0006811668651835292
"p966": 8.655711546531033E-05
"p967": 0
"p968": 0.00010537387969689954
"p969": 2.0698440654748124E-05
"p970": 0
"p971": 0
"p972": 0.00016558752523798497
"p973": 5.080526342529086E-05
"p974": 0
"p975": 0
"p976": 0.0014187840230618259
"p977": 0.00034999181470755914
"p978": 2.6343469924224884E-05
"p979": 0
"p980": 0.002587305081843515
"p981": 0.0008580444489604677
"p982": 0.00013548070246744226
"p983": 0
"p984": 0.0002897781691664737
"p985": 0.00011666393823585307
"p986": 1.6935087808430286E-05
"p987": 0
"p988": 0.0005870830440255833
"p989": 0.00020698440654748124
"p990": 3.198849919370165E-05
"p991": 0
"p992": 0.007361118167397697
"p993": 0.0026268202867298523
"p994": 0.00044595731228866414
"p995": 2.8225146347383805E-05
"p996": 0.007018653058382774
"p997": 0.002743484224965706
"p998": 0.00048170916432868356
"p999": 1.8816764231589207E-05
"p1000": 0.0035206165877303404
"p1001": 0.0009671816815036852
"p1002": 4.1396881309496255E-05
"p1003": 0
"p1004": 0.0013886772002912836
"p1005": 0.0004628924000970944
"p1006": 2.0698440654748124E-05
"p1007": 0
