"p945": 0.0001467707610063958
"p946": 1.1290058538953523E-05
"p947": 0
"p948": 0.001766894161346226
"p949": 0.0006040181318340134
"p950": 0.00011666393823585305
"p951": 7.5267056926356815E-06
"p952": 0.0029448236022437107
"p953": 0.000829819302613084
"p954": 0.00011290058538953522
"p955": 5.645029269476761E-06
"p956": 0.007793903744724249
"p957": 0.002999392218515319
"p958": 0.00048359084075184255
"p959": 1.8816764231589207E-05
"p960": 0.001772539190615703
"p961": 0.000545686162716087
"p962": 7.52670569263568E-05
"p963": 0
"p964": 0.0024668777907613446
"p965": 0.0006962202765688004
"p966": 8.843879188846925E-05
"p967": 1.1290058538953523E-05
"p968": 0.020162162874147835
"p969": 0.008394158523711948
"p970": 0.001919309951622099
"p971": 0.00022580117077907044
"p972": 0.026623839711275573
"p973": 0.011655103765046353
"p974": 0.002880846603856308
"p975": 0.0003612818732465127
"p976": 0.005782391648367362
"p977": 0.0022335499142896384
"p978": 0.0004233771952107571
"p979": 1.8816764231589203E-05
"p980": 0.0049732707864090266
"p981": 0.0017556041028072725
"p982": 0.0003443467854380824
"p983": 4.139688130949624E-05
"p984": 0.03375915670789421
"p985": 0.014274397346083573
"p986": 0.003388899238109216
"p987": 0.00037445360820862524
"p988": 0.030594176964140896
"p989": 0.014366599490818359
"p990": 0.0037313643471241394
"p991": 0.0005550945448318814
"p992": 0.0002521446407032953
"p993": 7.150370408003898E-05
"p994": 5.645029269476761E-06
"p995": 0
"p996": 0.0004929992228676371
"p997": 0.00018628596589273307
"p998": 4.139688130949625E-05
"p999": 5.645029269476761E-06
"p1000": 0.009261611354788207
"p1001": 0.0032515368592186144
"p1002": 0.0005061709578297496
"p1003": 1.8816764231589203E-05
"p1004": 0.017655769878500156
"p1005": 0.006789088534757386
"p1006": 0.0012324980571690933
"p1007": 4.139688130949625E-05
