"p945": 0.0009765900636194797
"p946": 0.00014488908458323686
"p947": 1.1290058538953523E-05
"p948": 0.00762078951379363
"p949": 0.002410427498066577
"p950": 0.0003104766098212219
"p951": 1.8816764231589203E-05
"p952": 0.0004384306065960284
"p953": 0.00011101890896637629
"p954": 1.3171734962112442E-05
"p955": 0
"p956": 0.0014263107287544616
"p957": 0.000423377195210757
"p958": 3.7633528463178407E-05
"p959": 0
"p960": 0.0015373296377208378
"p961": 0.0005287510749076565
"p962": 0.00010349220327374063
"p963": 2.0698440654748128E-05
"p964": 0.004181085012259121
"p965": 0.001554264725529268
"p966": 0.00032364834478333426
"p967": 3.9515204886337324E-05
"p968": 0.00027660643420436126
"p969": 7.150370408003898E-05
"p970": 2.446179350106597E-05
"p971": 1.8816764231589204E-06
"p972": 0.0008448727139983552
"p973": 0.00023709122931802394
"p974": 3.198849919370165E-05
"p975": 5.645029269476761E-06
"p976": 0.004181085012259121
"p977": 0.001554264725529268
"p978": 0.00032364834478333426
"p979": 3.951520488633733E-05
"p980": 0.006303616017582384
"p981": 0.0022805918248686107
"p982": 0.0004440756358655052
"p983": 5.2686939848449775E-05
"p984": 0.0019588251565084355
"p985": 0.000660468424528781
"p986": 5.4568616271608685E-05
"p987": 0
"p988": 0.002165809563055917
"p989": 0.0006905752472993238
"p990": 7.338538050319788E-05
"p991": 0
"p992": 0.0002766064342043613
"p993": 7.150370408003898E-05
"p994": 2.4461793501065966E-05
"p995": 1.8816764231589204E-06
"p996": 0.0019588251565084355
"p997": 0.000660468424528781
"p998": 5.4568616271608685E-05
"p999": 0
"p1000": 6.021364554108545E-05
"p1001": 3.0106822770542726E-05
"p1002": 9.408382115794602E-06
"p1003": 1.8816764231589204E-06
"p1004": 0.00012795399677480656
"p1005": 5.833196911792653E-05
"p1006": 1.1290058538953523E-05
"p1007": 0
