"p945": 0.0009351931823099835
"p946": 0.00015053411385271365
"p947": 0
"p948": 2.0698440654748124E-05
"p949": 5.645029269476761E-06
"p950": 0
"p951": 0
"p952": 0.00043654893017286954
"p953": 0.00011666393823585307
"p954": 2.0698440654748124E-05
"p955": 0
"p956": 0.0013322269075965155
"p957": 0.00040267875455600894
"p958": 5.456861627160869E-05
"p959": 0
"p960": 0.004903648758752147
"p961": 0.0020021037142410915
"p962": 0.00035751852040019486
"p963": 1.8816764231589207E-05
"p964": 5.645029269476761E-06
"p965": 0
"p966": 0
"p967": 0
"p968": 0.00788046086018956
"p969": 0.002624938610306694
"p970": 0.00036316354966967166
"p971": 2.2580117077907045E-05
"p972": 0.0029862204835532057
"p973": 0.0010349220327374063
"p974": 0.0001016105268505817
"p975": 5.645029269476761E-06
"p976": 0.007585037661753608
"p977": 0.003055842511210086
"p978": 0.000613426513949808
"p979": 4.139688130949625E-05
"p980": 0.00010725555612005845
"p981": 5.645029269476761E-06
"p982": 0
"p983": 0
"p984": 0.019401965599191634
"p985": 0.006678069625791009
"p986": 0.0008693345074994212
"p987": 5.8331969117926534E-05
"p988": 0.007248217582008161
"p989": 0.0024480610265297555
"p990": 0.00025778966997277205
"p991": 1.3171734962112444E-05
"p992": 0.002365267263910763
"p993": 0.0008937963010004872
"p994": 0.0001486524374295547
"p995": 0
"p996": 0
"p997": 0
"p998": 0
"p999": 0
"p1000": 0.002310698647639154
"p1001": 0.0007169187172235487
"p1002": 9.596549758110493E-05
"p1003": 0
"p1004": 0.0007658423042256804
"p1005": 0.00024273625858750077
"p1006": 4.139688130949625E-05
"p1007": 0
