"p945": 0.00489612205305951
"p946": 0.0008825062424615336
"p947": 4.8923587002131926E-05
"p948": 0.00013359902604428335
"p949": 4.516023415581409E-05
"p950": 0
"p951": 0
"p952": 0.005803090089022112
"p953": 0.0018572146296578543
"p954": 0.0002540263171264543
"p955": 1.3171734962112444E-05
"p956": 0.006708176448561552
"p957": 0.0022166148264812077
"p958": 0.0002671980520885667
"p959": 1.3171734962112442E-05
"p960": 0.006843657151028993
"p961": 0.0028921366623952606
"p962": 0.0006228348960656026
"p963": 5.080526342529084E-05
"p964": 1.5053411385271363E-05
"p965": 0
"p966": 0
"p967": 0
"p968": 0.008234216027743435
"p969": 0.003121701186020649
"p970": 0.0005550945448318816
"p971": 5.080526342529084E-05
"p972": 0.0064955470127445935
"p973": 0.0023276337354475847
"p974": 0.0004704191057897301
"p975": 6.021364554108545E-05
"p976": 0.009666171785767374
"p977": 0.0039947990463663876
"p978": 0.0009182580945015531
"p979": 8.843879188846926E-05
"p980": 0.00017123255450746176
"p981": 1.8816764231589203E-05
"p982": 0
"p983": 0
"p984": 0.02038043733923427
"p985": 0.0073629998438208555
"p986": 0.0013811504945986477
"p987": 0.00012419064392848873
"p988": 0.013709894419135895
"p989": 0.005099343106760673
"p990": 0.0011384142360111467
"p991": 0.00015994249596850825
"p992": 0.0036598606430440993
"p993": 0.001418784023061826
"p994": 0.00022768284720222937
"p995": 9.408382115794602E-06
"p996": 0
"p997": 0
"p998": 0
"p999": 0
"p1000": 0.0022956452362538826
"p1001": 0.000822292596920448
"p1002": 0.00014300740816007796
"p1003": 1.8816764231589204E-06
"p1004": 0.0015711998133376983
"p1005": 0.0005099343106760673
"p1006": 0.00011854561465901199
"p1007": 1.8816764231589204E-06
