"p945": 0.00011854561465901196
"p946": 1.1290058538953523E-05
"p947": 0
"p948": 0.0015467380198366323
"p949": 0.0002784881106275202
"p950": 7.5267056926356815E-06
"p951": 0
"p952": 0.001960706832931595
"p953": 0.0005870830440255833
"p954": 6.209532196424438E-05
"p955": 5.645029269476761E-06
"p956": 0.005537773713356703
"p957": 0.0017556041028072727
"p958": 0.0002013393772780045
"p959": 9.408382115794602E-06
"p960": 0
"p961": 0
"p962": 0
"p963": 0
"p964": 9.408382115794602E-06
"p965": 0
"p966": 0
"p967": 0
"p968": 5.268693984844976E-05
"p969": 5.645029269476761E-06
"p970": 0
"p971": 0
"p972": 0.00025590799354961323
"p973": 5.080526342529085E-05
"p974": 0
"p975": 0
"p976": 5.6450292694767596E-05
"p977": 0
"p978": 0
"p979": 0
"p980": 0.00014488908458323686
"p981": 0
"p982": 0
"p983": 0
"p984": 0.00011666393823585305
"p985": 1.8816764231589203E-05
"p986": 0
"p987": 0
"p988": 0.0002973048748591094
"p989": 5.080526342529085E-05
"p990": 0
"p991": 0
"p992": 5.2686939848449775E-05
"p993": 9.408382115794602E-06
"p994": 0
"p995": 0
"p996": 0.00011666393823585305
"p997": 1.5053411385271365E-05
"p998": 0
"p999": 0
"p1000": 0.0018289894833104703
"p1001": 0.000521224369215021
"p1002": 7.150370408003898E-05
"p1003": 5.645029269476761E-06
"p1004": 0.0018797947467357606
"p1005": 0.0007056286586845952
"p1006": 9.408382115794602E-05
"p1007": 5.645029269476761E-06
