"p945": 7.714873334951573E-05
"p946": 5.645029269476761E-06
"p947": 0
"p948": 0.001016105268505817
"p949": 0.0002897781691664738
"p950": 7.33853805031979E-05
"p951": 1.1290058538953523E-05
"p952": 0.0021131226232074672
"p953": 0.000683048541606688
"p954": 0.00014677076100639582
"p955": 1.3171734962112444E-05
"p956": 0.007046878204730158
"p957": 0.002463114437915027
"p958": 0.0005325144277539745
"p959": 6.774035123372113E-05
"p960": 0.0008825062424615336
"p961": 0.00018628596589273307
"p962": 2.2580117077907045E-05
"p963": 0
"p964": 0.0010687922083542666
"p965": 0.000259671346395931
"p966": 3.3870175616860565E-05
"p967": 0
"p968": 0.004376779360267648
"p969": 0.001279539967748066
"p970": 0.00018628596589273313
"p971": 1.1290058538953523E-05
"p972": 0.005184018545802824
"p973": 0.001744314044268319
"p974": 0.0002690797285117256
"p975": 2.6343469924224884E-05
"p976": 0
"p977": 0
"p978": 0
"p979": 0
"p980": 1.5053411385271363E-05
"p981": 0
"p982": 0
"p983": 0
"p984": 0
"p985": 0
"p986": 0
"p987": 0
"p988": 3.7633528463178407E-06
"p989": 0
"p990": 0
"p991": 0
"p992": 0.00040079707813284995
"p993": 5.833196911792653E-05
"p994": 0
"p995": 0
"p996": 0.0007319721286088201
"p997": 0.00015617914312219037
"p998": 2.0698440654748124E-05
"p999": 0
"p1000": 0.0038687267260147404
"p1001": 0.0012362614100154105
"p1002": 0.0002333278764717061
"p1003": 1.6935087808430282E-05
"p1004": 0.007140962025888105
"p1005": 0.0024687594671845034
"p1006": 0.00039703372528653215
"p1007": 3.7633528463178407E-05
