"p945": 0.005031602755526953
"p946": 0.0009464832408489371
"p947": 9.220214473478711E-05
"p948": 0.026288901307953284
"p949": 0.009984175101281233
"p950": 0.001943771745123165
"p951": 0.00015241579027587256
"p952": 0.005562235506857769
"p953": 0.0016163600474935124
"p954": 0.00022580117077907044
"p955": 1.1290058538953523E-05
"p956": 0.009903263015085402
"p957": 0.002820632958315221
"p958": 0.0003518734911307181
"p959": 1.8816764231589203E-05
"p960": 0.010503517794073094
"p961": 0.004314684038303405
"p962": 0.0011026623839711274
"p963": 0.00016746920166114393
"p964": 0.010223148007022415
"p965": 0.0043128023618802455
"p966": 0.000948364917272096
"p967": 9.22021447347871E-05
"p968": 0.0075530491625599066
"p969": 0.0024367709679908017
"p970": 0.0003594001968233538
"p971": 1.5053411385271361E-05
"p972": 0.00533455265965554
"p973": 0.0018026460133862459
"p974": 0.0002728430813580434
"p975": 1.3171734962112442E-05
"p976": 5.268693984844977E-05
"p977": 5.645029269476761E-06
"p978": 0
"p979": 0
"p980": 0.0004459573122886641
"p981": 6.585867481056221E-05
"p982": 5.645029269476761E-06
"p983": 0
"p984": 0
"p985": 0
"p986": 0
"p987": 0
"p988": 0.0001110189089663763
"p989": 2.2580117077907045E-05
"p990": 0
"p991": 0
"p992": 0.007496598869865138
"p993": 0.0029749304250142527
"p994": 0.0007639606278025217
"p995": 9.408382115794602E-05
"p996": 0.0122026716041856
"p997": 0.004719244469282571
"p998": 0.000969063357926844
"p999": 7.903040977267465E-05
"p1000": 0.0035375516755387706
"p1001": 0.0011609943530890537
"p1002": 0.00014488908458323686
"p1003": 9.408382115794602E-06
"p1004": 0.003181914831561734
"p1005": 0.0009634183286573672
"p1006": 0.00011478226181269415
"p1007": 7.5267056926356815E-06
