"p945": 0.0005080526342529085
"p946": 6.774035123372114E-05
"p947": 0
"p948": 0.0023784389988728756
"p949": 0.0006567050716824633
"p950": 0.00010537387969689955
"p951": 2.2580117077907045E-05
"p952": 0.01590204745211604
"p953": 0.00515955675230176
"p954": 0.0009558916229647315
"p955": 9.596549758110493E-05
"p956": 0.026377340099841756
"p957": 0.010031217011860206
"p958": 0.001996458684971615
"p959": 0.0001768775837769385
"p960": 0.0001298356731979655
"p961": 1.8816764231589204E-06
"p962": 0
"p963": 0
"p964": 0.0007639606278025216
"p965": 0.0001279539967748066
"p966": 3.7633528463178407E-06
"p967": 0
"p968": 0.001919309951622099
"p969": 0.00041020546024864466
"p970": 1.8816764231589203E-05
"p971": 0
"p972": 0.0038141581097431323
"p973": 0.0014037306116765548
"p974": 0.0002784881106275202
"p975": 7.5267056926356815E-06
"p976": 0
"p977": 0
"p978": 0
"p979": 0
"p980": 0
"p981": 0
"p982": 0
"p983": 0
"p984": 5.080526342529085E-05
"p985": 0
"p986": 0
"p987": 0
"p988": 0.0004760641350592069
"p989": 0.00011666393823585307
"p990": 5.645029269476761E-06
"p991": 0
"p992": 0.002818751281892063
"p993": 0.0007827773920341108
"p994": 9.032046831162817E-05
"p995": 1.8816764231589204E-06
"p996": 0.002506392995647682
"p997": 0.0006491783659898276
"p998": 6.209532196424436E-05
"p999": 0
"p1000": 0.025118498572748428
"p1001": 0.009101668858819698
"p1002": 0.002035973889857952
"p1003": 0.00026531637566540783
"p1004": 0.026377340099841752
"p1005": 0.010031217011860206
"p1006": 0.001996458684971615
"p1007": 0.00017687758377693853
