"p945": 1.6935087808430282E-05
"p946": 0
"p947": 0
"p948": 0.0004929992228676373
"p949": 6.585867481056221E-05
"p950": 0
"p951": 0
"p952": 0.0017273789564598888
"p953": 0.0004911175464444781
"p954": 0.00011478226181269415
"p955": 1.3171734962112444E-05
"p956": 0.00585765870529372
"p957": 0.002047263948396905
"p958": 0.00044972066513498195
"p959": 6.209532196424438E-05
"p960": 3.575185204001949E-05
"p961": 0
"p962": 0
"p963": 0
"p964": 0.000308594933398063
"p965": 5.645029269476761E-05
"p966": 0
"p967": 0
"p968": 0.0001956943480085277
"p969": 2.8225146347383805E-05
"p970": 0
"p971": 0
"p972": 0.0008110025383814947
"p973": 0.00019945770085484557
"p974": 2.2580117077907045E-05
"p975": 0
"p976": 0
"p977": 0
"p978": 0
"p979": 0
"p980": 0
"p981": 0
"p982": 0
"p983": 0
"p984": 0
"p985": 0
"p986": 0
"p987": 0
"p988": 1.8816764231589204E-06
"p989": 0
"p990": 0
"p991": 0
"p992": 0.001300238408402814
"p993": 0.00024085458216434178
"p994": 2.2580117077907045E-05
"p995": 0
"p996": 0.001955061803662118
"p997": 0.00042902222448023387
"p998": 4.516023415581409E-05
"p999": 0
"p1000": 0.00804040335615807
"p1001": 0.002408545821643417
"p1002": 0.00039515204886337327
"p1003": 2.822514634738381E-05
"p1004": 0.011749187586204298
"p1005": 0.003827329844705246
"p1006": 0.0006303616017582384
"p1007": 6.39769983874033E-05
