"p945": 0.0036391622023893514
"p946": 0.0007169187172235485
"p947": 7.714873334951573E-05
"p948": 0.0006153081903729669
"p949": 8.27937626189925E-05
"p950": 5.645029269476761E-06
"p951": 0
"p952": 0.006130501786651762
"p953": 0.00172549728003673
"p954": 0.0002766064342043613
"p955": 1.8816764231589203E-05
"p956": 0.012356969070884632
"p957": 0.0037802879341262705
"p958": 0.0006303616017582384
"p959": 4.51602341558141E-05
"p960": 0.0019512984508158002
"p961": 0.0005720296326403118
"p962": 7.714873334951573E-05
"p963": 1.8816764231589204E-06
"p964": 0
"p965": 0
"p966": 0
"p967": 0
"p968": 0.0008279376261899249
"p969": 0.00023144620004854718
"p970": 1.8816764231589203E-05
"p971": 0
"p972": 0.0007470255399940912
"p973": 0.00020886608297064017
"p974": 1.6935087808430282E-05
"p975": 0
"p976": 0.0015373296377208378
"p977": 0.0004610107236739354
"p978": 4.8923587002131926E-05
"p979": 0
"p980": 0.00025402631712645424
"p981": 1.6935087808430282E-05
"p982": 0
"p983": 0
"p984": 0.0008956779774236461
"p985": 0.0002389729057411829
"p986": 1.8816764231589203E-05
"p987": 0
"p988": 0.0009577732993878902
"p989": 0.0003236483447833343
"p990": 4.704191057897301E-05
"p991": 0
"p992": 0.015830543748035997
"p993": 0.0058106167947147465
"p994": 0.001296475055556496
"p995": 0.00016935087808430286
"p996": 5.268693984844976E-05
"p997": 5.645029269476761E-06
"p998": 0
"p999": 0
"p1000": 0.009844931045967476
"p1001": 0.0035262616169998164
"p1002": 0.000805357509112018
"p1003": 9.596549758110493E-05
"p1004": 0.01199756887406128
"p1005": 0.003714429259315709
"p1006": 0.0006962202765688004
"p1007": 5.456861627160869E-05
