"p945": 0.002017157125626362
"p946": 0.00031612163909069865
"p947": 1.6935087808430282E-05
"p948": 0.00734041972674295
"p949": 0.0023295154118707436
"p950": 0.00038762534317073754
"p951": 4.139688130949624E-05
"p952": 0.021372080814239025
"p953": 0.007744980157722117
"p954": 0.0015260395791818844
"p955": 0.0001749959073537796
"p956": 0.03920472827651612
"p957": 0.01600742133181294
"p958": 0.00362599046742724
"p959": 0.00038574366674757867
"p960": 3.9515204886337324E-05
"p961": 1.6935087808430282E-05
"p962": 0
"p963": 0
"p964": 0.0003631635496696717
"p965": 4.516023415581409E-05
"p966": 0
"p967": 0
"p968": 0.0019569434800852767
"p969": 0.0005757929854866295
"p970": 7.526705692635681E-05
"p971": 0
"p972": 0.005874593793102149
"p973": 0.002258011707790704
"p974": 0.0004233771952107571
"p975": 1.8816764231589203E-05
"p976": 0.00036316354966967166
"p977": 4.516023415581409E-05
"p978": 0
"p979": 0
"p980": 0.001817699424771517
"p981": 0.0003537551675538771
"p982": 3.575185204001949E-05
"p983": 1.8816764231589204E-06
"p984": 0.0026682171680393486
"p985": 0.0007470255399940913
"p986": 9.408382115794602E-05
"p987": 1.1290058538953523E-05
"p988": 0.004779458114823657
"p989": 0.0017706575141925437
"p990": 0.00034999181470755925
"p991": 4.139688130949625E-05
"p992": 0.001956943480085277
"p993": 0.0005757929854866298
"p994": 7.52670569263568E-05
"p995": 0
"p996": 0.0026682171680393494
"p997": 0.0007470255399940913
"p998": 9.408382115794602E-05
"p999": 1.1290058538953523E-05
"p1000": 0.0269568964381747
"p1001": 0.01056373143961418
"p1002": 0.0022222598557506855
"p1003": 0.0002389729057411829
"p1004": 0.03920472827651613
"p1005": 0.01600742133181294
"p1006": 0.00362599046742724
"p1007": 0.0003857436667475787
