"p945": 0.00023520955289486504
"p946": 4.139688130949624E-05
"p947": 0
"p948": 0
"p949": 0
"p950": 0
"p951": 0
"p952": 0.002856384810355241
"p953": 0.0009954068278510688
"p954": 0.0001561791431221904
"p955": 0
"p956": 0.0006077814846803313
"p957": 0.00019004931873905096
"p958": 1.8816764231589203E-05
"p959": 0
"p960": 0.00037633528463178407
"p961": 7.714873334951574E-05
"p962": 1.8816764231589204E-06
"p963": 0
"p964": 0
"p965": 0
"p966": 0
"p967": 0
"p968": 0.012347560688768836
"p969": 0.004280813862686544
"p970": 0.000709392011530913
"p971": 4.139688130949625E-05
"p972": 0.002402900792373941
"p973": 0.0008166475676509714
"p974": 8.27937626189925E-05
"p975": 5.645029269476761E-06
"p976": 0.0013773871417523294
"p977": 0.000329293374052811
"p978": 2.6343469924224884E-05
"p979": 0
"p980": 0.00013548070246744226
"p981": 5.645029269476761E-06
"p982": 0
"p983": 0
"p984": 0.02604428337294262
"p985": 0.008674528310762625
"p986": 0.0014827610214492295
"p987": 9.972885042742278E-05
"p988": 0.006471085219243528
"p989": 0.0020660807126284945
"p990": 0.000259671346395931
"p991": 1.3171734962112444E-05
"p992": 6.962202765688005E-05
"p993": 2.4461793501065966E-05
"p994": 1.3171734962112442E-05
"p995": 0
"p996": 0
"p997": 0
"p998": 0
"p999": 0
"p1000": 0.004617633942431991
"p1001": 0.0015843715482998112
"p1002": 0.00023332787647170614
"p1003": 0
"p1004": 0.000730090452185661
"p1005": 0.00022391949435591156
"p1006": 3.198849919370165E-05
"p1007": 0
