"p945": 0.0012644865563627944
"p946": 0.0001844042894695742
"p947": 7.5267056926356815E-06
"p948": 0.00047230078221288907
"p949": 7.714873334951573E-05
"p950": 5.645029269476761E-06
"p951": 0
"p952": 0.015902047452116035
"p953": 0.005159556752301759
"p954": 0.0009558916229647316
"p955": 9.596549758110493E-05
"p956": 0.009600313110956812
"p957": 0.0031273462152901247
"p958": 0.0006077814846803313
"p959": 4.892358700213193E-05
"p960": 0.00012983567319796552
"p961": 1.8816764231589204E-06
"p962": 0
"p963": 0
"p964": 0
"p965": 0
"p966": 0
"p967": 0
"p968": 0.002818751281892063
"p969": 0.0007827773920341108
"p970": 9.032046831162817E-05
"p971": 1.8816764231589204E-06
"p972": 0.0003669269025159894
"p973": 8.843879188846926E-05
"p974": 1.1290058538953523E-05
"p975": 0
"p976": 0.0007639606278025215
"p977": 0.0001279539967748066
"p978": 3.7633528463178407E-06
"p979": 0
"p980": 0
"p981": 0
"p982": 0
"p983": 0
"p984": 0.002506392995647682
"p985": 0.0006491783659898276
"p986": 6.209532196424438E-05
"p987": 0
"p988": 0.00059272807329506
"p989": 0.0001542974666990315
"p990": 1.1290058538953523E-05
"p991": 0
"p992": 0.0019193099516220987
"p993": 0.0004102054602486446
"p994": 1.8816764231589207E-05
"p995": 0
"p996": 5.080526342529085E-05
"p997": 0
"p998": 0
"p999": 0
"p1000": 0.02511849857274843
"p1001": 0.009101668858819696
"p1002": 0.0020359738898579516
"p1003": 0.00026531637566540783
"p1004": 0.009600313110956812
"p1005": 0.003127346215290125
"p1006": 0.0006077814846803313
"p1007": 4.892358700213193E-05
