"p945": 0.00032929337405281106
"p946": 5.2686939848449775E-05
"p947": 1.1290058538953523E-05
"p948": 1.1290058538953523E-05
"p949": 0
"p950": 0
"p951": 0
"p952": 0.007410041754399828
"p953": 0.0024725228200308215
"p954": 0.00048359084075184255
"p955": 6.39769983874033E-05
"p956": 0.0021545195045169635
"p957": 0.0006548233952593043
"p958": 0.00010913723254321738
"p959": 2.6343469924224887E-05
"p960": 0.0033004604462207473
"p961": 0.0011666393823585306
"p962": 0.00022203781793275258
"p963": 7.5267056926356815E-06
"p964": 0.0004760641350592069
"p965": 0.00011666393823585305
"p966": 5.645029269476761E-06
"p967": 0
"p968": 0.015121151736505084
"p969": 0.00601383784841591
"p970": 0.0013416352897123107
"p971": 0.00012230896750532982
"p972": 0.00963794663941999
"p973": 0.003883780137400011
"p974": 0.0008222925969204481
"p975": 3.7633528463178407E-05
"p976": 9.596549758110493E-05
"p977": 0
"p978": 0
"p979": 0
"p980": 0
"p981": 0
"p982": 0
"p983": 0
"p984": 0.00014300740816007793
"p985": 1.8816764231589203E-05
"p986": 0
"p987": 0
"p988": 3.7633528463178407E-06
"p989": 0
"p990": 0
"p991": 0
"p992": 0.0018797947467357613
"p993": 0.0005626212505245172
"p994": 9.220214473478709E-05
"p995": 0
"p996": 2.0698440654748124E-05
"p997": 0
"p998": 0
"p999": 0
"p1000": 0.024525770499453366
"p1001": 0.008798718954691111
"p1002": 0.0016408218409945787
"p1003": 0.00014112573173691902
"p1004": 0.008303838055400315
"p1005": 0.00289213666239526
"p1006": 0.0005061709578297496
"p1007": 3.951520488633733E-05
