"p945": 0.0026287019631530116
"p946": 0.00044783898871182307
"p947": 1.8816764231589207E-05
"p948": 8.091208619583358E-05
"p949": 3.3870175616860565E-05
"p950": 0
"p951": 0
"p952": 0.002163927886632758
"p953": 0.0006604684245287812
"p954": 8.279376261899251E-05
"p955": 1.8816764231589204E-06
"p956": 0.0035921202918103787
"p957": 0.001179811117320643
"p958": 0.00016935087808430283
"p959": 9.408382115794602E-06
"p960": 0.017390453502834743
"p961": 0.008012178209810683
"p962": 0.0021451111224011694
"p963": 0.0002878964927433149
"p964": 5.2686939848449775E-05
"p965": 5.645029269476761E-06
"p966": 0
"p967": 0
"p968": 0.018227799511140463
"p969": 0.007528587369058842
"p970": 0.0016916271044198695
"p971": 0.0001844042894695742
"p972": 0.0166641264034954
"p973": 0.005953624202874824
"p974": 0.0011628760295122127
"p975": 0.00010913723254321738
"p976": 0.017858990932201318
"p977": 0.00878742889615216
"p978": 0.0025063929956476824
"p979": 0.00043843060659602847
"p980": 0.0005889647204487421
"p981": 9.032046831162818E-05
"p982": 5.645029269476761E-06
"p983": 0
"p984": 0.03212962492543858
"p985": 0.01358382209878425
"p986": 0.0032346017714101846
"p987": 0.0003518734911307181
"p988": 0.023251875560974786
"p989": 0.00915435579866815
"p990": 0.0018478062475420598
"p991": 0.0001373623788906012
"p992": 0.013049425994607112
"p993": 0.005142621664493329
"p994": 0.0010518571205458366
"p995": 4.139688130949625E-05
"p996": 0
"p997": 0
"p998": 0
"p999": 0
"p1000": 0.008247387762705546
"p1001": 0.003050197481940609
"p1002": 0.0004929992228676371
"p1003": 1.1290058538953523E-05
"p1004": 0.006072169817533837
"p1005": 0.0019400083922768466
"p1006": 0.0002464996114338186
"p1007": 1.1290058538953523E-05
