"p945": 3.0106822770542726E-05
"p946": 0
"p947": 0
"p948": 0.0003029499041285862
"p949": 9.408382115794602E-05
"p950": 2.6343469924224884E-05
"p951": 0
"p952": 0.00039703372528653225
"p953": 0.0001298356731979655
"p954": 3.010682277054273E-05
"p955": 1.8816764231589204E-06
"p956": 0.0017988826605399276
"p957": 0.000611544837526649
"p958": 0.00013171734962112445
"p959": 1.8816764231589204E-06
"p960": 0.0005889647204487421
"p961": 9.032046831162818E-05
"p962": 1.1290058538953523E-05
"p963": 0
"p964": 0.00046101072367393553
"p965": 5.645029269476761E-05
"p966": 0
"p967": 0
"p968": 0.0025741333468814027
"p969": 0.0005870830440255831
"p970": 4.892358700213193E-05
"p971": 1.8816764231589204E-06
"p972": 0.001706680515805141
"p973": 0.000541922809869769
"p974": 2.6343469924224887E-05
"p975": 0
"p976": 0
"p977": 0
"p978": 0
"p979": 0
"p980": 3.7633528463178407E-06
"p981": 0
"p982": 0
"p983": 0
"p984": 0
"p985": 0
"p986": 0
"p987": 0
"p988": 3.7633528463178407E-06
"p989": 0
"p990": 0
"p991": 0
"p992": 0.0001806409366232563
"p993": 1.1290058538953523E-05
"p994": 0
"p995": 0
"p996": 0.00021827446508643471
"p997": 3.575185204001949E-05
"p998": 3.7633528463178407E-06
"p999": 0
"p1000": 0.0025647249647656077
"p1001": 0.000782777392034111
"p1002": 0.00011666393823585305
"p1003": 7.5267056926356815E-06
"p1004": 0.002276828472022293
"p1005": 0.0008730978603457389
"p1006": 0.00010349220327374062
"p1007": 5.645029269476761E-06
