"p945": 0.0007131553643772309
"p946": 7.903040977267465E-05
"p947": 5.645029269476761E-06
"p948": 0.00012419064392848875
"p949": 3.3870175616860565E-05
"p950": 0
"p951": 0
"p952": 0.0007601972749562039
"p953": 0.00022203781793275258
"p954": 2.4461793501065966E-05
"p955": 0
"p956": 0.0010292770034679292
"p957": 0.0003443467854380824
"p958": 4.3278557732655166E-05
"p959": 5.645029269476761E-06
"p960": 0.010503517794073094
"p961": 0.004314684038303404
"p962": 0.0011026623839711276
"p963": 0.00016746920166114393
"p964": 5.268693984844976E-05
"p965": 5.645029269476761E-06
"p966": 0
"p967": 0
"p968": 0.00749659886986514
"p969": 0.0029749304250142523
"p970": 0.0007639606278025217
"p971": 9.408382115794602E-05
"p972": 0.010023690306167572
"p973": 0.0033418573275302422
"p974": 0.0006661134537982577
"p975": 5.456861627160869E-05
"p976": 0.010223148007022417
"p977": 0.0043128023618802455
"p978": 0.0009483649172720959
"p979": 9.220214473478711E-05
"p980": 0.0004459573122886641
"p981": 6.585867481056221E-05
"p982": 5.645029269476761E-06
"p983": 0
"p984": 0.0122026716041856
"p985": 0.004719244469282573
"p986": 0.0009690633579268441
"p987": 7.903040977267465E-05
"p988": 0.013702367713443261
"p989": 0.00522917877995864
"p990": 0.0009634183286573671
"p991": 3.7633528463178407E-05
"p992": 0.007553049162559908
"p993": 0.0024367709679908017
"p994": 0.0003594001968233538
"p995": 1.5053411385271363E-05
"p996": 0
"p997": 0
"p998": 0
"p999": 0
"p1000": 0.00353755167553877
"p1001": 0.0011609943530890537
"p1002": 0.00014488908458323686
"p1003": 9.408382115794602E-06
"p1004": 0.0031254645388669655
"p1005": 0.0010368037091605651
"p1006": 0.00011854561465901196
"p1007": 7.5267056926356815E-06
