"p945": 0.00040079707813285
"p946": 6.021364554108545E-05
"p947": 5.645029269476761E-06
"p948": 0.004181085012259121
"p949": 0.001016105268505817
"p950": 0.00014488908458323686
"p951": 7.5267056926356815E-06
"p952": 0.004896122053059511
"p953": 0.0016220050767629893
"p954": 0.00022768284720222937
"p955": 1.3171734962112442E-05
"p956": 0.015282975908896755
"p957": 0.005255522249882864
"p958": 0.0008825062424615336
"p959": 7.150370408003899E-05
"p960": 0
"p961": 0
"p962": 0
"p963": 0
"p964": 2.0698440654748124E-05
"p965": 0
"p966": 0
"p967": 0
"p968": 8.843879188846925E-05
"p969": 7.5267056926356815E-06
"p970": 0
"p971": 0
"p972": 0.0007093920115309128
"p973": 0.00012230896750532982
"p974": 0
"p975": 0
"p976": 5.6450292694767596E-05
"p977": 0
"p978": 0
"p979": 0
"p980": 0.00047982748790552463
"p981": 9.032046831162818E-05
"p982": 0
"p983": 0
"p984": 0.0001956943480085277
"p985": 2.8225146347383805E-05
"p986": 0
"p987": 0
"p988": 0.000805357509112018
"p989": 0.00019945770085484557
"p990": 2.2580117077907045E-05
"p991": 0
"p992": 0.00012607232035164766
"p993": 2.0698440654748124E-05
"p994": 0
"p995": 0
"p996": 0.0004553656944044587
"p997": 7.338538050319788E-05
"p998": 0
"p999": 0
"p1000": 0.003300460446220746
"p1001": 0.0009878801221584331
"p1002": 0.0001674692016611439
"p1003": 3.010682277054273E-05
"p1004": 0.006695004713599438
"p1005": 0.002239194943559115
"p1006": 0.00039703372528653215
"p1007": 4.5160234155814084E-05
