"p945": 0.016411981762792103
"p946": 0.00434102750822763
"p947": 0.0006548233952593044
"p948": 0.0014808793450260705
"p949": 0.00023144620004854718
"p950": 1.1290058538953523E-05
"p951": 0
"p952": 0.03155006858710562
"p953": 0.012603468682318453
"p954": 0.0029297701908584392
"p955": 0.0002973048748591094
"p956": 0.04279496689190333
"p957": 0.015175720352776697
"p958": 0.0028281596640078576
"p959": 0.00019945770085484554
"p960": 0.002291881883407565
"p961": 0.0008241742733436072
"p962": 0.00012607232035164768
"p963": 5.645029269476761E-06
"p964": 0
"p965": 0
"p966": 0
"p967": 0
"p968": 0.0007300904521856612
"p969": 0.00019757602443168663
"p970": 5.645029269476761E-06
"p971": 0
"p972": 0.000566384603370835
"p973": 0.00016746920166114393
"p974": 1.6935087808430286E-05
"p975": 0
"p976": 0.0037257193178546633
"p977": 0.0012720132620554303
"p978": 0.00022768284720222937
"p979": 7.5267056926356815E-06
"p980": 9.596549758110492E-05
"p981": 0
"p982": 0
"p983": 0
"p984": 0.0019004931873905094
"p985": 0.0005626212505245172
"p986": 9.22021447347871E-05
"p987": 0
"p988": 0.001507222814950295
"p989": 0.00045348401798129976
"p990": 8.091208619583358E-05
"p991": 1.1290058538953523E-05
"p992": 0.008625604723760491
"p993": 0.003492391441382956
"p994": 0.0007376171578782967
"p995": 5.080526342529084E-05
"p996": 1.5053411385271363E-05
"p997": 0
"p998": 0
"p999": 0
"p1000": 0.00993336983785594
"p1001": 0.0036692690251598947
"p1002": 0.000637888307450874
"p1003": 5.080526342529084E-05
"p1004": 0.0074533203121324824
"p1005": 0.0025741333468814027
"p1006": 0.0005268693984844976
"p1007": 6.209532196424438E-05
