"p945": 0.0008674528310762625
"p946": 8.467543904215141E-05
"p947": 0
"p948": 0.00046853742936657115
"p949": 3.387017561686057E-05
"p950": 0
"p951": 0
"p952": 0.01565178448783591
"p953": 0.005693952856478894
"p954": 0.001164757705935372
"p955": 4.139688130949624E-05
"p956": 0.010398143914376195
"p957": 0.0033531473860691956
"p958": 0.0004139688130949625
"p959": 1.5053411385271365E-05
"p960": 7.714873334951573E-05
"p961": 0
"p962": 0
"p963": 0
"p964": 0
"p965": 0
"p966": 0
"p967": 0
"p968": 0.002340805470409697
"p969": 0.000780895715610952
"p970": 9.220214473478711E-05
"p971": 0
"p972": 0.0002803697870506791
"p973": 6.39769983874033E-05
"p974": 7.5267056926356815E-06
"p975": 0
"p976": 0.0005701479562171528
"p977": 6.209532196424438E-05
"p978": 3.7633528463178407E-06
"p979": 0
"p980": 0
"p981": 0
"p982": 0
"p983": 0
"p984": 0.0036673873487367364
"p985": 0.001108307413240604
"p986": 0.0001467707610063958
"p987": 0
"p988": 0.00043090390090339274
"p989": 0.00013359902604428335
"p990": 1.5053411385271363E-05
"p991": 0
"p992": 0.00039327037244021434
"p993": 8.091208619583358E-05
"p994": 1.8816764231589204E-06
"p995": 0
"p996": 0
"p997": 0
"p998": 0
"p999": 0
"p1000": 0.015298029320282024
"p1001": 0.005191545251495462
"p1002": 0.0008411093611520376
"p1003": 4.139688130949625E-05
"p1004": 0.0028996633680878955
"p1005": 0.0009408382115794602
"p1006": 9.784717400426387E-05
"p1007": 5.645029269476761E-06
