"p945": 0.0006040181318340134
"p946": 0.00011666393823585305
"p947": 7.5267056926356815E-06
"p948": 0
"p949": 0
"p950": 0
"p951": 0
"p952": 0.008659474899377352
"p953": 0.0031367545974059206
"p954": 0.0005005259285602728
"p955": 1.8816764231589207E-05
"p956": 0.001879794746735761
"p957": 0.0007056286586845952
"p958": 9.408382115794603E-05
"p959": 5.645029269476761E-06
"p960": 0.002433007615144484
"p961": 0.0006962202765688004
"p962": 8.843879188846925E-05
"p963": 1.1290058538953523E-05
"p964": 6.774035123372114E-05
"p965": 0
"p966": 0
"p967": 0
"p968": 0.0343819916039598
"p969": 0.014821965185222821
"p970": 0.0036636239958904183
"p971": 0.00046665575294341244
"p972": 0.013672260890672716
"p973": 0.004937518934369007
"p974": 0.001017986944928976
"p975": 0.00010349220327374062
"p976": 0.0047399429099373195
"p977": 0.00172549728003673
"p978": 0.0003499918147075592
"p979": 4.139688130949624E-05
"p980": 0.00059272807329506
"p981": 0.0001204272910821709
"p982": 5.645029269476761E-06
"p983": 0
"p984": 0.04872977433054659
"p985": 0.021144397967036793
"p986": 0.005488850126354573
"p987": 0.0007921857741499057
"p988": 0.020491456248200646
"p989": 0.008283139614745567
"p990": 0.0017537224263841139
"p991": 0.00013924405531376012
"p992": 0.0004929992228676371
"p993": 0.00018628596589273307
"p994": 4.139688130949625E-05
"p995": 5.645029269476761E-06
"p996": 0
"p997": 0
"p998": 0
"p999": 0
"p1000": 0.021072894262956752
"p1001": 0.008076155208198089
"p1002": 0.0015222762263355672
"p1003": 5.080526342529085E-05
"p1004": 0.005537773713356703
"p1005": 0.001755604102807273
"p1006": 0.00020133937727800447
"p1007": 9.408382115794602E-06
