"p945": 0.0005739113090634708
"p946": 8.27937626189925E-05
"p947": 0
"p948": 0.005447453245045075
"p949": 0.0020246838313189982
"p950": 0.0003575185204001948
"p951": 9.408382115794602E-06
"p952": 0.000543804486292928
"p953": 0.00017311423093062066
"p954": 2.2580117077907045E-05
"p955": 0
"p956": 0.002376557322449717
"p957": 0.000637888307450874
"p958": 6.585867481056221E-05
"p959": 0
"p960": 0.009160000827937624
"p961": 0.0033776091795702616
"p962": 0.0006491783659898276
"p963": 5.268693984844977E-05
"p964": 0.006081578199649632
"p965": 0.0025289731127255887
"p966": 0.0004892358700213193
"p967": 3.198849919370165E-05
"p968": 0.007276442728355545
"p969": 0.002250485002098069
"p970": 0.0001204272910821709
"p971": 1.8816764231589204E-06
"p972": 0.003377609179570262
"p973": 0.0010349220327374063
"p974": 6.209532196424438E-05
"p975": 1.8816764231589204E-06
"p976": 3.3870175616860565E-05
"p977": 0
"p978": 0
"p979": 0
"p980": 0.0003518734911307181
"p981": 4.516023415581409E-05
"p982": 0
"p983": 0
"p984": 0
"p985": 0
"p986": 0
"p987": 0
"p988": 6.39769983874033E-05
"p989": 2.0698440654748124E-05
"p990": 0
"p991": 0
"p992": 0.006740164947755253
"p993": 0.002453706055799232
"p994": 0.0004271405480570749
"p995": 2.0698440654748124E-05
"p996": 0.00604770802403277
"p997": 0.0023953740866813054
"p998": 0.00042525887163391595
"p999": 1.5053411385271365E-05
"p1000": 0.003693730818660962
"p1001": 0.0011741660880511663
"p1002": 3.7633528463178407E-05
"p1003": 0
"p1004": 0.0013265818783270386
"p1005": 0.000519342692791862
"p1006": 1.3171734962112444E-05
"p1007": 0
