"p945": 0.00010913723254321738
"p946": 5.645029269476761E-06
"p947": 0
"p948": 0.0017217339271904122
"p949": 0.0005983731025645366
"p950": 0.0001298356731979655
"p951": 7.5267056926356815E-06
"p952": 0.0028206329583152214
"p953": 0.0008260559497667662
"p954": 9.972885042742278E-05
"p955": 5.645029269476761E-06
"p956": 0.007016771381959614
"p957": 0.0026644538151930314
"p958": 0.0004384306065960285
"p959": 1.5053411385271363E-05
"p960": 0.0007827773920341108
"p961": 0.00020133937727800447
"p962": 1.3171734962112442E-05
"p963": 0
"p964": 0.0009370748587331423
"p965": 0.00022015614150959367
"p966": 1.3171734962112442E-05
"p967": 0
"p968": 0.012038965755370775
"p969": 0.004222481893568618
"p970": 0.0008072391855351767
"p971": 8.655711546531033E-05
"p972": 0.012767174531133275
"p973": 0.00503724778479643
"p974": 0.0009163764180783942
"p975": 6.774035123372114E-05
"p976": 0.002954231984359505
"p977": 0.000822292596920448
"p978": 8.091208619583357E-05
"p979": 1.8816764231589204E-06
"p980": 0.0022467216492517506
"p981": 0.000611544837526649
"p982": 6.0213645541085445E-05
"p983": 0
"p984": 0.026469542244576545
"p985": 0.009487412525567278
"p986": 0.0019117832459294634
"p987": 0.00021827446508643477
"p988": 0.019531801272389595
"p989": 0.007500362222711457
"p990": 0.0014620625807944814
"p991": 0.0001279539967748066
"p992": 0.00012419064392848875
"p993": 4.327855773265516E-05
"p994": 5.645029269476761E-06
"p995": 0
"p996": 0.0001693508780843028
"p997": 6.0213645541085445E-05
"p998": 1.8816764231589203E-05
"p999": 0
"p1000": 0.003992917369943229
"p1001": 0.001253196497823841
"p1002": 0.00021639278866327578
"p1003": 1.8816764231589204E-06
"p1004": 0.006371356368816104
"p1005": 0.0023727939696033986
"p1006": 0.0003594001968233538
"p1007": 9.408382115794602E-06
