"p945": 0.0006661134537982577
"p946": 0.0001392440553137601
"p947": 1.3171734962112444E-05
"p948": 0.006497428689167754
"p949": 0.002286236854138088
"p950": 0.0005136976635223853
"p951": 6.774035123372113E-05
"p952": 0.00028601481632015586
"p953": 9.784717400426385E-05
"p954": 2.0698440654748124E-05
"p955": 0
"p956": 0.001906138216659986
"p957": 0.0005155793399455442
"p958": 5.833196911792654E-05
"p959": 0
"p960": 0.0032590635649112493
"p961": 0.0009972885042742277
"p962": 0.00015053411385271363
"p963": 1.1290058538953523E-05
"p964": 0.004064421074023268
"p965": 0.0013792688181754884
"p966": 0.0002314462000485472
"p967": 2.6343469924224884E-05
"p968": 0.0016445851938408963
"p969": 0.0004045604309791678
"p970": 4.704191057897301E-05
"p971": 0
"p972": 0.001996458684971614
"p973": 0.000566384603370835
"p974": 7.714873334951573E-05
"p975": 0
"p976": 0
"p977": 0
"p978": 0
"p979": 0
"p980": 1.6935087808430286E-05
"p981": 0
"p982": 0
"p983": 0
"p984": 0
"p985": 0
"p986": 0
"p987": 0
"p988": 0
"p989": 0
"p990": 0
"p991": 0
"p992": 0.0031555713616375092
"p993": 0.0010650288555079485
"p994": 0.00022015614150959365
"p995": 1.6935087808430282E-05
"p996": 0.006647962803020468
"p997": 0.0022956452362538826
"p998": 0.0003895070195938965
"p999": 3.7633528463178407E-05
"p1000": 0.0010480937676995185
"p1001": 0.00038950701959389653
"p1002": 5.833196911792653E-05
"p1003": 1.8816764231589204E-06
"p1004": 0.0012569598506701586
"p1005": 0.0004177321659412804
"p1006": 4.139688130949624E-05
"p1007": 0
