"p945": 0.001228734704322775
"p946": 0.00018064093662325636
"p947": 1.1290058538953523E-05
"p948": 0.007842827331726383
"p949": 0.0024386526444139605
"p950": 0.0004290222244802338
"p951": 1.5053411385271363E-05
"p952": 0.01403354276391923
"p953": 0.005182136869379666
"p954": 0.0009577732993878904
"p955": 4.892358700213193E-05
"p956": 0.03210139977909118
"p957": 0.012046492461063412
"p958": 0.0024292442622981664
"p959": 0.0002032210537011634
"p960": 0
"p961": 0
"p962": 0
"p963": 0
"p964": 1.1290058538953523E-05
"p965": 0
"p966": 0
"p967": 0
"p968": 8.655711546531033E-05
"p969": 1.3171734962112444E-05
"p970": 0
"p971": 0
"p972": 0.0006454150131435097
"p973": 0.0001486524374295547
"p974": 1.1290058538953523E-05
"p975": 0
"p976": 1.1290058538953523E-05
"p977": 0
"p978": 0
"p979": 0
"p980": 0.0004591290472507766
"p981": 0.00011290058538953523
"p982": 0
"p983": 0
"p984": 0.0003725719317854663
"p985": 5.833196911792653E-05
"p986": 0
"p987": 0
"p988": 0.0010104602392363403
"p989": 0.00030294990412858613
"p990": 4.516023415581409E-05
"p991": 0
"p992": 8.655711546531033E-05
"p993": 1.3171734962112442E-05
"p994": 0
"p995": 0
"p996": 0.0003725719317854662
"p997": 5.833196911792653E-05
"p998": 0
"p999": 0
"p1000": 0.0019719968914705486
"p1001": 0.0006171898667961258
"p1002": 0.00011854561465901199
"p1003": 2.446179350106597E-05
"p1004": 0.00576921991340525
"p1005": 0.00193436336300737
"p1006": 0.0003594001968233538
"p1007": 3.9515204886337324E-05
