"p945": 0.0011026623839711274
"p946": 0.00022203781793275258
"p947": 1.5053411385271363E-05
"p948": 0
"p949": 0
"p950": 0
"p951": 0
"p952": 0.01852886773884589
"p953": 0.006602802568864652
"p954": 0.0011045440603942864
"p955": 6.021364554108547E-05
"p956": 0.003891306843092647
"p957": 0.0013341085840196745
"p958": 0.00011666393823585305
"p959": 5.645029269476761E-06
"p960": 0.0007733690099183163
"p961": 0.00018628596589273313
"p962": 1.3171734962112442E-05
"p963": 0
"p964": 0
"p965": 0
"p966": 0
"p967": 0
"p968": 0.014353427755856248
"p969": 0.005532128684087227
"p970": 0.0010838456197395383
"p971": 9.032046831162817E-05
"p972": 0.005355251100310288
"p973": 0.0017574857792304315
"p974": 0.00037257193178546626
"p975": 5.456861627160869E-05
"p976": 0.0021601645337864404
"p977": 0.0006002547789876956
"p978": 6.0213645541085445E-05
"p979": 0
"p980": 0.00010161052685058169
"p981": 5.645029269476761E-06
"p982": 0
"p983": 0
"p984": 0.028962763505262105
"p985": 0.01035110200379722
"p986": 0.00214322944597801
"p987": 0.00020133937727800444
"p988": 0.011931710199250715
"p989": 0.0045084967098887735
"p990": 0.0010236319741984525
"p991": 0.00015429746669903146
"p992": 0.00013359902604428333
"p993": 3.9515204886337324E-05
"p994": 5.645029269476761E-06
"p995": 0
"p996": 0
"p997": 0
"p998": 0
"p999": 0
"p1000": 0.005778628295521045
"p1001": 0.0021413477695548513
"p1002": 0.0003481101382844002
"p1003": 9.408382115794602E-06
"p1004": 0.0014225473759081437
"p1005": 0.0004591290472507765
"p1006": 0.00010725555612005847
"p1007": 1.8816764231589204E-06
