"p945": 0.00034999181470755925
"p946": 4.327855773265517E-05
"p947": 1.8816764231589204E-06
"p948": 0.003123582862443808
"p949": 0.0010123419156594991
"p950": 0.00014112573173691902
"p951": 7.5267056926356815E-06
"p952": 8.655711546531033E-05
"p953": 2.6343469924224884E-05
"p954": 7.5267056926356815E-06
"p955": 0
"p956": 0.000566384603370835
"p957": 0.0001787592602000974
"p958": 2.2580117077907045E-05
"p959": 0
"p960": 0.0024198358801823714
"p961": 0.000803475832688859
"p962": 0.00014677076100639576
"p963": 2.6343469924224887E-05
"p964": 0.004773813085554181
"p965": 0.001761249132076749
"p966": 0.0003556368439770359
"p967": 4.5160234155814084E-05
"p968": 0.0006642317773750989
"p969": 0.00021639278866327586
"p970": 3.010682277054273E-05
"p971": 1.8816764231589204E-06
"p972": 0.0010499754441226773
"p973": 0.0003518734911307182
"p974": 3.198849919370165E-05
"p975": 5.645029269476761E-06
"p976": 0.005227297103535481
"p977": 0.0017123255450746174
"p978": 0.00031612163909069854
"p979": 2.822514634738381E-05
"p980": 0.006651726155866784
"p981": 0.0022994085891002002
"p982": 0.000425258871633916
"p983": 4.704191057897301E-05
"p984": 0.002476286172877139
"p985": 0.0007169187172235485
"p986": 8.27937626189925E-05
"p987": 0
"p988": 0.002628701963153011
"p989": 0.0007884224213035875
"p990": 9.032046831162817E-05
"p991": 0
"p992": 0.000588964720448742
"p993": 0.0001637058488148261
"p994": 3.198849919370165E-05
"p995": 1.8816764231589204E-06
"p996": 0.0023690306167570797
"p997": 0.0007940674505730644
"p998": 6.774035123372113E-05
"p999": 0
"p1000": 9.596549758110492E-05
"p1001": 4.8923587002131926E-05
"p1002": 2.2580117077907045E-05
"p1003": 1.8816764231589204E-06
"p1004": 0.0001430074081600779
"p1005": 7.338538050319788E-05
"p1006": 2.2580117077907042E-05
"p1007": 0
