"p945": 0.002338923793986538
"p946": 0.0004214955187875982
"p947": 1.5053411385271363E-05
"p948": 6.962202765688006E-05
"p949": 2.2580117077907045E-05
"p950": 0
"p951": 0
"p952": 0.0017104438686514581
"p953": 0.00047418245863604794
"p954": 4.139688130949625E-05
"p955": 0
"p956": 0.0038988335487852833
"p957": 0.0013284635547501978
"p958": 0.0001919309951622099
"p959": 9.408382115794602E-06
"p960": 0.008401685229404578
"p961": 0.003424651090149235
"p962": 0.0006755218359140525
"p963": 4.8923587002131926E-05
"p964": 1.5053411385271363E-05
"p965": 0
"p966": 0
"p967": 0
"p968": 0.011231726569835598
"p969": 0.003919531989440031
"p970": 0.0006228348960656026
"p971": 4.704191057897301E-05
"p972": 0.007566220897522019
"p973": 0.002743484224965706
"p974": 0.0005080526342529084
"p975": 6.585867481056222E-05
"p976": 0.011229844893412437
"p977": 0.0045818820903919715
"p978": 0.0010029335335437046
"p979": 8.655711546531033E-05
"p980": 0.0001768775837769385
"p981": 1.8816764231589203E-05
"p982": 0
"p983": 0
"p984": 0.025231399158137966
"p985": 0.00911672227020497
"p986": 0.0014206656994849851
"p987": 0.00010349220327374063
"p988": 0.015493723668290549
"p989": 0.005955505879297983
"p990": 0.001236261410015411
"p991": 0.000165587525237985
"p992": 0.004866015230288966
"p993": 0.0018892031288515558
"p994": 0.0002954231984359505
"p995": 9.408382115794602E-06
"p996": 0
"p997": 0
"p998": 0
"p999": 0
"p1000": 0.0034999181470755916
"p1001": 0.0011459409417037825
"p1002": 0.000165587525237985
"p1003": 1.8816764231589204E-06
"p1004": 0.001953180127238959
"p1005": 0.0006604684245287812
"p1006": 0.0001467707610063958
"p1007": 1.8816764231589204E-06
