"p945": 0.0018609779825041722
"p946": 0.00035375516755387695
"p947": 2.6343469924224887E-05
"p948": 0.011752950939050618
"p949": 0.004576237061122495
"p950": 0.0009069680359625997
"p951": 4.892358700213193E-05
"p952": 0.0019607068329315952
"p953": 0.0005870830440255833
"p954": 6.209532196424438E-05
"p955": 5.645029269476761E-06
"p956": 0.004611988913162514
"p957": 0.0011967462051290735
"p958": 0.0001467707610063958
"p959": 9.408382115794602E-06
"p960": 0.0024330076151444836
"p961": 0.0006962202765688004
"p962": 8.843879188846925E-05
"p963": 1.1290058538953523E-05
"p964": 0.0047399429099373195
"p965": 0.0017254972800367298
"p966": 0.00034999181470755925
"p967": 4.139688130949625E-05
"p968": 0.0004929992228676371
"p969": 0.00018628596589273313
"p970": 4.139688130949625E-05
"p971": 5.645029269476761E-06
"p972": 0.0017142072214977764
"p973": 0.0006416516602971918
"p974": 0.00012607232035164766
"p975": 7.5267056926356815E-06
"p976": 6.774035123372114E-05
"p977": 0
"p978": 0
"p979": 0
"p980": 0.00059272807329506
"p981": 0.0001204272910821709
"p982": 5.645029269476761E-06
"p983": 0
"p984": 0
"p985": 0
"p986": 0
"p987": 0
"p988": 0
"p989": 0
"p990": 0
"p991": 0
"p992": 0.03438199160395979
"p993": 0.014821965185222817
"p994": 0.0036636239958904187
"p995": 0.0004666557529434123
"p996": 0.04872977433054659
"p997": 0.021144397967036793
"p998": 0.005488850126354573
"p999": 0.0007921857741499056
"p1000": 0.02107289426295675
"p1001": 0.008076155208198089
"p1002": 0.001522276226335567
"p1003": 5.080526342529084E-05
"p1004": 0.020583658392935435
"p1005": 0.007236927523469207
"p1006": 0.0012193263222069807
"p1007": 5.456861627160869E-05
