"p945": 0.0002615530228190899
"p946": 5.2686939848449775E-05
"p947": 1.1290058538953523E-05
"p948": 0
"p949": 0
"p950": 0
"p951": 0
"p952": 0.0028036978705067916
"p953": 0.0008787428896152159
"p954": 9.22021447347871E-05
"p955": 5.645029269476761E-06
"p956": 0.0006679951302214168
"p957": 0.000284133139896997
"p958": 4.8923587002131926E-05
"p959": 5.645029269476761E-06
"p960": 0.0017461957206914781
"p961": 0.00036504522609283053
"p962": 1.8816764231589207E-05
"p963": 0
"p964": 5.080526342529085E-05
"p965": 0
"p966": 0
"p967": 0
"p968": 0.017473247265453736
"p969": 0.007060049939692269
"p970": 0.001800764336963087
"p971": 0.00026155302281908997
"p972": 0.007746861834145276
"p973": 0.002715259078618322
"p974": 0.0005776746619097885
"p975": 4.892358700213193E-05
"p976": 0.003874371755284218
"p977": 0.0013962039059839191
"p978": 0.0002784881106275202
"p979": 7.5267056926356815E-06
"p980": 0.0004760641350592069
"p981": 0.00011666393823585305
"p982": 5.645029269476761E-06
"p983": 0
"p984": 0.02147933637035908
"p985": 0.00850517743267832
"p986": 0.001845924571118901
"p987": 0.00016746920166114393
"p988": 0.011798111173206432
"p989": 0.0046797292643962355
"p990": 0.0009784717400426388
"p991": 4.516023415581409E-05
"p992": 0.0003688085789391484
"p993": 0.00011854561465901197
"p994": 1.6935087808430286E-05
"p995": 0
"p996": 0
"p997": 0
"p998": 0
"p999": 0
"p1000": 0.010970173547016508
"p1001": 0.003524379940576657
"p1002": 0.00048170916432868367
"p1003": 2.2580117077907052E-05
"p1004": 0.0027058506965025268
"p1005": 0.0008843879188846927
"p1006": 7.903040977267466E-05
"p1007": 5.645029269476761E-06
