"p945": 9.408382115794602E-06
"p946": 0
"p947": 0
"p948": 0
"p949": 0
"p950": 0
"p951": 0
"p952": 0.001433837434447097
"p953": 0.0004666557529434123
"p954": 0.00010725555612005847
"p955": 1.8816764231589204E-06
"p956": 0.0002295645236253883
"p957": 6.962202765688006E-05
"p958": 2.2580117077907045E-05
"p959": 1.8816764231589204E-06
"p960": 7.714873334951573E-05
"p961": 0
"p962": 0
"p963": 0
"p964": 0
"p965": 0
"p966": 0
"p967": 0
"p968": 0.000402678754556009
"p969": 5.833196911792654E-05
"p970": 0
"p971": 0
"p972": 7.338538050319791E-05
"p973": 1.1290058538953523E-05
"p974": 0
"p975": 0
"p976": 0
"p977": 0
"p978": 0
"p979": 0
"p980": 0
"p981": 0
"p982": 0
"p983": 0
"p984": 1.8816764231589204E-06
"p985": 0
"p986": 0
"p987": 0
"p988": 0
"p989": 0
"p990": 0
"p991": 0
"p992": 0.000637888307450874
"p993": 8.843879188846925E-05
"p994": 0
"p995": 0
"p996": 7.903040977267465E-05
"p997": 0
"p998": 0
"p999": 0
"p1000": 0.007633961248755742
"p1001": 0.001958825156508436
"p1002": 0.00019945770085484557
"p1003": 1.1290058538953523E-05
"p1004": 0.002175217945171712
"p1005": 0.000756433922109886
"p1006": 8.843879188846925E-05
"p1007": 3.7633528463178407E-06
