"p945": 0.00022768284720222937
"p946": 7.33853805031979E-05
"p947": 1.1290058538953523E-05
"p948": 0
"p949": 0
"p950": 0
"p951": 0
"p952": 0.0032477735063722968
"p953": 0.0010311586798910884
"p954": 0.00014112573173691902
"p955": 7.5267056926356815E-06
"p956": 0.001057502149815313
"p957": 0.0004158504895181214
"p958": 4.8923587002131926E-05
"p959": 1.8816764231589204E-06
"p960": 0.00039891540170969113
"p961": 6.962202765688005E-05
"p962": 0
"p963": 0
"p964": 0
"p965": 0
"p966": 0
"p967": 0
"p968": 0.006089104905342267
"p969": 0.002035973889857951
"p970": 0.0003800986374781019
"p971": 4.5160234155814084E-05
"p972": 0.001960706832931595
"p973": 0.0006153081903729669
"p974": 0.0001034922032737406
"p975": 2.446179350106597E-05
"p976": 0.0013943222295607596
"p977": 0.0003499918147075592
"p978": 4.516023415581409E-05
"p979": 0
"p980": 7.903040977267465E-05
"p981": 0
"p982": 0
"p983": 0
"p984": 0.011295703568223
"p985": 0.003405834325917646
"p986": 0.0005588578976781994
"p987": 5.2686939848449775E-05
"p988": 0.005010904314872206
"p989": 0.001693508780843028
"p990": 0.00029165984558963265
"p991": 2.2580117077907045E-05
"p992": 7.903040977267465E-05
"p993": 2.4461793501065963E-05
"p994": 9.408382115794602E-06
"p995": 0
"p996": 0
"p997": 0
"p998": 0
"p999": 0
"p1000": 0.0025929501111129913
"p1001": 0.0008298193026130838
"p1002": 6.962202765688005E-05
"p1003": 0
"p1004": 0.0003819803139012608
"p1005": 0.00013548070246744229
"p1006": 2.8225146347383805E-05
"p1007": 1.8816764231589204E-06
