"p945": 0.0022824735012917704
"p946": 0.0004779458114823657
"p947": 6.209532196424438E-05
"p948": 0.016063871624507706
"p949": 0.005739113090634706
"p950": 0.0012851849970175427
"p951": 0.0001938126715853688
"p952": 0.0015730814897608571
"p953": 0.0005080526342529086
"p954": 0.00011290058538953522
"p955": 1.8816764231589204E-06
"p956": 0.004102054602486447
"p957": 0.0011704027352048485
"p958": 0.00015053411385271363
"p959": 5.645029269476761E-06
"p960": 0.0029260068380121207
"p961": 0.0011233608246258757
"p962": 0.0002389729057411829
"p963": 2.8225146347383808E-05
"p964": 0.004017379163444293
"p965": 0.0015580280783755861
"p966": 0.00031988499193701646
"p967": 3.7633528463178407E-05
"p968": 0.0015222762263355665
"p969": 0.0005061709578297496
"p970": 3.010682277054273E-05
"p971": 0
"p972": 0.0015862532247229698
"p973": 0.0005306327513308156
"p974": 6.0213645541085445E-05
"p975": 0
"p976": 9.408382115794602E-06
"p977": 0
"p978": 0
"p979": 0
"p980": 9.784717400426385E-05
"p981": 1.3171734962112442E-05
"p982": 0
"p983": 0
"p984": 0
"p985": 0
"p986": 0
"p987": 0
"p988": 2.0698440654748124E-05
"p989": 1.1290058538953523E-05
"p990": 0
"p991": 0
"p992": 0.001791355954847292
"p993": 0.00059272807329506
"p994": 0.0001204272910821709
"p995": 1.1290058538953523E-05
"p996": 0.005575407241819881
"p997": 0.001827107806887311
"p998": 0.0002954231984359504
"p999": 3.198849919370165E-05
"p1000": 0.0005099343106760675
"p1001": 0.00017875926020009743
"p1002": 3.3870175616860565E-05
"p1003": 1.8816764231589204E-06
"p1004": 0.0010725555612005847
"p1005": 0.00028601481632015586
"p1006": 3.0106822770542726E-05
"p1007": 0
