"p945": 0.0010706738847774257
"p946": 0.00016370584881482606
"p947": 9.408382115794602E-06
"p948": 0.0001994577008548455
"p949": 1.6935087808430282E-05
"p950": 0
"p951": 0
"p952": 0.0014959327564113415
"p953": 0.00039891540170969113
"p954": 3.010682277054273E-05
"p955": 0
"p956": 0.003594001968233537
"p957": 0.0009709450343500028
"p958": 8.655711546531033E-05
"p959": 5.645029269476761E-06
"p960": 0.0001674692016611439
"p961": 3.198849919370165E-05
"p962": 0
"p963": 0
"p964": 0
"p965": 0
"p966": 0
"p967": 0
"p968": 0.0001129005853895352
"p969": 2.4461793501065963E-05
"p970": 0
"p971": 0
"p972": 6.397699838740328E-05
"p973": 3.575185204001949E-05
"p974": 0
"p975": 0
"p976": 0.00022580117077907047
"p977": 3.575185204001948E-05
"p978": 0
"p979": 0
"p980": 3.575185204001949E-05
"p981": 0
"p982": 0
"p983": 0
"p984": 0.00016935087808430283
"p985": 3.7633528463178407E-05
"p986": 0
"p987": 0
"p988": 9.032046831162818E-05
"p989": 3.575185204001949E-05
"p990": 3.7633528463178407E-06
"p991": 0
"p992": 0.0015994249596850815
"p993": 0.0005852013676024242
"p994": 8.091208619583358E-05
"p995": 5.645029269476761E-06
"p996": 0
"p997": 0
"p998": 0
"p999": 0
"p1000": 0.0015806081954534929
"p1001": 0.00040644210740232686
"p1002": 3.575185204001949E-05
"p1003": 0
"p1004": 0.0008448727139983548
"p1005": 0.000378216961054943
"p1006": 4.8923587002131926E-05
"p1007": 5.645029269476761E-06
