"p945": 0.0009088497123857584
"p946": 3.951520488633733E-05
"p947": 1.8816764231589204E-06
"p948": 0.0032534185356417732
"p949": 0.0008956779774236462
"p950": 8.467543904215141E-05
"p951": 0
"p952": 0.008572917783912042
"p953": 0.002694560637963574
"p954": 0.00034811013828440026
"p955": 1.3171734962112444E-05
"p956": 0.017655769878500156
"p957": 0.006789088534757386
"p958": 0.001232498057169093
"p959": 4.139688130949624E-05
"p960": 2.0698440654748124E-05
"p961": 0
"p962": 0
"p963": 0
"p964": 8.843879188846925E-05
"p965": 0
"p966": 0
"p967": 0
"p968": 0.0007752506863414753
"p969": 0.00018252261304641527
"p970": 1.6935087808430282E-05
"p971": 0
"p972": 0.0018854397760052382
"p973": 0.0006811668651835292
"p974": 8.655711546531033E-05
"p975": 0
"p976": 0.00013548070246744223
"p977": 1.8816764231589204E-06
"p978": 0
"p979": 0
"p980": 0.0005870830440255832
"p981": 6.209532196424438E-05
"p982": 3.7633528463178407E-06
"p983": 0
"p984": 0.0015034594621039772
"p985": 0.0003800986374781019
"p986": 2.6343469924224884E-05
"p987": 0
"p988": 0.0025402631712645417
"p989": 0.0008712161839225801
"p990": 0.00013548070246744226
"p991": 0
"p992": 0.0005588578976781993
"p993": 0.00012230896750532982
"p994": 1.8816764231589204E-06
"p995": 0
"p996": 0.00039327037244021434
"p997": 8.091208619583358E-05
"p998": 1.8816764231589204E-06
"p999": 0
"p1000": 0.009957831631357007
"p1001": 0.003198849919370165
"p1002": 0.000474182458636048
"p1003": 2.8225146347383805E-05
"p1004": 0.007793903744724249
"p1005": 0.0029993922185153187
"p1006": 0.0004835908407518425
"p1007": 1.8816764231589207E-05
