"p945": 0.0008204109204972894
"p946": 0.0001279539967748066
"p947": 7.5267056926356815E-06
"p948": 0.00010349220327374062
"p949": 2.2580117077907045E-05
"p950": 0
"p951": 0
"p952": 0.0007903040977267466
"p953": 0.00026343469924224885
"p954": 2.6343469924224887E-05
"p955": 0
"p956": 0.0012324980571690924
"p957": 0.000447838988711823
"p958": 6.0213645541085445E-05
"p959": 1.8816764231589204E-06
"p960": 0.0035187349113071807
"p961": 0.0013303452311733564
"p962": 0.00027096140493488446
"p963": 3.3870175616860565E-05
"p964": 9.4083821157946E-06
"p965": 0
"p966": 0
"p967": 0
"p968": 0.002703969020079368
"p969": 0.0007997124798425411
"p970": 0.00012607232035164766
"p971": 1.1290058538953523E-05
"p972": 0.002510156348493999
"p973": 0.0008429910375751962
"p974": 0.00012607232035164766
"p975": 3.0106822770542726E-05
"p976": 0.004420057918000304
"p977": 0.0015768448426071748
"p978": 0.0003010682277054272
"p979": 3.198849919370165E-05
"p980": 0.00013736237889060116
"p981": 1.317173496211244E-05
"p982": 0
"p983": 0
"p984": 0.006982901206342755
"p985": 0.0020133937727800444
"p986": 0.00028601481632015586
"p987": 2.0698440654748128E-05
"p988": 0.00556223550685777
"p989": 0.0018515696003883772
"p990": 0.00031988499193701646
"p991": 2.2580117077907045E-05
"p992": 0.0019324816865842107
"p993": 0.0006397699838740329
"p994": 4.327855773265516E-05
"p995": 0
"p996": 0
"p997": 0
"p998": 0
"p999": 0
"p1000": 0.0007056286586845952
"p1001": 0.00022768284720222937
"p1002": 4.8923587002131926E-05
"p1003": 1.8816764231589204E-06
"p1004": 0.0004760641350592067
"p1005": 0.00019381267158536883
"p1006": 5.080526342529084E-05
"p1007": 1.8816764231589204E-06
