"p945": 0.0005118159870992265
"p946": 5.45686162716087E-05
"p947": 5.645029269476761E-06
"p948": 0.004431347976539258
"p949": 0.0013040017612491318
"p950": 0.0001862859658927331
"p951": 9.408382115794602E-06
"p952": 0.00046477407652025334
"p953": 0.0001298356731979655
"p954": 7.5267056926356815E-06
"p955": 0
"p956": 0.0026550454330772364
"p957": 0.0006529417188361454
"p958": 3.387017561686057E-05
"p959": 0
"p960": 4.516023415581409E-05
"p961": 5.645029269476761E-06
"p962": 0
"p963": 0
"p964": 0.00025214464070329537
"p965": 5.080526342529085E-05
"p966": 0
"p967": 0
"p968": 1.3171734962112442E-05
"p969": 5.645029269476761E-06
"p970": 0
"p971": 0
"p972": 3.3870175616860565E-05
"p973": 3.0106822770542722E-05
"p974": 0
"p975": 0
"p976": 0.00011666393823585307
"p977": 1.8816764231589203E-05
"p978": 0
"p979": 0
"p980": 0.0003255300212064932
"p981": 5.080526342529085E-05
"p982": 0
"p983": 0
"p984": 3.0106822770542726E-05
"p985": 1.5053411385271363E-05
"p986": 0
"p987": 0
"p988": 4.8923587002131926E-05
"p989": 2.4461793501065963E-05
"p990": 3.7633528463178407E-06
"p991": 0
"p992": 0.0014959327564113417
"p993": 0.0004421939594423463
"p994": 6.585867481056221E-05
"p995": 5.645029269476761E-06
"p996": 0.0017970009841167679
"p997": 0.0006642317773750989
"p998": 9.408382115794602E-05
"p999": 5.645029269476761E-06
"p1000": 0.0004610107236739356
"p1001": 0.0001486524374295547
"p1002": 5.645029269476761E-06
"p1003": 0
"p1004": 0.00027472475778120243
"p1005": 0.00013548070246744226
"p1006": 0
"p1007": 0
