"p945": 0.004593172148930924
"p946": 0.0010499754441226775
"p947": 0.0001599424959685082
"p948": 0.00025967134639593104
"p949": 5.2686939848449775E-05
"p950": 0
"p951": 0
"p952": 0.006894462414454286
"p953": 0.002361503911064445
"p954": 0.0005212243692150209
"p955": 6.774035123372113E-05
"p956": 0.0077807320097621376
"p957": 0.002410427498066577
"p958": 0.00039138869601705546
"p959": 2.8225146347383808E-05
"p960": 0.002685152255847779
"p961": 0.0011534676473964182
"p962": 0.00025967134639593104
"p963": 3.0106822770542726E-05
"p964": 7.52670569263568E-05
"p965": 1.317173496211244E-05
"p966": 0
"p967": 0
"p968": 0.003943993782941097
"p969": 0.0012945933791333368
"p970": 0.00020886608297064014
"p971": 2.4461793501065966E-05
"p972": 0.003464166295035572
"p973": 0.0011741660880511661
"p974": 0.000188167642315892
"p975": 1.1290058538953523E-05
"p976": 7.526705692635681E-05
"p977": 1.3171734962112442E-05
"p978": 0
"p979": 0
"p980": 2.2580117077907045E-05
"p981": 0
"p982": 0
"p983": 0
"p984": 9.408382115794602E-06
"p985": 0
"p986": 0
"p987": 0
"p988": 2.0698440654748124E-05
"p989": 1.1290058538953523E-05
"p990": 0
"p991": 0
"p992": 0.0039439937829410954
"p993": 0.001294593379133337
"p994": 0.00020886608297064014
"p995": 2.4461793501065963E-05
"p996": 9.4083821157946E-06
"p997": 0
"p998": 0
"p999": 0
"p1000": 0.0024123091744897357
"p1001": 0.0007752506863414752
"p1002": 0.00011854561465901199
"p1003": 9.408382115794602E-06
"p1004": 0.0022090881207885724
"p1005": 0.0006341249546045561
"p1006": 0.00011854561465901199
"p1007": 1.1290058538953523E-05
