"p945": 0.004739942909937321
"p946": 0.0008825062424615337
"p947": 4.516023415581409E-05
"p948": 0.00011854561465901199
"p949": 3.7633528463178407E-05
"p950": 0
"p951": 0
"p952": 0.005878357145948468
"p953": 0.0018892031288515558
"p954": 0.00024273625858750074
"p955": 9.408382115794602E-06
"p956": 0.009491175878413595
"p957": 0.0029542319843595044
"p958": 0.0004779458114823658
"p959": 3.763352846317841E-05
"p960": 0.015196418793431442
"p961": 0.007361118167397696
"p962": 0.0020980692118221962
"p963": 0.00037445360820862524
"p964": 0.0004704191057897301
"p965": 7.33853805031979E-05
"p966": 5.645029269476761E-06
"p967": 0
"p968": 0.02503946816297576
"p969": 0.01068227705427319
"p970": 0.0026155302281909
"p971": 0.00028413313989699703
"p972": 0.020404899132735337
"p973": 0.008213517587088688
"p974": 0.0017424323678451603
"p975": 0.00013548070246744226
"p976": 0.0004704191057897301
"p977": 7.33853805031979E-05
"p978": 5.645029269476761E-06
"p979": 0
"p980": 0.00011854561465901199
"p981": 1.6935087808430282E-05
"p982": 0
"p983": 0
"p984": 3.387017561686057E-05
"p985": 1.8816764231589204E-06
"p986": 0
"p987": 0
"p988": 8.27937626189925E-05
"p989": 2.6343469924224887E-05
"p990": 0
"p991": 0
"p992": 0.025039468162975757
"p993": 0.01068227705427319
"p994": 0.0026155302281908994
"p995": 0.00028413313989699703
"p996": 3.3870175616860565E-05
"p997": 1.8816764231589204E-06
"p998": 0
"p999": 0
"p1000": 0.02240512117055327
"p1001": 0.009180699268592373
"p1002": 0.002005867067087409
"p1003": 0.00018816764231589206
"p1004": 0.017849582550085525
"p1005": 0.006008192819146433
"p1006": 0.0010255136506216115
"p1007": 7.903040977267466E-05
