"p945": 0.0019287183337378933
"p946": 0.00034434678543808234
"p947": 2.6343469924224887E-05
"p948": 0.01381903165167911
"p949": 0.004623278971701467
"p950": 0.0008712161839225803
"p951": 9.220214473478709E-05
"p952": 0.00198705030285582
"p953": 0.0005005259285602728
"p954": 7.150370408003896E-05
"p955": 0
"p956": 0.009016993419777547
"p957": 0.002653163756654078
"p958": 0.0004007970781328501
"p959": 2.2580117077907045E-05
"p960": 0.00046853742936657115
"p961": 0.0001279539967748066
"p962": 1.3171734962112442E-05
"p963": 0
"p964": 0.002589186758266675
"p965": 0.0007489072164172503
"p966": 8.843879188846925E-05
"p967": 1.8816764231589204E-06
"p968": 8.091208619583357E-05
"p969": 2.6343469924224884E-05
"p970": 5.645029269476761E-06
"p971": 0
"p972": 0.0004214955187875982
"p973": 0.00012607232035164768
"p974": 5.645029269476761E-06
"p975": 0
"p976": 0.0007733690099183163
"p977": 0.00018628596589273316
"p978": 1.3171734962112442E-05
"p979": 0
"p980": 0.0021601645337864404
"p981": 0.0006002547789876957
"p982": 6.021364554108546E-05
"p983": 0
"p984": 0.00013359902604428333
"p985": 3.9515204886337324E-05
"p986": 5.645029269476761E-06
"p987": 0
"p988": 0.000588964720448742
"p989": 0.00022580117077907044
"p990": 3.575185204001949E-05
"p991": 0
"p992": 0.008597379577413107
"p993": 0.003212021654332277
"p994": 0.0007056286586845951
"p995": 8.467543904215141E-05
"p996": 0.021353264050007432
"p997": 0.007891750918728513
"p998": 0.0017593674556535903
"p999": 0.00023332787647170614
"p1000": 0.0024273625858750075
"p1001": 0.0007959491269962234
"p1002": 0.00017311423093062066
"p1003": 1.8816764231589204E-06
"p1004": 0.005680781121516782
"p1005": 0.0015316846084513613
"p1006": 0.0002239194943559115
"p1007": 5.645029269476761E-06
