"p945": 0.0003989154017096911
"p946": 9.22021447347871E-05
"p947": 1.3171734962112442E-05
"p948": 1.1290058538953523E-05
"p949": 0
"p950": 0
"p951": 0
"p952": 0.00800841485696437
"p953": 0.0029297701908584384
"p954": 0.0006002547789876956
"p955": 7.33853805031979E-05
"p956": 0.002890254985972101
"p957": 0.0009916434750047508
"p958": 0.00017311423093062066
"p959": 1.1290058538953523E-05
"p960": 0.0008787428896152159
"p961": 0.000188167642315892
"p962": 1.8816764231589203E-05
"p963": 0
"p964": 8.655711546531032E-05
"p965": 1.8816764231589204E-06
"p966": 0
"p967": 0
"p968": 0.01003874371755284
"p969": 0.003052079158363769
"p970": 0.00042714054805707494
"p971": 2.8225146347383805E-05
"p972": 0.004544248561928793
"p973": 0.0014978144328345005
"p974": 0.00024838128785697745
"p975": 1.6935087808430286E-05
"p976": 3.575185204001949E-05
"p977": 3.7633528463178407E-06
"p978": 0
"p979": 0
"p980": 0
"p981": 0
"p982": 0
"p983": 0
"p984": 5.456861627160869E-05
"p985": 3.7633528463178407E-06
"p986": 0
"p987": 0
"p988": 0
"p989": 0
"p990": 0
"p991": 0
"p992": 0.0006341249546045562
"p993": 0.00015429746669903146
"p994": 1.8816764231589203E-05
"p995": 1.8816764231589204E-06
"p996": 0
"p997": 0
"p998": 0
"p999": 0
"p1000": 0.013015555818990257
"p1001": 0.003913886960170556
"p1002": 0.0006058998082571725
"p1003": 3.951520488633733E-05
"p1004": 0.003338093974683925
"p1005": 0.0010142235920826575
"p1006": 0.00017311423093062066
"p1007": 1.1290058538953523E-05
