"p945": 0.0005645029269476761
"p946": 0.00012230896750532982
"p947": 1.8816764231589204E-06
"p948": 3.0106822770542726E-05
"p949": 5.645029269476761E-06
"p950": 0
"p951": 0
"p952": 0.00037821696105494294
"p953": 0.00012795399677480656
"p954": 3.1988499193701654E-05
"p955": 1.8816764231589204E-06
"p956": 0.0007620789513793628
"p957": 0.00029730487485910944
"p958": 6.962202765688005E-05
"p959": 3.7633528463178407E-06
"p960": 0.0020510273012432226
"p961": 0.0006792851887603702
"p962": 7.903040977267465E-05
"p963": 3.7633528463178407E-06
"p964": 5.456861627160869E-05
"p965": 3.7633528463178407E-06
"p966": 0
"p967": 0
"p968": 0.004175439982989644
"p969": 0.0011214791482027167
"p970": 0.00012795399677480656
"p971": 3.7633528463178407E-06
"p972": 0.0018064093662325629
"p973": 0.0005287510749076567
"p974": 7.526705692635681E-05
"p975": 1.8816764231589204E-06
"p976": 1.6935087808430286E-05
"p977": 3.7633528463178407E-06
"p978": 0
"p979": 0
"p980": 5.645029269476761E-06
"p981": 1.8816764231589204E-06
"p982": 0
"p983": 0
"p984": 0
"p985": 0
"p986": 0
"p987": 0
"p988": 0
"p989": 0
"p990": 0
"p991": 0
"p992": 0.0032270750657175475
"p993": 0.0011177157953563984
"p994": 0.0001825226130464153
"p995": 9.408382115794602E-06
"p996": 0
"p997": 0
"p998": 0
"p999": 0
"p1000": 0.00393834875367162
"p1001": 0.0011647577059353716
"p1002": 0.00016558752523798497
"p1003": 1.1290058538953523E-05
"p1004": 0.0013886772002912825
"p1005": 0.0005268693984844976
"p1006": 8.091208619583357E-05
"p1007": 3.7633528463178407E-06
