"p945": 0.0002954231984359505
"p946": 2.6343469924224887E-05
"p947": 0
"p948": 0.00299751054209216
"p949": 0.0010612655026616309
"p950": 0.00010349220327374062
"p951": 7.5267056926356815E-06
"p952": 0.0001298356731979655
"p953": 4.327855773265517E-05
"p954": 1.3171734962112444E-05
"p955": 1.8816764231589204E-06
"p956": 0.0007714873334951573
"p957": 0.000259671346395931
"p958": 4.327855773265517E-05
"p959": 1.8816764231589204E-06
"p960": 0.0022598933842138623
"p961": 0.0008185292440741304
"p962": 0.00013171734962112442
"p963": 9.408382115794602E-06
"p964": 0.002826277987584698
"p965": 0.0010048152099668634
"p966": 0.0001486524374295547
"p967": 9.408382115794602E-06
"p968": 0.0012324980571690927
"p969": 0.0003706902553623073
"p970": 4.892358700213194E-05
"p971": 0
"p972": 0.0012324980571690927
"p973": 0.00037445360820862513
"p974": 5.080526342529085E-05
"p975": 0
"p976": 0
"p977": 0
"p978": 0
"p979": 0
"p980": 6.021364554108545E-05
"p981": 5.645029269476761E-06
"p982": 0
"p983": 0
"p984": 0
"p985": 0
"p986": 0
"p987": 0
"p988": 0
"p989": 0
"p990": 0
"p991": 0
"p992": 0.0028601481632015585
"p993": 0.0008636894782299443
"p994": 0.00011854561465901199
"p995": 3.7633528463178407E-06
"p996": 0.0058802388223716286
"p997": 0.001644585193840896
"p998": 0.0001956943480085277
"p999": 9.408382115794602E-06
"p1000": 0.0008392276847288785
"p1001": 0.00023897290574118296
"p1002": 3.575185204001949E-05
"p1003": 1.8816764231589204E-06
"p1004": 0.0007714873334951572
"p1005": 0.00025967134639593104
"p1006": 4.327855773265517E-05
"p1007": 1.8816764231589204E-06
