"p945": 1.1290058538953523E-05
"p946": 1.8816764231589204E-06
"p947": 0
"p948": 4.5160234155814084E-05
"p949": 1.5053411385271363E-05
"p950": 3.7633528463178407E-06
"p951": 0
"p952": 9.22021447347871E-05
"p953": 3.7633528463178407E-05
"p954": 5.645029269476761E-06
"p955": 0
"p956": 0.0004628924000970944
"p957": 0.00012230896750532982
"p958": 1.8816764231589203E-05
"p959": 0
"p960": 1.1290058538953523E-05
"p961": 3.7633528463178407E-06
"p962": 0
"p963": 0
"p964": 9.972885042742277E-05
"p965": 1.6935087808430282E-05
"p966": 0
"p967": 0
"p968": 0.00014677076100639576
"p969": 2.8225146347383805E-05
"p970": 3.7633528463178407E-06
"p971": 0
"p972": 0.00026155302281908997
"p973": 5.645029269476761E-05
"p974": 1.1290058538953523E-05
"p975": 0
"p976": 0
"p977": 0
"p978": 0
"p979": 0
"p980": 0
"p981": 0
"p982": 0
"p983": 0
"p984": 0
"p985": 0
"p986": 0
"p987": 0
"p988": 3.0106822770542726E-05
"p989": 1.8816764231589204E-06
"p990": 0
"p991": 0
"p992": 0.0005061709578297494
"p993": 0.00013359902604428335
"p994": 1.1290058538953523E-05
"p995": 0
"p996": 0.0003424651090149236
"p997": 6.39769983874033E-05
"p998": 1.1290058538953521E-05
"p999": 0
"p1000": 0.004284577215532864
"p1001": 0.001258841527093318
"p1002": 0.00015806081954534935
"p1003": 7.5267056926356815E-06
"p1004": 0.004145333160219102
"p1005": 0.0013378719368659924
"p1006": 0.0001674692016611439
"p1007": 7.5267056926356815E-06
