"p945": 0.0007583155985330451
"p946": 7.714873334951573E-05
"p947": 5.645029269476761E-06
"p948": 0.007445793606439849
"p949": 0.002414190850912895
"p950": 0.0003349384033222879
"p951": 2.0698440654748128E-05
"p952": 0.0007093920115309128
"p953": 0.000212629435816958
"p954": 3.198849919370165E-05
"p955": 0
"p956": 0.0012155629693606624
"p957": 0.00037069025536230727
"p958": 4.327855773265517E-05
"p959": 0
"p960": 0.00010913723254321738
"p961": 1.5053411385271365E-05
"p962": 0
"p963": 0
"p964": 0.0005419228098697689
"p965": 7.903040977267466E-05
"p966": 0
"p967": 0
"p968": 1.3171734962112442E-05
"p969": 3.7633528463178407E-06
"p970": 3.7633528463178407E-06
"p971": 0
"p972": 6.39769983874033E-05
"p973": 4.516023415581409E-05
"p974": 3.0106822770542726E-05
"p975": 0
"p976": 0
"p977": 0
"p978": 0
"p979": 0
"p980": 7.903040977267465E-05
"p981": 0
"p982": 0
"p983": 0
"p984": 0
"p985": 0
"p986": 0
"p987": 0
"p988": 0
"p989": 0
"p990": 0
"p991": 0
"p992": 0.002523328083456112
"p993": 0.0008128842148046536
"p994": 0.00011101890896637632
"p995": 5.645029269476761E-06
"p996": 0.006282917576927635
"p997": 0.0016163600474935124
"p998": 0.00018064093662325636
"p999": 1.1290058538953523E-05
"p1000": 0.0008091208619583356
"p1001": 0.00022391949435591156
"p1002": 2.0698440654748124E-05
"p1003": 0
"p1004": 0.0012155629693606624
"p1005": 0.00037069025536230727
"p1006": 4.327855773265516E-05
"p1007": 0
