"p945": 0.0017330239857293653
"p946": 0.0002239194943559115
"p947": 9.408382115794602E-06
"p948": 0.01309458622876293
"p949": 0.004271405480570749
"p950": 0.0007263270993393433
"p951": 5.8331969117926534E-05
"p952": 0.001298356731979655
"p953": 0.0003443467854380824
"p954": 3.7633528463178407E-05
"p955": 0
"p956": 0.009598431434533653
"p957": 0.002880846603856307
"p958": 0.00041020546024864466
"p959": 2.2580117077907045E-05
"p960": 0.00020698440654748124
"p961": 4.3278557732655166E-05
"p962": 1.8816764231589204E-06
"p963": 0
"p964": 0.0014488908458323688
"p965": 0.00029165984558963265
"p966": 2.2580117077907045E-05
"p967": 0
"p968": 3.7633528463178407E-05
"p969": 9.408382115794602E-06
"p970": 1.8816764231589204E-06
"p971": 0
"p972": 0.00019757602443168663
"p973": 0.00011478226181269415
"p974": 1.5053411385271363E-05
"p975": 0
"p976": 0.00033682007974544673
"p977": 6.585867481056221E-05
"p978": 3.7633528463178407E-06
"p979": 0
"p980": 0.0013529253482512638
"p981": 0.00029354152201279153
"p982": 3.3870175616860565E-05
"p983": 0
"p984": 9.596549758110493E-05
"p985": 2.8225146347383805E-05
"p986": 3.7633528463178407E-06
"p987": 1.8816764231589204E-06
"p988": 0.00028225146347383805
"p989": 0.00011666393823585305
"p990": 3.0106822770542726E-05
"p991": 1.8816764231589204E-06
"p992": 0.0048998854059058294
"p993": 0.001526039579181884
"p994": 0.00023332787647170614
"p995": 3.7633528463178407E-05
"p996": 0.008800600631114274
"p997": 0.0027961711648141555
"p998": 0.00046853742936657126
"p999": 3.7633528463178407E-05
"p1000": 0.001462062580794481
"p1001": 0.0004365489301728695
"p1002": 6.39769983874033E-05
"p1003": 1.8816764231589204E-06
"p1004": 0.0013284635547501974
"p1005": 0.0004986442521371138
"p1006": 6.962202765688005E-05
"p1007": 5.645029269476761E-06
