"p945": 1.3171734962112444E-05
"p946": 5.645029269476761E-06
"p947": 1.8816764231589204E-06
"p948": 0
"p949": 0
"p950": 0
"p951": 0
"p952": 0.0004835908407518425
"p953": 0.00011478226181269412
"p954": 1.5053411385271363E-05
"p955": 0
"p956": 0.00014300740816007796
"p957": 7.338538050319788E-05
"p958": 2.2580117077907042E-05
"p959": 0
"p960": 0.0002464996114338186
"p961": 5.080526342529086E-05
"p962": 7.5267056926356815E-06
"p963": 0
"p964": 3.0106822770542726E-05
"p965": 1.8816764231589204E-06
"p966": 0
"p967": 0
"p968": 0.0033268039161449717
"p969": 0.001110189089663763
"p970": 0.00015241579027587256
"p971": 7.5267056926356815E-06
"p972": 0.0008053575091120178
"p973": 0.0002521446407032953
"p974": 2.2580117077907045E-05
"p975": 0
"p976": 1.3171734962112444E-05
"p977": 3.7633528463178407E-06
"p978": 0
"p979": 0
"p980": 0
"p981": 0
"p982": 0
"p983": 0
"p984": 1.6935087808430286E-05
"p985": 3.7633528463178407E-06
"p986": 0
"p987": 0
"p988": 0
"p989": 0
"p990": 0
"p991": 0
"p992": 0.00010537387969689955
"p993": 2.6343469924224887E-05
"p994": 7.5267056926356815E-06
"p995": 1.8816764231589204E-06
"p996": 0
"p997": 0
"p998": 0
"p999": 0
"p1000": 0.0041283980724106705
"p1001": 0.0012136812929375036
"p1002": 0.00016935087808430288
"p1003": 7.5267056926356815E-06
"p1004": 0.000566384603370835
"p1005": 0.00017875926020009743
"p1006": 2.2580117077907045E-05
"p1007": 0
