"p945": 0.0007714873334951574
"p946": 0.00010349220327374062
"p947": 9.408382115794602E-06
"p948": 3.198849919370165E-05
"p949": 2.0698440654748124E-05
"p950": 0
"p951": 0
"p952": 0.0009540099465415726
"p953": 0.00034811013828440026
"p954": 4.327855773265517E-05
"p955": 1.8816764231589204E-06
"p956": 0.0013284635547501978
"p957": 0.0004986442521371138
"p958": 6.962202765688006E-05
"p959": 5.645029269476761E-06
"p960": 0.0059084639687190105
"p961": 0.002355858881794968
"p962": 0.00045724737082761767
"p963": 3.198849919370165E-05
"p964": 0.00031423996266753966
"p965": 4.516023415581408E-05
"p966": 0
"p967": 0
"p968": 0.005340197688925016
"p969": 0.002169572915902235
"p970": 0.0003970337252865322
"p971": 1.5053411385271365E-05
"p972": 0.00897747821489121
"p973": 0.0032007315957933236
"p974": 0.0005118159870992264
"p975": 1.3171734962112444E-05
"p976": 6.962202765688005E-05
"p977": 5.645029269476761E-06
"p978": 0
"p979": 0
"p980": 3.7633528463178407E-05
"p981": 0
"p982": 0
"p983": 0
"p984": 1.8816764231589204E-06
"p985": 0
"p986": 0
"p987": 0
"p988": 3.7633528463178407E-06
"p989": 0
"p990": 0
"p991": 0
"p992": 0.014430576489205761
"p993": 0.00491305714086794
"p994": 0.0006548233952593043
"p995": 4.51602341558141E-05
"p996": 2.6343469924224884E-05
"p997": 0
"p998": 0
"p999": 0
"p1000": 0.008890921099425901
"p1001": 0.0030050372477847948
"p1002": 0.0003631635496696716
"p1003": 1.3171734962112442E-05
"p1004": 0.009598431434533653
"p1005": 0.002880846603856307
"p1006": 0.0004102054602486446
"p1007": 2.258011707790704E-05
