"p945": 0.00038574366674757867
"p946": 5.080526342529085E-05
"p947": 1.8816764231589204E-06
"p948": 0.0033738458267239444
"p949": 0.0012513148214006817
"p950": 0.0001392440553137601
"p951": 7.5267056926356815E-06
"p952": 9.22021447347871E-05
"p953": 2.4461793501065963E-05
"p954": 7.5267056926356815E-06
"p955": 1.8816764231589204E-06
"p956": 0.0006886935708761649
"p957": 0.00023520955289486504
"p958": 3.7633528463178407E-05
"p959": 1.8816764231589204E-06
"p960": 0.003959047194326369
"p961": 0.0013096467905186083
"p962": 0.000212629435816958
"p963": 3.575185204001949E-05
"p964": 0.006550115629016204
"p965": 0.002207206444365413
"p966": 0.0003989154017096911
"p967": 3.7633528463178407E-05
"p968": 0.00134163528971231
"p969": 0.00041396881309496236
"p970": 6.39769983874033E-05
"p971": 1.8816764231589204E-06
"p972": 0.0012720132620554299
"p973": 0.000494880899290796
"p974": 7.150370408003896E-05
"p975": 5.645029269476761E-06
"p976": 0.006550115629016203
"p977": 0.002207206444365413
"p978": 0.00039891540170969113
"p979": 3.7633528463178407E-05
"p980": 0.007679121482911555
"p981": 0.0026588087859235536
"p982": 0.0004666557529434122
"p983": 4.5160234155814084E-05
"p984": 0.0034039526494944877
"p985": 0.0010198686213521348
"p986": 0.00013171734962112442
"p987": 0
"p988": 0.002878964927433148
"p989": 0.0008523994196909907
"p990": 9.972885042742278E-05
"p991": 0
"p992": 0.00134163528971231
"p993": 0.0004139688130949624
"p994": 6.397699838740328E-05
"p995": 1.8816764231589204E-06
"p996": 0.003403952649494487
"p997": 0.0010198686213521346
"p998": 0.00013171734962112442
"p999": 0
"p1000": 0.00019945770085484557
"p1001": 7.150370408003895E-05
"p1002": 2.634346992422488E-05
"p1003": 3.7633528463178407E-06
"p1004": 0.0001674692016611439
"p1005": 8.091208619583355E-05
"p1006": 2.634346992422488E-05
"p1007": 1.8816764231589204E-06
