"p945": 1.5053411385271363E-05
"p946": 7.5267056926356815E-06
"p947": 0
"p948": 0.00014488908458323686
"p949": 2.6343469924224887E-05
"p950": 7.5267056926356815E-06
"p951": 0
"p952": 1.8816764231589204E-06
"p953": 1.8816764231589204E-06
"p954": 1.8816764231589204E-06
"p955": 1.8816764231589204E-06
"p956": 2.2580117077907045E-05
"p957": 7.5267056926356815E-06
"p958": 5.645029269476761E-06
"p959": 1.8816764231589204E-06
"p960": 0.0014921694035650236
"p961": 0.0005061709578297497
"p962": 6.774035123372113E-05
"p963": 3.7633528463178407E-06
"p964": 0.0016634019580724847
"p965": 0.0005607395741013582
"p966": 7.33853805031979E-05
"p967": 3.7633528463178407E-06
"p968": 0.0006491783659898276
"p969": 0.0002013393772780045
"p970": 2.6343469924224887E-05
"p971": 0
"p972": 0.00028225146347383805
"p973": 0.00011478226181269415
"p974": 1.8816764231589203E-05
"p975": 0
"p976": 0.001663401958072485
"p977": 0.0005607395741013582
"p978": 7.33853805031979E-05
"p979": 3.7633528463178407E-06
"p980": 0.0013548070246744226
"p981": 0.0005343961041771335
"p982": 7.150370408003898E-05
"p983": 3.7633528463178407E-06
"p984": 0.0009653000050805262
"p985": 0.0002766064342043613
"p986": 3.575185204001949E-05
"p987": 0
"p988": 0.0006830485416066881
"p989": 0.00018816764231589203
"p990": 2.2580117077907045E-05
"p991": 0
"p992": 0.0006491783659898275
"p993": 0.0002013393772780045
"p994": 2.6343469924224887E-05
"p995": 0
"p996": 0.0009653000050805262
"p997": 0.0002766064342043613
"p998": 3.575185204001949E-05
"p999": 0
"p1000": 9.408382115794602E-05
"p1001": 1.8816764231589203E-05
"p1002": 5.645029269476761E-06
"p1003": 1.8816764231589204E-06
"p1004": 2.2580117077907045E-05
"p1005": 7.5267056926356815E-06
"p1006": 5.645029269476761E-06
"p1007": 1.8816764231589204E-06
