"p945": 0.0012023912343985502
"p946": 0.00018440428946957412
"p947": 7.5267056926356815E-06
"p948": 0.0005776746619097885
"p949": 9.972885042742276E-05
"p950": 5.645029269476761E-06
"p951": 0
"p952": 0.014487026781900532
"p953": 0.0046364507066635795
"p954": 0.0007545522456867272
"p955": 5.8331969117926534E-05
"p956": 0.00998793845412755
"p957": 0.0032665902706038854
"p958": 0.0005268693984844978
"p959": 3.575185204001949E-05
"p960": 4.704191057897301E-05
"p961": 3.7633528463178407E-06
"p962": 0
"p963": 0
"p964": 0
"p965": 0
"p966": 0
"p967": 0
"p968": 0.0015787265190303343
"p969": 0.000306713256974904
"p970": 2.2580117077907045E-05
"p971": 0
"p972": 0.0001110189089663763
"p973": 2.6343469924224884E-05
"p974": 1.8816764231589204E-06
"p975": 0
"p976": 0.00031988499193701646
"p977": 5.080526342529084E-05
"p978": 0
"p979": 0
"p980": 0
"p981": 0
"p982": 0
"p983": 0
"p984": 0.0017217339271904122
"p985": 0.0003481101382844002
"p986": 3.3870175616860565E-05
"p987": 0
"p988": 0.0002596713463959311
"p989": 4.892358700213193E-05
"p990": 3.7633528463178407E-06
"p991": 0
"p992": 0.000378216961054943
"p993": 6.774035123372113E-05
"p994": 3.7633528463178407E-06
"p995": 0
"p996": 0
"p997": 0
"p998": 0
"p999": 0
"p1000": 0.012176328134261376
"p1001": 0.003637280525966194
"p1002": 0.0005626212505245174
"p1003": 4.139688130949625E-05
"p1004": 0.0033832542088397394
"p1005": 0.0009596549758110494
"p1006": 0.00014300740816007793
"p1007": 3.198849919370165E-05
