"p945": 0.00016935087808430283
"p946": 1.8816764231589203E-05
"p947": 0
"p948": 0.0016558752523798495
"p949": 0.0003123582862443808
"p950": 1.8816764231589203E-05
"p951": 0
"p952": 0.0022279048850201615
"p953": 0.0006905752472993238
"p954": 8.655711546531033E-05
"p955": 7.5267056926356815E-06
"p956": 0.006072169817533836
"p957": 0.0019400083922768466
"p958": 0.0002464996114338186
"p959": 1.1290058538953523E-05
"p960": 1.8816764231589204E-06
"p961": 1.8816764231589204E-06
"p962": 0
"p963": 0
"p964": 1.3171734962112442E-05
"p965": 3.7633528463178407E-06
"p966": 0
"p967": 0
"p968": 0.00018252261304641527
"p969": 3.951520488633733E-05
"p970": 1.8816764231589204E-06
"p971": 0
"p972": 0.0005814380147561064
"p973": 0.00015994249596850823
"p974": 1.1290058538953523E-05
"p975": 0
"p976": 6.962202765688005E-05
"p977": 3.7633528463178407E-06
"p978": 0
"p979": 0
"p980": 0.00019381267158536877
"p981": 1.6935087808430282E-05
"p982": 0
"p983": 0
"p984": 0.00024461793501065964
"p985": 4.704191057897301E-05
"p986": 3.7633528463178407E-06
"p987": 0
"p988": 0.000494880899290796
"p989": 9.784717400426385E-05
"p990": 1.1290058538953523E-05
"p991": 0
"p992": 0.00016182417239166713
"p993": 3.7633528463178407E-05
"p994": 1.8816764231589204E-06
"p995": 0
"p996": 0.000212629435816958
"p997": 3.951520488633733E-05
"p998": 3.7633528463178407E-06
"p999": 0
"p1000": 0.003720074288585186
"p1001": 0.0010819639433163792
"p1002": 0.00013171734962112442
"p1003": 9.408382115794602E-06
"p1004": 0.0035921202918103787
"p1005": 0.0011798111173206428
"p1006": 0.00016935087808430286
"p1007": 9.408382115794602E-06
