"p945": 0.0014244290523313028
"p946": 0.00019569434800852768
"p947": 7.5267056926356815E-06
"p948": 0.0005325144277539746
"p949": 9.4083821157946E-05
"p950": 5.645029269476761E-06
"p951": 0
"p952": 0.018431020564841628
"p953": 0.005991257731338004
"p954": 0.0010744372376237435
"p955": 0.00010161052685058169
"p956": 0.011997568874061278
"p957": 0.0037144292593157082
"p958": 0.0006962202765688005
"p959": 5.45686162716087E-05
"p960": 0.0001016105268505817
"p961": 1.8816764231589204E-06
"p962": 0
"p963": 0
"p964": 0
"p965": 0
"p966": 0
"p967": 0
"p968": 0.0032270750657175484
"p969": 0.0008655711546531032
"p970": 8.27937626189925E-05
"p971": 1.8816764231589204E-06
"p972": 0.0006190715432192848
"p973": 0.00014488908458323686
"p974": 1.1290058538953523E-05
"p975": 0
"p976": 0.0008486360668446731
"p977": 0.00013548070246744226
"p978": 3.7633528463178407E-06
"p979": 0
"p980": 0
"p981": 0
"p982": 0
"p983": 0
"p984": 0.002589186758266675
"p985": 0.0006623501009519399
"p986": 6.209532196424438E-05
"p987": 0
"p988": 0.0007658423042256808
"p989": 0.0001862859658927331
"p990": 1.1290058538953523E-05
"p991": 0
"p992": 0.0021582828573632816
"p993": 0.0005343961041771332
"p994": 3.387017561686056E-05
"p995": 0
"p996": 5.080526342529086E-05
"p997": 0
"p998": 0
"p999": 0
"p1000": 0.03263955923611464
"p1001": 0.011380379007265153
"p1002": 0.0022636567370601813
"p1003": 0.00025590799354961323
"p1004": 0.012356969070884632
"p1005": 0.003780287934126272
"p1006": 0.0006303616017582383
"p1007": 4.516023415581409E-05
