"p945": 3.575185204001949E-05
"p946": 5.645029269476761E-06
"p947": 0
"p948": 0.0004214955187875982
"p949": 0.00010537387969689952
"p950": 1.3171734962112442E-05
"p951": 0
"p952": 2.0698440654748128E-05
"p953": 1.1290058538953523E-05
"p954": 5.645029269476761E-06
"p955": 0
"p956": 6.209532196424436E-05
"p957": 3.0106822770542722E-05
"p958": 1.1290058538953521E-05
"p959": 0
"p960": 0.00014300740816007793
"p961": 3.0106822770542726E-05
"p962": 3.7633528463178407E-06
"p963": 0
"p964": 0.0002671980520885667
"p965": 6.0213645541085445E-05
"p966": 1.1290058538953523E-05
"p967": 0
"p968": 2.8225146347383805E-05
"p969": 9.408382115794602E-06
"p970": 3.7633528463178407E-06
"p971": 1.8816764231589204E-06
"p972": 0.00010913723254321737
"p973": 2.2580117077907045E-05
"p974": 7.5267056926356815E-06
"p975": 1.8816764231589204E-06
"p976": 0
"p977": 0
"p978": 0
"p979": 0
"p980": 3.0106822770542726E-05
"p981": 1.8816764231589204E-06
"p982": 0
"p983": 0
"p984": 0
"p985": 0
"p986": 0
"p987": 0
"p988": 0
"p989": 0
"p990": 0
"p991": 0
"p992": 0.003313632181182859
"p993": 0.0010368037091605651
"p994": 0.00013736237889060116
"p995": 7.5267056926356815E-06
"p996": 0.0035450783812314064
"p997": 0.0011704027352048485
"p998": 0.0001542974666990315
"p999": 7.5267056926356815E-06
"p1000": 0.0015373296377208378
"p1001": 0.0004346672537497106
"p1002": 5.456861627160869E-05
"p1003": 0
"p1004": 0.0009427198880026192
"p1005": 0.00028225146347383805
"p1006": 3.7633528463178407E-05
"p1007": 0
