"p945": 0.00011854561465901199
"p946": 1.3171734962112444E-05
"p947": 0
"p948": 0
"p949": 0
"p950": 0
"p951": 0
"p952": 0.001369860436059694
"p953": 0.00044407563586550526
"p954": 2.0698440654748128E-05
"p955": 0
"p956": 0.0002747247577812024
"p957": 0.00013548070246744226
"p958": 0
"p959": 0
"p960": 0.0013962039059839187
"p961": 0.0003499918147075591
"p962": 2.634346992422488E-05
"p963": 0
"p964": 2.2580117077907045E-05
"p965": 0
"p966": 0
"p967": 0
"p968": 0.015260395791818846
"p969": 0.005537773713356703
"p970": 0.0010198686213521348
"p971": 7.338538050319788E-05
"p972": 0.007037469822614363
"p973": 0.0022486033256749094
"p974": 0.000378216961054943
"p975": 2.258011707790704E-05
"p976": 0.002372793969603398
"p977": 0.0008185292440741304
"p978": 0.00013548070246744226
"p979": 0
"p980": 0.0002935415220127916
"p981": 6.209532196424438E-05
"p982": 0
"p983": 0
"p984": 0.011653222088623195
"p985": 0.004668439205857282
"p986": 0.0008693345074994213
"p987": 4.704191057897301E-05
"p988": 0.008437437081444598
"p989": 0.003104766098212219
"p990": 0.0005400411334466102
"p991": 1.3171734962112444E-05
"p992": 0.00028977816916647367
"p993": 0.00011666393823585303
"p994": 1.6935087808430282E-05
"p995": 0
"p996": 0
"p997": 0
"p998": 0
"p999": 0
"p1000": 0.010862917990896448
"p1001": 0.003392662590955534
"p1002": 0.0001467707610063958
"p1003": 1.8816764231589204E-06
"p1004": 0.0026550454330772364
"p1005": 0.0006529417188361453
"p1006": 3.387017561686056E-05
"p1007": 0
