"p945": 2.2580117077907045E-05
"p946": 0
"p947": 0
"p948": 0.00029354152201279153
"p949": 0.00011854561465901199
"p950": 1.3171734962112444E-05
"p951": 0
"p952": 0.00023520955289486504
"p953": 9.972885042742278E-05
"p954": 0
"p955": 0
"p956": 0.0013886772002912832
"p957": 0.00046289240009709447
"p958": 2.0698440654748128E-05
"p959": 0
"p960": 0.0007263270993393433
"p961": 0.0001787592602000974
"p962": 1.693508780843028E-05
"p963": 0
"p964": 0.0014187840230618256
"p965": 0.0003499918147075591
"p966": 2.634346992422488E-05
"p967": 0
"p968": 0.007361118167397698
"p969": 0.0026268202867298523
"p970": 0.00044595731228866414
"p971": 2.82251463473838E-05
"p972": 0.014671431071370103
"p973": 0.005342079365348174
"p974": 0.0009972885042742279
"p975": 6.774035123372113E-05
"p976": 0.0018685046881968075
"p977": 0.0006811668651835291
"p978": 8.655711546531032E-05
"p979": 0
"p980": 0.002587305081843515
"p981": 0.0008580444489604676
"p982": 0.00013548070246744226
"p983": 0
"p984": 0.007018653058382775
"p985": 0.002743484224965706
"p986": 0.00048170916432868356
"p987": 1.8816764231589207E-05
"p988": 0.011542203179656818
"p989": 0.004640214059509898
"p990": 0.0008919146245773284
"p991": 4.139688130949625E-05
"p992": 0.00010537387969689952
"p993": 2.069844065474812E-05
"p994": 0
"p995": 0
"p996": 0.00028977816916647367
"p997": 0.00011666393823585303
"p998": 1.6935087808430282E-05
"p999": 0
"p1000": 0.00352061658773034
"p1001": 0.0009671816815036852
"p1002": 4.139688130949624E-05
"p1003": 0
"p1004": 0.010151644302942376
"p1005": 0.0031555713616375092
"p1006": 0.00013924405531376012
"p1007": 1.8816764231589204E-06
