"p945": 1.5053411385271363E-05
"p946": 5.645029269476761E-06
"p947": 0
"p948": 5.833196911792653E-05
"p949": 1.3171734962112444E-05
"p950": 5.645029269476761E-06
"p951": 1.8816764231589204E-06
"p952": 0.0001110189089663763
"p953": 4.8923587002131926E-05
"p954": 1.1290058538953523E-05
"p955": 0
"p956": 0.0005024076049834317
"p957": 0.00012795399677480656
"p958": 2.2580117077907045E-05
"p959": 0
"p960": 0.0004083237838254857
"p961": 0.00010913723254321737
"p962": 9.408382115794602E-06
"p963": 0
"p964": 0.00025214464070329537
"p965": 4.8923587002131926E-05
"p966": 7.5267056926356815E-06
"p967": 0
"p968": 0.002069844065474812
"p969": 0.0006698768066445757
"p970": 8.655711546531035E-05
"p971": 3.7633528463178407E-06
"p972": 0.0017556041028072723
"p973": 0.0006378883074508742
"p974": 8.27937626189925E-05
"p975": 3.7633528463178407E-06
"p976": 0
"p977": 0
"p978": 0
"p979": 0
"p980": 1.3171734962112444E-05
"p981": 3.7633528463178407E-06
"p982": 0
"p983": 0
"p984": 0
"p985": 0
"p986": 0
"p987": 0
"p988": 1.6935087808430286E-05
"p989": 3.7633528463178407E-06
"p990": 0
"p991": 0
"p992": 0.00010537387969689955
"p993": 2.8225146347383805E-05
"p994": 3.7633528463178407E-06
"p995": 0
"p996": 0.00010537387969689955
"p997": 2.6343469924224887E-05
"p998": 7.5267056926356815E-06
"p999": 1.8816764231589204E-06
"p1000": 0.0022862368541380885
"p1001": 0.0006642317773750989
"p1002": 9.032046831162818E-05
"p1003": 3.7633528463178407E-06
"p1004": 0.0024104274980665764
"p1005": 0.0007451438635709324
"p1006": 9.972885042742278E-05
"p1007": 3.7633528463178407E-06
