"p945": 5.456861627160869E-05
"p946": 1.8816764231589204E-06
"p947": 0
"p948": 0.0005814380147561064
"p949": 0.00018440428946957422
"p950": 1.6935087808430282E-05
"p951": 0
"p952": 0.0007150370408003897
"p953": 0.0002521446407032953
"p954": 2.6343469924224887E-05
"p955": 5.645029269476761E-06
"p956": 0.0034811013828440025
"p957": 0.0011647577059353718
"p958": 0.00014112573173691902
"p959": 1.1290058538953523E-05
"p960": 0.001716088897920935
"p961": 0.0006209532196424437
"p962": 8.279376261899248E-05
"p963": 0
"p964": 0.002346450499679173
"p965": 0.0007526705692635681
"p966": 0.00010913723254321736
"p967": 0
"p968": 0.0062208222549633915
"p969": 0.0024725228200308215
"p970": 0.0004403122830191874
"p971": 1.8816764231589207E-05
"p972": 0.011011570428326005
"p973": 0.004356080919612901
"p974": 0.0008354643318825605
"p975": 4.139688130949625E-05
"p976": 0
"p977": 0
"p978": 0
"p979": 0
"p980": 8.091208619583357E-05
"p981": 0
"p982": 0
"p983": 0
"p984": 5.645029269476761E-06
"p985": 0
"p986": 0
"p987": 0
"p988": 6.962202765688005E-05
"p989": 5.645029269476761E-06
"p990": 0
"p991": 0
"p992": 0.0006642317773750989
"p993": 0.0001768775837769385
"p994": 9.408382115794602E-06
"p995": 0
"p996": 0.0014470091694092093
"p997": 0.0004421939594423463
"p998": 5.456861627160869E-05
"p999": 0
"p1000": 0.009530691083299934
"p1001": 0.003065250893325881
"p1002": 0.0004120871366718036
"p1003": 2.258011707790704E-05
"p1004": 0.02149438978174435
"p1005": 0.0072783244047787046
"p1006": 0.0009483649172720958
"p1007": 5.8331969117926534E-05
