"p945": 0.0006021364554108546
"p946": 7.714873334951573E-05
"p947": 7.5267056926356815E-06
"p948": 0.004820854996133154
"p949": 0.0014545358751018452
"p950": 0.0002163927886632758
"p951": 1.1290058538953523E-05
"p952": 0.000543804486292928
"p953": 0.00017311423093062066
"p954": 2.2580117077907042E-05
"p955": 0
"p956": 0.002916598455896326
"p957": 0.0007470255399940914
"p958": 6.397699838740331E-05
"p959": 0
"p960": 0.00017123255450746176
"p961": 3.951520488633733E-05
"p962": 1.8816764231589204E-06
"p963": 0
"p964": 0.0005776746619097885
"p965": 0.00015994249596850823
"p966": 1.1290058538953523E-05
"p967": 0
"p968": 2.6343469924224887E-05
"p969": 9.408382115794602E-06
"p970": 1.8816764231589204E-06
"p971": 0
"p972": 4.51602341558141E-05
"p973": 2.6343469924224887E-05
"p974": 3.7633528463178407E-06
"p975": 0
"p976": 0.00024085458216434183
"p977": 4.8923587002131926E-05
"p978": 3.7633528463178407E-06
"p979": 0
"p980": 0.0005155793399455441
"p981": 0.00010161052685058169
"p982": 1.1290058538953523E-05
"p983": 0
"p984": 5.833196911792653E-05
"p985": 2.4461793501065963E-05
"p986": 3.7633528463178407E-06
"p987": 1.8816764231589204E-06
"p988": 0.0001373623788906012
"p989": 4.3278557732655166E-05
"p990": 7.5267056926356815E-06
"p991": 1.8816764231589204E-06
"p992": 0.0029636403664753
"p993": 0.0009069680359625995
"p994": 0.00011854561465901197
"p995": 9.408382115794602E-06
"p996": 0.0033249222397218124
"p997": 0.0010988990311248093
"p998": 0.000165587525237985
"p999": 9.408382115794602E-06
"p1000": 0.0010368037091605651
"p1001": 0.000306713256974904
"p1002": 3.198849919370165E-05
"p1003": 0
"p1004": 0.00044783898871182307
"p1005": 0.00019193099516220995
"p1006": 1.6935087808430286E-05
"p1007": 0
