"p945": 3.7633528463178407E-06
"p946": 3.7633528463178407E-06
"p947": 0
"p948": 1.8816764231589203E-05
"p949": 3.7633528463178407E-06
"p950": 1.8816764231589204E-06
"p951": 1.8816764231589204E-06
"p952": 2.8225146347383808E-05
"p953": 1.3171734962112444E-05
"p954": 5.645029269476761E-06
"p955": 0
"p956": 0.00014677076100639576
"p957": 2.8225146347383805E-05
"p958": 9.408382115794602E-06
"p959": 0
"p960": 0.00013359902604428333
"p961": 3.3870175616860565E-05
"p962": 1.8816764231589204E-06
"p963": 0
"p964": 0.00014300740816007793
"p965": 3.0106822770542726E-05
"p966": 3.7633528463178407E-06
"p967": 0
"p968": 0.0019607068329315957
"p969": 0.0006134265139498081
"p970": 7.526705692635681E-05
"p971": 3.7633528463178407E-06
"p972": 0.001868504688196807
"p973": 0.0006228348960656026
"p974": 7.714873334951574E-05
"p975": 3.7633528463178407E-06
"p976": 0.00042902222448023376
"p977": 0.00012042729108217089
"p978": 1.1290058538953523E-05
"p979": 0
"p980": 0.0002728430813580435
"p981": 5.833196911792653E-05
"p982": 1.1290058538953521E-05
"p983": 0
"p984": 0.0022542483549443863
"p985": 0.0007037469822614364
"p986": 8.843879188846926E-05
"p987": 3.7633528463178407E-06
"p988": 0.0018515696003883772
"p989": 0.0006755218359140527
"p990": 8.467543904215141E-05
"p991": 3.7633528463178407E-06
"p992": 1.3171734962112444E-05
"p993": 3.7633528463178407E-06
"p994": 1.8816764231589204E-06
"p995": 0
"p996": 2.8225146347383808E-05
"p997": 9.408382115794602E-06
"p998": 3.7633528463178407E-06
"p999": 1.8816764231589204E-06
"p1000": 0.0007263270993393434
"p1001": 0.00021262943581695803
"p1002": 2.6343469924224887E-05
"p1003": 0
"p1004": 0.0009728267107731619
"p1005": 0.0002766064342043613
"p1006": 3.575185204001949E-05
"p1007": 0
