"p945": 0.0004327855773265517
"p946": 9.784717400426385E-05
"p947": 1.8816764231589204E-06
"p948": 3.7633528463178407E-06
"p949": 0
"p950": 0
"p951": 0
"p952": 0.00028601481632015586
"p953": 9.784717400426384E-05
"p954": 2.0698440654748124E-05
"p955": 0
"p956": 0.0006115448375266492
"p957": 0.00023520955289486507
"p958": 4.516023415581409E-05
"p959": 1.8816764231589204E-06
"p960": 0.00042149551878759814
"p961": 8.279376261899248E-05
"p962": 7.5267056926356815E-06
"p963": 0
"p964": 3.575185204001949E-05
"p965": 3.7633528463178407E-06
"p966": 0
"p967": 0
"p968": 0.00024838128785697756
"p969": 6.021364554108546E-05
"p970": 7.5267056926356815E-06
"p971": 1.8816764231589204E-06
"p972": 0.00024085458216434186
"p973": 7.33853805031979E-05
"p974": 1.1290058538953523E-05
"p975": 1.8816764231589204E-06
"p976": 3.0106822770542726E-05
"p977": 1.8816764231589204E-06
"p978": 0
"p979": 0
"p980": 0
"p981": 0
"p982": 0
"p983": 0
"p984": 0
"p985": 0
"p986": 0
"p987": 0
"p988": 0
"p989": 0
"p990": 0
"p991": 0
"p992": 0.0051445033409164885
"p993": 0.001699153810112505
"p994": 0.00023709122931802397
"p995": 1.3171734962112442E-05
"p996": 5.456861627160869E-05
"p997": 3.7633528463178407E-06
"p998": 0
"p999": 0
"p1000": 0.007936911152884326
"p1001": 0.0021789812980180295
"p1002": 0.0002671980520885667
"p1003": 1.3171734962112442E-05
"p1004": 0.003196968242947006
"p1005": 0.0010161052685058168
"p1006": 0.00013359902604428333
"p1007": 3.7633528463178407E-06
