"p945": 3.7633528463178407E-05
"p946": 3.7633528463178407E-06
"p947": 0
"p948": 0.0002690797285117256
"p949": 6.021364554108545E-05
"p950": 7.5267056926356815E-06
"p951": 0
"p952": 0.0007601972749562039
"p953": 0.0002220378179327526
"p954": 2.4461793501065966E-05
"p955": 0
"p956": 0.0031819148315617336
"p957": 0.0009634183286573673
"p958": 0.00011478226181269414
"p959": 7.5267056926356815E-06
"p960": 1.1290058538953523E-05
"p961": 3.7633528463178407E-06
"p962": 0
"p963": 0
"p964": 0.0001674692016611439
"p965": 1.6935087808430282E-05
"p966": 0
"p967": 0
"p968": 0.00021262943581695798
"p969": 3.951520488633733E-05
"p970": 3.7633528463178407E-06
"p971": 0
"p972": 0.0006811668651835292
"p973": 0.00012419064392848875
"p974": 1.1290058538953523E-05
"p975": 0
"p976": 0
"p977": 0
"p978": 0
"p979": 0
"p980": 0
"p981": 0
"p982": 0
"p983": 0
"p984": 0
"p985": 0
"p986": 0
"p987": 0
"p988": 8.655711546531033E-05
"p989": 1.8816764231589204E-06
"p990": 0
"p991": 0
"p992": 0.0006698768066445756
"p993": 0.00017311423093062066
"p994": 1.1290058538953523E-05
"p995": 0
"p996": 0.0006698768066445756
"p997": 0.00011478226181269412
"p998": 1.1290058538953521E-05
"p999": 0
"p1000": 0.006307379370428704
"p1001": 0.0018760313938894439
"p1002": 0.0002577896699727721
"p1003": 1.3171734962112442E-05
"p1004": 0.009903263015085399
"p1005": 0.002820632958315221
"p1006": 0.00035187349113071807
"p1007": 1.8816764231589203E-05
