"p945": 0.00012419064392848873
"p946": 3.0106822770542726E-05
"p947": 1.8816764231589204E-06
"p948": 0.001507222814950295
"p949": 0.0004892358700213193
"p950": 0.00011290058538953522
"p951": 1.8816764231589204E-06
"p952": 6.774035123372113E-05
"p953": 3.198849919370165E-05
"p954": 5.645029269476761E-06
"p955": 0
"p956": 0.0003800986374781019
"p957": 0.00014488908458323686
"p958": 1.6935087808430282E-05
"p959": 0
"p960": 0.00024085458216434183
"p961": 4.8923587002131926E-05
"p962": 3.7633528463178407E-06
"p963": 0
"p964": 0.0005099343106760674
"p965": 0.00010349220327374062
"p966": 1.1290058538953523E-05
"p967": 0
"p968": 5.833196911792653E-05
"p969": 2.4461793501065963E-05
"p970": 3.7633528463178407E-06
"p971": 1.8816764231589204E-06
"p972": 0.0001373623788906012
"p973": 4.3278557732655166E-05
"p974": 7.5267056926356815E-06
"p975": 1.8816764231589204E-06
"p976": 0
"p977": 0
"p978": 0
"p979": 0
"p980": 3.0106822770542726E-05
"p981": 1.8816764231589204E-06
"p982": 0
"p983": 0
"p984": 0
"p985": 0
"p986": 0
"p987": 0
"p988": 0
"p989": 0
"p990": 0
"p991": 0
"p992": 0.0061530819037296704
"p993": 0.0018478062475420593
"p994": 0.00025402631712645424
"p995": 1.6935087808430286E-05
"p996": 0.005601750711744107
"p997": 0.0018271078068873114
"p998": 0.00024273625858750077
"p999": 1.3171734962112442E-05
"p1000": 0.0029636403664753
"p1001": 0.0007978308034193823
"p1002": 8.467543904215141E-05
"p1003": 0
"p1004": 0.0016596386052261675
"p1005": 0.0004948808992907961
"p1006": 5.4568616271608685E-05
"p1007": 0
