"p945": 0.00019381267158536883
"p946": 1.8816764231589207E-05
"p947": 0
"p948": 0.002694560637963573
"p949": 0.0008448727139983553
"p950": 0.0001016105268505817
"p951": 7.5267056926356815E-06
"p952": 0.00011854561465901197
"p953": 3.9515204886337324E-05
"p954": 1.1290058538953523E-05
"p955": 0
"p956": 0.0005400411334466103
"p957": 0.00016935087808430283
"p958": 2.8225146347383805E-05
"p959": 0
"p960": 0.00019945770085484557
"p961": 4.139688130949625E-05
"p962": 3.7633528463178407E-06
"p963": 0
"p964": 0.000684930218029847
"p965": 0.0001279539967748066
"p966": 1.1290058538953523E-05
"p967": 0
"p968": 3.7633528463178407E-05
"p969": 9.408382115794602E-06
"p970": 3.7633528463178407E-06
"p971": 1.8816764231589204E-06
"p972": 0.0001486524374295547
"p973": 6.0213645541085445E-05
"p974": 3.0106822770542726E-05
"p975": 1.8816764231589204E-06
"p976": 0
"p977": 0
"p978": 0
"p979": 0
"p980": 8.655711546531033E-05
"p981": 1.8816764231589204E-06
"p982": 0
"p983": 0
"p984": 0
"p985": 0
"p986": 0
"p987": 0
"p988": 0
"p989": 0
"p990": 0
"p991": 0
"p992": 0.004973270786409027
"p993": 0.001573081489760857
"p994": 0.00023144620004854718
"p995": 1.3171734962112442E-05
"p996": 0.00871592519207212
"p997": 0.0025364998184182245
"p998": 0.00032929337405281106
"p999": 1.8816764231589203E-05
"p1000": 0.0020566723305127004
"p1001": 0.0005946097497182189
"p1002": 7.526705692635681E-05
"p1003": 0
"p1004": 0.0020190388020495213
"p1005": 0.0006247165724887615
"p1006": 8.091208619583355E-05
"p1007": 0
