"p945": 0.00409452789679381
"p946": 0.0007601972749562037
"p947": 7.714873334951572E-05
"p948": 0.0007658423042256805
"p949": 0.00011478226181269412
"p950": 5.645029269476761E-06
"p951": 0
"p952": 0.007268916022662908
"p953": 0.002158282857363281
"p954": 0.0003594001968233538
"p955": 2.4461793501065963E-05
"p956": 0.0147128279526796
"p957": 0.004465218152156118
"p958": 0.0007357354814551376
"p959": 5.080526342529085E-05
"p960": 0.002357740558218128
"p961": 0.0006454150131435098
"p962": 6.962202765688005E-05
"p963": 1.8816764231589204E-06
"p964": 0
"p965": 0
"p966": 0
"p967": 0
"p968": 0.0008956779774236461
"p969": 0.00025778966997277205
"p970": 1.8816764231589203E-05
"p971": 0
"p972": 0.0009257848001941886
"p973": 0.0002653163756654078
"p974": 1.6935087808430282E-05
"p975": 0
"p976": 0.0016784553694577568
"p977": 0.00047982748790552474
"p978": 4.8923587002131926E-05
"p979": 0
"p980": 0.0002615530228190899
"p981": 1.6935087808430282E-05
"p982": 0
"p983": 0
"p984": 0.0009351931823099835
"p985": 0.00025402631712645424
"p986": 3.198849919370165E-05
"p987": 0
"p988": 0.0011402959124343053
"p989": 0.0003537551675538771
"p990": 4.516023415581409E-05
"p991": 0
"p992": 0.019834751176518183
"p993": 0.007148488731580739
"p994": 0.0014488908458323685
"p995": 0.0001712325545074618
"p996": 6.585867481056221E-05
"p997": 5.645029269476761E-06
"p998": 0
"p999": 0
"p1000": 0.013740001241906432
"p1001": 0.004642095735933056
"p1002": 0.0009050863595394408
"p1003": 8.46754390421514E-05
"p1004": 0.014712827952679598
"p1005": 0.004465218152156118
"p1006": 0.0007357354814551377
"p1007": 5.080526342529086E-05
