"p945": 0.0006153081903729671
"p946": 7.526705692635681E-05
"p947": 1.8816764231589204E-06
"p948": 0.00557540724181988
"p949": 0.0017913559548472918
"p950": 0.0002464996114338186
"p951": 1.3171734962112444E-05
"p952": 0.00043654893017286954
"p953": 0.00011666393823585305
"p954": 2.069844065474812E-05
"p955": 0
"p956": 0.00404184095694536
"p957": 0.001136532559587988
"p958": 0.00014865243742955472
"p959": 0
"p960": 0.0001580608195453493
"p961": 3.7633528463178407E-05
"p962": 1.8816764231589204E-06
"p963": 0
"p964": 0.0010010518571205457
"p965": 0.00018440428946957417
"p966": 2.2580117077907045E-05
"p967": 0
"p968": 1.3171734962112444E-05
"p969": 3.7633528463178407E-06
"p970": 1.8816764231589204E-06
"p971": 0
"p972": 0.00010725555612005845
"p973": 5.456861627160869E-05
"p974": 3.7633528463178407E-06
"p975": 0
"p976": 0.00019945770085484557
"p977": 4.139688130949625E-05
"p978": 3.7633528463178407E-06
"p979": 0
"p980": 0.0007357354814551379
"p981": 0.00012607232035164766
"p982": 1.1290058538953523E-05
"p983": 0
"p984": 3.7633528463178407E-05
"p985": 9.408382115794602E-06
"p986": 3.7633528463178407E-06
"p987": 1.8816764231589204E-06
"p988": 0.0001486524374295547
"p989": 6.0213645541085445E-05
"p990": 3.0106822770542726E-05
"p991": 1.8816764231589204E-06
"p992": 0.0030407890998248154
"p993": 0.0009464832408489367
"p994": 0.00012419064392848875
"p995": 9.408382115794602E-06
"p996": 0.005825670206100019
"p997": 0.0017217339271904115
"p998": 0.0002295645236253883
"p999": 1.3171734962112444E-05
"p1000": 0.0009521282701184135
"p1001": 0.00026907972851172564
"p1002": 3.387017561686057E-05
"p1003": 0
"p1004": 0.0008279376261899248
"p1005": 0.0002935415220127916
"p1006": 4.327855773265516E-05
"p1007": 0
