"p945": 0.00032176666836017533
"p946": 6.021364554108546E-05
"p947": 1.1290058538953523E-05
"p948": 0
"p949": 0
"p950": 0
"p951": 0
"p952": 0.0033380939746839246
"p953": 0.0010706738847774257
"p954": 0.0001110189089663763
"p955": 5.645029269476761E-06
"p956": 0.0008448727139983551
"p957": 0.00037821696105494305
"p958": 4.8923587002131926E-05
"p959": 5.645029269476761E-06
"p960": 0.0019738785678937074
"p961": 0.00048359084075184244
"p962": 3.387017561686056E-05
"p963": 0
"p964": 5.080526342529086E-05
"p965": 0
"p966": 0
"p967": 0
"p968": 0.022196255087582627
"p969": 0.008642539811568923
"p970": 0.0019983403613947734
"p971": 0.00025214464070329537
"p972": 0.009649236697958943
"p973": 0.003193204890100688
"p974": 0.0005927280732950598
"p975": 4.516023415581409E-05
"p976": 0.0042224818935686186
"p977": 0.0015580280783755861
"p978": 0.0003010682277054272
"p979": 7.5267056926356815E-06
"p980": 0.0005193426927918621
"p981": 0.0001279539967748066
"p982": 5.645029269476761E-06
"p983": 0
"p984": 0.024623617673457634
"p985": 0.009696278608537917
"p986": 0.0020284471841653163
"p987": 0.00017123255450746173
"p988": 0.013596993833746358
"p989": 0.005108751488876469
"p990": 0.000963418328657367
"p991": 3.7633528463178407E-05
"p992": 0.0003895070195938964
"p993": 0.00013736237889060116
"p994": 1.6935087808430282E-05
"p995": 0
"p996": 0
"p997": 0
"p998": 0
"p999": 0
"p1000": 0.014424931459936282
"p1001": 0.004826500025402632
"p1002": 0.0004986442521371139
"p1003": 2.2580117077907052E-05
"p1004": 0.003594001968233538
"p1005": 0.000970945034350003
"p1006": 8.655711546531033E-05
"p1007": 5.645029269476761E-06
