"p945": 0.002321988706178107
"p946": 0.00048735419359816035
"p947": 6.585867481056221E-05
"p948": 0.00014300740816007796
"p949": 4.704191057897301E-05
"p950": 0
"p951": 0
"p952": 0.0019607068329315944
"p953": 0.0006999836294151184
"p954": 0.00013359902604428335
"p955": 9.408382115794602E-06
"p956": 0.0038574366674757866
"p957": 0.0012870666734407011
"p958": 0.00022956452362538827
"p959": 1.3171734962112444E-05
"p960": 0.0036259904674272392
"p961": 0.0011534676473964182
"p962": 0.00014300740816007796
"p963": 1.1290058538953523E-05
"p964": 5.456861627160869E-05
"p965": 3.7633528463178407E-06
"p966": 0
"p967": 0
"p968": 0.00656893239324779
"p969": 0.002019038802049521
"p970": 0.00031423996266753966
"p971": 1.6935087808430282E-05
"p972": 0.004867896906712127
"p973": 0.001601306636108241
"p974": 0.0002803697870506791
"p975": 1.6935087808430286E-05
"p976": 5.456861627160869E-05
"p977": 3.7633528463178407E-06
"p978": 0
"p979": 0
"p980": 5.645029269476761E-06
"p981": 1.8816764231589204E-06
"p982": 0
"p983": 0
"p984": 0
"p985": 0
"p986": 0
"p987": 0
"p988": 0
"p989": 0
"p990": 0
"p991": 0
"p992": 0.00656893239324779
"p993": 0.002019038802049521
"p994": 0.00031423996266753966
"p995": 1.6935087808430282E-05
"p996": 0
"p997": 0
"p998": 0
"p999": 0
"p1000": 0.006702531419292075
"p1001": 0.002145111122401169
"p1002": 0.0003499918147075592
"p1003": 2.6343469924224887E-05
"p1004": 0.003857436667475788
"p1005": 0.001287066673440701
"p1006": 0.0002295645236253883
"p1007": 1.3171734962112444E-05
