"p945": 0.008172120705779192
"p946": 0.001588134901146129
"p947": 0.00014677076100639576
"p948": 0.001223089675053298
"p949": 0.00019004931873905094
"p950": 1.1290058538953523E-05
"p951": 0
"p952": 0.015841833806574952
"p953": 0.0055659988597040865
"p954": 0.0010292770034679294
"p955": 6.39769983874033E-05
"p956": 0.02520505568821374
"p957": 0.008239861057012913
"p958": 0.0012701315856322715
"p959": 5.268693984844976E-05
"p960": 0.0008825062424615336
"p961": 0.0001862859658927331
"p962": 2.258011707790705E-05
"p963": 0
"p964": 0
"p965": 0
"p966": 0
"p967": 0
"p968": 0.0004007970781328501
"p969": 5.833196911792653E-05
"p970": 0
"p971": 0
"p972": 0.00022391949435591154
"p973": 0.00011666393823585307
"p974": 1.1290058538953523E-05
"p975": 0
"p976": 0.0010687922083542666
"p977": 0.000259671346395931
"p978": 3.387017561686057E-05
"p979": 0
"p980": 1.5053411385271363E-05
"p981": 0
"p982": 0
"p983": 0
"p984": 0.0007319721286088202
"p985": 0.0001561791431221904
"p986": 2.0698440654748124E-05
"p987": 0
"p988": 0.0004158504895181214
"p989": 0.0001486524374295547
"p990": 3.575185204001949E-05
"p991": 0
"p992": 0.004376779360267648
"p993": 0.0012795399677480658
"p994": 0.00018628596589273313
"p995": 1.1290058538953523E-05
"p996": 0
"p997": 0
"p998": 0
"p999": 0
"p1000": 0.003868726726014741
"p1001": 0.00123626141001541
"p1002": 0.0002333278764717061
"p1003": 1.6935087808430286E-05
"p1004": 0.0032289567421407072
"p1005": 0.0009972885042742277
"p1006": 0.00016370584881482606
"p1007": 3.198849919370165E-05
