"p945": 0.0012776582913249066
"p946": 0.0001956943480085277
"p947": 0
"p948": 0.0005005259285602729
"p949": 9.596549758110495E-05
"p950": 0
"p951": 0
"p952": 0.01852886773884589
"p953": 0.006602802568864654
"p954": 0.0011045440603942864
"p955": 6.021364554108547E-05
"p956": 0.012206434957031918
"p957": 0.004113344661025399
"p958": 0.0006529417188361453
"p959": 1.3171734962112444E-05
"p960": 3.575185204001949E-05
"p961": 0
"p962": 0
"p963": 0
"p964": 0
"p965": 0
"p966": 0
"p967": 0
"p968": 0.0007865407448804287
"p969": 9.784717400426385E-05
"p970": 1.1290058538953523E-05
"p971": 0
"p972": 1.5053411385271363E-05
"p973": 1.8816764231589204E-06
"p974": 0
"p975": 0
"p976": 0.00010349220327374063
"p977": 0
"p978": 0
"p979": 0
"p980": 0
"p981": 0
"p982": 0
"p983": 0
"p984": 0.0007206820700698666
"p985": 8.843879188846926E-05
"p986": 0
"p987": 0
"p988": 5.456861627160869E-05
"p989": 5.645029269476761E-06
"p990": 0
"p991": 0
"p992": 0.00011666393823585305
"p993": 1.88167642315892E-05
"p994": 0
"p995": 0
"p996": 0
"p997": 0
"p998": 0
"p999": 0
"p1000": 0.004980797492101664
"p1001": 0.001294593379133337
"p1002": 0.0001580608195453493
"p1003": 9.408382115794602E-06
"p1004": 0.001667165310918803
"p1005": 0.0004365489301728695
"p1006": 6.021364554108545E-05
"p1007": 5.645029269476761E-06
