"p945": 0.00010725555612005845
"p946": 9.408382115794602E-06
"p947": 0
"p948": 0.0013134101433649264
"p949": 0.0002766064342043612
"p950": 1.8816764231589203E-05
"p951": 0
"p952": 0.007410041754399829
"p953": 0.002472522820030821
"p954": 0.0004835908407518426
"p955": 6.39769983874033E-05
"p956": 0.017388571826411583
"p957": 0.006264100812696046
"p958": 0.0013849138474449655
"p959": 0.00019381267158536883
"p960": 1.6935087808430286E-05
"p961": 0
"p962": 0
"p963": 0
"p964": 0.00029354152201279164
"p965": 5.645029269476761E-05
"p966": 0
"p967": 0
"p968": 0.00045536569440445874
"p969": 7.338538050319788E-05
"p970": 0
"p971": 0
"p972": 0.0013924405531376008
"p973": 0.0003518734911307181
"p974": 4.516023415581409E-05
"p975": 0
"p976": 0
"p977": 0
"p978": 0
"p979": 0
"p980": 0
"p981": 0
"p982": 0
"p983": 0
"p984": 0
"p985": 0
"p986": 0
"p987": 0
"p988": 7.903040977267465E-05
"p989": 0
"p990": 0
"p991": 0
"p992": 0.0007394988343014557
"p993": 0.00012230896750532982
"p994": 0
"p995": 0
"p996": 0.0010932540018553328
"p997": 0.00024085458216434183
"p998": 2.2580117077907045E-05
"p999": 0
"p1000": 0.0077054649528357794
"p1001": 0.002402900792373941
"p1002": 0.0004120871366718036
"p1003": 4.516023415581409E-05
"p1004": 0.012793518001057505
"p1005": 0.003746417758509411
"p1006": 0.0005946097497182189
"p1007": 5.2686939848449775E-05
