"p945": 0.0014488908458323685
"p946": 0.0002258011707790704
"p947": 1.3171734962112444E-05
"p948": 0.0003838619903244197
"p949": 4.8923587002131926E-05
"p950": 0
"p951": 0
"p952": 0.0017104438686514583
"p953": 0.000474182458636048
"p954": 4.139688130949625E-05
"p955": 0
"p956": 0.005214125368573369
"p957": 0.0015505013726829502
"p958": 0.00020886608297064017
"p959": 1.8816764231589204E-06
"p960": 0.0008448727139983552
"p961": 0.00017311423093062066
"p962": 2.0698440654748128E-05
"p963": 0
"p964": 0
"p965": 0
"p966": 0
"p967": 0
"p968": 0.00025026296428013633
"p969": 3.0106822770542726E-05
"p970": 3.7633528463178407E-06
"p971": 0
"p972": 0.0001674692016611439
"p973": 7.33853805031979E-05
"p974": 5.645029269476761E-06
"p975": 0
"p976": 0.0005757929854866297
"p977": 9.408382115794602E-05
"p978": 7.5267056926356815E-06
"p979": 0
"p980": 1.3171734962112444E-05
"p981": 3.7633528463178407E-06
"p982": 0
"p983": 0
"p984": 0.00027284308135804345
"p985": 5.4568616271608685E-05
"p986": 7.5267056926356815E-06
"p987": 1.8816764231589204E-06
"p988": 0.0002596713463959311
"p989": 8.467543904215141E-05
"p990": 3.3870175616860565E-05
"p991": 1.8816764231589204E-06
"p992": 0.004028669221983248
"p993": 0.00113276920674167
"p994": 0.0001298356731979655
"p995": 5.645029269476761E-06
"p996": 0
"p997": 0
"p998": 0
"p999": 0
"p1000": 0.0042187185407223
"p1001": 0.001292711702710178
"p1002": 0.0001956943480085277
"p1003": 1.1290058538953523E-05
"p1004": 0.00242171755660553
"p1005": 0.0007733690099183164
"p1006": 0.00010537387969689954
"p1007": 5.645029269476761E-06
