"p945": 0.0002860148163201559
"p946": 2.8225146347383808E-05
"p947": 1.8816764231589204E-06
"p948": 4.327855773265516E-05
"p949": 3.7633528463178407E-06
"p950": 0
"p951": 0
"p952": 0.0004083237838254857
"p953": 0.00010537387969689954
"p954": 1.6935087808430282E-05
"p955": 0
"p956": 0.0010443304148532006
"p957": 0.0002935415220127916
"p958": 5.268693984844977E-05
"p959": 1.8816764231589204E-06
"p960": 0.0004083237838254857
"p961": 0.00010913723254321738
"p962": 9.408382115794602E-06
"p963": 0
"p964": 0
"p965": 0
"p966": 0
"p967": 0
"p968": 0.00010537387969689955
"p969": 2.8225146347383805E-05
"p970": 3.7633528463178407E-06
"p971": 0
"p972": 7.903040977267465E-05
"p973": 3.0106822770542726E-05
"p974": 5.645029269476761E-06
"p975": 0
"p976": 0.00025214464070329537
"p977": 4.8923587002131926E-05
"p978": 7.5267056926356815E-06
"p979": 0
"p980": 1.3171734962112444E-05
"p981": 3.7633528463178407E-06
"p982": 0
"p983": 0
"p984": 0.00010537387969689952
"p985": 2.6343469924224887E-05
"p986": 7.5267056926356815E-06
"p987": 1.8816764231589204E-06
"p988": 0.0001825226130464153
"p989": 4.139688130949624E-05
"p990": 1.1290058538953523E-05
"p991": 1.8816764231589204E-06
"p992": 0.002069844065474812
"p993": 0.0006698768066445757
"p994": 8.655711546531033E-05
"p995": 3.7633528463178407E-06
"p996": 0
"p997": 0
"p998": 0
"p999": 0
"p1000": 0.0022862368541380885
"p1001": 0.0006642317773750989
"p1002": 9.032046831162818E-05
"p1003": 3.7633528463178407E-06
"p1004": 0.0007583155985330449
"p1005": 0.0002671980520885667
"p1006": 3.0106822770542726E-05
"p1007": 0
