"p945": 5.080526342529084E-05
"p946": 7.5267056926356815E-06
"p947": 0
"p948": 0.0005042892814065906
"p949": 0.00014865243742955472
"p950": 2.2580117077907045E-05
"p951": 1.8816764231589204E-06
"p952": 0.0008900329481541691
"p953": 0.00031235828624438084
"p954": 3.0106822770542726E-05
"p955": 0
"p956": 0.0035017998234987504
"p957": 0.0011911011758595966
"p958": 0.00011854561465901199
"p959": 7.5267056926356815E-06
"p960": 0.0005005259285602727
"p961": 0.00013171734962112442
"p962": 9.408382115794602E-06
"p963": 0
"p964": 0.0004271405480570749
"p965": 8.091208619583357E-05
"p966": 7.5267056926356815E-06
"p967": 0
"p968": 0.003018208982746909
"p969": 0.0010066968863900222
"p970": 0.00015053411385271363
"p971": 9.408382115794602E-06
"p972": 0.0036448072316588283
"p973": 0.0012193263222069802
"p974": 0.0001674692016611439
"p975": 9.408382115794602E-06
"p976": 0
"p977": 0
"p978": 0
"p979": 0
"p980": 3.575185204001949E-05
"p981": 3.7633528463178407E-06
"p982": 0
"p983": 0
"p984": 0
"p985": 0
"p986": 0
"p987": 0
"p988": 5.456861627160869E-05
"p989": 3.7633528463178407E-06
"p990": 0
"p991": 0
"p992": 0.0001825226130464153
"p993": 5.080526342529085E-05
"p994": 3.7633528463178407E-06
"p995": 0
"p996": 0.0002483812878569775
"p997": 6.021364554108545E-05
"p998": 7.5267056926356815E-06
"p999": 1.8816764231589204E-06
"p1000": 0.00343405947226503
"p1001": 0.0009784717400426386
"p1002": 0.00012607232035164766
"p1003": 3.7633528463178407E-06
"p1004": 0.0062452840484644575
"p1005": 0.0017142072214977762
"p1006": 0.00019945770085484557
"p1007": 9.408382115794602E-06
