"p945": 0.00021262943581695803
"p946": 3.575185204001949E-05
"p947": 0
"p948": 2.6343469924224887E-05
"p949": 5.645029269476761E-06
"p950": 0
"p951": 0
"p952": 0.0001298356731979655
"p953": 4.327855773265517E-05
"p954": 1.3171734962112444E-05
"p955": 1.8816764231589204E-06
"p956": 0.00023144620004854723
"p957": 9.032046831162818E-05
"p958": 2.6343469924224884E-05
"p959": 1.8816764231589204E-06
"p960": 0.0022598933842138628
"p961": 0.0008185292440741303
"p962": 0.00013171734962112442
"p963": 9.408382115794602E-06
"p964": 0
"p965": 0
"p966": 0
"p967": 0
"p968": 0.0028601481632015585
"p969": 0.0008636894782299443
"p970": 0.00011854561465901199
"p971": 3.7633528463178407E-06
"p972": 0.0010255136506216113
"p973": 0.00042149551878759814
"p974": 5.645029269476761E-05
"p975": 5.645029269476761E-06
"p976": 0.0028262779875846984
"p977": 0.0010048152099668634
"p978": 0.0001486524374295547
"p979": 9.408382115794602E-06
"p980": 6.021364554108545E-05
"p981": 5.645029269476761E-06
"p982": 0
"p983": 0
"p984": 0.005880238822371627
"p985": 0.0016445851938408963
"p986": 0.0001956943480085277
"p987": 9.408382115794602E-06
"p988": 0.0024499427029529143
"p989": 0.0007771323627646341
"p990": 0.00010537387969689952
"p991": 3.7633528463178407E-06
"p992": 0.0012324980571690927
"p993": 0.00037069025536230727
"p994": 4.8923587002131926E-05
"p995": 0
"p996": 0
"p997": 0
"p998": 0
"p999": 0
"p1000": 0.0008392276847288785
"p1001": 0.0002389729057411829
"p1002": 3.575185204001949E-05
"p1003": 1.8816764231589204E-06
"p1004": 0.00023144620004854723
"p1005": 9.032046831162818E-05
"p1006": 2.6343469924224884E-05
"p1007": 1.8816764231589204E-06
