"p945": 9.596549758110495E-05
"p946": 1.6935087808430286E-05
"p947": 0
"p948": 0.0008636894782299444
"p949": 0.00032176666836017533
"p950": 6.021364554108546E-05
"p951": 1.1290058538953523E-05
"p952": 0.0007150370408003897
"p953": 0.0002521446407032953
"p954": 2.6343469924224887E-05
"p955": 5.645029269476761E-06
"p956": 0.003422769413726076
"p957": 0.0011365325595879875
"p958": 0.00011666393823585307
"p959": 5.645029269476761E-06
"p960": 0.0009859984457352743
"p961": 0.00023332787647170608
"p962": 2.6343469924224884E-05
"p963": 0
"p964": 0.0020246838313189982
"p965": 0.00048359084075184244
"p966": 3.387017561686056E-05
"p967": 0
"p968": 0.011075547426713406
"p969": 0.004141569807372783
"p970": 0.0008618078018067856
"p971": 8.655711546531033E-05
"p972": 0.020348448840040567
"p973": 0.007967017975654871
"p974": 0.0018101727190788814
"p975": 0.00021639278866327584
"p976": 0.0032609452413344085
"p977": 0.0011534676473964182
"p978": 0.00015617914312219037
"p979": 5.645029269476761E-06
"p980": 0.004632687353817263
"p981": 0.001657756928803009
"p982": 0.00030671325697490394
"p983": 7.5267056926356815E-06
"p984": 0.014709064599833283
"p985": 0.005697716209325212
"p986": 0.0010744372376237437
"p987": 6.209532196424438E-05
"p988": 0.020713494066133396
"p989": 0.008533402579025703
"p990": 0.0018383978654262652
"p991": 0.00014112573173691902
"p992": 0.00012607232035164763
"p993": 2.069844065474812E-05
"p994": 0
"p995": 0
"p996": 0.0003895070195938964
"p997": 0.00013736237889060116
"p998": 1.6935087808430282E-05
"p999": 0
"p1000": 0.004975152462832185
"p1001": 0.001488406050718706
"p1002": 0.00016182417239166713
"p1003": 1.3171734962112444E-05
"p1004": 0.01321313184342194
"p1005": 0.004431347976539258
"p1006": 0.00042525887163391606
"p1007": 1.5053411385271363E-05
