"p945": 0.00030106822770542725
"p946": 1.8816764231589203E-05
"p947": 0
"p948": 0.00016935087808430283
"p949": 1.1290058538953523E-05
"p950": 0
"p951": 0
"p952": 0.00556223550685777
"p953": 0.0016163600474935124
"p954": 0.00022580117077907044
"p955": 1.1290058538953523E-05
"p956": 0.003125464538866966
"p957": 0.001036803709160565
"p958": 0.00011854561465901196
"p959": 7.5267056926356815E-06
"p960": 1.1290058538953523E-05
"p961": 3.7633528463178407E-06
"p962": 0
"p963": 0
"p964": 0
"p965": 0
"p966": 0
"p967": 0
"p968": 0.0006698768066445756
"p969": 0.00017311423093062066
"p970": 1.1290058538953523E-05
"p971": 0
"p972": 8.655711546531033E-05
"p973": 2.4461793501065963E-05
"p974": 1.8816764231589204E-06
"p975": 0
"p976": 0.0001674692016611439
"p977": 1.6935087808430282E-05
"p978": 0
"p979": 0
"p980": 0
"p981": 0
"p982": 0
"p983": 0
"p984": 0.0006698768066445757
"p985": 0.00011478226181269415
"p986": 1.1290058538953523E-05
"p987": 0
"p988": 0.000165587525237985
"p989": 3.387017561686057E-05
"p990": 3.7633528463178407E-06
"p991": 0
"p992": 0.000212629435816958
"p993": 3.951520488633733E-05
"p994": 3.7633528463178407E-06
"p995": 0
"p996": 0
"p997": 0
"p998": 0
"p999": 0
"p1000": 0.0063073793704287034
"p1001": 0.0018760313938894439
"p1002": 0.0002577896699727721
"p1003": 1.3171734962112442E-05
"p1004": 0.001029277003467929
"p1005": 0.0003443467854380824
"p1006": 4.3278557732655166E-05
"p1007": 5.645029269476761E-06
