"p945": 9.784717400426385E-05
"p946": 1.5053411385271363E-05
"p947": 1.8816764231589204E-06
"p948": 0
"p949": 0
"p950": 0
"p951": 0
"p952": 0.0013002384084028137
"p953": 0.0005024076049834317
"p954": 1.1290058538953523E-05
"p955": 0
"p956": 0.00031612163909069865
"p957": 0.00015429746669903146
"p958": 1.1290058538953523E-05
"p959": 0
"p960": 0.00024085458216434183
"p961": 4.8923587002131926E-05
"p962": 3.7633528463178407E-06
"p963": 0
"p964": 0
"p965": 0
"p966": 0
"p967": 0
"p968": 0.006153081903729671
"p969": 0.0018478062475420596
"p970": 0.0002540263171264543
"p971": 1.6935087808430286E-05
"p972": 0.0017687758377693845
"p973": 0.0004873541935981604
"p974": 5.833196911792653E-05
"p975": 5.645029269476761E-06
"p976": 0.0005099343106760673
"p977": 0.00010349220327374062
"p978": 1.1290058538953521E-05
"p979": 0
"p980": 3.0106822770542726E-05
"p981": 1.8816764231589204E-06
"p982": 0
"p983": 0
"p984": 0.0056017507117441055
"p985": 0.0018271078068873114
"p986": 0.00024273625858750077
"p987": 1.3171734962112442E-05
"p988": 0.002515801377763476
"p989": 0.0007884224213035876
"p990": 0.00011478226181269412
"p991": 5.645029269476761E-06
"p992": 5.833196911792652E-05
"p993": 2.4461793501065963E-05
"p994": 3.7633528463178407E-06
"p995": 1.8816764231589204E-06
"p996": 0
"p997": 0
"p998": 0
"p999": 0
"p1000": 0.0029636403664753
"p1001": 0.0007978308034193822
"p1002": 8.467543904215144E-05
"p1003": 0
"p1004": 0.00042337719521075713
"p1005": 0.0001486524374295547
"p1006": 1.5053411385271363E-05
"p1007": 0
