"p945": 0.0009859984457352743
"p946": 9.596549758110492E-05
"p947": 5.645029269476761E-06
"p948": 0.008490124021293049
"p949": 0.0029485869550900283
"p950": 0.000333056726899129
"p951": 2.0698440654748128E-05
"p952": 0.000754552245686727
"p953": 0.00023332787647170614
"p954": 3.951520488633733E-05
"p955": 0
"p956": 0.0020190388020495218
"p957": 0.0006247165724887615
"p958": 8.091208619583358E-05
"p959": 0
"p960": 0.0012343797335922513
"p961": 0.0005005259285602729
"p962": 7.526705692635681E-05
"p963": 5.645029269476761E-06
"p964": 0.001988931979278978
"p965": 0.0006585867481056221
"p966": 8.27937626189925E-05
"p967": 5.645029269476761E-06
"p968": 0.0005381594570234512
"p969": 0.0001580608195453493
"p970": 1.3171734962112442E-05
"p971": 0
"p972": 0.0006661134537982577
"p973": 0.0002145111122401169
"p974": 2.6343469924224884E-05
"p975": 0
"p976": 0
"p977": 0
"p978": 0
"p979": 0
"p980": 5.080526342529085E-05
"p981": 0
"p982": 0
"p983": 0
"p984": 0
"p985": 0
"p986": 0
"p987": 0
"p988": 0
"p989": 0
"p990": 0
"p991": 0
"p992": 0.0013792688181754882
"p993": 0.000378216961054943
"p994": 3.575185204001949E-05
"p995": 0
"p996": 0.004241298657800207
"p997": 0.001040567062006883
"p998": 9.784717400426385E-05
"p999": 5.645029269476761E-06
"p1000": 0.00028789649274331484
"p1001": 8.279376261899248E-05
"p1002": 2.0698440654748124E-05
"p1003": 0
"p1004": 0.0005400411334466102
"p1005": 0.0001693508780843028
"p1006": 2.8225146347383805E-05
"p1007": 0
