"p945": 0.0001034922032737406
"p946": 2.8225146347383805E-05
"p947": 1.8816764231589204E-06
"p948": 0
"p949": 0
"p950": 0
"p951": 0
"p952": 0.001936245039430529
"p953": 0.0006454150131435096
"p954": 0.0001392440553137601
"p955": 1.8816764231589204E-06
"p956": 0.0004760641350592069
"p957": 0.00019381267158536883
"p958": 5.080526342529084E-05
"p959": 1.8816764231589204E-06
"p960": 0.0005249877220613388
"p961": 9.596549758110495E-05
"p962": 7.5267056926356815E-06
"p963": 0
"p964": 8.655711546531032E-05
"p965": 1.8816764231589204E-06
"p966": 0
"p967": 0
"p968": 0.006183188726500213
"p969": 0.0017349056621525248
"p970": 0.00019004931873905096
"p971": 7.5267056926356815E-06
"p972": 0.0015542647255292676
"p973": 0.0005080526342529086
"p974": 6.209532196424438E-05
"p975": 1.8816764231589204E-06
"p976": 1.3171734962112444E-05
"p977": 3.7633528463178407E-06
"p978": 0
"p979": 0
"p980": 0
"p981": 0
"p982": 0
"p983": 0
"p984": 1.6935087808430286E-05
"p985": 3.7633528463178407E-06
"p986": 0
"p987": 0
"p988": 0
"p989": 0
"p990": 0
"p991": 0
"p992": 0.00027284308135804345
"p993": 5.456861627160869E-05
"p994": 7.5267056926356815E-06
"p995": 1.8816764231589204E-06
"p996": 0
"p997": 0
"p998": 0
"p999": 0
"p1000": 0.0070769850275007005
"p1001": 0.002150756151670646
"p1002": 0.0003292933740528111
"p1003": 1.8816764231589203E-05
"p1004": 0.0012324980571690922
"p1005": 0.00044783898871182307
"p1006": 6.021364554108546E-05
"p1007": 1.8816764231589204E-06
