"p945": 0.0006585867481056222
"p946": 0.00010349220327374062
"p947": 9.408382115794602E-06
"p948": 0
"p949": 0
"p950": 0
"p951": 0
"p952": 0.0008994413302699639
"p953": 0.0003217666683601754
"p954": 3.7633528463178407E-05
"p955": 1.8816764231589204E-06
"p956": 0.0009803534164657974
"p957": 0.00034999181470755914
"p958": 5.268693984844977E-05
"p959": 5.645029269476761E-06
"p960": 0.0009954068278510688
"p961": 0.00022956452362538827
"p962": 1.5053411385271363E-05
"p963": 0
"p964": 0.00013736237889060116
"p965": 0
"p966": 0
"p967": 0
"p968": 0.0004610107236739355
"p969": 0.00014677076100639576
"p970": 2.6343469924224884E-05
"p971": 0
"p972": 0.0007056286586845952
"p973": 0.00020698440654748124
"p974": 2.8225146347383808E-05
"p975": 0
"p976": 0.00013548070246744223
"p977": 5.645029269476761E-06
"p978": 0
"p979": 0
"p980": 0
"p981": 0
"p982": 0
"p983": 0
"p984": 0
"p985": 0
"p986": 0
"p987": 0
"p988": 0
"p989": 0
"p990": 0
"p991": 0
"p992": 0.01962024006427807
"p993": 0.006557642334708838
"p994": 0.0011064257368174452
"p995": 7.714873334951574E-05
"p996": 0.0003405834325917646
"p997": 4.516023415581408E-05
"p998": 0
"p999": 0
"p1000": 0.013798333211024364
"p1001": 0.004675965911549916
"p1002": 0.0007545522456867268
"p1003": 2.8225146347383805E-05
"p1004": 0.018193929335523603
"p1005": 0.005774864942674726
"p1006": 0.0008806245660383747
"p1007": 3.575185204001948E-05
