"p945": 0.001539211314143997
"p946": 0.00020133937727800447
"p947": 1.1290058538953523E-05
"p948": 0.0003857436667475786
"p949": 4.5160234155814084E-05
"p950": 0
"p951": 0
"p952": 0.002820632958315221
"p953": 0.0008260559497667661
"p954": 9.972885042742277E-05
"p955": 5.645029269476761E-06
"p956": 0.006604684245287812
"p957": 0.0018741497174662846
"p958": 0.00025026296428013644
"p959": 5.645029269476761E-06
"p960": 0.001941890068700006
"p961": 0.00047418245863604794
"p962": 3.575185204001949E-05
"p963": 1.8816764231589204E-06
"p964": 0
"p965": 0
"p966": 0
"p967": 0
"p968": 0.0006058998082571724
"p969": 0.00016182417239166713
"p970": 1.8816764231589204E-06
"p971": 0
"p972": 0.000566384603370835
"p973": 0.00013171734962112442
"p974": 0
"p975": 0
"p976": 0.0009954068278510688
"p977": 0.00022956452362538827
"p978": 1.5053411385271363E-05
"p979": 0
"p980": 0.00013736237889060116
"p981": 0
"p982": 0
"p983": 0
"p984": 0.0004610107236739355
"p985": 0.00014677076100639576
"p986": 2.6343469924224884E-05
"p987": 0
"p988": 0.0007056286586845952
"p989": 0.00020698440654748124
"p990": 2.8225146347383808E-05
"p991": 0
"p992": 0.014112573173691904
"p993": 0.004625160648124626
"p994": 0.0007338538050319788
"p995": 5.268693984844977E-05
"p996": 3.387017561686056E-05
"p997": 0
"p998": 0
"p999": 0
"p1000": 0.009581496346725223
"p1001": 0.0030821859811343113
"p1002": 0.0004572473708276175
"p1003": 2.0698440654748124E-05
"p1004": 0.01047717432414887
"p1005": 0.003044552452671133
"p1006": 0.00044407563586550515
"p1007": 2.258011707790704E-05
