"p945": 0.00017123255450746173
"p946": 4.327855773265517E-05
"p947": 1.8816764231589204E-06
"p948": 0.0018590963060810132
"p949": 0.0006265982489119205
"p950": 0.0001392440553137601
"p951": 1.8816764231589204E-06
"p952": 9.032046831162817E-05
"p953": 4.5160234155814084E-05
"p954": 1.3171734962112442E-05
"p955": 1.8816764231589204E-06
"p956": 0.00047794581148236575
"p957": 0.0001768775837769385
"p958": 3.0106822770542726E-05
"p959": 1.8816764231589204E-06
"p960": 0.0029617586900521405
"p961": 0.0008806245660383748
"p962": 0.00010349220327374063
"p963": 5.645029269476761E-06
"p964": 0.0021225310053232618
"p965": 0.0007206820700698665
"p966": 8.091208619583358E-05
"p967": 3.7633528463178407E-06
"p968": 0.0018045276898094047
"p969": 0.0004534840179812998
"p970": 5.456861627160869E-05
"p971": 0
"p972": 0.001200509557975391
"p973": 0.000306713256974904
"p974": 4.139688130949625E-05
"p975": 0
"p976": 0
"p977": 0
"p978": 0
"p979": 0
"p980": 2.2580117077907045E-05
"p981": 5.645029269476761E-06
"p982": 0
"p983": 0
"p984": 0
"p985": 0
"p986": 0
"p987": 0
"p988": 0
"p989": 0
"p990": 0
"p991": 0
"p992": 0.003338093974683924
"p993": 0.00108008226689322
"p994": 0.0001768775837769385
"p995": 1.1290058538953523E-05
"p996": 0.0035996469975030135
"p997": 0.0012080362636680267
"p998": 0.00019004931873905096
"p999": 9.408382115794602E-06
"p1000": 0.0011873378230132787
"p1001": 0.0003612818732465127
"p1002": 3.9515204886337324E-05
"p1003": 1.8816764231589204E-06
"p1004": 0.000472300782212889
"p1005": 0.0002013393772780045
"p1006": 2.2580117077907045E-05
"p1007": 1.8816764231589204E-06
