"p945": 0.00014112573173691902
"p946": 2.2580117077907045E-05
"p947": 1.8816764231589204E-06
"p948": 0.0012626048799396355
"p949": 0.0003349384033222878
"p950": 3.0106822770542726E-05
"p951": 1.8816764231589204E-06
"p952": 0.0001129005853895352
"p953": 4.5160234155814084E-05
"p954": 1.5053411385271361E-05
"p955": 0
"p956": 0.0007338538050319789
"p957": 0.00017123255450746176
"p958": 3.010682277054273E-05
"p959": 0
"p960": 0.00013359902604428333
"p961": 3.3870175616860565E-05
"p962": 1.8816764231589204E-06
"p963": 0
"p964": 0.0004290222244802338
"p965": 0.00012042729108217089
"p966": 1.1290058538953523E-05
"p967": 0
"p968": 1.3171734962112444E-05
"p969": 3.7633528463178407E-06
"p970": 1.8816764231589204E-06
"p971": 0
"p972": 2.8225146347383805E-05
"p973": 1.3171734962112444E-05
"p974": 3.7633528463178407E-06
"p975": 0
"p976": 0.00014300740816007793
"p977": 3.0106822770542726E-05
"p978": 3.7633528463178407E-06
"p979": 0
"p980": 0.0002728430813580435
"p981": 5.833196911792653E-05
"p982": 1.1290058538953523E-05
"p983": 0
"p984": 2.8225146347383805E-05
"p985": 9.408382115794602E-06
"p986": 3.7633528463178407E-06
"p987": 1.8816764231589204E-06
"p988": 0.00010913723254321737
"p989": 2.2580117077907045E-05
"p990": 7.5267056926356815E-06
"p991": 1.8816764231589204E-06
"p992": 0.0019607068329315952
"p993": 0.0006134265139498081
"p994": 7.526705692635681E-05
"p995": 3.7633528463178407E-06
"p996": 0.002254248354944386
"p997": 0.0007037469822614364
"p998": 8.843879188846925E-05
"p999": 3.7633528463178407E-06
"p1000": 0.0007263270993393434
"p1001": 0.00021262943581695803
"p1002": 2.6343469924224887E-05
"p1003": 0
"p1004": 0.00028225146347383805
"p1005": 0.00010913723254321738
"p1006": 1.6935087808430286E-05
"p1007": 0
