"p945": 0.003625990467427239
"p946": 0.0006698768066445757
"p947": 5.8331969117926534E-05
"p948": 0.0007884224213035876
"p949": 0.00010725555612005845
"p950": 5.645029269476761E-06
"p951": 0
"p952": 0.004316565714726562
"p953": 0.0011497042945501005
"p954": 0.00010349220327374062
"p955": 0
"p956": 0.012560190124585795
"p957": 0.0038781351081305345
"p958": 0.0005588578976781993
"p959": 3.198849919370165E-05
"p960": 0.0010894906490090147
"p961": 0.0002295645236253883
"p962": 2.0698440654748128E-05
"p963": 0
"p964": 0
"p965": 0
"p966": 0
"p967": 0
"p968": 0.00048170916432868367
"p969": 8.655711546531033E-05
"p970": 3.7633528463178407E-06
"p971": 0
"p972": 0.0003029499041285862
"p973": 0.0001392440553137601
"p974": 1.6935087808430286E-05
"p975": 0
"p976": 0.0009295481530405067
"p977": 0.0001862859658927331
"p978": 1.8816764231589203E-05
"p979": 0
"p980": 3.575185204001949E-05
"p981": 3.7633528463178407E-06
"p982": 0
"p983": 0
"p984": 0.0006341249546045562
"p985": 0.00015429746669903146
"p986": 1.8816764231589203E-05
"p987": 1.8816764231589204E-06
"p988": 0.0004685374293665711
"p989": 0.00015994249596850825
"p990": 3.3870175616860565E-05
"p991": 1.8816764231589204E-06
"p992": 0.006237757342771823
"p993": 0.0019193099516220983
"p994": 0.00028789649274331484
"p995": 2.0698440654748128E-05
"p996": 0
"p997": 0
"p998": 0
"p999": 0
"p1000": 0.0062170589021170765
"p1001": 0.0018986115109673506
"p1002": 0.0003180033155138575
"p1003": 2.0698440654748128E-05
"p1004": 0.003938348753671621
"p1005": 0.001292711702710178
"p1006": 0.00020322105370116337
"p1007": 3.7633528463178407E-05
