"p945": 0.0012117996165143447
"p946": 6.585867481056221E-05
"p947": 1.8816764231589204E-06
"p948": 9.59654975811049E-05
"p949": 4.1396881309496235E-05
"p950": 0
"p951": 0
"p952": 0.0013002384084028135
"p953": 0.0005024076049834317
"p954": 1.1290058538953523E-05
"p955": 0
"p956": 0.0016596386052261673
"p957": 0.0004948808992907961
"p958": 5.45686162716087E-05
"p959": 0
"p960": 0.0019023748638136682
"p961": 0.00044031228301918735
"p962": 3.575185204001949E-05
"p963": 1.8816764231589204E-06
"p964": 0
"p965": 0
"p966": 0
"p967": 0
"p968": 0.002007748743510567
"p969": 0.0006472966895666686
"p970": 0.00010537387969689954
"p971": 7.5267056926356815E-06
"p972": 0.0017179705743440936
"p973": 0.0005513311919855637
"p974": 8.091208619583358E-05
"p975": 5.645029269476761E-06
"p976": 0.001234379733592252
"p977": 0.0003612818732465127
"p978": 1.5053411385271363E-05
"p979": 0
"p980": 5.645029269476761E-06
"p981": 0
"p982": 0
"p983": 0
"p984": 0.002060435683359017
"p985": 0.0007639606278025217
"p986": 0.00010349220327374062
"p987": 5.645029269476761E-06
"p988": 0.0020303288605884747
"p989": 0.0006981019529919595
"p990": 0.00011478226181269415
"p991": 5.645029269476761E-06
"p992": 0.0010763189140469026
"p993": 0.00022015614150959365
"p994": 1.8816764231589207E-05
"p995": 0
"p996": 0
"p997": 0
"p998": 0
"p999": 0
"p1000": 0.000707510335107754
"p1001": 0.00023709122931802394
"p1002": 2.4461793501065963E-05
"p1003": 0
"p1004": 0.00038009863747810193
"p1005": 0.00014488908458323686
"p1006": 1.6935087808430282E-05
"p1007": 0
