"p945": 1.3171734962112442E-05
"p946": 3.7633528463178407E-06
"p947": 0
"p948": 0.0002615530228190899
"p949": 9.784717400426385E-05
"p950": 1.5053411385271363E-05
"p951": 1.8816764231589204E-06
"p952": 0.0002709614049348845
"p953": 0.00012607232035164763
"p954": 5.645029269476761E-06
"p955": 0
"p956": 0.001326581878327039
"p957": 0.0005193426927918621
"p958": 1.3171734962112444E-05
"p959": 0
"p960": 0.00017123255450746176
"p961": 3.951520488633733E-05
"p962": 1.8816764231589204E-06
"p963": 0
"p964": 0.00024085458216434183
"p965": 4.8923587002131926E-05
"p966": 3.7633528463178407E-06
"p967": 0
"p968": 0.0029636403664753
"p969": 0.0009069680359625996
"p970": 0.00011854561465901199
"p971": 9.408382115794602E-06
"p972": 0.004724889498552049
"p973": 0.0014300740816007792
"p974": 0.0001938126715853688
"p975": 1.3171734962112444E-05
"p976": 0.0005776746619097885
"p977": 0.00015994249596850823
"p978": 1.1290058538953523E-05
"p979": 0
"p980": 0.0005155793399455441
"p981": 0.00010161052685058169
"p982": 1.1290058538953521E-05
"p983": 0
"p984": 0.0033249222397218137
"p985": 0.0010988990311248093
"p986": 0.000165587525237985
"p987": 9.408382115794602E-06
"p988": 0.003998562399212705
"p989": 0.0013284635547501976
"p990": 0.00017499590735377957
"p991": 9.408382115794602E-06
"p992": 2.6343469924224887E-05
"p993": 9.408382115794602E-06
"p994": 1.8816764231589204E-06
"p995": 0
"p996": 5.833196911792652E-05
"p997": 2.4461793501065963E-05
"p998": 3.7633528463178407E-06
"p999": 1.8816764231589204E-06
"p1000": 0.0010368037091605651
"p1001": 0.00030671325697490405
"p1002": 3.198849919370165E-05
"p1003": 0
"p1004": 0.002376557322449716
"p1005": 0.0006378883074508741
"p1006": 6.585867481056221E-05
"p1007": 0
