"p945": 0.00015053411385271365
"p946": 9.408382115794602E-06
"p947": 0
"p948": 0.001405612288099713
"p949": 0.00047041910578973
"p950": 7.150370408003898E-05
"p951": 0
"p952": 0.0033380939746839246
"p953": 0.0010706738847774257
"p954": 0.0001110189089663763
"p955": 5.645029269476761E-06
"p956": 0.009577732993878905
"p957": 0.0032929337405281107
"p958": 0.000380098637478102
"p959": 2.0698440654748128E-05
"p960": 0.00016746920166114393
"p961": 3.198849919370165E-05
"p962": 0
"p963": 0
"p964": 0.0002258011707790704
"p965": 3.5751852040019475E-05
"p966": 0
"p967": 0
"p968": 0.001599424959685082
"p969": 0.0005852013676024243
"p970": 8.091208619583358E-05
"p971": 5.645029269476761E-06
"p972": 0.002416072527336053
"p973": 0.0007507888928404093
"p974": 9.032046831162818E-05
"p975": 5.645029269476761E-06
"p976": 0
"p977": 0
"p978": 0
"p979": 0
"p980": 3.575185204001949E-05
"p981": 0
"p982": 0
"p983": 0
"p984": 0
"p985": 0
"p986": 0
"p987": 0
"p988": 4.892358700213193E-05
"p989": 0
"p990": 0
"p991": 0
"p992": 0.0001129005853895352
"p993": 2.4461793501065963E-05
"p994": 0
"p995": 0
"p996": 0.00016935087808430283
"p997": 3.7633528463178407E-05
"p998": 0
"p999": 0
"p1000": 0.0015806081954534929
"p1001": 0.00040644210740232686
"p1002": 3.575185204001949E-05
"p1003": 0
"p1004": 0.004516023415581409
"p1005": 0.0010800822668932202
"p1006": 9.972885042742278E-05
"p1007": 5.645029269476761E-06
