"p945": 0.0017386690149988422
"p946": 0.00040456043097916787
"p947": 6.021364554108545E-05
"p948": 1.8816764231589203E-05
"p949": 3.7633528463178407E-06
"p950": 0
"p951": 0
"p952": 0.0018440428946957415
"p953": 0.0006529417188361454
"p954": 0.00012230896750532982
"p955": 7.5267056926356815E-06
"p956": 0.003069014246172199
"p957": 0.0008937963010004872
"p958": 0.0001561791431221904
"p959": 1.1290058538953523E-05
"p960": 0.0008787428896152158
"p961": 0.000188167642315892
"p962": 1.8816764231589203E-05
"p963": 0
"p964": 3.575185204001949E-05
"p965": 3.7633528463178407E-06
"p966": 0
"p967": 0
"p968": 0.0006341249546045562
"p969": 0.00015429746669903146
"p970": 1.8816764231589203E-05
"p971": 1.8816764231589204E-06
"p972": 0.0004685374293665711
"p973": 0.00015994249596850825
"p974": 3.3870175616860565E-05
"p975": 1.8816764231589204E-06
"p976": 8.655711546531033E-05
"p977": 1.8816764231589204E-06
"p978": 0
"p979": 0
"p980": 0
"p981": 0
"p982": 0
"p983": 0
"p984": 0
"p985": 0
"p986": 0
"p987": 0
"p988": 0
"p989": 0
"p990": 0
"p991": 0
"p992": 0.010038743717552843
"p993": 0.0030520791583637692
"p994": 0.0004271405480570749
"p995": 2.8225146347383808E-05
"p996": 5.456861627160869E-05
"p997": 3.7633528463178407E-06
"p998": 0
"p999": 0
"p1000": 0.013015555818990256
"p1001": 0.003913886960170556
"p1002": 0.0006058998082571724
"p1003": 3.951520488633733E-05
"p1004": 0.008589852871720474
"p1005": 0.00275477428350466
"p1006": 0.00045536569440445874
"p1007": 2.8225146347383808E-05
