"p945": 0.0005475678391392458
"p946": 0.00011290058538953523
"p947": 1.3171734962112444E-05
"p948": 0.006292325959043432
"p949": 0.002182744650864347
"p950": 0.0004911175464444782
"p951": 6.774035123372113E-05
"p952": 0.00034811013828440026
"p953": 0.00011290058538953522
"p954": 2.446179350106597E-05
"p955": 0
"p956": 0.0017292606328830474
"p957": 0.00048735419359816035
"p958": 6.209532196424436E-05
"p959": 0
"p960": 0.00033682007974544673
"p961": 6.585867481056221E-05
"p962": 3.7633528463178407E-06
"p963": 0
"p964": 0.001302120084825973
"p965": 0.00029542319843595046
"p966": 3.3870175616860565E-05
"p967": 0
"p968": 9.596549758110493E-05
"p969": 2.8225146347383805E-05
"p970": 3.7633528463178407E-06
"p971": 1.8816764231589204E-06
"p972": 0.00028225146347383805
"p973": 0.00011666393823585305
"p974": 3.0106822770542726E-05
"p975": 1.8816764231589204E-06
"p976": 0
"p977": 0
"p978": 0
"p979": 0
"p980": 8.655711546531033E-05
"p981": 1.8816764231589204E-06
"p982": 0
"p983": 0
"p984": 0
"p985": 0
"p986": 0
"p987": 0
"p988": 0
"p989": 0
"p990": 0
"p991": 0
"p992": 0.00940085541010197
"p993": 0.002952350307936346
"p994": 0.0004873541935981604
"p995": 4.1396881309496255E-05
"p996": 0.014191603583464581
"p997": 0.00441253121230767
"p998": 0.000688693570876165
"p999": 5.45686162716087E-05
"p1000": 0.0041867300415286
"p1001": 0.0012155629693606624
"p1002": 0.00015241579027587253
"p1003": 0
"p1004": 0.00364292555523567
"p1005": 0.0011083074132406038
"p1006": 0.0001298356731979655
"p1007": 0
