"p945": 0.0011139524425100807
"p946": 0.00014488908458323686
"p947": 1.1290058538953523E-05
"p948": 0.00857856281318152
"p949": 0.002941060249397393
"p950": 0.00031047660982122185
"p951": 1.8816764231589203E-05
"p952": 0.0004835908407518425
"p953": 0.00011478226181269412
"p954": 1.5053411385271363E-05
"p955": 0
"p956": 0.0017010354865356638
"p957": 0.0005325144277539745
"p958": 6.209532196424438E-05
"p959": 0
"p960": 0.002419835880182371
"p961": 0.000803475832688859
"p962": 0.00014677076100639576
"p963": 2.6343469924224887E-05
"p964": 0.005227297103535482
"p965": 0.0017123255450746172
"p966": 0.0003161216390906986
"p967": 2.8225146347383808E-05
"p968": 0.000588964720448742
"p969": 0.0001637058488148261
"p970": 3.198849919370165E-05
"p971": 1.8816764231589204E-06
"p972": 0.0009351931823099833
"p973": 0.0003518734911307182
"p974": 5.268693984844977E-05
"p975": 5.645029269476761E-06
"p976": 0.004773813085554181
"p977": 0.0017612491320767492
"p978": 0.00035563684397703593
"p979": 4.516023415581409E-05
"p980": 0.006651726155866784
"p981": 0.0022994085891002002
"p982": 0.00042525887163391595
"p983": 4.704191057897301E-05
"p984": 0.0023690306167570806
"p985": 0.0007940674505730643
"p986": 6.774035123372113E-05
"p987": 0
"p988": 0.002113122623207467
"p989": 0.0006585867481056222
"p990": 6.0213645541085445E-05
"p991": 0
"p992": 0.0006642317773750989
"p993": 0.00021639278866327584
"p994": 3.010682277054273E-05
"p995": 1.8816764231589204E-06
"p996": 0.0024762861728771387
"p997": 0.0007169187172235485
"p998": 8.279376261899248E-05
"p999": 0
"p1000": 9.596549758110493E-05
"p1001": 4.8923587002131926E-05
"p1002": 2.2580117077907045E-05
"p1003": 1.8816764231589204E-06
"p1004": 0.0001373623788906012
"p1005": 6.58586748105622E-05
"p1006": 1.6935087808430282E-05
"p1007": 0
