"p945": 0.000541922809869769
"p946": 6.021364554108545E-05
"p947": 0
"p948": 0.00021639278866327586
"p949": 3.3870175616860565E-05
"p950": 0
"p951": 0
"p952": 0.007440148577170369
"p953": 0.00226553841348334
"p954": 0.00028789649274331484
"p955": 1.6935087808430286E-05
"p956": 0.00568078112151678
"p957": 0.0015316846084513613
"p958": 0.0002239194943559115
"p959": 5.645029269476761E-06
"p960": 0.0001016105268505817
"p961": 1.8816764231589204E-06
"p962": 0
"p963": 0
"p964": 0
"p965": 0
"p966": 0
"p967": 0
"p968": 0.0025496715533803367
"p969": 0.0006190715432192848
"p970": 3.7633528463178407E-05
"p971": 1.8816764231589204E-06
"p972": 0.00037257193178546626
"p973": 7.150370408003898E-05
"p974": 0
"p975": 0
"p976": 0.000519342692791862
"p977": 6.209532196424436E-05
"p978": 3.7633528463178407E-06
"p979": 0
"p980": 0
"p981": 0
"p982": 0
"p983": 0
"p984": 0.0014771159921797522
"p985": 0.0003556368439770358
"p986": 2.8225146347383805E-05
"p987": 0
"p988": 0.0003274116976296522
"p989": 5.645029269476761E-05
"p990": 0
"p991": 0
"p992": 0.00148087934502607
"p993": 0.0003800986374781018
"p994": 2.634346992422488E-05
"p995": 0
"p996": 2.2580117077907045E-05
"p997": 0
"p998": 0
"p999": 0
"p1000": 0.023003494273117805
"p1001": 0.00741192343082299
"p1002": 0.001134650883164829
"p1003": 7.338538050319788E-05
"p1004": 0.009016993419777545
"p1005": 0.0026531637566540767
"p1006": 0.00040079707813285
"p1007": 2.258011707790704E-05
