"p945": 0.0018986115109673508
"p946": 0.0004045604309791678
"p947": 5.0805263425290837E-05
"p948": 1.8816764231589203E-05
"p949": 3.7633528463178407E-06
"p950": 0
"p951": 0
"p952": 0.0021131226232074677
"p953": 0.0006830485416066881
"p954": 0.00014677076100639576
"p955": 1.3171734962112444E-05
"p956": 0.0032289567421407064
"p957": 0.0009972885042742277
"p958": 0.00016370584881482606
"p959": 3.198849919370165E-05
"p960": 0.001678455369457757
"p961": 0.00047982748790552474
"p962": 4.8923587002131926E-05
"p963": 0
"p964": 0.0002615530228190899
"p965": 1.6935087808430282E-05
"p966": 0
"p967": 0
"p968": 0.0009351931823099835
"p969": 0.00025402631712645424
"p970": 3.198849919370165E-05
"p971": 0
"p972": 0.0011402959124343053
"p973": 0.0003537551675538771
"p974": 4.516023415581409E-05
"p975": 0
"p976": 0.00013548070246744223
"p977": 5.645029269476761E-06
"p978": 0
"p979": 0
"p980": 0
"p981": 0
"p982": 0
"p983": 0
"p984": 0
"p985": 0
"p986": 0
"p987": 0
"p988": 0
"p989": 0
"p990": 0
"p991": 0
"p992": 0.02686657596986306
"p993": 0.009551389523954682
"p994": 0.0017687758377693853
"p995": 0.00014112573173691902
"p996": 0.0005231060456381799
"p997": 8.843879188846925E-05
"p998": 5.645029269476761E-06
"p999": 0
"p1000": 0.022446518051862763
"p1001": 0.00786352577238113
"p1002": 0.0014037306116765544
"p1003": 9.220214473478709E-05
"p1004": 0.02520505568821374
"p1005": 0.008239861057012913
"p1006": 0.0012701315856322713
"p1007": 5.268693984844977E-05
