"p945": 0.0012381430864385696
"p946": 0.00019193099516220984
"p947": 1.1290058538953523E-05
"p948": 0.00021262943581695798
"p949": 2.0698440654748124E-05
"p950": 0
"p951": 0
"p952": 0.0016163600474935124
"p953": 0.00043843060659602847
"p954": 4.7041910578973015E-05
"p955": 0
"p956": 0.004023024192713771
"p957": 0.0011440592652806234
"p958": 0.0001392440553137601
"p959": 7.5267056926356815E-06
"p960": 0.0005005259285602728
"p961": 0.00013171734962112442
"p962": 9.408382115794602E-06
"p963": 0
"p964": 0
"p965": 0
"p966": 0
"p967": 0
"p968": 0.0001825226130464153
"p969": 5.080526342529085E-05
"p970": 3.7633528463178407E-06
"p971": 0
"p972": 0.00012607232035164766
"p973": 4.8923587002131926E-05
"p974": 5.645029269476761E-06
"p975": 0
"p976": 0.00042714054805707494
"p977": 8.091208619583357E-05
"p978": 7.5267056926356815E-06
"p979": 0
"p980": 3.575185204001949E-05
"p981": 3.7633528463178407E-06
"p982": 0
"p983": 0
"p984": 0.00024838128785697756
"p985": 6.021364554108546E-05
"p986": 7.5267056926356815E-06
"p987": 1.8816764231589204E-06
"p988": 0.00024085458216434186
"p989": 7.33853805031979E-05
"p990": 1.1290058538953523E-05
"p991": 1.8816764231589204E-06
"p992": 0.0030182089827469087
"p993": 0.0010066968863900222
"p994": 0.00015053411385271363
"p995": 9.408382115794602E-06
"p996": 0
"p997": 0
"p998": 0
"p999": 0
"p1000": 0.00343405947226503
"p1001": 0.0009784717400426386
"p1002": 0.00012607232035164766
"p1003": 3.7633528463178407E-06
"p1004": 0.0011948645287059138
"p1005": 0.0004553656944044587
"p1006": 5.645029269476761E-05
"p1007": 5.645029269476761E-06
