"p945": 3.7633528463178407E-06
"p946": 1.8816764231589204E-06
"p947": 1.8816764231589204E-06
"p948": 0
"p949": 0
"p950": 0
"p951": 0
"p952": 0.00015429746669903146
"p953": 2.8225146347383808E-05
"p954": 7.5267056926356815E-06
"p955": 0
"p956": 2.0698440654748124E-05
"p957": 1.6935087808430286E-05
"p958": 1.1290058538953523E-05
"p959": 0
"p960": 0.00014300740816007793
"p961": 3.0106822770542726E-05
"p962": 3.7633528463178407E-06
"p963": 0
"p964": 0
"p965": 0
"p966": 0
"p967": 0
"p968": 0.0033136321811828586
"p969": 0.0010368037091605653
"p970": 0.0001373623788906012
"p971": 7.5267056926356815E-06
"p972": 0.000547567839139246
"p973": 0.00018440428946957417
"p974": 1.5053411385271363E-05
"p975": 0
"p976": 0.0002671980520885667
"p977": 6.0213645541085445E-05
"p978": 1.1290058538953521E-05
"p979": 0
"p980": 3.0106822770542726E-05
"p981": 1.8816764231589204E-06
"p982": 0
"p983": 0
"p984": 0.0035450783812314064
"p985": 0.0011704027352048485
"p986": 0.0001542974666990315
"p987": 7.5267056926356815E-06
"p988": 0.0009032046831162814
"p989": 0.0002690797285117256
"p990": 2.4461793501065963E-05
"p991": 0
"p992": 2.8225146347383808E-05
"p993": 9.408382115794602E-06
"p994": 3.7633528463178407E-06
"p995": 1.8816764231589204E-06
"p996": 0
"p997": 0
"p998": 0
"p999": 0
"p1000": 0.0015373296377208378
"p1001": 0.00043466725374971066
"p1002": 5.4568616271608706E-05
"p1003": 0
"p1004": 0.00014488908458323686
"p1005": 5.080526342529084E-05
"p1006": 9.408382115794602E-06
"p1007": 0
