"p945": 0.0016107150182240358
"p946": 0.00023144620004854718
"p947": 1.1290058538953523E-05
"p948": 0.009169409210053419
"p949": 0.0028977816916647362
"p950": 0.00048547251717500137
"p951": 1.5053411385271363E-05
"p952": 0.017198522507672537
"p953": 0.006217058902117075
"p954": 0.0010518571205458366
"p955": 4.704191057897301E-05
"p956": 0.03760906666967735
"p957": 0.013753172976868554
"p958": 0.00268515225584778
"p959": 0.00021262943581695806
"p960": 0
"p961": 0
"p962": 0
"p963": 0
"p964": 5.645029269476761E-05
"p965": 0
"p966": 0
"p967": 0
"p968": 0.00012607232035164768
"p969": 2.0698440654748124E-05
"p970": 0
"p971": 0
"p972": 0.0012155629693606626
"p973": 0.00023144620004854718
"p974": 2.258011707790705E-05
"p975": 0
"p976": 2.0698440654748124E-05
"p977": 0
"p978": 0
"p979": 0
"p980": 0.00047982748790552463
"p981": 9.032046831162818E-05
"p982": 0
"p983": 0
"p984": 0.00045536569440445874
"p985": 7.338538050319788E-05
"p986": 0
"p987": 0
"p988": 0.001460180904371322
"p989": 0.0003518734911307181
"p990": 4.516023415581409E-05
"p991": 0
"p992": 8.843879188846926E-05
"p993": 7.5267056926356815E-06
"p994": 0
"p995": 0
"p996": 0.00019569434800852773
"p997": 2.8225146347383805E-05
"p998": 0
"p999": 0
"p1000": 0.003300460446220746
"p1001": 0.0009878801221584331
"p1002": 0.00016746920166114387
"p1003": 3.010682277054273E-05
"p1004": 0.007398751695860876
"p1005": 0.002239194943559115
"p1006": 0.00037069025536230727
"p1007": 2.8225146347383808E-05
