"p945": 0.002237313267135956
"p946": 0.0004440756358655052
"p947": 5.645029269476761E-05
"p948": 0.00014300740816007796
"p949": 4.704191057897301E-05
"p950": 0
"p951": 0
"p952": 0.0025139197013403173
"p953": 0.0008373460083057196
"p954": 0.00016935087808430283
"p955": 1.3171734962112444E-05
"p956": 0.00393834875367162
"p957": 0.001292711702710178
"p958": 0.00020322105370116337
"p959": 3.7633528463178407E-05
"p960": 0.008966188156352256
"p961": 0.003699375847930437
"p962": 0.0007903040977267466
"p963": 6.962202765688005E-05
"p964": 0.0004835908407518426
"p965": 8.655711546531033E-05
"p966": 5.645029269476761E-06
"p967": 0
"p968": 0.010494109411957301
"p969": 0.004132161425256988
"p970": 0.0008222925969204483
"p971": 6.0213645541085445E-05
"p972": 0.013292162253194614
"p973": 0.0048697785831352865
"p974": 0.0008128842148046537
"p975": 2.8225146347383805E-05
"p976": 0.0001279539967748066
"p977": 1.8816764231589203E-05
"p978": 0
"p979": 0
"p980": 4.8923587002131926E-05
"p981": 0
"p982": 0
"p983": 0
"p984": 1.1290058538953523E-05
"p985": 0
"p986": 0
"p987": 0
"p988": 1.5053411385271363E-05
"p989": 1.1290058538953523E-05
"p990": 0
"p991": 0
"p992": 0.01899928684463562
"p993": 0.00684930218029847
"p994": 0.0011007807075479683
"p995": 8.27937626189925E-05
"p996": 3.951520488633732E-05
"p997": 1.8816764231589204E-06
"p998": 0
"p999": 0
"p1000": 0.01284996829375227
"p1001": 0.004527313474120363
"p1002": 0.0006868118944530059
"p1003": 3.9515204886337324E-05
"p1004": 0.012560190124585799
"p1005": 0.0038781351081305345
"p1006": 0.0005588578976781993
"p1007": 3.198849919370165E-05
