"p945": 0.000899441330269964
"p946": 0.00017875926020009746
"p947": 2.2580117077907045E-05
"p948": 4.516023415581409E-05
"p949": 0
"p950": 0
"p951": 0
"p952": 0.022429582964054333
"p953": 0.008305719731823476
"p954": 0.0017236156036135712
"p955": 0.0002446179350106597
"p956": 0.006646081126597307
"p957": 0.0021357027402853744
"p958": 0.00033682007974544673
"p959": 2.2580117077907045E-05
"p960": 0.0004892358700213193
"p961": 0.00010725555612005845
"p962": 1.1290058538953523E-05
"p963": 0
"p964": 1.8816764231589204E-06
"p965": 0
"p966": 0
"p967": 0
"p968": 0.007325366315357679
"p969": 0.002431125938721325
"p970": 0.0004610107236739354
"p971": 4.8923587002131926E-05
"p972": 0.0038499099617831504
"p973": 0.0011948645287059145
"p974": 0.00021639278866327586
"p975": 1.6935087808430286E-05
"p976": 6.397699838740328E-05
"p977": 0
"p978": 0
"p979": 0
"p980": 0
"p981": 0
"p982": 0
"p983": 0
"p984": 0.00013359902604428335
"p985": 1.3171734962112442E-05
"p986": 0
"p987": 0
"p988": 0
"p989": 0
"p990": 0
"p991": 0
"p992": 0.00043654893017286954
"p993": 0.00011478226181269414
"p994": 1.1290058538953523E-05
"p995": 0
"p996": 0
"p997": 0
"p998": 0
"p999": 0
"p1000": 0.008042285032581229
"p1001": 0.002227904885020161
"p1002": 0.00028601481632015586
"p1003": 2.0698440654748124E-05
"p1004": 0.0027133774021951625
"p1005": 0.0007018653058382774
"p1006": 0.00011854561465901199
"p1007": 1.1290058538953523E-05
