"p945": 0.0010518571205458366
"p946": 0.0001279539967748066
"p947": 7.5267056926356815E-06
"p948": 0.00012419064392848875
"p949": 4.327855773265517E-05
"p950": 0
"p951": 0
"p952": 0.0007639606278025217
"p953": 0.0002615530228190899
"p954": 2.6343469924224887E-05
"p955": 1.8816764231589204E-06
"p956": 0.0013886772002912827
"p957": 0.0005268693984844978
"p958": 8.091208619583358E-05
"p959": 3.7633528463178407E-06
"p960": 0.0045818820903919715
"p961": 0.0014921694035650236
"p962": 0.0002333278764717061
"p963": 2.0698440654748128E-05
"p964": 0
"p965": 0
"p966": 0
"p967": 0
"p968": 0.005078644666105927
"p969": 0.001635176811725101
"p970": 0.0002973048748591094
"p971": 2.0698440654748128E-05
"p972": 0.003449112883650302
"p973": 0.0011741660880511657
"p974": 0.00019193099516220984
"p975": 3.575185204001948E-05
"p976": 0.005184018545802826
"p977": 0.0017461957206914777
"p978": 0.0002728430813580434
"p979": 2.4461793501065966E-05
"p980": 6.021364554108545E-05
"p981": 5.645029269476761E-06
"p982": 0
"p983": 0
"p984": 0.009199516032823964
"p985": 0.002907190073780532
"p986": 0.0004666557529434123
"p987": 3.0106822770542726E-05
"p988": 0.006420279955818235
"p989": 0.0021526378280938042
"p990": 0.00038950701959389653
"p991": 2.8225146347383808E-05
"p992": 0.002572251670458244
"p993": 0.0007075103351077541
"p994": 9.596549758110493E-05
"p995": 0
"p996": 0
"p997": 0
"p998": 0
"p999": 0
"p1000": 0.0016765736930345976
"p1001": 0.0005550945448318816
"p1002": 8.091208619583357E-05
"p1003": 3.7633528463178407E-06
"p1004": 0.0007620789513793627
"p1005": 0.00029730487485910944
"p1006": 6.962202765688005E-05
"p1007": 3.7633528463178407E-06
