"p945": 0.00047041910578973
"p946": 7.150370408003898E-05
"p947": 0
"p948": 1.5053411385271363E-05
"p949": 0
"p950": 0
"p951": 0
"p952": 0.010050033776091797
"p953": 0.0034698113243050504
"p954": 0.0003913886960170556
"p955": 2.6343469924224897E-05
"p956": 0.0031800331551385752
"p957": 0.0009314298294636656
"p958": 9.596549758110493E-05
"p959": 0
"p960": 0.0002258011707790704
"p961": 3.5751852040019475E-05
"p962": 0
"p963": 0
"p964": 1.8816764231589204E-06
"p965": 0
"p966": 0
"p967": 0
"p968": 0.002835686369700493
"p969": 0.0009389565351563012
"p970": 0.0001016105268505817
"p971": 5.645029269476761E-06
"p972": 0.0017236156036135705
"p973": 0.0005419228098697691
"p974": 8.27937626189925E-05
"p975": 5.645029269476761E-06
"p976": 3.575185204001949E-05
"p977": 0
"p978": 0
"p979": 0
"p980": 0
"p981": 0
"p982": 0
"p983": 0
"p984": 4.892358700213193E-05
"p985": 0
"p986": 0
"p987": 0
"p988": 0
"p989": 0
"p990": 0
"p991": 0
"p992": 0.00016935087808430283
"p993": 3.7633528463178407E-05
"p994": 0
"p995": 0
"p996": 0
"p997": 0
"p998": 0
"p999": 0
"p1000": 0.004736179557091004
"p1001": 0.0011233608246258755
"p1002": 9.784717400426385E-05
"p1003": 5.645029269476761E-06
"p1004": 0.001576844842607175
"p1005": 0.0003819803139012608
"p1006": 3.575185204001949E-05
"p1007": 0
