"p945": 1.3171734962112444E-05
"p946": 3.7633528463178407E-06
"p947": 0
"p948": 0
"p949": 0
"p950": 0
"p951": 0
"p952": 0.00043843060659602847
"p953": 0.00011101890896637629
"p954": 1.3171734962112442E-05
"p955": 0
"p956": 0.0001279539967748066
"p957": 5.833196911792653E-05
"p958": 1.1290058538953523E-05
"p959": 0
"p960": 9.596549758110493E-05
"p961": 1.6935087808430282E-05
"p962": 0
"p963": 0
"p964": 0
"p965": 0
"p966": 0
"p967": 0
"p968": 0.00033493840332228785
"p969": 6.585867481056221E-05
"p970": 1.1290058538953523E-05
"p971": 0
"p972": 8.843879188846925E-05
"p973": 2.2580117077907045E-05
"p974": 3.7633528463178407E-06
"p975": 0
"p976": 0
"p977": 0
"p978": 0
"p979": 0
"p980": 0
"p981": 0
"p982": 0
"p983": 0
"p984": 3.0106822770542726E-05
"p985": 1.8816764231589204E-06
"p986": 0
"p987": 0
"p988": 0
"p989": 0
"p990": 0
"p991": 0
"p992": 0.0003349384033222879
"p993": 6.585867481056221E-05
"p994": 1.1290058538953521E-05
"p995": 0
"p996": 3.0106822770542726E-05
"p997": 1.8816764231589204E-06
"p998": 0
"p999": 0
"p1000": 0.007302786198279774
"p1001": 0.002207206444365414
"p1002": 0.00029354152201279164
"p1003": 1.5053411385271365E-05
"p1004": 0.0014263107287544614
"p1005": 0.0004233771952107571
"p1006": 3.7633528463178407E-05
"p1007": 0
