"p945": 0.0008072391855351768
"p946": 0.0001580608195453493
"p947": 1.3171734962112444E-05
"p948": 0.007434503547900897
"p949": 0.0027829994298520424
"p950": 0.0005701479562171529
"p951": 7.33853805031979E-05
"p952": 0.000378216961054943
"p953": 0.00012795399677480656
"p954": 3.198849919370165E-05
"p955": 1.8816764231589204E-06
"p956": 0.0021940347094033014
"p957": 0.0006792851887603701
"p958": 9.784717400426385E-05
"p959": 1.8816764231589204E-06
"p960": 0.00458188209039197
"p961": 0.0014921694035650236
"p962": 0.0002333278764717061
"p963": 2.0698440654748128E-05
"p964": 0.005184018545802825
"p965": 0.0017461957206914777
"p966": 0.0002728430813580434
"p967": 2.4461793501065966E-05
"p968": 0.0025722516704582443
"p969": 0.000707510335107754
"p970": 9.596549758110495E-05
"p971": 0
"p972": 0.0022749467955991347
"p973": 0.0006454150131435097
"p974": 8.843879188846925E-05
"p975": 0
"p976": 0
"p977": 0
"p978": 0
"p979": 0
"p980": 6.021364554108545E-05
"p981": 5.645029269476761E-06
"p982": 0
"p983": 0
"p984": 0
"p985": 0
"p986": 0
"p987": 0
"p988": 0
"p989": 0
"p990": 0
"p991": 0
"p992": 0.005078644666105927
"p993": 0.001635176811725101
"p994": 0.0002973048748591094
"p995": 2.0698440654748124E-05
"p996": 0.009199516032823965
"p997": 0.0029071900737805316
"p998": 0.0004666557529434123
"p999": 3.0106822770542726E-05
"p1000": 0.001676573693034598
"p1001": 0.0005550945448318816
"p1002": 8.091208619583357E-05
"p1003": 3.7633528463178407E-06
"p1004": 0.0014018489352533954
"p1005": 0.0005042892814065906
"p1006": 6.585867481056221E-05
"p1007": 1.8816764231589204E-06
