"p945": 0.00011290058538953522
"p946": 1.3171734962112442E-05
"p947": 0
"p948": 0.0013002384084028137
"p949": 0.0003989154017096911
"p950": 9.22021447347871E-05
"p951": 1.3171734962112442E-05
"p952": 0.002513919701340317
"p953": 0.0008373460083057196
"p954": 0.00016935087808430286
"p955": 1.3171734962112444E-05
"p956": 0.008268086203360298
"p957": 0.0030389074234016553
"p958": 0.0006021364554108545
"p959": 7.33853805031979E-05
"p960": 0.0010894906490090147
"p961": 0.0002295645236253883
"p962": 2.0698440654748128E-05
"p963": 0
"p964": 0.0009295481530405066
"p965": 0.0001862859658927331
"p966": 1.8816764231589203E-05
"p967": 0
"p968": 0.0062377573427718205
"p969": 0.0019193099516220985
"p970": 0.0002878964927433148
"p971": 2.0698440654748128E-05
"p972": 0.006768390094102636
"p973": 0.0022335499142896375
"p974": 0.00032364834478333426
"p975": 2.4461793501065966E-05
"p976": 0
"p977": 0
"p978": 0
"p979": 0
"p980": 3.575185204001949E-05
"p981": 3.7633528463178407E-06
"p982": 0
"p983": 0
"p984": 0
"p985": 0
"p986": 0
"p987": 0
"p988": 5.456861627160869E-05
"p989": 3.7633528463178407E-06
"p990": 0
"p991": 0
"p992": 0.00048170916432868367
"p993": 8.655711546531033E-05
"p994": 3.7633528463178407E-06
"p995": 0
"p996": 0.0006341249546045562
"p997": 0.00015429746669903146
"p998": 1.8816764231589203E-05
"p999": 1.8816764231589204E-06
"p1000": 0.006217058902117074
"p1001": 0.0018986115109673504
"p1002": 0.0003180033155138575
"p1003": 2.0698440654748124E-05
"p1004": 0.009863747810199067
"p1005": 0.0031010027453659012
"p1006": 0.0004760641350592068
"p1007": 3.0106822770542726E-05
