"p945": 0.002703969020079368
"p946": 0.00047418245863604784
"p947": 1.5053411385271363E-05
"p948": 0.0010085785628131813
"p949": 0.00022203781793275263
"p950": 1.1290058538953523E-05
"p951": 0
"p952": 0.036463125727973555
"p953": 0.013186788373497717
"p954": 0.002512038024917159
"p955": 0.0002069844065474813
"p956": 0.020990100500337755
"p957": 0.007295259492587134
"p958": 0.0013077651140954497
"p959": 6.397699838740328E-05
"p960": 3.575185204001949E-05
"p961": 0
"p962": 0
"p963": 0
"p964": 0
"p965": 0
"p966": 0
"p967": 0
"p968": 0.001300238408402814
"p969": 0.00024085458216434178
"p970": 2.258011707790705E-05
"p971": 0
"p972": 4.8923587002131926E-05
"p973": 5.645029269476761E-06
"p974": 0
"p975": 0
"p976": 0.000308594933398063
"p977": 5.645029269476761E-05
"p978": 0
"p979": 0
"p980": 0
"p981": 0
"p982": 0
"p983": 0
"p984": 0.001955061803662118
"p985": 0.00042902222448023387
"p986": 4.516023415581409E-05
"p987": 0
"p988": 0.0001298356731979655
"p989": 1.8816764231589203E-05
"p990": 0
"p991": 0
"p992": 0.00019569434800852773
"p993": 2.8225146347383805E-05
"p994": 0
"p995": 0
"p996": 0
"p997": 0
"p998": 0
"p999": 0
"p1000": 0.00804040335615807
"p1001": 0.002408545821643418
"p1002": 0.00039515204886337327
"p1003": 2.8225146347383808E-05
"p1004": 0.002801816194083631
"p1005": 0.0007489072164172504
"p1006": 0.00011666393823585304
"p1007": 2.6343469924224887E-05
