"p945": 0.0003085949333980629
"p946": 5.268693984844977E-05
"p947": 0
"p948": 0
"p949": 0
"p950": 0
"p951": 0
"p952": 0.004958217375023755
"p953": 0.001676573693034598
"p954": 6.962202765688005E-05
"p955": 1.8816764231589204E-06
"p956": 0.0011515859709732594
"p957": 0.00033682007974544684
"p958": 1.6935087808430286E-05
"p959": 0
"p960": 0.00011666393823585305
"p961": 1.88167642315892E-05
"p962": 0
"p963": 0
"p964": 0
"p965": 0
"p966": 0
"p967": 0
"p968": 0.003765234522741
"p969": 0.0010142235920826582
"p970": 0.00013359902604428333
"p971": 9.408382115794602E-06
"p972": 0.001430074081600779
"p973": 0.00036880857893914834
"p974": 5.456861627160869E-05
"p975": 5.645029269476761E-06
"p976": 0.00032553002120649314
"p977": 5.080526342529084E-05
"p978": 0
"p979": 0
"p980": 1.8816764231589204E-06
"p981": 0
"p982": 0
"p983": 0
"p984": 0.0032044949486396412
"p985": 0.0010443304148532008
"p986": 0.00010537387969689955
"p987": 5.645029269476761E-06
"p988": 0.0020021037142410906
"p989": 0.0006228348960656025
"p990": 9.596549758110493E-05
"p991": 5.645029269476761E-06
"p992": 3.0106822770542722E-05
"p993": 1.5053411385271361E-05
"p994": 0
"p995": 0
"p996": 0
"p997": 0
"p998": 0
"p999": 0
"p1000": 0.0017537224263841139
"p1001": 0.00043843060659602836
"p1002": 3.0106822770542726E-05
"p1003": 0
"p1004": 0.00033682007974544673
"p1005": 0.00012042729108217089
"p1006": 5.645029269476761E-06
"p1007": 0
