"p945": 6.962202765688006E-05
"p946": 3.7633528463178407E-06
"p947": 0
"p948": 0
"p949": 0
"p950": 0
"p951": 0
"p952": 0.0027905261355446786
"p953": 0.0009558916229647316
"p954": 0.00013548070246744226
"p955": 1.1290058538953523E-05
"p956": 0.000901323006693123
"p957": 0.00024461793501065964
"p958": 3.198849919370165E-05
"p959": 5.645029269476761E-06
"p960": 0.0005024076049834317
"p961": 6.209532196424436E-05
"p962": 3.7633528463178407E-06
"p963": 0
"p964": 0
"p965": 0
"p966": 0
"p967": 0
"p968": 0.0014752343157565934
"p969": 0.0003556368439770358
"p970": 2.8225146347383805E-05
"p971": 0
"p972": 0.0003180033155138575
"p973": 5.645029269476761E-05
"p974": 0
"p975": 0
"p976": 0
"p977": 0
"p978": 0
"p979": 0
"p980": 0
"p981": 0
"p982": 0
"p983": 0
"p984": 0.00013548070246744223
"p985": 5.645029269476761E-06
"p986": 0
"p987": 0
"p988": 0
"p989": 0
"p990": 0
"p991": 0
"p992": 0.003428414442995553
"p993": 0.0010687922083542668
"p994": 0.0001467707610063958
"p995": 0
"p996": 0.00030106822770542725
"p997": 6.209532196424438E-05
"p998": 0
"p999": 0
"p1000": 0.03243257482956716
"p1001": 0.010755662434776391
"p1002": 0.0017763025434620208
"p1003": 0.00010537387969689955
"p1004": 0.01567624628133697
"p1005": 0.005131331605954376
"p1006": 0.0008392276847288784
"p1007": 3.575185204001948E-05
