"p945": 0.00041396881309496247
"p946": 1.3171734962112444E-05
"p947": 0
"p948": 3.198849919370165E-05
"p949": 2.0698440654748124E-05
"p950": 0
"p951": 0
"p952": 0.00022768284720222934
"p953": 0.00010349220327374062
"p954": 1.8816764231589204E-06
"p955": 1.8816764231589204E-06
"p956": 0.000472300782212889
"p957": 0.00020133937727800452
"p958": 2.2580117077907045E-05
"p959": 1.8816764231589204E-06
"p960": 0.00296175869005214
"p961": 0.0008806245660383748
"p962": 0.00010349220327374062
"p963": 5.645029269476761E-06
"p964": 0
"p965": 0
"p966": 0
"p967": 0
"p968": 0.003338093974683924
"p969": 0.00108008226689322
"p970": 0.00017687758377693853
"p971": 1.1290058538953523E-05
"p972": 0.0020754890947442886
"p973": 0.0006905752472993238
"p974": 9.972885042742277E-05
"p975": 5.645029269476761E-06
"p976": 0.0021225310053232613
"p977": 0.0007206820700698666
"p978": 8.091208619583358E-05
"p979": 3.7633528463178407E-06
"p980": 2.2580117077907045E-05
"p981": 5.645029269476761E-06
"p982": 0
"p983": 0
"p984": 0.003599646997503014
"p985": 0.0012080362636680267
"p986": 0.00019004931873905094
"p987": 9.408382115794602E-06
"p988": 0.002679507226578303
"p989": 0.0008900329481541691
"p990": 0.00014300740816007793
"p991": 5.645029269476761E-06
"p992": 0.0018045276898094043
"p993": 0.0004534840179812999
"p994": 5.456861627160869E-05
"p995": 0
"p996": 0
"p997": 0
"p998": 0
"p999": 0
"p1000": 0.0011873378230132787
"p1001": 0.0003612818732465127
"p1002": 3.9515204886337324E-05
"p1003": 1.8816764231589204E-06
"p1004": 0.0004779458114823658
"p1005": 0.0001768775837769385
"p1006": 3.0106822770542726E-05
"p1007": 1.8816764231589204E-06
