"p945": 4.327855773265517E-05
"p946": 5.645029269476761E-06
"p947": 0
"p948": 0.0003424651090149235
"p949": 0.0001034922032737406
"p950": 2.8225146347383805E-05
"p951": 1.8816764231589204E-06
"p952": 0.00046289240009709447
"p953": 0.00016370584881482604
"p954": 4.1396881309496255E-05
"p955": 1.8816764231589204E-06
"p956": 0.0019531801272389595
"p957": 0.0006604684245287809
"p958": 0.0001467707610063958
"p959": 1.8816764231589204E-06
"p960": 0.0008448727139983552
"p961": 0.00017311423093062066
"p962": 2.0698440654748128E-05
"p963": 0
"p964": 0.0005757929854866297
"p965": 9.408382115794603E-05
"p966": 7.5267056926356815E-06
"p967": 0
"p968": 0.004028669221983249
"p969": 0.0011327692067416703
"p970": 0.00012983567319796552
"p971": 5.645029269476761E-06
"p972": 0.002927888514435279
"p973": 0.0009897617985815924
"p974": 0.00010349220327374062
"p975": 3.7633528463178407E-06
"p976": 0
"p977": 0
"p978": 0
"p979": 0
"p980": 1.3171734962112444E-05
"p981": 3.7633528463178407E-06
"p982": 0
"p983": 0
"p984": 0
"p985": 0
"p986": 0
"p987": 0
"p988": 1.6935087808430286E-05
"p989": 3.7633528463178407E-06
"p990": 0
"p991": 0
"p992": 0.00025026296428013644
"p993": 3.0106822770542726E-05
"p994": 3.7633528463178407E-06
"p995": 0
"p996": 0.00027284308135804345
"p997": 5.456861627160869E-05
"p998": 7.5267056926356815E-06
"p999": 1.8816764231589204E-06
"p1000": 0.0042187185407223
"p1001": 0.001292711702710178
"p1002": 0.00019569434800852773
"p1003": 1.1290058538953523E-05
"p1004": 0.003898833548785283
"p1005": 0.0013284635547501974
"p1006": 0.0001919309951622099
"p1007": 9.408382115794602E-06
