"p945": 6.0213645541085445E-05
"p946": 1.1290058538953521E-05
"p947": 0
"p948": 2.2580117077907045E-05
"p949": 5.645029269476761E-06
"p950": 0
"p951": 0
"p952": 0.0013604520539438993
"p953": 0.0003650452260928306
"p954": 3.198849919370165E-05
"p955": 1.8816764231589204E-06
"p956": 0.0008599261253836267
"p957": 0.00025402631712645424
"p958": 3.9515204886337324E-05
"p959": 1.8816764231589204E-06
"p960": 1.1290058538953523E-05
"p961": 3.7633528463178407E-06
"p962": 0
"p963": 0
"p964": 0
"p965": 0
"p966": 0
"p967": 0
"p968": 0.0005061709578297494
"p969": 0.00013359902604428333
"p970": 1.1290058538953523E-05
"p971": 0
"p972": 5.2686939848449775E-05
"p973": 1.8816764231589203E-05
"p974": 1.8816764231589204E-06
"p975": 0
"p976": 9.972885042742277E-05
"p977": 1.6935087808430282E-05
"p978": 0
"p979": 0
"p980": 0
"p981": 0
"p982": 0
"p983": 0
"p984": 0.0003424651090149235
"p985": 6.397699838740328E-05
"p986": 1.1290058538953523E-05
"p987": 0
"p988": 8.843879188846925E-05
"p989": 2.2580117077907045E-05
"p990": 3.7633528463178407E-06
"p991": 0
"p992": 0.00014677076100639576
"p993": 2.8225146347383805E-05
"p994": 3.7633528463178407E-06
"p995": 0
"p996": 0
"p997": 0
"p998": 0
"p999": 0
"p1000": 0.004284577215532864
"p1001": 0.0012588415270933181
"p1002": 0.00015806081954534935
"p1003": 7.5267056926356815E-06
"p1004": 0.000707510335107754
"p1005": 0.00022015614150959367
"p1006": 1.6935087808430286E-05
"p1007": 0
