"p945": 0.0002747247577812023
"p946": 3.198849919370165E-05
"p947": 5.645029269476761E-06
"p948": 0.0033023421226439052
"p949": 0.0010857272961626969
"p950": 0.0001110189089663763
"p951": 5.645029269476761E-06
"p952": 0.0001110189089663763
"p953": 4.8923587002131926E-05
"p954": 1.1290058538953523E-05
"p955": 0
"p956": 0.0007583155985330448
"p957": 0.0002671980520885667
"p958": 3.0106822770542726E-05
"p959": 0
"p960": 0.008858932600232197
"p961": 0.003443467854380824
"p962": 0.0007451438635709324
"p963": 8.467543904215141E-05
"p964": 0.017260617829636775
"p965": 0.006996072941304867
"p966": 0.0016728103401882806
"p967": 0.00021639278866327584
"p968": 0.003426532766572394
"p969": 0.0011685210587816894
"p970": 0.00021262943581695798
"p971": 1.8816764231589204E-06
"p972": 0.005985612702068527
"p973": 0.001806409366232563
"p974": 0.0002502629642801364
"p975": 5.645029269476761E-06
"p976": 0.011130116042985014
"p977": 0.004510378386311933
"p978": 0.0008806245660383747
"p979": 6.209532196424438E-05
"p980": 0.01487277044864811
"p981": 0.006107921669573856
"p982": 0.0013341085840196745
"p983": 0.00012042729108217092
"p984": 0.00610039496388122
"p985": 0.0023276337354475843
"p986": 0.00035751852040019486
"p987": 9.408382115794602E-06
"p988": 0.009615366522342085
"p989": 0.0034246510901492348
"p990": 0.0005249877220613389
"p991": 1.3171734962112444E-05
"p992": 0.00437489768384449
"p993": 0.0013792688181754886
"p994": 0.0001580608195453493
"p995": 1.3171734962112444E-05
"p996": 0.012691907474206919
"p997": 0.004325974096842359
"p998": 0.00042525887163391606
"p999": 1.5053411385271363E-05
"p1000": 0.0007846590684572696
"p1001": 0.0001900493187390509
"p1002": 3.0106822770542726E-05
"p1003": 1.8816764231589204E-06
"p1004": 0.0010443304148532006
"p1005": 0.0002935415220127916
"p1006": 5.268693984844976E-05
"p1007": 1.8816764231589204E-06
