"p945": 0.0008655711546531036
"p946": 9.408382115794603E-05
"p947": 7.5267056926356815E-06
"p948": 3.198849919370165E-05
"p949": 2.0698440654748124E-05
"p950": 0
"p951": 0
"p952": 0.0007639606278025218
"p953": 0.0002615530228190899
"p954": 2.6343469924224887E-05
"p955": 1.8816764231589204E-06
"p956": 0.0014018489352533956
"p957": 0.0005042892814065907
"p958": 6.585867481056221E-05
"p959": 1.8816764231589204E-06
"p960": 0.0020510273012432226
"p961": 0.0006792851887603704
"p962": 7.903040977267465E-05
"p963": 3.7633528463178407E-06
"p964": 1.6935087808430286E-05
"p965": 3.7633528463178407E-06
"p966": 0
"p967": 0
"p968": 0.0032270750657175475
"p969": 0.0011177157953563984
"p970": 0.0001825226130464153
"p971": 9.408382115794602E-06
"p972": 0.00245746940864555
"p973": 0.0008298193026130838
"p974": 0.0001317173496211244
"p975": 5.645029269476761E-06
"p976": 5.456861627160869E-05
"p977": 3.7633528463178407E-06
"p978": 0
"p979": 0
"p980": 5.645029269476761E-06
"p981": 1.8816764231589204E-06
"p982": 0
"p983": 0
"p984": 0
"p985": 0
"p986": 0
"p987": 0
"p988": 0
"p989": 0
"p990": 0
"p991": 0
"p992": 0.004175439982989644
"p993": 0.0011214791482027165
"p994": 0.0001279539967748066
"p995": 3.7633528463178407E-06
"p996": 0
"p997": 0
"p998": 0
"p999": 0
"p1000": 0.003938348753671619
"p1001": 0.0011647577059353716
"p1002": 0.00016558752523798497
"p1003": 1.1290058538953523E-05
"p1004": 0.002194034709403302
"p1005": 0.0006792851887603701
"p1006": 9.784717400426385E-05
"p1007": 1.8816764231589204E-06
