"p945": 4.704191057897301E-05
"p946": 3.7633528463178407E-06
"p947": 0
"p948": 0.0006190715432192848
"p949": 0.00010537387969689952
"p950": 7.5267056926356815E-06
"p951": 0
"p952": 0.002098069211822196
"p953": 0.0006247165724887616
"p954": 0.00013171734962112442
"p955": 1.3171734962112444E-05
"p956": 0.007013008029113297
"p957": 0.002389729057411829
"p958": 0.0005155793399455441
"p959": 6.774035123372113E-05
"p960": 4.704191057897301E-05
"p961": 3.7633528463178407E-06
"p962": 0
"p963": 0
"p964": 0.00031988499193701656
"p965": 5.080526342529084E-05
"p966": 0
"p967": 0
"p968": 0.000378216961054943
"p969": 6.774035123372113E-05
"p970": 3.7633528463178407E-06
"p971": 0
"p972": 0.0012927117027101784
"p973": 0.00029354152201279153
"p974": 3.3870175616860565E-05
"p975": 0
"p976": 0
"p977": 0
"p978": 0
"p979": 0
"p980": 0
"p981": 0
"p982": 0
"p983": 0
"p984": 0
"p985": 0
"p986": 0
"p987": 0
"p988": 8.655711546531033E-05
"p989": 1.8816764231589204E-06
"p990": 0
"p991": 0
"p992": 0.0015787265190303343
"p993": 0.000306713256974904
"p994": 2.2580117077907045E-05
"p995": 0
"p996": 0.0017217339271904117
"p997": 0.0003481101382844002
"p998": 3.3870175616860565E-05
"p999": 0
"p1000": 0.012176328134261375
"p1001": 0.0036372805259661943
"p1002": 0.0005626212505245172
"p1003": 4.1396881309496255E-05
"p1004": 0.016432680203446858
"p1005": 0.00509181640106804
"p1006": 0.0007489072164172504
"p1007": 5.45686162716087E-05
