"p945": 0.0002559079935496131
"p946": 2.6343469924224887E-05
"p947": 5.645029269476761E-06
"p948": 0.0030483158055174503
"p949": 0.001061265502661631
"p950": 0.00013548070246744226
"p951": 1.1290058538953523E-05
"p952": 0.00012795399677480656
"p953": 4.139688130949624E-05
"p954": 1.1290058538953523E-05
"p955": 0
"p956": 0.0008279376261899248
"p957": 0.0002935415220127916
"p958": 4.327855773265517E-05
"p959": 0
"p960": 0.004903648758752146
"p961": 0.0020021037142410915
"p962": 0.0003575185204001948
"p963": 1.8816764231589207E-05
"p964": 0.00758503766175361
"p965": 0.003055842511210086
"p966": 0.000613426513949808
"p967": 4.139688130949625E-05
"p968": 0.002365267263910763
"p969": 0.0008937963010004873
"p970": 0.00014865243742955472
"p971": 0
"p972": 0.005863303734563195
"p973": 0.0019644701857779133
"p974": 0.00027284308135804345
"p975": 0
"p976": 5.645029269476761E-06
"p977": 0
"p978": 0
"p979": 0
"p980": 0.00010725555612005845
"p981": 5.645029269476761E-06
"p982": 0
"p983": 0
"p984": 0
"p985": 0
"p986": 0
"p987": 0
"p988": 0
"p989": 0
"p990": 0
"p991": 0
"p992": 0.007880460860189559
"p993": 0.002624938610306694
"p994": 0.0003631635496696717
"p995": 2.258011707790704E-05
"p996": 0.01940196559919163
"p997": 0.006678069625791009
"p998": 0.000869334507499421
"p999": 5.8331969117926534E-05
"p1000": 0.002310698647639154
"p1001": 0.0007169187172235485
"p1002": 9.596549758110493E-05
"p1003": 0
"p1004": 0.00404184095694536
"p1005": 0.0011365325595879877
"p1006": 0.00014865243742955472
"p1007": 0
