"p945": 0.0045668286790067
"p946": 0.0010443304148532008
"p947": 0.00015994249596850823
"p948": 4.516023415581409E-05
"p949": 7.5267056926356815E-06
"p950": 0
"p951": 0
"p952": 0.006945267677879578
"p953": 0.002414190850912894
"p954": 0.0005381594570234513
"p955": 6.774035123372113E-05
"p956": 0.007060049939692268
"p957": 0.0022053247679422543
"p958": 0.00035751852040019486
"p959": 2.8225146347383808E-05
"p960": 0.0010010518571205455
"p961": 0.000259671346395931
"p962": 3.387017561686057E-05
"p963": 0
"p964": 1.5053411385271363E-05
"p965": 0
"p966": 0
"p967": 0
"p968": 0.0007319721286088202
"p969": 0.0001561791431221904
"p970": 2.0698440654748124E-05
"p971": 0
"p972": 0.0004158504895181214
"p973": 0.0001486524374295547
"p974": 3.575185204001949E-05
"p975": 0
"p976": 7.903040977267465E-05
"p977": 0
"p978": 0
"p979": 0
"p980": 0
"p981": 0
"p982": 0
"p983": 0
"p984": 0
"p985": 0
"p986": 0
"p987": 0
"p988": 0
"p989": 0
"p990": 0
"p991": 0
"p992": 0.007093920115309132
"p993": 0.0020547906540895407
"p994": 0.0002991865512822683
"p995": 2.6343469924224884E-05
"p996": 3.7633528463178407E-06
"p997": 0
"p998": 0
"p999": 0
"p1000": 0.008764848779074252
"p1001": 0.0028018161940836315
"p1002": 0.0004572473708276176
"p1003": 4.327855773265517E-05
"p1004": 0.007060049939692271
"p1005": 0.0022053247679422548
"p1006": 0.00035751852040019486
"p1007": 2.8225146347383808E-05
