"p945": 0.0006284799253350794
"p946": 9.408382115794599E-05
"p947": 5.645029269476761E-06
"p948": 0.005648792622323078
"p949": 0.0015185128734892487
"p950": 0.00020133937727800444
"p951": 7.5267056926356815E-06
"p952": 0.007899277624421148
"p953": 0.0024292442622981664
"p954": 0.0004120871366718036
"p955": 3.198849919370165E-05
"p956": 0.021138752937767315
"p957": 0.00712779029092599
"p958": 0.0013040017612491318
"p959": 0.00011854561465901199
"p960": 2.0698440654748124E-05
"p961": 0
"p962": 0
"p963": 0
"p964": 0.00013548070246744226
"p965": 1.8816764231589204E-06
"p966": 0
"p967": 0
"p968": 0.000846754390421514
"p969": 0.00020698440654748124
"p970": 1.3171734962112442E-05
"p971": 0
"p972": 0.0029975105420921603
"p973": 0.0008279376261899249
"p974": 8.091208619583358E-05
"p975": 1.8816764231589204E-06
"p976": 0.00025214464070329537
"p977": 5.080526342529086E-05
"p978": 0
"p979": 0
"p980": 0.0009841167693121153
"p981": 0.00013548070246744226
"p982": 3.7633528463178407E-06
"p983": 0
"p984": 0.0009408382115794602
"p985": 0.00020886608297064017
"p986": 1.3171734962112442E-05
"p987": 0
"p988": 0.002037855566281111
"p989": 0.0006002547789876957
"p990": 6.021364554108546E-05
"p991": 0
"p992": 0.0010556204733921544
"p993": 0.00023709122931802392
"p994": 2.6343469924224884E-05
"p995": 0
"p996": 0.0022090881207885724
"p997": 0.0005343961041771332
"p998": 3.387017561686056E-05
"p999": 0
"p1000": 0.0147448164518733
"p1001": 0.0049977325799100926
"p1002": 0.0009276664766173478
"p1003": 8.843879188846925E-05
"p1004": 0.030008975596538465
"p1005": 0.010556204733921545
"p1006": 0.0020491456248200642
"p1007": 0.00021827446508643477
