"p945": 0.0001825226130464153
"p946": 2.2580117077907045E-05
"p947": 0
"p948": 0.0016634019580724852
"p949": 0.0006510600424129865
"p950": 0.00015994249596850823
"p951": 2.2580117077907045E-05
"p952": 0.0031894415372543702
"p953": 0.0010744372376237437
"p954": 0.00013548070246744229
"p955": 1.1290058538953523E-05
"p956": 0.0089962949791228
"p957": 0.003069014246172199
"p958": 0.0003217666683601754
"p959": 1.8816764231589203E-05
"p960": 6.962202765688005E-05
"p961": 7.5267056926356815E-06
"p962": 0
"p963": 0
"p964": 0.00016182417239166716
"p965": 2.4461793501065963E-05
"p966": 0
"p967": 0
"p968": 0.0027942894883909966
"p969": 0.0008636894782299444
"p970": 0.00015429746669903146
"p971": 2.822514634738381E-05
"p972": 0.005693952856478894
"p973": 0.0017988826605399276
"p974": 0.0003217666683601753
"p975": 2.8225146347383808E-05
"p976": 0.0007056286586845952
"p977": 0.00012230896750532982
"p978": 0
"p979": 0
"p980": 0.0008523994196909909
"p981": 0.00019757602443168663
"p982": 2.2580117077907045E-05
"p983": 0
"p984": 0.006230230637079185
"p985": 0.0021112409467843084
"p986": 0.00038762534317073754
"p987": 4.516023415581409E-05
"p988": 0.007925621094345373
"p989": 0.0026098851989214216
"p990": 0.0004610107236739355
"p991": 4.704191057897301E-05
"p992": 2.4461793501065963E-05
"p993": 5.645029269476761E-06
"p994": 0
"p995": 0
"p996": 6.39769983874033E-05
"p997": 1.8816764231589203E-05
"p998": 0
"p999": 0
"p1000": 0.0006999836294151183
"p1001": 0.00022580117077907044
"p1002": 3.010682277054273E-05
"p1003": 1.8816764231589204E-06
"p1004": 0.0025063929956476816
"p1005": 0.0007263270993393432
"p1006": 8.279376261899248E-05
"p1007": 0
