"p945": 0.0004779458114823658
"p946": 2.0698440654748124E-05
"p947": 0
"p948": 0.004442638035078212
"p949": 0.0014865243742955472
"p950": 6.585867481056221E-05
"p951": 1.8816764231589204E-06
"p952": 0.00015429746669903146
"p953": 2.8225146347383808E-05
"p954": 7.5267056926356815E-06
"p955": 0
"p956": 0.000942719888002619
"p957": 0.00028225146347383805
"p958": 3.763352846317842E-05
"p959": 0
"p960": 0.0013040017612491314
"p961": 0.00041961384236443927
"p962": 6.585867481056221E-05
"p963": 5.645029269476761E-06
"p964": 0.0032289567421407072
"p965": 0.0008975596538468051
"p966": 0.0001223089675053298
"p967": 9.408382115794602E-06
"p968": 0.0003481101382844003
"p969": 9.596549758110492E-05
"p970": 7.526705692635681E-06
"p971": 0
"p972": 0.0005908463968719009
"p973": 0.00022015614150959367
"p974": 2.634346992422488E-05
"p975": 0
"p976": 0.001381150494598647
"p977": 0.0005682662797939941
"p978": 8.843879188846925E-05
"p979": 5.645029269476761E-06
"p980": 0.0022749467955991342
"p981": 0.0007470255399940913
"p982": 8.655711546531033E-05
"p983": 5.645029269476761E-06
"p984": 0.0006021364554108544
"p985": 0.00018816764231589203
"p986": 1.8816764231589203E-05
"p987": 0
"p988": 0.0007489072164172503
"p989": 0.0002239194943559115
"p990": 2.8225146347383805E-05
"p991": 0
"p992": 0.000449720665134982
"p993": 0.0001486524374295547
"p994": 5.645029269476761E-06
"p995": 0
"p996": 0.0016351768117251015
"p997": 0.0004045604309791678
"p998": 3.0106822770542726E-05
"p999": 0
"p1000": 4.139688130949624E-05
"p1001": 1.8816764231589203E-05
"p1002": 1.3171734962112444E-05
"p1003": 0
"p1004": 6.209532196424436E-05
"p1005": 3.0106822770542722E-05
"p1006": 1.1290058538953521E-05
"p1007": 0
