"p945": 0.00013736237889060116
"p946": 7.5267056926356815E-06
"p947": 0
"p948": 0.00127201326205543
"p949": 0.0005080526342529085
"p950": 1.1290058538953523E-05
"p951": 0
"p952": 1.6935087808430282E-05
"p953": 3.7633528463178407E-06
"p954": 1.8816764231589204E-06
"p955": 1.8816764231589204E-06
"p956": 0.0002671980520885667
"p957": 9.220214473478711E-05
"p958": 1.6935087808430286E-05
"p959": 1.8816764231589204E-06
"p960": 0.002365267263910763
"p961": 0.0007827773920341108
"p962": 0.00011101890896637632
"p963": 9.408382115794602E-06
"p964": 0.00428834056837918
"p965": 0.0013378719368659921
"p966": 0.00019004931873905096
"p967": 1.3171734962112444E-05
"p968": 0.0008561627725373088
"p969": 0.00025590799354961323
"p970": 3.387017561686057E-05
"p971": 0
"p972": 0.0008072391855351767
"p973": 0.0003029499041285862
"p974": 4.5160234155814084E-05
"p975": 0
"p976": 0.002487576231416092
"p977": 0.0008919146245773282
"p978": 0.00014488908458323686
"p979": 9.408382115794602E-06
"p980": 0.003112292803904854
"p981": 0.0010988990311248093
"p982": 0.00015241579027587256
"p983": 9.408382115794602E-06
"p984": 0.001319055172634403
"p985": 0.00040079707813285
"p986": 5.456861627160869E-05
"p987": 0
"p988": 0.0013096467905186083
"p989": 0.0003838619903244197
"p990": 5.080526342529085E-05
"p991": 0
"p992": 0.0009540099465415726
"p993": 0.0002954231984359505
"p994": 3.198849919370165E-05
"p995": 0
"p996": 0.0023633855874876037
"p997": 0.0006378883074508741
"p998": 6.585867481056221E-05
"p999": 0
"p1000": 0.00012230896750532982
"p1001": 3.0106822770542722E-05
"p1002": 1.1290058538953523E-05
"p1003": 1.8816764231589204E-06
"p1004": 8.279376261899248E-05
"p1005": 3.575185204001948E-05
"p1006": 1.5053411385271363E-05
"p1007": 1.8816764231589204E-06
