"p945": 0.0023276337354475847
"p946": 0.00027660643420436126
"p947": 1.8816764231589203E-05
"p948": 0.00010349220327374056
"p949": 4.1396881309496235E-05
"p950": 0
"p951": 0
"p952": 0.0034961547942292744
"p953": 0.0012531964978238408
"p954": 0.0001392440553137601
"p955": 7.5267056926356815E-06
"p956": 0.003642925555235669
"p957": 0.0011083074132406038
"p958": 0.0001298356731979655
"p959": 0
"p960": 0.0011591126766658949
"p961": 0.0003236483447833343
"p962": 1.3171734962112442E-05
"p963": 0
"p964": 3.7633528463178407E-06
"p965": 0
"p966": 0
"p967": 0
"p968": 0.00177630254346202
"p969": 0.0006792851887603704
"p970": 9.596549758110495E-05
"p971": 5.645029269476761E-06
"p972": 0.0018252261304641524
"p973": 0.0006378883074508741
"p974": 0.0001016105268505817
"p975": 5.645029269476761E-06
"p976": 4.892358700213193E-05
"p977": 0
"p978": 0
"p979": 0
"p980": 1.8816764231589204E-06
"p981": 0
"p982": 0
"p983": 0
"p984": 0
"p985": 0
"p986": 0
"p987": 0
"p988": 0
"p989": 0
"p990": 0
"p991": 0
"p992": 0.0025364998184182245
"p993": 0.0005174610163687031
"p994": 3.0106822770542726E-05
"p995": 0
"p996": 0
"p997": 0
"p998": 0
"p999": 0
"p1000": 0.002256130031367545
"p1001": 0.0006585867481056221
"p1002": 8.843879188846925E-05
"p1003": 5.645029269476761E-06
"p1004": 0.0017292606328830474
"p1005": 0.00048735419359816035
"p1006": 6.209532196424438E-05
"p1007": 0
