"p945": 0.000829819302613084
"p946": 9.784717400426387E-05
"p947": 5.645029269476761E-06
"p948": 0.00012419064392848875
"p949": 4.327855773265517E-05
"p950": 0
"p951": 0
"p952": 0.0008900329481541692
"p953": 0.00031235828624438073
"p954": 3.0106822770542726E-05
"p955": 0
"p956": 0.0011948645287059142
"p957": 0.0004553656944044588
"p958": 5.645029269476761E-05
"p959": 5.645029269476761E-06
"p960": 0.012966632231988122
"p961": 0.005229178779958639
"p962": 0.001245669792131205
"p963": 0.00016935087808430286
"p964": 6.585867481056221E-05
"p965": 5.645029269476761E-06
"p966": 0
"p967": 0
"p968": 0.010110247421632877
"p969": 0.0038160397861662907
"p970": 0.0008429910375751963
"p971": 8.279376261899248E-05
"p972": 0.011880904935825427
"p973": 0.003912005283747395
"p974": 0.0006981019529919593
"p975": 5.080526342529086E-05
"p976": 0.011624996942275811
"p977": 0.00489800372948267
"p978": 0.0010537387969689954
"p979": 9.596549758110493E-05
"p980": 0.0005325144277539745
"p981": 8.655711546531033E-05
"p982": 5.645029269476761E-06
"p983": 0
"p984": 0.014116336526538221
"p985": 0.005470033362122981
"p986": 0.0010744372376237435
"p987": 7.903040977267465E-05
"p988": 0.015226525616201986
"p989": 0.005496376832047206
"p990": 0.0009069680359625998
"p991": 3.0106822770542726E-05
"p992": 0.009613484845918925
"p993": 0.003232720094987025
"p994": 0.00035563684397703593
"p995": 1.5053411385271363E-05
"p996": 0
"p997": 0
"p998": 0
"p999": 0
"p1000": 0.0049676257571395505
"p1001": 0.0016690469873419619
"p1002": 0.00016935087808430283
"p1003": 9.408382115794602E-06
"p1004": 0.004023024192713772
"p1005": 0.0011440592652806236
"p1006": 0.0001392440553137601
"p1007": 7.5267056926356815E-06
