"p945": 3.9515204886337324E-05
"p946": 1.8816764231589204E-06
"p947": 0
"p948": 0.0007225637464930256
"p949": 0.00012607232035164766
"p950": 3.7633528463178407E-06
"p951": 0
"p952": 0.0021658095630559173
"p953": 0.0006981019529919595
"p954": 0.00013171734962112445
"p955": 3.3870175616860565E-05
"p956": 0.007453320312132483
"p957": 0.0025741333468814027
"p958": 0.0005268693984844977
"p959": 6.209532196424438E-05
"p960": 0.00018440428946957417
"p961": 3.3870175616860565E-05
"p962": 0
"p963": 0
"p964": 0.0008373460083057195
"p965": 0.00011854561465901199
"p966": 3.7633528463178407E-06
"p967": 0
"p968": 0.0009408382115794602
"p969": 0.00020886608297064017
"p970": 1.3171734962112442E-05
"p971": 0
"p972": 0.002037855566281111
"p973": 0.0006002547789876957
"p974": 6.021364554108546E-05
"p975": 0
"p976": 0
"p977": 0
"p978": 0
"p979": 0
"p980": 0
"p981": 0
"p982": 0
"p983": 0
"p984": 0
"p985": 0
"p986": 0
"p987": 0
"p988": 0.00013548070246744223
"p989": 5.645029269476761E-06
"p990": 0
"p991": 0
"p992": 0.003857436667475787
"p993": 0.0012795399677480656
"p994": 0.00016182417239166713
"p995": 5.645029269476761E-06
"p996": 0.00613614681592124
"p997": 0.0020133937727800444
"p998": 0.00032553002120649314
"p999": 7.5267056926356815E-06
"p1000": 0.023949977513966738
"p1001": 0.00836593337736456
"p1002": 0.0014357191108702563
"p1003": 8.46754390421514E-05
"p1004": 0.04279496689190333
"p1005": 0.015175720352776695
"p1006": 0.0028281596640078585
"p1007": 0.00019945770085484554
