"p945": 5.2686939848449775E-05
"p946": 1.3171734962112444E-05
"p947": 0
"p948": 0.0007357354814551377
"p949": 0.0002295645236253883
"p950": 3.951520488633733E-05
"p951": 0
"p952": 2.2580117077907045E-05
"p953": 1.3171734962112444E-05
"p954": 7.5267056926356815E-06
"p955": 1.8816764231589204E-06
"p956": 0.0001580608195453493
"p957": 5.645029269476761E-05
"p958": 1.5053411385271365E-05
"p959": 1.8816764231589204E-06
"p960": 0.0023652672639107625
"p961": 0.0007827773920341108
"p962": 0.00011101890896637629
"p963": 9.408382115794602E-06
"p964": 0.002487576231416092
"p965": 0.0008919146245773281
"p966": 0.00014488908458323686
"p967": 9.408382115794602E-06
"p968": 0.0009540099465415726
"p969": 0.00029542319843595057
"p970": 3.198849919370165E-05
"p971": 0
"p972": 0.0004440756358655052
"p973": 0.00019569434800852776
"p974": 1.8816764231589203E-05
"p975": 0
"p976": 0.00428834056837918
"p977": 0.0013378719368659921
"p978": 0.00019004931873905096
"p979": 1.3171734962112444E-05
"p980": 0.0031122928039048546
"p981": 0.0010988990311248093
"p982": 0.00015241579027587256
"p983": 9.408382115794602E-06
"p984": 0.002363385587487604
"p985": 0.0006378883074508741
"p986": 6.585867481056221E-05
"p987": 0
"p988": 0.001367978759636535
"p989": 0.00039327037244021434
"p990": 3.951520488633733E-05
"p991": 0
"p992": 0.0008561627725373088
"p993": 0.0002559079935496132
"p994": 3.387017561686057E-05
"p995": 0
"p996": 0.001319055172634403
"p997": 0.00040079707813285
"p998": 5.456861627160869E-05
"p999": 0
"p1000": 0.00012230896750532982
"p1001": 3.0106822770542722E-05
"p1002": 1.1290058538953523E-05
"p1003": 1.8816764231589204E-06
"p1004": 3.7633528463178407E-05
"p1005": 1.8816764231589203E-05
"p1006": 1.1290058538953523E-05
"p1007": 1.8816764231589204E-06
