"p945": 8.46754390421514E-05
"p946": 2.4461793501065963E-05
"p947": 1.8816764231589204E-06
"p948": 0
"p949": 0
"p950": 0
"p951": 0
"p952": 0.0007545522456867272
"p953": 0.00023332787647170614
"p954": 3.951520488633733E-05
"p955": 0
"p956": 0.00018440428946957422
"p957": 8.091208619583359E-05
"p958": 1.6935087808430282E-05
"p959": 0
"p960": 0.00019945770085484557
"p961": 4.139688130949625E-05
"p962": 3.7633528463178407E-06
"p963": 0
"p964": 0
"p965": 0
"p966": 0
"p967": 0
"p968": 0.004973270786409028
"p969": 0.0015730814897608571
"p970": 0.00023144620004854718
"p971": 1.3171734962112442E-05
"p972": 0.0008486360668446731
"p973": 0.0003048315805517451
"p974": 4.139688130949625E-05
"p975": 5.645029269476761E-06
"p976": 0.0006849302180298469
"p977": 0.0001279539967748066
"p978": 1.1290058538953521E-05
"p979": 0
"p980": 8.655711546531032E-05
"p981": 1.8816764231589204E-06
"p982": 0
"p983": 0
"p984": 0.008715925192072123
"p985": 0.002536499818418224
"p986": 0.0003292933740528111
"p987": 1.8816764231589203E-05
"p988": 0.002224141532173844
"p989": 0.0007639606278025216
"p990": 9.596549758110492E-05
"p991": 3.7633528463178407E-06
"p992": 3.7633528463178407E-05
"p993": 9.408382115794602E-06
"p994": 3.7633528463178407E-06
"p995": 1.8816764231589204E-06
"p996": 0
"p997": 0
"p998": 0
"p999": 0
"p1000": 0.0020566723305127004
"p1001": 0.0005946097497182189
"p1002": 7.526705692635684E-05
"p1003": 0
"p1004": 0.00020886608297064017
"p1005": 7.52670569263568E-05
"p1006": 1.5053411385271363E-05
"p1007": 0
