"p945": 4.8923587002131926E-05
"p946": 1.3171734962112442E-05
"p947": 0
"p948": 0.0004591290472507766
"p949": 0.00010913723254321736
"p950": 1.5053411385271363E-05
"p951": 0
"p952": 2.2580117077907045E-05
"p953": 1.3171734962112444E-05
"p954": 7.5267056926356815E-06
"p955": 1.8816764231589204E-06
"p956": 8.279376261899248E-05
"p957": 3.575185204001948E-05
"p958": 1.5053411385271363E-05
"p959": 1.8816764231589204E-06
"p960": 0.001526039579181884
"p961": 0.0005362777806002922
"p962": 7.33853805031979E-05
"p963": 3.7633528463178407E-06
"p964": 0.0012870666734407013
"p965": 0.0005042892814065907
"p966": 7.150370408003898E-05
"p967": 3.7633528463178407E-06
"p968": 0.0009370748587331424
"p969": 0.0002766064342043613
"p970": 3.575185204001949E-05
"p971": 0
"p972": 0.0006774035123372113
"p973": 0.0001938126715853688
"p974": 2.4461793501065963E-05
"p975": 0
"p976": 0
"p977": 0
"p978": 0
"p979": 0
"p980": 2.2580117077907045E-05
"p981": 5.645029269476761E-06
"p982": 0
"p983": 0
"p984": 0
"p985": 0
"p986": 0
"p987": 0
"p988": 0
"p989": 0
"p990": 0
"p991": 0
"p992": 0.001860977982504172
"p993": 0.0005757929854866297
"p994": 8.27937626189925E-05
"p995": 3.7633528463178407E-06
"p996": 0.0022824735012917704
"p997": 0.0007112736879540719
"p998": 9.784717400426385E-05
"p999": 3.7633528463178407E-06
"p1000": 0.0006058998082571723
"p1001": 0.0001637058488148261
"p1002": 2.2580117077907045E-05
"p1003": 1.8816764231589204E-06
"p1004": 0.0002671980520885667
"p1005": 9.220214473478709E-05
"p1006": 1.6935087808430286E-05
"p1007": 1.8816764231589204E-06
