"p945": 0.00018440428946957422
"p946": 1.6935087808430282E-05
"p947": 0
"p948": 0
"p949": 0
"p950": 0
"p951": 0
"p952": 0.00318944153725437
"p953": 0.0010744372376237435
"p954": 0.00013548070246744226
"p955": 1.1290058538953523E-05
"p956": 0.0011101890896637629
"p957": 0.00036316354966967166
"p958": 3.198849919370165E-05
"p959": 5.645029269476761E-06
"p960": 0.0021319393874390563
"p961": 0.0007131553643772308
"p962": 0.00010913723254321736
"p963": 0
"p964": 0.0002935415220127916
"p965": 6.209532196424438E-05
"p966": 0
"p967": 0
"p968": 0.010689803759965828
"p969": 0.004256352069185478
"p970": 0.0008053575091120181
"p971": 4.704191057897301E-05
"p972": 0.007933147800038008
"p973": 0.00294482360224371
"p974": 0.0005099343106760674
"p975": 1.3171734962112444E-05
"p976": 8.091208619583357E-05
"p977": 0
"p978": 0
"p979": 0
"p980": 0
"p981": 0
"p982": 0
"p983": 0
"p984": 7.150370408003898E-05
"p985": 5.645029269476761E-06
"p986": 0
"p987": 0
"p988": 3.7633528463178407E-06
"p989": 0
"p990": 0
"p991": 0
"p992": 0.0014394824637165736
"p993": 0.0004421939594423463
"p994": 5.456861627160869E-05
"p995": 0
"p996": 7.5267056926356815E-06
"p997": 0
"p998": 0
"p999": 0
"p1000": 0.022839788424302978
"p1001": 0.007688529865027351
"p1002": 0.0009709450343500028
"p1003": 5.8331969117926534E-05
"p1004": 0.008098735325275995
"p1005": 0.0024198358801823714
"p1006": 0.00034058343259176454
"p1007": 2.258011707790704E-05
