"p945": 0.00010725555612005845
"p946": 0
"p947": 0
"p948": 0.001351043671828105
"p949": 0.0004534840179812999
"p950": 2.0698440654748128E-05
"p951": 0
"p952": 2.8225146347383805E-05
"p953": 1.3171734962112444E-05
"p954": 5.645029269476761E-06
"p955": 0
"p956": 0.00028225146347383805
"p957": 0.00010913723254321738
"p958": 1.6935087808430286E-05
"p959": 0
"p960": 0.005934807438643235
"p961": 0.002192153032980142
"p962": 0.0003932703724402144
"p963": 2.82251463473838E-05
"p964": 0.012370140805846747
"p965": 0.004625160648124626
"p966": 0.000895677977423646
"p967": 6.774035123372113E-05
"p968": 0.0022467216492517515
"p969": 0.0007658423042256805
"p970": 0.00010913723254321738
"p971": 0
"p972": 0.004216836864299141
"p973": 0.0012193263222069805
"p974": 0.0001486524374295547
"p975": 0
"p976": 0.005436163186506122
"p977": 0.0021921530329801426
"p978": 0.00038762534317073754
"p979": 1.8816764231589207E-05
"p980": 0.00796325462280855
"p981": 0.0032590635649112497
"p982": 0.0006472966895666685
"p983": 4.139688130949625E-05
"p984": 0.002621175257460376
"p985": 0.0009803534164657976
"p986": 0.0001561791431221904
"p987": 0
"p988": 0.005940452467912712
"p989": 0.0019795235971631843
"p990": 0.0002784881106275202
"p991": 0
"p992": 0.003138636273829079
"p993": 0.0009182580945015532
"p994": 4.139688130949624E-05
"p995": 0
"p996": 0.009767782312617955
"p997": 0.003093476039673265
"p998": 0.00013924405531376012
"p999": 1.8816764231589204E-06
"p1000": 0.0005024076049834317
"p1001": 8.655711546531035E-05
"p1002": 1.1290058538953521E-05
"p1003": 0
"p1004": 0.0007338538050319789
"p1005": 0.0001712325545074617
"p1006": 3.0106822770542722E-05
"p1007": 0
