"p945": 0.0021902713565569833
"p946": 0.000378216961054943
"p947": 3.198849919370165E-05
"p948": 0.016045054860276114
"p949": 0.005394766305196625
"p950": 0.0009841167693121153
"p951": 9.784717400426385E-05
"p952": 0.0023615039110644444
"p953": 0.0006002547789876956
"p954": 8.46754390421514E-05
"p955": 0
"p956": 0.010477174324148866
"p957": 0.003044552452671133
"p958": 0.0004440756358655052
"p959": 2.2580117077907045E-05
"p960": 0.0007827773920341108
"p961": 0.00020133937727800447
"p962": 1.3171734962112442E-05
"p963": 0
"p964": 0.0029542319843595052
"p965": 0.0008222925969204483
"p966": 8.091208619583358E-05
"p967": 1.8816764231589204E-06
"p968": 0.00012419064392848873
"p969": 4.327855773265516E-05
"p970": 5.645029269476761E-06
"p971": 0
"p972": 0.00037069025536230727
"p973": 0.00012607232035164766
"p974": 5.645029269476761E-06
"p975": 0
"p976": 0.0009370748587331423
"p977": 0.00022015614150959367
"p978": 1.3171734962112442E-05
"p979": 0
"p980": 0.0022467216492517515
"p981": 0.000611544837526649
"p982": 6.021364554108546E-05
"p983": 0
"p984": 0.00016935087808430283
"p985": 6.021364554108545E-05
"p986": 1.8816764231589203E-05
"p987": 0
"p988": 0.0006736401594908935
"p989": 0.0002239194943559115
"p990": 3.387017561686057E-05
"p991": 0
"p992": 0.012038965755370773
"p993": 0.004222481893568618
"p994": 0.0008072391855351768
"p995": 8.655711546531033E-05
"p996": 0.02646954224457653
"p997": 0.009487412525567278
"p998": 0.0019117832459294634
"p999": 0.00021827446508643477
"p1000": 0.003992917369943229
"p1001": 0.0012531964978238408
"p1002": 0.00021639278866327584
"p1003": 1.8816764231589204E-06
"p1004": 0.006604684245287814
"p1005": 0.0018741497174662842
"p1006": 0.0002502629642801364
"p1007": 5.645029269476761E-06
