"p945": 0.00018064093662325636
"p946": 1.8816764231589203E-05
"p947": 0
"p948": 1.5053411385271363E-05
"p949": 0
"p950": 0
"p951": 0
"p952": 0.008817535718922702
"p953": 0.0028131062526225866
"p954": 0.0003913886960170555
"p955": 2.6343469924224897E-05
"p956": 0.0025873050818435153
"p957": 0.0007658423042256808
"p958": 7.903040977267465E-05
"p959": 0
"p960": 7.714873334951573E-05
"p961": 0
"p962": 0
"p963": 0
"p964": 0
"p965": 0
"p966": 0
"p967": 0
"p968": 0.0006378883074508739
"p969": 8.843879188846926E-05
"p970": 0
"p971": 0
"p972": 5.2686939848449775E-05
"p973": 5.645029269476761E-06
"p974": 0
"p975": 0
"p976": 0
"p977": 0
"p978": 0
"p979": 0
"p980": 0
"p981": 0
"p982": 0
"p983": 0
"p984": 7.903040977267465E-05
"p985": 0
"p986": 0
"p987": 0
"p988": 0
"p989": 0
"p990": 0
"p991": 0
"p992": 0.00040267875455600894
"p993": 5.833196911792653E-05
"p994": 0
"p995": 0
"p996": 1.8816764231589204E-06
"p997": 0
"p998": 0
"p999": 0
"p1000": 0.00763396124875574
"p1001": 0.001958825156508436
"p1002": 0.00019945770085484557
"p1003": 1.1290058538953523E-05
"p1004": 0.0032176666836017534
"p1005": 0.0008730978603457393
"p1006": 0.00011854561465901199
"p1007": 5.645029269476761E-06
