"p945": 0.0004534840179812998
"p946": 7.150370408003898E-05
"p947": 0
"p948": 0.00021639278866327584
"p949": 3.9515204886337324E-05
"p950": 0
"p951": 0
"p952": 0.005803090089022111
"p953": 0.0018572146296578543
"p954": 0.0002540263171264542
"p955": 1.3171734962112444E-05
"p956": 0.004290222244802339
"p957": 0.001258841527093318
"p958": 0.00018816764231589203
"p959": 1.8816764231589204E-06
"p960": 4.704191057897301E-05
"p961": 3.7633528463178407E-06
"p962": 0
"p963": 0
"p964": 0
"p965": 0
"p966": 0
"p967": 0
"p968": 0.001108307413240604
"p969": 0.0001994577008548455
"p970": 2.2580117077907045E-05
"p971": 0
"p972": 6.209532196424438E-05
"p973": 2.0698440654748124E-05
"p974": 1.8816764231589204E-06
"p975": 0
"p976": 0.00015617914312219037
"p977": 1.6935087808430282E-05
"p978": 0
"p979": 0
"p980": 0
"p981": 0
"p982": 0
"p983": 0
"p984": 0.0008674528310762624
"p985": 0.0001373623788906012
"p986": 1.1290058538953523E-05
"p987": 0
"p988": 0.00012795399677480656
"p989": 2.8225146347383805E-05
"p990": 3.7633528463178407E-06
"p991": 0
"p992": 0.00024461793501065964
"p993": 4.704191057897301E-05
"p994": 3.7633528463178407E-06
"p995": 0
"p996": 0
"p997": 0
"p998": 0
"p999": 0
"p1000": 0.0080893269431602
"p1001": 0.0023106986476391545
"p1002": 0.0002991865512822684
"p1003": 1.6935087808430286E-05
"p1004": 0.002118767652476944
"p1005": 0.0005795563383329475
"p1006": 6.585867481056221E-05
"p1007": 5.645029269476761E-06
