"p945": 0.00014865243742955472
"p946": 2.2580117077907045E-05
"p947": 1.8816764231589204E-06
"p948": 0
"p949": 0
"p950": 0
"p951": 0
"p952": 0.00318944153725437
"p953": 0.0011026623839711274
"p954": 0.0001110189089663763
"p955": 7.5267056926356815E-06
"p956": 0.0012569598506701584
"p957": 0.0004177321659412804
"p958": 4.139688130949624E-05
"p959": 0
"p960": 0.00042149551878759814
"p961": 8.279376261899248E-05
"p962": 7.5267056926356815E-06
"p963": 0
"p964": 3.0106822770542726E-05
"p965": 1.8816764231589204E-06
"p966": 0
"p967": 0
"p968": 0.005144503340916489
"p969": 0.001699153810112505
"p970": 0.00023709122931802397
"p971": 1.3171734962112442E-05
"p972": 0.002220378179327526
"p973": 0.0007018653058382772
"p974": 9.972885042742276E-05
"p975": 5.645029269476761E-06
"p976": 3.575185204001949E-05
"p977": 3.7633528463178407E-06
"p978": 0
"p979": 0
"p980": 0
"p981": 0
"p982": 0
"p983": 0
"p984": 5.456861627160869E-05
"p985": 3.7633528463178407E-06
"p986": 0
"p987": 0
"p988": 0
"p989": 0
"p990": 0
"p991": 0
"p992": 0.0002483812878569775
"p993": 6.021364554108545E-05
"p994": 7.5267056926356815E-06
"p995": 1.8816764231589204E-06
"p996": 0
"p997": 0
"p998": 0
"p999": 0
"p1000": 0.007936911152884326
"p1001": 0.00217898129801803
"p1002": 0.0002671980520885667
"p1003": 1.3171734962112442E-05
"p1004": 0.0019061382166599868
"p1005": 0.0005155793399455441
"p1006": 5.833196911792653E-05
"p1007": 0
