"p945": 0.0008222925969204481
"p946": 0.00015053411385271363
"p947": 3.7633528463178407E-05
"p948": 0.00805357509112018
"p949": 0.002867674868894194
"p950": 0.0005607395741013583
"p951": 6.774035123372113E-05
"p952": 0.00046289240009709447
"p953": 0.00016370584881482604
"p954": 4.1396881309496255E-05
"p955": 1.8816764231589204E-06
"p956": 0.00242171755660553
"p957": 0.0007733690099183162
"p958": 0.00010537387969689954
"p959": 5.645029269476761E-06
"p960": 0.008401685229404581
"p961": 0.003424651090149235
"p962": 0.0006755218359140525
"p963": 4.892358700213193E-05
"p964": 0.01122984489341244
"p965": 0.004581882090391971
"p966": 0.0010029335335437046
"p967": 8.655711546531033E-05
"p968": 0.004866015230288967
"p969": 0.001889203128851556
"p970": 0.0002954231984359505
"p971": 9.408382115794602E-06
"p972": 0.008983123244160687
"p973": 0.003202613272216483
"p974": 0.0004892358700213194
"p975": 1.3171734962112444E-05
"p976": 1.5053411385271365E-05
"p977": 0
"p978": 0
"p979": 0
"p980": 0.0001768775837769385
"p981": 1.8816764231589203E-05
"p982": 0
"p983": 0
"p984": 0
"p985": 0
"p986": 0
"p987": 0
"p988": 1.1290058538953523E-05
"p989": 1.1290058538953523E-05
"p990": 0
"p991": 0
"p992": 0.011231726569835596
"p993": 0.00391953198944003
"p994": 0.0006228348960656025
"p995": 4.704191057897301E-05
"p996": 0.025231399158137963
"p997": 0.00911672227020497
"p998": 0.0014206656994849851
"p999": 0.00010349220327374063
"p1000": 0.0034999181470755916
"p1001": 0.0011459409417037823
"p1002": 0.000165587525237985
"p1003": 1.8816764231589204E-06
"p1004": 0.005214125368573368
"p1005": 0.0015505013726829502
"p1006": 0.00020886608297064014
"p1007": 1.8816764231589204E-06
