"p945": 0.0004384306065960284
"p946": 6.39769983874033E-05
"p947": 1.1290058538953523E-05
"p948": 1.1290058538953523E-05
"p949": 0
"p950": 0
"p951": 0
"p952": 0.008503295756255162
"p953": 0.002935415220127916
"p954": 0.0005739113090634706
"p955": 6.962202765688006E-05
"p956": 0.0027303124900035928
"p957": 0.0008843879188846924
"p958": 0.00013171734962112442
"p959": 3.198849919370165E-05
"p960": 0.003575185204001949
"p961": 0.001294593379133337
"p962": 0.00024085458216434178
"p963": 7.5267056926356815E-06
"p964": 0.0005193426927918621
"p965": 0.0001279539967748066
"p966": 5.645029269476761E-06
"p967": 0
"p968": 0.018271078068873115
"p969": 0.007174832201504963
"p970": 0.0015203945499124075
"p971": 0.00012607232035164766
"p972": 0.01139543241865042
"p973": 0.0042883405683791795
"p974": 0.0008015941562657
"p975": 3.0106822770542726E-05
"p976": 0.00010913723254321737
"p977": 0
"p978": 0
"p979": 0
"p980": 0
"p981": 0
"p982": 0
"p983": 0
"p984": 0.0001392440553137601
"p985": 1.8816764231589203E-05
"p986": 0
"p987": 0
"p988": 3.7633528463178407E-06
"p989": 0
"p990": 0
"p991": 0
"p992": 0.0021300577110158975
"p993": 0.0006886935708761649
"p994": 9.596549758110493E-05
"p995": 0
"p996": 1.6935087808430286E-05
"p997": 0
"p998": 0
"p999": 0
"p1000": 0.03129227891713284
"p1001": 0.011077429103136567
"p1002": 0.0017142072214977764
"p1003": 0.00012042729108217092
"p1004": 0.010755662434776391
"p1005": 0.003371964150300785
"p1006": 0.0005099343106760674
"p1007": 3.575185204001949E-05
