"p945": 0.0009032046831162818
"p946": 0.0001129005853895352
"p947": 0
"p948": 0.004570592031853018
"p949": 0.0013510436718281046
"p950": 0.0001956943480085277
"p951": 0
"p952": 0.008659474899377352
"p953": 0.00313675459740592
"p954": 0.0005005259285602728
"p955": 1.8816764231589207E-05
"p956": 0.020583658392935435
"p957": 0.007236927523469209
"p958": 0.0012193263222069802
"p959": 5.456861627160869E-05
"p960": 0
"p961": 0
"p962": 0
"p963": 0
"p964": 5.645029269476761E-05
"p965": 0
"p966": 0
"p967": 0
"p968": 5.2686939848449775E-05
"p969": 9.408382115794602E-06
"p970": 0
"p971": 0
"p972": 0.000735735481455138
"p973": 9.032046831162818E-05
"p974": 1.1290058538953523E-05
"p975": 0
"p976": 9.408382115794602E-06
"p977": 0
"p978": 0
"p979": 0
"p980": 0.00014488908458323686
"p981": 0
"p982": 0
"p983": 0
"p984": 0.00011666393823585307
"p985": 1.5053411385271365E-05
"p986": 0
"p987": 0
"p988": 0.0006077814846803312
"p989": 7.903040977267466E-05
"p990": 0
"p991": 0
"p992": 5.2686939848449775E-05
"p993": 5.645029269476761E-06
"p994": 0
"p995": 0
"p996": 0.00011666393823585305
"p997": 1.88167642315892E-05
"p998": 0
"p999": 0
"p1000": 0.0018289894833104703
"p1001": 0.000521224369215021
"p1002": 7.150370408003898E-05
"p1003": 5.645029269476761E-06
"p1004": 0.004611988913162514
"p1005": 0.001196746205129073
"p1006": 0.0001467707610063958
"p1007": 9.408382115794602E-06
