"p945": 1.3171734962112444E-05
"p946": 1.8816764231589204E-06
"p947": 0
"p948": 0.0001505341138527136
"p949": 2.4461793501065963E-05
"p950": 3.7633528463178407E-06
"p951": 0
"p952": 0.00037633528463178407
"p953": 0.0001279539967748066
"p954": 3.0106822770542726E-05
"p955": 1.8816764231589204E-06
"p956": 0.0015711998133376983
"p957": 0.0005099343106760674
"p958": 0.00011854561465901197
"p959": 1.8816764231589204E-06
"p960": 4.704191057897301E-05
"p961": 3.7633528463178407E-06
"p962": 0
"p963": 0
"p964": 0.00015617914312219037
"p965": 1.6935087808430282E-05
"p966": 0
"p967": 0
"p968": 0.00024461793501065964
"p969": 4.704191057897301E-05
"p970": 3.7633528463178407E-06
"p971": 0
"p972": 0.0004892358700213193
"p973": 9.972885042742277E-05
"p974": 1.1290058538953523E-05
"p975": 0
"p976": 0
"p977": 0
"p978": 0
"p979": 0
"p980": 0
"p981": 0
"p982": 0
"p983": 0
"p984": 0
"p985": 0
"p986": 0
"p987": 0
"p988": 3.0106822770542726E-05
"p989": 1.8816764231589204E-06
"p990": 0
"p991": 0
"p992": 0.0011083074132406038
"p993": 0.00019945770085484557
"p994": 2.2580117077907045E-05
"p995": 0
"p996": 0.0008674528310762622
"p997": 0.0001373623788906012
"p998": 1.1290058538953521E-05
"p999": 0
"p1000": 0.008089326943160198
"p1001": 0.002310698647639154
"p1002": 0.0002991865512822684
"p1003": 1.6935087808430286E-05
"p1004": 0.006708176448561552
"p1005": 0.002216614826481208
"p1006": 0.0002671980520885667
"p1007": 1.3171734962112442E-05
