"p945": 0.004181085012259121
"p946": 0.000709392011530913
"p947": 4.516023415581409E-05
"p948": 0.0007018653058382771
"p949": 9.032046831162815E-05
"p950": 0
"p951": 0
"p952": 0.00768476651218103
"p953": 0.002709614049348845
"p954": 0.00044031228301918735
"p955": 1.5053411385271365E-05
"p956": 0.013967684089108668
"p957": 0.004572473708276176
"p958": 0.0006454150131435096
"p959": 1.3171734962112444E-05
"p960": 0.0005889647204487421
"p961": 9.032046831162818E-05
"p962": 1.1290058538953523E-05
"p963": 0
"p964": 0
"p965": 0
"p966": 0
"p967": 0
"p968": 0.0001806409366232563
"p969": 1.1290058538953523E-05
"p970": 0
"p971": 0
"p972": 0.00011101890896637629
"p973": 6.021364554108546E-05
"p974": 0
"p975": 0
"p976": 0.00046101072367393553
"p977": 5.645029269476761E-05
"p978": 0
"p979": 0
"p980": 3.7633528463178407E-06
"p981": 0
"p982": 0
"p983": 0
"p984": 0.00021827446508643471
"p985": 3.575185204001949E-05
"p986": 3.7633528463178407E-06
"p987": 0
"p988": 0.00011290058538953522
"p989": 5.080526342529085E-05
"p990": 3.0106822770542726E-05
"p991": 0
"p992": 0.0025741333468814027
"p993": 0.0005870830440255832
"p994": 4.892358700213193E-05
"p995": 1.8816764231589204E-06
"p996": 0
"p997": 0
"p998": 0
"p999": 0
"p1000": 0.0025647249647656077
"p1001": 0.000782777392034111
"p1002": 0.00011666393823585304
"p1003": 7.5267056926356815E-06
"p1004": 0.0019569434800852767
"p1005": 0.0006096631611034902
"p1006": 8.655711546531035E-05
"p1007": 5.645029269476761E-06
