"p945": 0.00033870175616860566
"p946": 2.0698440654748128E-05
"p947": 0
"p948": 3.198849919370165E-05
"p949": 2.0698440654748124E-05
"p950": 0
"p951": 0
"p952": 0.00027096140493488446
"p953": 0.00012607232035164766
"p954": 5.645029269476761E-06
"p955": 0
"p956": 0.0004478389887118231
"p957": 0.0001919309951622099
"p958": 1.6935087808430286E-05
"p959": 0
"p960": 0.009160000827937626
"p961": 0.0033776091795702607
"p962": 0.0006491783659898275
"p963": 5.268693984844977E-05
"p964": 3.387017561686056E-05
"p965": 0
"p966": 0
"p967": 0
"p968": 0.006740164947755253
"p969": 0.002453706055799232
"p970": 0.0004271405480570748
"p971": 2.0698440654748124E-05
"p972": 0.008429910375751965
"p973": 0.0026644538151930305
"p974": 0.0004214955187875982
"p975": 2.258011707790704E-05
"p976": 0.006081578199649632
"p977": 0.002528973112725588
"p978": 0.0004892358700213193
"p979": 3.198849919370165E-05
"p980": 0.0003518734911307181
"p981": 4.516023415581408E-05
"p982": 0
"p983": 0
"p984": 0.00604770802403277
"p985": 0.0023953740866813054
"p986": 0.00042525887163391595
"p987": 1.5053411385271365E-05
"p988": 0.009314298294636656
"p989": 0.003281643681989157
"p990": 0.0005249877220613389
"p991": 1.3171734962112444E-05
"p992": 0.007276442728355544
"p993": 0.0022504850020980682
"p994": 0.00012042729108217089
"p995": 1.8816764231589204E-06
"p996": 0
"p997": 0
"p998": 0
"p999": 0
"p1000": 0.0036937308186609607
"p1001": 0.001174166088051166
"p1002": 3.76335284631784E-05
"p1003": 0
"p1004": 0.0029165984558963257
"p1005": 0.0007470255399940914
"p1006": 6.397699838740328E-05
"p1007": 0
