"p945": 0.0005776746619097885
"p946": 8.843879188846922E-05
"p947": 5.645029269476761E-06
"p948": 0.005063591254720654
"p949": 0.001302120084825973
"p950": 0.0001900493187390509
"p951": 7.5267056926356815E-06
"p952": 0.005878357145948468
"p953": 0.001889203128851556
"p954": 0.00024273625858750074
"p955": 9.408382115794602E-06
"p956": 0.01784958255008552
"p957": 0.006008192819146433
"p958": 0.0010255136506216115
"p959": 7.903040977267465E-05
"p960": 1.8816764231589204E-06
"p961": 1.8816764231589204E-06
"p962": 0
"p963": 0
"p964": 6.962202765688006E-05
"p965": 3.7633528463178407E-06
"p966": 0
"p967": 0
"p968": 0.0002295645236253883
"p969": 4.3278557732655166E-05
"p970": 1.8816764231589204E-06
"p971": 0
"p972": 0.0014526541986786864
"p973": 0.00029165984558963265
"p974": 2.2580117077907045E-05
"p975": 0
"p976": 6.962202765688005E-05
"p977": 3.7633528463178407E-06
"p978": 0
"p979": 0
"p980": 0.0005099343106760674
"p981": 8.467543904215141E-05
"p982": 0
"p983": 0
"p984": 0.000378216961054943
"p985": 6.774035123372113E-05
"p986": 3.7633528463178407E-06
"p987": 0
"p988": 0.0013435169661354695
"p989": 0.0002916598455896326
"p990": 3.3870175616860565E-05
"p991": 0
"p992": 0.0002295645236253883
"p993": 4.3278557732655166E-05
"p994": 1.8816764231589204E-06
"p995": 0
"p996": 0.000378216961054943
"p997": 6.774035123372113E-05
"p998": 3.7633528463178407E-06
"p999": 0
"p1000": 0.005932925762220077
"p1001": 0.0017593674556535903
"p1002": 0.00025402631712645424
"p1003": 3.9515204886337324E-05
"p1004": 0.0094911758784136
"p1005": 0.0029542319843595044
"p1006": 0.0004779458114823658
"p1007": 3.7633528463178407E-05
