"p945": 0.0002897781691664737
"p946": 3.198849919370165E-05
"p947": 0
"p948": 0.0028055795469299504
"p949": 0.000899441330269964
"p950": 0.00017875926020009746
"p951": 2.2580117077907045E-05
"p952": 0.008503295756255162
"p953": 0.002935415220127916
"p954": 0.0005739113090634708
"p955": 6.962202765688005E-05
"p956": 0.020222376519688924
"p957": 0.007568102573945178
"p958": 0.0015279212556050434
"p959": 0.00020510273012432233
"p960": 0.00044595731228866414
"p961": 6.962202765688005E-05
"p962": 0
"p963": 0
"p964": 0.00048359084075184244
"p965": 0.00010725555612005845
"p966": 1.1290058538953523E-05
"p967": 0
"p968": 0.004736179557091002
"p969": 0.001627650106032466
"p970": 0.00030106822770542725
"p971": 3.3870175616860565E-05
"p972": 0.0054380448629292805
"p973": 0.0018195811011946757
"p974": 0.000329293374052811
"p975": 3.198849919370165E-05
"p976": 0
"p977": 0
"p978": 0
"p979": 0
"p980": 6.397699838740328E-05
"p981": 0
"p982": 0
"p983": 0
"p984": 9.408382115794602E-06
"p985": 0
"p986": 0
"p987": 0
"p988": 0.00012419064392848875
"p989": 1.3171734962112442E-05
"p990": 0
"p991": 0
"p992": 0.00029542319843595046
"p993": 5.833196911792653E-05
"p994": 0
"p995": 0
"p996": 0.00043654893017286954
"p997": 0.00011478226181269414
"p998": 1.1290058538953523E-05
"p999": 0
"p1000": 0.0031141744803280125
"p1001": 0.000873097860345739
"p1002": 0.0001279539967748066
"p1003": 1.1290058538953523E-05
"p1004": 0.007474018752787233
"p1005": 0.0021131226232074672
"p1006": 0.0002935415220127916
"p1007": 2.0698440654748124E-05
