"p945": 2.8225146347383805E-05
"p946": 9.408382115794602E-06
"p947": 0
"p948": 0
"p949": 0
"p950": 0
"p951": 0
"p952": 1.6935087808430282E-05
"p953": 3.7633528463178407E-06
"p954": 1.8816764231589204E-06
"p955": 1.8816764231589204E-06
"p956": 3.7633528463178407E-05
"p957": 1.8816764231589203E-05
"p958": 1.1290058538953523E-05
"p959": 1.8816764231589204E-06
"p960": 0.001526039579181884
"p961": 0.0005362777806002922
"p962": 7.33853805031979E-05
"p963": 3.7633528463178407E-06
"p964": 0
"p965": 0
"p966": 0
"p967": 0
"p968": 0.0018609779825041722
"p969": 0.0005757929854866296
"p970": 8.279376261899251E-05
"p971": 3.7633528463178407E-06
"p972": 0.0006096631611034902
"p973": 0.00023709122931802397
"p974": 3.0106822770542726E-05
"p975": 0
"p976": 0.0012870666734407013
"p977": 0.0005042892814065907
"p978": 7.150370408003898E-05
"p979": 3.7633528463178407E-06
"p980": 2.2580117077907045E-05
"p981": 5.645029269476761E-06
"p982": 0
"p983": 0
"p984": 0.0022824735012917704
"p985": 0.0007112736879540719
"p986": 9.784717400426385E-05
"p987": 3.7633528463178407E-06
"p988": 0.001031158679891088
"p989": 0.000308594933398063
"p990": 3.3870175616860565E-05
"p991": 0
"p992": 0.0009370748587331424
"p993": 0.0002766064342043613
"p994": 3.575185204001949E-05
"p995": 0
"p996": 0
"p997": 0
"p998": 0
"p999": 0
"p1000": 0.0006058998082571724
"p1001": 0.0001637058488148261
"p1002": 2.2580117077907045E-05
"p1003": 1.8816764231589204E-06
"p1004": 0.0001580608195453493
"p1005": 5.645029269476761E-05
"p1006": 1.5053411385271365E-05
"p1007": 1.8816764231589204E-06
