"p945": 0.0056149224467062185
"p946": 0.0011816927937438018
"p947": 0.00017123255450746173
"p948": 0.00028225146347383805
"p949": 8.279376261899247E-05
"p950": 0
"p951": 0
"p952": 0.008008414856964366
"p953": 0.0029297701908584384
"p954": 0.0006002547789876956
"p955": 7.33853805031979E-05
"p956": 0.008589852871720472
"p957": 0.002754774283504659
"p958": 0.00045536569440445874
"p959": 2.8225146347383808E-05
"p960": 0.0027773544005825655
"p961": 0.0009747083871963209
"p962": 0.00017123255450746173
"p963": 1.8816764231589203E-05
"p964": 3.7633528463178407E-06
"p965": 0
"p966": 0
"p967": 0
"p968": 0.005016549344141681
"p969": 0.0017631308084999082
"p970": 0.0003029499041285862
"p971": 3.0106822770542726E-05
"p972": 0.004152859865911737
"p973": 0.0014300740816007794
"p974": 0.00023520955289486507
"p975": 1.6935087808430286E-05
"p976": 0.00012419064392848875
"p977": 1.3171734962112442E-05
"p978": 0
"p979": 0
"p980": 1.3171734962112442E-05
"p981": 0
"p982": 0
"p983": 0
"p984": 9.408382115794602E-06
"p985": 0
"p986": 0
"p987": 0
"p988": 2.0698440654748124E-05
"p989": 1.1290058538953523E-05
"p990": 0
"p991": 0
"p992": 0.004352317566766582
"p993": 0.0011252425010490343
"p994": 0.00013359902604428335
"p995": 7.5267056926356815E-06
"p996": 0
"p997": 0
"p998": 0
"p999": 0
"p1000": 0.0038724900788610597
"p1001": 0.0012324980571690924
"p1002": 0.00019945770085484554
"p1003": 1.5053411385271365E-05
"p1004": 0.003069014246172199
"p1005": 0.0008937963010004872
"p1006": 0.00015617914312219037
"p1007": 1.1290058538953523E-05
