"p945": 0.0006510600424129865
"p946": 0.00015994249596850823
"p947": 2.2580117077907045E-05
"p948": 0
"p949": 0
"p950": 0
"p951": 0
"p952": 0.010050033776091795
"p953": 0.0034698113243050504
"p954": 0.0003913886960170555
"p955": 2.6343469924224894E-05
"p956": 0.0024235992330286895
"p957": 0.0007714873334951574
"p958": 8.843879188846926E-05
"p959": 3.7633528463178407E-06
"p960": 0.00016182417239166716
"p961": 2.4461793501065963E-05
"p962": 0
"p963": 0
"p964": 0
"p965": 0
"p966": 0
"p967": 0
"p968": 0.006230230637079187
"p969": 0.001960706832931595
"p970": 0.0003462284618612414
"p971": 2.8225146347383808E-05
"p972": 0.002444297673683437
"p973": 0.0006510600424129866
"p974": 0.00010537387969689954
"p975": 2.446179350106597E-05
"p976": 0.0008580444489604676
"p977": 0.00019757602443168663
"p978": 2.2580117077907045E-05
"p979": 0
"p980": 1.8816764231589204E-06
"p981": 0
"p982": 0
"p983": 0
"p984": 0.010147880950096057
"p985": 0.003291052064104952
"p986": 0.0005852013676024243
"p987": 6.39769983874033E-05
"p988": 0.0050824080189522435
"p989": 0.00155050137268295
"p990": 0.0002954231984359505
"p991": 2.8225146347383808E-05
"p992": 6.39769983874033E-05
"p993": 1.8816764231589203E-05
"p994": 0
"p995": 0
"p996": 0
"p997": 0
"p998": 0
"p999": 0
"p1000": 0.0026381103452688065
"p1001": 0.000754552245686727
"p1002": 8.279376261899248E-05
"p1003": 0
"p1004": 0.0005231060456381798
"p1005": 0.00018440428946957414
"p1006": 2.8225146347383808E-05
"p1007": 1.8816764231589204E-06
