"p945": 0.0007733690099183164
"p946": 0.00010725555612005847
"p947": 5.645029269476761E-06
"p948": 0.006937740972186941
"p949": 0.002167691239479076
"p950": 0.00028036978705067917
"p951": 1.6935087808430286E-05
"p952": 0.0007319721286088202
"p953": 0.00016370584881482606
"p954": 1.8816764231589203E-05
"p955": 0
"p956": 0.004664675853010963
"p957": 0.0012607232035164767
"p958": 0.0001486524374295547
"p959": 0
"p960": 0.0005268693984844977
"p961": 0.00012230896750532982
"p962": 1.8816764231589204E-06
"p963": 0
"p964": 0.002346450499679174
"p965": 0.0005870830440255833
"p966": 3.575185204001949E-05
"p967": 1.8816764231589204E-06
"p968": 6.397699838740328E-05
"p969": 1.6935087808430282E-05
"p970": 0
"p971": 0
"p972": 0.0002239194943559115
"p973": 6.021364554108545E-05
"p974": 0
"p975": 0
"p976": 0.0003763352846317842
"p977": 7.714873334951574E-05
"p978": 1.8816764231589204E-06
"p979": 0
"p980": 0.0013773871417523298
"p981": 0.000329293374052811
"p982": 2.6343469924224884E-05
"p983": 0
"p984": 6.962202765688005E-05
"p985": 2.4461793501065966E-05
"p986": 1.3171734962112442E-05
"p987": 0
"p988": 0.0004760641350592069
"p989": 0.00015241579027587256
"p990": 2.8225146347383808E-05
"p991": 0
"p992": 0.008189055793587623
"p993": 0.0027152590786183217
"p994": 0.0004214955187875982
"p995": 2.82251463473838E-05
"p996": 0.019317290160149478
"p997": 0.006345012898891881
"p998": 0.0010048152099668636
"p999": 6.774035123372113E-05
"p1000": 0.0026475187273846015
"p1001": 0.0008166475676509715
"p1002": 0.00010913723254321738
"p1003": 0
"p1004": 0.004664675853010963
"p1005": 0.0012607232035164767
"p1006": 0.0001486524374295547
"p1007": 0
