"p945": 0.0006491783659898276
"p946": 8.843879188846926E-05
"p947": 7.5267056926356815E-06
"p948": 0
"p949": 0
"p950": 0
"p951": 0
"p952": 0.0007903040977267466
"p953": 0.00026343469924224885
"p954": 2.6343469924224887E-05
"p955": 0
"p956": 0.0010593838262384723
"p957": 0.00032741169762965207
"p958": 4.516023415581409E-05
"p959": 0
"p960": 0.0005249877220613387
"p961": 9.596549758110493E-05
"p962": 7.5267056926356815E-06
"p963": 0
"p964": 1.3171734962112444E-05
"p965": 3.7633528463178407E-06
"p966": 0
"p967": 0
"p968": 0.00027284308135804345
"p969": 5.4568616271608685E-05
"p970": 7.5267056926356815E-06
"p971": 1.8816764231589204E-06
"p972": 0.0002596713463959311
"p973": 8.467543904215141E-05
"p974": 3.3870175616860565E-05
"p975": 1.8816764231589204E-06
"p976": 8.655711546531033E-05
"p977": 1.8816764231589204E-06
"p978": 0
"p979": 0
"p980": 0
"p981": 0
"p982": 0
"p983": 0
"p984": 0
"p985": 0
"p986": 0
"p987": 0
"p988": 0
"p989": 0
"p990": 0
"p991": 0
"p992": 0.006183188726500213
"p993": 0.0017349056621525243
"p994": 0.00019004931873905096
"p995": 7.5267056926356815E-06
"p996": 1.6935087808430286E-05
"p997": 3.7633528463178407E-06
"p998": 0
"p999": 0
"p1000": 0.0070769850275007005
"p1001": 0.002150756151670646
"p1002": 0.00032929337405281106
"p1003": 1.8816764231589203E-05
"p1004": 0.004645859088779376
"p1005": 0.0014601809043713221
"p1006": 0.00020886608297064014
"p1007": 5.645029269476761E-06
