"p945": 6.585867481056221E-05
"p946": 9.408382115794602E-06
"p947": 0
"p948": 0.0007263270993393433
"p949": 0.00030671325697490405
"p950": 8.467543904215141E-05
"p951": 1.3171734962112442E-05
"p952": 0.0009540099465415727
"p953": 0.0003481101382844002
"p954": 4.327855773265517E-05
"p955": 1.8816764231589204E-06
"p956": 0.0035676584983093135
"p957": 0.0013096467905186085
"p958": 0.0001467707610063958
"p959": 7.5267056926356815E-06
"p960": 0.00020698440654748124
"p961": 4.3278557732655166E-05
"p962": 1.8816764231589204E-06
"p963": 0
"p964": 0.00033682007974544673
"p965": 6.585867481056221E-05
"p966": 3.7633528463178407E-06
"p967": 0
"p968": 0.0048998854059058294
"p969": 0.0015260395791818844
"p970": 0.0002333278764717061
"p971": 3.7633528463178407E-05
"p972": 0.007210584053544985
"p973": 0.0023577405582181268
"p974": 0.0004083237838254857
"p975": 3.7633528463178407E-05
"p976": 0.0014488908458323685
"p977": 0.00029165984558963265
"p978": 2.2580117077907045E-05
"p979": 0
"p980": 0.0013529253482512636
"p981": 0.00029354152201279153
"p982": 3.3870175616860565E-05
"p983": 0
"p984": 0.008800600631114272
"p985": 0.002796171164814155
"p986": 0.0004685374293665712
"p987": 3.7633528463178407E-05
"p988": 0.009605958140226288
"p989": 0.003279762005565998
"p990": 0.0005268693984844976
"p991": 4.5160234155814084E-05
"p992": 3.7633528463178407E-05
"p993": 9.408382115794602E-06
"p994": 1.8816764231589204E-06
"p995": 0
"p996": 9.596549758110493E-05
"p997": 2.8225146347383805E-05
"p998": 3.7633528463178407E-06
"p999": 1.8816764231589204E-06
"p1000": 0.0014620625807944812
"p1001": 0.0004365489301728695
"p1002": 6.397699838740328E-05
"p1003": 1.8816764231589204E-06
"p1004": 0.003441586177957665
"p1005": 0.0010292770034679294
"p1006": 0.00013171734962112442
"p1007": 0
