"p945": 0.00012607232035164766
"p946": 3.7633528463178407E-06
"p947": 0
"p948": 1.1290058538953523E-05
"p949": 0
"p950": 0
"p951": 0
"p952": 0.007295259492587134
"p953": 0.002506392995647682
"p954": 0.0005287510749076566
"p955": 6.39769983874033E-05
"p956": 0.002124412681746421
"p957": 0.0005720296326403118
"p958": 8.843879188846925E-05
"p959": 2.634346992422489E-05
"p960": 0.0007300904521856612
"p961": 0.00011854561465901199
"p962": 3.7633528463178407E-06
"p963": 0
"p964": 0
"p965": 0
"p966": 0
"p967": 0
"p968": 0.002559079935496132
"p969": 0.0006623501009519399
"p970": 6.209532196424438E-05
"p971": 0
"p972": 0.0006999836294151185
"p973": 0.00016935087808430286
"p974": 1.1290058538953523E-05
"p975": 0
"p976": 0
"p977": 0
"p978": 0
"p979": 0
"p980": 0
"p981": 0
"p982": 0
"p983": 0
"p984": 0.00013548070246744223
"p985": 5.645029269476761E-06
"p986": 0
"p987": 0
"p988": 0
"p989": 0
"p990": 0
"p991": 0
"p992": 0.00566384603370835
"p993": 0.0019136649223526216
"p994": 0.00031988499193701635
"p995": 7.5267056926356815E-06
"p996": 0.0005362777806002923
"p997": 0.0001279539967748066
"p998": 5.645029269476761E-06
"p999": 0
"p1000": 0.04769485229780916
"p1001": 0.016517355642489007
"p1002": 0.0030332623941321797
"p1003": 0.00022956452362538827
"p1004": 0.02169761083544551
"p1005": 0.007331011344627153
"p1006": 0.0012626048799396353
"p1007": 6.021364554108545E-05
