"p945": 9.032046831162818E-05
"p946": 1.1290058538953523E-05
"p947": 0
"p948": 0
"p949": 0
"p950": 0
"p951": 0
"p952": 8.655711546531032E-05
"p953": 2.6343469924224884E-05
"p954": 7.5267056926356815E-06
"p955": 0
"p956": 0.0001373623788906012
"p957": 6.585867481056221E-05
"p958": 1.6935087808430282E-05
"p959": 0
"p960": 0.0002464996114338186
"p961": 5.080526342529086E-05
"p962": 7.5267056926356815E-06
"p963": 0
"p964": 1.3171734962112444E-05
"p965": 3.7633528463178407E-06
"p966": 0
"p967": 0
"p968": 0.00010537387969689952
"p969": 2.6343469924224887E-05
"p970": 7.5267056926356815E-06
"p971": 1.8816764231589204E-06
"p972": 0.0001825226130464153
"p973": 4.139688130949624E-05
"p974": 1.1290058538953523E-05
"p975": 1.8816764231589204E-06
"p976": 3.0106822770542726E-05
"p977": 1.8816764231589204E-06
"p978": 0
"p979": 0
"p980": 0
"p981": 0
"p982": 0
"p983": 0
"p984": 0
"p985": 0
"p986": 0
"p987": 0
"p988": 0
"p989": 0
"p990": 0
"p991": 0
"p992": 0.0033268039161449717
"p993": 0.001110189089663763
"p994": 0.00015241579027587256
"p995": 7.5267056926356815E-06
"p996": 1.6935087808430286E-05
"p997": 3.7633528463178407E-06
"p998": 0
"p999": 0
"p1000": 0.004128398072410671
"p1001": 0.0012136812929375036
"p1002": 0.00016935087808430286
"p1003": 7.5267056926356815E-06
"p1004": 0.0017010354865356638
"p1005": 0.0005325144277539744
"p1006": 6.209532196424438E-05
"p1007": 0
