"p945": 9.032046831162818E-05
"p946": 9.408382115794602E-06
"p947": 0
"p948": 0.0006868118944530059
"p949": 0.00018064093662325636
"p950": 1.8816764231589203E-05
"p951": 0
"p952": 0.0028036978705067907
"p953": 0.000878742889615216
"p954": 9.22021447347871E-05
"p955": 5.645029269476761E-06
"p956": 0.008424265346482487
"p957": 0.0027227857843109575
"p958": 0.00038198031390126086
"p959": 2.0698440654748128E-05
"p960": 5.645029269476761E-06
"p961": 0
"p962": 0
"p963": 0
"p964": 0.00010537387969689955
"p965": 0
"p966": 0
"p967": 0
"p968": 0.00011666393823585307
"p969": 1.5053411385271365E-05
"p970": 0
"p971": 0
"p972": 0.0005400411334466101
"p973": 7.903040977267466E-05
"p974": 0
"p975": 0
"p976": 0
"p977": 0
"p978": 0
"p979": 0
"p980": 0
"p981": 0
"p982": 0
"p983": 0
"p984": 0
"p985": 0
"p986": 0
"p987": 0
"p988": 7.903040977267465E-05
"p989": 0
"p990": 0
"p991": 0
"p992": 0.00027848811062752024
"p993": 5.080526342529086E-05
"p994": 0
"p995": 0
"p996": 0.0004214955187875981
"p997": 5.833196911792653E-05
"p998": 0
"p999": 0
"p1000": 0.0030897126868269474
"p1001": 0.0009257848001941888
"p1002": 0.00011666393823585308
"p1003": 5.645029269476761E-06
"p1004": 0.006984782882765912
"p1005": 0.001748077397114637
"p1006": 0.00019004931873905096
"p1007": 1.1290058538953523E-05
