"p945": 0.0001016105268505817
"p946": 1.6935087808430286E-05
"p947": 0
"p948": 0
"p949": 0
"p950": 0
"p951": 0
"p952": 9.220214473478709E-05
"p953": 2.4461793501065963E-05
"p954": 7.5267056926356815E-06
"p955": 1.8816764231589204E-06
"p956": 0.00016746920166114393
"p957": 8.091208619583358E-05
"p958": 2.634346992422488E-05
"p959": 1.8816764231589204E-06
"p960": 0.0012757766149017477
"p961": 0.0004854725171750014
"p962": 7.150370408003898E-05
"p963": 3.7633528463178407E-06
"p964": 1.6935087808430286E-05
"p965": 3.7633528463178407E-06
"p966": 0
"p967": 0
"p968": 0.0021112409467843084
"p969": 0.000684930218029847
"p970": 9.784717400426385E-05
"p971": 3.7633528463178407E-06
"p972": 0.0009615366522342081
"p973": 0.00030671325697490405
"p974": 3.575185204001949E-05
"p975": 0
"p976": 1.6935087808430286E-05
"p977": 3.7633528463178407E-06
"p978": 0
"p979": 0
"p980": 5.645029269476761E-06
"p981": 1.8816764231589204E-06
"p982": 0
"p983": 0
"p984": 0
"p985": 0
"p986": 0
"p987": 0
"p988": 0
"p989": 0
"p990": 0
"p991": 0
"p992": 0.0021112409467843084
"p993": 0.000684930218029847
"p994": 9.784717400426385E-05
"p995": 3.7633528463178407E-06
"p996": 0
"p997": 0
"p998": 0
"p999": 0
"p1000": 0.0021131226232074677
"p1001": 0.0005889647204487421
"p1002": 8.46754390421514E-05
"p1003": 5.645029269476761E-06
"p1004": 0.0006886935708761649
"p1005": 0.00023520955289486501
"p1006": 3.7633528463178407E-05
"p1007": 1.8816764231589204E-06
