"p945": 0.00010349220327374059
"p946": 7.5267056926356815E-06
"p947": 0
"p948": 1.1290058538953523E-05
"p949": 0
"p950": 0
"p951": 0
"p952": 0.006894462414454286
"p953": 0.0023615039110644444
"p954": 0.0005212243692150209
"p955": 6.774035123372113E-05
"p956": 0.002209088120788572
"p957": 0.0006341249546045562
"p958": 0.00011854561465901199
"p959": 1.1290058538953523E-05
"p960": 0.00022203781793275258
"p961": 3.3870175616860565E-05
"p962": 0
"p963": 0
"p964": 0
"p965": 0
"p966": 0
"p967": 0
"p968": 0.0015711998133376987
"p969": 0.0003330567268991289
"p970": 3.3870175616860565E-05
"p971": 0
"p972": 0.00024461793501065964
"p973": 4.892358700213193E-05
"p974": 3.7633528463178407E-06
"p975": 0
"p976": 0
"p977": 0
"p978": 0
"p979": 0
"p980": 0
"p981": 0
"p982": 0
"p983": 0
"p984": 8.655711546531033E-05
"p985": 1.8816764231589204E-06
"p986": 0
"p987": 0
"p988": 0
"p989": 0
"p990": 0
"p991": 0
"p992": 0.001571199813337698
"p993": 0.00033305672689912887
"p994": 3.3870175616860565E-05
"p995": 0
"p996": 8.655711546531032E-05
"p997": 1.8816764231589204E-06
"p998": 0
"p999": 0
"p1000": 0.022785219808031366
"p1001": 0.006651726155866787
"p1002": 0.0009671816815036854
"p1003": 6.774035123372114E-05
"p1004": 0.007780732009762137
"p1005": 0.0024104274980665773
"p1006": 0.0003913886960170554
"p1007": 2.8225146347383808E-05
