"p945": 0.0024235992330286895
"p946": 0.0002878964927433148
"p947": 1.8816764231589203E-05
"p948": 0.00023709122931802397
"p949": 7.526705692635679E-05
"p950": 0
"p951": 0
"p952": 0.0031894415372543694
"p953": 0.0011026623839711272
"p954": 0.0001110189089663763
"p955": 7.5267056926356815E-06
"p956": 0.003196968242947006
"p957": 0.001016105268505817
"p958": 0.00013359902604428335
"p959": 3.7633528463178407E-06
"p960": 0.0032590635649112493
"p961": 0.0009972885042742279
"p962": 0.00015053411385271363
"p963": 1.1290058538953523E-05
"p964": 0
"p965": 0
"p966": 0
"p967": 0
"p968": 0.0031555713616375097
"p969": 0.0010650288555079485
"p970": 0.00022015614150959365
"p971": 1.6935087808430286E-05
"p972": 0.0028582664867784
"p973": 0.0009088497123857584
"p974": 0.00015241579027587256
"p975": 3.0106822770542733E-05
"p976": 0.004064421074023268
"p977": 0.0013792688181754886
"p978": 0.00023144620004854718
"p979": 2.6343469924224884E-05
"p980": 1.6935087808430286E-05
"p981": 0
"p982": 0
"p983": 0
"p984": 0.006647962803020466
"p985": 0.0022956452362538826
"p986": 0.0003895070195938965
"p987": 3.7633528463178407E-05
"p988": 0.0054869684499314125
"p989": 0.001830871159733629
"p990": 0.00031988499193701646
"p991": 2.8225146347383808E-05
"p992": 0.0016445851938408965
"p993": 0.0004045604309791679
"p994": 4.704191057897301E-05
"p995": 0
"p996": 0
"p997": 0
"p998": 0
"p999": 0
"p1000": 0.0010480937676995185
"p1001": 0.00038950701959389653
"p1002": 5.833196911792653E-05
"p1003": 1.8816764231589204E-06
"p1004": 0.0006115448375266489
"p1005": 0.00023520955289486504
"p1006": 4.516023415581409E-05
"p1007": 1.8816764231589204E-06
