"p945": 3.0106822770542722E-05
"p946": 3.7633528463178407E-06
"p947": 0
"p948": 0.00020322105370116337
"p949": 8.46754390421514E-05
"p950": 2.4461793501065963E-05
"p951": 1.8816764231589204E-06
"p952": 0.0001279539967748066
"p953": 4.139688130949624E-05
"p954": 1.1290058538953523E-05
"p955": 0
"p956": 0.0007658423042256805
"p957": 0.00024273625858750074
"p958": 4.1396881309496255E-05
"p959": 0
"p960": 0.0001580608195453493
"p961": 3.7633528463178407E-05
"p962": 1.8816764231589204E-06
"p963": 0
"p964": 0.00019945770085484557
"p965": 4.139688130949625E-05
"p966": 3.7633528463178407E-06
"p967": 0
"p968": 0.0030407890998248154
"p969": 0.000946483240848937
"p970": 0.00012419064392848875
"p971": 9.408382115794602E-06
"p972": 0.0027397208721193877
"p973": 0.0009709450343500028
"p974": 0.0001486524374295547
"p975": 9.408382115794602E-06
"p976": 0.0010010518571205455
"p977": 0.00018440428946957417
"p978": 2.2580117077907045E-05
"p979": 0
"p980": 0.000735735481455138
"p981": 0.00012607232035164766
"p982": 1.1290058538953521E-05
"p983": 0
"p984": 0.005825670206100019
"p985": 0.001721733927190412
"p986": 0.0002295645236253883
"p987": 1.3171734962112444E-05
"p988": 0.004105817955332765
"p989": 0.001460180904371322
"p990": 0.0001768775837769385
"p991": 9.408382115794602E-06
"p992": 1.3171734962112444E-05
"p993": 3.7633528463178407E-06
"p994": 1.8816764231589204E-06
"p995": 0
"p996": 3.7633528463178407E-05
"p997": 9.408382115794602E-06
"p998": 3.7633528463178407E-06
"p999": 1.8816764231589204E-06
"p1000": 0.0009521282701184137
"p1001": 0.00026907972851172564
"p1002": 3.387017561686057E-05
"p1003": 0
"p1004": 0.0013322269075965155
"p1005": 0.00040267875455600894
"p1006": 5.456861627160869E-05
"p1007": 0
