"p945": 0.001860977982504172
"p946": 0.0002671980520885667
"p947": 1.8816764231589203E-05
"p948": 7.52670569263568E-06
"p949": 0
"p950": 0
"p951": 0
"p952": 0.0032477735063722963
"p953": 0.0010311586798910884
"p954": 0.00014112573173691902
"p955": 7.5267056926356815E-06
"p956": 0.0025816600525740393
"p957": 0.0008015941562657
"p958": 7.526705692635681E-05
"p959": 0
"p960": 0.00039327037244021434
"p961": 5.645029269476761E-05
"p962": 0
"p963": 0
"p964": 3.7633528463178407E-06
"p965": 0
"p966": 0
"p967": 0
"p968": 0.00021827446508643471
"p969": 3.575185204001949E-05
"p970": 3.7633528463178407E-06
"p971": 0
"p972": 0.00011290058538953522
"p973": 5.080526342529085E-05
"p974": 3.0106822770542726E-05
"p975": 0
"p976": 7.903040977267465E-05
"p977": 0
"p978": 0
"p979": 0
"p980": 0
"p981": 0
"p982": 0
"p983": 0
"p984": 0
"p985": 0
"p986": 0
"p987": 0
"p988": 0
"p989": 0
"p990": 0
"p991": 0
"p992": 0.003720074288585185
"p993": 0.0008204109204972892
"p994": 4.327855773265517E-05
"p995": 0
"p996": 3.7633528463178407E-06
"p997": 0
"p998": 0
"p999": 0
"p1000": 0.0040324325748295675
"p1001": 0.0012381430864385693
"p1002": 0.00017123255450746173
"p1003": 1.1290058538953523E-05
"p1004": 0.00348486473569032
"p1005": 0.0010669105319311078
"p1006": 0.00015241579027587253
"p1007": 5.645029269476761E-06
