"p945": 0.00026907972851172564
"p946": 3.0106822770542722E-05
"p947": 0
"p948": 0.0023803206752960335
"p949": 0.0005757929854866296
"p950": 6.021364554108545E-05
"p951": 0
"p952": 0.00294482360224371
"p953": 0.000829819302613084
"p954": 0.00011290058538953523
"p955": 5.645029269476761E-06
"p956": 0.009432843909295668
"p957": 0.002850739781085764
"p958": 0.00038198031390126086
"p959": 1.6935087808430286E-05
"p960": 2.0698440654748124E-05
"p961": 0
"p962": 0
"p963": 0
"p964": 0.00013548070246744226
"p965": 1.8816764231589204E-06
"p966": 0
"p967": 0
"p968": 0.0005588578976781993
"p969": 0.00012230896750532982
"p970": 1.8816764231589204E-06
"p971": 0
"p972": 0.0023558588817949684
"p973": 0.0005870830440255833
"p974": 3.575185204001949E-05
"p975": 1.8816764231589204E-06
"p976": 8.843879188846925E-05
"p977": 0
"p978": 0
"p979": 0
"p980": 0.0005870830440255831
"p981": 6.209532196424436E-05
"p982": 3.7633528463178407E-06
"p983": 0
"p984": 0.00039327037244021445
"p985": 8.091208619583358E-05
"p986": 1.8816764231589204E-06
"p987": 0
"p988": 0.0012550781742469996
"p989": 0.00033117505047596993
"p990": 2.6343469924224884E-05
"p991": 0
"p992": 0.0007752506863414751
"p993": 0.00018252261304641527
"p994": 1.693508780843028E-05
"p995": 0
"p996": 0.0015034594621039772
"p997": 0.0003800986374781018
"p998": 2.634346992422488E-05
"p999": 0
"p1000": 0.009957831631357009
"p1001": 0.0031988499193701643
"p1002": 0.00047418245863604784
"p1003": 2.82251463473838E-05
"p1004": 0.021961045534687758
"p1005": 0.007124026938079675
"p1006": 0.0011064257368174452
"p1007": 6.774035123372113E-05
