"p945": 0.00264940040380776
"p946": 0.0005099343106760674
"p947": 6.774035123372113E-05
"p948": 0.018380215301416338
"p949": 0.006928332590071145
"p950": 0.0014432458165628923
"p951": 0.00020510273012432233
"p952": 0.0019362450394305286
"p953": 0.0006454150131435098
"p954": 0.0001392440553137601
"p955": 1.8816764231589204E-06
"p956": 0.004645859088779374
"p957": 0.0014601809043713223
"p958": 0.00020886608297064017
"p959": 5.645029269476761E-06
"p960": 0.003518734911307181
"p961": 0.0013303452311733569
"p962": 0.0002709614049348845
"p963": 3.3870175616860565E-05
"p964": 0.004420057918000303
"p965": 0.001576844842607175
"p966": 0.0003010682277054272
"p967": 3.198849919370165E-05
"p968": 0.001932481686584211
"p969": 0.0006397699838740329
"p970": 4.327855773265517E-05
"p971": 0
"p972": 0.0015580280783755855
"p973": 0.0005155793399455441
"p974": 4.704191057897301E-05
"p975": 0
"p976": 9.408382115794602E-06
"p977": 0
"p978": 0
"p979": 0
"p980": 0.0001373623788906012
"p981": 1.3171734962112442E-05
"p982": 0
"p983": 0
"p984": 0
"p985": 0
"p986": 0
"p987": 0
"p988": 2.0698440654748124E-05
"p989": 1.1290058538953523E-05
"p990": 0
"p991": 0
"p992": 0.002703969020079368
"p993": 0.0007997124798425411
"p994": 0.00012607232035164766
"p995": 1.1290058538953523E-05
"p996": 0.006982901206342756
"p997": 0.0020133937727800444
"p998": 0.00028601481632015586
"p999": 2.0698440654748124E-05
"p1000": 0.0007056286586845951
"p1001": 0.00022768284720222937
"p1002": 4.8923587002131926E-05
"p1003": 1.8816764231589204E-06
"p1004": 0.001059383826238472
"p1005": 0.0003274116976296522
"p1006": 4.516023415581409E-05
"p1007": 0
