"p945": 0.005138858311647011
"p946": 0.0008636894782299445
"p947": 4.704191057897301E-05
"p948": 0.027764135623709874
"p949": 0.009971003366319122
"p950": 0.001915546598775781
"p951": 0.0001712325545074618
"p952": 0.00618883375576969
"p953": 0.002122531005323262
"p954": 0.0003575185204001948
"p955": 9.408382115794602E-06
"p956": 0.0181939293355236
"p957": 0.005774864942674726
"p958": 0.0008806245660383747
"p959": 3.575185204001949E-05
"p960": 0.00010913723254321738
"p961": 2.0698440654748124E-05
"p962": 0
"p963": 0
"p964": 0.0012155629693606626
"p965": 0.00023144620004854718
"p966": 2.258011707790705E-05
"p967": 0
"p968": 2.0698440654748128E-05
"p969": 3.7633528463178407E-06
"p970": 0
"p971": 0
"p972": 0.0001749959073537796
"p973": 0.0001110189089663763
"p974": 1.1290058538953523E-05
"p975": 0
"p976": 0.00039891540170969113
"p977": 6.962202765688005E-05
"p978": 0
"p979": 0
"p980": 0.001462062580794481
"p981": 0.0003499918147075592
"p982": 4.516023415581409E-05
"p983": 0
"p984": 7.903040977267466E-05
"p985": 2.4461793501065963E-05
"p986": 9.408382115794602E-06
"p987": 0
"p988": 0.0003142399626675397
"p989": 0.00013171734962112442
"p990": 3.575185204001949E-05
"p991": 0
"p992": 0.0029071900737805316
"p993": 0.0009220214473478711
"p994": 0.0001599424959685082
"p995": 2.822514634738381E-05
"p996": 0.006913279178685873
"p997": 0.0021451111224011685
"p998": 0.0003650452260928305
"p999": 2.8225146347383808E-05
"p1000": 0.0006341249546045561
"p1001": 0.0001749959073537796
"p1002": 3.198849919370165E-05
"p1003": 1.8816764231589204E-06
"p1004": 0.0009803534164657972
"p1005": 0.00034999181470755925
"p1006": 5.268693984844977E-05
"p1007": 5.645029269476761E-06
