"p945": 0.00017311423093062066
"p946": 2.6343469924224887E-05
"p947": 5.645029269476761E-06
"p948": 0.0026362286688456464
"p949": 0.0009295481530405067
"p950": 0.00013548070246744226
"p951": 1.1290058538953523E-05
"p952": 0.00010725555612005844
"p953": 3.0106822770542726E-05
"p954": 5.645029269476761E-06
"p955": 0
"p956": 0.0006058998082571724
"p957": 0.00021074775939379907
"p958": 2.6343469924224887E-05
"p959": 0
"p960": 0.0003763352846317842
"p961": 7.714873334951574E-05
"p962": 1.8816764231589204E-06
"p963": 0
"p964": 0.0013773871417523298
"p965": 0.000329293374052811
"p966": 2.6343469924224884E-05
"p967": 0
"p968": 6.962202765688005E-05
"p969": 2.4461793501065966E-05
"p970": 1.3171734962112442E-05
"p971": 0
"p972": 0.0004760641350592069
"p973": 0.00015241579027587256
"p974": 2.8225146347383808E-05
"p975": 0
"p976": 0
"p977": 0
"p978": 0
"p979": 0
"p980": 0.00013548070246744223
"p981": 5.645029269476761E-06
"p982": 0
"p983": 0
"p984": 0
"p985": 0
"p986": 0
"p987": 0
"p988": 0
"p989": 0
"p990": 0
"p991": 0
"p992": 0.012347560688768838
"p993": 0.004280813862686543
"p994": 0.000709392011530913
"p995": 4.139688130949624E-05
"p996": 0.026044283372942626
"p997": 0.008674528310762625
"p998": 0.0014827610214492293
"p999": 9.972885042742278E-05
"p1000": 0.004617633942431991
"p1001": 0.001584371548299811
"p1002": 0.00023332787647170614
"p1003": 0
"p1004": 0.009809179193927452
"p1005": 0.0030163273063237494
"p1006": 0.00039138869601705546
"p1007": 0
