"p945": 6.021364554108545E-05
"p946": 7.5267056926356815E-06
"p947": 0
"p948": 0.0003631635496696716
"p949": 6.585867481056221E-05
"p950": 1.1290058538953521E-05
"p951": 0
"p952": 0.0005231060456381799
"p953": 0.0001561791431221904
"p954": 2.4461793501065963E-05
"p955": 1.8816764231589204E-06
"p956": 0.0016107150182240355
"p957": 0.00041773216594128033
"p958": 4.516023415581409E-05
"p959": 1.8816764231589204E-06
"p960": 1.8816764231589204E-06
"p961": 1.8816764231589204E-06
"p962": 0
"p963": 0
"p964": 1.3171734962112442E-05
"p965": 3.7633528463178407E-06
"p966": 0
"p967": 0
"p968": 0.00013736237889060116
"p969": 3.3870175616860565E-05
"p970": 1.8816764231589204E-06
"p971": 0
"p972": 0.0004290222244802338
"p973": 0.00012042729108217089
"p974": 1.1290058538953523E-05
"p975": 0
"p976": 1.3171734962112442E-05
"p977": 3.7633528463178407E-06
"p978": 0
"p979": 0
"p980": 0.00010349220327374062
"p981": 1.6935087808430282E-05
"p982": 0
"p983": 0
"p984": 0.00014677076100639576
"p985": 2.8225146347383805E-05
"p986": 3.7633528463178407E-06
"p987": 0
"p988": 0.0002671980520885667
"p989": 5.456861627160868E-05
"p990": 1.1290058538953523E-05
"p991": 0
"p992": 0.00013736237889060116
"p993": 3.3870175616860565E-05
"p994": 1.8816764231589204E-06
"p995": 0
"p996": 0.00014677076100639576
"p997": 2.8225146347383805E-05
"p998": 3.7633528463178407E-06
"p999": 0
"p1000": 0.0025045113192245236
"p1001": 0.0007319721286088202
"p1002": 8.27937626189925E-05
"p1003": 3.7633528463178407E-06
"p1004": 0.002470641143607662
"p1005": 0.0007658423042256806
"p1006": 9.22021447347871E-05
"p1007": 3.7633528463178407E-06
