"p945": 0.0002766064342043612
"p946": 1.8816764231589203E-05
"p947": 0
"p948": 4.516023415581409E-05
"p949": 0
"p950": 0
"p951": 0
"p952": 0.019219442986145214
"p953": 0.006766508417679478
"p954": 0.0015260395791818846
"p955": 0.00022768284720222937
"p956": 0.0055547088011651344
"p957": 0.0017254972800367296
"p958": 0.0002784881106275202
"p959": 2.2580117077907045E-05
"p960": 0.00020886608297064017
"p961": 3.951520488633733E-05
"p962": 0
"p963": 0
"p964": 0
"p965": 0
"p966": 0
"p967": 0
"p968": 0.0017988826605399276
"p969": 0.0004120871366718036
"p970": 4.516023415581409E-05
"p971": 0
"p972": 0.0001279539967748066
"p973": 1.8816764231589203E-05
"p974": 0
"p975": 0
"p976": 0
"p977": 0
"p978": 0
"p979": 0
"p980": 0
"p981": 0
"p982": 0
"p983": 0
"p984": 7.903040977267465E-05
"p985": 0
"p986": 0
"p987": 0
"p988": 0
"p989": 0
"p990": 0
"p991": 0
"p992": 0.0010066968863900224
"p993": 0.00022391949435591154
"p994": 2.2580117077907045E-05
"p995": 0
"p996": 1.8816764231589204E-06
"p997": 0
"p998": 0
"p999": 0
"p1000": 0.015335662848745204
"p1001": 0.004470863181425595
"p1002": 0.0007188003936467077
"p1003": 6.962202765688005E-05
"p1004": 0.0064221616322413955
"p1005": 0.00181205439550204
"p1006": 0.0003180033155138575
"p1007": 2.8225146347383808E-05
