"p945": 0.0006435333367203507
"p946": 0.00012419064392848875
"p947": 3.198849919370165E-05
"p948": 0.00679849691687318
"p949": 0.0024123091744897357
"p950": 0.0005155793399455442
"p951": 6.209532196424438E-05
"p952": 0.00039703372528653215
"p953": 0.0001298356731979655
"p954": 3.010682277054273E-05
"p955": 1.8816764231589204E-06
"p956": 0.0019569434800852767
"p957": 0.0006096631611034902
"p958": 8.655711546531035E-05
"p959": 5.645029269476761E-06
"p960": 0.0009370748587331423
"p961": 0.00022015614150959367
"p962": 1.3171734962112442E-05
"p963": 0
"p964": 0.002246721649251751
"p965": 0.000611544837526649
"p966": 6.021364554108546E-05
"p967": 0
"p968": 0.00016935087808430283
"p969": 6.021364554108545E-05
"p970": 1.8816764231589203E-05
"p971": 0
"p972": 0.0006736401594908935
"p973": 0.0002239194943559115
"p974": 3.387017561686057E-05
"p975": 0
"p976": 0
"p977": 0
"p978": 0
"p979": 0
"p980": 0.00013548070246744223
"p981": 5.645029269476761E-06
"p982": 0
"p983": 0
"p984": 0
"p985": 0
"p986": 0
"p987": 0
"p988": 0
"p989": 0
"p990": 0
"p991": 0
"p992": 0.018942836551940852
"p993": 0.006815432004681611
"p994": 0.0012042729108217088
"p995": 8.46754390421514E-05
"p996": 0.034912624355290606
"p997": 0.012202671604185603
"p998": 0.0022674200899064985
"p999": 0.00017875926020009743
"p1000": 0.008190937470010783
"p1001": 0.002939178572974234
"p1002": 0.0004346672537497106
"p1003": 9.408382115794602E-06
"p1004": 0.01396768408910867
"p1005": 0.004572473708276176
"p1006": 0.0006454150131435097
"p1007": 1.3171734962112444E-05
