"p945": 5.8331969117926534E-05
"p946": 7.5267056926356815E-06
"p947": 0
"p948": 0
"p949": 0
"p950": 0
"p951": 0
"p952": 0.0029015450445110547
"p953": 0.0009050863595394408
"p954": 0.00010913723254321738
"p955": 7.5267056926356815E-06
"p956": 0.0010725555612005845
"p957": 0.0002860148163201559
"p958": 3.0106822770542726E-05
"p959": 0
"p960": 0.0001392440553137601
"p961": 1.6935087808430282E-05
"p962": 0
"p963": 0
"p964": 0
"p965": 0
"p966": 0
"p967": 0
"p968": 0.0008053575091120178
"p969": 0.00013924405531376012
"p970": 1.1290058538953523E-05
"p971": 0
"p972": 0.00012795399677480656
"p973": 2.8225146347383805E-05
"p974": 3.7633528463178407E-06
"p975": 0
"p976": 0
"p977": 0
"p978": 0
"p979": 0
"p980": 0
"p981": 0
"p982": 0
"p983": 0
"p984": 8.655711546531033E-05
"p985": 1.8816764231589204E-06
"p986": 0
"p987": 0
"p988": 0
"p989": 0
"p990": 0
"p991": 0
"p992": 0.0006472966895666684
"p993": 0.00011666393823585305
"p994": 1.1290058538953521E-05
"p995": 0
"p996": 3.0106822770542726E-05
"p997": 1.8816764231589204E-06
"p998": 0
"p999": 0
"p1000": 0.012977922290527074
"p1001": 0.0036937308186609607
"p1002": 0.00047606413505920693
"p1003": 2.6343469924224887E-05
"p1004": 0.004102054602486449
"p1005": 0.0011704027352048482
"p1006": 0.00015053411385271363
"p1007": 5.645029269476761E-06
