"p945": 0.00013548070246744229
"p946": 1.8816764231589203E-05
"p947": 0
"p948": 0.0014902877271418646
"p949": 0.0004384306065960284
"p950": 6.39769983874033E-05
"p951": 1.1290058538953523E-05
"p952": 0.002502629642801364
"p953": 0.000846754390421514
"p954": 0.00015241579027587253
"p955": 3.9515204886337324E-05
"p956": 0.008785547219729
"p957": 0.003070895922595358
"p958": 0.0005776746619097886
"p959": 6.774035123372113E-05
"p960": 0.0028639115160478765
"p961": 0.0010255136506216115
"p962": 0.0001524157902758725
"p963": 5.645029269476761E-06
"p964": 0.003985390664250594
"p965": 0.0013943222295607596
"p966": 0.0002464996114338185
"p967": 7.5267056926356815E-06
"p968": 0.010902433195782785
"p969": 0.00425258871633916
"p970": 0.0008147658912278125
"p971": 4.892358700213193E-05
"p972": 0.016344241411558384
"p973": 0.006615974303826763
"p974": 0.0014037306116765548
"p975": 0.0001016105268505817
"p976": 0
"p977": 0
"p978": 0
"p979": 0
"p980": 0.00010913723254321737
"p981": 0
"p982": 0
"p983": 0
"p984": 1.5053411385271365E-05
"p985": 0
"p986": 0
"p987": 0
"p988": 0.0001279539967748066
"p989": 1.8816764231589203E-05
"p990": 0
"p991": 0
"p992": 0.0009765900636194797
"p993": 0.0002540263171264542
"p994": 9.408382115794602E-06
"p995": 0
"p996": 0.0021469927988243278
"p997": 0.0006886935708761649
"p998": 9.596549758110493E-05
"p999": 0
"p1000": 0.013826558357371748
"p1001": 0.004674084235126758
"p1002": 0.0007150370408003898
"p1003": 4.704191057897301E-05
"p1004": 0.0280557954692995
"p1005": 0.01006320551105391
"p1006": 0.0015806081954534933
"p1007": 0.00010913723254321738
