"p945": 3.198849919370165E-05
"p946": 1.8816764231589204E-06
"p947": 0
"p948": 0.00035563684397703593
"p949": 6.962202765688006E-05
"p950": 3.7633528463178407E-06
"p951": 0
"p952": 0.0005550945448318816
"p953": 0.00017875926020009743
"p954": 2.6343469924224887E-05
"p955": 5.645029269476761E-06
"p956": 0.0030539608347869276
"p957": 0.0010236319741984527
"p958": 0.00014112573173691902
"p959": 1.1290058538953523E-05
"p960": 7.714873334951573E-05
"p961": 0
"p962": 0
"p963": 0
"p964": 0.0005701479562171528
"p965": 6.209532196424436E-05
"p966": 3.7633528463178407E-06
"p967": 0
"p968": 0.00039327037244021445
"p969": 8.091208619583358E-05
"p970": 1.8816764231589204E-06
"p971": 0
"p972": 0.0012550781742469996
"p973": 0.00033117505047596993
"p974": 2.6343469924224884E-05
"p975": 0
"p976": 0
"p977": 0
"p978": 0
"p979": 0
"p980": 0
"p981": 0
"p982": 0
"p983": 0
"p984": 0
"p985": 0
"p986": 0
"p987": 0
"p988": 0.00013548070246744223
"p989": 5.645029269476761E-06
"p990": 0
"p991": 0
"p992": 0.002340805470409697
"p993": 0.0007808957156109518
"p994": 9.220214473478709E-05
"p995": 0
"p996": 0.003667387348736736
"p997": 0.001108307413240604
"p998": 0.0001467707610063958
"p999": 0
"p1000": 0.015298029320282024
"p1001": 0.005191545251495461
"p1002": 0.0008411093611520375
"p1003": 4.139688130949624E-05
"p1004": 0.03152937014645088
"p1005": 0.010575021498153132
"p1006": 0.0017838292491546568
"p1007": 9.972885042742278E-05
