"p945": 0.000259671346395931
"p946": 3.3870175616860565E-05
"p947": 0
"p948": 0.0020698440654748117
"p949": 0.0004929992228676371
"p950": 7.150370408003898E-05
"p951": 0
"p952": 0.0021639278866327576
"p953": 0.0006604684245287812
"p954": 8.279376261899251E-05
"p955": 1.8816764231589204E-06
"p956": 0.007743098481298958
"p957": 0.0024254809094518487
"p958": 0.00035563684397703593
"p959": 1.3171734962112444E-05
"p960": 1.8816764231589204E-06
"p961": 1.8816764231589204E-06
"p962": 0
"p963": 0
"p964": 6.962202765688006E-05
"p965": 3.7633528463178407E-06
"p966": 0
"p967": 0
"p968": 0.00016182417239166713
"p969": 3.7633528463178407E-05
"p970": 1.8816764231589204E-06
"p971": 0
"p972": 0.0010010518571205457
"p973": 0.00018440428946957417
"p974": 2.2580117077907045E-05
"p975": 0
"p976": 1.3171734962112442E-05
"p977": 3.7633528463178407E-06
"p978": 0
"p979": 0
"p980": 0.00019381267158536877
"p981": 1.6935087808430282E-05
"p982": 0
"p983": 0
"p984": 0.00021262943581695798
"p985": 3.951520488633733E-05
"p986": 3.7633528463178407E-06
"p987": 0
"p988": 0.00073197212860882
"p989": 0.00012230896750532982
"p990": 1.1290058538953523E-05
"p991": 0
"p992": 0.0001825226130464153
"p993": 3.951520488633733E-05
"p994": 1.8816764231589204E-06
"p995": 0
"p996": 0.00024461793501065964
"p997": 4.704191057897301E-05
"p998": 3.7633528463178407E-06
"p999": 0
"p1000": 0.003720074288585186
"p1001": 0.0010819639433163792
"p1002": 0.00013171734962112442
"p1003": 9.408382115794602E-06
"p1004": 0.00627915422408132
"p1005": 0.0018139360719251986
"p1006": 0.00023332787647170616
"p1007": 1.3171734962112444E-05
