"p945": 0.002103714241091673
"p946": 0.0004083237838254857
"p947": 6.209532196424438E-05
"p948": 0.015783501837457026
"p949": 0.005718414649979959
"p950": 0.0013115284669417675
"p951": 0.00019381267158536883
"p952": 0.0017838292491546561
"p953": 0.0006058998082571725
"p954": 0.00013171734962112445
"p955": 1.8816764231589204E-06
"p956": 0.00348486473569032
"p957": 0.0010669105319311078
"p958": 0.00015241579027587256
"p959": 5.645029269476761E-06
"p960": 0.00039891540170969113
"p961": 6.962202765688005E-05
"p962": 0
"p963": 0
"p964": 0.0013943222295607596
"p965": 0.0003499918147075592
"p966": 4.516023415581409E-05
"p967": 0
"p968": 7.903040977267466E-05
"p969": 2.4461793501065963E-05
"p970": 9.408382115794602E-06
"p971": 0
"p972": 0.0003142399626675397
"p973": 0.00013171734962112442
"p974": 3.575185204001949E-05
"p975": 0
"p976": 0
"p977": 0
"p978": 0
"p979": 0
"p980": 7.903040977267465E-05
"p981": 0
"p982": 0
"p983": 0
"p984": 0
"p985": 0
"p986": 0
"p987": 0
"p988": 0
"p989": 0
"p990": 0
"p991": 0
"p992": 0.006089104905342266
"p993": 0.0020359738898579516
"p994": 0.00038009863747810193
"p995": 4.516023415581409E-05
"p996": 0.011295703568223002
"p997": 0.003405834325917646
"p998": 0.0005588578976781994
"p999": 5.2686939848449775E-05
"p1000": 0.002592950111112992
"p1001": 0.0008298193026130839
"p1002": 6.962202765688005E-05
"p1003": 0
"p1004": 0.0025816600525740384
"p1005": 0.0008015941562657
"p1006": 7.526705692635681E-05
"p1007": 0
