"p945": 0.00030671325697490405
"p946": 8.467543904215141E-05
"p947": 1.3171734962112442E-05
"p948": 0
"p949": 0
"p950": 0
"p951": 0
"p952": 0.003496154794229275
"p953": 0.0012531964978238408
"p954": 0.0001392440553137601
"p955": 7.5267056926356815E-06
"p956": 0.0011384142360111467
"p957": 0.0004572473708276177
"p958": 6.0213645541085445E-05
"p959": 1.8816764231589204E-06
"p960": 0.00033682007974544673
"p961": 6.585867481056221E-05
"p962": 3.7633528463178407E-06
"p963": 0
"p964": 0
"p965": 0
"p966": 0
"p967": 0
"p968": 0.00940085541010197
"p969": 0.0029523503079363464
"p970": 0.0004873541935981604
"p971": 4.139688130949625E-05
"p972": 0.002907190073780531
"p973": 0.0008373460083057195
"p974": 0.0001298356731979655
"p975": 3.010682277054273E-05
"p976": 0.0013021200848259728
"p977": 0.00029542319843595046
"p978": 3.3870175616860565E-05
"p979": 0
"p980": 8.655711546531032E-05
"p981": 1.8816764231589204E-06
"p982": 0
"p983": 0
"p984": 0.014191603583464578
"p985": 0.00441253121230767
"p986": 0.000688693570876165
"p987": 5.45686162716087E-05
"p988": 0.006013837848415909
"p989": 0.0020077487435105675
"p990": 0.00035563684397703593
"p991": 2.8225146347383808E-05
"p992": 9.596549758110493E-05
"p993": 2.8225146347383805E-05
"p994": 3.7633528463178407E-06
"p995": 1.8816764231589204E-06
"p996": 0
"p997": 0
"p998": 0
"p999": 0
"p1000": 0.004186730041528599
"p1001": 0.0012155629693606624
"p1002": 0.00015241579027587256
"p1003": 0
"p1004": 0.0006529417188361455
"p1005": 0.0002333278764717061
"p1006": 4.327855773265517E-05
"p1007": 1.8816764231589204E-06
