"p945": 0.0026042401696519456
"p946": 0.0004064421074023268
"p947": 1.8816764231589207E-05
"p948": 0.014910403977111287
"p949": 0.005278102366960772
"p950": 0.0008862695953078516
"p951": 5.456861627160869E-05
"p952": 0.002856384810355241
"p953": 0.0009954068278510688
"p954": 0.0001561791431221904
"p955": 0
"p956": 0.009809179193927452
"p957": 0.003016327306323749
"p958": 0.00039138869601705546
"p959": 0
"p960": 5.2686939848449775E-05
"p961": 9.408382115794602E-06
"p962": 0
"p963": 0
"p964": 0.000735735481455138
"p965": 9.032046831162818E-05
"p966": 1.1290058538953523E-05
"p967": 0
"p968": 3.7633528463178407E-06
"p969": 3.7633528463178407E-06
"p970": 0
"p971": 0
"p972": 9.596549758110493E-05
"p973": 5.833196911792654E-05
"p974": 0
"p975": 0
"p976": 0.00010913723254321738
"p977": 1.5053411385271365E-05
"p978": 0
"p979": 0
"p980": 0.0006096631611034902
"p981": 7.903040977267466E-05
"p982": 0
"p983": 0
"p984": 1.3171734962112442E-05
"p985": 3.7633528463178407E-06
"p986": 3.7633528463178407E-06
"p987": 0
"p988": 6.39769983874033E-05
"p989": 4.516023415581409E-05
"p990": 3.0106822770542726E-05
"p991": 0
"p992": 0.0016257684296093068
"p993": 0.0004986442521371139
"p994": 7.150370408003898E-05
"p995": 5.645029269476761E-06
"p996": 0.004352317566766583
"p997": 0.0011666393823585304
"p998": 0.0001467707610063958
"p999": 9.408382115794602E-06
"p1000": 0.00037257193178546626
"p1001": 9.784717400426385E-05
"p1002": 7.526705692635681E-06
"p1003": 0
"p1004": 0.0006058998082571724
"p1005": 0.00021074775939379907
"p1006": 2.634346992422488E-05
"p1007": 0
