"p945": 6.021364554108546E-05
"p946": 0
"p947": 0
"p948": 0.0008467543904215139
"p949": 0.0003085949333980629
"p950": 5.268693984844977E-05
"p951": 0
"p952": 0.001369860436059694
"p953": 0.0004440756358655052
"p954": 2.0698440654748124E-05
"p955": 0
"p956": 0.004627042324547785
"p957": 0.0015335662848745201
"p958": 6.585867481056221E-05
"p959": 1.8816764231589204E-06
"p960": 4.516023415581409E-05
"p961": 5.645029269476761E-06
"p962": 0
"p963": 0
"p964": 0.00011666393823585305
"p965": 1.88167642315892E-05
"p966": 0
"p967": 0
"p968": 0.0014959327564113413
"p969": 0.00044219395944234633
"p970": 6.585867481056221E-05
"p971": 5.645029269476761E-06
"p972": 0.003482983059267161
"p973": 0.0009276664766173476
"p974": 0.0001223089675053298
"p975": 9.408382115794602E-06
"p976": 0.00025214464070329537
"p977": 5.080526342529086E-05
"p978": 0
"p979": 0
"p980": 0.00032553002120649314
"p981": 5.080526342529084E-05
"p982": 0
"p983": 0
"p984": 0.001797000984116768
"p985": 0.0006642317773750989
"p986": 9.408382115794602E-05
"p987": 5.645029269476761E-06
"p988": 0.002767946018466772
"p989": 0.0008505177432678318
"p990": 9.596549758110493E-05
"p991": 5.645029269476761E-06
"p992": 1.3171734962112442E-05
"p993": 5.645029269476761E-06
"p994": 0
"p995": 0
"p996": 3.0106822770542722E-05
"p997": 1.5053411385271361E-05
"p998": 0
"p999": 0
"p1000": 0.00046101072367393553
"p1001": 0.0001486524374295547
"p1002": 5.645029269476761E-06
"p1003": 0
"p1004": 0.0016408218409945784
"p1005": 0.0004045604309791678
"p1006": 3.0106822770542726E-05
"p1007": 0
