"p1008": 0.00013359902604428333
"p1009": 5.8331969117926534E-05
"p1010": 1.1290058538953523E-05
"p1011": 0
"p1012": 0.00041396881309496247
"p1013": 0.00012042729108217092
"p1014": 5.645029269476761E-06
"p1015": 0
"p1016": 0.0021244126817464206
"p1017": 0.0005720296326403119
"p1018": 8.843879188846925E-05
"p1019": 2.6343469924224887E-05
"p1020": 0.005076762989682767
"p1021": 0.0016558752523798499
"p1022": 0.00028225146347383805
"p1023": 2.2580117077907045E-05
