"p1008": 0.001558028078375586
"p1009": 0.0005155793399455441
"p1010": 4.7041910578973015E-05
"p1011": 0
"p1012": 2.0698440654748124E-05
"p1013": 1.129005853895352E-05
"p1014": 0
"p1015": 0
"p1016": 0.001059383826238472
"p1017": 0.0003274116976296521
"p1018": 4.516023415581409E-05
"p1019": 0
"p1020": 0.0007244454229161843
"p1021": 0.00030106822770542725
"p1022": 4.892358700213193E-05
"p1023": 5.645029269476761E-06
