"p1008": 0.020404899132735334
"p1009": 0.008213517587088687
"p1010": 0.0017424323678451603
"p1011": 0.00013548070246744226
"p1012": 8.27937626189925E-05
"p1013": 2.6343469924224884E-05
"p1014": 0
"p1015": 0
"p1016": 0.017849582550085518
"p1017": 0.006008192819146434
"p1018": 0.0010255136506216115
"p1019": 7.903040977267465E-05
"p1020": 0.011572310002427363
"p1021": 0.003910123607324236
"p1022": 0.0005870830440255833
"p1023": 4.516023415581409E-05
