"p1008": 0.0006454150131435096
"p1009": 0.0001486524374295547
"p1010": 1.1290058538953523E-05
"p1011": 0
"p1012": 0.0010104602392363403
"p1013": 0.0003029499041285862
"p1014": 4.516023415581409E-05
"p1015": 0
"p1016": 0.005769219913405249
"p1017": 0.0019343633630073695
"p1018": 0.00035940019682335374
"p1019": 3.951520488633733E-05
"p1020": 0.00847130725706146
"p1021": 0.0028112245761994265
"p1022": 0.0005118159870992264
"p1023": 5.2686939848449775E-05
