"p1008": 0.013292162253194613
"p1009": 0.004869778583135285
"p1010": 0.0008128842148046536
"p1011": 2.8225146347383808E-05
"p1012": 1.5053411385271361E-05
"p1013": 1.129005853895352E-05
"p1014": 0
"p1015": 0
"p1016": 0.012560190124585794
"p1017": 0.0038781351081305345
"p1018": 0.0005588578976781993
"p1019": 3.198849919370165E-05
"p1020": 0.0067815618290647485
"p1021": 0.002259893384213863
"p1022": 0.00040079707813284995
"p1023": 2.8225146347383805E-05
