"p1008": 0.01139543241865042
"p1009": 0.004288340568379179
"p1010": 0.0008015941562657
"p1011": 3.0106822770542726E-05
"p1012": 3.7633528463178407E-06
"p1013": 0
"p1014": 0
"p1015": 0
"p1016": 0.010755662434776391
"p1017": 0.003371964150300785
"p1018": 0.0005099343106760674
"p1019": 3.575185204001949E-05
"p1020": 0.005795563383329475
"p1021": 0.0019099015695063042
"p1022": 0.00032553002120649325
"p1023": 2.2580117077907045E-05
