"p1008": 0.0007470255399940913
"p1009": 0.0002088660829706402
"p1010": 1.6935087808430282E-05
"p1011": 0
"p1012": 0.0009577732993878904
"p1013": 0.0003236483447833343
"p1014": 4.704191057897301E-05
"p1015": 0
"p1016": 0.011997568874061277
"p1017": 0.0037144292593157087
"p1018": 0.0006962202765688005
"p1019": 5.456861627160869E-05
"p1020": 0.01466202268925431
"p1021": 0.0054192280986976905
"p1022": 0.0009859984457352743
"p1023": 4.139688130949625E-05
