"p1008": 0.011880904935825422
"p1009": 0.003912005283747396
"p1010": 0.0006981019529919595
"p1011": 5.080526342529086E-05
"p1012": 0.015226525616201985
"p1013": 0.005496376832047205
"p1014": 0.0009069680359625997
"p1015": 3.010682277054273E-05
"p1016": 0.004023024192713771
"p1017": 0.0011440592652806234
"p1018": 0.0001392440553137601
"p1019": 7.5267056926356815E-06
"p1020": 0.0026098851989214225
"p1021": 0.0008185292440741304
"p1022": 0.00011101890896637629
"p1023": 3.7633528463178407E-06
