"p1008": 0.0015015777856808184
"p1009": 0.00047230078221288896
"p1010": 5.645029269476761E-05
"p1011": 0
"p1012": 0.002545908200534019
"p1013": 0.0009446015644257781
"p1014": 0.00017875926020009743
"p1015": 1.8816764231589203E-05
"p1016": 0.021138752937767315
"p1017": 0.007127790290925992
"p1018": 0.001304001761249132
"p1019": 0.00011854561465901199
"p1020": 0.025547520797228666
"p1021": 0.009952186602087534
"p1022": 0.0019663518622010717
"p1023": 0.00014865243742955472
