"p1008": 0.00897747821489121
"p1009": 0.003200731595793323
"p1010": 0.0005118159870992262
"p1011": 1.3171734962112444E-05
"p1012": 3.7633528463178407E-06
"p1013": 0
"p1014": 0
"p1015": 0
"p1016": 0.009598431434533653
"p1017": 0.0028808466038563072
"p1018": 0.0004102054602486446
"p1019": 2.2580117077907045E-05
"p1020": 0.0029579953372058224
"p1021": 0.0008825062424615335
"p1022": 0.00010161052685058171
"p1023": 0
