"p1008": 0.0009351931823099834
"p1009": 0.0003518734911307181
"p1010": 5.268693984844977E-05
"p1011": 5.645029269476761E-06
"p1012": 0.0021131226232074672
"p1013": 0.0006585867481056221
"p1014": 6.021364554108546E-05
"p1015": 0
"p1016": 0.0001373623788906012
"p1017": 6.58586748105622E-05
"p1018": 1.6935087808430282E-05
"p1019": 0
"p1020": 0.0002615530228190899
"p1021": 9.972885042742278E-05
"p1022": 1.1290058538953523E-05
"p1023": 0
