"p1008": 0.0026475187273846006
"p1009": 0.0009257848001941888
"p1010": 0.00012607232035164763
"p1011": 5.645029269476761E-06
"p1012": 0.004239416981377048
"p1013": 0.0015091044913734541
"p1014": 0.0002841331398969969
"p1015": 7.5267056926356815E-06
"p1016": 0.013977092471224459
"p1017": 0.005328907630386064
"p1018": 0.0010311586798910882
"p1019": 6.962202765688005E-05
"p1020": 0.022661029164102883
"p1021": 0.009056508624663884
"p1022": 0.0018666230117736489
"p1023": 0.00015053411385271363
