"p1008": 0.026623839711275566
"p1009": 0.011655103765046353
"p1010": 0.0028808466038563072
"p1011": 0.0003612818732465127
"p1012": 0.0305941769641409
"p1013": 0.01436659949081836
"p1014": 0.0037313643471241394
"p1015": 0.0005550945448318814
"p1016": 0.017655769878500153
"p1017": 0.0067890885347573855
"p1018": 0.001232498057169093
"p1019": 4.139688130949624E-05
"p1020": 0.014586755632327954
"p1021": 0.005530247007664067
"p1022": 0.0009502465936952548
"p1023": 4.327855773265517E-05
