"p1008": 0.0006661134537982577
"p1009": 0.0002145111122401169
"p1010": 2.6343469924224884E-05
"p1011": 0
"p1012": 0
"p1013": 0
"p1014": 0
"p1015": 0
"p1016": 0.0005400411334466102
"p1017": 0.00016935087808430283
"p1018": 2.8225146347383805E-05
"p1019": 0
"p1020": 0.0002464996114338186
"p1021": 0.0001204272910821709
"p1022": 1.8816764231589203E-05
"p1023": 0
