"p1008": 0.026057455107904737
"p1009": 0.012163156399299262
"p1010": 0.003181914831561734
"p1011": 0.0004779458114823658
"p1012": 0.0004704191057897301
"p1013": 7.33853805031979E-05
"p1014": 5.645029269476761E-06
"p1015": 0
"p1016": 0.036666346781674734
"p1017": 0.015134323471467202
"p1018": 0.0034472312072271424
"p1019": 0.00035751852040019486
"p1020": 0.025547520797228673
"p1021": 0.009952186602087531
"p1022": 0.0019663518622010717
"p1023": 0.00014865243742955472
