"p1008": 0.0028582664867784
"p1009": 0.0009088497123857584
"p1010": 0.00015241579027587253
"p1011": 3.010682277054273E-05
"p1012": 0.005486968449931412
"p1013": 0.001830871159733629
"p1014": 0.0003198849919370164
"p1015": 2.8225146347383808E-05
"p1016": 0.000611544837526649
"p1017": 0.00023520955289486504
"p1018": 4.516023415581409E-05
"p1019": 1.8816764231589204E-06
"p1020": 0.0007169187172235485
"p1021": 0.00029165984558963265
"p1022": 3.7633528463178407E-05
"p1023": 5.645029269476761E-06
