"p1008": 0.0009577732993878904
"p1009": 0.0003236483447833343
"p1010": 4.704191057897301E-05
"p1011": 0
"p1012": 0
"p1013": 0
"p1014": 0
"p1015": 0
"p1016": 0.020990100500337755
"p1017": 0.007295259492587134
"p1018": 0.0013077651140954497
"p1019": 6.397699838740328E-05
"p1020": 0.005343961041771334
"p1021": 0.0016257684296093074
"p1022": 0.00030483158055174506
"p1023": 2.8225146347383805E-05
