"p1008": 4.8923587002131926E-05
"p1009": 5.645029269476761E-06
"p1010": 0
"p1011": 0
"p1012": 0.0001298356731979655
"p1013": 1.8816764231589207E-05
"p1014": 0
"p1015": 0
"p1016": 0.0028018161940836324
"p1017": 0.0007489072164172505
"p1018": 0.00011666393823585304
"p1019": 2.6343469924224887E-05
"p1020": 0.005343961041771333
"p1021": 0.001625768429609307
"p1022": 0.00030483158055174506
"p1023": 2.8225146347383808E-05
