"p1008": 0.011011570428326003
"p1009": 0.004356080919612901
"p1010": 0.0008354643318825606
"p1011": 4.139688130949625E-05
"p1012": 6.962202765688006E-05
"p1013": 5.645029269476761E-06
"p1014": 0
"p1015": 0
"p1016": 0.021494389781744352
"p1017": 0.007278324404778705
"p1018": 0.0009483649172720959
"p1019": 5.8331969117926534E-05
"p1020": 0.007955727917115914
"p1021": 0.0027039690200793684
"p1022": 0.0002991865512822683
"p1023": 1.3171734962112444E-05
