"p1008": 0.008429910375751963
"p1009": 0.0026644538151930314
"p1010": 0.0004214955187875982
"p1011": 2.2580117077907045E-05
"p1012": 0.009314298294636656
"p1013": 0.003281643681989157
"p1014": 0.0005249877220613388
"p1015": 1.3171734962112444E-05
"p1016": 0.0029165984558963266
"p1017": 0.0007470255399940916
"p1018": 6.39769983874033E-05
"p1019": 0
"p1020": 0.001388677200291283
"p1021": 0.00039891540170969113
"p1022": 4.139688130949625E-05
"p1023": 0
