"p1008": 0.011762359321166413
"p1009": 0.004596935501777243
"p1010": 0.0008693345074994212
"p1011": 3.575185204001948E-05
"p1012": 1.5053411385271361E-05
"p1013": 1.129005853895352E-05
"p1014": 0
"p1015": 0
"p1016": 0.00998793845412755
"p1017": 0.0032665902706038854
"p1018": 0.0005268693984844977
"p1019": 3.575185204001948E-05
"p1020": 0.006333722840352927
"p1021": 0.0020924241825527193
"p1022": 0.00036504522609283053
"p1023": 2.8225146347383805E-05
