"p1008": 0.014671431071370103
"p1009": 0.005342079365348175
"p1010": 0.0009972885042742279
"p1011": 6.774035123372113E-05
"p1012": 0.011542203179656818
"p1013": 0.004640214059509897
"p1014": 0.0008919146245773282
"p1015": 4.139688130949625E-05
"p1016": 0.010151644302942376
"p1017": 0.00315557136163751
"p1018": 0.0001392440553137601
"p1019": 1.8816764231589204E-06
"p1020": 0.004162268248027531
"p1021": 0.0013247002019038797
"p1022": 6.209532196424438E-05
"p1023": 1.8816764231589204E-06
