"p1008": 0.0005889647204487421
"p1009": 0.00022580117077907044
"p1010": 3.575185204001949E-05
"p1011": 0
"p1012": 0
"p1013": 0
"p1014": 0
"p1015": 0
"p1016": 0.012206434957031918
"p1017": 0.004113344661025401
"p1018": 0.0006529417188361453
"p1019": 1.3171734962112444E-05
"p1020": 0.0020453822719737457
"p1021": 0.0006435333367203507
"p1022": 9.596549758110493E-05
"p1023": 5.645029269476761E-06
