"p1008": 0.0048415534367879
"p1009": 0.0017556041028072725
"p1010": 0.00034622846186124133
"p1011": 3.7633528463178407E-05
"p1012": 7.52670569263568E-05
"p1013": 1.317173496211244E-05
"p1014": 0
"p1015": 0
"p1016": 0.005957387555721141
"p1017": 0.0019136649223526216
"p1018": 0.00030294990412858613
"p1019": 3.198849919370165E-05
"p1020": 0.0050767629896827675
"p1021": 0.0016558752523798495
"p1022": 0.000282251463473838
"p1023": 2.2580117077907045E-05
