"p1008": 0.000590846396871901
"p1009": 0.00022015614150959367
"p1010": 2.6343469924224887E-05
"p1011": 0
"p1012": 0.0007489072164172502
"p1013": 0.0002239194943559115
"p1014": 2.8225146347383805E-05
"p1015": 0
"p1016": 6.209532196424436E-05
"p1017": 3.0106822770542722E-05
"p1018": 1.1290058538953521E-05
"p1019": 0
"p1020": 5.645029269476762E-05
"p1021": 3.0106822770542726E-05
"p1022": 7.5267056926356815E-06
"p1023": 0
