"p1008": 9.596549758110492E-05
"p1009": 5.833196911792653E-05
"p1010": 0
"p1011": 0
"p1012": 6.39769983874033E-05
"p1013": 4.516023415581409E-05
"p1014": 3.0106822770542726E-05
"p1015": 0
"p1016": 0.0006058998082571724
"p1017": 0.00021074775939379907
"p1018": 2.6343469924224887E-05
"p1019": 0
"p1020": 0.0007752506863414751
"p1021": 0.00024085458216434178
"p1022": 2.8225146347383805E-05
"p1023": 0
