"p1008": 0.012921471997832303
"p1009": 0.004922465522983736
"p1010": 0.0009032046831162818
"p1011": 4.327855773265517E-05
"p1012": 6.39769983874033E-05
"p1013": 2.2580117077907042E-05
"p1014": 0
"p1015": 0
"p1016": 0.007743098481298956
"p1017": 0.0024254809094518487
"p1018": 0.000355636843977036
"p1019": 1.3171734962112444E-05
"p1020": 0.005014667667718523
"p1021": 0.0016916271044198695
"p1022": 0.00019945770085484554
"p1023": 9.408382115794602E-06
