"p1008": 0.010023690306167572
"p1009": 0.0033418573275302427
"p1010": 0.0006661134537982578
"p1011": 5.456861627160869E-05
"p1012": 0.01370236771344326
"p1013": 0.0052291787799586395
"p1014": 0.0009634183286573673
"p1015": 3.7633528463178407E-05
"p1016": 0.003125464538866966
"p1017": 0.0010368037091605651
"p1018": 0.00011854561465901196
"p1019": 7.5267056926356815E-06
"p1020": 0.0023803206752960344
"p1021": 0.0007997124798425412
"p1022": 9.972885042742278E-05
"p1023": 3.7633528463178407E-06
