"p1008": 1.5053411385271363E-05
"p1009": 1.8816764231589204E-06
"p1010": 0
"p1011": 0
"p1012": 5.45686162716087E-05
"p1013": 5.645029269476761E-06
"p1014": 0
"p1015": 0
"p1016": 0.0016671653109188033
"p1017": 0.0004365489301728696
"p1018": 6.021364554108545E-05
"p1019": 5.645029269476761E-06
"p1020": 0.002045382271973746
"p1021": 0.0006435333367203507
"p1022": 9.596549758110493E-05
"p1023": 5.645029269476761E-06
