"p1008": 0.0017236156036135705
"p1009": 0.000541922809869769
"p1010": 8.27937626189925E-05
"p1011": 5.645029269476761E-06
"p1012": 0
"p1013": 0
"p1014": 0
"p1015": 0
"p1016": 0.001576844842607175
"p1017": 0.00038198031390126086
"p1018": 3.575185204001949E-05
"p1019": 0
"p1020": 0.0006077814846803313
"p1021": 0.0002747247577812024
"p1022": 3.7633528463178407E-05
"p1023": 5.645029269476761E-06
