"p1008": 0.0002239194943559115
"p1009": 6.021364554108545E-05
"p1010": 0
"p1011": 0
"p1012": 0.00047606413505920693
"p1013": 0.00015241579027587256
"p1014": 2.8225146347383808E-05
"p1015": 0
"p1016": 0.004664675853010963
"p1017": 0.0012607232035164767
"p1018": 0.0001486524374295547
"p1019": 0
"p1020": 0.006036417965493816
"p1021": 0.0019983403613947734
"p1022": 0.00027848811062752024
"p1023": 0
