"p1008": 0.0006190715432192849
"p1009": 0.00014488908458323683
"p1010": 1.1290058538953523E-05
"p1011": 0
"p1012": 0.0007658423042256808
"p1013": 0.0001862859658927331
"p1014": 1.1290058538953523E-05
"p1015": 0
"p1016": 0.012356969070884632
"p1017": 0.0037802879341262714
"p1018": 0.0006303616017582384
"p1019": 4.51602341558141E-05
"p1020": 0.014662022689254312
"p1021": 0.0054192280986976905
"p1022": 0.0009859984457352743
"p1023": 4.139688130949625E-05
