"p1008": 0.0019475350979694826
"p1009": 0.0005400411334466102
"p1010": 8.279376261899251E-05
"p1011": 2.446179350106597E-05
"p1012": 0.004822736672556313
"p1013": 0.0015918982539924464
"p1014": 0.0002728430813580434
"p1015": 2.2580117077907045E-05
"p1016": 0.0003123582862443808
"p1017": 0.00011666393823585303
"p1018": 3.387017561686057E-05
"p1019": 1.8816764231589204E-06
"p1020": 0.0006774035123372113
"p1021": 0.0002258011707790704
"p1022": 3.387017561686057E-05
"p1023": 5.645029269476761E-06
