"p1008": 0.00031423996266753966
"p1009": 0.00013171734962112442
"p1010": 3.575185204001949E-05
"p1011": 0
"p1012": 0
"p1013": 0
"p1014": 0
"p1015": 0
"p1016": 0.0025816600525740384
"p1017": 0.0008015941562657001
"p1018": 7.526705692635681E-05
"p1019": 0
"p1020": 0.0006472966895666684
"p1021": 0.0003161216390906986
"p1022": 4.8923587002131926E-05
"p1023": 5.645029269476761E-06
