"p1008": 0.003001273894938478
"p1009": 0.0009239031237710299
"p1010": 0.00016558752523798497
"p1011": 1.1290058538953523E-05
"p1012": 0
"p1013": 0
"p1014": 0
"p1015": 0
"p1016": 0.0016878637515735514
"p1017": 0.0004572473708276176
"p1018": 9.596549758110495E-05
"p1019": 1.1290058538953523E-05
"p1020": 0.0015147495206429308
"p1021": 0.0004233771952107571
"p1022": 7.526705692635681E-05
"p1023": 2.258011707790705E-05
