"p1008": 0.01399779091187921
"p1009": 0.005806853441868428
"p1010": 0.001302120084825973
"p1011": 0.00010349220327374063
"p1012": 0.00013171734962112442
"p1013": 1.8816764231589203E-05
"p1014": 0
"p1015": 0
"p1016": 0.022521785108789123
"p1017": 0.00815518561797076
"p1018": 0.0015486196962597914
"p1019": 0.0001298356731979655
"p1020": 0.014842663625877564
"p1021": 0.005494495155624048
"p1022": 0.0011892194994364378
"p1023": 0.00015994249596850825
