"p1008": 0.000566384603370835
"p1009": 0.00013171734962112442
"p1010": 0
"p1011": 0
"p1012": 0.0007056286586845951
"p1013": 0.00020698440654748124
"p1014": 2.8225146347383808E-05
"p1015": 0
"p1016": 0.010477174324148868
"p1017": 0.0030445524526711326
"p1018": 0.00044407563586550526
"p1019": 2.2580117077907045E-05
"p1020": 0.009820469252466405
"p1021": 0.003460402942189254
"p1022": 0.0005249877220613388
"p1023": 1.3171734962112444E-05
