"p1008": 0.00543804486292928
"p1009": 0.001819581101194676
"p1010": 0.000329293374052811
"p1011": 3.198849919370165E-05
"p1012": 0.00012419064392848873
"p1013": 1.317173496211244E-05
"p1014": 0
"p1015": 0
"p1016": 0.0074740187527872325
"p1017": 0.0021131226232074672
"p1018": 0.0002935415220127916
"p1019": 2.0698440654748128E-05
"p1020": 0.005795563383329476
"p1021": 0.0019099015695063035
"p1022": 0.00032553002120649325
"p1023": 2.2580117077907045E-05
