"p1008": 0.010960765164900708
"p1009": 0.004352317566766582
"p1010": 0.0008636894782299444
"p1011": 6.962202765688005E-05
"p1012": 0.01749018235326217
"p1013": 0.006856828885991107
"p1014": 0.0013849138474449653
"p1015": 0.00012983567319796552
"p1016": 0.005142621664493329
"p1017": 0.0019023748638136685
"p1018": 0.00029165984558963265
"p1019": 9.408382115794602E-06
"p1020": 0.008911619540080646
"p1021": 0.00327599865271968
"p1022": 0.0005400411334466102
"p1023": 1.3171734962112444E-05
