"p1008": 9.032046831162818E-05
"p1009": 1.3171734962112444E-05
"p1010": 0
"p1011": 0
"p1012": 0
"p1013": 0
"p1014": 0
"p1015": 0
"p1016": 0.004630805677394104
"p1017": 0.0013472803189817871
"p1018": 0.00024461793501065964
"p1019": 2.2580117077907045E-05
"p1020": 0.001300238408402814
"p1021": 0.00030671325697490405
"p1022": 4.704191057897301E-05
"p1023": 1.6935087808430286E-05
