"p1008": 0.001016105268505817
"p1009": 0.0003029499041285862
"p1010": 4.516023415581409E-05
"p1011": 0
"p1012": 0
"p1013": 0
"p1014": 0
"p1015": 0
"p1016": 0.010257018182639275
"p1017": 0.003334330621837607
"p1018": 0.0006209532196424438
"p1019": 6.962202765688006E-05
"p1020": 0.004429466300116099
"p1021": 0.0013378719368659924
"p1022": 0.00025402631712645424
"p1023": 2.2580117077907045E-05
