"p1008": 0.004546130238351952
"p1009": 0.0017405506914220015
"p1010": 0.00035563684397703593
"p1011": 4.139688130949624E-05
"p1012": 0.00059272807329506
"p1013": 0.0001204272910821709
"p1014": 5.645029269476761E-06
"p1015": 0
"p1016": 0.06145743365679353
"p1017": 0.026074390195713164
"p1018": 0.006377001398085583
"p1019": 0.0008373460083057198
"p1020": 0.022661029164102883
"p1021": 0.009056508624663884
"p1022": 0.0018666230117736487
"p1023": 0.00015053411385271363
