"p1008": 0.0034641662950355714
"p1009": 0.0011741660880511663
"p1010": 0.000188167642315892
"p1011": 1.1290058538953523E-05
"p1012": 2.0698440654748124E-05
"p1013": 1.129005853895352E-05
"p1014": 0
"p1015": 0
"p1016": 0.0022090881207885724
"p1017": 0.0006341249546045561
"p1018": 0.00011854561465901199
"p1019": 1.1290058538953523E-05
"p1020": 0.0018120543955020402
"p1021": 0.0005212243692150209
"p1022": 8.843879188846925E-05
"p1023": 2.8225146347383808E-05
