"p1008": 0.008079918561044404
"p1009": 0.0030182089827469082
"p1010": 0.0005042892814065906
"p1011": 1.3171734962112444E-05
"p1012": 1.129005853895352E-05
"p1013": 1.129005853895352E-05
"p1014": 0
"p1015": 0
"p1016": 0.004290222244802339
"p1017": 0.0012588415270933177
"p1018": 0.00018816764231589206
"p1019": 1.8816764231589204E-06
"p1020": 0.002671980520885667
"p1021": 0.0008373460083057197
"p1022": 0.00011854561465901197
"p1023": 5.645029269476761E-06
