"p1008": 0.008253032791975024
"p1009": 0.0026795072265783024
"p1010": 0.0003876253431707376
"p1011": 1.6935087808430286E-05
"p1012": 0.014095638085883475
"p1013": 0.00535148774746397
"p1014": 0.0009446015644257779
"p1015": 4.327855773265517E-05
"p1016": 0.001610715018224036
"p1017": 0.00041773216594128044
"p1018": 4.516023415581409E-05
"p1019": 1.8816764231589204E-06
"p1020": 0.0023690306167570797
"p1021": 0.0008185292440741304
"p1022": 9.784717400426387E-05
"p1023": 3.7633528463178407E-06
