"p1008": 0.00037069025536230727
"p1009": 0.00012607232035164766
"p1010": 5.645029269476761E-06
"p1011": 0
"p1012": 0.0006736401594908935
"p1013": 0.00022391949435591148
"p1014": 3.3870175616860565E-05
"p1015": 0
"p1016": 0.006604684245287811
"p1017": 0.0018741497174662844
"p1018": 0.0002502629642801364
"p1019": 5.645029269476761E-06
"p1020": 0.009820469252466405
"p1021": 0.003460402942189254
"p1022": 0.0005249877220613388
"p1023": 1.3171734962112444E-05
