"p1008": 0.004216836864299141
"p1009": 0.0012193263222069805
"p1010": 0.0001486524374295547
"p1011": 0
"p1012": 0.00594045246791271
"p1013": 0.001979523597163184
"p1014": 0.00027848811062752024
"p1015": 0
"p1016": 0.000733853805031979
"p1017": 0.00017123255450746173
"p1018": 3.0106822770542722E-05
"p1019": 0
"p1020": 0.0007018653058382772
"p1021": 0.0001938126715853688
"p1022": 2.4461793501065963E-05
"p1023": 0
