"p1008": 0.00011290058538953522
"p1009": 5.080526342529085E-05
"p1010": 3.0106822770542726E-05
"p1011": 0
"p1012": 0
"p1013": 0
"p1014": 0
"p1015": 0
"p1016": 0.003484864735690321
"p1017": 0.0010669105319311078
"p1018": 0.00015241579027587256
"p1019": 5.645029269476761E-06
"p1020": 0.0006472966895666686
"p1021": 0.0003161216390906986
"p1022": 4.892358700213194E-05
"p1023": 5.645029269476761E-06
