"p1008": 0.00011101890896637629
"p1009": 6.0213645541085445E-05
"p1010": 0
"p1011": 0
"p1012": 0.00011290058538953522
"p1013": 5.080526342529085E-05
"p1014": 3.0106822770542726E-05
"p1015": 0
"p1016": 0.0019569434800852767
"p1017": 0.0006096631611034902
"p1018": 8.655711546531035E-05
"p1019": 5.645029269476761E-06
"p1020": 0.0020943058589758786
"p1021": 0.0007357354814551379
"p1022": 0.00011478226181269415
"p1023": 5.645029269476761E-06
