"p1008": 0.0056939528564788925
"p1009": 0.0017988826605399274
"p1010": 0.0003217666683601754
"p1011": 2.822514634738381E-05
"p1012": 0.00792562109434537
"p1013": 0.002609885198921422
"p1014": 0.00046101072367393553
"p1015": 4.704191057897301E-05
"p1016": 0.002506392995647682
"p1017": 0.0007263270993393432
"p1018": 8.27937626189925E-05
"p1019": 0
"p1020": 0.0026719805208856666
"p1021": 0.000803475832688859
"p1022": 9.032046831162817E-05
"p1023": 0
