"p1008": 0.0012550781742469998
"p1009": 0.00033117505047596993
"p1010": 2.6343469924224884E-05
"p1011": 0
"p1012": 0.00013548070246744226
"p1013": 5.645029269476761E-06
"p1014": 0
"p1015": 0
"p1016": 0.03152937014645089
"p1017": 0.010575021498153134
"p1018": 0.0017838292491546568
"p1019": 9.972885042742278E-05
"p1020": 0.0070882750860396535
"p1021": 0.0022994085891002002
"p1022": 0.0003010682277054272
"p1023": 1.3171734962112444E-05
