"p1008": 0.00029730487485910944
"p1009": 0.00013548070246744226
"p1010": 1.6935087808430286E-05
"p1011": 0
"p1012": 0.0009464832408489367
"p1013": 0.0003405834325917646
"p1014": 8.091208619583358E-05
"p1015": 1.1290058538953523E-05
"p1016": 0.003053960834786927
"p1017": 0.001023631974198453
"p1018": 0.00014112573173691902
"p1019": 1.1290058538953523E-05
"p1020": 0.0070882750860396535
"p1021": 0.0022994085891002002
"p1022": 0.00030106822770542725
"p1023": 1.3171734962112442E-05
