"p1008": 0.00047606413505920693
"p1009": 0.00015241579027587256
"p1010": 2.8225146347383808E-05
"p1011": 0
"p1012": 0
"p1013": 0
"p1014": 0
"p1015": 0
"p1016": 0.009809179193927452
"p1017": 0.0030163273063237494
"p1018": 0.00039138869601705546
"p1019": 0
"p1020": 0.0007752506863414752
"p1021": 0.00024085458216434183
"p1022": 2.8225146347383805E-05
"p1023": 0
