"p1008": 0.0003180033155138575
"p1009": 5.645029269476761E-05
"p1010": 0
"p1011": 0
"p1012": 0
"p1013": 0
"p1014": 0
"p1015": 0
"p1016": 0.015676246281336965
"p1017": 0.005131331605954376
"p1018": 0.0008392276847288786
"p1019": 3.575185204001949E-05
"p1020": 0.0021865080037106652
"p1021": 0.0006924569237224827
"p1022": 7.33853805031979E-05
"p1023": 0
