"p1008": 0.0038499099617831504
"p1009": 0.0011948645287059147
"p1010": 0.00021639278866327584
"p1011": 1.6935087808430286E-05
"p1012": 0
"p1013": 0
"p1014": 0
"p1015": 0
"p1016": 0.0027133774021951625
"p1017": 0.0007018653058382773
"p1018": 0.000118545614659012
"p1019": 1.1290058538953523E-05
"p1020": 0.0018459245711189005
"p1021": 0.0006228348960656026
"p1022": 0.0001034922032737406
"p1023": 2.8225146347383808E-05
