"p1008": 0.00037257193178546626
"p1009": 7.150370408003898E-05
"p1010": 0
"p1011": 0
"p1012": 0.0003274116976296521
"p1013": 5.645029269476761E-05
"p1014": 0
"p1015": 0
"p1016": 0.009016993419777545
"p1017": 0.002653163756654077
"p1018": 0.00040079707813285
"p1019": 2.2580117077907045E-05
"p1020": 0.008911619540080646
"p1021": 0.0032759986527196804
"p1022": 0.0005400411334466101
"p1023": 1.3171734962112444E-05
