"p1008": 0.0012155629693606626
"p1009": 0.00023144620004854718
"p1010": 2.2580117077907045E-05
"p1011": 0
"p1012": 0.0014601809043713221
"p1013": 0.0003518734911307181
"p1014": 4.516023415581409E-05
"p1015": 0
"p1016": 0.007398751695860876
"p1017": 0.0022391949435591144
"p1018": 0.00037069025536230727
"p1019": 2.822514634738381E-05
"p1020": 0.009404618762948283
"p1021": 0.0031141744803280134
"p1022": 0.0005061709578297496
"p1023": 4.704191057897301E-05
