"p1008": 0.0018252261304641524
"p1009": 0.000637888307450874
"p1010": 0.0001016105268505817
"p1011": 5.645029269476761E-06
"p1012": 0
"p1013": 0
"p1014": 0
"p1015": 0
"p1016": 0.0017292606328830477
"p1017": 0.00048735419359816035
"p1018": 6.209532196424438E-05
"p1019": 0
"p1020": 0.0007413805107246147
"p1021": 0.00036316354966967166
"p1022": 5.645029269476761E-05
"p1023": 5.645029269476761E-06
