"p1008": 0.0034829830592671613
"p1009": 0.0009276664766173479
"p1010": 0.0001223089675053298
"p1011": 9.408382115794602E-06
"p1012": 0.002767946018466772
"p1013": 0.0008505177432678318
"p1014": 9.596549758110493E-05
"p1015": 5.645029269476761E-06
"p1016": 0.0016408218409945787
"p1017": 0.0004045604309791679
"p1018": 3.0106822770542726E-05
"p1019": 0
"p1020": 0.0010255136506216115
"p1021": 0.00028225146347383805
"p1022": 1.6935087808430286E-05
"p1023": 0
