"p1008": 0.0006999836294151184
"p1009": 0.00016935087808430286
"p1010": 1.1290058538953523E-05
"p1011": 0
"p1012": 0
"p1013": 0
"p1014": 0
"p1015": 0
"p1016": 0.021697610835445514
"p1017": 0.007331011344627154
"p1018": 0.001262604879939636
"p1019": 6.021364554108545E-05
"p1020": 0.005076762989682768
"p1021": 0.0016558752523798499
"p1022": 0.00028225146347383805
"p1023": 2.2580117077907045E-05
