"p1008": 0.00034622846186124133
"p1009": 0.00010913723254321738
"p1010": 5.645029269476761E-06
"p1011": 0
"p1012": 0
"p1013": 0
"p1014": 0
"p1015": 0
"p1016": 0.0025873050818435153
"p1017": 0.0007658423042256805
"p1018": 7.903040977267466E-05
"p1019": 0
"p1020": 0.0004817091643286836
"p1021": 0.00018628596589273313
"p1022": 3.7633528463178407E-05
"p1023": 5.645029269476761E-06
