"p1008": 0.002630583639576171
"p1009": 0.000754552245686727
"p1010": 8.843879188846924E-05
"p1011": 1.8816764231589204E-06
"p1012": 0.001955061803662118
"p1013": 0.0005889647204487421
"p1014": 6.0213645541085445E-05
"p1015": 0
"p1016": 0.02412685509774368
"p1017": 0.008746032014842663
"p1018": 0.0018873214524283974
"p1019": 0.0002333278764717061
"p1020": 0.022661029164102883
"p1021": 0.009056508624663884
"p1022": 0.0018666230117736489
"p1023": 0.00015053411385271363
