"p1008": 0.0038141581097431323
"p1009": 0.0014037306116765548
"p1010": 0.0002784881106275202
"p1011": 7.5267056926356815E-06
"p1012": 0.0004760641350592069
"p1013": 0.00011666393823585305
"p1014": 5.645029269476761E-06
"p1015": 0
"p1016": 0.026377340099841745
"p1017": 0.010031217011860206
"p1018": 0.0019964586849716146
"p1019": 0.00017687758377693853
"p1020": 0.012671209033552172
"p1021": 0.004858488524596332
"p1022": 0.0010010518571205455
"p1023": 4.8923587002131926E-05
