"p1008": 0.0006397699838740329
"p1009": 0.0001223089675053298
"p1010": 0
"p1011": 0
"p1012": 3.0106822770542726E-05
"p1013": 0
"p1014": 0
"p1015": 0
"p1016": 0.014885942183610222
"p1017": 0.005375949540965035
"p1018": 0.0011986278815522323
"p1019": 0.0001825226130464153
"p1020": 0.004429466300116099
"p1021": 0.0013378719368659926
"p1022": 0.00025402631712645424
"p1023": 2.2580117077907045E-05
