"p1008": 0.0011402959124343056
"p1009": 0.00035375516755387705
"p1010": 4.516023415581409E-05
"p1011": 0
"p1012": 0
"p1013": 0
"p1014": 0
"p1015": 0
"p1016": 0.025205055688213743
"p1017": 0.008239861057012913
"p1018": 0.0012701315856322715
"p1019": 5.268693984844977E-05
"p1020": 0.005771101589828409
"p1021": 0.0019174282751989397
"p1022": 0.000329293374052811
"p1023": 2.8225146347383805E-05
