"p1008": 0.0015467380198366325
"p1009": 0.000402678754556009
"p1010": 6.021364554108545E-05
"p1011": 1.8816764231589207E-05
"p1012": 0.004177321659412803
"p1013": 0.0012682499092091125
"p1014": 0.00024461793501065964
"p1015": 2.2580117077907045E-05
"p1016": 0.00022956452362538827
"p1017": 6.962202765688005E-05
"p1018": 2.2580117077907045E-05
"p1019": 1.8816764231589204E-06
"p1020": 0.00048170916432868367
"p1021": 0.0001862859658927331
"p1022": 3.7633528463178407E-05
"p1023": 5.645029269476761E-06
