"p1008": 0.0007056286586845951
"p1009": 0.00020698440654748124
"p1010": 2.8225146347383808E-05
"p1011": 0
"p1012": 0
"p1013": 0
"p1014": 0
"p1015": 0
"p1016": 0.0181939293355236
"p1017": 0.005774864942674727
"p1018": 0.0008806245660383748
"p1019": 3.575185204001949E-05
"p1020": 0.0021582828573632816
"p1021": 0.0006774035123372113
"p1022": 6.021364554108545E-05
"p1023": 0
