"p1008": 0.007037469822614362
"p1009": 0.00224860332567491
"p1010": 0.000378216961054943
"p1011": 2.2580117077907045E-05
"p1012": 0.008437437081444598
"p1013": 0.003104766098212219
"p1014": 0.0005400411334466101
"p1015": 1.3171734962112444E-05
"p1016": 0.0026550454330772364
"p1017": 0.0006529417188361454
"p1018": 3.387017561686057E-05
"p1019": 0
"p1020": 0.0010255136506216115
"p1021": 0.00028225146347383805
"p1022": 1.6935087808430286E-05
"p1023": 0
