"p1008": 0.0024160725273360533
"p1009": 0.0007507888928404093
"p1010": 9.032046831162818E-05
"p1011": 5.645029269476761E-06
"p1012": 4.892358700213193E-05
"p1013": 0
"p1014": 0
"p1015": 0
"p1016": 0.00451602341558141
"p1017": 0.0010800822668932202
"p1018": 9.972885042742278E-05
"p1019": 5.645029269476761E-06
"p1020": 0.00210747759393799
"p1021": 0.0006341249546045562
"p1022": 7.714873334951573E-05
"p1023": 3.7633528463178407E-06
