"p1008": 4.327855773265517E-05
"p1009": 5.645029269476761E-06
"p1010": 0
"p1011": 0
"p1012": 9.032046831162818E-05
"p1013": 1.3171734962112444E-05
"p1014": 0
"p1015": 0
"p1016": 0.001701035486535664
"p1017": 0.00043654893017286954
"p1018": 6.585867481056221E-05
"p1019": 2.0698440654748128E-05
"p1020": 0.004429466300116099
"p1021": 0.0013378719368659926
"p1022": 0.00025402631712645424
"p1023": 2.2580117077907045E-05
