"p1008": 0.0009464832408489367
"p1009": 0.0003405834325917646
"p1010": 8.091208619583358E-05
"p1011": 1.1290058538953523E-05
"p1012": 0
"p1013": 0
"p1014": 0
"p1015": 0
"p1016": 0.008424265346482487
"p1017": 0.002722785784310958
"p1018": 0.00038198031390126086
"p1019": 2.0698440654748128E-05
"p1020": 0.0019249549808915754
"p1021": 0.0006548233952593044
"p1022": 7.714873334951574E-05
"p1023": 3.7633528463178407E-06
