"p1008": 0.001477115992179752
"p1009": 0.0004534840179812998
"p1010": 8.091208619583358E-05
"p1011": 1.1290058538953523E-05
"p1012": 3.0106822770542726E-05
"p1013": 0
"p1014": 0
"p1015": 0
"p1016": 0.017388571826411583
"p1017": 0.006264100812696047
"p1018": 0.0013849138474449653
"p1019": 0.0001938126715853688
"p1020": 0.005219770397842846
"p1021": 0.001744314044268319
"p1022": 0.00029730487485910944
"p1023": 2.2580117077907045E-05
