"p1008": 0.0002239194943559115
"p1009": 0.00011666393823585305
"p1010": 1.1290058538953523E-05
"p1011": 0
"p1012": 0.0004158504895181214
"p1013": 0.0001486524374295547
"p1014": 3.575185204001949E-05
"p1015": 0
"p1016": 0.0032289567421407072
"p1017": 0.0009972885042742277
"p1018": 0.00016370584881482606
"p1019": 3.198849919370165E-05
"p1020": 0.005771101589828409
"p1021": 0.0019174282751989393
"p1022": 0.000329293374052811
"p1023": 2.8225146347383808E-05
