"p1008": 0.0008448727139983552
"p1009": 0.00023709122931802394
"p1010": 3.198849919370165E-05
"p1011": 5.645029269476761E-06
"p1012": 0.0021658095630559173
"p1013": 0.0006905752472993237
"p1014": 7.33853805031979E-05
"p1015": 0
"p1016": 0.00012795399677480656
"p1017": 5.833196911792653E-05
"p1018": 1.1290058538953523E-05
"p1019": 0
"p1020": 0.0003274116976296521
"p1021": 0.00010537387969689955
"p1022": 7.5267056926356815E-06
"p1023": 0
