"p1008": 0.005985612702068526
"p1009": 0.0018064093662325633
"p1010": 0.0002502629642801364
"p1011": 5.645029269476761E-06
"p1012": 0.009615366522342083
"p1013": 0.0034246510901492348
"p1014": 0.0005249877220613388
"p1015": 1.3171734962112444E-05
"p1016": 0.0010443304148532008
"p1017": 0.00029354152201279153
"p1018": 5.268693984844976E-05
"p1019": 1.8816764231589204E-06
"p1020": 0.001155349323819577
"p1021": 0.0003481101382844002
"p1022": 3.951520488633733E-05
"p1023": 0
