"p1008": 0.005863303734563194
"p1009": 0.001964470185777913
"p1010": 0.00027284308135804345
"p1011": 0
"p1012": 0
"p1013": 0
"p1014": 0
"p1015": 0
"p1016": 0.00404184095694536
"p1017": 0.001136532559587988
"p1018": 0.00014865243742955472
"p1019": 0
"p1020": 0.0013491619954049457
"p1021": 0.00040079707813285006
"p1022": 5.268693984844977E-05
"p1023": 0
