"p1008": 0.0002728430813580434
"p1009": 3.198849919370165E-05
"p1010": 0
"p1011": 0
"p1012": 0.0007093920115309128
"p1013": 0.0001223089675053298
"p1014": 0
"p1015": 0
"p1016": 0.006322432781813973
"p1017": 0.0020435005955505878
"p1018": 0.00043466725374971066
"p1019": 5.645029269476761E-05
"p1020": 0.012923353674255466
"p1021": 0.004854725171750015
"p1022": 0.0010687922083542668
"p1023": 0.00015429746669903146
