"p1008": 0.020348448840040563
"p1009": 0.00796701797565487
"p1010": 0.0018101727190788816
"p1011": 0.00021639278866327586
"p1012": 0.020713494066133396
"p1013": 0.008533402579025703
"p1014": 0.001838397865426265
"p1015": 0.00014112573173691902
"p1016": 0.013213131843421941
"p1017": 0.004431347976539258
"p1018": 0.00042525887163391595
"p1019": 1.5053411385271361E-05
"p1020": 0.007955727917115915
"p1021": 0.0027039690200793684
"p1022": 0.0002991865512822683
"p1023": 1.3171734962112442E-05
