"p1008": 0.013672260890672716
"p1009": 0.004937518934369007
"p1010": 0.001017986944928976
"p1011": 0.00010349220327374062
"p1012": 0.02049145624820065
"p1013": 0.008283139614745567
"p1014": 0.0017537224263841137
"p1015": 0.0001392440553137601
"p1016": 0.005537773713356704
"p1017": 0.0017556041028072725
"p1018": 0.0002013393772780045
"p1019": 9.408382115794602E-06
"p1020": 0.0034246510901492356
"p1021": 0.0011214791482027165
"p1022": 0.00010725555612005845
"p1023": 5.645029269476761E-06
