"p1008": 0.0017179705743440939
"p1009": 0.0005513311919855636
"p1010": 8.091208619583358E-05
"p1011": 5.645029269476761E-06
"p1012": 0.0020303288605884747
"p1013": 0.0006981019529919595
"p1014": 0.00011478226181269415
"p1015": 5.645029269476761E-06
"p1016": 0.0003800986374781019
"p1017": 0.00014488908458323686
"p1018": 1.6935087808430282E-05
"p1019": 0
"p1020": 0.00019757602443168663
"p1021": 0.00011666393823585303
"p1022": 7.5267056926356815E-06
"p1023": 0
