"p1008": 0.0005362777806002923
"p1009": 0.0001373623788906012
"p1010": 1.1290058538953523E-05
"p1011": 0
"p1012": 0
"p1013": 0
"p1014": 0
"p1015": 0
"p1016": 0.017315186445908386
"p1017": 0.006358184633853991
"p1018": 0.0012795399677480658
"p1019": 7.150370408003898E-05
"p1020": 0.004429466300116099
"p1021": 0.0013378719368659926
"p1022": 0.00025402631712645424
"p1023": 2.2580117077907045E-05
