"p1008": 0.01634424141155838
"p1009": 0.006615974303826764
"p1010": 0.0014037306116765546
"p1011": 0.0001016105268505817
"p1012": 0.00012795399677480656
"p1013": 1.8816764231589203E-05
"p1014": 0
"p1015": 0
"p1016": 0.028055795469299507
"p1017": 0.010063205511053908
"p1018": 0.0015806081954534933
"p1019": 0.00010913723254321738
"p1020": 0.016829713928733385
"p1021": 0.006457913484281415
"p1022": 0.0013096467905186083
"p1023": 0.000165587525237985
