"p1008": 0.0007357354814551379
"p1009": 9.032046831162818E-05
"p1010": 1.1290058538953523E-05
"p1011": 0
"p1012": 0.0006077814846803312
"p1013": 7.903040977267466E-05
"p1014": 0
"p1015": 0
"p1016": 0.004611988913162514
"p1017": 0.0011967462051290733
"p1018": 0.0001467707610063958
"p1019": 9.408382115794602E-06
"p1020": 0.003424651090149235
"p1021": 0.0011214791482027163
"p1022": 0.00010725555612005847
"p1023": 5.645029269476761E-06
