"p1008": 0.0013924405531376008
"p1009": 0.0003518734911307181
"p1010": 4.516023415581409E-05
"p1011": 0
"p1012": 7.903040977267465E-05
"p1013": 0
"p1014": 0
"p1015": 0
"p1016": 0.012793518001057503
"p1017": 0.003746417758509411
"p1018": 0.0005946097497182189
"p1019": 5.2686939848449775E-05
"p1020": 0.005219770397842845
"p1021": 0.001744314044268319
"p1022": 0.0002973048748591094
"p1023": 2.2580117077907045E-05
