"p1008": 9.032046831162818E-05
"p1009": 5.2686939848449775E-05
"p1010": 1.1290058538953523E-05
"p1011": 0
"p1012": 0.00034622846186124133
"p1013": 0.00010913723254321738
"p1014": 5.645029269476761E-06
"p1015": 0
"p1016": 0.0009013230066931228
"p1017": 0.00024461793501065964
"p1018": 3.198849919370165E-05
"p1019": 5.645029269476761E-06
"p1020": 0.0021865080037106652
"p1021": 0.0006924569237224827
"p1022": 7.33853805031979E-05
"p1023": 0
