"p1008": 0.0014300740816007794
"p1009": 0.00036880857893914834
"p1010": 5.456861627160869E-05
"p1011": 5.645029269476761E-06
"p1012": 0.002002103714241091
"p1013": 0.0006228348960656027
"p1014": 9.596549758110493E-05
"p1015": 5.645029269476761E-06
"p1016": 0.00033682007974544673
"p1017": 0.0001204272910821709
"p1018": 5.645029269476761E-06
"p1019": 0
"p1020": 0.00016935087808430283
"p1021": 0.00010913723254321736
"p1022": 0
"p1023": 0
