"p1008": 0.0004158504895181214
"p1009": 0.0001486524374295547
"p1010": 3.575185204001949E-05
"p1011": 0
"p1012": 0
"p1013": 0
"p1014": 0
"p1015": 0
"p1016": 0.007060049939692271
"p1017": 0.0022053247679422543
"p1018": 0.00035751852040019486
"p1019": 2.8225146347383808E-05
"p1020": 0.0019042565402368273
"p1021": 0.0006811668651835291
"p1022": 0.00011854561465901196
"p1023": 2.822514634738381E-05
