"p1008": 6.39769983874033E-05
"p1009": 4.516023415581409E-05
"p1010": 3.0106822770542726E-05
"p1011": 0
"p1012": 0
"p1013": 0
"p1014": 0
"p1015": 0
"p1016": 0.0012155629693606624
"p1017": 0.0003706902553623074
"p1018": 4.327855773265517E-05
"p1019": 0
"p1020": 0.0002559079935496131
"p1021": 0.0001392440553137601
"p1022": 1.1290058538953523E-05
"p1023": 0
