"p1008": 0.00017499590735377957
"p1009": 0.00011101890896637629
"p1010": 1.1290058538953523E-05
"p1011": 0
"p1012": 0.00031423996266753966
"p1013": 0.00013171734962112442
"p1014": 3.575185204001949E-05
"p1015": 0
"p1016": 0.0009803534164657974
"p1017": 0.0003499918147075592
"p1018": 5.268693984844977E-05
"p1019": 5.645029269476761E-06
"p1020": 0.002158282857363281
"p1021": 0.0006774035123372113
"p1022": 6.021364554108546E-05
"p1023": 0
