"p1008": 0.0064955470127445935
"p1009": 0.0023276337354475847
"p1010": 0.0004704191057897301
"p1011": 6.021364554108545E-05
"p1012": 0.013709894419135893
"p1013": 0.005099343106760673
"p1014": 0.001138414236011147
"p1015": 0.00015994249596850825
"p1016": 0.001571199813337698
"p1017": 0.0005099343106760675
"p1018": 0.00011854561465901199
"p1019": 1.8816764231589204E-06
"p1020": 0.002671980520885667
"p1021": 0.0008373460083057198
"p1022": 0.00011854561465901199
"p1023": 5.645029269476761E-06
