"p1008": 0.0025270914363024295
"p1009": 0.0009446015644257781
"p1010": 0.00017875926020009743
"p1011": 1.8816764231589203E-05
"p1012": 4.139688130949625E-05
"p1013": 0
"p1014": 0
"p1015": 0
"p1016": 0.037609066669677345
"p1017": 0.013753172976868554
"p1018": 0.0026851522558477797
"p1019": 0.00021262943581695803
"p1020": 0.009404618762948284
"p1021": 0.0031141744803280125
"p1022": 0.0005061709578297496
"p1023": 4.7041910578973015E-05
