"p1008": 0.0010480937676995185
"p1009": 0.00031988499193701646
"p1010": 4.516023415581409E-05
"p1011": 0
"p1012": 0.0012155629693606626
"p1013": 0.0003970337252865321
"p1014": 5.833196911792653E-05
"p1015": 1.1290058538953523E-05
"p1016": 0.017934257989127674
"p1017": 0.006143673521613874
"p1018": 0.0011647577059353718
"p1019": 0.00011290058538953522
"p1020": 0.022661029164102883
"p1021": 0.009056508624663884
"p1022": 0.0018666230117736487
"p1023": 0.00015053411385271363
