"p1008": 0.0005852013676024241
"p1009": 0.00019381267158536877
"p1010": 1.1290058538953523E-05
"p1011": 0
"p1012": 0.0017142072214977766
"p1013": 0.0006416516602971918
"p1014": 0.00012607232035164768
"p1015": 7.5267056926356815E-06
"p1016": 0.009432843909295668
"p1017": 0.0028507397810857643
"p1018": 0.00038198031390126086
"p1019": 1.6935087808430286E-05
"p1020": 0.01458675563232795
"p1021": 0.005530247007664068
"p1022": 0.0009502465936952546
"p1023": 4.327855773265517E-05
