"p1008": 0.0005663846033708349
"p1009": 0.0001674692016611439
"p1010": 1.6935087808430286E-05
"p1011": 0
"p1012": 0.0015072228149502949
"p1013": 0.0004534840179812998
"p1014": 8.091208619583358E-05
"p1015": 1.1290058538953523E-05
"p1016": 0.0074533203121324824
"p1017": 0.0025741333468814027
"p1018": 0.0005268693984844977
"p1019": 6.209532196424438E-05
"p1020": 0.014842663625877566
"p1021": 0.005494495155624049
"p1022": 0.0011892194994364378
"p1023": 0.00015994249596850825
