"p1008": 5.2686939848449775E-05
"p1009": 5.645029269476761E-06
"p1010": 0
"p1011": 0
"p1012": 0
"p1013": 0
"p1014": 0
"p1015": 0
"p1016": 0.0032176666836017534
"p1017": 0.0008730978603457391
"p1018": 0.00011854561465901199
"p1019": 5.645029269476761E-06
"p1020": 0.00048170916432868367
"p1021": 0.0001862859658927331
"p1022": 3.7633528463178407E-05
"p1023": 5.645029269476761E-06
