"p1008": 0.01679960710596284
"p1009": 0.006751455006294206
"p1010": 0.0016728103401882804
"p1011": 0.0002314462000485472
"p1012": 0.01843102056484163
"p1013": 0.007701701599989463
"p1014": 0.0017311423093062065
"p1015": 0.00014300740816007793
"p1016": 0.010398143914376195
"p1017": 0.0033531473860691956
"p1018": 0.00041396881309496247
"p1019": 1.5053411385271361E-05
"p1020": 0.007088275086039654
"p1021": 0.0022994085891002007
"p1022": 0.0003010682277054272
"p1023": 1.3171734962112442E-05
