"p1008": 0.0005400411334466101
"p1009": 7.903040977267466E-05
"p1010": 0
"p1011": 0
"p1012": 7.903040977267465E-05
"p1013": 0
"p1014": 0
"p1015": 0
"p1016": 0.006984782882765913
"p1017": 0.001748077397114637
"p1018": 0.00019004931873905096
"p1019": 1.1290058538953523E-05
"p1020": 0.0019249549808915752
"p1021": 0.0006548233952593043
"p1022": 7.714873334951573E-05
"p1023": 3.7633528463178407E-06
