"p1008": 0.005355251100310288
"p1009": 0.0017574857792304317
"p1010": 0.0003725719317854663
"p1011": 5.4568616271608685E-05
"p1012": 0.011931710199250715
"p1013": 0.0045084967098887735
"p1014": 0.0010236319741984527
"p1015": 0.00015429746669903146
"p1016": 0.0014225473759081437
"p1017": 0.0004591290472507766
"p1018": 0.00010725555612005847
"p1019": 1.8816764231589204E-06
"p1020": 0.002045382271973746
"p1021": 0.0006435333367203508
"p1022": 9.596549758110493E-05
"p1023": 5.645029269476761E-06
