"p1008": 0.001955061803662118
"p1009": 0.0005889647204487421
"p1010": 6.0213645541085445E-05
"p1011": 0
"p1012": 0.00010161052685058169
"p1013": 5.645029269476761E-06
"p1014": 0
"p1015": 0
"p1016": 0.03539433351961929
"p1017": 0.012947815467756531
"p1018": 0.0026945606379635743
"p1019": 0.00022203781793275255
"p1020": 0.012923353674255466
"p1021": 0.004854725171750014
"p1022": 0.0010687922083542666
"p1023": 0.00015429746669903146
