"p1008": 0.0024442976736834374
"p1009": 0.0006510600424129865
"p1010": 0.00010537387969689954
"p1011": 2.446179350106597E-05
"p1012": 0.0050824080189522435
"p1013": 0.0015505013726829502
"p1014": 0.00029542319843595046
"p1015": 2.8225146347383808E-05
"p1016": 0.0005231060456381798
"p1017": 0.0001844042894695742
"p1018": 2.8225146347383808E-05
"p1019": 1.8816764231589204E-06
"p1020": 0.0006077814846803314
"p1021": 0.0002747247577812024
"p1022": 3.7633528463178407E-05
"p1023": 5.645029269476761E-06
