"p1008": 0.008983123244160687
"p1009": 0.003202613272216483
"p1010": 0.0004892358700213193
"p1011": 1.3171734962112444E-05
"p1012": 1.129005853895352E-05
"p1013": 1.129005853895352E-05
"p1014": 0
"p1015": 0
"p1016": 0.005214125368573367
"p1017": 0.0015505013726829502
"p1018": 0.00020886608297064017
"p1019": 1.8816764231589204E-06
"p1020": 0.002854503133932083
"p1021": 0.0009558916229647316
"p1022": 0.0001486524374295547
"p1023": 5.645029269476761E-06
