"p1008": 0.00041396881309496247
"p1009": 0.00012042729108217092
"p1010": 5.645029269476761E-06
"p1011": 0
"p1012": 0
"p1013": 0
"p1014": 0
"p1015": 0
"p1016": 0.0055547088011651344
"p1017": 0.00172549728003673
"p1018": 0.0002784881106275202
"p1019": 2.2580117077907045E-05
"p1020": 0.0015147495206429312
"p1021": 0.0004233771952107571
"p1022": 7.526705692635681E-05
"p1023": 2.2580117077907045E-05
