"p1008": 0.001162876029512213
"p1009": 0.0003970337252865321
"p1010": 5.833196911792653E-05
"p1011": 1.1290058538953523E-05
"p1012": 4.139688130949625E-05
"p1013": 0
"p1014": 0
"p1015": 0
"p1016": 0.03210139977909118
"p1017": 0.01204649246106341
"p1018": 0.002429244262298167
"p1019": 0.0002032210537011634
"p1020": 0.00847130725706146
"p1021": 0.002811224576199426
"p1022": 0.0005118159870992264
"p1023": 5.2686939848449775E-05
