"p1008": 0.01739609853210422
"p1009": 0.00716542381938917
"p1010": 0.0015900165775692878
"p1011": 0.00013171734962112442
"p1012": 1.8816764231589203E-05
"p1013": 3.7633528463178407E-06
"p1014": 0
"p1015": 0
"p1016": 0.015282975908896755
"p1017": 0.005255522249882864
"p1018": 0.0008825062424615337
"p1019": 7.150370408003896E-05
"p1020": 0.009404618762948286
"p1021": 0.003114174480328012
"p1022": 0.0005061709578297497
"p1023": 4.7041910578973015E-05
