"p1008": 0.007933147800038008
"p1009": 0.0029448236022437107
"p1010": 0.0005099343106760674
"p1011": 1.3171734962112444E-05
"p1012": 3.7633528463178407E-06
"p1013": 0
"p1014": 0
"p1015": 0
"p1016": 0.008098735325275993
"p1017": 0.0024198358801823714
"p1018": 0.00034058343259176454
"p1019": 2.2580117077907045E-05
"p1020": 0.0026719805208856666
"p1021": 0.000803475832688859
"p1022": 9.032046831162818E-05
"p1023": 0
