"p1008": 0.0017142072214977766
"p1009": 0.0006416516602971918
"p1010": 0.00012607232035164768
"p1011": 7.5267056926356815E-06
"p1012": 0
"p1013": 0
"p1014": 0
"p1015": 0
"p1016": 0.020583658392935435
"p1017": 0.007236927523469209
"p1018": 0.0012193263222069807
"p1019": 5.45686162716087E-05
"p1020": 0.0034246510901492356
"p1021": 0.0011214791482027165
"p1022": 0.00010725555612005845
"p1023": 5.645029269476761E-06
