"p1008": 0.0003669269025159894
"p1009": 8.843879188846926E-05
"p1010": 1.1290058538953523E-05
"p1011": 0
"p1012": 0.00059272807329506
"p1013": 0.0001542974666990315
"p1014": 1.1290058538953523E-05
"p1015": 0
"p1016": 0.00960031311095681
"p1017": 0.0031273462152901256
"p1018": 0.0006077814846803313
"p1019": 4.892358700213193E-05
"p1020": 0.012671209033552172
"p1021": 0.004858488524596332
"p1022": 0.0010010518571205457
"p1023": 4.8923587002131926E-05
