"p1008": 0.0009257848001941887
"p1009": 0.0002653163756654077
"p1010": 1.6935087808430282E-05
"p1011": 0
"p1012": 0.0011402959124343056
"p1013": 0.00035375516755387705
"p1014": 4.516023415581409E-05
"p1015": 0
"p1016": 0.014712827952679596
"p1017": 0.004465218152156118
"p1018": 0.000735735481455138
"p1019": 5.080526342529086E-05
"p1020": 0.016361176499366817
"p1021": 0.005816261823984223
"p1022": 0.0009295481530405068
"p1023": 3.3870175616860565E-05
