"p1008": 0.0015862532247229698
"p1009": 0.0005306327513308154
"p1010": 6.021364554108545E-05
"p1011": 0
"p1012": 2.0698440654748124E-05
"p1013": 1.129005853895352E-05
"p1014": 0
"p1015": 0
"p1016": 0.0010725555612005845
"p1017": 0.0002860148163201559
"p1018": 3.0106822770542726E-05
"p1019": 0
"p1020": 0.0006774035123372114
"p1021": 0.00022580117077907038
"p1022": 3.387017561686057E-05
"p1023": 5.645029269476761E-06
