"p1008": 0.01071802890631321
"p1009": 0.004041840956945361
"p1010": 0.0009144947416552352
"p1011": 0.00012607232035164766
"p1012": 0.0001373623788906012
"p1013": 2.6343469924224884E-05
"p1014": 0
"p1015": 0
"p1016": 0.007013008029113296
"p1017": 0.002389729057411829
"p1018": 0.0005155793399455442
"p1019": 6.774035123372113E-05
"p1020": 0.006333722840352927
"p1021": 0.002092424182552719
"p1022": 0.0003650452260928305
"p1023": 2.8225146347383808E-05
