"p1008": 0.00533455265965554
"p1009": 0.0018026460133862459
"p1010": 0.00027284308135804345
"p1011": 1.3171734962112442E-05
"p1012": 0.00011101890896637632
"p1013": 2.2580117077907042E-05
"p1014": 0
"p1015": 0
"p1016": 0.0031819148315617336
"p1017": 0.0009634183286573673
"p1018": 0.00011478226181269415
"p1019": 7.5267056926356815E-06
"p1020": 0.0023803206752960335
"p1021": 0.0007997124798425411
"p1022": 9.972885042742278E-05
"p1023": 3.7633528463178407E-06
