"p1008": 0.013499146659742096
"p1009": 0.005340197688925016
"p1010": 0.0010669105319311078
"p1011": 9.972885042742278E-05
"p1012": 0.00040644210740232675
"p1013": 6.585867481056221E-05
"p1014": 5.645029269476761E-06
"p1015": 0
"p1016": 0.013849138474449655
"p1017": 0.005223533750689163
"p1018": 0.0010010518571205457
"p1019": 8.091208619583358E-05
"p1020": 0.01466202268925431
"p1021": 0.0054192280986976905
"p1022": 0.0009859984457352743
"p1023": 4.139688130949625E-05
