"p1008": 0.005874593793102149
"p1009": 0.0022580117077907044
"p1010": 0.0004233771952107571
"p1011": 1.8816764231589203E-05
"p1012": 0.004779458114823658
"p1013": 0.0017706575141925437
"p1014": 0.00034999181470755914
"p1015": 4.139688130949624E-05
"p1016": 0.039204728276516124
"p1017": 0.01600742133181294
"p1018": 0.0036259904674272397
"p1019": 0.0003857436667475787
"p1020": 0.040435344657262055
"p1021": 0.01847994415184376
"p1022": 0.004506615033465614
"p1023": 0.0006002547789876956
