"p1008": 0.004581882090391971
"p1009": 0.0016483485466872137
"p1010": 0.00033305672689912887
"p1011": 3.951520488633733E-05
"p1012": 0.007366763196667173
"p1013": 0.0025421448476877005
"p1014": 0.00047794581148236586
"p1015": 5.2686939848449775E-05
"p1016": 0.0019926953321252965
"p1017": 0.0006717584830677346
"p1018": 5.4568616271608685E-05
"p1019": 0
"p1020": 0.0021865080037106652
"p1021": 0.0006924569237224827
"p1022": 7.338538050319788E-05
"p1023": 0
