"p1008": 0.009649236697958943
"p1009": 0.003193204890100688
"p1010": 0.00059272807329506
"p1011": 4.51602341558141E-05
"p1012": 0.013596993833746358
"p1013": 0.005108751488876469
"p1014": 0.0009634183286573673
"p1015": 3.7633528463178407E-05
"p1016": 0.003594001968233538
"p1017": 0.000970945034350003
"p1018": 8.655711546531035E-05
"p1019": 5.645029269476761E-06
"p1020": 0.0021074775939379908
"p1021": 0.0006341249546045562
"p1022": 7.714873334951574E-05
"p1023": 3.7633528463178407E-06
