"p1008": 0.0041528598659117365
"p1009": 0.001430074081600779
"p1010": 0.00023520955289486501
"p1011": 1.6935087808430286E-05
"p1012": 2.0698440654748124E-05
"p1013": 1.129005853895352E-05
"p1014": 0
"p1015": 0
"p1016": 0.003069014246172199
"p1017": 0.000893796301000487
"p1018": 0.00015617914312219037
"p1019": 1.1290058538953523E-05
"p1020": 0.002182744650864347
"p1021": 0.0007903040977267463
"p1022": 0.00013548070246744223
"p1023": 3.3870175616860565E-05
