"p1008": 0.00299751054209216
"p1009": 0.0008279376261899249
"p1010": 8.091208619583357E-05
"p1011": 1.8816764231589204E-06
"p1012": 0.0020378555662811104
"p1013": 0.0006002547789876956
"p1014": 6.0213645541085445E-05
"p1015": 0
"p1016": 0.03000897559653847
"p1017": 0.010556204733921546
"p1018": 0.0020491456248200642
"p1019": 0.00021827446508643477
"p1020": 0.02554752079722867
"p1021": 0.00995218660208753
"p1022": 0.0019663518622010717
"p1023": 0.00014865243742955472
