"p1008": 0.00963794663941999
"p1009": 0.003883780137400011
"p1010": 0.0008222925969204483
"p1011": 3.7633528463178407E-05
"p1012": 3.7633528463178407E-06
"p1013": 0
"p1014": 0
"p1015": 0
"p1016": 0.008303838055400315
"p1017": 0.002892136662395261
"p1018": 0.0005061709578297496
"p1019": 3.9515204886337324E-05
"p1020": 0.005219770397842845
"p1021": 0.0017443140442683191
"p1022": 0.0002973048748591094
"p1023": 2.2580117077907045E-05
