"p1008": 0.005219770397842846
"p1009": 0.0014996961092576594
"p1010": 0.0002239194943559115
"p1011": 5.645029269476761E-06
"p1012": 0.008717806868495277
"p1013": 0.003245891829949137
"p1014": 0.0005400411334466101
"p1015": 1.3171734962112444E-05
"p1016": 0.0008599261253836267
"p1017": 0.00025402631712645424
"p1018": 3.9515204886337324E-05
"p1019": 1.8816764231589204E-06
"p1020": 0.001023631974198453
"p1021": 0.0003029499041285862
"p1022": 2.8225146347383805E-05
"p1023": 0
