"p1008": 0.002803697870506791
"p1009": 0.001017986944928976
"p1010": 0.00014488908458323686
"p1011": 1.1290058538953523E-05
"p1012": 0.006807905298988975
"p1013": 0.0022260232085970027
"p1014": 0.0002954231984359505
"p1015": 1.3171734962112442E-05
"p1016": 0.00046289240009709447
"p1017": 0.00012230896750532982
"p1018": 1.8816764231589203E-05
"p1019": 0
"p1020": 0.0010236319741984525
"p1021": 0.0003029499041285862
"p1022": 2.8225146347383805E-05
"p1023": 0
