"p1008": 0.00012795399677480656
"p1009": 1.8816764231589207E-05
"p1010": 0
"p1011": 0
"p1012": 0
"p1013": 0
"p1014": 0
"p1015": 0
"p1016": 0.0064221616322413955
"p1017": 0.0018120543955020404
"p1018": 0.0003180033155138575
"p1019": 2.8225146347383808E-05
"p1020": 0.0015147495206429308
"p1021": 0.00042337719521075713
"p1022": 7.526705692635681E-05
"p1023": 2.2580117077907045E-05
