"p1008": 0.0006736401594908935
"p1009": 0.00022391949435591148
"p1010": 3.3870175616860565E-05
"p1011": 0
"p1012": 0
"p1013": 0
"p1014": 0
"p1015": 0
"p1016": 0.01396768408910867
"p1017": 0.004572473708276176
"p1018": 0.0006454150131435097
"p1019": 1.3171734962112444E-05
"p1020": 0.0020943058589758777
"p1021": 0.0007357354814551377
"p1022": 0.00011478226181269414
"p1023": 5.645029269476761E-06
