"p1008": 0.002355858881794969
"p1009": 0.0005870830440255832
"p1010": 3.575185204001949E-05
"p1011": 1.8816764231589204E-06
"p1012": 0.0012550781742469996
"p1013": 0.00033117505047596993
"p1014": 2.6343469924224884E-05
"p1015": 0
"p1016": 0.021961045534687765
"p1017": 0.007124026938079676
"p1018": 0.0011064257368174457
"p1019": 6.774035123372113E-05
"p1020": 0.01458675563232795
"p1021": 0.005530247007664067
"p1022": 0.0009502465936952546
"p1023": 4.3278557732655166E-05
