"p1008": 0.0020378555662811104
"p1009": 0.0006002547789876956
"p1010": 6.0213645541085445E-05
"p1011": 0
"p1012": 0.00013548070246744226
"p1013": 5.645029269476761E-06
"p1014": 0
"p1015": 0
"p1016": 0.04279496689190335
"p1017": 0.015175720352776695
"p1018": 0.002828159664007858
"p1019": 0.00019945770085484557
"p1020": 0.014842663625877564
"p1021": 0.005494495155624047
"p1022": 0.0011892194994364378
"p1023": 0.00015994249596850823
