"p1008": 0.007746861834145276
"p1009": 0.002715259078618322
"p1010": 0.0005776746619097886
"p1011": 4.892358700213193E-05
"p1012": 0.011798111173206432
"p1013": 0.0046797292643962355
"p1014": 0.0009784717400426386
"p1015": 4.516023415581409E-05
"p1016": 0.0027058506965025268
"p1017": 0.0008843879188846924
"p1018": 7.903040977267466E-05
"p1019": 5.645029269476761E-06
"p1020": 0.0019249549808915754
"p1021": 0.0006548233952593044
"p1022": 7.714873334951574E-05
"p1023": 3.7633528463178407E-06
