"p1008": 0.016664126403495398
"p1009": 0.005953624202874824
"p1010": 0.0011628760295122127
"p1011": 0.00010913723254321738
"p1012": 0.023251875560974782
"p1013": 0.00915435579866815
"p1014": 0.0018478062475420598
"p1015": 0.0001373623788906012
"p1016": 0.006072169817533838
"p1017": 0.0019400083922768464
"p1018": 0.0002464996114338186
"p1019": 1.1290058538953523E-05
"p1020": 0.005014667667718522
"p1021": 0.0016916271044198693
"p1022": 0.00019945770085484557
"p1023": 9.408382115794602E-06
