"p1008": 0.0004214955187875981
"p1009": 0.00012607232035164766
"p1010": 5.645029269476761E-06
"p1011": 0
"p1012": 0.0005889647204487421
"p1013": 0.00022580117077907044
"p1014": 3.575185204001949E-05
"p1015": 0
"p1016": 0.005680781121516781
"p1017": 0.001531684608451361
"p1018": 0.0002239194943559115
"p1019": 5.645029269476761E-06
"p1020": 0.008911619540080646
"p1021": 0.00327599865271968
"p1022": 0.0005400411334466101
"p1023": 1.3171734962112444E-05
