"p1008": 0.00929171817755875
"p1009": 0.0034792197064208432
"p1010": 0.0007940674505730643
"p1011": 0.00012042729108217092
"p1012": 2.6343469924224887E-05
"p1013": 3.7633528463178407E-06
"p1014": 0
"p1015": 0
"p1016": 0.005857658705293718
"p1017": 0.002047263948396906
"p1018": 0.00044972066513498195
"p1019": 6.209532196424438E-05
"p1020": 0.005343961041771334
"p1021": 0.001625768429609307
"p1022": 0.00030483158055174506
"p1023": 2.8225146347383808E-05
