"p1008": 0.00028225146347383805
"p1009": 0.00011478226181269415
"p1010": 1.8816764231589203E-05
"p1011": 0
"p1012": 0.000683048541606688
"p1013": 0.00018816764231589203
"p1014": 2.2580117077907045E-05
"p1015": 0
"p1016": 2.2580117077907045E-05
"p1017": 7.5267056926356815E-06
"p1018": 5.645029269476761E-06
"p1019": 1.8816764231589204E-06
"p1020": 0.00011854561465901199
"p1021": 2.8225146347383805E-05
"p1022": 9.408382115794602E-06
"p1023": 1.8816764231589204E-06
