"p1008": 0.00028225146347383805
"p1009": 0.00011666393823585305
"p1010": 3.0106822770542726E-05
"p1011": 1.8816764231589204E-06
"p1012": 0
"p1013": 0
"p1014": 0
"p1015": 0
"p1016": 0.0036429255552356704
"p1017": 0.0011083074132406038
"p1018": 0.0001298356731979655
"p1019": 0
"p1020": 0.0007413805107246144
"p1021": 0.00036316354966967166
"p1022": 5.645029269476761E-05
"p1023": 5.645029269476761E-06
