"p1008": 0.00026155302281908997
"p1009": 5.645029269476761E-05
"p1010": 1.1290058538953521E-05
"p1011": 0
"p1012": 3.0106822770542726E-05
"p1013": 1.8816764231589204E-06
"p1014": 0
"p1015": 0
"p1016": 0.004145333160219101
"p1017": 0.0013378719368659924
"p1018": 0.00016746920166114393
"p1019": 7.5267056926356815E-06
"p1020": 0.001023631974198452
"p1021": 0.0003029499041285862
"p1022": 2.8225146347383805E-05
"p1023": 0
