"p1008": 0.0032797620055659976
"p1009": 0.0011534676473964182
"p1010": 0.00015617914312219037
"p1011": 5.645029269476761E-06
"p1012": 0.0045818820903919715
"p1013": 0.001676573693034598
"p1014": 0.00030671325697490394
"p1015": 7.5267056926356815E-06
"p1016": 0.016594504375838523
"p1017": 0.006264100812696047
"p1018": 0.0011120707660869221
"p1019": 6.774035123372114E-05
"p1020": 0.025547520797228662
"p1021": 0.00995218660208753
"p1022": 0.0019663518622010717
"p1023": 0.00014865243742955472
