"p1008": 3.3870175616860565E-05
"p1009": 3.0106822770542722E-05
"p1010": 0
"p1011": 0
"p1012": 4.8923587002131926E-05
"p1013": 2.4461793501065963E-05
"p1014": 3.7633528463178407E-06
"p1015": 0
"p1016": 0.00027472475778120243
"p1017": 0.00013548070246744226
"p1018": 0
"p1019": 0
"p1020": 0.0010255136506216115
"p1021": 0.0002822514634738381
"p1022": 1.6935087808430286E-05
"p1023": 0
