"p1008": 5.2686939848449775E-05
"p1009": 1.8816764231589203E-05
"p1010": 1.8816764231589204E-06
"p1011": 0
"p1012": 8.843879188846925E-05
"p1013": 2.2580117077907045E-05
"p1014": 3.7633528463178407E-06
"p1015": 0
"p1016": 0.000707510335107754
"p1017": 0.00022015614150959367
"p1018": 1.6935087808430286E-05
"p1019": 0
"p1020": 0.0010236319741984525
"p1021": 0.0003029499041285862
"p1022": 2.8225146347383805E-05
"p1023": 0
