"p1008": 7.338538050319791E-05
"p1009": 1.1290058538953523E-05
"p1010": 0
"p1011": 0
"p1012": 0
"p1013": 0
"p1014": 0
"p1015": 0
"p1016": 0.002175217945171712
"p1017": 0.000756433922109886
"p1018": 8.843879188846925E-05
"p1019": 3.7633528463178407E-06
"p1020": 0.00048170916432868367
"p1021": 0.00018628596589273307
"p1022": 3.7633528463178407E-05
"p1023": 5.645029269476761E-06
