"p1008": 0.000329293374052811
"p1009": 0.0001016105268505817
"p1010": 3.7633528463178407E-06
"p1011": 0
"p1012": 0
"p1013": 0
"p1014": 0
"p1015": 0
"p1016": 0.006646081126597307
"p1017": 0.002135702740285374
"p1018": 0.00033682007974544673
"p1019": 2.2580117077907045E-05
"p1020": 0.0018459245711189005
"p1021": 0.0006228348960656026
"p1022": 0.00010349220327374062
"p1023": 2.822514634738381E-05
