"p1008": 0.00011854561465901199
"p1009": 7.714873334951573E-05
"p1010": 1.1290058538953523E-05
"p1011": 0
"p1012": 0.000235209552894865
"p1013": 8.27937626189925E-05
"p1014": 3.7633528463178407E-06
"p1015": 0
"p1016": 0.0011101890896637627
"p1017": 0.00036316354966967166
"p1018": 3.198849919370165E-05
"p1019": 5.645029269476761E-06
"p1020": 0.002671980520885667
"p1021": 0.000803475832688859
"p1022": 9.032046831162818E-05
"p1023": 0
