"p1008": 0.00010725555612005845
"p1009": 5.456861627160869E-05
"p1010": 3.7633528463178407E-06
"p1011": 0
"p1012": 0.0001486524374295547
"p1013": 6.0213645541085445E-05
"p1014": 3.0106822770542726E-05
"p1015": 1.8816764231589204E-06
"p1016": 0.0008279376261899248
"p1017": 0.0002935415220127916
"p1018": 4.327855773265517E-05
"p1019": 0
"p1020": 0.0013491619954049457
"p1021": 0.00040079707813284995
"p1022": 5.268693984844977E-05
"p1023": 0
