"p1008": 0.0014601809043713217
"p1009": 0.0006077814846803313
"p1010": 8.843879188846925E-05
"p1011": 5.645029269476761E-06
"p1012": 0.0029278885144352804
"p1013": 0.0010179869449289758
"p1014": 9.784717400426387E-05
"p1015": 5.645029269476761E-06
"p1016": 0.0006077814846803312
"p1017": 0.00019004931873905096
"p1018": 1.8816764231589203E-05
"p1019": 0
"p1020": 0.0007752506863414751
"p1021": 0.00024085458216434178
"p1022": 2.8225146347383805E-05
"p1023": 0
