"p1008": 0.0017066805158051407
"p1009": 0.0005419228098697689
"p1010": 2.6343469924224887E-05
"p1011": 0
"p1012": 3.7633528463178407E-06
"p1013": 0
"p1014": 0
"p1015": 0
"p1016": 0.002276828472022293
"p1017": 0.000873097860345739
"p1018": 0.00010349220327374062
"p1019": 5.645029269476761E-06
"p1020": 0.0020943058589758777
"p1021": 0.0007357354814551379
"p1022": 0.00011478226181269415
"p1023": 5.645029269476761E-06
