"p1008": 0.0032270750657175484
"p1009": 0.001164757705935372
"p1010": 0.00014488908458323686
"p1011": 1.1290058538953523E-05
"p1012": 0.007624552866639946
"p1013": 0.002617411904614058
"p1014": 0.00029354152201279153
"p1015": 1.3171734962112442E-05
"p1016": 0.0005024076049834318
"p1017": 0.00012795399677480656
"p1018": 2.2580117077907045E-05
"p1019": 0
"p1020": 0.001155349323819577
"p1021": 0.0003481101382844003
"p1022": 3.951520488633733E-05
"p1023": 0
