"p1008": 0.00010913723254321738
"p1009": 2.2580117077907045E-05
"p1010": 7.5267056926356815E-06
"p1011": 1.8816764231589204E-06
"p1012": 0
"p1013": 0
"p1014": 0
"p1015": 0
"p1016": 0.0009427198880026192
"p1017": 0.00028225146347383805
"p1018": 3.763352846317841E-05
"p1019": 0
"p1020": 5.645029269476761E-05
"p1021": 3.0106822770542726E-05
"p1022": 7.5267056926356815E-06
"p1023": 0
