"p1008": 0.0029278885144352795
"p1009": 0.0009897617985815924
"p1010": 0.00010349220327374062
"p1011": 3.7633528463178407E-06
"p1012": 1.6935087808430286E-05
"p1013": 3.7633528463178407E-06
"p1014": 0
"p1015": 0
"p1016": 0.0038988335487852833
"p1017": 0.0013284635547501974
"p1018": 0.00019193099516220987
"p1019": 9.408382115794602E-06
"p1020": 0.0028545031339320824
"p1021": 0.0009558916229647314
"p1022": 0.0001486524374295547
"p1023": 5.645029269476761E-06
