"p1008": 0.0015542647255292678
"p1009": 0.0005080526342529085
"p1010": 6.209532196424438E-05
"p1011": 1.8816764231589204E-06
"p1012": 0
"p1013": 0
"p1014": 0
"p1015": 0
"p1016": 0.0012324980571690922
"p1017": 0.000447838988711823
"p1018": 6.021364554108546E-05
"p1019": 1.8816764231589204E-06
"p1020": 0.0007244454229161842
"p1021": 0.00030106822770542725
"p1022": 4.892358700213193E-05
"p1023": 5.645029269476761E-06
