"p1008": 0.00017311423093062064
"p1009": 8.467543904215141E-05
"p1010": 1.1290058538953523E-05
"p1011": 0
"p1012": 0.000329293374052811
"p1013": 0.0001016105268505817
"p1014": 3.7633528463178407E-06
"p1015": 0
"p1016": 0.0027303124900035923
"p1017": 0.0008843879188846924
"p1018": 0.00013171734962112442
"p1019": 3.1988499193701654E-05
"p1020": 0.005795563383329475
"p1021": 0.0019099015695063035
"p1022": 0.00032553002120649325
"p1023": 2.2580117077907045E-05
