"p1008": 0.006171898667961259
"p1009": 0.0021281760345927387
"p1010": 0.00027096140493488446
"p1011": 1.3171734962112442E-05
"p1012": 0.0001129005853895352
"p1013": 3.198849919370165E-05
"p1014": 0
"p1015": 0
"p1016": 0.003501799823498751
"p1017": 0.0011911011758595964
"p1018": 0.00011854561465901199
"p1019": 7.5267056926356815E-06
"p1020": 0.0026098851989214225
"p1021": 0.0008185292440741305
"p1022": 0.00011101890896637629
"p1023": 3.7633528463178407E-06
