"p1008": 0.0006096631611034902
"p1009": 0.00023709122931802394
"p1010": 3.0106822770542726E-05
"p1011": 0
"p1012": 0.0010311586798910882
"p1013": 0.000308594933398063
"p1014": 3.3870175616860565E-05
"p1015": 0
"p1016": 0.0001580608195453493
"p1017": 5.645029269476761E-05
"p1018": 1.5053411385271365E-05
"p1019": 1.8816764231589204E-06
"p1020": 0.0001486524374295547
"p1021": 4.8923587002131926E-05
"p1022": 1.5053411385271365E-05
"p1023": 1.8816764231589204E-06
