"p1008": 0.0005814380147561064
"p1009": 0.00015994249596850823
"p1010": 1.1290058538953523E-05
"p1011": 0
"p1012": 0.000494880899290796
"p1013": 9.784717400426385E-05
"p1014": 1.1290058538953521E-05
"p1015": 0
"p1016": 0.0035921202918103795
"p1017": 0.001179811117320643
"p1018": 0.00016935087808430286
"p1019": 9.408382115794602E-06
"p1020": 0.005014667667718522
"p1021": 0.0016916271044198693
"p1022": 0.00019945770085484554
"p1023": 9.408382115794602E-06
