"p1008": 0.0004440756358655052
"p1009": 0.00019569434800852776
"p1010": 1.8816764231589203E-05
"p1011": 0
"p1012": 0.0013679787596365348
"p1013": 0.0003932703724402143
"p1014": 3.951520488633733E-05
"p1015": 0
"p1016": 3.7633528463178407E-05
"p1017": 1.8816764231589203E-05
"p1018": 1.1290058538953523E-05
"p1019": 1.8816764231589204E-06
"p1020": 0.0001486524374295547
"p1021": 4.892358700213194E-05
"p1022": 1.5053411385271365E-05
"p1023": 1.8816764231589204E-06
