"p1008": 0.004171676630143327
"p1009": 0.0015768448426071752
"p1010": 0.0003010682277054272
"p1011": 7.5267056926356815E-06
"p1012": 0.0005193426927918621
"p1013": 0.0001279539967748066
"p1014": 5.645029269476761E-06
"p1015": 0
"p1016": 0.030197143238854356
"p1017": 0.011299466921069316
"p1018": 0.0021714545923253938
"p1019": 0.00018064093662325636
"p1020": 0.01466202268925431
"p1021": 0.0054192280986976905
"p1022": 0.0009859984457352743
"p1023": 4.139688130949624E-05
