"p1008": 0.00040079707813285006
"p1009": 7.338538050319788E-05
"p1010": 7.5267056926356815E-06
"p1011": 0
"p1012": 0.0007601972749562036
"p1013": 0.0001900493187390509
"p1014": 1.5053411385271363E-05
"p1015": 0
"p1016": 0.007586919338176767
"p1017": 0.0025628432883424493
"p1018": 0.0004854725171750015
"p1019": 6.209532196424438E-05
"p1020": 0.014842663625877562
"p1021": 0.005494495155624048
"p1022": 0.0011892194994364378
"p1023": 0.00015994249596850823
