"p1008": 0.0012174446457838212
"p1009": 0.00040079707813285006
"p1010": 4.516023415581409E-05
"p1011": 1.8816764231589204E-06
"p1012": 0
"p1013": 0
"p1014": 0
"p1015": 0
"p1016": 0.001057502149815313
"p1017": 0.0004158504895181214
"p1018": 4.8923587002131926E-05
"p1019": 1.8816764231589204E-06
"p1020": 0.0006472966895666685
"p1021": 0.0003161216390906986
"p1022": 4.8923587002131926E-05
"p1023": 5.645029269476761E-06
