"p1008": 0.0039816273114042745
"p1009": 0.0012851849970175425
"p1010": 0.00020886608297064017
"p1011": 1.1290058538953523E-05
"p1012": 0
"p1013": 0
"p1014": 0
"p1015": 0
"p1016": 0.002890254985972102
"p1017": 0.0009916434750047508
"p1018": 0.00017311423093062064
"p1019": 1.1290058538953523E-05
"p1020": 0.002182744650864347
"p1021": 0.0007903040977267464
"p1022": 0.00013548070246744226
"p1023": 3.3870175616860565E-05
