"p1008": 0.0036448072316588283
"p1009": 0.0012193263222069802
"p1010": 0.0001674692016611439
"p1011": 9.408382115794602E-06
"p1012": 5.456861627160869E-05
"p1013": 3.7633528463178407E-06
"p1014": 0
"p1015": 0
"p1016": 0.006245284048464457
"p1017": 0.0017142072214977764
"p1018": 0.00019945770085484557
"p1019": 9.408382115794602E-06
"p1020": 0.0026098851989214225
"p1021": 0.0008185292440741305
"p1022": 0.00011101890896637629
"p1023": 3.7633528463178407E-06
