"p1008": 0.0010255136506216113
"p1009": 0.0004214955187875981
"p1010": 5.645029269476761E-05
"p1011": 5.645029269476761E-06
"p1012": 0.0024499427029529143
"p1013": 0.0007771323627646341
"p1014": 0.00010537387969689952
"p1015": 3.7633528463178407E-06
"p1016": 0.00023144620004854723
"p1017": 9.032046831162821E-05
"p1018": 2.6343469924224884E-05
"p1019": 1.8816764231589204E-06
"p1020": 0.00032553002120649325
"p1021": 0.00013359902604428335
"p1022": 3.198849919370165E-05
"p1023": 1.8816764231589204E-06
