"p1008": 3.387017561686057E-05
"p1009": 5.645029269476761E-06
"p1010": 0
"p1011": 0
"p1012": 8.843879188846925E-05
"p1013": 1.1290058538953523E-05
"p1014": 0
"p1015": 0
"p1016": 0.0006679951302214166
"p1017": 0.000284133139896997
"p1018": 4.8923587002131926E-05
"p1019": 5.645029269476761E-06
"p1020": 0.0019249549808915752
"p1021": 0.0006548233952593044
"p1022": 7.714873334951573E-05
"p1023": 3.7633528463178407E-06
