"p1008": 0.0009615366522342081
"p1009": 0.00030671325697490405
"p1010": 3.575185204001949E-05
"p1011": 0
"p1012": 0
"p1013": 0
"p1014": 0
"p1015": 0
"p1016": 0.0006886935708761648
"p1017": 0.000235209552894865
"p1018": 3.7633528463178407E-05
"p1019": 1.8816764231589204E-06
"p1020": 0.0002784881106275202
"p1021": 0.00010537387969689955
"p1022": 2.0698440654748124E-05
"p1023": 1.8816764231589204E-06
