"p1008": 0.0027397208721193873
"p1009": 0.0009709450343500028
"p1010": 0.0001486524374295547
"p1011": 9.408382115794602E-06
"p1012": 0.004105817955332765
"p1013": 0.001460180904371322
"p1014": 0.0001768775837769385
"p1015": 9.408382115794602E-06
"p1016": 0.0013322269075965155
"p1017": 0.00040267875455600894
"p1018": 5.456861627160869E-05
"p1019": 0
"p1020": 0.0013491619954049455
"p1021": 0.00040079707813284995
"p1022": 5.268693984844977E-05
"p1023": 0
