"p1008": 0.010770715846161663
"p1009": 0.003968455576442162
"p1010": 0.0008655711546531035
"p1011": 0.00012607232035164766
"p1012": 2.6343469924224884E-05
"p1013": 3.7633528463178407E-06
"p1014": 0
"p1015": 0
"p1016": 0.007046878204730159
"p1017": 0.0024631144379150265
"p1018": 0.0005325144277539745
"p1019": 6.774035123372113E-05
"p1020": 0.005771101589828409
"p1021": 0.0019174282751989393
"p1022": 0.000329293374052811
"p1023": 2.8225146347383808E-05
