"p1008": 0.0007093920115309128
"p1009": 0.0001900493187390509
"p1010": 1.5053411385271363E-05
"p1011": 0
"p1012": 3.387017561686057E-05
"p1013": 0
"p1014": 0
"p1015": 0
"p1016": 0.017452548824798984
"p1017": 0.006215177225693914
"p1018": 0.0013416352897123104
"p1019": 0.00019381267158536883
"p1020": 0.0050767629896827675
"p1021": 0.0016558752523798499
"p1022": 0.000282251463473838
"p1023": 2.2580117077907045E-05
