"p1008": 0.015410929905671557
"p1009": 0.006027009583378023
"p1010": 0.0011647577059353718
"p1011": 0.00010349220327374063
"p1012": 0.0004835908407518426
"p1013": 8.655711546531033E-05
"p1014": 5.645029269476761E-06
"p1015": 0
"p1016": 0.015920864216347624
"p1017": 0.005949860850028506
"p1018": 0.0011064257368174452
"p1019": 8.091208619583357E-05
"p1020": 0.016361176499366813
"p1021": 0.005816261823984224
"p1022": 0.000929548153040507
"p1023": 3.3870175616860565E-05
