"p1008": 0.0002446179350106597
"p1009": 4.892358700213194E-05
"p1010": 3.7633528463178407E-06
"p1011": 0
"p1012": 0
"p1013": 0
"p1014": 0
"p1015": 0
"p1016": 0.0077807320097621376
"p1017": 0.002410427498066577
"p1018": 0.0003913886960170554
"p1019": 2.8225146347383808E-05
"p1020": 0.0018120543955020402
"p1021": 0.0005212243692150209
"p1022": 8.843879188846925E-05
"p1023": 2.8225146347383808E-05
