"p1008": 0.0001674692016611439
"p1009": 7.338538050319788E-05
"p1010": 5.645029269476761E-06
"p1011": 0
"p1012": 0.0002596713463959311
"p1013": 8.467543904215141E-05
"p1014": 3.3870175616860565E-05
"p1015": 1.8816764231589204E-06
"p1016": 0.0024217175566055293
"p1017": 0.0007733690099183164
"p1018": 0.00010537387969689955
"p1019": 5.645029269476761E-06
"p1020": 0.002854503133932082
"p1021": 0.0009558916229647314
"p1022": 0.0001486524374295547
"p1023": 5.645029269476761E-06
