"p1008": 0.005184018545802824
"p1009": 0.001744314044268319
"p1010": 0.0002690797285117256
"p1011": 2.6343469924224884E-05
"p1012": 3.7633528463178407E-06
"p1013": 0
"p1014": 0
"p1015": 0
"p1016": 0.007140962025888102
"p1017": 0.002468759467184504
"p1018": 0.0003970337252865322
"p1019": 3.7633528463178407E-05
"p1020": 0.00577110158982841
"p1021": 0.0019174282751989393
"p1022": 0.000329293374052811
"p1023": 2.8225146347383808E-05
