"p1008": 0.0022749467955991342
"p1009": 0.0006454150131435096
"p1010": 8.843879188846926E-05
"p1011": 0
"p1012": 0
"p1013": 0
"p1014": 0
"p1015": 0
"p1016": 0.0014018489352533958
"p1017": 0.0005042892814065906
"p1018": 6.585867481056221E-05
"p1019": 1.8816764231589204E-06
"p1020": 0.0008204109204972891
"p1021": 0.0003594001968233538
"p1022": 6.39769983874033E-05
"p1023": 7.5267056926356815E-06
