"p1008": 0.006768390094102636
"p1009": 0.0022335499142896384
"p1010": 0.0003236483447833343
"p1011": 2.4461793501065966E-05
"p1012": 5.456861627160869E-05
"p1013": 3.7633528463178407E-06
"p1014": 0
"p1015": 0
"p1016": 0.009863747810199065
"p1017": 0.003101002745365901
"p1018": 0.0004760641350592068
"p1019": 3.0106822770542726E-05
"p1020": 0.006781561829064751
"p1021": 0.0022598933842138628
"p1022": 0.00040079707813285
"p1023": 2.8225146347383808E-05
