"p1008": 0.0002803697870506791
"p1009": 6.397699838740331E-05
"p1010": 7.5267056926356815E-06
"p1011": 0
"p1012": 0.00043090390090339274
"p1013": 0.00013359902604428335
"p1014": 1.5053411385271363E-05
"p1015": 0
"p1016": 0.0028996633680878963
"p1017": 0.0009408382115794604
"p1018": 9.784717400426387E-05
"p1019": 5.645029269476761E-06
"p1020": 0.0070882750860396535
"p1021": 0.0022994085891002002
"p1022": 0.00030106822770542725
"p1023": 1.3171734962112444E-05
