"p1008": 0.0002596713463959311
"p1009": 8.467543904215141E-05
"p1010": 3.3870175616860565E-05
"p1011": 1.8816764231589204E-06
"p1012": 0
"p1013": 0
"p1014": 0
"p1015": 0
"p1016": 0.004645859088779376
"p1017": 0.0014601809043713223
"p1018": 0.00020886608297064014
"p1019": 5.645029269476761E-06
"p1020": 0.0007244454229161843
"p1021": 0.00030106822770542725
"p1022": 4.892358700213193E-05
"p1023": 5.645029269476761E-06
