"p1008": 0.0003029499041285862
"p1009": 0.0001392440553137601
"p1010": 1.6935087808430286E-05
"p1011": 0
"p1012": 0.0004685374293665711
"p1013": 0.00015994249596850823
"p1014": 3.3870175616860565E-05
"p1015": 1.8816764231589204E-06
"p1016": 0.00393834875367162
"p1017": 0.001292711702710178
"p1018": 0.00020322105370116337
"p1019": 3.7633528463178407E-05
"p1020": 0.006781561829064751
"p1021": 0.002259893384213863
"p1022": 0.00040079707813285
"p1023": 2.8225146347383808E-05
