"p1008": 0.000613426513949808
"p1009": 0.0002747247577812024
"p1010": 4.8923587002131926E-05
"p1011": 5.645029269476761E-06
"p1012": 0.0018760313938894434
"p1013": 0.0006529417188361453
"p1014": 7.714873334951573E-05
"p1015": 3.7633528463178407E-06
"p1016": 0.0001731142309306207
"p1017": 6.962202765688006E-05
"p1018": 5.645029269476761E-06
"p1019": 0
"p1020": 0.0002559079935496132
"p1021": 0.00013924405531376012
"p1022": 1.1290058538953523E-05
"p1023": 0
