"p1008": 0.0018854397760052378
"p1009": 0.0006811668651835291
"p1010": 8.655711546531032E-05
"p1011": 0
"p1012": 0.002540263171264542
"p1013": 0.00087121618392258
"p1014": 0.00013548070246744226
"p1015": 0
"p1016": 0.00779390374472425
"p1017": 0.0029993922185153187
"p1018": 0.0004835908407518425
"p1019": 1.8816764231589207E-05
"p1020": 0.014586755632327952
"p1021": 0.005530247007664067
"p1022": 0.0009502465936952548
"p1023": 4.327855773265517E-05
