"p1008": 0.006113566698843333
"p1009": 0.002446179350106596
"p1010": 0.0003895070195938965
"p1011": 1.8816764231589207E-05
"p1012": 0.010915604930744898
"p1013": 0.004137806454526466
"p1014": 0.0007056286586845952
"p1015": 4.327855773265517E-05
"p1016": 0.002720904107887798
"p1017": 0.0009822350928889566
"p1018": 0.0001561791431221904
"p1019": 0
"p1020": 0.0060364179654938165
"p1021": 0.001998340361394774
"p1022": 0.0002784881106275202
"p1023": 0
