"p1008": 2.8225146347383805E-05
"p1009": 1.3171734962112444E-05
"p1010": 3.7633528463178407E-06
"p1011": 0
"p1012": 0.00010913723254321738
"p1013": 2.2580117077907045E-05
"p1014": 7.5267056926356815E-06
"p1015": 1.8816764231589204E-06
"p1016": 0.00028225146347383805
"p1017": 0.00010913723254321738
"p1018": 1.6935087808430286E-05
"p1019": 0
"p1020": 0.0007018653058382772
"p1021": 0.00019381267158536883
"p1022": 2.4461793501065963E-05
"p1023": 0
