"p1008": 0.00041396881309496247
"p1009": 0.00011478226181269412
"p1010": 7.5267056926356815E-06
"p1011": 0
"p1012": 0.0009107313888089173
"p1013": 0.00032553002120649325
"p1014": 4.704191057897301E-05
"p1015": 0
"p1016": 0.0034227694137260755
"p1017": 0.001136532559587988
"p1018": 0.00011666393823585307
"p1019": 5.645029269476761E-06
"p1020": 0.007955727917115914
"p1021": 0.0027039690200793692
"p1022": 0.0002991865512822683
"p1023": 1.3171734962112444E-05
