"p1008": 0.0017556041028072725
"p1009": 0.0006378883074508741
"p1010": 8.27937626189925E-05
"p1011": 3.7633528463178407E-06
"p1012": 1.6935087808430286E-05
"p1013": 3.7633528463178407E-06
"p1014": 0
"p1015": 0
"p1016": 0.002410427498066577
"p1017": 0.0007451438635709324
"p1018": 9.972885042742278E-05
"p1019": 3.7633528463178407E-06
"p1020": 0.0011553493238195768
"p1021": 0.00034811013828440026
"p1022": 3.951520488633733E-05
"p1023": 0
