"p1008": 8.843879188846925E-05
"p1009": 2.2580117077907045E-05
"p1010": 3.7633528463178407E-06
"p1011": 0
"p1012": 0
"p1013": 0
"p1014": 0
"p1015": 0
"p1016": 0.0014263107287544616
"p1017": 0.00042337719521075713
"p1018": 3.7633528463178407E-05
"p1019": 0
"p1020": 0.00032741169762965207
"p1021": 0.00010537387969689955
"p1022": 7.5267056926356815E-06
"p1023": 0
