"p1008": 0.003377609179570262
"p1009": 0.0010349220327374063
"p1010": 6.209532196424436E-05
"p1011": 1.8816764231589204E-06
"p1012": 6.397699838740328E-05
"p1013": 2.0698440654748124E-05
"p1014": 0
"p1015": 0
"p1016": 0.0013265818783270388
"p1017": 0.000519342692791862
"p1018": 1.3171734962112444E-05
"p1019": 0
"p1020": 0.0013886772002912827
"p1021": 0.00039891540170969113
"p1022": 4.139688130949625E-05
"p1023": 0
