"p1008": 0.0052160070449965255
"p1009": 0.0018797947467357615
"p1010": 0.0003650452260928305
"p1011": 4.516023415581409E-05
"p1012": 0.008098735325275993
"p1013": 0.0027961711648141546
"p1014": 0.00047041910578973014
"p1015": 4.704191057897301E-05
"p1016": 0.002402900792373941
"p1017": 0.0008053575091120178
"p1018": 6.774035123372113E-05
"p1019": 0
"p1020": 0.002158282857363281
"p1021": 0.0006774035123372113
"p1022": 6.0213645541085445E-05
"p1023": 0
