"p1008": 0.00016558752523798497
"p1009": 5.080526342529084E-05
"p1010": 0
"p1011": 0
"p1012": 0.0005870830440255832
"p1013": 0.00020698440654748124
"p1014": 3.198849919370165E-05
"p1015": 0
"p1016": 0.0013886772002912834
"p1017": 0.00046289240009709447
"p1018": 2.0698440654748124E-05
"p1019": 0
"p1020": 0.004162268248027532
"p1021": 0.00132470020190388
"p1022": 6.209532196424436E-05
"p1023": 1.8816764231589204E-06
