"p1008": 0.0022203781793275258
"p1009": 0.0007018653058382772
"p1010": 9.972885042742277E-05
"p1011": 5.645029269476761E-06
"p1012": 0
"p1013": 0
"p1014": 0
"p1015": 0
"p1016": 0.001906138216659986
"p1017": 0.0005155793399455441
"p1018": 5.833196911792653E-05
"p1019": 0
"p1020": 0.0007169187172235488
"p1021": 0.00029165984558963265
"p1022": 3.7633528463178407E-05
"p1023": 5.645029269476761E-06
