"p1008": 0.0035864752625409013
"p1009": 0.0011948645287059145
"p1010": 0.00018628596589273313
"p1011": 1.1290058538953523E-05
"p1012": 0
"p1013": 0
"p1014": 0
"p1015": 0
"p1016": 0.0023144620004854712
"p1017": 0.000773369009918316
"p1018": 0.0001392440553137601
"p1019": 1.1290058538953523E-05
"p1020": 0.001904256540236827
"p1021": 0.0006811668651835291
"p1022": 0.00011854561465901197
"p1023": 2.8225146347383808E-05
