"p1008": 0.0015994249596850822
"p1009": 0.0005739113090634708
"p1010": 0.00010725555612005848
"p1011": 1.1290058538953523E-05
"p1012": 3.387017561686057E-05
"p1013": 0
"p1014": 0
"p1015": 0
"p1016": 0.020222376519688914
"p1017": 0.007568102573945179
"p1018": 0.0015279212556050434
"p1019": 0.0002051027301243223
"p1020": 0.005795563383329475
"p1021": 0.001909901569506304
"p1022": 0.00032553002120649325
"p1023": 2.2580117077907045E-05
