"p1008": 0.00011101890896637629
"p1009": 2.6343469924224884E-05
"p1010": 1.8816764231589204E-06
"p1011": 0
"p1012": 0.0002596713463959311
"p1013": 4.892358700213194E-05
"p1014": 3.7633528463178407E-06
"p1015": 0
"p1016": 0.0033832542088397376
"p1017": 0.0009596549758110495
"p1018": 0.00014300740816007793
"p1019": 3.198849919370165E-05
"p1020": 0.006333722840352926
"p1021": 0.0020924241825527193
"p1022": 0.00036504522609283053
"p1023": 2.8225146347383808E-05
