"p1008": 0.004544248561928792
"p1009": 0.0014978144328345005
"p1010": 0.00024838128785697745
"p1011": 1.6935087808430286E-05
"p1012": 0
"p1013": 0
"p1014": 0
"p1015": 0
"p1016": 0.003338093974683924
"p1017": 0.001014223592082658
"p1018": 0.00017311423093062066
"p1019": 1.1290058538953523E-05
"p1020": 0.002182744650864347
"p1021": 0.0007903040977267464
"p1022": 0.00013548070246744226
"p1023": 3.3870175616860565E-05
