"p1008": 0.0018064093662325629
"p1009": 0.0005287510749076567
"p1010": 7.526705692635681E-05
"p1011": 1.8816764231589204E-06
"p1012": 0
"p1013": 0
"p1014": 0
"p1015": 0
"p1016": 0.0013886772002912823
"p1017": 0.0005268693984844977
"p1018": 8.091208619583357E-05
"p1019": 3.7633528463178407E-06
"p1020": 0.0008204109204972891
"p1021": 0.0003594001968233538
"p1022": 6.39769983874033E-05
"p1023": 7.5267056926356815E-06
