"p1008": 0.012767174531133274
"p1009": 0.00503724778479643
"p1010": 0.0009163764180783942
"p1011": 6.774035123372114E-05
"p1012": 0.0195318012723896
"p1013": 0.007500362222711457
"p1014": 0.0014620625807944814
"p1015": 0.0001279539967748066
"p1016": 0.006371356368816103
"p1017": 0.0023727939696033986
"p1018": 0.00035940019682335374
"p1019": 9.408382115794602E-06
"p1020": 0.009820469252466405
"p1021": 0.003460402942189254
"p1022": 0.0005249877220613389
"p1023": 1.3171734962112444E-05
