"p1008": 0.008409211935097213
"p1009": 0.003212021654332277
"p1010": 0.0005362777806002923
"p1011": 3.3870175616860565E-05
"p1012": 0.00031423996266753966
"p1013": 4.516023415581408E-05
"p1014": 0
"p1015": 0
"p1016": 0.007016771381959616
"p1017": 0.0026644538151930314
"p1018": 0.00043843060659602847
"p1019": 1.5053411385271365E-05
"p1020": 0.009820469252466407
"p1021": 0.0034604029421892546
"p1022": 0.0005249877220613389
"p1023": 1.3171734962112444E-05
