"p1008": 0.0003989154017096911
"p1009": 0.00013359902604428335
"p1010": 1.5053411385271363E-05
"p1011": 0
"p1012": 1.5053411385271363E-05
"p1013": 0
"p1014": 0
"p1015": 0
"p1016": 0.007974544681347506
"p1017": 0.0025289731127255887
"p1018": 0.00032176666836017544
"p1019": 1.8816764231589203E-05
"p1020": 0.0021865080037106652
"p1021": 0.0006924569237224828
"p1022": 7.33853805031979E-05
"p1023": 0
