"p1008": 0.00015053411385271365
"p1009": 3.387017561686057E-05
"p1010": 3.7633528463178407E-06
"p1011": 0
"p1012": 0
"p1013": 0
"p1014": 0
"p1015": 0
"p1016": 0.002816869605468904
"p1017": 0.000927666476617348
"p1018": 0.00010913723254321737
"p1019": 3.7633528463178407E-06
"p1020": 0.0006774035123372115
"p1021": 0.00022580117077907044
"p1022": 3.387017561686057E-05
"p1023": 5.645029269476761E-06
