"p1008": 0.004807683261171042
"p1009": 0.0015373296377208375
"p1010": 0.0001919309951622099
"p1011": 1.1290058538953523E-05
"p1012": 7.52670569263568E-06
"p1013": 0
"p1014": 0
"p1015": 0
"p1016": 0.003307987151913382
"p1017": 0.0010782005904700614
"p1018": 0.0001467707610063958
"p1019": 7.5267056926356815E-06
"p1020": 0.002158282857363282
"p1021": 0.0006774035123372113
"p1022": 6.021364554108545E-05
"p1023": 0
