"p1008": 0.0010048152099668634
"p1009": 0.0004045604309791679
"p1010": 9.220214473478711E-05
"p1011": 1.1290058538953523E-05
"p1012": 0
"p1013": 0
"p1014": 0
"p1015": 0
"p1016": 0.009577732993878905
"p1017": 0.003292933740528111
"p1018": 0.00038009863747810193
"p1019": 2.0698440654748128E-05
"p1020": 0.0021074775939379908
"p1021": 0.0006341249546045562
"p1022": 7.714873334951574E-05
"p1023": 3.7633528463178407E-06
