"p1008": 0.007210584053544984
"p1009": 0.0023577405582181268
"p1010": 0.00040832378382548573
"p1011": 3.7633528463178407E-05
"p1012": 0.009605958140226288
"p1013": 0.003279762005565998
"p1014": 0.0005268693984844977
"p1015": 4.5160234155814084E-05
"p1016": 0.003441586177957666
"p1017": 0.0010292770034679294
"p1018": 0.00013171734962112442
"p1019": 0
"p1020": 0.0029579953372058224
"p1021": 0.0008825062424615334
"p1022": 0.00010161052685058171
"p1023": 0
