"p1008": 0.0013510436718281048
"p1009": 0.00048359084075184265
"p1010": 2.0698440654748124E-05
"p1011": 0
"p1012": 0.004017379163444295
"p1013": 0.0012908300262870192
"p1014": 6.209532196424436E-05
"p1015": 1.8816764231589204E-06
"p1016": 0.0001467707610063958
"p1017": 2.8225146347383805E-05
"p1018": 9.408382115794602E-06
"p1019": 0
"p1020": 0.0007018653058382772
"p1021": 0.00019381267158536883
"p1022": 2.4461793501065963E-05
"p1023": 0
