"p1008": 0.005654437651592556
"p1009": 0.0018590963060810125
"p1010": 0.0002013393772780045
"p1011": 1.1290058538953523E-05
"p1012": 7.150370408003898E-05
"p1013": 2.0698440654748124E-05
"p1014": 0
"p1015": 0
"p1016": 0.0035676584983093135
"p1017": 0.001309646790518608
"p1018": 0.0001467707610063958
"p1019": 7.5267056926356815E-06
"p1020": 0.0029579953372058224
"p1021": 0.0008825062424615335
"p1022": 0.00010161052685058171
"p1023": 0
