"p1008": 0.0006811668651835292
"p1009": 0.00012419064392848875
"p1010": 1.1290058538953521E-05
"p1011": 0
"p1012": 8.655711546531032E-05
"p1013": 1.8816764231589204E-06
"p1014": 0
"p1015": 0
"p1016": 0.0099032630150854
"p1017": 0.0028206329583152214
"p1018": 0.0003518734911307181
"p1019": 1.8816764231589203E-05
"p1020": 0.0023803206752960335
"p1021": 0.0007997124798425411
"p1022": 9.972885042742276E-05
"p1023": 3.7633528463178407E-06
