"p1008": 0.001200509557975391
"p1009": 0.00030671325697490405
"p1010": 4.139688130949625E-05
"p1011": 0
"p1012": 0
"p1013": 0
"p1014": 0
"p1015": 0
"p1016": 0.000472300782212889
"p1017": 0.0002013393772780045
"p1018": 2.2580117077907045E-05
"p1019": 1.8816764231589204E-06
"p1020": 0.00030106822770542725
"p1021": 0.00014300740816007796
"p1022": 2.0698440654748124E-05
"p1023": 1.8816764231589204E-06
