"p1008": 0.0008448727139983551
"p1009": 0.00019004931873905096
"p1010": 1.6935087808430286E-05
"p1011": 0
"p1012": 0
"p1013": 0
"p1014": 0
"p1015": 0
"p1016": 0.0003161216390906987
"p1017": 0.0001542974666990315
"p1018": 1.1290058538953523E-05
"p1019": 0
"p1020": 0.00019757602443168663
"p1021": 0.00011666393823585303
"p1022": 7.5267056926356815E-06
"p1023": 0
