"p1008": 0.001868504688196807
"p1009": 0.0006228348960656026
"p1010": 7.714873334951574E-05
"p1011": 3.7633528463178407E-06
"p1012": 0.0018515696003883772
"p1013": 0.0006755218359140526
"p1014": 8.467543904215141E-05
"p1015": 3.7633528463178407E-06
"p1016": 0.0009728267107731618
"p1017": 0.0002766064342043613
"p1018": 3.575185204001949E-05
"p1019": 0
"p1020": 0.0007018653058382772
"p1021": 0.0001938126715853688
"p1022": 2.4461793501065963E-05
"p1023": 0
