"p1008": 0.00756622089752202
"p1009": 0.0027434842249657054
"p1010": 0.0005080526342529085
"p1011": 6.585867481056221E-05
"p1012": 0.01549372366829055
"p1013": 0.005955505879297984
"p1014": 0.0012362614100154107
"p1015": 0.000165587525237985
"p1016": 0.0019531801272389586
"p1017": 0.0006604684245287813
"p1018": 0.0001467707610063958
"p1019": 1.8816764231589204E-06
"p1020": 0.0028545031339320824
"p1021": 0.0009558916229647314
"p1022": 0.00014865243742955472
"p1023": 5.645029269476761E-06
