"p1008": 4.516023415581409E-05
"p1009": 2.6343469924224887E-05
"p1010": 3.7633528463178407E-06
"p1011": 0
"p1012": 0.00013736237889060116
"p1013": 4.3278557732655166E-05
"p1014": 7.5267056926356815E-06
"p1015": 1.8816764231589204E-06
"p1016": 0.00044783898871182307
"p1017": 0.00019193099516220995
"p1018": 1.6935087808430286E-05
"p1019": 0
"p1020": 0.001388677200291283
"p1021": 0.000398915401709691
"p1022": 4.139688130949625E-05
"p1023": 0
