"p1008": 0.0024574694086455496
"p1009": 0.0008298193026130839
"p1010": 0.0001317173496211244
"p1011": 5.645029269476761E-06
"p1012": 0
"p1013": 0
"p1014": 0
"p1015": 0
"p1016": 0.002194034709403301
"p1017": 0.0006792851887603699
"p1018": 9.784717400426385E-05
"p1019": 1.8816764231589204E-06
"p1020": 0.0008204109204972892
"p1021": 0.0003594001968233538
"p1022": 6.39769983874033E-05
"p1023": 7.5267056926356815E-06
