"p1008": 0.0024029007923739407
"p1009": 0.0008166475676509716
"p1010": 8.27937626189925E-05
"p1011": 5.645029269476761E-06
"p1012": 0.006471085219243529
"p1013": 0.002066080712628494
"p1014": 0.000259671346395931
"p1015": 1.3171734962112444E-05
"p1016": 0.000730090452185661
"p1017": 0.00022391949435591156
"p1018": 3.198849919370165E-05
"p1019": 0
"p1020": 0.0007752506863414752
"p1021": 0.00024085458216434183
"p1022": 2.8225146347383805E-05
"p1023": 0
