"p1008": 0.0002559079935496132
"p1009": 5.080526342529086E-05
"p1010": 0
"p1011": 0
"p1012": 0.0002973048748591094
"p1013": 5.080526342529084E-05
"p1014": 0
"p1015": 0
"p1016": 0.0018797947467357606
"p1017": 0.0007056286586845952
"p1018": 9.408382115794602E-05
"p1019": 5.645029269476761E-06
"p1020": 0.003424651090149235
"p1021": 0.0011214791482027165
"p1022": 0.00010725555612005847
"p1023": 5.645029269476761E-06
