"p1008": 0.00013736237889060116
"p1009": 4.3278557732655166E-05
"p1010": 7.5267056926356815E-06
"p1011": 1.8816764231589204E-06
"p1012": 0
"p1013": 0
"p1014": 0
"p1015": 0
"p1016": 0.001659638605226167
"p1017": 0.0004948808992907961
"p1018": 5.4568616271608706E-05
"p1019": 0
"p1020": 0.00019757602443168663
"p1021": 0.00011666393823585303
"p1022": 7.5267056926356815E-06
"p1023": 0
