"p1008": 0.004724889498552049
"p1009": 0.0014300740816007794
"p1010": 0.0001938126715853688
"p1011": 1.3171734962112444E-05
"p1012": 0.003998562399212705
"p1013": 0.0013284635547501976
"p1014": 0.00017499590735377957
"p1015": 9.408382115794602E-06
"p1016": 0.0023765573224497167
"p1017": 0.0006378883074508741
"p1018": 6.585867481056221E-05
"p1019": 0
"p1020": 0.001388677200291283
"p1021": 0.00039891540170969113
"p1022": 4.139688130949625E-05
"p1023": 0
