"p1008": 0.0002408545821643419
"p1009": 7.33853805031979E-05
"p1010": 1.1290058538953523E-05
"p1011": 1.8816764231589204E-06
"p1012": 0
"p1013": 0
"p1014": 0
"p1015": 0
"p1016": 0.0031969682429470064
"p1017": 0.0010161052685058168
"p1018": 0.00013359902604428335
"p1019": 3.7633528463178407E-06
"p1020": 0.0007169187172235488
"p1021": 0.00029165984558963265
"p1022": 3.7633528463178407E-05
"p1023": 5.645029269476761E-06
