"p1008": 0.0008072391855351768
"p1009": 0.0003029499041285862
"p1010": 4.516023415581409E-05
"p1011": 0
"p1012": 0.0013096467905186083
"p1013": 0.0003838619903244197
"p1014": 5.080526342529085E-05
"p1015": 0
"p1016": 8.27937626189925E-05
"p1017": 3.575185204001948E-05
"p1018": 1.5053411385271363E-05
"p1019": 1.8816764231589204E-06
"p1020": 0.0001486524374295547
"p1021": 4.892358700213194E-05
"p1022": 1.5053411385271365E-05
"p1023": 1.8816764231589204E-06
