"p1008": 4.8923587002131926E-05
"p1009": 2.4461793501065963E-05
"p1010": 3.7633528463178407E-06
"p1011": 0
"p1012": 0
"p1013": 0
"p1014": 0
"p1015": 0
"p1016": 0.001151585970973259
"p1017": 0.0003368200797454468
"p1018": 1.6935087808430286E-05
"p1019": 0
"p1020": 0.0001693508780843028
"p1021": 0.00010913723254321736
"p1022": 0
"p1023": 0
