"p1008": 0.0008486360668446731
"p1009": 0.0003048315805517451
"p1010": 4.139688130949625E-05
"p1011": 5.645029269476761E-06
"p1012": 0.002224141532173844
"p1013": 0.0007639606278025217
"p1014": 9.596549758110492E-05
"p1015": 3.7633528463178407E-06
"p1016": 0.0002088660829706402
"p1017": 7.526705692635681E-05
"p1018": 1.5053411385271363E-05
"p1019": 0
"p1020": 0.0002464996114338185
"p1021": 0.0001204272910821709
"p1022": 1.8816764231589203E-05
"p1023": 0
