"p1008": 0.000235209552894865
"p1009": 8.27937626189925E-05
"p1010": 3.7633528463178407E-06
"p1011": 0
"p1012": 0
"p1013": 0
"p1014": 0
"p1015": 0
"p1016": 0.0031800331551385752
"p1017": 0.0009314298294636654
"p1018": 9.596549758110493E-05
"p1019": 0
"p1020": 0.0006077814846803314
"p1021": 0.0002747247577812024
"p1022": 3.7633528463178407E-05
"p1023": 5.645029269476761E-06
