"p1008": 6.209532196424438E-05
"p1009": 2.0698440654748124E-05
"p1010": 1.8816764231589204E-06
"p1011": 0
"p1012": 0.00012795399677480656
"p1013": 2.8225146347383805E-05
"p1014": 3.7633528463178407E-06
"p1015": 0
"p1016": 0.0021187676524769437
"p1017": 0.0005795563383329475
"p1018": 6.585867481056221E-05
"p1019": 5.645029269476761E-06
"p1020": 0.0026719805208856666
"p1021": 0.0008373460083057195
"p1022": 0.00011854561465901199
"p1023": 5.645029269476761E-06
