"p1008": 0.0008053575091120178
"p1009": 0.0002521446407032953
"p1010": 2.2580117077907045E-05
"p1011": 0
"p1012": 0
"p1013": 0
"p1014": 0
"p1015": 0
"p1016": 0.000566384603370835
"p1017": 0.00017875926020009743
"p1018": 2.2580117077907045E-05
"p1019": 0
"p1020": 0.0002615530228190899
"p1021": 9.972885042742278E-05
"p1022": 1.1290058538953523E-05
"p1023": 0
