"p1008": 0.0019607068329315952
"p1009": 0.0006153081903729669
"p1010": 0.00010349220327374062
"p1011": 2.446179350106597E-05
"p1012": 0.005010904314872205
"p1013": 0.0016935087808430279
"p1014": 0.00029165984558963265
"p1015": 2.2580117077907045E-05
"p1016": 0.00038198031390126086
"p1017": 0.00013548070246744229
"p1018": 2.822514634738381E-05
"p1019": 1.8816764231589204E-06
"p1020": 0.0006472966895666684
"p1021": 0.0003161216390906986
"p1022": 4.8923587002131926E-05
"p1023": 5.645029269476761E-06
