"p1008": 0.0029071900737805316
"p1009": 0.0008373460083057195
"p1010": 0.0001298356731979655
"p1011": 3.010682277054273E-05
"p1012": 0.006013837848415909
"p1013": 0.0020077487435105675
"p1014": 0.00035563684397703593
"p1015": 2.8225146347383808E-05
"p1016": 0.0006529417188361455
"p1017": 0.00023332787647170616
"p1018": 4.327855773265517E-05
"p1019": 1.8816764231589204E-06
"p1020": 0.0007413805107246143
"p1021": 0.00036316354966967166
"p1022": 5.645029269476761E-05
"p1023": 5.645029269476761E-06
