"p1008": 0.00012795399677480656
"p1009": 2.8225146347383805E-05
"p1010": 3.7633528463178407E-06
"p1011": 0
"p1012": 0
"p1013": 0
"p1014": 0
"p1015": 0
"p1016": 0.004102054602486448
"p1017": 0.0011704027352048485
"p1018": 0.00015053411385271363
"p1019": 5.645029269476761E-06
"p1020": 0.0006774035123372113
"p1021": 0.0002258011707790704
"p1022": 3.387017561686057E-05
"p1023": 5.645029269476761E-06
