"p1008": 0.0007921857741499051
"p1009": 0.00037069025536230727
"p1010": 4.8923587002131926E-05
"p1011": 5.645029269476761E-06
"p1012": 0.0020566723305126995
"p1013": 0.0006303616017582384
"p1014": 7.714873334951573E-05
"p1015": 3.7633528463178407E-06
"p1016": 0.00018440428946957422
"p1017": 8.091208619583358E-05
"p1018": 1.6935087808430282E-05
"p1019": 0
"p1020": 0.0002464996114338186
"p1021": 0.0001204272910821709
"p1022": 1.8816764231589203E-05
"p1023": 0
