"p1008": 0.0005870830440255832
"p1009": 0.00020698440654748124
"p1010": 3.198849919370165E-05
"p1011": 0
"p1012": 0
"p1013": 0
"p1014": 0
"p1015": 0
"p1016": 0.004627042324547784
"p1017": 0.0015335662848745203
"p1018": 6.585867481056221E-05
"p1019": 1.8816764231589204E-06
"p1020": 0.0010255136506216117
"p1021": 0.00028225146347383805
"p1022": 1.6935087808430286E-05
"p1023": 0
