"p1008": 0.00013548070246744229
"p1009": 2.0698440654748124E-05
"p1010": 0
"p1011": 0
"p1012": 0
"p1013": 0
"p1014": 0
"p1015": 0
"p1016": 0.005748521472750502
"p1017": 0.0018741497174662842
"p1018": 0.0003029499041285862
"p1019": 2.2580117077907045E-05
"p1020": 0.0015147495206429308
"p1021": 0.0004233771952107571
"p1022": 7.526705692635681E-05
"p1023": 2.258011707790705E-05
