"p1008": 0.0010010518571205455
"p1009": 0.00018440428946957417
"p1010": 2.2580117077907045E-05
"p1011": 0
"p1012": 0.00073197212860882
"p1013": 0.00012230896750532982
"p1014": 1.1290058538953521E-05
"p1015": 0
"p1016": 0.006279154224081318
"p1017": 0.0018139360719251992
"p1018": 0.00023332787647170614
"p1019": 1.3171734962112444E-05
"p1020": 0.005014667667718522
"p1021": 0.0016916271044198693
"p1022": 0.00019945770085484554
"p1023": 9.408382115794602E-06
