"p1008": 0.0020754890947442886
"p1009": 0.0006905752472993237
"p1010": 9.972885042742278E-05
"p1011": 5.645029269476761E-06
"p1012": 0.0026795072265783024
"p1013": 0.0008900329481541691
"p1014": 0.00014300740816007793
"p1015": 5.645029269476761E-06
"p1016": 0.0004779458114823658
"p1017": 0.00017687758377693853
"p1018": 3.0106822770542726E-05
"p1019": 1.8816764231589204E-06
"p1020": 0.00030106822770542725
"p1021": 0.00014300740816007796
"p1022": 2.0698440654748124E-05
"p1023": 1.8816764231589204E-06
