"p1008": 0.0017687758377693845
"p1009": 0.00048735419359816035
"p1010": 5.833196911792653E-05
"p1011": 5.645029269476761E-06
"p1012": 0.002515801377763476
"p1013": 0.0007884224213035875
"p1014": 0.00011478226181269414
"p1015": 5.645029269476761E-06
"p1016": 0.00042337719521075713
"p1017": 0.0001486524374295547
"p1018": 1.5053411385271363E-05
"p1019": 0
"p1020": 0.0001975760244316867
"p1021": 0.00011666393823585303
"p1022": 7.5267056926356815E-06
"p1023": 0
