"p1008": 0.0029862204835532057
"p1009": 0.0010349220327374063
"p1010": 0.00010161052685058169
"p1011": 5.645029269476761E-06
"p1012": 0.007248217582008162
"p1013": 0.0024480610265297555
"p1014": 0.00025778966997277205
"p1015": 1.3171734962112444E-05
"p1016": 0.0007658423042256804
"p1017": 0.0002427362585875008
"p1018": 4.1396881309496255E-05
"p1019": 0
"p1020": 0.0013491619954049457
"p1021": 0.00040079707813285
"p1022": 5.2686939848449775E-05
"p1023": 0
