"p1008": 9.032046831162818E-05
"p1009": 3.575185204001949E-05
"p1010": 3.7633528463178407E-06
"p1011": 0
"p1012": 0
"p1013": 0
"p1014": 0
"p1015": 0
"p1016": 0.0024235992330286895
"p1017": 0.0007714873334951572
"p1018": 8.843879188846925E-05
"p1019": 3.7633528463178407E-06
"p1020": 0.0006077814846803313
"p1021": 0.0002747247577812024
"p1022": 3.7633528463178407E-05
"p1023": 5.645029269476761E-06
