"p1008": 0.000709392011530913
"p1009": 0.00012230896750532982
"p1010": 0
"p1011": 0
"p1012": 0.0008053575091120178
"p1013": 0.00019945770085484557
"p1014": 2.2580117077907045E-05
"p1015": 0
"p1016": 0.006695004713599438
"p1017": 0.002239194943559115
"p1018": 0.00039703372528653215
"p1019": 4.516023415581409E-05
"p1020": 0.009404618762948288
"p1021": 0.0031141744803280125
"p1022": 0.0005061709578297497
"p1023": 4.704191057897301E-05
