"p1008": 0.00073197212860882
"p1009": 0.0002201561415095937
"p1010": 2.4461793501065963E-05
"p1011": 0
"p1012": 0.0016332951353019427
"p1013": 0.0005739113090634708
"p1014": 0.00010725555612005848
"p1015": 1.1290058538953523E-05
"p1016": 0.008785547219729
"p1017": 0.003070895922595358
"p1018": 0.0005776746619097886
"p1019": 6.774035123372113E-05
"p1020": 0.01682971392873338
"p1021": 0.006457913484281415
"p1022": 0.0013096467905186085
"p1023": 0.000165587525237985
