"p1008": 0.00127201326205543
"p1009": 0.0004948808992907962
"p1010": 7.150370408003898E-05
"p1011": 5.645029269476761E-06
"p1012": 0.0028789649274331476
"p1013": 0.0008523994196909907
"p1014": 9.972885042742278E-05
"p1015": 0
"p1016": 0.0001674692016611439
"p1017": 8.091208619583358E-05
"p1018": 2.634346992422488E-05
"p1019": 1.8816764231589204E-06
"p1020": 0.0002784881106275203
"p1021": 0.00010537387969689954
"p1022": 2.0698440654748124E-05
"p1023": 1.8816764231589204E-06
