"p1008": 6.397699838740328E-05
"p1009": 3.575185204001949E-05
"p1010": 0
"p1011": 0
"p1012": 9.032046831162818E-05
"p1013": 3.575185204001949E-05
"p1014": 3.7633528463178407E-06
"p1015": 0
"p1016": 0.0008448727139983548
"p1017": 0.000378216961054943
"p1018": 4.8923587002131926E-05
"p1019": 5.645029269476761E-06
"p1020": 0.0021074775939379908
"p1021": 0.0006341249546045562
"p1022": 7.714873334951573E-05
"p1023": 3.7633528463178407E-06
