"p1008": 0.0012324980571690927
"p1009": 0.00037445360820862513
"p1010": 5.080526342529085E-05
"p1011": 0
"p1012": 0
"p1013": 0
"p1014": 0
"p1015": 0
"p1016": 0.0007714873334951573
"p1017": 0.000259671346395931
"p1018": 4.327855773265517E-05
"p1019": 1.8816764231589204E-06
"p1020": 0.00032553002120649325
"p1021": 0.00013359902604428335
"p1022": 3.198849919370165E-05
"p1023": 1.8816764231589204E-06
