"p1008": 0.0004892358700213192
"p1009": 9.972885042742277E-05
"p1010": 1.1290058538953521E-05
"p1011": 0
"p1012": 3.0106822770542726E-05
"p1013": 1.8816764231589204E-06
"p1014": 0
"p1015": 0
"p1016": 0.006708176448561551
"p1017": 0.0022166148264812077
"p1018": 0.0002671980520885667
"p1019": 1.3171734962112442E-05
"p1020": 0.002671980520885666
"p1021": 0.0008373460083057196
"p1022": 0.00011854561465901197
"p1023": 5.645029269476761E-06
