"p1008": 0.0001486524374295547
"p1009": 6.0213645541085445E-05
"p1010": 3.0106822770542726E-05
"p1011": 1.8816764231589204E-06
"p1012": 0
"p1013": 0
"p1014": 0
"p1015": 0
"p1016": 0.0020190388020495213
"p1017": 0.0006247165724887615
"p1018": 8.091208619583358E-05
"p1019": 0
"p1020": 0.0002464996114338186
"p1021": 0.0001204272910821709
"p1022": 1.8816764231589203E-05
"p1023": 0
