"p1008": 0.002325752059024425
"p1009": 0.0008317009790362428
"p1010": 0.00013548070246744226
"p1011": 0
"p1012": 0.0002935415220127916
"p1013": 6.209532196424438E-05
"p1014": 0
"p1015": 0
"p1016": 0.014951800858420784
"p1017": 0.0056205674759756945
"p1018": 0.0009295481530405068
"p1019": 4.8923587002131926E-05
"p1020": 0.008911619540080646
"p1021": 0.003275998652719681
"p1022": 0.0005400411334466102
"p1023": 1.3171734962112444E-05
