"p1008": 0.0008956779774236459
"p1009": 0.00032553002120649325
"p1010": 4.704191057897301E-05
"p1011": 0
"p1012": 1.5053411385271363E-05
"p1013": 0
"p1014": 0
"p1015": 0
"p1016": 0.0089962949791228
"p1017": 0.0030690142461721995
"p1018": 0.0003217666683601754
"p1019": 1.8816764231589203E-05
"p1020": 0.0026719805208856666
"p1021": 0.0008034758326888592
"p1022": 9.032046831162817E-05
"p1023": 0
