"p1008": 0.0010499754441226773
"p1009": 0.0003518734911307181
"p1010": 3.198849919370165E-05
"p1011": 5.645029269476761E-06
"p1012": 0.002628701963153012
"p1013": 0.0007884224213035876
"p1014": 9.032046831162818E-05
"p1015": 0
"p1016": 0.00014300740816007793
"p1017": 7.338538050319788E-05
"p1018": 2.2580117077907042E-05
"p1019": 0
"p1020": 0.0002615530228190899
"p1021": 9.972885042742278E-05
"p1022": 1.1290058538953523E-05
"p1023": 0
