"p1008": 0.001996458684971614
"p1009": 0.0005663846033708349
"p1010": 7.714873334951574E-05
"p1011": 0
"p1012": 0
"p1013": 0
"p1014": 0
"p1015": 0
"p1016": 0.0012569598506701589
"p1017": 0.0004177321659412803
"p1018": 4.139688130949624E-05
"p1019": 0
"p1020": 0.0007169187172235485
"p1021": 0.00029165984558963265
"p1022": 3.7633528463178407E-05
"p1023": 5.645029269476761E-06
