"p1008": 0.0012927117027101782
"p1009": 0.00029354152201279153
"p1010": 3.3870175616860565E-05
"p1011": 0
"p1012": 8.655711546531032E-05
"p1013": 1.8816764231589204E-06
"p1014": 0
"p1015": 0
"p1016": 0.016432680203446855
"p1017": 0.00509181640106804
"p1018": 0.0007489072164172504
"p1019": 5.45686162716087E-05
"p1020": 0.006333722840352926
"p1021": 0.0020924241825527184
"p1022": 0.00036504522609283053
"p1023": 2.8225146347383808E-05
