"p1008": 0.0008110025383814947
"p1009": 0.00019945770085484557
"p1010": 2.2580117077907045E-05
"p1011": 0
"p1012": 1.8816764231589204E-06
"p1013": 0
"p1014": 0
"p1015": 0
"p1016": 0.011749187586204298
"p1017": 0.003827329844705245
"p1018": 0.0006303616017582384
"p1019": 6.39769983874033E-05
"p1020": 0.005343961041771334
"p1021": 0.0016257684296093068
"p1022": 0.00030483158055174506
"p1023": 2.8225146347383808E-05
