"p1008": 0.00042902222448023376
"p1009": 0.00012042729108217089
"p1010": 1.1290058538953523E-05
"p1011": 0
"p1012": 0.0002671980520885667
"p1013": 5.456861627160868E-05
"p1014": 1.1290058538953521E-05
"p1015": 0
"p1016": 0.002470641143607662
"p1017": 0.0007658423042256808
"p1018": 9.220214473478711E-05
"p1019": 3.7633528463178407E-06
"p1020": 0.00236903061675708
"p1021": 0.0008185292440741304
"p1022": 9.784717400426385E-05
"p1023": 3.7633528463178407E-06
