"p1008": 0.0004685374293665711
"p1009": 0.00015994249596850823
"p1010": 3.3870175616860565E-05
"p1011": 1.8816764231589204E-06
"p1012": 0
"p1013": 0
"p1014": 0
"p1015": 0
"p1016": 0.008589852871720474
"p1017": 0.00275477428350466
"p1018": 0.00045536569440445874
"p1019": 2.8225146347383808E-05
"p1020": 0.002182744650864347
"p1021": 0.0007903040977267465
"p1022": 0.00013548070246744226
"p1023": 3.3870175616860565E-05
