"p1008": 7.903040977267465E-05
"p1009": 3.0106822770542726E-05
"p1010": 5.645029269476761E-06
"p1011": 0
"p1012": 0.00018252261304641524
"p1013": 4.139688130949624E-05
"p1014": 1.1290058538953523E-05
"p1015": 1.8816764231589204E-06
"p1016": 0.0007583155985330449
"p1017": 0.0002671980520885667
"p1018": 3.0106822770542726E-05
"p1019": 0
"p1020": 0.0011553493238195766
"p1021": 0.0003481101382844002
"p1022": 3.951520488633733E-05
"p1023": 0
