"p1008": 5.833196911792653E-05
"p1009": 7.5267056926356815E-06
"p1010": 0
"p1011": 0
"p1012": 0.00015053411385271363
"p1013": 2.0698440654748124E-05
"p1014": 0
"p1015": 0
"p1016": 0.0021545195045169635
"p1017": 0.0006548233952593041
"p1018": 0.00010913723254321737
"p1019": 2.6343469924224887E-05
"p1020": 0.005219770397842846
"p1021": 0.001744314044268319
"p1022": 0.00029730487485910944
"p1023": 2.2580117077907045E-05
