"p1008": 8.655711546531033E-05
"p1009": 2.4461793501065963E-05
"p1010": 1.8816764231589204E-06
"p1011": 0
"p1012": 0.00016558752523798502
"p1013": 3.387017561686057E-05
"p1014": 3.7633528463178407E-06
"p1015": 0
"p1016": 0.0010292770034679292
"p1017": 0.00034434678543808245
"p1018": 4.3278557732655166E-05
"p1019": 5.645029269476761E-06
"p1020": 0.002380320675296034
"p1021": 0.0007997124798425411
"p1022": 9.972885042742276E-05
"p1023": 3.7633528463178407E-06
