"p1008": 0.0014526541986786864
"p1009": 0.00029165984558963265
"p1010": 2.2580117077907045E-05
"p1011": 0
"p1012": 0.001343516966135469
"p1013": 0.0002916598455896326
"p1014": 3.3870175616860565E-05
"p1015": 0
"p1016": 0.009491175878413596
"p1017": 0.0029542319843595044
"p1018": 0.0004779458114823658
"p1019": 3.7633528463178407E-05
"p1020": 0.011572310002427361
"p1021": 0.0039101236073242375
"p1022": 0.0005870830440255833
"p1023": 4.5160234155814084E-05
