"p1008": 0.004867896906712127
"p1009": 0.0016013066361082408
"p1010": 0.0002803697870506791
"p1011": 1.6935087808430286E-05
"p1012": 0
"p1013": 0
"p1014": 0
"p1015": 0
"p1016": 0.0038574366674757866
"p1017": 0.0012870666734407011
"p1018": 0.0002295645236253883
"p1019": 1.3171734962112444E-05
"p1020": 0.002476286172877139
"p1021": 0.0009558916229647314
"p1022": 0.0001768775837769385
"p1023": 4.139688130949625E-05
