"p1008": 0.01237578583511622
"p1009": 0.004738061233514161
"p1010": 0.0009859984457352743
"p1011": 0.00013171734962112442
"p1012": 0.0001392440553137601
"p1013": 3.575185204001949E-05
"p1014": 0
"p1015": 0
"p1016": 0.008268086203360296
"p1017": 0.003038907423401656
"p1018": 0.0006021364554108544
"p1019": 7.33853805031979E-05
"p1020": 0.006781561829064752
"p1021": 0.0022598933842138628
"p1022": 0.00040079707813284995
"p1023": 2.8225146347383808E-05
