"p1008": 0.0002728430813580435
"p1009": 0.00013548070246744226
"p1010": 0
"p1011": 0
"p1012": 0.0010217502977752937
"p1013": 0.00028036978705067917
"p1014": 1.6935087808430286E-05
"p1015": 0
"p1016": 2.0698440654748124E-05
"p1017": 1.6935087808430286E-05
"p1018": 1.1290058538953523E-05
"p1019": 0
"p1020": 5.645029269476762E-05
"p1021": 3.0106822770542726E-05
"p1022": 7.5267056926356815E-06
"p1023": 0
