"p1008": 0.0003650452260928306
"p1009": 0.0001467707610063958
"p1010": 1.6935087808430286E-05
"p1011": 0
"p1012": 0.0010048152099668634
"p1013": 0.0004045604309791679
"p1014": 9.220214473478711E-05
"p1015": 1.1290058538953523E-05
"p1016": 0.0034811013828440034
"p1017": 0.001164757705935372
"p1018": 0.00014112573173691902
"p1019": 1.1290058538953523E-05
"p1020": 0.007955727917115915
"p1021": 0.002703969020079369
"p1022": 0.00029918655128226827
"p1023": 1.3171734962112442E-05
