"p1008": 0.002510156348493999
"p1009": 0.0008429910375751962
"p1010": 0.00012607232035164766
"p1011": 3.010682277054273E-05
"p1012": 0.005562235506857769
"p1013": 0.0018515696003883774
"p1014": 0.00031988499193701646
"p1015": 2.2580117077907045E-05
"p1016": 0.00047606413505920677
"p1017": 0.00019381267158536883
"p1018": 5.080526342529085E-05
"p1019": 1.8816764231589204E-06
"p1020": 0.0007244454229161843
"p1021": 0.00030106822770542725
"p1022": 4.892358700213193E-05
"p1023": 5.645029269476761E-06
