"p1008": 0.00012607232035164766
"p1009": 4.8923587002131926E-05
"p1010": 5.645029269476761E-06
"p1011": 0
"p1012": 0.0002408545821643419
"p1013": 7.33853805031979E-05
"p1014": 1.1290058538953523E-05
"p1015": 1.8816764231589204E-06
"p1016": 0.0011948645287059138
"p1017": 0.00045536569440445874
"p1018": 5.645029269476761E-05
"p1019": 5.645029269476761E-06
"p1020": 0.002609885198921422
"p1021": 0.0008185292440741304
"p1022": 0.00011101890896637629
"p1023": 3.7633528463178407E-06
