"p1008": 0.00019757602443168663
"p1009": 0.00011478226181269415
"p1010": 1.5053411385271363E-05
"p1011": 0
"p1012": 0.00028225146347383805
"p1013": 0.00011666393823585305
"p1014": 3.0106822770542726E-05
"p1015": 1.8816764231589204E-06
"p1016": 0.0013284635547501978
"p1017": 0.0004986442521371139
"p1018": 6.962202765688006E-05
"p1019": 5.645029269476761E-06
"p1020": 0.002957995337205823
"p1021": 0.0008825062424615335
"p1022": 0.00010161052685058171
"p1023": 0
