"p1008": 0.0005475678391392459
"p1009": 0.00018440428946957417
"p1010": 1.5053411385271363E-05
"p1011": 0
"p1012": 0.0009032046831162814
"p1013": 0.00026907972851172564
"p1014": 2.4461793501065963E-05
"p1015": 0
"p1016": 0.0001448890845832369
"p1017": 5.080526342529084E-05
"p1018": 9.408382115794602E-06
"p1019": 0
"p1020": 5.645029269476761E-05
"p1021": 3.0106822770542726E-05
"p1022": 7.5267056926356815E-06
"p1023": 0
