"p1008": 0.0063356045167760845
"p1009": 0.0021902713565569833
"p1010": 0.0004102054602486447
"p1011": 6.021364554108545E-05
"p1012": 0.013677905919942192
"p1013": 0.0050466561669122246
"p1014": 0.0011214791482027167
"p1015": 0.00015994249596850823
"p1016": 0.0017988826605399274
"p1017": 0.0006115448375266493
"p1018": 0.00013171734962112445
"p1019": 1.8816764231589204E-06
"p1020": 0.0020943058589758777
"p1021": 0.000735735481455138
"p1022": 0.00011478226181269414
"p1023": 5.645029269476761E-06
