"p1008": 0.00018252261304641524
"p1009": 4.139688130949624E-05
"p1010": 1.1290058538953523E-05
"p1011": 1.8816764231589204E-06
"p1012": 0
"p1013": 0
"p1014": 0
"p1015": 0
"p1016": 0.001701035486535664
"p1017": 0.0005325144277539744
"p1018": 6.209532196424438E-05
"p1019": 0
"p1020": 0.0002615530228190899
"p1021": 9.972885042742278E-05
"p1022": 1.1290058538953523E-05
"p1023": 0
