"p1008": 0.0034491128836503008
"p1009": 0.0011741660880511661
"p1010": 0.00019193099516220984
"p1011": 3.575185204001948E-05
"p1012": 0.006420279955818236
"p1013": 0.0021526378280938047
"p1014": 0.00038950701959389653
"p1015": 2.8225146347383808E-05
"p1016": 0.0007620789513793627
"p1017": 0.0002973048748591095
"p1018": 6.962202765688005E-05
"p1019": 3.7633528463178407E-06
"p1020": 0.000820410920497289
"p1021": 0.0003594001968233538
"p1022": 6.39769983874033E-05
"p1023": 7.5267056926356815E-06
