"p1008": 0.0006774035123372113
"p1009": 0.00019381267158536883
"p1010": 2.4461793501065963E-05
"p1011": 0
"p1012": 0
"p1013": 0
"p1014": 0
"p1015": 0
"p1016": 0.0002671980520885667
"p1017": 9.220214473478709E-05
"p1018": 1.6935087808430286E-05
"p1019": 1.8816764231589204E-06
"p1020": 0.0001486524374295547
"p1021": 4.8923587002131926E-05
"p1022": 1.5053411385271365E-05
"p1023": 1.8816764231589204E-06
