"p1008": 0.0014037306116765542
"p1009": 0.000378216961054943
"p1010": 4.516023415581409E-05
"p1011": 1.8816764231589204E-06
"p1012": 0
"p1013": 0
"p1014": 0
"p1015": 0
"p1016": 0.0011384142360111463
"p1017": 0.00045724737082761756
"p1018": 6.021364554108545E-05
"p1019": 1.8816764231589204E-06
"p1020": 0.0007413805107246145
"p1021": 0.0003631635496696716
"p1022": 5.645029269476761E-05
"p1023": 5.645029269476761E-06
