"p1008": 0.0002973048748591094
"p1009": 5.080526342529084E-05
"p1010": 0
"p1011": 0
"p1012": 1.8816764231589204E-06
"p1013": 0
"p1014": 0
"p1015": 0
"p1016": 0.0038913068430926475
"p1017": 0.0013341085840196743
"p1018": 0.00011666393823585307
"p1019": 5.645029269476761E-06
"p1020": 0.0020453822719737457
"p1021": 0.0006435333367203508
"p1022": 9.596549758110493E-05
"p1023": 5.645029269476761E-06
