"p1024": 2.0698440654748124E-05
"p1025": 0
"p1026": 3.7633528463178407E-06
"p1027": 0
"p1028": 0
"p1029": 0
"p1030": 0
"p1031": 0
"p1032": 3.7633528463178407E-06
"p1033": 0
"p1034": 0.00013924405531376015
"p1035": 5.645029269476761E-06
"p1036": 0
"p1037": 0
"p1038": 5.645029269476761E-06
"p1039": 0
"p1040": 5.268693984844977E-05
"p1041": 0
"p1042": 0.0001448890845832369
"p1043": 1.1290058538953523E-05
"p1044": 0
"p1045": 0
"p1046": 3.387017561686057E-05
"p1047": 0
"p1048": 2.4461793501065966E-05
"p1049": 0
"p1050": 0.0007921857741499054
"p1051": 8.655711546531035E-05
"p1052": 5.645029269476761E-06
"p1053": 0
"p1054": 0.0002860148163201559
"p1055": 3.7633528463178407E-06
"p1056": 0.00020133937727800447
"p1057": 0
"p1058": 0.00026155302281908997
"p1059": 4.516023415581409E-05
"p1060": 0
"p1061": 0
"p1062": 1.1290058538953523E-05
"p1063": 0
"p1064": 0.0004572473708276175
"p1065": 7.338538050319788E-05
"p1066": 0.0016709286637651213
"p1067": 0.0007714873334951573
"p1068": 0.00011666393823585307
"p1069": 3.7633528463178407E-06
"p1070": 0.0004553656944044588
"p1071": 0.00017311423093062066
"p1072": 0.00038009863747810193
"p1073": 0
"p1074": 0.0008749795367688975
"p1075": 0.0001975760244316867
"p1076": 0
"p1077": 0
"p1078": 0.00022580117077907044
"p1079": 1.1290058538953523E-05
"p1080": 0.0007037469822614361
"p1081": 6.774035123372113E-05
"p1082": 0.005522720301971432
"p1083": 0.0027227857843109575
"p1084": 0.00010161052685058169
"p1085": 0
"p1086": 0.0017292606328830483
