"p1024": 0.0008110025383814946
"p1025": 3.198849919370165E-05
"p1026": 0.001258841527093318
"p1027": 0.000658586748105622
"p1028": 3.198849919370165E-05
"p1029": 2.4461793501065963E-05
"p1030": 1.8816764231589204E-06
"p1031": 3.7633528463178407E-06
"p1032": 0.001258841527093318
"p1033": 1.8816764231589204E-06
"p1034": 0.0017537224263841134
"p1035": 0.00059272807329506
"p1036": 0.000658586748105622
"p1037": 3.7633528463178407E-06
"p1038": 0.0005927280732950601
"p1039": 0.0002803697870506791
"p1040": 0
"p1041": 0
"p1042": 0
"p1043": 0
"p1044": 0
"p1045": 0
"p1046": 0
"p1047": 0
"p1048": 0
"p1049": 0
"p1050": 0
"p1051": 0
"p1052": 0
"p1053": 0
"p1054": 0
"p1055": 0
"p1056": 0.0021300577110158984
"p1057": 0.0003669269025159895
"p1058": 0.0017687758377693847
"p1059": 0.004450164740770847
"p1060": 6.962202765688005E-05
"p1061": 4.139688130949624E-05
"p1062": 3.7633528463178407E-06
"p1063": 7.5267056926356815E-06
"p1064": 0.004403122830191874
"p1065": 6.209532196424438E-05
"p1066": 0.003582711909694584
"p1067": 0.006484256954205639
"p1068": 0.0017198522507672533
"p1069": 1.5053411385271363E-05
"p1070": 0.0011591126766658949
"p1071": 0.001226853027899616
"p1072": 0.0005061709578297496
"p1073": 4.139688130949625E-05
"p1074": 0.0003180033155138575
"p1075": 0.000496762575713955
"p1076": 0
"p1077": 7.5267056926356815E-06
"p1078": 0
"p1079": 0
"p1080": 0.001531684608451361
"p1081": 1.3171734962112444E-05
"p1082": 0.0006454150131435097
"p1083": 0.0011816927937438018
"p1084": 0.0005645029269476761
"p1085": 0
"p1086": 0.00012419064392848873
