"p1024": 0
"p1025": 0
"p1026": 5.64502926947676E-05
"p1027": 0
"p1028": 5.645029269476761E-06
"p1029": 0
"p1030": 8.843879188846925E-05
"p1031": 5.645029269476761E-06
"p1032": 0
"p1033": 0
"p1034": 5.645029269476761E-06
"p1035": 0
"p1036": 1.8816764231589203E-05
"p1037": 0
"p1038": 9.408382115794602E-06
"p1039": 0
"p1040": 3.7633528463178407E-06
"p1041": 0
"p1042": 0.0004327855773265517
"p1043": 6.962202765688006E-05
"p1044": 3.198849919370164E-05
"p1045": 0
"p1046": 0.000447838988711823
"p1047": 7.33853805031979E-05
"p1048": 1.8816764231589204E-06
"p1049": 0
"p1050": 0.00018628596589273313
"p1051": 1.8816764231589204E-06
"p1052": 4.516023415581409E-05
"p1053": 0
"p1054": 0.00041208713667180354
"p1055": 0
"p1056": 0.00021451111224011688
"p1057": 9.408382115794602E-06
"p1058": 0.0007865407448804287
"p1059": 0.00033682007974544673
"p1060": 0.00034434678543808234
"p1061": 6.774035123372112E-05
"p1062": 0.0006472966895666685
"p1063": 0.0004704191057897301
"p1064": 4.139688130949625E-05
"p1065": 0
"p1066": 0.00046477407652025334
"p1067": 9.596549758110493E-05
"p1068": 0.00017123255450746173
"p1069": 0
"p1070": 0.00047794581148236586
"p1071": 0.00012795399677480661
"p1072": 0.0002897781691664738
"p1073": 1.1290058538953523E-05
"p1074": 0.0021865080037106652
"p1075": 0.0011139524425100807
"p1076": 0.0004271405480570749
"p1077": 5.64502926947676E-05
"p1078": 0.0013322269075965157
"p1079": 0.0011402959124343056
"p1080": 6.021364554108544E-05
"p1081": 0
"p1082": 0.0018346345125799472
"p1083": 0.0007413805107246145
"p1084": 0.0002897781691664738
"p1085": 0
"p1086": 0.0019870503028558196
