"p1024": 0.0002051027301243223
"p1025": 0
"p1026": 3.951520488633733E-05
"p1027": 8.467543904215141E-05
"p1028": 0.00015053411385271363
"p1029": 7.903040977267465E-05
"p1030": 3.387017561686057E-05
"p1031": 0.00013548070246744223
"p1032": 0.0007771323627646341
"p1033": 1.8816764231589203E-05
"p1034": 8.655711546531035E-05
"p1035": 0.0005249877220613389
"p1036": 0.000568266279793994
"p1037": 8.843879188846925E-05
"p1038": 8.843879188846925E-05
"p1039": 0.0005626212505245171
"p1040": 0.001102662383971127
"p1041": 0
"p1042": 0.0003104766098212219
"p1043": 0.0003481101382844003
"p1044": 0.0007282087757625019
"p1045": 9.596549758110493E-05
"p1046": 0.0001844042894695742
"p1047": 0.00041773216594128044
"p1048": 0.002628701963153012
"p1049": 2.2580117077907042E-05
"p1050": 0.000613426513949808
"p1051": 0.0018685046881968077
"p1052": 0.0018158177483483578
"p1053": 7.150370408003896E-05
"p1054": 0.0004591290472507766
"p1055": 0.0014921694035650239
"p1056": 3.9515204886337324E-05
"p1057": 0
"p1058": 0
"p1059": 5.645029269476761E-06
"p1060": 3.3870175616860565E-05
"p1061": 0
"p1062": 0
"p1063": 3.575185204001949E-05
"p1064": 0.0001467707610063958
"p1065": 0
"p1066": 1.5053411385271363E-05
"p1067": 9.220214473478709E-05
"p1068": 0.00017123255450746176
"p1069": 1.8816764231589203E-05
"p1070": 3.0106822770542726E-05
"p1071": 0.0001467707610063958
"p1072": 0.0001204272910821709
"p1073": 0
"p1074": 4.8923587002131926E-05
"p1075": 1.8816764231589203E-05
"p1076": 9.032046831162818E-05
"p1077": 0
"p1078": 3.7633528463178407E-05
"p1079": 5.4568616271608685E-05
"p1080": 0.00033682007974544673
"p1081": 0
"p1082": 0.0002559079935496132
"p1083": 6.962202765688006E-05
"p1084": 0.0003424651090149235
"p1085": 0
"p1086": 0.0002559079935496132
