"p1024": 8.467543904215141E-05
"p1025": 0.00028789649274331484
"p1026": 0.0008110025383814947
"p1027": 0.0017875926020009742
"p1028": 0.0002013393772780045
"p1029": 0.00042337719521075713
"p1030": 0.000660468424528781
"p1031": 0.0012249713514764574
"p1032": 1.5053411385271363E-05
"p1033": 6.021364554108544E-05
"p1034": 0.0006322432781813973
"p1035": 0.0015636731076450626
"p1036": 3.7633528463178407E-05
"p1037": 0.0002766064342043613
"p1038": 0.0004760641350592069
"p1039": 0.0014902877271418644
"p1040": 0
"p1041": 0
"p1042": 0
"p1043": 0
"p1044": 0
"p1045": 0
"p1046": 0
"p1047": 0
"p1048": 0
"p1049": 0
"p1050": 0
"p1051": 0
"p1052": 0
"p1053": 0
"p1054": 0
"p1055": 0
"p1056": 2.2580117077907045E-05
"p1057": 0.0001806409366232563
"p1058": 0.0002540263171264543
"p1059": 0.0007188003936467075
"p1060": 0.00011666393823585305
"p1061": 0.00044783898871182307
"p1062": 0.00023520955289486504
"p1063": 0.0008015941562656999
"p1064": 0
"p1065": 3.0106822770542726E-05
"p1066": 0.00012419064392848875
"p1067": 0.0003085949333980629
"p1068": 5.645029269476761E-06
"p1069": 0.00011854561465901197
"p1070": 0.00013359902604428335
"p1071": 0.0005720296326403118
"p1072": 2.0698440654748124E-05
"p1073": 0.00010725555612005845
"p1074": 0.0003405834325917646
"p1075": 0.000799712479842541
"p1076": 6.774035123372114E-05
"p1077": 9.596549758110492E-05
"p1078": 0.0002671980520885667
"p1079": 0.000543804486292928
"p1080": 1.8816764231589204E-06
"p1081": 1.3171734962112444E-05
"p1082": 0.0001749959073537796
"p1083": 0.0005343961041771333
"p1084": 3.7633528463178407E-06
"p1085": 0.0001223089675053298
"p1086": 0.00019004931873905094
