"p1024": 3.7633528463178407E-06
"p1025": 1.8816764231589204E-06
"p1026": 0
"p1027": 1.8816764231589203E-05
"p1028": 0
"p1029": 0
"p1030": 0
"p1031": 0
"p1032": 8.843879188846925E-05
"p1033": 0
"p1034": 5.080526342529084E-05
"p1035": 9.408382115794602E-06
"p1036": 5.645029269476761E-06
"p1037": 0
"p1038": 0
"p1039": 0
"p1040": 9.032046831162817E-05
"p1041": 3.7633528463178407E-06
"p1042": 5.456861627160869E-05
"p1043": 5.4568616271608685E-05
"p1044": 3.387017561686057E-05
"p1045": 0
"p1046": 0
"p1047": 0
"p1048": 0.00041020546024864466
"p1049": 0
"p1050": 0.00038198031390126086
"p1051": 0.00010725555612005845
"p1052": 0.0001749959073537796
"p1053": 0
"p1054": 0.0001110189089663763
"p1055": 7.5267056926356815E-06
"p1056": 0.0001844042894695742
"p1057": 7.903040977267465E-05
"p1058": 3.387017561686057E-05
"p1059": 0.0001599424959685082
"p1060": 1.1290058538953523E-05
"p1061": 0
"p1062": 0
"p1063": 0
"p1064": 0.0014545358751018454
"p1065": 0.00011854561465901196
"p1066": 0.0002389729057411829
"p1067": 0.0012362614100154107
"p1068": 0.0004309039009033928
"p1069": 7.5267056926356815E-06
"p1070": 9.408382115794602E-06
"p1071": 0.00016935087808430283
"p1072": 0.0006209532196424435
"p1073": 9.596549758110493E-05
"p1074": 0.0001844042894695742
"p1075": 0.000427140548057075
"p1076": 0.00022015614150959367
"p1077": 0
"p1078": 5.645029269476761E-06
"p1079": 1.1290058538953523E-05
"p1080": 0.004273287156993906
"p1081": 9.408382115794599E-05
"p1082": 0.0012814216441712246
"p1083": 0.0032985787697975876
"p1084": 0.0014695892864871167
"p1085": 0
"p1086": 0.0002540263171264543
