"p1024": 5.080526342529085E-05
"p1025": 0
"p1026": 0.0005080526342529084
"p1027": 0.00010537387969689952
"p1028": 0.00022015614150959365
"p1029": 0
"p1030": 0.00041020546024864445
"p1031": 0.00010349220327374062
"p1032": 0.00017499590735377962
"p1033": 5.645029269476761E-06
"p1034": 0.00280746122335311
"p1035": 0.0004196138423644392
"p1036": 0.0002540263171264543
"p1037": 6.209532196424436E-05
"p1038": 0.0023822023517191945
"p1039": 0.0004534840179812998
"p1040": 0
"p1041": 0
"p1042": 0
"p1043": 0
"p1044": 0
"p1045": 0
"p1046": 0
"p1047": 0
"p1048": 0
"p1049": 0
"p1050": 0
"p1051": 0
"p1052": 0
"p1053": 0
"p1054": 0
"p1055": 0
"p1056": 0.00011290058538953522
"p1057": 0
"p1058": 0.0010970173547016505
"p1059": 9.408382115794602E-05
"p1060": 0.0004064421074023266
"p1061": 0
"p1062": 0.0008994413302699636
"p1063": 8.843879188846925E-05
"p1064": 0.001012341915659499
"p1065": 6.962202765688006E-05
"p1066": 0.007748743510568435
"p1067": 0.005490731802777729
"p1068": 0.0011158341189332398
"p1069": 0.00035751852040019497
"p1070": 0.004333500802534994
"p1071": 0.004092646220370652
"p1072": 1.1290058538953523E-05
"p1073": 0
"p1074": 0.00022391949435591154
"p1075": 2.4461793501065966E-05
"p1076": 0.0001034922032737406
"p1077": 0
"p1078": 7.52670569263568E-05
"p1079": 9.408382115794602E-06
"p1080": 0.0002747247577812024
"p1081": 0
"p1082": 0.002256130031367545
"p1083": 0.0009295481530405066
"p1084": 0.0001731142309306207
"p1085": 0
"p1086": 0.0009709450343500028
