"p1024": 0.0004403122830191875
"p1025": 0.00014112573173691902
"p1026": 0.0018929664816978735
"p1027": 0.0019701152150473893
"p1028": 5.456861627160869E-05
"p1029": 0
"p1030": 3.9515204886337324E-05
"p1031": 3.7633528463178407E-06
"p1032": 0.000619071543219285
"p1033": 3.7633528463178407E-05
"p1034": 0.005586697300358837
"p1035": 0.0037896963162420655
"p1036": 0.00029354152201279153
"p1037": 0
"p1038": 0.001597543283261923
"p1039": 0.0006096631611034902
"p1040": 5.456861627160869E-05
"p1041": 1.1290058538953523E-05
"p1042": 0.0004948808992907961
"p1043": 4.139688130949625E-05
"p1044": 1.3171734962112439E-05
"p1045": 0
"p1046": 1.1290058538953523E-05
"p1047": 0
"p1048": 4.139688130949625E-05
"p1049": 0
"p1050": 0.0007357354814551379
"p1051": 3.3870175616860565E-05
"p1052": 3.7633528463178407E-05
"p1053": 0
"p1054": 0.0005833196911792653
"p1055": 0
"p1056": 0.0006190715432192849
"p1057": 0.0002051027301243223
"p1058": 0.001559909754798745
"p1059": 0.0018534512768115367
"p1060": 4.139688130949625E-05
"p1061": 0
"p1062": 2.6343469924224884E-05
"p1063": 3.7633528463178407E-06
"p1064": 0.00019945770085484554
"p1065": 2.0698440654748124E-05
"p1066": 0.0019663518622010717
"p1067": 0.0015241579027587254
"p1068": 0.00033305672689912887
"p1069": 1.1290058538953523E-05
"p1070": 0.0009596549758110494
"p1071": 0.0006981019529919596
"p1072": 0.00029354152201279164
"p1073": 2.8225146347383805E-05
"p1074": 0.0022015614150959362
"p1075": 0.0006679951302214167
"p1076": 3.7633528463178407E-05
"p1077": 0
"p1078": 1.8816764231589203E-05
"p1079": 3.7633528463178407E-06
"p1080": 0.000333056726899129
"p1081": 1.8816764231589204E-06
"p1082": 0.004248825363492843
"p1083": 0.001319055172634403
"p1084": 0.0001862859658927331
"p1085": 3.7633528463178407E-06
"p1086": 0.0014564175515250038
