"p1024": 3.7633528463178407E-05
"p1025": 0.00020510273012432228
"p1026": 0.00018064093662325633
"p1027": 0.0007244454229161843
"p1028": 8.843879188846925E-05
"p1029": 0.0003424651090149235
"p1030": 0.00016935087808430283
"p1031": 0.0006002547789876956
"p1032": 0
"p1033": 4.139688130949625E-05
"p1034": 7.714873334951574E-05
"p1035": 0.000425258871633916
"p1036": 1.8816764231589204E-06
"p1037": 0.00015617914312219037
"p1038": 8.279376261899251E-05
"p1039": 0.0004045604309791679
"p1040": 8.843879188846925E-05
"p1041": 0.00029354152201279164
"p1042": 0.0009859984457352743
"p1043": 0.0020378555662811113
"p1044": 0.00023520955289486501
"p1045": 0.0004723007822128889
"p1046": 0.0007432621871477736
"p1047": 0.0013152918197880852
"p1048": 1.5053411385271363E-05
"p1049": 6.021364554108544E-05
"p1050": 0.0007413805107246145
"p1051": 0.0017254972800367296
"p1052": 4.139688130949625E-05
"p1053": 0.0002822514634738381
"p1054": 0.0005720296326403118
"p1055": 0.0018308711597336293
"p1056": 0
"p1057": 3.0106822770542726E-05
"p1058": 3.7633528463178407E-05
"p1059": 0.00014112573173691902
"p1060": 1.5053411385271363E-05
"p1061": 6.962202765688005E-05
"p1062": 3.7633528463178407E-05
"p1063": 0.0002013393772780045
"p1064": 0
"p1065": 0
"p1066": 1.1290058538953523E-05
"p1067": 4.704191057897301E-05
"p1068": 1.8816764231589204E-06
"p1069": 2.6343469924224887E-05
"p1070": 1.6935087808430282E-05
"p1071": 9.596549758110495E-05
"p1072": 1.8816764231589204E-06
"p1073": 3.198849919370165E-05
"p1074": 0.0001919309951622099
"p1075": 0.0002897781691664737
"p1076": 4.1396881309496255E-05
"p1077": 3.387017561686057E-05
"p1078": 0.00019381267158536877
"p1079": 0.0002897781691664738
"p1080": 1.8816764231589204E-06
"p1081": 1.8816764231589204E-06
"p1082": 9.972885042742278E-05
"p1083": 0.0001674692016611439
"p1084": 0
"p1085": 4.327855773265517E-05
"p1086": 0.00012419064392848873
