"p1024": 0.0009295481530405066
"p1025": 0
"p1026": 0.00025778966997277205
"p1027": 0.000308594933398063
"p1028": 0.000588964720448742
"p1029": 9.596549758110493E-05
"p1030": 0.00015994249596850823
"p1031": 0.0003951520488633734
"p1032": 0.002235431590712797
"p1033": 2.2580117077907042E-05
"p1034": 0.0005325144277539745
"p1035": 0.0015881349011461286
"p1036": 0.0015843715482998103
"p1037": 7.150370408003896E-05
"p1038": 0.00043090390090339274
"p1039": 0.0013792688181754884
"p1040": 0
"p1041": 0
"p1042": 0
"p1043": 0
"p1044": 0
"p1045": 0
"p1046": 0
"p1047": 0
"p1048": 0
"p1049": 0
"p1050": 0
"p1051": 0
"p1052": 0
"p1053": 0
"p1054": 0
"p1055": 0
"p1056": 0.00025778966997277205
"p1057": 0
"p1058": 5.833196911792653E-05
"p1059": 8.27937626189925E-05
"p1060": 0.0002784881106275202
"p1061": 6.021364554108546E-05
"p1062": 5.833196911792653E-05
"p1063": 0.00011854561465901196
"p1064": 0.0008128842148046534
"p1065": 1.1290058538953523E-05
"p1066": 0.00013359902604428335
"p1067": 0.0006134265139498081
"p1068": 0.0007526705692635682
"p1069": 9.784717400426385E-05
"p1070": 0.00014112573173691902
"p1071": 0.0007225637464930254
"p1072": 0.000308594933398063
"p1073": 0
"p1074": 8.279376261899248E-05
"p1075": 7.150370408003898E-05
"p1076": 0.00015429746669903146
"p1077": 1.8816764231589203E-05
"p1078": 3.7633528463178407E-05
"p1079": 0.00014488908458323686
"p1080": 0.0009295481530405068
"p1081": 7.5267056926356815E-06
"p1082": 0.0003330567268991289
"p1083": 0.00039327037244021434
"p1084": 0.000684930218029847
"p1085": 2.0698440654748124E-05
"p1086": 0.0003180033155138575
