"p1024": 0.00027660643420436126
"p1025": 0.0006868118944530059
"p1026": 0.0006868118944530059
"p1027": 0.0017988826605399278
"p1028": 0
"p1029": 3.9515204886337324E-05
"p1030": 5.645029269476761E-06
"p1031": 1.6935087808430282E-05
"p1032": 0.0001712325545074617
"p1033": 0.00042525887163391606
"p1034": 0.0010970173547016505
"p1035": 0.00270208734365621
"p1036": 0.00010725555612005845
"p1037": 0.0003180033155138576
"p1038": 0.0003612818732465127
"p1039": 0.0009107313888089176
"p1040": 0.0003669269025159895
"p1041": 0.0006322432781813972
"p1042": 0.0014940510799881825
"p1043": 0.00259671346395931
"p1044": 0
"p1045": 7.338538050319788E-05
"p1046": 5.645029269476761E-06
"p1047": 5.645029269476761E-05
"p1048": 0.00037445360820862513
"p1049": 0.0007112736879540721
"p1050": 0.003673032378006213
"p1051": 0.0066968863900225975
"p1052": 9.596549758110491E-05
"p1053": 0.000329293374052811
"p1054": 0.0012663682327859534
"p1055": 0.0019475350979694826
"p1056": 6.0213645541085445E-05
"p1057": 0.00015241579027587256
"p1058": 0.00013548070246744229
"p1059": 0.0004647740765202533
"p1060": 0
"p1061": 0
"p1062": 0
"p1063": 0
"p1064": 3.0106822770542726E-05
"p1065": 2.2580117077907045E-05
"p1066": 0.0001731142309306207
"p1067": 0.00047982748790552474
"p1068": 1.3171734962112444E-05
"p1069": 5.080526342529085E-05
"p1070": 7.150370408003896E-05
"p1071": 0.00016558752523798502
"p1072": 0.0002766064342043613
"p1073": 0.0002201561415095937
"p1074": 0.0009558916229647316
"p1075": 0.0009803534164657974
"p1076": 0
"p1077": 3.3870175616860565E-05
"p1078": 5.645029269476761E-06
"p1079": 1.6935087808430282E-05
"p1080": 0.00011854561465901196
"p1081": 8.843879188846925E-05
"p1082": 0.0014432458165628919
"p1083": 0.001445127492986051
"p1084": 0.0001223089675053298
"p1085": 0.000141125731736919
"p1086": 0.00038574366674757867
