"p1024": 3.7633528463178407E-06
"p1025": 2.8225146347383805E-05
"p1026": 1.8816764231589204E-06
"p1027": 4.516023415581409E-05
"p1028": 0
"p1029": 0
"p1030": 0
"p1031": 0
"p1032": 0.0003725719317854663
"p1033": 0.0004139688130949625
"p1034": 0.00018628596589273313
"p1035": 0.00030106822770542725
"p1036": 4.139688130949625E-05
"p1037": 5.456861627160869E-05
"p1038": 1.8816764231589204E-06
"p1039": 0
"p1040": 0.00022015614150959378
"p1041": 0.0003405834325917645
"p1042": 1.3171734962112444E-05
"p1043": 0.00013171734962112445
"p1044": 5.645029269476761E-06
"p1045": 8.467543904215141E-05
"p1046": 0
"p1047": 0
"p1048": 0.002308816971215996
"p1049": 0.0021676912394790766
"p1050": 0.0013510436718281048
"p1051": 0.0009013230066931225
"p1052": 0.00047418245863604784
"p1053": 0.0005532128684087226
"p1054": 0.0001542974666990315
"p1055": 6.774035123372112E-05
"p1056": 3.7633528463178407E-05
"p1057": 0.00023520955289486507
"p1058": 7.5267056926356815E-06
"p1059": 0.00010537387969689952
"p1060": 0
"p1061": 1.1290058538953523E-05
"p1062": 0
"p1063": 0
"p1064": 0.001772539190615703
"p1065": 0.003940230430094779
"p1066": 0.0004967625757139549
"p1067": 0.003161216390906986
"p1068": 0.0002803697870506791
"p1069": 0.0006774035123372113
"p1070": 5.080526342529086E-05
"p1071": 0.00020133937727800447
"p1072": 0.00014865243742955472
"p1073": 0.00044407563586550505
"p1074": 2.634346992422488E-05
"p1075": 0.00018252261304641532
"p1076": 1.1290058538953523E-05
"p1077": 0.00010725555612005845
"p1078": 0
"p1079": 0
"p1080": 0.0035431967048082484
"p1081": 0.007020534734805933
"p1082": 0.001266368232785953
"p1083": 0.004130279748833831
"p1084": 0.0006360066310277149
"p1085": 0.0012833033205943835
"p1086": 0.00015429746669903146
