"p1024": 0.00012607232035164766
"p1025": 0.000398915401709691
"p1026": 2.634346992422488E-05
"p1027": 0.00019193099516220995
"p1028": 1.1290058538953523E-05
"p1029": 8.467543904215139E-05
"p1030": 0
"p1031": 0
"p1032": 0.003198849919370165
"p1033": 0.006075933170380153
"p1034": 0.0011515859709732592
"p1035": 0.0038235664918589256
"p1036": 0.0004534840179812997
"p1037": 0.0009069680359625995
"p1038": 9.408382115794602E-05
"p1039": 0.00014865243742955472
"p1040": 6.585867481056221E-05
"p1041": 6.962202765688006E-05
"p1042": 0
"p1043": 3.3870175616860565E-05
"p1044": 0
"p1045": 2.8225146347383805E-05
"p1046": 0
"p1047": 0
"p1048": 0.0005607395741013582
"p1049": 0.00033117505047597
"p1050": 0.00027096140493488457
"p1051": 0.0001486524374295547
"p1052": 0.00022580117077907044
"p1053": 0.00017875926020009743
"p1054": 5.6450292694767617E-05
"p1055": 0
"p1056": 4.704191057897301E-05
"p1057": 0.00023144620004854723
"p1058": 5.645029269476761E-06
"p1059": 5.833196911792652E-05
"p1060": 0
"p1061": 3.3870175616860565E-05
"p1062": 0
"p1063": 0
"p1064": 0.0012776582913249068
"p1065": 0.0030859493339806293
"p1066": 0.0005889647204487421
"p1067": 0.003020090659170067
"p1068": 0.00029730487485910944
"p1069": 0.0006058998082571724
"p1070": 9.22021447347871E-05
"p1071": 0.00023520955289486504
"p1072": 0.0001204272910821709
"p1073": 0.00025778966997277205
"p1074": 1.6935087808430286E-05
"p1075": 0.0001298356731979655
"p1076": 5.645029269476761E-06
"p1077": 2.8225146347383805E-05
"p1078": 0
"p1079": 0
"p1080": 0.002542144847687702
"p1081": 0.0039044785780547597
"p1082": 0.0012569598506701586
"p1083": 0.0013849138474449653
"p1084": 0.00034811013828440026
"p1085": 0.000754552245686727
"p1086": 0.000118545614659012
