"p1024": 0.00027660643420436136
"p1025": 1.1290058538953523E-05
"p1026": 0.001840279541849424
"p1027": 0.0009220214473478709
"p1028": 0.0003669269025159895
"p1029": 5.64502926947676E-05
"p1030": 0.001162876029512213
"p1031": 0.0009954068278510688
"p1032": 6.021364554108544E-05
"p1033": 0
"p1034": 0.0016351768117251018
"p1035": 0.0006322432781813972
"p1036": 0.0002766064342043613
"p1037": 0
"p1038": 0.0016050699889545586
"p1039": 0.0004327855773265517
"p1040": 0
"p1041": 0
"p1042": 0
"p1043": 0
"p1044": 0
"p1045": 0
"p1046": 0
"p1047": 0
"p1048": 0
"p1049": 0
"p1050": 0
"p1051": 0
"p1052": 0
"p1053": 0
"p1054": 0
"p1055": 0
"p1056": 0.0001712325545074617
"p1057": 9.408382115794602E-06
"p1058": 0.0006792851887603701
"p1059": 0.00033682007974544673
"p1060": 0.0003744536082086252
"p1061": 7.338538050319788E-05
"p1062": 0.0006868118944530059
"p1063": 0.0004835908407518425
"p1064": 3.0106822770542726E-05
"p1065": 0
"p1066": 0.0003180033155138575
"p1067": 0.0001204272910821709
"p1068": 0.00011854561465901197
"p1069": 0
"p1070": 0.0005720296326403118
"p1071": 0.0001392440553137601
"p1072": 0.00010725555612005845
"p1073": 0
"p1074": 0.0009521282701184136
"p1075": 0.00021827446508643474
"p1076": 9.596549758110492E-05
"p1077": 0
"p1078": 0.0006736401594908935
"p1079": 0.00021827446508643471
"p1080": 1.3171734962112444E-05
"p1081": 0
"p1082": 0.0006228348960656026
"p1083": 9.220214473478707E-05
"p1084": 0.0001223089675053298
"p1085": 0
"p1086": 0.0006491783659898276
