"p1024": 0.00021262943581695798
"p1025": 0
"p1026": 0.0003838619903244196
"p1027": 0.00010349220327374062
"p1028": 0
"p1029": 0
"p1030": 6.397699838740328E-05
"p1031": 3.7633528463178407E-06
"p1032": 0.0003838619903244196
"p1033": 6.397699838740328E-05
"p1034": 0.004978915815678504
"p1035": 0.0009144947416552349
"p1036": 0.00010349220327374062
"p1037": 3.7633528463178407E-06
"p1038": 0.0009144947416552349
"p1039": 9.784717400426385E-05
"p1040": 0
"p1041": 0
"p1042": 0
"p1043": 0
"p1044": 0
"p1045": 0
"p1046": 0
"p1047": 0
"p1048": 0
"p1049": 0
"p1050": 0
"p1051": 0
"p1052": 0
"p1053": 0
"p1054": 0
"p1055": 0
"p1056": 0.0003838619903244196
"p1057": 0
"p1058": 0.0008110025383814942
"p1059": 8.655711546531033E-05
"p1060": 0
"p1061": 0
"p1062": 0.0001448890845832369
"p1063": 7.5267056926356815E-06
"p1064": 0.0018515696003883774
"p1065": 0.0004158504895181215
"p1066": 0.011709672381317964
"p1067": 0.009246557943402935
"p1068": 0.0004666557529434123
"p1069": 1.1290058538953523E-05
"p1070": 0.0023803206752960352
"p1071": 0.0012061545872448678
"p1072": 0.0001034922032737406
"p1073": 0
"p1074": 8.655711546531033E-05
"p1075": 9.408382115794602E-06
"p1076": 0
"p1077": 0
"p1078": 0
"p1079": 0
"p1080": 0.0004666557529434123
"p1081": 0
"p1082": 0.003010682277054272
"p1083": 0.0013378719368659924
"p1084": 1.5053411385271363E-05
"p1085": 0
"p1086": 0.0005870830440255832
