"p1024": 0.0005325144277539745
"p1025": 9.596549758110493E-05
"p1026": 0.00015994249596850823
"p1027": 0.0003951520488633734
"p1028": 0.00016370584881482604
"p1029": 0
"p1030": 5.645029269476761E-06
"p1031": 1.1290058538953523E-05
"p1032": 0.00374641775850941
"p1033": 9.408382115794599E-05
"p1034": 0.001155349323819577
"p1035": 0.002957995337205823
"p1036": 0.0010217502977752937
"p1037": 0
"p1038": 0.00016746920166114393
"p1039": 0.0003838619903244197
"p1040": 0
"p1041": 0
"p1042": 0
"p1043": 0
"p1044": 0
"p1045": 0
"p1046": 0
"p1047": 0
"p1048": 0
"p1049": 0
"p1050": 0
"p1051": 0
"p1052": 0
"p1053": 0
"p1054": 0
"p1055": 0
"p1056": 0.00021074775939379904
"p1057": 6.021364554108546E-05
"p1058": 5.833196911792653E-05
"p1059": 0.00011854561465901196
"p1060": 6.774035123372113E-05
"p1061": 0
"p1062": 0
"p1063": 0
"p1064": 0.0012663682327859536
"p1065": 0.00010161052685058169
"p1066": 0.0002653163756654078
"p1067": 0.001151585970973259
"p1068": 0.0005739113090634708
"p1069": 7.5267056926356815E-06
"p1070": 9.032046831162818E-05
"p1071": 0.000284133139896997
"p1072": 0.0001505341138527136
"p1073": 1.8816764231589203E-05
"p1074": 3.7633528463178407E-05
"p1075": 0.00014488908458323686
"p1076": 2.4461793501065966E-05
"p1077": 0
"p1078": 0
"p1079": 0
"p1080": 0.0014394824637165742
"p1081": 2.8225146347383805E-05
"p1082": 0.0006378883074508739
"p1083": 0.0006567050716824632
"p1084": 0.0004892358700213193
"p1085": 0
"p1086": 0.00011854561465901197
