"p1024": 0.0008147658912278124
"p1025": 5.645029269476761E-06
"p1026": 0.001273894938478589
"p1027": 0.0005099343106760675
"p1028": 0.000709392011530913
"p1029": 5.6450292694767596E-05
"p1030": 0.0012550781742469998
"p1031": 0.0006397699838740329
"p1032": 0.0006134265139498081
"p1033": 0
"p1034": 0.0006284799253350793
"p1035": 0.00015429746669903146
"p1036": 0.0005475678391392457
"p1037": 0
"p1038": 0.0003424651090149235
"p1039": 0.00021074775939379913
"p1040": 0
"p1041": 0
"p1042": 0
"p1043": 0
"p1044": 0
"p1045": 0
"p1046": 0
"p1047": 0
"p1048": 0
"p1049": 0
"p1050": 0
"p1051": 0
"p1052": 0
"p1053": 0
"p1054": 0
"p1055": 0
"p1056": 0.0026738621973088255
"p1057": 7.714873334951573E-05
"p1058": 0.0024198358801823714
"p1059": 0.004516023415581409
"p1060": 0.0019437717451231647
"p1061": 0.0004083237838254858
"p1062": 0.0017631308084999078
"p1063": 0.004416294565153987
"p1064": 0.002011512096356886
"p1065": 0
"p1066": 0.0014150206702155078
"p1067": 0.0019682335386242314
"p1068": 0.0012795399677480654
"p1069": 0
"p1070": 0.0004948808992907961
"p1071": 0.000447838988711823
"p1072": 0.0010085785628131813
"p1073": 1.3171734962112444E-05
"p1074": 0.0005118159870992264
"p1075": 0.0009314298294636655
"p1076": 0.0004779458114823658
"p1077": 4.892358700213193E-05
"p1078": 0.00031612163909069865
"p1079": 0.0004929992228676371
"p1080": 0.0007150370408003898
"p1081": 0
"p1082": 0.00019757602443168663
"p1083": 0.0002897781691664737
"p1084": 0.00025778966997277205
"p1085": 0
"p1086": 5.833196911792653E-05
