"p1024": 3.7633528463178407E-06
"p1025": 0
"p1026": 8.843879188846925E-05
"p1027": 5.645029269476761E-06
"p1028": 1.8816764231589204E-06
"p1029": 0
"p1030": 0
"p1031": 0
"p1032": 0
"p1033": 0
"p1034": 5.080526342529084E-05
"p1035": 0
"p1036": 1.8816764231589203E-05
"p1037": 0
"p1038": 9.408382115794602E-06
"p1039": 0
"p1040": 2.0698440654748124E-05
"p1041": 0
"p1042": 0.0004929992228676371
"p1043": 7.33853805031979E-05
"p1044": 1.3171734962112439E-05
"p1045": 0
"p1046": 1.6935087808430286E-05
"p1047": 0
"p1048": 1.8816764231589204E-06
"p1049": 0
"p1050": 0.00036316354966967166
"p1051": 1.8816764231589204E-06
"p1052": 4.704191057897301E-05
"p1053": 0
"p1054": 0.00046289240009709436
"p1055": 3.7633528463178407E-06
"p1056": 0.0003123582862443808
"p1057": 6.774035123372112E-05
"p1058": 0.0006698768066445756
"p1059": 0.000447838988711823
"p1060": 4.327855773265517E-05
"p1061": 0
"p1062": 2.4461793501065966E-05
"p1063": 3.7633528463178407E-06
"p1064": 0.00018440428946957417
"p1065": 5.645029269476761E-06
"p1066": 0.00099352515142791
"p1067": 0.00033117505047597004
"p1068": 0.0002314462000485472
"p1069": 3.7633528463178407E-06
"p1070": 0.0006548233952593044
"p1071": 0.0002483812878569775
"p1072": 0.0003180033155138575
"p1073": 5.64502926947676E-05
"p1074": 0.0016615202816493264
"p1075": 0.0011158341189332398
"p1076": 9.972885042742274E-05
"p1077": 0
"p1078": 8.655711546531035E-05
"p1079": 3.7633528463178407E-06
"p1080": 0.0003688085789391484
"p1081": 1.1290058538953523E-05
"p1082": 0.003409597678763964
"p1083": 0.0016953904572661875
"p1084": 0.00028977816916647383
"p1085": 0
"p1086": 0.002231668237866479
