"p1024": 0
"p1025": 3.7633528463178407E-06
"p1026": 4.8923587002131926E-05
"p1027": 9.596549758110495E-05
"p1028": 0
"p1029": 5.268693984844977E-05
"p1030": 4.8923587002131926E-05
"p1031": 8.655711546531035E-05
"p1032": 3.7633528463178407E-06
"p1033": 3.7633528463178407E-06
"p1034": 0.00023520955289486507
"p1035": 0.00021074775939379907
"p1036": 2.8225146347383805E-05
"p1037": 1.8816764231589203E-05
"p1038": 0.0002653163756654078
"p1039": 0.0002916598455896326
"p1040": 0
"p1041": 0
"p1042": 0
"p1043": 0
"p1044": 0
"p1045": 0
"p1046": 0
"p1047": 0
"p1048": 0
"p1049": 0
"p1050": 0
"p1051": 0
"p1052": 0
"p1053": 0
"p1054": 0
"p1055": 0
"p1056": 5.645029269476761E-06
"p1057": 0.00017123255450746176
"p1058": 0.00030106822770542725
"p1059": 0.0014507725222555276
"p1060": 3.0106822770542726E-05
"p1061": 0.0006698768066445754
"p1062": 0.000284133139896997
"p1063": 0.0010386853855837235
"p1064": 0.00012230896750532982
"p1065": 0.00048170916432868367
"p1066": 0.0015749631661840162
"p1067": 0.003665505672313578
"p1068": 0.00032553002120649325
"p1069": 0.0007564339221098857
"p1070": 0.001172284411628007
"p1071": 0.003027617364862703
"p1072": 0
"p1073": 1.1290058538953523E-05
"p1074": 4.139688130949625E-05
"p1075": 0.0002446179350106597
"p1076": 3.7633528463178407E-06
"p1077": 0.00011478226181269412
"p1078": 1.6935087808430282E-05
"p1079": 7.714873334951572E-05
"p1080": 1.8816764231589203E-05
"p1081": 9.4083821157946E-05
"p1082": 0.00023897290574118288
"p1083": 0.0008128842148046537
"p1084": 3.9515204886337324E-05
"p1085": 6.774035123372113E-05
"p1086": 0.00016370584881482606
