"p1024": 2.0698440654748124E-05
"p1025": 0.0002973048748591093
"p1026": 0.00015053411385271363
"p1027": 0.0003368200797454467
"p1028": 0
"p1029": 0
"p1030": 1.1290058538953523E-05
"p1031": 8.467543904215139E-05
"p1032": 0.000615308190372967
"p1033": 0.001228734704322775
"p1034": 0.004049367662637998
"p1035": 0.008253032791975026
"p1036": 6.209532196424438E-05
"p1037": 0.00016935087808430286
"p1038": 0.0005532128684087225
"p1039": 0.0011139524425100805
"p1040": 9.408382115794602E-06
"p1041": 5.268693984844977E-05
"p1042": 6.209532196424438E-05
"p1043": 6.209532196424438E-05
"p1044": 0
"p1045": 0
"p1046": 0
"p1047": 2.8225146347383805E-05
"p1048": 0.00013736237889060116
"p1049": 0.00010161052685058167
"p1050": 0.0007677239806488395
"p1051": 0.00041020546024864466
"p1052": 1.1290058538953523E-05
"p1053": 7.5267056926356815E-06
"p1054": 0.0002878964927433148
"p1055": 0.00017875926020009743
"p1056": 1.8816764231589204E-06
"p1057": 0.00017123255450746176
"p1058": 5.268693984844976E-05
"p1059": 0.00017875926020009743
"p1060": 0
"p1061": 0
"p1062": 0
"p1063": 3.3870175616860565E-05
"p1064": 0.0004459573122886641
"p1065": 0.0010273953270447706
"p1066": 0.0014281924051776206
"p1067": 0.0045988171782004005
"p1068": 0.00011101890896637629
"p1069": 0.00034058343259176464
"p1070": 0.00037257193178546626
"p1071": 0.0008486360668446731
"p1072": 4.704191057897301E-05
"p1073": 0.00018440428946957422
"p1074": 0.00012042729108217092
"p1075": 0.00022391949435591156
"p1076": 0
"p1077": 0
"p1078": 5.645029269476761E-06
"p1079": 2.8225146347383805E-05
"p1080": 0.0004666557529434122
"p1081": 0.00060966316110349
"p1082": 0.0033606740917618318
"p1083": 0.004474626534271912
"p1084": 9.408382115794602E-05
"p1085": 0.0001110189089663763
"p1086": 0.0004327855773265517
