"p1024": 0.00019569434800852773
"p1025": 0.00018440428946957422
"p1026": 0.00011478226181269414
"p1027": 0.00018628596589273313
"p1028": 0
"p1029": 3.7633528463178407E-06
"p1030": 0
"p1031": 0
"p1032": 0.0001768775837769385
"p1033": 0.00022956452362538827
"p1034": 7.150370408003898E-05
"p1035": 0.00011478226181269414
"p1036": 4.3278557732655166E-05
"p1037": 7.33853805031979E-05
"p1038": 3.7633528463178407E-06
"p1039": 4.516023415581409E-05
"p1040": 0.0008900329481541692
"p1041": 0.0007696056570719984
"p1042": 0.000658586748105622
"p1043": 0.0005475678391392457
"p1044": 5.645029269476761E-06
"p1045": 6.397699838740328E-05
"p1046": 0
"p1047": 0
"p1048": 0.001415020670215508
"p1049": 0.0013228185254807211
"p1050": 0.0007131553643772309
"p1051": 0.0003424651090149235
"p1052": 0.0006774035123372112
"p1053": 0.0007752506863414749
"p1054": 0.0001938126715853688
"p1055": 0.00021074775939379913
"p1056": 0.000756433922109886
"p1057": 0.001439482463716574
"p1058": 0.00025402631712645424
"p1059": 0.0016878637515735516
"p1060": 5.645029269476761E-06
"p1061": 3.7633528463178407E-05
"p1062": 0
"p1063": 0
"p1064": 0.0010499754441226775
"p1065": 0.0024668777907613446
"p1066": 0.0002483812878569775
"p1067": 0.0014601809043713223
"p1068": 0.00036316354966967166
"p1069": 0.000822292596920448
"p1070": 6.585867481056221E-05
"p1071": 0.00033117505047597
"p1072": 0.0009841167693121153
"p1073": 0.0016107150182240358
"p1074": 0.00046853742936657115
"p1075": 0.0015410929905671556
"p1076": 5.645029269476761E-06
"p1077": 6.962202765688005E-05
"p1078": 0
"p1079": 0
"p1080": 0.002609885198921423
"p1081": 0.005155793399455443
"p1082": 0.0007865407448804288
"p1083": 0.0025797783761508804
"p1084": 0.0008015941562656999
"p1085": 0.0015298029320282018
"p1086": 0.00017687758377693853
