"p1024": 0.0010988990311248093
"p1025": 7.150370408003896E-05
"p1026": 0.00037257193178546626
"p1027": 0.001226853027899616
"p1028": 6.585867481056221E-05
"p1029": 3.575185204001949E-05
"p1030": 1.8816764231589204E-06
"p1031": 3.7633528463178407E-06
"p1032": 0.0025459082005340194
"p1033": 2.2580117077907042E-05
"p1034": 0.0005456861627160869
"p1035": 0.0018007643369630866
"p1036": 0.0014865243742955463
"p1037": 0
"p1038": 0.00022580117077907044
"p1039": 0.0007959491269962232
"p1040": 0
"p1041": 0
"p1042": 0
"p1043": 0
"p1044": 0
"p1045": 0
"p1046": 0
"p1047": 0
"p1048": 0
"p1049": 0
"p1050": 0
"p1051": 0
"p1052": 0
"p1053": 0
"p1054": 0
"p1055": 0
"p1056": 0.0006096631611034902
"p1057": 9.784717400426385E-05
"p1058": 0.00013548070246744226
"p1059": 0.000688693570876165
"p1060": 4.139688130949625E-05
"p1061": 1.6935087808430282E-05
"p1062": 1.8816764231589204E-06
"p1063": 3.7633528463178407E-06
"p1064": 0.0006247165724887617
"p1065": 3.7633528463178407E-06
"p1066": 7.338538050319788E-05
"p1067": 0.0004591290472507765
"p1068": 0.0007150370408003897
"p1069": 1.8816764231589203E-05
"p1070": 6.774035123372113E-05
"p1071": 0.0004214955187875982
"p1072": 0.0004779458114823659
"p1073": 2.0698440654748124E-05
"p1074": 0.00028036978705067917
"p1075": 0.0002483812878569775
"p1076": 5.645029269476761E-06
"p1077": 9.408382115794602E-06
"p1078": 0
"p1079": 0
"p1080": 0.000963418328657367
"p1081": 7.5267056926356815E-06
"p1082": 0.00034622846186124133
"p1083": 0.0004045604309791679
"p1084": 0.0006679951302214166
"p1085": 0
"p1086": 0.00019004931873905094
