"p1024": 0.000259671346395931
"p1025": 0
"p1026": 0.00047982748790552447
"p1027": 6.585867481056221E-05
"p1028": 0
"p1029": 0
"p1030": 8.843879188846924E-05
"p1031": 7.5267056926356815E-06
"p1032": 0.0010518571205458363
"p1033": 0.00017875926020009743
"p1034": 0.007675358130065237
"p1035": 0.005739113090634705
"p1036": 0.0001542974666990315
"p1037": 0
"p1038": 0.0012513148214006815
"p1039": 0.0005381594570234513
"p1040": 5.268693984844977E-05
"p1041": 0
"p1042": 0.00012042729108217092
"p1043": 1.3171734962112442E-05
"p1044": 0
"p1045": 0
"p1046": 2.8225146347383805E-05
"p1047": 0
"p1048": 0.00010161052685058167
"p1049": 1.1290058538953523E-05
"p1050": 0.0012795399677480658
"p1051": 0.00010913723254321736
"p1052": 7.5267056926356815E-06
"p1053": 0
"p1054": 0.0005005259285602729
"p1055": 1.1290058538953523E-05
"p1056": 0.00013359902604428335
"p1057": 0
"p1058": 0.00025402631712645424
"p1059": 1.6935087808430282E-05
"p1060": 0
"p1061": 0
"p1062": 3.3870175616860565E-05
"p1063": 0
"p1064": 0.0008091208619583358
"p1065": 0.00022580117077907044
"p1066": 0.003567658498309313
"p1067": 0.003360674091761832
"p1068": 0.0003123582862443808
"p1069": 1.1290058538953523E-05
"p1070": 0.0008411093611520374
"p1071": 0.0006397699838740329
"p1072": 0.0001806409366232564
"p1073": 0
"p1074": 0.0002916598455896327
"p1075": 0.00010349220327374062
"p1076": 0
"p1077": 0
"p1078": 3.0106822770542726E-05
"p1079": 3.7633528463178407E-06
"p1080": 0.00060966316110349
"p1081": 3.0106822770542726E-05
"p1082": 0.0063167877525444945
"p1083": 0.0020133937727800444
"p1084": 0.0001110189089663763
"p1085": 3.7633528463178407E-06
"p1086": 0.0010593838262384723
