"p1024": 0.0005720296326403118
"p1025": 0.0012569598506701586
"p1026": 0.0001637058488148261
"p1027": 0.0007112736879540719
"p1028": 5.645029269476761E-06
"p1029": 0.0001016105268505817
"p1030": 0
"p1031": 0
"p1032": 0.0011704027352048485
"p1033": 0.002775472724159407
"p1034": 0.00017687758377693847
"p1035": 0.0006567050716824632
"p1036": 0.0005419228098697691
"p1037": 0.00151474952064293
"p1038": 6.774035123372114E-05
"p1039": 0.0003518734911307182
"p1040": 0
"p1041": 0
"p1042": 0
"p1043": 0
"p1044": 0
"p1045": 0
"p1046": 0
"p1047": 0
"p1048": 0
"p1049": 0
"p1050": 0
"p1051": 0
"p1052": 0
"p1053": 0
"p1054": 0
"p1055": 0
"p1056": 0.00021827446508643477
"p1057": 0.0007790140391877931
"p1058": 3.3870175616860565E-05
"p1059": 0.00048735419359816035
"p1060": 5.645029269476761E-06
"p1061": 5.833196911792653E-05
"p1062": 0
"p1063": 0
"p1064": 0.00023897290574118288
"p1065": 0.0006679951302214168
"p1066": 1.6935087808430282E-05
"p1067": 0.0002201561415095937
"p1068": 0.0002653163756654078
"p1069": 0.000754552245686727
"p1070": 2.2580117077907045E-05
"p1071": 0.0001712325545074617
"p1072": 0.00024085458216434183
"p1073": 0.0005438044862929281
"p1074": 8.091208619583357E-05
"p1075": 0.00014865243742955472
"p1076": 0
"p1077": 1.5053411385271363E-05
"p1078": 0
"p1079": 0
"p1080": 0.00042714054805707494
"p1081": 0.0010537387969689952
"p1082": 3.0106822770542726E-05
"p1083": 0.00019004931873905096
"p1084": 0.0002577896699727721
"p1085": 0.0006868118944530059
"p1086": 9.408382115794602E-06
