"p1024": 0.0005833196911792654
"p1025": 1.8816764231589203E-05
"p1026": 7.526705692635681E-05
"p1027": 0.0004553656944044588
"p1028": 0.00041585048951812146
"p1029": 0.00011478226181269412
"p1030": 8.843879188846925E-05
"p1031": 0.0005268693984844977
"p1032": 0.0003744536082086252
"p1033": 0
"p1034": 4.3278557732655166E-05
"p1035": 0.00013359902604428333
"p1036": 0.00034434678543808245
"p1037": 1.1290058538953523E-05
"p1038": 3.9515204886337324E-05
"p1039": 0.00024085458216434178
"p1040": 0.0017480773971146365
"p1041": 2.2580117077907042E-05
"p1042": 0.000402678754556009
"p1043": 0.001339753613289151
"p1044": 0.0009182580945015531
"p1045": 0.00010725555612005847
"p1046": 0.0003838619903244198
"p1047": 0.0012663682327859534
"p1048": 0.0015749631661840164
"p1049": 0
"p1050": 0.00023897290574118288
"p1051": 0.0008015941562657001
"p1052": 0.001763130808499908
"p1053": 0
"p1054": 0.00019945770085484554
"p1055": 0.0007978308034193822
"p1056": 0.00011854561465901199
"p1057": 0
"p1058": 1.5053411385271363E-05
"p1059": 8.091208619583358E-05
"p1060": 0.00013171734962112442
"p1061": 1.8816764231589203E-05
"p1062": 3.0106822770542726E-05
"p1063": 0.00014112573173691902
"p1064": 4.704191057897301E-05
"p1065": 0
"p1066": 0
"p1067": 1.1290058538953523E-05
"p1068": 9.408382115794602E-05
"p1069": 0
"p1070": 0
"p1071": 4.7041910578973E-05
"p1072": 0.00027284308135804345
"p1073": 0
"p1074": 0.000188167642315892
"p1075": 6.585867481056221E-05
"p1076": 0.00024085458216434183
"p1077": 0
"p1078": 0.00021827446508643474
"p1079": 9.22021447347871E-05
"p1080": 0.0001637058488148261
"p1081": 0
"p1082": 9.972885042742278E-05
"p1083": 9.408382115794602E-06
"p1084": 0.00021827446508643477
"p1085": 0
"p1086": 0.00012042729108217089
