"p1024": 0.00021827446508643477
"p1025": 0
"p1026": 0.00022956452362538827
"p1027": 7.33853805031979E-05
"p1028": 1.3171734962112442E-05
"p1029": 3.7633528463178407E-06
"p1030": 0
"p1031": 0
"p1032": 0.00020510273012432228
"p1033": 0
"p1034": 0.0001580608195453493
"p1035": 3.7633528463178407E-06
"p1036": 0.0002145111122401169
"p1037": 0
"p1038": 0.00013736237889060116
"p1039": 5.080526342529085E-05
"p1040": 0
"p1041": 0
"p1042": 0
"p1043": 0
"p1044": 0
"p1045": 0
"p1046": 0
"p1047": 0
"p1048": 0
"p1049": 0
"p1050": 0
"p1051": 0
"p1052": 0
"p1053": 0
"p1054": 0
"p1055": 0
"p1056": 0.0017311423093062065
"p1057": 0.00016935087808430283
"p1058": 0.0005306327513308156
"p1059": 0.0019343633630073702
"p1060": 0.00011101890896637629
"p1061": 5.268693984844976E-05
"p1062": 3.7633528463178407E-06
"p1063": 7.5267056926356815E-06
"p1064": 0.003170624773022781
"p1065": 2.634346992422488E-05
"p1066": 0.0006190715432192848
"p1067": 0.00224860332567491
"p1068": 0.0022617750606370225
"p1069": 1.8816764231589203E-05
"p1070": 0.00034434678543808245
"p1071": 0.0012061545872448678
"p1072": 0.0003048315805517451
"p1073": 2.0698440654748124E-05
"p1074": 0.00010725555612005845
"p1075": 0.00020133937727800444
"p1076": 0
"p1077": 1.1290058538953523E-05
"p1078": 0
"p1079": 0
"p1080": 0.0007112736879540719
"p1081": 7.5267056926356815E-06
"p1082": 0.00011478226181269415
"p1083": 0.00037821696105494294
"p1084": 0.00044031228301918735
"p1085": 0
"p1086": 2.4461793501065963E-05
