"p1024": 2.0698440654748124E-05
"p1025": 9.408382115794602E-06
"p1026": 1.8816764231589204E-06
"p1027": 4.704191057897301E-05
"p1028": 0
"p1029": 0
"p1030": 0
"p1031": 0
"p1032": 0.000447838988711823
"p1033": 1.3171734962112442E-05
"p1034": 0.00036316354966967166
"p1035": 0.0003518734911307181
"p1036": 5.456861627160869E-05
"p1037": 0
"p1038": 1.8816764231589204E-06
"p1039": 3.7633528463178407E-06
"p1040": 0.00029730487485910934
"p1041": 5.268693984844977E-05
"p1042": 0.0001712325545074618
"p1043": 0.00018440428946957428
"p1044": 8.467543904215141E-05
"p1045": 0
"p1046": 1.8816764231589204E-06
"p1047": 3.7633528463178407E-06
"p1048": 0.0022184965029043674
"p1049": 3.3870175616860565E-05
"p1050": 0.0033305672689912897
"p1051": 0.001458299227948163
"p1052": 0.0005532128684087226
"p1053": 3.7633528463178407E-06
"p1054": 0.0006058998082571724
"p1055": 0.0001467707610063958
"p1056": 0.00015053411385271363
"p1057": 6.209532196424438E-05
"p1058": 5.268693984844976E-05
"p1059": 0.00012042729108217089
"p1060": 1.1290058538953523E-05
"p1061": 0
"p1062": 0
"p1063": 0
"p1064": 0.003038907423401656
"p1065": 0.0002653163756654077
"p1066": 0.0014959327564113415
"p1067": 0.004405004506615032
"p1068": 0.0005946097497182189
"p1069": 1.5053411385271363E-05
"p1070": 0.00019569434800852776
"p1071": 0.0003368200797454468
"p1072": 0.0003368200797454467
"p1073": 6.209532196424438E-05
"p1074": 0.00017875926020009743
"p1075": 0.00022391949435591156
"p1076": 0.00010725555612005845
"p1077": 0
"p1078": 3.7633528463178407E-06
"p1079": 7.5267056926356815E-06
"p1080": 0.004901767082328989
"p1081": 0.00019381267158536877
"p1082": 0.004100172926063288
"p1083": 0.007592564367446245
"p1084": 0.0010405670620068828
"p1085": 0
"p1086": 0.0007018653058382773
