"p1024": 0.0001956943480085277
"p1025": 0.0005136976635223854
"p1026": 0.0008674528310762623
"p1027": 0.002071725741897972
"p1028": 0.00028225146347383805
"p1029": 0.0007282087757625022
"p1030": 0.0006886935708761649
"p1031": 0.0018082910426557226
"p1032": 3.010682277054273E-05
"p1033": 5.645029269476761E-05
"p1034": 0.00040832378382548573
"p1035": 0.0010085785628131815
"p1036": 3.198849919370165E-05
"p1037": 0.00014488908458323683
"p1038": 0.00010537387969689954
"p1039": 0.0003236483447833343
"p1040": 0.000284133139896997
"p1041": 0.0005983731025645368
"p1042": 0.0023558588817949684
"p1043": 0.0038913068430926475
"p1044": 0.0004158504895181214
"p1045": 0.0007282087757625021
"p1046": 0.0014978144328345005
"p1047": 0.002431125938721325
"p1048": 6.0213645541085445E-05
"p1049": 0.00012419064392848875
"p1050": 0.0015711998133376985
"p1051": 0.0028639115160478774
"p1052": 3.3870175616860565E-05
"p1053": 0.0002446179350106597
"p1054": 0.0005739113090634708
"p1055": 0.001170402735204848
"p1056": 4.139688130949625E-05
"p1057": 5.645029269476761E-05
"p1058": 0.00016935087808430286
"p1059": 0.0004403122830191874
"p1060": 6.0213645541085445E-05
"p1061": 0.00015617914312219042
"p1062": 0.00013548070246744229
"p1063": 0.000472300782212889
"p1064": 0
"p1065": 0
"p1066": 5.645029269476761E-05
"p1067": 0.00012419064392848873
"p1068": 1.8816764231589204E-06
"p1069": 1.3171734962112444E-05
"p1070": 1.8816764231589203E-05
"p1071": 7.33853805031979E-05
"p1072": 0.00015617914312219037
"p1073": 0.00014488908458323683
"p1074": 0.0009878801221584331
"p1075": 0.0009333115058868245
"p1076": 0.00028225146347383805
"p1077": 0.00024461793501065964
"p1078": 0.000946483240848937
"p1079": 0.0009257848001941887
"p1080": 2.6343469924224887E-05
"p1081": 1.3171734962112444E-05
"p1082": 0.000543804486292928
"p1083": 0.000634124954604556
"p1084": 4.327855773265517E-05
"p1085": 8.091208619583358E-05
"p1086": 0.00021262943581695798
