"p1024": 3.387017561686057E-05
"p1025": 3.951520488633733E-05
"p1026": 0
"p1027": 0
"p1028": 3.9515204886337324E-05
"p1029": 5.6450292694767617E-05
"p1030": 5.645029269476761E-06
"p1031": 9.408382115794602E-06
"p1032": 0
"p1033": 5.645029269476761E-06
"p1034": 0
"p1035": 0
"p1036": 0
"p1037": 9.408382115794602E-06
"p1038": 0
"p1039": 1.8816764231589203E-05
"p1040": 0.00019757602443168663
"p1041": 0.00022203781793275258
"p1042": 6.39769983874033E-05
"p1043": 3.7633528463178407E-06
"p1044": 0.00020133937727800447
"p1045": 0.0001994577008548456
"p1046": 8.467543904215143E-05
"p1047": 4.7041910578973015E-05
"p1048": 6.962202765688005E-05
"p1049": 0.00011478226181269414
"p1050": 1.8816764231589204E-06
"p1051": 3.7633528463178407E-06
"p1052": 0.00016558752523798497
"p1053": 0.0002464996114338186
"p1054": 0
"p1055": 4.516023415581409E-05
"p1056": 0.000212629435816958
"p1057": 0.0007903040977267465
"p1058": 1.1290058538953523E-05
"p1059": 0.00031988499193701646
"p1060": 0.00020698440654748124
"p1061": 0.0007489072164172503
"p1062": 2.0698440654748124E-05
"p1063": 0.0004854725171750014
"p1064": 8.467543904215141E-05
"p1065": 0.0004628924000970944
"p1066": 3.7633528463178407E-06
"p1067": 5.833196911792653E-05
"p1068": 9.220214473478711E-05
"p1069": 0.0004835908407518426
"p1070": 7.5267056926356815E-06
"p1071": 0.00018064093662325633
"p1072": 0.0008825062424615338
"p1073": 0.001960706832931595
"p1074": 0.00015429746669903146
"p1075": 0.0005249877220613388
"p1076": 0.0006284799253350795
"p1077": 0.0011685210587816896
"p1078": 0.0001825226130464153
"p1079": 0.000711273687954072
"p1080": 0.0006717584830677346
"p1081": 0.0016765736930345978
"p1082": 7.714873334951573E-05
"p1083": 0.0001580608195453493
"p1084": 0.0005268693984844977
"p1085": 0.0018101727190788812
"p1086": 4.8923587002131926E-05
