"p1024": 5.080526342529085E-05
"p1025": 0.00022015614150959365
"p1026": 0.00017499590735377962
"p1027": 0.00025402631712645424
"p1028": 0
"p1029": 0
"p1030": 5.645029269476761E-06
"p1031": 6.209532196424436E-05
"p1032": 0.0005080526342529084
"p1033": 0.00041020546024864445
"p1034": 0.0028074612233531093
"p1035": 0.0023822023517191936
"p1036": 0.00010537387969689952
"p1037": 0.00010349220327374062
"p1038": 0.00041961384236443916
"p1039": 0.0004534840179812998
"p1040": 0
"p1041": 0
"p1042": 0
"p1043": 0
"p1044": 0
"p1045": 0
"p1046": 0
"p1047": 0
"p1048": 0
"p1049": 0
"p1050": 0
"p1051": 0
"p1052": 0
"p1053": 0
"p1054": 0
"p1055": 0
"p1056": 2.2580117077907045E-05
"p1057": 0.00046101072367393537
"p1058": 0.0002408545821643419
"p1059": 0.0005569762212550404
"p1060": 0
"p1061": 0
"p1062": 1.1290058538953523E-05
"p1063": 0.00014112573173691902
"p1064": 0.0010405670620068823
"p1065": 0.002259893384213863
"p1066": 0.005739113090634707
"p1067": 0.012957223849872326
"p1068": 0.00017311423093062064
"p1069": 0.0005099343106760674
"p1070": 0.0010687922083542666
"p1071": 0.0020566723305127004
"p1072": 5.645029269476761E-06
"p1073": 0.00010913723254321736
"p1074": 2.0698440654748124E-05
"p1075": 6.397699838740328E-05
"p1076": 0
"p1077": 0
"p1078": 0
"p1079": 0
"p1080": 0.0002295645236253883
"p1081": 0.0004666557529434123
"p1082": 0.001584371548299811
"p1083": 0.002856384810355241
"p1084": 0
"p1085": 1.5053411385271363E-05
"p1086": 0.0002653163756654078
