"p1024": 5.645029269476761E-06
"p1025": 3.7633528463178407E-06
"p1026": 3.9515204886337324E-05
"p1027": 6.0213645541085445E-05
"p1028": 0
"p1029": 1.8816764231589204E-06
"p1030": 0
"p1031": 0
"p1032": 0
"p1033": 0
"p1034": 1.6935087808430282E-05
"p1035": 3.3870175616860565E-05
"p1036": 0
"p1037": 1.8816764231589203E-05
"p1038": 0
"p1039": 9.408382115794602E-06
"p1040": 2.8225146347383805E-05
"p1041": 2.0698440654748124E-05
"p1042": 0.00025778966997277205
"p1043": 0.00026907972851172564
"p1044": 0
"p1045": 1.3171734962112439E-05
"p1046": 0
"p1047": 1.6935087808430286E-05
"p1048": 1.8816764231589204E-06
"p1049": 1.8816764231589204E-06
"p1050": 0.0001561791431221904
"p1051": 0.0002069844065474812
"p1052": 3.7633528463178407E-06
"p1053": 4.704191057897301E-05
"p1054": 0.00018440428946957417
"p1055": 0.0002784881106275202
"p1056": 9.972885042742277E-05
"p1057": 0.0003800986374781019
"p1058": 0.00020698440654748124
"p1059": 0.0008053575091120179
"p1060": 0
"p1061": 4.327855773265517E-05
"p1062": 5.645029269476761E-06
"p1063": 2.2580117077907045E-05
"p1064": 2.2580117077907045E-05
"p1065": 0.0001900493187390509
"p1066": 0.00024085458216434178
"p1067": 0.0010518571205458366
"p1068": 2.2580117077907045E-05
"p1069": 0.00023520955289486507
"p1070": 0.00015994249596850823
"p1071": 0.0007263270993393431
"p1072": 0.0002051027301243223
"p1073": 0.00037445360820862513
"p1074": 0.0007940674505730644
"p1075": 0.001693508780843028
"p1076": 0
"p1077": 9.972885042742274E-05
"p1078": 5.645029269476761E-06
"p1079": 8.467543904215141E-05
"p1080": 0.0001204272910821709
"p1081": 0.00038009863747810193
"p1082": 0.001537329637720838
"p1083": 0.003289170387681793
"p1084": 6.774035123372113E-05
"p1085": 0.00028977816916647383
"p1086": 0.0008166475676509715
