"p1024": 3.9515204886337324E-05
"p1025": 5.456861627160869E-05
"p1026": 5.645029269476761E-06
"p1027": 9.408382115794602E-06
"p1028": 0
"p1029": 1.8816764231589204E-06
"p1030": 0
"p1031": 0
"p1032": 1.6935087808430282E-05
"p1033": 3.3870175616860565E-05
"p1034": 0
"p1035": 0
"p1036": 0
"p1037": 9.408382115794602E-06
"p1038": 0
"p1039": 1.8816764231589203E-05
"p1040": 0.00020133937727800447
"p1041": 0.0002408545821643418
"p1042": 8.467543904215143E-05
"p1043": 4.7041910578973015E-05
"p1044": 0
"p1045": 2.0698440654748124E-05
"p1046": 0
"p1047": 0
"p1048": 0.00014488908458323686
"p1049": 0.00020510273012432228
"p1050": 1.3171734962112444E-05
"p1051": 3.7633528463178407E-06
"p1052": 0.00018440428946957417
"p1053": 0.0002747247577812023
"p1054": 3.7633528463178407E-06
"p1055": 5.080526342529085E-05
"p1056": 0.00020698440654748124
"p1057": 0.0007451438635709325
"p1058": 2.0698440654748124E-05
"p1059": 0.000496762575713955
"p1060": 5.645029269476761E-06
"p1061": 4.892358700213193E-05
"p1062": 0
"p1063": 0
"p1064": 0.00023144620004854718
"p1065": 0.000989761798581592
"p1066": 1.3171734962112444E-05
"p1067": 0.0003217666683601754
"p1068": 0.00015241579027587256
"p1069": 0.0006679951302214168
"p1070": 9.408382115794602E-06
"p1071": 0.00022580117077907044
"p1072": 0.0006623501009519401
"p1073": 0.001460180904371322
"p1074": 0.0001825226130464153
"p1075": 0.000733853805031979
"p1076": 5.645029269476761E-06
"p1077": 0.00012042729108217092
"p1078": 0
"p1079": 0
"p1080": 0.0013623337303670584
"p1081": 0.0030803043047111533
"p1082": 0.00019381267158536877
"p1083": 0.0006792851887603704
"p1084": 0.0007470255399940914
"p1085": 0.00200398539066425
"p1086": 8.655711546531035E-05
