"p1024": 4.892358700213193E-05
"p1025": 0
"p1026": 0.0002615530228190899
"p1027": 3.575185204001949E-05
"p1028": 0.0001862859658927331
"p1029": 0
"p1030": 0.00022768284720222937
"p1031": 3.575185204001949E-05
"p1032": 0.0001975760244316866
"p1033": 9.408382115794602E-06
"p1034": 0.0008580444489604676
"p1035": 0.00033682007974544673
"p1036": 0.0002483812878569775
"p1037": 5.833196911792652E-05
"p1038": 0.0006397699838740329
"p1039": 0.00040644210740232675
"p1040": 9.596549758110495E-05
"p1041": 0
"p1042": 0.001433837434447097
"p1043": 0.0002389729057411829
"p1044": 0.00041020546024864456
"p1045": 0
"p1046": 0.001001051857120545
"p1047": 0.00019569434800852776
"p1048": 0.00031612163909069865
"p1049": 1.1290058538953523E-05
"p1050": 0.0032063766250628005
"p1051": 0.0015711998133376983
"p1052": 0.00032741169762965207
"p1053": 5.64502926947676E-05
"p1054": 0.00224860332567491
"p1055": 0.0013152918197880854
"p1056": 0
"p1057": 0
"p1058": 3.9515204886337324E-05
"p1059": 5.645029269476761E-06
"p1060": 2.6343469924224887E-05
"p1061": 0
"p1062": 3.3870175616860565E-05
"p1063": 9.408382115794602E-06
"p1064": 3.0106822770542726E-05
"p1065": 0
"p1066": 0.00016182417239166716
"p1067": 5.8331969117926534E-05
"p1068": 6.0213645541085445E-05
"p1069": 9.408382115794602E-06
"p1070": 0.00019945770085484557
"p1071": 0.0001016105268505817
"p1072": 1.8816764231589204E-06
"p1073": 0
"p1074": 0.00016935087808430283
"p1075": 1.6935087808430282E-05
"p1076": 4.1396881309496255E-05
"p1077": 0
"p1078": 0.00012795399677480661
"p1079": 1.3171734962112444E-05
"p1080": 3.3870175616860565E-05
"p1081": 0
"p1082": 0.0005908463968719009
"p1083": 3.198849919370165E-05
"p1084": 3.387017561686057E-05
"p1085": 0
"p1086": 0.0005964914261413778
