"p1024": 0
"p1025": 6.585867481056221E-05
"p1026": 3.7633528463178407E-05
"p1027": 0.0002408545821643418
"p1028": 1.8816764231589204E-06
"p1029": 0.00022956452362538827
"p1030": 3.7633528463178407E-05
"p1031": 0.00018064093662325636
"p1032": 3.7633528463178407E-05
"p1033": 0.00020698440654748124
"p1034": 0.00022203781793275263
"p1035": 0.0009370748587331424
"p1036": 8.843879188846925E-05
"p1037": 0.00030671325697490405
"p1038": 0.00019004931873905096
"p1039": 0.0007620789513793627
"p1040": 5.645029269476761E-06
"p1041": 0.00011666393823585305
"p1042": 0.00027848811062752024
"p1043": 0.0013397536132891512
"p1044": 2.8225146347383805E-05
"p1045": 0.0004986442521371137
"p1046": 0.00023709122931802397
"p1047": 0.000842991037575196
"p1048": 0.00010349220327374062
"p1049": 0.0003274116976296521
"p1050": 0.001437600787293415
"p1051": 0.0031085294510585374
"p1052": 0.0002427362585875007
"p1053": 0.0003838619903244197
"p1054": 0.0009728267107731619
"p1055": 0.0022316682378664796
"p1056": 0
"p1057": 0
"p1058": 5.645029269476761E-06
"p1059": 3.9515204886337324E-05
"p1060": 1.8816764231589204E-06
"p1061": 2.6343469924224887E-05
"p1062": 5.645029269476761E-06
"p1063": 3.575185204001948E-05
"p1064": 0
"p1065": 3.0106822770542726E-05
"p1066": 4.8923587002131926E-05
"p1067": 0.00016935087808430283
"p1068": 1.5053411385271363E-05
"p1069": 6.962202765688005E-05
"p1070": 4.327855773265517E-05
"p1071": 0.00024085458216434183
"p1072": 0
"p1073": 1.8816764231589204E-06
"p1074": 5.080526342529084E-05
"p1075": 0.00013359902604428335
"p1076": 0
"p1077": 4.1396881309496255E-05
"p1078": 5.080526342529084E-05
"p1079": 9.032046831162818E-05
"p1080": 3.7633528463178407E-06
"p1081": 3.3870175616860565E-05
"p1082": 0.0002464996114338186
"p1083": 0.0003669269025159894
"p1084": 4.1396881309496255E-05
"p1085": 3.387017561686057E-05
"p1086": 0.00023332787647170614
