"p1024": 0
"p1025": 0
"p1026": 3.7633528463178407E-06
"p1027": 2.8225146347383805E-05
"p1028": 3.7633528463178407E-06
"p1029": 5.268693984844977E-05
"p1030": 3.7633528463178407E-06
"p1031": 1.8816764231589203E-05
"p1032": 4.8923587002131926E-05
"p1033": 4.8923587002131926E-05
"p1034": 0.00023520955289486507
"p1035": 0.0002653163756654078
"p1036": 9.596549758110492E-05
"p1037": 8.655711546531032E-05
"p1038": 0.0002107477593937991
"p1039": 0.00029165984558963265
"p1040": 2.0698440654748124E-05
"p1041": 5.268693984844977E-05
"p1042": 0.0002446179350106597
"p1043": 0.0004497206651349819
"p1044": 5.645029269476761E-05
"p1045": 0.0002483812878569774
"p1046": 0.00021262943581695808
"p1047": 0.0003405834325917645
"p1048": 0.00020133937727800455
"p1049": 0.00017499590735377962
"p1050": 0.0020096304199337276
"p1051": 0.001347280318981787
"p1052": 0.00041773216594128033
"p1053": 0.0002916598455896326
"p1054": 0.0014131389937923492
"p1055": 0.0012099179400911857
"p1056": 0
"p1057": 6.585867481056221E-05
"p1058": 4.327855773265517E-05
"p1059": 0.0002389729057411829
"p1060": 3.7633528463178407E-06
"p1061": 0.00021262943581695803
"p1062": 4.516023415581409E-05
"p1063": 0.0001749959073537796
"p1064": 0.00021639278866327578
"p1065": 0.0005927280732950601
"p1066": 0.0013077651140954495
"p1067": 0.003345620680376561
"p1068": 0.00032364834478333426
"p1069": 0.000850517743267832
"p1070": 0.0008241742733436071
"p1071": 0.0024217175566055306
"p1072": 3.7633528463178407E-06
"p1073": 9.032046831162817E-05
"p1074": 0.00021639278866327584
"p1075": 0.0007357354814551379
"p1076": 1.8816764231589203E-05
"p1077": 0.0003180033155138574
"p1078": 0.0001749959073537796
"p1079": 0.00043090390090339264
"p1080": 0.0003085949333980629
"p1081": 0.0006886935708761648
"p1082": 0.0032063766250628005
"p1083": 0.006354421281007675
"p1084": 0.00033870175616860566
"p1085": 0.0006322432781813972
"p1086": 0.001482761021449229
