"p1024": 0.0002051027301243223
"p1025": 0.0011026623839711272
"p1026": 3.9515204886337324E-05
"p1027": 0.0001204272910821709
"p1028": 0.0001768775837769385
"p1029": 0.0007677239806488391
"p1030": 3.198849919370165E-05
"p1031": 0.0002634346992422489
"p1032": 0.0010179869449289758
"p1033": 0.0025026296428013644
"p1034": 0.00016182417239166713
"p1035": 0.0005908463968719009
"p1036": 0.0007150370408003897
"p1037": 0.0017424323678451599
"p1038": 0.0001825226130464153
"p1039": 0.0007263270993393432
"p1040": 0
"p1041": 0
"p1042": 0
"p1043": 0
"p1044": 0
"p1045": 0
"p1046": 0
"p1047": 0
"p1048": 0
"p1049": 0
"p1050": 0
"p1051": 0
"p1052": 0
"p1053": 0
"p1054": 0
"p1055": 0
"p1056": 3.9515204886337324E-05
"p1057": 0.0003104766098212219
"p1058": 0
"p1059": 4.8923587002131926E-05
"p1060": 5.268693984844976E-05
"p1061": 0.0003857436667475786
"p1062": 5.645029269476761E-06
"p1063": 7.150370408003896E-05
"p1064": 0.000355636843977036
"p1065": 0.000895677977423646
"p1066": 3.575185204001949E-05
"p1067": 0.00025778966997277205
"p1068": 0.00025778966997277205
"p1069": 0.000922021447347871
"p1070": 3.3870175616860565E-05
"p1071": 0.00048735419359816035
"p1072": 8.467543904215141E-05
"p1073": 0.0003481101382844003
"p1074": 5.645029269476761E-06
"p1075": 1.8816764231589203E-05
"p1076": 6.585867481056221E-05
"p1077": 0.00017311423093062064
"p1078": 0
"p1079": 0.00011666393823585305
"p1080": 0.00041208713667180354
"p1081": 0.0010217502977752937
"p1082": 3.0106822770542726E-05
"p1083": 0.00019193099516220987
"p1084": 0.00030294990412858613
"p1085": 0.0007507888928404092
"p1086": 8.091208619583357E-05
