"p1024": 0
"p1025": 0
"p1026": 0
"p1027": 5.645029269476761E-06
"p1028": 0
"p1029": 2.0698440654748124E-05
"p1030": 0
"p1031": 3.7633528463178407E-06
"p1032": 0
"p1033": 0
"p1034": 3.387017561686057E-05
"p1035": 3.951520488633733E-05
"p1036": 5.645029269476761E-06
"p1037": 3.7633528463178407E-06
"p1038": 3.9515204886337324E-05
"p1039": 6.585867481056221E-05
"p1040": 0
"p1041": 3.7633528463178407E-06
"p1042": 6.585867481056221E-05
"p1043": 0.00011666393823585305
"p1044": 0
"p1045": 5.645029269476761E-05
"p1046": 6.585867481056221E-05
"p1047": 0.00011290058538953522
"p1048": 3.7633528463178407E-06
"p1049": 3.7633528463178407E-06
"p1050": 0.0002803697870506791
"p1051": 0.00022768284720222937
"p1052": 2.8225146347383805E-05
"p1053": 1.8816764231589203E-05
"p1054": 0.00031235828624438084
"p1055": 0.00032553002120649325
"p1056": 0
"p1057": 6.585867481056221E-05
"p1058": 4.327855773265517E-05
"p1059": 0.00028036978705067917
"p1060": 3.7633528463178407E-06
"p1061": 0.00024461793501065964
"p1062": 4.327855773265517E-05
"p1063": 0.00021639278866327584
"p1064": 3.7633528463178407E-05
"p1065": 0.0002258011707790704
"p1066": 0.0002709614049348845
"p1067": 0.001106425736817445
"p1068": 0.00010349220327374062
"p1069": 0.00037633528463178407
"p1070": 0.00023332787647170614
"p1071": 0.0010029335335437043
"p1072": 5.645029269476761E-06
"p1073": 0.00011666393823585305
"p1074": 0.00028036978705067917
"p1075": 0.0013585703775207403
"p1076": 2.8225146347383805E-05
"p1077": 0.0005061709578297493
"p1078": 0.0002389729057411829
"p1079": 0.0008486360668446726
"p1080": 0.00010349220327374062
"p1081": 0.0003349384033222878
"p1082": 0.0014545358751018454
"p1083": 0.00319132321367753
"p1084": 0.0002502629642801364
"p1085": 0.00039515204886337327
"p1086": 0.0009954068278510688
