"p1024": 0.0008147658912278123
"p1025": 0.000709392011530913
"p1026": 0.0006134265139498081
"p1027": 0.0005475678391392457
"p1028": 5.645029269476761E-06
"p1029": 5.6450292694767596E-05
"p1030": 0
"p1031": 0
"p1032": 0.0012738949384785891
"p1033": 0.0012550781742469998
"p1034": 0.0006284799253350793
"p1035": 0.0003424651090149235
"p1036": 0.0005099343106760675
"p1037": 0.0006397699838740329
"p1038": 0.00015429746669903146
"p1039": 0.00021074775939379913
"p1040": 0
"p1041": 0
"p1042": 0
"p1043": 0
"p1044": 0
"p1045": 0
"p1046": 0
"p1047": 0
"p1048": 0
"p1049": 0
"p1050": 0
"p1051": 0
"p1052": 0
"p1053": 0
"p1054": 0
"p1055": 0
"p1056": 0.0016050699889545589
"p1057": 0.0027961711648141555
"p1058": 0.0007865407448804289
"p1059": 0.003221430036448072
"p1060": 1.1290058538953523E-05
"p1061": 0.00011101890896637629
"p1062": 0
"p1063": 0
"p1064": 0.0030276173648627032
"p1065": 0.006160608609422307
"p1066": 0.0010462120912763599
"p1067": 0.0035733035275787904
"p1068": 0.0010894906490090145
"p1069": 0.001956943480085277
"p1070": 0.000259671346395931
"p1071": 0.0006416516602971917
"p1072": 0.0004196138423644392
"p1073": 0.0006228348960656026
"p1074": 0.0001373623788906012
"p1075": 0.0002559079935496132
"p1076": 0
"p1077": 7.5267056926356815E-06
"p1078": 0
"p1079": 0
"p1080": 0.0009540099465415726
"p1081": 0.0018873214524283972
"p1082": 0.00016746920166114393
"p1083": 0.0006115448375266492
"p1084": 0.0002860148163201559
"p1085": 0.0006040181318340134
"p1086": 2.6343469924224887E-05
