"p1024": 0
"p1025": 0
"p1026": 3.0106822770542726E-05
"p1027": 3.7633528463178407E-06
"p1028": 5.080526342529085E-05
"p1029": 0
"p1030": 2.2580117077907045E-05
"p1031": 5.645029269476761E-06
"p1032": 4.8923587002131926E-05
"p1033": 0
"p1034": 0.0003669269025159894
"p1035": 7.33853805031979E-05
"p1036": 7.526705692635681E-05
"p1037": 2.2580117077907045E-05
"p1038": 0.00042149551878759814
"p1039": 0.0001373623788906012
"p1040": 5.080526342529085E-05
"p1041": 0
"p1042": 0.0006115448375266488
"p1043": 0.00011478226181269412
"p1044": 0.00023520955289486496
"p1045": 0
"p1046": 0.0005118159870992261
"p1047": 0.00011101890896637629
"p1048": 0.00017499590735377962
"p1049": 5.645029269476761E-06
"p1050": 0.0032703536234502044
"p1051": 0.0005287510749076565
"p1052": 0.00026907972851172564
"p1053": 6.209532196424436E-05
"p1054": 0.002690797285117257
"p1055": 0.0005099343106760674
"p1056": 4.892358700213193E-05
"p1057": 0
"p1058": 0.000284133139896997
"p1059": 1.6935087808430282E-05
"p1060": 0.00017499590735377957
"p1061": 0
"p1062": 0.00024085458216434183
"p1063": 2.0698440654748124E-05
"p1064": 0.0005607395741013585
"p1065": 3.198849919370165E-05
"p1066": 0.002897781691664737
"p1067": 0.0018289894833104707
"p1068": 0.0006510600424129866
"p1069": 0.00019945770085484557
"p1070": 0.001706680515805141
"p1071": 0.0018967298345441918
"p1072": 7.526705692635683E-05
"p1073": 0
"p1074": 0.0009032046831162816
"p1075": 8.843879188846924E-05
"p1076": 0.00026907972851172553
"p1077": 0
"p1078": 0.00060966316110349
"p1079": 6.397699838740328E-05
"p1080": 0.0006510600424129865
"p1081": 3.7633528463178407E-05
"p1082": 0.006136146815921239
"p1083": 0.004384306065960284
"p1084": 0.0004967625757139551
"p1085": 0.00013548070246744229
"p1086": 0.0027340758428499117
