"p1024": 0
"p1025": 6.585867481056221E-05
"p1026": 3.7633528463178407E-05
"p1027": 0.00020698440654748124
"p1028": 3.7633528463178407E-06
"p1029": 0.00022015614150959367
"p1030": 3.7633528463178407E-05
"p1031": 0.00014865243742955472
"p1032": 0.00021451111224011688
"p1033": 0.0005532128684087227
"p1034": 0.0012117996165143447
"p1035": 0.0029241251615889628
"p1036": 0.0002897781691664737
"p1037": 0.0007150370408003897
"p1038": 0.0007112736879540719
"p1039": 0.001958825156508436
"p1040": 5.645029269476761E-06
"p1041": 9.408382115794602E-05
"p1042": 0.0002916598455896327
"p1043": 0.0008185292440741302
"p1044": 3.198849919370164E-05
"p1045": 0.00037069025536230716
"p1046": 0.0002352095528948651
"p1047": 0.0005118159870992262
"p1048": 0.00034434678543808245
"p1049": 0.0006999836294151185
"p1050": 0.0037407727292399335
"p1051": 0.006375119721662423
"p1052": 0.0004271405480570749
"p1053": 0.0006736401594908935
"p1054": 0.0017311423093062071
"p1055": 0.0030351440705553385
"p1056": 0
"p1057": 0
"p1058": 5.645029269476761E-06
"p1059": 3.198849919370165E-05
"p1060": 1.8816764231589204E-06
"p1061": 1.3171734962112444E-05
"p1062": 7.5267056926356815E-06
"p1063": 2.634346992422488E-05
"p1064": 4.139688130949625E-05
"p1065": 5.645029269476761E-05
"p1066": 0.00022580117077907047
"p1067": 0.0005475678391392458
"p1068": 6.0213645541085445E-05
"p1069": 0.00015617914312219042
"p1070": 0.00014112573173691902
"p1071": 0.0005042892814065906
"p1072": 1.8816764231589203E-05
"p1073": 4.3278557732655166E-05
"p1074": 0.00012230896750532982
"p1075": 0.0002709614049348845
"p1076": 4.516023415581409E-05
"p1077": 0.00013171734962112442
"p1078": 0.00010537387969689952
"p1079": 0.0001825226130464153
"p1080": 0.00017123255450746173
"p1081": 0.000141125731736919
"p1082": 0.0013435169661354688
"p1083": 0.0012851849970175427
"p1084": 0.0002897781691664737
"p1085": 0.00021827446508643477
"p1086": 0.0010029335335437046
