"p1024": 0.0005325144277539745
"p1025": 0
"p1026": 0.0002107477593937991
"p1027": 0.00015053411385271363
"p1028": 0.00031988499193701646
"p1029": 6.585867481056221E-05
"p1030": 0.00014677076100639576
"p1031": 0.0002333278764717062
"p1032": 0.0029692853957447767
"p1033": 4.704191057897301E-05
"p1034": 0.00221285147363489
"p1035": 0.004017379163444295
"p1036": 0.0014037306116765544
"p1037": 0.00015053411385271363
"p1038": 0.0009972885042742277
"p1039": 0.0022260232085970022
"p1040": 9.596549758110493E-05
"p1041": 0
"p1042": 6.021364554108546E-05
"p1043": 1.8816764231589203E-05
"p1044": 8.843879188846926E-05
"p1045": 7.5267056926356815E-06
"p1046": 5.456861627160869E-05
"p1047": 4.139688130949625E-05
"p1048": 0.00024085458216434183
"p1049": 0
"p1050": 0.0007225637464930254
"p1051": 7.903040977267465E-05
"p1052": 0.00018440428946957417
"p1053": 7.5267056926356815E-06
"p1054": 0.00033870175616860566
"p1055": 8.091208619583358E-05
"p1056": 0.00015994249596850823
"p1057": 0
"p1058": 5.833196911792653E-05
"p1059": 3.7633528463178407E-05
"p1060": 0.00018064093662325636
"p1061": 5.456861627160869E-05
"p1062": 6.962202765688005E-05
"p1063": 7.150370408003896E-05
"p1064": 0.0012174446457838214
"p1065": 3.0106822770542726E-05
"p1066": 0.0012193263222069805
"p1067": 0.0022693017663296578
"p1068": 0.001091372325432174
"p1069": 0.00022015614150959365
"p1070": 0.0008072391855351769
"p1071": 0.0022034430915190955
"p1072": 0.0003951520488633733
"p1073": 0
"p1074": 0.00011854561465901199
"p1075": 0.00014488908458323686
"p1076": 0.00022203781793275263
"p1077": 4.139688130949625E-05
"p1078": 7.150370408003898E-05
"p1079": 0.00017875926020009746
"p1080": 0.0023031719419465187
"p1081": 1.8816764231589203E-05
"p1082": 0.0018120543955020404
"p1083": 0.0017047988393819814
"p1084": 0.001275776614901748
"p1085": 5.080526342529084E-05
"p1086": 0.0012908300262870194
