"p1024": 0.0012080362636680267
"p1025": 4.327855773265516E-05
"p1026": 0.0005983731025645368
"p1027": 0.0016539935759566908
"p1028": 0.0008674528310762622
"p1029": 0.00022015614150959365
"p1030": 0.0005061709578297496
"p1031": 0.0017556041028072725
"p1032": 0.0007846590684572699
"p1033": 0
"p1034": 0.00022580117077907044
"p1035": 0.0004384306065960284
"p1036": 0.00030106822770542725
"p1037": 0
"p1038": 7.150370408003898E-05
"p1039": 0.0002013393772780045
"p1040": 0.0020416189191274285
"p1041": 4.704191057897301E-05
"p1042": 0.0022072064443654136
"p1043": 0.0032195483600249136
"p1044": 0.0010838456197395378
"p1045": 0.00018252261304641527
"p1046": 0.0012908300262870192
"p1047": 0.0024066641452202588
"p1048": 0.0017781842198851799
"p1049": 0
"p1050": 0.0014112573173691901
"p1051": 0.0017273789564598886
"p1052": 0.001151585970973259
"p1053": 0
"p1054": 0.0004911175464444782
"p1055": 0.00036880857893914834
"p1056": 0.0002220378179327526
"p1057": 0
"p1058": 0.0001542974666990315
"p1059": 0.00037069025536230727
"p1060": 0.00023520955289486504
"p1061": 4.327855773265516E-05
"p1062": 0.00011478226181269415
"p1063": 0.0004647740765202533
"p1064": 7.526705692635681E-05
"p1065": 0
"p1066": 4.8923587002131926E-05
"p1067": 5.080526342529085E-05
"p1068": 7.33853805031979E-05
"p1069": 0
"p1070": 1.6935087808430282E-05
"p1071": 1.6935087808430286E-05
"p1072": 0.000822292596920448
"p1073": 5.645029269476761E-06
"p1074": 0.0010123419156594991
"p1075": 0.0005946097497182189
"p1076": 0.0007357354814551377
"p1077": 3.951520488633733E-05
"p1078": 0.0011591126766658947
"p1079": 0.0005814380147561064
"p1080": 0.0006153081903729669
"p1081": 0
"p1082": 0.0004873541935981604
"p1083": 0.00019945770085484554
"p1084": 0.0004233771952107571
"p1085": 0
"p1086": 0.00018064093662325636
