"p1024": 0
"p1025": 0
"p1026": 5.645029269476761E-06
"p1027": 0
"p1028": 2.0698440654748124E-05
"p1029": 0
"p1030": 3.7633528463178407E-06
"p1031": 0
"p1032": 0
"p1033": 0
"p1034": 5.64502926947676E-05
"p1035": 0
"p1036": 3.7633528463178407E-06
"p1037": 0
"p1038": 9.408382115794602E-05
"p1039": 5.645029269476761E-06
"p1040": 3.7633528463178407E-06
"p1041": 0
"p1042": 0.0001712325545074618
"p1043": 1.1290058538953523E-05
"p1044": 5.645029269476761E-05
"p1045": 0
"p1046": 0.00016746920166114393
"p1047": 1.1290058538953523E-05
"p1048": 3.7633528463178407E-06
"p1049": 0
"p1050": 0.00045724737082761767
"p1051": 7.150370408003898E-05
"p1052": 1.8816764231589203E-05
"p1053": 0
"p1054": 0.0006040181318340134
"p1055": 7.33853805031979E-05
"p1056": 4.892358700213193E-05
"p1057": 0
"p1058": 0.00030106822770542725
"p1059": 4.1396881309496255E-05
"p1060": 0.00020133937727800447
"p1061": 0
"p1062": 0.00026155302281908997
"p1063": 4.516023415581409E-05
"p1064": 0.0002163927886632758
"p1065": 9.408382115794602E-06
"p1066": 0.0010198686213521346
"p1067": 0.00039515204886337327
"p1068": 0.000308594933398063
"p1069": 6.774035123372112E-05
"p1070": 0.0008392276847288784
"p1071": 0.0005080526342529085
"p1072": 9.596549758110495E-05
"p1073": 0
"p1074": 0.0014507725222555274
"p1075": 0.0002446179350106597
"p1076": 0.0004177321659412802
"p1077": 0
"p1078": 0.0010066968863900218
"p1079": 0.0001975760244316867
"p1080": 0.0003236483447833343
"p1081": 1.1290058538953523E-05
"p1082": 0.0032835253584123166
"p1083": 0.0015994249596850822
"p1084": 0.00033870175616860566
"p1085": 5.64502926947676E-05
"p1086": 0.002321988706178108
