"p1024": 0.0005193426927918622
"p1025": 0.0001731142309306207
"p1026": 0.0012644865563627944
"p1027": 0.0014677076100639579
"p1028": 3.9515204886337324E-05
"p1029": 0
"p1030": 1.8816764231589203E-05
"p1031": 3.7633528463178407E-06
"p1032": 0.0004045604309791678
"p1033": 2.0698440654748124E-05
"p1034": 0.0023803206752960344
"p1035": 0.001360452053943899
"p1036": 0.00030671325697490405
"p1037": 1.1290058538953523E-05
"p1038": 0.000826055949766766
"p1039": 0.0004666557529434123
"p1040": 0.000496762575713955
"p1041": 0.0001467707610063958
"p1042": 0.0025590799354961316
"p1043": 0.002224141532173844
"p1044": 7.338538050319788E-05
"p1045": 0
"p1046": 5.833196911792653E-05
"p1047": 3.7633528463178407E-06
"p1048": 0.0006736401594908937
"p1049": 3.7633528463178407E-05
"p1050": 0.006979137853496437
"p1051": 0.0044896799456571835
"p1052": 0.000329293374052811
"p1053": 0
"p1054": 0.0026550454330772372
"p1055": 0.00087121618392258
"p1056": 0.00012042729108217089
"p1057": 3.198849919370165E-05
"p1058": 0.00031047660982122185
"p1059": 0.00037633528463178407
"p1060": 0
"p1061": 0
"p1062": 0
"p1063": 0
"p1064": 2.2580117077907045E-05
"p1065": 0
"p1066": 0.00040079707813285006
"p1067": 0.0002766064342043613
"p1068": 5.080526342529085E-05
"p1069": 0
"p1070": 0.0001731142309306207
"p1071": 8.655711546531035E-05
"p1072": 0.0002201561415095937
"p1073": 3.3870175616860565E-05
"p1074": 0.0018816764231589203
"p1075": 0.00040079707813285006
"p1076": 3.3870175616860565E-05
"p1077": 0
"p1078": 1.8816764231589203E-05
"p1079": 3.7633528463178407E-06
"p1080": 8.843879188846925E-05
"p1081": 1.8816764231589204E-06
"p1082": 0.002641873698115124
"p1083": 0.0005212243692150209
"p1084": 0.000141125731736919
"p1085": 3.7633528463178407E-06
"p1086": 0.0009370748587331421
