"p1024": 0.00019569434800852768
"p1025": 9.408382115794602E-06
"p1026": 0.0006529417188361455
"p1027": 0.0002897781691664737
"p1028": 0.0002841331398969969
"p1029": 5.833196911792652E-05
"p1030": 0.0004873541935981604
"p1031": 0.00037445360820862513
"p1032": 4.139688130949625E-05
"p1033": 0
"p1034": 0.00041773216594128033
"p1035": 8.467543904215141E-05
"p1036": 0.00015617914312219037
"p1037": 0
"p1038": 0.0003838619903244198
"p1039": 0.00010725555612005847
"p1040": 0.0002822514634738381
"p1041": 1.1290058538953523E-05
"p1042": 0.002120649328900103
"p1043": 0.0010857272961626969
"p1044": 0.0004158504895181214
"p1045": 5.64502926947676E-05
"p1046": 0.0012757766149017482
"p1047": 0.0011007807075479686
"p1048": 6.021364554108544E-05
"p1049": 0
"p1050": 0.0018082910426557223
"p1051": 0.0007357354814551379
"p1052": 0.0002822514634738381
"p1053": 0
"p1054": 0.0019625885093547536
"p1055": 0.0005155793399455442
"p1056": 3.0106822770542726E-05
"p1057": 0
"p1058": 0.00013359902604428335
"p1059": 4.704191057897301E-05
"p1060": 6.0213645541085445E-05
"p1061": 9.408382115794602E-06
"p1062": 0.00015994249596850823
"p1063": 9.596549758110495E-05
"p1064": 0
"p1065": 0
"p1066": 4.704191057897301E-05
"p1067": 1.1290058538953523E-05
"p1068": 2.6343469924224887E-05
"p1069": 0
"p1070": 9.408382115794602E-05
"p1071": 2.0698440654748124E-05
"p1072": 3.198849919370165E-05
"p1073": 0
"p1074": 0.0004591290472507766
"p1075": 3.0106822770542726E-05
"p1076": 3.387017561686057E-05
"p1077": 0
"p1078": 0.00045724737082761767
"p1079": 7.33853805031979E-05
"p1080": 1.8816764231589204E-06
"p1081": 0
"p1082": 0.00026343469924224885
"p1083": 7.5267056926356815E-06
"p1084": 4.327855773265517E-05
"p1085": 0
"p1086": 0.00033870175616860566
