"p1024": 7.526705692635681E-05
"p1025": 3.7633528463178407E-06
"p1026": 3.7633528463178407E-05
"p1027": 5.4568616271608685E-05
"p1028": 2.2580117077907045E-05
"p1029": 0
"p1030": 0
"p1031": 0
"p1032": 0.0003913886960170555
"p1033": 0
"p1034": 0.00035940019682335385
"p1035": 8.843879188846926E-05
"p1036": 0.00013359902604428335
"p1037": 0
"p1038": 7.714873334951574E-05
"p1039": 7.5267056926356815E-06
"p1040": 0
"p1041": 0
"p1042": 0
"p1043": 0
"p1044": 0
"p1045": 0
"p1046": 0
"p1047": 0
"p1048": 0
"p1049": 0
"p1050": 0
"p1051": 0
"p1052": 0
"p1053": 0
"p1054": 0
"p1055": 0
"p1056": 0.0007583155985330446
"p1057": 0.00015617914312219042
"p1058": 0.00023520955289486504
"p1059": 0.0005024076049834318
"p1060": 0.00024273625858750077
"p1061": 0
"p1062": 5.645029269476761E-06
"p1063": 1.1290058538953523E-05
"p1064": 0.005031602755526953
"p1065": 0.0001956943480085277
"p1066": 0.0014432458165628916
"p1067": 0.004117108013871718
"p1068": 0.0016370584881482608
"p1069": 7.5267056926356815E-06
"p1070": 0.00029165984558963265
"p1071": 0.0006679951302214167
"p1072": 8.46754390421514E-05
"p1073": 2.0698440654748124E-05
"p1074": 0
"p1075": 0.00011854561465901199
"p1076": 0
"p1077": 0
"p1078": 0
"p1079": 0
"p1080": 0.001016105268505817
"p1081": 2.8225146347383805E-05
"p1082": 0.00023520955289486501
"p1083": 0.0005720296326403116
"p1084": 0.00033870175616860566
"p1085": 0
"p1086": 5.645029269476761E-06
