"p1024": 0
"p1025": 5.645029269476761E-06
"p1026": 0
"p1027": 1.8816764231589203E-05
"p1028": 0
"p1029": 0
"p1030": 0
"p1031": 0
"p1032": 5.6450292694767617E-05
"p1033": 8.843879188846925E-05
"p1034": 5.645029269476761E-06
"p1035": 9.408382115794602E-06
"p1036": 0
"p1037": 5.645029269476761E-06
"p1038": 0
"p1039": 0
"p1040": 6.585867481056221E-05
"p1041": 9.408382115794602E-05
"p1042": 0
"p1043": 4.3278557732655166E-05
"p1044": 0
"p1045": 3.387017561686057E-05
"p1046": 0
"p1047": 0
"p1048": 0.000329293374052811
"p1049": 0.00041020546024864466
"p1050": 9.784717400426387E-05
"p1051": 5.080526342529086E-05
"p1052": 0.00010725555612005847
"p1053": 0.0001749959073537796
"p1054": 3.7633528463178407E-06
"p1055": 7.5267056926356815E-06
"p1056": 3.7633528463178407E-05
"p1057": 0.0002916598455896327
"p1058": 5.645029269476761E-06
"p1059": 0.0001223089675053298
"p1060": 0
"p1061": 1.1290058538953523E-05
"p1062": 0
"p1063": 0
"p1064": 0.00043278557732655173
"p1065": 0.0017405506914220012
"p1066": 3.575185204001949E-05
"p1067": 0.000824174273343607
"p1068": 0.00010349220327374062
"p1069": 0.0004440756358655052
"p1070": 1.8816764231589204E-06
"p1071": 7.338538050319788E-05
"p1072": 0.00020698440654748124
"p1073": 0.00081852924407413
"p1074": 3.198849919370165E-05
"p1075": 0.00027096140493488457
"p1076": 1.6935087808430286E-05
"p1077": 0.00022015614150959367
"p1078": 0
"p1079": 0
"p1080": 0.0019230733044684166
"p1081": 0.0049977325799100926
"p1082": 0.00038574366674757867
"p1083": 0.0014074939645228723
"p1084": 0.0005118159870992262
"p1085": 0.0015693181369145395
"p1086": 5.833196911792653E-05
