"p1024": 0.00048170916432868367
"p1025": 3.198849919370165E-05
"p1026": 0.0017273789564598888
"p1027": 0.0012626048799396355
"p1028": 0.0005607395741013585
"p1029": 0.0001731142309306207
"p1030": 0.0012475514685543643
"p1031": 0.0015053411385271363
"p1032": 5.645029269476761E-05
"p1033": 0
"p1034": 0.0009859984457352745
"p1035": 0.00033493840332228785
"p1036": 0.00014488908458323683
"p1037": 0
"p1038": 0.000353755167553877
"p1039": 0.0001091372325432174
"p1040": 0.0005607395741013583
"p1041": 3.7633528463178407E-05
"p1042": 0.0041961384236443924
"p1043": 0.0028375680461236517
"p1044": 0.0005927280732950598
"p1045": 0.0001467707610063958
"p1046": 0.002427362585875007
"p1047": 0.0022843551777149288
"p1048": 0.00012419064392848875
"p1049": 0
"p1050": 0.0031687430965996223
"p1051": 0.001605069988954559
"p1052": 0.0002446179350106597
"p1053": 0
"p1054": 0.0016521118995335318
"p1055": 0.00015617914312219037
"p1056": 5.645029269476761E-05
"p1057": 0
"p1058": 0.00035751852040019486
"p1059": 0.0002991865512822683
"p1060": 0.00012419064392848873
"p1061": 3.198849919370165E-05
"p1062": 0.00031235828624438073
"p1063": 0.00038574366674757867
"p1064": 0
"p1065": 0
"p1066": 0.00012419064392848873
"p1067": 5.080526342529085E-05
"p1068": 1.3171734962112444E-05
"p1069": 0
"p1070": 9.032046831162818E-05
"p1071": 3.7633528463178407E-06
"p1072": 0.00014488908458323683
"p1073": 5.645029269476761E-06
"p1074": 0.001776302543462021
"p1075": 0.0004214955187875982
"p1076": 0.00024461793501065964
"p1077": 3.3870175616860565E-05
"p1078": 0.0018233444540409936
"p1079": 0.00040079707813285
"p1080": 1.3171734962112444E-05
"p1081": 0
"p1082": 0.001081963943316379
"p1083": 0.00015994249596850823
"p1084": 8.091208619583358E-05
"p1085": 0
"p1086": 0.0006153081903729669
