"p1024": 0.0008900329481541691
"p1025": 0.00019757602443168658
"p1026": 0.0005061709578297496
"p1027": 0.001766894161346226
"p1028": 1.6935087808430282E-05
"p1029": 2.2580117077907045E-05
"p1030": 1.8816764231589204E-06
"p1031": 3.7633528463178407E-06
"p1032": 0.0017537224263841134
"p1033": 2.82251463473838E-05
"p1034": 0.0007225637464930254
"p1035": 0.0019494167743926414
"p1036": 0.0006623501009519401
"p1037": 1.5053411385271363E-05
"p1038": 0.00018440428946957417
"p1039": 0.0004421939594423464
"p1040": 0.0012870666734407015
"p1041": 0.00015429746669903143
"p1042": 0.001298356731979655
"p1043": 0.002433007615144484
"p1044": 5.645029269476761E-05
"p1045": 2.8225146347383805E-05
"p1046": 1.8816764231589204E-06
"p1047": 3.7633528463178407E-06
"p1048": 0.003631635496696717
"p1049": 4.704191057897301E-05
"p1050": 0.0033738458267239444
"p1051": 0.005140739988070171
"p1052": 0.0014752343157565934
"p1053": 0
"p1054": 0.0011384142360111467
"p1055": 0.0009013230066931227
"p1056": 0.00023520955289486504
"p1057": 4.327855773265516E-05
"p1058": 0.00011478226181269415
"p1059": 0.0004647740765202533
"p1060": 0
"p1061": 0
"p1062": 0
"p1063": 0
"p1064": 0.0002559079935496132
"p1065": 0
"p1066": 0.00015994249596850823
"p1067": 0.0003594001968233538
"p1068": 0.00011478226181269414
"p1069": 0
"p1070": 6.0213645541085445E-05
"p1071": 7.903040977267466E-05
"p1072": 0.0007921857741499054
"p1073": 2.2580117077907045E-05
"p1074": 0.0011628760295122125
"p1075": 0.0006002547789876956
"p1076": 1.6935087808430282E-05
"p1077": 1.6935087808430282E-05
"p1078": 1.8816764231589204E-06
"p1079": 3.7633528463178407E-06
"p1080": 0.001322818525480721
"p1081": 1.8816764231589204E-06
"p1082": 0.0014470091694092097
"p1083": 0.0006943386001456416
"p1084": 0.0005400411334466102
"p1085": 3.7633528463178407E-06
"p1086": 0.00033493840332228785
