"p1024": 0.0001862859658927332
"p1025": 0.00037257193178546626
"p1026": 2.6343469924224887E-05
"p1027": 4.1396881309496255E-05
"p1028": 0.00018252261304641535
"p1029": 0.0003217666683601753
"p1030": 1.3171734962112444E-05
"p1031": 0.00013171734962112445
"p1032": 0.0012193263222069802
"p1033": 0.0011195974717795576
"p1034": 0.0006567050716824633
"p1035": 0.00036880857893914845
"p1036": 0.0009088497123857582
"p1037": 0.0008674528310762622
"p1038": 0.0006247165724887615
"p1039": 0.0005475678391392457
"p1040": 0
"p1041": 0
"p1042": 0
"p1043": 0
"p1044": 0
"p1045": 0
"p1046": 0
"p1047": 0
"p1048": 0
"p1049": 0
"p1050": 0
"p1051": 0
"p1052": 0
"p1053": 0
"p1054": 0
"p1055": 0
"p1056": 0.00022768284720222942
"p1057": 0.000869334507499421
"p1058": 3.3870175616860565E-05
"p1059": 0.00011290058538953522
"p1060": 0.00020886608297064022
"p1061": 0.0007507888928404089
"p1062": 3.198849919370164E-05
"p1063": 0.00023332787647170616
"p1064": 0.0030596058640564045
"p1065": 0.005953624202874824
"p1066": 0.001136532559587988
"p1067": 0.00348862808853664
"p1068": 0.0017781842198851799
"p1069": 0.00322519338929439
"p1070": 0.0008091208619583358
"p1071": 0.003221430036448072
"p1072": 3.575185204001949E-05
"p1073": 0.00019569434800852773
"p1074": 9.408382115794602E-06
"p1075": 1.3171734962112444E-05
"p1076": 1.8816764231589203E-05
"p1077": 6.585867481056221E-05
"p1078": 3.7633528463178407E-06
"p1079": 9.972885042742276E-05
"p1080": 0.0010462120912763597
"p1081": 0.001971996891470548
"p1082": 0.0001749959073537796
"p1083": 0.00059272807329506
"p1084": 0.00044407563586550526
"p1085": 0.0007583155985330449
"p1086": 0.00014300740816007796
