"p1024": 0.0008749795367688977
"p1025": 0.000803475832688859
"p1026": 0.0005099343106760674
"p1027": 0.0003349384033222879
"p1028": 0.0008034758326888588
"p1029": 0.0006322432781813973
"p1030": 0.0006134265139498081
"p1031": 0.0005362777806002922
"p1032": 0.0005099343106760673
"p1033": 0.0006134265139498081
"p1034": 0.0001919309951622099
"p1035": 5.268693984844976E-05
"p1036": 0.0003349384033222879
"p1037": 0.0005362777806002922
"p1038": 5.268693984844976E-05
"p1039": 0.00016558752523798505
"p1040": 0
"p1041": 0
"p1042": 0
"p1043": 0
"p1044": 0
"p1045": 0
"p1046": 0
"p1047": 0
"p1048": 0
"p1049": 0
"p1050": 0
"p1051": 0
"p1052": 0
"p1053": 0
"p1054": 0
"p1055": 0
"p1056": 0.0019512984508158002
"p1057": 0.003673032378006213
"p1058": 0.0008222925969204483
"p1059": 0.002735957519273071
"p1060": 0.0015881349011461288
"p1061": 0.0026512820802309187
"p1062": 0.0007865407448804289
"p1063": 0.0031988499193701648
"p1064": 0.0012738949384785891
"p1065": 0.0026983239908098915
"p1066": 0.00034434678543808245
"p1067": 0.0007959491269962237
"p1068": 0.000543804486292928
"p1069": 0.0012682499092091118
"p1070": 6.0213645541085445E-05
"p1071": 0.0003274116976296522
"p1072": 0.0007319721286088199
"p1073": 0.001277658291324907
"p1074": 0.0001486524374295547
"p1075": 0.0005024076049834317
"p1076": 0.00041396881309496247
"p1077": 0.0006021364554108545
"p1078": 0.0001373623788906012
"p1079": 0.0002559079935496132
"p1080": 0.0003706902553623073
"p1081": 0.0008373460083057195
"p1082": 3.387017561686057E-05
"p1083": 9.408382115794602E-05
"p1084": 7.714873334951574E-05
"p1085": 0.00025778966997277205
"p1086": 1.1290058538953523E-05
