"p1024": 1.8816764231589204E-06
"p1025": 0.00022956452362538827
"p1026": 3.7633528463178407E-05
"p1027": 0.00018064093662325636
"p1028": 0
"p1029": 0
"p1030": 0
"p1031": 1.1290058538953523E-05
"p1032": 0.00010725555612005845
"p1033": 0.0004534840179812997
"p1034": 0.00037633528463178407
"p1035": 0.001509104491373454
"p1036": 1.8816764231589203E-05
"p1037": 0.00012607232035164766
"p1038": 7.33853805031979E-05
"p1039": 0.00039703372528653225
"p1040": 2.8225146347383805E-05
"p1041": 0.0004421939594423461
"p1042": 0.00023709122931802397
"p1043": 0.0007300904521856607
"p1044": 0
"p1045": 0
"p1046": 1.6935087808430286E-05
"p1047": 0.00022015614150959367
"p1048": 0.0003180033155138575
"p1049": 0.000771487333495157
"p1050": 0.002199679738672778
"p1051": 0.005272457337691295
"p1052": 3.9515204886337324E-05
"p1053": 0.00012230896750532982
"p1054": 0.0005513311919855636
"p1055": 0.0015900165775692876
"p1056": 1.8816764231589204E-06
"p1057": 2.6343469924224887E-05
"p1058": 5.645029269476761E-06
"p1059": 3.575185204001948E-05
"p1060": 0
"p1061": 0
"p1062": 0
"p1063": 0
"p1064": 1.5053411385271363E-05
"p1065": 8.843879188846925E-05
"p1066": 6.774035123372114E-05
"p1067": 0.00035187349113071807
"p1068": 0
"p1069": 1.1290058538953523E-05
"p1070": 3.0106822770542722E-05
"p1071": 9.784717400426385E-05
"p1072": 0
"p1073": 4.1396881309496255E-05
"p1074": 5.080526342529084E-05
"p1075": 7.526705692635681E-05
"p1076": 0
"p1077": 0
"p1078": 0
"p1079": 2.4461793501065966E-05
"p1080": 4.327855773265517E-05
"p1081": 6.585867481056221E-05
"p1082": 0.0004421939594423463
"p1083": 0.0007206820700698664
"p1084": 3.7633528463178407E-06
"p1085": 3.7633528463178407E-06
"p1086": 0.00010349220327374063
