"p1024": 3.7633528463178407E-06
"p1025": 0
"p1026": 0.00013359902604428335
"p1027": 1.1290058538953523E-05
"p1028": 5.268693984844977E-05
"p1029": 0
"p1030": 0.00012419064392848875
"p1031": 1.1290058538953523E-05
"p1032": 3.7633528463178407E-06
"p1033": 0
"p1034": 0.00040644210740232686
"p1035": 4.3278557732655166E-05
"p1036": 1.8816764231589203E-05
"p1037": 0
"p1038": 0.0005306327513308154
"p1039": 5.456861627160869E-05
"p1040": 0
"p1041": 0
"p1042": 0
"p1043": 0
"p1044": 0
"p1045": 0
"p1046": 0
"p1047": 0
"p1048": 0
"p1049": 0
"p1050": 0
"p1051": 0
"p1052": 0
"p1053": 0
"p1054": 0
"p1055": 0
"p1056": 0.00013359902604428335
"p1057": 0
"p1058": 0.0015787265190303343
"p1059": 0.0002446179350106597
"p1060": 0.0005475678391392456
"p1061": 0
"p1062": 0.0012513148214006822
"p1063": 0.00022391949435591156
"p1064": 0.00046101072367393553
"p1065": 2.0698440654748124E-05
"p1066": 0.003725719317854663
"p1067": 0.0017875926020009746
"p1068": 0.0006265982489119205
"p1069": 0.00012983567319796555
"p1070": 0.002941060249397393
"p1071": 0.0017179705743440945
"p1072": 1.1290058538953523E-05
"p1073": 0
"p1074": 0.0002446179350106597
"p1075": 4.704191057897301E-05
"p1076": 0.00010537387969689952
"p1077": 0
"p1078": 8.279376261899248E-05
"p1079": 2.4461793501065966E-05
"p1080": 9.4083821157946E-05
"p1081": 0
"p1082": 0.0008015941562657001
"p1083": 0.000259671346395931
"p1084": 6.774035123372113E-05
"p1085": 0
"p1086": 0.0005588578976781994
