"p1024": 0.00025214464070329537
"p1025": 5.833196911792652E-05
"p1026": 0.0005099343106760674
"p1027": 0.000355636843977036
"p1028": 4.327855773265517E-05
"p1029": 0
"p1030": 2.4461793501065966E-05
"p1031": 3.7633528463178407E-06
"p1032": 0.0001768775837769385
"p1033": 5.645029269476761E-06
"p1034": 0.0008448727139983551
"p1035": 0.0002935415220127916
"p1036": 0.00020510273012432233
"p1037": 3.7633528463178407E-06
"p1038": 0.0005287510749076566
"p1039": 0.00020322105370116337
"p1040": 0.00031235828624438073
"p1041": 5.64502926947676E-05
"p1042": 0.0016050699889545586
"p1043": 0.0010800822668932202
"p1044": 9.972885042742274E-05
"p1045": 0
"p1046": 8.655711546531035E-05
"p1047": 3.7633528463178407E-06
"p1048": 0.00035563684397703593
"p1049": 1.1290058538953523E-05
"p1050": 0.003332448945414448
"p1051": 0.001657756928803009
"p1052": 0.00028225146347383816
"p1053": 0
"p1054": 0.002192153032980142
"p1055": 0.000773369009918316
"p1056": 6.0213645541085445E-05
"p1057": 9.408382115794602E-06
"p1058": 0.00015994249596850823
"p1059": 9.22021447347871E-05
"p1060": 0
"p1061": 0
"p1062": 0
"p1063": 0
"p1064": 1.8816764231589203E-05
"p1065": 0
"p1066": 0.0001486524374295547
"p1067": 3.7633528463178407E-05
"p1068": 3.7633528463178407E-05
"p1069": 0
"p1070": 0.00012607232035164766
"p1071": 4.5160234155814084E-05
"p1072": 2.8225146347383805E-05
"p1073": 0
"p1074": 0.0004911175464444782
"p1075": 6.962202765688006E-05
"p1076": 0
"p1077": 0
"p1078": 5.645029269476761E-06
"p1079": 0
"p1080": 3.7633528463178407E-05
"p1081": 0
"p1082": 0.000611544837526649
"p1083": 3.951520488633733E-05
"p1084": 4.516023415581409E-05
"p1085": 0
"p1086": 0.0004421939594423463
