"p1024": 5.080526342529085E-05
"p1025": 0
"p1026": 0.00011290058538953522
"p1027": 1.1290058538953523E-05
"p1028": 0
"p1029": 0
"p1030": 2.2580117077907045E-05
"p1031": 0
"p1032": 2.2580117077907045E-05
"p1033": 0
"p1034": 0.0007507888928404092
"p1035": 6.774035123372114E-05
"p1036": 5.645029269476761E-06
"p1037": 0
"p1038": 0.00021074775939379907
"p1039": 3.7633528463178407E-06
"p1040": 0
"p1041": 0
"p1042": 0
"p1043": 0
"p1044": 0
"p1045": 0
"p1046": 0
"p1047": 0
"p1048": 0
"p1049": 0
"p1050": 0
"p1051": 0
"p1052": 0
"p1053": 0
"p1054": 0
"p1055": 0
"p1056": 0.0005080526342529084
"p1057": 0
"p1058": 0.0010970173547016498
"p1059": 0.00022391949435591156
"p1060": 0
"p1061": 0
"p1062": 0.0002483812878569775
"p1063": 1.1290058538953523E-05
"p1064": 0.0010405670620068825
"p1065": 0.00014677076100639582
"p1066": 0.006427806661510872
"p1067": 0.0031311095681364437
"p1068": 0.0002295645236253883
"p1069": 3.7633528463178407E-06
"p1070": 0.001951298450815801
"p1071": 0.0006642317773750987
"p1072": 0.00010537387969689952
"p1073": 0
"p1074": 9.408382115794602E-05
"p1075": 2.4461793501065966E-05
"p1076": 0
"p1077": 0
"p1078": 0
"p1079": 0
"p1080": 0.00017311423093062064
"p1081": 0
"p1082": 0.0012343797335922515
"p1083": 0.0004647740765202533
"p1084": 0
"p1085": 0
"p1086": 0.0003424651090149235
