"p1024": 0.0007075103351077541
"p1025": 0.001644585193840896
"p1026": 0.00012607232035164766
"p1027": 0.0004911175464444782
"p1028": 0.0005381594570234512
"p1029": 0.0010217502977752939
"p1030": 0.0001637058488148261
"p1031": 0.0006924569237224827
"p1032": 0.0005663846033708351
"p1033": 0.001488406050718706
"p1034": 6.962202765688006E-05
"p1035": 0.00015241579027587253
"p1036": 0.00042714054805707494
"p1037": 0.0014451274929860505
"p1038": 4.8923587002131926E-05
"p1039": 0.0003650452260928306
"p1040": 0
"p1041": 0
"p1042": 0
"p1043": 0
"p1044": 0
"p1045": 0
"p1046": 0
"p1047": 0
"p1048": 0
"p1049": 0
"p1050": 0
"p1051": 0
"p1052": 0
"p1053": 0
"p1054": 0
"p1055": 0
"p1056": 0.0002389729057411829
"p1057": 0.0006548233952593041
"p1058": 2.8225146347383805E-05
"p1059": 0.00024838128785697745
"p1060": 0.00022391949435591154
"p1061": 0.0007507888928404093
"p1062": 3.3870175616860565E-05
"p1063": 0.000472300782212889
"p1064": 0.00011854561465901197
"p1065": 0.000306713256974904
"p1066": 7.5267056926356815E-06
"p1067": 3.951520488633733E-05
"p1068": 0.00012983567319796555
"p1069": 0.0005645029269476761
"p1070": 3.7633528463178407E-06
"p1071": 0.00011854561465901199
"p1072": 0.0003180033155138576
"p1073": 0.0007696056570719984
"p1074": 2.8225146347383808E-05
"p1075": 0.00016935087808430283
"p1076": 0.00023520955289486504
"p1077": 0.0004854725171750014
"p1078": 8.091208619583357E-05
"p1079": 0.00014865243742955472
"p1080": 0.00017123255450746173
"p1081": 0.0005212243692150209
"p1082": 5.645029269476761E-06
"p1083": 3.0106822770542726E-05
"p1084": 0.0001862859658927331
"p1085": 0.0005249877220613389
"p1086": 3.7633528463178407E-06
