"p1024": 0.0001749959073537796
"p1025": 0.0006567050716824632
"p1026": 1.1290058538953523E-05
"p1027": 0.0002897781691664738
"p1028": 0.00016935087808430283
"p1029": 0.0005701479562171529
"p1030": 1.8816764231589203E-05
"p1031": 0.0003838619903244197
"p1032": 7.33853805031979E-05
"p1033": 0.0004158504895181214
"p1034": 3.7633528463178407E-06
"p1035": 5.833196911792653E-05
"p1036": 7.526705692635681E-05
"p1037": 0.0003895070195938966
"p1038": 7.5267056926356815E-06
"p1039": 0.00016182417239166713
"p1040": 0.0008674528310762624
"p1041": 0.0018948481581210327
"p1042": 0.00015053411385271365
"p1043": 0.0005080526342529084
"p1044": 0.0006096631611034902
"p1045": 0.001112070766086922
"p1046": 0.00017875926020009743
"p1047": 0.0007018653058382773
"p1048": 0.0006698768066445757
"p1049": 0.001650230223110373
"p1050": 7.714873334951573E-05
"p1051": 0.00015617914312219037
"p1052": 0.0005231060456381798
"p1053": 0.0017857109255778152
"p1054": 4.8923587002131926E-05
"p1055": 0.00036880857893914845
"p1056": 3.7633528463178407E-05
"p1057": 0.00013359902604428335
"p1058": 0
"p1059": 4.139688130949625E-05
"p1060": 3.7633528463178407E-05
"p1061": 0.00017875926020009743
"p1062": 1.8816764231589204E-06
"p1063": 0.0001016105268505817
"p1064": 1.1290058538953523E-05
"p1065": 4.704191057897301E-05
"p1066": 0
"p1067": 0
"p1068": 1.6935087808430282E-05
"p1069": 9.408382115794602E-05
"p1070": 0
"p1071": 3.010682277054273E-05
"p1072": 0.00017875926020009743
"p1073": 0.00028225146347383805
"p1074": 1.6935087808430282E-05
"p1075": 4.327855773265517E-05
"p1076": 0.0001693508780843028
"p1077": 0.00025026296428013644
"p1078": 6.021364554108545E-05
"p1079": 6.585867481056221E-05
"p1080": 9.972885042742278E-05
"p1081": 0.0001637058488148261
"p1082": 1.8816764231589204E-06
"p1083": 5.645029269476761E-06
"p1084": 0.00012419064392848873
"p1085": 0.00021827446508643477
"p1086": 0
