"p1024": 7.526705692635683E-05
"p1025": 0
"p1026": 0.0007583155985330448
"p1027": 8.46754390421514E-05
"p1028": 0.0002671980520885666
"p1029": 0
"p1030": 0.0005061709578297493
"p1031": 6.585867481056221E-05
"p1032": 0.000619071543219285
"p1033": 3.7633528463178407E-05
"p1034": 0.005099343106760675
"p1035": 0.003546960057654565
"p1036": 0.0004534840179813
"p1037": 0.00014112573173691902
"p1038": 0.002338923793986538
"p1039": 0.0020679623890516533
"p1040": 3.7633528463178407E-06
"p1041": 0
"p1042": 0.00015617914312219042
"p1043": 2.0698440654748124E-05
"p1044": 6.021364554108543E-05
"p1045": 0
"p1046": 0.0001448890845832369
"p1047": 1.5053411385271363E-05
"p1048": 3.7633528463178407E-05
"p1049": 0
"p1050": 0.0009841167693121155
"p1051": 4.516023415581409E-05
"p1052": 6.0213645541085445E-05
"p1053": 1.1290058538953523E-05
"p1054": 0.0006209532196424436
"p1055": 4.139688130949625E-05
"p1056": 3.7633528463178407E-05
"p1057": 0
"p1058": 0.00023520955289486501
"p1059": 0
"p1060": 0.00014112573173691902
"p1061": 0
"p1062": 0.0002916598455896326
"p1063": 1.6935087808430282E-05
"p1064": 0.00041020546024864466
"p1065": 3.198849919370165E-05
"p1066": 0.0022900002069844065
"p1067": 0.0018628596589273308
"p1068": 0.0006623501009519401
"p1069": 0.0002051027301243223
"p1070": 0.001721733927190412
"p1071": 0.0019475350979694826
"p1072": 5.456861627160869E-05
"p1073": 0
"p1074": 0.0005024076049834317
"p1075": 0.00011854561465901196
"p1076": 0.0001806409366232564
"p1077": 0
"p1078": 0.0002803697870506792
"p1079": 0.00010349220327374062
"p1080": 0.00034058343259176464
"p1081": 5.645029269476761E-06
"p1082": 0.00404372263336852
"p1083": 0.0013529253482512634
"p1084": 0.0003029499041285862
"p1085": 2.8225146347383805E-05
"p1086": 0.0025195647306097946
