"p1024": 7.526705692635681E-05
"p1025": 2.2580117077907045E-05
"p1026": 0.00039138869601705546
"p1027": 0.00013359902604428335
"p1028": 3.7633528463178407E-06
"p1029": 0
"p1030": 0
"p1031": 0
"p1032": 3.7633528463178407E-05
"p1033": 0
"p1034": 0.00035940019682335374
"p1035": 7.714873334951573E-05
"p1036": 5.4568616271608685E-05
"p1037": 0
"p1038": 8.843879188846926E-05
"p1039": 7.5267056926356815E-06
"p1040": 0.0002671980520885667
"p1041": 6.209532196424436E-05
"p1042": 0.0022956452362538834
"p1043": 0.00048359084075184255
"p1044": 6.021364554108543E-05
"p1045": 0
"p1046": 4.139688130949624E-05
"p1047": 3.7633528463178407E-06
"p1048": 0.00014112573173691905
"p1049": 1.8816764231589204E-06
"p1050": 0.0032854070348354754
"p1051": 0.0005024076049834317
"p1052": 0.00018064093662325642
"p1053": 3.7633528463178407E-06
"p1054": 0.001687863751573552
"p1055": 0.00013736237889060122
"p1056": 0.000619071543219285
"p1057": 0.00019945770085484557
"p1058": 0.0015279212556050437
"p1059": 0.0018233444540409938
"p1060": 3.7633528463178407E-05
"p1061": 0
"p1062": 1.8816764231589203E-05
"p1063": 3.7633528463178407E-06
"p1064": 0.00041020546024864466
"p1065": 2.0698440654748124E-05
"p1066": 0.002703969020079368
"p1067": 0.0015749631661840162
"p1068": 0.0003405834325917646
"p1069": 1.1290058538953523E-05
"p1070": 0.0009728267107731617
"p1071": 0.0005532128684087226
"p1072": 0.0004534840179812999
"p1073": 0.00013548070246744229
"p1074": 0.002173336268748553
"p1075": 0.002259893384213863
"p1076": 6.0213645541085445E-05
"p1077": 0
"p1078": 4.7041910578973015E-05
"p1079": 3.7633528463178407E-06
"p1080": 0.0006623501009519401
"p1081": 3.7633528463178407E-05
"p1082": 0.006450386778588781
"p1083": 0.0045386035326593155
"p1084": 0.00030294990412858613
"p1085": 0
"p1086": 0.002150756151670646
