"p1024": 4.8923587002131926E-05
"p1025": 7.903040977267465E-05
"p1026": 0
"p1027": 4.3278557732655166E-05
"p1028": 0
"p1029": 2.2580117077907045E-05
"p1030": 0
"p1031": 0
"p1032": 0.0003104766098212218
"p1033": 0.0003913886960170555
"p1034": 8.655711546531033E-05
"p1035": 5.080526342529086E-05
"p1036": 7.338538050319791E-05
"p1037": 0.00013359902604428335
"p1038": 3.7633528463178407E-06
"p1039": 7.5267056926356815E-06
"p1040": 0
"p1041": 0
"p1042": 0
"p1043": 0
"p1044": 0
"p1045": 0
"p1046": 0
"p1047": 0
"p1048": 0
"p1049": 0
"p1050": 0
"p1051": 0
"p1052": 0
"p1053": 0
"p1054": 0
"p1055": 0
"p1056": 0.0002464996114338186
"p1057": 0.0010443304148532002
"p1058": 3.7633528463178407E-05
"p1059": 0.0003236483447833343
"p1060": 1.6935087808430286E-05
"p1061": 0.00024273625858750077
"p1062": 0
"p1063": 0
"p1064": 0.0021168859760537857
"p1065": 0.0059498608500285054
"p1066": 0.00041208713667180365
"p1067": 0.002066080712628495
"p1068": 0.0005833196911792652
"p1069": 0.0017480773971146372
"p1070": 5.833196911792653E-05
"p1071": 0.00017311423093062066
"p1072": 1.6935087808430282E-05
"p1073": 0.00010537387969689954
"p1074": 0
"p1075": 0.00010161052685058169
"p1076": 0
"p1077": 0
"p1078": 0
"p1079": 0
"p1080": 0.0003330567268991289
"p1081": 0.0011835744701669609
"p1082": 4.892358700213193E-05
"p1083": 0.00026343469924224885
"p1084": 6.774035123372114E-05
"p1085": 0.0003405834325917646
"p1086": 1.8816764231589204E-06
