"p1024": 0.00025967134639593104
"p1025": 6.209532196424436E-05
"p1026": 0.0020754890947442895
"p1027": 0.00043654893017286954
"p1028": 5.268693984844977E-05
"p1029": 0
"p1030": 3.3870175616860565E-05
"p1031": 3.7633528463178407E-06
"p1032": 0.00013359902604428335
"p1033": 1.8816764231589204E-06
"p1034": 0.0029598770136289813
"p1035": 0.0004083237838254857
"p1036": 0.00018064093662325642
"p1037": 3.7633528463178407E-06
"p1038": 0.00132470020190388
"p1039": 0.00011854561465901199
"p1040": 0
"p1041": 0
"p1042": 0
"p1043": 0
"p1044": 0
"p1045": 0
"p1046": 0
"p1047": 0
"p1048": 0
"p1049": 0
"p1050": 0
"p1051": 0
"p1052": 0
"p1053": 0
"p1054": 0
"p1055": 0
"p1056": 0.0010518571205458366
"p1057": 0.00035751852040019497
"p1058": 0.003637280525966193
"p1059": 0.0038913068430926475
"p1060": 0.00010161052685058167
"p1061": 0
"p1062": 7.33853805031979E-05
"p1063": 7.5267056926356815E-06
"p1064": 0.0008091208619583357
"p1065": 5.8331969117926534E-05
"p1066": 0.007801430450416884
"p1067": 0.005379712893811354
"p1068": 0.0006096631611034902
"p1069": 1.1290058538953523E-05
"p1070": 0.0028940183388184203
"p1071": 0.0013265818783270386
"p1072": 0.0001542974666990315
"p1073": 0
"p1074": 0.0008091208619583356
"p1075": 0.00043654893017286954
"p1076": 7.5267056926356815E-06
"p1077": 0
"p1078": 0
"p1079": 0
"p1080": 0.0003123582862443808
"p1081": 0
"p1082": 0.002173336268748553
"p1083": 0.0009239031237710299
"p1084": 0.00011101890896637629
"p1085": 0
"p1086": 0.0006868118944530059
