"p1024": 0.0001825226130464153
"p1025": 0
"p1026": 0.00014488908458323686
"p1027": 0.00013359902604428335
"p1028": 0.00021827446508643477
"p1029": 1.6935087808430282E-05
"p1030": 0.00020510273012432228
"p1031": 0.00021451111224011693
"p1032": 7.33853805031979E-05
"p1033": 0
"p1034": 1.3171734962112444E-05
"p1035": 3.7633528463178407E-06
"p1036": 4.7041910578973015E-05
"p1037": 0
"p1038": 3.7633528463178407E-06
"p1039": 5.080526342529085E-05
"p1040": 0.0009050863595394406
"p1041": 5.645029269476761E-06
"p1042": 0.0015298029320282023
"p1043": 0.0005852013676024243
"p1044": 0.0007470255399940914
"p1045": 5.6450292694767596E-05
"p1046": 0.0013830321710218063
"p1047": 0.0006774035123372112
"p1048": 0.0006472966895666686
"p1049": 0
"p1050": 0.0007244454229161844
"p1051": 0.00018252261304641527
"p1052": 0.000656705071682463
"p1053": 0
"p1054": 0.00044407563586550537
"p1055": 0.00021074775939379913
"p1056": 0.0013698604360596939
"p1057": 4.327855773265516E-05
"p1058": 0.0007357354814551376
"p1059": 0.0019456534215463238
"p1060": 0.0010725555612005845
"p1061": 0.00025778966997277205
"p1062": 0.0006040181318340134
"p1063": 0.0021770996215948707
"p1064": 0.0008335826554594017
"p1065": 0
"p1066": 0.0002747247577812024
"p1067": 0.0004892358700213193
"p1068": 0.0003744536082086252
"p1069": 0
"p1070": 8.843879188846926E-05
"p1071": 0.0002013393772780045
"p1072": 0.00198705030285582
"p1073": 4.704191057897301E-05
"p1074": 0.0017198522507672527
"p1075": 0.0032515368592186144
"p1076": 0.0010311586798910882
"p1077": 0.00017123255450746176
"p1078": 0.0010480937676995185
"p1079": 0.0023991374395276235
"p1080": 0.0017744208670388622
"p1081": 0
"p1082": 0.0012174446457838216
"p1083": 0.0017367873385756836
"p1084": 0.0010066968863900222
"p1085": 0
"p1086": 0.00035940019682335385
