"p1024": 5.645029269476761E-06
"p1025": 0
"p1026": 0
"p1027": 0
"p1028": 3.7633528463178407E-06
"p1029": 1.8816764231589204E-06
"p1030": 0
"p1031": 1.8816764231589203E-05
"p1032": 3.951520488633733E-05
"p1033": 0
"p1034": 1.6935087808430282E-05
"p1035": 0
"p1036": 6.0213645541085445E-05
"p1037": 0
"p1038": 3.3870175616860565E-05
"p1039": 9.408382115794602E-06
"p1040": 0.00011666393823585305
"p1041": 0
"p1042": 5.456861627160869E-05
"p1043": 1.3171734962112444E-05
"p1044": 0.00011290058538953522
"p1045": 3.7633528463178407E-06
"p1046": 5.456861627160869E-05
"p1047": 5.4568616271608685E-05
"p1048": 0.0002239194943559115
"p1049": 0
"p1050": 0.00023332787647170614
"p1051": 7.526705692635681E-05
"p1052": 0.00029730487485910944
"p1053": 0
"p1054": 0.000306713256974904
"p1055": 9.220214473478709E-05
"p1056": 0.0002446179350106597
"p1057": 0
"p1058": 3.951520488633733E-05
"p1059": 9.032046831162818E-05
"p1060": 0.0001844042894695742
"p1061": 7.903040977267465E-05
"p1062": 3.387017561686057E-05
"p1063": 0.0001599424959685082
"p1064": 0.0009239031237710299
"p1065": 1.8816764231589203E-05
"p1066": 0.0001016105268505817
"p1067": 0.0006058998082571724
"p1068": 0.0007394988343014557
"p1069": 0.00010725555612005844
"p1070": 0.00011854561465901199
"p1071": 0.0007093920115309128
"p1072": 0.0011195974717795574
"p1073": 0
"p1074": 0.0003104766098212219
"p1075": 0.0003537551675538771
"p1076": 0.0007338538050319786
"p1077": 9.596549758110493E-05
"p1078": 0.0001844042894695742
"p1079": 0.000427140548057075
"p1080": 0.002696442314386733
"p1081": 2.2580117077907042E-05
"p1082": 0.0006247165724887615
"p1083": 0.0019080198930831451
"p1084": 0.001879794746735761
"p1085": 7.150370408003896E-05
"p1086": 0.00047041910578973014
