"p1024": 4.8923587002131926E-05
"p1025": 4.8923587002131926E-05
"p1026": 0.00019004931873905096
"p1027": 0.00022015614150959367
"p1028": 9.596549758110492E-05
"p1029": 9.032046831162817E-05
"p1030": 0.00020698440654748126
"p1031": 0.00026343469924224885
"p1032": 0
"p1033": 0
"p1034": 4.8923587002131926E-05
"p1035": 7.33853805031979E-05
"p1036": 1.8816764231589204E-06
"p1037": 4.3278557732655166E-05
"p1038": 7.5267056926356815E-06
"p1039": 4.7041910578973015E-05
"p1040": 0.0001862859658927332
"p1041": 0.00018252261304641535
"p1042": 0.0014601809043713223
"p1043": 0.0009991701806973867
"p1044": 0.0004102054602486446
"p1045": 0.00034434678543808234
"p1046": 0.0012626048799396355
"p1047": 0.0009050863595394406
"p1048": 2.6343469924224887E-05
"p1049": 1.3171734962112444E-05
"p1050": 0.0007470255399940912
"p1051": 0.000658586748105622
"p1052": 4.139688130949625E-05
"p1053": 0.00013171734962112445
"p1054": 0.0004704191057897302
"p1055": 0.000656705071682463
"p1056": 0.0001975760244316866
"p1057": 0.0005532128684087227
"p1058": 0.0009464832408489368
"p1059": 0.002412309174489736
"p1060": 0.0003161216390906986
"p1061": 0.0008618078018067856
"p1062": 0.0007959491269962232
"p1063": 0.0022391949435591153
"p1064": 3.010682277054273E-05
"p1065": 5.645029269476761E-05
"p1066": 0.000425258871633916
"p1067": 0.0011064257368174452
"p1068": 3.3870175616860565E-05
"p1069": 0.000141125731736919
"p1070": 0.00012419064392848875
"p1071": 0.00039703372528653225
"p1072": 0.00024838128785697745
"p1073": 0.0005852013676024243
"p1074": 0.0019851686264326608
"p1075": 0.003849909961783151
"p1076": 0.0003274116976296522
"p1077": 0.0006736401594908935
"p1078": 0.0012964750555564959
"p1079": 0.0024104274980665773
"p1080": 6.0213645541085445E-05
"p1081": 0.00012419064392848875
"p1082": 0.0014112573173691901
"p1083": 0.002867674868894195
"p1084": 3.3870175616860565E-05
"p1085": 0.0002182744650864348
"p1086": 0.00044407563586550526
