"p1024": 0
"p1025": 5.645029269476761E-06
"p1026": 0
"p1027": 0
"p1028": 0
"p1029": 5.645029269476761E-06
"p1030": 0
"p1031": 1.8816764231589203E-05
"p1032": 3.387017561686057E-05
"p1033": 3.951520488633733E-05
"p1034": 0
"p1035": 0
"p1036": 3.9515204886337324E-05
"p1037": 6.0213645541085445E-05
"p1038": 5.645029269476761E-06
"p1039": 9.408382115794602E-06
"p1040": 6.585867481056221E-05
"p1041": 0.00011666393823585305
"p1042": 0
"p1043": 1.8816764231589204E-06
"p1044": 6.585867481056221E-05
"p1045": 0.00011666393823585305
"p1046": 0
"p1047": 4.3278557732655166E-05
"p1048": 0.00021827446508643477
"p1049": 0.0002239194943559115
"p1050": 6.585867481056221E-05
"p1051": 7.5267056926356815E-06
"p1052": 0.0002559079935496131
"p1053": 0.00029730487485910944
"p1054": 8.467543904215143E-05
"p1055": 4.7041910578973015E-05
"p1056": 3.7633528463178407E-05
"p1057": 0.00027848811062752024
"p1058": 5.645029269476761E-06
"p1059": 5.080526342529084E-05
"p1060": 3.7633528463178407E-05
"p1061": 0.0002916598455896327
"p1062": 5.645029269476761E-06
"p1063": 0.0001223089675053298
"p1064": 0.0002653163756654078
"p1065": 0.0010255136506216115
"p1066": 1.1290058538953523E-05
"p1067": 0.0003481101382844003
"p1068": 0.00023332787647170614
"p1069": 0.0009144947416552352
"p1070": 2.0698440654748124E-05
"p1071": 0.0004986442521371138
"p1072": 0.00024085458216434183
"p1073": 0.001339753613289151
"p1074": 3.9515204886337324E-05
"p1075": 0.00013359902604428335
"p1076": 0.00020698440654748124
"p1077": 0.0009314298294636652
"p1078": 3.198849919370165E-05
"p1079": 0.00027096140493488457
"p1080": 0.0012964750555564959
"p1081": 0.0030012738949384784
"p1082": 0.0001975760244316867
"p1083": 0.0006247165724887616
"p1084": 0.0008411093611520374
"p1085": 0.0020472639483969054
"p1086": 0.0002013393772780045
