"p1024": 0.000259671346395931
"p1025": 5.268693984844977E-05
"p1026": 0.00013359902604428335
"p1027": 0.00018064093662325642
"p1028": 6.209532196424436E-05
"p1029": 0
"p1030": 1.8816764231589204E-06
"p1031": 3.7633528463178407E-06
"p1032": 0.0020754890947442895
"p1033": 3.3870175616860565E-05
"p1034": 0.002959877013628982
"p1035": 0.0013247002019038795
"p1036": 0.00043654893017286954
"p1037": 3.7633528463178407E-06
"p1038": 0.00040832378382548573
"p1039": 0.00011854561465901197
"p1040": 0
"p1041": 0
"p1042": 0
"p1043": 0
"p1044": 0
"p1045": 0
"p1046": 0
"p1047": 0
"p1048": 0
"p1049": 0
"p1050": 0
"p1051": 0
"p1052": 0
"p1053": 0
"p1054": 0
"p1055": 0
"p1056": 0.00047982748790552463
"p1057": 0.00012042729108217092
"p1058": 0.0002540263171264543
"p1059": 0.0002916598455896327
"p1060": 0.00014112573173691902
"p1061": 0
"p1062": 3.7633528463178407E-06
"p1063": 7.5267056926356815E-06
"p1064": 0.006619737656673083
"p1065": 0.00042902222448023387
"p1066": 0.005518956949125114
"p1067": 0.010949475106361756
"p1068": 0.0013171734962112438
"p1069": 1.5053411385271363E-05
"p1070": 0.0009972885042742279
"p1071": 0.0009144947416552353
"p1072": 6.585867481056221E-05
"p1073": 1.3171734962112442E-05
"p1074": 1.6935087808430282E-05
"p1075": 0.00010349220327374059
"p1076": 0
"p1077": 0
"p1078": 0
"p1079": 0
"p1080": 0.002037855566281111
"p1081": 5.456861627160869E-05
"p1082": 0.000991643475004751
"p1083": 0.0016558752523798499
"p1084": 0.0004892358700213193
"p1085": 0
"p1086": 9.972885042742278E-05
