"p1024": 0.0006567050716824632
"p1025": 0.0011421775888574646
"p1026": 0.00022956452362538827
"p1027": 0.0013886772002912832
"p1028": 5.645029269476761E-06
"p1029": 3.9515204886337324E-05
"p1030": 0
"p1031": 0
"p1032": 0.0009822350928889564
"p1033": 0.002154519504516964
"p1034": 0.0002333278764717061
"p1035": 0.0013171734962112442
"p1036": 0.0003424651090149235
"p1037": 0.000711273687954072
"p1038": 5.2686939848449775E-05
"p1039": 0.00031235828624438084
"p1040": 0.0011233608246258753
"p1041": 0.001644585193840896
"p1042": 0.0005626212505245172
"p1043": 0.0015975432832619233
"p1044": 5.645029269476761E-06
"p1045": 8.467543904215141E-05
"p1046": 0
"p1047": 0
"p1048": 0.0028620298396247186
"p1049": 0.005131331605954376
"p1050": 0.0009389565351563013
"p1051": 0.0026004768168056283
"p1052": 0.0010311586798910882
"p1053": 0.001674692016611439
"p1054": 0.00022956452362538825
"p1055": 0.0004214955187875981
"p1056": 0.0001373623788906012
"p1057": 0.00031612163909069865
"p1058": 4.139688130949625E-05
"p1059": 0.0003424651090149235
"p1060": 0
"p1061": 0
"p1062": 0
"p1063": 0
"p1064": 0.0001580608195453493
"p1065": 0.0003725719317854662
"p1066": 3.198849919370165E-05
"p1067": 0.0002220378179327526
"p1068": 6.021364554108545E-05
"p1069": 0.0001373623788906012
"p1070": 1.3171734962112444E-05
"p1071": 3.575185204001948E-05
"p1072": 0.0006830485416066882
"p1073": 0.0007545522456867272
"p1074": 0.0005833196911792654
"p1075": 0.0004647740765202534
"p1076": 5.645029269476761E-06
"p1077": 3.3870175616860565E-05
"p1078": 0
"p1079": 0
"p1080": 0.0010405670620068828
"p1081": 0.0013510436718281048
"p1082": 0.0005983731025645366
"p1083": 0.00031800331551385747
"p1084": 0.00029354152201279153
"p1085": 0.0005268693984844978
"p1086": 0.00014488908458323686
