"p1024": 0
"p1025": 0
"p1026": 3.387017561686057E-05
"p1027": 3.951520488633733E-05
"p1028": 5.645029269476761E-06
"p1029": 5.645029269476761E-06
"p1030": 3.9515204886337324E-05
"p1031": 6.0213645541085445E-05
"p1032": 0
"p1033": 0
"p1034": 0
"p1035": 5.645029269476761E-06
"p1036": 0
"p1037": 1.8816764231589203E-05
"p1038": 0
"p1039": 9.408382115794602E-06
"p1040": 1.8816764231589204E-06
"p1041": 3.7633528463178407E-06
"p1042": 0.000259671346395931
"p1043": 0.0002239194943559115
"p1044": 2.8225146347383805E-05
"p1045": 3.198849919370164E-05
"p1046": 0.00025778966997277205
"p1047": 0.00022391949435591154
"p1048": 1.8816764231589204E-06
"p1049": 1.8816764231589204E-06
"p1050": 6.962202765688005E-05
"p1051": 0.00011666393823585304
"p1052": 0
"p1053": 4.516023415581409E-05
"p1054": 0.00016558752523798497
"p1055": 0.0002464996114338186
"p1056": 3.7633528463178407E-05
"p1057": 0.00022391949435591148
"p1058": 0.00021827446508643477
"p1059": 0.0008655711546531033
"p1060": 0.00010349220327374062
"p1061": 0.00041208713667180354
"p1062": 0.00020698440654748124
"p1063": 0.0008015941562657001
"p1064": 0
"p1065": 4.139688130949625E-05
"p1066": 8.843879188846926E-05
"p1067": 0.000472300782212889
"p1068": 3.7633528463178407E-06
"p1069": 0.00017123255450746173
"p1070": 9.972885042742278E-05
"p1071": 0.0005005259285602729
"p1072": 8.843879188846925E-05
"p1073": 0.0003010682277054273
"p1074": 0.0010029335335437046
"p1075": 0.00210935927036115
"p1076": 0.00024273625858750068
"p1077": 0.00048359084075184244
"p1078": 0.0007639606278025217
"p1079": 0.0013773871417523298
"p1080": 1.5053411385271363E-05
"p1081": 6.021364554108544E-05
"p1082": 0.0007432621871477736
"p1083": 0.0017537224263841132
"p1084": 4.139688130949625E-05
"p1085": 0.0002897781691664738
"p1086": 0.0005757929854866297
