"p1024": 0.00029730487485910944
"p1025": 6.585867481056221E-05
"p1026": 0.00014677076100639576
"p1027": 0.0002333278764717062
"p1028": 8.467543904215139E-05
"p1029": 0
"p1030": 3.7633528463178407E-06
"p1031": 7.5267056926356815E-06
"p1032": 0.004504733357042455
"p1033": 0.00019757602443168663
"p1034": 0.0033362122982607658
"p1035": 0.006627264362365717
"p1036": 0.000779014039187793
"p1037": 0
"p1038": 0.00043278557732655157
"p1039": 0.00039515204886337327
"p1040": 6.585867481056221E-05
"p1041": 7.5267056926356815E-06
"p1042": 5.456861627160869E-05
"p1043": 4.139688130949625E-05
"p1044": 2.8225146347383805E-05
"p1045": 0
"p1046": 0
"p1047": 0
"p1048": 0.000353755167553877
"p1049": 7.5267056926356815E-06
"p1050": 0.0008260559497667661
"p1051": 0.0001806409366232563
"p1052": 0.00017875926020009743
"p1053": 0
"p1054": 0.00030106822770542725
"p1055": 9.408382115794602E-06
"p1056": 0.00014677076100639576
"p1057": 5.456861627160869E-05
"p1058": 6.962202765688005E-05
"p1059": 7.150370408003896E-05
"p1060": 3.3870175616860565E-05
"p1061": 0
"p1062": 0
"p1063": 0
"p1064": 0.002051027301243223
"p1065": 0.000235209552894865
"p1066": 0.0018459245711189005
"p1067": 0.004213073511452823
"p1068": 0.000447838988711823
"p1069": 1.5053411385271363E-05
"p1070": 0.0003669269025159894
"p1071": 0.0004911175464444782
"p1072": 0.00023332787647170616
"p1073": 4.139688130949625E-05
"p1074": 7.150370408003898E-05
"p1075": 0.00017875926020009746
"p1076": 2.8225146347383805E-05
"p1077": 0
"p1078": 1.8816764231589204E-06
"p1079": 3.7633528463178407E-06
"p1080": 0.003447231207227142
"p1081": 6.585867481056221E-05
"p1082": 0.003046434129094292
"p1083": 0.0025760150233045615
"p1084": 0.0007225637464930254
"p1085": 3.7633528463178407E-06
"p1086": 0.0002897781691664738
