"p1024": 2.8225146347383805E-05
"p1025": 2.0698440654748124E-05
"p1026": 0.00022768284720222937
"p1027": 0.0002464996114338186
"p1028": 0
"p1029": 9.408382115794602E-06
"p1030": 0
"p1031": 1.3171734962112442E-05
"p1032": 1.8816764231589204E-06
"p1033": 1.8816764231589204E-06
"p1034": 0.0001561791431221904
"p1035": 0.0002069844065474812
"p1036": 3.7633528463178407E-06
"p1037": 4.704191057897301E-05
"p1038": 0.00013359902604428335
"p1039": 0.00021827446508643477
"p1040": 0
"p1041": 0
"p1042": 0
"p1043": 0
"p1044": 0
"p1045": 0
"p1046": 0
"p1047": 0
"p1048": 0
"p1049": 0
"p1050": 0
"p1051": 0
"p1052": 0
"p1053": 0
"p1054": 0
"p1055": 0
"p1056": 0.0002803697870506791
"p1057": 0.0007451438635709322
"p1058": 0.0009502465936952549
"p1059": 0.002346450499679174
"p1060": 0
"p1061": 0.00013736237889060116
"p1062": 1.1290058538953523E-05
"p1063": 0.00011101890896637629
"p1064": 0.0001204272910821709
"p1065": 0.00046289240009709436
"p1066": 0.0015824898718766523
"p1067": 0.0036730323780062124
"p1068": 8.843879188846925E-05
"p1069": 0.0004704191057897301
"p1070": 0.0009314298294636655
"p1071": 0.0024593510850687093
"p1072": 3.575185204001949E-05
"p1073": 6.209532196424438E-05
"p1074": 0.00013924405531376012
"p1075": 0.00039891540170969113
"p1076": 0
"p1077": 1.1290058538953523E-05
"p1078": 0
"p1079": 0
"p1080": 2.2580117077907045E-05
"p1081": 0.00011101890896637629
"p1082": 0.00022391949435591154
"p1083": 0.0008505177432678319
"p1084": 3.7633528463178407E-06
"p1085": 9.408382115794602E-05
"p1086": 9.972885042742278E-05
