"p1024": 3.951520488633733E-05
"p1025": 0
"p1026": 1.6935087808430282E-05
"p1027": 0
"p1028": 5.456861627160869E-05
"p1029": 1.8816764231589204E-06
"p1030": 3.3870175616860565E-05
"p1031": 9.408382115794602E-06
"p1032": 5.645029269476761E-06
"p1033": 0
"p1034": 0
"p1035": 0
"p1036": 9.408382115794602E-06
"p1037": 0
"p1038": 0
"p1039": 1.8816764231589203E-05
"p1040": 0.00022203781793275258
"p1041": 0
"p1042": 0.00021074775939379907
"p1043": 7.150370408003898E-05
"p1044": 0.00019569434800852776
"p1045": 3.7633528463178407E-06
"p1046": 0.0002521446407032953
"p1047": 9.220214473478709E-05
"p1048": 0.00011478226181269414
"p1049": 0
"p1050": 7.150370408003896E-05
"p1051": 3.7633528463178407E-06
"p1052": 0.0002464996114338186
"p1053": 0
"p1054": 0.00016558752523798497
"p1055": 4.516023415581409E-05
"p1056": 0.0007018653058382774
"p1057": 1.8816764231589203E-05
"p1058": 9.032046831162817E-05
"p1059": 0.0005249877220613389
"p1060": 0.0005475678391392458
"p1061": 0.00013359902604428333
"p1062": 0.00011854561465901199
"p1063": 0.0006679951302214167
"p1064": 0.0004214955187875982
"p1065": 0
"p1066": 4.3278557732655166E-05
"p1067": 0.00014488908458323686
"p1068": 0.00043843060659602847
"p1069": 1.1290058538953523E-05
"p1070": 3.9515204886337324E-05
"p1071": 0.0002766064342043613
"p1072": 0.0018045276898094047
"p1073": 2.2580117077907042E-05
"p1074": 0.0004139688130949626
"p1075": 0.0013792688181754882
"p1076": 0.000965300005080526
"p1077": 0.00010725555612005847
"p1078": 0.00039515204886337327
"p1079": 0.001302120084825973
"p1080": 0.0016013066361082412
"p1081": 0
"p1082": 0.00023897290574118288
"p1083": 0.0008072391855351768
"p1084": 0.001787592602000974
"p1085": 0
"p1086": 0.00019945770085484554
