"p1024": 0.0001956943480085277
"p1025": 0
"p1026": 0.0001768775837769385
"p1027": 4.3278557732655166E-05
"p1028": 0.00018440428946957422
"p1029": 3.7633528463178407E-06
"p1030": 0.00022956452362538827
"p1031": 7.33853805031979E-05
"p1032": 0.00011478226181269414
"p1033": 0
"p1034": 7.150370408003896E-05
"p1035": 3.7633528463178407E-06
"p1036": 0.0001862859658927331
"p1037": 0
"p1038": 0.00011478226181269414
"p1039": 4.516023415581409E-05
"p1040": 0
"p1041": 0
"p1042": 0
"p1043": 0
"p1044": 0
"p1045": 0
"p1046": 0
"p1047": 0
"p1048": 0
"p1049": 0
"p1050": 0
"p1051": 0
"p1052": 0
"p1053": 0
"p1054": 0
"p1055": 0
"p1056": 0.00212629435816958
"p1057": 3.387017561686056E-05
"p1058": 0.00048735419359816046
"p1059": 0.0016671653109188035
"p1060": 0.0014037306116765542
"p1061": 0.00022203781793275263
"p1062": 0.000521224369215021
"p1063": 0.0018816764231589203
"p1064": 0.0017123255450746174
"p1065": 0
"p1066": 0.0002464996114338186
"p1067": 0.0008523994196909909
"p1068": 0.0020190388020495213
"p1069": 1.1290058538953523E-05
"p1070": 0.00026907972851172564
"p1071": 0.0009370748587331423
"p1072": 0.0005231060456381798
"p1073": 7.5267056926356815E-06
"p1074": 9.596549758110493E-05
"p1075": 0.0003048315805517451
"p1076": 0.00027096140493488446
"p1077": 3.198849919370164E-05
"p1078": 0.00010537387969689954
"p1079": 0.00019757602443168663
"p1080": 0.00035563684397703593
"p1081": 0
"p1082": 3.575185204001949E-05
"p1083": 0.00010537387969689954
"p1084": 0.00032364834478333426
"p1085": 0
"p1086": 2.0698440654748124E-05
