"p1024": 1.8816764231589204E-06
"p1025": 2.8225146347383805E-05
"p1026": 1.8816764231589204E-06
"p1027": 0
"p1028": 3.7633528463178407E-06
"p1029": 2.8225146347383805E-05
"p1030": 1.8816764231589204E-06
"p1031": 4.516023415581409E-05
"p1032": 0.00021451111224011693
"p1033": 0.00022768284720222932
"p1034": 6.962202765688006E-05
"p1035": 0.00011478226181269414
"p1036": 0.00019757602443168666
"p1037": 0.00021262943581695803
"p1038": 0.00011666393823585304
"p1039": 0.00018628596589273313
"p1040": 0.00022956452362538836
"p1041": 0.0004421939594423462
"p1042": 2.6343469924224887E-05
"p1043": 4.1396881309496255E-05
"p1044": 0.00022015614150959378
"p1045": 0.0003857436667475786
"p1046": 1.3171734962112444E-05
"p1047": 0.00013171734962112445
"p1048": 0.0014319557580239385
"p1049": 0.0012306163807459338
"p1050": 0.000780895715610952
"p1051": 0.00036880857893914845
"p1052": 0.001017986944928976
"p1053": 0.0009502465936952547
"p1054": 0.0006698768066445755
"p1055": 0.0005475678391392457
"p1056": 3.7633528463178407E-05
"p1057": 0.00023709122931802397
"p1058": 5.645029269476761E-06
"p1059": 5.080526342529086E-05
"p1060": 3.7633528463178407E-05
"p1061": 0.00023520955289486507
"p1062": 7.5267056926356815E-06
"p1063": 0.00010537387969689952
"p1064": 0.0011515859709732592
"p1065": 0.0026211752574603767
"p1066": 0.00028601481632015586
"p1067": 0.0015410929905671556
"p1068": 0.0007827773920341108
"p1069": 0.001584371548299811
"p1070": 0.0002559079935496132
"p1071": 0.0016878637515735516
"p1072": 0.00018064093662325636
"p1073": 0.0007300904521856611
"p1074": 3.575185204001948E-05
"p1075": 7.526705692635681E-05
"p1076": 0.00014865243742955472
"p1077": 0.0004892358700213193
"p1078": 2.634346992422488E-05
"p1079": 0.00018252261304641532
"p1080": 0.002523328083456112
"p1081": 0.004837790083941584
"p1082": 0.0008091208619583358
"p1083": 0.0023953740866813063
"p1084": 0.0011195974717795574
"p1085": 0.0019795235971631843
"p1086": 0.0004929992228676371
