"p1024": 5.645029269476761E-06
"p1025": 0.00011666393823585305
"p1026": 0.0002446179350106596
"p1027": 0.0011195974717795574
"p1028": 2.8225146347383805E-05
"p1029": 0.0004421939594423461
"p1030": 0.00020886608297064014
"p1031": 0.0006849302180298468
"p1032": 9.972885042742278E-05
"p1033": 0.0003217666683601754
"p1034": 0.001153467647396418
"p1035": 0.0026870339322709385
"p1036": 0.0002051027301243223
"p1037": 0.0003481101382844003
"p1038": 0.0008561627725373088
"p1039": 0.0020002220378179314
"p1040": 0
"p1041": 0
"p1042": 0
"p1043": 0
"p1044": 0
"p1045": 0
"p1046": 0
"p1047": 0
"p1048": 0
"p1049": 0
"p1050": 0
"p1051": 0
"p1052": 0
"p1053": 0
"p1054": 0
"p1055": 0
"p1056": 0
"p1057": 5.456861627160869E-05
"p1058": 3.9515204886337324E-05
"p1059": 0.0003104766098212219
"p1060": 1.8816764231589204E-06
"p1061": 0.0002352095528948651
"p1062": 5.833196911792653E-05
"p1063": 0.00032741169762965207
"p1064": 2.2580117077907045E-05
"p1065": 0.00017123255450746173
"p1066": 0.00037633528463178407
"p1067": 0.0009615366522342082
"p1068": 0.00012042729108217089
"p1069": 0.0004083237838254858
"p1070": 0.00026907972851172564
"p1071": 0.00099352515142791
"p1072": 0
"p1073": 1.3171734962112444E-05
"p1074": 9.032046831162817E-05
"p1075": 0.00035375516755387705
"p1076": 3.7633528463178407E-06
"p1077": 0.00012795399677480656
"p1078": 6.585867481056221E-05
"p1079": 0.00015806081954534932
"p1080": 2.2580117077907045E-05
"p1081": 0.00012042729108217089
"p1082": 0.00043466725374971066
"p1083": 0.0010575021498153132
"p1084": 6.774035123372114E-05
"p1085": 8.655711546531033E-05
"p1086": 0.0003349384033222878
