"p1024": 3.7633528463178407E-06
"p1025": 0
"p1026": 0.0003725719317854662
"p1027": 4.139688130949625E-05
"p1028": 2.8225146347383805E-05
"p1029": 0
"p1030": 0.00041396881309496247
"p1031": 5.456861627160869E-05
"p1032": 1.8816764231589204E-06
"p1033": 0
"p1034": 0.00018628596589273313
"p1035": 1.8816764231589204E-06
"p1036": 4.516023415581409E-05
"p1037": 0
"p1038": 0.00030106822770542725
"p1039": 0
"p1040": 0
"p1041": 0
"p1042": 0
"p1043": 0
"p1044": 0
"p1045": 0
"p1046": 0
"p1047": 0
"p1048": 0
"p1049": 0
"p1050": 0
"p1051": 0
"p1052": 0
"p1053": 0
"p1054": 0
"p1055": 0
"p1056": 0.00043654893017286954
"p1057": 2.0698440654748124E-05
"p1058": 0.0025797783761508796
"p1059": 0.0012870666734407011
"p1060": 0.0007451438635709322
"p1061": 0.00012983567319796555
"p1062": 0.0018835580995820794
"p1063": 0.0014978144328345008
"p1064": 9.032046831162817E-05
"p1065": 0
"p1066": 0.001953180127238959
"p1067": 0.0007526705692635681
"p1068": 0.00038386199032441984
"p1069": 0
"p1070": 0.002288118530561247
"p1071": 0.0005720296326403118
"p1072": 8.279376261899248E-05
"p1073": 0
"p1074": 0.0006153081903729669
"p1075": 0.0002163927886632758
"p1076": 7.903040977267465E-05
"p1077": 0
"p1078": 0.0003612818732465127
"p1079": 0.0001900493187390509
"p1080": 1.1290058538953523E-05
"p1081": 0
"p1082": 0.00039138869601705546
"p1083": 9.032046831162817E-05
"p1084": 0.00010537387969689952
"p1085": 0
"p1086": 0.00034434678543808234
