"p1024": 0.0007620789513793628
"p1025": 0.0015241579027587254
"p1026": 0.00021639278866327584
"p1027": 0.0011741660880511665
"p1028": 0.0006567050716824632
"p1029": 0.0011421775888574644
"p1030": 0.00022956452362538827
"p1031": 0.0013773871417523298
"p1032": 0.000378216961054943
"p1033": 0.0009163764180783944
"p1034": 5.45686162716087E-05
"p1035": 0.00022580117077907047
"p1036": 0.00010913723254321738
"p1037": 0.0002897781691664737
"p1038": 1.5053411385271365E-05
"p1039": 0.0001580608195453493
"p1040": 0.0017763025434620206
"p1041": 0.0028093428997762685
"p1042": 0.0007093920115309129
"p1043": 0.0017838292491546568
"p1044": 0.0011007807075479683
"p1045": 0.0014695892864871165
"p1046": 0.0005626212505245172
"p1047": 0.00158625322472297
"p1048": 0.0012626048799396358
"p1049": 0.002399137439527624
"p1050": 0.00033117505047597004
"p1051": 0.0006529417188361455
"p1052": 0.000521224369215021
"p1053": 0.001151585970973259
"p1054": 4.8923587002131926E-05
"p1055": 0.00026719805208856676
"p1056": 0.00015053411385271363
"p1057": 0.0003236483447833343
"p1058": 3.7633528463178407E-05
"p1059": 0.00023144620004854723
"p1060": 0.0001373623788906012
"p1061": 0.00031612163909069865
"p1062": 4.139688130949625E-05
"p1063": 0.0003424651090149235
"p1064": 5.080526342529085E-05
"p1065": 0.00011290058538953522
"p1066": 5.645029269476761E-06
"p1067": 1.1290058538953523E-05
"p1068": 1.6935087808430282E-05
"p1069": 7.33853805031979E-05
"p1070": 1.8816764231589204E-06
"p1071": 1.5053411385271363E-05
"p1072": 0.0006924569237224828
"p1073": 0.0008411093611520376
"p1074": 0.000472300782212889
"p1075": 0.00031423996266753966
"p1076": 0.0006717584830677346
"p1077": 0.0007150370408003897
"p1078": 0.0005833196911792654
"p1079": 0.00045348401798129986
"p1080": 0.00040456043097916787
"p1081": 0.0006228348960656026
"p1082": 0.00018440428946957417
"p1083": 5.268693984844976E-05
"p1084": 0.00017311423093062066
"p1085": 0.00041208713667180354
"p1086": 5.833196911792653E-05
