"p1024": 0.00016935087808430283
"p1025": 0.0001956943480085277
"p1026": 4.704191057897301E-05
"p1027": 3.7633528463178407E-06
"p1028": 0.0001825226130464153
"p1029": 0.00018816764231589206
"p1030": 7.33853805031979E-05
"p1031": 4.7041910578973015E-05
"p1032": 6.962202765688005E-05
"p1033": 0.00011478226181269414
"p1034": 1.8816764231589204E-06
"p1035": 3.7633528463178407E-06
"p1036": 0.00011478226181269414
"p1037": 0.0001862859658927331
"p1038": 0
"p1039": 4.516023415581409E-05
"p1040": 0
"p1041": 0
"p1042": 0
"p1043": 0
"p1044": 0
"p1045": 0
"p1046": 0
"p1047": 0
"p1048": 0
"p1049": 0
"p1050": 0
"p1051": 0
"p1052": 0
"p1053": 0
"p1054": 0
"p1055": 0
"p1056": 0.0009747083871963207
"p1057": 0.002325752059024426
"p1058": 0.0001712325545074618
"p1059": 0.0007282087757625021
"p1060": 0.000780895715610952
"p1061": 0.0017838292491546566
"p1062": 0.00020886608297064017
"p1063": 0.0011647577059353716
"p1064": 0.000684930218029847
"p1065": 0.0017951193076936097
"p1066": 7.714873334951573E-05
"p1067": 0.00019193099516220984
"p1068": 0.0006077814846803313
"p1069": 0.002069844065474812
"p1070": 5.268693984844977E-05
"p1071": 0.000472300782212889
"p1072": 0.00018816764231589203
"p1073": 0.0005927280732950598
"p1074": 1.5053411385271363E-05
"p1075": 0.00014300740816007796
"p1076": 0.00012419064392848875
"p1077": 0.0003481101382844003
"p1078": 3.010682277054273E-05
"p1079": 0.0001016105268505817
"p1080": 7.33853805031979E-05
"p1081": 0.00038950701959389653
"p1082": 3.7633528463178407E-06
"p1083": 2.6343469924224887E-05
"p1084": 6.585867481056221E-05
"p1085": 0.0003405834325917645
"p1086": 3.7633528463178407E-06
