"p1024": 2.0698440654748124E-05
"p1025": 0
"p1026": 0.000447838988711823
"p1027": 5.456861627160869E-05
"p1028": 9.408382115794602E-06
"p1029": 0
"p1030": 1.3171734962112442E-05
"p1031": 0
"p1032": 1.8816764231589204E-06
"p1033": 0
"p1034": 0.00036316354966967166
"p1035": 1.8816764231589204E-06
"p1036": 4.704191057897301E-05
"p1037": 0
"p1038": 0.0003518734911307181
"p1039": 3.7633528463178407E-06
"p1040": 0
"p1041": 0
"p1042": 0
"p1043": 0
"p1044": 0
"p1045": 0
"p1046": 0
"p1047": 0
"p1048": 0
"p1049": 0
"p1050": 0
"p1051": 0
"p1052": 0
"p1053": 0
"p1054": 0
"p1055": 0
"p1056": 0.0006153081903729669
"p1057": 0.00012983567319796555
"p1058": 0.0022109697972117317
"p1059": 0.0014620625807944812
"p1060": 0.00013736237889060116
"p1061": 0
"p1062": 0.00011478226181269412
"p1063": 7.5267056926356815E-06
"p1064": 0.0004459573122886641
"p1065": 1.6935087808430282E-05
"p1066": 0.0037746429048567945
"p1067": 0.0017574857792304315
"p1068": 0.0004666557529434123
"p1069": 3.7633528463178407E-06
"p1070": 0.002591068434689834
"p1071": 0.0009314298294636653
"p1072": 6.209532196424438E-05
"p1073": 0
"p1074": 0.0003970337252865322
"p1075": 0.00017875926020009743
"p1076": 1.1290058538953523E-05
"p1077": 0
"p1078": 0
"p1079": 0
"p1080": 0.00011101890896637629
"p1081": 0
"p1082": 0.0008241742733436071
"p1083": 0.0002935415220127916
"p1084": 9.408382115794602E-05
"p1085": 0
"p1086": 0.00046289240009709436
