"p1024": 3.7633528463178407E-06
"p1025": 9.032046831162817E-05
"p1026": 0.0001844042894695742
"p1027": 0.0006209532196424436
"p1028": 2.0698440654748124E-05
"p1029": 0.0003085949333980628
"p1030": 0.00015053411385271363
"p1031": 0.0003594001968233537
"p1032": 0.0003123582862443808
"p1033": 0.0006567050716824634
"p1034": 0.0027416025485425474
"p1035": 0.005308209189731316
"p1036": 0.0003180033155138575
"p1037": 0.0005889647204487421
"p1038": 0.001300238408402814
"p1039": 0.002591068434689834
"p1040": 1.8816764231589204E-06
"p1041": 3.7633528463178407E-06
"p1042": 7.903040977267465E-05
"p1043": 9.596549758110493E-05
"p1044": 1.3171734962112439E-05
"p1045": 6.021364554108543E-05
"p1046": 6.209532196424438E-05
"p1047": 8.467543904215141E-05
"p1048": 4.327855773265517E-05
"p1049": 3.7633528463178407E-05
"p1050": 0.0006435333367203508
"p1051": 0.0002747247577812024
"p1052": 9.972885042742274E-05
"p1053": 6.0213645541085445E-05
"p1054": 0.00031612163909069865
"p1055": 0.00020698440654748124
"p1056": 0
"p1057": 5.456861627160869E-05
"p1058": 3.387017561686057E-05
"p1059": 0.00018440428946957417
"p1060": 1.8816764231589204E-06
"p1061": 0.0001825226130464153
"p1062": 5.268693984844976E-05
"p1063": 0.00021262943581695803
"p1064": 0.00018440428946957417
"p1065": 0.0004421939594423463
"p1066": 0.0009596549758110493
"p1067": 0.002681388903001462
"p1068": 0.0003688085789391484
"p1069": 0.0008561627725373089
"p1070": 0.0007300904521856611
"p1071": 0.002365267263910763
"p1072": 1.8816764231589203E-05
"p1073": 5.456861627160869E-05
"p1074": 0.00015994249596850823
"p1075": 0.00042714054805707494
"p1076": 4.704191057897301E-05
"p1077": 0.00018440428946957422
"p1078": 0.00012042729108217092
"p1079": 0.00021262943581695803
"p1080": 0.00023144620004854718
"p1081": 0.00034058343259176464
"p1082": 0.0021940347094033014
"p1083": 0.0030088006006311137
"p1084": 0.00028977816916647367
"p1085": 0.0003029499041285862
"p1086": 0.0012682499092091125
