"p1024": 0.0010988990311248093
"p1025": 0.00015053411385271363
"p1026": 0.0008843879188846926
"p1027": 0.002188389680133824
"p1028": 3.7633528463178407E-05
"p1029": 2.6343469924224887E-05
"p1030": 1.8816764231589204E-06
"p1031": 3.7633528463178407E-06
"p1032": 0.0033437390039534015
"p1033": 4.704191057897301E-05
"p1034": 0.002321988706178107
"p1035": 0.00444451971150137
"p1036": 0.0010405670620068825
"p1037": 0
"p1038": 0.0005325144277539745
"p1039": 0.000636006631027715
"p1040": 0.00015053411385271363
"p1041": 7.5267056926356815E-06
"p1042": 0.00028789649274331484
"p1043": 8.091208619583358E-05
"p1044": 1.1290058538953523E-05
"p1045": 3.7633528463178407E-06
"p1046": 0
"p1047": 0
"p1048": 0.0001674692016611439
"p1049": 0
"p1050": 0.0005268693984844977
"p1051": 6.774035123372113E-05
"p1052": 0.00022015614150959365
"p1053": 0
"p1054": 0.00034246510901492347
"p1055": 3.3870175616860565E-05
"p1056": 0.0009897617985815922
"p1057": 0.00022015614150959365
"p1058": 0.0007733690099183164
"p1059": 0.0022034430915190955
"p1060": 2.4461793501065963E-05
"p1061": 1.6935087808430282E-05
"p1062": 1.8816764231589204E-06
"p1063": 3.7633528463178407E-06
"p1064": 0.0010518571205458366
"p1065": 1.5053411385271363E-05
"p1066": 0.0010518571205458363
"p1067": 0.0020002220378179322
"p1068": 0.000570147956217153
"p1069": 1.5053411385271363E-05
"p1070": 0.00039891540170969113
"p1071": 0.0005889647204487421
"p1072": 0.0010273953270447703
"p1073": 5.080526342529084E-05
"p1074": 0.0012306163807459338
"p1075": 0.0008730978603457389
"p1076": 1.6935087808430282E-05
"p1077": 2.0698440654748124E-05
"p1078": 1.8816764231589204E-06
"p1079": 3.7633528463178407E-06
"p1080": 0.0024649961143381853
"p1081": 1.5053411385271363E-05
"p1082": 0.001889203128851556
"p1083": 0.0016728103401882797
"p1084": 0.0009615366522342084
"p1085": 3.7633528463178407E-06
"p1086": 0.0004440756358655052
