"p1024": 0.00021827446508643477
"p1025": 1.3171734962112442E-05
"p1026": 0.00020510273012432228
"p1027": 0.00021451111224011693
"p1028": 0
"p1029": 3.7633528463178407E-06
"p1030": 0
"p1031": 0
"p1032": 0.00022956452362538827
"p1033": 0
"p1034": 0.0001580608195453493
"p1035": 0.00013736237889060116
"p1036": 7.33853805031979E-05
"p1037": 0
"p1038": 3.7633528463178407E-06
"p1039": 5.080526342529085E-05
"p1040": 0.0008712161839225798
"p1041": 3.198849919370165E-05
"p1042": 0.0013867955238681241
"p1043": 0.0006962202765688004
"p1044": 3.9515204886337324E-05
"p1045": 2.4461793501065963E-05
"p1046": 1.8816764231589204E-06
"p1047": 3.7633528463178407E-06
"p1048": 0.001326581878327039
"p1049": 1.8816764231589204E-06
"p1050": 0.001979523597163184
"p1051": 0.0006774035123372112
"p1052": 0.0007940674505730641
"p1053": 3.7633528463178407E-06
"p1054": 0.0008204109204972892
"p1055": 0.0002991865512822684
"p1056": 0.0010951356782784914
"p1057": 0.00023709122931802392
"p1058": 0.0006040181318340134
"p1059": 0.0021883896801338245
"p1060": 1.6935087808430282E-05
"p1061": 2.0698440654748124E-05
"p1062": 1.8816764231589204E-06
"p1063": 3.7633528463178407E-06
"p1064": 0.0019494167743926414
"p1065": 2.82251463473838E-05
"p1066": 0.0008655711546531031
"p1067": 0.0022297865614433207
"p1068": 0.0007507888928404093
"p1069": 1.5053411385271363E-05
"p1070": 0.00024461793501065964
"p1071": 0.0005042892814065906
"p1072": 0.001200509557975391
"p1073": 0.00014677076100639576
"p1074": 0.0010556204733921542
"p1075": 0.002425480909451848
"p1076": 4.516023415581409E-05
"p1077": 2.4461793501065963E-05
"p1078": 1.8816764231589204E-06
"p1079": 3.7633528463178407E-06
"p1080": 0.0036241087910040817
"p1081": 4.704191057897301E-05
"p1082": 0.0028921366623952606
"p1083": 0.005172728487263871
"p1084": 0.0013247002019038797
"p1085": 0
"p1086": 0.0008072391855351768
