"p1024": 9.596549758110495E-05
"p1025": 0
"p1026": 0.0012080362636680267
"p1027": 0.00021074775939379907
"p1028": 0.0003725719317854662
"p1029": 0
"p1030": 0.00081852924407413
"p1031": 0.0001731142309306207
"p1032": 0.00031047660982122185
"p1033": 1.1290058538953523E-05
"p1034": 0.002743484224965706
"p1035": 0.0013040017612491316
"p1036": 0.00029165984558963265
"p1037": 5.64502926947676E-05
"p1038": 0.0019889319792789784
"p1039": 0.0011779294408974842
"p1040": 0
"p1041": 0
"p1042": 0
"p1043": 0
"p1044": 0
"p1045": 0
"p1046": 0
"p1047": 0
"p1048": 0
"p1049": 0
"p1050": 0
"p1051": 0
"p1052": 0
"p1053": 0
"p1054": 0
"p1055": 0
"p1056": 3.7633528463178407E-05
"p1057": 0
"p1058": 0.000333056726899129
"p1059": 3.387017561686057E-05
"p1060": 0.0001825226130464153
"p1061": 0
"p1062": 0.0003895070195938964
"p1063": 5.080526342529084E-05
"p1064": 0.00016182417239166713
"p1065": 9.408382115794602E-06
"p1066": 0.0009314298294636655
"p1067": 0.0004553656944044588
"p1068": 0.0003349384033222878
"p1069": 7.338538050319788E-05
"p1070": 0.0008787428896152158
"p1071": 0.0005212243692150209
"p1072": 1.3171734962112444E-05
"p1073": 0
"p1074": 0.0003913886960170555
"p1075": 5.8331969117926534E-05
"p1076": 0.00011854561465901196
"p1077": 0
"p1078": 0.00020133937727800447
"p1079": 3.575185204001949E-05
"p1080": 0.00012042729108217089
"p1081": 0
"p1082": 0.0012588415270933177
"p1083": 0.00026343469924224885
"p1084": 8.655711546531033E-05
"p1085": 0
"p1086": 0.0009878801221584331
