"p1024": 0.0013397536132891512
"p1025": 0.002320107029754949
"p1026": 0.0004779458114823658
"p1027": 0.00158625322472297
"p1028": 0.0008825062424615337
"p1029": 0.00127201326205543
"p1030": 0.0004346672537497106
"p1031": 0.0014695892864871167
"p1032": 0.0010048152099668636
"p1033": 0.0020491456248200642
"p1034": 0.0002333278764717061
"p1035": 0.0005569762212550406
"p1036": 0.00030671325697490405
"p1037": 0.0008166475676509714
"p1038": 4.8923587002131926E-05
"p1039": 0.0002502629642801365
"p1040": 0.0003161216390906986
"p1041": 0.0001956943480085277
"p1042": 0.00016935087808430283
"p1043": 6.774035123372113E-05
"p1044": 0.00018816764231589203
"p1045": 9.784717400426385E-05
"p1046": 0.00010725555612005845
"p1047": 8.091208619583358E-05
"p1048": 0.00013548070246744226
"p1049": 7.33853805031979E-05
"p1050": 5.080526342529086E-05
"p1051": 0
"p1052": 0.00013548070246744223
"p1053": 0.0001637058488148261
"p1054": 0
"p1055": 3.3870175616860565E-05
"p1056": 0.0005513311919855637
"p1057": 0.001322818525480721
"p1058": 0.0002709614049348845
"p1059": 0.0011948645287059145
"p1060": 0.0006567050716824633
"p1061": 0.0013623337303670584
"p1062": 0.0003236483447833343
"p1063": 0.0017085621922282995
"p1064": 0.00025214464070329537
"p1065": 0.000641651660297192
"p1066": 7.714873334951574E-05
"p1067": 0.00023897290574118293
"p1068": 0.00013548070246744229
"p1069": 0.0003424651090149235
"p1070": 1.1290058538953523E-05
"p1071": 9.408382115794602E-05
"p1072": 0.001177929440897484
"p1073": 0.001765012484923067
"p1074": 0.0005400411334466101
"p1075": 0.000684930218029847
"p1076": 0.0008523994196909909
"p1077": 0.0010349220327374063
"p1078": 0.0005927280732950598
"p1079": 0.0005626212505245172
"p1080": 0.0007037469822614362
"p1081": 0.0013096467905186085
"p1082": 0.0002145111122401169
"p1083": 0.0001467707610063958
"p1084": 0.0002427362585875007
"p1085": 0.0006040181318340135
"p1086": 6.39769983874033E-05
