"p1024": 5.080526342529085E-05
"p1025": 0
"p1026": 2.2580117077907045E-05
"p1027": 5.645029269476761E-06
"p1028": 0
"p1029": 0
"p1030": 0
"p1031": 0
"p1032": 0.00011290058538953522
"p1033": 2.2580117077907045E-05
"p1034": 0.0007507888928404091
"p1035": 0.0002107477593937991
"p1036": 1.1290058538953523E-05
"p1037": 0
"p1038": 6.774035123372113E-05
"p1039": 3.7633528463178407E-06
"p1040": 0.00022015614150959365
"p1041": 0
"p1042": 0.0004610107236739353
"p1043": 0.00010913723254321737
"p1044": 0
"p1045": 0
"p1046": 8.655711546531035E-05
"p1047": 3.7633528463178407E-06
"p1048": 0.00040644210740232664
"p1049": 6.397699838740328E-05
"p1050": 0.005558472154011451
"p1051": 0.0010687922083542664
"p1052": 0.00010349220327374062
"p1053": 3.7633528463178407E-06
"p1054": 0.0012287347043227754
"p1055": 0.00012607232035164768
"p1056": 0.00017499590735377957
"p1057": 0
"p1058": 0.00024085458216434183
"p1059": 2.0698440654748124E-05
"p1060": 0
"p1061": 0
"p1062": 1.1290058538953523E-05
"p1063": 0
"p1064": 0.0010123419156594991
"p1065": 0.0002201561415095937
"p1066": 0.004260115422031795
"p1067": 0.0033587924153386734
"p1068": 0.0002747247577812024
"p1069": 1.1290058538953523E-05
"p1070": 0.000803475832688859
"p1071": 0.00047041910578973003
"p1072": 0.0002540263171264542
"p1073": 0
"p1074": 0.0005569762212550403
"p1075": 6.397699838740328E-05
"p1076": 0
"p1077": 0
"p1078": 0.00011101890896637629
"p1079": 7.5267056926356815E-06
"p1080": 0.0011158341189332396
"p1081": 0.0001731142309306207
"p1082": 0.008860814276655356
"p1083": 0.006777798476218429
"p1084": 0.00017311423093062066
"p1085": 0
"p1086": 0.0017763025434620215
