"p1024": 0.00016935087808430283
"p1025": 0.000566384603370835
"p1026": 1.8816764231589203E-05
"p1027": 0.00039515204886337327
"p1028": 5.645029269476761E-06
"p1029": 4.892358700213193E-05
"p1030": 0
"p1031": 0
"p1032": 0.00020133937727800447
"p1033": 0.0008411093611520372
"p1034": 1.3171734962112444E-05
"p1035": 0.0002954231984359505
"p1036": 0.00011666393823585305
"p1037": 0.0005419228098697691
"p1038": 9.408382115794602E-06
"p1039": 0.00020322105370116343
"p1040": 0.0006435333367203508
"p1041": 0.0014037306116765544
"p1042": 0.00017875926020009743
"p1043": 0.0007244454229161843
"p1044": 5.645029269476761E-06
"p1045": 0.00012042729108217092
"p1046": 0
"p1047": 0
"p1048": 0.001345398642558628
"p1049": 0.0030031555713616372
"p1050": 0.00019193099516220984
"p1051": 0.0006642317773750989
"p1052": 0.0007432621871477736
"p1053": 0.0019644701857779124
"p1054": 8.467543904215141E-05
"p1055": 0.0003650452260928306
"p1056": 3.7633528463178407E-05
"p1057": 0.00017875926020009743
"p1058": 1.8816764231589204E-06
"p1059": 0.0001016105268505817
"p1060": 0
"p1061": 0
"p1062": 0
"p1063": 0
"p1064": 3.010682277054273E-05
"p1065": 0.0001486524374295547
"p1066": 0
"p1067": 3.7633528463178407E-05
"p1068": 3.575185204001949E-05
"p1069": 0.00012607232035164766
"p1070": 0
"p1071": 3.3870175616860565E-05
"p1072": 0.0001693508780843028
"p1073": 0.00028413313989699703
"p1074": 6.021364554108545E-05
"p1075": 6.585867481056221E-05
"p1076": 0
"p1077": 5.645029269476761E-06
"p1078": 0
"p1079": 0
"p1080": 0.0002521446407032953
"p1081": 0.0003631635496696716
"p1082": 1.5053411385271363E-05
"p1083": 4.139688130949625E-05
"p1084": 0.000165587525237985
"p1085": 0.00027660643420436126
"p1086": 5.645029269476761E-06
