"p1024": 3.7633528463178407E-06
"p1025": 5.268693984844977E-05
"p1026": 3.7633528463178407E-06
"p1027": 1.8816764231589203E-05
"p1028": 0
"p1029": 0
"p1030": 0
"p1031": 0
"p1032": 0.00013359902604428335
"p1033": 0.00012419064392848875
"p1034": 0.00040644210740232686
"p1035": 0.0005306327513308156
"p1036": 1.1290058538953523E-05
"p1037": 1.1290058538953523E-05
"p1038": 4.3278557732655166E-05
"p1039": 5.456861627160869E-05
"p1040": 5.268693984844977E-05
"p1041": 0.0002295645236253882
"p1042": 0.00021262943581695808
"p1043": 0.00029542319843595046
"p1044": 0
"p1045": 0
"p1046": 5.645029269476761E-06
"p1047": 8.467543904215141E-05
"p1048": 0.0005475678391392456
"p1049": 0.0004346672537497104
"p1050": 0.0031875598608312114
"p1051": 0.0025421448476877022
"p1052": 0.00010537387969689952
"p1053": 0.00010349220327374062
"p1054": 0.0006021364554108545
"p1055": 0.0005739113090634706
"p1056": 3.7633528463178407E-06
"p1057": 0.00021262943581695803
"p1058": 4.516023415581409E-05
"p1059": 0.0001749959073537796
"p1060": 0
"p1061": 0
"p1062": 0
"p1063": 1.1290058538953523E-05
"p1064": 0.0004610107236739354
"p1065": 0.0012324980571690924
"p1066": 0.001941890068700006
"p1067": 0.005336434336078699
"p1068": 9.408382115794602E-05
"p1069": 0.0003029499041285862
"p1070": 0.0003142399626675397
"p1071": 0.0008862695953078514
"p1072": 1.8816764231589203E-05
"p1073": 0.0002954231984359504
"p1074": 0.0001749959073537796
"p1075": 0.0003857436667475786
"p1076": 0
"p1077": 0
"p1078": 1.1290058538953523E-05
"p1079": 0.00010725555612005845
"p1080": 0.0006265982489119205
"p1081": 0.0012964750555564957
"p1082": 0.004555538620467746
"p1083": 0.009493057554836752
"p1084": 6.774035123372113E-05
"p1085": 0.00018816764231589203
"p1086": 0.0007884224213035874
