"p1024": 2.0698440654748124E-05
"p1025": 5.268693984844977E-05
"p1026": 0.00020133937727800455
"p1027": 0.00038009863747810193
"p1028": 5.268693984844977E-05
"p1029": 0.0002295645236253882
"p1030": 0.00017499590735377962
"p1031": 0.00027660643420436126
"p1032": 0.00020133937727800455
"p1033": 0.00017499590735377962
"p1034": 0.001672810340188281
"p1035": 0.0012362614100154107
"p1036": 0.00038009863747810193
"p1037": 0.0002766064342043613
"p1038": 0.0012362614100154107
"p1039": 0.0011271241774721934
"p1040": 0
"p1041": 0
"p1042": 0
"p1043": 0
"p1044": 0
"p1045": 0
"p1046": 0
"p1047": 0
"p1048": 0
"p1049": 0
"p1050": 0
"p1051": 0
"p1052": 0
"p1053": 0
"p1054": 0
"p1055": 0
"p1056": 3.7633528463178407E-06
"p1057": 0.0001448890845832369
"p1058": 0.00026155302281908997
"p1059": 0.0008749795367688978
"p1060": 2.4461793501065966E-05
"p1061": 0.000492999222867637
"p1062": 0.0002408545821643419
"p1063": 0.0006360066310277148
"p1064": 0.0004572473708276177
"p1065": 0.001081963943316379
"p1066": 0.003908241930901077
"p1067": 0.008008414856964366
"p1068": 0.0007037469822614361
"p1069": 0.0014564175515250043
"p1070": 0.002178981298018029
"p1071": 0.005050419519758544
"p1072": 0
"p1073": 1.1290058538953523E-05
"p1074": 4.516023415581409E-05
"p1075": 0.00019757602443168663
"p1076": 5.645029269476761E-06
"p1077": 0.00010913723254321736
"p1078": 2.0698440654748124E-05
"p1079": 5.268693984844976E-05
"p1080": 0.00011666393823585305
"p1081": 0.0002747247577812024
"p1082": 0.0011948645287059145
"p1083": 0.0022090881207885724
"p1084": 0.00010161052685058169
"p1085": 0.0001731142309306207
"p1086": 0.000543804486292928
