"p1024": 3.198849919370165E-05
"p1025": 0.0002051027301243223
"p1026": 5.645029269476761E-06
"p1027": 5.080526342529086E-05
"p1028": 3.387017561686057E-05
"p1029": 0.00021262943581695803
"p1030": 5.645029269476761E-06
"p1031": 0.00010725555612005845
"p1032": 0.0010800822668932202
"p1033": 0.0022881185305612477
"p1034": 0.000259671346395931
"p1035": 0.0013773871417523298
"p1036": 0.0006774035123372112
"p1037": 0.0012550781742469996
"p1038": 0.00023144620004854718
"p1039": 0.0013886772002912832
"p1040": 0.00025778966997277216
"p1041": 0.0008128842148046535
"p1042": 3.3870175616860565E-05
"p1043": 7.526705692635681E-05
"p1044": 0.00021262943581695806
"p1045": 0.0005776746619097883
"p1046": 2.634346992422488E-05
"p1047": 0.00020886608297064022
"p1048": 0.00287520157458683
"p1049": 0.004841553436787903
"p1050": 0.001017986944928976
"p1051": 0.0024123091744897365
"p1052": 0.0013077651140954495
"p1053": 0.0020340922134347928
"p1054": 0.0005852013676024242
"p1055": 0.0015975432832619233
"p1056": 5.645029269476761E-06
"p1057": 3.198849919370165E-05
"p1058": 0
"p1059": 0
"p1060": 5.645029269476761E-06
"p1061": 2.634346992422488E-05
"p1062": 1.8816764231589204E-06
"p1063": 1.5053411385271363E-05
"p1064": 0.00020133937727800447
"p1065": 0.0004196138423644393
"p1066": 4.3278557732655166E-05
"p1067": 0.0002427362585875008
"p1068": 0.00014300740816007796
"p1069": 0.0003481101382844002
"p1070": 4.139688130949625E-05
"p1071": 0.0003424651090149235
"p1072": 0.0001034922032737406
"p1073": 0.00026343469924224885
"p1074": 3.010682277054273E-05
"p1075": 4.1396881309496255E-05
"p1076": 0.00010725555612005844
"p1077": 0.00020886608297064022
"p1078": 1.5053411385271363E-05
"p1079": 8.279376261899248E-05
"p1080": 0.0009502465936952547
"p1081": 0.001181692793743802
"p1082": 0.0006077814846803312
"p1083": 0.0003481101382844002
"p1084": 0.0007131553643772307
"p1085": 0.0009088497123857584
"p1086": 0.0005983731025645366
