"p1024": 0.0002973048748591094
"p1025": 0.0005757929854866296
"p1026": 0.0011628760295122127
"p1027": 0.0022467216492517506
"p1028": 0
"p1029": 5.456861627160869E-05
"p1030": 5.645029269476761E-06
"p1031": 3.7633528463178407E-05
"p1032": 0.0003180033155138575
"p1033": 0.0006567050716824634
"p1034": 0.002926006838012121
"p1035": 0.005795563383329477
"p1036": 8.091208619583357E-05
"p1037": 0.00029354152201279153
"p1038": 0.0007169187172235488
"p1039": 0.001364215406790217
"p1040": 8.091208619583358E-05
"p1041": 5.456861627160869E-05
"p1042": 0.00025402631712645424
"p1043": 0.00017311423093062066
"p1044": 0
"p1045": 1.3171734962112439E-05
"p1046": 0
"p1047": 1.1290058538953523E-05
"p1048": 5.2686939848449775E-05
"p1049": 4.139688130949625E-05
"p1050": 0.0004704191057897301
"p1051": 0.00020133937727800444
"p1052": 9.408382115794602E-06
"p1053": 3.7633528463178407E-05
"p1054": 0.00031988499193701646
"p1055": 0.00022015614150959365
"p1056": 0.00033493840332228785
"p1057": 0.0008128842148046535
"p1058": 0.000684930218029847
"p1059": 0.0022147331500580493
"p1060": 0
"p1061": 4.139688130949625E-05
"p1062": 5.645029269476761E-06
"p1063": 2.4461793501065963E-05
"p1064": 0.00012230896750532982
"p1065": 0.00022015614150959367
"p1066": 0.0007489072164172503
"p1067": 0.002346450499679174
"p1068": 0.00013548070246744226
"p1069": 0.0003443467854380824
"p1070": 0.0004346672537497105
"p1071": 0.0009558916229647315
"p1072": 0.00027660643420436126
"p1073": 0.00029354152201279164
"p1074": 0.0011986278815522323
"p1075": 0.0013642154067902172
"p1076": 0
"p1077": 3.7633528463178407E-05
"p1078": 5.645029269476761E-06
"p1079": 1.6935087808430282E-05
"p1080": 0.00020133937727800444
"p1081": 0.000333056726899129
"p1082": 0.002252366678521228
"p1083": 0.0031160561567511722
"p1084": 0.00011290058538953519
"p1085": 0.0001862859658927331
"p1086": 0.0006190715432192848
