"p1024": 0.0001844042894695742
"p1025": 0.000353755167553877
"p1026": 0.0006924569237224828
"p1027": 0.001484642697872388
"p1028": 0
"p1029": 8.091208619583358E-05
"p1030": 5.645029269476761E-06
"p1031": 6.585867481056221E-05
"p1032": 9.596549758110495E-05
"p1033": 0.00034622846186124133
"p1034": 0.0013303452311733566
"p1035": 0.002976812101437412
"p1036": 6.39769983874033E-05
"p1037": 0.00027660643420436136
"p1038": 0.0006021364554108545
"p1039": 0.001591898253992446
"p1040": 0
"p1041": 0
"p1042": 0
"p1043": 0
"p1044": 0
"p1045": 0
"p1046": 0
"p1047": 0
"p1048": 0
"p1049": 0
"p1050": 0
"p1051": 0
"p1052": 0
"p1053": 0
"p1054": 0
"p1055": 0
"p1056": 9.596549758110495E-05
"p1057": 0.00039138869601705546
"p1058": 0.00022768284720222937
"p1059": 0.0008392276847288785
"p1060": 0
"p1061": 5.2686939848449775E-05
"p1062": 5.645029269476761E-06
"p1063": 4.139688130949625E-05
"p1064": 2.4461793501065966E-05
"p1065": 0.00012795399677480656
"p1066": 0.0002521446407032953
"p1067": 0.0006962202765688006
"p1068": 2.4461793501065963E-05
"p1069": 0.0002051027301243223
"p1070": 0.0002784881106275202
"p1071": 0.0008072391855351766
"p1072": 6.39769983874033E-05
"p1073": 8.091208619583357E-05
"p1074": 0.0002728430813580435
"p1075": 0.0006002547789876957
"p1076": 0
"p1077": 9.408382115794602E-06
"p1078": 0
"p1079": 5.645029269476761E-06
"p1080": 2.4461793501065963E-05
"p1081": 0.00013548070246744226
"p1082": 0.0004534840179812998
"p1083": 0.001104544060394286
"p1084": 7.5267056926356815E-06
"p1085": 0.00011290058538953519
"p1086": 0.0002615530228190899
