"p1024": 0.00018252261304641535
"p1025": 0.0002991865512822683
"p1026": 1.3171734962112444E-05
"p1027": 0.00013171734962112445
"p1028": 5.645029269476761E-06
"p1029": 6.209532196424436E-05
"p1030": 0
"p1031": 0
"p1032": 0.002081134124013767
"p1033": 0.0020077487435105684
"p1034": 0.0012212079986301393
"p1035": 0.0009013230066931225
"p1036": 0.00033117505047597
"p1037": 0.0004327855773265517
"p1038": 0.00011478226181269415
"p1039": 6.774035123372112E-05
"p1040": 0
"p1041": 0
"p1042": 0
"p1043": 0
"p1044": 0
"p1045": 0
"p1046": 0
"p1047": 0
"p1048": 0
"p1049": 0
"p1050": 0
"p1051": 0
"p1052": 0
"p1053": 0
"p1054": 0
"p1055": 0
"p1056": 0.00020886608297064022
"p1057": 0.0006717584830677343
"p1058": 3.198849919370164E-05
"p1059": 0.00023332787647170616
"p1060": 1.1290058538953523E-05
"p1061": 0.00014112573173691902
"p1062": 0
"p1063": 0
"p1064": 0.004587527119661449
"p1065": 0.00924279459055662
"p1066": 0.0018365161890031062
"p1067": 0.0068191953575279275
"p1068": 0.0008542810961141498
"p1069": 0.0016069516653777177
"p1070": 0.00022580117077907044
"p1071": 0.0003838619903244198
"p1072": 1.8816764231589203E-05
"p1073": 7.714873334951573E-05
"p1074": 3.7633528463178407E-06
"p1075": 9.972885042742276E-05
"p1076": 0
"p1077": 0
"p1078": 0
"p1079": 0
"p1080": 0.0013453986425586279
"p1081": 0.00254402652411086
"p1082": 0.000306713256974904
"p1083": 0.0008655711546531033
"p1084": 0.0002464996114338186
"p1085": 0.0005287510749076567
"p1086": 2.0698440654748124E-05
