"p1024": 0.0009050863595394409
"p1025": 0.001392440553137601
"p1026": 0.0004346672537497106
"p1027": 0.0014808793450260703
"p1028": 5.645029269476761E-06
"p1029": 6.39769983874033E-05
"p1030": 0
"p1031": 0
"p1032": 0.0023445688232560146
"p1033": 0.004467099828579278
"p1034": 0.0007056286586845952
"p1035": 0.002333278764717062
"p1036": 0.000594609749718219
"p1037": 0.0011497042945501001
"p1038": 0.00011666393823585307
"p1039": 0.00034434678543808245
"p1040": 0.00018816764231589203
"p1041": 0.0001279539967748066
"p1042": 0.00010725555612005845
"p1043": 8.091208619583358E-05
"p1044": 0
"p1045": 1.5053411385271363E-05
"p1046": 0
"p1047": 0
"p1048": 0.00032929337405281106
"p1049": 0.0001674692016611439
"p1050": 0.0001637058488148261
"p1051": 6.774035123372113E-05
"p1052": 0.00025778966997277205
"p1053": 0.00022015614150959365
"p1054": 5.6450292694767617E-05
"p1055": 3.3870175616860565E-05
"p1056": 0.0006510600424129865
"p1057": 0.0013623337303670584
"p1058": 0.0003236483447833343
"p1059": 0.0017198522507672531
"p1060": 5.645029269476761E-06
"p1061": 4.139688130949625E-05
"p1062": 0
"p1063": 0
"p1064": 0.0006322432781813972
"p1065": 0.0016859820751503926
"p1066": 0.0002728430813580435
"p1067": 0.0012851849970175425
"p1068": 0.00036692690251598946
"p1069": 0.0006981019529919596
"p1070": 0.00010349220327374062
"p1071": 0.00031423996266753966
"p1072": 0.0008693345074994212
"p1073": 0.0010988990311248095
"p1074": 0.0005927280732950598
"p1075": 0.0005739113090634706
"p1076": 5.645029269476761E-06
"p1077": 3.7633528463178407E-05
"p1078": 0
"p1079": 0
"p1080": 0.0017405506914220015
"p1081": 0.0028168696054689034
"p1082": 0.000683048541606688
"p1083": 0.0008015941562657001
"p1084": 0.0005080526342529085
"p1085": 0.0009822350928889564
"p1086": 0.00016370584881482604
