"p1024": 0.00016935087808430283
"p1025": 0.0001825226130464153
"p1026": 6.962202765688006E-05
"p1027": 0.00011478226181269414
"p1028": 0.00019569434800852773
"p1029": 0.00018816764231589206
"p1030": 0.00011478226181269414
"p1031": 0.00018628596589273313
"p1032": 4.704191057897301E-05
"p1033": 7.33853805031979E-05
"p1034": 1.8816764231589204E-06
"p1035": 0
"p1036": 3.7633528463178407E-06
"p1037": 4.7041910578973015E-05
"p1038": 3.7633528463178407E-06
"p1039": 4.516023415581409E-05
"p1040": 0.001025513650621611
"p1041": 0.000893796301000487
"p1042": 0.0006002547789876955
"p1043": 0.0003349384033222879
"p1044": 0.0008787428896152158
"p1045": 0.0006698768066445758
"p1046": 0.000658586748105622
"p1047": 0.0005362777806002922
"p1048": 0.0005663846033708349
"p1049": 0.0006472966895666686
"p1050": 0.00022580117077907044
"p1051": 5.268693984844976E-05
"p1052": 0.00043654893017286965
"p1053": 0.0006454150131435095
"p1054": 5.268693984844976E-05
"p1055": 0.00016558752523798505
"p1056": 0.0008222925969204481
"p1057": 0.0017875926020009744
"p1058": 0.00023709122931802394
"p1059": 0.0013265818783270388
"p1060": 0.000756433922109886
"p1061": 0.0014376007872934152
"p1062": 0.00025402631712645424
"p1063": 0.001676573693034598
"p1064": 0.0003895070195938965
"p1065": 0.0010029335335437048
"p1066": 6.021364554108545E-05
"p1067": 0.00023709122931802397
"p1068": 0.00012607232035164766
"p1069": 0.0003631635496696716
"p1070": 1.6935087808430282E-05
"p1071": 0.00015617914312219037
"p1072": 0.0015373296377208375
"p1073": 0.0027848811062752025
"p1074": 0.0005513311919855637
"p1075": 0.0017668941613462265
"p1076": 0.0009615366522342083
"p1077": 0.0014658259336407988
"p1078": 0.00046853742936657115
"p1079": 0.0015298029320282023
"p1080": 0.0011515859709732594
"p1081": 0.002402900792373942
"p1082": 0.00028225146347383805
"p1083": 0.0006529417188361455
"p1084": 0.0003895070195938966
"p1085": 0.0010066968863900222
"p1086": 5.080526342529084E-05
