"p1024": 0.0001768775837769385
"p1025": 0
"p1026": 5.268693984844976E-05
"p1027": 6.585867481056221E-05
"p1028": 0.00012607232035164766
"p1029": 6.585867481056221E-05
"p1030": 4.704191057897301E-05
"p1031": 0.00012042729108217089
"p1032": 0.0018346345125799474
"p1033": 4.327855773265516E-05
"p1034": 0.0007978308034193823
"p1035": 0.002028447184165316
"p1036": 0.0010029335335437043
"p1037": 0.00019757602443168658
"p1038": 0.0005268693984844977
"p1039": 0.0017706575141925437
"p1040": 0.0007112736879540716
"p1041": 0
"p1042": 0.0003180033155138575
"p1043": 0.00016935087808430283
"p1044": 0.0004666557529434121
"p1045": 6.962202765688006E-05
"p1046": 0.0002314462000485473
"p1047": 0.0002577896699727721
"p1048": 0.003396425943801852
"p1049": 4.704191057897301E-05
"p1050": 0.0035488417340777244
"p1051": 0.00484343511321106
"p1052": 0.001676573693034598
"p1053": 0.00015429746669903143
"p1054": 0.0014902877271418648
"p1055": 0.002470641143607662
"p1056": 3.198849919370165E-05
"p1057": 0
"p1058": 5.645029269476761E-06
"p1059": 0
"p1060": 2.634346992422488E-05
"p1061": 0
"p1062": 5.645029269476761E-06
"p1063": 1.6935087808430286E-05
"p1064": 0.0002803697870506791
"p1065": 0
"p1066": 0.00020322105370116343
"p1067": 0.0004214955187875981
"p1068": 0.0002671980520885667
"p1069": 4.327855773265516E-05
"p1070": 0.0001204272910821709
"p1071": 0.0004647740765202533
"p1072": 0.00026343469924224885
"p1073": 0
"p1074": 7.150370408003896E-05
"p1075": 0.00011666393823585305
"p1076": 0.0001919309951622099
"p1077": 3.3870175616860565E-05
"p1078": 5.833196911792653E-05
"p1079": 0.00012983567319796546
"p1080": 0.0011553493238195772
"p1081": 5.645029269476761E-06
"p1082": 0.0013303452311733569
"p1083": 0.0007357354814551379
"p1084": 0.0009464832408489367
"p1085": 2.2580117077907045E-05
"p1086": 0.0012023912343985498
