"p1024": 0.00012607232035164766
"p1025": 6.585867481056221E-05
"p1026": 4.704191057897301E-05
"p1027": 0.00012042729108217089
"p1028": 1.1290058538953523E-05
"p1029": 0
"p1030": 0
"p1031": 0
"p1032": 0.002638110345268806
"p1033": 0.00022580117077907038
"p1034": 0.0012550781742469998
"p1035": 0.0037031392007767557
"p1036": 0.0005325144277539745
"p1037": 1.5053411385271363E-05
"p1038": 0.00014112573173691902
"p1039": 0.0002747247577812024
"p1040": 0.000398915401709691
"p1041": 6.962202765688006E-05
"p1042": 0.0002314462000485473
"p1043": 0.0002577896699727721
"p1044": 0.00013548070246744229
"p1045": 0
"p1046": 3.7633528463178407E-06
"p1047": 7.5267056926356815E-06
"p1048": 0.005031602755526954
"p1049": 0.00020133937727800444
"p1050": 0.004835908407518424
"p1051": 0.00760009107313888
"p1052": 0.0011534676473964178
"p1053": 0
"p1054": 0.00099352515142791
"p1055": 0.0006529417188361453
"p1056": 2.634346992422488E-05
"p1057": 0
"p1058": 5.645029269476761E-06
"p1059": 1.6935087808430286E-05
"p1060": 0
"p1061": 0
"p1062": 0
"p1063": 0
"p1064": 0.0004911175464444782
"p1065": 4.327855773265516E-05
"p1066": 0.00027472475778120243
"p1067": 0.0008241742733436072
"p1068": 8.843879188846926E-05
"p1069": 0
"p1070": 5.456861627160868E-05
"p1071": 6.209532196424438E-05
"p1072": 0.0001919309951622099
"p1073": 3.3870175616860565E-05
"p1074": 5.833196911792653E-05
"p1075": 0.00012983567319796546
"p1076": 2.8225146347383805E-05
"p1077": 0
"p1078": 1.8816764231589204E-06
"p1079": 3.7633528463178407E-06
"p1080": 0.002069844065474812
"p1081": 2.4461793501065963E-05
"p1082": 0.002508274672070841
"p1083": 0.0013472803189817865
"p1084": 0.00035375516755387705
"p1085": 3.7633528463178407E-06
"p1086": 0.0002013393772780045
