"p1024": 0.000353755167553877
"p1025": 0
"p1026": 0.0007526705692635678
"p1027": 0.0001731142309306207
"p1028": 0
"p1029": 0
"p1030": 0.00016935087808430283
"p1031": 1.1290058538953523E-05
"p1032": 0.0006303616017582383
"p1033": 6.774035123372113E-05
"p1034": 0.004866015230288968
"p1035": 0.0023652672639107625
"p1036": 9.596549758110493E-05
"p1037": 0
"p1038": 0.0012042729108217086
"p1039": 0.0003838619903244197
"p1040": 0
"p1041": 0
"p1042": 0
"p1043": 0
"p1044": 0
"p1045": 0
"p1046": 0
"p1047": 0
"p1048": 0
"p1049": 0
"p1050": 0
"p1051": 0
"p1052": 0
"p1053": 0
"p1054": 0
"p1055": 0
"p1056": 0.00016370584881482606
"p1057": 0
"p1058": 0.00031235828624438073
"p1059": 5.080526342529084E-05
"p1060": 0
"p1061": 0
"p1062": 6.774035123372113E-05
"p1063": 0
"p1064": 0.0004196138423644392
"p1065": 7.903040977267465E-05
"p1066": 0.0015203945499124075
"p1067": 0.0007470255399940913
"p1068": 0.00013359902604428333
"p1069": 3.7633528463178407E-06
"p1070": 0.0006717584830677345
"p1071": 0.0002803697870506791
"p1072": 0.00011854561465901196
"p1073": 0
"p1074": 0.0001975760244316866
"p1075": 3.575185204001949E-05
"p1076": 0
"p1077": 0
"p1078": 2.4461793501065966E-05
"p1079": 0
"p1080": 0.00021639278866327578
"p1081": 0
"p1082": 0.002060435683359017
"p1083": 0.0005061709578297496
"p1084": 3.7633528463178407E-06
"p1085": 0
"p1086": 0.0006058998082571724
