"p1024": 8.467543904215141E-05
"p1025": 0.0003104766098212218
"p1026": 0.00016935087808430283
"p1027": 0.0006077814846803313
"p1028": 0
"p1029": 4.327855773265517E-05
"p1030": 5.645029269476761E-06
"p1031": 2.2580117077907045E-05
"p1032": 2.2580117077907045E-05
"p1033": 0.00018252261304641524
"p1034": 0.00021074775939379907
"p1035": 0.000897559653846805
"p1036": 2.0698440654748124E-05
"p1037": 0.00020886608297064017
"p1038": 0.00012419064392848875
"p1039": 0.00059272807329506
"p1040": 0.0002013393772780045
"p1041": 0.0003688085789391484
"p1042": 0.0007733690099183163
"p1043": 0.0016314134588787837
"p1044": 0
"p1045": 9.972885042742274E-05
"p1046": 5.645029269476761E-06
"p1047": 8.467543904215141E-05
"p1048": 0.00011666393823585307
"p1049": 0.0003669269025159895
"p1050": 0.0015185128734892487
"p1051": 0.0032044949486396412
"p1052": 6.774035123372113E-05
"p1053": 0.00028225146347383816
"p1054": 0.0008128842148046536
"p1055": 0.0020416189191274285
"p1056": 1.5053411385271363E-05
"p1057": 6.962202765688005E-05
"p1058": 3.7633528463178407E-05
"p1059": 0.00019757602443168663
"p1060": 0
"p1061": 0
"p1062": 0
"p1063": 0
"p1064": 0
"p1065": 1.8816764231589203E-05
"p1066": 3.010682277054273E-05
"p1067": 0.0001542974666990315
"p1068": 1.8816764231589204E-06
"p1069": 3.7633528463178407E-05
"p1070": 3.575185204001949E-05
"p1071": 0.00013359902604428335
"p1072": 3.763352846317841E-05
"p1073": 2.8225146347383805E-05
"p1074": 0.00019381267158536877
"p1075": 0.00032364834478333437
"p1076": 0
"p1077": 0
"p1078": 0
"p1079": 5.645029269476761E-06
"p1080": 5.645029269476761E-06
"p1081": 3.7633528463178407E-05
"p1082": 0.0002653163756654078
"p1083": 0.0003725719317854662
"p1084": 3.7633528463178407E-06
"p1085": 4.516023415581409E-05
"p1086": 0.000165587525237985
