"p1024": 3.7633528463178407E-06
"p1025": 0.00022015614150959367
"p1026": 3.7633528463178407E-05
"p1027": 0.00014865243742955472
"p1028": 0
"p1029": 0
"p1030": 0
"p1031": 1.1290058538953523E-05
"p1032": 0.00043654893017286943
"p1033": 0.0010951356782784917
"p1034": 0.0017518407499609546
"p1035": 0.004532958503389839
"p1036": 8.27937626189925E-05
"p1037": 0.00026531637566540783
"p1038": 0.0002897781691664738
"p1039": 0.0007733690099183163
"p1040": 2.8225146347383805E-05
"p1041": 0.0003405834325917645
"p1042": 0.0002352095528948651
"p1043": 0.00044407563586550505
"p1044": 0
"p1045": 0
"p1046": 1.1290058538953523E-05
"p1047": 0.00013548070246744229
"p1048": 0.0007451438635709322
"p1049": 0.0013566887010975815
"p1050": 0.005170846810840713
"p1051": 0.009577732993878905
"p1052": 7.903040977267465E-05
"p1053": 0.0001919309951622099
"p1054": 0.0010480937676995185
"p1055": 0.0016558752523798503
"p1056": 1.8816764231589204E-06
"p1057": 1.3171734962112444E-05
"p1058": 7.5267056926356815E-06
"p1059": 2.634346992422488E-05
"p1060": 0
"p1061": 0
"p1062": 0
"p1063": 0
"p1064": 9.032046831162817E-05
"p1065": 0.00017499590735377962
"p1066": 0.0003085949333980629
"p1067": 0.0009446015644257779
"p1068": 1.1290058538953523E-05
"p1069": 3.7633528463178407E-05
"p1070": 6.39769983874033E-05
"p1071": 0.00013924405531376012
"p1072": 4.516023415581409E-05
"p1073": 0.00013171734962112442
"p1074": 0.00010537387969689952
"p1075": 0.0001825226130464153
"p1076": 0
"p1077": 0
"p1078": 5.645029269476761E-06
"p1079": 2.8225146347383805E-05
"p1080": 0.0003838619903244197
"p1081": 0.0002916598455896327
"p1082": 0.002335160441140221
"p1083": 0.0023878473809886697
"p1084": 0.00010537387969689952
"p1085": 0.00011101890896637629
"p1086": 0.0002389729057411829
