"p1024": 1.8816764231589204E-06
"p1025": 3.7633528463178407E-06
"p1026": 0.00021451111224011693
"p1027": 0.00019757602443168663
"p1028": 2.8225146347383805E-05
"p1029": 2.8225146347383805E-05
"p1030": 0.00022768284720222937
"p1031": 0.00021262943581695798
"p1032": 1.8816764231589204E-06
"p1033": 1.8816764231589204E-06
"p1034": 6.962202765688005E-05
"p1035": 0.00011666393823585304
"p1036": 0
"p1037": 4.516023415581409E-05
"p1038": 0.00011478226181269414
"p1039": 0.0001862859658927331
"p1040": 0
"p1041": 0
"p1042": 0
"p1043": 0
"p1044": 0
"p1045": 0
"p1046": 0
"p1047": 0
"p1048": 0
"p1049": 0
"p1050": 0
"p1051": 0
"p1052": 0
"p1053": 0
"p1054": 0
"p1055": 0
"p1056": 0.00010725555612005845
"p1057": 0.00045724737082761767
"p1058": 0.0011101890896637629
"p1059": 0.0025327364655719073
"p1060": 0.0003180033155138575
"p1061": 0.0008749795367688975
"p1062": 0.0009257848001941889
"p1063": 0.002037855566281111
"p1064": 1.5053411385271363E-05
"p1065": 9.032046831162817E-05
"p1066": 0.000756433922109886
"p1067": 0.0018722680410431253
"p1068": 4.327855773265517E-05
"p1069": 0.00038386199032441984
"p1070": 0.000660468424528781
"p1071": 0.0021225310053232618
"p1072": 1.8816764231589203E-05
"p1073": 8.279376261899248E-05
"p1074": 0.00019945770085484557
"p1075": 0.0006209532196424437
"p1076": 3.9515204886337324E-05
"p1077": 7.903040977267465E-05
"p1078": 0.00013359902604428335
"p1079": 0.0003763352846317841
"p1080": 0
"p1081": 1.1290058538953523E-05
"p1082": 7.714873334951574E-05
"p1083": 0.00040079707813285006
"p1084": 3.7633528463178407E-06
"p1085": 0.00010537387969689952
"p1086": 6.962202765688006E-05
