"p1024": 4.8923587002131926E-05
"p1025": 9.596549758110495E-05
"p1026": 0
"p1027": 1.8816764231589204E-06
"p1028": 4.8923587002131926E-05
"p1029": 9.032046831162818E-05
"p1030": 0
"p1031": 4.3278557732655166E-05
"p1032": 0.00019004931873905094
"p1033": 0.00020698440654748124
"p1034": 4.8923587002131926E-05
"p1035": 7.5267056926356815E-06
"p1036": 0.00022015614150959367
"p1037": 0.00026343469924224885
"p1038": 7.33853805031979E-05
"p1039": 4.7041910578973015E-05
"p1040": 0
"p1041": 0
"p1042": 0
"p1043": 0
"p1044": 0
"p1045": 0
"p1046": 0
"p1047": 0
"p1048": 0
"p1049": 0
"p1050": 0
"p1051": 0
"p1052": 0
"p1053": 0
"p1054": 0
"p1055": 0
"p1056": 0.0002615530228190899
"p1057": 0.0014338374344470973
"p1058": 3.9515204886337324E-05
"p1059": 0.00016935087808430283
"p1060": 0.0002464996114338186
"p1061": 0.001179811117320643
"p1062": 3.7633528463178407E-05
"p1063": 0.0003236483447833343
"p1064": 0.0014018489352533954
"p1065": 0.0034152427080334415
"p1066": 0.00021451111224011693
"p1067": 0.0008373460083057195
"p1068": 0.0010085785628131813
"p1069": 0.0026983239908098923
"p1070": 0.00022768284720222937
"p1071": 0.0012136812929375033
"p1072": 3.575185204001949E-05
"p1073": 0.0002389729057411829
"p1074": 5.645029269476761E-06
"p1075": 1.6935087808430282E-05
"p1076": 1.6935087808430282E-05
"p1077": 9.408382115794602E-05
"p1078": 0
"p1079": 0.00010161052685058169
"p1080": 0.00022768284720222937
"p1081": 0.000780895715610952
"p1082": 1.5053411385271363E-05
"p1083": 0.00016182417239166716
"p1084": 0.00015429746669903146
"p1085": 0.0005325144277539745
"p1086": 3.010682277054273E-05
