"p1024": 0.00018252261304641535
"p1025": 5.645029269476761E-06
"p1026": 0.002081134124013767
"p1027": 0.00033117505047597
"p1028": 0.0002991865512822683
"p1029": 6.209532196424436E-05
"p1030": 0.0020077487435105684
"p1031": 0.0004327855773265517
"p1032": 1.3171734962112444E-05
"p1033": 0
"p1034": 0.0012212079986301393
"p1035": 0.00011478226181269415
"p1036": 0.00013171734962112445
"p1037": 0
"p1038": 0.0009013230066931224
"p1039": 6.774035123372112E-05
"p1040": 0
"p1041": 0
"p1042": 0
"p1043": 0
"p1044": 0
"p1045": 0
"p1046": 0
"p1047": 0
"p1048": 0
"p1049": 0
"p1050": 0
"p1051": 0
"p1052": 0
"p1053": 0
"p1054": 0
"p1055": 0
"p1056": 0.0009069680359625995
"p1057": 6.962202765688006E-05
"p1058": 0.004901767082328988
"p1059": 0.0038254481682820853
"p1060": 0.0011760477644743251
"p1061": 0.00035751852040019497
"p1062": 0.003522498264153499
"p1063": 0.0040004440756358645
"p1064": 0.00014300740816007796
"p1065": 0
"p1066": 0.0033813725324165806
"p1067": 0.0017800658963083391
"p1068": 0.00029165984558963276
"p1069": 0
"p1070": 0.0017650124849230675
"p1071": 0.0002333278764717061
"p1072": 0.00023709122931802397
"p1073": 0
"p1074": 0.001512867844219772
"p1075": 0.0007244454229161844
"p1076": 0.00017687758377693853
"p1077": 0
"p1078": 0.000780895715610952
"p1079": 0.0004516023415581409
"p1080": 3.7633528463178407E-05
"p1081": 0
"p1082": 0.0009126130652320764
"p1083": 0.00025214464070329537
"p1084": 0.00011101890896637629
"p1085": 0
"p1086": 0.0003161216390906986
