"p1024": 0.00035375516755387705
"p1025": 0.00028225146347383805
"p1026": 0.0011195974717795576
"p1027": 0.000969063357926844
"p1028": 0
"p1029": 5.268693984844977E-05
"p1030": 5.645029269476761E-06
"p1031": 3.198849919370165E-05
"p1032": 0.00016370584881482612
"p1033": 0.00013359902604428335
"p1034": 0.0017198522507672538
"p1035": 0.0013623337303670584
"p1036": 0.00011854561465901196
"p1037": 0.00018064093662325642
"p1038": 0.000619071543219285
"p1039": 0.0006717584830677344
"p1040": 0
"p1041": 0
"p1042": 0
"p1043": 0
"p1044": 0
"p1045": 0
"p1046": 0
"p1047": 0
"p1048": 0
"p1049": 0
"p1050": 0
"p1051": 0
"p1052": 0
"p1053": 0
"p1054": 0
"p1055": 0
"p1056": 0.0006303616017582384
"p1057": 0.0013924405531376006
"p1058": 0.0019512984508158002
"p1059": 0.004532958503389839
"p1060": 0
"p1061": 0.00010161052685058167
"p1062": 1.1290058538953523E-05
"p1063": 6.962202765688005E-05
"p1064": 0.00041961384236443927
"p1065": 0.0008674528310762623
"p1066": 0.003821684815435767
"p1067": 0.008143895559431808
"p1068": 0.00021639278866327584
"p1069": 0.0006209532196424438
"p1070": 0.0013190551726344028
"p1071": 0.0024292442622981664
"p1072": 9.596549758110493E-05
"p1073": 0.0001542974666990315
"p1074": 0.0005118159870992262
"p1075": 0.0007112736879540719
"p1076": 0
"p1077": 7.5267056926356815E-06
"p1078": 0
"p1079": 0
"p1080": 0.00013359902604428333
"p1081": 0.0003123582862443808
"p1082": 0.0010988990311248093
"p1083": 0.0021131226232074677
"p1084": 3.7633528463178407E-06
"p1085": 0.00011101890896637629
"p1086": 0.0003104766098212219
