"p1024": 0.001748077397114637
"p1025": 4.704191057897301E-05
"p1026": 0.0013510436718281046
"p1027": 0.0027209041078877986
"p1028": 0.0009521282701184139
"p1029": 0.0001768775837769385
"p1030": 0.0008768612131920568
"p1031": 0.002162046210209599
"p1032": 0.0016088333418008771
"p1033": 0
"p1034": 0.0009314298294636654
"p1035": 0.0014112573173691904
"p1036": 0.0008166475676509714
"p1037": 0
"p1038": 0.00027660643420436126
"p1039": 0.00035187349113071807
"p1040": 0.0001956943480085277
"p1041": 0
"p1042": 0.0005306327513308156
"p1043": 6.774035123372113E-05
"p1044": 0.00011666393823585305
"p1045": 1.1290058538953523E-05
"p1046": 0.00028789649274331484
"p1047": 8.091208619583358E-05
"p1048": 7.33853805031979E-05
"p1049": 0
"p1050": 0.00020322105370116337
"p1051": 0
"p1052": 0.0001637058488148261
"p1053": 0
"p1054": 0.00013548070246744223
"p1055": 3.3870175616860565E-05
"p1056": 0.0008956779774236461
"p1057": 3.0106822770542726E-05
"p1058": 0.000829819302613084
"p1059": 0.001765012484923067
"p1060": 0.000972826710773162
"p1061": 0.00023709122931802394
"p1062": 0.0007752506863414753
"p1063": 0.00219591638582646
"p1064": 0.00039515204886337327
"p1065": 0
"p1066": 0.0003876253431707376
"p1067": 0.0005287510749076565
"p1068": 0.00035375516755387705
"p1069": 0
"p1070": 0.00011666393823585305
"p1071": 0.00011290058538953522
"p1072": 0.001507222814950295
"p1073": 1.8816764231589203E-05
"p1074": 0.0013359902604428333
"p1075": 0.0013265818783270388
"p1076": 0.000942719888002619
"p1077": 7.150370408003898E-05
"p1078": 0.001224971351476457
"p1079": 0.0008505177432678319
"p1080": 0.0011873378230132787
"p1081": 0
"p1082": 0.00066235010095194
"p1083": 0.0004760641350592068
"p1084": 0.0006153081903729669
"p1085": 0
"p1086": 0.00023144620004854718
