"p1024": 0
"p1025": 2.0698440654748124E-05
"p1026": 0
"p1027": 3.7633528463178407E-06
"p1028": 0
"p1029": 0
"p1030": 0
"p1031": 0
"p1032": 5.645029269476761E-06
"p1033": 3.7633528463178407E-06
"p1034": 5.6450292694767617E-05
"p1035": 9.408382115794602E-05
"p1036": 0
"p1037": 0
"p1038": 0
"p1039": 5.645029269476761E-06
"p1040": 0
"p1041": 5.268693984844977E-05
"p1042": 6.585867481056221E-05
"p1043": 9.032046831162817E-05
"p1044": 0
"p1045": 0
"p1046": 0
"p1047": 3.387017561686057E-05
"p1048": 3.0106822770542726E-05
"p1049": 2.4461793501065966E-05
"p1050": 0.00039703372528653215
"p1051": 0.00044031228301918745
"p1052": 3.7633528463178407E-06
"p1053": 5.645029269476761E-06
"p1054": 0.00010725555612005847
"p1055": 0.00017875926020009743
"p1056": 3.7633528463178407E-06
"p1057": 0.00024461793501065964
"p1058": 4.327855773265517E-05
"p1059": 0.00021639278866327584
"p1060": 0
"p1061": 0
"p1062": 0
"p1063": 1.1290058538953523E-05
"p1064": 0.00012230896750532982
"p1065": 0.0005306327513308154
"p1066": 0.00044407563586550526
"p1067": 0.001860977982504172
"p1068": 1.8816764231589203E-05
"p1069": 0.0001373623788906012
"p1070": 0.00010349220327374062
"p1071": 0.0004948808992907961
"p1072": 2.8225146347383805E-05
"p1073": 0.0004497206651349818
"p1074": 0.0002389729057411829
"p1075": 0.0007357354814551375
"p1076": 0
"p1077": 0
"p1078": 1.6935087808430286E-05
"p1079": 0.00022015614150959367
"p1080": 0.0003255300212064932
"p1081": 0.0007903040977267463
"p1082": 0.0022391949435591153
"p1083": 0.005419228098697692
"p1084": 3.9515204886337324E-05
"p1085": 0.00012230896750532982
"p1086": 0.0005532128684087225
