"p1024": 3.387017561686057E-05
"p1025": 0.00021262943581695803
"p1026": 5.645029269476761E-06
"p1027": 0.00010725555612005845
"p1028": 0
"p1029": 1.1290058538953523E-05
"p1030": 0
"p1031": 0
"p1032": 0.001605069988954559
"p1033": 0.003330567268991289
"p1034": 0.00045724737082761767
"p1035": 0.00271902243146464
"p1036": 0.0002653163756654078
"p1037": 0.00059272807329506
"p1038": 3.951520488633733E-05
"p1039": 0.00018064093662325636
"p1040": 0.00021262943581695806
"p1041": 0.0005099343106760673
"p1042": 2.634346992422488E-05
"p1043": 0.00020886608297064022
"p1044": 1.1290058538953523E-05
"p1045": 0.00013548070246744229
"p1046": 0
"p1047": 0
"p1048": 0.003977863958557959
"p1049": 0.007065694968961748
"p1050": 0.0015128678442197718
"p1051": 0.004207428482183346
"p1052": 0.0008354643318825607
"p1053": 0.001390558876714442
"p1054": 0.00020698440654748124
"p1055": 0.00020886608297064017
"p1056": 5.645029269476761E-06
"p1057": 2.634346992422488E-05
"p1058": 1.8816764231589204E-06
"p1059": 1.5053411385271363E-05
"p1060": 0
"p1061": 0
"p1062": 0
"p1063": 0
"p1064": 0.0002954231984359505
"p1065": 0.0006886935708761649
"p1066": 7.33853805031979E-05
"p1067": 0.000564502926947676
"p1068": 5.45686162716087E-05
"p1069": 0.0001110189089663763
"p1070": 1.1290058538953523E-05
"p1071": 2.0698440654748124E-05
"p1072": 0.00010725555612005844
"p1073": 0.00020886608297064022
"p1074": 1.5053411385271363E-05
"p1075": 8.279376261899248E-05
"p1076": 5.645029269476761E-06
"p1077": 2.8225146347383805E-05
"p1078": 0
"p1079": 0
"p1080": 0.0016841003987272337
"p1081": 0.002060435683359018
"p1082": 0.001160994353089054
"p1083": 0.0007940674505730644
"p1084": 0.00016935087808430283
"p1085": 0.0003518734911307182
"p1086": 0.00010349220327374062
