"p1024": 0.00015053411385271363
"p1025": 0.0006153081903729669
"p1026": 3.3870175616860565E-05
"p1027": 7.526705692635681E-05
"p1028": 0.00012607232035164766
"p1029": 0.0004214955187875981
"p1030": 2.634346992422488E-05
"p1031": 0.00019193099516220995
"p1032": 0.0021808629744411888
"p1033": 0.004026787545560091
"p1034": 0.0006886935708761648
"p1035": 0.0021187676524769454
"p1036": 0.0010104602392363403
"p1037": 0.001697272133689346
"p1038": 0.00045724737082761767
"p1039": 0.0014808793450260703
"p1040": 7.903040977267465E-05
"p1041": 9.596549758110493E-05
"p1042": 0
"p1043": 0
"p1044": 6.585867481056221E-05
"p1045": 9.22021447347871E-05
"p1046": 0
"p1047": 3.3870175616860565E-05
"p1048": 0.000451602341558141
"p1049": 0.00024085458216434183
"p1050": 0.0002201561415095937
"p1051": 6.774035123372113E-05
"p1052": 0.0002389729057411829
"p1053": 0.00016182417239166716
"p1054": 0.00010725555612005845
"p1055": 8.091208619583358E-05
"p1056": 3.387017561686057E-05
"p1057": 0.00018440428946957417
"p1058": 0
"p1059": 3.7633528463178407E-05
"p1060": 4.704191057897301E-05
"p1061": 0.0002653163756654078
"p1062": 5.645029269476761E-06
"p1063": 5.833196911792652E-05
"p1064": 0.0007959491269962232
"p1065": 0.0019023748638136685
"p1066": 0.0003405834325917646
"p1067": 0.0014150206702155082
"p1068": 0.000684930218029847
"p1069": 0.0014639442572176402
"p1070": 0.0003236483447833343
"p1071": 0.0017198522507672531
"p1072": 0.00013548070246744229
"p1073": 0.00041773216594128033
"p1074": 3.575185204001949E-05
"p1075": 5.456861627160869E-05
"p1076": 0.0001204272910821709
"p1077": 0.0002464996114338186
"p1078": 1.6935087808430286E-05
"p1079": 0.0001298356731979655
"p1080": 0.0016822187223040747
"p1081": 0.002688915608694097
"p1082": 0.0007018653058382772
"p1083": 0.0008091208619583358
"p1084": 0.000920139770924712
"p1085": 0.001347280318981787
"p1086": 0.0006096631611034902
