"p1024": 9.596549758110495E-05
"p1025": 0
"p1026": 3.7633528463178407E-05
"p1027": 1.3171734962112444E-05
"p1028": 8.655711546531035E-05
"p1029": 3.7633528463178407E-06
"p1030": 3.7633528463178407E-05
"p1031": 5.4568616271608685E-05
"p1032": 0.00020698440654748124
"p1033": 0
"p1034": 0.00019945770085484557
"p1035": 4.704191057897301E-05
"p1036": 0.00026343469924224885
"p1037": 0
"p1038": 0.00026719805208856665
"p1039": 7.33853805031979E-05
"p1040": 0
"p1041": 0
"p1042": 0
"p1043": 0
"p1044": 0
"p1045": 0
"p1046": 0
"p1047": 0
"p1048": 0
"p1049": 0
"p1050": 0
"p1051": 0
"p1052": 0
"p1053": 0
"p1054": 0
"p1055": 0
"p1056": 0.0012080362636680267
"p1057": 0
"p1058": 0.000333056726899129
"p1059": 0.00039138869601705546
"p1060": 0.0008937963010004867
"p1061": 0.00015617914312219042
"p1062": 0.00023520955289486504
"p1063": 0.0005024076049834318
"p1064": 0.0030652508933258814
"p1065": 3.387017561686056E-05
"p1066": 0.0006999836294151183
"p1067": 0.002218496502904367
"p1068": 0.00237091229318024
"p1069": 0.00016935087808430283
"p1070": 0.0006115448375266492
"p1071": 0.0021206493289001034
"p1072": 0.0002107477593937991
"p1073": 0
"p1074": 3.387017561686057E-05
"p1075": 5.8331969117926534E-05
"p1076": 7.338538050319788E-05
"p1077": 2.0698440654748124E-05
"p1078": 0
"p1079": 0.00011854561465901199
"p1080": 0.0006999836294151183
"p1081": 7.5267056926356815E-06
"p1082": 0.00010537387969689955
"p1083": 0.0003631635496696716
"p1084": 0.0004666557529434123
"p1085": 2.0698440654748124E-05
"p1086": 0.00010725555612005845
