"p1024": 5.456861627160869E-05
"p1025": 0
"p1026": 3.3870175616860565E-05
"p1027": 9.408382115794602E-06
"p1028": 0
"p1029": 1.8816764231589204E-06
"p1030": 0
"p1031": 0
"p1032": 3.3870175616860565E-05
"p1033": 0
"p1034": 1.6935087808430282E-05
"p1035": 0
"p1036": 9.408382115794602E-06
"p1037": 0
"p1038": 0
"p1039": 1.8816764231589203E-05
"p1040": 0.0002408545821643418
"p1041": 0
"p1042": 0.0002521446407032953
"p1043": 9.220214473478709E-05
"p1044": 1.6935087808430286E-05
"p1045": 3.7633528463178407E-06
"p1046": 0
"p1047": 0
"p1048": 0.00020510273012432228
"p1049": 0
"p1050": 0.0001580608195453493
"p1051": 3.7633528463178407E-06
"p1052": 0.0002747247577812023
"p1053": 0
"p1054": 0.000188167642315892
"p1055": 5.080526342529085E-05
"p1056": 0.0005701479562171529
"p1057": 0.00010725555612005844
"p1058": 0.00011854561465901199
"p1059": 0.0006792851887603701
"p1060": 2.2580117077907045E-05
"p1061": 2.6343469924224887E-05
"p1062": 1.8816764231589204E-06
"p1063": 3.7633528463178407E-06
"p1064": 0.0008900329481541692
"p1065": 1.1290058538953523E-05
"p1066": 0.00010725555612005845
"p1067": 0.0005569762212550405
"p1068": 0.00060966316110349
"p1069": 1.8816764231589203E-05
"p1070": 4.7041910578973E-05
"p1071": 0.00037445360820862513
"p1072": 0.001292711702710178
"p1073": 7.150370408003896E-05
"p1074": 0.00040644210740232675
"p1075": 0.001347280318981787
"p1076": 8.467543904215141E-05
"p1077": 3.575185204001949E-05
"p1078": 1.8816764231589204E-06
"p1079": 3.7633528463178407E-06
"p1080": 0.00284133139896997
"p1081": 2.2580117077907042E-05
"p1082": 0.0005814380147561064
"p1083": 0.0020246838313189982
"p1084": 0.0019757602443168662
"p1085": 0
"p1086": 0.00027096140493488457
