"p1024": 3.198849919370165E-05
"p1025": 0.00023897290574118288
"p1026": 5.645029269476761E-06
"p1027": 5.080526342529084E-05
"p1028": 3.198849919370165E-05
"p1029": 0.0002577896699727721
"p1030": 5.645029269476761E-06
"p1031": 0.0001034922032737406
"p1032": 0.00021639278866327584
"p1033": 0.0008636894782299445
"p1034": 1.1290058538953523E-05
"p1035": 0.0003180033155138576
"p1036": 0.00019004931873905094
"p1037": 0.0006962202765688005
"p1038": 1.8816764231589203E-05
"p1039": 0.0003970337252865322
"p1040": 0.0002389729057411829
"p1041": 0.0013228185254807207
"p1042": 3.9515204886337324E-05
"p1043": 0.00013171734962112442
"p1044": 0.0002051027301243223
"p1045": 0.0009257848001941884
"p1046": 3.198849919370165E-05
"p1047": 0.0002634346992422489
"p1048": 0.0012814216441712244
"p1049": 0.0029241251615889628
"p1050": 0.00019381267158536883
"p1051": 0.0006077814846803313
"p1052": 0.0008204109204972892
"p1053": 0.0019738785678937074
"p1054": 0.00019757602443168663
"p1055": 0.0007394988343014557
"p1056": 5.645029269476761E-06
"p1057": 3.9515204886337324E-05
"p1058": 0
"p1059": 0
"p1060": 5.645029269476761E-06
"p1061": 3.3870175616860565E-05
"p1062": 0
"p1063": 3.010682277054273E-05
"p1064": 4.8923587002131926E-05
"p1065": 0.00016182417239166716
"p1066": 0
"p1067": 4.139688130949625E-05
"p1068": 4.327855773265517E-05
"p1069": 0.00021827446508643477
"p1070": 1.8816764231589204E-06
"p1071": 0.0001016105268505817
"p1072": 5.080526342529084E-05
"p1073": 0.00013171734962112442
"p1074": 0
"p1075": 3.7633528463178407E-06
"p1076": 5.080526342529084E-05
"p1077": 9.032046831162818E-05
"p1078": 0
"p1079": 4.1396881309496255E-05
"p1080": 0.00023332787647170614
"p1081": 0.00035751852040019486
"p1082": 1.8816764231589207E-05
"p1083": 4.704191057897301E-05
"p1084": 0.00020886608297064014
"p1085": 0.00035187349113071807
"p1086": 6.021364554108545E-05
