"p1024": 0.0001825226130464153
"p1025": 0.00021827446508643477
"p1026": 7.33853805031979E-05
"p1027": 4.7041910578973015E-05
"p1028": 0
"p1029": 1.6935087808430282E-05
"p1030": 0
"p1031": 0
"p1032": 0.00014488908458323686
"p1033": 0.00020510273012432228
"p1034": 1.3171734962112444E-05
"p1035": 3.7633528463178407E-06
"p1036": 0.00013359902604428335
"p1037": 0.0002145111122401169
"p1038": 3.7633528463178407E-06
"p1039": 5.080526342529085E-05
"p1040": 0
"p1041": 0
"p1042": 0
"p1043": 0
"p1044": 0
"p1045": 0
"p1046": 0
"p1047": 0
"p1048": 0
"p1049": 0
"p1050": 0
"p1051": 0
"p1052": 0
"p1053": 0
"p1054": 0
"p1055": 0
"p1056": 0.0008091208619583357
"p1057": 0.002058554006935859
"p1058": 0.00020886608297064017
"p1059": 0.001198627881552232
"p1060": 1.1290058538953523E-05
"p1061": 0.0001637058488148261
"p1062": 0
"p1063": 0
"p1064": 0.0014093756409460313
"p1065": 0.0034434678543808247
"p1066": 0.00019381267158536877
"p1067": 0.0008655711546531035
"p1068": 0.0008580444489604677
"p1069": 0.0023295154118707436
"p1070": 9.032046831162818E-05
"p1071": 0.0005118159870992262
"p1072": 0.00012983567319796552
"p1073": 0.0003706902553623073
"p1074": 3.010682277054273E-05
"p1075": 0.0001016105268505817
"p1076": 0
"p1077": 1.1290058538953523E-05
"p1078": 0
"p1079": 0
"p1080": 0.00020886608297064017
"p1081": 0.0008015941562657
"p1082": 1.6935087808430286E-05
"p1083": 0.0001637058488148261
"p1084": 9.596549758110495E-05
"p1085": 0.0004591290472507765
"p1086": 5.645029269476761E-06
