"p1024": 3.198849919370165E-05
"p1025": 0.0002577896699727721
"p1026": 5.645029269476761E-06
"p1027": 0.0001034922032737406
"p1028": 0
"p1029": 1.1290058538953523E-05
"p1030": 0
"p1031": 0
"p1032": 0.00036504522609283053
"p1033": 0.0014131389937923492
"p1034": 3.3870175616860565E-05
"p1035": 0.0006962202765688003
"p1036": 7.33853805031979E-05
"p1037": 0.00035187349113071807
"p1038": 1.8816764231589204E-06
"p1039": 6.962202765688005E-05
"p1040": 0.0002051027301243223
"p1041": 0.0008128842148046533
"p1042": 3.198849919370165E-05
"p1043": 0.0002634346992422489
"p1044": 1.6935087808430286E-05
"p1045": 0.00022015614150959367
"p1046": 0
"p1047": 0
"p1048": 0.0018873214524283972
"p1049": 0.00486413355386581
"p1050": 0.00038009863747810193
"p1051": 0.0013830321710218063
"p1052": 0.0005099343106760674
"p1053": 0.001535447961297679
"p1054": 5.645029269476761E-05
"p1055": 0.00011478226181269414
"p1056": 5.645029269476761E-06
"p1057": 3.3870175616860565E-05
"p1058": 0
"p1059": 3.010682277054273E-05
"p1060": 0
"p1061": 0
"p1062": 0
"p1063": 0
"p1064": 6.774035123372113E-05
"p1065": 0.00032741169762965207
"p1066": 1.8816764231589204E-06
"p1067": 0.0001392440553137601
"p1068": 3.0106822770542722E-05
"p1069": 9.220214473478709E-05
"p1070": 0
"p1071": 3.7633528463178407E-06
"p1072": 5.080526342529084E-05
"p1073": 7.526705692635681E-05
"p1074": 0
"p1075": 4.1396881309496255E-05
"p1076": 0
"p1077": 2.4461793501065966E-05
"p1078": 0
"p1079": 0
"p1080": 0.00040456043097916787
"p1081": 0.0006717584830677345
"p1082": 7.52670569263568E-05
"p1083": 0.00010725555612005847
"p1084": 0.00010349220327374063
"p1085": 0.00019757602443168663
"p1086": 5.645029269476761E-06
