"p1024": 0.00025214464070329537
"p1025": 0.0005569762212550406
"p1026": 0.0017085621922282995
"p1027": 0.003238365124256502
"p1028": 0.0003123582862443808
"p1029": 0.0006322432781813972
"p1030": 0.0011478226181269415
"p1031": 0.002130057711015898
"p1032": 6.0213645541085445E-05
"p1033": 0.0001204272910821709
"p1034": 0.0012193263222069805
"p1035": 0.0024254809094518483
"p1036": 2.8225146347383805E-05
"p1037": 0.00022015614150959375
"p1038": 0.00035751852040019486
"p1039": 0.0008335826554594016
"p1040": 4.327855773265517E-05
"p1041": 3.9515204886337324E-05
"p1042": 0.00045724737082761767
"p1043": 0.00022956452362538825
"p1044": 9.972885042742274E-05
"p1045": 7.338538050319787E-05
"p1046": 0.0002653163756654078
"p1047": 0.0001392440553137601
"p1048": 0
"p1049": 0
"p1050": 0.00018628596589273313
"p1051": 7.33853805031979E-05
"p1052": 0
"p1053": 3.3870175616860565E-05
"p1054": 0.00013548070246744223
"p1055": 0.0001637058488148261
"p1056": 0.0001768775837769385
"p1057": 0.00043654893017286954
"p1058": 0.0006661134537982578
"p1059": 0.0019550618036621183
"p1060": 0.00035563684397703593
"p1061": 0.0008674528310762624
"p1062": 0.0006999836294151184
"p1063": 0.0022335499142896384
"p1064": 1.8816764231589203E-05
"p1065": 2.2580117077907045E-05
"p1066": 0.0003010682277054273
"p1067": 0.0007884224213035875
"p1068": 3.7633528463178407E-05
"p1069": 8.843879188846925E-05
"p1070": 0.0001298356731979655
"p1071": 0.0003706902553623073
"p1072": 0.0002051027301243223
"p1073": 0.00030671325697490415
"p1074": 0.0015655547840682218
"p1075": 0.002032210537011634
"p1076": 0.000282251463473838
"p1077": 0.0003292933740528111
"p1078": 0.0011835744701669609
"p1079": 0.0012927117027101784
"p1080": 3.7633528463178407E-05
"p1081": 5.080526342529084E-05
"p1082": 0.0008730978603457391
"p1083": 0.0013660970832133762
"p1084": 4.516023415581409E-05
"p1085": 0.000141125731736919
"p1086": 0.0002878964927433148
