"p1024": 0.00043843060659602847
"p1025": 8.843879188846925E-05
"p1026": 8.843879188846925E-05
"p1027": 0.0005381594570234513
"p1028": 2.2580117077907045E-05
"p1029": 2.6343469924224887E-05
"p1030": 1.8816764231589204E-06
"p1031": 3.7633528463178407E-06
"p1032": 0.0007564339221098859
"p1033": 1.1290058538953523E-05
"p1034": 9.22021447347871E-05
"p1035": 0.0004986442521371139
"p1036": 0.00048359084075184255
"p1037": 1.8816764231589203E-05
"p1038": 4.7041910578973E-05
"p1039": 0.00031612163909069865
"p1040": 0.0012456697921312053
"p1041": 7.150370408003896E-05
"p1042": 0.00039515204886337327
"p1043": 0.0013115284669417673
"p1044": 8.467543904215141E-05
"p1045": 3.575185204001949E-05
"p1046": 1.8816764231589204E-06
"p1047": 3.7633528463178407E-06
"p1048": 0.0027735910477362487
"p1049": 2.2580117077907042E-05
"p1050": 0.0005720296326403118
"p1051": 0.0019832869500095015
"p1052": 0.0019362450394305288
"p1053": 0
"p1054": 0.00026907972851172564
"p1055": 0.0009935251514279098
"p1056": 0.00013171734962112442
"p1057": 1.8816764231589203E-05
"p1058": 3.0106822770542726E-05
"p1059": 0.00014112573173691902
"p1060": 0
"p1061": 0
"p1062": 0
"p1063": 0
"p1064": 0.00013359902604428335
"p1065": 0
"p1066": 1.5053411385271363E-05
"p1067": 6.962202765688005E-05
"p1068": 0.00012607232035164766
"p1069": 0
"p1070": 0
"p1071": 6.962202765688005E-05
"p1072": 0.0002747247577812024
"p1073": 0
"p1074": 0.00021827446508643474
"p1075": 9.22021447347871E-05
"p1076": 5.645029269476761E-06
"p1077": 0
"p1078": 0
"p1079": 0
"p1080": 0.000353755167553877
"p1081": 0
"p1082": 0.00025778966997277205
"p1083": 6.774035123372114E-05
"p1084": 0.00027660643420436126
"p1085": 0
"p1086": 0.0001674692016611439
