"p1024": 0.0005193426927918622
"p1025": 3.7633528463178407E-05
"p1026": 0.0030332623941321806
"p1027": 0.002355858881794968
"p1028": 0.0004967625757139551
"p1029": 0.00014112573173691902
"p1030": 0.0017612491320767492
"p1031": 0.0020002220378179322
"p1032": 0.0001204272910821709
"p1033": 0
"p1034": 0.002523328083456112
"p1035": 0.0012945933791333373
"p1036": 0.00022015614150959375
"p1037": 0
"p1038": 0.001098899031124809
"p1039": 0.00014677076100639576
"p1040": 3.9515204886337324E-05
"p1041": 0
"p1042": 0.0007470255399940912
"p1043": 3.3870175616860565E-05
"p1044": 7.338538050319787E-05
"p1045": 1.1290058538953523E-05
"p1046": 0.0005024076049834317
"p1047": 4.139688130949625E-05
"p1048": 0
"p1049": 0
"p1050": 0.0002766064342043613
"p1051": 0
"p1052": 3.3870175616860565E-05
"p1053": 0
"p1054": 0.0002991865512822683
"p1055": 0
"p1056": 0.0004045604309791679
"p1057": 3.198849919370165E-05
"p1058": 0.0015994249596850824
"p1059": 0.0014225473759081437
"p1060": 0.0006736401594908936
"p1061": 0.0002051027301243223
"p1062": 0.0015674364604913809
"p1063": 0.0019230733044684166
"p1064": 2.2580117077907045E-05
"p1065": 0
"p1066": 0.0007545522456867272
"p1067": 0.0004572473708276176
"p1068": 8.843879188846925E-05
"p1069": 0
"p1070": 0.00045536569440445874
"p1071": 8.655711546531035E-05
"p1072": 0.00030671325697490415
"p1073": 5.645029269476761E-06
"p1074": 0.0027961711648141563
"p1075": 0.001033040356314247
"p1076": 0.0003292933740528111
"p1077": 2.8225146347383805E-05
"p1078": 0.0021131226232074677
"p1079": 0.0006755218359140524
"p1080": 5.080526342529084E-05
"p1081": 0
"p1082": 0.0018289894833104707
"p1083": 0.00039891540170969113
"p1084": 0.000141125731736919
"p1085": 0
"p1086": 0.0008580444489604676
