"p1024": 9.596549758110492E-05
"p1025": 8.655711546531032E-05
"p1026": 0.00020698440654748126
"p1027": 0.00026343469924224885
"p1028": 0
"p1029": 3.7633528463178407E-06
"p1030": 0
"p1031": 0
"p1032": 3.7633528463178407E-05
"p1033": 3.7633528463178407E-05
"p1034": 0.00019945770085484557
"p1035": 0.00026719805208856665
"p1036": 1.3171734962112444E-05
"p1037": 5.4568616271608685E-05
"p1038": 4.704191057897301E-05
"p1039": 7.33853805031979E-05
"p1040": 0.00037257193178546626
"p1041": 0.00028977816916647367
"p1042": 0.0012513148214006822
"p1043": 0.0010292770034679294
"p1044": 0
"p1045": 6.021364554108543E-05
"p1046": 5.645029269476761E-06
"p1047": 3.9515204886337324E-05
"p1048": 0.00018252261304641535
"p1049": 0.00014112573173691905
"p1050": 0.001956943480085277
"p1051": 0.0014300740816007794
"p1052": 0.00011854561465901196
"p1053": 0.00018064093662325642
"p1054": 0.0008260559497667659
"p1055": 0.0008072391855351766
"p1056": 0.00031047660982122185
"p1057": 0.0008185292440741302
"p1058": 0.0007940674505730644
"p1059": 0.0022222598557506846
"p1060": 0
"p1061": 3.7633528463178407E-05
"p1062": 5.645029269476761E-06
"p1063": 1.6935087808430282E-05
"p1064": 0.0001618241723916671
"p1065": 0.0004309039009033928
"p1066": 0.001179811117320643
"p1067": 0.0030821859811343113
"p1068": 0.00012042729108217089
"p1069": 0.0003518734911307182
"p1070": 0.00039327037244021434
"p1071": 0.0010499754441226775
"p1072": 0.00029165984558963265
"p1073": 0.000588964720448742
"p1074": 0.001302120084825973
"p1075": 0.002540263171264543
"p1076": 0
"p1077": 6.0213645541085445E-05
"p1078": 5.645029269476761E-06
"p1079": 4.516023415581409E-05
"p1080": 0.00033493840332228785
"p1081": 0.0006999836294151185
"p1082": 0.0032929337405281107
"p1083": 0.006704413095715234
"p1084": 8.655711546531032E-05
"p1085": 0.00030294990412858613
"p1086": 0.0009765900636194795
