"p1024": 4.8923587002131926E-05
"p1025": 0
"p1026": 0.00031047660982122185
"p1027": 7.33853805031979E-05
"p1028": 7.903040977267465E-05
"p1029": 2.2580117077907045E-05
"p1030": 0.00039138869601705546
"p1031": 0.00013359902604428335
"p1032": 0
"p1033": 0
"p1034": 8.655711546531035E-05
"p1035": 3.7633528463178407E-06
"p1036": 4.3278557732655166E-05
"p1037": 0
"p1038": 5.080526342529086E-05
"p1039": 7.5267056926356815E-06
"p1040": 0.00018252261304641535
"p1041": 5.645029269476761E-06
"p1042": 0.0024273625858750084
"p1043": 0.0004064421074023267
"p1044": 0.0003217666683601753
"p1045": 6.209532196424436E-05
"p1046": 0.002237313267135957
"p1047": 0.0004892358700213193
"p1048": 1.3171734962112444E-05
"p1049": 0
"p1050": 0.0013510436718281048
"p1051": 0.00014300740816007796
"p1052": 0.00013171734962112445
"p1053": 0
"p1054": 0.001112070766086922
"p1055": 6.774035123372112E-05
"p1056": 0.000521224369215021
"p1057": 3.198849919370165E-05
"p1058": 0.0020077487435105684
"p1059": 0.0014996961092576591
"p1060": 0.0006623501009519403
"p1061": 0.00019945770085484557
"p1062": 0.0015128678442197722
"p1063": 0.0018703863646199667
"p1064": 5.645029269476761E-05
"p1065": 0
"p1066": 0.0010838456197395385
"p1067": 0.00038574366674757867
"p1068": 0.000141125731736919
"p1069": 0
"p1070": 0.00044407563586550526
"p1071": 0.00011290058538953523
"p1072": 0.0005475678391392459
"p1073": 3.7633528463178407E-05
"p1074": 0.003631635496696716
"p1075": 0.0028770832510099887
"p1076": 0.0005381594570234513
"p1077": 0.00013548070246744229
"p1078": 0.0020359738898579516
"p1079": 0.0023276337354475843
"p1080": 0.00012419064392848875
"p1081": 0
"p1082": 0.0029711670721679355
"p1083": 0.0016144783710703536
"p1084": 0.0002182744650864348
"p1085": 0
"p1086": 0.0013755054653291706
