"p1024": 2.8225146347383805E-05
"p1025": 0
"p1026": 1.8816764231589204E-06
"p1027": 3.7633528463178407E-06
"p1028": 2.0698440654748124E-05
"p1029": 9.408382115794602E-06
"p1030": 1.8816764231589204E-06
"p1031": 4.704191057897301E-05
"p1032": 0.00022768284720222932
"p1033": 0
"p1034": 0.0001561791431221904
"p1035": 0.00013359902604428335
"p1036": 0.0002464996114338186
"p1037": 1.3171734962112442E-05
"p1038": 0.0002069844065474812
"p1039": 0.00021827446508643477
"p1040": 0.00041396881309496247
"p1041": 0
"p1042": 0.0002069844065474813
"p1043": 0.00012795399677480656
"p1044": 0.00034246510901492336
"p1045": 5.268693984844977E-05
"p1046": 0.0001712325545074618
"p1047": 0.00018440428946957428
"p1048": 0.0012249713514764571
"p1049": 5.645029269476761E-06
"p1050": 0.0020773707711674483
"p1051": 0.000728208775762502
"p1052": 0.0010518571205458363
"p1053": 3.198849919370165E-05
"p1054": 0.0015241579027587258
"p1055": 0.0007093920115309128
"p1056": 0.00020886608297064017
"p1057": 0
"p1058": 5.833196911792653E-05
"p1059": 6.585867481056221E-05
"p1060": 0.00015053411385271363
"p1061": 6.209532196424438E-05
"p1062": 5.268693984844976E-05
"p1063": 0.00012042729108217089
"p1064": 0.0020284471841653163
"p1065": 4.327855773265516E-05
"p1066": 0.000984116769312115
"p1067": 0.00237091229318024
"p1068": 0.0012400247628617284
"p1069": 0.00023709122931802392
"p1070": 0.0006303616017582384
"p1071": 0.002192153032980142
"p1072": 0.0006284799253350794
"p1073": 0
"p1074": 0.0002596713463959311
"p1075": 0.00015429746669903143
"p1076": 0.0003819803139012608
"p1077": 6.209532196424438E-05
"p1078": 0.00017875926020009743
"p1079": 0.00022391949435591156
"p1080": 0.0033550290624923557
"p1081": 4.704191057897301E-05
"p1082": 0.0028770832510099896
"p1083": 0.004869778583135286
"p1084": 0.0015693181369145393
"p1085": 0.00014677076100639576
"p1086": 0.001198627881552232
