"p1024": 0.0001862859658927332
"p1025": 0.00018252261304641535
"p1026": 0.0012193263222069805
"p1027": 0.0009088497123857584
"p1028": 0.00037257193178546626
"p1029": 0.0003217666683601753
"p1030": 0.0011195974717795576
"p1031": 0.0008674528310762623
"p1032": 2.6343469924224887E-05
"p1033": 1.3171734962112444E-05
"p1034": 0.0006567050716824632
"p1035": 0.0006247165724887615
"p1036": 4.139688130949625E-05
"p1037": 0.00013171734962112445
"p1038": 0.00036880857893914845
"p1039": 0.0005475678391392457
"p1040": 0
"p1041": 0
"p1042": 0
"p1043": 0
"p1044": 0
"p1045": 0
"p1046": 0
"p1047": 0
"p1048": 0
"p1049": 0
"p1050": 0
"p1051": 0
"p1052": 0
"p1053": 0
"p1054": 0
"p1055": 0
"p1056": 0.0003895070195938966
"p1057": 0.0009765900636194795
"p1058": 0.002525209759879271
"p1059": 0.005217888721419686
"p1060": 0.0006849302180298468
"p1061": 0.0015166311970660896
"p1062": 0.0019625885093547536
"p1063": 0.004412531212307668
"p1064": 7.903040977267463E-05
"p1065": 0.00014300740816007796
"p1066": 0.0015711998133376985
"p1067": 0.003221430036448072
"p1068": 6.585867481056221E-05
"p1069": 0.00029165984558963276
"p1070": 0.0005889647204487421
"p1071": 0.001313410143364926
"p1072": 0.00010537387969689952
"p1073": 0.00023709122931802397
"p1074": 0.0008542810961141498
"p1075": 0.0014733526393334345
"p1076": 0.00010161052685058169
"p1077": 0.00017687758377693853
"p1078": 0.0005080526342529084
"p1079": 0.0006962202765688005
"p1080": 1.1290058538953523E-05
"p1081": 3.7633528463178407E-05
"p1082": 0.000404560430979168
"p1083": 0.0008825062424615336
"p1084": 3.7633528463178407E-06
"p1085": 0.00011101890896637629
"p1086": 8.843879188846926E-05
