"p1024": 0.0001768775837769385
"p1025": 0.0007112736879540716
"p1026": 3.198849919370165E-05
"p1027": 0.0002634346992422489
"p1028": 1.6935087808430286E-05
"p1029": 0.00016370584881482604
"p1030": 0
"p1031": 0
"p1032": 0.0016408218409945789
"p1033": 0.004395596124499237
"p1034": 0.0003499918147075592
"p1035": 0.001366097083213376
"p1036": 0.00033682007974544673
"p1037": 0.0010744372376237433
"p1038": 3.951520488633733E-05
"p1039": 9.032046831162818E-05
"p1040": 0
"p1041": 0
"p1042": 0
"p1043": 0
"p1044": 0
"p1045": 0
"p1046": 0
"p1047": 0
"p1048": 0
"p1049": 0
"p1050": 0
"p1051": 0
"p1052": 0
"p1053": 0
"p1054": 0
"p1055": 0
"p1056": 5.268693984844976E-05
"p1057": 0.0003180033155138575
"p1058": 5.645029269476761E-06
"p1059": 7.150370408003896E-05
"p1060": 0
"p1061": 6.774035123372113E-05
"p1062": 0
"p1063": 0
"p1064": 0.00045724737082761756
"p1065": 0.0015354479612976787
"p1066": 5.080526342529086E-05
"p1067": 0.0007112736879540718
"p1068": 0.00021262943581695803
"p1069": 0.0006322432781813973
"p1070": 1.8816764231589203E-05
"p1071": 8.279376261899248E-05
"p1072": 6.585867481056221E-05
"p1073": 0.0001693508780843028
"p1074": 0
"p1075": 0.00011666393823585305
"p1076": 0
"p1077": 2.4461793501065966E-05
"p1078": 0
"p1079": 0
"p1080": 0.0006454150131435096
"p1081": 0.0016332951353019427
"p1082": 0.00011290058538953522
"p1083": 0.00033682007974544673
"p1084": 0.00016935087808430283
"p1085": 0.0004986442521371139
"p1086": 5.645029269476761E-06
