"p1024": 0.0002973048748591094
"p1025": 5.64502926947676E-05
"p1026": 0.001439482463716574
"p1027": 0.000991643475004751
"p1028": 8.091208619583358E-05
"p1029": 0
"p1030": 6.774035123372113E-05
"p1031": 3.7633528463178407E-06
"p1032": 0.00033493840332228785
"p1033": 1.1290058538953523E-05
"p1034": 0.003078422628287993
"p1035": 0.001462062580794481
"p1036": 0.00027660643420436136
"p1037": 0
"p1038": 0.0017066805158051403
"p1039": 0.0005852013676024242
"p1040": 0
"p1041": 0
"p1042": 0
"p1043": 0
"p1044": 0
"p1045": 0
"p1046": 0
"p1047": 0
"p1048": 0
"p1049": 0
"p1050": 0
"p1051": 0
"p1052": 0
"p1053": 0
"p1054": 0
"p1055": 0
"p1056": 0.0003180033155138575
"p1057": 7.338538050319788E-05
"p1058": 0.0007263270993393432
"p1059": 0.00045160234155814093
"p1060": 5.2686939848449775E-05
"p1061": 0
"p1062": 4.327855773265517E-05
"p1063": 3.7633528463178407E-06
"p1064": 0.00012230896750532982
"p1065": 5.645029269476761E-06
"p1066": 0.0006962202765688005
"p1067": 0.00029542319843595057
"p1068": 0.00020133937727800447
"p1069": 3.7633528463178407E-06
"p1070": 0.000773369009918316
"p1071": 0.00034622846186124133
"p1072": 8.091208619583357E-05
"p1073": 0
"p1074": 0.0007432621871477736
"p1075": 0.0002069844065474812
"p1076": 9.408382115794602E-06
"p1077": 0
"p1078": 5.645029269476761E-06
"p1079": 0
"p1080": 0.00013548070246744226
"p1081": 0
"p1082": 0.0013077651140954495
"p1083": 0.0002954231984359505
"p1084": 0.00011290058538953519
"p1085": 0
"p1086": 0.0008561627725373088
