"p1024": 4.892358700213193E-05
"p1025": 0
"p1026": 0.0002464996114338186
"p1027": 1.6935087808430282E-05
"p1028": 0.0001825226130464153
"p1029": 0
"p1030": 0.00020886608297064017
"p1031": 1.8816764231589203E-05
"p1032": 0.000521224369215021
"p1033": 3.198849919370165E-05
"p1034": 0.002536499818418225
"p1035": 0.0015410929905671556
"p1036": 0.0005475678391392459
"p1037": 0.0001731142309306207
"p1038": 0.0014037306116765546
"p1039": 0.001531684608451361
"p1040": 7.903040977267466E-05
"p1041": 0
"p1042": 0.0010443304148532004
"p1043": 0.00010537387969689952
"p1044": 0.0003217666683601752
"p1045": 0
"p1046": 0.00074890721641725
"p1047": 7.903040977267465E-05
"p1048": 0.0006623501009519401
"p1049": 3.7633528463178407E-05
"p1050": 0.006871882297376378
"p1051": 0.004350435890343423
"p1052": 0.0005381594570234513
"p1053": 0.0001467707610063958
"p1054": 0.0032289567421407085
"p1055": 0.002361503911064445
"p1056": 0
"p1057": 0
"p1058": 3.7633528463178407E-05
"p1059": 0
"p1060": 1.3171734962112444E-05
"p1061": 0
"p1062": 3.198849919370164E-05
"p1063": 3.7633528463178407E-06
"p1064": 5.645029269476761E-05
"p1065": 0
"p1066": 0.00046477407652025345
"p1067": 0.00034999181470755914
"p1068": 0.00012419064392848873
"p1069": 3.198849919370165E-05
"p1070": 0.00034999181470755914
"p1071": 0.00038574366674757867
"p1072": 4.3278557732655166E-05
"p1073": 0
"p1074": 0.00032364834478333426
"p1075": 0.00010161052685058169
"p1076": 0.00013171734962112442
"p1077": 0
"p1078": 0.0002333278764717062
"p1079": 9.972885042742278E-05
"p1080": 0.000141125731736919
"p1081": 5.645029269476761E-06
"p1082": 0.0024029007923739415
"p1083": 0.000541922809869769
"p1084": 0.00021827446508643477
"p1085": 3.3870175616860565E-05
"p1086": 0.002084897476860084
