"p1024": 0.0014978144328345
"p1025": 2.2580117077907042E-05
"p1026": 0.0003631635496696717
"p1027": 0.0011628760295122125
"p1028": 0.0008279376261899249
"p1029": 0.00010725555612005847
"p1030": 0.0003612818732465127
"p1031": 0.0011854561465901197
"p1032": 0.0014131389937923492
"p1033": 0
"p1034": 0.00022580117077907044
"p1035": 0.0006943386001456416
"p1036": 0.0014225473759081435
"p1037": 0
"p1038": 0.00018252261304641527
"p1039": 0.0007150370408003899
"p1040": 0
"p1041": 0
"p1042": 0
"p1043": 0
"p1044": 0
"p1045": 0
"p1046": 0
"p1047": 0
"p1048": 0
"p1049": 0
"p1050": 0
"p1051": 0
"p1052": 0
"p1053": 0
"p1054": 0
"p1055": 0
"p1056": 0.0006021364554108545
"p1057": 1.1290058538953523E-05
"p1058": 9.032046831162818E-05
"p1059": 0.00048735419359816035
"p1060": 0.0005645029269476762
"p1061": 0.00011478226181269412
"p1062": 0.0001373623788906012
"p1063": 0.0006774035123372114
"p1064": 0.0002991865512822683
"p1065": 0
"p1066": 2.0698440654748124E-05
"p1067": 0.0001580608195453493
"p1068": 0.0005362777806002923
"p1069": 1.1290058538953523E-05
"p1070": 3.575185204001949E-05
"p1071": 0.00023332787647170614
"p1072": 0.0006999836294151183
"p1073": 7.5267056926356815E-06
"p1074": 0.0002559079935496132
"p1075": 0.00033117505047597
"p1076": 0.00041020546024864466
"p1077": 3.0106822770542722E-05
"p1078": 0.00027848811062752024
"p1079": 0.00024461793501065964
"p1080": 0.00048735419359816035
"p1081": 0
"p1082": 0.00013548070246744226
"p1083": 0.00010913723254321737
"p1084": 0.0005080526342529085
"p1085": 0
"p1086": 0.00014112573173691902
