"p1024": 0.0001862859658927331
"p1025": 0
"p1026": 0.00022768284720222937
"p1027": 3.575185204001949E-05
"p1028": 0
"p1029": 0
"p1030": 1.1290058538953523E-05
"p1031": 0
"p1032": 0.00038950701959389637
"p1033": 6.397699838740328E-05
"p1034": 0.0013623337303670584
"p1035": 0.0006416516602971918
"p1036": 0.00010537387969689954
"p1037": 3.7633528463178407E-06
"p1038": 0.00036316354966967166
"p1039": 0.00013736237889060116
"p1040": 0.0003725719317854662
"p1041": 0
"p1042": 0.0008693345074994208
"p1043": 0.00019569434800852776
"p1044": 0
"p1045": 0
"p1046": 0.00022580117077907044
"p1047": 1.1290058538953523E-05
"p1048": 0.0006849302180298468
"p1049": 6.774035123372113E-05
"p1050": 0.005389121275927148
"p1051": 0.0026494004038077595
"p1052": 0.00010161052685058169
"p1053": 0
"p1054": 0.0016953904572661878
"p1055": 0.0005494495155624046
"p1056": 2.6343469924224887E-05
"p1057": 0
"p1058": 3.3870175616860565E-05
"p1059": 9.408382115794602E-06
"p1060": 0
"p1061": 0
"p1062": 0
"p1063": 0
"p1064": 7.903040977267463E-05
"p1065": 9.408382115794602E-06
"p1066": 0.0003085949333980629
"p1067": 0.0001298356731979655
"p1068": 1.1290058538953523E-05
"p1069": 0
"p1070": 9.220214473478709E-05
"p1071": 3.575185204001948E-05
"p1072": 4.1396881309496255E-05
"p1073": 0
"p1074": 0.00011290058538953522
"p1075": 1.3171734962112444E-05
"p1076": 0
"p1077": 0
"p1078": 2.4461793501065966E-05
"p1079": 0
"p1080": 6.585867481056221E-05
"p1081": 0
"p1082": 0.0010988990311248093
"p1083": 0.0001204272910821709
"p1084": 3.7633528463178407E-06
"p1085": 0
"p1086": 0.0003029499041285862
