"p1024": 0
"p1025": 5.080526342529085E-05
"p1026": 4.8923587002131926E-05
"p1027": 7.526705692635681E-05
"p1028": 0
"p1029": 0
"p1030": 0
"p1031": 2.2580117077907045E-05
"p1032": 3.0106822770542726E-05
"p1033": 2.2580117077907045E-05
"p1034": 0.0003669269025159894
"p1035": 0.0004214955187875982
"p1036": 3.7633528463178407E-06
"p1037": 5.645029269476761E-06
"p1038": 7.338538050319791E-05
"p1039": 0.0001373623788906012
"p1040": 0
"p1041": 0
"p1042": 0
"p1043": 0
"p1044": 0
"p1045": 0
"p1046": 0
"p1047": 0
"p1048": 0
"p1049": 0
"p1050": 0
"p1051": 0
"p1052": 0
"p1053": 0
"p1054": 0
"p1055": 0
"p1056": 3.0106822770542726E-05
"p1057": 0.0006115448375266489
"p1058": 0.000284133139896997
"p1059": 0.0009032046831162813
"p1060": 0
"p1061": 0
"p1062": 1.6935087808430286E-05
"p1063": 0.00024273625858750077
"p1064": 0.00040079707813285006
"p1065": 0.0012061545872448672
"p1066": 0.0024405343208371197
"p1067": 0.0064466234257424615
"p1068": 5.833196911792653E-05
"p1069": 0.00027096140493488457
"p1070": 0.0006247165724887615
"p1071": 0.001851569600388378
"p1072": 3.7633528463178407E-06
"p1073": 0.00011478226181269412
"p1074": 1.6935087808430282E-05
"p1075": 8.843879188846925E-05
"p1076": 0
"p1077": 0
"p1078": 0
"p1079": 0
"p1080": 5.833196911792653E-05
"p1081": 0.00017311423093062064
"p1082": 0.00035940019682335374
"p1083": 0.0012588415270933177
"p1084": 0
"p1085": 0
"p1086": 6.774035123372114E-05
