"p1024": 0.000353755167553877
"p1025": 0
"p1026": 0.00016370584881482612
"p1027": 0.00011854561465901196
"p1028": 0.000282251463473838
"p1029": 5.268693984844977E-05
"p1030": 0.00013359902604428335
"p1031": 0.00018064093662325642
"p1032": 0.0011195974717795576
"p1033": 5.645029269476761E-06
"p1034": 0.0017198522507672533
"p1035": 0.000619071543219285
"p1036": 0.0009690633579268438
"p1037": 3.198849919370165E-05
"p1038": 0.0013623337303670584
"p1039": 0.0006717584830677344
"p1040": 0
"p1041": 0
"p1042": 0
"p1043": 0
"p1044": 0
"p1045": 0
"p1046": 0
"p1047": 0
"p1048": 0
"p1049": 0
"p1050": 0
"p1051": 0
"p1052": 0
"p1053": 0
"p1054": 0
"p1055": 0
"p1056": 0.000752670569263568
"p1057": 0
"p1058": 0.0003123582862443808
"p1059": 0.0001975760244316866
"p1060": 0.0005588578976781991
"p1061": 0.00012042729108217092
"p1062": 0.0002540263171264543
"p1063": 0.0002916598455896327
"p1064": 0.004205546805760188
"p1065": 7.714873334951573E-05
"p1066": 0.003772761228433636
"p1067": 0.006350657928161356
"p1068": 0.002559079935496131
"p1069": 0.0003669269025159895
"p1070": 0.001949416774392641
"p1071": 0.004487798269234026
"p1072": 0.00017311423093062066
"p1073": 0
"p1074": 5.080526342529084E-05
"p1075": 3.575185204001949E-05
"p1076": 5.456861627160868E-05
"p1077": 1.3171734962112442E-05
"p1078": 1.6935087808430282E-05
"p1079": 0.00010349220327374059
"p1080": 0.0015749631661840162
"p1081": 1.3171734962112444E-05
"p1082": 0.0006886935708761648
"p1083": 0.0011741660880511661
"p1084": 0.0006416516602971918
"p1085": 4.139688130949625E-05
"p1086": 0.0003424651090149235
