"p1024": 0.00015053411385271363
"p1025": 7.903040977267465E-05
"p1026": 3.387017561686057E-05
"p1027": 0.00013548070246744223
"p1028": 1.1290058538953523E-05
"p1029": 0
"p1030": 0
"p1031": 0
"p1032": 0.0011892194994364378
"p1033": 9.972885042742277E-05
"p1034": 0.0001938126715853688
"p1035": 0.0010368037091605651
"p1036": 0.00033870175616860566
"p1037": 7.5267056926356815E-06
"p1038": 9.408382115794602E-06
"p1039": 0.00013548070246744226
"p1040": 0.0006153081903729668
"p1041": 9.596549758110493E-05
"p1042": 0.0001844042894695742
"p1043": 0.00041773216594128044
"p1044": 0.00022015614150959367
"p1045": 0
"p1046": 5.645029269476761E-06
"p1047": 1.1290058538953523E-05
"p1048": 0.0041585048951812125
"p1049": 9.408382115794599E-05
"p1050": 0.0012607232035164765
"p1051": 0.003221430036448072
"p1052": 0.0014357191108702561
"p1053": 0
"p1054": 0.00025214464070329537
"p1055": 0.0005701479562171528
"p1056": 3.3870175616860565E-05
"p1057": 0
"p1058": 0
"p1059": 3.575185204001949E-05
"p1060": 0
"p1061": 0
"p1062": 0
"p1063": 0
"p1064": 0.0002653163756654078
"p1065": 1.8816764231589203E-05
"p1066": 4.516023415581409E-05
"p1067": 0.00021074775939379907
"p1068": 9.220214473478709E-05
"p1069": 0
"p1070": 0
"p1071": 3.387017561686056E-05
"p1072": 7.526705692635681E-05
"p1073": 0
"p1074": 3.7633528463178407E-05
"p1075": 5.4568616271608685E-05
"p1076": 2.4461793501065966E-05
"p1077": 0
"p1078": 0
"p1079": 0
"p1080": 0.0006265982489119205
"p1081": 0
"p1082": 0.00047418245863604794
"p1083": 0.00017123255450746173
"p1084": 0.00019004931873905096
"p1085": 0
"p1086": 0.00011478226181269414
