"p1024": 2.8225146347383805E-05
"p1025": 0.00041396881309496247
"p1026": 0.00020886608297064014
"p1027": 0.0006284799253350793
"p1028": 0
"p1029": 0
"p1030": 1.6935087808430286E-05
"p1031": 0.00016370584881482604
"p1032": 0.00028036978705067906
"p1033": 0.000707510335107754
"p1034": 0.001930600010161052
"p1035": 0.004803919908324724
"p1036": 3.575185204001949E-05
"p1037": 0.00011666393823585305
"p1038": 0.0003688085789391484
"p1039": 0.0011290058538953522
"p1040": 0
"p1041": 0
"p1042": 0
"p1043": 0
"p1044": 0
"p1045": 0
"p1046": 0
"p1047": 0
"p1048": 0
"p1049": 0
"p1050": 0
"p1051": 0
"p1052": 0
"p1053": 0
"p1054": 0
"p1055": 0
"p1056": 1.8816764231589204E-06
"p1057": 0.0002069844065474813
"p1058": 5.833196911792653E-05
"p1059": 0.000259671346395931
"p1060": 0
"p1061": 0
"p1062": 0
"p1063": 6.774035123372113E-05
"p1064": 0.00012042729108217089
"p1065": 0.0005080526342529086
"p1066": 0.0004798274879055246
"p1067": 0.001623886753186148
"p1068": 2.2580117077907045E-05
"p1069": 0.00015429746669903146
"p1070": 0.00022203781793275258
"p1071": 0.0006811668651835291
"p1072": 3.7633528463178407E-06
"p1073": 0.00012795399677480656
"p1074": 6.585867481056221E-05
"p1075": 0.00015429746669903146
"p1076": 0
"p1077": 0
"p1078": 0
"p1079": 2.4461793501065966E-05
"p1080": 8.843879188846925E-05
"p1081": 0.00021639278866327578
"p1082": 0.000705628658684595
"p1083": 0.0017386690149988422
"p1084": 3.7633528463178407E-06
"p1085": 3.7633528463178407E-06
"p1086": 0.00016935087808430283
