"p1024": 0.0001825226130464153
"p1025": 0
"p1026": 0.00020886608297064017
"p1027": 1.8816764231589203E-05
"p1028": 0
"p1029": 0
"p1030": 1.1290058538953523E-05
"p1031": 0
"p1032": 0.0009069680359625996
"p1033": 0.00019381267158536883
"p1034": 0.003673032378006213
"p1035": 0.00278864445912152
"p1036": 0.00023709122931802397
"p1037": 1.1290058538953523E-05
"p1038": 0.0006886935708761649
"p1039": 0.00038762534317073754
"p1040": 0.0002991865512822682
"p1041": 0
"p1042": 0.0006717584830677344
"p1043": 7.714873334951573E-05
"p1044": 0
"p1045": 0
"p1046": 0.00013924405531376012
"p1047": 7.5267056926356815E-06
"p1048": 0.0011760477644743251
"p1049": 0.00018440428946957417
"p1050": 0.009824232605312726
"p1051": 0.006726993212793139
"p1052": 0.0001768775837769385
"p1053": 0
"p1054": 0.002203443091519097
"p1055": 0.0008110025383814946
"p1056": 1.3171734962112444E-05
"p1057": 0
"p1058": 3.198849919370164E-05
"p1059": 3.7633528463178407E-06
"p1060": 0
"p1061": 0
"p1062": 0
"p1063": 0
"p1064": 0.00014300740816007796
"p1065": 3.198849919370165E-05
"p1066": 0.0007112736879540719
"p1067": 0.0006529417188361452
"p1068": 3.7633528463178407E-05
"p1069": 0
"p1070": 0.00014112573173691902
"p1071": 8.279376261899251E-05
"p1072": 0.00013171734962112442
"p1073": 0
"p1074": 0.0002333278764717062
"p1075": 9.972885042742278E-05
"p1076": 0
"p1077": 0
"p1078": 3.0106822770542726E-05
"p1079": 3.7633528463178407E-06
"p1080": 0.0002916598455896327
"p1081": 3.575185204001949E-05
"p1082": 0.0043617259488823775
"p1083": 0.000970945034350003
"p1084": 0.00011101890896637629
"p1085": 3.7633528463178407E-06
"p1086": 0.0006134265139498081
