"p1024": 0.0008900329481541692
"p1025": 5.8331969117926534E-05
"p1026": 0.005327025953962904
"p1027": 0.002576015023304562
"p1028": 0.0012870666734407015
"p1029": 0.00022768284720222937
"p1030": 1
"p1031": 0.0033079871519133834
"p1032": 0.00023520955289486504
"p1033": 0
"p1034": 0.004628924000970946
"p1035": 0.0017160888979209357
"p1036": 0.0007921857741499054
"p1037": 0
"p1038": 0.00531385421900079
"p1039": 0.0008392276847288786
"p1040": 1.6935087808430282E-05
"p1041": 0
"p1042": 0.0010556204733921542
"p1043": 1.6935087808430282E-05
"p1044": 5.645029269476761E-05
"p1045": 1.1290058538953523E-05
"p1046": 0.0021789812980180295
"p1047": 3.0106822770542726E-05
"p1048": 0
"p1049": 0
"p1050": 0.00021262943581695803
"p1051": 0
"p1052": 1.6935087808430282E-05
"p1053": 0
"p1054": 0.0011515859709732592
"p1055": 0
"p1056": 0.0017537224263841139
"p1057": 0.00024273625858750077
"p1058": 0.0046138705895856745
"p1059": 0.004261997098454954
"p1060": 0.003631635496696716
"p1061": 0.001136532559587988
"p1062": 0.011673920529277945
"p1063": 0.00939332870440933
"p1064": 0.0002559079935496132
"p1065": 0
"p1066": 0.0024461793501065966
"p1067": 0.0012324980571690927
"p1068": 0.001322818525480721
"p1069": 0
"p1070": 0.00362410879100408
"p1071": 0.0012513148214006822
"p1072": 0.00066235010095194
"p1073": 2.8225146347383808E-05
"p1074": 0.008710280162802644
"p1075": 0.0027735910477362487
"p1076": 0.0014752343157565934
"p1077": 0.0001298356731979655
"p1078": 0.019321053512995796
"p1079": 0.005144503340916489
"p1080": 0.00011478226181269412
"p1081": 0
"p1082": 0.004465218152156119
"p1083": 0.0011666393823585306
"p1084": 0.0005400411334466102
"p1085": 0
"p1086": 0.009773427341887434
