"p1024": 0.0005833196911792653
"p1025": 0.0012983567319796553
"p1026": 0.002241076619982274
"p1027": 0.003908241930901078
"p1028": 0.0017480773971146372
"p1029": 0.0023483321761023322
"p1030": 0.004363607625305537
"p1031": 0.00551143024343248
"p1032": 0.00011854561465901199
"p1033": 0.0002220378179327526
"p1034": 0.0007564339221098859
"p1035": 0.002013393772780045
"p1036": 0.0002728430813580435
"p1037": 0.0008222925969204483
"p1038": 0.0013999672588302365
"p1039": 0.002284355177714929
"p1040": 0.00041585048951812146
"p1041": 0.0009032046831162818
"p1042": 0.004182966688682279
"p1043": 0.004540485209082475
"p1044": 0.0009182580945015531
"p1045": 0.0011986278815522323
"p1046": 0.007058168263269113
"p1047": 1
"p1048": 0.00013171734962112442
"p1049": 0.00023520955289486504
"p1050": 0.0030012738949384784
"p1051": 0.004455809770040324
"p1052": 0.00024085458216434183
"p1053": 0.0007357354814551379
"p1054": 0.003959047194326369
"p1055": 0.0040079707813285015
"p1056": 0.00037445360820862513
"p1057": 0.0008523994196909909
"p1058": 0.0008636894782299445
"p1059": 0.0025383814948413837
"p1060": 0.0015749631661840162
"p1061": 0.002207206444365414
"p1062": 0.0030407890998248154
"p1063": 0.00584072361748529
"p1064": 4.704191057897301E-05
"p1065": 7.526705692635681E-05
"p1066": 0.0001919309951622099
"p1067": 0.0007282087757625022
"p1068": 0.0001637058488148261
"p1069": 0.0006153081903729669
"p1070": 0.0005249877220613389
"p1071": 0.0011835744701669607
"p1072": 0.00034434678543808245
"p1073": 0.00030106822770542725
"p1074": 0.0038348565503978794
"p1075": 0.0024894579078392513
"p1076": 0.0017631308084999084
"p1077": 0.001151585970973259
"p1078": 0.010130945862287627
"p1079": 0.005086171371798563
"p1080": 9.408382115794599E-05
"p1081": 7.33853805031979E-05
"p1082": 0.001563673107645063
"p1083": 0.001251314821400682
"p1084": 0.00021827446508643477
"p1085": 0.0004233771952107571
"p1086": 0.003753944464202046
