"p1024": 0.0001505341138527136
"p1025": 0.00012607232035164766
"p1026": 0.0021808629744411888
"p1027": 0.0010104602392363403
"p1028": 0.000615308190372967
"p1029": 0.0004214955187875981
"p1030": 0.004026787545560091
"p1031": 0.0016972721336893462
"p1032": 3.3870175616860565E-05
"p1033": 2.634346992422488E-05
"p1034": 0.0006886935708761648
"p1035": 0.00045724737082761767
"p1036": 7.526705692635681E-05
"p1037": 0.0001919309951622099
"p1038": 0.0021187676524769454
"p1039": 0.00148087934502607
"p1040": 1.1290058538953523E-05
"p1041": 1.1290058538953523E-05
"p1042": 0.00039327037244021434
"p1043": 0.0001373623788906012
"p1044": 0.0002201561415095937
"p1045": 0.00013548070246744229
"p1046": 0.0011497042945501003
"p1047": 0.00033870175616860566
"p1048": 0
"p1049": 0
"p1050": 6.774035123372114E-05
"p1051": 3.010682277054273E-05
"p1052": 2.4461793501065966E-05
"p1053": 2.8225146347383805E-05
"p1054": 0.0003876253431707376
"p1055": 0.00023144620004854718
"p1056": 0.0011892194994364376
"p1057": 0.0028996633680878968
"p1058": 0.004941282287215324
"p1059": 0.009267256384057683
"p1060": 0.004158504895181214
"p1061": 0.006209532196424438
"p1062": 0.010721792259159533
"p1063": 1
"p1064": 0.0002653163756654078
"p1065": 0.0004911175464444783
"p1066": 0.0031047660982122193
"p1067": 0.005754166502019981
"p1068": 0.0006265982489119205
"p1069": 0.0020698440654748126
"p1070": 0.0038931885195158064
"p1071": 0.005385357923080831
"p1072": 0.00033870175616860566
"p1073": 0.0005325144277539745
"p1074": 0.004145333160219101
"p1075": 0.0040738294561390625
"p1076": 0.0014357191108702561
"p1077": 0.0011534676473964178
"p1078": 0.011081192455982884
"p1079": 0.007203057347852349
"p1080": 9.220214473478709E-05
"p1081": 8.843879188846925E-05
"p1082": 0.001268249909209112
"p1083": 0.002444297673683437
"p1084": 0.00019004931873905096
"p1085": 0.00035375516755387705
"p1086": 0.004105817955332764
