"p1024": 0.0007620789513793627
"p1025": 0.0017763025434620208
"p1026": 0.00015053411385271363
"p1027": 0.0006924569237224825
"p1028": 3.951520488633733E-05
"p1029": 0.00024085458216434183
"p1030": 0
"p1031": 0
"p1032": 0.002148874475247487
"p1033": 0.00446333647573296
"p1034": 0.0009859984457352743
"p1035": 0.003319277210452336
"p1036": 0.0012362614100154107
"p1037": 0.00317250644944594
"p1038": 0.0003180033155138575
"p1039": 0.0009653000050805262
"p1040": 0.0015241579027587256
"p1041": 0.002809342899776268
"p1042": 0.0003236483447833343
"p1043": 0.0008411093611520374
"p1044": 0.00014677076100639582
"p1045": 0.0005569762212550405
"p1046": 0
"p1047": 0
"p1048": 0.005323262601116587
"p1049": 0.00901511174335439
"p1050": 0.0026832705794246204
"p1051": 0.003533788322692452
"p1052": 0.003983508987827435
"p1053": 0.006753336682717366
"p1054": 0.0011346508831648289
"p1055": 0.0009464832408489368
"p1056": 0.0002163927886632758
"p1057": 0.0007093920115309129
"p1058": 3.7633528463178407E-05
"p1059": 0.0004723007822128889
"p1060": 5.645029269476761E-06
"p1061": 5.080526342529084E-05
"p1062": 0
"p1063": 0
"p1064": 0.0013811504945986475
"p1065": 0.0026719805208856675
"p1066": 0.00045724737082761767
"p1067": 0.0022994085891002007
"p1068": 0.00031988499193701646
"p1069": 0.0011252425010490345
"p1070": 6.397699838740331E-05
"p1071": 0.0004290222244802338
"p1072": 0.0011741660880511663
"p1073": 0.0017838292491546568
"p1074": 0.00023144620004854723
"p1075": 0.00031423996266753966
"p1076": 6.209532196424438E-05
"p1077": 0.0003180033155138575
"p1078": 0
"p1079": 0
"p1080": 0.003710665906469391
"p1081": 0.003200731595793323
"p1082": 0.002242958296405433
"p1083": 0.0010255136506216117
"p1084": 0.002478167849300298
"p1085": 0.003373845826723944
"p1086": 0.0006341249546045561
