"p1024": 0.0005720296326403118
"p1025": 0.001016105268505817
"p1026": 0.003166861420176463
"p1027": 0.0037163109357388688
"p1028": 0
"p1029": 0.00018816764231589203
"p1030": 0.0001467707610063958
"p1031": 0.0005024076049834317
"p1032": 0.00021827446508643474
"p1033": 0.0006755218359140524
"p1034": 0.0029504686315131876
"p1035": 0.004839671760364744
"p1036": 0.0002408545821643418
"p1037": 0.0008693345074994212
"p1038": 0.004261997098454955
"p1039": 0.005902818939449534
"p1040": 5.645029269476761E-06
"p1041": 5.645029269476761E-06
"p1042": 0.0002145111122401169
"p1043": 8.279376261899248E-05
"p1044": 0
"p1045": 0
"p1046": 0
"p1047": 1.88167642315892E-05
"p1048": 5.645029269476761E-06
"p1049": 5.645029269476761E-06
"p1050": 0.00016182417239166716
"p1051": 5.8331969117926534E-05
"p1052": 0
"p1053": 5.645029269476761E-06
"p1054": 0.0002314462000485472
"p1055": 0.00014300740816007793
"p1056": 0.0011704027352048485
"p1057": 0.0028055795469299504
"p1058": 0.0026475187273846015
"p1059": 0.00538723959950399
"p1060": 0
"p1061": 0.0003292933740528111
"p1062": 0.00011101890896637629
"p1063": 0.00039891540170969113
"p1064": 0.00023897290574118288
"p1065": 0.0006585867481056221
"p1066": 0.0014639442572176398
"p1067": 0.002926006838012121
"p1068": 0.00042714054805707494
"p1069": 0.001770657514192544
"p1070": 0.0024198358801823714
"p1071": 0.005078644666105926
"p1072": 0.000541922809869769
"p1073": 0.0005946097497182189
"p1074": 0.004961980727870074
"p1075": 0.004457691446463482
"p1076": 0
"p1077": 0.00025778966997277205
"p1078": 0.00019193099516220987
"p1079": 0.0008900329481541693
"p1080": 0.0002653163756654078
"p1081": 0.00036692690251598946
"p1082": 0.0028676748688941946
"p1083": 0.003496154794229274
"p1084": 0.00025778966997277205
"p1085": 0.0005080526342529085
"p1086": 0.005946097497182188
