"p1024": 0.0007620789513793628
"p1025": 3.9515204886337324E-05
"p1026": 0.0021488744752474866
"p1027": 0.0012362614100154107
"p1028": 0.0017763025434620204
"p1029": 0.0002408545821643418
"p1030": 0.004463336475732958
"p1031": 0.00317250644944594
"p1032": 0.00015053411385271363
"p1033": 0
"p1034": 0.0009859984457352743
"p1035": 0.0003180033155138575
"p1036": 0.0006924569237224827
"p1037": 0
"p1038": 0.003319277210452336
"p1039": 0.000965300005080526
"p1040": 0.0006567050716824633
"p1041": 2.4461793501065963E-05
"p1042": 0.0045630653261603815
"p1043": 0.0021375844167085332
"p1044": 0.0011007807075479686
"p1045": 0.00012607232035164768
"p1046": 0.008379105112326677
"p1047": 0.004228126922838095
"p1048": 0.00013736237889060116
"p1049": 0
"p1050": 0.003514971558460863
"p1051": 0.0014112573173691904
"p1052": 0.0006717584830677346
"p1053": 0
"p1054": 0.008484478992023571
"p1055": 0.0024461793501065966
"p1056": 0.000378216961054943
"p1057": 1.6935087808430286E-05
"p1058": 0.0007376171578782968
"p1059": 0.0003725719317854662
"p1060": 0.0012626048799396355
"p1061": 0.00016370584881482606
"p1062": 0.0031311095681364432
"p1063": 0.0021883896801338245
"p1064": 5.080526342529086E-05
"p1065": 0
"p1066": 0.00018816764231589203
"p1067": 6.58586748105622E-05
"p1068": 0.0004045604309791678
"p1069": 0
"p1070": 0.001435719110870256
"p1071": 0.00037257193178546626
"p1072": 0.00010913723254321738
"p1073": 0
"p1074": 0.002436770967990802
"p1075": 0.00041208713667180354
"p1076": 0.0005212243692150209
"p1077": 2.2580117077907045E-05
"p1078": 0.007983953063463299
"p1079": 0.0016464668702640551
"p1080": 1.6935087808430282E-05
"p1081": 0
"p1082": 0.0009257848001941887
"p1083": 0.00011854561465901199
"p1084": 0.00017311423093062064
"p1085": 0
"p1086": 0.005366541158849242
