"p1024": 0.0019004931873905094
"p1025": 0.0027886444591215206
"p1026": 0.0014996961092576596
"p1027": 0.001789474278424133
"p1028": 0.00278864445912152
"p1029": 1
"p1030": 0.002980575454283731
"p1031": 0.0028300413404310164
"p1032": 0.0014996961092576594
"p1033": 0.0029805754542837305
"p1034": 0.0008298193026130838
"p1035": 0.0007658423042256806
"p1036": 0.0017894742784241328
"p1037": 0.0028300413404310164
"p1038": 0.0007658423042256805
"p1039": 0.0011083074132406043
"p1040": 0.0004214955187875982
"p1041": 0.00020698440654748124
"p1042": 0.000308594933398063
"p1043": 4.516023415581409E-05
"p1044": 0.0007620789513793628
"p1045": 0.000353755167553877
"p1046": 0.0006924569237224827
"p1047": 7.526705692635681E-05
"p1048": 9.596549758110492E-05
"p1049": 4.704191057897301E-05
"p1050": 5.268693984844977E-05
"p1051": 0
"p1052": 0.0005306327513308156
"p1053": 0.00038950701959389653
"p1054": 0.00015241579027587256
"p1055": 2.2580117077907045E-05
"p1056": 0.001627650106032466
"p1057": 0.003388899238109216
"p1058": 0.0010010518571205457
"p1059": 0.003735127699970457
"p1060": 0.004525431797697203
"p1061": 0.00674957332987105
"p1062": 0.0032778803291428397
"p1063": 0.009543862818262045
"p1064": 0.000709392011530913
"p1065": 0.0019456534215463236
"p1066": 0.00025026296428013644
"p1067": 0.0008599261253836268
"p1068": 0.0012437881157080462
"p1069": 0.002256130031367545
"p1070": 0.0004196138423644392
"p1071": 0.0017066805158051407
"p1072": 0.003424651090149235
"p1073": 0.0038160397861662903
"p1074": 0.002463114437915027
"p1075": 0.001418784023061826
"p1076": 0.006806023622565815
"p1077": 0.005908463968719011
"p1078": 0.006678069625791009
"p1079": 0.0028864916331257837
"p1080": 0.0016615202816493268
"p1081": 0.002621175257460376
"p1082": 0.0006679951302214168
"p1083": 0.000380098637478102
"p1084": 0.0037125475828925503
"p1085": 0.005072999636836449
"p1086": 0.001281421644171225
