"p1024": 0.0005325144277539746
"p1025": 0.0001637058488148261
"p1026": 0.00374641775850941
"p1027": 0.0010217502977752937
"p1028": 9.596549758110493E-05
"p1029": 0
"p1030": 9.408382115794602E-05
"p1031": 0
"p1032": 0.00015994249596850823
"p1033": 5.645029269476761E-06
"p1034": 0.001155349323819577
"p1035": 0.00016746920166114393
"p1036": 0.0003951520488633734
"p1037": 1.1290058538953523E-05
"p1038": 0.0029579953372058224
"p1039": 0.0003838619903244197
"p1040": 0.00031988499193701646
"p1041": 8.467543904215139E-05
"p1042": 0.0056826627979399405
"p1043": 0.000779014039187793
"p1044": 8.843879188846926E-05
"p1045": 0
"p1046": 0.0002540263171264543
"p1047": 0
"p1048": 0.00018064093662325636
"p1049": 3.7633528463178407E-06
"p1050": 0.0037915779926652243
"p1051": 0.00044407563586550515
"p1052": 0.00022203781793275263
"p1053": 7.5267056926356815E-06
"p1054": 0.0076734764536420755
"p1055": 0.0003838619903244197
"p1056": 0.0029692853957447767
"p1057": 0.0009276664766173478
"p1058": 0.008586089518874155
"p1059": 0.007918094388652737
"p1060": 0.00024085458216434183
"p1061": 0
"p1062": 0.0002935415220127916
"p1063": 0
"p1064": 0.0012174446457838214
"p1065": 9.408382115794602E-05
"p1066": 0.007261389316970274
"p1067": 0.003419006060879758
"p1068": 0.0023031719419465187
"p1069": 9.784717400426385E-05
"p1070": 0.007906804330113785
"p1071": 0.004429466300116098
"p1072": 0.0014037306116765544
"p1073": 0.0002954231984359505
"p1074": 1
"p1075": 0.005189663575072304
"p1076": 0.0001844042894695742
"p1077": 0
"p1078": 0.0007790140391877932
"p1079": 0
"p1080": 0.0010913723254321738
"p1081": 6.397699838740328E-05
"p1082": 0.016284027766017298
"p1083": 0.006664897890828898
"p1084": 0.0012757766149017482
"p1085": 1.1290058538953523E-05
"p1086": 0.017674586642731742
