"p1024": 3.198849919370165E-05
"p1025": 3.198849919370165E-05
"p1026": 0.00021639278866327584
"p1027": 0.00019004931873905096
"p1028": 0.00023897290574118293
"p1029": 0.00025778966997277216
"p1030": 0.0008636894782299445
"p1031": 0.0006962202765688005
"p1032": 5.645029269476761E-06
"p1033": 5.645029269476761E-06
"p1034": 1.1290058538953523E-05
"p1035": 1.8816764231589203E-05
"p1036": 5.080526342529086E-05
"p1037": 0.0001034922032737406
"p1038": 0.0003180033155138575
"p1039": 0.0003970337252865322
"p1040": 3.198849919370165E-05
"p1041": 3.387017561686057E-05
"p1042": 0.0011365325595879877
"p1043": 0.0007018653058382773
"p1044": 0.00020510273012432236
"p1045": 0.000212629435816958
"p1046": 0.0024687594671845034
"p1047": 0.001292711702710178
"p1048": 5.645029269476761E-06
"p1049": 5.645029269476761E-06
"p1050": 0.0002653163756654077
"p1051": 0.00023709122931802394
"p1052": 5.080526342529086E-05
"p1053": 0.00010725555612005844
"p1054": 0.001439482463716574
"p1055": 0.0014225473759081437
"p1056": 0.00021639278866327584
"p1057": 0.001136532559587988
"p1058": 0.001189219499436438
"p1059": 0.0027867627826983613
"p1060": 0.0012814216441712249
"p1061": 0.003245891829949138
"p1062": 0.003343739003953401
"p1063": 0.006719466507100505
"p1064": 4.8923587002131926E-05
"p1065": 0.00020133937727800447
"p1066": 0.0003085949333980629
"p1067": 0.0011497042945501005
"p1068": 0.00023332787647170614
"p1069": 0.0009502465936952547
"p1070": 0.0014413641401397328
"p1071": 0.0037276009942778217
"p1072": 0.000190049318739051
"p1073": 0.0007018653058382773
"p1074": 0.0027867627826983618
"p1075": 0.004280813862686545
"p1076": 0.0008204109204972892
"p1077": 0.001418784023061826
"p1078": 0.008339589907440336
"p1079": 0.008096853648852837
"p1080": 4.327855773265517E-05
"p1081": 0.00014300740816007796
"p1082": 0.0016916271044198697
"p1083": 0.0033098688283365414
"p1084": 0.00020886608297064017
"p1085": 0.0007131553643772307
"p1086": 0.005359014453156606
