"p1024": 0.0009050863595394407
"p1025": 0.00012607232035164768
"p1026": 0.00514073998807017
"p1027": 0.0026531637566540776
"p1028": 0.00018816764231589203
"p1029": 0
"p1030": 0.0005814380147561064
"p1031": 6.774035123372114E-05
"p1032": 0.0006510600424129865
"p1033": 2.4461793501065963E-05
"p1034": 0.005882120498794785
"p1035": 0.002453706055799232
"p1036": 0.0008693345074994212
"p1037": 0
"p1038": 0.008399803552981422
"p1039": 0.002555316582649814
"p1040": 5.645029269476761E-06
"p1041": 0
"p1042": 0.0003142399626675397
"p1043": 5.645029269476761E-06
"p1044": 0
"p1045": 0
"p1046": 1.88167642315892E-05
"p1047": 0
"p1048": 5.645029269476761E-06
"p1049": 0
"p1050": 0.00023709122931802397
"p1051": 5.645029269476761E-06
"p1052": 5.645029269476761E-06
"p1053": 0
"p1054": 0.00037445360820862513
"p1055": 0
"p1056": 0.002344568823256015
"p1057": 0.00047230078221288907
"p1058": 0.004946927316484802
"p1059": 0.004346672537497106
"p1060": 0.0003292933740528111
"p1061": 0
"p1062": 0.0004610107236739354
"p1063": 4.8923587002131926E-05
"p1064": 0.0006322432781813972
"p1065": 2.6343469924224887E-05
"p1066": 0.003025735688439544
"p1067": 0.0018327528361567885
"p1068": 0.0017405506914220015
"p1069": 3.0106822770542726E-05
"p1070": 0.005652555975169396
"p1071": 0.0025854234054203565
"p1072": 0.0005946097497182189
"p1073": 2.2580117077907045E-05
"p1074": 0.0077732053040695005
"p1075": 0.002762300989197295
"p1076": 0.00025778966997277205
"p1077": 0
"p1078": 0.000991643475004751
"p1079": 9.032046831162818E-05
"p1080": 0.00036692690251598946
"p1081": 0
"p1082": 0.005325144277539745
"p1083": 0.0016163600474935124
"p1084": 0.0005080526342529085
"p1085": 0
"p1086": 0.011649458735776877
