"p1024": 0.000353755167553877
"p1025": 0
"p1026": 0.0006303616017582384
"p1027": 9.596549758110495E-05
"p1028": 0
"p1029": 0
"p1030": 6.774035123372113E-05
"p1031": 0
"p1032": 0.000752670569263568
"p1033": 0.00016935087808430283
"p1034": 0.004866015230288967
"p1035": 0.001204272910821709
"p1036": 0.0001731142309306207
"p1037": 1.1290058538953523E-05
"p1038": 0.0023652672639107625
"p1039": 0.0003838619903244197
"p1040": 0.00028225146347383805
"p1041": 0
"p1042": 0.0013924405531376008
"p1043": 0.00015429746669903146
"p1044": 0
"p1045": 0
"p1046": 0.00022391949435591156
"p1047": 0
"p1048": 0.0005588578976781992
"p1049": 8.843879188846924E-05
"p1050": 0.009271019736904003
"p1051": 0.0012626048799396351
"p1052": 5.456861627160868E-05
"p1053": 7.5267056926356815E-06
"p1054": 0.00664043609732783
"p1055": 0.0005268693984844977
"p1056": 0.0011195974717795576
"p1057": 0
"p1058": 0.0019512984508158002
"p1059": 0.0005118159870992265
"p1060": 0
"p1061": 0
"p1062": 0.00014300740816007796
"p1063": 0
"p1064": 0.004205546805760187
"p1065": 0.0010217502977752937
"p1066": 0.015719524839069625
"p1067": 0.011306993626761951
"p1068": 0.0015749631661840164
"p1069": 9.784717400426385E-05
"p1070": 0.006525653835515136
"p1071": 0.004024905869136931
"p1072": 0.0009690633579268438
"p1073": 0
"p1074": 0.004532958503389839
"p1075": 0.0007112736879540719
"p1076": 0
"p1077": 0
"p1078": 0.0004403122830191874
"p1079": 0
"p1080": 0.0025590799354961316
"p1081": 0.0003594001968233538
"p1082": 1
"p1083": 0.011681447234970582
"p1084": 0.0006416516602971918
"p1085": 1.1290058538953523E-05
"p1086": 0.015493723668290554
