"p1024": 0.0015091044913734541
"p1025": 0.0028131062526225857
"p1026": 0.0005720296326403118
"p1027": 0.0011026623839711274
"p1028": 0.0025383814948413833
"p1029": 0.0034566395893429374
"p1030": 0.0017556041028072727
"p1031": 0.0020641990362053357
"p1032": 0.001087608972585856
"p1033": 0.0023426871468328558
"p1034": 0.00024085458216434175
"p1035": 0.00034246510901492347
"p1036": 0.0023709122931802394
"p1037": 0.004378661036690808
"p1038": 0.0005795563383329475
"p1039": 0.001044330414853201
"p1040": 9.972885042742278E-05
"p1041": 5.833196911792653E-05
"p1042": 4.516023415581409E-05
"p1043": 1.1290058538953523E-05
"p1044": 0.00022391949435591156
"p1045": 0.00012042729108217089
"p1046": 0.00011290058538953522
"p1047": 1.1290058538953523E-05
"p1048": 1.8816764231589203E-05
"p1049": 1.1290058538953523E-05
"p1050": 5.645029269476761E-06
"p1051": 0
"p1052": 0.00010725555612005847
"p1053": 0.00010161052685058171
"p1054": 5.645029269476761E-06
"p1055": 5.645029269476761E-06
"p1056": 0.0006774035123372113
"p1057": 0.0017894742784241332
"p1058": 0.00018252261304641524
"p1059": 0.0013736237889060122
"p1060": 0.003057724187633246
"p1061": 0.005688307827209417
"p1062": 0.0011515859709732594
"p1063": 0.005027839402680635
"p1064": 0.000306713256974904
"p1065": 0.0008580444489604677
"p1066": 6.021364554108545E-05
"p1067": 0.0002521446407032953
"p1068": 0.0014921694035650236
"p1069": 0.003101002745365901
"p1070": 0.0002766064342043613
"p1071": 0.0014244290523313028
"p1072": 0.0017386690149988424
"p1073": 0.0026362286688456473
"p1074": 0.0006002547789876957
"p1075": 0.0005776746619097885
"p1076": 0.004576237061122495
"p1077": 0.005569762212550405
"p1078": 0.002801816194083633
"p1079": 0.0017311423093062067
"p1080": 0.00066235010095194
"p1081": 0.0013510436718281048
"p1082": 0.00012607232035164766
"p1083": 0.00010725555612005845
"p1084": 0.0033286855925681296
"p1085": 0.0054004113344661014
"p1086": 0.0006717584830677346
