"p1024": 0.001748077397114637
"p1025": 0.0009521282701184139
"p1026": 0.0016088333418008767
"p1027": 0.0008166475676509712
"p1028": 4.704191057897301E-05
"p1029": 0.0001768775837769385
"p1030": 0
"p1031": 0
"p1032": 0.0013510436718281046
"p1033": 0.000876861213192057
"p1034": 0.0009314298294636654
"p1035": 0.00027660643420436126
"p1036": 0.002720904107887799
"p1037": 0.0021620462102095992
"p1038": 0.0014112573173691904
"p1039": 0.00035187349113071807
"p1040": 0.0004760641350592069
"p1041": 0.00019381267158536883
"p1042": 0.0005306327513308156
"p1043": 0.0001580608195453493
"p1044": 1.1290058538953523E-05
"p1045": 5.080526342529086E-05
"p1046": 0
"p1047": 0
"p1048": 0.00015617914312219037
"p1049": 6.774035123372114E-05
"p1050": 0.00014677076100639576
"p1051": 2.2580117077907045E-05
"p1052": 0.0005231060456381799
"p1053": 0.00031423996266753977
"p1054": 0.00021451111224011693
"p1055": 3.7633528463178407E-05
"p1056": 0.005995021084184319
"p1057": 1
"p1058": 0.004992087550640616
"p1059": 0.011869614877286468
"p1060": 0.00012419064392848875
"p1061": 0.0005757929854866297
"p1062": 0
"p1063": 0
"p1064": 0.005012785991295364
"p1065": 0.010298415063948775
"p1066": 0.0031706247730227807
"p1067": 0.0058840021752179445
"p1068": 0.005381594570234512
"p1069": 0.008202227528549735
"p1070": 0.0030520791583637684
"p1071": 0.0055170752727019545
"p1072": 0.004324092420419199
"p1073": 0.0037257193178546625
"p1074": 0.0042582337456086375
"p1075": 0.0019306000101610523
"p1076": 0.00013359902604428335
"p1077": 0.0005607395741013582
"p1078": 0
"p1079": 0
"p1080": 0.003183796507984893
"p1081": 0.004943163963638484
"p1082": 0.001956943480085277
"p1083": 0.0012757766149017482
"p1084": 0.005754166502019979
"p1085": 0.006486138630628799
"p1086": 0.0027679460184667722
