"p1024": 0.0012080362636680267
"p1025": 0.0008674528310762622
"p1026": 0.0007846590684572697
"p1027": 0.00030106822770542725
"p1028": 4.327855773265516E-05
"p1029": 0.00022015614150959365
"p1030": 0
"p1031": 0
"p1032": 0.0005983731025645368
"p1033": 0.0005061709578297496
"p1034": 0.00022580117077907047
"p1035": 7.150370408003898E-05
"p1036": 0.0016539935759566906
"p1037": 0.0017556041028072723
"p1038": 0.00043843060659602847
"p1039": 0.0002013393772780045
"p1040": 0.00012419064392848875
"p1041": 5.8331969117926534E-05
"p1042": 8.467543904215143E-05
"p1043": 2.8225146347383808E-05
"p1044": 0
"p1045": 1.1290058538953523E-05
"p1046": 0
"p1047": 0
"p1048": 2.82251463473838E-05
"p1049": 1.3171734962112442E-05
"p1050": 1.6935087808430286E-05
"p1051": 0
"p1052": 0.0001016105268505817
"p1053": 6.962202765688006E-05
"p1054": 1.6935087808430286E-05
"p1055": 5.645029269476761E-06
"p1056": 0.00413216142525699
"p1057": 0.006888817385184809
"p1058": 0.0021262943581695803
"p1059": 0.006207650520001279
"p1060": 0.00025778966997277205
"p1061": 0.001179811117320643
"p1062": 0
"p1063": 3.7633528463178407E-05
"p1064": 0.003323040563298653
"p1065": 0.006647962803020466
"p1066": 0.0011214791482027167
"p1067": 0.0024913395842624106
"p1068": 0.005184018545802825
"p1069": 0.009681225197152648
"p1070": 0.001467707610063958
"p1071": 0.003669269025159895
"p1072": 0.0029109534266268497
"p1073": 0.003219548360024913
"p1074": 0.0018176994247715173
"p1075": 0.0010142235920826582
"p1076": 0.00016182417239166716
"p1077": 0.000826055949766766
"p1078": 0
"p1079": 6.021364554108545E-05
"p1080": 0.0013943222295607599
"p1081": 0.002743484224965706
"p1082": 0.0005400411334466102
"p1083": 0.0005475678391392458
"p1084": 0.00353755167553877
"p1085": 0.006053353053302248
"p1086": 0.0007470255399940912
