"p1024": 0.0023502138525254923
"p1025": 0.00020698440654748124
"p1026": 0.0029015450445110556
"p1027": 0.0032139033307554367
"p1028": 0.0005024076049834317
"p1029": 7.526705692635681E-05
"p1030": 7.903040977267465E-05
"p1031": 8.279376261899248E-05
"p1032": 0.0036843224365451658
"p1033": 5.8331969117926534E-05
"p1034": 0.002218496502904367
"p1035": 0.002995628865669001
"p1036": 0.005146385017339648
"p1037": 0
"p1038": 0.0032816436819891573
"p1039": 0.003294815416951269
"p1040": 7.714873334951574E-05
"p1041": 0
"p1042": 0.000237091229318024
"p1043": 1.1290058538953523E-05
"p1044": 1.88167642315892E-05
"p1045": 0
"p1046": 0
"p1047": 0
"p1048": 5.2686939848449775E-05
"p1049": 0
"p1050": 0.00018440428946957417
"p1051": 1.1290058538953523E-05
"p1052": 0.00014300740816007793
"p1053": 0
"p1054": 0.0002314462000485472
"p1055": 5.645029269476761E-06
"p1056": 0.0031104111274816953
"p1057": 0.0008486360668446732
"p1058": 0.0020924241825527193
"p1059": 0.005754166502019978
"p1060": 0.00039891540170969113
"p1061": 0.0001825226130464153
"p1062": 6.209532196424438E-05
"p1063": 7.150370408003898E-05
"p1064": 0.0020340922134347928
"p1065": 6.585867481056221E-05
"p1066": 0.0010292770034679294
"p1067": 0.002274946795599135
"p1068": 0.00414909651306542
"p1069": 0.00013548070246744226
"p1070": 0.0016220050767629893
"p1071": 0.0038536733146294693
"p1072": 0.0030106822770542725
"p1073": 3.3870175616860565E-05
"p1074": 0.004824618348979471
"p1075": 0.003091594363250106
"p1076": 0.0008900329481541693
"p1077": 3.3870175616860565E-05
"p1078": 0.00010161052685058169
"p1079": 0.00015053411385271363
"p1080": 0.0026625721387698725
"p1081": 3.7633528463178407E-06
"p1082": 0.002645637050961442
"p1083": 0.0018346345125799472
"p1084": 0.006789088534757385
"p1085": 7.5267056926356815E-06
"p1086": 0.004892358700213192
