"p1024": 0.0023502138525254923
"p1025": 1
"p1026": 0.002566606641188768
"p1027": 0.0027735910477362487
"p1028": 7.714873334951574E-05
"p1029": 0.00030106822770542725
"p1030": 0
"p1031": 0
"p1032": 0.0031104111274816958
"p1033": 0.005594224006051472
"p1034": 0.0021055959175148324
"p1035": 0.002525209759879271
"p1036": 0.003010682277054273
"p1037": 0.003927058695132667
"p1038": 0.0019117832459294632
"p1039": 0.0015711998133376985
"p1040": 0.0005024076049834318
"p1041": 0.00021827446508643474
"p1042": 0.00044595731228866414
"p1043": 7.526705692635681E-05
"p1044": 1.88167642315892E-05
"p1045": 7.150370408003895E-05
"p1046": 0
"p1047": 0
"p1048": 0.00039891540170969113
"p1049": 0.0001637058488148261
"p1050": 0.0003594001968233538
"p1051": 4.516023415581409E-05
"p1052": 0.0008900329481541693
"p1053": 0.000543804486292928
"p1054": 0.00040079707813285006
"p1055": 2.2580117077907045E-05
"p1056": 0.003684322436545166
"p1057": 0.005400411334466102
"p1058": 0.002728430813580435
"p1059": 0.008936081333581713
"p1060": 5.2686939848449775E-05
"p1061": 0.00026343469924224885
"p1062": 0
"p1063": 0
"p1064": 0.0020340922134347928
"p1065": 0.00484719846605738
"p1066": 0.0010970173547016505
"p1067": 0.003370082473877627
"p1068": 0.0026625721387698725
"p1069": 0.004596935501777244
"p1070": 0.0012682499092091125
"p1071": 0.004011734134174818
"p1072": 0.005146385017339648
"p1073": 0.0042187185407223
"p1074": 0.005321380924693427
"p1075": 0.002545908200534019
"p1076": 0.00014300740816007796
"p1077": 0.0005870830440255832
"p1078": 0
"p1079": 0
"p1080": 0.00414909651306542
"p1081": 0.0055170752727019545
"p1082": 0.0026211752574603763
"p1083": 0.0015072228149502953
"p1084": 0.006789088534757386
"p1085": 0.007511652281250411
"p1086": 0.0034716930007282084
