"p1024": 0.00016935087808430283
"p1025": 0.0010255136506216115
"p1026": 0.0008222925969204481
"p1027": 0.001537329637720838
"p1028": 0
"p1029": 0
"p1030": 3.951520488633733E-05
"p1031": 0.00024085458216434183
"p1032": 0.0009747083871963207
"p1033": 0.0022373132671359565
"p1034": 0.0027754727241594075
"p1035": 0.00549073180277773
"p1036": 0.000188167642315892
"p1037": 0.0007790140391877932
"p1038": 0.0014996961092576594
"p1039": 0.0035036814999219092
"p1040": 0.0001825226130464153
"p1041": 0.0008937963010004872
"p1042": 0.0017875926020009744
"p1043": 0.0027848811062752016
"p1044": 0
"p1045": 0
"p1046": 0.00014677076100639582
"p1047": 0.0005569762212550405
"p1048": 0.000780895715610952
"p1049": 0.001748077397114637
"p1050": 0.007649014660141012
"p1051": 0.010631471790847901
"p1052": 0.00012419064392848875
"p1053": 0.0004346672537497106
"p1054": 0.005050419519758542
"p1055": 0.0073761715787829685
"p1056": 6.962202765688006E-05
"p1057": 0.0006002547789876956
"p1058": 0.00023709122931802394
"p1059": 0.0005513311919855637
"p1060": 0
"p1061": 0
"p1062": 5.645029269476761E-06
"p1063": 5.080526342529084E-05
"p1064": 0.000684930218029847
"p1065": 0.0014601809043713221
"p1066": 0.001539211314143997
"p1067": 0.0033437390039534015
"p1068": 7.33853805031979E-05
"p1069": 0.00039891540170969113
"p1070": 0.0003481101382844003
"p1071": 0.0012419064392848874
"p1072": 0.00011478226181269414
"p1073": 0.00033493840332228785
"p1074": 0.001326581878327039
"p1075": 0.0017668941613462265
"p1076": 0
"p1077": 0
"p1078": 6.209532196424438E-05
"p1079": 0.0003180033155138575
"p1080": 0.0006077814846803312
"p1081": 0.000543804486292928
"p1082": 0.005460624980007188
"p1083": 0.0037577078170483637
"p1084": 6.585867481056221E-05
"p1085": 7.714873334951573E-05
"p1086": 0.0030031555713616364
