"p1024": 0.0013397536132891512
"p1025": 0.0003161216390906986
"p1026": 0.0005513311919855637
"p1027": 0.0011779294408974842
"p1028": 0.00024085458216434183
"p1029": 0
"p1030": 2.0698440654748124E-05
"p1031": 1.8816764231589203E-05
"p1032": 0.0034020709730713276
"p1033": 0.0004723007822128891
"p1034": 0.002340805470409697
"p1035": 0.00481144661401736
"p1036": 0.0027114957257720045
"p1037": 4.8923587002131926E-05
"p1038": 0.0010650288555079488
"p1039": 0.0019418900687000061
"p1040": 0.002320107029754949
"p1041": 0.0001956943480085277
"p1042": 0.001322818525480721
"p1043": 0.001765012484923067
"p1044": 0.0005569762212550405
"p1045": 0
"p1046": 8.655711546531035E-05
"p1047": 6.021364554108545E-05
"p1048": 0.007197412318582872
"p1049": 0.0002653163756654078
"p1050": 0.006568932393247793
"p1051": 0.007633961248755742
"p1052": 0.006083459876072789
"p1053": 0
"p1054": 0.0036278721438503985
"p1055": 0.0038517916382063097
"p1056": 0.0004779458114823657
"p1057": 0.00016935087808430283
"p1058": 0.0002709614049348845
"p1059": 0.0005400411334466101
"p1060": 5.080526342529084E-05
"p1061": 0
"p1062": 5.645029269476761E-06
"p1063": 0
"p1064": 0.002167691239479076
"p1065": 0.0003236483447833343
"p1066": 0.001251314821400682
"p1067": 0.0030370257469784978
"p1068": 0.0009803534164657976
"p1069": 3.0106822770542726E-05
"p1070": 0.00027660643420436126
"p1071": 0.0006736401594908935
"p1072": 0.00158625322472297
"p1073": 6.774035123372113E-05
"p1074": 0.0011948645287059145
"p1075": 0.0006849302180298469
"p1076": 0.0003180033155138575
"p1077": 0
"p1078": 3.9515204886337324E-05
"p1079": 2.2580117077907045E-05
"p1080": 0.0028714382217405123
"p1081": 4.8923587002131926E-05
"p1082": 0.005622449152398855
"p1083": 0.002169572915902235
"p1084": 0.0031630980673301445
"p1085": 7.5267056926356815E-06
"p1086": 0.002767946018466772
