"p1024": 5.645029269476761E-06
"p1025": 2.8225146347383805E-05
"p1026": 9.972885042742278E-05
"p1027": 0.0002051027301243223
"p1028": 0.00011666393823585305
"p1029": 0.00044219395944234617
"p1030": 0.0003217666683601754
"p1031": 0.0003481101382844003
"p1032": 0.0002446179350106596
"p1033": 0.0002088660829706401
"p1034": 0.0011534676473964182
"p1035": 0.0008561627725373088
"p1036": 0.0011195974717795576
"p1037": 0.0006849302180298469
"p1038": 0.0026870339322709385
"p1039": 0.0020002220378179322
"p1040": 3.7633528463178407E-06
"p1041": 2.0698440654748124E-05
"p1042": 0.00038009863747810193
"p1043": 0.00037445360820862513
"p1044": 0.00011290058538953522
"p1045": 0.0003537551675538769
"p1046": 0.0008636894782299443
"p1047": 0.0007620789513793626
"p1048": 0.00018440428946957417
"p1049": 0.00015053411385271363
"p1050": 0.003151808008791191
"p1051": 0.0014093756409460313
"p1052": 0.000733853805031979
"p1053": 0.0004045604309791678
"p1054": 0.006375119721662421
"p1055": 0.0027924078119678382
"p1056": 3.9515204886337324E-05
"p1057": 0.0002577896699727721
"p1058": 0.00020698440654748124
"p1059": 0.0007940674505730644
"p1060": 0.00022391949435591154
"p1061": 0.0013924405531376008
"p1062": 0.0008128842148046537
"p1063": 0.0014112573173691901
"p1064": 0.0009239031237710299
"p1065": 0.0021865080037106652
"p1066": 0.0035375516755387706
"p1067": 0.008136368853739175
"p1068": 0.002696442314386733
"p1069": 0.004124634719564354
"p1070": 0.006836130445336358
"p1071": 0.011489516239808371
"p1072": 6.0213645541085445E-05
"p1073": 0.00026907972851172564
"p1074": 0.0008053575091120179
"p1075": 0.0016935087808430283
"p1076": 0.00029730487485910944
"p1077": 0.0011195974717795574
"p1078": 0.0022730651191759754
"p1079": 0.0027416025485425466
"p1080": 0.0007394988343014557
"p1081": 0.0012757766149017477
"p1082": 0.007855999066688492
"p1083": 0.009976648395588598
"p1084": 0.0018797947467357613
"p1085": 0.0016841003987272335
"p1086": 0.016080806712316136
