"p1024": 3.7633528463178407E-06
"p1025": 2.0698440654748124E-05
"p1026": 0.0003123582862443808
"p1027": 0.0003180033155138575
"p1028": 9.032046831162817E-05
"p1029": 0.00030859493339806287
"p1030": 0.0006567050716824634
"p1031": 0.0005889647204487421
"p1032": 0.00018440428946957417
"p1033": 0.00015053411385271363
"p1034": 0.0027416025485425474
"p1035": 0.0013002384084028137
"p1036": 0.0006209532196424437
"p1037": 0.0003594001968233538
"p1038": 0.0053082091897313135
"p1039": 0.002591068434689834
"p1040": 0
"p1041": 0
"p1042": 6.774035123372113E-05
"p1043": 5.645029269476761E-05
"p1044": 3.387017561686057E-05
"p1045": 8.467543904215141E-05
"p1046": 0.00020698440654748124
"p1047": 0.0001731142309306207
"p1048": 1.1290058538953523E-05
"p1049": 1.1290058538953523E-05
"p1050": 0.0004327855773265517
"p1051": 0.00013548070246744229
"p1052": 0.0002201561415095937
"p1053": 0.00010725555612005845
"p1054": 0.0012983567319796551
"p1055": 0.00042337719521075713
"p1056": 8.843879188846925E-05
"p1057": 0.0004929992228676371
"p1058": 0.0006698768066445756
"p1059": 0.0016615202816493266
"p1060": 0.0004102054602486446
"p1061": 0.0024800495257234568
"p1062": 0.0015542647255292683
"p1063": 0.0022975269126770414
"p1064": 0.0014545358751018454
"p1065": 0.003300460446220746
"p1066": 0.007436385224324055
"p1067": 0.014099401438729797
"p1068": 0.004273287156993908
"p1069": 0.006079696523226471
"p1070": 0.013070124435261864
"p1071": 1
"p1072": 5.645029269476761E-06
"p1073": 7.338538050319788E-05
"p1074": 0.00044783898871182307
"p1075": 0.0011158341189332398
"p1076": 0.00017499590735377957
"p1077": 0.0006284799253350793
"p1078": 0.0018779130703126022
"p1079": 0.0025101563484939996
"p1080": 0.0004309039009033928
"p1081": 0.0005946097497182189
"p1082": 0.0051746101636870314
"p1083": 0.005923517380104283
"p1084": 0.0014695892864871165
"p1085": 0.0010405670620068828
"p1086": 0.013209368490575626
