"p1024": 0.00016935087808430283
"p1025": 0.0006811668651835292
"p1026": 0.0019964586849716146
"p1027": 0.0032270750657175475
"p1028": 0.0006435333367203508
"p1029": 0.001234379733592252
"p1030": 0.003947757135787415
"p1031": 0.0043071573326107695
"p1032": 3.7633528463178407E-05
"p1033": 0.00013736237889060116
"p1034": 0.0013190551726344033
"p1035": 0.002512038024917159
"p1036": 0.00016935087808430283
"p1037": 0.0006830485416066881
"p1038": 0.0029410602493973926
"p1039": 0.004568710355429859
"p1040": 5.645029269476761E-06
"p1041": 5.645029269476761E-06
"p1042": 0.00013924405531376012
"p1043": 6.397699838740328E-05
"p1044": 5.645029269476761E-06
"p1045": 5.645029269476761E-06
"p1046": 0.00033117505047596993
"p1047": 0.00012607232035164768
"p1048": 0
"p1049": 0
"p1050": 2.4461793501065963E-05
"p1051": 1.1290058538953523E-05
"p1052": 0
"p1053": 5.645029269476761E-06
"p1054": 0.00011290058538953522
"p1055": 0.00010161052685058171
"p1056": 0.00020133937727800447
"p1057": 0.0010386853855837241
"p1058": 0.0007733690099183163
"p1059": 0.0021055959175148315
"p1060": 0.001345398642558628
"p1061": 0.0033230405632986536
"p1062": 0.0036824407601220074
"p1063": 0.007161660466542853
"p1064": 3.010682277054273E-05
"p1065": 0.00015806081954534932
"p1066": 0.00035375516755387705
"p1067": 0.0009709450343500031
"p1068": 0.0002521446407032953
"p1069": 0.001040567062006883
"p1070": 0.0016935087808430283
"p1071": 0.0033117505047596998
"p1072": 0.00011666393823585305
"p1073": 0.0003424651090149235
"p1074": 0.0022335499142896384
"p1075": 0.0029034267209342136
"p1076": 0.0007432621871477734
"p1077": 0.0010311586798910882
"p1078": 0.006841775474605835
"p1079": 0.006508718747706707
"p1080": 3.575185204001949E-05
"p1081": 6.021364554108546E-05
"p1082": 0.0007658423042256806
"p1083": 0.0014018489352533958
"p1084": 0.00016558752523798497
"p1085": 0.00029354152201279153
"p1086": 0.003910123607324237
