"p1024": 0.000707510335107754
"p1025": 0.001558028078375586
"p1026": 0.001983286950009502
"p1027": 0.003349384033222878
"p1028": 0
"p1029": 0.0003161216390906986
"p1030": 9.972885042742278E-05
"p1031": 0.0004214955187875982
"p1032": 0.00023897290574118285
"p1033": 0.0005720296326403118
"p1034": 0.000829819302613084
"p1035": 0.0022787101484454527
"p1036": 0.0003180033155138576
"p1037": 0.0011967462051290733
"p1038": 0.0020641990362053352
"p1039": 0.004277050509840227
"p1040": 0.0005381594570234513
"p1041": 0.00099352515142791
"p1042": 0.0038837801374000114
"p1043": 0.004352317566766583
"p1044": 0
"p1045": 0.00018816764231589203
"p1046": 0.0002239194943559115
"p1047": 0.0007620789513793627
"p1048": 0.0002239194943559115
"p1049": 0.0006811668651835292
"p1050": 0.004051249339061156
"p1051": 0.006068406464687519
"p1052": 0.00023520955289486504
"p1053": 0.0008523994196909909
"p1054": 0.005874593793102149
"p1055": 0.00788046086018956
"p1056": 0.000566384603370835
"p1057": 0.001157231000242736
"p1058": 0.0012343797335922517
"p1059": 0.0024725228200308215
"p1060": 0
"p1061": 0.00013548070246744226
"p1062": 1.8816764231589203E-05
"p1063": 9.596549758110492E-05
"p1064": 0.00011854561465901199
"p1065": 0.0002577896699727721
"p1066": 0.00031988499193701646
"p1067": 0.0009107313888089174
"p1068": 0.00017123255450746176
"p1069": 0.0007150370408003898
"p1070": 0.0006999836294151184
"p1071": 0.001930600010161052
"p1072": 0.000427140548057075
"p1073": 0.00030671325697490405
"p1074": 0.003548841734077724
"p1075": 0.002348332176102333
"p1076": 0
"p1077": 0.00013548070246744223
"p1078": 0.00010725555612005845
"p1079": 0.0005306327513308156
"p1080": 0.0001298356731979655
"p1081": 0.00013548070246744226
"p1082": 0.0020867791532832424
"p1083": 0.0015260395791818844
"p1084": 0.00018628596589273307
"p1085": 0.00024273625858750074
"p1086": 0.004071947779715903
