"p1024": 0.0010988990311248093
"p1025": 0.00022768284720222937
"p1026": 1
"p1027": 0.003089712686826948
"p1028": 0.00015053411385271363
"p1029": 0
"p1030": 0.0003180033155138576
"p1031": 0
"p1032": 0.0009897617985815922
"p1033": 5.8331969117926534E-05
"p1034": 0.009683106873575808
"p1035": 0.003974100605711639
"p1036": 0.0010273953270447706
"p1037": 0
"p1038": 0.008444963787137237
"p1039": 0.0020867791532832424
"p1040": 3.7633528463178407E-05
"p1041": 1.1290058538953523E-05
"p1042": 0.0013867955238681241
"p1043": 3.0106822770542726E-05
"p1044": 1.1290058538953523E-05
"p1045": 0
"p1046": 8.655711546531032E-05
"p1047": 0
"p1048": 2.4461793501065963E-05
"p1049": 0
"p1050": 0.0011045440603942862
"p1051": 1.6935087808430282E-05
"p1052": 1.6935087808430282E-05
"p1053": 0
"p1054": 0.0020209204784726806
"p1055": 0
"p1056": 0.003343739003953402
"p1057": 0.001136532559587988
"p1058": 0.009050863595394408
"p1059": 0.008446845463560393
"p1060": 0.0001674692016611439
"p1061": 0
"p1062": 0.00021639278866327584
"p1063": 0
"p1064": 0.0010518571205458363
"p1065": 0.00011101890896637632
"p1066": 0.006918924207955351
"p1067": 0.003765234522740999
"p1068": 0.0024649961143381853
"p1069": 0.00013171734962112442
"p1070": 0.007157897113696534
"p1071": 0.00465338579447201
"p1072": 0.0010405670620068828
"p1073": 0.0001298356731979655
"p1074": 0.01424240884688987
"p1075": 0.00406065772117695
"p1076": 0.0002201561415095937
"p1077": 0
"p1078": 0.0006868118944530059
"p1079": 0
"p1080": 0.000570147956217153
"p1081": 9.408382115794602E-06
"p1082": 0.011700263999202168
"p1083": 0.0034604029421892546
"p1084": 0.0009615366522342083
"p1085": 1.8816764231589203E-05
"p1086": 0.01682030554661759
