"p1024": 0.0023502138525254923
"p1025": 7.714873334951574E-05
"p1026": 0.003110411127481696
"p1027": 0.003010682277054273
"p1028": 1
"p1029": 0.00030106822770542725
"p1030": 0.005594224006051471
"p1031": 0.003927058695132667
"p1032": 0.002566606641188768
"p1033": 0
"p1034": 0.0021055959175148324
"p1035": 0.0019117832459294632
"p1036": 0.0027735910477362487
"p1037": 0
"p1038": 0.002525209759879271
"p1039": 0.0015711998133376985
"p1040": 0.00020698440654748124
"p1041": 0
"p1042": 0.0008486360668446731
"p1043": 3.3870175616860565E-05
"p1044": 0.0003725719317854662
"p1045": 1.1290058538953523E-05
"p1046": 0.001723615603613571
"p1047": 6.39769983874033E-05
"p1048": 4.704191057897301E-05
"p1049": 0
"p1050": 0.00016558752523798497
"p1051": 0
"p1052": 0.00038950701959389653
"p1053": 0
"p1054": 0.0007620789513793627
"p1055": 1.6935087808430282E-05
"p1056": 0.0029015450445110547
"p1057": 0.000237091229318024
"p1058": 0.0020924241825527193
"p1059": 0.004824618348979471
"p1060": 0.00571841464997996
"p1061": 0.001204272910821709
"p1062": 0.006499310365590912
"p1063": 0.011623115265852654
"p1064": 0.0016878637515735518
"p1065": 0
"p1066": 0.0007601972749562037
"p1067": 0.0015730814897608571
"p1068": 0.00221285147363489
"p1069": 2.2580117077907045E-05
"p1070": 0.001465825933640799
"p1071": 0.002259893384213863
"p1072": 0.0032139033307554367
"p1073": 1.1290058538953523E-05
"p1074": 0.005754166502019978
"p1075": 0.003091594363250106
"p1076": 0.005084289695375404
"p1077": 0.00010725555612005845
"p1078": 0.01349538330689578
"p1079": 0.005584815623935677
"p1080": 0.0022015614150959367
"p1081": 0
"p1082": 0.0022279048850201624
"p1083": 0.0012400247628617286
"p1084": 0.004988324197794298
"p1085": 0
"p1086": 0.0047644047034383855
