"p1024": 0.00019569434800852773
"p1025": 0.0008900329481541691
"p1026": 0.000756433922109886
"p1027": 0.0009841167693121155
"p1028": 0
"p1029": 0
"p1030": 2.4461793501065963E-05
"p1031": 0.00012607232035164766
"p1032": 0.0021262943581695803
"p1033": 0.0030596058640564045
"p1034": 0.0057616932077126145
"p1035": 0.009391447027986175
"p1036": 0.0005231060456381798
"p1037": 0.0010575021498153135
"p1038": 0.00264940040380776
"p1039": 0.0041490965130654206
"p1040": 0.00018440428946957422
"p1041": 0.0007696056570719984
"p1042": 0.001439482463716574
"p1043": 0.0016107150182240355
"p1044": 0
"p1045": 0
"p1046": 7.150370408003898E-05
"p1047": 0.00027096140493488457
"p1048": 0.0014037306116765544
"p1049": 0.0021074775939379908
"p1050": 0.01183386302524645
"p1051": 1
"p1052": 0.0002709614049348845
"p1053": 0.000494880899290796
"p1054": 0.00648425695420564
"p1055": 0.005840723617485289
"p1056": 0.00011478226181269414
"p1057": 0.0006585867481056221
"p1058": 0.00025402631712645424
"p1059": 0.00046853742936657115
"p1060": 0
"p1061": 0
"p1062": 5.645029269476761E-06
"p1063": 3.010682277054273E-05
"p1064": 0.0017123255450746174
"p1065": 0.0024744044964539807
"p1066": 0.003334330621837608
"p1067": 0.007344183079589268
"p1068": 0.00035563684397703593
"p1069": 0.0007714873334951574
"p1070": 0.0010368037091605653
"p1071": 0.002722785784310958
"p1072": 0.00018628596589273313
"p1073": 0.0005475678391392457
"p1074": 0.0016878637515735516
"p1075": 0.0015410929905671558
"p1076": 0
"p1077": 0
"p1078": 5.080526342529084E-05
"p1079": 0.0002314462000485472
"p1080": 0.0020190388020495213
"p1081": 0.0012795399677480654
"p1082": 0.012106706106604493
"p1083": 0.006711939801407871
"p1084": 0.00032364834478333426
"p1085": 0.00025778966997277205
"p1086": 0.006224585607809708
