"p1024": 0.0005720296326403118
"p1025": 5.645029269476761E-06
"p1026": 0.0011704027352048485
"p1027": 0.000541922809869769
"p1028": 0.0012569598506701589
"p1029": 0.0001016105268505817
"p1030": 0.002775472724159407
"p1031": 0.0015147495206429308
"p1032": 0.0001637058488148261
"p1033": 0
"p1034": 0.00017687758377693847
"p1035": 6.774035123372113E-05
"p1036": 0.0007112736879540719
"p1037": 0
"p1038": 0.0006567050716824633
"p1039": 0.0003518734911307181
"p1040": 0.001016105268505817
"p1041": 5.645029269476761E-06
"p1042": 0.0028055795469299504
"p1043": 0.0005946097497182189
"p1044": 0.0015166311970660898
"p1045": 6.39769983874033E-05
"p1046": 0.005588578976781994
"p1047": 0.0011497042945501001
"p1048": 0.0004647740765202533
"p1049": 0
"p1050": 0.0007733690099183163
"p1051": 0.00011666393823585305
"p1052": 0.0016558752523798499
"p1053": 0
"p1054": 0.002715259078618322
"p1055": 0.00034434678543808245
"p1056": 0.003166861420176463
"p1057": 0.0002145111122401169
"p1058": 0.0026475187273846006
"p1059": 0.004961980727870074
"p1060": 0.005289392425499726
"p1061": 0.0010123419156594991
"p1062": 0.005761693207712615
"p1063": 0.010185514478559237
"p1064": 0.0018910848052747149
"p1065": 0
"p1066": 0.0008806245660383748
"p1067": 0.001349161995404946
"p1068": 0.002703969020079369
"p1069": 2.2580117077907045E-05
"p1070": 0.0013604520539438995
"p1071": 0.0019004931873905094
"p1072": 0.0037163109357388688
"p1073": 8.27937626189925E-05
"p1074": 0.005387239599503988
"p1075": 0.004457691446463482
"p1076": 1
"p1077": 0.00032929337405281106
"p1078": 0.013642154067902175
"p1079": 0.00737617157878297
"p1080": 0.003688085789391484
"p1081": 0
"p1082": 0.0029975105420921603
"p1083": 0.0029636403664752994
"p1084": 0.005464388332853505
"p1085": 0
"p1086": 0.00557728891824304
