"p1024": 0.0001749959073537796
"p1025": 0.0008674528310762624
"p1026": 3.7633528463178407E-05
"p1027": 0.00017875926020009746
"p1028": 0.0008015941562657
"p1029": 0.0019945770085484553
"p1030": 0.00015053411385271363
"p1031": 0.0006924569237224825
"p1032": 0.0010010518571205457
"p1033": 0.002408545821643418
"p1034": 0.0002803697870506791
"p1035": 0.0012136812929375036
"p1036": 0.0021300577110158984
"p1037": 0.004250707039916002
"p1038": 0.0009765900636194797
"p1039": 0.002863911516047877
"p1040": 0.0006567050716824632
"p1041": 0.001894848158121033
"p1042": 0.00013359902604428335
"p1043": 0.00028225146347383805
"p1044": 0.0016201234003398305
"p1045": 0.003134872920982761
"p1046": 0.0003236483447833343
"p1047": 0.0008411093611520374
"p1048": 0.002732194166426752
"p1049": 0.005295037454769202
"p1050": 0.0009144947416552353
"p1051": 0.0015185128734892487
"p1052": 0.005522720301971432
"p1053": 0.007919976065075898
"p1054": 0.002628701963153012
"p1055": 0.002587305081843516
"p1056": 1.1290058538953523E-05
"p1057": 0.0001505341138527136
"p1058": 0
"p1059": 1.6935087808430286E-05
"p1060": 0.00022203781793275258
"p1061": 0.0007601972749562039
"p1062": 3.7633528463178407E-05
"p1063": 0.0004723007822128889
"p1064": 0.0002690797285117256
"p1065": 0.0008110025383814948
"p1066": 5.6450292694767617E-05
"p1067": 0.000472300782212889
"p1068": 0.0014056122880997135
"p1069": 0.002775472724159408
"p1070": 0.0004628924000970944
"p1071": 0.0022373132671359565
"p1072": 0.0002897781691664738
"p1073": 0.0005080526342529084
"p1074": 4.139688130949625E-05
"p1075": 4.327855773265517E-05
"p1076": 0.0012362614100154107
"p1077": 0.0020698440654748126
"p1078": 0.00023144620004854723
"p1079": 0.00031423996266753966
"p1080": 0.0012851849970175423
"p1081": 0.0014507725222555276
"p1082": 0.0004798274879055247
"p1083": 0.0003048315805517451
"p1084": 0.004429466300116099
"p1085": 0.0044539280936171655
"p1086": 0.0023163436769086305
