"p1024": 8.467543904215141E-05
"p1025": 0
"p1026": 2.2580117077907045E-05
"p1027": 2.0698440654748124E-05
"p1028": 0.0003104766098212219
"p1029": 4.327855773265517E-05
"p1030": 0.00018252261304641527
"p1031": 0.00020886608297064017
"p1032": 0.00016935087808430283
"p1033": 5.645029269476761E-06
"p1034": 0.00021074775939379907
"p1035": 0.00012419064392848875
"p1036": 0.0006077814846803313
"p1037": 2.2580117077907045E-05
"p1038": 0.000897559653846805
"p1039": 0.00059272807329506
"p1040": 0.0002878964927433148
"p1041": 0
"p1042": 0.00018064093662325633
"p1043": 0.00010725555612005847
"p1044": 0.0007319721286088199
"p1045": 3.9515204886337324E-05
"p1046": 0.00045724737082761767
"p1047": 0.00031800331551385763
"p1048": 0.0007056286586845952
"p1049": 5.645029269476761E-06
"p1050": 0.0011534676473964182
"p1051": 0.0003612818732465127
"p1052": 0.0018496879239652186
"p1053": 1.6935087808430282E-05
"p1054": 0.003001273894938478
"p1055": 0.0009107313888089175
"p1056": 0.0008110025383814947
"p1057": 0
"p1058": 0.00025402631712645424
"p1059": 0.0003405834325917647
"p1060": 0.001955061803662118
"p1061": 0.00045724737082761767
"p1062": 0.0006868118944530059
"p1063": 0.0015843715482998107
"p1064": 0.0025873050818435153
"p1065": 0.00013924405531376012
"p1066": 0.000944601564425778
"p1067": 0.002630583639576171
"p1068": 0.005095579753914357
"p1069": 0.0007131553643772309
"p1070": 0.00291095342662685
"p1071": 0.006627264362365718
"p1072": 0.0017875926020009744
"p1073": 0
"p1074": 0.0007188003936467076
"p1075": 0.0007997124798425412
"p1076": 0.0036730323780062124
"p1077": 0.00022956452362538825
"p1078": 0.0020340922134347928
"p1079": 0.0020660807126284945
"p1080": 0.004928110552253212
"p1081": 6.39769983874033E-05
"p1082": 0.0030144456299005906
"p1083": 0.004156623218758055
"p1084": 0.009440370614988303
"p1085": 0.0002295645236253883
"p1086": 0.009848694398813793
