"p1024": 0.00015053411385271363
"p1025": 1.1290058538953523E-05
"p1026": 0.0011892194994364376
"p1027": 0.00033870175616860566
"p1028": 7.903040977267466E-05
"p1029": 0
"p1030": 9.972885042742277E-05
"p1031": 7.5267056926356815E-06
"p1032": 3.387017561686057E-05
"p1033": 0
"p1034": 0.0001938126715853688
"p1035": 9.408382115794602E-06
"p1036": 0.00013548070246744226
"p1037": 0
"p1038": 0.0010368037091605651
"p1039": 0.00013548070246744226
"p1040": 0.00012607232035164766
"p1041": 1.1290058538953523E-05
"p1042": 0.002899663368087896
"p1043": 0.0005325144277539745
"p1044": 6.585867481056221E-05
"p1045": 0
"p1046": 0.00023709122931802392
"p1047": 1.5053411385271363E-05
"p1048": 4.704191057897301E-05
"p1049": 0
"p1050": 0.001319055172634403
"p1051": 0.00014112573173691902
"p1052": 0.00012042729108217089
"p1053": 0
"p1054": 0.003874371755284217
"p1055": 0.0002747247577812024
"p1056": 0.0021808629744411888
"p1057": 0.00039327037244021434
"p1058": 0.004941282287215325
"p1059": 0.004145333160219101
"p1060": 0.000451602341558141
"p1061": 0
"p1062": 0.0005682662797939939
"p1063": 5.6450292694767617E-05
"p1064": 0.0007959491269962233
"p1065": 2.6343469924224887E-05
"p1066": 0.003012563953477432
"p1067": 0.0014564175515250045
"p1068": 0.0016822187223040747
"p1069": 3.0106822770542726E-05
"p1070": 0.006181307050077056
"p1071": 0.002553434906226655
"p1072": 0.00101046023923634
"p1073": 0.00013736237889060122
"p1074": 0.009267256384057683
"p1075": 0.004073829456139063
"p1076": 0.0002389729057411829
"p1077": 0
"p1078": 0.0012400247628617286
"p1079": 0.0001279539967748066
"p1080": 0.000684930218029847
"p1081": 2.4461793501065963E-05
"p1082": 0.008905974510811172
"p1083": 0.00388754349024633
"p1084": 0.000920139770924712
"p1085": 0
"p1086": 0.014272515669660413
