"p1024": 0.0010988990311248095
"p1025": 3.7633528463178407E-05
"p1026": 0.003343739003953402
"p1027": 0.0010405670620068828
"p1028": 0.00015053411385271363
"p1029": 2.6343469924224887E-05
"p1030": 4.704191057897301E-05
"p1031": 0
"p1032": 0.0008843879188846928
"p1033": 1.8816764231589204E-06
"p1034": 0.002321988706178108
"p1035": 0.0005325144277539745
"p1036": 0.002188389680133824
"p1037": 3.7633528463178407E-06
"p1038": 0.00444451971150137
"p1039": 0.000636006631027715
"p1040": 0.00022768284720222937
"p1041": 1.1290058538953523E-05
"p1042": 0.001136532559587988
"p1043": 0.0001298356731979655
"p1044": 4.516023415581409E-05
"p1045": 5.645029269476761E-06
"p1046": 1.1290058538953523E-05
"p1047": 0
"p1048": 6.774035123372114E-05
"p1049": 0
"p1050": 0.000353755167553877
"p1051": 2.2580117077907045E-05
"p1052": 0.0003180033155138576
"p1053": 0
"p1054": 0.000829819302613084
"p1055": 3.198849919370165E-05
"p1056": 1
"p1057": 0.0013867955238681241
"p1058": 0.009050863595394408
"p1059": 0.014242408846889869
"p1060": 0.00039515204886337327
"p1061": 0.00018064093662325636
"p1062": 0.00012419064392848875
"p1063": 0
"p1064": 0.00854092928471834
"p1065": 0.00018628596589273313
"p1066": 0.007605736102408357
"p1067": 0.009961594984203327
"p1068": 0.007728045069913686
"p1069": 0.00015053411385271365
"p1070": 0.0073328930210503135
"p1071": 0.008036640003311748
"p1072": 0.0030897126868269474
"p1073": 3.0106822770542726E-05
"p1074": 0.008446845463560393
"p1075": 0.00406065772117695
"p1076": 0.0005400411334466101
"p1077": 2.0698440654748124E-05
"p1078": 0.00013359902604428335
"p1079": 0
"p1080": 0.0037558261406252054
"p1081": 1.8816764231589204E-06
"p1082": 0.0053157358954239505
"p1083": 0.003326803916144971
"p1084": 0.006111685022420173
"p1085": 3.7633528463178407E-06
"p1086": 0.007765678598376865
