"p1024": 0.0014978144328345008
"p1025": 0.002054790654089541
"p1026": 0.0036786774072756893
"p1027": 0.004892358700213194
"p1028": 0
"p1029": 0.00019569434800852773
"p1030": 5.833196911792653E-05
"p1031": 0.00020698440654748124
"p1032": 0.0006021364554108545
"p1033": 0.0009558916229647316
"p1034": 0.00212629435816958
"p1035": 0.004611988913162514
"p1036": 0.0006999836294151184
"p1037": 0.001537329637720838
"p1038": 0.003266590270603885
"p1039": 0.00470795441074362
"p1040": 0.000827937626189925
"p1041": 0.0010669105319311078
"p1042": 0.005167083457994395
"p1043": 1
"p1044": 0
"p1045": 0.00011666393823585305
"p1046": 0.00012042729108217089
"p1047": 0.0003725719317854662
"p1048": 0.0005645029269476761
"p1049": 0.0010085785628131815
"p1050": 0.006960321089264847
"p1051": 0.008761085426227935
"p1052": 0.0004102054602486446
"p1053": 0.0009427198880026192
"p1054": 0.007214347406391302
"p1055": 0.0061963604614623255
"p1056": 0.001413138993792349
"p1057": 0.002037855566281111
"p1058": 0.002506392995647682
"p1059": 0.0051087514888764705
"p1060": 0
"p1061": 7.338538050319791E-05
"p1062": 1.1290058538953523E-05
"p1063": 4.704191057897301E-05
"p1064": 0.0002991865512822683
"p1065": 0.00041773216594128033
"p1066": 0.0008561627725373088
"p1067": 0.0023012902655233595
"p1068": 0.00048735419359816035
"p1069": 0.0012324980571690929
"p1070": 0.0013397536132891514
"p1071": 0.0031405179502522387
"p1072": 0.0014225473759081437
"p1073": 0.0008166475676509714
"p1074": 0.007524824016212524
"p1075": 0.003881898460976853
"p1076": 0
"p1077": 0.00016370584881482606
"p1078": 0.00010161052685058171
"p1079": 0.0003895070195938965
"p1080": 0.0005362777806002922
"p1081": 0.000353755167553877
"p1082": 0.004892358700213193
"p1083": 0.0029316518672815976
"p1084": 0.0005080526342529085
"p1085": 0.0006153081903729669
"p1086": 0.007383698284475604
