"p1024": 0.0015091044913734543
"p1025": 0.0025383814948413837
"p1026": 0.001087608972585856
"p1027": 0.00237091229318024
"p1028": 0.002813106252622586
"p1029": 0.0034566395893429382
"p1030": 0.002342687146832856
"p1031": 0.004378661036690807
"p1032": 0.0005720296326403117
"p1033": 0.0017556041028072727
"p1034": 0.00024085458216434178
"p1035": 0.0005795563383329477
"p1036": 0.0011026623839711272
"p1037": 0.0020641990362053357
"p1038": 0.00034246510901492347
"p1039": 0.0010443304148532008
"p1040": 0.0025684883176119266
"p1041": 0.0033851358852628986
"p1042": 0.0019211916280452573
"p1043": 0.001913664922352622
"p1044": 0.0037445360820862516
"p1045": 1
"p1046": 0.0038141581097431323
"p1047": 0.002818751281892063
"p1048": 0.002041618919127429
"p1049": 0.0037577078170483637
"p1050": 0.0010593838262384723
"p1051": 0.0009765900636194795
"p1052": 0.0027848811062752016
"p1053": 0.0038160397861662907
"p1054": 0.001198627881552232
"p1055": 0.0010913723254321738
"p1056": 0.0007620789513793628
"p1057": 0.0016351768117251018
"p1058": 0.00039703372528653215
"p1059": 0.0015956616068387645
"p1060": 0.00249322126068557
"p1061": 0.0036466889080819884
"p1062": 0.0015166311970660898
"p1063": 0.004854725171750015
"p1064": 0.00016935087808430286
"p1065": 0.0006585867481056221
"p1066": 5.080526342529084E-05
"p1067": 0.00021451111224011693
"p1068": 0.00046853742936657126
"p1069": 0.0010706738847774259
"p1070": 0.00010349220327374062
"p1071": 0.0007601972749562039
"p1072": 0.002468759467184504
"p1073": 0.002071725741897972
"p1074": 0.0018986115109673506
"p1075": 0.0007790140391877931
"p1076": 0.005535892036933544
"p1077": 0.0037351276999704574
"p1078": 0.005748521472750501
"p1079": 0.0021375844167085332
"p1080": 0.0011271241774721934
"p1081": 0.0011534676473964182
"p1082": 0.0005042892814065906
"p1083": 0.0001542974666990315
"p1084": 0.002852621457508923
"p1085": 0.003400189296648169
"p1086": 0.0009916434750047512
