"p1024": 0.0001825226130464153
"p1025": 0
"p1026": 0.0008091208619583355
"p1027": 0.00012983567319796552
"p1028": 0.0009050863595394406
"p1029": 0
"p1030": 0.0017650124849230672
"p1031": 0.0004403122830191874
"p1032": 0.001369860436059694
"p1033": 0.00012419064392848875
"p1034": 0.005919754027257964
"p1035": 0.003661742319467259
"p1036": 0.0019870503028558196
"p1037": 0.0004760641350592069
"p1038": 0.008793073925421634
"p1039": 0.0050523011961817015
"p1040": 0.00021827446508643477
"p1041": 0
"p1042": 0.0020585540069358588
"p1043": 0.0003706902553623073
"p1044": 0.0007470255399940914
"p1045": 0
"p1046": 0.002965522042898458
"p1047": 0.0006341249546045561
"p1048": 0.0010725555612005847
"p1049": 5.8331969117926534E-05
"p1050": 0.011617470236583178
"p1051": 0.005368422835272399
"p1052": 0.0010311586798910884
"p1053": 0.0001938126715853688
"p1054": 1
"p1055": 0.005605514064590424
"p1056": 7.33853805031979E-05
"p1057": 0
"p1058": 0.00020886608297064017
"p1059": 3.010682277054273E-05
"p1060": 0.0006472966895666686
"p1061": 0
"p1062": 0.0008335826554594018
"p1063": 0.0001373623788906012
"p1064": 0.0008335826554594017
"p1065": 8.467543904215143E-05
"p1066": 0.002741602548542547
"p1067": 0.002030328860588475
"p1068": 0.001774420867038862
"p1069": 0.0005306327513308156
"p1070": 0.006952794383572212
"p1071": 0.004862251877442651
"p1072": 4.7041910578973015E-05
"p1073": 0
"p1074": 0.001198627881552232
"p1075": 0.0001016105268505817
"p1076": 0.0006567050716824631
"p1077": 0
"p1078": 0.0034622846186124143
"p1079": 0.000284133139896997
"p1080": 0.00037445360820862513
"p1081": 2.8225146347383808E-05
"p1082": 0.00819281914643394
"p1083": 0.0013453986425586283
"p1084": 0.0010066968863900222
"p1085": 0.0001580608195453493
"p1086": 0.019968350202562466
