"p1024": 0.00012607232035164766
"p1025": 1.1290058538953523E-05
"p1026": 0.003198849919370165
"p1027": 0.0004534840179812997
"p1028": 0.00039891540170969097
"p1029": 8.467543904215139E-05
"p1030": 0.006075933170380153
"p1031": 0.0009069680359625996
"p1032": 2.634346992422488E-05
"p1033": 0
"p1034": 0.0011515859709732594
"p1035": 9.408382115794602E-05
"p1036": 0.0001919309951622099
"p1037": 0
"p1038": 0.0038235664918589264
"p1039": 0.0001486524374295547
"p1040": 1.1290058538953523E-05
"p1041": 0
"p1042": 0.0005983731025645366
"p1043": 1.1290058538953523E-05
"p1044": 0.00013548070246744229
"p1045": 1.6935087808430282E-05
"p1046": 0.0018779130703126027
"p1047": 7.903040977267465E-05
"p1048": 0
"p1049": 0
"p1050": 9.784717400426387E-05
"p1051": 0
"p1052": 2.8225146347383805E-05
"p1053": 0
"p1054": 0.0006623501009519399
"p1055": 3.7633528463178407E-06
"p1056": 0.0026381103452688065
"p1057": 0.00030106822770542725
"p1058": 0.009573969641032588
"p1059": 0.006781561829064749
"p1060": 0.005031602755526953
"p1061": 0.001471470962910276
"p1062": 1
"p1063": 0.012870666734407017
"p1064": 0.0004911175464444783
"p1065": 0
"p1066": 0.006967847794957482
"p1067": 0.0029391785729742334
"p1068": 0.0020698440654748126
"p1069": 0
"p1070": 0.008471307257061461
"p1071": 0.0020886608297064017
"p1072": 0.0005325144277539745
"p1073": 1.6935087808430286E-05
"p1074": 0.006792851887603703
"p1075": 0.0025910684346898334
"p1076": 0.0011534676473964178
"p1077": 7.903040977267465E-05
"p1078": 0.0169068626620829
"p1079": 0.005031602755526953
"p1080": 8.843879188846925E-05
"p1081": 0
"p1082": 0.0029862204835532065
"p1083": 0.0010480937676995187
"p1084": 0.00035375516755387705
"p1085": 0
"p1086": 0.008096853648852834
