"p1024": 0
"p1025": 1.8816764231589204E-06
"p1026": 3.7633528463178407E-05
"p1027": 8.843879188846925E-05
"p1028": 6.585867481056221E-05
"p1029": 0.00022956452362538833
"p1030": 0.00020698440654748124
"p1031": 0.00030671325697490405
"p1032": 3.7633528463178407E-05
"p1033": 3.7633528463178407E-05
"p1034": 0.00022203781793275258
"p1035": 0.00019004931873905094
"p1036": 0.00024085458216434186
"p1037": 0.00018064093662325636
"p1038": 0.0009370748587331423
"p1039": 0.0007620789513793629
"p1040": 0
"p1041": 3.7633528463178407E-06
"p1042": 0.0002239194943559115
"p1043": 0.0003010682277054272
"p1044": 6.585867481056221E-05
"p1045": 0.0002201561415095937
"p1046": 0.0005852013676024242
"p1047": 0.0007601972749562036
"p1048": 3.7633528463178407E-05
"p1049": 3.7633528463178407E-05
"p1050": 0.0012682499092091125
"p1051": 0.000730090452185661
"p1052": 0.00020698440654748126
"p1053": 0.00014865243742955472
"p1054": 0.0031217011860206496
"p1055": 0.0020096304199337268
"p1056": 3.387017561686057E-05
"p1057": 0.000259671346395931
"p1058": 0.00021827446508643477
"p1059": 0.0010029335335437046
"p1060": 0.00021827446508643477
"p1061": 0.001748077397114637
"p1062": 0.0009859984457352743
"p1063": 0.0022316682378664796
"p1064": 0.0002653163756654078
"p1065": 0.0012080362636680269
"p1066": 0.0014281924051776206
"p1067": 0.0035657768218861543
"p1068": 0.001296475055556496
"p1069": 0.0028940183388184194
"p1070": 0.0037313643471241394
"p1071": 0.007901159300844307
"p1072": 3.951520488633733E-05
"p1073": 0.0002239194943559115
"p1074": 0.0008655711546531033
"p1075": 0.00210935927036115
"p1076": 0.0002559079935496132
"p1077": 0.0011271241774721934
"p1078": 0.002525209759879271
"p1079": 0.00428457721553286
"p1080": 0.00023332787647170614
"p1081": 0.0008072391855351768
"p1082": 0.0039458754593642556
"p1083": 0.006687478007906806
"p1084": 0.0008411093611520374
"p1085": 0.001230616380745934
"p1086": 0.011355917213764086
