"p1024": 0.0009295481530405066
"p1025": 0.0005889647204487421
"p1026": 0.0022354315907127968
"p1027": 0.0015843715482998107
"p1028": 0
"p1029": 9.596549758110493E-05
"p1030": 2.2580117077907042E-05
"p1031": 7.150370408003896E-05
"p1032": 0.00025778966997277205
"p1033": 0.00015994249596850823
"p1034": 0.0005325144277539745
"p1035": 0.00043090390090339274
"p1036": 0.000308594933398063
"p1037": 0.0003951520488633734
"p1038": 0.0015881349011461288
"p1039": 0.0013792688181754884
"p1040": 0.000588964720448742
"p1041": 0.0003424651090149235
"p1042": 0.0037388910528167755
"p1043": 0.0015185128734892487
"p1044": 0
"p1045": 8.843879188846926E-05
"p1046": 5.8331969117926534E-05
"p1047": 0.00019569434800852776
"p1048": 0.00027848811062752024
"p1049": 0.00018064093662325636
"p1050": 0.002476286172877139
"p1051": 0.001042448738430042
"p1052": 0.00015429746669903146
"p1053": 0.00022203781793275263
"p1054": 0.004700427705050983
"p1055": 0.0024612327614918677
"p1056": 0.0022354315907127977
"p1057": 0.003738891052816775
"p1058": 0.005044774490489066
"p1059": 0.008738505309150029
"p1060": 0
"p1061": 0.00024085458216434183
"p1062": 6.021364554108546E-05
"p1063": 0.0002333278764717061
"p1064": 0.0008128842148046535
"p1065": 0.001300238408402814
"p1066": 0.0027434842249657062
"p1067": 0.006559524011131998
"p1068": 0.000929548153040507
"p1069": 0.002378438998872875
"p1070": 0.003985390664250593
"p1071": 0.006986664559189074
"p1072": 0.0015843715482998105
"p1073": 0.0015185128734892482
"p1074": 0.008738505309150027
"p1075": 1
"p1076": 0
"p1077": 0.0001844042894695742
"p1078": 0.00017123255450746176
"p1079": 0.0006077814846803313
"p1080": 0.0007526705692635681
"p1081": 0.0011271241774721934
"p1082": 0.009052745271817568
"p1083": 0.010605128320923678
"p1084": 0.000684930218029847
"p1085": 0.0012757766149017482
"p1086": 0.010230674712715052
