"p1024": 0.0002051027301243223
"p1025": 0.0001768775837769385
"p1026": 0.0010179869449289758
"p1027": 0.0007150370408003897
"p1028": 0.0011026623839711274
"p1029": 0.0007677239806488395
"p1030": 0.002502629642801364
"p1031": 0.0017424323678451603
"p1032": 3.9515204886337324E-05
"p1033": 3.198849919370165E-05
"p1034": 0.00016182417239166713
"p1035": 0.0001825226130464153
"p1036": 0.00012042729108217089
"p1037": 0.00026343469924224885
"p1038": 0.000590846396871901
"p1039": 0.0007263270993393433
"p1040": 0.0001505341138527136
"p1041": 0.00012607232035164766
"p1042": 0.002551553229803496
"p1043": 0.001121479148202717
"p1044": 0.0007282087757625022
"p1045": 0.0004892358700213191
"p1046": 0.004956335698600597
"p1047": 0.001821462777617835
"p1048": 3.3870175616860565E-05
"p1049": 2.634346992422488E-05
"p1050": 0.000756433922109886
"p1051": 0.00048735419359816035
"p1052": 9.032046831162818E-05
"p1053": 0.0001919309951622099
"p1054": 0.0024781678493002992
"p1055": 0.0016558752523798499
"p1056": 0.0007771323627646341
"p1057": 0.001992695332125297
"p1058": 0.0027416025485425466
"p1059": 0.0059705592906832555
"p1060": 0.002628701963153012
"p1061": 0.0041660316008738495
"p1062": 0.006143673521613875
"p1063": 0.009974766719165442
"p1064": 0.00014677076100639576
"p1065": 0.0002803697870506791
"p1066": 0.0008937963010004874
"p1067": 0.0026042401696519456
"p1068": 0.00033682007974544673
"p1069": 0.0011553493238195772
"p1070": 0.001633295135301943
"p1071": 0.0031160561567511727
"p1072": 0.0005682662797939942
"p1073": 0.001038685385583724
"p1074": 0.005255522249882865
"p1075": 0.00578991835406
"p1076": 0.001815817748348358
"p1077": 0.001791355954847292
"p1078": 0.012473633009120485
"p1079": 1
"p1080": 0.00017123255450746176
"p1081": 0.0002671980520885667
"p1082": 0.0032741169762965216
"p1083": 0.005099343106760676
"p1084": 0.0003424651090149235
"p1085": 0.0009464832408489368
"p1086": 0.0056694910629778265
