"p1024": 0.001748077397114637
"p1025": 0.0001956943480085277
"p1026": 0.0008956779774236461
"p1027": 0.001507222814950295
"p1028": 0.0004760641350592068
"p1029": 0
"p1030": 7.150370408003898E-05
"p1031": 5.2686939848449775E-05
"p1032": 0.0059950210841843215
"p1033": 0.0002653163756654078
"p1034": 0.00527998404338393
"p1035": 0.006139910168767557
"p1036": 0.0043240924204191985
"p1037": 0
"p1038": 0.002459351085068709
"p1039": 0.002833804693277334
"p1040": 4.704191057897301E-05
"p1041": 0
"p1042": 3.0106822770542726E-05
"p1043": 1.8816764231589207E-05
"p1044": 1.1290058538953523E-05
"p1045": 0
"p1046": 0
"p1047": 0
"p1048": 0.00012419064392848875
"p1049": 0
"p1050": 0.00041773216594128033
"p1051": 2.6343469924224884E-05
"p1052": 0.00013359902604428335
"p1053": 0
"p1054": 0.0001825226130464153
"p1055": 1.8816764231589207E-05
"p1056": 0.0013510436718281048
"p1057": 0.0005306327513308156
"p1058": 0.0008298193026130838
"p1059": 0.0013359902604428335
"p1060": 0.00015617914312219037
"p1061": 0
"p1062": 2.0698440654748124E-05
"p1063": 7.5267056926356815E-06
"p1064": 0.005012785991295364
"p1065": 0.0009144947416552353
"p1066": 0.003144281303098556
"p1067": 0.007927502770768532
"p1068": 0.003183796507984893
"p1069": 7.903040977267465E-05
"p1070": 0.0014263107287544612
"p1071": 0.002472522820030821
"p1072": 0.0027209041078877986
"p1073": 6.774035123372113E-05
"p1074": 0.001765012484923067
"p1075": 0.001326581878327039
"p1076": 0.0005231060456381799
"p1077": 0
"p1078": 6.021364554108545E-05
"p1079": 4.139688130949625E-05
"p1080": 0.005381594570234513
"p1081": 3.7633528463178407E-05
"p1082": 0.00734041972674295
"p1083": 0.004841553436787903
"p1084": 0.0057541665020199775
"p1085": 7.5267056926356815E-06
"p1086": 0.003808513080473655
