"p1024": 0.00012607232035164766
"p1025": 1.1290058538953523E-05
"p1026": 0.002638110345268806
"p1027": 0.0005325144277539745
"p1028": 6.585867481056221E-05
"p1029": 0
"p1030": 0.00022580117077907038
"p1031": 1.5053411385271363E-05
"p1032": 4.704191057897301E-05
"p1033": 0
"p1034": 0.0012550781742469998
"p1035": 0.00014112573173691902
"p1036": 0.00012042729108217089
"p1037": 0
"p1038": 0.003703139200776755
"p1039": 0.0002747247577812024
"p1040": 1.1290058538953523E-05
"p1041": 0
"p1042": 0.00030106822770542725
"p1043": 1.6935087808430286E-05
"p1044": 0
"p1045": 0
"p1046": 1.1290058538953523E-05
"p1047": 0
"p1048": 0
"p1049": 0
"p1050": 7.526705692635681E-05
"p1051": 0
"p1052": 5.645029269476761E-06
"p1053": 0
"p1054": 0.00018816764231589203
"p1055": 0
"p1056": 0.0031988499193701643
"p1057": 0.0005983731025645369
"p1058": 0.009573969641032586
"p1059": 0.006792851887603701
"p1060": 0.0005607395741013582
"p1061": 0
"p1062": 0.0010424487384300418
"p1063": 0.00011666393823585308
"p1064": 0.001277658291324907
"p1065": 5.080526342529085E-05
"p1066": 0.008687700045724738
"p1067": 0.00425447039276232
"p1068": 0.002542144847687702
"p1069": 3.0106822770542726E-05
"p1070": 0.013521726776820007
"p1071": 0.005084289695375403
"p1072": 0.0004534840179812998
"p1073": 1.1290058538953523E-05
"p1074": 0.0067815618290647485
"p1075": 0.002591068434689833
"p1076": 0.00022580117077907047
"p1077": 0
"p1078": 0.000895677977423646
"p1079": 7.526705692635681E-05
"p1080": 0.00029730487485910944
"p1081": 0
"p1082": 0.003832974873974721
"p1083": 0.00144700916940921
"p1084": 0.00034811013828440026
"p1085": 0
"p1086": 0.008567272754642568
