"p1024": 0.0014978144328345005
"p1025": 0
"p1026": 0.0006021364554108545
"p1027": 0.0006999836294151184
"p1028": 0.002054790654089541
"p1029": 0.0001956943480085277
"p1030": 0.0009558916229647317
"p1031": 0.0015373296377208378
"p1032": 0.003678677407275689
"p1033": 5.8331969117926534E-05
"p1034": 0.00212629435816958
"p1035": 0.003266590270603885
"p1036": 0.004892358700213194
"p1037": 0.00020698440654748124
"p1038": 0.0046119889131625135
"p1039": 0.004707954410743618
"p1040": 2.258011707790705E-05
"p1041": 0
"p1042": 1.1290058538953523E-05
"p1043": 7.5267056926356815E-06
"p1044": 5.8331969117926534E-05
"p1045": 0
"p1046": 3.0106822770542726E-05
"p1047": 1.8816764231589207E-05
"p1048": 6.021364554108546E-05
"p1049": 0
"p1050": 0.000165587525237985
"p1051": 1.3171734962112442E-05
"p1052": 0.00017123255450746176
"p1053": 0
"p1054": 0.000423377195210757
"p1055": 2.0698440654748128E-05
"p1056": 0.00036316354966967166
"p1057": 0
"p1058": 9.032046831162818E-05
"p1059": 0.0002559079935496131
"p1060": 0.001445127492986051
"p1061": 0.0005306327513308156
"p1062": 0.0008448727139983552
"p1063": 0.0013322269075965157
"p1064": 0.0020322105370116344
"p1065": 0.0001448890845832369
"p1066": 0.000773369009918316
"p1067": 0.0023144620004854725
"p1068": 0.005607395741013583
"p1069": 0.0008486360668446732
"p1070": 0.0035657768218861543
"p1071": 0.007682884835757872
"p1072": 0.0011628760295122127
"p1073": 0
"p1074": 0.00048735419359816035
"p1075": 0.00033117505047596993
"p1076": 0.0031894415372543707
"p1077": 6.774035123372113E-05
"p1078": 0.0018252261304641526
"p1079": 0.0013679787596365348
"p1080": 0.0029561136607826636
"p1081": 1.1290058538953523E-05
"p1082": 0.0023483321761023327
"p1083": 0.0018967298345441918
"p1084": 0.006871882297376378
"p1085": 3.3870175616860565E-05
"p1086": 0.008027231621195955
