"p1024": 0.00018628596589273316
"p1025": 0
"p1026": 0.0003895070195938965
"p1027": 0.00010537387969689954
"p1028": 0
"p1029": 0
"p1030": 6.397699838740328E-05
"p1031": 3.7633528463178407E-06
"p1032": 0.00022768284720222937
"p1033": 1.1290058538953523E-05
"p1034": 0.001362333730367058
"p1035": 0.00036316354966967166
"p1036": 3.575185204001949E-05
"p1037": 0
"p1038": 0.0006416516602971918
"p1039": 0.00013736237889060116
"p1040": 0.0001825226130464153
"p1041": 0
"p1042": 0.0009765900636194795
"p1043": 0.00023709122931802397
"p1044": 0
"p1045": 0
"p1046": 0.0002013393772780045
"p1047": 1.1290058538953523E-05
"p1048": 0.00020886608297064017
"p1049": 1.1290058538953523E-05
"p1050": 0.003981627311404275
"p1051": 0.0006886935708761649
"p1052": 1.8816764231589203E-05
"p1053": 0
"p1054": 0.0029260068380121207
"p1055": 0.00038762534317073754
"p1056": 0.0012193263222069805
"p1057": 0
"p1058": 0.002525209759879271
"p1059": 0.0008542810961141498
"p1060": 0
"p1061": 0
"p1062": 0.0002897781691664738
"p1063": 1.8816764231589203E-05
"p1064": 0.0030596058640564045
"p1065": 0.00041961384236443927
"p1066": 0.007865407448804287
"p1067": 0.00559610568247463
"p1068": 0.0010462120912763597
"p1069": 3.0106822770542726E-05
"p1070": 0.004700427705050985
"p1071": 0.0019193099516220985
"p1072": 0.0009088497123857587
"p1073": 0
"p1074": 0.005217888721419686
"p1075": 0.001473352639333435
"p1076": 0
"p1077": 0
"p1078": 0.0007733690099183163
"p1079": 6.774035123372114E-05
"p1080": 0.0017781842198851794
"p1081": 0.00016182417239166716
"p1082": 0.01823720789325626
"p1083": 0.007797667097570567
"p1084": 0.00044407563586550526
"p1085": 0
"p1086": 0.012230896750532985
