"p1024": 0.0008110025383814945
"p1025": 0
"p1026": 0.0021300577110158975
"p1027": 0.0005061709578297496
"p1028": 0
"p1029": 0
"p1030": 0.00028601481632015586
"p1031": 0
"p1032": 0.002130057711015898
"p1033": 0.00028601481632015586
"p1034": 1
"p1035": 0.007035588146191206
"p1036": 0.0005061709578297496
"p1037": 0
"p1038": 0.007035588146191204
"p1039": 0.0020660807126284945
"p1040": 3.198849919370165E-05
"p1041": 0
"p1042": 0.0003669269025159895
"p1043": 4.139688130949625E-05
"p1044": 0
"p1045": 0
"p1046": 5.6450292694767617E-05
"p1047": 0
"p1048": 6.962202765688005E-05
"p1049": 1.1290058538953523E-05
"p1050": 0.002466877790761345
"p1051": 6.585867481056221E-05
"p1052": 0
"p1053": 0
"p1054": 0.001815817748348358
"p1055": 7.33853805031979E-05
"p1056": 0.001258841527093318
"p1057": 0
"p1058": 0.0017687758377693849
"p1059": 0.0003180033155138576
"p1060": 0
"p1061": 0
"p1062": 8.091208619583358E-05
"p1063": 0
"p1064": 0.004403122830191874
"p1065": 0.0012475514685543643
"p1066": 0.015792910219572825
"p1067": 0.012093534371642383
"p1068": 0.001531684608451361
"p1069": 0.00013171734962112442
"p1070": 0.006235875666348662
"p1071": 0.004292103921225499
"p1072": 0.0006585867481056221
"p1073": 0
"p1074": 0.004450164740770848
"p1075": 0.000496762575713955
"p1076": 0
"p1077": 0
"p1078": 0.00038762534317073765
"p1079": 0
"p1080": 0.001719852250767253
"p1081": 0.0001392440553137601
"p1082": 0.025412040094761223
"p1083": 0.007466492047094597
"p1084": 0.000564502926947676
"p1085": 1.8816764231589203E-05
"p1086": 0.014253698905428823
