"p1024": 0.0002973048748591094
"p1025": 8.091208619583358E-05
"p1026": 0.0003349384033222878
"p1027": 0.0002766064342043613
"p1028": 5.645029269476761E-05
"p1029": 0
"p1030": 1.1290058538953523E-05
"p1031": 0
"p1032": 0.0014394824637165742
"p1033": 6.774035123372113E-05
"p1034": 0.003078422628287993
"p1035": 0.0017066805158051403
"p1036": 0.000991643475004751
"p1037": 3.7633528463178407E-06
"p1038": 0.0014620625807944812
"p1039": 0.0005852013676024242
"p1040": 0.0005757929854866296
"p1041": 5.456861627160869E-05
"p1042": 0.0008128842148046535
"p1043": 0.0002935415220127916
"p1044": 0.00017875926020009746
"p1045": 0
"p1046": 4.516023415581409E-05
"p1047": 0
"p1048": 0.002017157125626362
"p1049": 3.9515204886337324E-05
"p1050": 0.006798496916873182
"p1051": 0.0016201234003398299
"p1052": 0.0022203781793275253
"p1053": 3.7633528463178407E-06
"p1054": 0.004440756358655051
"p1055": 0.0005870830440255832
"p1056": 0.0011628760295122127
"p1057": 0.00025402631712645424
"p1058": 0.000684930218029847
"p1059": 0.0011986278815522323
"p1060": 0.00012419064392848875
"p1061": 0
"p1062": 1.8816764231589203E-05
"p1063": 0
"p1064": 0.00838475014159615
"p1065": 0.0010198686213521348
"p1066": 0.007528587369058842
"p1067": 0.014012844323264483
"p1068": 0.0038706084024379
"p1069": 0.00011290058538953523
"p1070": 0.002839449722546811
"p1071": 0.0038593183438989462
"p1072": 0.002246721649251751
"p1073": 0.00017311423093062066
"p1074": 0.002214733150058049
"p1075": 0.0013642154067902172
"p1076": 0.000355636843977036
"p1077": 0
"p1078": 8.467543904215141E-05
"p1079": 0
"p1080": 1
"p1081": 0.00033682007974544673
"p1082": 0.01889391296493872
"p1083": 0.013393772780045202
"p1084": 0.006804141946142656
"p1085": 3.7633528463178407E-06
"p1086": 0.0088175357189227
