"p1024": 0.0005193426927918622
"p1025": 0.0004967625757139551
"p1026": 0.0001204272910821709
"p1027": 0.0002201561415095937
"p1028": 3.7633528463178407E-05
"p1029": 0.00014112573173691902
"p1030": 0
"p1031": 0
"p1032": 0.00303326239413218
"p1033": 0.0017612491320767496
"p1034": 0.0025233280834561127
"p1035": 0.0010988990311248093
"p1036": 0.002355858881794968
"p1037": 0.0020002220378179322
"p1038": 0.0012945933791333373
"p1039": 0.00014677076100639576
"p1040": 0.0001731142309306207
"p1041": 0.0001467707610063958
"p1042": 3.198849919370165E-05
"p1043": 3.3870175616860565E-05
"p1044": 7.5267056926356815E-06
"p1045": 3.7633528463178407E-05
"p1046": 0
"p1047": 0
"p1048": 0.0006134265139498083
"p1049": 0.00023709122931802397
"p1050": 0.0006717584830677345
"p1051": 0.00018064093662325633
"p1052": 0.00039891540170969113
"p1053": 0.00027284308135804345
"p1054": 0.00017875926020009746
"p1055": 0
"p1056": 0.0012644865563627944
"p1057": 0.002559079935496131
"p1058": 0.00031047660982122185
"p1059": 0.0018816764231589203
"p1060": 6.021364554108545E-05
"p1061": 0.00027096140493488457
"p1062": 0
"p1063": 0
"p1064": 0.010763189140469025
"p1065": 1
"p1066": 0.008098735325275995
"p1067": 0.017757380405350735
"p1068": 0.004555538620467746
"p1069": 0.007167305495812328
"p1070": 0.0028074612233531093
"p1071": 0.0036749140544293716
"p1072": 0.0014677076100639576
"p1073": 0.002224141532173844
"p1074": 0.00037633528463178407
"p1075": 0.00040079707813285006
"p1076": 5.4568616271608685E-05
"p1077": 0.00027284308135804345
"p1078": 0
"p1079": 0
"p1080": 0.0073648815202440165
"p1081": 0.0084054485822509
"p1082": 0.006194478785039167
"p1083": 0.003191323213677529
"p1084": 0.004659030823741488
"p1085": 0.005884002175217945
"p1086": 0.0024198358801823714
