"p1024": 0.000707510335107754
"p1025": 0.0005381594570234512
"p1026": 0.0005663846033708351
"p1027": 0.00042714054805707494
"p1028": 0.001644585193840896
"p1029": 0.0010217502977752937
"p1030": 0.001488406050718706
"p1031": 0.001445127492986051
"p1032": 0.00012607232035164766
"p1033": 0.0001637058488148261
"p1034": 6.962202765688005E-05
"p1035": 4.8923587002131926E-05
"p1036": 0.0004911175464444783
"p1037": 0.0006924569237224827
"p1038": 0.00015241579027587256
"p1039": 0.0003650452260928306
"p1040": 0.001558028078375586
"p1041": 0.00099352515142791
"p1042": 0.0011572310002427363
"p1043": 0.00030671325697490405
"p1044": 0.0026456370509614423
"p1045": 0.0013962039059839191
"p1046": 0.002585423405420357
"p1047": 0.0008166475676509712
"p1048": 0.0005287510749076567
"p1049": 0.0004647740765202533
"p1050": 0.0002502629642801364
"p1051": 4.8923587002131926E-05
"p1052": 0.0018722680410431258
"p1053": 0.001644585193840896
"p1054": 0.0006303616017582384
"p1055": 0.00025026296428013644
"p1056": 0.001983286950009502
"p1057": 0.0038837801374000114
"p1058": 0.001234379733592252
"p1059": 0.0035488417340777236
"p1060": 0.004405004506615032
"p1061": 0.006467321866397212
"p1062": 0.0028996633680878963
"p1063": 0.007989598092732779
"p1064": 0.0006924569237224829
"p1065": 0.002295645236253883
"p1066": 0.00026343469924224885
"p1067": 0.0007451438635709327
"p1068": 0.0013171734962112442
"p1069": 0.0028131062526225866
"p1070": 0.0003800986374781019
"p1071": 0.0014037306116765544
"p1072": 0.0033493840332228784
"p1073": 0.004352317566766584
"p1074": 0.0024725228200308215
"p1075": 0.0023483321761023327
"p1076": 0.00688693570876165
"p1077": 1
"p1078": 0.006849302180298471
"p1079": 0.004246943687069684
"p1080": 0.002273065119175976
"p1081": 0.004325974096842359
"p1082": 0.0011346508831648287
"p1083": 0.0010819639433163792
"p1084": 0.004107699631755923
"p1085": 0.00556223550685777
"p1086": 0.001635176811725102
