"p1024": 0.0014978144328345003
"p1025": 0.000827937626189925
"p1026": 0.0014131389937923492
"p1027": 0.001422547375908144
"p1028": 2.2580117077907042E-05
"p1029": 0.00010725555612005845
"p1030": 0
"p1031": 0
"p1032": 0.00036316354966967166
"p1033": 0.00036128187324651267
"p1034": 0.00022580117077907044
"p1035": 0.00018252261304641527
"p1036": 0.0011628760295122127
"p1037": 0.0011854561465901197
"p1038": 0.0006943386001456416
"p1039": 0.0007150370408003899
"p1040": 0.0020547906540895407
"p1041": 0.001066910531931108
"p1042": 0.002037855566281111
"p1043": 0.0008166475676509712
"p1044": 5.8331969117926534E-05
"p1045": 0.00022203781793275263
"p1046": 0
"p1047": 0
"p1048": 0.0014451274929860502
"p1049": 0.0009107313888089175
"p1050": 0.0010782005904700614
"p1051": 0.0002991865512822683
"p1052": 0.0031894415372543702
"p1053": 0.002408545821643418
"p1054": 0.0016144783710703536
"p1055": 0.0003292933740528111
"p1056": 0.0036786774072756897
"p1057": 0.005167083457994396
"p1058": 0.0025063929956476816
"p1059": 0.007524824016212524
"p1060": 6.021364554108546E-05
"p1061": 0.0003274116976296522
"p1062": 0
"p1063": 0
"p1064": 0.002032210537011634
"p1065": 0.005406056363735578
"p1066": 0.0009634183286573672
"p1067": 0.0031555713616375097
"p1068": 0.0029561136607826645
"p1069": 0.0051633201051480785
"p1070": 0.001422547375908144
"p1071": 0.003385135885262898
"p1072": 0.004892358700213192
"p1073": 1
"p1074": 0.005108751488876469
"p1075": 0.0038818984609768534
"p1076": 0.00017123255450746176
"p1077": 0.0006792851887603701
"p1078": 0
"p1079": 0
"p1080": 0.005607395741013583
"p1081": 0.008484478992023575
"p1082": 0.003874371755284217
"p1083": 0.0034001892966481688
"p1084": 0.006871882297376376
"p1085": 0.008004651504118047
"p1086": 0.0038235664918589256
