"p1024": 0.0005833196911792653
"p1025": 0.0017480773971146372
"p1026": 0.00011854561465901199
"p1027": 0.00027284308135804345
"p1028": 0.001298356731979655
"p1029": 0.0023483321761023327
"p1030": 0.00022203781793275263
"p1031": 0.0008222925969204481
"p1032": 0.002241076619982274
"p1033": 0.004363607625305537
"p1034": 0.0007564339221098861
"p1035": 0.0013999672588302368
"p1036": 0.003908241930901078
"p1037": 0.0055114302434324785
"p1038": 0.0020133937727800444
"p1039": 0.002284355177714929
"p1040": 1.8816764231589203E-05
"p1041": 2.258011707790705E-05
"p1042": 0
"p1043": 0
"p1044": 4.327855773265517E-05
"p1045": 5.8331969117926534E-05
"p1046": 0
"p1047": 5.645029269476761E-06
"p1048": 0.00011666393823585305
"p1049": 6.021364554108546E-05
"p1050": 5.080526342529085E-05
"p1051": 1.1290058538953523E-05
"p1052": 0.0002803697870506791
"p1053": 0.00017123255450746176
"p1054": 0.00011854561465901197
"p1055": 1.1290058538953523E-05
"p1056": 7.526705692635681E-05
"p1057": 0.000402678754556009
"p1058": 1.5053411385271363E-05
"p1059": 0.000188167642315892
"p1060": 0.0006096631611034901
"p1061": 0.0023012902655233595
"p1062": 0.0001542974666990315
"p1063": 0.0010123419156594991
"p1064": 0.0008674528310762623
"p1065": 0.0025026296428013644
"p1066": 0.00023520955289486501
"p1067": 0.0015674364604913809
"p1068": 0.003656097290197782
"p1069": 0.0070882750860396535
"p1070": 0.0013378719368659921
"p1071": 0.00522917877995864
"p1072": 0.00045536569440445874
"p1073": 0.0013397536132891512
"p1074": 8.091208619583357E-05
"p1075": 6.585867481056221E-05
"p1076": 0.0017556041028072725
"p1077": 0.0036880857893914843
"p1078": 0.00037069025536230727
"p1079": 0.0005946097497182188
"p1080": 0.0021131226232074677
"p1081": 0.0034811013828440025
"p1082": 0.0006905752472993239
"p1083": 0.000658586748105622
"p1084": 0.005927280732950599
"p1085": 0.008094971972429676
"p1086": 0.0030539608347869276
