"p1024": 3.9515204886337324E-05
"p1025": 0.0002013393772780045
"p1026": 0.00020698440654748124
"p1027": 0.0006623501009519401
"p1028": 0.0002220378179327526
"p1029": 0.0009991701806973867
"p1030": 0.000780895715610952
"p1031": 0.0010951356782784917
"p1032": 0.0007018653058382772
"p1033": 0.0014601809043713223
"p1034": 0.0029034267209342144
"p1035": 0.0055659988597040865
"p1036": 0.0018045276898094047
"p1037": 0.0022937635598307238
"p1038": 0.004924347199406896
"p1039": 0.006602802568864655
"p1040": 5.456861627160869E-05
"p1041": 0.0002408545821643418
"p1042": 0.0007451438635709324
"p1043": 0.0014601809043713223
"p1044": 0.00019569434800852773
"p1045": 0.0008147658912278125
"p1046": 0.0014771159921797524
"p1047": 0.0017349056621525243
"p1048": 0.0005475678391392459
"p1049": 0.0011083074132406043
"p1050": 0.006587749157479381
"p1051": 0.008232334351320278
"p1052": 0.0009653000050805262
"p1053": 0.0011459409417037827
"p1054": 0.009660526756497896
"p1055": 1
"p1056": 5.645029269476761E-06
"p1057": 8.467543904215143E-05
"p1058": 2.0698440654748124E-05
"p1059": 0.00018252261304641524
"p1060": 0.00011478226181269414
"p1061": 0.0007037469822614361
"p1062": 0.00025967134639593104
"p1063": 0.0004986442521371139
"p1064": 0.0004214955187875981
"p1065": 0.0009013230066931229
"p1066": 0.001023631974198453
"p1067": 0.003144281303098556
"p1068": 0.001601306636108241
"p1069": 0.0022034430915190964
"p1070": 0.003234601771410185
"p1071": 0.006429688337934034
"p1072": 9.408382115794602E-06
"p1073": 4.7041910578973015E-05
"p1074": 0.0004967625757139549
"p1075": 0.000733853805031979
"p1076": 0.0002464996114338186
"p1077": 0.0006567050716824631
"p1078": 0.0017217339271904122
"p1079": 0.001716088897920935
"p1080": 0.0004384306065960284
"p1081": 0.00037445360820862513
"p1082": 0.004952572345754278
"p1083": 0.003441586177957665
"p1084": 0.0017875926020009744
"p1085": 0.0010066968863900222
"p1086": 0.01221960669199403
