"p1024": 2.0698440654748124E-05
"p1025": 0
"p1026": 0.000615308190372967
"p1027": 6.209532196424438E-05
"p1028": 0.0002973048748591094
"p1029": 0
"p1030": 0.001228734704322775
"p1031": 0.00016935087808430283
"p1032": 0.00015053411385271363
"p1033": 1.1290058538953523E-05
"p1034": 0.004049367662637997
"p1035": 0.0005532128684087225
"p1036": 0.00033682007974544673
"p1037": 8.467543904215139E-05
"p1038": 0.008253032791975024
"p1039": 0.0011139524425100805
"p1040": 0
"p1041": 0
"p1042": 0.00012983567319796552
"p1043": 0
"p1044": 8.467543904215141E-05
"p1045": 0
"p1046": 0.00041396881309496247
"p1047": 0
"p1048": 1.1290058538953523E-05
"p1049": 0
"p1050": 0.000636006631027715
"p1051": 1.1290058538953523E-05
"p1052": 0.00010725555612005845
"p1053": 1.6935087808430282E-05
"p1054": 0.002128176034592739
"p1055": 7.903040977267465E-05
"p1056": 0.00044783898871182307
"p1057": 0
"p1058": 0.0022109697972117312
"p1059": 0.0003970337252865322
"p1060": 0.002218496502904367
"p1061": 0
"p1062": 0.0038348565503978785
"p1063": 0.0008222925969204481
"p1064": 0.003038907423401656
"p1065": 0.00030106822770542725
"p1066": 0.01522464393977883
"p1067": 0.0093444051174072
"p1068": 0.004901767082328988
"p1069": 0.001471470962910276
"p1070": 1
"p1071": 0.014300740816007795
"p1072": 5.456861627160869E-05
"p1073": 0
"p1074": 0.001462062580794481
"p1075": 0.0001787592602000974
"p1076": 0.0005532128684087226
"p1077": 0
"p1078": 0.004245062010646524
"p1079": 0.00045724737082761767
"p1080": 0.0005946097497182189
"p1081": 1.6935087808430286E-05
"p1082": 0.009105432211666016
"p1083": 0.003445349530803983
"p1084": 0.0010405670620068828
"p1085": 7.903040977267465E-05
"p1086": 0.02115004299630627
