"p1024": 3.7633528463178407E-06
"p1025": 0
"p1026": 0.00043654893017286954
"p1027": 8.27937626189925E-05
"p1028": 0.0002201561415095937
"p1029": 0
"p1030": 0.0010951356782784917
"p1031": 0.0002653163756654078
"p1032": 3.7633528463178407E-05
"p1033": 0
"p1034": 0.0017518407499609548
"p1035": 0.0002897781691664738
"p1036": 0.00014865243742955472
"p1037": 1.1290058538953523E-05
"p1038": 0.004532958503389839
"p1039": 0.0007733690099183164
"p1040": 0
"p1041": 0
"p1042": 2.0698440654748124E-05
"p1043": 0
"p1044": 5.645029269476761E-06
"p1045": 0
"p1046": 7.714873334951573E-05
"p1047": 0
"p1048": 0
"p1049": 0
"p1050": 7.526705692635681E-05
"p1051": 0
"p1052": 1.1290058538953523E-05
"p1053": 0
"p1054": 0.00040079707813285006
"p1055": 1.6935087808430286E-05
"p1056": 0.0003725719317854663
"p1057": 0
"p1058": 0.002579778376150879
"p1059": 0.000615308190372967
"p1060": 0.0023088169712159956
"p1061": 0
"p1062": 0.005428636480813484
"p1063": 0.001558028078375586
"p1064": 0.0017725391906157028
"p1065": 8.091208619583358E-05
"p1066": 0.008377223435903514
"p1067": 0.004177321659412803
"p1068": 0.0035431967048082475
"p1069": 0.0005983731025645369
"p1070": 0.01752028917603271
"p1071": 0.010102720715940244
"p1072": 4.139688130949625E-05
"p1073": 0
"p1074": 0.0012870666734407013
"p1075": 0.00021639278866327578
"p1076": 0.00047418245863604784
"p1077": 0
"p1078": 0.004290222244802338
"p1079": 0.0007714873334951574
"p1080": 0.0002803697870506791
"p1081": 0
"p1082": 0.0037802879341262714
"p1083": 0.0014827610214492295
"p1084": 0.000636006631027715
"p1085": 1.1290058538953523E-05
"p1086": 0.012422827745695192
