"p1024": 0.0001825226130464153
"p1025": 0
"p1026": 0.0009069680359625996
"p1027": 0.00023709122931802397
"p1028": 0
"p1029": 0
"p1030": 0.00019381267158536883
"p1031": 1.1290058538953523E-05
"p1032": 0.00020886608297064017
"p1033": 1.1290058538953523E-05
"p1034": 0.0036730323780062124
"p1035": 0.0006886935708761649
"p1036": 1.8816764231589203E-05
"p1037": 0
"p1038": 0.0027886444591215197
"p1039": 0.00038762534317073754
"p1040": 5.645029269476761E-06
"p1041": 0
"p1042": 6.962202765688006E-05
"p1043": 0
"p1044": 0
"p1045": 0
"p1046": 7.5267056926356815E-06
"p1047": 0
"p1048": 1.1290058538953523E-05
"p1049": 0
"p1050": 0.0003594001968233538
"p1051": 1.6935087808430286E-05
"p1052": 0
"p1053": 0
"p1054": 0.0001373623788906012
"p1055": 0
"p1056": 0.0020811341240137664
"p1057": 0
"p1058": 0.004901767082328987
"p1059": 0.0015128678442197718
"p1060": 0
"p1061": 0
"p1062": 0.0006999836294151185
"p1063": 6.021364554108545E-05
"p1064": 0.004587527119661448
"p1065": 0.0006491783659898277
"p1066": 0.018385860330685816
"p1067": 0.010889261460820674
"p1068": 0.001345398642558628
"p1069": 3.0106822770542726E-05
"p1070": 0.011113180955176586
"p1071": 0.004453928093617165
"p1072": 0.00033117505047597
"p1073": 0
"p1074": 0.003825448168282085
"p1075": 0.0007244454229161844
"p1076": 0
"p1077": 0
"p1078": 0.0004346672537497106
"p1079": 3.0106822770542726E-05
"p1080": 0.0008542810961141498
"p1081": 1.1290058538953523E-05
"p1082": 0.010467765942033073
"p1083": 0.0039891540170969115
"p1084": 0.0002464996114338186
"p1085": 0
"p1086": 0.0071127368795407195
