"p1024": 0.0002973048748591094
"p1025": 8.467543904215139E-05
"p1026": 0.004504733357042455
"p1027": 0.000779014039187793
"p1028": 6.585867481056221E-05
"p1029": 0
"p1030": 0.00019757602443168663
"p1031": 0
"p1032": 0.00014677076100639576
"p1033": 3.7633528463178407E-06
"p1034": 0.0033362122982607658
"p1035": 0.0004327855773265517
"p1036": 0.00023332787647170614
"p1037": 7.5267056926356815E-06
"p1038": 0.006627264362365716
"p1039": 0.00039515204886337327
"p1040": 8.467543904215141E-05
"p1041": 1.6935087808430282E-05
"p1042": 0.0014714709629102757
"p1043": 7.903040977267465E-05
"p1044": 2.8225146347383805E-05
"p1045": 0
"p1046": 5.6450292694767617E-05
"p1047": 0
"p1048": 3.3870175616860565E-05
"p1049": 0
"p1050": 0.0005456861627160869
"p1051": 1.1290058538953523E-05
"p1052": 2.8225146347383805E-05
"p1053": 0
"p1054": 0.0011628760295122127
"p1055": 3.7633528463178407E-06
"p1056": 0.004504733357042455
"p1057": 0.001471470962910276
"p1058": 1
"p1059": 0.011690855617086372
"p1060": 0.000353755167553877
"p1061": 0
"p1062": 0.000519342692791862
"p1063": 0
"p1064": 0.0020510273012432235
"p1065": 0.00016935087808430283
"p1066": 0.01626709267820887
"p1067": 0.007739335128452641
"p1068": 0.0034472312072271424
"p1069": 0.00013171734962112442
"p1070": 0.014741053099026985
"p1071": 0.006679951302214167
"p1072": 0.0007790140391877932
"p1073": 7.903040977267465E-05
"p1074": 0.011690855617086373
"p1075": 0.003893188519515806
"p1076": 0.00017875926020009743
"p1077": 0
"p1078": 0.0006736401594908935
"p1079": 0
"p1080": 0.0004478389887118231
"p1081": 5.645029269476761E-06
"p1082": 0.009444133967834622
"p1083": 0.0031913232136775286
"p1084": 0.0007225637464930254
"p1085": 1.1290058538953523E-05
"p1086": 0.013756936329714869
