"p1024": 3.387017561686057E-05
"p1025": 0
"p1026": 0.0016050699889545586
"p1027": 0.0002653163756654078
"p1028": 0.000212629435816958
"p1029": 1.1290058538953523E-05
"p1030": 0.003330567268991289
"p1031": 0.00059272807329506
"p1032": 5.645029269476761E-06
"p1033": 0
"p1034": 0.00045724737082761767
"p1035": 3.9515204886337324E-05
"p1036": 0.00010725555612005844
"p1037": 0
"p1038": 0.00271902243146464
"p1039": 0.00018064093662325636
"p1040": 0
"p1041": 0
"p1042": 8.091208619583358E-05
"p1043": 0
"p1044": 1.1290058538953523E-05
"p1045": 0
"p1046": 0.0003706902553623073
"p1047": 1.6935087808430286E-05
"p1048": 0
"p1049": 0
"p1050": 1.1290058538953523E-05
"p1051": 0
"p1052": 5.645029269476761E-06
"p1053": 0
"p1054": 0.00011290058538953522
"p1055": 0
"p1056": 0.001605069988954559
"p1057": 8.091208619583358E-05
"p1058": 0.005735349737788391
"p1059": 0.0029881021599763658
"p1060": 0.003977863958557959
"p1061": 0.0005983731025645369
"p1062": 0.012588415270933183
"p1063": 0.008345234936709814
"p1064": 0.00029542319843595046
"p1065": 0
"p1066": 0.003806631404050496
"p1067": 0.0015260395791818842
"p1068": 0.001684100398727234
"p1069": 0
"p1070": 0.010019926953321255
"p1071": 0.00305019748194061
"p1072": 0.0002653163756654078
"p1073": 0
"p1074": 0.0029881021599763658
"p1075": 0.0012193263222069802
"p1076": 0.0008354643318825605
"p1077": 1.1290058538953523E-05
"p1078": 0.00967181681503685
"p1079": 0.0035130898820377038
"p1080": 5.456861627160869E-05
"p1081": 0
"p1082": 0.0011741660880511663
"p1083": 0.0003594001968233538
"p1084": 0.00016935087808430283
"p1085": 0
"p1086": 0.006299852664736066
