"p1024": 0.000259671346395931
"p1025": 0
"p1026": 0.0010518571205458363
"p1027": 0.00015429746669903146
"p1028": 0
"p1029": 0
"p1030": 0.00017875926020009743
"p1031": 0
"p1032": 0.0004798274879055246
"p1033": 8.843879188846924E-05
"p1034": 0.007675358130065238
"p1035": 0.0012513148214006817
"p1036": 6.585867481056221E-05
"p1037": 7.5267056926356815E-06
"p1038": 0.005739113090634705
"p1039": 0.0005381594570234513
"p1040": 6.209532196424436E-05
"p1041": 0
"p1042": 0.00035751852040019486
"p1043": 0
"p1044": 0
"p1045": 0
"p1046": 4.516023415581409E-05
"p1047": 0
"p1048": 0.00014112573173691902
"p1049": 1.6935087808430282E-05
"p1050": 0.001979523597163184
"p1051": 9.032046831162815E-05
"p1052": 0
"p1053": 0
"p1054": 0.0009408382115794601
"p1055": 0
"p1056": 0.002075489094744289
"p1057": 0
"p1058": 0.003637280525966192
"p1059": 0.0008091208619583357
"p1060": 0
"p1061": 0
"p1062": 0.00033117505047597004
"p1063": 0
"p1064": 0.006619737656673081
"p1065": 0.0016408218409945787
"p1066": 1
"p1067": 0.0192796566316863
"p1068": 0.002037855566281111
"p1069": 0.00013171734962112442
"p1070": 0.012627930475819518
"p1071": 0.006250929077733933
"p1072": 0.00043654893017286954
"p1073": 0
"p1074": 0.0038913068430926467
"p1075": 0.0004365489301728696
"p1076": 0
"p1077": 0
"p1078": 0.0003274116976296521
"p1079": 0
"p1080": 0.0013171734962112442
"p1081": 8.467543904215141E-05
"p1082": 0.020833921357215568
"p1083": 0.006997954617728025
"p1084": 0.0004892358700213194
"p1085": 1.1290058538953523E-05
"p1086": 0.011813164584591702
