"p1024": 0.0001749959073537796
"p1025": 0.00016935087808430283
"p1026": 7.33853805031979E-05
"p1027": 7.526705692635683E-05
"p1028": 0.0006567050716824633
"p1029": 0.0005701479562171529
"p1030": 0.0004158504895181214
"p1031": 0.0003895070195938966
"p1032": 1.1290058538953523E-05
"p1033": 1.8816764231589203E-05
"p1034": 3.7633528463178407E-06
"p1035": 7.5267056926356815E-06
"p1036": 0.0002897781691664738
"p1037": 0.0003838619903244198
"p1038": 5.833196911792653E-05
"p1039": 0.00016182417239166716
"p1040": 0.0008015941562657001
"p1041": 0.0006811668651835292
"p1042": 0.00039515204886337327
"p1043": 0.00010913723254321738
"p1044": 0.0016201234003398303
"p1045": 0.001179811117320643
"p1046": 0.0010010518571205457
"p1047": 0.0002897781691664737
"p1048": 0.00022203781793275258
"p1049": 0.00023520955289486507
"p1050": 5.456861627160869E-05
"p1051": 1.5053411385271365E-05
"p1052": 0.0012362614100154107
"p1053": 0.0014112573173691904
"p1054": 0.00022580117077907047
"p1055": 0.0001580608195453493
"p1056": 0.0010010518571205457
"p1057": 0.0024273625858750075
"p1058": 0.0002615530228190899
"p1059": 0.0013867955238681244
"p1060": 0.002732194166426752
"p1061": 0.005556590477588292
"p1062": 0.001061265502661631
"p1063": 0.004371134330998173
"p1064": 0.00026907972851172564
"p1065": 0.0010650288555079492
"p1066": 5.6450292694767617E-05
"p1067": 0.00025214464070329537
"p1068": 0.0012851849970175425
"p1069": 0.003546960057654565
"p1070": 0.00023897290574118288
"p1071": 0.001275776614901748
"p1072": 0.0021300577110158975
"p1073": 0.0037313643471241402
"p1074": 0.0007620789513793627
"p1075": 0.0012644865563627944
"p1076": 0.005522720301971432
"p1077": 0.006640436097327831
"p1078": 0.003349384033222879
"p1079": 0.0028563848103552417
"p1080": 0.0014056122880997135
"p1081": 0.0030690142461722
"p1082": 0.00029918655128226827
"p1083": 0.0004214955187875981
"p1084": 0.004429466300116098
"p1085": 0.007383698284475606
"p1086": 0.000969063357926844
