"p1024": 2.8225146347383805E-05
"p1025": 0
"p1026": 0.00028036978705067906
"p1027": 3.575185204001949E-05
"p1028": 0.00041396881309496247
"p1029": 0
"p1030": 0.000707510335107754
"p1031": 0.00011666393823585305
"p1032": 0.0002088660829706401
"p1033": 1.6935087808430286E-05
"p1034": 0.0019306000101610523
"p1035": 0.0003688085789391484
"p1036": 0.0006284799253350794
"p1037": 0.0001637058488148261
"p1038": 0.004803919908324724
"p1039": 0.0011290058538953522
"p1040": 2.0698440654748124E-05
"p1041": 0
"p1042": 0.0007451438635709322
"p1043": 6.209532196424438E-05
"p1044": 0.0003424651090149234
"p1045": 0
"p1046": 0.001625768429609307
"p1047": 0.00016935087808430283
"p1048": 0.00015053411385271363
"p1049": 1.1290058538953523E-05
"p1050": 0.004659030823741487
"p1051": 0.0005532128684087225
"p1052": 0.0003819803139012608
"p1053": 8.467543904215139E-05
"p1054": 0.009984175101281231
"p1055": 0.0011139524425100805
"p1056": 0.00022768284720222937
"p1057": 0
"p1058": 0.0009502465936952547
"p1059": 0.0001392440553137601
"p1060": 0.001224971351476457
"p1061": 0
"p1062": 0.0021150042996306265
"p1063": 0.0005287510749076566
"p1064": 0.002028447184165316
"p1065": 0.0001919309951622099
"p1066": 0.007797667097570567
"p1067": 0.005398529658042942
"p1068": 0.0033550290624923553
"p1069": 0.0009276664766173478
"p1070": 0.012678735739244806
"p1071": 0.009197634356400803
"p1072": 0.0002464996114338186
"p1073": 0
"p1074": 0.0023464504996791734
"p1075": 0.0003989154017096912
"p1076": 0.0010518571205458366
"p1077": 0
"p1078": 0.004818973319709995
"p1079": 0.0007188003936467076
"p1080": 0.0012400247628617284
"p1081": 7.526705692635681E-05
"p1082": 0.014163378437117197
"p1083": 0.0062321123135023445
"p1084": 0.0015693181369145395
"p1085": 0.0002954231984359505
"p1086": 1
