"p1024": 0.002423599233028689
"p1025": 0.0027735910477362496
"p1026": 0.0020641990362053357
"p1027": 0.004201783452913869
"p1028": 5.833196911792653E-05
"p1029": 0.00028225146347383805
"p1030": 0
"p1031": 0
"p1032": 0.0014959327564113417
"p1033": 0.0037031392007767557
"p1034": 0.0008260559497667661
"p1035": 0.002197798062249619
"p1036": 0.0022994085891002002
"p1037": 0.0035356699991156123
"p1038": 0.001234379733592252
"p1039": 0.0023031719419465187
"p1040": 0.0027735910477362483
"p1041": 1
"p1042": 0.0028940183388184194
"p1043": 0.002634346992422489
"p1044": 0.00012042729108217089
"p1045": 0.00042149551878759814
"p1046": 0
"p1047": 0
"p1048": 0.004333500802534994
"p1049": 0.006952794383572213
"p1050": 0.002974930425014253
"p1051": 0.0030125639534774313
"p1052": 0.004659030823741487
"p1053": 0.005411701393005056
"p1054": 0.002730312490003593
"p1055": 0.0016201234003398303
"p1056": 0.0020641990362053357
"p1057": 0.0028940183388184203
"p1058": 0.001373623788906012
"p1059": 0.004544248561928793
"p1060": 1.1290058538953523E-05
"p1061": 8.655711546531035E-05
"p1062": 0
"p1063": 0
"p1064": 0.0007357354814551379
"p1065": 0.001988931979278979
"p1066": 0.0002521446407032953
"p1067": 0.001136532559587988
"p1068": 0.0011647577059353716
"p1069": 0.0022881185305612473
"p1070": 0.00047982748790552474
"p1071": 0.0018271078068873114
"p1072": 0.004201783452913869
"p1073": 0.0026343469924224893
"p1074": 0.004544248561928792
"p1075": 0.0019569434800852776
"p1076": 0.00010161052685058171
"p1077": 0.00043278557732655173
"p1078": 0
"p1079": 0
"p1080": 0.0029485869550900283
"p1081": 0.0024913395842624106
"p1082": 0.002115004299630626
"p1083": 0.0006792851887603702
"p1084": 0.00514262166449333
"p1085": 0.0050221943734111586
"p1086": 0.002739720872119388
