"p1024": 0.0001693508780843028
"p1025": 0.0006435333367203508
"p1026": 3.7633528463178407E-05
"p1027": 0.00016935087808430283
"p1028": 0.0006811668651835292
"p1029": 0.0012343797335922517
"p1030": 0.00013736237889060122
"p1031": 0.0006830485416066881
"p1032": 0.0019964586849716146
"p1033": 0.003947757135787414
"p1034": 0.001319055172634403
"p1035": 0.0029410602493973926
"p1036": 0.0032270750657175493
"p1037": 0.004307157332610771
"p1038": 0.002512038024917159
"p1039": 0.004568710355429859
"p1040": 0.000566384603370835
"p1041": 0.0014037306116765542
"p1042": 0.00017875926020009743
"p1043": 0.00028413313989699703
"p1044": 0.001179811117320643
"p1045": 0.0017687758377693849
"p1046": 0.00031612163909069865
"p1047": 0.0007545522456867272
"p1048": 0.004150978189488579
"p1049": 0.006424043308664556
"p1050": 0.0028432130753931286
"p1051": 0.002837568046123652
"p1052": 0.005532128684087226
"p1053": 1
"p1054": 0.004653385794472011
"p1055": 0.0030332623941321806
"p1056": 1.8816764231589203E-05
"p1057": 0.00017875926020009743
"p1058": 1.8816764231589204E-06
"p1059": 6.0213645541085445E-05
"p1060": 0.00023520955289486504
"p1061": 0.00059272807329506
"p1062": 4.139688130949625E-05
"p1063": 0.0005833196911792653
"p1064": 0.0009032046831162819
"p1065": 0.0021752179451717123
"p1066": 0.0004440756358655052
"p1067": 0.0018064093662325635
"p1068": 0.002655045433077237
"p1069": 0.004113344661025402
"p1070": 0.0015768448426071752
"p1071": 0.00495069066933112
"p1072": 0.00039515204886337327
"p1073": 0.0007244454229161844
"p1074": 0.0001016105268505817
"p1075": 6.585867481056221E-05
"p1076": 0.0014225473759081437
"p1077": 0.001772539190615703
"p1078": 0.0003424651090149235
"p1079": 0.00046477407652025334
"p1080": 0.0032421284771028203
"p1081": 0.00292788851443528
"p1082": 0.002310698647639154
"p1083": 0.0009314298294636655
"p1084": 0.007078866703923859
"p1085": 0.005477560067815619
"p1086": 0.006358184633853991
