"p1024": 0.0001956943480085277
"p1025": 0.00028225146347383805
"p1026": 3.0106822770542726E-05
"p1027": 3.198849919370165E-05
"p1028": 0.0005136976635223853
"p1029": 0.0007282087757625021
"p1030": 5.645029269476761E-05
"p1031": 0.00014488908458323683
"p1032": 0.0008674528310762623
"p1033": 0.0006886935708761649
"p1034": 0.0004083237838254857
"p1035": 0.00010537387969689954
"p1036": 0.0020717257418979714
"p1037": 0.0018082910426557228
"p1038": 0.0010085785628131813
"p1039": 0.0003236483447833343
"p1040": 9.408382115794602E-06
"p1041": 1.1290058538953523E-05
"p1042": 0
"p1043": 0
"p1044": 3.198849919370165E-05
"p1045": 4.516023415581409E-05
"p1046": 0
"p1047": 5.645029269476761E-06
"p1048": 3.9515204886337324E-05
"p1049": 1.8816764231589203E-05
"p1050": 1.6935087808430286E-05
"p1051": 0
"p1052": 0.00016370584881482606
"p1053": 8.467543904215141E-05
"p1054": 0.00010161052685058169
"p1055": 2.8225146347383808E-05
"p1056": 0.0006529417188361454
"p1057": 0.002120649328900103
"p1058": 0.00013359902604428335
"p1059": 0.0004591290472507766
"p1060": 0.0018233444540409938
"p1061": 0.004578118737545653
"p1062": 0.00035751852040019486
"p1063": 0.001776302543462021
"p1064": 0.003069014246172199
"p1065": 0.006822958710374248
"p1066": 0.0009747083871963206
"p1067": 0.00292788851443528
"p1068": 0.0072707976990860675
"p1069": 0.012300518778189865
"p1070": 0.00317250644944594
"p1071": 0.007285851110471341
"p1072": 0.0002897781691664737
"p1073": 0.001085727296162697
"p1074": 4.704191057897301E-05
"p1075": 3.0106822770542726E-05
"p1076": 0.0013284635547501978
"p1077": 0.003202613272216483
"p1078": 0.0002991865512822683
"p1079": 0.0004214955187875981
"p1080": 0.0014413641401397333
"p1081": 0.0028601481632015593
"p1082": 0.00042149551878759814
"p1083": 0.000494880899290796
"p1084": 0.004920583846560577
"p1085": 0.00714660705515758
"p1086": 0.002436770967990802
