"p1024": 0.0024235992330286895
"p1025": 5.8331969117926534E-05
"p1026": 0.0014959327564113417
"p1027": 0.0022994085891002002
"p1028": 0.0027735910477362487
"p1029": 0.00028225146347383805
"p1030": 0.0037031392007767557
"p1031": 0.0035356699991156114
"p1032": 0.0020641990362053357
"p1033": 0
"p1034": 0.0008260559497667659
"p1035": 0.0012343797335922517
"p1036": 0.004201783452913869
"p1037": 0
"p1038": 0.002197798062249619
"p1039": 0.0023031719419465183
"p1040": 5.833196911792653E-05
"p1041": 0
"p1042": 0.0001448890845832369
"p1043": 1.1290058538953523E-05
"p1044": 0.00012042729108217089
"p1045": 0
"p1046": 0.00037069025536230727
"p1047": 1.1290058538953523E-05
"p1048": 1.1290058538953523E-05
"p1049": 0
"p1050": 2.4461793501065963E-05
"p1051": 0
"p1052": 0.00010161052685058171
"p1053": 0
"p1054": 0.00011290058538953522
"p1055": 5.645029269476761E-06
"p1056": 0.0014959327564113417
"p1057": 0.0001448890845832369
"p1058": 0.000541922809869769
"p1059": 0.0019080198930831451
"p1060": 0.004333500802534993
"p1061": 0.0010311586798910884
"p1062": 0.0028375680461236517
"p1063": 0.006962202765688007
"p1064": 0.0007357354814551379
"p1065": 0
"p1066": 0.00022768284720222937
"p1067": 0.0005494495155624048
"p1068": 0.0029485869550900283
"p1069": 5.645029269476761E-05
"p1070": 0.0011421775888574646
"p1071": 0.002393492410258147
"p1072": 0.0022994085891002007
"p1073": 1.1290058538953523E-05
"p1074": 0.0019080198930831454
"p1075": 0.0015749631661840164
"p1076": 0.004659030823741487
"p1077": 6.774035123372113E-05
"p1078": 0.006567050716824632
"p1079": 0.004205546805760187
"p1080": 0.0011647577059353718
"p1081": 0
"p1082": 0.0006567050716824632
"p1083": 0.0004534840179812998
"p1084": 0.00514262166449333
"p1085": 0
"p1086": 0.003134872920982761
