"p1024": 0.0007620789513793627
"p1025": 0.0006567050716824632
"p1026": 0.000378216961054943
"p1027": 0.00010913723254321738
"p1028": 0.0015241579027587254
"p1029": 0.0011421775888574646
"p1030": 0.0009163764180783943
"p1031": 0.0002897781691664737
"p1032": 0.0002163927886632758
"p1033": 0.0002295645236253883
"p1034": 5.456861627160869E-05
"p1035": 1.5053411385271365E-05
"p1036": 0.0011741660880511665
"p1037": 0.0013773871417523298
"p1038": 0.00022580117077907047
"p1039": 0.0001580608195453493
"p1040": 3.9515204886337324E-05
"p1041": 2.4461793501065963E-05
"p1042": 1.6935087808430286E-05
"p1043": 0
"p1044": 0.00014677076100639582
"p1045": 7.150370408003898E-05
"p1046": 0.00010161052685058169
"p1047": 2.8225146347383808E-05
"p1048": 5.645029269476761E-06
"p1049": 5.645029269476761E-06
"p1050": 0
"p1051": 0
"p1052": 6.209532196424438E-05
"p1053": 5.080526342529084E-05
"p1054": 0
"p1055": 5.645029269476761E-06
"p1056": 0.002148874475247487
"p1057": 0.004563065326160383
"p1058": 0.0007376171578782967
"p1059": 0.002436770967990802
"p1060": 0.005323262601116586
"p1061": 0.008936081333581716
"p1062": 0.002730312490003593
"p1063": 0.006866237268106902
"p1064": 0.0013811504945986479
"p1065": 0.003176269802292258
"p1066": 0.0002991865512822683
"p1067": 0.000594609749718219
"p1068": 0.0037106659064693906
"p1069": 0.007240690876315528
"p1070": 0.0008335826554594016
"p1071": 0.002412309174489736
"p1072": 0.0012362614100154107
"p1073": 0.0021375844167085337
"p1074": 0.0003725719317854662
"p1075": 0.00041208713667180354
"p1076": 0.003983508987827435
"p1077": 0.005084289695375404
"p1078": 0.0022787101484454527
"p1079": 0.001418784023061826
"p1080": 0.00031988499193701646
"p1081": 0.0010706738847774259
"p1082": 5.456861627160869E-05
"p1083": 9.22021447347871E-05
"p1084": 0.002478167849300298
"p1085": 0.004523550121274046
"p1086": 0.0004233771952107571
