"p1024": 3.198849919370165E-05
"p1025": 0
"p1026": 0.00036504522609283053
"p1027": 7.33853805031979E-05
"p1028": 0.00025778966997277216
"p1029": 1.1290058538953523E-05
"p1030": 0.001413138993792349
"p1031": 0.0003518734911307182
"p1032": 5.645029269476761E-06
"p1033": 0
"p1034": 3.3870175616860565E-05
"p1035": 1.8816764231589204E-06
"p1036": 0.0001034922032737406
"p1037": 0
"p1038": 0.0006962202765688003
"p1039": 6.962202765688006E-05
"p1040": 3.387017561686057E-05
"p1041": 0
"p1042": 0.0016859820751503924
"p1043": 0.0002653163756654078
"p1044": 0.000212629435816958
"p1045": 1.1290058538953523E-05
"p1046": 0.003650452260928305
"p1047": 0.00059272807329506
"p1048": 5.645029269476761E-06
"p1049": 0
"p1050": 0.0004685374293665712
"p1051": 3.9515204886337324E-05
"p1052": 0.00010725555612005844
"p1053": 0
"p1054": 0.0028149879290457445
"p1055": 0.00018064093662325636
"p1056": 0.0010800822668932204
"p1057": 5.645029269476761E-05
"p1058": 0.0027152590786183226
"p1059": 0.0015636731076450628
"p1060": 0.0028752015745868303
"p1061": 0.00039327037244021434
"p1062": 0.006521890482668819
"p1063": 0.004926228875830052
"p1064": 0.00020133937727800447
"p1065": 0
"p1066": 0.0011402959124343058
"p1067": 0.00037633528463178407
"p1068": 0.0009502465936952547
"p1069": 0
"p1070": 0.004201783452913871
"p1071": 0.0012663682327859534
"p1072": 0.0006774035123372113
"p1073": 2.4461793501065963E-05
"p1074": 0.005293155778346045
"p1075": 0.0023840840281423525
"p1076": 0.00130776511409545
"p1077": 0.00013736237889060122
"p1078": 0.013109639640148201
"p1079": 0.005466270009276665
"p1080": 0.00014300740816007796
"p1081": 0
"p1082": 0.003733246023547299
"p1083": 0.0014714709629102757
"p1084": 0.0007131553643772307
"p1085": 0
"p1086": 0.011030387192557592
