"p1024": 8.467543904215141E-05
"p1025": 0.00020133937727800447
"p1026": 1.5053411385271363E-05
"p1027": 3.763352846317841E-05
"p1028": 0.00028789649274331484
"p1029": 0.00042337719521075713
"p1030": 6.021364554108544E-05
"p1031": 0.00027660643420436136
"p1032": 0.0008110025383814946
"p1033": 0.000660468424528781
"p1034": 0.0006322432781813973
"p1035": 0.0004760641350592068
"p1036": 0.0017875926020009742
"p1037": 0.001224971351476457
"p1038": 0.0015636731076450628
"p1039": 0.0014902877271418648
"p1040": 0.00031047660982122185
"p1041": 0.0003688085789391484
"p1042": 6.962202765688005E-05
"p1043": 2.8225146347383805E-05
"p1044": 0.00073197212860882
"p1045": 0.0008053575091120178
"p1046": 0.00015241579027587258
"p1047": 0.0002201561415095937
"p1048": 0.0019550618036621187
"p1049": 0.0012569598506701589
"p1050": 0.0013830321710218065
"p1051": 0.00035751852040019486
"p1052": 0.003673032378006213
"p1053": 0.0023313970882939024
"p1054": 0.002989983836399525
"p1055": 0.0008335826554594016
"p1056": 0.00016935087808430283
"p1057": 0.0007733690099183163
"p1058": 3.7633528463178407E-05
"p1059": 0.00019381267158536877
"p1060": 0.0007056286586845952
"p1061": 0.0016031883125314002
"p1062": 0.00013548070246744229
"p1063": 0.0009558916229647316
"p1064": 0.0025873050818435153
"p1065": 0.00575416650201998
"p1066": 0.001488406050718706
"p1067": 0.004280813862686545
"p1068": 0.004928110552253213
"p1069": 0.007656541365833648
"p1070": 0.00310288442178906
"p1071": 0.00823233435132028
"p1072": 0.0006077814846803312
"p1073": 0.001631413458878784
"p1074": 0.00019757602443168663
"p1075": 0.0003236483447833343
"p1076": 0.0018496879239652186
"p1077": 0.0027980528412373147
"p1078": 0.0004647740765202533
"p1079": 0.0009803534164657974
"p1080": 0.005095579753914357
"p1081": 0.007820247214648475
"p1082": 0.003460402942189254
"p1083": 0.0033682007974544675
"p1084": 0.009440370614988305
"p1085": 1
"p1086": 0.007961372946385393
