"p1024": 0.00025214464070329537
"p1025": 4.327855773265517E-05
"p1026": 0.0001768775837769385
"p1027": 0.0002051027301243223
"p1028": 5.833196911792653E-05
"p1029": 0
"p1030": 5.645029269476761E-06
"p1031": 3.7633528463178407E-06
"p1032": 0.0005099343106760675
"p1033": 2.4461793501065963E-05
"p1034": 0.0008448727139983552
"p1035": 0.0005287510749076567
"p1036": 0.000355636843977036
"p1037": 3.7633528463178407E-06
"p1038": 0.0002935415220127916
"p1039": 0.00020322105370116337
"p1040": 0.0005569762212550406
"p1041": 3.9515204886337324E-05
"p1042": 0.00043654893017286954
"p1043": 0.00030671325697490405
"p1044": 0.0001806409366232564
"p1045": 0
"p1046": 2.0698440654748124E-05
"p1047": 1.1290058538953523E-05
"p1048": 0.0012908300262870194
"p1049": 1.8816764231589203E-05
"p1050": 0.0026625721387698725
"p1051": 0.0008260559497667662
"p1052": 0.0015222762263355665
"p1053": 3.7633528463178407E-06
"p1054": 0.0014432458165628914
"p1055": 0.0004666557529434122
"p1056": 0.0017085621922282995
"p1057": 0.00045724737082761767
"p1058": 0.0006661134537982577
"p1059": 0.0015655547840682216
"p1060": 0.00026907972851172564
"p1061": 0
"p1062": 2.0698440654748124E-05
"p1063": 1.8816764231589203E-05
"p1064": 0.005095579753914357
"p1065": 0.0007771323627646341
"p1066": 0.0029504686315131876
"p1067": 0.007212465729968143
"p1068": 0.0034829830592671618
"p1069": 7.526705692635681E-05
"p1070": 0.0012212079986301393
"p1071": 0.002483812878569775
"p1072": 0.0032383651242565018
"p1073": 0.00022956452362538825
"p1074": 0.001955061803662118
"p1075": 0.002032210537011634
"p1076": 0.0006774035123372113
"p1077": 0
"p1078": 9.596549758110495E-05
"p1079": 6.774035123372114E-05
"p1080": 0.008815654042499541
"p1081": 0.0002897781691664738
"p1082": 0.00952128270118414
"p1083": 0.009041455213278614
"p1084": 0.007690411541450507
"p1085": 3.7633528463178407E-06
"p1086": 0.004549893591198269
