"p1024": 0.0006567050716824632
"p1025": 0.0011233608246258755
"p1026": 0.00013736237889060122
"p1027": 0.0006830485416066881
"p1028": 2.4461793501065963E-05
"p1029": 0.00012607232035164766
"p1030": 0
"p1031": 0
"p1032": 0.0038800167845536955
"p1033": 0.006369474692392946
"p1034": 0.002886491633125784
"p1035": 0.006393936485894011
"p1036": 0.0018007643369630866
"p1037": 0.00301632730632375
"p1038": 0.0010932540018553328
"p1039": 0.0016144783710703536
"p1040": 0.0011421775888574646
"p1041": 0.0016445851938408959
"p1042": 0.00031612163909069865
"p1043": 0.0007545522456867272
"p1044": 7.150370408003898E-05
"p1045": 0.00027096140493488457
"p1046": 0
"p1047": 0
"p1048": 0.006877527326645854
"p1049": 1
"p1050": 0.00580497176544527
"p1051": 0.005650674298746238
"p1052": 0.004167913277297008
"p1053": 0.005033484431950112
"p1054": 0.0024913395842624106
"p1055": 0.0009822350928889564
"p1056": 0.00022956452362538827
"p1057": 0.0005626212505245173
"p1058": 4.139688130949625E-05
"p1059": 0.0005833196911792653
"p1060": 5.645029269476761E-06
"p1061": 3.010682277054273E-05
"p1062": 0
"p1063": 0
"p1064": 0.002775472724159408
"p1065": 0.004818973319709997
"p1066": 0.0016220050767629891
"p1067": 0.005678899445093623
"p1068": 0.0008843879188846926
"p1069": 0.0018986115109673504
"p1070": 0.00043843060659602847
"p1071": 0.0012212079986301393
"p1072": 0.0013886772002912832
"p1073": 0.0015975432832619233
"p1074": 0.0003424651090149235
"p1075": 0.00046477407652025334
"p1076": 5.080526342529084E-05
"p1077": 0.0002314462000485472
"p1078": 0
"p1079": 0
"p1080": 0.006911397502262717
"p1081": 0.005014667667718523
"p1082": 0.00658774915747938
"p1083": 0.002645637050961442
"p1084": 0.004254470392762319
"p1085": 0.004373016007421331
"p1086": 0.0024424159972602786
