"p1024": 0.0002051027301243223
"p1025": 0.00015053411385271363
"p1026": 0.000777132362764634
"p1027": 0.0005682662797939941
"p1028": 0
"p1029": 7.903040977267466E-05
"p1030": 1.8816764231589203E-05
"p1031": 8.843879188846924E-05
"p1032": 3.951520488633733E-05
"p1033": 3.387017561686057E-05
"p1034": 8.655711546531035E-05
"p1035": 8.843879188846925E-05
"p1036": 8.467543904215141E-05
"p1037": 0.00013548070246744226
"p1038": 0.0005249877220613388
"p1039": 0.0005626212505245172
"p1040": 0.00017687758377693853
"p1041": 0.00012607232035164766
"p1042": 0.001992695332125297
"p1043": 0.001038685385583724
"p1044": 0
"p1045": 6.585867481056221E-05
"p1046": 4.327855773265516E-05
"p1047": 0.0002088660829706401
"p1048": 5.268693984844976E-05
"p1049": 4.704191057897301E-05
"p1050": 0.0008260559497667661
"p1051": 0.0005287510749076566
"p1052": 6.585867481056221E-05
"p1053": 0.00012042729108217089
"p1054": 0.0021469927988243278
"p1055": 0.0018233444540409934
"p1056": 0.001017986944928976
"p1057": 0.0025515532298034964
"p1058": 0.002741602548542547
"p1059": 0.005255522249882866
"p1060": 0
"p1061": 0.000451602341558141
"p1062": 0.00011666393823585305
"p1063": 0.0005080526342529084
"p1064": 0.000355636843977036
"p1065": 0.0008222925969204481
"p1066": 0.0010330403563142475
"p1067": 0.0030238540120163856
"p1068": 0.00041208713667180365
"p1069": 0.0017123255450746172
"p1070": 0.002451824379376073
"p1071": 0.005716532973556801
"p1072": 0.0007150370408003898
"p1073": 0.0011214791482027165
"p1074": 0.0059705592906832555
"p1075": 0.00578991835406
"p1076": 0
"p1077": 0.0002389729057411829
"p1078": 0.0002803697870506791
"p1079": 0.001087608972585856
"p1080": 0.00025778966997277205
"p1081": 0.0007093920115309129
"p1082": 0.00486413355386581
"p1083": 0.006986664559189072
"p1084": 0.0003029499041285862
"p1085": 0.000920139770924712
"p1086": 0.007421331812938783
