"p1024": 0.0023502138525254923
"p1025": 0.0005024076049834317
"p1026": 0.0036843224365451666
"p1027": 0.005146385017339648
"p1028": 0.00020698440654748124
"p1029": 7.526705692635681E-05
"p1030": 5.833196911792653E-05
"p1031": 0
"p1032": 0.002901545044511055
"p1033": 7.903040977267465E-05
"p1034": 0.0022184965029043674
"p1035": 0.003281643681989157
"p1036": 0.0032139033307554367
"p1037": 8.279376261899248E-05
"p1038": 0.002995628865669001
"p1039": 0.0032948154169512695
"p1040": 1
"p1041": 0.0002182744650864348
"p1042": 0.005400411334466102
"p1043": 0.0042187185407223
"p1044": 0.0003725719317854662
"p1045": 4.8923587002131926E-05
"p1046": 0.00012042729108217089
"p1047": 0
"p1048": 0.005718414649979959
"p1049": 7.714873334951574E-05
"p1050": 0.00692080588437851
"p1051": 0.006493665336321435
"p1052": 0.005084289695375403
"p1053": 0
"p1054": 0.007046878204730158
"p1055": 0.0036899674658146427
"p1056": 0.002566606641188768
"p1057": 0.00044595731228866414
"p1058": 0.0027284308135804344
"p1059": 0.005321380924693427
"p1060": 4.704191057897301E-05
"p1061": 3.951520488633733E-05
"p1062": 1.1290058538953523E-05
"p1063": 0
"p1064": 0.001687863751573552
"p1065": 2.4461793501065963E-05
"p1066": 0.0009822350928889566
"p1067": 0.0016389401645714198
"p1068": 0.002201561415095937
"p1069": 5.645029269476761E-05
"p1070": 0.0012569598506701589
"p1071": 0.002431125938721325
"p1072": 0.0027735910477362487
"p1073": 7.526705692635681E-05
"p1074": 0.008936081333581713
"p1075": 0.002545908200534019
"p1076": 0.0003895070195938965
"p1077": 4.327855773265517E-05
"p1078": 0.00010161052685058171
"p1079": 0
"p1080": 0.0022128514736348905
"p1081": 3.7633528463178407E-06
"p1082": 0.005253640573459707
"p1083": 0.0015787265190303343
"p1084": 0.004988324197794299
"p1085": 7.5267056926356815E-06
"p1086": 0.008138250530162329
