"p1024": 0.0006567050716824632
"p1025": 5.645029269476761E-06
"p1026": 0.0009822350928889564
"p1027": 0.00034246510901492347
"p1028": 0.0011421775888574646
"p1029": 3.9515204886337324E-05
"p1030": 0.0021545195045169635
"p1031": 0.000711273687954072
"p1032": 0.0002295645236253883
"p1033": 0
"p1034": 0.00023332787647170608
"p1035": 5.2686939848449775E-05
"p1036": 0.0013886772002912832
"p1037": 0
"p1038": 0.0013171734962112442
"p1039": 0.0003123582862443808
"p1040": 2.4461793501065963E-05
"p1041": 0
"p1042": 5.645029269476761E-05
"p1043": 0
"p1044": 7.150370408003898E-05
"p1045": 0
"p1046": 0.0002991865512822683
"p1047": 2.8225146347383808E-05
"p1048": 5.645029269476761E-06
"p1049": 0
"p1050": 5.645029269476761E-06
"p1051": 0
"p1052": 5.080526342529084E-05
"p1053": 0
"p1054": 6.209532196424438E-05
"p1055": 5.645029269476761E-06
"p1056": 0.0038800167845536937
"p1057": 0.00020322105370116337
"p1058": 0.0019663518622010717
"p1059": 0.004162268248027532
"p1060": 0.006877527326645854
"p1061": 0.0013341085840196745
"p1062": 0.006083459876072792
"p1063": 0.010213739624906622
"p1064": 0.0027754727241594075
"p1065": 0
"p1066": 0.0010480937676995187
"p1067": 0.0017763025434620208
"p1068": 0.006911397502262716
"p1069": 5.645029269476761E-05
"p1070": 0.0031762698022922585
"p1071": 0.004617633942431991
"p1072": 0.0018007643369630868
"p1073": 5.645029269476761E-06
"p1074": 0.001198627881552232
"p1075": 0.0013359902604428333
"p1076": 0.004167913277297009
"p1077": 3.3870175616860565E-05
"p1078": 0.005567880536127245
"p1079": 0.0038423832560905155
"p1080": 0.0008843879188846927
"p1081": 0
"p1082": 0.0002897781691664738
"p1083": 0.0003838619903244198
"p1084": 0.00425447039276232
"p1085": 0
"p1086": 0.002054790654089541
