"p1024": 0.0010988990311248093
"p1025": 0.0012136812929375033
"p1026": 0.004241298657800208
"p1027": 1
"p1028": 0
"p1029": 0.00015053411385271363
"p1030": 7.714873334951574E-05
"p1031": 0.0002408545821643418
"p1032": 0.0006096631611034902
"p1033": 0.0010255136506216117
"p1034": 0.004907412111598465
"p1035": 0.0069264509136479895
"p1036": 0.00047794581148236586
"p1037": 0.0010273953270447706
"p1038": 0.004711717763589938
"p1039": 0.004561183649737224
"p1040": 6.585867481056221E-05
"p1041": 3.7633528463178407E-05
"p1042": 0.0009182580945015531
"p1043": 0.00025778966997277205
"p1044": 0
"p1045": 1.1290058538953523E-05
"p1046": 1.88167642315892E-05
"p1047": 6.774035123372112E-05
"p1048": 4.139688130949625E-05
"p1049": 2.4461793501065963E-05
"p1050": 0.000752670569263568
"p1051": 0.0001862859658927331
"p1052": 5.645029269476761E-06
"p1053": 1.6935087808430282E-05
"p1054": 0.0012908300262870194
"p1055": 0.000543804486292928
"p1056": 0.0025459082005340194
"p1057": 0.0042826955391097035
"p1058": 0.004700427705050983
"p1059": 0.009690633579268443
"p1060": 0
"p1061": 0.0001674692016611439
"p1062": 5.2686939848449775E-05
"p1063": 0.00016370584881482606
"p1064": 0.0006247165724887616
"p1065": 0.001157231000242736
"p1066": 0.002820632958315221
"p1067": 0.0061587269329991465
"p1068": 0.0009634183286573671
"p1069": 0.0025854234054203565
"p1070": 0.0034735746771513668
"p1071": 0.006691241360753122
"p1072": 0.001486524374295547
"p1073": 0.0010405670620068828
"p1074": 0.009368866910908267
"p1075": 0.006010074495569593
"p1076": 0
"p1077": 0.0002201561415095937
"p1078": 0.00014300740816007796
"p1079": 0.000543804486292928
"p1080": 0.0007150370408003897
"p1081": 0.000570147956217153
"p1082": 0.006583985804633064
"p1083": 0.006506837071283547
"p1084": 0.0006679951302214167
"p1085": 0.0009615366522342083
"p1086": 0.009739557166270571
