"p1024": 0.0005833196911792654
"p1025": 0.00041585048951812146
"p1026": 0.00037445360820862513
"p1027": 0.00034434678543808245
"p1028": 1.8816764231589203E-05
"p1029": 0.00011478226181269412
"p1030": 0
"p1031": 1.1290058538953523E-05
"p1032": 7.526705692635681E-05
"p1033": 8.843879188846925E-05
"p1034": 4.327855773265516E-05
"p1035": 3.951520488633733E-05
"p1036": 0.00045536569440445874
"p1037": 0.0005268693984844977
"p1038": 0.00013359902604428333
"p1039": 0.00024085458216434178
"p1040": 0.001298356731979655
"p1041": 0.0009032046831162818
"p1042": 0.0008523994196909907
"p1043": 0.00030106822770542725
"p1044": 4.327855773265516E-05
"p1045": 0.00023144620004854718
"p1046": 0
"p1047": 0
"p1048": 0.0006096631611034902
"p1049": 0.0005080526342529086
"p1050": 0.00024273625858750074
"p1051": 7.150370408003898E-05
"p1052": 0.0017556041028072723
"p1053": 0.0018082910426557221
"p1054": 0.0004553656944044588
"p1055": 0.0002013393772780045
"p1056": 0.0022410766199822746
"p1057": 0.00418296668868228
"p1058": 0.0008636894782299446
"p1059": 0.0038348565503978803
"p1060": 0.00011666393823585305
"p1061": 0.0006792851887603701
"p1062": 0
"p1063": 6.021364554108545E-05
"p1064": 0.0008674528310762623
"p1065": 0.002647518727384601
"p1066": 0.0002860148163201559
"p1067": 0.0012400247628617288
"p1068": 0.0021131226232074677
"p1069": 0.005187781898649144
"p1070": 0.0004779458114823658
"p1071": 0.0021789812980180304
"p1072": 0.003908241930901077
"p1073": 0.004540485209082476
"p1074": 0.0025383814948413833
"p1075": 0.0024894579078392517
"p1076": 0.0002803697870506791
"p1077": 0.001179811117320643
"p1078": 0
"p1079": 2.6343469924224884E-05
"p1080": 0.003656097290197782
"p1081": 0.006211413872847597
"p1082": 0.0013077651140954497
"p1083": 0.001610715018224036
"p1084": 0.005927280732950599
"p1085": 0.009303008236097702
"p1086": 0.0016201234003398305
