"p1024": 1.8816764231589204E-06
"p1025": 0
"p1026": 0.00010725555612005845
"p1027": 1.8816764231589203E-05
"p1028": 0.00022956452362538833
"p1029": 0
"p1030": 0.00045348401798129976
"p1031": 0.00012607232035164766
"p1032": 3.7633528463178407E-05
"p1033": 0
"p1034": 0.00037633528463178407
"p1035": 7.33853805031979E-05
"p1036": 0.00018064093662325636
"p1037": 1.1290058538953523E-05
"p1038": 0.001509104491373454
"p1039": 0.0003970337252865322
"p1040": 3.7633528463178407E-06
"p1041": 0
"p1042": 0.00045724737082761767
"p1043": 8.27937626189925E-05
"p1044": 0.0002201561415095937
"p1045": 0
"p1046": 0.001172284411628007
"p1047": 0.0002653163756654078
"p1048": 3.7633528463178407E-05
"p1049": 0
"p1050": 0.0018271078068873116
"p1051": 0.0002897781691664738
"p1052": 0.00014865243742955472
"p1053": 1.1290058538953523E-05
"p1054": 0.004882950318097397
"p1055": 0.0007733690099183164
"p1056": 0.00021451111224011693
"p1057": 0
"p1058": 0.001110189089663763
"p1059": 0.00019945770085484554
"p1060": 0.0014319557580239383
"p1061": 0
"p1062": 0.002867674868894194
"p1063": 0.0009013230066931229
"p1064": 0.0011515859709732594
"p1065": 5.645029269476761E-05
"p1066": 0.003473574677151367
"p1067": 0.0018816764231589208
"p1068": 0.0025233280834561127
"p1069": 0.00039327037244021434
"p1070": 0.007760033569107388
"p1071": 0.005311972542577632
"p1072": 0.00019757602443168663
"p1073": 0
"p1074": 0.0025327364655719073
"p1075": 0.0006209532196424438
"p1076": 0.001017986944928976
"p1077": 0
"p1078": 0.0057673382369820905
"p1079": 0.0015260395791818844
"p1080": 0.0007827773920341108
"p1081": 2.4461793501065963E-05
"p1082": 0.00790115930084431
"p1083": 0.0035112082056145454
"p1084": 0.0011195974717795574
"p1085": 0.00013736237889060122
"p1086": 0.019162992693450447
