"p1024": 1
"p1025": 0.00024085458216434183
"p1026": 0.004611988913162514
"p1027": 0.003701257524353598
"p1028": 0.0002408545821643418
"p1029": 6.021364554108546E-05
"p1030": 7.714873334951574E-05
"p1031": 0
"p1032": 0.004611988913162515
"p1033": 7.714873334951574E-05
"p1034": 0.005007140962025887
"p1035": 0.00477381308555418
"p1036": 0.0037012575243535973
"p1037": 0
"p1038": 0.004773813085554181
"p1039": 0.0026851522558477793
"p1040": 0.00024085458216434183
"p1041": 7.5267056926356815E-06
"p1042": 0.0011045440603942862
"p1043": 6.39769983874033E-05
"p1044": 6.774035123372112E-05
"p1045": 3.7633528463178407E-06
"p1046": 1.88167642315892E-05
"p1047": 0
"p1048": 0.0001637058488148261
"p1049": 0
"p1050": 0.0008994413302699637
"p1051": 3.3870175616860565E-05
"p1052": 0.000543804486292928
"p1053": 0
"p1054": 0.0014771159921797526
"p1055": 1.6935087808430282E-05
"p1056": 0.004611988913162514
"p1057": 0.0011045440603942862
"p1058": 0.005153911723032282
"p1059": 0.010354865356643539
"p1060": 0.00016370584881482606
"p1061": 9.972885042742278E-05
"p1062": 5.2686939848449775E-05
"p1063": 0
"p1064": 0.004071947779715905
"p1065": 0.00010913723254321738
"p1066": 0.002833804693277334
"p1067": 0.005232942132804959
"p1068": 0.0043372641553813115
"p1069": 0.00015053411385271365
"p1070": 0.003099121068942742
"p1071": 0.005483205097085095
"p1072": 0.003701257524353597
"p1073": 6.39769983874033E-05
"p1074": 0.010354865356643539
"p1075": 0.004517905092004568
"p1076": 0.000543804486292928
"p1077": 4.327855773265517E-05
"p1078": 0.00014300740816007796
"p1079": 0
"p1080": 0.0043372641553813115
"p1081": 3.7633528463178407E-06
"p1082": 0.006898225767300603
"p1083": 0.0037558261406252045
"p1084": 0.007167305495812329
"p1085": 7.5267056926356815E-06
"p1086": 0.009764018959771636
