"p1024": 5.456861627160869E-05
"p1025": 0.0002408545821643418
"p1026": 0.0005701479562171529
"p1027": 0.001292711702710178
"p1028": 0.0002408545821643418
"p1029": 0.000938956535156301
"p1030": 0.001130887530318511
"p1031": 0.0013152918197880852
"p1032": 0.000570147956217153
"p1033": 0.001130887530318511
"p1034": 0.004871660259558445
"p1035": 0.006599039216018336
"p1036": 0.001292711702710178
"p1037": 0.0013152918197880852
"p1038": 0.006599039216018334
"p1039": 1
"p1040": 0
"p1041": 0
"p1042": 0.00010725555612005844
"p1043": 7.150370408003898E-05
"p1044": 1.6935087808430286E-05
"p1045": 3.9515204886337324E-05
"p1046": 0.00024838128785697745
"p1047": 0.0001919309951622099
"p1048": 2.2580117077907045E-05
"p1049": 1.6935087808430282E-05
"p1050": 0.0008505177432678321
"p1051": 0.0002559079935496131
"p1052": 8.467543904215141E-05
"p1053": 4.516023415581409E-05
"p1054": 0.0018628596589273312
"p1055": 0.0006247165724887615
"p1056": 3.3870175616860565E-05
"p1057": 0.0002521446407032953
"p1058": 0.00011854561465901199
"p1059": 0.00040644210740232686
"p1060": 0.0002051027301243223
"p1061": 0.0014771159921797526
"p1062": 0.0006058998082571724
"p1063": 0.0010894906490090147
"p1064": 0.0008900329481541692
"p1065": 0.002175217945171712
"p1066": 0.002792407811967838
"p1067": 0.007665949747949442
"p1068": 0.00284133139896997
"p1069": 0.0045630653261603815
"p1070": 0.006950912707149053
"p1071": 0.012750239443324849
"p1072": 9.408382115794602E-06
"p1073": 9.220214473478709E-05
"p1074": 0.0006792851887603702
"p1075": 0.001347280318981787
"p1076": 0.0002747247577812024
"p1077": 0.0008505177432678319
"p1078": 0.0022410766199822746
"p1079": 0.002671980520885667
"p1080": 0.00060966316110349
"p1081": 0.0007507888928404093
"p1082": 0.006997954617728026
"p1083": 0.006922687560801669
"p1084": 0.0019757602443168662
"p1085": 0.0013247002019038797
"p1086": 0.015064701443810322
