"p1024": 0.0012080362636680269
"p1025": 0.002041618919127428
"p1026": 0.00022203781793275263
"p1027": 0.0008222925969204481
"p1028": 0.00012419064392848875
"p1029": 0.0004760641350592068
"p1030": 0
"p1031": 0
"p1032": 0.00413216142525699
"p1033": 0.007492835517018822
"p1034": 0.002173336268748553
"p1035": 0.003234601771410184
"p1036": 0.00291095342662685
"p1037": 0.0045875271196614475
"p1038": 0.0008241742733436071
"p1039": 0.0007940674505730644
"p1040": 4.327855773265517E-05
"p1041": 4.704191057897301E-05
"p1042": 0
"p1043": 5.645029269476761E-06
"p1044": 0
"p1045": 1.1290058538953523E-05
"p1046": 0
"p1047": 0
"p1048": 0.00025778966997277205
"p1049": 0.00012419064392848875
"p1050": 0.0001298356731979655
"p1051": 2.2580117077907045E-05
"p1052": 0.00016182417239166716
"p1053": 0.00013359902604428335
"p1054": 3.951520488633733E-05
"p1055": 0
"p1056": 0.0005983731025645366
"p1057": 0.002207206444365413
"p1058": 0.0001542974666990315
"p1059": 0.0010123419156594991
"p1060": 2.82251463473838E-05
"p1061": 0.00015617914312219037
"p1062": 0
"p1063": 0
"p1064": 0.0033230405632986536
"p1065": 0.006499310365590911
"p1066": 0.001230616380745934
"p1067": 0.005678899445093622
"p1068": 0.00139432222956076
"p1069": 0.003797223021934702
"p1070": 0.0003913886960170554
"p1071": 0.0013472803189817873
"p1072": 0.0016539935759566908
"p1073": 0.0032195483600249127
"p1074": 0.00037069025536230727
"p1075": 0.0005946097497182188
"p1076": 0.00010161052685058171
"p1077": 0.0005231060456381799
"p1078": 0
"p1079": 0
"p1080": 0.005184018545802825
"p1081": 0.006619737656673082
"p1082": 0.002978693777860571
"p1083": 0.001955061803662118
"p1084": 0.00353755167553877
"p1085": 0.00653694389405409
"p1086": 0.000895677977423646
