"p1024": 0.000707510335107754
"p1025": 0
"p1026": 0.00023897290574118285
"p1027": 0.00031800331551385763
"p1028": 0.001558028078375586
"p1029": 0.0003161216390906986
"p1030": 0.0005720296326403118
"p1031": 0.0011967462051290735
"p1032": 0.0019832869500095024
"p1033": 9.972885042742278E-05
"p1034": 0.0008298193026130839
"p1035": 0.0020641990362053352
"p1036": 0.003349384033222878
"p1037": 0.00042149551878759825
"p1038": 0.0022787101484454527
"p1039": 0.004277050509840227
"p1040": 0.0016445851938408965
"p1041": 0
"p1042": 0.0006548233952593043
"p1043": 0.0007696056570719985
"p1044": 0.0026456370509614423
"p1045": 0.0001956943480085277
"p1046": 0.001392440553137601
"p1047": 0.0017913559548472918
"p1048": 0.004405004506615032
"p1049": 5.8331969117926534E-05
"p1050": 0.002643755374538283
"p1051": 0.0038386199032441975
"p1052": 0.006886935708761649
"p1053": 0.00020698440654748124
"p1054": 0.006361947986700312
"p1055": 0.006471085219243529
"p1056": 0.00012607232035164766
"p1057": 0
"p1058": 2.8225146347383805E-05
"p1059": 2.8225146347383808E-05
"p1060": 0.0005287510749076566
"p1061": 0.00016935087808430283
"p1062": 0.0002766064342043613
"p1063": 0.0005400411334466101
"p1064": 0.0006924569237224828
"p1065": 4.516023415581409E-05
"p1066": 0.00019945770085484554
"p1067": 0.0006774035123372114
"p1068": 0.002273065119175976
"p1069": 0.000308594933398063
"p1070": 0.001294593379133337
"p1071": 0.0029937471892458427
"p1072": 0.0004911175464444781
"p1073": 0
"p1074": 0.0002483812878569775
"p1075": 0.00016935087808430283
"p1076": 0.001872268041043126
"p1077": 6.774035123372113E-05
"p1078": 0.0012343797335922517
"p1079": 0.000707510335107754
"p1080": 0.001317173496211244
"p1081": 1.1290058538953523E-05
"p1082": 0.0016596386052261677
"p1083": 0.0006679951302214168
"p1084": 0.004107699631755924
"p1085": 4.516023415581409E-05
"p1086": 0.006260337459849729
