"p1024": 0.0008147658912278125
"p1025": 0
"p1026": 0.0026738621973088255
"p1027": 0.0010085785628131815
"p1028": 0
"p1029": 0
"p1030": 0.0005475678391392458
"p1031": 5.2686939848449775E-05
"p1032": 0.0016050699889545589
"p1033": 0.00015053411385271365
"p1034": 0.011167749571448192
"p1035": 0.005033484431950112
"p1036": 0.00041961384236443927
"p1037": 0
"p1038": 0.006775916799795273
"p1039": 0.00259671346395931
"p1040": 5.645029269476761E-06
"p1041": 0
"p1042": 7.714873334951574E-05
"p1043": 1.3171734962112444E-05
"p1044": 0
"p1045": 0
"p1046": 1.1290058538953523E-05
"p1047": 0
"p1048": 1.1290058538953523E-05
"p1049": 0
"p1050": 0.0005419228098697691
"p1051": 1.5053411385271363E-05
"p1052": 0
"p1053": 0
"p1054": 0.00031612163909069865
"p1055": 1.8816764231589207E-05
"p1056": 0.001273894938478589
"p1057": 0
"p1058": 0.002419835880182372
"p1059": 0.0005118159870992264
"p1060": 0
"p1061": 0
"p1062": 0.0001768775837769385
"p1063": 7.5267056926356815E-06
"p1064": 0.003027617364862703
"p1065": 0.0004986442521371139
"p1066": 0.007927502770768534
"p1067": 0.006089104905342267
"p1068": 0.0009540099465415728
"p1069": 3.0106822770542726E-05
"p1070": 0.0045818820903919715
"p1071": 0.001887321452428397
"p1072": 0.0005099343106760675
"p1073": 0
"p1074": 0.004516023415581409
"p1075": 0.0009314298294636656
"p1076": 0
"p1077": 0
"p1078": 0.0005833196911792653
"p1079": 4.139688130949625E-05
"p1080": 0.0010894906490090147
"p1081": 2.2580117077907045E-05
"p1082": 0.012748357766901686
"p1083": 0.004346672537497107
"p1084": 0.00028601481632015586
"p1085": 0
"p1086": 0.009532572759723091
