"p1024": 0.0002521446407032953
"p1025": 0.00031235828624438073
"p1026": 6.0213645541085445E-05
"p1027": 2.8225146347383805E-05
"p1028": 0.0005569762212550406
"p1029": 0.0006322432781813972
"p1030": 0.0001204272910821709
"p1031": 0.0002201561415095937
"p1032": 0.0017085621922282997
"p1033": 0.0011478226181269415
"p1034": 0.0012193263222069805
"p1035": 0.00035751852040019486
"p1036": 0.0032383651242565018
"p1037": 0.002130057711015898
"p1038": 0.0024254809094518487
"p1039": 0.0008335826554594016
"p1040": 5.833196911792653E-05
"p1041": 5.645029269476761E-05
"p1042": 9.408382115794602E-06
"p1043": 0
"p1044": 0.00018064093662325636
"p1045": 0.00018440428946957422
"p1046": 3.198849919370165E-05
"p1047": 3.3870175616860565E-05
"p1048": 0.0002690797285117256
"p1049": 0.00012419064392848875
"p1050": 0.0001749959073537796
"p1051": 2.2580117077907045E-05
"p1052": 0.0006774035123372112
"p1053": 0.0003217666683601754
"p1054": 0.0006661134537982577
"p1055": 0.0001580608195453493
"p1056": 0.0005099343106760675
"p1057": 0.0016050699889545589
"p1058": 0.00015994249596850823
"p1059": 0.0004911175464444782
"p1060": 0.0012908300262870194
"p1061": 0.0026832705794246204
"p1062": 0.00031047660982122185
"p1063": 0.0018816764231589203
"p1064": 0.005095579753914356
"p1065": 0.010050033776091795
"p1066": 0.003343739003953401
"p1067": 0.007086393409616493
"p1068": 0.008815654042499543
"p1069": 1
"p1070": 0.006738283271332095
"p1071": 0.012994857378335504
"p1072": 0.00035563684397703593
"p1073": 0.0010800822668932202
"p1074": 9.220214473478709E-05
"p1075": 6.962202765688006E-05
"p1076": 0.0015222762263355665
"p1077": 0.0024744044964539803
"p1078": 0.00037633528463178407
"p1079": 0.00040079707813285006
"p1080": 0.0034829830592671618
"p1081": 0.004913057140867942
"p1082": 0.002145111122401169
"p1083": 0.0014338374344470973
"p1084": 0.007690411541450509
"p1085": 0.007886105889459037
"p1086": 0.006175662020807576
