"p1024": 0.0009050863595394407
"p1025": 0.00018816764231589203
"p1026": 0.0006510600424129864
"p1027": 0.0008693345074994211
"p1028": 0.00012607232035164766
"p1029": 0
"p1030": 2.4461793501065963E-05
"p1031": 0
"p1032": 0.005140739988070171
"p1033": 0.0005814380147561064
"p1034": 0.005882120498794786
"p1035": 0.008399803552981422
"p1036": 0.0026531637566540776
"p1037": 6.774035123372114E-05
"p1038": 0.002453706055799232
"p1039": 0.002555316582649814
"p1040": 0.0013924405531376013
"p1041": 0.0001279539967748066
"p1042": 0.0013623337303670581
"p1043": 0.0010988990311248097
"p1044": 0.00027096140493488457
"p1045": 0
"p1046": 7.150370408003898E-05
"p1047": 0
"p1048": 1
"p1049": 0.00029542319843595057
"p1050": 0.012347560688768838
"p1051": 0.010595719938807882
"p1052": 0.004608225560316196
"p1053": 0
"p1054": 0.006226467284232868
"p1055": 0.0031837965079848933
"p1056": 0.0004346672537497106
"p1057": 0.00010725555612005845
"p1058": 0.0003236483447833343
"p1059": 0.00059272807329506
"p1060": 3.010682277054273E-05
"p1061": 0
"p1062": 5.645029269476761E-06
"p1063": 0
"p1064": 0.004188611717951757
"p1065": 0.00047041910578973014
"p1066": 0.0036824407601220074
"p1067": 0.0069415043250332575
"p1068": 0.0017781842198851799
"p1069": 4.8923587002131926E-05
"p1070": 0.0009765900636194797
"p1071": 0.0018026460133862457
"p1072": 0.0014808793450260703
"p1073": 8.091208619583358E-05
"p1074": 0.0017198522507672531
"p1075": 0.0005739113090634708
"p1076": 0.0002314462000485472
"p1077": 0
"p1078": 5.080526342529084E-05
"p1079": 0
"p1080": 0.004818973319709995
"p1081": 7.903040977267465E-05
"p1082": 0.013933813913491808
"p1083": 0.004109581308179082
"p1084": 0.004271405480570749
"p1085": 7.5267056926356815E-06
"p1086": 0.006843657151028993
