"p1024": 0.0012080362636680269
"p1025": 0.00012419064392848875
"p1026": 0.00413216142525699
"p1027": 0.00291095342662685
"p1028": 0.002041618919127428
"p1029": 0.0004760641350592069
"p1030": 0.007492835517018821
"p1031": 0.004587527119661448
"p1032": 0.0002220378179327526
"p1033": 0
"p1034": 0.002173336268748553
"p1035": 0.0008241742733436071
"p1036": 0.0008222925969204483
"p1037": 0
"p1038": 0.0032346017714101846
"p1039": 0.0007940674505730644
"p1040": 0.0008674528310762624
"p1041": 5.8331969117926534E-05
"p1042": 0.006888817385184808
"p1043": 0.0032195483600249127
"p1044": 0.0010838456197395383
"p1045": 0.0001938126715853688
"p1046": 1
"p1047": 0.004489679945657185
"p1048": 0.00023520955289486504
"p1049": 0
"p1050": 0.005902818939449535
"p1051": 0.0024856945549929337
"p1052": 0.0007357354814551379
"p1053": 0
"p1054": 0.007598209396715721
"p1055": 0.001330345231173357
"p1056": 0.0007846590684572699
"p1057": 8.467543904215143E-05
"p1058": 0.00212629435816958
"p1059": 0.0018176994247715169
"p1060": 0.0017781842198851799
"p1061": 0.0005306327513308156
"p1062": 0.006297970988312907
"p1063": 0.00463833238308674
"p1064": 7.526705692635681E-05
"p1065": 0
"p1066": 0.0007639606278025217
"p1067": 0.0002408545821643418
"p1068": 0.0006153081903729669
"p1069": 0
"p1070": 0.001556146401952427
"p1071": 0.0004233771952107571
"p1072": 0.00030106822770542725
"p1073": 2.8225146347383808E-05
"p1074": 0.0062076505200012785
"p1075": 0.001014223592082658
"p1076": 0.001151585970973259
"p1077": 0.0001580608195453493
"p1078": 0.01608645174158561
"p1079": 0.0025026296428013644
"p1080": 7.33853805031979E-05
"p1081": 0
"p1082": 0.002720904107887799
"p1083": 0.0003895070195938966
"p1084": 0.0004233771952107571
"p1085": 0
"p1086": 0.007404396725130353
