"p1024": 0.00021827446508643477
"p1025": 0.0008712161839225799
"p1026": 0.0010951356782784917
"p1027": 0.0012005095579753911
"p1028": 0
"p1029": 0
"p1030": 5.8331969117926534E-05
"p1031": 0.00022768284720222937
"p1032": 0.0017311423093062067
"p1033": 0.0022937635598307238
"p1034": 0.008971833185621732
"p1035": 1
"p1036": 0.0003048315805517451
"p1037": 0.0005231060456381797
"p1038": 0.004088882867524334
"p1039": 0.003938348753671622
"p1040": 1.3171734962112442E-05
"p1041": 3.198849919370165E-05
"p1042": 0.00023709122931802392
"p1043": 0.00014677076100639576
"p1044": 0
"p1045": 0
"p1046": 1.1290058538953523E-05
"p1047": 4.516023415581409E-05
"p1048": 0.00011101890896637629
"p1049": 6.962202765688005E-05
"p1050": 0.0016709286637651213
"p1051": 0.00043466725374971066
"p1052": 0
"p1053": 0
"p1054": 0.0011798111173206428
"p1055": 0.0005400411334466101
"p1056": 0.0002051027301243223
"p1057": 0.0013867955238681244
"p1058": 0.0006040181318340134
"p1059": 0.0010556204733921542
"p1060": 0
"p1061": 0
"p1062": 1.3171734962112442E-05
"p1063": 6.774035123372114E-05
"p1064": 0.003170624773022781
"p1065": 0.005470033362122982
"p1066": 0.007366763196667175
"p1067": 0.01573834160330121
"p1068": 0.0007112736879540719
"p1069": 0.0016746920166114394
"p1070": 0.002939178572974234
"p1071": 0.006213295549270755
"p1072": 0.00021451111224011693
"p1073": 0.0006962202765688004
"p1074": 0.0021883896801338245
"p1075": 0.0024254809094518487
"p1076": 0
"p1077": 0
"p1078": 6.962202765688006E-05
"p1079": 0.0003180033155138576
"p1080": 0.002261775060637022
"p1081": 0.0017386690149988422
"p1082": 0.015570872401640066
"p1083": 0.012272293631842483
"p1084": 0.0004403122830191873
"p1085": 0.0005833196911792653
"p1086": 0.008113788736661263
