"p1024": 0.0008900329481541691
"p1025": 1.6935087808430282E-05
"p1026": 0.0017537224263841139
"p1027": 0.0006623501009519401
"p1028": 0.00019757602443168658
"p1029": 2.2580117077907045E-05
"p1030": 2.82251463473838E-05
"p1031": 1.5053411385271363E-05
"p1032": 0.0005061709578297496
"p1033": 1.8816764231589204E-06
"p1034": 0.0007225637464930253
"p1035": 0.00018440428946957417
"p1036": 0.0017668941613462256
"p1037": 3.7633528463178407E-06
"p1038": 0.0019494167743926414
"p1039": 0.00044219395944234633
"p1040": 5.8331969117926534E-05
"p1041": 0
"p1042": 0.00024273625858750077
"p1043": 2.8225146347383808E-05
"p1044": 1.1290058538953523E-05
"p1045": 0
"p1046": 0
"p1047": 0
"p1048": 1.3171734962112442E-05
"p1049": 0
"p1050": 6.209532196424438E-05
"p1051": 0
"p1052": 6.962202765688006E-05
"p1053": 0
"p1054": 0.00011854561465901199
"p1055": 5.645029269476761E-06
"p1056": 0.0053270259539629035
"p1057": 0.0010556204733921542
"p1058": 0.004613870589585673
"p1059": 0.008710280162802644
"p1060": 0.0009013230066931227
"p1061": 0.00027848811062752024
"p1062": 0.00014112573173691902
"p1063": 0.0001542974666990315
"p1064": 0.005588578976781995
"p1065": 0.00012419064392848875
"p1066": 0.0031574530380606685
"p1067": 0.005232942132804959
"p1068": 0.008992531626276484
"p1069": 0.00013548070246744226
"p1070": 0.004675965911549919
"p1071": 0.00702429808765225
"p1072": 0.0025760150233045623
"p1073": 1.6935087808430282E-05
"p1074": 0.004261997098454954
"p1075": 0.0027735910477362487
"p1076": 0.0008091208619583356
"p1077": 1.6935087808430282E-05
"p1078": 8.655711546531035E-05
"p1079": 0.00013548070246744226
"p1080": 0.0021770996215948707
"p1081": 1.8816764231589204E-06
"p1082": 0.0016652836344956444
"p1083": 0.0015994249596850824
"p1084": 0.005541537066203021
"p1085": 3.7633528463178407E-06
"p1086": 0.003044552452671133
