"p1024": 0.0004403122830191875
"p1025": 5.456861627160869E-05
"p1026": 0.0006190715432192849
"p1027": 0.0002935415220127916
"p1028": 0.00014112573173691902
"p1029": 0
"p1030": 3.7633528463178407E-05
"p1031": 0
"p1032": 0.0018929664816978737
"p1033": 3.9515204886337324E-05
"p1034": 0.005586697300358836
"p1035": 0.001597543283261923
"p1036": 0.0019701152150473893
"p1037": 3.7633528463178407E-06
"p1038": 0.003789696316242065
"p1039": 0.0006096631611034902
"p1040": 0.00014112573173691905
"p1041": 1.1290058538953523E-05
"p1042": 0.0002051027301243223
"p1043": 2.8225146347383805E-05
"p1044": 3.7633528463178407E-05
"p1045": 0
"p1046": 7.5267056926356815E-06
"p1047": 0
"p1048": 0.00027096140493488457
"p1049": 1.1290058538953523E-05
"p1050": 0.0014658259336407988
"p1051": 0.00015241579027587253
"p1052": 0.00027284308135804345
"p1053": 0
"p1054": 0.0006679951302214167
"p1055": 0
"p1056": 0.0018929664816978741
"p1057": 0.0004948808992907961
"p1058": 0.001559909754798745
"p1059": 0.0022015614150959367
"p1060": 0.00027096140493488457
"p1061": 0
"p1062": 6.021364554108545E-05
"p1063": 0
"p1064": 1
"p1065": 0.0015730814897608573
"p1066": 0.01669799657911226
"p1067": 0.02405535139366364
"p1068": 0.006563287363978314
"p1069": 0.0001279539967748066
"p1070": 0.006326196134660291
"p1071": 0.006224585607809708
"p1072": 0.0019701152150473893
"p1073": 4.139688130949625E-05
"p1074": 0.0018534512768115367
"p1075": 0.0006679951302214167
"p1076": 0.00027284308135804345
"p1077": 0
"p1078": 5.4568616271608685E-05
"p1079": 0
"p1080": 0.006563287363978314
"p1081": 3.198849919370165E-05
"p1082": 0.013694841007750624
"p1083": 0.007280206081201864
"p1084": 0.005330789306809221
"p1085": 3.7633528463178407E-06
"p1086": 0.0066291460387888764
