"p1024": 0.00017499590735377957
"p1025": 0.0008015941562657001
"p1026": 0.0010010518571205455
"p1027": 0.002130057711015898
"p1028": 0.0008674528310762624
"p1029": 0.0019945770085484553
"p1030": 0.002408545821643418
"p1031": 0.0042507070399160005
"p1032": 3.7633528463178407E-05
"p1033": 0.00015053411385271363
"p1034": 0.0002803697870506791
"p1035": 0.00097659006361948
"p1036": 0.00017875926020009746
"p1037": 0.0006924569237224827
"p1038": 0.0012136812929375036
"p1039": 0.002863911516047876
"p1040": 0.00016935087808430283
"p1041": 0.0006811668651835292
"p1042": 0.0024273625858750075
"p1043": 0.0037313643471241402
"p1044": 0.0006096631611034902
"p1045": 0.001211799616514345
"p1046": 0.005411701393005056
"p1047": 0.005675136092247306
"p1048": 3.7633528463178407E-05
"p1049": 0.00013736237889060116
"p1050": 0.001635176811725102
"p1051": 0.003099121068942742
"p1052": 0.00016935087808430283
"p1053": 0.0006717584830677346
"p1054": 0.004135924778103307
"p1055": 0.006087223228919108
"p1056": 7.33853805031979E-05
"p1057": 0.00039515204886337327
"p1058": 0.0002615530228190899
"p1059": 0.0007620789513793628
"p1060": 0.0006698768066445756
"p1061": 0.001415020670215508
"p1062": 0.0015109861677966132
"p1063": 0.003164979743753304
"p1064": 1.1290058538953523E-05
"p1065": 5.080526342529086E-05
"p1066": 4.3278557732655166E-05
"p1067": 0.0002013393772780045
"p1068": 9.972885042742278E-05
"p1069": 0.0004045604309791678
"p1070": 0.00044219395944234633
"p1071": 0.0012193263222069805
"p1072": 7.526705692635683E-05
"p1073": 0.00010913723254321738
"p1074": 0.0013867955238681244
"p1075": 0.0012644865563627944
"p1076": 0.0005231060456381798
"p1077": 0.0005212243692150209
"p1078": 0.005022194373411158
"p1079": 0.0035488417340777236
"p1080": 1.6935087808430282E-05
"p1081": 1.6935087808430282E-05
"p1082": 0.0004948808992907961
"p1083": 0.0005193426927918621
"p1084": 0.00012419064392848873
"p1085": 0.00017311423093062064
"p1086": 0.002745365901388865
