"p1024": 0
"p1025": 3.7633528463178407E-06
"p1026": 0.0002145111122401169
"p1027": 0.0002897781691664737
"p1028": 6.585867481056221E-05
"p1029": 0.0002201561415095937
"p1030": 0.0005532128684087227
"p1031": 0.0007150370408003896
"p1032": 3.7633528463178407E-05
"p1033": 3.7633528463178407E-05
"p1034": 0.0012117996165143447
"p1035": 0.0007112736879540719
"p1036": 0.00020698440654748126
"p1037": 0.00014865243742955472
"p1038": 0.0029241251615889628
"p1039": 0.001958825156508436
"p1040": 0
"p1041": 0
"p1042": 9.408382115794602E-06
"p1043": 1.1290058538953523E-05
"p1044": 0
"p1045": 5.645029269476761E-06
"p1046": 3.198849919370165E-05
"p1047": 4.516023415581409E-05
"p1048": 0
"p1049": 0
"p1050": 5.645029269476761E-05
"p1051": 1.8816764231589203E-05
"p1052": 1.6935087808430286E-05
"p1053": 1.1290058538953523E-05
"p1054": 0.0002483812878569775
"p1055": 0.0001016105268505817
"p1056": 5.64502926947676E-05
"p1057": 0.0004327855773265517
"p1058": 0.0007865407448804288
"p1059": 0.0021865080037106652
"p1060": 0.000329293374052811
"p1061": 0.0027303124900035936
"p1062": 0.002103714241091673
"p1063": 0.004013615810597977
"p1064": 0.0004327855773265517
"p1065": 0.0018534512768115362
"p1066": 0.003857436667475787
"p1067": 0.007799548773993728
"p1068": 0.0019230733044684166
"p1069": 0.004115226337448559
"p1070": 0.009598431434533655
"p1071": 0.015027067915347143
"p1072": 0
"p1073": 6.962202765688006E-05
"p1074": 0.00033682007974544673
"p1075": 0.0011139524425100812
"p1076": 0.00010725555612005845
"p1077": 0.0005964914261413776
"p1078": 0.0015655547840682218
"p1079": 0.00324212847710282
"p1080": 0.00010349220327374062
"p1081": 0.0002803697870506791
"p1082": 0.0018064093662325635
"p1083": 0.0031461629795217147
"p1084": 0.0005118159870992264
"p1085": 0.000636006631027715
"p1086": 0.006996072941304866
