"p1024": 0.00017687758377693853
"p1025": 0.00012607232035164766
"p1026": 0.0018346345125799474
"p1027": 0.0010029335335437043
"p1028": 0
"p1029": 6.585867481056221E-05
"p1030": 4.327855773265516E-05
"p1031": 0.00019757602443168658
"p1032": 5.268693984844976E-05
"p1033": 4.704191057897301E-05
"p1034": 0.0007978308034193823
"p1035": 0.0005268693984844977
"p1036": 6.585867481056221E-05
"p1037": 0.00012042729108217089
"p1038": 0.002028447184165316
"p1039": 0.0017706575141925437
"p1040": 1.6935087808430286E-05
"p1041": 1.1290058538953523E-05
"p1042": 0.0001919309951622099
"p1043": 7.526705692635681E-05
"p1044": 0
"p1045": 0
"p1046": 0
"p1047": 1.1290058538953523E-05
"p1048": 0
"p1049": 0
"p1050": 4.516023415581409E-05
"p1051": 1.3171734962112442E-05
"p1052": 0
"p1053": 5.645029269476761E-06
"p1054": 0.00011854561465901199
"p1055": 6.962202765688006E-05
"p1056": 0.0016408218409945784
"p1057": 0.003770879552010476
"p1058": 0.0055001401848935256
"p1059": 0.00885140589453956
"p1060": 0
"p1061": 0.0005607395741013582
"p1062": 0.00025778966997277205
"p1063": 0.0009013230066931227
"p1064": 0.0004572473708276176
"p1065": 0.0013284635547501978
"p1066": 0.00430527565618761
"p1067": 0.0076358429251789
"p1068": 0.0006454150131435097
"p1069": 0.0025722516704582443
"p1070": 0.00643157001435719
"p1071": 0.010678513701426876
"p1072": 0.00033682007974544673
"p1073": 0.0004534840179812998
"p1074": 0.00446333647573296
"p1075": 0.0038988335487852837
"p1076": 0
"p1077": 0.00022580117077907047
"p1078": 0.00016182417239166716
"p1079": 0.0008091208619583356
"p1080": 0.000212629435816958
"p1081": 0.00029730487485910944
"p1082": 0.0018383978654262652
"p1083": 0.0029956288656690015
"p1084": 0.00016935087808430283
"p1085": 0.00034811013828440026
"p1086": 0.004169794953720167
