"p1024": 0.001509104491373454
"p1025": 0.0025684883176119266
"p1026": 0.0007620789513793629
"p1027": 0.0024687594671845034
"p1028": 9.972885042742278E-05
"p1029": 0.0005419228098697691
"p1030": 0
"p1031": 3.7633528463178407E-05
"p1032": 0.0006774035123372113
"p1033": 0.0020228021548958394
"p1034": 0.00023144620004854718
"p1035": 0.0008712161839225801
"p1036": 0.0017386690149988422
"p1037": 0.0038649633731684223
"p1038": 0.00042525887163391595
"p1039": 0.0015900165775692876
"p1040": 0.0025383814948413833
"p1041": 0.0033851358852628978
"p1042": 0.001635176811725102
"p1043": 0.0020717257418979714
"p1044": 0.0002239194943559115
"p1045": 0.0008373460083057195
"p1046": 0
"p1047": 1.5053411385271363E-05
"p1048": 0.0030577241876332457
"p1049": 0.005391002952350308
"p1050": 0.001061265502661631
"p1051": 0.0014677076100639576
"p1052": 0.004576237061122494
"p1053": 0.007268916022662911
"p1054": 0.001366097083213376
"p1055": 0.0015373296377208378
"p1056": 0.001087608972585856
"p1057": 0.0019211916280452578
"p1058": 0.0003970337252865322
"p1059": 0.0018986115109673506
"p1060": 1.8816764231589203E-05
"p1061": 0.0001580608195453493
"p1062": 0
"p1063": 2.2580117077907045E-05
"p1064": 0.000306713256974904
"p1065": 0.0007903040977267465
"p1066": 6.209532196424438E-05
"p1067": 0.00040079707813285006
"p1068": 0.00066235010095194
"p1069": 0.0017781842198851797
"p1070": 0.00011101890896637629
"p1071": 0.0008919146245773283
"p1072": 0.00237091229318024
"p1073": 0.001913664922352622
"p1074": 0.001595661606838764
"p1075": 0.0007790140391877931
"p1076": 0.00010725555612005845
"p1077": 0.0005645029269476761
"p1078": 0
"p1079": 2.2580117077907045E-05
"p1080": 0.0014921694035650236
"p1081": 0.0014074939645228723
"p1082": 0.0006774035123372113
"p1083": 0.0002615530228190899
"p1084": 0.00332868559256813
"p1085": 0.003827329844705244
"p1086": 0.0009013230066931228
