"p1024": 0.0008749795367688979
"p1025": 0
"p1026": 0.0019512984508158
"p1027": 0.00073197212860882
"p1028": 0
"p1029": 0
"p1030": 0.00026155302281908997
"p1031": 1.8816764231589203E-05
"p1032": 0.0019512984508158
"p1033": 0.0002615530228190899
"p1034": 0.005645029269476761
"p1035": 0.0037746429048567953
"p1036": 0.0007319721286088201
"p1037": 1.8816764231589203E-05
"p1038": 0.003774642904856795
"p1039": 0.001535447961297679
"p1040": 0.0008034758326888592
"p1041": 0
"p1042": 0.003673032378006212
"p1043": 0.001277658291324907
"p1044": 0
"p1045": 0
"p1046": 0.0006435333367203508
"p1047": 6.021364554108545E-05
"p1048": 0.0015881349011461286
"p1049": 0.00015053411385271365
"p1050": 0.013659089155710607
"p1051": 0.0065444705997467255
"p1052": 0.0004139688130949626
"p1053": 0
"p1054": 0.009703805314230554
"p1055": 0.003620345438157763
"p1056": 0.0005099343106760674
"p1057": 0
"p1058": 0.0008222925969204483
"p1059": 0.0001486524374295547
"p1060": 0
"p1061": 0
"p1062": 5.645029269476761E-05
"p1063": 0
"p1064": 0.001273894938478589
"p1065": 0.00016935087808430283
"p1066": 0.003313632181182859
"p1067": 0.0022580117077907044
"p1068": 0.0003706902553623073
"p1069": 1.1290058538953523E-05
"p1070": 0.001255078174247
"p1071": 0.0004534840179812998
"p1072": 0.00033493840332228785
"p1073": 0
"p1074": 0.0027359575192730705
"p1075": 0.0005024076049834317
"p1076": 0
"p1077": 0
"p1078": 0.0003575185204001948
"p1079": 2.2580117077907045E-05
"p1080": 0.000543804486292928
"p1081": 2.2580117077907045E-05
"p1082": 0.008559746048949931
"p1083": 0.0018101727190788812
"p1084": 7.714873334951573E-05
"p1085": 0
"p1086": 0.005882120498794784
