"p1024": 0.00021827446508643477
"p1025": 0
"p1026": 0.0017311423093062067
"p1027": 0.0003048315805517451
"p1028": 0.00087121618392258
"p1029": 0
"p1030": 0.0022937635598307233
"p1031": 0.0005231060456381798
"p1032": 0.0010951356782784917
"p1033": 5.8331969117926534E-05
"p1034": 0.008971833185621734
"p1035": 0.004088882867524333
"p1036": 0.0012005095579753911
"p1037": 0.00022768284720222937
"p1038": 1
"p1039": 0.003938348753671622
"p1040": 0
"p1041": 0
"p1042": 0.00016935087808430283
"p1043": 2.0698440654748124E-05
"p1044": 3.9515204886337324E-05
"p1045": 0
"p1046": 0.00042337719521075713
"p1047": 4.516023415581409E-05
"p1048": 1.6935087808430282E-05
"p1049": 0
"p1050": 0.0012268530278996162
"p1051": 2.6343469924224887E-05
"p1052": 4.516023415581409E-05
"p1053": 1.1290058538953523E-05
"p1054": 0.002852621457508923
"p1055": 6.962202765688005E-05
"p1056": 0.00022956452362538827
"p1057": 0
"p1058": 0.0005306327513308156
"p1059": 0.00010725555612005845
"p1060": 0.0013265818783270388
"p1061": 0
"p1062": 0.0018271078068873114
"p1063": 0.0003180033155138576
"p1064": 0.0019494167743926414
"p1065": 0.00024273625858750077
"p1066": 0.006664897890828896
"p1067": 0.005319499248270268
"p1068": 0.003624108791004081
"p1069": 0.001136532559587988
"p1070": 0.013787043152485415
"p1071": 0.010228793036291891
"p1072": 7.33853805031979E-05
"p1073": 0
"p1074": 0.00193436336300737
"p1075": 0.0002013393772780045
"p1076": 0.0007940674505730644
"p1077": 0
"p1078": 0.004800156555478406
"p1079": 0.0005249877220613389
"p1080": 0.0007507888928404093
"p1081": 2.8225146347383808E-05
"p1082": 0.012023912343985504
"p1083": 0.003753944464202046
"p1084": 0.0013247002019038797
"p1085": 0.0001298356731979655
"p1086": 0.024403461531948046
