"p1024": 0.002060435683359018
"p1025": 0.002867674868894195
"p1026": 0.0014300740816007794
"p1027": 0.0019757602443168662
"p1028": 0.0001467707610063958
"p1029": 0.0005776746619097885
"p1030": 0
"p1031": 1.5053411385271363E-05
"p1032": 0.0022542483549443863
"p1033": 0.004373016007421332
"p1034": 0.0007583155985330449
"p1035": 0.0012513148214006822
"p1036": 0.003281643681989157
"p1037": 0.005477560067815617
"p1038": 0.0010537387969689954
"p1039": 0.001367978759636535
"p1040": 0.0001467707610063958
"p1041": 7.714873334951574E-05
"p1042": 7.338538050319791E-05
"p1043": 1.1290058538953523E-05
"p1044": 0
"p1045": 1.88167642315892E-05
"p1046": 0
"p1047": 0
"p1048": 0.00011101890896637629
"p1049": 5.2686939848449775E-05
"p1050": 5.645029269476761E-05
"p1051": 1.1290058538953523E-05
"p1052": 0.0001919309951622099
"p1053": 0.00014300740816007793
"p1054": 3.951520488633733E-05
"p1055": 5.645029269476761E-06
"p1056": 0.0022542483549443863
"p1057": 0.0041547415423348975
"p1058": 0.0008730978603457391
"p1059": 0.004457691446463482
"p1060": 0.00011101890896637629
"p1061": 0.0005814380147561064
"p1062": 0
"p1063": 2.2580117077907045E-05
"p1064": 0.0011760477644743254
"p1065": 0.0024047824687971004
"p1066": 0.0003650452260928306
"p1067": 0.0012456697921312053
"p1068": 0.0021131226232074672
"p1069": 0.004506615033465614
"p1070": 0.00045348401798129986
"p1071": 0.002391610733834988
"p1072": 0.0032816436819891573
"p1073": 0.003631635496696717
"p1074": 0.002137584416708534
"p1075": 0.0013378719368659924
"p1076": 0.00019193099516220987
"p1077": 0.0009239031237710299
"p1078": 0
"p1079": 6.021364554108545E-05
"p1080": 0.0021131226232074672
"p1081": 0.0032289567421407072
"p1082": 0.0008712161839225801
"p1083": 0.000641651660297192
"p1084": 0.004892358700213192
"p1085": 0.00728961446331766
"p1086": 0.0012381430864385696
