"p1024": 3.951520488633733E-05
"p1025": 0.00022203781793275258
"p1026": 0.0007018653058382773
"p1027": 0.0018045276898094047
"p1028": 0.00020133937727800447
"p1029": 0.000999170180697387
"p1030": 0.001460180904371322
"p1031": 0.0022937635598307238
"p1032": 0.00020698440654748124
"p1033": 0.000780895715610952
"p1034": 0.002903426720934214
"p1035": 0.004924347199406895
"p1036": 0.00066235010095194
"p1037": 0.0010951356782784917
"p1038": 0.005565998859704087
"p1039": 0.006602802568864652
"p1040": 0
"p1041": 0
"p1042": 1.8816764231589203E-05
"p1043": 2.258011707790705E-05
"p1044": 0
"p1045": 5.645029269476761E-06
"p1046": 4.327855773265517E-05
"p1047": 5.8331969117926534E-05
"p1048": 5.645029269476761E-06
"p1049": 5.645029269476761E-06
"p1050": 0.00016182417239166716
"p1051": 6.585867481056221E-05
"p1052": 5.645029269476761E-06
"p1053": 5.645029269476761E-06
"p1054": 0.00039327037244021434
"p1055": 0.0001768775837769385
"p1056": 1.6935087808430282E-05
"p1057": 0.00021074775939379907
"p1058": 9.032046831162818E-05
"p1059": 0.0004139688130949625
"p1060": 0.00014488908458323686
"p1061": 0.001727378956459889
"p1062": 0.0007470255399940912
"p1063": 0.0018139360719251992
"p1064": 0.00023144620004854718
"p1065": 0.0011064257368174455
"p1066": 0.0010104602392363403
"p1067": 0.0029184801323194854
"p1068": 0.0013623337303670584
"p1069": 0.0030708959225953583
"p1070": 0.0044595731228866415
"p1071": 0.008843879188846925
"p1072": 0
"p1073": 7.150370408003898E-05
"p1074": 0.0005249877220613388
"p1075": 0.0013792688181754882
"p1076": 0.00018440428946957417
"p1077": 0.0007997124798425411
"p1078": 0.0020472639483969054
"p1079": 0.003720074288585186
"p1080": 0.00015241579027587256
"p1081": 0.00036316354966967155
"p1082": 0.0026832705794246204
"p1083": 0.003791577992665225
"p1084": 0.0007470255399940912
"p1085": 0.0008015941562657001
"p1086": 0.008429910375751963
