"p1024": 0.00027660643420436126
"p1025": 0.0003669269025159895
"p1026": 6.021364554108544E-05
"p1027": 0.00027660643420436136
"p1028": 1.1290058538953523E-05
"p1029": 5.645029269476761E-05
"p1030": 0
"p1031": 0
"p1032": 0.0018402795418494238
"p1033": 0.001162876029512213
"p1034": 0.0016351768117251015
"p1035": 0.0016050699889545589
"p1036": 0.0009220214473478709
"p1037": 0.0009954068278510688
"p1038": 0.0006322432781813973
"p1039": 0.0004327855773265517
"p1040": 0.0006868118944530059
"p1041": 0.0006322432781813971
"p1042": 0.00015241579027587258
"p1043": 0.0002201561415095937
"p1044": 4.516023415581409E-05
"p1045": 0.00017875926020009746
"p1046": 0
"p1047": 0
"p1048": 0.0034152427080334415
"p1049": 0.0018854397760052382
"p1050": 0.003093476039673265
"p1051": 0.0011214791482027163
"p1052": 0.002720904107887798
"p1053": 0.0022504850020980682
"p1054": 0.0014620625807944807
"p1055": 0.00012419064392848873
"p1056": 0.000686811894453006
"p1057": 0.0014940510799881827
"p1058": 0.00013548070246744229
"p1059": 0.0009558916229647316
"p1060": 1.8816764231589203E-05
"p1061": 0.00012419064392848875
"p1062": 0
"p1063": 0
"p1064": 0.005667609386554669
"p1065": 0.010428250737146738
"p1066": 0.003466047971458731
"p1067": 0.0106728686721574
"p1068": 0.002353977205371809
"p1069": 0.004367370978151854
"p1070": 0.0012776582913249068
"p1071": 0.0024123091744897365
"p1072": 0.0017988826605399278
"p1073": 0.0025967134639593103
"p1074": 0.0004647740765202533
"p1075": 0.0009803534164657974
"p1076": 8.467543904215141E-05
"p1077": 0.000355636843977036
"p1078": 0
"p1079": 0
"p1080": 0.010209976272060306
"p1081": 1
"p1082": 0.008909737863657488
"p1083": 0.007282087757625023
"p1084": 0.005917872350834803
"p1085": 0.007327247991780835
"p1086": 0.003437822825111347
