"p1024": 0.0001956943480085277
"p1025": 0
"p1026": 0.0021262943581695803
"p1027": 0.0005231060456381798
"p1028": 0.0008900329481541693
"p1029": 0
"p1030": 0.0030596058640564045
"p1031": 0.0010575021498153135
"p1032": 0.000756433922109886
"p1033": 2.4461793501065963E-05
"p1034": 0.0057616932077126145
"p1035": 0.0026494004038077595
"p1036": 0.0009841167693121155
"p1037": 0.00012607232035164768
"p1038": 0.009391447027986171
"p1039": 0.0041490965130654206
"p1040": 0
"p1041": 0
"p1042": 3.3870175616860565E-05
"p1043": 7.5267056926356815E-06
"p1044": 5.645029269476761E-06
"p1045": 0
"p1046": 8.843879188846926E-05
"p1047": 1.3171734962112444E-05
"p1048": 5.645029269476761E-06
"p1049": 0
"p1050": 0.00022580117077907047
"p1051": 7.5267056926356815E-06
"p1052": 5.645029269476761E-06
"p1053": 0
"p1054": 0.0005946097497182188
"p1055": 1.5053411385271365E-05
"p1056": 0.0001768775837769385
"p1057": 0
"p1058": 0.0004873541935981604
"p1059": 9.596549758110495E-05
"p1060": 0.001415020670215508
"p1061": 0
"p1062": 0.0025854234054203565
"p1063": 0.0005080526342529085
"p1064": 0.0010499754441226777
"p1065": 5.645029269476761E-05
"p1066": 0.0027284308135804352
"p1067": 0.001541092990567156
"p1068": 0.002609885198921423
"p1069": 0.00047230078221288907
"p1070": 0.008902211157964853
"p1071": 0.006196360461462325
"p1072": 4.3278557732655166E-05
"p1073": 0
"p1074": 0.0016671653109188033
"p1075": 0.00030483158055174506
"p1076": 0.0006774035123372113
"p1077": 0
"p1078": 0.005108751488876469
"p1079": 0.0010066968863900224
"p1080": 0.00036316354966967155
"p1081": 0
"p1082": 0.005261167279152342
"p1083": 0.0016389401645714196
"p1084": 0.0008015941562657001
"p1085": 2.2580117077907045E-05
"p1086": 0.014857717037262838
