"p1024": 0.00016935087808430283
"p1025": 0
"p1026": 0.0009747083871963207
"p1027": 0.00018816764231589203
"p1028": 0.0010255136506216115
"p1029": 0
"p1030": 0.0022373132671359565
"p1031": 0.0007790140391877931
"p1032": 0.0008222925969204481
"p1033": 3.9515204886337324E-05
"p1034": 0.002775472724159407
"p1035": 0.0014996961092576598
"p1036": 0.001537329637720838
"p1037": 0.0002408545821643418
"p1038": 0.00549073180277773
"p1039": 0.00350368149992191
"p1040": 0.0001956943480085277
"p1041": 0
"p1042": 0.0023257520590244255
"p1043": 0.0005927280732950601
"p1044": 0.000878742889615216
"p1045": 0
"p1046": 0.004087001191101175
"p1047": 0.0013228185254807211
"p1048": 0.000756433922109886
"p1049": 2.4461793501065963E-05
"p1050": 0.007005481323420662
"p1051": 0.0032214300364480715
"p1052": 0.0009615366522342085
"p1053": 0.00012607232035164768
"p1054": 0.013135983110072427
"p1055": 0.005934807438643236
"p1056": 4.704191057897301E-05
"p1057": 0
"p1058": 0.00017123255450746173
"p1059": 1.5053411385271363E-05
"p1060": 0.000566384603370835
"p1061": 0
"p1062": 0.0009069680359625996
"p1063": 0.0001486524374295547
"p1064": 0.0003895070195938965
"p1065": 1.6935087808430286E-05
"p1066": 0.0008712161839225803
"p1067": 0.0004290222244802338
"p1068": 0.0011515859709732592
"p1069": 0.00016370584881482606
"p1070": 0.0034359411486881886
"p1071": 0.002256130031367545
"p1072": 3.7633528463178407E-06
"p1073": 0
"p1074": 0.0007282087757625022
"p1075": 0.00014300740816007796
"p1076": 0.0004365489301728696
"p1077": 0
"p1078": 0.003078422628287995
"p1079": 0.0005588578976781993
"p1080": 0.00012607232035164766
"p1081": 0
"p1082": 0.0029429419258205514
"p1083": 0.000496762575713955
"p1084": 0.0003895070195938965
"p1085": 2.2580117077907045E-05
"p1086": 0.010413197325761465
