"p1024": 0.0008204109204972893
"p1025": 0.0018346345125799474
"p1026": 0.0002427362585875007
"p1027": 0.0010631471790847901
"p1028": 0.0018346345125799476
"p1029": 0.003443467854380825
"p1030": 0.0009107313888089177
"p1031": 0.0027227857843109575
"p1032": 0.0002427362585875007
"p1033": 0.0009107313888089177
"p1034": 5.080526342529084E-05
"p1035": 0.00020510273012432233
"p1036": 0.00106314717908479
"p1037": 0.0027227857843109575
"p1038": 0.00020510273012432233
"p1039": 0.0009483649172720957
"p1040": 0.0018346345125799474
"p1041": 0.0032496551827954556
"p1042": 0.0006774035123372113
"p1043": 0.0011704027352048485
"p1044": 0.003535669999115612
"p1045": 0.004578118737545654
"p1046": 0.0021883896801338245
"p1047": 0.0022881185305612473
"p1048": 0.0013529253482512638
"p1049": 0.002865793192471036
"p1050": 0.00029165984558963265
"p1051": 0.00040644210740232675
"p1052": 0.0033531473860691956
"p1053": 0.005778628295521045
"p1054": 0.0007921857741499054
"p1055": 0.0011515859709732594
"p1056": 0.0002427362585875007
"p1057": 0.0006774035123372113
"p1058": 5.080526342529085E-05
"p1059": 0.0004214955187875982
"p1060": 0.0013529253482512638
"p1061": 0.002560961611919291
"p1062": 0.0004516023415581409
"p1063": 0.002203443091519096
"p1064": 3.951520488633733E-05
"p1065": 0.00018252261304641524
"p1066": 7.5267056926356815E-06
"p1067": 5.0805263425290837E-05
"p1068": 0.000425258871633916
"p1069": 0.0011666393823585304
"p1070": 5.833196911792653E-05
"p1071": 0.0005362777806002923
"p1072": 0.00106314717908479
"p1073": 0.0011704027352048485
"p1074": 0.0004214955187875982
"p1075": 0.00028789649274331484
"p1076": 0.0033531473860691965
"p1077": 0.0030539608347869276
"p1078": 0.0021375844167085337
"p1079": 0.0009408382115794602
"p1080": 0.000425258871633916
"p1081": 0.0005099343106760674
"p1082": 8.843879188846926E-05
"p1083": 3.387017561686057E-05
"p1084": 0.0023257520590244255
"p1085": 0.002903426720934214
"p1086": 0.0004892358700213194
