"p1024": 0.0010988990311248095
"p1025": 6.585867481056221E-05
"p1026": 0.0025459082005340194
"p1027": 0.0014865243742955467
"p1028": 7.150370408003896E-05
"p1029": 3.575185204001949E-05
"p1030": 2.2580117077907042E-05
"p1031": 0
"p1032": 0.0003725719317854662
"p1033": 1.8816764231589204E-06
"p1034": 0.0005456861627160869
"p1035": 0.00022580117077907044
"p1036": 0.0012268530278996162
"p1037": 3.7633528463178407E-06
"p1038": 0.0018007643369630866
"p1039": 0.0007959491269962234
"p1040": 0.0012136812929375033
"p1041": 3.7633528463178407E-05
"p1042": 0.0042826955391097035
"p1043": 0.0010405670620068828
"p1044": 0.00019569434800852776
"p1045": 2.6343469924224887E-05
"p1046": 5.8331969117926534E-05
"p1047": 0
"p1048": 0.0009182580945015532
"p1049": 1.8816764231589204E-06
"p1050": 0.002619293581037217
"p1051": 0.0005550945448318816
"p1052": 0.002434889291567643
"p1053": 3.7633528463178407E-06
"p1054": 0.005229178779958639
"p1055": 0.0006134265139498081
"p1056": 0.004241298657800207
"p1057": 0.0009182580945015532
"p1058": 0.004700427705050984
"p1059": 0.009368866910908267
"p1060": 0.0002333278764717061
"p1061": 9.408382115794602E-05
"p1062": 6.021364554108546E-05
"p1063": 0
"p1064": 0.004292103921225498
"p1065": 0.00010161052685058169
"p1066": 0.0028432130753931286
"p1067": 0.00469101932293519
"p1068": 0.004721126145705731
"p1069": 0.00013548070246744226
"p1070": 0.003396425943801852
"p1071": 0.004961980727870073
"p1072": 1
"p1073": 0.0002577896699727721
"p1074": 0.009690633579268443
"p1075": 0.006010074495569593
"p1076": 0.0006077814846803313
"p1077": 7.150370408003896E-05
"p1078": 0.00017123255450746176
"p1079": 0
"p1080": 0.006964084442111164
"p1081": 7.903040977267466E-05
"p1082": 0.009201397709247123
"p1083": 0.0075492858097135915
"p1084": 0.00761702616094731
"p1085": 3.7633528463178407E-06
"p1086": 0.010172342743597126
