"p1024": 0.0010988990311248095
"p1025": 0.00015053411385271363
"p1026": 0.0009897617985815922
"p1027": 0.0010273953270447703
"p1028": 0.00022768284720222937
"p1029": 0
"p1030": 5.8331969117926534E-05
"p1031": 0
"p1032": 1
"p1033": 0.0003180033155138576
"p1034": 0.009683106873575804
"p1035": 0.008444963787137237
"p1036": 0.003089712686826948
"p1037": 0
"p1038": 0.00397410060571164
"p1039": 0.0020867791532832433
"p1040": 0.00015053411385271363
"p1041": 7.5267056926356815E-06
"p1042": 0.00022015614150959365
"p1043": 5.080526342529085E-05
"p1044": 4.516023415581409E-05
"p1045": 0
"p1046": 1.1290058538953523E-05
"p1047": 0
"p1048": 0.0003951520488633734
"p1049": 7.5267056926356815E-06
"p1050": 0.0019889319792789793
"p1051": 0.00011290058538953522
"p1052": 0.0005400411334466101
"p1053": 0
"p1054": 0.001275776614901748
"p1055": 7.33853805031979E-05
"p1056": 0.0008843879188846924
"p1057": 0.00028789649274331484
"p1058": 0.0007733690099183163
"p1059": 0.0012306163807459338
"p1060": 6.774035123372114E-05
"p1061": 0
"p1062": 1.3171734962112442E-05
"p1063": 0
"p1064": 0.00854092928471834
"p1065": 0.0012136812929375036
"p1066": 0.00793126612361485
"p1067": 0.015469261874789485
"p1068": 0.0037558261406252054
"p1069": 0.0001279539967748066
"p1070": 0.002713377402195163
"p1071": 0.004245062010646524
"p1072": 0.0021883896801338245
"p1073": 8.091208619583358E-05
"p1074": 0.0022034430915190955
"p1075": 0.0008730978603457391
"p1076": 0.0003180033155138576
"p1077": 0
"p1078": 6.962202765688006E-05
"p1079": 0
"p1080": 0.007728045069913686
"p1081": 6.774035123372114E-05
"p1082": 0.01698212971900926
"p1083": 0.00819093747001078
"p1084": 0.006111685022420174
"p1085": 7.5267056926356815E-06
"p1086": 0.008309483084669791
