"p1024": 4.892358700213193E-05
"p1025": 0.0001825226130464153
"p1026": 0.000521224369215021
"p1027": 0.0005475678391392459
"p1028": 0
"p1029": 0
"p1030": 3.198849919370165E-05
"p1031": 0.0001731142309306207
"p1032": 0.0002464996114338186
"p1033": 0.00020886608297064017
"p1034": 0.002536499818418225
"p1035": 0.0014037306116765546
"p1036": 1.6935087808430282E-05
"p1037": 1.8816764231589203E-05
"p1038": 0.0015410929905671554
"p1039": 0.001531684608451361
"p1040": 0
"p1041": 5.645029269476761E-06
"p1042": 3.198849919370165E-05
"p1043": 3.7633528463178407E-05
"p1044": 0
"p1045": 0
"p1046": 0
"p1047": 7.5267056926356815E-06
"p1048": 1.6935087808430286E-05
"p1049": 1.1290058538953523E-05
"p1050": 0.00023144620004854718
"p1051": 7.714873334951574E-05
"p1052": 0
"p1053": 0
"p1054": 8.279376261899251E-05
"p1055": 5.4568616271608685E-05
"p1056": 0.00031047660982122185
"p1057": 0.002427362585875007
"p1058": 0.002007748743510568
"p1059": 0.0036316354966967153
"p1060": 0
"p1061": 0
"p1062": 0.00014677076100639582
"p1063": 0.0006134265139498081
"p1064": 0.0021168859760537853
"p1065": 0.0052912741019228845
"p1066": 0.009513755995491504
"p1067": 0.016667889756341724
"p1068": 0.00033305672689912887
"p1069": 0.0014300740816007794
"p1070": 0.005264930631998659
"p1071": 0.009160000827937626
"p1072": 7.33853805031979E-05
"p1073": 0.00040644210740232675
"p1074": 0.0014996961092576596
"p1075": 0.0028770832510099887
"p1076": 0
"p1077": 0
"p1078": 6.585867481056221E-05
"p1079": 0.00039891540170969113
"p1080": 0.0005833196911792653
"p1081": 0.0009013230066931229
"p1082": 0.006217058902117073
"p1083": 0.006702531419292076
"p1084": 6.774035123372114E-05
"p1085": 0.0002747247577812023
"p1086": 0.002895900015241578
