"p1024": 7.526705692635681E-05
"p1025": 0.00026719805208856665
"p1026": 0.000619071543219285
"p1027": 0.0004534840179812999
"p1028": 0
"p1029": 0
"p1030": 3.7633528463178407E-05
"p1031": 0.00014112573173691902
"p1032": 0.0007583155985330448
"p1033": 0.0005061709578297494
"p1034": 0.005099343106760675
"p1035": 0.002338923793986538
"p1036": 8.46754390421514E-05
"p1037": 6.585867481056221E-05
"p1038": 0.0035469600576545648
"p1039": 0.0020679623890516533
"p1040": 2.2580117077907045E-05
"p1041": 6.209532196424436E-05
"p1042": 0.00019945770085484557
"p1043": 0.00013548070246744229
"p1044": 0
"p1045": 0
"p1046": 7.5267056926356815E-06
"p1047": 3.7633528463178407E-05
"p1048": 0.0002427362585875007
"p1049": 0.00014112573173691902
"p1050": 0.001228734704322775
"p1051": 0.00034999181470755914
"p1052": 0
"p1053": 0
"p1054": 0.0005776746619097885
"p1055": 0.00027284308135804345
"p1056": 0.0003913886960170554
"p1057": 0.0022956452362538826
"p1058": 0.0015279212556050432
"p1059": 0.002173336268748553
"p1060": 0
"p1061": 0
"p1062": 6.021364554108545E-05
"p1063": 0.00027096140493488457
"p1064": 0.005031602755526953
"p1065": 0.007985834739886457
"p1066": 0.015870058952922338
"p1067": 1
"p1068": 0.001016105268505817
"p1069": 0.002197798062249619
"p1070": 0.00674769165344789
"p1071": 0.009844931045967472
"p1072": 0.00013359902604428335
"p1073": 0.0004835908407518425
"p1074": 0.0018233444540409938
"p1075": 0.0022598933842138636
"p1076": 0
"p1077": 0
"p1078": 5.4568616271608685E-05
"p1079": 0.00027284308135804345
"p1080": 0.0016370584881482608
"p1081": 0.001345398642558628
"p1082": 0.012801044706750139
"p1083": 0.010746254052660597
"p1084": 0.0003387017561686056
"p1085": 0.0005080526342529086
"p1086": 0.006698768066445756
