"p1024": 0.0001768775837769385
"p1025": 1.6935087808430286E-05
"p1026": 0.0016408218409945787
"p1027": 0.00033682007974544673
"p1028": 0.0007112736879540718
"p1029": 0.0001637058488148261
"p1030": 0.004395596124499237
"p1031": 0.0010744372376237433
"p1032": 3.198849919370165E-05
"p1033": 0
"p1034": 0.0003499918147075592
"p1035": 3.951520488633733E-05
"p1036": 0.00026343469924224885
"p1037": 0
"p1038": 0.001366097083213376
"p1039": 9.032046831162818E-05
"p1040": 0.00012607232035164766
"p1041": 1.1290058538953523E-05
"p1042": 0.0037708795520104764
"p1043": 0.0004534840179812997
"p1044": 0.0004666557529434121
"p1045": 8.467543904215139E-05
"p1046": 0.007569984250368337
"p1047": 0.0009069680359625996
"p1048": 2.634346992422488E-05
"p1049": 0
"p1050": 0.001249433144977523
"p1051": 9.408382115794602E-05
"p1052": 0.0001919309951622099
"p1053": 0
"p1054": 0.004395596124499237
"p1055": 0.0001486524374295547
"p1056": 0.0018346345125799474
"p1057": 0.0001919309951622099
"p1058": 0.005500140184893524
"p1059": 0.004463336475732959
"p1060": 0.003396425943801852
"p1061": 0.0009276664766173478
"p1062": 0.010973936899862827
"p1063": 0.00855974604894993
"p1064": 0.0002803697870506791
"p1065": 0
"p1066": 0.002756655959927819
"p1067": 0.0010330403563142475
"p1068": 0.0011553493238195772
"p1069": 0
"p1070": 0.004041840956945361
"p1071": 0.0011384142360111467
"p1072": 0.0010029335335437046
"p1073": 7.526705692635681E-05
"p1074": 0.008851405894539564
"p1075": 0.003898833548785283
"p1076": 0.0016765736930345978
"p1077": 0.0002954231984359505
"p1078": 1
"p1079": 0.0065143637769761835
"p1080": 0.0002671980520885667
"p1081": 0
"p1082": 0.006651726155866784
"p1083": 0.0027397208721193877
"p1084": 0.0009464832408489368
"p1085": 0
"p1086": 0.011051085633212342
