"p1024": 0.0009050863595394408
"p1025": 5.645029269476761E-06
"p1026": 0.0023445688232560154
"p1027": 0.0005946097497182189
"p1028": 0.0013924405531376013
"p1029": 6.39769983874033E-05
"p1030": 0.0044670998285792785
"p1031": 0.0011497042945501001
"p1032": 0.0004346672537497106
"p1033": 0
"p1034": 0.0007056286586845952
"p1035": 0.00011666393823585305
"p1036": 0.00148087934502607
"p1037": 0
"p1038": 0.002333278764717062
"p1039": 0.00034434678543808245
"p1040": 0.00012607232035164766
"p1041": 0
"p1042": 0.000472300782212889
"p1043": 2.2580117077907045E-05
"p1044": 0.00027096140493488457
"p1045": 1.6935087808430282E-05
"p1046": 0.0013755054653291706
"p1047": 0.0001298356731979655
"p1048": 3.010682277054273E-05
"p1049": 0
"p1050": 6.774035123372114E-05
"p1051": 0
"p1052": 0.00023144620004854718
"p1053": 0
"p1054": 0.0004158504895181215
"p1055": 3.198849919370165E-05
"p1056": 0.005140739988070171
"p1057": 0.0003142399626675397
"p1058": 0.004946927316484801
"p1059": 0.007773205304069501
"p1060": 1
"p1061": 0.0015674364604913807
"p1062": 0.011201619747065055
"p1063": 0.01571199813337699
"p1064": 0.004188611717951757
"p1065": 0
"p1066": 0.002824396311161539
"p1067": 0.003475456353574526
"p1068": 0.004818973319709995
"p1069": 2.2580117077907045E-05
"p1070": 0.0037031392007767557
"p1071": 0.0037577078170483637
"p1072": 0.0026531637566540776
"p1073": 5.645029269476761E-06
"p1074": 0.004346672537497106
"p1075": 0.002762300989197295
"p1076": 0.004608225560316197
"p1077": 5.080526342529084E-05
"p1078": 0.011705909028471646
"p1079": 0.005135094958800695
"p1080": 0.0017781842198851799
"p1081": 0
"p1082": 0.0011835744701669607
"p1083": 0.0010988990311248095
"p1084": 0.004271405480570749
"p1085": 0
"p1086": 0.0038292115211284025
