"p1024": 3.7633528463178407E-05
"p1025": 8.843879188846925E-05
"p1026": 0
"p1027": 1.8816764231589204E-06
"p1028": 0.0002051027301243223
"p1029": 0.0003424651090149235
"p1030": 4.139688130949625E-05
"p1031": 0.0001561791431221904
"p1032": 0.00018064093662325636
"p1033": 0.00016935087808430283
"p1034": 7.714873334951574E-05
"p1035": 8.27937626189925E-05
"p1036": 0.0007244454229161843
"p1037": 0.0006002547789876957
"p1038": 0.000425258871633916
"p1039": 0.000404560430979168
"p1040": 0.0002051027301243223
"p1041": 0.00029354152201279153
"p1042": 3.0106822770542726E-05
"p1043": 3.198849919370165E-05
"p1044": 0.0005456861627160869
"p1045": 0.0007733690099183162
"p1046": 5.645029269476761E-05
"p1047": 0.00014488908458323683
"p1048": 0.0009069680359625996
"p1049": 0.000707510335107754
"p1050": 0.000425258871633916
"p1051": 0.00010537387969689954
"p1052": 0.0021846263272875064
"p1053": 0.0018590963060810136
"p1054": 0.0010932540018553328
"p1055": 0.0003236483447833343
"p1056": 0.00018064093662325636
"p1057": 0.0009859984457352743
"p1058": 3.7633528463178407E-05
"p1059": 0.00019193099516220987
"p1060": 0.0009069680359625997
"p1061": 0.0026023584932287867
"p1062": 0.00016935087808430283
"p1063": 0.0009878801221584331
"p1064": 0.0012061545872448683
"p1065": 0.0031311095681364437
"p1066": 0.0003048315805517451
"p1067": 0.0015843715482998112
"p1068": 0.0030577241876332453
"p1069": 0.006512482100553024
"p1070": 0.0011346508831648289
"p1071": 0.004538603532659316
"p1072": 0.0007244454229161845
"p1073": 0.0020378555662811104
"p1074": 0.00014112573173691902
"p1075": 0.0002897781691664737
"p1076": 0.0021846263272875064
"p1077": 0.004325974096842358
"p1078": 0.0004403122830191874
"p1079": 0.0009333115058868247
"p1080": 0.0030577241876332453
"p1081": 0.005932925762220077
"p1082": 0.0010066968863900222
"p1083": 0.0016276501060324658
"p1084": 0.008040403356158068
"p1085": 0.010798940992509047
"p1086": 0.003861200020322104
