"p1024": 0.00043843060659602847
"p1025": 2.2580117077907045E-05
"p1026": 0.000756433922109886
"p1027": 0.0004835908407518425
"p1028": 8.843879188846924E-05
"p1029": 2.6343469924224887E-05
"p1030": 1.1290058538953523E-05
"p1031": 1.8816764231589203E-05
"p1032": 8.843879188846925E-05
"p1033": 1.8816764231589204E-06
"p1034": 9.22021447347871E-05
"p1035": 4.704191057897301E-05
"p1036": 0.0005381594570234512
"p1037": 3.7633528463178407E-06
"p1038": 0.0004986442521371138
"p1039": 0.0003161216390906986
"p1040": 0.0009257848001941887
"p1041": 1.6935087808430282E-05
"p1042": 0.0019795235971631843
"p1043": 0.0006623501009519401
"p1044": 0.0002088660829706401
"p1045": 2.2580117077907045E-05
"p1046": 2.82251463473838E-05
"p1047": 1.5053411385271363E-05
"p1048": 0.0005080526342529086
"p1049": 1.8816764231589204E-06
"p1050": 0.0007846590684572697
"p1051": 0.00018440428946957417
"p1052": 0.0018195811011946757
"p1053": 3.7633528463178407E-06
"p1054": 0.0020679623890516533
"p1055": 0.00044219395944234633
"p1056": 0.0030708959225953583
"p1057": 0.0007131553643772309
"p1058": 0.002077370771167448
"p1059": 0.005313854219000791
"p1060": 0.0005080526342529084
"p1061": 0.00017123255450746176
"p1062": 6.021364554108545E-05
"p1063": 0.00011666393823585305
"p1064": 0.002171454592325394
"p1065": 6.39769983874033E-05
"p1066": 0.0008975596538468052
"p1067": 0.001943771745123165
"p1068": 0.0046195156188551505
"p1069": 0.00013171734962112442
"p1070": 0.001648348546687214
"p1071": 0.003691849142237802
"p1072": 0.003797223021934702
"p1073": 0.0002295645236253883
"p1074": 0.0055979873588977895
"p1075": 0.004723007822128891
"p1076": 0.001087608972585856
"p1077": 9.220214473478709E-05
"p1078": 0.00015241579027587253
"p1079": 0.00015429746669903143
"p1080": 0.005182136869379668
"p1081": 6.021364554108545E-05
"p1082": 0.0037370093763936163
"p1083": 0.004478389887118231
"p1084": 0.00871404351564896
"p1085": 3.7633528463178407E-06
"p1086": 0.005581052271089359
