"p1024": 0.001509104491373454
"p1025": 9.972885042742278E-05
"p1026": 0.0006774035123372113
"p1027": 0.0017386690149988424
"p1028": 0.002568488317611926
"p1029": 0.000541922809869769
"p1030": 0.00202280215489584
"p1031": 0.0038649633731684227
"p1032": 0.0007620789513793629
"p1033": 0
"p1034": 0.00023144620004854718
"p1035": 0.00042525887163391595
"p1036": 0.0024687594671845034
"p1037": 3.7633528463178407E-05
"p1038": 0.0008712161839225803
"p1039": 0.0015900165775692876
"p1040": 0.002813106252622586
"p1041": 5.8331969117926534E-05
"p1042": 0.0017894742784241335
"p1043": 0.0026362286688456473
"p1044": 0.0037445360820862516
"p1045": 0.00028225146347383805
"p1046": 0.00474182458636048
"p1047": 0.00472488949855205
"p1048": 0.00249322126068557
"p1049": 0
"p1050": 0.0010255136506216117
"p1051": 0.001552383049106109
"p1052": 0.005535892036933544
"p1053": 0
"p1054": 0.0029542319843595052
"p1055": 0.003123582862443808
"p1056": 0.0005720296326403118
"p1057": 4.516023415581409E-05
"p1058": 0.00018252261304641527
"p1059": 0.0006002547789876956
"p1060": 0.002041618919127428
"p1061": 0.0003706902553623074
"p1062": 0.0012193263222069805
"p1063": 0.0029053083973573732
"p1064": 0.00016935087808430286
"p1065": 0
"p1066": 2.2580117077907045E-05
"p1067": 8.655711546531032E-05
"p1068": 0.0011271241774721934
"p1069": 1.8816764231589203E-05
"p1070": 0.00033682007974544673
"p1071": 0.0007507888928404091
"p1072": 0.0011026623839711274
"p1073": 1.1290058538953523E-05
"p1074": 0.001373623788906012
"p1075": 0.0005776746619097885
"p1076": 0.0027848811062752016
"p1077": 7.903040977267466E-05
"p1078": 0.005148266693762806
"p1079": 0.0019983403613947734
"p1080": 0.00046853742936657115
"p1081": 0
"p1082": 0.0004591290472507766
"p1083": 0.00014300740816007796
"p1084": 0.002852621457508923
"p1085": 0
"p1086": 0.0024894579078392517
