"p1024": 0.00027660643420436126
"p1025": 0
"p1026": 0.00017123255450746173
"p1027": 0.00010725555612005847
"p1028": 0.0006868118944530059
"p1029": 3.9515204886337324E-05
"p1030": 0.00042525887163391606
"p1031": 0.00031800331551385763
"p1032": 0.0006868118944530059
"p1033": 5.645029269476761E-06
"p1034": 0.0010970173547016505
"p1035": 0.0003612818732465127
"p1036": 0.0017988826605399278
"p1037": 1.6935087808430282E-05
"p1038": 0.002702087343656209
"p1039": 0.0009107313888089175
"p1040": 1.1290058538953523E-05
"p1041": 0
"p1042": 9.408382115794602E-06
"p1043": 0
"p1044": 4.516023415581409E-05
"p1045": 0
"p1046": 3.198849919370165E-05
"p1047": 5.645029269476761E-06
"p1048": 1.8816764231589203E-05
"p1049": 0
"p1050": 5.645029269476761E-05
"p1051": 0
"p1052": 8.467543904215141E-05
"p1053": 0
"p1054": 0.00031612163909069865
"p1055": 2.8225146347383808E-05
"p1056": 0.001840279541849424
"p1057": 0
"p1058": 0.0006792851887603701
"p1059": 0.0009521282701184137
"p1060": 0.0034152427080334402
"p1061": 0.0007470255399940912
"p1062": 0.0016690469873419623
"p1063": 0.0028225146347383807
"p1064": 0.005667609386554667
"p1065": 0.00020322105370116337
"p1066": 0.002830041340431017
"p1067": 0.005534010360510386
"p1068": 0.010209976272060306
"p1069": 0.0010556204733921542
"p1070": 0.007694174894296828
"p1071": 0.012097297724488702
"p1072": 0.0009220214473478709
"p1073": 0
"p1074": 0.00033682007974544673
"p1075": 0.00021827446508643471
"p1076": 0.002720904107887799
"p1077": 3.3870175616860565E-05
"p1078": 0.0014582992279481633
"p1079": 0.00106314717908479
"p1080": 0.0023539772053718096
"p1081": 5.645029269476761E-06
"p1082": 0.0014376007872934152
"p1083": 0.0016238867531861486
"p1084": 0.005917872350834805
"p1085": 1.6935087808430282E-05
"p1086": 0.006578340775363586
