"p1024": 0.0019004931873905094
"p1025": 0.00042149551878759825
"p1026": 0.001627650106032466
"p1027": 0.0034246510901492343
"p1028": 0.0004214955187875982
"p1029": 0.00012042729108217092
"p1030": 5.080526342529085E-05
"p1031": 8.655711546531033E-05
"p1032": 0.0016276501060324658
"p1033": 5.080526342529086E-05
"p1034": 0.0007394988343014557
"p1035": 0.0014281924051776206
"p1036": 0.0034246510901492343
"p1037": 8.655711546531033E-05
"p1038": 0.0014281924051776206
"p1039": 0.0027585376363509773
"p1040": 0.00278864445912152
"p1041": 0.00020698440654748124
"p1042": 0.003388899238109216
"p1043": 0.0038160397861662903
"p1044": 0.0007620789513793627
"p1045": 7.526705692635681E-05
"p1046": 0.00012230896750532982
"p1047": 0.00011666393823585305
"p1048": 0.004525431797697203
"p1049": 5.8331969117926534E-05
"p1050": 0.0029937471892458427
"p1051": 0.003962810547172686
"p1052": 0.006806023622565816
"p1053": 0
"p1054": 0.004316565714726565
"p1055": 0.0044539280936171655
"p1056": 0.0014996961092576598
"p1057": 0.000308594933398063
"p1058": 0.0010010518571205455
"p1059": 0.002463114437915027
"p1060": 9.596549758110492E-05
"p1061": 6.209532196424438E-05
"p1062": 1.1290058538953523E-05
"p1063": 3.0106822770542726E-05
"p1064": 0.000709392011530913
"p1065": 1.5053411385271363E-05
"p1066": 0.00025402631712645424
"p1067": 0.0005833196911792653
"p1068": 0.0016615202816493266
"p1069": 4.8923587002131926E-05
"p1070": 0.0005005259285602729
"p1071": 0.0012776582913249068
"p1072": 0.0017894742784241335
"p1073": 4.516023415581409E-05
"p1074": 0.0037351276999704574
"p1075": 0.0014187840230618259
"p1076": 0.0005306327513308156
"p1077": 3.3870175616860565E-05
"p1078": 5.833196911792652E-05
"p1079": 7.150370408003898E-05
"p1080": 0.0012437881157080462
"p1081": 3.7633528463178407E-06
"p1082": 0.002011512096356886
"p1083": 0.0007827773920341109
"p1084": 0.0037125475828925503
"p1085": 7.5267056926356815E-06
"p1086": 0.003829211521128403
