"p1024": 0.0005720296326403118
"p1025": 0
"p1026": 0.00021827446508643474
"p1027": 0.00024085458216434183
"p1028": 0.0010161052685058168
"p1029": 0.00018816764231589203
"p1030": 0.0006755218359140524
"p1031": 0.0008693345074994211
"p1032": 0.003166861420176464
"p1033": 0.0001467707610063958
"p1034": 0.002950468631513187
"p1035": 0.004261997098454955
"p1036": 0.0037163109357388696
"p1037": 0.0005024076049834317
"p1038": 0.004839671760364744
"p1039": 0.005902818939449534
"p1040": 0.0012569598506701586
"p1041": 0
"p1042": 0.0007790140391877931
"p1043": 0.0005438044862929281
"p1044": 0.0015166311970660896
"p1045": 0.0001279539967748066
"p1046": 0.0013999672588302365
"p1047": 0.0010988990311248097
"p1048": 0.005289392425499725
"p1049": 7.714873334951574E-05
"p1050": 0.006504955394860388
"p1051": 0.005968677614260096
"p1052": 1
"p1053": 0.0002182744650864348
"p1054": 0.009839286016697998
"p1055": 0.006109803345997015
"p1056": 0.0001637058488148261
"p1057": 0
"p1058": 3.387017561686057E-05
"p1059": 8.091208619583357E-05
"p1060": 0.0004647740765202533
"p1061": 0.00010725555612005845
"p1062": 0.0003292933740528111
"p1063": 0.00059272807329506
"p1064": 0.001891084805274715
"p1065": 7.338538050319788E-05
"p1066": 0.0010330403563142475
"p1067": 0.002464996114338186
"p1068": 0.0036880857893914856
"p1069": 0.00044595731228866414
"p1070": 0.0035055631763450685
"p1071": 0.006075933170380155
"p1072": 0.0007112736879540719
"p1073": 0
"p1074": 0.00048735419359816035
"p1075": 0.0001486524374295547
"p1076": 0.0016558752523798495
"p1077": 8.091208619583358E-05
"p1078": 0.0017537224263841139
"p1079": 0.0005739113090634708
"p1080": 0.0027039690200793684
"p1081": 1.1290058538953523E-05
"p1082": 0.005678899445093623
"p1083": 0.001719852250767253
"p1084": 0.005464388332853507
"p1085": 7.526705692635681E-05
"p1086": 0.013841611768757022
