"p1024": 0.0010988990311248095
"p1025": 0
"p1026": 0.0006096631611034901
"p1027": 0.0004779458114823658
"p1028": 0.0012136812929375038
"p1029": 0.00015053411385271363
"p1030": 0.0010255136506216115
"p1031": 0.0010273953270447703
"p1032": 0.004241298657800208
"p1033": 7.714873334951574E-05
"p1034": 0.004907412111598465
"p1035": 0.004711717763589937
"p1036": 1
"p1037": 0.00024085458216434183
"p1038": 0.006926450913647988
"p1039": 0.004561183649737224
"p1040": 7.150370408003898E-05
"p1041": 0
"p1042": 9.784717400426385E-05
"p1043": 2.0698440654748124E-05
"p1044": 0.00019569434800852776
"p1045": 7.5267056926356815E-06
"p1046": 0.00023144620004854718
"p1047": 5.080526342529085E-05
"p1048": 0.0002333278764717061
"p1049": 0
"p1050": 0.00099352515142791
"p1051": 4.327855773265517E-05
"p1052": 0.0006077814846803312
"p1053": 7.5267056926356815E-06
"p1054": 0.0021620462102095997
"p1055": 0.00010349220327374062
"p1056": 0.00037257193178546626
"p1057": 0
"p1058": 0.00013548070246744229
"p1059": 0.0002803697870506791
"p1060": 0.0009182580945015532
"p1061": 0.00028789649274331484
"p1062": 0.0007752506863414751
"p1063": 0.0012306163807459338
"p1064": 0.004292103921225498
"p1065": 0.000237091229318024
"p1066": 0.0027547742835046596
"p1067": 0.006222703931386551
"p1068": 0.006964084442111166
"p1069": 0.0011045440603942862
"p1070": 0.007398751695860876
"p1071": 0.012417182716425718
"p1072": 0.0012268530278996162
"p1073": 0
"p1074": 0.0006886935708761649
"p1075": 0.0002483812878569775
"p1076": 0.002434889291567643
"p1077": 8.091208619583358E-05
"p1078": 0.002256130031367545
"p1079": 0.0008730978603457391
"p1080": 0.004721126145705731
"p1081": 1.1290058538953523E-05
"p1082": 0.007524824016212524
"p1083": 0.004145333160219103
"p1084": 0.007617026160947312
"p1085": 6.39769983874033E-05
"p1086": 0.01609962347654773
