"p1024": 0.0006567050716824633
"p1025": 2.4461793501065963E-05
"p1026": 0.003880016784553693
"p1027": 0.0018007643369630866
"p1028": 0.0011233608246258755
"p1029": 0.00012607232035164768
"p1030": 0.006369474692392946
"p1031": 0.0030163273063237494
"p1032": 0.00013736237889060116
"p1033": 0
"p1034": 0.002886491633125784
"p1035": 0.0010932540018553328
"p1036": 0.0006830485416066881
"p1037": 0
"p1038": 0.006393936485894012
"p1039": 0.0016144783710703536
"p1040": 5.645029269476761E-06
"p1041": 0
"p1042": 0.00020322105370116343
"p1043": 5.645029269476761E-06
"p1044": 5.645029269476761E-06
"p1045": 0
"p1046": 0.0004911175464444782
"p1047": 5.645029269476761E-06
"p1048": 0
"p1049": 0
"p1050": 3.575185204001949E-05
"p1051": 0
"p1052": 5.645029269476761E-06
"p1053": 0
"p1054": 0.0002145111122401169
"p1055": 0
"p1056": 0.0009822350928889566
"p1057": 5.645029269476761E-05
"p1058": 0.0019663518622010717
"p1059": 0.0011986278815522325
"p1060": 0.002862029839624718
"p1061": 0.00047230078221288907
"p1062": 0.0069057524729932394
"p1063": 0.00556223550685777
"p1064": 0.00015806081954534932
"p1065": 0
"p1066": 0.0009502465936952548
"p1067": 0.00044031228301918735
"p1068": 0.001040567062006883
"p1069": 0
"p1070": 0.004028669221983248
"p1071": 0.0014752343157565934
"p1072": 0.0003424651090149235
"p1073": 0
"p1074": 0.004162268248027533
"p1075": 0.0013359902604428333
"p1076": 0.0010311586798910882
"p1077": 2.2580117077907045E-05
"p1078": 0.011195974717795577
"p1079": 0.003740772729239934
"p1080": 6.021364554108546E-05
"p1081": 0
"p1082": 0.0018158177483483585
"p1083": 0.00041585048951812135
"p1084": 0.00029354152201279153
"p1085": 0
"p1086": 0.00828125793832241
