"p1024": 0.00043843060659602847
"p1025": 0.0009257848001941887
"p1026": 0.003070895922595358
"p1027": 0.003797223021934702
"p1028": 0.0012456697921312053
"p1029": 0.0014018489352533956
"p1030": 0.005127568253108059
"p1031": 1
"p1032": 0.00013171734962112442
"p1033": 0.00023520955289486504
"p1034": 0.0022297865614433207
"p1035": 0.0034679296478818916
"p1036": 0.0002747247577812024
"p1037": 0.0007921857741499054
"p1038": 0.0025233280834561123
"p1039": 0.0029711670721679355
"p1040": 2.2580117077907045E-05
"p1041": 1.6935087808430282E-05
"p1042": 0.0007131553643772309
"p1043": 0.00022956452362538825
"p1044": 8.467543904215141E-05
"p1045": 5.645029269476761E-05
"p1046": 0.0014357191108702561
"p1047": 0.00038950701959389653
"p1048": 0
"p1049": 0
"p1050": 0.0001486524374295547
"p1051": 4.704191057897301E-05
"p1052": 5.645029269476761E-06
"p1053": 1.6935087808430282E-05
"p1054": 0.000683048541606688
"p1055": 0.00038950701959389653
"p1056": 0.0007564339221098859
"p1057": 0.0019795235971631843
"p1058": 0.002077370771167448
"p1059": 0.0055979873588977895
"p1060": 0.0027735910477362487
"p1061": 0.004570592031853018
"p1062": 0.006021364554108545
"p1063": 0.011081192455982885
"p1064": 0.00013359902604428335
"p1065": 0.0002559079935496132
"p1066": 0.000920139770924712
"p1067": 0.0023520955289486503
"p1068": 0.000353755167553877
"p1069": 0.001322818525480721
"p1070": 0.001584371548299811
"p1071": 0.002585423405420357
"p1072": 0.00048359084075184255
"p1073": 0.00066235010095194
"p1074": 0.005313854219000791
"p1075": 0.0047230078221288906
"p1076": 0.0019362450394305288
"p1077": 0.0014752343157565934
"p1078": 0.012473633009120483
"p1079": 0.007887987565882196
"p1080": 0.00012607232035164766
"p1081": 0.00011478226181269412
"p1082": 0.002258011707790705
"p1083": 0.0028902549859721014
"p1084": 0.00027660643420436126
"p1085": 0.0005400411334466102
"p1086": 0.004890477023790034
