"p1024": 0.0008147658912278124
"p1025": 0
"p1026": 0.0016050699889545589
"p1027": 0.00041961384236443927
"p1028": 0
"p1029": 0
"p1030": 0.00015053411385271363
"p1031": 0
"p1032": 0.0026738621973088255
"p1033": 0.0005475678391392458
"p1034": 0.011167749571448194
"p1035": 0.006775916799795272
"p1036": 0.0010085785628131813
"p1037": 5.2686939848449775E-05
"p1038": 0.005033484431950113
"p1039": 0.0025967134639593107
"p1040": 0.000709392011530913
"p1041": 0
"p1042": 0.0027961711648141555
"p1043": 0.0006228348960656026
"p1044": 0
"p1045": 0
"p1046": 0.0003424651090149235
"p1047": 0
"p1048": 0.0019437717451231647
"p1049": 0.00025214464070329537
"p1050": 1
"p1051": 0.00929359985398191
"p1052": 0.0004779458114823658
"p1053": 0
"p1054": 0.01080646769820168
"p1055": 0.003191323213677529
"p1056": 0.0006134265139498081
"p1057": 0
"p1058": 0.0007865407448804289
"p1059": 0.0001373623788906012
"p1060": 0
"p1061": 0
"p1062": 3.575185204001949E-05
"p1063": 0
"p1064": 0.0020115120963568865
"p1065": 0.0005588578976781994
"p1066": 0.007620789513793629
"p1067": 0.005296919131192361
"p1068": 0.0007150370408003898
"p1069": 5.6450292694767617E-05
"p1070": 0.002604240169651946
"p1071": 0.0017367873385756836
"p1072": 0.0005475678391392457
"p1073": 0
"p1074": 0.0032214300364480724
"p1075": 0.00025590799354961323
"p1076": 0
"p1077": 0
"p1078": 0.00028225146347383805
"p1079": 0
"p1080": 0.0012795399677480654
"p1081": 0.0001674692016611439
"p1082": 0.019426427392692694
"p1083": 0.003306105475490223
"p1084": 0.00025778966997277205
"p1085": 1.8816764231589203E-05
"p1086": 0.010945711753515438
