"p1024": 0.0013397536132891512
"p1025": 0.0002408545821643418
"p1026": 0.003402070973071328
"p1027": 0.002711495725772004
"p1028": 0.0003161216390906986
"p1029": 0
"p1030": 0.000472300782212889
"p1031": 4.8923587002131926E-05
"p1032": 0.0005513311919855637
"p1033": 2.0698440654748124E-05
"p1034": 0.002340805470409697
"p1035": 0.001065028855507949
"p1036": 0.0011779294408974842
"p1037": 1.8816764231589203E-05
"p1038": 0.00481144661401736
"p1039": 0.0019418900687000061
"p1040": 0.0008825062424615336
"p1041": 0.00012607232035164768
"p1042": 0.00606652478826436
"p1043": 0.0032778803291428392
"p1044": 0.00018816764231589203
"p1045": 0
"p1046": 0.0008843879188846926
"p1047": 0.0001016105268505817
"p1048": 0.0006567050716824633
"p1049": 2.4461793501065963E-05
"p1050": 0.007498480546288299
"p1051": 0.0034152427080334402
"p1052": 0.0008523994196909909
"p1053": 0
"p1054": 0.011094364190944998
"p1055": 0.00373136434712414
"p1056": 0.0010048152099668634
"p1057": 0.00016370584881482606
"p1058": 0.002402900792373941
"p1059": 0.0018383978654262652
"p1060": 0.00013548070246744226
"p1061": 0
"p1062": 0.00010725555612005845
"p1063": 7.5267056926356815E-06
"p1064": 0.0002521446407032953
"p1065": 5.645029269476761E-06
"p1066": 0.0009276664766173478
"p1067": 0.00042902222448023387
"p1068": 0.0007037469822614364
"p1069": 1.1290058538953523E-05
"p1070": 0.0021168859760537853
"p1071": 0.0007357354814551379
"p1072": 0.00030671325697490405
"p1073": 2.2580117077907045E-05
"p1074": 0.005513311919855636
"p1075": 0.001134650883164829
"p1076": 0.00013548070246744223
"p1077": 0
"p1078": 0.0005889647204487421
"p1079": 4.8923587002131926E-05
"p1080": 0.00013548070246744226
"p1081": 0
"p1082": 0.003307987151913382
"p1083": 0.0006548233952593044
"p1084": 0.00024273625858750074
"p1085": 0
"p1086": 0.007534232398328318
