"p1024": 0.0001956943480085277
"p1025": 0.000284133139896997
"p1026": 4.139688130949625E-05
"p1027": 0.0001561791431221904
"p1028": 9.408382115794602E-06
"p1029": 5.833196911792653E-05
"p1030": 0
"p1031": 0
"p1032": 0.0006529417188361454
"p1033": 0.0004873541935981604
"p1034": 0.00041773216594128033
"p1035": 0.00038386199032441984
"p1036": 0.0002897781691664737
"p1037": 0.00037445360820862513
"p1038": 8.46754390421514E-05
"p1039": 0.00010725555612005847
"p1040": 0.0005136976635223853
"p1041": 0.0005983731025645369
"p1042": 5.645029269476761E-05
"p1043": 0.00014488908458323683
"p1044": 3.198849919370165E-05
"p1045": 0.0001806409366232564
"p1046": 0
"p1047": 0
"p1048": 0.0018233444540409938
"p1049": 0.0012738949384785891
"p1050": 0.0010706738847774259
"p1051": 0.0003537551675538771
"p1052": 0.0013284635547501974
"p1053": 0.0015599097547987447
"p1054": 0.0003518734911307181
"p1055": 0.00010913723254321738
"p1056": 0.0008674528310762623
"p1057": 0.0023558588817949684
"p1058": 0.00016935087808430283
"p1059": 0.0009878801221584331
"p1060": 3.951520488633733E-05
"p1061": 0.00026907972851172564
"p1062": 0
"p1063": 0
"p1064": 0.003069014246172199
"p1065": 0.006681832978637327
"p1066": 0.0011421775888574646
"p1067": 0.005054182872604861
"p1068": 0.0014413641401397333
"p1069": 0.004071947779715904
"p1070": 0.0003443467854380824
"p1071": 0.0012889483498638606
"p1072": 0.002071725741897972
"p1073": 0.0038913068430926475
"p1074": 0.0004403122830191874
"p1075": 0.0009333115058868247
"p1076": 0.0001637058488148261
"p1077": 0.0006774035123372113
"p1078": 0
"p1079": 0
"p1080": 0.007270797699086069
"p1081": 0.01094947510636176
"p1082": 0.003832974873974721
"p1083": 0.004094527896793812
"p1084": 0.004920583846560577
"p1085": 0.008507059109101479
"p1086": 0.001290830026287019
