"p1024": 3.198849919370165E-05
"p1025": 3.387017561686057E-05
"p1026": 0.0010800822668932202
"p1027": 0.0006774035123372113
"p1028": 0.00020510273012432236
"p1029": 0.000212629435816958
"p1030": 0.0022881185305612473
"p1031": 0.0012550781742469996
"p1032": 5.645029269476761E-06
"p1033": 5.645029269476761E-06
"p1034": 0.000259671346395931
"p1035": 0.00023144620004854718
"p1036": 5.080526342529086E-05
"p1037": 0.00010725555612005844
"p1038": 0.0013773871417523294
"p1039": 0.0013886772002912832
"p1040": 0
"p1041": 0
"p1042": 5.645029269476761E-05
"p1043": 2.4461793501065963E-05
"p1044": 1.6935087808430286E-05
"p1045": 1.1290058538953523E-05
"p1046": 0.00023144620004854718
"p1047": 8.843879188846926E-05
"p1048": 0
"p1049": 0
"p1050": 5.645029269476761E-06
"p1051": 5.645029269476761E-06
"p1052": 0
"p1053": 5.645029269476761E-06
"p1054": 6.209532196424438E-05
"p1055": 5.080526342529084E-05
"p1056": 0.0003650452260928306
"p1057": 0.0016859820751503924
"p1058": 0.0027152590786183226
"p1059": 0.005293155778346044
"p1060": 0.001887321452428397
"p1061": 0.00454989359119827
"p1062": 0.007225637464930256
"p1063": 0.011120707660869224
"p1064": 6.774035123372113E-05
"p1065": 0.00029542319843595046
"p1066": 0.0016577569288030091
"p1067": 0.0034585212657660958
"p1068": 0.0004045604309791679
"p1069": 0.001684100398727234
"p1070": 0.0044595731228866415
"p1071": 0.007641487954448377
"p1072": 7.33853805031979E-05
"p1073": 0.0002653163756654078
"p1074": 0.0015636731076450628
"p1075": 0.002384084028142352
"p1076": 0.0005099343106760674
"p1077": 0.0008354643318825605
"p1078": 0.005912227321565328
"p1079": 0.005893410557333739
"p1080": 3.010682277054273E-05
"p1081": 5.456861627160869E-05
"p1082": 0.00036316354966967166
"p1083": 0.0011195974717795579
"p1084": 0.00010349220327374063
"p1085": 0.00016935087808430283
"p1086": 0.002833804693277334
