"p1024": 0.00043843060659602847
"p1025": 0.001245669792131205
"p1026": 0.00013171734962112442
"p1027": 0.0002747247577812024
"p1028": 0.0009257848001941887
"p1029": 0.0014018489352533956
"p1030": 0.00023520955289486504
"p1031": 0.0007921857741499054
"p1032": 0.0030708959225953575
"p1033": 0.00512756825310806
"p1034": 0.0022297865614433207
"p1035": 0.0025233280834561127
"p1036": 0.003797223021934702
"p1037": 1
"p1038": 0.003467929647881891
"p1039": 0.0029711670721679355
"p1040": 8.843879188846925E-05
"p1041": 7.150370408003898E-05
"p1042": 1.8816764231589203E-05
"p1043": 0
"p1044": 0.00020886608297064014
"p1045": 0.00019945770085484557
"p1046": 4.327855773265517E-05
"p1047": 2.2580117077907045E-05
"p1048": 0.0005080526342529085
"p1049": 0.0002333278764717061
"p1050": 0.0003594001968233538
"p1051": 4.516023415581409E-05
"p1052": 0.0010876089725858557
"p1053": 0.0005852013676024242
"p1054": 0.0007940674505730644
"p1055": 7.526705692635681E-05
"p1056": 8.843879188846925E-05
"p1057": 0.00039515204886337327
"p1058": 3.0106822770542726E-05
"p1059": 0.0002182744650864348
"p1060": 0.0005080526342529085
"p1061": 0.0013322269075965157
"p1062": 0.00011478226181269415
"p1063": 0.0011628760295122127
"p1064": 0.0021714545923253938
"p1065": 0.005071117960413291
"p1066": 0.0012117996165143447
"p1067": 0.004574355384699335
"p1068": 0.005182136869379668
"p1069": 0.008027231621195957
"p1070": 0.003595883644656697
"p1071": 0.009865629486622219
"p1072": 0.0005381594570234513
"p1073": 0.0013115284669417673
"p1074": 0.00014112573173691902
"p1075": 9.220214473478711E-05
"p1076": 0.0018195811011946761
"p1077": 0.0026795072265783032
"p1078": 0.0004647740765202533
"p1079": 0.0006002547789876956
"p1080": 0.004619515618855149
"p1081": 0.005771101589828408
"p1082": 0.0030238540120163847
"p1083": 0.0017744208670388622
"p1084": 0.00871404351564896
"p1085": 0.008567272754642566
"p1086": 0.007438266900747213
