"p1024": 0.0001844042894695742
"p1025": 0
"p1026": 9.596549758110495E-05
"p1027": 6.39769983874033E-05
"p1028": 0.000353755167553877
"p1029": 8.091208619583358E-05
"p1030": 0.00034622846186124133
"p1031": 0.0002766064342043613
"p1032": 0.0006924569237224828
"p1033": 5.645029269476761E-06
"p1034": 0.0013303452311733566
"p1035": 0.0006021364554108546
"p1036": 0.001484642697872388
"p1037": 6.585867481056221E-05
"p1038": 0.0029768121014374124
"p1039": 0.0015918982539924464
"p1040": 0.00035375516755387705
"p1041": 0
"p1042": 0.0003913886960170555
"p1043": 8.091208619583357E-05
"p1044": 0.00074890721641725
"p1045": 5.456861627160869E-05
"p1046": 0.0008580444489604677
"p1047": 0.0002935415220127916
"p1048": 0.00127201326205543
"p1049": 5.645029269476761E-06
"p1050": 0.0034265327665723936
"p1051": 0.0007169187172235485
"p1052": 0.0024480610265297555
"p1053": 3.7633528463178407E-05
"p1054": 0.0070769850275007005
"p1055": 0.0013642154067902167
"p1056": 0.0006924569237224827
"p1057": 0
"p1058": 0.00022768284720222937
"p1059": 0.0002728430813580435
"p1060": 0.00127201326205543
"p1061": 0.00025402631712645424
"p1062": 0.0007037469822614361
"p1063": 0.0011986278815522323
"p1064": 0.004655267470895169
"p1065": 0.0002145111122401169
"p1066": 0.003471693000728208
"p1067": 0.006213295549270755
"p1068": 0.0064710852192435275
"p1069": 0.0009182580945015532
"p1070": 0.00631114272327502
"p1071": 0.010753780758353232
"p1072": 0.0014846426978723881
"p1073": 0
"p1074": 0.0008392276847288785
"p1075": 0.0006002547789876957
"p1076": 0.0024480610265297555
"p1077": 0.00017311423093062066
"p1078": 0.0022655384134833397
"p1079": 0.0013642154067902172
"p1080": 0.0064710852192435275
"p1081": 8.27937626189925E-05
"p1082": 0.007978308034193823
"p1083": 0.00700736299984382
"p1084": 1
"p1085": 0.0002577896699727721
"p1086": 0.01711196539220723
