"p1024": 0.001748077397114637
"p1025": 0.0004760641350592069
"p1026": 0.005995021084184321
"p1027": 0.004324092420419199
"p1028": 0.00019569434800852773
"p1029": 0
"p1030": 0.0002653163756654078
"p1031": 0
"p1032": 0.0008956779774236461
"p1033": 7.150370408003898E-05
"p1034": 0.005279984043383931
"p1035": 0.002459351085068709
"p1036": 0.0015072228149502953
"p1037": 5.2686939848449775E-05
"p1038": 0.006139910168767557
"p1039": 0.0028338046932773336
"p1040": 0.000952128270118414
"p1041": 0.0001938126715853688
"p1042": 1
"p1043": 0.0037257193178546633
"p1044": 0.00011666393823585305
"p1045": 0
"p1046": 0.0004929992228676371
"p1047": 0
"p1048": 0.0009728267107731619
"p1049": 5.8331969117926534E-05
"p1050": 0.012579006888817384
"p1051": 0.0056883078272094165
"p1052": 0.0009427198880026192
"p1053": 0
"p1054": 0.01208600766594975
"p1055": 0.0031762698022922576
"p1056": 0.001608833341800877
"p1057": 0.0005306327513308156
"p1058": 0.004992087550640616
"p1059": 0.0042582337456086375
"p1060": 7.338538050319791E-05
"p1061": 0
"p1062": 5.833196911792653E-05
"p1063": 0
"p1064": 0.0003951520488633734
"p1065": 2.8225146347383808E-05
"p1066": 0.0027114957257720045
"p1067": 0.0010575021498153132
"p1068": 0.0011873378230132787
"p1069": 5.6450292694767617E-05
"p1070": 0.003289170387681793
"p1071": 0.001915546598775781
"p1072": 0.0008166475676509714
"p1073": 0.0001580608195453493
"p1074": 0.01186961487728647
"p1075": 0.001930600010161052
"p1076": 0.00016370584881482606
"p1077": 0
"p1078": 0.0004911175464444782
"p1079": 0
"p1080": 0.000353755167553877
"p1081": 9.408382115794602E-06
"p1082": 0.007948201211423282
"p1083": 0.0013623337303670584
"p1084": 0.0006153081903729669
"p1085": 1.8816764231589203E-05
"p1086": 0.013032490906798682
