"p1024": 0.0013397536132891512
"p1025": 0.0008825062424615337
"p1026": 0.0010048152099668636
"p1027": 0.00030671325697490405
"p1028": 0.0023201070297549486
"p1029": 0.0012720132620554303
"p1030": 0.0020491456248200647
"p1031": 0.0008166475676509712
"p1032": 0.0004779458114823658
"p1033": 0.0004346672537497106
"p1034": 0.0002333278764717061
"p1035": 4.8923587002131926E-05
"p1036": 0.0015862532247229702
"p1037": 0.0014695892864871167
"p1038": 0.0005569762212550406
"p1039": 0.00025026296428013644
"p1040": 0.00024085458216434183
"p1041": 0.00012607232035164766
"p1042": 0.00016370584881482606
"p1043": 2.2580117077907045E-05
"p1044": 0.0005569762212550405
"p1045": 0.00024273625858750077
"p1046": 0.000637888307450874
"p1047": 0.0001580608195453493
"p1048": 5.080526342529084E-05
"p1049": 3.010682277054273E-05
"p1050": 1.6935087808430282E-05
"p1051": 0
"p1052": 0.0003180033155138575
"p1053": 0.00022768284720222937
"p1054": 7.33853805031979E-05
"p1055": 3.7633528463178407E-05
"p1056": 0.0034020709730713276
"p1057": 0.006066524788264359
"p1058": 0.002402900792373941
"p1059": 0.005513311919855637
"p1060": 0.007197412318582872
"p1061": 1
"p1062": 0.005938570791489553
"p1063": 0.01253384665466157
"p1064": 0.0021676912394790766
"p1065": 0.004860370201019493
"p1066": 0.0010763189140469026
"p1067": 0.001625768429609307
"p1068": 0.0028714382217405127
"p1069": 0.004907412111598466
"p1070": 0.0011440592652806232
"p1071": 0.0027491292542351827
"p1072": 0.0027114957257720045
"p1073": 0.0032778803291428392
"p1074": 0.0018383978654262655
"p1075": 0.001134650883164829
"p1076": 0.00608345987607279
"p1077": 0.005528365331240909
"p1078": 0.005590460653205153
"p1079": 0.002271183442752817
"p1080": 0.0009803534164657976
"p1081": 0.002197798062249619
"p1082": 0.00033682007974544684
"p1083": 0.00033117505047597
"p1084": 0.003163098067330145
"p1085": 0.004371134330998172
"p1086": 0.0010179869449289758
