"p1024": 0.0005325144277539746
"p1025": 0.00031988499193701646
"p1026": 0.0029692853957447767
"p1027": 0.0014037306116765546
"p1028": 0
"p1029": 6.585867481056221E-05
"p1030": 4.704191057897301E-05
"p1031": 0.00015053411385271363
"p1032": 0.0002107477593937991
"p1033": 0.00014677076100639576
"p1034": 0.00221285147363489
"p1035": 0.0009972885042742279
"p1036": 0.00015053411385271363
"p1037": 0.00023332787647170614
"p1038": 0.004017379163444295
"p1039": 0.0022260232085970027
"p1040": 0.0001637058488148261
"p1041": 8.467543904215141E-05
"p1042": 0.0009276664766173478
"p1043": 0.0002954231984359505
"p1044": 0
"p1045": 2.8225146347383805E-05
"p1046": 1.1290058538953523E-05
"p1047": 4.516023415581409E-05
"p1048": 6.774035123372113E-05
"p1049": 3.3870175616860565E-05
"p1050": 0.00032553002120649325
"p1051": 7.903040977267465E-05
"p1052": 2.4461793501065966E-05
"p1053": 2.8225146347383805E-05
"p1054": 0.0007338538050319789
"p1055": 0.0003180033155138576
"p1056": 0.003746417758509411
"p1057": 0.005682662797939939
"p1058": 0.008586089518874154
"p1059": 1
"p1060": 0
"p1061": 0.000353755167553877
"p1062": 0.00012419064392848875
"p1063": 0.00039515204886337327
"p1064": 0.0012663682327859534
"p1065": 0.002192153032980142
"p1066": 0.007592564367446244
"p1067": 0.01293652540921758
"p1068": 0.0014394824637165742
"p1069": 0.003567658498309313
"p1070": 0.007765678598376865
"p1071": 0.010926894989283852
"p1072": 0.0010217502977752937
"p1073": 0.0007790140391877932
"p1074": 0.007918094388652737
"p1075": 0.005189663575072304
"p1076": 0
"p1077": 0.00017875926020009743
"p1078": 0.00013359902604428335
"p1079": 0.0005400411334466101
"p1080": 0.0005739113090634708
"p1081": 0.0004478389887118231
"p1082": 0.0050466561669122246
"p1083": 0.005835078588215812
"p1084": 0.0004892358700213193
"p1085": 0.0007225637464930254
"p1086": 0.008130723824469695
