"p1024": 4.892358700213193E-05
"p1025": 0.00018628596589273316
"p1026": 0.0001975760244316866
"p1027": 0.0002483812878569775
"p1028": 0
"p1029": 0
"p1030": 9.408382115794602E-06
"p1031": 5.833196911792653E-05
"p1032": 0.0002615530228190899
"p1033": 0.00022768284720222937
"p1034": 0.0008580444489604676
"p1035": 0.000639769983874033
"p1036": 3.575185204001949E-05
"p1037": 3.575185204001949E-05
"p1038": 0.00033682007974544673
"p1039": 0.0004064421074023268
"p1040": 4.892358700213193E-05
"p1041": 0.0001825226130464153
"p1042": 0.0005532128684087226
"p1043": 0.0005852013676024243
"p1044": 0
"p1045": 0
"p1046": 3.198849919370165E-05
"p1047": 0.0001806409366232564
"p1048": 0.0002464996114338186
"p1049": 0.00020886608297064017
"p1050": 0.0027171407550414814
"p1051": 0.0014300740816007794
"p1052": 1.6935087808430282E-05
"p1053": 1.8816764231589203E-05
"p1054": 0.001623886753186148
"p1055": 0.0015862532247229695
"p1056": 0.00019004931873905096
"p1057": 0.0014601809043713221
"p1058": 0.000946483240848937
"p1059": 0.0019851686264326608
"p1060": 0
"p1061": 0
"p1062": 3.951520488633733E-05
"p1063": 0.00026907972851172564
"p1064": 0.0014018489352533958
"p1065": 0.0035319066462692937
"p1066": 0.0037351276999704574
"p1067": 0.0081213154423539
"p1068": 0.00022768284720222934
"p1069": 0.0011214791482027163
"p1070": 0.0017179705743440943
"p1071": 0.004491561622080343
"p1072": 0.0002201561415095937
"p1073": 0.0009991701806973867
"p1074": 0.0024123091744897357
"p1075": 0.00384990996178315
"p1076": 0
"p1077": 0
"p1078": 0.0001637058488148261
"p1079": 0.0006774035123372113
"p1080": 0.001008578562813181
"p1081": 0.001938126715853688
"p1082": 0.010527979587574163
"p1083": 0.012945933791333374
"p1084": 0.00015429746669903146
"p1085": 0.0004647740765202533
"p1086": 0.006111685022420172
