"p1024": 0.0001825226130464153
"p1025": 0.0009050863595394408
"p1026": 0.001369860436059694
"p1027": 0.0019870503028558196
"p1028": 0
"p1029": 0
"p1030": 0.00012419064392848875
"p1031": 0.0004760641350592068
"p1032": 0.0008091208619583357
"p1033": 0.0017650124849230672
"p1034": 0.005919754027257964
"p1035": 0.008793073925421634
"p1036": 0.00012983567319796552
"p1037": 0.0004403122830191873
"p1038": 0.003661742319467259
"p1039": 0.0050523011961817015
"p1040": 0
"p1041": 5.645029269476761E-06
"p1042": 4.327855773265517E-05
"p1043": 4.704191057897301E-05
"p1044": 0
"p1045": 0
"p1046": 0
"p1047": 1.1290058538953523E-05
"p1048": 1.1290058538953523E-05
"p1049": 1.1290058538953523E-05
"p1050": 0.00037633528463178407
"p1051": 0.00013548070246744226
"p1052": 0
"p1053": 0
"p1054": 0.0002013393772780045
"p1055": 0.00013359902604428335
"p1056": 0.00014488908458323686
"p1057": 0.0015298029320282023
"p1058": 0.0007357354814551376
"p1059": 0.0017198522507672533
"p1060": 0
"p1061": 0
"p1062": 2.82251463473838E-05
"p1063": 0.00015617914312219037
"p1064": 0.001409375640946031
"p1065": 0.003571421851155631
"p1066": 0.004004207428482183
"p1067": 0.008239861057012913
"p1068": 0.00020886608297064014
"p1069": 0.001017986944928976
"p1070": 0.0017066805158051407
"p1071": 0.0042714054805707505
"p1072": 0.00013359902604428335
"p1073": 0.0005852013676024242
"p1074": 0.0019456534215463238
"p1075": 0.0032515368592186144
"p1076": 0
"p1077": 0
"p1078": 0.00010161052685058171
"p1079": 0.0005231060456381799
"p1080": 0.0008580444489604675
"p1081": 0.0011365325595879877
"p1082": 0.0075963277202925625
"p1083": 0.007707346629258939
"p1084": 9.596549758110495E-05
"p1085": 0.00031423996266753966
"p1086": 0.0043128023618802455
