"p1024": 0.002060435683359018
"p1025": 0.0001467707610063958
"p1026": 0.0022542483549443867
"p1027": 0.003281643681989157
"p1028": 0.0028676748688941955
"p1029": 0.0005776746619097885
"p1030": 0.004373016007421331
"p1031": 0.005477560067815617
"p1032": 0.0014300740816007794
"p1033": 0
"p1034": 0.0007583155985330449
"p1035": 0.0010537387969689954
"p1036": 0.0019757602443168662
"p1037": 1.5053411385271363E-05
"p1038": 0.0012513148214006822
"p1039": 0.0013679787596365353
"p1040": 0.002867674868894195
"p1041": 7.714873334951574E-05
"p1042": 0.004154741542334897
"p1043": 0.003631635496696716
"p1044": 1
"p1045": 0.0002671980520885667
"p1046": 0.007404396725130355
"p1047": 0.004990205874217458
"p1048": 0.003212021654332277
"p1049": 0
"p1050": 0.002734075842849912
"p1051": 0.0026813889030014616
"p1052": 0.003729482670700981
"p1053": 0
"p1054": 0.003868726726014741
"p1055": 0.0020058670670874087
"p1056": 0.0014300740816007794
"p1057": 7.338538050319788E-05
"p1058": 0.0008730978603457391
"p1059": 0.0021375844167085337
"p1060": 0.003212021654332278
"p1061": 0.00048547251717500153
"p1062": 0.003309868828336541
"p1063": 0.00585954038171688
"p1064": 0.0005795563383329474
"p1065": 0
"p1066": 0.00019004931873905094
"p1067": 0.00035563684397703604
"p1068": 0.001061265502661631
"p1069": 7.5267056926356815E-06
"p1070": 0.000519342692791862
"p1071": 0.0009163764180783941
"p1072": 0.0019757602443168662
"p1073": 1.1290058538953523E-05
"p1074": 0.004457691446463482
"p1075": 0.0013378719368659924
"p1076": 0.00372948267070098
"p1077": 0.00011854561465901199
"p1078": 0.011653222088623193
"p1079": 0.0031518080087911916
"p1080": 0.001061265502661631
"p1081": 0
"p1082": 0.0016238867531861486
"p1083": 0.0004403122830191874
"p1084": 0.003400189296648169
"p1085": 0
"p1086": 0.003970337252865322
