"p1024": 0.0002973048748591094
"p1025": 0
"p1026": 0.0003180033155138575
"p1027": 8.091208619583357E-05
"p1028": 0.0005757929854866296
"p1029": 5.456861627160869E-05
"p1030": 0.0006567050716824633
"p1031": 0.0002935415220127916
"p1032": 0.0011628760295122127
"p1033": 5.645029269476761E-06
"p1034": 0.0029260068380121216
"p1035": 0.0007169187172235485
"p1036": 0.0022467216492517506
"p1037": 3.7633528463178407E-05
"p1038": 0.005795563383329477
"p1039": 0.0013642154067902167
"p1040": 5.645029269476761E-05
"p1041": 0
"p1042": 7.33853805031979E-05
"p1043": 0
"p1044": 0.00017875926020009743
"p1045": 1.1290058538953523E-05
"p1046": 0.00021262943581695803
"p1047": 2.8225146347383805E-05
"p1048": 0.00012419064392848875
"p1049": 0
"p1050": 0.0005118159870992264
"p1051": 2.2580117077907045E-05
"p1052": 0.00035563684397703593
"p1053": 1.1290058538953523E-05
"p1054": 0.0015410929905671556
"p1055": 0.0001298356731979655
"p1056": 0.001439482463716574
"p1057": 0
"p1058": 0.0007263270993393433
"p1059": 0.0007432621871477738
"p1060": 0.0020171571256263625
"p1061": 0.0004948808992907961
"p1062": 0.0015862532247229698
"p1063": 0.0022015614150959367
"p1064": 0.008384750141596148
"p1065": 0.0003142399626675397
"p1066": 0.007398751695860876
"p1067": 0.010864799667319607
"p1068": 1
"p1069": 0.0013867955238681241
"p1070": 0.013348612545889383
"p1071": 0.017104438686514588
"p1072": 0.000991643475004751
"p1073": 0
"p1074": 0.0004516023415581408
"p1075": 0.00020698440654748126
"p1076": 0.0022203781793275258
"p1077": 4.139688130949625E-05
"p1078": 0.0019080198930831451
"p1079": 0.0006679951302214167
"p1080": 0.0038706084024378996
"p1081": 5.645029269476761E-06
"p1082": 0.005417346422274532
"p1083": 0.003667387348736736
"p1084": 0.006804141946142659
"p1085": 3.0106822770542726E-05
"p1086": 0.013802096563870683
