"p1024": 3.387017561686057E-05
"p1025": 0.00019757602443168663
"p1026": 0.000212629435816958
"p1027": 0.0008825062424615337
"p1028": 0.00019757602443168663
"p1029": 0.001223089675053298
"p1030": 0.0008618078018067855
"p1031": 0.0017556041028072727
"p1032": 0.00021262943581695798
"p1033": 0.0008618078018067854
"p1034": 0.0012136812929375036
"p1035": 0.002760419312774136
"p1036": 0.0008825062424615337
"p1037": 0.0017556041028072727
"p1038": 0.0027604193127741365
"p1039": 0.0052235337506891626
"p1040": 3.951520488633733E-05
"p1041": 0.00022203781793275258
"p1042": 0.0007903040977267465
"p1043": 0.0019607068329315952
"p1044": 0.00020133937727800447
"p1045": 0.0009878801221584333
"p1046": 0.0018835580995820791
"p1047": 0.003110411127481695
"p1048": 0.00020698440654748124
"p1049": 0.000780895715610952
"p1050": 0.0035526050869240417
"p1051": 0.005974322643529573
"p1052": 0.0006284799253350794
"p1053": 0.0010725555612005847
"p1054": 0.00782965559676427
"p1055": 0.009336878411714565
"p1056": 0
"p1057": 6.39769983874033E-05
"p1058": 1.1290058538953523E-05
"p1059": 0.00015429746669903146
"p1060": 6.962202765688006E-05
"p1061": 0.0006849302180298469
"p1062": 0.0002427362585875007
"p1063": 0.0006021364554108545
"p1064": 8.467543904215141E-05
"p1065": 0.00040644210740232675
"p1066": 0.0002897781691664737
"p1067": 0.0009144947416552353
"p1068": 0.0006717584830677345
"p1069": 0.0013040017612491318
"p1070": 0.0015711998133376985
"p1071": 0.003454757912919778
"p1072": 0
"p1073": 3.7633528463178407E-06
"p1074": 0.00031988499193701646
"p1075": 0.0005249877220613387
"p1076": 0.00016558752523798497
"p1077": 0.0004365489301728696
"p1078": 0.0013886772002912832
"p1079": 0.002052908977666382
"p1080": 9.22021447347871E-05
"p1081": 0.00012607232035164766
"p1082": 0.0016558752523798499
"p1083": 0.001556146401952427
"p1084": 0.0005268693984844976
"p1085": 0.0003895070195938965
"p1086": 0.006267864165542364
