"p1024": 0.00016935087808430283
"p1025": 5.645029269476761E-06
"p1026": 0.00020133937727800447
"p1027": 0.00011666393823585305
"p1028": 0.0005663846033708351
"p1029": 4.8923587002131926E-05
"p1030": 0.0008411093611520376
"p1031": 0.0005419228098697691
"p1032": 1.8816764231589203E-05
"p1033": 0
"p1034": 1.3171734962112442E-05
"p1035": 9.408382115794602E-06
"p1036": 0.00039515204886337327
"p1037": 0
"p1038": 0.0002954231984359505
"p1039": 0.00020322105370116343
"p1040": 0.0006811668651835292
"p1041": 5.645029269476761E-06
"p1042": 0.0010386853855837241
"p1043": 0.00034246510901492347
"p1044": 0.001179811117320643
"p1045": 3.9515204886337324E-05
"p1046": 0.002436770967990802
"p1047": 0.000711273687954072
"p1048": 0.00023520955289486507
"p1049": 0
"p1050": 0.00023897290574118282
"p1051": 5.2686939848449775E-05
"p1052": 0.0014225473759081437
"p1053": 0
"p1054": 0.0013792688181754886
"p1055": 0.0003123582862443808
"p1056": 0.0019964586849716146
"p1057": 0.00013924405531376012
"p1058": 0.0007733690099183163
"p1059": 0.0022335499142896384
"p1060": 0.004150978189488579
"p1061": 0.0008843879188846927
"p1062": 0.0026061218460751052
"p1063": 0.006143673521613876
"p1064": 0.000903204683116282
"p1065": 0
"p1066": 0.0002483812878569775
"p1067": 0.0005005259285602729
"p1068": 0.0032421284771028203
"p1069": 5.645029269476761E-05
"p1070": 0.0010085785628131813
"p1071": 0.0021055959175148324
"p1072": 0.0032270750657175493
"p1073": 6.39769983874033E-05
"p1074": 0.0021055959175148324
"p1075": 0.0029034267209342144
"p1076": 0.005532128684087228
"p1077": 0.00032176666836017533
"p1078": 0.007696056570719987
"p1079": 0.006130501786651765
"p1080": 0.0026550454330772372
"p1081": 0
"p1082": 0.0010800822668932202
"p1083": 0.0016201234003398303
"p1084": 0.00707886670392386
"p1085": 0
"p1086": 0.003951520488633734
