"p1024": 0.0005193426927918621
"p1025": 3.9515204886337324E-05
"p1026": 0.0004045604309791679
"p1027": 0.00030671325697490405
"p1028": 0.0001731142309306207
"p1029": 0
"p1030": 2.0698440654748124E-05
"p1031": 1.1290058538953523E-05
"p1032": 0.0012644865563627944
"p1033": 1.8816764231589203E-05
"p1034": 0.0023803206752960344
"p1035": 0.0008260559497667662
"p1036": 0.0014677076100639576
"p1037": 3.7633528463178407E-06
"p1038": 0.0013604520539438989
"p1039": 0.0004666557529434122
"p1040": 3.7633528463178407E-05
"p1041": 0
"p1042": 3.198849919370165E-05
"p1043": 5.645029269476761E-06
"p1044": 7.5267056926356815E-06
"p1045": 0
"p1046": 0
"p1047": 0
"p1048": 6.021364554108545E-05
"p1049": 0
"p1050": 0.0002991865512822683
"p1051": 2.8225146347383808E-05
"p1052": 5.4568616271608685E-05
"p1053": 0
"p1054": 8.279376261899251E-05
"p1055": 0
"p1056": 0.0030332623941321793
"p1057": 0.0007470255399940912
"p1058": 0.0015994249596850822
"p1059": 0.002796171164814156
"p1060": 0.0006134265139498081
"p1061": 0
"p1062": 8.655711546531035E-05
"p1063": 6.021364554108545E-05
"p1064": 0.010763189140469026
"p1065": 0.001179811117320643
"p1066": 0.007959491269962236
"p1067": 0.013777634770369616
"p1068": 0.0073648815202440165
"p1069": 7.903040977267465E-05
"p1070": 0.003784051286972589
"p1071": 0.0052479955441902286
"p1072": 0.002355858881794968
"p1073": 3.3870175616860565E-05
"p1074": 0.001422547375908144
"p1075": 0.0010330403563142472
"p1076": 0.00039891540170969113
"p1077": 0
"p1078": 3.575185204001949E-05
"p1079": 3.0106822770542726E-05
"p1080": 0.004555538620467747
"p1081": 1.8816764231589203E-05
"p1082": 0.0059141089979884865
"p1083": 0.0043071573326107695
"p1084": 0.004659030823741486
"p1085": 3.7633528463178407E-06
"p1086": 0.0024442976736834374
