"p1024": 9.596549758110495E-05
"p1025": 0.0003725719317854663
"p1026": 0.00031047660982122185
"p1027": 0.0002916598455896326
"p1028": 0
"p1029": 0
"p1030": 1.1290058538953523E-05
"p1031": 5.645029269476761E-05
"p1032": 0.0012080362636680269
"p1033": 0.0008185292440741302
"p1034": 0.002743484224965706
"p1035": 0.001988931979278979
"p1036": 0.00021074775939379907
"p1037": 0.0001731142309306207
"p1038": 0.0013040017612491318
"p1039": 0.0011779294408974838
"p1040": 8.655711546531032E-05
"p1041": 0.00028977816916647367
"p1042": 0.0008185292440741303
"p1043": 0.0005889647204487421
"p1044": 0
"p1045": 0
"p1046": 4.516023415581409E-05
"p1047": 0.00017875926020009746
"p1048": 0.0008937963010004871
"p1049": 0.0005852013676024241
"p1050": 0.006107921669573856
"p1051": 0.0024744044964539807
"p1052": 7.338538050319788E-05
"p1053": 5.456861627160868E-05
"p1054": 0.004090764543947492
"p1055": 0.002306935294792836
"p1056": 0.00020698440654748124
"p1057": 0.001251314821400682
"p1058": 0.0007940674505730645
"p1059": 0.0013021200848259728
"p1060": 0
"p1061": 0
"p1062": 1.8816764231589203E-05
"p1063": 0.00012419064392848875
"p1064": 0.0030652508933258814
"p1065": 0.005093698077491197
"p1066": 0.007741216804875798
"p1067": 0.015145613530006156
"p1068": 0.0006999836294151185
"p1069": 0.001680337045880916
"p1070": 0.003268471947027045
"p1071": 0.006134265139498081
"p1072": 0.00026343469924224885
"p1073": 0.0010292770034679294
"p1074": 0.0022222598557506846
"p1075": 0.0025402631712645425
"p1076": 0
"p1077": 0
"p1078": 8.467543904215141E-05
"p1079": 0.000355636843977036
"p1080": 0.0023709122931802394
"p1081": 0.002722785784310958
"p1082": 0.017428087031297924
"p1083": 1
"p1084": 0.00046665575294341233
"p1085": 0.0006585867481056222
"p1086": 0.008905974510811172
