"p1024": 0.00048170916432868356
"p1025": 0.0005607395741013585
"p1026": 5.645029269476761E-05
"p1027": 0.00014488908458323683
"p1028": 3.198849919370165E-05
"p1029": 0.0001731142309306207
"p1030": 0
"p1031": 0
"p1032": 0.0017273789564598886
"p1033": 0.0012475514685543643
"p1034": 0.0009859984457352745
"p1035": 0.0003537551675538771
"p1036": 0.0012626048799396353
"p1037": 0.0015053411385271358
"p1038": 0.00033493840332228785
"p1039": 0.00010913723254321738
"p1040": 3.198849919370165E-05
"p1041": 3.7633528463178407E-05
"p1042": 0
"p1043": 5.645029269476761E-06
"p1044": 0
"p1045": 7.5267056926356815E-06
"p1046": 0
"p1047": 0
"p1048": 0.00014677076100639582
"p1049": 6.021364554108545E-05
"p1050": 0.00010161052685058169
"p1051": 2.8225146347383808E-05
"p1052": 6.585867481056221E-05
"p1053": 5.4568616271608685E-05
"p1054": 1.6935087808430286E-05
"p1055": 0
"p1056": 0.0017273789564598888
"p1057": 0.004196138423644392
"p1058": 0.00035751852040019486
"p1059": 0.001776302543462021
"p1060": 0.00014677076100639582
"p1061": 0.0006134265139498081
"p1062": 0
"p1063": 0
"p1064": 0.007176713877928124
"p1065": 0.013745646271175914
"p1066": 0.003227075065717548
"p1067": 0.008682055016455258
"p1068": 0.004220600217145458
"p1069": 0.008224807645627642
"p1070": 0.0011967462051290735
"p1071": 0.0021037142410916723
"p1072": 0.0012626048799396355
"p1073": 0.0028375680461236517
"p1074": 0.0002991865512822683
"p1075": 0.0004214955187875981
"p1076": 6.585867481056221E-05
"p1077": 0.00039891540170969113
"p1078": 0
"p1079": 0
"p1080": 0.004220600217145459
"p1081": 0.005780509971944203
"p1082": 0.0023577405582181276
"p1083": 0.0015523830491061094
"p1084": 0.0024311259387213248
"p1085": 0.005407938040158738
"p1086": 0.0005231060456381798
