"p1024": 0.0008900329481541692
"p1025": 0.0012870666734407015
"p1026": 0.00023520955289486504
"p1027": 0.0007921857741499054
"p1028": 5.8331969117926534E-05
"p1029": 0.00022768284720222937
"p1030": 0
"p1031": 0
"p1032": 0.0053270259539629035
"p1033": 1
"p1034": 0.004628924000970944
"p1035": 0.005313854219000791
"p1036": 0.002576015023304562
"p1037": 0.0033079871519133826
"p1038": 0.0017160888979209357
"p1039": 0.0008392276847288786
"p1040": 0.00019757602443168663
"p1041": 0.0001542974666990315
"p1042": 4.327855773265517E-05
"p1043": 2.2580117077907045E-05
"p1044": 1.1290058538953523E-05
"p1045": 4.516023415581409E-05
"p1046": 0
"p1047": 0
"p1048": 0.0009013230066931227
"p1049": 0.0003725719317854663
"p1050": 0.0008053575091120179
"p1051": 0.00012042729108217089
"p1052": 0.0008091208619583357
"p1053": 0.0005400411334466101
"p1054": 0.0003706902553623073
"p1055": 0
"p1056": 0.0005061709578297496
"p1057": 0.001298356731979655
"p1058": 0.00011478226181269415
"p1059": 0.0011628760295122127
"p1060": 1.3171734962112442E-05
"p1061": 6.774035123372114E-05
"p1062": 0
"p1063": 0
"p1064": 0.005588578976781994
"p1065": 0.01014788095009606
"p1066": 0.0038009863747810197
"p1067": 0.012294873748920389
"p1068": 0.0021770996215948707
"p1069": 0.004150978189488578
"p1070": 0.00118545614659012
"p1071": 0.0028394497225468114
"p1072": 0.001766894161346226
"p1073": 0.0024330076151444844
"p1074": 0.0004647740765202533
"p1075": 0.0006002547789876956
"p1076": 6.962202765688006E-05
"p1077": 0.0003180033155138576
"p1078": 0
"p1079": 0
"p1080": 0.008992531626276484
"p1081": 0.009493057554836756
"p1082": 0.007863525772381127
"p1083": 0.004051249339061156
"p1084": 0.0055415370662030205
"p1085": 0.006625382685942559
"p1086": 0.00306713256974904
