"p1087": 0.00023332787647170614
"p1088": 5.268693984844977E-05
"p1089": 0
"p1090": 0.0005475678391392456
"p1091": 0.00010537387969689952
"p1092": 0.0002295645236253882
"p1093": 0
"p1094": 0.0004346672537497104
"p1095": 0.00010349220327374062
"p1096": 0.00021262943581695806
"p1097": 5.645029269476761E-06
"p1098": 0.0031875598608312114
"p1099": 0.0006021364554108544
"p1100": 0.00029542319843595046
"p1101": 8.467543904215141E-05
"p1102": 0.0025421448476877027
"p1103": 0.0005739113090634708
"p1104": 0
"p1105": 0
"p1106": 0
"p1107": 0
"p1108": 0
"p1109": 0
"p1110": 0
"p1111": 0
"p1112": 0
"p1113": 0
"p1114": 0
"p1115": 0
"p1116": 0
"p1117": 0
"p1118": 0
"p1119": 0
"p1120": 0.00012419064392848875
"p1121": 0
"p1122": 0.0012513148214006822
"p1123": 8.279376261899248E-05
"p1124": 0.0004346672537497104
"p1125": 0
"p1126": 0.000989761798581592
"p1127": 7.714873334951573E-05
"p1128": 0.0012324980571690922
"p1129": 7.714873334951573E-05
"p1130": 0.008986886597007006
"p1131": 0.00616813531511494
"p1132": 0.001296475055556496
"p1133": 0.00041396881309496247
"p1134": 0.004553656944044589
"p1135": 0.00444451971150137
"p1136": 1.1290058538953523E-05
"p1137": 0
"p1138": 0.00022391949435591154
"p1139": 2.4461793501065966E-05
"p1140": 0.0001034922032737406
"p1141": 0
"p1142": 7.714873334951573E-05
"p1143": 9.408382115794602E-06
"p1144": 0.00030294990412858624
"p1145": 0
"p1146": 0.00236903061675708
"p1147": 0.000987880122158433
"p1148": 0.00018816764231589206
"p1149": 0
