"p1087": 0.00047606413505920677
"p1088": 0.00041396881309496247
"p1089": 0.00034246510901492336
"p1090": 0.0012249713514764571
"p1091": 0.0010518571205458366
"p1092": 0
"p1093": 5.268693984844977E-05
"p1094": 5.645029269476761E-06
"p1095": 3.198849919370165E-05
"p1096": 0.00020698440654748126
"p1097": 0.00017123255450746176
"p1098": 0.002077370771167448
"p1099": 0.0015241579027587254
"p1100": 0.00012795399677480656
"p1101": 0.00018440428946957428
"p1102": 0.0007282087757625021
"p1103": 0.0007093920115309128
"p1104": 0
"p1105": 0
"p1106": 0
"p1107": 0
"p1108": 0
"p1109": 0
"p1110": 0
"p1111": 0
"p1112": 0
"p1113": 0
"p1114": 0
"p1115": 0
"p1116": 0
"p1117": 0
"p1118": 0
"p1119": 0
"p1120": 0.000707510335107754
"p1121": 0.0016257684296093072
"p1122": 0.002115004299630626
"p1123": 0.004818973319709994
"p1124": 0
"p1125": 0.00010161052685058167
"p1126": 1.1290058538953523E-05
"p1127": 6.962202765688005E-05
"p1128": 0.0005080526342529084
"p1129": 0.0010932540018553324
"p1130": 0.00444451971150137
"p1131": 0.009605958140226288
"p1132": 0.00021639278866327584
"p1133": 0.0006209532196424438
"p1134": 0.00139432222956076
"p1135": 0.0024480610265297555
"p1136": 0.00011666393823585304
"p1137": 0.00016935087808430283
"p1138": 0.0005287510749076566
"p1139": 0.0007188003936467076
"p1140": 0
"p1141": 7.5267056926356815E-06
"p1142": 0
"p1143": 0
"p1144": 0.00015429746669903146
"p1145": 0.00034058343259176464
"p1146": 0.0011628760295122127
"p1147": 0.0022937635598307238
"p1148": 3.7633528463178407E-06
"p1149": 0.00011101890896637629
