"p1087": 0.0007808957156109518
"p1088": 9.032046831162817E-05
"p1089": 3.387017561686057E-05
"p1090": 0.00041020546024864466
"p1091": 0.0001749959073537796
"p1092": 3.7633528463178407E-06
"p1093": 0
"p1094": 0
"p1095": 0
"p1096": 5.456861627160869E-05
"p1097": 0
"p1098": 0.0003819803139012608
"p1099": 0.00011101890896637629
"p1100": 5.4568616271608685E-05
"p1101": 0
"p1102": 0.00010725555612005845
"p1103": 7.5267056926356815E-06
"p1104": 0.00030859493339806287
"p1105": 8.467543904215141E-05
"p1106": 0.002480049525723458
"p1107": 0.0006284799253350792
"p1108": 6.021364554108543E-05
"p1109": 0
"p1110": 4.139688130949624E-05
"p1111": 3.7633528463178407E-06
"p1112": 0.0001825226130464153
"p1113": 1.8816764231589204E-06
"p1114": 0.003757707817048365
"p1115": 0.0007658423042256804
"p1116": 0.00018440428946957428
"p1117": 3.7633528463178407E-06
"p1118": 0.0018967298345441924
"p1119": 0.00021262943581695803
"p1120": 0.0006567050716824634
"p1121": 0.00020698440654748124
"p1122": 0.0015542647255292685
"p1123": 0.0018779130703126027
"p1124": 3.7633528463178407E-05
"p1125": 0
"p1126": 1.8816764231589203E-05
"p1127": 3.7633528463178407E-06
"p1128": 0.0004421939594423463
"p1129": 2.0698440654748124E-05
"p1130": 0.0029862204835532057
"p1131": 0.0016577569288030087
"p1132": 0.0003405834325917646
"p1133": 1.1290058538953523E-05
"p1134": 0.0009728267107731617
"p1135": 0.0005532128684087226
"p1136": 0.0005889647204487421
"p1137": 0.0001731142309306207
"p1138": 0.0022975269126770414
"p1139": 0.0025101563484939996
"p1140": 6.0213645541085445E-05
"p1141": 0
"p1142": 4.7041910578973015E-05
"p1143": 3.7633528463178407E-06
"p1144": 0.0008561627725373086
"p1145": 4.516023415581409E-05
"p1146": 0.007662186395103125
"p1147": 0.0051896635750723
"p1148": 0.00030294990412858613
"p1149": 0
