"p1087": 0.00011666393823585304
"p1088": 3.951520488633733E-05
"p1089": 0.00014677076100639582
"p1090": 5.645029269476761E-06
"p1091": 6.209532196424438E-05
"p1092": 2.4461793501065963E-05
"p1093": 7.150370408003898E-05
"p1094": 5.645029269476761E-06
"p1095": 5.080526342529084E-05
"p1096": 1.6935087808430286E-05
"p1097": 0.00010161052685058169
"p1098": 0
"p1099": 0
"p1100": 0
"p1101": 2.8225146347383808E-05
"p1102": 0
"p1103": 5.645029269476761E-06
"p1104": 0.00024085458216434183
"p1105": 0.0005569762212550405
"p1106": 5.080526342529084E-05
"p1107": 0.0003180033155138575
"p1108": 0.00012607232035164766
"p1109": 0.00024273625858750077
"p1110": 3.010682277054273E-05
"p1111": 0.00022768284720222937
"p1112": 0.00016370584881482606
"p1113": 0.0006378883074508741
"p1114": 1.6935087808430282E-05
"p1115": 7.33853805031979E-05
"p1116": 2.2580117077907045E-05
"p1117": 0.0001580608195453493
"p1118": 0
"p1119": 3.7633528463178407E-05
"p1120": 0
"p1121": 0
"p1122": 0
"p1123": 0
"p1124": 0
"p1125": 0
"p1126": 0
"p1127": 0
"p1128": 0
"p1129": 0
"p1130": 0
"p1131": 0
"p1132": 0
"p1133": 0
"p1134": 0
"p1135": 0
"p1136": 0
"p1137": 0
"p1138": 0
"p1139": 0
"p1140": 0
"p1141": 0
"p1142": 0
"p1143": 0
"p1144": 0
"p1145": 0
"p1146": 0
"p1147": 0
"p1148": 0
"p1149": 0
