"p1087": 0.00011101890896637632
"p1088": 0
"p1089": 0
"p1090": 0
"p1091": 0
"p1092": 0
"p1093": 0
"p1094": 0
"p1095": 0
"p1096": 0
"p1097": 0
"p1098": 0
"p1099": 0
"p1100": 0
"p1101": 0
"p1102": 0
"p1103": 0
"p1104": 0
"p1105": 0
"p1106": 0
"p1107": 0
"p1108": 0
"p1109": 0
"p1110": 0
"p1111": 0
"p1112": 0
"p1113": 0
"p1114": 0
"p1115": 0
"p1116": 0
"p1117": 0
"p1118": 0
"p1119": 0
"p1120": 8.843879188846925E-05
"p1121": 2.8225146347383805E-05
"p1122": 3.3870175616860565E-05
"p1123": 3.010682277054273E-05
"p1124": 1.6935087808430282E-05
"p1125": 0
"p1126": 0
"p1127": 0
"p1128": 0.0016408218409945784
"p1129": 6.774035123372114E-05
"p1130": 0.000590846396871901
"p1131": 0.001298356731979655
"p1132": 8.467543904215141E-05
"p1133": 0
"p1134": 1.1290058538953523E-05
"p1135": 3.7633528463178407E-06
"p1136": 7.5267056926356815E-06
"p1137": 0
"p1138": 0
"p1139": 3.7633528463178407E-06
"p1140": 0
"p1141": 0
"p1142": 0
"p1143": 0
"p1144": 0.00013171734962112442
"p1145": 0
"p1146": 3.0106822770542726E-05
"p1147": 5.2686939848449775E-05
"p1148": 1.1290058538953523E-05
"p1149": 0
