"p1087": 0.0004647740765202534
"p1088": 0
"p1089": 1.6935087808430286E-05
"p1090": 0
"p1091": 0
"p1092": 0
"p1093": 1.1290058538953523E-05
"p1094": 0
"p1095": 5.645029269476761E-06
"p1096": 5.645029269476761E-05
"p1097": 0.00023144620004854718
"p1098": 5.645029269476761E-06
"p1099": 6.209532196424438E-05
"p1100": 2.4461793501065963E-05
"p1101": 8.843879188846925E-05
"p1102": 5.645029269476761E-06
"p1103": 5.080526342529084E-05
"p1104": 1.1290058538953523E-05
"p1105": 0.0002201561415095937
"p1106": 0
"p1107": 2.4461793501065966E-05
"p1108": 1.1290058538953523E-05
"p1109": 0.00013548070246744229
"p1110": 0
"p1111": 2.8225146347383805E-05
"p1112": 0.00039327037244021434
"p1113": 0.0011497042945501005
"p1114": 6.774035123372114E-05
"p1115": 0.00038762534317073754
"p1116": 0.0001373623788906012
"p1117": 0.00033870175616860566
"p1118": 3.010682277054273E-05
"p1119": 0.00023144620004854718
"p1120": 0
"p1121": 0
"p1122": 0
"p1123": 0
"p1124": 0
"p1125": 0
"p1126": 0
"p1127": 0
"p1128": 0
"p1129": 0
"p1130": 0
"p1131": 0
"p1132": 0
"p1133": 0
"p1134": 0
"p1135": 0
"p1136": 0
"p1137": 0
"p1138": 0
"p1139": 0
"p1140": 0
"p1141": 0
"p1142": 0
"p1143": 0
"p1144": 0
"p1145": 0
"p1146": 0
"p1147": 0
"p1148": 0
"p1149": 0
