"p1087": 0.0013604520539438993
"p1088": 0
"p1089": 0
"p1090": 3.0106822770542726E-05
"p1091": 3.7633528463178407E-06
"p1092": 5.268693984844977E-05
"p1093": 0
"p1094": 2.4461793501065963E-05
"p1095": 5.645029269476761E-06
"p1096": 6.58586748105622E-05
"p1097": 0
"p1098": 0.00039703372528653215
"p1099": 0.00010725555612005845
"p1100": 9.032046831162817E-05
"p1101": 3.387017561686057E-05
"p1102": 0.0004403122830191874
"p1103": 0.00017875926020009743
"p1104": 5.268693984844977E-05
"p1105": 0
"p1106": 0.0006698768066445752
"p1107": 0.00011478226181269412
"p1108": 0.0002483812878569774
"p1109": 0
"p1110": 0.0005475678391392456
"p1111": 0.00011101890896637629
"p1112": 0.00021262943581695806
"p1113": 5.645029269476761E-06
"p1114": 0.0037821696105494315
"p1115": 0.0007865407448804287
"p1116": 0.0003180033155138575
"p1117": 8.467543904215141E-05
"p1118": 0.0029034267209342166
"p1119": 0.0006679951302214166
"p1120": 4.892358700213193E-05
"p1121": 0
"p1122": 0.000284133139896997
"p1123": 1.6935087808430282E-05
"p1124": 0.00017499590735377957
"p1125": 0
"p1126": 0.00024085458216434183
"p1127": 2.0698440654748124E-05
"p1128": 0.0005927280732950601
"p1129": 3.198849919370165E-05
"p1130": 0.0030784226282879936
"p1131": 0.0019117832459294632
"p1132": 0.0006886935708761649
"p1133": 0.00020698440654748124
"p1134": 0.0017330239857293655
"p1135": 0.0019512984508158002
"p1136": 8.655711546531035E-05
"p1137": 0
"p1138": 0.0010386853855837237
"p1139": 7.714873334951572E-05
"p1140": 0.00029165984558963254
"p1141": 0
"p1142": 0.0006886935708761646
"p1143": 5.268693984844976E-05
"p1144": 0.0008505177432678318
"p1145": 4.516023415581409E-05
"p1146": 0.007144725378734421
"p1147": 0.004928110552253211
"p1148": 0.0006322432781813972
"p1149": 0.0001731142309306207
