"p1087": 0.00023709122931802394
"p1088": 0.00037257193178546626
"p1089": 0
"p1090": 0.0001825226130464153
"p1091": 0.00011854561465901196
"p1092": 0.00028977816916647367
"p1093": 6.0213645541085445E-05
"p1094": 0.00014112573173691905
"p1095": 0.00018064093662325642
"p1096": 0.001251314821400682
"p1097": 5.645029269476761E-06
"p1098": 0.001956943480085277
"p1099": 0.0008260559497667659
"p1100": 0.0010292770034679292
"p1101": 3.9515204886337324E-05
"p1102": 0.0014300740816007794
"p1103": 0.0008072391855351766
"p1104": 0
"p1105": 0
"p1106": 0
"p1107": 0
"p1108": 0
"p1109": 0
"p1110": 0
"p1111": 0
"p1112": 0
"p1113": 0
"p1114": 0
"p1115": 0
"p1116": 0
"p1117": 0
"p1118": 0
"p1119": 0
"p1120": 0.00081852924407413
"p1121": 0
"p1122": 0.00038950701959389637
"p1123": 0.00020133937727800444
"p1124": 0.000585201367602424
"p1125": 0.0001448890845832369
"p1126": 0.0002916598455896326
"p1127": 0.0002803697870506792
"p1128": 0.005093698077491196
"p1129": 8.843879188846926E-05
"p1130": 0.004152859865911739
"p1131": 0.007191767289313392
"p1132": 0.002722785784310957
"p1133": 0.00042337719521075724
"p1134": 0.0020190388020495218
"p1135": 0.004826500025402632
"p1136": 0.00017311423093062066
"p1137": 0
"p1138": 5.080526342529084E-05
"p1139": 3.575185204001949E-05
"p1140": 5.456861627160868E-05
"p1141": 1.5053411385271363E-05
"p1142": 1.6935087808430282E-05
"p1143": 0.00010349220327374059
"p1144": 0.0016803370458809154
"p1145": 1.3171734962112444E-05
"p1146": 0.0006962202765688005
"p1147": 0.0012607232035164763
"p1148": 0.0006585867481056221
"p1149": 4.516023415581409E-05
