"p1087": 0.0002784881106275202
"p1088": 0.00014112573173691905
"p1089": 3.7633528463178407E-05
"p1090": 0.0002709614049348845
"p1091": 0.00027284308135804345
"p1092": 1.1290058538953523E-05
"p1093": 0
"p1094": 1.1290058538953523E-05
"p1095": 0
"p1096": 0.0002051027301243223
"p1097": 7.5267056926356815E-06
"p1098": 0.0014658259336407988
"p1099": 0.0006679951302214168
"p1100": 2.8225146347383805E-05
"p1101": 0
"p1102": 0.00015241579027587253
"p1103": 0
"p1104": 0
"p1105": 0
"p1106": 0
"p1107": 0
"p1108": 0
"p1109": 0
"p1110": 0
"p1111": 0
"p1112": 0
"p1113": 0
"p1114": 0
"p1115": 0
"p1116": 0
"p1117": 0
"p1118": 0
"p1119": 0
"p1120": 3.7633528463178407E-05
"p1121": 7.5267056926356815E-06
"p1122": 6.021364554108545E-05
"p1123": 5.4568616271608685E-05
"p1124": 0
"p1125": 0
"p1126": 0
"p1127": 0
"p1128": 2.0698440654748124E-05
"p1129": 0
"p1130": 0.0001373623788906012
"p1131": 4.139688130949625E-05
"p1132": 1.8816764231589204E-06
"p1133": 0
"p1134": 9.408382115794602E-06
"p1135": 0
"p1136": 0
"p1137": 0
"p1138": 0
"p1139": 0
"p1140": 0
"p1141": 0
"p1142": 0
"p1143": 0
"p1144": 1.1290058538953523E-05
"p1145": 0
"p1146": 0.00016182417239166716
"p1147": 4.139688130949625E-05
"p1148": 3.7633528463178407E-06
"p1149": 0
