"p1087": 0.0005400411334466102
"p1088": 0.0003104766098212219
"p1089": 0.0007319721286088198
"p1090": 0.0019550618036621183
"p1091": 0.003673032378006213
"p1092": 0.00036880857893914845
"p1093": 0.0008053575091120178
"p1094": 0.0012569598506701586
"p1095": 0.0023313970882939024
"p1096": 6.962202765688005E-05
"p1097": 0.00015241579027587258
"p1098": 0.0013830321710218065
"p1099": 0.002989983836399525
"p1100": 2.8225146347383805E-05
"p1101": 0.00022015614150959375
"p1102": 0.00035751852040019486
"p1103": 0.0008335826554594016
"p1104": 4.327855773265517E-05
"p1105": 3.9515204886337324E-05
"p1106": 0.00045724737082761767
"p1107": 0.00022956452362538825
"p1108": 9.972885042742274E-05
"p1109": 7.338538050319787E-05
"p1110": 0.0002653163756654078
"p1111": 0.0001392440553137601
"p1112": 0
"p1113": 0
"p1114": 0.00018628596589273313
"p1115": 7.33853805031979E-05
"p1116": 0
"p1117": 3.3870175616860565E-05
"p1118": 0.00013548070246744223
"p1119": 0.0001637058488148261
"p1120": 0.00018252261304641524
"p1121": 0.00045724737082761767
"p1122": 0.0006868118944530059
"p1123": 0.0020340922134347928
"p1124": 0.00036692690251598946
"p1125": 0.0009126130652320765
"p1126": 0.0007188003936467077
"p1127": 0.0022843551777149296
"p1128": 1.8816764231589203E-05
"p1129": 2.2580117077907045E-05
"p1130": 0.0003067132569749041
"p1131": 0.0008166475676509714
"p1132": 3.7633528463178407E-05
"p1133": 8.843879188846925E-05
"p1134": 0.0001298356731979655
"p1135": 0.0003706902553623073
"p1136": 0.00020886608297064017
"p1137": 0.00031800331551385763
"p1138": 0.001584371548299811
"p1139": 0.0020660807126284945
"p1140": 0.000282251463473838
"p1141": 0.0003292933740528111
"p1142": 0.0011835744701669609
"p1143": 0.0012927117027101784
"p1144": 3.7633528463178407E-05
"p1145": 5.080526342529084E-05
"p1146": 0.0008843879188846926
"p1147": 0.0014225473759081437
"p1148": 4.516023415581409E-05
"p1149": 0.000141125731736919
