"p1087": 0.0018045276898094047
"p1088": 0
"p1089": 0
"p1090": 0
"p1091": 0
"p1092": 0
"p1093": 0
"p1094": 0
"p1095": 0
"p1096": 0
"p1097": 0
"p1098": 0
"p1099": 0
"p1100": 0
"p1101": 0
"p1102": 0
"p1103": 0
"p1104": 0
"p1105": 0
"p1106": 0
"p1107": 0
"p1108": 0
"p1109": 0
"p1110": 0
"p1111": 0
"p1112": 0
"p1113": 0
"p1114": 0
"p1115": 0
"p1116": 0
"p1117": 0
"p1118": 0
"p1119": 0
"p1120": 1.1290058538953523E-05
"p1121": 4.516023415581409E-05
"p1122": 1.8816764231589203E-05
"p1123": 8.467543904215141E-05
"p1124": 0
"p1125": 0
"p1126": 0
"p1127": 0
"p1128": 9.408382115794602E-06
"p1129": 3.198849919370165E-05
"p1130": 5.645029269476761E-05
"p1131": 0.0003161216390906986
"p1132": 0
"p1133": 5.645029269476761E-06
"p1134": 0
"p1135": 2.8225146347383808E-05
"p1136": 5.645029269476761E-05
"p1137": 0.00017875926020009743
"p1138": 0.00012419064392848875
"p1139": 0.000355636843977036
"p1140": 0
"p1141": 1.1290058538953523E-05
"p1142": 0
"p1143": 1.1290058538953523E-05
"p1144": 7.33853805031979E-05
"p1145": 0.00021262943581695803
"p1146": 0.0005118159870992264
"p1147": 0.0015410929905671556
"p1148": 0
"p1149": 2.8225146347383805E-05
