"p1087": 0.0006209532196424437
"p1088": 1.6935087808430286E-05
"p1089": 0
"p1090": 0
"p1091": 0
"p1092": 1.1290058538953523E-05
"p1093": 0
"p1094": 0
"p1095": 5.645029269476761E-06
"p1096": 0.0001919309951622099
"p1097": 0
"p1098": 4.516023415581409E-05
"p1099": 0.00011854561465901199
"p1100": 7.526705692635681E-05
"p1101": 1.1290058538953523E-05
"p1102": 1.3171734962112442E-05
"p1103": 6.962202765688006E-05
"p1104": 0.00016370584881482606
"p1105": 0
"p1106": 6.774035123372113E-05
"p1107": 2.4461793501065966E-05
"p1108": 8.467543904215141E-05
"p1109": 2.8225146347383805E-05
"p1110": 3.3870175616860565E-05
"p1111": 2.8225146347383805E-05
"p1112": 0.0009276664766173478
"p1113": 1.1290058538953523E-05
"p1114": 0.00032553002120649325
"p1115": 0.000733853805031979
"p1116": 0.0002954231984359505
"p1117": 4.516023415581409E-05
"p1118": 7.903040977267465E-05
"p1119": 0.0003180033155138576
"p1120": 0
"p1121": 0
"p1122": 0
"p1123": 0
"p1124": 0
"p1125": 0
"p1126": 0
"p1127": 0
"p1128": 0
"p1129": 0
"p1130": 0
"p1131": 0
"p1132": 0
"p1133": 0
"p1134": 0
"p1135": 0
"p1136": 0
"p1137": 0
"p1138": 0
"p1139": 0
"p1140": 0
"p1141": 0
"p1142": 0
"p1143": 0
"p1144": 0
"p1145": 0
"p1146": 0
"p1147": 0
"p1148": 0
"p1149": 0
