"p1087": 0.0003462284618612414
"p1088": 0
"p1089": 0
"p1090": 0
"p1091": 0
"p1092": 0
"p1093": 0
"p1094": 0
"p1095": 0
"p1096": 0
"p1097": 0
"p1098": 0
"p1099": 0
"p1100": 0
"p1101": 0
"p1102": 0
"p1103": 0
"p1104": 0
"p1105": 0
"p1106": 0
"p1107": 0
"p1108": 0
"p1109": 0
"p1110": 0
"p1111": 0
"p1112": 0
"p1113": 0
"p1114": 0
"p1115": 0
"p1116": 0
"p1117": 0
"p1118": 0
"p1119": 0
"p1120": 0.00012419064392848875
"p1121": 0
"p1122": 2.82251463473838E-05
"p1123": 0.00010161052685058171
"p1124": 5.8331969117926534E-05
"p1125": 1.1290058538953523E-05
"p1126": 1.3171734962112442E-05
"p1127": 6.962202765688006E-05
"p1128": 8.467543904215143E-05
"p1129": 0
"p1130": 1.6935087808430286E-05
"p1131": 1.6935087808430286E-05
"p1132": 2.8225146347383808E-05
"p1133": 0
"p1134": 0
"p1135": 5.645029269476761E-06
"p1136": 0.0004760641350592069
"p1137": 1.1290058538953523E-05
"p1138": 0.00015617914312219037
"p1139": 0.0005231060456381799
"p1140": 0.0001938126715853688
"p1141": 5.080526342529086E-05
"p1142": 6.774035123372114E-05
"p1143": 0.00031423996266753977
"p1144": 0.0005306327513308156
"p1145": 0
"p1146": 0.00014677076100639576
"p1147": 0.00021451111224011693
"p1148": 0.0001580608195453493
"p1149": 0
