"p1087": 0.00013736237889060116
"p1088": 0.001558028078375586
"p1089": 0.0026456370509614427
"p1090": 0.0005287510749076567
"p1091": 0.0018722680410431264
"p1092": 0.00099352515142791
"p1093": 0.0013962039059839187
"p1094": 0.00046477407652025334
"p1095": 0.001644585193840896
"p1096": 0.0011572310002427363
"p1097": 0.002585423405420357
"p1098": 0.00025026296428013644
"p1099": 0.0006303616017582385
"p1100": 0.00030671325697490405
"p1101": 0.0008166475676509714
"p1102": 4.8923587002131926E-05
"p1103": 0.0002502629642801365
"p1104": 0.0003161216390906986
"p1105": 0.0001956943480085277
"p1106": 0.00016935087808430283
"p1107": 6.774035123372113E-05
"p1108": 0.00018816764231589203
"p1109": 9.784717400426385E-05
"p1110": 0.00010725555612005845
"p1111": 8.091208619583358E-05
"p1112": 0.00013548070246744226
"p1113": 7.33853805031979E-05
"p1114": 5.080526342529086E-05
"p1115": 0
"p1116": 0.00013548070246744223
"p1117": 0.0001637058488148261
"p1118": 0
"p1119": 3.3870175616860565E-05
"p1120": 0.0005720296326403118
"p1121": 0.001392440553137601
"p1122": 0.0002766064342043613
"p1123": 0.0012343797335922517
"p1124": 0.0006811668651835292
"p1125": 0.0013999672588302365
"p1126": 0.00032929337405281106
"p1127": 0.00174243236784516
"p1128": 0.0002577896699727721
"p1129": 0.0006698768066445757
"p1130": 7.714873334951574E-05
"p1131": 0.00023897290574118293
"p1132": 0.00013548070246744229
"p1133": 0.0003424651090149235
"p1134": 1.1290058538953523E-05
"p1135": 9.408382115794602E-05
"p1136": 0.0011967462051290733
"p1137": 0.001791355954847292
"p1138": 0.0005400411334466101
"p1139": 0.0007075103351077541
"p1140": 0.0008523994196909909
"p1141": 0.0010349220327374063
"p1142": 0.0005927280732950598
"p1143": 0.0005626212505245172
"p1144": 0.0007150370408003897
"p1145": 0.0013660970832133762
"p1146": 0.0002145111122401169
"p1147": 0.0001467707610063958
"p1148": 0.0002427362585875007
"p1149": 0.0006040181318340135
