"p1087": 0.0004327855773265517
"p1088": 0.00022768284720222937
"p1089": 4.516023415581409E-05
"p1090": 6.774035123372114E-05
"p1091": 0.0003180033155138576
"p1092": 1.1290058538953523E-05
"p1093": 5.645029269476761E-06
"p1094": 0
"p1095": 0
"p1096": 0.001136532559587988
"p1097": 1.1290058538953523E-05
"p1098": 0.00035375516755387705
"p1099": 0.000829819302613084
"p1100": 0.0001298356731979655
"p1101": 0
"p1102": 2.2580117077907045E-05
"p1103": 3.198849919370165E-05
"p1104": 0
"p1105": 0
"p1106": 0
"p1107": 0
"p1108": 0
"p1109": 0
"p1110": 0
"p1111": 0
"p1112": 0
"p1113": 0
"p1114": 0
"p1115": 0
"p1116": 0
"p1117": 0
"p1118": 0
"p1119": 0
"p1120": 5.8331969117926534E-05
"p1121": 1.1290058538953523E-05
"p1122": 1.3171734962112442E-05
"p1123": 6.962202765688006E-05
"p1124": 0
"p1125": 0
"p1126": 0
"p1127": 0
"p1128": 0.00011101890896637632
"p1129": 0
"p1130": 3.198849919370165E-05
"p1131": 6.585867481056221E-05
"p1132": 9.408382115794602E-06
"p1133": 0
"p1134": 0
"p1135": 1.8816764231589204E-06
"p1136": 0
"p1137": 0
"p1138": 0
"p1139": 0
"p1140": 0
"p1141": 0
"p1142": 0
"p1143": 0
"p1144": 0.00013171734962112442
"p1145": 0
"p1146": 3.0106822770542726E-05
"p1147": 5.2686939848449775E-05
"p1148": 1.8816764231589203E-05
"p1149": 0
