"p1087": 0.00022015614150959367
"p1088": 0.0008712161839225799
"p1089": 3.9515204886337324E-05
"p1090": 0.001326581878327039
"p1091": 0.000794067450573064
"p1092": 3.198849919370165E-05
"p1093": 2.4461793501065963E-05
"p1094": 1.8816764231589204E-06
"p1095": 3.7633528463178407E-06
"p1096": 0.0013867955238681244
"p1097": 1.8816764231589204E-06
"p1098": 0.001979523597163184
"p1099": 0.000820410920497289
"p1100": 0.0006962202765688004
"p1101": 3.7633528463178407E-06
"p1102": 0.0006774035123372113
"p1103": 0.0002991865512822684
"p1104": 0
"p1105": 0
"p1106": 0
"p1107": 0
"p1108": 0
"p1109": 0
"p1110": 0
"p1111": 0
"p1112": 0
"p1113": 0
"p1114": 0
"p1115": 0
"p1116": 0
"p1117": 0
"p1118": 0
"p1119": 0
"p1120": 0.0022937635598307233
"p1121": 0.00042337719521075724
"p1122": 0.0018271078068873114
"p1123": 0.004800156555478407
"p1124": 6.962202765688005E-05
"p1125": 4.139688130949624E-05
"p1126": 3.7633528463178407E-06
"p1127": 7.5267056926356815E-06
"p1128": 0.00547003336212298
"p1129": 7.33853805031979E-05
"p1130": 0.003979745634981117
"p1131": 0.007408160077976669
"p1132": 0.0017386690149988424
"p1133": 1.5053411385271363E-05
"p1134": 0.0012381430864385696
"p1135": 0.0012513148214006817
"p1136": 0.0005231060456381798
"p1137": 4.516023415581409E-05
"p1138": 0.0003180033155138575
"p1139": 0.0005249877220613389
"p1140": 0
"p1141": 7.5267056926356815E-06
"p1142": 0
"p1143": 0
"p1144": 0.001674692016611439
"p1145": 1.3171734962112444E-05
"p1146": 0.0006755218359140524
"p1147": 0.001268249909209112
"p1148": 0.0005833196911792654
"p1149": 0
