"p1087": 0.0006228348960656026
"p1088": 5.833196911792653E-05
"p1089": 0.00018064093662325636
"p1090": 0.00026907972851172564
"p1091": 0.0006774035123372113
"p1092": 5.645029269476761E-05
"p1093": 0.00018440428946957422
"p1094": 0.00012419064392848875
"p1095": 0.0003217666683601754
"p1096": 9.408382115794602E-06
"p1097": 3.198849919370165E-05
"p1098": 0.0001749959073537796
"p1099": 0.0006661134537982578
"p1100": 0
"p1101": 3.3870175616860565E-05
"p1102": 2.2580117077907045E-05
"p1103": 0.0001580608195453493
"p1104": 0
"p1105": 0
"p1106": 0
"p1107": 0
"p1108": 0
"p1109": 0
"p1110": 0
"p1111": 0
"p1112": 0
"p1113": 0
"p1114": 0
"p1115": 0
"p1116": 0
"p1117": 0
"p1118": 0
"p1119": 0
"p1120": 5.645029269476761E-06
"p1121": 2.0698440654748124E-05
"p1122": 2.0698440654748124E-05
"p1123": 9.596549758110495E-05
"p1124": 1.1290058538953523E-05
"p1125": 4.516023415581409E-05
"p1126": 1.8816764231589203E-05
"p1127": 8.467543904215141E-05
"p1128": 0
"p1129": 0
"p1130": 5.645029269476761E-06
"p1131": 3.3870175616860565E-05
"p1132": 0
"p1133": 1.8816764231589204E-06
"p1134": 0
"p1135": 9.408382115794602E-06
"p1136": 3.7633528463178407E-06
"p1137": 1.1290058538953523E-05
"p1138": 1.8816764231589203E-05
"p1139": 6.774035123372114E-05
"p1140": 0
"p1141": 0
"p1142": 0
"p1143": 0
"p1144": 0
"p1145": 0
"p1146": 1.1290058538953523E-05
"p1147": 6.774035123372113E-05
"p1148": 0
"p1149": 3.7633528463178407E-06
