"p1087": 0.0005795563383329473
"p1088": 2.0698440654748124E-05
"p1089": 1.3171734962112444E-05
"p1090": 1.8816764231589204E-06
"p1091": 4.704191057897301E-05
"p1092": 0
"p1093": 0
"p1094": 0
"p1095": 0
"p1096": 0.0004929992228676371
"p1097": 1.6935087808430282E-05
"p1098": 0.00036316354966967166
"p1099": 0.0004628924000970944
"p1100": 7.338538050319788E-05
"p1101": 0
"p1102": 1.8816764231589204E-06
"p1103": 3.7633528463178407E-06
"p1104": 0.00030859493339806287
"p1105": 6.0213645541085445E-05
"p1106": 0.00018252261304641532
"p1107": 0.00018440428946957428
"p1108": 8.467543904215141E-05
"p1109": 0
"p1110": 1.8816764231589204E-06
"p1111": 3.7633528463178407E-06
"p1112": 0.0024800495257234576
"p1113": 4.139688130949624E-05
"p1114": 0.0037577078170483646
"p1115": 0.0018967298345441922
"p1116": 0.0006284799253350793
"p1117": 3.7633528463178407E-06
"p1118": 0.0007658423042256806
"p1119": 0.00021262943581695795
"p1120": 0.00015053411385271363
"p1121": 6.209532196424438E-05
"p1122": 5.268693984844976E-05
"p1123": 0.00012042729108217089
"p1124": 1.1290058538953523E-05
"p1125": 0
"p1126": 0
"p1127": 0
"p1128": 0.003300460446220746
"p1129": 0.00027660643420436126
"p1130": 0.001559909754798745
"p1131": 0.004576237061122494
"p1132": 0.0005946097497182189
"p1133": 1.5053411385271363E-05
"p1134": 0.00019569434800852776
"p1135": 0.0003368200797454468
"p1136": 0.00035940019682335374
"p1137": 8.467543904215141E-05
"p1138": 0.00021262943581695808
"p1139": 0.00021262943581695806
"p1140": 0.00010725555612005845
"p1141": 0
"p1142": 3.7633528463178407E-06
"p1143": 7.5267056926356815E-06
"p1144": 0.0060796965232264725
"p1145": 0.00025026296428013644
"p1146": 0.004555538620467745
"p1147": 0.008638776458722606
"p1148": 0.0010405670620068828
"p1149": 0
