"p1087": 9.408382115794602E-06
"p1088": 0.0001825226130464153
"p1089": 0
"p1090": 0.00020886608297064017
"p1091": 1.8816764231589203E-05
"p1092": 0
"p1093": 0
"p1094": 1.1290058538953523E-05
"p1095": 0
"p1096": 0.0009765900636194795
"p1097": 0.0002013393772780045
"p1098": 0.003981627311404275
"p1099": 0.0029260068380121216
"p1100": 0.00023709122931802397
"p1101": 1.1290058538953523E-05
"p1102": 0.0006886935708761649
"p1103": 0.00038762534317073754
"p1104": 0.0003217666683601753
"p1105": 0
"p1106": 0.000750788892840409
"p1107": 6.585867481056221E-05
"p1108": 0
"p1109": 0
"p1110": 0.00013924405531376012
"p1111": 7.5267056926356815E-06
"p1112": 0.0015166311970660896
"p1113": 0.0002295645236253883
"p1114": 0.01141989421215149
"p1115": 0.007628316219486263
"p1116": 0.0001768775837769385
"p1117": 0
"p1118": 0.00221473315005805
"p1119": 0.0007997124798425411
"p1120": 1.3171734962112444E-05
"p1121": 0
"p1122": 3.198849919370164E-05
"p1123": 3.7633528463178407E-06
"p1124": 0
"p1125": 0
"p1126": 0
"p1127": 0
"p1128": 0.00014300740816007796
"p1129": 3.198849919370165E-05
"p1130": 0.0007112736879540719
"p1131": 0.0006529417188361452
"p1132": 3.7633528463178407E-05
"p1133": 0
"p1134": 0.00014112573173691902
"p1135": 8.279376261899251E-05
"p1136": 0.00013171734962112442
"p1137": 0
"p1138": 0.0002333278764717062
"p1139": 9.972885042742278E-05
"p1140": 0
"p1141": 0
"p1142": 3.0106822770542726E-05
"p1143": 3.7633528463178407E-06
"p1144": 0.0002916598455896327
"p1145": 3.575185204001949E-05
"p1146": 0.0043617259488823775
"p1147": 0.000970945034350003
"p1148": 0.00011101890896637629
"p1149": 3.7633528463178407E-06
