"p1087": 0.0002201561415095937
"p1088": 0.0002051027301243223
"p1089": 0.000545686162716087
"p1090": 0.0009069680359625996
"p1091": 0.0021846263272875064
"p1092": 0.00029354152201279153
"p1093": 0.0007733690099183163
"p1094": 0.000707510335107754
"p1095": 0.0018590963060810136
"p1096": 3.010682277054273E-05
"p1097": 5.645029269476761E-05
"p1098": 0.000425258871633916
"p1099": 0.0010932540018553328
"p1100": 3.198849919370165E-05
"p1101": 0.00014488908458323683
"p1102": 0.00010537387969689954
"p1103": 0.0003236483447833343
"p1104": 0.0003424651090149235
"p1105": 0.000773369009918316
"p1106": 0.0026023584932287863
"p1107": 0.004325974096842359
"p1108": 0.0004723007822128889
"p1109": 0.0009013230066931227
"p1110": 0.0016069516653777177
"p1111": 0.002632465315999329
"p1112": 6.962202765688005E-05
"p1113": 0.00015617914312219042
"p1114": 0.0017349056621525243
"p1115": 0.0034284144429955537
"p1116": 3.3870175616860565E-05
"p1117": 0.0002446179350106597
"p1118": 0.0005739113090634708
"p1119": 0.001170402735204848
"p1120": 4.139688130949625E-05
"p1121": 5.645029269476761E-05
"p1122": 0.00016935087808430286
"p1123": 0.0004403122830191874
"p1124": 6.0213645541085445E-05
"p1125": 0.00015617914312219042
"p1126": 0.00013548070246744229
"p1127": 0.000472300782212889
"p1128": 0
"p1129": 0
"p1130": 5.645029269476761E-05
"p1131": 0.00012419064392848873
"p1132": 1.8816764231589204E-06
"p1133": 1.3171734962112444E-05
"p1134": 1.8816764231589203E-05
"p1135": 7.33853805031979E-05
"p1136": 0.00015617914312219037
"p1137": 0.00014488908458323683
"p1138": 0.0009878801221584331
"p1139": 0.0009333115058868245
"p1140": 0.00028225146347383805
"p1141": 0.00024461793501065964
"p1142": 0.000946483240848937
"p1143": 0.0009257848001941887
"p1144": 2.6343469924224887E-05
"p1145": 1.3171734962112444E-05
"p1146": 0.000543804486292928
"p1147": 0.000634124954604556
"p1148": 4.327855773265517E-05
"p1149": 8.091208619583358E-05
