"p1087": 0.0005080526342529084
"p1088": 0
"p1089": 0
"p1090": 0
"p1091": 0
"p1092": 0
"p1093": 0
"p1094": 0
"p1095": 0
"p1096": 0
"p1097": 0
"p1098": 0
"p1099": 0
"p1100": 0
"p1101": 0
"p1102": 0
"p1103": 0
"p1104": 0
"p1105": 0
"p1106": 0
"p1107": 0
"p1108": 0
"p1109": 0
"p1110": 0
"p1111": 0
"p1112": 0
"p1113": 0
"p1114": 0
"p1115": 0
"p1116": 0
"p1117": 0
"p1118": 0
"p1119": 0
"p1120": 0.00016935087808430283
"p1121": 0
"p1122": 6.774035123372113E-05
"p1123": 2.4461793501065966E-05
"p1124": 8.843879188846925E-05
"p1125": 2.8225146347383805E-05
"p1126": 3.3870175616860565E-05
"p1127": 3.010682277054273E-05
"p1128": 0.0010217502977752937
"p1129": 1.1290058538953523E-05
"p1130": 0.0003518734911307181
"p1131": 0.0007997124798425411
"p1132": 0.0003594001968233538
"p1133": 5.6450292694767617E-05
"p1134": 9.220214473478709E-05
"p1135": 0.00038762534317073765
"p1136": 1.1290058538953523E-05
"p1137": 0
"p1138": 0
"p1139": 0
"p1140": 7.5267056926356815E-06
"p1141": 0
"p1142": 0
"p1143": 3.7633528463178407E-06
"p1144": 9.784717400426385E-05
"p1145": 0
"p1146": 1.8816764231589203E-05
"p1147": 5.2686939848449775E-05
"p1148": 1.1290058538953523E-05
"p1149": 0
