"p1087": 0.0015335662848745201
"p1088": 2.8225146347383805E-05
"p1089": 0
"p1090": 1.8816764231589204E-06
"p1091": 3.7633528463178407E-06
"p1092": 2.0698440654748124E-05
"p1093": 1.3171734962112444E-05
"p1094": 1.8816764231589204E-06
"p1095": 4.704191057897301E-05
"p1096": 0.00025778966997277205
"p1097": 0
"p1098": 0.0001561791431221904
"p1099": 0.00018440428946957417
"p1100": 0.00026907972851172564
"p1101": 1.6935087808430282E-05
"p1102": 0.0002069844065474812
"p1103": 0.00027848811062752024
"p1104": 0.0004421939594423462
"p1105": 0
"p1106": 0.00023520955289486504
"p1107": 0.00012795399677480656
"p1108": 0.0003537551675538769
"p1109": 6.0213645541085445E-05
"p1110": 0.00018252261304641532
"p1111": 0.00018440428946957428
"p1112": 0.0013924405531376008
"p1113": 5.645029269476761E-06
"p1114": 0.0024104274980665777
"p1115": 0.00101046023923634
"p1116": 0.0011195974717795576
"p1117": 3.9515204886337324E-05
"p1118": 0.001614478371070354
"p1119": 0.0008636894782299441
"p1120": 0.00020886608297064017
"p1121": 0
"p1122": 5.833196911792653E-05
"p1123": 6.585867481056221E-05
"p1124": 0.00015053411385271363
"p1125": 6.209532196424438E-05
"p1126": 5.268693984844976E-05
"p1127": 0.00012042729108217089
"p1128": 0.0021865080037106652
"p1129": 4.327855773265516E-05
"p1130": 0.0010123419156594991
"p1131": 0.0024894579078392517
"p1132": 0.0012757766149017477
"p1133": 0.00024838128785697745
"p1134": 0.0006322432781813973
"p1135": 0.0022448399728285918
"p1136": 0.0006849302180298468
"p1137": 0
"p1138": 0.00032741169762965207
"p1139": 0.00015806081954534932
"p1140": 0.0004045604309791678
"p1141": 8.467543904215141E-05
"p1142": 0.00021262943581695808
"p1143": 0.00021262943581695806
"p1144": 0.004124634719564354
"p1145": 5.8331969117926534E-05
"p1146": 0.0031405179502522382
"p1147": 0.005552827124741974
"p1148": 0.0016841003987272335
"p1149": 0.0001919309951622099
