"p1087": 0.0003782169610549431
"p1088": 0.00022203781793275258
"p1089": 0.00019569434800852776
"p1090": 0.00011478226181269414
"p1091": 0.0002464996114338186
"p1092": 0
"p1093": 3.7633528463178407E-06
"p1094": 0
"p1095": 0
"p1096": 0.0002107477593937991
"p1097": 0.0002521446407032953
"p1098": 7.150370408003898E-05
"p1099": 0.00016558752523798497
"p1100": 7.150370408003898E-05
"p1101": 9.220214473478709E-05
"p1102": 3.7633528463178407E-06
"p1103": 4.516023415581409E-05
"p1104": 0.0009991701806973865
"p1105": 0.0008147658912278125
"p1106": 0.0007037469822614361
"p1107": 0.000656705071682463
"p1108": 5.645029269476761E-06
"p1109": 6.397699838740328E-05
"p1110": 0
"p1111": 0
"p1112": 0.0017273789564598888
"p1113": 0.0014733526393334348
"p1114": 0.0008429910375751964
"p1115": 0.00044407563586550537
"p1116": 0.0007997124798425411
"p1117": 0.0008317009790362424
"p1118": 0.0002502629642801364
"p1119": 0.00021074775939379913
"p1120": 0.000780895715610952
"p1121": 0.0014771159921797526
"p1122": 0.00025967134639593104
"p1123": 0.0017217339271904122
"p1124": 5.645029269476761E-06
"p1125": 3.7633528463178407E-05
"p1126": 0
"p1127": 0
"p1128": 0.001106425736817445
"p1129": 0.002749129254235182
"p1130": 0.00025402631712645424
"p1131": 0.0015222762263355667
"p1132": 0.00036316354966967166
"p1133": 0.000822292596920448
"p1134": 6.585867481056221E-05
"p1135": 0.00033117505047597
"p1136": 0.0010951356782784914
"p1137": 0.0017349056621525241
"p1138": 0.0004986442521371139
"p1139": 0.001716088897920935
"p1140": 5.645029269476761E-06
"p1141": 6.962202765688005E-05
"p1142": 0
"p1143": 0
"p1144": 0.003070895922595358
"p1145": 0.00627727254765816
"p1146": 0.0008542810961141499
"p1147": 0.0029617586900521414
"p1148": 0.0008015941562656999
"p1149": 0.0015298029320282018
