"p1087": 1.1290058538953523E-05
"p1088": 0.0005569762212550406
"p1089": 0.00018064093662325636
"p1090": 0.0012908300262870194
"p1091": 0.0015222762263355665
"p1092": 3.9515204886337324E-05
"p1093": 0
"p1094": 1.8816764231589203E-05
"p1095": 3.7633528463178407E-06
"p1096": 0.0004365489301728695
"p1097": 2.0698440654748124E-05
"p1098": 0.002662572138769872
"p1099": 0.0014432458165628916
"p1100": 0.00030671325697490405
"p1101": 1.1290058538953523E-05
"p1102": 0.000826055949766766
"p1103": 0.0004666557529434123
"p1104": 0.0006322432781813972
"p1105": 0.00018440428946957422
"p1106": 0.00268327057942462
"p1107": 0.0024744044964539803
"p1108": 7.338538050319788E-05
"p1109": 0
"p1110": 5.833196911792653E-05
"p1111": 3.7633528463178407E-06
"p1112": 0.000867452831076262
"p1113": 4.516023415581409E-05
"p1114": 0.008190937470010783
"p1115": 0.005140739988070169
"p1116": 0.000329293374052811
"p1117": 0
"p1118": 0.0026776255501551444
"p1119": 0.0008486360668446731
"p1120": 0.00012042729108217089
"p1121": 3.198849919370165E-05
"p1122": 0.00031047660982122185
"p1123": 0.00037633528463178407
"p1124": 0
"p1125": 0
"p1126": 0
"p1127": 0
"p1128": 2.2580117077907045E-05
"p1129": 0
"p1130": 0.00040079707813285006
"p1131": 0.0002766064342043613
"p1132": 5.080526342529085E-05
"p1133": 0
"p1134": 0.0001731142309306207
"p1135": 8.655711546531035E-05
"p1136": 0.0002201561415095937
"p1137": 3.3870175616860565E-05
"p1138": 0.0018816764231589203
"p1139": 0.00040079707813285006
"p1140": 3.3870175616860565E-05
"p1141": 0
"p1142": 1.8816764231589203E-05
"p1143": 3.7633528463178407E-06
"p1144": 8.843879188846925E-05
"p1145": 1.8816764231589204E-06
"p1146": 0.002641873698115124
"p1147": 0.0005212243692150209
"p1148": 0.000141125731736919
"p1149": 3.7633528463178407E-06
