"p1087": 6.774035123372113E-05
"p1088": 3.198849919370165E-05
"p1089": 0.0002051027301243223
"p1090": 5.645029269476761E-06
"p1091": 5.080526342529086E-05
"p1092": 3.387017561686057E-05
"p1093": 0.00021262943581695803
"p1094": 5.645029269476761E-06
"p1095": 0.00010725555612005845
"p1096": 0.001136532559587988
"p1097": 0.0024687594671845042
"p1098": 0.0002653163756654078
"p1099": 0.0014394824637165742
"p1100": 0.0007018653058382772
"p1101": 0.001292711702710178
"p1102": 0.00023709122931802394
"p1103": 0.0014225473759081437
"p1104": 0.00025778966997277216
"p1105": 0.0009257848001941887
"p1106": 3.3870175616860565E-05
"p1107": 9.032046831162818E-05
"p1108": 0.00021262943581695806
"p1109": 0.0006454150131435095
"p1110": 2.634346992422488E-05
"p1111": 0.00020886608297064022
"p1112": 0.0032458918299491375
"p1113": 0.005771101589828409
"p1114": 0.001085727296162697
"p1115": 0.0027717093713130903
"p1116": 0.0014187840230618259
"p1117": 0.0021582828573632816
"p1118": 0.000615308190372967
"p1119": 0.001772539190615703
"p1120": 5.645029269476761E-06
"p1121": 3.198849919370165E-05
"p1122": 0
"p1123": 0
"p1124": 5.645029269476761E-06
"p1125": 2.634346992422488E-05
"p1126": 1.8816764231589204E-06
"p1127": 1.5053411385271363E-05
"p1128": 0.00020133937727800447
"p1129": 0.0004196138423644393
"p1130": 4.3278557732655166E-05
"p1131": 0.0002427362585875008
"p1132": 0.00014300740816007796
"p1133": 0.0003481101382844002
"p1134": 4.139688130949625E-05
"p1135": 0.0003424651090149235
"p1136": 0.0001034922032737406
"p1137": 0.00026343469924224885
"p1138": 3.010682277054273E-05
"p1139": 4.1396881309496255E-05
"p1140": 0.00010725555612005844
"p1141": 0.00020886608297064022
"p1142": 1.5053411385271363E-05
"p1143": 8.279376261899248E-05
"p1144": 0.0009502465936952547
"p1145": 0.001181692793743802
"p1146": 0.0006077814846803312
"p1147": 0.0003481101382844002
"p1148": 0.0007131553643772307
"p1149": 0.0009088497123857584
