"p1087": 5.080526342529085E-05
"p1088": 0.001298356731979655
"p1089": 4.327855773265516E-05
"p1090": 0.0006096631611034902
"p1091": 0.0017556041028072725
"p1092": 0.0009032046831162818
"p1093": 0.00023144620004854718
"p1094": 0.0005080526342529085
"p1095": 0.0018082910426557221
"p1096": 0.0008523994196909909
"p1097": 0
"p1098": 0.00024273625858750074
"p1099": 0.0004553656944044587
"p1100": 0.00030106822770542725
"p1101": 0
"p1102": 7.150370408003898E-05
"p1103": 0.0002013393772780045
"p1104": 0.0023483321761023322
"p1105": 5.8331969117926534E-05
"p1106": 0.0023012902655233595
"p1107": 0.0036880857893914843
"p1108": 0.001198627881552232
"p1109": 0.0002276828472022294
"p1110": 0.0013247002019038797
"p1111": 0.0026531637566540776
"p1112": 0.002207206444365414
"p1113": 0
"p1114": 0.0015580280783755855
"p1115": 0.001930600010161052
"p1116": 0.001151585970973259
"p1117": 0
"p1118": 0.0005136976635223854
"p1119": 0.0003462284618612414
"p1120": 0.0002220378179327526
"p1121": 0
"p1122": 0.0001542974666990315
"p1123": 0.00037069025536230727
"p1124": 0.00023520955289486504
"p1125": 4.327855773265516E-05
"p1126": 0.00011478226181269415
"p1127": 0.0004647740765202533
"p1128": 7.526705692635681E-05
"p1129": 0
"p1130": 4.8923587002131926E-05
"p1131": 5.080526342529085E-05
"p1132": 7.33853805031979E-05
"p1133": 0
"p1134": 1.6935087808430282E-05
"p1135": 1.6935087808430286E-05
"p1136": 0.000822292596920448
"p1137": 5.645029269476761E-06
"p1138": 0.0010123419156594991
"p1139": 0.0005946097497182189
"p1140": 0.0007357354814551377
"p1141": 3.951520488633733E-05
"p1142": 0.0011591126766658947
"p1143": 0.0005814380147561064
"p1144": 0.0006153081903729669
"p1145": 0
"p1146": 0.0004873541935981604
"p1147": 0.00019945770085484554
"p1148": 0.0004233771952107571
"p1149": 0
