"p1087": 9.408382115794603E-05
"p1088": 0.00031988499193701646
"p1089": 8.843879188846926E-05
"p1090": 0.00018064093662325636
"p1091": 0.00022203781793275266
"p1092": 8.467543904215139E-05
"p1093": 0
"p1094": 3.7633528463178407E-06
"p1095": 7.5267056926356815E-06
"p1096": 0.005682662797939941
"p1097": 0.0002540263171264543
"p1098": 0.0037915779926652243
"p1099": 0.007673476453642077
"p1100": 0.000779014039187793
"p1101": 0
"p1102": 0.00044407563586550505
"p1103": 0.0003838619903244197
"p1104": 6.585867481056221E-05
"p1105": 7.5267056926356815E-06
"p1106": 5.456861627160869E-05
"p1107": 4.139688130949625E-05
"p1108": 2.8225146347383805E-05
"p1109": 0
"p1110": 0
"p1111": 0
"p1112": 0.000353755167553877
"p1113": 7.5267056926356815E-06
"p1114": 0.0008260559497667661
"p1115": 0.0001806409366232563
"p1116": 0.00017875926020009743
"p1117": 0
"p1118": 0.00030106822770542725
"p1119": 9.408382115794602E-06
"p1120": 0.00014677076100639576
"p1121": 5.456861627160869E-05
"p1122": 6.962202765688005E-05
"p1123": 7.150370408003896E-05
"p1124": 3.3870175616860565E-05
"p1125": 0
"p1126": 0
"p1127": 0
"p1128": 0.002192153032980142
"p1129": 0.0002464996114338185
"p1130": 0.001879794746735761
"p1131": 0.0043316191261118355
"p1132": 0.000447838988711823
"p1133": 1.5053411385271363E-05
"p1134": 0.0003669269025159894
"p1135": 0.0004911175464444782
"p1136": 0.00023332787647170616
"p1137": 4.139688130949625E-05
"p1138": 7.150370408003898E-05
"p1139": 0.00017875926020009746
"p1140": 2.8225146347383805E-05
"p1141": 0
"p1142": 1.8816764231589204E-06
"p1143": 3.7633528463178407E-06
"p1144": 0.003567658498309313
"p1145": 6.585867481056221E-05
"p1146": 0.003076540951864835
"p1147": 0.002628701963153011
"p1148": 0.0007225637464930254
"p1149": 3.7633528463178407E-06
