"p1087": 0.000398915401709691
"p1088": 0
"p1089": 0
"p1090": 0
"p1091": 0
"p1092": 0
"p1093": 0
"p1094": 0
"p1095": 0
"p1096": 0
"p1097": 0
"p1098": 0
"p1099": 0
"p1100": 0
"p1101": 0
"p1102": 0
"p1103": 0
"p1104": 0
"p1105": 0
"p1106": 0
"p1107": 0
"p1108": 0
"p1109": 0
"p1110": 0
"p1111": 0
"p1112": 0
"p1113": 0
"p1114": 0
"p1115": 0
"p1116": 0
"p1117": 0
"p1118": 0
"p1119": 0
"p1120": 2.4461793501065963E-05
"p1121": 7.150370408003898E-05
"p1122": 5.645029269476761E-06
"p1123": 5.080526342529084E-05
"p1124": 0
"p1125": 0
"p1126": 0
"p1127": 0
"p1128": 5.645029269476761E-05
"p1129": 0.0002991865512822683
"p1130": 5.645029269476761E-06
"p1131": 6.209532196424438E-05
"p1132": 0
"p1133": 2.8225146347383808E-05
"p1134": 0
"p1135": 5.645029269476761E-06
"p1136": 0.00012607232035164766
"p1137": 0.00027096140493488457
"p1138": 3.010682277054273E-05
"p1139": 0.00023144620004854718
"p1140": 0
"p1141": 1.6935087808430282E-05
"p1142": 0
"p1143": 0
"p1144": 0.00047230078221288896
"p1145": 0.0013755054653291708
"p1146": 6.774035123372114E-05
"p1147": 0.00041585048951812146
"p1148": 2.2580117077907045E-05
"p1149": 0.0001298356731979655
