"p1087": 0.00011478226181269412
"p1088": 0
"p1089": 0
"p1090": 0
"p1091": 0
"p1092": 0
"p1093": 0
"p1094": 0
"p1095": 0
"p1096": 0
"p1097": 0
"p1098": 0
"p1099": 0
"p1100": 0
"p1101": 0
"p1102": 0
"p1103": 0
"p1104": 0
"p1105": 0
"p1106": 0
"p1107": 0
"p1108": 0
"p1109": 0
"p1110": 0
"p1111": 0
"p1112": 0
"p1113": 0
"p1114": 0
"p1115": 0
"p1116": 0
"p1117": 0
"p1118": 0
"p1119": 0
"p1120": 0.00026155302281908997
"p1121": 0.0006435333367203509
"p1122": 5.645029269476761E-05
"p1123": 0.00035751852040019486
"p1124": 0.00015053411385271363
"p1125": 0.0003142399626675397
"p1126": 3.575185204001949E-05
"p1127": 0.0002784881106275202
"p1128": 0.00016935087808430283
"p1129": 0.0006717584830677346
"p1130": 1.6935087808430282E-05
"p1131": 7.33853805031979E-05
"p1132": 2.2580117077907045E-05
"p1133": 0.0001674692016611439
"p1134": 0
"p1135": 3.9515204886337324E-05
"p1136": 1.8816764231589203E-05
"p1137": 6.021364554108545E-05
"p1138": 0
"p1139": 2.2580117077907045E-05
"p1140": 0
"p1141": 0
"p1142": 0
"p1143": 0
"p1144": 1.1290058538953523E-05
"p1145": 6.774035123372113E-05
"p1146": 0
"p1147": 0
"p1148": 0
"p1149": 1.8816764231589203E-05
