"p1087": 9.032046831162818E-05
"p1088": 0.0006868118944530056
"p1089": 4.516023415581409E-05
"p1090": 0.003415242708033441
"p1091": 0.002720904107887799
"p1092": 0.0006322432781813972
"p1093": 0.00017875926020009746
"p1094": 0.001885439776005238
"p1095": 0.0022504850020980682
"p1096": 0.00015241579027587258
"p1097": 0
"p1098": 0.003093476039673265
"p1099": 0.0014620625807944812
"p1100": 0.00022015614150959375
"p1101": 0
"p1102": 0.001121479148202716
"p1103": 0.00012419064392848873
"p1104": 3.9515204886337324E-05
"p1105": 0
"p1106": 0.0007470255399940912
"p1107": 3.3870175616860565E-05
"p1108": 7.338538050319787E-05
"p1109": 1.1290058538953523E-05
"p1110": 0.0005024076049834317
"p1111": 4.139688130949625E-05
"p1112": 0
"p1113": 0
"p1114": 0.0002766064342043613
"p1115": 0
"p1116": 3.3870175616860565E-05
"p1117": 0
"p1118": 0.0002991865512822683
"p1119": 0
"p1120": 0.00042525887163391606
"p1121": 3.198849919370165E-05
"p1122": 0.0016690469873419623
"p1123": 0.001458299227948163
"p1124": 0.0007112736879540719
"p1125": 0.00021262943581695803
"p1126": 0.0015937799304156055
"p1127": 0.001977641920740025
"p1128": 2.2580117077907045E-05
"p1129": 0
"p1130": 0.000782777392034111
"p1131": 0.00046289240009709436
"p1132": 8.843879188846925E-05
"p1133": 0
"p1134": 0.00045536569440445874
"p1135": 8.655711546531035E-05
"p1136": 0.00031800331551385763
"p1137": 5.645029269476761E-06
"p1138": 0.002822514634738381
"p1139": 0.00106314717908479
"p1140": 0.0003292933740528111
"p1141": 2.8225146347383805E-05
"p1142": 0.0021131226232074677
"p1143": 0.0006755218359140524
"p1144": 5.080526342529084E-05
"p1145": 0
"p1146": 0.0018854397760052382
"p1147": 0.0004102054602486446
"p1148": 0.000141125731736919
"p1149": 0
