"p1087": 0.00017875926020009743
"p1088": 0.00024085458216434183
"p1089": 0.0005569762212550405
"p1090": 5.080526342529084E-05
"p1091": 0.0003180033155138575
"p1092": 0.00012607232035164766
"p1093": 0.00024273625858750077
"p1094": 3.010682277054273E-05
"p1095": 0.00022768284720222937
"p1096": 0.00016370584881482606
"p1097": 0.0006378883074508741
"p1098": 1.6935087808430282E-05
"p1099": 7.33853805031979E-05
"p1100": 2.2580117077907045E-05
"p1101": 0.0001580608195453493
"p1102": 0
"p1103": 3.7633528463178407E-05
"p1104": 0
"p1105": 0
"p1106": 0
"p1107": 0
"p1108": 0
"p1109": 0
"p1110": 0
"p1111": 0
"p1112": 0
"p1113": 0
"p1114": 0
"p1115": 0
"p1116": 0
"p1117": 0
"p1118": 0
"p1119": 0
"p1120": 2.0698440654748124E-05
"p1121": 8.655711546531035E-05
"p1122": 5.645029269476761E-06
"p1123": 3.9515204886337324E-05
"p1124": 2.4461793501065963E-05
"p1125": 7.150370408003898E-05
"p1126": 5.645029269476761E-06
"p1127": 5.080526342529084E-05
"p1128": 5.645029269476761E-06
"p1129": 3.3870175616860565E-05
"p1130": 0
"p1131": 0
"p1132": 0
"p1133": 9.408382115794602E-06
"p1134": 0
"p1135": 1.8816764231589204E-06
"p1136": 1.8816764231589203E-05
"p1137": 6.021364554108545E-05
"p1138": 0
"p1139": 2.2580117077907045E-05
"p1140": 0
"p1141": 0
"p1142": 0
"p1143": 0
"p1144": 1.1290058538953523E-05
"p1145": 6.774035123372113E-05
"p1146": 0
"p1147": 0
"p1148": 0
"p1149": 1.8816764231589203E-05
