"p1087": 0.00037821696105494305
"p1088": 0.00019757602443168663
"p1089": 0.00020133937727800447
"p1090": 6.962202765688006E-05
"p1091": 0.00016558752523798497
"p1092": 0.00022203781793275258
"p1093": 0.0001994577008548456
"p1094": 0.00011478226181269414
"p1095": 0.0002464996114338186
"p1096": 6.39769983874033E-05
"p1097": 8.467543904215143E-05
"p1098": 1.8816764231589204E-06
"p1099": 0
"p1100": 3.7633528463178407E-06
"p1101": 4.7041910578973015E-05
"p1102": 3.7633528463178407E-06
"p1103": 4.516023415581409E-05
"p1104": 0.001223089675053298
"p1105": 0.0009878801221584331
"p1106": 0.0006849302180298468
"p1107": 0.00043654893017286965
"p1108": 0.000987880122158433
"p1109": 0.0007150370408003898
"p1110": 0.0007037469822614361
"p1111": 0.0006454150131435095
"p1112": 0.0006849302180298466
"p1113": 0.0007037469822614361
"p1114": 0.0002766064342043613
"p1115": 5.268693984844976E-05
"p1116": 0.00043654893017286965
"p1117": 0.0006454150131435095
"p1118": 5.268693984844976E-05
"p1119": 0.00016558752523798505
"p1120": 0.0008618078018067855
"p1121": 0.0018835580995820791
"p1122": 0.0002427362585875007
"p1123": 0.0013886772002912832
"p1124": 0.000780895715610952
"p1125": 0.0014752343157565934
"p1126": 0.00025967134639593104
"p1127": 0.0017104438686514586
"p1128": 0.00040644210740232675
"p1129": 0.0010876089725858561
"p1130": 6.021364554108545E-05
"p1131": 0.00023709122931802397
"p1132": 0.00012607232035164766
"p1133": 0.0003631635496696716
"p1134": 1.6935087808430282E-05
"p1135": 0.00015617914312219037
"p1136": 0.0017556041028072727
"p1137": 0.003110411127481696
"p1138": 0.0006021364554108545
"p1139": 0.0020529089776663823
"p1140": 0.0010725555612005845
"p1141": 0.0015900165775692874
"p1142": 0.0004986442521371139
"p1143": 0.0017047988393819814
"p1144": 0.0013040017612491318
"p1145": 0.002939178572974234
"p1146": 0.0002991865512822684
"p1147": 0.0007263270993393433
"p1148": 0.0003895070195938966
"p1149": 0.0010066968863900222
