"p1087": 0.0008072391855351768
"p1088": 0
"p1089": 8.467543904215141E-05
"p1090": 1.1290058538953523E-05
"p1091": 0.00010725555612005845
"p1092": 0
"p1093": 0
"p1094": 0
"p1095": 1.6935087808430282E-05
"p1096": 0.00012983567319796552
"p1097": 0.00041396881309496247
"p1098": 0.000636006631027715
"p1099": 0.002128176034592739
"p1100": 0
"p1101": 0
"p1102": 1.1290058538953523E-05
"p1103": 7.903040977267465E-05
"p1104": 0
"p1105": 0
"p1106": 0
"p1107": 0
"p1108": 0
"p1109": 0
"p1110": 0
"p1111": 0
"p1112": 0
"p1113": 0
"p1114": 0
"p1115": 0
"p1116": 0
"p1117": 0
"p1118": 0
"p1119": 0
"p1120": 0
"p1121": 1.8816764231589204E-06
"p1122": 0
"p1123": 3.7633528463178407E-06
"p1124": 0
"p1125": 0
"p1126": 0
"p1127": 0
"p1128": 1.6935087808430282E-05
"p1129": 6.585867481056221E-05
"p1130": 4.516023415581409E-05
"p1131": 0.0002314462000485472
"p1132": 0
"p1133": 0
"p1134": 0
"p1135": 5.645029269476761E-06
"p1136": 0
"p1137": 3.7633528463178407E-06
"p1138": 0
"p1139": 7.5267056926356815E-06
"p1140": 0
"p1141": 0
"p1142": 0
"p1143": 0
"p1144": 3.7633528463178407E-06
"p1145": 1.1290058538953523E-05
"p1146": 3.0106822770542726E-05
"p1147": 0.00016935087808430283
"p1148": 0
"p1149": 0
