"p1087": 0.001012341915659499
"p1088": 0.0002408545821643418
"p1089": 1.6935087808430282E-05
"p1090": 0.00020510273012432228
"p1091": 0.0002747247577812024
"p1092": 0
"p1093": 3.7633528463178407E-06
"p1094": 0
"p1095": 0
"p1096": 0.0002521446407032953
"p1097": 0
"p1098": 0.0001580608195453493
"p1099": 0.000188167642315892
"p1100": 9.220214473478709E-05
"p1101": 0
"p1102": 3.7633528463178407E-06
"p1103": 5.080526342529085E-05
"p1104": 0.0009389565351563011
"p1105": 3.9515204886337324E-05
"p1106": 0.0014771159921797526
"p1107": 0.0008505177432678317
"p1108": 3.9515204886337324E-05
"p1109": 2.4461793501065963E-05
"p1110": 1.8816764231589204E-06
"p1111": 3.7633528463178407E-06
"p1112": 0.0014771159921797526
"p1113": 1.8816764231589204E-06
"p1114": 0.002273065119175976
"p1115": 0.0009615366522342079
"p1116": 0.0008505177432678317
"p1117": 3.7633528463178407E-06
"p1118": 0.0009615366522342083
"p1119": 0.0003650452260928306
"p1120": 0.001130887530318511
"p1121": 0.00024838128785697745
"p1122": 0.0006058998082571724
"p1123": 0.002241076619982274
"p1124": 1.6935087808430282E-05
"p1125": 2.0698440654748124E-05
"p1126": 1.8816764231589204E-06
"p1127": 3.7633528463178407E-06
"p1128": 0.002175217945171712
"p1129": 2.82251463473838E-05
"p1130": 0.0009276664766173475
"p1131": 0.0023483321761023327
"p1132": 0.0007507888928404093
"p1133": 1.5053411385271363E-05
"p1134": 0.00024461793501065964
"p1135": 0.0005042892814065906
"p1136": 0.0013152918197880852
"p1137": 0.0001919309951622099
"p1138": 0.0010894906490090147
"p1139": 0.002671980520885667
"p1140": 4.516023415581409E-05
"p1141": 2.4461793501065963E-05
"p1142": 1.8816764231589204E-06
"p1143": 3.7633528463178407E-06
"p1144": 0.0045630653261603815
"p1145": 5.8331969117926534E-05
"p1146": 0.0031894415372543702
"p1147": 0.005957387555721142
"p1148": 0.0013247002019038797
"p1149": 0
