"p1087": 0.0016257684296093074
"p1088": 3.7633528463178407E-06
"p1089": 5.645029269476761E-05
"p1090": 3.7633528463178407E-06
"p1091": 1.8816764231589203E-05
"p1092": 0
"p1093": 0
"p1094": 0
"p1095": 0
"p1096": 0.00017123255450746176
"p1097": 0.00016746920166114393
"p1098": 0.0004572473708276177
"p1099": 0.0006040181318340134
"p1100": 1.1290058538953523E-05
"p1101": 1.1290058538953523E-05
"p1102": 7.150370408003898E-05
"p1103": 7.338538050319788E-05
"p1104": 5.268693984844977E-05
"p1105": 0.0002483812878569774
"p1106": 0.00021262943581695808
"p1107": 0.0003180033155138575
"p1108": 0
"p1109": 0
"p1110": 5.645029269476761E-06
"p1111": 8.467543904215141E-05
"p1112": 0.0006698768066445752
"p1113": 0.0005475678391392456
"p1114": 0.0037821696105494306
"p1115": 0.0029034267209342166
"p1116": 0.00011478226181269412
"p1117": 0.00011101890896637629
"p1118": 0.0007865407448804287
"p1119": 0.0006679951302214167
"p1120": 3.7633528463178407E-06
"p1121": 0.00021262943581695803
"p1122": 4.516023415581409E-05
"p1123": 0.0001749959073537796
"p1124": 0
"p1125": 0
"p1126": 0
"p1127": 1.1290058538953523E-05
"p1128": 0.00048170916432868367
"p1129": 0.0013096467905186083
"p1130": 0.002017157125626363
"p1131": 0.005686426150786256
"p1132": 9.408382115794602E-05
"p1133": 0.0003029499041285862
"p1134": 0.0003142399626675397
"p1135": 0.0008862695953078514
"p1136": 1.8816764231589203E-05
"p1137": 0.0003405834325917645
"p1138": 0.0001749959073537796
"p1139": 0.00043090390090339264
"p1140": 0
"p1141": 0
"p1142": 1.1290058538953523E-05
"p1143": 0.00010725555612005845
"p1144": 0.0007564339221098858
"p1145": 0.001693508780843028
"p1146": 0.005165201781571236
"p1147": 0.01122419986414296
"p1148": 6.774035123372113E-05
"p1149": 0.00018816764231589203
