"p1087": 0.00019193099516220984
"p1088": 0.0008900329481541693
"p1089": 5.645029269476761E-06
"p1090": 0.001415020670215508
"p1091": 0.0006774035123372112
"p1092": 0.0007696056570719982
"p1093": 6.397699838740328E-05
"p1094": 0.0013228185254807211
"p1095": 0.0007752506863414749
"p1096": 0.0006585867481056221
"p1097": 0
"p1098": 0.0007131553643772308
"p1099": 0.0001938126715853688
"p1100": 0.0005475678391392457
"p1101": 0
"p1102": 0.0003424651090149235
"p1103": 0.00021074775939379913
"p1104": 0
"p1105": 0
"p1106": 0
"p1107": 0
"p1108": 0
"p1109": 0
"p1110": 0
"p1111": 0
"p1112": 0
"p1113": 0
"p1114": 0
"p1115": 0
"p1116": 0
"p1117": 0
"p1118": 0
"p1119": 0
"p1120": 0.0030596058640564036
"p1121": 8.843879188846926E-05
"p1122": 0.002585423405420356
"p1123": 0.005108751488876469
"p1124": 0.0021074775939379908
"p1125": 0.0004647740765202535
"p1126": 0.0018214627776178345
"p1127": 0.0047662863798615465
"p1128": 0.0024744044964539807
"p1129": 0
"p1130": 0.0016013066361082414
"p1131": 0.0022053247679422548
"p1132": 0.0012795399677480654
"p1133": 0
"p1134": 0.0005174610163687031
"p1135": 0.000425258871633916
"p1136": 0.001057502149815313
"p1137": 1.3171734962112444E-05
"p1138": 0.0005080526342529085
"p1139": 0.0010066968863900222
"p1140": 0.000494880899290796
"p1141": 5.268693984844976E-05
"p1142": 0.00031612163909069865
"p1143": 0.000521224369215021
"p1144": 0.0007714873334951573
"p1145": 0
"p1146": 0.00020886608297064017
"p1147": 0.00030106822770542725
"p1148": 0.00025778966997277205
"p1149": 0
