"p1087": 1.3171734962112442E-05
"p1088": 3.387017561686057E-05
"p1089": 0.00021262943581695803
"p1090": 5.645029269476761E-06
"p1091": 0.00010725555612005845
"p1092": 0
"p1093": 1.1290058538953523E-05
"p1094": 0
"p1095": 0
"p1096": 0.0016859820751503928
"p1097": 0.003650452260928305
"p1098": 0.00046853742936657115
"p1099": 0.0028149879290457454
"p1100": 0.0002653163756654078
"p1101": 0.00059272807329506
"p1102": 3.951520488633733E-05
"p1103": 0.00018064093662325636
"p1104": 0.00021262943581695806
"p1105": 0.0005776746619097884
"p1106": 2.634346992422488E-05
"p1107": 0.00020886608297064022
"p1108": 1.1290058538953523E-05
"p1109": 0.00013548070246744229
"p1110": 0
"p1111": 0
"p1112": 0.00454989359119827
"p1113": 0.00855974604894993
"p1114": 0.0016107150182240355
"p1115": 0.004779458114823657
"p1116": 0.0008354643318825607
"p1117": 0.001390558876714442
"p1118": 0.00020698440654748124
"p1119": 0.00020886608297064017
"p1120": 5.645029269476761E-06
"p1121": 2.634346992422488E-05
"p1122": 1.8816764231589204E-06
"p1123": 1.5053411385271363E-05
"p1124": 0
"p1125": 0
"p1126": 0
"p1127": 0
"p1128": 0.0002954231984359505
"p1129": 0.0006886935708761649
"p1130": 7.33853805031979E-05
"p1131": 0.000564502926947676
"p1132": 5.45686162716087E-05
"p1133": 0.0001110189089663763
"p1134": 1.1290058538953523E-05
"p1135": 2.0698440654748124E-05
"p1136": 0.00010725555612005844
"p1137": 0.00020886608297064022
"p1138": 1.5053411385271363E-05
"p1139": 8.279376261899248E-05
"p1140": 5.645029269476761E-06
"p1141": 2.8225146347383805E-05
"p1142": 0
"p1143": 0
"p1144": 0.0016841003987272337
"p1145": 0.002060435683359018
"p1146": 0.001160994353089054
"p1147": 0.0007940674505730644
"p1148": 0.00016935087808430283
"p1149": 0.0003518734911307182
