"p1087": 0.0004704191057897301
"p1088": 0
"p1089": 0
"p1090": 0
"p1091": 0
"p1092": 0
"p1093": 0
"p1094": 0
"p1095": 0
"p1096": 0
"p1097": 0
"p1098": 0
"p1099": 0
"p1100": 0
"p1101": 0
"p1102": 0
"p1103": 0
"p1104": 0
"p1105": 0
"p1106": 0
"p1107": 0
"p1108": 0
"p1109": 0
"p1110": 0
"p1111": 0
"p1112": 0
"p1113": 0
"p1114": 0
"p1115": 0
"p1116": 0
"p1117": 0
"p1118": 0
"p1119": 0
"p1120": 2.2580117077907045E-05
"p1121": 0
"p1122": 0.0002483812878569775
"p1123": 0
"p1124": 6.397699838740328E-05
"p1125": 0
"p1126": 0.00014488908458323686
"p1127": 0
"p1128": 0.0002201561415095937
"p1129": 7.5267056926356815E-06
"p1130": 0.001343516966135469
"p1131": 0.0006190715432192848
"p1132": 0.0001731142309306207
"p1133": 4.516023415581409E-05
"p1134": 0.00041585048951812135
"p1135": 0.0003274116976296521
"p1136": 0
"p1137": 0
"p1138": 1.1290058538953523E-05
"p1139": 0
"p1140": 3.7633528463178407E-06
"p1141": 0
"p1142": 7.5267056926356815E-06
"p1143": 0
"p1144": 1.1290058538953523E-05
"p1145": 0
"p1146": 0.00011666393823585308
"p1147": 4.139688130949625E-05
"p1148": 0
"p1149": 0
