"p1087": 0.00022768284720222932
"p1088": 6.209532196424436E-05
"p1089": 0
"p1090": 0.00014112573173691902
"p1091": 0
"p1092": 0
"p1093": 0
"p1094": 1.6935087808430282E-05
"p1095": 0
"p1096": 0.00035751852040019486
"p1097": 4.516023415581409E-05
"p1098": 0.001979523597163184
"p1099": 0.0009408382115794601
"p1100": 0
"p1101": 0
"p1102": 9.032046831162815E-05
"p1103": 0
"p1104": 0
"p1105": 0
"p1106": 0
"p1107": 0
"p1108": 0
"p1109": 0
"p1110": 0
"p1111": 0
"p1112": 0
"p1113": 0
"p1114": 0
"p1115": 0
"p1116": 0
"p1117": 0
"p1118": 0
"p1119": 0
"p1120": 1.8816764231589204E-06
"p1121": 0
"p1122": 3.7633528463178407E-06
"p1123": 0
"p1124": 0
"p1125": 0
"p1126": 0
"p1127": 0
"p1128": 5.8331969117926534E-05
"p1129": 7.5267056926356815E-06
"p1130": 0.00019757602443168666
"p1131": 9.596549758110493E-05
"p1132": 0
"p1133": 0
"p1134": 5.645029269476761E-06
"p1135": 0
"p1136": 3.7633528463178407E-06
"p1137": 0
"p1138": 7.5267056926356815E-06
"p1139": 0
"p1140": 0
"p1141": 0
"p1142": 0
"p1143": 0
"p1144": 1.1290058538953523E-05
"p1145": 0
"p1146": 0.00016182417239166716
"p1147": 4.139688130949625E-05
"p1148": 0
"p1149": 0
