"p1087": 0.0004233771952107571
"p1088": 9.408382115794602E-06
"p1089": 3.198849919370165E-05
"p1090": 3.951520488633733E-05
"p1091": 0.0001637058488148261
"p1092": 1.1290058538953523E-05
"p1093": 4.516023415581409E-05
"p1094": 1.8816764231589203E-05
"p1095": 8.467543904215141E-05
"p1096": 0
"p1097": 0
"p1098": 1.6935087808430286E-05
"p1099": 0.00010161052685058169
"p1100": 0
"p1101": 5.645029269476761E-06
"p1102": 0
"p1103": 2.8225146347383808E-05
"p1104": 5.833196911792653E-05
"p1105": 0.00018064093662325636
"p1106": 0.00026907972851172564
"p1107": 0.0006774035123372113
"p1108": 5.645029269476761E-05
"p1109": 0.00018440428946957422
"p1110": 0.00012419064392848875
"p1111": 0.0003217666683601754
"p1112": 9.408382115794602E-06
"p1113": 3.198849919370165E-05
"p1114": 0.0001749959073537796
"p1115": 0.0006661134537982578
"p1116": 0
"p1117": 3.3870175616860565E-05
"p1118": 2.2580117077907045E-05
"p1119": 0.0001580608195453493
"p1120": 0
"p1121": 0
"p1122": 0
"p1123": 0
"p1124": 0
"p1125": 0
"p1126": 0
"p1127": 0
"p1128": 0
"p1129": 0
"p1130": 0
"p1131": 0
"p1132": 0
"p1133": 0
"p1134": 0
"p1135": 0
"p1136": 0
"p1137": 0
"p1138": 0
"p1139": 0
"p1140": 0
"p1141": 0
"p1142": 0
"p1143": 0
"p1144": 0
"p1145": 0
"p1146": 0
"p1147": 0
"p1148": 0
"p1149": 0
