"p1087": 0.0011365325595879875
"p1088": 0
"p1089": 0
"p1090": 0
"p1091": 1.6935087808430286E-05
"p1092": 0
"p1093": 5.645029269476761E-06
"p1094": 0
"p1095": 1.1290058538953523E-05
"p1096": 9.408382115794602E-06
"p1097": 3.198849919370165E-05
"p1098": 5.645029269476761E-05
"p1099": 0.0002483812878569775
"p1100": 1.1290058538953523E-05
"p1101": 4.516023415581409E-05
"p1102": 1.8816764231589203E-05
"p1103": 0.00010161052685058169
"p1104": 0
"p1105": 3.387017561686057E-05
"p1106": 1.1290058538953523E-05
"p1107": 0.0002201561415095937
"p1108": 0
"p1109": 8.467543904215141E-05
"p1110": 1.1290058538953523E-05
"p1111": 0.00010725555612005845
"p1112": 6.774035123372113E-05
"p1113": 0.00020698440654748124
"p1114": 0.0004327855773265517
"p1115": 0.0012983567319796551
"p1116": 5.645029269476761E-05
"p1117": 0.0001731142309306207
"p1118": 0.00013548070246744229
"p1119": 0.00042337719521075713
"p1120": 0
"p1121": 0
"p1122": 0
"p1123": 0
"p1124": 0
"p1125": 0
"p1126": 0
"p1127": 0
"p1128": 0
"p1129": 0
"p1130": 0
"p1131": 0
"p1132": 0
"p1133": 0
"p1134": 0
"p1135": 0
"p1136": 0
"p1137": 0
"p1138": 0
"p1139": 0
"p1140": 0
"p1141": 0
"p1142": 0
"p1143": 0
"p1144": 0
"p1145": 0
"p1146": 0
"p1147": 0
"p1148": 0
"p1149": 0
