"p1087": 0.00012607232035164763
"p1088": 0.0009050863595394406
"p1089": 0.0007470255399940914
"p1090": 0.0006472966895666685
"p1091": 0.000656705071682463
"p1092": 5.645029269476761E-06
"p1093": 5.6450292694767596E-05
"p1094": 0
"p1095": 0
"p1096": 0.0015298029320282023
"p1097": 0.0013830321710218063
"p1098": 0.0007244454229161845
"p1099": 0.00044407563586550537
"p1100": 0.0005852013676024243
"p1101": 0.0006774035123372111
"p1102": 0.00018252261304641527
"p1103": 0.00021074775939379913
"p1104": 0
"p1105": 0
"p1106": 0
"p1107": 0
"p1108": 0
"p1109": 0
"p1110": 0
"p1111": 0
"p1112": 0
"p1113": 0
"p1114": 0
"p1115": 0
"p1116": 0
"p1117": 0
"p1118": 0
"p1119": 0
"p1120": 0.0017650124849230672
"p1121": 0.0029655220428984586
"p1122": 0.0008335826554594018
"p1123": 0.0034622846186124143
"p1124": 1.1290058538953523E-05
"p1125": 0.00011101890896637629
"p1126": 0
"p1127": 0
"p1128": 0.003571421851155632
"p1129": 0.007436385224324054
"p1130": 0.001153467647396418
"p1131": 0.004011734134174818
"p1132": 0.001136532559587988
"p1133": 0.0019757602443168667
"p1134": 0.00028789649274331473
"p1135": 0.0006416516602971917
"p1136": 0.0004403122830191874
"p1137": 0.0006341249546045561
"p1138": 0.0001373623788906012
"p1139": 0.00028413313989699703
"p1140": 0
"p1141": 7.5267056926356815E-06
"p1142": 0
"p1143": 0
"p1144": 0.0010179869449289758
"p1145": 0.0020604356833590176
"p1146": 0.00016746920166114393
"p1147": 0.0006679951302214167
"p1148": 0.0003142399626675397
"p1149": 0.0006228348960656026
