"p1087": 0.0008128842148046535
"p1088": 0.00020133937727800447
"p1089": 0
"p1090": 0.00014488908458323686
"p1091": 0.00018440428946957417
"p1092": 0.0002408545821643418
"p1093": 2.069844065474812E-05
"p1094": 0.00020510273012432228
"p1095": 0.0002747247577812024
"p1096": 8.467543904215143E-05
"p1097": 0
"p1098": 1.3171734962112444E-05
"p1099": 3.7633528463178407E-06
"p1100": 4.7041910578973015E-05
"p1101": 0
"p1102": 3.7633528463178407E-06
"p1103": 5.080526342529085E-05
"p1104": 0.0009991701806973867
"p1105": 5.645029269476761E-06
"p1106": 0.0017273789564598888
"p1107": 0.000799712479842541
"p1108": 0.0008147658912278123
"p1109": 6.397699838740328E-05
"p1110": 0.001473352639333435
"p1111": 0.0008317009790362426
"p1112": 0.0007037469822614361
"p1113": 0
"p1114": 0.0008429910375751964
"p1115": 0.0002502629642801364
"p1116": 0.000656705071682463
"p1117": 0
"p1118": 0.00044407563586550537
"p1119": 0.00021074775939379913
"p1120": 0.0014601809043713221
"p1121": 4.327855773265516E-05
"p1122": 0.000747025539994091
"p1123": 0.0020472639483969054
"p1124": 0.0011083074132406038
"p1125": 0.00026907972851172553
"p1126": 0.0006058998082571724
"p1127": 0.0022297865614433203
"p1128": 0.0009013230066931228
"p1129": 0
"p1130": 0.00029165984558963265
"p1131": 0.0005061709578297496
"p1132": 0.0003744536082086252
"p1133": 0
"p1134": 8.843879188846926E-05
"p1135": 0.0002013393772780045
"p1136": 0.0022937635598307238
"p1137": 5.8331969117926534E-05
"p1138": 0.0018139360719251984
"p1139": 0.0037200742885851856
"p1140": 0.0011459409417037823
"p1141": 0.0002163927886632759
"p1142": 0.001081963943316379
"p1143": 0.002645637050961442
"p1144": 0.0022034430915190964
"p1145": 0
"p1146": 0.001364215406790217
"p1147": 0.0019400083922768469
"p1148": 0.0010066968863900222
"p1149": 0
