"p1087": 3.0106822770542726E-05
"p1088": 0.00012607232035164766
"p1089": 0.0004666557529434121
"p1090": 2.634346992422488E-05
"p1091": 0.00019193099516220995
"p1092": 1.1290058538953523E-05
"p1093": 8.467543904215139E-05
"p1094": 0
"p1095": 0
"p1096": 0.003770879552010477
"p1097": 0.007569984250368337
"p1098": 0.001249433144977523
"p1099": 0.004395596124499237
"p1100": 0.0004534840179812997
"p1101": 0.0009069680359625995
"p1102": 9.408382115794602E-05
"p1103": 0.00014865243742955472
"p1104": 6.585867481056221E-05
"p1105": 6.962202765688006E-05
"p1106": 0
"p1107": 3.3870175616860565E-05
"p1108": 0
"p1109": 2.8225146347383805E-05
"p1110": 0
"p1111": 0
"p1112": 0.0005607395741013582
"p1113": 0.00033117505047597
"p1114": 0.00027096140493488457
"p1115": 0.0001486524374295547
"p1116": 0.00022580117077907044
"p1117": 0.00017875926020009743
"p1118": 5.6450292694767617E-05
"p1119": 0
"p1120": 4.704191057897301E-05
"p1121": 0.00023144620004854723
"p1122": 5.645029269476761E-06
"p1123": 5.833196911792652E-05
"p1124": 0
"p1125": 3.3870175616860565E-05
"p1126": 0
"p1127": 0
"p1128": 0.0013284635547501976
"p1129": 0.003255300212064932
"p1130": 0.0006002547789876956
"p1131": 0.003093476039673265
"p1132": 0.00029730487485910944
"p1133": 0.0006058998082571724
"p1134": 9.22021447347871E-05
"p1135": 0.00023520955289486504
"p1136": 0.0001204272910821709
"p1137": 0.00025778966997277205
"p1138": 1.6935087808430286E-05
"p1139": 0.0001298356731979655
"p1140": 5.645029269476761E-06
"p1141": 2.8225146347383805E-05
"p1142": 0
"p1143": 0
"p1144": 0.0025722516704582447
"p1145": 0.004055012691907473
"p1146": 0.0012569598506701586
"p1147": 0.0014074939645228725
"p1148": 0.00034811013828440026
"p1149": 0.000754552245686727
