"p1087": 9.784717400426385E-05
"p1088": 1.1290058538953523E-05
"p1089": 0.00013548070246744229
"p1090": 0
"p1091": 2.8225146347383805E-05
"p1092": 0
"p1093": 1.6935087808430282E-05
"p1094": 0
"p1095": 0
"p1096": 0.0005983731025645366
"p1097": 0.0018779130703126027
"p1098": 9.784717400426387E-05
"p1099": 0.0006623501009519399
"p1100": 1.1290058538953523E-05
"p1101": 7.903040977267465E-05
"p1102": 0
"p1103": 3.7633528463178407E-06
"p1104": 0
"p1105": 0
"p1106": 0
"p1107": 0
"p1108": 0
"p1109": 0
"p1110": 0
"p1111": 0
"p1112": 0
"p1113": 0
"p1114": 0
"p1115": 0
"p1116": 0
"p1117": 0
"p1118": 0
"p1119": 0
"p1120": 0
"p1121": 3.7633528463178407E-06
"p1122": 0
"p1123": 1.8816764231589204E-06
"p1124": 0
"p1125": 0
"p1126": 0
"p1127": 0
"p1128": 5.080526342529085E-05
"p1129": 0.0002088660829706402
"p1130": 1.1290058538953523E-05
"p1131": 9.032046831162818E-05
"p1132": 0
"p1133": 5.645029269476761E-06
"p1134": 0
"p1135": 0
"p1136": 0
"p1137": 7.5267056926356815E-06
"p1138": 0
"p1139": 3.7633528463178407E-06
"p1140": 0
"p1141": 0
"p1142": 0
"p1143": 0
"p1144": 3.0106822770542726E-05
"p1145": 0.00016182417239166716
"p1146": 0
"p1147": 2.2580117077907045E-05
"p1148": 0
"p1149": 1.1290058538953523E-05
