"p1087": 7.5267056926356815E-06
"p1088": 0.0005136976635223853
"p1089": 3.198849919370165E-05
"p1090": 0.0018233444540409938
"p1091": 0.0013284635547501978
"p1092": 0.0005983731025645369
"p1093": 0.00018064093662325636
"p1094": 0.0012738949384785894
"p1095": 0.001559909754798745
"p1096": 5.645029269476761E-05
"p1097": 0
"p1098": 0.0010706738847774259
"p1099": 0.0003518734911307181
"p1100": 0.00014488908458323683
"p1101": 0
"p1102": 0.000353755167553877
"p1103": 0.0001091372325432174
"p1104": 0.0007282087757625019
"p1105": 4.516023415581409E-05
"p1106": 0.004578118737545653
"p1107": 0.003202613272216483
"p1108": 0.0007282087757625021
"p1109": 0.00018440428946957422
"p1110": 0.0025515532298034955
"p1111": 0.0025346181419950656
"p1112": 0.00015617914312219042
"p1113": 0
"p1114": 0.0037388910528167747
"p1115": 0.0017725391906157032
"p1116": 0.0002446179350106597
"p1117": 0
"p1118": 0.0016746920166114388
"p1119": 0.00013359902604428333
"p1120": 5.645029269476761E-05
"p1121": 0
"p1122": 0.00035751852040019486
"p1123": 0.0002991865512822683
"p1124": 0.00012419064392848873
"p1125": 3.198849919370165E-05
"p1126": 0.00031235828624438073
"p1127": 0.00038574366674757867
"p1128": 0
"p1129": 0
"p1130": 0.00012419064392848873
"p1131": 5.080526342529085E-05
"p1132": 1.3171734962112444E-05
"p1133": 0
"p1134": 9.032046831162818E-05
"p1135": 3.7633528463178407E-06
"p1136": 0.00014488908458323683
"p1137": 5.645029269476761E-06
"p1138": 0.001776302543462021
"p1139": 0.0004214955187875982
"p1140": 0.00024461793501065964
"p1141": 3.3870175616860565E-05
"p1142": 0.0018233444540409936
"p1143": 0.00040079707813285
"p1144": 1.3171734962112444E-05
"p1145": 0
"p1146": 0.001081963943316379
"p1147": 0.00015994249596850823
"p1148": 8.091208619583358E-05
"p1149": 0
