"p1087": 0.0003518734911307181
"p1088": 5.080526342529085E-05
"p1089": 0.00023520955289486496
"p1090": 0.00017499590735377962
"p1091": 0.00026907972851172553
"p1092": 0
"p1093": 0
"p1094": 5.645029269476761E-06
"p1095": 6.209532196424436E-05
"p1096": 0.0006115448375266488
"p1097": 0.000511815987099226
"p1098": 0.003270353623450204
"p1099": 0.0026907972851172575
"p1100": 0.00011478226181269412
"p1101": 0.00011101890896637629
"p1102": 0.0005287510749076565
"p1103": 0.0005099343106760674
"p1104": 0
"p1105": 0
"p1106": 0
"p1107": 0
"p1108": 0
"p1109": 0
"p1110": 0
"p1111": 0
"p1112": 0
"p1113": 0
"p1114": 0
"p1115": 0
"p1116": 0
"p1117": 0
"p1118": 0
"p1119": 0
"p1120": 2.2580117077907045E-05
"p1121": 0.0005118159870992262
"p1122": 0.0002408545821643419
"p1123": 0.00060966316110349
"p1124": 0
"p1125": 0
"p1126": 1.1290058538953523E-05
"p1127": 0.00014112573173691902
"p1128": 0.0012061545872448674
"p1129": 0.002745365901388865
"p1130": 0.0065256538355151356
"p1131": 0.014976262651921854
"p1132": 0.00017311423093062064
"p1133": 0.0005099343106760674
"p1134": 0.0011440592652806236
"p1135": 0.002094305858975879
"p1136": 5.645029269476761E-06
"p1137": 0.00011101890896637629
"p1138": 2.0698440654748124E-05
"p1139": 6.397699838740328E-05
"p1140": 0
"p1141": 0
"p1142": 0
"p1143": 0
"p1144": 0.00027096140493488457
"p1145": 0.0005099343106760674
"p1146": 0.0016652836344956442
"p1147": 0.0030445524526711326
"p1148": 0
"p1149": 1.5053411385271363E-05
