"p1087": 0.0020830158004369248
"p1088": 0.00011666393823585305
"p1089": 0.00011290058538953522
"p1090": 0.00022391949435591154
"p1091": 0.00029730487485910944
"p1092": 0
"p1093": 3.7633528463178407E-06
"p1094": 0
"p1095": 0
"p1096": 5.456861627160869E-05
"p1097": 5.456861627160869E-05
"p1098": 0.00023332787647170614
"p1099": 0.000306713256974904
"p1100": 1.3171734962112444E-05
"p1101": 5.4568616271608685E-05
"p1102": 7.526705692635681E-05
"p1103": 9.220214473478709E-05
"p1104": 0.0004421939594423463
"p1105": 0.0003537551675538769
"p1106": 0.001392440553137601
"p1107": 0.0011195974717795579
"p1108": 0
"p1109": 6.021364554108543E-05
"p1110": 5.645029269476761E-06
"p1111": 3.9515204886337324E-05
"p1112": 0.00023520955289486504
"p1113": 0.0001825226130464153
"p1114": 0.002410427498066577
"p1115": 0.0016144783710703538
"p1116": 0.00012795399677480656
"p1117": 0.00018440428946957428
"p1118": 0.00101046023923634
"p1119": 0.0008636894782299441
"p1120": 0.00032176666836017533
"p1121": 0.0008636894782299443
"p1122": 0.0008128842148046535
"p1123": 0.002273065119175976
"p1124": 0
"p1125": 3.7633528463178407E-05
"p1126": 5.645029269476761E-06
"p1127": 1.6935087808430282E-05
"p1128": 0.0001712325545074617
"p1129": 0.00046289240009709447
"p1130": 0.0012362614100154105
"p1131": 0.00338137253241658
"p1132": 0.00012042729108217089
"p1133": 0.0003518734911307182
"p1134": 0.00039327037244021434
"p1135": 0.0010499754441226775
"p1136": 0.0003481101382844003
"p1137": 0.0007620789513793626
"p1138": 0.0014112573173691901
"p1139": 0.002741602548542547
"p1140": 0
"p1141": 6.0213645541085445E-05
"p1142": 5.645029269476761E-06
"p1143": 4.516023415581409E-05
"p1144": 0.00040832378382548584
"p1145": 0.0009013230066931227
"p1146": 0.0037934596690883827
"p1147": 0.007985834739886458
"p1148": 8.655711546531032E-05
"p1149": 0.00030294990412858613
