"p1087": 0.0008975596538468049
"p1088": 0.00016370584881482606
"p1089": 0
"p1090": 6.774035123372113E-05
"p1091": 2.4461793501065966E-05
"p1092": 8.467543904215141E-05
"p1093": 2.8225146347383805E-05
"p1094": 3.3870175616860565E-05
"p1095": 2.8225146347383805E-05
"p1096": 0.0009276664766173478
"p1097": 1.1290058538953523E-05
"p1098": 0.00032553002120649325
"p1099": 0.000733853805031979
"p1100": 0.0002954231984359505
"p1101": 4.516023415581409E-05
"p1102": 7.903040977267465E-05
"p1103": 0.0003180033155138576
"p1104": 0
"p1105": 0
"p1106": 0
"p1107": 0
"p1108": 0
"p1109": 0
"p1110": 0
"p1111": 0
"p1112": 0
"p1113": 0
"p1114": 0
"p1115": 0
"p1116": 0
"p1117": 0
"p1118": 0
"p1119": 0
"p1120": 5.645029269476761E-06
"p1121": 0
"p1122": 0
"p1123": 0
"p1124": 3.7633528463178407E-06
"p1125": 0
"p1126": 0
"p1127": 1.8816764231589204E-06
"p1128": 9.408382115794602E-05
"p1129": 0
"p1130": 2.6343469924224887E-05
"p1131": 6.585867481056221E-05
"p1132": 6.397699838740328E-05
"p1133": 1.1290058538953523E-05
"p1134": 1.3171734962112442E-05
"p1135": 6.962202765688006E-05
"p1136": 1.1290058538953523E-05
"p1137": 0
"p1138": 0
"p1139": 0
"p1140": 7.5267056926356815E-06
"p1141": 0
"p1142": 0
"p1143": 3.7633528463178407E-06
"p1144": 9.784717400426385E-05
"p1145": 0
"p1146": 1.8816764231589203E-05
"p1147": 5.2686939848449775E-05
"p1148": 1.1290058538953523E-05
"p1149": 0
