"p1087": 0.00011478226181269414
"p1088": 0.0001731142309306207
"p1089": 7.5267056926356815E-06
"p1090": 0.0006134265139498082
"p1091": 0.00039891540170969113
"p1092": 0.0001467707610063958
"p1093": 3.7633528463178407E-05
"p1094": 0.00023709122931802397
"p1095": 0.00027284308135804345
"p1096": 3.198849919370165E-05
"p1097": 0
"p1098": 0.0006717584830677345
"p1099": 0.00017875926020009746
"p1100": 3.3870175616860565E-05
"p1101": 0
"p1102": 0.00018064093662325633
"p1103": 0
"p1104": 0
"p1105": 0
"p1106": 0
"p1107": 0
"p1108": 0
"p1109": 0
"p1110": 0
"p1111": 0
"p1112": 0
"p1113": 0
"p1114": 0
"p1115": 0
"p1116": 0
"p1117": 0
"p1118": 0
"p1119": 0
"p1120": 2.0698440654748124E-05
"p1121": 0
"p1122": 8.655711546531035E-05
"p1123": 3.575185204001949E-05
"p1124": 3.7633528463178407E-05
"p1125": 7.5267056926356815E-06
"p1126": 6.021364554108545E-05
"p1127": 5.4568616271608685E-05
"p1128": 0
"p1129": 0
"p1130": 3.3870175616860565E-05
"p1131": 5.645029269476761E-06
"p1132": 1.8816764231589204E-06
"p1133": 0
"p1134": 9.408382115794602E-06
"p1135": 0
"p1136": 1.1290058538953523E-05
"p1137": 0
"p1138": 6.021364554108545E-05
"p1139": 3.0106822770542726E-05
"p1140": 0
"p1141": 0
"p1142": 0
"p1143": 0
"p1144": 0
"p1145": 0
"p1146": 6.774035123372113E-05
"p1147": 1.1290058538953523E-05
"p1148": 3.7633528463178407E-06
"p1149": 0
