"p1087": 0.0006397699838740328
"p1088": 0
"p1089": 0
"p1090": 0
"p1091": 0
"p1092": 0
"p1093": 0
"p1094": 0
"p1095": 0
"p1096": 0
"p1097": 0
"p1098": 0
"p1099": 0
"p1100": 0
"p1101": 0
"p1102": 0
"p1103": 0
"p1104": 0
"p1105": 0
"p1106": 0
"p1107": 0
"p1108": 0
"p1109": 0
"p1110": 0
"p1111": 0
"p1112": 0
"p1113": 0
"p1114": 0
"p1115": 0
"p1116": 0
"p1117": 0
"p1118": 0
"p1119": 0
"p1120": 6.774035123372113E-05
"p1121": 0.00022391949435591154
"p1122": 0.00014300740816007796
"p1123": 0.0004403122830191874
"p1124": 0
"p1125": 1.1290058538953523E-05
"p1126": 0
"p1127": 1.1290058538953523E-05
"p1128": 7.903040977267466E-05
"p1129": 0.00023332787647170616
"p1130": 0.0005381594570234513
"p1131": 0.0016878637515735516
"p1132": 0
"p1133": 3.010682277054273E-05
"p1134": 2.2580117077907045E-05
"p1135": 0.0001392440553137601
"p1136": 0
"p1137": 0
"p1138": 0
"p1139": 0
"p1140": 0
"p1141": 0
"p1142": 0
"p1143": 0
"p1144": 3.7633528463178407E-06
"p1145": 1.1290058538953523E-05
"p1146": 3.0106822770542726E-05
"p1147": 0.00016935087808430283
"p1148": 0
"p1149": 3.7633528463178407E-06
