"p1087": 6.021364554108545E-05
"p1088": 0.0009257848001941887
"p1089": 0.0002088660829706401
"p1090": 0.0005080526342529085
"p1091": 0.0018195811011946757
"p1092": 1.6935087808430282E-05
"p1093": 2.2580117077907045E-05
"p1094": 1.8816764231589204E-06
"p1095": 3.7633528463178407E-06
"p1096": 0.001979523597163184
"p1097": 2.82251463473838E-05
"p1098": 0.0007846590684572697
"p1099": 0.0020679623890516533
"p1100": 0.0006623501009519401
"p1101": 1.5053411385271363E-05
"p1102": 0.00018440428946957417
"p1103": 0.0004421939594423464
"p1104": 0.0014018489352533954
"p1105": 0.0001994577008548456
"p1106": 0.0013322269075965155
"p1107": 0.0026795072265783024
"p1108": 5.645029269476761E-05
"p1109": 2.8225146347383805E-05
"p1110": 1.8816764231589204E-06
"p1111": 3.7633528463178407E-06
"p1112": 0.004570592031853017
"p1113": 5.8331969117926534E-05
"p1114": 0.0036711507015830544
"p1115": 0.00592539905652744
"p1116": 0.0014752343157565934
"p1117": 0
"p1118": 0.0011609943530890537
"p1119": 0.0008787428896152158
"p1120": 0.00023520955289486504
"p1121": 4.327855773265516E-05
"p1122": 0.00011478226181269415
"p1123": 0.0004647740765202533
"p1124": 0
"p1125": 0
"p1126": 0
"p1127": 0
"p1128": 0.0002559079935496132
"p1129": 0
"p1130": 0.00015994249596850823
"p1131": 0.0003594001968233538
"p1132": 0.00011478226181269414
"p1133": 0
"p1134": 6.0213645541085445E-05
"p1135": 7.903040977267466E-05
"p1136": 0.0007921857741499054
"p1137": 2.2580117077907045E-05
"p1138": 0.0011628760295122125
"p1139": 0.0006002547789876956
"p1140": 1.6935087808430282E-05
"p1141": 1.6935087808430282E-05
"p1142": 1.8816764231589204E-06
"p1143": 3.7633528463178407E-06
"p1144": 0.001322818525480721
"p1145": 1.8816764231589204E-06
"p1146": 0.0014470091694092097
"p1147": 0.0006943386001456416
"p1148": 0.0005400411334466102
"p1149": 3.7633528463178407E-06
