"p1087": 0.00012042729108217089
"p1088": 0.001025513650621611
"p1089": 0.0008787428896152158
"p1090": 0.0005663846033708349
"p1091": 0.00043654893017286965
"p1092": 0.000893796301000487
"p1093": 0.0006698768066445758
"p1094": 0.0006472966895666685
"p1095": 0.0006454150131435095
"p1096": 0.0006002547789876955
"p1097": 0.0006585867481056221
"p1098": 0.00022580117077907044
"p1099": 5.268693984844976E-05
"p1100": 0.0003349384033222879
"p1101": 0.0005362777806002922
"p1102": 5.268693984844976E-05
"p1103": 0.00016558752523798505
"p1104": 0
"p1105": 0
"p1106": 0
"p1107": 0
"p1108": 0
"p1109": 0
"p1110": 0
"p1111": 0
"p1112": 0
"p1113": 0
"p1114": 0
"p1115": 0
"p1116": 0
"p1117": 0
"p1118": 0
"p1119": 0
"p1120": 0.002237313267135956
"p1121": 0.004087001191101175
"p1122": 0.0009069680359625996
"p1123": 0.0030784226282879945
"p1124": 0.001748077397114637
"p1125": 0.002820632958315222
"p1126": 0.0008335826554594018
"p1127": 0.003439704501534507
"p1128": 0.0014601809043713223
"p1129": 0.003274116976296522
"p1130": 0.000378216961054943
"p1131": 0.0008693345074994211
"p1132": 0.000543804486292928
"p1133": 0.0012682499092091118
"p1134": 6.0213645541085445E-05
"p1135": 0.0003274116976296522
"p1136": 0.000779014039187793
"p1137": 0.001322818525480721
"p1138": 0.0001486524374295547
"p1139": 0.0005588578976781993
"p1140": 0.0004346672537497106
"p1141": 0.0006134265139498081
"p1142": 0.0001373623788906012
"p1143": 0.00028413313989699703
"p1144": 0.00039891540170969113
"p1145": 0.0009050863595394407
"p1146": 3.387017561686057E-05
"p1147": 9.408382115794602E-05
"p1148": 7.714873334951574E-05
"p1149": 0.00025778966997277205
