"p1087": 7.526705692635683E-05
"p1088": 0.00022015614150959365
"p1089": 0
"p1090": 0.00040644210740232664
"p1091": 0.00010349220327374062
"p1092": 0
"p1093": 0
"p1094": 6.397699838740328E-05
"p1095": 3.7633528463178407E-06
"p1096": 0.0004610107236739353
"p1097": 8.655711546531035E-05
"p1098": 0.005558472154011451
"p1099": 0.0012287347043227752
"p1100": 0.00010913723254321737
"p1101": 3.7633528463178407E-06
"p1102": 0.0010687922083542664
"p1103": 0.00012607232035164768
"p1104": 0
"p1105": 0
"p1106": 0
"p1107": 0
"p1108": 0
"p1109": 0
"p1110": 0
"p1111": 0
"p1112": 0
"p1113": 0
"p1114": 0
"p1115": 0
"p1116": 0
"p1117": 0
"p1118": 0
"p1119": 0
"p1120": 0.00041020546024864445
"p1121": 0
"p1122": 0.0008994413302699635
"p1123": 7.52670569263568E-05
"p1124": 0
"p1125": 0
"p1126": 0.0001448890845832369
"p1127": 7.5267056926356815E-06
"p1128": 0.0022598933842138628
"p1129": 0.00047982748790552463
"p1130": 0.013636509038632698
"p1131": 0.010375563797298287
"p1132": 0.0004666557529434123
"p1133": 1.1290058538953523E-05
"p1134": 0.0024856945549929345
"p1135": 0.0012419064392848872
"p1136": 0.0001034922032737406
"p1137": 0
"p1138": 8.843879188846925E-05
"p1139": 9.408382115794602E-06
"p1140": 0
"p1141": 0
"p1142": 0
"p1143": 0
"p1144": 0.0005099343106760674
"p1145": 0
"p1146": 0.003196968242947005
"p1147": 0.001416902346638667
"p1148": 1.5053411385271363E-05
"p1149": 0
