"p1087": 0.0007507888928404093
"p1088": 1.8816764231589204E-06
"p1089": 2.8225146347383805E-05
"p1090": 1.8816764231589204E-06
"p1091": 0
"p1092": 3.7633528463178407E-06
"p1093": 3.198849919370165E-05
"p1094": 1.8816764231589204E-06
"p1095": 4.516023415581409E-05
"p1096": 0.000259671346395931
"p1097": 0.00025778966997277205
"p1098": 6.962202765688006E-05
"p1099": 0.00016558752523798497
"p1100": 0.0002239194943559115
"p1101": 0.00022391949435591154
"p1102": 0.00011666393823585304
"p1103": 0.0002464996114338186
"p1104": 0.00022956452362538836
"p1105": 0.0004986442521371137
"p1106": 2.6343469924224887E-05
"p1107": 4.1396881309496255E-05
"p1108": 0.00022015614150959378
"p1109": 0.0004158504895181213
"p1110": 1.3171734962112444E-05
"p1111": 0.00013171734962112445
"p1112": 0.001748077397114637
"p1113": 0.0014150206702155078
"p1114": 0.0009163764180783943
"p1115": 0.0004704191057897302
"p1116": 0.0011271241774721934
"p1117": 0.0009954068278510688
"p1118": 0.0007150370408003896
"p1119": 0.000656705071682463
"p1120": 3.7633528463178407E-05
"p1121": 0.00023709122931802397
"p1122": 5.645029269476761E-06
"p1123": 5.080526342529086E-05
"p1124": 3.7633528463178407E-05
"p1125": 0.00023520955289486507
"p1126": 7.5267056926356815E-06
"p1127": 0.00010537387969689952
"p1128": 0.0012080362636680267
"p1129": 0.002801816194083633
"p1130": 0.00029165984558963265
"p1131": 0.0016031883125314
"p1132": 0.0008072391855351768
"p1133": 0.0016220050767629891
"p1134": 0.0002615530228190899
"p1135": 0.0017217339271904122
"p1136": 0.00018064093662325636
"p1137": 0.0008429910375751962
"p1138": 3.575185204001948E-05
"p1139": 9.032046831162818E-05
"p1140": 0.00014865243742955472
"p1141": 0.0005569762212550404
"p1142": 2.634346992422488E-05
"p1143": 0.00018252261304641532
"p1144": 0.0028940183388184194
"p1145": 0.005767338236982091
"p1146": 0.0008768612131920569
"p1147": 0.00275477428350466
"p1148": 0.0012306163807459338
"p1149": 0.002103714241091673
