"p1087": 8.655711546531035E-05
"p1088": 0.0002671980520885667
"p1089": 6.0213645541085445E-05
"p1090": 0.00014112573173691905
"p1091": 0.00018064093662325642
"p1092": 6.209532196424436E-05
"p1093": 0
"p1094": 1.8816764231589204E-06
"p1095": 3.7633528463178407E-06
"p1096": 0.002295645236253883
"p1097": 4.139688130949624E-05
"p1098": 0.003285407034835475
"p1099": 0.001687863751573552
"p1100": 0.00048359084075184255
"p1101": 3.7633528463178407E-06
"p1102": 0.0005024076049834317
"p1103": 0.0001373623788906012
"p1104": 0
"p1105": 0
"p1106": 0
"p1107": 0
"p1108": 0
"p1109": 0
"p1110": 0
"p1111": 0
"p1112": 0
"p1113": 0
"p1114": 0
"p1115": 0
"p1116": 0
"p1117": 0
"p1118": 0
"p1119": 0
"p1120": 0.0005061709578297494
"p1121": 0.0001448890845832369
"p1122": 0.0002916598455896326
"p1123": 0.0002803697870506792
"p1124": 0.00014112573173691902
"p1125": 0
"p1126": 3.7633528463178407E-06
"p1127": 7.5267056926356815E-06
"p1128": 0.007985834739886458
"p1129": 0.0004967625757139551
"p1130": 0.0061098033459970145
"p1131": 0.012238423456225618
"p1132": 0.0013453986425586277
"p1133": 1.5053411385271363E-05
"p1134": 0.0010744372376237437
"p1135": 0.0009502465936952547
"p1136": 6.585867481056221E-05
"p1137": 1.5053411385271363E-05
"p1138": 1.6935087808430282E-05
"p1139": 0.00010349220327374059
"p1140": 0
"p1141": 0
"p1142": 0
"p1143": 0
"p1144": 0.002197798062249619
"p1145": 5.8331969117926534E-05
"p1146": 0.0010217502977752939
"p1147": 0.0017706575141925437
"p1148": 0.0005080526342529086
"p1149": 0
