"p1087": 0.0018572146296578541
"p1088": 6.58586748105622E-05
"p1089": 6.58586748105622E-05
"p1090": 0.00021827446508643477
"p1091": 0.0002559079935496132
"p1092": 0.00011666393823585305
"p1093": 0.00011666393823585305
"p1094": 0.00022391949435591154
"p1095": 0.00029730487485910944
"p1096": 0
"p1097": 0
"p1098": 6.585867481056221E-05
"p1099": 8.467543904215143E-05
"p1100": 1.8816764231589204E-06
"p1101": 4.3278557732655166E-05
"p1102": 7.5267056926356815E-06
"p1103": 4.7041910578973015E-05
"p1104": 0.00022956452362538836
"p1105": 0.00022015614150959375
"p1106": 0.001748077397114637
"p1107": 0.0011271241774721934
"p1108": 0.0004986442521371137
"p1109": 0.00041585048951812124
"p1110": 0.001415020670215508
"p1111": 0.0009954068278510688
"p1112": 2.6343469924224887E-05
"p1113": 1.3171734962112444E-05
"p1114": 0.0009163764180783943
"p1115": 0.0007150370408003896
"p1116": 4.139688130949625E-05
"p1117": 0.00013171734962112445
"p1118": 0.0004704191057897302
"p1119": 0.000656705071682463
"p1120": 0.00020698440654748124
"p1121": 0.0005852013676024243
"p1122": 0.000985998445735274
"p1123": 0.0025252097598792715
"p1124": 0.0003274116976296521
"p1125": 0.0009069680359625995
"p1126": 0.0008147658912278125
"p1127": 0.002290000206984406
"p1128": 3.010682277054273E-05
"p1129": 5.645029269476761E-05
"p1130": 0.00044219395944234633
"p1131": 0.0011911011758595966
"p1132": 3.3870175616860565E-05
"p1133": 0.000141125731736919
"p1134": 0.00012419064392848875
"p1135": 0.00039703372528653225
"p1136": 0.0003067132569749041
"p1137": 0.0007601972749562036
"p1138": 0.0022316682378664796
"p1139": 0.004284577215532861
"p1140": 0.0003838619903244198
"p1141": 0.000846754390421514
"p1142": 0.0014056122880997132
"p1143": 0.0026117668753445817
"p1144": 6.962202765688005E-05
"p1145": 0.00015617914312219042
"p1146": 0.001574963166184016
"p1147": 0.003432177795841872
"p1148": 3.3870175616860565E-05
"p1149": 0.0002182744650864348
