"p1087": 0.00011854561465901197
"p1088": 0.0005757929854866296
"p1089": 0.00017875926020009746
"p1090": 0.002017157125626362
"p1091": 0.0022203781793275253
"p1092": 5.456861627160869E-05
"p1093": 0
"p1094": 3.9515204886337324E-05
"p1095": 3.7633528463178407E-06
"p1096": 0.0008128842148046535
"p1097": 4.516023415581409E-05
"p1098": 0.006798496916873182
"p1099": 0.004440756358655051
"p1100": 0.00029354152201279153
"p1101": 0
"p1102": 0.00162012340033983
"p1103": 0.0005870830440255831
"p1104": 5.456861627160869E-05
"p1105": 1.1290058538953523E-05
"p1106": 0.0004948808992907961
"p1107": 4.139688130949625E-05
"p1108": 1.3171734962112439E-05
"p1109": 0
"p1110": 1.1290058538953523E-05
"p1111": 0
"p1112": 4.139688130949625E-05
"p1113": 0
"p1114": 0.0007357354814551379
"p1115": 3.3870175616860565E-05
"p1116": 3.7633528463178407E-05
"p1117": 0
"p1118": 0.0005833196911792653
"p1119": 0
"p1120": 0.0006567050716824633
"p1121": 0.00021262943581695803
"p1122": 0.0015862532247229698
"p1123": 0.0019080198930831451
"p1124": 4.139688130949625E-05
"p1125": 0
"p1126": 2.6343469924224884E-05
"p1127": 3.7633528463178407E-06
"p1128": 0.00022015614150959367
"p1129": 2.0698440654748124E-05
"p1130": 0.0020980692118221962
"p1131": 0.0015655547840682216
"p1132": 0.00033305672689912887
"p1133": 1.1290058538953523E-05
"p1134": 0.0009596549758110494
"p1135": 0.0006981019529919596
"p1136": 0.00029354152201279164
"p1137": 2.8225146347383805E-05
"p1138": 0.0022015614150959362
"p1139": 0.0006679951302214167
"p1140": 3.7633528463178407E-05
"p1141": 0
"p1142": 1.8816764231589203E-05
"p1143": 3.7633528463178407E-06
"p1144": 0.0003443467854380825
"p1145": 1.8816764231589204E-06
"p1146": 0.004399359477345557
"p1147": 0.0013604520539438993
"p1148": 0.0001862859658927331
"p1149": 3.7633528463178407E-06
