"p1087": 7.150370408003895E-05
"p1088": 0
"p1089": 1.1290058538953523E-05
"p1090": 0
"p1091": 5.645029269476761E-06
"p1092": 0
"p1093": 0
"p1094": 0
"p1095": 0
"p1096": 8.091208619583358E-05
"p1097": 0.0003706902553623073
"p1098": 1.1290058538953523E-05
"p1099": 0.00011290058538953522
"p1100": 0
"p1101": 1.6935087808430286E-05
"p1102": 0
"p1103": 0
"p1104": 1.1290058538953523E-05
"p1105": 0.00013548070246744229
"p1106": 0
"p1107": 2.8225146347383805E-05
"p1108": 0
"p1109": 1.6935087808430282E-05
"p1110": 0
"p1111": 0
"p1112": 0.0005983731025645366
"p1113": 0.0018779130703126027
"p1114": 9.784717400426387E-05
"p1115": 0.0006623501009519399
"p1116": 1.1290058538953523E-05
"p1117": 7.903040977267465E-05
"p1118": 0
"p1119": 3.7633528463178407E-06
"p1120": 0
"p1121": 0
"p1122": 0
"p1123": 0
"p1124": 0
"p1125": 0
"p1126": 0
"p1127": 0
"p1128": 0
"p1129": 0
"p1130": 0
"p1131": 0
"p1132": 0
"p1133": 0
"p1134": 0
"p1135": 0
"p1136": 0
"p1137": 0
"p1138": 0
"p1139": 0
"p1140": 0
"p1141": 0
"p1142": 0
"p1143": 0
"p1144": 0
"p1145": 0
"p1146": 0
"p1147": 0
"p1148": 0
"p1149": 0
