"p1087": 7.903040977267466E-05
"p1088": 4.892358700213193E-05
"p1089": 0
"p1090": 0.0002464996114338186
"p1091": 1.6935087808430282E-05
"p1092": 0.0001825226130464153
"p1093": 0
"p1094": 0.00020886608297064017
"p1095": 1.8816764231589203E-05
"p1096": 0.0005532128684087227
"p1097": 3.198849919370165E-05
"p1098": 0.0027171407550414814
"p1099": 0.0016238867531861482
"p1100": 0.0005852013676024243
"p1101": 0.00018064093662325636
"p1102": 0.0014300740816007794
"p1103": 0.0015862532247229698
"p1104": 9.032046831162818E-05
"p1105": 0
"p1106": 0.001179811117320643
"p1107": 9.408382115794602E-05
"p1108": 0.00034434678543808224
"p1109": 0
"p1110": 0.0008279376261899247
"p1111": 6.774035123372113E-05
"p1112": 0.0008618078018067852
"p1113": 4.516023415581409E-05
"p1114": 0.007880460860189559
"p1115": 0.004894240376636352
"p1116": 0.0006736401594908935
"p1117": 0.00018440428946957422
"p1118": 0.0033644374446081503
"p1119": 0.0026004768168056283
"p1120": 0
"p1121": 0
"p1122": 3.7633528463178407E-05
"p1123": 0
"p1124": 1.3171734962112444E-05
"p1125": 0
"p1126": 3.198849919370164E-05
"p1127": 3.7633528463178407E-06
"p1128": 5.645029269476761E-05
"p1129": 0
"p1130": 0.00046477407652025345
"p1131": 0.00034999181470755914
"p1132": 0.00012419064392848873
"p1133": 3.198849919370165E-05
"p1134": 0.00034999181470755914
"p1135": 0.00038574366674757867
"p1136": 4.3278557732655166E-05
"p1137": 0
"p1138": 0.00032364834478333426
"p1139": 0.00010161052685058169
"p1140": 0.00013171734962112442
"p1141": 0
"p1142": 0.0002333278764717062
"p1143": 9.972885042742278E-05
"p1144": 0.000141125731736919
"p1145": 5.645029269476761E-06
"p1146": 0.0024029007923739415
"p1147": 0.000541922809869769
"p1148": 0.00021827446508643477
"p1149": 3.3870175616860565E-05
