"p1087": 0.0024668777907613446
"p1088": 0
"p1089": 0
"p1090": 0
"p1091": 0
"p1092": 0
"p1093": 0
"p1094": 0
"p1095": 0
"p1096": 0
"p1097": 0
"p1098": 0
"p1099": 0
"p1100": 0
"p1101": 0
"p1102": 0
"p1103": 0
"p1104": 0
"p1105": 0
"p1106": 0
"p1107": 0
"p1108": 0
"p1109": 0
"p1110": 0
"p1111": 0
"p1112": 0
"p1113": 0
"p1114": 0
"p1115": 0
"p1116": 0
"p1117": 0
"p1118": 0
"p1119": 0
"p1120": 1.6935087808430286E-05
"p1121": 0
"p1122": 0
"p1123": 0
"p1124": 1.1290058538953523E-05
"p1125": 0
"p1126": 0
"p1127": 5.645029269476761E-06
"p1128": 0.0001919309951622099
"p1129": 0
"p1130": 4.516023415581409E-05
"p1131": 0.00011854561465901199
"p1132": 7.526705692635681E-05
"p1133": 1.1290058538953523E-05
"p1134": 1.3171734962112442E-05
"p1135": 6.962202765688006E-05
"p1136": 0.00016370584881482606
"p1137": 0
"p1138": 6.774035123372113E-05
"p1139": 2.4461793501065966E-05
"p1140": 8.467543904215141E-05
"p1141": 2.8225146347383805E-05
"p1142": 3.3870175616860565E-05
"p1143": 2.8225146347383805E-05
"p1144": 0.0009276664766173478
"p1145": 1.1290058538953523E-05
"p1146": 0.00032553002120649325
"p1147": 0.000733853805031979
"p1148": 0.0002954231984359505
"p1149": 4.516023415581409E-05
