"p1087": 9.032046831162818E-05
"p1088": 0.00022015614150959375
"p1089": 5.645029269476761E-06
"p1090": 0.002308816971215996
"p1091": 0.00047418245863604784
"p1092": 0.0003405834325917645
"p1093": 8.467543904215141E-05
"p1094": 0.002167691239479077
"p1095": 0.0005532128684087226
"p1096": 1.3171734962112444E-05
"p1097": 0
"p1098": 0.0013510436718281048
"p1099": 0.00015429746669903143
"p1100": 0.00013171734962112445
"p1101": 0
"p1102": 0.0009013230066931224
"p1103": 6.774035123372112E-05
"p1104": 0
"p1105": 0
"p1106": 0
"p1107": 0
"p1108": 0
"p1109": 0
"p1110": 0
"p1111": 0
"p1112": 0
"p1113": 0
"p1114": 0
"p1115": 0
"p1116": 0
"p1117": 0
"p1118": 0
"p1119": 0
"p1120": 0.0010951356782784912
"p1121": 7.714873334951573E-05
"p1122": 0.005428636480813486
"p1123": 0.004290222244802339
"p1124": 0.0013566887010975815
"p1125": 0.00041396881309496247
"p1126": 0.0037313643471241394
"p1127": 0.004363607625305537
"p1128": 0.00017499590735377965
"p1129": 0
"p1130": 0.004024905869136931
"p1131": 0.001981405273586343
"p1132": 0.00029165984558963276
"p1133": 0
"p1134": 0.0017875926020009746
"p1135": 0.00021074775939379907
"p1136": 0.0002653163756654078
"p1137": 0
"p1138": 0.0015580280783755863
"p1139": 0.0007714873334951574
"p1140": 0.0001919309951622099
"p1141": 0
"p1142": 0.0007940674505730644
"p1143": 0.0004723007822128889
"p1144": 3.7633528463178407E-05
"p1145": 0
"p1146": 0.0009803534164657976
"p1147": 0.00026343469924224885
"p1148": 0.00011101890896637629
"p1149": 0
