"p1087": 5.456861627160869E-05
"p1088": 0.0006811668651835291
"p1089": 0.001179811117320643
"p1090": 0.00023520955289486504
"p1091": 0.0014225473759081437
"p1092": 5.645029269476761E-06
"p1093": 3.9515204886337324E-05
"p1094": 0
"p1095": 0
"p1096": 0.001038685385583724
"p1097": 0.002436770967990802
"p1098": 0.00023897290574118285
"p1099": 0.0013792688181754886
"p1100": 0.0003424651090149235
"p1101": 0.000711273687954072
"p1102": 5.2686939848449775E-05
"p1103": 0.00031235828624438084
"p1104": 0.0012343797335922515
"p1105": 0.0017687758377693849
"p1106": 0.00059272807329506
"p1107": 0.001772539190615703
"p1108": 5.645029269476761E-06
"p1109": 8.467543904215141E-05
"p1110": 0
"p1111": 0
"p1112": 0.003323040563298654
"p1113": 0.006252810754157094
"p1114": 0.0010066968863900222
"p1115": 0.0029824571307068897
"p1116": 0.0010311586798910882
"p1117": 0.001674692016611439
"p1118": 0.00022956452362538825
"p1119": 0.0004214955187875981
"p1120": 0.0001373623788906012
"p1121": 0.00031612163909069865
"p1122": 4.139688130949625E-05
"p1123": 0.0003424651090149235
"p1124": 0
"p1125": 0
"p1126": 0
"p1127": 0
"p1128": 0.0001580608195453493
"p1129": 0.0003725719317854662
"p1130": 3.198849919370165E-05
"p1131": 0.0002220378179327526
"p1132": 6.021364554108545E-05
"p1133": 0.0001373623788906012
"p1134": 1.3171734962112444E-05
"p1135": 3.575185204001948E-05
"p1136": 0.0006830485416066882
"p1137": 0.0007545522456867272
"p1138": 0.0005833196911792654
"p1139": 0.0004647740765202534
"p1140": 5.645029269476761E-06
"p1141": 3.3870175616860565E-05
"p1142": 0
"p1143": 0
"p1144": 0.0010405670620068828
"p1145": 0.0013510436718281048
"p1146": 0.0005983731025645366
"p1147": 0.00031800331551385747
"p1148": 0.00029354152201279153
"p1149": 0.0005268693984844978
