"p1087": 0.00039327037244021434
"p1088": 0
"p1089": 6.585867481056221E-05
"p1090": 3.7633528463178407E-05
"p1091": 0.00020698440654748124
"p1092": 3.7633528463178407E-06
"p1093": 0.00022015614150959367
"p1094": 3.7633528463178407E-05
"p1095": 0.00014865243742955472
"p1096": 0.0002239194943559115
"p1097": 0.0005852013676024243
"p1098": 0.0012682499092091125
"p1099": 0.0031217011860206496
"p1100": 0.0003010682277054272
"p1101": 0.0007601972749562039
"p1102": 0.000730090452185661
"p1103": 0.0020096304199337268
"p1104": 5.645029269476761E-06
"p1105": 0.00011666393823585305
"p1106": 0.0002916598455896327
"p1107": 0.0009314298294636654
"p1108": 3.198849919370164E-05
"p1109": 0.0004158504895181212
"p1110": 0.0002352095528948651
"p1111": 0.0005569762212550403
"p1112": 0.00041208713667180354
"p1113": 0.0009069680359625993
"p1114": 0.004150978189488578
"p1115": 0.007442030253593529
"p1116": 0.00048359084075184244
"p1117": 0.000846754390421514
"p1118": 0.0018402795418494243
"p1119": 0.0032364834478333434
"p1120": 0
"p1121": 0
"p1122": 5.645029269476761E-06
"p1123": 3.198849919370165E-05
"p1124": 1.8816764231589204E-06
"p1125": 1.3171734962112444E-05
"p1126": 7.5267056926356815E-06
"p1127": 2.634346992422488E-05
"p1128": 4.139688130949625E-05
"p1129": 5.645029269476761E-05
"p1130": 0.00022580117077907047
"p1131": 0.0005475678391392458
"p1132": 6.0213645541085445E-05
"p1133": 0.00015617914312219042
"p1134": 0.00014112573173691902
"p1135": 0.0005042892814065906
"p1136": 1.8816764231589203E-05
"p1137": 4.3278557732655166E-05
"p1138": 0.00012230896750532982
"p1139": 0.0002709614049348845
"p1140": 4.516023415581409E-05
"p1141": 0.00013171734962112442
"p1142": 0.00010537387969689952
"p1143": 0.0001825226130464153
"p1144": 0.00017123255450746173
"p1145": 0.000141125731736919
"p1146": 0.0013435169661354688
"p1147": 0.0012851849970175427
"p1148": 0.0002897781691664737
"p1149": 0.00021827446508643477
