"p1087": 0.00010725555612005847
"p1088": 0.0001862859658927332
"p1089": 0.00041020546024864466
"p1090": 2.6343469924224887E-05
"p1091": 4.1396881309496255E-05
"p1092": 0.00018252261304641535
"p1093": 0.00034434678543808234
"p1094": 1.3171734962112444E-05
"p1095": 0.00013171734962112445
"p1096": 0.0014601809043713223
"p1097": 0.0012626048799396355
"p1098": 0.0007470255399940914
"p1099": 0.0004704191057897302
"p1100": 0.0009991701806973867
"p1101": 0.0009050863595394406
"p1102": 0.000658586748105622
"p1103": 0.000656705071682463
"p1104": 0
"p1105": 0
"p1106": 0
"p1107": 0
"p1108": 0
"p1109": 0
"p1110": 0
"p1111": 0
"p1112": 0
"p1113": 0
"p1114": 0
"p1115": 0
"p1116": 0
"p1117": 0
"p1118": 0
"p1119": 0
"p1120": 0.00022768284720222942
"p1121": 0.0010010518571205453
"p1122": 3.3870175616860565E-05
"p1123": 0.0001279539967748066
"p1124": 0.00020886608297064022
"p1125": 0.0008279376261899246
"p1126": 3.198849919370164E-05
"p1127": 0.00023332787647170616
"p1128": 0.0035319066462692937
"p1129": 0.007022416411229092
"p1130": 0.0012550781742469998
"p1131": 0.0039044785780547606
"p1132": 0.001938126715853688
"p1133": 0.003394544267378694
"p1134": 0.0008561627725373088
"p1135": 0.0034622846186124143
"p1136": 3.575185204001949E-05
"p1137": 0.00019569434800852773
"p1138": 9.408382115794602E-06
"p1139": 1.3171734962112444E-05
"p1140": 1.8816764231589203E-05
"p1141": 6.774035123372113E-05
"p1142": 3.7633528463178407E-06
"p1143": 9.972885042742276E-05
"p1144": 0.0011214791482027165
"p1145": 0.002084897476860084
"p1146": 0.0001749959073537796
"p1147": 0.0006491783659898275
"p1148": 0.0004647740765202534
"p1149": 0.0007696056570719984
