"p1087": 0.0003556368439770359
"p1088": 0.00022956452362538836
"p1089": 0.00022015614150959375
"p1090": 0.0014319557580239387
"p1091": 0.0010179869449289758
"p1092": 0.0004421939594423463
"p1093": 0.0003857436667475786
"p1094": 0.0012306163807459338
"p1095": 0.0009502465936952548
"p1096": 2.6343469924224887E-05
"p1097": 1.3171734962112444E-05
"p1098": 0.000780895715610952
"p1099": 0.0006698768066445756
"p1100": 4.139688130949625E-05
"p1101": 0.00013171734962112445
"p1102": 0.00036880857893914845
"p1103": 0.0005475678391392457
"p1104": 0
"p1105": 0
"p1106": 0
"p1107": 0
"p1108": 0
"p1109": 0
"p1110": 0
"p1111": 0
"p1112": 0
"p1113": 0
"p1114": 0
"p1115": 0
"p1116": 0
"p1117": 0
"p1118": 0
"p1119": 0
"p1120": 0.00045348401798129976
"p1121": 0.0011722844116280069
"p1122": 0.002867674868894195
"p1123": 0.005767338236982091
"p1124": 0.0007714873334951571
"p1125": 0.0017537224263841139
"p1126": 0.0021319393874390563
"p1127": 0.004698546028627824
"p1128": 8.843879188846925E-05
"p1129": 0.00017499590735377965
"p1130": 0.0017857109255778152
"p1131": 0.003825448168282086
"p1132": 6.585867481056221E-05
"p1133": 0.00029165984558963276
"p1134": 0.0005889647204487421
"p1135": 0.001313410143364926
"p1136": 0.00012607232035164766
"p1137": 0.0002653163756654078
"p1138": 0.0009013230066931227
"p1139": 0.0015260395791818842
"p1140": 0.0001223089675053298
"p1141": 0.0001919309951622099
"p1142": 0.0005249877220613388
"p1143": 0.0007037469822614362
"p1144": 1.1290058538953523E-05
"p1145": 3.7633528463178407E-05
"p1146": 0.00043278557732655173
"p1147": 0.0009502465936952547
"p1148": 3.7633528463178407E-06
"p1149": 0.00011101890896637629
