"p1087": 0.0002427362585875007
"p1088": 0.0012136812929375036
"p1089": 0.00019569434800852776
"p1090": 0.0009182580945015531
"p1091": 0.0024348892915676424
"p1092": 3.7633528463178407E-05
"p1093": 2.6343469924224887E-05
"p1094": 1.8816764231589204E-06
"p1095": 3.7633528463178407E-06
"p1096": 0.004282695539109703
"p1097": 5.8331969117926534E-05
"p1098": 0.0026192935810372166
"p1099": 0.005229178779958639
"p1100": 0.0010405670620068825
"p1101": 0
"p1102": 0.0005550945448318816
"p1103": 0.0006134265139498081
"p1104": 0.00015053411385271363
"p1105": 7.5267056926356815E-06
"p1106": 0.00028789649274331484
"p1107": 8.091208619583358E-05
"p1108": 1.1290058538953523E-05
"p1109": 3.7633528463178407E-06
"p1110": 0
"p1111": 0
"p1112": 0.0001674692016611439
"p1113": 0
"p1114": 0.0005268693984844977
"p1115": 6.774035123372113E-05
"p1116": 0.00022015614150959365
"p1117": 0
"p1118": 0.00034246510901492347
"p1119": 3.3870175616860565E-05
"p1120": 0.0010255136506216117
"p1121": 0.00023144620004854718
"p1122": 0.0007752506863414753
"p1123": 0.002256130031367545
"p1124": 2.4461793501065963E-05
"p1125": 1.6935087808430282E-05
"p1126": 1.8816764231589204E-06
"p1127": 3.7633528463178407E-06
"p1128": 0.001157231000242736
"p1129": 1.5053411385271363E-05
"p1130": 0.001083845619739538
"p1131": 0.0020660807126284945
"p1132": 0.000570147956217153
"p1133": 1.5053411385271363E-05
"p1134": 0.00039891540170969113
"p1135": 0.0005889647204487421
"p1136": 0.0010273953270447703
"p1137": 5.080526342529084E-05
"p1138": 0.0012306163807459338
"p1139": 0.0008730978603457389
"p1140": 1.6935087808430282E-05
"p1141": 2.0698440654748124E-05
"p1142": 1.8816764231589204E-06
"p1143": 3.7633528463178407E-06
"p1144": 0.002585423405420356
"p1145": 1.5053411385271363E-05
"p1146": 0.0019193099516220985
"p1147": 0.0017254972800367294
"p1148": 0.0009615366522342084
"p1149": 3.7633528463178407E-06
