"p1087": 0.00017123255450746173
"p1088": 0.00012419064392848875
"p1089": 0
"p1090": 2.82251463473838E-05
"p1091": 0.00010161052685058171
"p1092": 5.8331969117926534E-05
"p1093": 1.1290058538953523E-05
"p1094": 1.3171734962112442E-05
"p1095": 6.962202765688006E-05
"p1096": 8.467543904215143E-05
"p1097": 0
"p1098": 1.6935087808430286E-05
"p1099": 1.6935087808430286E-05
"p1100": 2.8225146347383808E-05
"p1101": 0
"p1102": 0
"p1103": 5.645029269476761E-06
"p1104": 0.0004760641350592069
"p1105": 1.1290058538953523E-05
"p1106": 0.00015617914312219037
"p1107": 0.0005231060456381799
"p1108": 0.0001938126715853688
"p1109": 5.080526342529086E-05
"p1110": 6.774035123372114E-05
"p1111": 0.00031423996266753977
"p1112": 0.0005306327513308156
"p1113": 0
"p1114": 0.00014677076100639576
"p1115": 0.00021451111224011693
"p1116": 0.0001580608195453493
"p1117": 0
"p1118": 2.2580117077907045E-05
"p1119": 3.7633528463178407E-05
"p1120": 0
"p1121": 0
"p1122": 0
"p1123": 0
"p1124": 0
"p1125": 0
"p1126": 0
"p1127": 0
"p1128": 0
"p1129": 0
"p1130": 0
"p1131": 0
"p1132": 0
"p1133": 0
"p1134": 0
"p1135": 0
"p1136": 0
"p1137": 0
"p1138": 0
"p1139": 0
"p1140": 0
"p1141": 0
"p1142": 0
"p1143": 0
"p1144": 0
"p1145": 0
"p1146": 0
"p1147": 0
"p1148": 0
"p1149": 0
