"p1087": 0.0005231060456381799
"p1088": 6.58586748105622E-05
"p1089": 0
"p1090": 0.0003292933740528111
"p1091": 0.00010725555612005845
"p1092": 9.408382115794602E-05
"p1093": 3.387017561686057E-05
"p1094": 0.00041020546024864466
"p1095": 0.0001749959073537796
"p1096": 0
"p1097": 0
"p1098": 9.784717400426387E-05
"p1099": 3.7633528463178407E-06
"p1100": 4.3278557732655166E-05
"p1101": 0
"p1102": 5.080526342529086E-05
"p1103": 7.5267056926356815E-06
"p1104": 0.00022015614150959375
"p1105": 5.645029269476761E-06
"p1106": 0.0027303124900035945
"p1107": 0.0005964914261413776
"p1108": 0.00037069025536230716
"p1109": 8.467543904215141E-05
"p1110": 0.002449942702952915
"p1111": 0.0006472966895666684
"p1112": 1.3171734962112444E-05
"p1113": 0
"p1114": 0.0015260395791818848
"p1115": 0.00021074775939379907
"p1116": 0.00013171734962112445
"p1117": 0
"p1118": 0.001112070766086922
"p1119": 6.774035123372112E-05
"p1120": 0.0005532128684087226
"p1121": 3.198849919370165E-05
"p1122": 0.002103714241091673
"p1123": 0.0015655547840682216
"p1124": 0.0006999836294151185
"p1125": 0.00020698440654748124
"p1126": 0.001539211314143997
"p1127": 0.0019249549808915754
"p1128": 5.645029269476761E-05
"p1129": 0
"p1130": 0.0011685210587816896
"p1131": 0.000402678754556009
"p1132": 0.000141125731736919
"p1133": 0
"p1134": 0.00044407563586550526
"p1135": 0.00011290058538953523
"p1136": 0.0007150370408003895
"p1137": 4.516023415581409E-05
"p1138": 0.0040136158105979775
"p1139": 0.0032421284771028203
"p1140": 0.0006736401594908935
"p1141": 0.0001731142309306207
"p1142": 0.0021601645337864404
"p1143": 0.0025778966997277207
"p1144": 0.00015617914312219042
"p1145": 0
"p1146": 0.0035413150283850883
"p1147": 0.0017819475727314975
"p1148": 0.0002182744650864348
"p1149": 0
