"p1087": 0.0023125803240623133
"p1088": 0
"p1089": 0
"p1090": 3.7633528463178407E-06
"p1091": 2.8225146347383805E-05
"p1092": 3.7633528463178407E-06
"p1093": 5.645029269476761E-05
"p1094": 3.7633528463178407E-06
"p1095": 1.8816764231589203E-05
"p1096": 6.58586748105622E-05
"p1097": 6.58586748105622E-05
"p1098": 0.0002803697870506791
"p1099": 0.00031235828624438084
"p1100": 0.00011666393823585305
"p1101": 0.00011290058538953522
"p1102": 0.0002276828472022294
"p1103": 0.0003255300212064932
"p1104": 2.0698440654748124E-05
"p1105": 5.645029269476761E-05
"p1106": 0.0002446179350106597
"p1107": 0.0005061709578297493
"p1108": 5.645029269476761E-05
"p1109": 0.0002747247577812022
"p1110": 0.00021262943581695808
"p1111": 0.0003631635496696715
"p1112": 0.0002446179350106597
"p1113": 0.00021262943581695806
"p1114": 0.0024668777907613446
"p1115": 0.0015655547840682216
"p1116": 0.0005061709578297493
"p1117": 0.00036316354966967155
"p1118": 0.0015655547840682216
"p1119": 0.0013002384084028142
"p1120": 0
"p1121": 6.585867481056221E-05
"p1122": 4.327855773265517E-05
"p1123": 0.0002389729057411829
"p1124": 3.7633528463178407E-06
"p1125": 0.00021262943581695803
"p1126": 4.516023415581409E-05
"p1127": 0.0001749959073537796
"p1128": 0.0002258011707790704
"p1129": 0.0006247165724887617
"p1130": 0.0013642154067902172
"p1131": 0.0035431967048082475
"p1132": 0.0003349384033222878
"p1133": 0.000895677977423646
"p1134": 0.0008429910375751964
"p1135": 0.0024725228200308215
"p1136": 3.7633528463178407E-06
"p1137": 0.00011290058538953522
"p1138": 0.00021639278866327584
"p1139": 0.0008486360668446729
"p1140": 1.8816764231589203E-05
"p1141": 0.0003631635496696715
"p1142": 0.0001749959073537796
"p1143": 0.00047606413505920677
"p1144": 0.0003763352846317842
"p1145": 0.0008956779774236459
"p1146": 0.0036165820853114447
"p1147": 0.00742133181293878
"p1148": 0.00039515204886337327
"p1149": 0.0008053575091120178
