"p1087": 0.00011478226181269414
"p1088": 0.0002973048748591094
"p1089": 8.467543904215141E-05
"p1090": 0.002218496502904368
"p1091": 0.0005532128684087226
"p1092": 5.268693984844977E-05
"p1093": 0
"p1094": 3.3870175616860565E-05
"p1095": 3.7633528463178407E-06
"p1096": 0.00017123255450746176
"p1097": 1.8816764231589204E-06
"p1098": 0.0033305672689912897
"p1099": 0.0006058998082571723
"p1100": 0.00018440428946957428
"p1101": 3.7633528463178407E-06
"p1102": 0.0014582992279481635
"p1103": 0.0001467707610063958
"p1104": 0
"p1105": 0
"p1106": 0
"p1107": 0
"p1108": 0
"p1109": 0
"p1110": 0
"p1111": 0
"p1112": 0
"p1113": 0
"p1114": 0
"p1115": 0
"p1116": 0
"p1117": 0
"p1118": 0
"p1119": 0
"p1120": 0.001228734704322775
"p1121": 0.00041396881309496247
"p1122": 0.00383485655039788
"p1123": 0.004245062010646524
"p1124": 0.00010161052685058167
"p1125": 0
"p1126": 7.33853805031979E-05
"p1127": 7.5267056926356815E-06
"p1128": 0.0010273953270447703
"p1129": 6.585867481056221E-05
"p1130": 0.009246557943402936
"p1131": 0.006154963580152829
"p1132": 0.0006096631611034902
"p1133": 1.1290058538953523E-05
"p1134": 0.0029918655128226843
"p1135": 0.0013510436718281046
"p1136": 0.00016935087808430283
"p1137": 0
"p1138": 0.0008222925969204481
"p1139": 0.00045724737082761756
"p1140": 7.5267056926356815E-06
"p1141": 0
"p1142": 0
"p1143": 0
"p1144": 0.00034058343259176464
"p1145": 0
"p1146": 0.002346450499679174
"p1147": 0.0009822350928889562
"p1148": 0.00011101890896637629
"p1149": 0
