"p1087": 2.2580117077907045E-05
"p1088": 0.00018252261304641535
"p1089": 0.0003217666683601753
"p1090": 1.3171734962112444E-05
"p1091": 0.00013171734962112445
"p1092": 5.645029269476761E-06
"p1093": 6.209532196424436E-05
"p1094": 0
"p1095": 0
"p1096": 0.0024273625858750075
"p1097": 0.002237313267135957
"p1098": 0.0013510436718281048
"p1099": 0.0011120707660869215
"p1100": 0.0004064421074023267
"p1101": 0.0004892358700213193
"p1102": 0.00014300740816007796
"p1103": 6.774035123372112E-05
"p1104": 0
"p1105": 0
"p1106": 0
"p1107": 0
"p1108": 0
"p1109": 0
"p1110": 0
"p1111": 0
"p1112": 0
"p1113": 0
"p1114": 0
"p1115": 0
"p1116": 0
"p1117": 0
"p1118": 0
"p1119": 0
"p1120": 0.00020886608297064022
"p1121": 0.00074890721641725
"p1122": 3.198849919370164E-05
"p1123": 0.00023332787647170616
"p1124": 1.1290058538953523E-05
"p1125": 0.00014112573173691902
"p1126": 0
"p1127": 0
"p1128": 0.0052912741019228845
"p1129": 0.010958883488477558
"p1130": 0.0019908136557021372
"p1131": 0.007513533957673568
"p1132": 0.0009013230066931227
"p1133": 0.0016445851938408963
"p1134": 0.00025402631712645424
"p1135": 0.0003838619903244198
"p1136": 1.8816764231589203E-05
"p1137": 7.903040977267465E-05
"p1138": 3.7633528463178407E-06
"p1139": 9.972885042742276E-05
"p1140": 0
"p1141": 0
"p1142": 0
"p1143": 0
"p1144": 0.001430074081600779
"p1145": 0.0027284308135804344
"p1146": 0.000306713256974904
"p1147": 0.0009502465936952548
"p1148": 0.0002747247577812024
"p1149": 0.0005475678391392459
