"p1087": 0.00028225146347383805
"p1088": 0.0002878964927433148
"p1089": 0.00073197212860882
"p1090": 0.0007056286586845952
"p1091": 0.0018496879239652186
"p1092": 0
"p1093": 3.9515204886337324E-05
"p1094": 5.645029269476761E-06
"p1095": 1.6935087808430282E-05
"p1096": 0.0001806409366232563
"p1097": 0.00045724737082761767
"p1098": 0.0011534676473964182
"p1099": 0.0030012738949384784
"p1100": 0.00010725555612005845
"p1101": 0.0003180033155138576
"p1102": 0.0003612818732465127
"p1103": 0.0009107313888089176
"p1104": 0.0004233771952107572
"p1105": 0.0008053575091120178
"p1106": 0.0016031883125313998
"p1107": 0.0027980528412373143
"p1108": 0
"p1109": 7.338538050319788E-05
"p1110": 5.645029269476761E-06
"p1111": 5.645029269476761E-05
"p1112": 0.000447838988711823
"p1113": 0.0009126130652320761
"p1114": 0.004173558306566486
"p1115": 0.007978308034193821
"p1116": 9.596549758110491E-05
"p1117": 0.000329293374052811
"p1118": 0.0012663682327859534
"p1119": 0.0019475350979694826
"p1120": 6.0213645541085445E-05
"p1121": 0.00015241579027587256
"p1122": 0.00013548070246744229
"p1123": 0.0004647740765202533
"p1124": 0
"p1125": 0
"p1126": 0
"p1127": 0
"p1128": 3.0106822770542726E-05
"p1129": 2.2580117077907045E-05
"p1130": 0.0001731142309306207
"p1131": 0.00047982748790552474
"p1132": 1.3171734962112444E-05
"p1133": 5.080526342529085E-05
"p1134": 7.150370408003896E-05
"p1135": 0.00016558752523798502
"p1136": 0.0002766064342043613
"p1137": 0.0002201561415095937
"p1138": 0.0009558916229647316
"p1139": 0.0009803534164657974
"p1140": 0
"p1141": 3.3870175616860565E-05
"p1142": 5.645029269476761E-06
"p1143": 1.6935087808430282E-05
"p1144": 0.00011854561465901196
"p1145": 8.843879188846925E-05
"p1146": 0.0014432458165628919
"p1147": 0.001445127492986051
"p1148": 0.0001223089675053298
"p1149": 0.000141125731736919
