"p1087": 9.784717400426387E-05
"p1088": 0.0001768775837769385
"p1089": 0
"p1090": 5.268693984844976E-05
"p1091": 6.585867481056221E-05
"p1092": 0.00012607232035164766
"p1093": 6.585867481056221E-05
"p1094": 4.704191057897301E-05
"p1095": 0.00012042729108217089
"p1096": 0.0019926953321252965
"p1097": 4.327855773265516E-05
"p1098": 0.0008260559497667661
"p1099": 0.0021469927988243278
"p1100": 0.0010386853855837237
"p1101": 0.0002088660829706401
"p1102": 0.0005287510749076566
"p1103": 0.0018233444540409934
"p1104": 0.0007677239806488389
"p1105": 0
"p1106": 0.0003857436667475785
"p1107": 0.00017311423093062064
"p1108": 0.0004892358700213192
"p1109": 9.22021447347871E-05
"p1110": 0.00026531637566540783
"p1111": 0.00024649961143381863
"p1112": 0.0041660316008738495
"p1113": 5.8331969117926534E-05
"p1114": 0.0038122764333199735
"p1115": 0.005526483654817749
"p1116": 0.001791355954847292
"p1117": 0.0001994577008548456
"p1118": 0.0015354479612976794
"p1119": 0.0027058506965025276
"p1120": 3.198849919370165E-05
"p1121": 0
"p1122": 5.645029269476761E-06
"p1123": 0
"p1124": 2.634346992422488E-05
"p1125": 0
"p1126": 5.645029269476761E-06
"p1127": 1.6935087808430286E-05
"p1128": 0.0002803697870506791
"p1129": 0
"p1130": 0.00020322105370116343
"p1131": 0.0004214955187875981
"p1132": 0.0002671980520885667
"p1133": 4.327855773265516E-05
"p1134": 0.0001204272910821709
"p1135": 0.0004647740765202533
"p1136": 0.00026343469924224885
"p1137": 0
"p1138": 7.150370408003896E-05
"p1139": 0.00011666393823585305
"p1140": 0.0001919309951622099
"p1141": 3.3870175616860565E-05
"p1142": 5.833196911792653E-05
"p1143": 0.00012983567319796546
"p1144": 0.0011553493238195772
"p1145": 5.645029269476761E-06
"p1146": 0.0013303452311733569
"p1147": 0.0007357354814551379
"p1148": 0.0009464832408489367
"p1149": 2.2580117077907045E-05
