"p1087": 0.0001542974666990315
"p1088": 0.00015053411385271363
"p1089": 0.0007282087757625021
"p1090": 3.3870175616860565E-05
"p1091": 9.032046831162818E-05
"p1092": 0.00012607232035164766
"p1093": 0.0004892358700213191
"p1094": 2.634346992422488E-05
"p1095": 0.00019193099516220995
"p1096": 0.0025515532298034955
"p1097": 0.004956335698600597
"p1098": 0.000756433922109886
"p1099": 0.0024781678493002992
"p1100": 0.0011214791482027163
"p1101": 0.0018214627776178347
"p1102": 0.0004873541935981604
"p1103": 0.0016558752523798499
"p1104": 7.903040977267465E-05
"p1105": 9.596549758110493E-05
"p1106": 0
"p1107": 0
"p1108": 6.585867481056221E-05
"p1109": 9.22021447347871E-05
"p1110": 0
"p1111": 3.3870175616860565E-05
"p1112": 0.000451602341558141
"p1113": 0.00024085458216434183
"p1114": 0.0002201561415095937
"p1115": 6.774035123372113E-05
"p1116": 0.0002389729057411829
"p1117": 0.00016182417239166716
"p1118": 0.00010725555612005845
"p1119": 8.091208619583358E-05
"p1120": 3.387017561686057E-05
"p1121": 0.00018440428946957417
"p1122": 0
"p1123": 3.7633528463178407E-05
"p1124": 4.704191057897301E-05
"p1125": 0.0002653163756654078
"p1126": 5.645029269476761E-06
"p1127": 5.833196911792652E-05
"p1128": 0.000822292596920448
"p1129": 0.0020002220378179322
"p1130": 0.00034622846186124133
"p1131": 0.0014545358751018454
"p1132": 0.000709392011530913
"p1133": 0.0015015777856808184
"p1134": 0.00032929337405281106
"p1135": 0.0017537224263841137
"p1136": 0.00013548070246744229
"p1137": 0.00041773216594128033
"p1138": 3.575185204001949E-05
"p1139": 5.456861627160869E-05
"p1140": 0.0001204272910821709
"p1141": 0.0002464996114338186
"p1142": 1.6935087808430286E-05
"p1143": 0.0001298356731979655
"p1144": 0.0017123255450746172
"p1145": 0.0027717093713130895
"p1146": 0.0007018653058382772
"p1147": 0.0008317009790362428
"p1148": 0.000920139770924712
"p1149": 0.001347280318981787
