"p1087": 0.0005739113090634706
"p1088": 1.1290058538953523E-05
"p1089": 0.0002201561415095937
"p1090": 0
"p1091": 2.4461793501065966E-05
"p1092": 1.1290058538953523E-05
"p1093": 0.00013548070246744229
"p1094": 0
"p1095": 2.8225146347383805E-05
"p1096": 0.00039327037244021434
"p1097": 0.0011497042945501005
"p1098": 6.774035123372114E-05
"p1099": 0.00038762534317073754
"p1100": 0.0001373623788906012
"p1101": 0.00033870175616860566
"p1102": 3.010682277054273E-05
"p1103": 0.00023144620004854718
"p1104": 0
"p1105": 0
"p1106": 0
"p1107": 0
"p1108": 0
"p1109": 0
"p1110": 0
"p1111": 0
"p1112": 0
"p1113": 0
"p1114": 0
"p1115": 0
"p1116": 0
"p1117": 0
"p1118": 0
"p1119": 0
"p1120": 0
"p1121": 5.645029269476761E-06
"p1122": 0
"p1123": 0
"p1124": 0
"p1125": 3.7633528463178407E-06
"p1126": 0
"p1127": 1.8816764231589204E-06
"p1128": 2.6343469924224887E-05
"p1129": 0.00011478226181269414
"p1130": 5.645029269476761E-06
"p1131": 3.9515204886337324E-05
"p1132": 2.4461793501065963E-05
"p1133": 7.714873334951574E-05
"p1134": 5.645029269476761E-06
"p1135": 5.080526342529084E-05
"p1136": 0
"p1137": 1.1290058538953523E-05
"p1138": 0
"p1139": 0
"p1140": 0
"p1141": 7.5267056926356815E-06
"p1142": 0
"p1143": 3.7633528463178407E-06
"p1144": 3.0106822770542726E-05
"p1145": 0.00011666393823585308
"p1146": 0
"p1147": 2.2580117077907045E-05
"p1148": 0
"p1149": 1.1290058538953523E-05
