"p1087": 0.0002653163756654078
"p1088": 0
"p1089": 0
"p1090": 0
"p1091": 0
"p1092": 0
"p1093": 0
"p1094": 0
"p1095": 0
"p1096": 0
"p1097": 0
"p1098": 0
"p1099": 0
"p1100": 0
"p1101": 0
"p1102": 0
"p1103": 0
"p1104": 0
"p1105": 0
"p1106": 0
"p1107": 0
"p1108": 0
"p1109": 0
"p1110": 0
"p1111": 0
"p1112": 0
"p1113": 0
"p1114": 0
"p1115": 0
"p1116": 0
"p1117": 0
"p1118": 0
"p1119": 0
"p1120": 6.39769983874033E-05
"p1121": 0.0002013393772780045
"p1122": 0.0002897781691664738
"p1123": 0.0007733690099183163
"p1124": 6.774035123372113E-05
"p1125": 0.0002295645236253883
"p1126": 0.00014300740816007796
"p1127": 0.00040644210740232686
"p1128": 9.408382115794602E-06
"p1129": 3.198849919370165E-05
"p1130": 0.00018064093662325636
"p1131": 0.0006999836294151184
"p1132": 0
"p1133": 3.575185204001949E-05
"p1134": 2.2580117077907045E-05
"p1135": 0.0001674692016611439
"p1136": 3.7633528463178407E-06
"p1137": 1.1290058538953523E-05
"p1138": 1.8816764231589203E-05
"p1139": 6.774035123372114E-05
"p1140": 0
"p1141": 0
"p1142": 0
"p1143": 0
"p1144": 0
"p1145": 0
"p1146": 1.1290058538953523E-05
"p1147": 6.774035123372113E-05
"p1148": 0
"p1149": 3.7633528463178407E-06
