"p1087": 0.00015053411385271363
"p1088": 0
"p1089": 0
"p1090": 0
"p1091": 0
"p1092": 0
"p1093": 0
"p1094": 0
"p1095": 0
"p1096": 0
"p1097": 0
"p1098": 0
"p1099": 0
"p1100": 0
"p1101": 0
"p1102": 0
"p1103": 0
"p1104": 0
"p1105": 0
"p1106": 0
"p1107": 0
"p1108": 0
"p1109": 0
"p1110": 0
"p1111": 0
"p1112": 0
"p1113": 0
"p1114": 0
"p1115": 0
"p1116": 0
"p1117": 0
"p1118": 0
"p1119": 0
"p1120": 0.0005475678391392458
"p1121": 1.1290058538953523E-05
"p1122": 0.0001768775837769385
"p1123": 0.0005833196911792654
"p1124": 0.00025214464070329537
"p1125": 6.209532196424438E-05
"p1126": 8.091208619583358E-05
"p1127": 0.0003838619903244198
"p1128": 0.0005588578976781994
"p1129": 0
"p1130": 0.00015241579027587256
"p1131": 0.0002201561415095937
"p1132": 0.0001674692016611439
"p1133": 0
"p1134": 2.2580117077907045E-05
"p1135": 3.9515204886337324E-05
"p1136": 5.2686939848449775E-05
"p1137": 0
"p1138": 7.5267056926356815E-06
"p1139": 4.139688130949625E-05
"p1140": 0
"p1141": 0
"p1142": 0
"p1143": 0
"p1144": 5.6450292694767617E-05
"p1145": 0
"p1146": 1.1290058538953523E-05
"p1147": 1.1290058538953523E-05
"p1148": 1.8816764231589203E-05
"p1149": 0
