"p1087": 0.0007150370408003896
"p1088": 2.2580117077907045E-05
"p1089": 0
"p1090": 0.0002427362585875007
"p1091": 0
"p1092": 6.209532196424436E-05
"p1093": 0
"p1094": 0.00014112573173691902
"p1095": 0
"p1096": 0.00019945770085484557
"p1097": 7.5267056926356815E-06
"p1098": 0.001228734704322775
"p1099": 0.0005776746619097885
"p1100": 0.00013548070246744229
"p1101": 3.7633528463178407E-05
"p1102": 0.00034999181470755914
"p1103": 0.00027284308135804345
"p1104": 0
"p1105": 0
"p1106": 0
"p1107": 0
"p1108": 0
"p1109": 0
"p1110": 0
"p1111": 0
"p1112": 0
"p1113": 0
"p1114": 0
"p1115": 0
"p1116": 0
"p1117": 0
"p1118": 0
"p1119": 0
"p1120": 0
"p1121": 0
"p1122": 5.645029269476761E-06
"p1123": 0
"p1124": 1.8816764231589204E-06
"p1125": 0
"p1126": 3.7633528463178407E-06
"p1127": 0
"p1128": 2.0698440654748124E-05
"p1129": 0
"p1130": 0.00011478226181269414
"p1131": 4.139688130949625E-05
"p1132": 3.7633528463178407E-05
"p1133": 7.5267056926356815E-06
"p1134": 6.585867481056221E-05
"p1135": 5.4568616271608685E-05
"p1136": 0
"p1137": 0
"p1138": 1.1290058538953523E-05
"p1139": 0
"p1140": 3.7633528463178407E-06
"p1141": 0
"p1142": 7.5267056926356815E-06
"p1143": 0
"p1144": 1.1290058538953523E-05
"p1145": 0
"p1146": 0.00011666393823585308
"p1147": 4.139688130949625E-05
"p1148": 0
"p1149": 0
