"p1087": 0.001629531782455625
"p1088": 0
"p1089": 3.387017561686057E-05
"p1090": 1.1290058538953523E-05
"p1091": 0.0002201561415095937
"p1092": 0
"p1093": 8.467543904215141E-05
"p1094": 1.1290058538953523E-05
"p1095": 0.00010725555612005845
"p1096": 6.774035123372113E-05
"p1097": 0.00020698440654748124
"p1098": 0.0004327855773265517
"p1099": 0.0012983567319796551
"p1100": 5.645029269476761E-05
"p1101": 0.0001731142309306207
"p1102": 0.00013548070246744229
"p1103": 0.00042337719521075713
"p1104": 0
"p1105": 0
"p1106": 0
"p1107": 0
"p1108": 0
"p1109": 0
"p1110": 0
"p1111": 0
"p1112": 0
"p1113": 0
"p1114": 0
"p1115": 0
"p1116": 0
"p1117": 0
"p1118": 0
"p1119": 0
"p1120": 0
"p1121": 0
"p1122": 0
"p1123": 5.645029269476761E-06
"p1124": 0
"p1125": 1.8816764231589204E-06
"p1126": 0
"p1127": 3.7633528463178407E-06
"p1128": 5.645029269476761E-06
"p1129": 2.0698440654748124E-05
"p1130": 2.6343469924224887E-05
"p1131": 0.00012419064392848875
"p1132": 1.1290058538953523E-05
"p1133": 4.516023415581409E-05
"p1134": 1.8816764231589203E-05
"p1135": 9.032046831162818E-05
"p1136": 0
"p1137": 0
"p1138": 0
"p1139": 1.1290058538953523E-05
"p1140": 0
"p1141": 3.7633528463178407E-06
"p1142": 0
"p1143": 7.5267056926356815E-06
"p1144": 3.7633528463178407E-06
"p1145": 1.1290058538953523E-05
"p1146": 3.0106822770542726E-05
"p1147": 0.00012419064392848875
"p1148": 0
"p1149": 0
