"p1087": 0.0010255136506216113
"p1088": 0
"p1089": 0
"p1090": 0
"p1091": 0
"p1092": 0
"p1093": 0
"p1094": 0
"p1095": 0
"p1096": 0
"p1097": 0
"p1098": 0
"p1099": 0
"p1100": 0
"p1101": 0
"p1102": 0
"p1103": 0
"p1104": 0
"p1105": 0
"p1106": 0
"p1107": 0
"p1108": 0
"p1109": 0
"p1110": 0
"p1111": 0
"p1112": 0
"p1113": 0
"p1114": 0
"p1115": 0
"p1116": 0
"p1117": 0
"p1118": 0
"p1119": 0
"p1120": 9.408382115794602E-06
"p1121": 3.198849919370165E-05
"p1122": 3.951520488633733E-05
"p1123": 0.0001637058488148261
"p1124": 1.1290058538953523E-05
"p1125": 4.516023415581409E-05
"p1126": 1.8816764231589203E-05
"p1127": 8.467543904215141E-05
"p1128": 0
"p1129": 0
"p1130": 1.6935087808430286E-05
"p1131": 0.00010161052685058169
"p1132": 0
"p1133": 5.645029269476761E-06
"p1134": 0
"p1135": 2.8225146347383808E-05
"p1136": 5.833196911792653E-05
"p1137": 0.00018064093662325636
"p1138": 0.00026907972851172564
"p1139": 0.0006774035123372113
"p1140": 5.645029269476761E-05
"p1141": 0.00018440428946957422
"p1142": 0.00012419064392848875
"p1143": 0.0003217666683601754
"p1144": 9.408382115794602E-06
"p1145": 3.198849919370165E-05
"p1146": 0.0001749959073537796
"p1147": 0.0006661134537982578
"p1148": 0
"p1149": 3.3870175616860565E-05
