"p1087": 0.0001599424959685082
"p1088": 0
"p1089": 0
"p1090": 0
"p1091": 0
"p1092": 0
"p1093": 0
"p1094": 0
"p1095": 0
"p1096": 0
"p1097": 0
"p1098": 0
"p1099": 0
"p1100": 0
"p1101": 0
"p1102": 0
"p1103": 0
"p1104": 0
"p1105": 0
"p1106": 0
"p1107": 0
"p1108": 0
"p1109": 0
"p1110": 0
"p1111": 0
"p1112": 0
"p1113": 0
"p1114": 0
"p1115": 0
"p1116": 0
"p1117": 0
"p1118": 0
"p1119": 0
"p1120": 3.198849919370165E-05
"p1121": 0
"p1122": 0.00014677076100639582
"p1123": 6.585867481056221E-05
"p1124": 3.7633528463178407E-05
"p1125": 7.5267056926356815E-06
"p1126": 6.021364554108545E-05
"p1127": 5.4568616271608685E-05
"p1128": 0
"p1129": 0
"p1130": 0.00010161052685058169
"p1131": 1.6935087808430286E-05
"p1132": 5.645029269476761E-06
"p1133": 0
"p1134": 2.8225146347383808E-05
"p1135": 0
"p1136": 0.0001731142309306207
"p1137": 7.5267056926356815E-06
"p1138": 0.0006134265139498082
"p1139": 0.00039891540170969113
"p1140": 0.0001467707610063958
"p1141": 3.7633528463178407E-05
"p1142": 0.00023709122931802397
"p1143": 0.00027284308135804345
"p1144": 3.198849919370165E-05
"p1145": 0
"p1146": 0.0006717584830677345
"p1147": 0.00017875926020009746
"p1148": 3.3870175616860565E-05
"p1149": 0
