"p1087": 0.0002088660829706401
"p1088": 0.0020547906540895407
"p1089": 5.8331969117926534E-05
"p1090": 0.0014451274929860505
"p1091": 0.00318944153725437
"p1092": 0.0010669105319311078
"p1093": 0.00022203781793275263
"p1094": 0.0009107313888089175
"p1095": 0.002408545821643418
"p1096": 0.002037855566281111
"p1097": 0
"p1098": 0.0010782005904700612
"p1099": 0.0016144783710703536
"p1100": 0.0008166475676509714
"p1101": 0
"p1102": 0.0002991865512822683
"p1103": 0.0003292933740528111
"p1104": 0.0001956943480085277
"p1105": 0
"p1106": 0.0005306327513308156
"p1107": 6.774035123372113E-05
"p1108": 0.00011666393823585305
"p1109": 1.1290058538953523E-05
"p1110": 0.00028789649274331484
"p1111": 8.091208619583358E-05
"p1112": 7.33853805031979E-05
"p1113": 0
"p1114": 0.00020322105370116337
"p1115": 0
"p1116": 0.0001637058488148261
"p1117": 0
"p1118": 0.00013548070246744223
"p1119": 3.3870175616860565E-05
"p1120": 0.0009558916229647316
"p1121": 3.0106822770542726E-05
"p1122": 0.0008448727139983552
"p1123": 0.0018252261304641528
"p1124": 0.0010085785628131815
"p1125": 0.00024838128785697745
"p1126": 0.0007771323627646342
"p1127": 0.00224860332567491
"p1128": 0.00041773216594128033
"p1129": 0
"p1130": 0.00039327037244021434
"p1131": 0.0005343961041771333
"p1132": 0.00035375516755387705
"p1133": 0
"p1134": 0.00011666393823585305
"p1135": 0.00011290058538953522
"p1136": 0.0015373296377208378
"p1137": 1.8816764231589203E-05
"p1138": 0.0013322269075965155
"p1139": 0.0013679787596365348
"p1140": 0.000942719888002619
"p1141": 7.150370408003898E-05
"p1142": 0.001224971351476457
"p1143": 0.0008505177432678319
"p1144": 0.0012324980571690927
"p1145": 0
"p1146": 0.0006736401594908936
"p1147": 0.00048735419359816035
"p1148": 0.0006153081903729669
"p1149": 0
