"p1087": 7.903040977267466E-05
"p1088": 0.00028225146347383794
"p1089": 0
"p1090": 0.0005588578976781991
"p1091": 5.456861627160868E-05
"p1092": 0
"p1093": 0
"p1094": 8.843879188846924E-05
"p1095": 7.5267056926356815E-06
"p1096": 0.0013924405531376006
"p1097": 0.00022391949435591154
"p1098": 0.009271019736904005
"p1099": 0.0066404360973278285
"p1100": 0.0001542974666990315
"p1101": 0
"p1102": 0.0012626048799396351
"p1103": 0.0005268693984844977
"p1104": 5.268693984844977E-05
"p1105": 0
"p1106": 0.00012042729108217092
"p1107": 1.3171734962112442E-05
"p1108": 0
"p1109": 0
"p1110": 2.8225146347383805E-05
"p1111": 0
"p1112": 0.00010161052685058167
"p1113": 1.1290058538953523E-05
"p1114": 0.0012795399677480658
"p1115": 0.00010913723254321736
"p1116": 7.5267056926356815E-06
"p1117": 0
"p1118": 0.0005005259285602729
"p1119": 1.1290058538953523E-05
"p1120": 0.00013359902604428335
"p1121": 0
"p1122": 0.00025402631712645424
"p1123": 1.6935087808430282E-05
"p1124": 0
"p1125": 0
"p1126": 3.3870175616860565E-05
"p1127": 0
"p1128": 0.0008674528310762624
"p1129": 0.0002333278764717061
"p1130": 0.003725719317854662
"p1131": 0.0034566395893429365
"p1132": 0.0003123582862443808
"p1133": 1.1290058538953523E-05
"p1134": 0.0008411093611520374
"p1135": 0.0006397699838740329
"p1136": 0.0001806409366232564
"p1137": 0
"p1138": 0.0002916598455896327
"p1139": 0.00010349220327374062
"p1140": 0
"p1141": 0
"p1142": 3.0106822770542726E-05
"p1143": 3.7633528463178407E-06
"p1144": 0.0006209532196424436
"p1145": 3.0106822770542726E-05
"p1146": 0.006467321866397208
"p1147": 0.0020547906540895407
"p1148": 0.0001110189089663763
"p1149": 3.7633528463178407E-06
