"p1087": 0.00015429746669903146
"p1088": 1.1290058538953523E-05
"p1089": 0
"p1090": 0
"p1091": 5.645029269476761E-06
"p1092": 0
"p1093": 0
"p1094": 0
"p1095": 0
"p1096": 0.00030106822770542725
"p1097": 1.1290058538953523E-05
"p1098": 7.526705692635681E-05
"p1099": 0.00018816764231589206
"p1100": 1.6935087808430286E-05
"p1101": 0
"p1102": 0
"p1103": 0
"p1104": 8.467543904215141E-05
"p1105": 2.8225146347383805E-05
"p1106": 3.3870175616860565E-05
"p1107": 2.8225146347383805E-05
"p1108": 1.6935087808430282E-05
"p1109": 0
"p1110": 0
"p1111": 0
"p1112": 0.0014714709629102757
"p1113": 5.6450292694767617E-05
"p1114": 0.0005456861627160869
"p1115": 0.0011628760295122127
"p1116": 7.903040977267465E-05
"p1117": 0
"p1118": 1.1290058538953523E-05
"p1119": 3.7633528463178407E-06
"p1120": 0
"p1121": 0
"p1122": 0
"p1123": 0
"p1124": 0
"p1125": 0
"p1126": 0
"p1127": 0
"p1128": 0
"p1129": 0
"p1130": 0
"p1131": 0
"p1132": 0
"p1133": 0
"p1134": 0
"p1135": 0
"p1136": 0
"p1137": 0
"p1138": 0
"p1139": 0
"p1140": 0
"p1141": 0
"p1142": 0
"p1143": 0
"p1144": 0
"p1145": 0
"p1146": 0
"p1147": 0
"p1148": 0
"p1149": 0
