"p1087": 0.0008825062424615336
"p1088": 0
"p1089": 0
"p1090": 0
"p1091": 0
"p1092": 0
"p1093": 0
"p1094": 0
"p1095": 0
"p1096": 0
"p1097": 0
"p1098": 0
"p1099": 0
"p1100": 0
"p1101": 0
"p1102": 0
"p1103": 0
"p1104": 0
"p1105": 0
"p1106": 0
"p1107": 0
"p1108": 0
"p1109": 0
"p1110": 0
"p1111": 0
"p1112": 0
"p1113": 0
"p1114": 0
"p1115": 0
"p1116": 0
"p1117": 0
"p1118": 0
"p1119": 0
"p1120": 3.7633528463178407E-05
"p1121": 7.5267056926356815E-06
"p1122": 6.021364554108545E-05
"p1123": 5.4568616271608685E-05
"p1124": 0
"p1125": 0
"p1126": 0
"p1127": 0
"p1128": 3.198849919370165E-05
"p1129": 0
"p1130": 0.0002991865512822683
"p1131": 8.279376261899251E-05
"p1132": 5.645029269476761E-06
"p1133": 0
"p1134": 2.8225146347383808E-05
"p1135": 0
"p1136": 0.00014112573173691905
"p1137": 3.7633528463178407E-05
"p1138": 0.0002709614049348845
"p1139": 0.00027284308135804345
"p1140": 1.1290058538953523E-05
"p1141": 0
"p1142": 1.1290058538953523E-05
"p1143": 0
"p1144": 0.0002051027301243223
"p1145": 7.5267056926356815E-06
"p1146": 0.0014658259336407988
"p1147": 0.0006679951302214168
"p1148": 2.8225146347383805E-05
"p1149": 0
