"p1087": 0.00012042729108217089
"p1088": 3.7633528463178407E-06
"p1089": 3.198849919370165E-05
"p1090": 1.8816764231589204E-06
"p1091": 4.516023415581409E-05
"p1092": 0
"p1093": 0
"p1094": 0
"p1095": 0
"p1096": 0.0004327855773265518
"p1097": 0.000447838988711823
"p1098": 0.00018628596589273313
"p1099": 0.0004120871366718036
"p1100": 6.962202765688006E-05
"p1101": 7.338538050319788E-05
"p1102": 1.8816764231589204E-06
"p1103": 0
"p1104": 0.00022015614150959378
"p1105": 0.00037069025536230727
"p1106": 1.3171734962112444E-05
"p1107": 0.00013171734962112445
"p1108": 5.645029269476761E-06
"p1109": 8.467543904215141E-05
"p1110": 0
"p1111": 0
"p1112": 0.0027303124900035945
"p1113": 0.002449942702952915
"p1114": 0.0015260395791818846
"p1115": 0.0011120707660869215
"p1116": 0.0005964914261413777
"p1117": 0.0006472966895666685
"p1118": 0.00021074775939379907
"p1119": 6.774035123372112E-05
"p1120": 3.7633528463178407E-05
"p1121": 0.00023520955289486507
"p1122": 7.5267056926356815E-06
"p1123": 0.00010537387969689952
"p1124": 0
"p1125": 1.1290058538953523E-05
"p1126": 0
"p1127": 0
"p1128": 0.0018534512768115367
"p1129": 0.004260115422031795
"p1130": 0.0005080526342529085
"p1131": 0.0032571818884880913
"p1132": 0.0002803697870506791
"p1133": 0.0006774035123372113
"p1134": 5.080526342529086E-05
"p1135": 0.00020133937727800447
"p1136": 0.00014865243742955472
"p1137": 0.0005118159870992262
"p1138": 2.634346992422488E-05
"p1139": 0.00018252261304641532
"p1140": 1.1290058538953523E-05
"p1141": 0.00010725555612005845
"p1142": 0
"p1143": 0
"p1144": 0.004115226337448559
"p1145": 0.008514585814794116
"p1146": 0.0013642154067902167
"p1147": 0.004702309381474141
"p1148": 0.0006360066310277149
"p1149": 0.0012833033205943835
