"p1087": 0.002959877013628982
"p1088": 0
"p1089": 0
"p1090": 0
"p1091": 0
"p1092": 0
"p1093": 0
"p1094": 0
"p1095": 0
"p1096": 0
"p1097": 0
"p1098": 0
"p1099": 0
"p1100": 0
"p1101": 0
"p1102": 0
"p1103": 0
"p1104": 0
"p1105": 0
"p1106": 0
"p1107": 0
"p1108": 0
"p1109": 0
"p1110": 0
"p1111": 0
"p1112": 0
"p1113": 0
"p1114": 0
"p1115": 0
"p1116": 0
"p1117": 0
"p1118": 0
"p1119": 0
"p1120": 0
"p1121": 0
"p1122": 0
"p1123": 1.6935087808430286E-05
"p1124": 0
"p1125": 5.645029269476761E-06
"p1126": 0
"p1127": 1.1290058538953523E-05
"p1128": 9.408382115794602E-06
"p1129": 3.198849919370165E-05
"p1130": 5.645029269476761E-05
"p1131": 0.0002483812878569775
"p1132": 1.1290058538953523E-05
"p1133": 4.516023415581409E-05
"p1134": 1.8816764231589203E-05
"p1135": 0.00010161052685058169
"p1136": 0
"p1137": 3.387017561686057E-05
"p1138": 1.1290058538953523E-05
"p1139": 0.0002201561415095937
"p1140": 0
"p1141": 8.467543904215141E-05
"p1142": 1.1290058538953523E-05
"p1143": 0.00010725555612005845
"p1144": 6.774035123372113E-05
"p1145": 0.00020698440654748124
"p1146": 0.0004327855773265517
"p1147": 0.0012983567319796551
"p1148": 5.645029269476761E-05
"p1149": 0.0001731142309306207
