"p1087": 0.0010499754441226777
"p1088": 5.645029269476761E-05
"p1089": 0.00017875926020009743
"p1090": 0.00012419064392848875
"p1091": 0.000355636843977036
"p1092": 0
"p1093": 1.1290058538953523E-05
"p1094": 0
"p1095": 1.1290058538953523E-05
"p1096": 7.33853805031979E-05
"p1097": 0.00021262943581695803
"p1098": 0.0005118159870992264
"p1099": 0.0015410929905671556
"p1100": 0
"p1101": 2.8225146347383805E-05
"p1102": 2.2580117077907045E-05
"p1103": 0.0001298356731979655
"p1104": 0
"p1105": 0
"p1106": 0
"p1107": 0
"p1108": 0
"p1109": 0
"p1110": 0
"p1111": 0
"p1112": 0
"p1113": 0
"p1114": 0
"p1115": 0
"p1116": 0
"p1117": 0
"p1118": 0
"p1119": 0
"p1120": 1.1290058538953523E-05
"p1121": 4.516023415581409E-05
"p1122": 1.8816764231589203E-05
"p1123": 8.467543904215141E-05
"p1124": 0
"p1125": 0
"p1126": 0
"p1127": 0
"p1128": 5.645029269476761E-06
"p1129": 2.0698440654748124E-05
"p1130": 2.6343469924224887E-05
"p1131": 0.0001467707610063958
"p1132": 0
"p1133": 1.8816764231589204E-06
"p1134": 0
"p1135": 9.408382115794602E-06
"p1136": 0
"p1137": 0
"p1138": 0
"p1139": 0
"p1140": 0
"p1141": 0
"p1142": 0
"p1143": 0
"p1144": 3.7633528463178407E-06
"p1145": 1.1290058538953523E-05
"p1146": 3.0106822770542726E-05
"p1147": 0.00016935087808430283
"p1148": 0
"p1149": 3.7633528463178407E-06
