"p1087": 0.000259671346395931
"p1088": 0.0004760641350592069
"p1089": 1.1290058538953523E-05
"p1090": 0.00015617914312219037
"p1091": 0.0005231060456381799
"p1092": 0.0001938126715853688
"p1093": 5.080526342529086E-05
"p1094": 6.774035123372114E-05
"p1095": 0.00031423996266753977
"p1096": 0.0005306327513308156
"p1097": 0
"p1098": 0.00014677076100639576
"p1099": 0.00021451111224011693
"p1100": 0.0001580608195453493
"p1101": 0
"p1102": 2.2580117077907045E-05
"p1103": 3.7633528463178407E-05
"p1104": 0
"p1105": 0
"p1106": 0
"p1107": 0
"p1108": 0
"p1109": 0
"p1110": 0
"p1111": 0
"p1112": 0
"p1113": 0
"p1114": 0
"p1115": 0
"p1116": 0
"p1117": 0
"p1118": 0
"p1119": 0
"p1120": 7.150370408003898E-05
"p1121": 0
"p1122": 2.0698440654748124E-05
"p1123": 6.021364554108545E-05
"p1124": 5.8331969117926534E-05
"p1125": 1.1290058538953523E-05
"p1126": 1.3171734962112442E-05
"p1127": 6.962202765688006E-05
"p1128": 2.8225146347383808E-05
"p1129": 0
"p1130": 5.645029269476761E-06
"p1131": 5.645029269476761E-06
"p1132": 9.408382115794602E-06
"p1133": 0
"p1134": 0
"p1135": 1.8816764231589204E-06
"p1136": 5.2686939848449775E-05
"p1137": 0
"p1138": 7.5267056926356815E-06
"p1139": 4.139688130949625E-05
"p1140": 0
"p1141": 0
"p1142": 0
"p1143": 0
"p1144": 5.6450292694767617E-05
"p1145": 0
"p1146": 1.1290058538953523E-05
"p1147": 1.1290058538953523E-05
"p1148": 1.8816764231589203E-05
"p1149": 0
