"p1087": 0.0015410929905671556
"p1088": 0
"p1089": 0
"p1090": 0
"p1091": 0
"p1092": 0
"p1093": 0
"p1094": 0
"p1095": 0
"p1096": 0
"p1097": 0
"p1098": 0
"p1099": 0
"p1100": 0
"p1101": 0
"p1102": 0
"p1103": 0
"p1104": 0
"p1105": 0
"p1106": 0
"p1107": 0
"p1108": 0
"p1109": 0
"p1110": 0
"p1111": 0
"p1112": 0
"p1113": 0
"p1114": 0
"p1115": 0
"p1116": 0
"p1117": 0
"p1118": 0
"p1119": 0
"p1120": 0
"p1121": 1.6935087808430286E-05
"p1122": 0
"p1123": 0
"p1124": 0
"p1125": 1.1290058538953523E-05
"p1126": 0
"p1127": 5.645029269476761E-06
"p1128": 5.645029269476761E-05
"p1129": 0.00023144620004854718
"p1130": 5.645029269476761E-06
"p1131": 6.209532196424438E-05
"p1132": 2.4461793501065963E-05
"p1133": 8.843879188846925E-05
"p1134": 5.645029269476761E-06
"p1135": 5.080526342529084E-05
"p1136": 1.1290058538953523E-05
"p1137": 0.0002201561415095937
"p1138": 0
"p1139": 2.4461793501065966E-05
"p1140": 1.1290058538953523E-05
"p1141": 0.00013548070246744229
"p1142": 0
"p1143": 2.8225146347383805E-05
"p1144": 0.00039327037244021434
"p1145": 0.0011497042945501005
"p1146": 6.774035123372114E-05
"p1147": 0.00038762534317073754
"p1148": 0.0001373623788906012
"p1149": 0.00033870175616860566
