"p1087": 0.0005550945448318814
"p1088": 5.268693984844977E-05
"p1089": 0
"p1090": 2.4461793501065963E-05
"p1091": 5.645029269476761E-06
"p1092": 0
"p1093": 0
"p1094": 0
"p1095": 0
"p1096": 0.0001448890845832369
"p1097": 3.387017561686057E-05
"p1098": 0.0007921857741499054
"p1099": 0.0002860148163201559
"p1100": 1.1290058538953523E-05
"p1101": 0
"p1102": 8.655711546531032E-05
"p1103": 3.7633528463178407E-06
"p1104": 0.0002295645236253882
"p1105": 0
"p1106": 0.0004929992228676369
"p1107": 0.00010913723254321737
"p1108": 0
"p1109": 0
"p1110": 8.655711546531035E-05
"p1111": 3.7633528463178407E-06
"p1112": 0.0004929992228676369
"p1113": 8.655711546531035E-05
"p1114": 0.0063054976940055425
"p1115": 0.0014771159921797535
"p1116": 0.00010913723254321737
"p1117": 3.7633528463178407E-06
"p1118": 0.0014771159921797535
"p1119": 0.00020133937727800447
"p1120": 0.00017499590735377957
"p1121": 0
"p1122": 0.00024085458216434183
"p1123": 2.0698440654748124E-05
"p1124": 0
"p1125": 0
"p1126": 1.1290058538953523E-05
"p1127": 0
"p1128": 0.0010819639433163792
"p1129": 0.00022768284720222937
"p1130": 0.004568710355429858
"p1131": 0.003496154794229274
"p1132": 0.0002747247577812024
"p1133": 1.1290058538953523E-05
"p1134": 0.000803475832688859
"p1135": 0.00047041910578973003
"p1136": 0.00027660643420436126
"p1137": 0
"p1138": 0.0006360066310277149
"p1139": 5.268693984844976E-05
"p1140": 0
"p1141": 0
"p1142": 0.00011101890896637629
"p1143": 7.5267056926356815E-06
"p1144": 0.0014564175515250038
"p1145": 0.00021827446508643477
"p1146": 0.010456475883494123
"p1147": 0.007679121482911553
"p1148": 0.00017311423093062066
"p1149": 0
