"p1087": 0.0002483812878569775
"p1088": 8.467543904215141E-05
"p1089": 2.8225146347383805E-05
"p1090": 3.3870175616860565E-05
"p1091": 2.8225146347383805E-05
"p1092": 1.6935087808430282E-05
"p1093": 0
"p1094": 0
"p1095": 0
"p1096": 0.0014714709629102757
"p1097": 5.6450292694767617E-05
"p1098": 0.0005456861627160869
"p1099": 0.0011628760295122127
"p1100": 7.903040977267465E-05
"p1101": 0
"p1102": 1.1290058538953523E-05
"p1103": 3.7633528463178407E-06
"p1104": 0
"p1105": 0
"p1106": 0
"p1107": 0
"p1108": 0
"p1109": 0
"p1110": 0
"p1111": 0
"p1112": 0
"p1113": 0
"p1114": 0
"p1115": 0
"p1116": 0
"p1117": 0
"p1118": 0
"p1119": 0
"p1120": 3.7633528463178407E-06
"p1121": 0
"p1122": 0
"p1123": 1.8816764231589204E-06
"p1124": 0
"p1125": 0
"p1126": 0
"p1127": 0
"p1128": 0.00016935087808430283
"p1129": 1.1290058538953523E-05
"p1130": 4.516023415581409E-05
"p1131": 0.00013548070246744229
"p1132": 5.645029269476761E-06
"p1133": 0
"p1134": 0
"p1135": 0
"p1136": 7.5267056926356815E-06
"p1137": 0
"p1138": 0
"p1139": 3.7633528463178407E-06
"p1140": 0
"p1141": 0
"p1142": 0
"p1143": 0
"p1144": 0.00013171734962112442
"p1145": 0
"p1146": 3.0106822770542726E-05
"p1147": 5.2686939848449775E-05
"p1148": 1.1290058538953523E-05
"p1149": 0
