"p1087": 0.0002615530228190899
"p1088": 8.655711546531035E-05
"p1089": 0
"p1090": 0.000893796301000487
"p1091": 7.338538050319788E-05
"p1092": 0.00028977816916647367
"p1093": 0
"p1094": 0.0005852013676024241
"p1095": 5.456861627160868E-05
"p1096": 0.0008185292440741302
"p1097": 4.516023415581409E-05
"p1098": 0.006107921669573857
"p1099": 0.004090764543947491
"p1100": 0.0005889647204487421
"p1101": 0.00017875926020009746
"p1102": 0.0024744044964539807
"p1103": 0.002306935294792836
"p1104": 3.7633528463178407E-06
"p1105": 0
"p1106": 0.00015617914312219042
"p1107": 2.0698440654748124E-05
"p1108": 6.021364554108543E-05
"p1109": 0
"p1110": 0.0001448890845832369
"p1111": 1.5053411385271363E-05
"p1112": 3.7633528463178407E-05
"p1113": 0
"p1114": 0.0009841167693121155
"p1115": 4.516023415581409E-05
"p1116": 6.0213645541085445E-05
"p1117": 1.1290058538953523E-05
"p1118": 0.0006209532196424436
"p1119": 4.139688130949625E-05
"p1120": 3.7633528463178407E-05
"p1121": 0
"p1122": 0.00023520955289486501
"p1123": 0
"p1124": 0.00014112573173691902
"p1125": 0
"p1126": 0.0002916598455896326
"p1127": 1.6935087808430282E-05
"p1128": 0.0004309039009033928
"p1129": 3.198849919370165E-05
"p1130": 0.00238784738098867
"p1131": 0.001904256540236827
"p1132": 0.0006999836294151184
"p1133": 0.00021262943581695803
"p1134": 0.001748077397114637
"p1135": 0.002002103714241091
"p1136": 5.456861627160869E-05
"p1137": 0
"p1138": 0.0005024076049834317
"p1139": 0.00011854561465901196
"p1140": 0.0001806409366232564
"p1141": 0
"p1142": 0.0002803697870506792
"p1143": 0.00010349220327374062
"p1144": 0.0003518734911307182
"p1145": 5.645029269476761E-06
"p1146": 0.004126516395987513
"p1147": 0.0013943222295607599
"p1148": 0.0003029499041285862
"p1149": 2.8225146347383805E-05
