"p1087": 0.000707510335107754
"p1088": 0.00035375516755387705
"p1089": 0.00074890721641725
"p1090": 0.00127201326205543
"p1091": 0.0024480610265297555
"p1092": 0
"p1093": 5.456861627160869E-05
"p1094": 5.645029269476761E-06
"p1095": 3.7633528463178407E-05
"p1096": 0.00039138869601705557
"p1097": 0.0008580444489604677
"p1098": 0.0034265327665723936
"p1099": 0.007076985027500701
"p1100": 8.091208619583357E-05
"p1101": 0.00029354152201279153
"p1102": 0.0007169187172235488
"p1103": 0.001364215406790217
"p1104": 8.091208619583358E-05
"p1105": 5.456861627160869E-05
"p1106": 0.00025402631712645424
"p1107": 0.00017311423093062066
"p1108": 0
"p1109": 1.3171734962112439E-05
"p1110": 0
"p1111": 1.1290058538953523E-05
"p1112": 5.2686939848449775E-05
"p1113": 4.139688130949625E-05
"p1114": 0.0004704191057897301
"p1115": 0.00020133937727800444
"p1116": 9.408382115794602E-06
"p1117": 3.7633528463178407E-05
"p1118": 0.00031988499193701646
"p1119": 0.00022015614150959365
"p1120": 0.00034622846186124133
"p1121": 0.0008580444489604676
"p1122": 0.0007037469822614362
"p1123": 0.00226553841348334
"p1124": 0
"p1125": 4.139688130949625E-05
"p1126": 5.645029269476761E-06
"p1127": 2.4461793501065963E-05
"p1128": 0.0001279539967748066
"p1129": 0.00024085458216434178
"p1130": 0.0007752506863414753
"p1131": 0.002487576231416093
"p1132": 0.00013548070246744226
"p1133": 0.0003443467854380824
"p1134": 0.0004346672537497105
"p1135": 0.0009558916229647315
"p1136": 0.00027660643420436126
"p1137": 0.00029354152201279164
"p1138": 0.0011986278815522323
"p1139": 0.0013642154067902172
"p1140": 0
"p1141": 3.7633528463178407E-05
"p1142": 5.645029269476761E-06
"p1143": 1.6935087808430282E-05
"p1144": 0.00020510273012432228
"p1145": 0.0003443467854380825
"p1146": 0.0022824735012917704
"p1147": 0.0032741169762965216
"p1148": 0.00011290058538953519
"p1149": 0.0001862859658927331
