"p1087": 0.0008279376261899249
"p1088": 3.7633528463178407E-06
"p1089": 0.00011290058538953522
"p1090": 0.0001844042894695742
"p1091": 0.0007338538050319789
"p1092": 2.0698440654748124E-05
"p1093": 0.0003537551675538769
"p1094": 0.00015053411385271363
"p1095": 0.0004045604309791678
"p1096": 0.00038009863747810204
"p1097": 0.0008636894782299443
"p1098": 0.0031518080087911916
"p1099": 0.006375119721662422
"p1100": 0.00037445360820862513
"p1101": 0.0007620789513793627
"p1102": 0.0014093756409460313
"p1103": 0.0027924078119678382
"p1104": 1.8816764231589204E-06
"p1105": 3.7633528463178407E-06
"p1106": 7.903040977267465E-05
"p1107": 9.596549758110493E-05
"p1108": 1.3171734962112439E-05
"p1109": 6.021364554108543E-05
"p1110": 6.209532196424438E-05
"p1111": 8.467543904215141E-05
"p1112": 4.327855773265517E-05
"p1113": 3.7633528463178407E-05
"p1114": 0.0006435333367203508
"p1115": 0.0002747247577812024
"p1116": 9.972885042742274E-05
"p1117": 6.0213645541085445E-05
"p1118": 0.00031612163909069865
"p1119": 0.00020698440654748124
"p1120": 0
"p1121": 5.456861627160869E-05
"p1122": 3.387017561686057E-05
"p1123": 0.00018440428946957417
"p1124": 1.8816764231589204E-06
"p1125": 0.0001825226130464153
"p1126": 5.268693984844976E-05
"p1127": 0.00021262943581695803
"p1128": 0.00019004931873905096
"p1129": 0.0004628924000970944
"p1130": 0.000985998445735274
"p1131": 0.0027886444591215206
"p1132": 0.00038009863747810193
"p1133": 0.0009013230066931229
"p1134": 0.0007489072164172503
"p1135": 0.0024160725273360537
"p1136": 1.8816764231589203E-05
"p1137": 5.456861627160869E-05
"p1138": 0.00015994249596850823
"p1139": 0.00042714054805707494
"p1140": 4.704191057897301E-05
"p1141": 0.00018440428946957422
"p1142": 0.00012042729108217092
"p1143": 0.00021262943581695803
"p1144": 0.00023520955289486504
"p1145": 0.0003518734911307182
"p1146": 0.0022241415321738443
"p1147": 0.003099121068942742
"p1148": 0.00028977816916647367
"p1149": 0.0003029499041285862
