"p1087": 0.0001486524374295547
"p1088": 0.0010161052685058172
"p1089": 0.0015166311970660896
"p1090": 0.00046477407652025334
"p1091": 0.0016558752523798499
"p1092": 5.645029269476761E-06
"p1093": 6.39769983874033E-05
"p1094": 0
"p1095": 0
"p1096": 0.0028055795469299504
"p1097": 0.005588578976781994
"p1098": 0.0007733690099183163
"p1099": 0.002715259078618323
"p1100": 0.000594609749718219
"p1101": 0.0011497042945501001
"p1102": 0.00011666393823585307
"p1103": 0.00034434678543808245
"p1104": 0.00018816764231589203
"p1105": 0.0001279539967748066
"p1106": 0.00010725555612005845
"p1107": 8.091208619583358E-05
"p1108": 0
"p1109": 1.5053411385271363E-05
"p1110": 0
"p1111": 0
"p1112": 0.00032929337405281106
"p1113": 0.0001674692016611439
"p1114": 0.0001637058488148261
"p1115": 6.774035123372113E-05
"p1116": 0.00025778966997277205
"p1117": 0.00022015614150959365
"p1118": 5.6450292694767617E-05
"p1119": 3.3870175616860565E-05
"p1120": 0.0006755218359140525
"p1121": 0.0013999672588302365
"p1122": 0.00032929337405281106
"p1123": 0.0017537224263841137
"p1124": 5.645029269476761E-06
"p1125": 4.139688130949625E-05
"p1126": 0
"p1127": 0
"p1128": 0.0006585867481056222
"p1129": 0.0018176994247715169
"p1130": 0.00027848811062752024
"p1131": 0.00132470020190388
"p1132": 0.00036692690251598946
"p1133": 0.0006981019529919596
"p1134": 0.00010349220327374062
"p1135": 0.00031423996266753966
"p1136": 0.0008693345074994212
"p1137": 0.0010988990311248095
"p1138": 0.0005927280732950598
"p1139": 0.0005739113090634706
"p1140": 5.645029269476761E-06
"p1141": 3.7633528463178407E-05
"p1142": 0
"p1143": 0
"p1144": 0.0017706575141925441
"p1145": 0.002967403719321617
"p1146": 0.000683048541606688
"p1147": 0.0008241742733436071
"p1148": 0.0005080526342529085
"p1149": 0.0009822350928889564
