"p1087": 1.6935087808430286E-05
"p1088": 0.00012607232035164766
"p1089": 6.585867481056221E-05
"p1090": 4.704191057897301E-05
"p1091": 0.00012042729108217089
"p1092": 1.1290058538953523E-05
"p1093": 0
"p1094": 0
"p1095": 0
"p1096": 0.0028996633680878963
"p1097": 0.00023709122931802392
"p1098": 0.0013190551726344033
"p1099": 0.003874371755284217
"p1100": 0.0005325144277539745
"p1101": 1.5053411385271363E-05
"p1102": 0.00014112573173691902
"p1103": 0.0002747247577812024
"p1104": 0.0004214955187875981
"p1105": 9.22021447347871E-05
"p1106": 0.00026531637566540783
"p1107": 0.00024649961143381863
"p1108": 0.00013548070246744229
"p1109": 0
"p1110": 3.7633528463178407E-06
"p1111": 7.5267056926356815E-06
"p1112": 0.006209532196424438
"p1113": 0.0002577896699727721
"p1114": 0.005291274101922884
"p1115": 0.00864630316441524
"p1116": 0.0011534676473964178
"p1117": 0
"p1118": 0.0010048152099668636
"p1119": 0.0006416516602971917
"p1120": 2.634346992422488E-05
"p1121": 0
"p1122": 5.645029269476761E-06
"p1123": 1.6935087808430286E-05
"p1124": 0
"p1125": 0
"p1126": 0
"p1127": 0
"p1128": 0.0004911175464444782
"p1129": 4.327855773265516E-05
"p1130": 0.00027472475778120243
"p1131": 0.0008241742733436072
"p1132": 8.843879188846926E-05
"p1133": 0
"p1134": 5.456861627160868E-05
"p1135": 6.209532196424438E-05
"p1136": 0.0001919309951622099
"p1137": 3.3870175616860565E-05
"p1138": 5.833196911792653E-05
"p1139": 0.00012983567319796546
"p1140": 2.8225146347383805E-05
"p1141": 0
"p1142": 1.8816764231589204E-06
"p1143": 3.7633528463178407E-06
"p1144": 0.002069844065474812
"p1145": 2.4461793501065963E-05
"p1146": 0.002508274672070841
"p1147": 0.0013472803189817865
"p1148": 0.00035375516755387705
"p1149": 3.7633528463178407E-06
