"p1087": 0.0005607395741013582
"p1088": 1.1290058538953523E-05
"p1089": 4.516023415581409E-05
"p1090": 1.8816764231589203E-05
"p1091": 8.467543904215141E-05
"p1092": 0
"p1093": 0
"p1094": 0
"p1095": 0
"p1096": 9.408382115794602E-06
"p1097": 3.198849919370165E-05
"p1098": 5.645029269476761E-05
"p1099": 0.0003161216390906986
"p1100": 0
"p1101": 5.645029269476761E-06
"p1102": 0
"p1103": 2.8225146347383808E-05
"p1104": 5.645029269476761E-05
"p1105": 0.00017875926020009743
"p1106": 0.00012419064392848875
"p1107": 0.000355636843977036
"p1108": 0
"p1109": 1.1290058538953523E-05
"p1110": 0
"p1111": 1.1290058538953523E-05
"p1112": 7.33853805031979E-05
"p1113": 0.00021262943581695803
"p1114": 0.0005118159870992264
"p1115": 0.0015410929905671556
"p1116": 0
"p1117": 2.8225146347383805E-05
"p1118": 2.2580117077907045E-05
"p1119": 0.0001298356731979655
"p1120": 0
"p1121": 0
"p1122": 0
"p1123": 0
"p1124": 0
"p1125": 0
"p1126": 0
"p1127": 0
"p1128": 0
"p1129": 0
"p1130": 0
"p1131": 0
"p1132": 0
"p1133": 0
"p1134": 0
"p1135": 0
"p1136": 0
"p1137": 0
"p1138": 0
"p1139": 0
"p1140": 0
"p1141": 0
"p1142": 0
"p1143": 0
"p1144": 0
"p1145": 0
"p1146": 0
"p1147": 0
"p1148": 0
"p1149": 0
