"p1087": 0.000284133139896997
"p1088": 0.000588964720448742
"p1089": 0
"p1090": 0.0002784881106275203
"p1091": 0.00015429746669903146
"p1092": 0.0003424651090149235
"p1093": 8.843879188846926E-05
"p1094": 0.00018064093662325636
"p1095": 0.00022203781793275266
"p1096": 0.0037388910528167755
"p1097": 5.8331969117926534E-05
"p1098": 0.002476286172877139
"p1099": 0.004700427705050983
"p1100": 0.0015185128734892485
"p1101": 0.00019569434800852776
"p1102": 0.0010424487384300416
"p1103": 0.0024612327614918672
"p1104": 9.596549758110493E-05
"p1105": 0
"p1106": 6.021364554108546E-05
"p1107": 1.8816764231589203E-05
"p1108": 8.843879188846926E-05
"p1109": 7.5267056926356815E-06
"p1110": 5.456861627160869E-05
"p1111": 4.139688130949625E-05
"p1112": 0.00024085458216434183
"p1113": 0
"p1114": 0.0007225637464930254
"p1115": 7.903040977267465E-05
"p1116": 0.00018440428946957417
"p1117": 7.5267056926356815E-06
"p1118": 0.00033870175616860566
"p1119": 8.091208619583358E-05
"p1120": 0.00015994249596850823
"p1121": 0
"p1122": 5.833196911792653E-05
"p1123": 3.7633528463178407E-05
"p1124": 0.00018064093662325636
"p1125": 5.456861627160869E-05
"p1126": 6.962202765688005E-05
"p1127": 7.150370408003896E-05
"p1128": 0.001300238408402814
"p1129": 3.0106822770542726E-05
"p1130": 0.0012400247628617284
"p1131": 0.0023351604411402205
"p1132": 0.0011271241774721934
"p1133": 0.00023144620004854718
"p1134": 0.0008091208619583357
"p1135": 0.002256130031367545
"p1136": 0.0003951520488633733
"p1137": 0
"p1138": 0.00011854561465901199
"p1139": 0.00014488908458323686
"p1140": 0.00022203781793275263
"p1141": 4.139688130949625E-05
"p1142": 7.150370408003898E-05
"p1143": 0.00017875926020009746
"p1144": 0.0023784389988728756
"p1145": 1.8816764231589203E-05
"p1146": 0.0018195811011946761
"p1147": 0.001757485779230431
"p1148": 0.001275776614901748
"p1149": 5.080526342529084E-05
