"p1087": 4.7041910578973015E-05
"p1088": 0
"p1089": 0
"p1090": 0
"p1091": 0
"p1092": 0
"p1093": 0
"p1094": 0
"p1095": 0
"p1096": 0
"p1097": 0
"p1098": 0
"p1099": 0
"p1100": 0
"p1101": 0
"p1102": 0
"p1103": 0
"p1104": 0
"p1105": 0
"p1106": 0
"p1107": 0
"p1108": 0
"p1109": 0
"p1110": 0
"p1111": 0
"p1112": 0
"p1113": 0
"p1114": 0
"p1115": 0
"p1116": 0
"p1117": 0
"p1118": 0
"p1119": 0
"p1120": 0.00019381267158536883
"p1121": 7.5267056926356815E-06
"p1122": 0.0006999836294151185
"p1123": 0.0004346672537497106
"p1124": 0.00018440428946957417
"p1125": 4.516023415581409E-05
"p1126": 0.0002973048748591094
"p1127": 0.0003274116976296521
"p1128": 3.198849919370165E-05
"p1129": 0
"p1130": 0.0007056286586845951
"p1131": 0.00018440428946957422
"p1132": 3.575185204001949E-05
"p1133": 0
"p1134": 0.00019004931873905094
"p1135": 0
"p1136": 1.1290058538953523E-05
"p1137": 0
"p1138": 6.021364554108545E-05
"p1139": 3.0106822770542726E-05
"p1140": 0
"p1141": 0
"p1142": 0
"p1143": 0
"p1144": 0
"p1145": 0
"p1146": 6.774035123372113E-05
"p1147": 1.1290058538953523E-05
"p1148": 3.7633528463178407E-06
"p1149": 0
