"p1087": 4.516023415581409E-05
"p1088": 0.0008015941562657001
"p1089": 0.0016201234003398303
"p1090": 0.0002220378179327526
"p1091": 0.0012362614100154107
"p1092": 0.0006811668651835291
"p1093": 0.0011798111173206428
"p1094": 0.00023520955289486504
"p1095": 0.0014112573173691901
"p1096": 0.00039515204886337327
"p1097": 0.0010010518571205457
"p1098": 5.45686162716087E-05
"p1099": 0.00022580117077907047
"p1100": 0.00010913723254321738
"p1101": 0.0002897781691664737
"p1102": 1.5053411385271365E-05
"p1103": 0.0001580608195453493
"p1104": 0.0019945770085484553
"p1105": 0.0031348729209827618
"p1106": 0.0007601972749562036
"p1107": 0.0020698440654748126
"p1108": 0.0012117996165143445
"p1109": 0.0015937799304156053
"p1110": 0.00059272807329506
"p1111": 0.0017612491320767492
"p1112": 0.001415020670215508
"p1113": 0.002935415220127916
"p1114": 0.0003481101382844003
"p1115": 0.0007263270993393433
"p1116": 0.000521224369215021
"p1117": 0.001151585970973259
"p1118": 4.8923587002131926E-05
"p1119": 0.00026719805208856676
"p1120": 0.00015053411385271363
"p1121": 0.0003236483447833343
"p1122": 3.7633528463178407E-05
"p1123": 0.00023144620004854723
"p1124": 0.0001373623788906012
"p1125": 0.00031612163909069865
"p1126": 4.139688130949625E-05
"p1127": 0.0003424651090149235
"p1128": 5.080526342529085E-05
"p1129": 0.00011290058538953522
"p1130": 5.645029269476761E-06
"p1131": 1.1290058538953523E-05
"p1132": 1.6935087808430282E-05
"p1133": 7.33853805031979E-05
"p1134": 1.8816764231589204E-06
"p1135": 1.5053411385271363E-05
"p1136": 0.0006924569237224828
"p1137": 0.0008411093611520376
"p1138": 0.000472300782212889
"p1139": 0.00031423996266753966
"p1140": 0.0006717584830677346
"p1141": 0.0007150370408003897
"p1142": 0.0005833196911792654
"p1143": 0.00045348401798129986
"p1144": 0.00040456043097916787
"p1145": 0.0006228348960656026
"p1146": 0.00018440428946957417
"p1147": 5.268693984844976E-05
"p1148": 0.00017311423093062066
"p1149": 0.00041208713667180354
