"p1087": 0.0005136976635223853
"p1088": 2.0698440654748124E-05
"p1089": 0.0003424651090149234
"p1090": 0.00015053411385271363
"p1091": 0.00038198031390126075
"p1092": 0
"p1093": 0
"p1094": 1.1290058538953523E-05
"p1095": 8.467543904215139E-05
"p1096": 0.0007451438635709323
"p1097": 0.001625768429609307
"p1098": 0.004659030823741487
"p1099": 0.009984175101281231
"p1100": 6.209532196424438E-05
"p1101": 0.00016935087808430286
"p1102": 0.0005532128684087225
"p1103": 0.0011139524425100805
"p1104": 9.408382115794602E-06
"p1105": 5.268693984844977E-05
"p1106": 6.209532196424438E-05
"p1107": 6.209532196424438E-05
"p1108": 0
"p1109": 0
"p1110": 0
"p1111": 2.8225146347383805E-05
"p1112": 0.00013736237889060116
"p1113": 0.00010161052685058167
"p1114": 0.0007677239806488395
"p1115": 0.00041020546024864466
"p1116": 1.1290058538953523E-05
"p1117": 7.5267056926356815E-06
"p1118": 0.0002878964927433148
"p1119": 0.00017875926020009743
"p1120": 1.8816764231589204E-06
"p1121": 0.00017123255450746176
"p1122": 5.268693984844976E-05
"p1123": 0.00017875926020009743
"p1124": 0
"p1125": 0
"p1126": 0
"p1127": 3.3870175616860565E-05
"p1128": 0.0004628924000970944
"p1129": 0.0010932540018553326
"p1130": 0.0014733526393334345
"p1131": 0.004790748173362611
"p1132": 0.00011101890896637629
"p1133": 0.00034058343259176464
"p1134": 0.00037257193178546626
"p1135": 0.0008486360668446731
"p1136": 4.704191057897301E-05
"p1137": 0.00018440428946957422
"p1138": 0.00012042729108217092
"p1139": 0.00022391949435591156
"p1140": 0
"p1141": 0
"p1142": 5.645029269476761E-06
"p1143": 2.8225146347383805E-05
"p1144": 0.00047041910578973
"p1145": 0.0006209532196424436
"p1146": 0.0033907809145323747
"p1147": 0.004632687353817261
"p1148": 9.408382115794602E-05
"p1149": 0.0001110189089663763
