"p1087": 0.0002690797285117256
"p1088": 5.8331969117926534E-05
"p1089": 1.1290058538953523E-05
"p1090": 1.3171734962112442E-05
"p1091": 6.962202765688006E-05
"p1092": 0
"p1093": 0
"p1094": 0
"p1095": 0
"p1096": 0.0002427362585875007
"p1097": 0
"p1098": 6.209532196424438E-05
"p1099": 0.00011854561465901199
"p1100": 2.8225146347383808E-05
"p1101": 0
"p1102": 0
"p1103": 5.645029269476761E-06
"p1104": 0.00022768284720222937
"p1105": 4.516023415581409E-05
"p1106": 6.774035123372114E-05
"p1107": 0.0003180033155138576
"p1108": 1.1290058538953523E-05
"p1109": 5.645029269476761E-06
"p1110": 0
"p1111": 0
"p1112": 0.001136532559587988
"p1113": 1.1290058538953523E-05
"p1114": 0.00035375516755387705
"p1115": 0.000829819302613084
"p1116": 0.0001298356731979655
"p1117": 0
"p1118": 2.2580117077907045E-05
"p1119": 3.198849919370165E-05
"p1120": 0
"p1121": 0
"p1122": 0
"p1123": 0
"p1124": 0
"p1125": 0
"p1126": 0
"p1127": 0
"p1128": 0
"p1129": 0
"p1130": 0
"p1131": 0
"p1132": 0
"p1133": 0
"p1134": 0
"p1135": 0
"p1136": 0
"p1137": 0
"p1138": 0
"p1139": 0
"p1140": 0
"p1141": 0
"p1142": 0
"p1143": 0
"p1144": 0
"p1145": 0
"p1146": 0
"p1147": 0
"p1148": 0
"p1149": 0
