"p1087": 0.0008636894782299444
"p1088": 0
"p1089": 0
"p1090": 0
"p1091": 0
"p1092": 0
"p1093": 0
"p1094": 0
"p1095": 0
"p1096": 0
"p1097": 0
"p1098": 0
"p1099": 0
"p1100": 0
"p1101": 0
"p1102": 0
"p1103": 0
"p1104": 0
"p1105": 0
"p1106": 0
"p1107": 0
"p1108": 0
"p1109": 0
"p1110": 0
"p1111": 0
"p1112": 0
"p1113": 0
"p1114": 0
"p1115": 0
"p1116": 0
"p1117": 0
"p1118": 0
"p1119": 0
"p1120": 0
"p1121": 3.387017561686057E-05
"p1122": 1.1290058538953523E-05
"p1123": 0.00022580117077907044
"p1124": 0
"p1125": 8.655711546531035E-05
"p1126": 1.1290058538953523E-05
"p1127": 0.00011101890896637629
"p1128": 7.33853805031979E-05
"p1129": 0.00022768284720222937
"p1130": 0.0004591290472507766
"p1131": 0.0014225473759081437
"p1132": 6.774035123372113E-05
"p1133": 0.00021827446508643477
"p1134": 0.0001542974666990315
"p1135": 0.0005136976635223853
"p1136": 0
"p1137": 0
"p1138": 0
"p1139": 1.1290058538953523E-05
"p1140": 0
"p1141": 3.7633528463178407E-06
"p1142": 0
"p1143": 7.5267056926356815E-06
"p1144": 3.7633528463178407E-06
"p1145": 1.1290058538953523E-05
"p1146": 3.0106822770542726E-05
"p1147": 0.00012419064392848875
"p1148": 0
"p1149": 0
