"p1087": 0.00024085458216434183
"p1088": 0
"p1089": 0
"p1090": 0
"p1091": 0
"p1092": 0
"p1093": 0
"p1094": 0
"p1095": 0
"p1096": 0
"p1097": 0
"p1098": 0
"p1099": 0
"p1100": 0
"p1101": 0
"p1102": 0
"p1103": 0
"p1104": 0
"p1105": 0
"p1106": 0
"p1107": 0
"p1108": 0
"p1109": 0
"p1110": 0
"p1111": 0
"p1112": 0
"p1113": 0
"p1114": 0
"p1115": 0
"p1116": 0
"p1117": 0
"p1118": 0
"p1119": 0
"p1120": 3.951520488633733E-05
"p1121": 0.00014677076100639582
"p1122": 5.645029269476761E-06
"p1123": 6.209532196424438E-05
"p1124": 2.4461793501065963E-05
"p1125": 7.150370408003898E-05
"p1126": 5.645029269476761E-06
"p1127": 5.080526342529084E-05
"p1128": 1.6935087808430286E-05
"p1129": 0.00010161052685058169
"p1130": 0
"p1131": 0
"p1132": 0
"p1133": 2.8225146347383808E-05
"p1134": 0
"p1135": 5.645029269476761E-06
"p1136": 0.00024085458216434183
"p1137": 0.0005569762212550405
"p1138": 5.080526342529084E-05
"p1139": 0.0003180033155138575
"p1140": 0.00012607232035164766
"p1141": 0.00024273625858750077
"p1142": 3.010682277054273E-05
"p1143": 0.00022768284720222937
"p1144": 0.00016370584881482606
"p1145": 0.0006378883074508741
"p1146": 1.6935087808430282E-05
"p1147": 7.33853805031979E-05
"p1148": 2.2580117077907045E-05
"p1149": 0.0001580608195453493
