"p1087": 0.0005814380147561064
"p1088": 2.0698440654748124E-05
"p1089": 5.645029269476761E-05
"p1090": 0.00020133937727800455
"p1091": 0.00041773216594128033
"p1092": 5.268693984844977E-05
"p1093": 0.0002483812878569774
"p1094": 0.00017499590735377962
"p1095": 0.0002916598455896326
"p1096": 0.0002446179350106597
"p1097": 0.00021262943581695806
"p1098": 0.0020096304199337276
"p1099": 0.0014131389937923492
"p1100": 0.00044972066513498195
"p1101": 0.0003405834325917645
"p1102": 0.0013472803189817871
"p1103": 0.001209917940091186
"p1104": 0
"p1105": 0
"p1106": 0
"p1107": 0
"p1108": 0
"p1109": 0
"p1110": 0
"p1111": 0
"p1112": 0
"p1113": 0
"p1114": 0
"p1115": 0
"p1116": 0
"p1117": 0
"p1118": 0
"p1119": 0
"p1120": 3.7633528463178407E-06
"p1121": 0.00016746920166114393
"p1122": 0.00026155302281908997
"p1123": 0.0010066968863900222
"p1124": 2.4461793501065966E-05
"p1125": 0.0005475678391392457
"p1126": 0.0002408545821643419
"p1127": 0.0006886935708761646
"p1128": 0.0005306327513308156
"p1129": 0.001309646790518608
"p1130": 0.0044652181521561175
"p1131": 0.009240912914133459
"p1132": 0.0007903040977267463
"p1133": 0.0016935087808430283
"p1134": 0.0023483321761023322
"p1135": 0.0053364343360787
"p1136": 0
"p1137": 1.1290058538953523E-05
"p1138": 4.516023415581409E-05
"p1139": 0.00019757602443168663
"p1140": 5.645029269476761E-06
"p1141": 0.00011101890896637629
"p1142": 2.0698440654748124E-05
"p1143": 5.268693984844976E-05
"p1144": 0.0001373623788906012
"p1145": 0.00030294990412858624
"p1146": 0.0012701315856322713
"p1147": 0.002329515411870743
"p1148": 0.0001223089675053298
"p1149": 0.00018816764231589206
