"p1087": 0.00020322105370116337
"p1088": 3.7633528463178407E-06
"p1089": 0.00022015614150959367
"p1090": 3.7633528463178407E-05
"p1091": 0.00014865243742955472
"p1092": 0
"p1093": 0
"p1094": 0
"p1095": 1.1290058538953523E-05
"p1096": 0.00045724737082761756
"p1097": 0.001172284411628007
"p1098": 0.0018271078068873114
"p1099": 0.004882950318097398
"p1100": 8.27937626189925E-05
"p1101": 0.00026531637566540783
"p1102": 0.0002897781691664738
"p1103": 0.0007733690099183163
"p1104": 2.8225146347383805E-05
"p1105": 0.0003857436667475785
"p1106": 0.0002352095528948651
"p1107": 0.0004892358700213192
"p1108": 0
"p1109": 0
"p1110": 1.1290058538953523E-05
"p1111": 0.00013548070246744229
"p1112": 0.0008749795367688977
"p1113": 0.0017537224263841134
"p1114": 0.005780509971944203
"p1115": 0.011308875303185112
"p1116": 7.903040977267465E-05
"p1117": 0.0001919309951622099
"p1118": 0.0010480937676995185
"p1119": 0.0016558752523798503
"p1120": 1.8816764231589204E-06
"p1121": 1.3171734962112444E-05
"p1122": 7.5267056926356815E-06
"p1123": 2.634346992422488E-05
"p1124": 0
"p1125": 0
"p1126": 0
"p1127": 0
"p1128": 9.032046831162817E-05
"p1129": 0.00017499590735377962
"p1130": 0.0003085949333980629
"p1131": 0.0009446015644257779
"p1132": 1.1290058538953523E-05
"p1133": 3.7633528463178407E-05
"p1134": 6.39769983874033E-05
"p1135": 0.00013924405531376012
"p1136": 4.516023415581409E-05
"p1137": 0.00013171734962112442
"p1138": 0.00010537387969689952
"p1139": 0.0001825226130464153
"p1140": 0
"p1141": 0
"p1142": 5.645029269476761E-06
"p1143": 2.8225146347383805E-05
"p1144": 0.0003838619903244197
"p1145": 0.0002916598455896327
"p1146": 0.002335160441140221
"p1147": 0.0023878473809886697
"p1148": 0.00010537387969689952
"p1149": 0.00011101890896637629
