"p1087": 0.0027321941664267524
"p1088": 0.001392440553137601
"p1089": 0.00027096140493488457
"p1090": 1
"p1091": 0.004608225560316197
"p1092": 0.0001279539967748066
"p1093": 0
"p1094": 0.00029542319843595057
"p1095": 0
"p1096": 0.0013623337303670581
"p1097": 7.150370408003898E-05
"p1098": 0.012347560688768841
"p1099": 0.006226467284232868
"p1100": 0.0010988990311248097
"p1101": 0
"p1102": 0.010595719938807886
"p1103": 0.0031837965079848938
"p1104": 6.39769983874033E-05
"p1105": 1.6935087808430282E-05
"p1106": 0.0015674364604913804
"p1107": 5.080526342529084E-05
"p1108": 1.5053411385271363E-05
"p1109": 0
"p1110": 9.032046831162815E-05
"p1111": 0
"p1112": 4.139688130949624E-05
"p1113": 0
"p1114": 0.0014658259336407988
"p1115": 3.3870175616860565E-05
"p1116": 3.7633528463178407E-05
"p1117": 0
"p1118": 0.002118767652476944
"p1119": 0
"p1120": 0.004467099828579278
"p1121": 0.0013755054653291706
"p1122": 0.011201619747065057
"p1123": 0.011705909028471646
"p1124": 0.0001674692016611439
"p1125": 0
"p1126": 0.00021639278866327584
"p1127": 0
"p1128": 0.0016859820751503928
"p1129": 0.0001373623788906012
"p1130": 0.008431792052175126
"p1131": 0.005494495155624048
"p1132": 0.002816869605468904
"p1133": 0.00016182417239166716
"p1134": 0.009237149561287142
"p1135": 0.006239639019194981
"p1136": 0.0011497042945501
"p1137": 0.0001298356731979655
"p1138": 0.015711998133376984
"p1139": 0.005135094958800695
"p1140": 0.0002201561415095937
"p1141": 0
"p1142": 0.0006868118944530059
"p1143": 0
"p1144": 0.0006981019529919595
"p1145": 9.408382115794602E-06
"p1146": 0.01295534217344917
"p1147": 0.004442638035078212
"p1148": 0.0009822350928889564
"p1149": 1.8816764231589203E-05
