"p1087": 0.001091372325432174
"p1088": 0.00028225146347383805
"p1089": 0.0004158504895181214
"p1090": 6.021364554108544E-05
"p1091": 0.00028225146347383805
"p1092": 1.1290058538953523E-05
"p1093": 5.645029269476761E-05
"p1094": 0
"p1095": 0
"p1096": 0.0021206493289001025
"p1097": 0.0012757766149017482
"p1098": 0.0018082910426557221
"p1099": 0.001962588509354753
"p1100": 0.001085727296162697
"p1101": 0.0011007807075479686
"p1102": 0.0007357354814551379
"p1103": 0.0005155793399455441
"p1104": 0.0007282087757625021
"p1105": 0.0007282087757625021
"p1106": 0.00015617914312219042
"p1107": 0.0002446179350106597
"p1108": 4.516023415581409E-05
"p1109": 0.00018440428946957422
"p1110": 0
"p1111": 0
"p1112": 0.004578118737545654
"p1113": 0.0025515532298034955
"p1114": 0.0037388910528167747
"p1115": 0.001674692016611439
"p1116": 0.003202613272216482
"p1117": 0.0025346181419950656
"p1118": 0.0017725391906157034
"p1119": 0.00013359902604428333
"p1120": 0.0006886935708761649
"p1121": 0.0014978144328345005
"p1122": 0.00013548070246744229
"p1123": 0.0009464832408489371
"p1124": 1.8816764231589203E-05
"p1125": 0.00012419064392848875
"p1126": 0
"p1127": 0
"p1128": 0.006822958710374245
"p1129": 0.013792688181754897
"p1130": 0.004205546805760187
"p1131": 0.014308267521700436
"p1132": 0.002860148163201559
"p1133": 0.006247165724887619
"p1134": 0.001608833341800877
"p1135": 0.003699375847930438
"p1136": 0.0018082910426557223
"p1137": 0.0024311259387213248
"p1138": 0.000472300782212889
"p1139": 0.0009257848001941889
"p1140": 8.467543904215141E-05
"p1141": 0.0003217666683601754
"p1142": 0
"p1143": 0
"p1144": 0.012300518778189863
"p1145": 1
"p1146": 0.010627708438001583
"p1147": 0.010076377246016021
"p1148": 0.007146607055157579
"p1149": 0.009331233382445089
