"p1087": 0.006294207635466589
"p1088": 6.585867481056221E-05
"p1089": 0
"p1090": 4.139688130949625E-05
"p1091": 5.645029269476761E-06
"p1092": 3.7633528463178407E-05
"p1093": 1.1290058538953523E-05
"p1094": 2.4461793501065963E-05
"p1095": 1.6935087808430282E-05
"p1096": 0.000918258094501553
"p1097": 1.8816764231589203E-05
"p1098": 0.0007526705692635679
"p1099": 0.0012908300262870194
"p1100": 0.0002577896699727721
"p1101": 6.774035123372113E-05
"p1102": 0.0001862859658927331
"p1103": 0.000543804486292928
"p1104": 3.575185204001949E-05
"p1105": 0
"p1106": 1.6935087808430282E-05
"p1107": 9.408382115794602E-06
"p1108": 2.6343469924224887E-05
"p1109": 3.7633528463178407E-06
"p1110": 1.6935087808430282E-05
"p1111": 2.0698440654748124E-05
"p1112": 9.408382115794602E-05
"p1113": 0
"p1114": 0.00024461793501065964
"p1115": 3.9515204886337324E-05
"p1116": 7.150370408003898E-05
"p1117": 3.7633528463178407E-06
"p1118": 0.00011666393823585305
"p1119": 4.327855773265517E-05
"p1120": 1.8816764231589204E-06
"p1121": 0
"p1122": 1.8816764231589204E-06
"p1123": 0
"p1124": 1.8816764231589204E-06
"p1125": 0
"p1126": 1.8816764231589204E-06
"p1127": 1.8816764231589204E-06
"p1128": 0.00010161052685058169
"p1129": 0
"p1130": 7.903040977267465E-05
"p1131": 0.00011478226181269415
"p1132": 7.903040977267465E-05
"p1133": 1.8816764231589203E-05
"p1134": 5.456861627160869E-05
"p1135": 0.00014300740816007796
"p1136": 3.7633528463178407E-06
"p1137": 0
"p1138": 3.7633528463178407E-06
"p1139": 0
"p1140": 3.7633528463178407E-06
"p1141": 0
"p1142": 3.7633528463178407E-06
"p1143": 3.7633528463178407E-06
"p1144": 0.00013548070246744226
"p1145": 0
"p1146": 0.00011666393823585304
"p1147": 0.00019569434800852773
"p1148": 3.7633528463178407E-06
"p1149": 0
