"p1087": 0.00687188229737638
"p1088": 0.00021827446508643477
"p1089": 0.0007470255399940913
"p1090": 0.0010725555612005847
"p1091": 0.0010311586798910882
"p1092": 0
"p1093": 0
"p1094": 5.8331969117926534E-05
"p1095": 0.0001938126715853688
"p1096": 0.0020585540069358588
"p1097": 0.002965522042898458
"p1098": 0.011617470236583178
"p1099": 1
"p1100": 0.0003706902553623074
"p1101": 0.0006341249546045561
"p1102": 0.0053684228352724
"p1103": 0.005605514064590426
"p1104": 1.6935087808430282E-05
"p1105": 5.645029269476761E-05
"p1106": 0.00025778966997277205
"p1107": 0.00017123255450746176
"p1108": 0
"p1109": 0
"p1110": 1.1290058538953523E-05
"p1111": 5.080526342529086E-05
"p1112": 0.0001637058488148261
"p1113": 0.00011101890896637629
"p1114": 0.002030328860588475
"p1115": 0.0006435333367203508
"p1116": 1.1290058538953523E-05
"p1117": 7.5267056926356815E-06
"p1118": 0.00120239123439855
"p1119": 0.0005607395741013582
"p1120": 0.0002051027301243223
"p1121": 0.0013830321710218067
"p1122": 0.0006040181318340134
"p1123": 0.0010480937676995185
"p1124": 0
"p1125": 0
"p1126": 1.3171734962112442E-05
"p1127": 6.774035123372114E-05
"p1128": 0.0034434678543808243
"p1129": 0.007436385224324054
"p1130": 0.009000058331969119
"p1131": 0.02204760265015308
"p1132": 0.0008015941562657
"p1133": 0.002060435683359018
"p1134": 0.003714429259315709
"p1135": 0.008866459305924836
"p1136": 0.00021451111224011693
"p1137": 0.0006774035123372113
"p1138": 0.0021770996215948707
"p1139": 0.0023991374395276235
"p1140": 0
"p1141": 0
"p1142": 6.962202765688006E-05
"p1143": 0.00031423996266753977
"p1144": 0.002329515411870743
"p1145": 0.0019757602443168662
"p1146": 0.01705551509951246
"p1147": 0.014923575712073402
"p1148": 0.0004591290472507765
"p1149": 0.0006228348960656025
