"p1087": 0.007137198673041786
"p1088": 9.596549758110493E-05
"p1089": 8.843879188846926E-05
"p1090": 0.00024085458216434175
"p1091": 0.0001844042894695742
"p1092": 0
"p1093": 7.5267056926356815E-06
"p1094": 0
"p1095": 7.5267056926356815E-06
"p1096": 6.0213645541085445E-05
"p1097": 5.4568616271608685E-05
"p1098": 0.0007225637464930254
"p1099": 0.00033870175616860566
"p1100": 1.8816764231589203E-05
"p1101": 4.139688130949625E-05
"p1102": 7.903040977267465E-05
"p1103": 8.091208619583358E-05
"p1104": 0
"p1105": 0
"p1106": 0
"p1107": 0
"p1108": 0
"p1109": 0
"p1110": 0
"p1111": 0
"p1112": 0
"p1113": 0
"p1114": 0
"p1115": 0
"p1116": 0
"p1117": 0
"p1118": 0
"p1119": 0
"p1120": 9.408382115794602E-05
"p1121": 0.00025402631712645424
"p1122": 0.0002935415220127916
"p1123": 0.0007790140391877932
"p1124": 0
"p1125": 7.5267056926356815E-06
"p1126": 0
"p1127": 7.5267056926356815E-06
"p1128": 0.00010161052685058169
"p1129": 0.0002464996114338185
"p1130": 0.0010687922083542668
"p1131": 0.0023558588817949675
"p1132": 2.8225146347383805E-05
"p1133": 6.585867481056221E-05
"p1134": 4.892358700213193E-05
"p1135": 0.00011666393823585305
"p1136": 0
"p1137": 0
"p1138": 0
"p1139": 0
"p1140": 0
"p1141": 0
"p1142": 0
"p1143": 0
"p1144": 7.5267056926356815E-06
"p1145": 1.5053411385271363E-05
"p1146": 9.032046831162818E-05
"p1147": 0.00022956452362538827
"p1148": 0
"p1149": 3.7633528463178407E-06
