"p1087": 0.009080970418164951
"p1088": 0
"p1089": 0
"p1090": 0
"p1091": 0
"p1092": 0
"p1093": 0
"p1094": 0
"p1095": 0
"p1096": 0
"p1097": 0
"p1098": 0
"p1099": 0
"p1100": 0
"p1101": 0
"p1102": 0
"p1103": 0
"p1104": 9.596549758110493E-05
"p1105": 8.843879188846926E-05
"p1106": 0.00024085458216434175
"p1107": 0.0001844042894695742
"p1108": 0
"p1109": 7.5267056926356815E-06
"p1110": 0
"p1111": 7.5267056926356815E-06
"p1112": 6.0213645541085445E-05
"p1113": 5.4568616271608685E-05
"p1114": 0.0007225637464930254
"p1115": 0.00033870175616860566
"p1116": 1.8816764231589203E-05
"p1117": 4.139688130949625E-05
"p1118": 7.903040977267465E-05
"p1119": 8.091208619583358E-05
"p1120": 2.258011707790705E-05
"p1121": 5.8331969117926534E-05
"p1122": 6.021364554108546E-05
"p1123": 0.00017123255450746176
"p1124": 0
"p1125": 0
"p1126": 0
"p1127": 0
"p1128": 1.1290058538953523E-05
"p1129": 3.0106822770542726E-05
"p1130": 0.000165587525237985
"p1131": 0.000423377195210757
"p1132": 7.5267056926356815E-06
"p1133": 1.8816764231589207E-05
"p1134": 1.3171734962112442E-05
"p1135": 2.0698440654748128E-05
"p1136": 7.150370408003898E-05
"p1137": 0.00019569434800852773
"p1138": 0.0002333278764717061
"p1139": 0.0006077814846803314
"p1140": 0
"p1141": 7.5267056926356815E-06
"p1142": 0
"p1143": 7.5267056926356815E-06
"p1144": 9.784717400426385E-05
"p1145": 0.00023144620004854718
"p1146": 0.00099352515142791
"p1147": 0.0021620462102095992
"p1148": 2.0698440654748124E-05
"p1149": 5.080526342529085E-05
