"p1087": 0.008059220120389657
"p1088": 0.00020133937727800444
"p1089": 0
"p1090": 0.00011666393823585305
"p1091": 6.774035123372113E-05
"p1092": 0.0003688085789391484
"p1093": 9.972885042742277E-05
"p1094": 0.00036692690251598946
"p1095": 0.00028225146347383805
"p1096": 0.0007733690099183163
"p1097": 5.645029269476761E-06
"p1098": 0.0015185128734892489
"p1099": 0.0008128842148046535
"p1100": 0.0016314134588787837
"p1101": 8.467543904215141E-05
"p1102": 0.0032044949486396417
"p1103": 0.002041618919127428
"p1104": 0.0004233771952107571
"p1105": 0
"p1106": 0.00044783898871182307
"p1107": 9.596549758110491E-05
"p1108": 0.0008053575091120178
"p1109": 7.338538050319788E-05
"p1110": 0.0009126130652320762
"p1111": 0.000329293374052811
"p1112": 0.0016031883125314
"p1113": 5.645029269476761E-06
"p1114": 0.004173558306566485
"p1115": 0.0012663682327859532
"p1116": 0.0027980528412373143
"p1117": 5.645029269476761E-05
"p1118": 0.007978308034193821
"p1119": 0.0019475350979694826
"p1120": 0.000660468424528781
"p1121": 0
"p1122": 0.00023520955289486507
"p1123": 0.0002671980520885667
"p1124": 0.0012569598506701586
"p1125": 0.0002653163756654078
"p1126": 0.0007188003936467076
"p1127": 0.0011835744701669609
"p1128": 0.005754166502019979
"p1129": 0.00033117505047596993
"p1130": 0.004854725171750015
"p1131": 0.008467543904215145
"p1132": 0.007820247214648477
"p1133": 0.0014357191108702561
"p1134": 0.00823233435132028
"p1135": 0.014406114695704696
"p1136": 0.0012249713514764571
"p1137": 0
"p1138": 0.0008015941562657001
"p1139": 0.000543804486292928
"p1140": 0.0023313970882939024
"p1141": 0.0001392440553137601
"p1142": 0.002284355177714929
"p1143": 0.0012927117027101784
"p1144": 0.007656541365833647
"p1145": 0.00012607232035164768
"p1146": 0.010731200641275328
"p1147": 0.010061323834630752
"p1148": 1
"p1149": 0.0003895070195938966
