"p1087": 0.001983286950009502
"p1088": 0.0027735910477362487
"p1089": 0.00012042729108217089
"p1090": 0.004333500802534994
"p1091": 0.004659030823741486
"p1092": 1
"p1093": 0.00042149551878759825
"p1094": 0.006952794383572212
"p1095": 0.005411701393005057
"p1096": 0.00289401833881842
"p1097": 0
"p1098": 0.0029749304250142527
"p1099": 0.002730312490003593
"p1100": 0.002634346992422489
"p1101": 0
"p1102": 0.0030125639534774313
"p1103": 0.0016201234003398303
"p1104": 0.00028225146347383805
"p1105": 0
"p1106": 0.0010311586798910882
"p1107": 6.774035123372113E-05
"p1108": 0.00042149551878759814
"p1109": 1.6935087808430282E-05
"p1110": 0.0018233444540409936
"p1111": 0.00010725555612005845
"p1112": 8.655711546531033E-05
"p1113": 0
"p1114": 0.00024461793501065964
"p1115": 0
"p1116": 0.0004327855773265517
"p1117": 0
"p1118": 0.0007959491269962232
"p1119": 3.3870175616860565E-05
"p1120": 0.0037031392007767553
"p1121": 0.0003706902553623074
"p1122": 0.0028375680461236517
"p1123": 0.006567050716824632
"p1124": 0.006952794383572211
"p1125": 0.0018233444540409938
"p1126": 0.00817776573504867
"p1127": 0.015202063822700921
"p1128": 0.001988931979278979
"p1129": 0
"p1130": 0.0009370748587331425
"p1131": 0.0019080198930831454
"p1132": 0.0024913395842624106
"p1133": 2.2580117077907045E-05
"p1134": 0.0016859820751503926
"p1135": 0.0026494004038077603
"p1136": 0.0035356699991156114
"p1137": 1.1290058538953523E-05
"p1138": 0.006962202765688007
"p1139": 0.004205546805760187
"p1140": 0.005411701393005055
"p1141": 0.00010725555612005845
"p1142": 0.015202063822700921
"p1143": 0.007007362999843821
"p1144": 0.0022881185305612473
"p1145": 0
"p1146": 0.002549671553380337
"p1147": 0.001512867844219772
"p1148": 0.0050221943734111586
"p1149": 0
