"p1087": 0.0015091044913734543
"p1088": 0.000284133139896997
"p1089": 0.0004158504895181214
"p1090": 6.0213645541085445E-05
"p1091": 3.3870175616860565E-05
"p1092": 0.0005983731025645369
"p1093": 0.0007282087757625021
"p1094": 0.00012419064392848875
"p1095": 0.0002446179350106597
"p1096": 0.002355858881794968
"p1097": 0.0014978144328345005
"p1098": 0.0015711998133376985
"p1099": 0.0005739113090634708
"p1100": 0.003891306843092648
"p1101": 0.002431125938721325
"p1102": 0.002863911516047878
"p1103": 0.001170402735204848
"p1104": 5.833196911792653E-05
"p1105": 5.645029269476761E-05
"p1106": 9.408382115794602E-06
"p1107": 0
"p1108": 0.00018064093662325636
"p1109": 0.00018440428946957422
"p1110": 3.198849919370165E-05
"p1111": 3.3870175616860565E-05
"p1112": 0.0002690797285117256
"p1113": 0.00012419064392848875
"p1114": 0.0001749959073537796
"p1115": 2.2580117077907045E-05
"p1116": 0.0006774035123372112
"p1117": 0.0003217666683601754
"p1118": 0.0006661134537982577
"p1119": 0.0001580608195453493
"p1120": 0.00048735419359816046
"p1121": 0.001275776614901748
"p1122": 0.00015994249596850823
"p1123": 0.00045724737082761767
"p1124": 0.0012738949384785894
"p1125": 0.0025515532298034955
"p1126": 0.0003123582862443808
"p1127": 0.001823344454040994
"p1128": 0.006681832978637326
"p1129": 0.013792688181754892
"p1130": 0.004314684038303404
"p1131": 0.010245728124100323
"p1132": 0.01094947510636176
"p1133": 1
"p1134": 0.008563509401796248
"p1135": 0.01777996052242864
"p1136": 0.0003744536082086252
"p1137": 0.0011007807075479686
"p1138": 9.596549758110492E-05
"p1139": 7.33853805031979E-05
"p1140": 0.001559909754798745
"p1141": 0.0025346181419950656
"p1142": 0.00038574366674757867
"p1143": 0.00040079707813285006
"p1144": 0.004071947779715904
"p1145": 0.006247165724887618
"p1146": 0.0025327364655719073
"p1147": 0.002052908977666382
"p1148": 0.008507059109101482
"p1149": 0.00933123338244509
