"p1087": 0.0030182089827469082
"p1088": 2.2580117077907045E-05
"p1089": 8.467543904215141E-05
"p1090": 0
"p1091": 5.645029269476761E-06
"p1092": 1.6935087808430282E-05
"p1093": 5.645029269476761E-05
"p1094": 0
"p1095": 1.6935087808430282E-05
"p1096": 0.0007131553643772309
"p1097": 0.0014357191108702561
"p1098": 0.0001486524374295547
"p1099": 0.0006830485416066881
"p1100": 0.00022956452362538827
"p1101": 0.0003895070195938966
"p1102": 4.704191057897301E-05
"p1103": 0.00038950701959389653
"p1104": 2.6343469924224887E-05
"p1105": 3.575185204001949E-05
"p1106": 0
"p1107": 0
"p1108": 2.2580117077907045E-05
"p1109": 2.8225146347383805E-05
"p1110": 0
"p1111": 1.6935087808430282E-05
"p1112": 0.00017123255450746176
"p1113": 9.408382115794602E-05
"p1114": 7.903040977267465E-05
"p1115": 3.3870175616860565E-05
"p1116": 9.220214473478709E-05
"p1117": 6.021364554108545E-05
"p1118": 3.951520488633733E-05
"p1119": 4.327855773265517E-05
"p1120": 1.8816764231589204E-06
"p1121": 1.8816764231589204E-06
"p1122": 0
"p1123": 0
"p1124": 1.8816764231589204E-06
"p1125": 1.8816764231589204E-06
"p1126": 0
"p1127": 1.8816764231589204E-06
"p1128": 6.39769983874033E-05
"p1129": 0.0001580608195453493
"p1130": 1.3171734962112444E-05
"p1131": 6.0213645541085445E-05
"p1132": 6.0213645541085445E-05
"p1133": 0.00012230896750532982
"p1134": 1.1290058538953523E-05
"p1135": 0.00010161052685058171
"p1136": 3.7633528463178407E-06
"p1137": 3.7633528463178407E-06
"p1138": 0
"p1139": 0
"p1140": 3.7633528463178407E-06
"p1141": 3.7633528463178407E-06
"p1142": 0
"p1143": 3.7633528463178407E-06
"p1144": 0.00013171734962112442
"p1145": 0.0001956943480085277
"p1146": 4.516023415581409E-05
"p1147": 7.526705692635681E-05
"p1148": 3.7633528463178407E-06
"p1149": 3.7633528463178407E-06
