"p1087": 0.0029429419258205514
"p1088": 3.7633528463178407E-05
"p1089": 1.1290058538953523E-05
"p1090": 2.4461793501065963E-05
"p1091": 1.6935087808430282E-05
"p1092": 1.1290058538953523E-05
"p1093": 0
"p1094": 0
"p1095": 0
"p1096": 0.0013867955238681244
"p1097": 8.655711546531033E-05
"p1098": 0.001104544060394286
"p1099": 0.0020209204784726806
"p1100": 3.0106822770542726E-05
"p1101": 0
"p1102": 1.6935087808430282E-05
"p1103": 0
"p1104": 2.6343469924224887E-05
"p1105": 3.7633528463178407E-06
"p1106": 1.6935087808430282E-05
"p1107": 2.0698440654748124E-05
"p1108": 5.645029269476761E-06
"p1109": 0
"p1110": 0
"p1111": 0
"p1112": 0.00018064093662325636
"p1113": 3.7633528463178407E-06
"p1114": 0.0003612818732465127
"p1115": 9.784717400426385E-05
"p1116": 2.0698440654748124E-05
"p1117": 0
"p1118": 1.6935087808430282E-05
"p1119": 0
"p1120": 1.8816764231589204E-06
"p1121": 0
"p1122": 1.8816764231589204E-06
"p1123": 1.8816764231589204E-06
"p1124": 0
"p1125": 0
"p1126": 0
"p1127": 0
"p1128": 0.0001862859658927331
"p1129": 1.8816764231589203E-05
"p1130": 0.0001392440553137601
"p1131": 0.0002577896699727721
"p1132": 1.8816764231589204E-06
"p1133": 0
"p1134": 1.8816764231589204E-06
"p1135": 0
"p1136": 3.7633528463178407E-06
"p1137": 0
"p1138": 3.7633528463178407E-06
"p1139": 3.7633528463178407E-06
"p1140": 0
"p1141": 0
"p1142": 0
"p1143": 0
"p1144": 0.00015053411385271363
"p1145": 0
"p1146": 0.0001317173496211244
"p1147": 0.00019569434800852773
"p1148": 3.7633528463178407E-06
"p1149": 0
