"p1087": 0.002316343676908631
"p1088": 0
"p1089": 0
"p1090": 0
"p1091": 0
"p1092": 0
"p1093": 0
"p1094": 0
"p1095": 0
"p1096": 0
"p1097": 0
"p1098": 0
"p1099": 0
"p1100": 0
"p1101": 0
"p1102": 0
"p1103": 0
"p1104": 0.0001956943480085277
"p1105": 0.00011666393823585305
"p1106": 7.338538050319791E-05
"p1107": 0.00016370584881482604
"p1108": 0
"p1109": 1.1290058538953523E-05
"p1110": 0
"p1111": 0
"p1112": 0.0005306327513308156
"p1113": 0.00028789649274331484
"p1114": 0.00020322105370116337
"p1115": 0.00013548070246744223
"p1116": 6.774035123372113E-05
"p1117": 8.091208619583358E-05
"p1118": 0
"p1119": 3.3870175616860565E-05
"p1120": 5.8331969117926534E-05
"p1121": 0.00012042729108217089
"p1122": 1.1290058538953523E-05
"p1123": 0.00010161052685058171
"p1124": 0
"p1125": 0
"p1126": 0
"p1127": 0
"p1128": 0.0001448890845832369
"p1129": 0.00037069025536230727
"p1130": 2.4461793501065963E-05
"p1131": 0.00011290058538953522
"p1132": 1.1290058538953523E-05
"p1133": 1.1290058538953523E-05
"p1134": 0
"p1135": 5.645029269476761E-06
"p1136": 0.00020698440654748124
"p1137": 0.0003725719317854662
"p1138": 4.704191057897301E-05
"p1139": 0.00038950701959389653
"p1140": 0
"p1141": 1.1290058538953523E-05
"p1142": 0
"p1143": 0
"p1144": 0.0008486360668446731
"p1145": 0.001723615603613571
"p1146": 0.00016558752523798497
"p1147": 0.0007620789513793627
"p1148": 3.3870175616860565E-05
"p1149": 6.39769983874033E-05
