"p1087": 0.008396040200135103
"p1088": 0
"p1089": 0
"p1090": 0
"p1091": 0
"p1092": 0
"p1093": 0
"p1094": 0
"p1095": 0
"p1096": 0
"p1097": 0
"p1098": 0
"p1099": 0
"p1100": 0
"p1101": 0
"p1102": 0
"p1103": 0
"p1104": 3.7633528463178407E-06
"p1105": 6.0213645541085445E-05
"p1106": 3.7633528463178407E-05
"p1107": 6.0213645541085445E-05
"p1108": 0
"p1109": 0
"p1110": 0
"p1111": 1.1290058538953523E-05
"p1112": 0.0001561791431221904
"p1113": 0.0001448890845832369
"p1114": 0.0009841167693121153
"p1115": 0.0006209532196424436
"p1116": 2.0698440654748124E-05
"p1117": 1.5053411385271363E-05
"p1118": 4.516023415581409E-05
"p1119": 4.139688130949625E-05
"p1120": 0
"p1121": 5.645029269476761E-06
"p1122": 5.645029269476761E-06
"p1123": 5.645029269476761E-06
"p1124": 0
"p1125": 0
"p1126": 0
"p1127": 0
"p1128": 3.3870175616860565E-05
"p1129": 8.843879188846925E-05
"p1130": 0.00022580117077907047
"p1131": 0.0005946097497182188
"p1132": 7.5267056926356815E-06
"p1133": 1.3171734962112444E-05
"p1134": 7.5267056926356815E-06
"p1135": 1.5053411385271365E-05
"p1136": 0
"p1137": 3.9515204886337324E-05
"p1138": 1.6935087808430282E-05
"p1139": 4.516023415581409E-05
"p1140": 0
"p1141": 0
"p1142": 0
"p1143": 1.1290058538953523E-05
"p1144": 0.00016935087808430286
"p1145": 0.00042337719521075713
"p1146": 0.0012268530278996162
"p1147": 0.0028526214575089227
"p1148": 2.0698440654748124E-05
"p1149": 4.516023415581409E-05
