"p1087": 0.006472966895666687
"p1088": 0.0007112736879540716
"p1089": 0.00046665575294341206
"p1090": 0.0033964259438018516
"p1091": 0.0016765736930345978
"p1092": 0
"p1093": 6.962202765688006E-05
"p1094": 4.704191057897301E-05
"p1095": 0.00015429746669903143
"p1096": 0.0003180033155138575
"p1097": 0.0002314462000485473
"p1098": 0.0035488417340777244
"p1099": 0.0014902877271418648
"p1100": 0.00016935087808430283
"p1101": 0.0002577896699727721
"p1102": 0.00484343511321106
"p1103": 0.002470641143607662
"p1104": 0.0001637058488148261
"p1105": 8.467543904215141E-05
"p1106": 0.0009276664766173478
"p1107": 0.0002954231984359505
"p1108": 0
"p1109": 2.8225146347383805E-05
"p1110": 1.1290058538953523E-05
"p1111": 4.516023415581409E-05
"p1112": 6.774035123372113E-05
"p1113": 3.3870175616860565E-05
"p1114": 0.00032553002120649325
"p1115": 7.903040977267465E-05
"p1116": 2.4461793501065966E-05
"p1117": 2.8225146347383805E-05
"p1118": 0.0007338538050319789
"p1119": 0.0003180033155138576
"p1120": 0.004395596124499237
"p1121": 0.007569984250368337
"p1122": 0.010973936899862827
"p1123": 1
"p1124": 0
"p1125": 0.00033117505047597
"p1126": 0.00012419064392848875
"p1127": 0.00037257193178546626
"p1128": 0.0015354479612976792
"p1129": 0.003255300212064933
"p1130": 0.009867511163045382
"p1131": 0.01825037962821837
"p1132": 0.0016332951353019427
"p1133": 0.004055012691907474
"p1134": 0.009814824223196933
"p1135": 0.01519453711700829
"p1136": 0.0010744372376237435
"p1137": 0.0009069680359625996
"p1138": 0.00855974604894993
"p1139": 0.006514363776976184
"p1140": 0
"p1141": 0.00017875926020009743
"p1142": 0.00013359902604428335
"p1143": 0.0005400411334466101
"p1144": 0.0006322432781813973
"p1145": 0.0006058998082571724
"p1146": 0.006119211728112809
"p1147": 0.007244454229161845
"p1148": 0.0004986442521371139
"p1149": 0.0007545522456867272
