"p1087": 0.0029749304250142536
"p1088": 0.0006567050716824632
"p1089": 0.0016201234003398305
"p1090": 0.002732194166426752
"p1091": 0.005522720301971431
"p1092": 0.001894848158121033
"p1093": 0.0031348729209827618
"p1094": 0.005295037454769202
"p1095": 0.007919976065075898
"p1096": 0.00013359902604428335
"p1097": 0.0003236483447833343
"p1098": 0.0009144947416552353
"p1099": 0.0026287019631530124
"p1100": 0.00028225146347383805
"p1101": 0.0008411093611520374
"p1102": 0.0015185128734892485
"p1103": 0.0025873050818435157
"p1104": 0.0005701479562171529
"p1105": 0.001179811117320643
"p1106": 0.005556590477588292
"p1107": 0.006640436097327829
"p1108": 0.001112070766086922
"p1109": 0.0015937799304156057
"p1110": 0.008730978603457394
"p1111": 1
"p1112": 0.00017875926020009743
"p1113": 0.00031612163909069865
"p1114": 0.003738891052816775
"p1115": 0.005850131999601085
"p1116": 0.00025026296428013644
"p1117": 0.0007150370408003899
"p1118": 0.004467099828579277
"p1119": 0.00439371444807608
"p1120": 0.00041585048951812135
"p1121": 0.0010010518571205457
"p1122": 0.001061265502661631
"p1123": 0.003349384033222879
"p1124": 0.0016502302231103728
"p1125": 0.002935415220127916
"p1126": 0.0035337883226924534
"p1127": 0.00804416670900439
"p1128": 4.704191057897301E-05
"p1129": 0.00011290058538953522
"p1130": 0.0002051027301243223
"p1131": 0.0009032046831162819
"p1132": 0.0001637058488148261
"p1133": 0.0006228348960656026
"p1134": 0.000568266279793994
"p1135": 0.0013378719368659924
"p1136": 0.00038950701959389653
"p1137": 0.0002897781691664737
"p1138": 0.004371134330998173
"p1139": 0.002856384810355241
"p1140": 0.0017857109255778154
"p1141": 0.001151585970973259
"p1142": 0.010782005904700616
"p1143": 0.005646910945899922
"p1144": 9.408382115794599E-05
"p1145": 7.33853805031979E-05
"p1146": 0.001653993575956691
"p1147": 0.0013171734962112444
"p1148": 0.00021827446508643477
"p1149": 0.0004120871366718036
