"p1087": 0.004382424389537126
"p1088": 0.00031235828624438073
"p1089": 9.972885042742277E-05
"p1090": 0.00035563684397703593
"p1091": 0.00028225146347383805
"p1092": 5.645029269476761E-05
"p1093": 0
"p1094": 1.1290058538953523E-05
"p1095": 0
"p1096": 0.0016050699889545589
"p1097": 8.655711546531035E-05
"p1098": 0.003332448945414448
"p1099": 0.0021921530329801417
"p1100": 0.0010800822668932202
"p1101": 3.7633528463178407E-06
"p1102": 0.001657756928803009
"p1103": 0.000773369009918316
"p1104": 0.0006322432781813972
"p1105": 7.338538050319788E-05
"p1106": 0.0008674528310762621
"p1107": 0.000329293374052811
"p1108": 0.00018440428946957422
"p1109": 0
"p1110": 4.516023415581409E-05
"p1111": 0
"p1112": 0.00268327057942462
"p1113": 5.833196911792653E-05
"p1114": 0.00819093747001078
"p1115": 0.002677625550155145
"p1116": 0.0024744044964539803
"p1117": 3.7633528463178407E-06
"p1118": 0.005140739988070169
"p1119": 0.0008486360668446731
"p1120": 0.0011478226181269415
"p1121": 0.0002653163756654078
"p1122": 0.0006999836294151185
"p1123": 0.0011835744701669609
"p1124": 0.00012419064392848875
"p1125": 0
"p1126": 1.8816764231589203E-05
"p1127": 0
"p1128": 0.010050033776091795
"p1129": 0.0015937799304156055
"p1130": 0.00986939283946854
"p1131": 0.018489352533959558
"p1132": 0.004913057140867942
"p1133": 0.00017311423093062066
"p1134": 0.004079474485408539
"p1135": 0.005599869035320948
"p1136": 0.0021300577110158975
"p1137": 0.0001392440553137601
"p1138": 0.0022335499142896384
"p1139": 0.0012927117027101784
"p1140": 0.0003217666683601754
"p1141": 0
"p1142": 8.467543904215141E-05
"p1143": 0
"p1144": 1
"p1145": 0.0005118159870992265
"p1146": 0.023054299536543102
"p1147": 0.01812995233713621
"p1148": 0.007886105889459037
"p1149": 3.7633528463178407E-06
