"p1087": 0.0039891540170969115
"p1088": 0
"p1089": 0
"p1090": 0
"p1091": 0
"p1092": 0
"p1093": 0
"p1094": 0
"p1095": 0
"p1096": 0
"p1097": 0
"p1098": 0
"p1099": 0
"p1100": 0
"p1101": 0
"p1102": 0
"p1103": 0
"p1104": 5.268693984844977E-05
"p1105": 0
"p1106": 0.00010161052685058167
"p1107": 7.5267056926356815E-06
"p1108": 0
"p1109": 0
"p1110": 1.1290058538953523E-05
"p1111": 0
"p1112": 0.0001204272910821709
"p1113": 2.8225146347383805E-05
"p1114": 0.0012795399677480658
"p1115": 0.0005005259285602728
"p1116": 1.3171734962112442E-05
"p1117": 0
"p1118": 0.00010913723254321738
"p1119": 1.1290058538953523E-05
"p1120": 5.645029269476761E-06
"p1121": 0
"p1122": 1.1290058538953523E-05
"p1123": 0
"p1124": 0
"p1125": 0
"p1126": 0
"p1127": 0
"p1128": 7.714873334951572E-05
"p1129": 1.1290058538953523E-05
"p1130": 0.0005419228098697691
"p1131": 0.00031612163909069865
"p1132": 1.3171734962112444E-05
"p1133": 0
"p1134": 1.5053411385271363E-05
"p1135": 1.8816764231589207E-05
"p1136": 3.198849919370165E-05
"p1137": 0
"p1138": 6.962202765688005E-05
"p1139": 0
"p1140": 0
"p1141": 0
"p1142": 1.1290058538953523E-05
"p1143": 0
"p1144": 0.0003669269025159894
"p1145": 5.6450292694767617E-05
"p1146": 0.0024668777907613446
"p1147": 0.0018158177483483585
"p1148": 4.139688130949625E-05
"p1149": 0
