"p1087": 0.0033569107389155137
"p1088": 0.00015053411385271363
"p1089": 1.1290058538953521E-05
"p1090": 0.0001674692016611439
"p1091": 0.00022015614150959362
"p1092": 7.5267056926356815E-06
"p1093": 3.7633528463178407E-06
"p1094": 0
"p1095": 0
"p1096": 0.00028789649274331484
"p1097": 0
"p1098": 0.0005268693984844977
"p1099": 0.0003424651090149234
"p1100": 8.091208619583358E-05
"p1101": 0
"p1102": 6.774035123372113E-05
"p1103": 3.3870175616860565E-05
"p1104": 0
"p1105": 0
"p1106": 0
"p1107": 0
"p1108": 0
"p1109": 0
"p1110": 0
"p1111": 0
"p1112": 0
"p1113": 0
"p1114": 0
"p1115": 0
"p1116": 0
"p1117": 0
"p1118": 0
"p1119": 0
"p1120": 0.0003180033155138575
"p1121": 8.655711546531033E-05
"p1122": 0.00021639278866327584
"p1123": 0.000686811894453006
"p1124": 7.5267056926356815E-06
"p1125": 3.7633528463178407E-06
"p1126": 0
"p1127": 0
"p1128": 0.0012136812929375036
"p1129": 1.8816764231589203E-05
"p1130": 0.0009859984457352739
"p1131": 0.0015918982539924467
"p1132": 6.774035123372114E-05
"p1133": 0
"p1134": 3.7633528463178407E-05
"p1135": 1.8816764231589203E-05
"p1136": 0
"p1137": 0
"p1138": 0
"p1139": 0
"p1140": 0
"p1141": 0
"p1142": 0
"p1143": 0
"p1144": 0.0001279539967748066
"p1145": 0
"p1146": 9.784717400426385E-05
"p1147": 0.00011666393823585308
"p1148": 7.5267056926356815E-06
"p1149": 0
