"p1087": 0.00823233435132028
"p1088": 7.150370408003898E-05
"p1089": 0.00019569434800852773
"p1090": 0.0002333278764717061
"p1091": 0.0006077814846803314
"p1092": 0
"p1093": 7.5267056926356815E-06
"p1094": 0
"p1095": 7.5267056926356815E-06
"p1096": 9.784717400426385E-05
"p1097": 0.00023144620004854718
"p1098": 0.00099352515142791
"p1099": 0.0021620462102095992
"p1100": 2.0698440654748124E-05
"p1101": 5.080526342529085E-05
"p1102": 4.327855773265517E-05
"p1103": 0.00010349220327374062
"p1104": 3.575185204001949E-05
"p1105": 2.6343469924224887E-05
"p1106": 9.408382115794602E-05
"p1107": 7.150370408003896E-05
"p1108": 0
"p1109": 3.7633528463178407E-06
"p1110": 0
"p1111": 3.7633528463178407E-06
"p1112": 1.6935087808430282E-05
"p1113": 1.6935087808430282E-05
"p1114": 0.00024461793501065964
"p1115": 0.00011666393823585305
"p1116": 9.408382115794602E-06
"p1117": 2.0698440654748124E-05
"p1118": 3.9515204886337324E-05
"p1119": 4.327855773265517E-05
"p1120": 2.258011707790705E-05
"p1121": 5.8331969117926534E-05
"p1122": 6.021364554108546E-05
"p1123": 0.00017123255450746176
"p1124": 0
"p1125": 0
"p1126": 0
"p1127": 0
"p1128": 3.7633528463178407E-06
"p1129": 1.5053411385271363E-05
"p1130": 7.526705692635681E-05
"p1131": 0.0001938126715853688
"p1132": 7.5267056926356815E-06
"p1133": 1.5053411385271363E-05
"p1134": 5.645029269476761E-06
"p1135": 1.3171734962112444E-05
"p1136": 0
"p1137": 0
"p1138": 0
"p1139": 0
"p1140": 0
"p1141": 0
"p1142": 0
"p1143": 0
"p1144": 1.8816764231589203E-05
"p1145": 1.5053411385271363E-05
"p1146": 0.00018064093662325633
"p1147": 0.00026343469924224885
"p1148": 0
"p1149": 3.7633528463178407E-06
