"p1087": 0.0014451274929860507
"p1088": 0
"p1089": 0
"p1090": 0
"p1091": 0
"p1092": 0
"p1093": 0
"p1094": 0
"p1095": 0
"p1096": 0
"p1097": 0
"p1098": 0
"p1099": 0
"p1100": 0
"p1101": 0
"p1102": 0
"p1103": 0
"p1104": 3.9515204886337324E-05
"p1105": 7.338538050319788E-05
"p1106": 0
"p1107": 3.3870175616860565E-05
"p1108": 0
"p1109": 1.1290058538953523E-05
"p1110": 0
"p1111": 0
"p1112": 0.0007470255399940912
"p1113": 0.0005024076049834317
"p1114": 0.00027660643420436126
"p1115": 0.0002991865512822682
"p1116": 3.3870175616860565E-05
"p1117": 4.139688130949625E-05
"p1118": 0
"p1119": 0
"p1120": 5.645029269476761E-06
"p1121": 5.645029269476761E-06
"p1122": 0
"p1123": 5.645029269476761E-06
"p1124": 0
"p1125": 0
"p1126": 0
"p1127": 0
"p1128": 0.00020322105370116345
"p1129": 0.0004911175464444781
"p1130": 3.575185204001949E-05
"p1131": 0.0002145111122401169
"p1132": 5.645029269476761E-06
"p1133": 5.645029269476761E-06
"p1134": 0
"p1135": 0
"p1136": 1.6935087808430282E-05
"p1137": 5.645029269476761E-05
"p1138": 0
"p1139": 1.6935087808430282E-05
"p1140": 0
"p1141": 1.1290058538953523E-05
"p1142": 0
"p1143": 0
"p1144": 0.0010556204733921542
"p1145": 0.0021789812980180295
"p1146": 0.00021262943581695803
"p1147": 0.0011515859709732594
"p1148": 1.6935087808430282E-05
"p1149": 3.0106822770542726E-05
