"p1087": 0.003492391441382956
"p1088": 5.645029269476761E-06
"p1089": 0
"p1090": 5.645029269476761E-06
"p1091": 0
"p1092": 5.645029269476761E-06
"p1093": 0
"p1094": 5.645029269476761E-06
"p1095": 5.645029269476761E-06
"p1096": 0.0002145111122401169
"p1097": 0
"p1098": 0.00016182417239166716
"p1099": 0.00023144620004854723
"p1100": 8.27937626189925E-05
"p1101": 1.8816764231589203E-05
"p1102": 5.833196911792653E-05
"p1103": 0.00014300740816007796
"p1104": 0.00010161052685058169
"p1105": 0
"p1106": 5.8331969117926534E-05
"p1107": 1.5053411385271363E-05
"p1108": 6.39769983874033E-05
"p1109": 1.5053411385271363E-05
"p1110": 4.139688130949625E-05
"p1111": 3.7633528463178407E-05
"p1112": 0.0010123419156594991
"p1113": 1.8816764231589203E-05
"p1114": 0.0009972885042742277
"p1115": 0.0013303452311733569
"p1116": 0.00032929337405281106
"p1117": 7.150370408003896E-05
"p1118": 0.0003029499041285862
"p1119": 0.0005870830440255831
"p1120": 0
"p1121": 0
"p1122": 0
"p1123": 0
"p1124": 0
"p1125": 0
"p1126": 0
"p1127": 0
"p1128": 0
"p1129": 0
"p1130": 0
"p1131": 0
"p1132": 0
"p1133": 0
"p1134": 0
"p1135": 0
"p1136": 0
"p1137": 0
"p1138": 0
"p1139": 0
"p1140": 0
"p1141": 0
"p1142": 0
"p1143": 0
"p1144": 2.2580117077907045E-05
"p1145": 0
"p1146": 3.387017561686057E-05
"p1147": 7.903040977267465E-05
"p1148": 0
"p1149": 0
