"p1087": 0.0032214300364480724
"p1088": 1
"p1089": 0.00037257193178546626
"p1090": 0.00571841464997996
"p1091": 0.0050842896953754045
"p1092": 0.0002182744650864348
"p1093": 4.8923587002131926E-05
"p1094": 7.714873334951574E-05
"p1095": 0
"p1096": 0.005400411334466103
"p1097": 0.00012042729108217089
"p1098": 0.00692080588437851
"p1099": 0.007046878204730157
"p1100": 0.0042187185407223
"p1101": 0
"p1102": 0.0064936653363214325
"p1103": 0.0036899674658146427
"p1104": 0.00030106822770542725
"p1105": 1.1290058538953523E-05
"p1106": 0.001204272910821709
"p1107": 0.00010725555612005845
"p1108": 7.150370408003895E-05
"p1109": 5.645029269476761E-06
"p1110": 1.88167642315892E-05
"p1111": 0
"p1112": 0.00026343469924224885
"p1113": 0
"p1114": 0.0011609943530890537
"p1115": 6.774035123372113E-05
"p1116": 0.0005870830440255831
"p1117": 0
"p1118": 0.0015109861677966132
"p1119": 3.3870175616860565E-05
"p1120": 0.00559422400605147
"p1121": 0.001723615603613571
"p1122": 0.00649931036559091
"p1123": 0.013495383306895781
"p1124": 0.00016370584881482606
"p1125": 9.972885042742278E-05
"p1126": 5.2686939848449775E-05
"p1127": 0
"p1128": 0.00484719846605738
"p1129": 0.00017123255450746176
"p1130": 0.0035431967048082475
"p1131": 0.006610329274557287
"p1132": 0.005517075272701954
"p1133": 0.00022203781793275263
"p1134": 0.004056894368330633
"p1135": 0.007419450136515624
"p1136": 0.003927058695132667
"p1137": 6.39769983874033E-05
"p1138": 0.011623115265852652
"p1139": 0.0055848156239356765
"p1140": 0.000543804486292928
"p1141": 4.327855773265517E-05
"p1142": 0.00014300740816007796
"p1143": 0
"p1144": 0.004596935501777243
"p1145": 3.7633528463178407E-06
"p1146": 0.007903040977267468
"p1147": 0.004711717763589938
"p1148": 0.007511652281250411
"p1149": 7.5267056926356815E-06
