"p1087": 0.005812498471137905
"p1088": 0
"p1089": 0
"p1090": 0
"p1091": 0
"p1092": 0
"p1093": 0
"p1094": 0
"p1095": 0
"p1096": 0
"p1097": 0
"p1098": 0
"p1099": 0
"p1100": 0
"p1101": 0
"p1102": 0
"p1103": 0
"p1104": 7.903040977267465E-05
"p1105": 6.585867481056221E-05
"p1106": 0.00045160234155814077
"p1107": 0.00023897290574118288
"p1108": 9.596549758110493E-05
"p1109": 9.22021447347871E-05
"p1110": 0.00024085458216434175
"p1111": 0.00016182417239166716
"p1112": 0
"p1113": 0
"p1114": 0.00022015614150959362
"p1115": 0.00010725555612005844
"p1116": 0
"p1117": 3.3870175616860565E-05
"p1118": 6.774035123372113E-05
"p1119": 8.091208619583358E-05
"p1120": 1.8816764231589203E-05
"p1121": 4.3278557732655166E-05
"p1122": 0.00011666393823585305
"p1123": 0.0002803697870506791
"p1124": 2.258011707790705E-05
"p1125": 5.8331969117926534E-05
"p1126": 6.021364554108546E-05
"p1127": 0.00017123255450746176
"p1128": 0
"p1129": 0
"p1130": 5.080526342529085E-05
"p1131": 0.00011854561465901197
"p1132": 0
"p1133": 5.645029269476761E-06
"p1134": 1.1290058538953523E-05
"p1135": 1.1290058538953523E-05
"p1136": 8.843879188846925E-05
"p1137": 0.0002088660829706401
"p1138": 0.0005080526342529085
"p1139": 0.0010876089725858557
"p1140": 7.150370408003898E-05
"p1141": 0.00019945770085484557
"p1142": 0.0002333278764717061
"p1143": 0.0005852013676024242
"p1144": 1.8816764231589203E-05
"p1145": 4.3278557732655166E-05
"p1146": 0.0003594001968233538
"p1147": 0.0007940674505730644
"p1148": 0
"p1149": 2.2580117077907045E-05
