"p1087": 0.0009747083871963206
"p1088": 0.002320107029754949
"p1089": 0.0005569762212550405
"p1090": 0.007197412318582871
"p1091": 0.00608345987607279
"p1092": 0.00019569434800852773
"p1093": 0
"p1094": 0.0002653163756654078
"p1095": 0
"p1096": 0.001322818525480721
"p1097": 8.655711546531035E-05
"p1098": 0.006568932393247793
"p1099": 0.003627872143850399
"p1100": 0.0017650124849230672
"p1101": 6.021364554108545E-05
"p1102": 0.007633961248755742
"p1103": 0.00385179163820631
"p1104": 0.0012720132620554303
"p1105": 0.0002427362585875007
"p1106": 1
"p1107": 0.00552836533124091
"p1108": 9.784717400426385E-05
"p1109": 0
"p1110": 0.0004741824586360479
"p1111": 0
"p1112": 0.001362333730367058
"p1113": 7.150370408003898E-05
"p1114": 0.01596414277408029
"p1115": 0.008320773143208749
"p1116": 0.0010349220327374063
"p1117": 0
"p1118": 0.014961209240536576
"p1119": 0.004933755581522691
"p1120": 0.0020491456248200642
"p1121": 0.000637888307450874
"p1122": 0.005938570791489554
"p1123": 0.005590460653205153
"p1124": 7.338538050319791E-05
"p1125": 0
"p1126": 5.833196911792653E-05
"p1127": 0
"p1128": 0.0006416516602971918
"p1129": 3.3870175616860565E-05
"p1130": 0.00317250644944594
"p1131": 0.0015711998133376985
"p1132": 0.0013096467905186085
"p1133": 6.774035123372113E-05
"p1134": 0.004026787545560091
"p1135": 0.002363385587487604
"p1136": 0.0008166475676509714
"p1137": 0.0001580608195453493
"p1138": 0.012533846654661568
"p1139": 0.002271183442752817
"p1140": 0.00016370584881482606
"p1141": 0
"p1142": 0.0004911175464444782
"p1143": 0
"p1144": 0.00034246510901492347
"p1145": 9.408382115794602E-06
"p1146": 0.008390395170865629
"p1147": 0.0017518407499609548
"p1148": 0.0006040181318340133
"p1149": 1.8816764231589203E-05
