"p1087": 0.0008110025383814946
"p1088": 3.9515204886337324E-05
"p1089": 7.338538050319788E-05
"p1090": 0
"p1091": 3.3870175616860565E-05
"p1092": 0
"p1093": 1.1290058538953523E-05
"p1094": 0
"p1095": 0
"p1096": 0.0007470255399940912
"p1097": 0.0005024076049834317
"p1098": 0.00027660643420436126
"p1099": 0.0002991865512822682
"p1100": 3.3870175616860565E-05
"p1101": 4.139688130949625E-05
"p1102": 0
"p1103": 0
"p1104": 0
"p1105": 0
"p1106": 0
"p1107": 0
"p1108": 0
"p1109": 0
"p1110": 0
"p1111": 0
"p1112": 0
"p1113": 0
"p1114": 0
"p1115": 0
"p1116": 0
"p1117": 0
"p1118": 0
"p1119": 0
"p1120": 1.8816764231589203E-05
"p1121": 5.833196911792653E-05
"p1122": 0
"p1123": 1.8816764231589203E-05
"p1124": 0
"p1125": 1.1290058538953523E-05
"p1126": 0
"p1127": 0
"p1128": 0.001179811117320643
"p1129": 0.002470641143607662
"p1130": 0.00023709122931802397
"p1131": 0.0013134101433649266
"p1132": 1.8816764231589203E-05
"p1133": 3.198849919370165E-05
"p1134": 0
"p1135": 0
"p1136": 3.7633528463178407E-06
"p1137": 3.7633528463178407E-06
"p1138": 0
"p1139": 3.7633528463178407E-06
"p1140": 0
"p1141": 0
"p1142": 0
"p1143": 0
"p1144": 7.903040977267465E-05
"p1145": 0.00019945770085484557
"p1146": 1.1290058538953523E-05
"p1147": 5.2686939848449775E-05
"p1148": 3.7633528463178407E-06
"p1149": 3.7633528463178407E-06
