"p1087": 0.0030633692169027226
"p1088": 0.00015053411385271363
"p1089": 4.516023415581409E-05
"p1090": 0.0003951520488633734
"p1091": 0.0005400411334466102
"p1092": 7.5267056926356815E-06
"p1093": 0
"p1094": 7.5267056926356815E-06
"p1095": 0
"p1096": 0.00022015614150959365
"p1097": 1.1290058538953523E-05
"p1098": 0.001988931979278979
"p1099": 0.001275776614901748
"p1100": 5.080526342529085E-05
"p1101": 0
"p1102": 0.0001129005853895352
"p1103": 7.33853805031979E-05
"p1104": 2.6343469924224887E-05
"p1105": 5.645029269476761E-06
"p1106": 0.00018064093662325636
"p1107": 2.0698440654748124E-05
"p1108": 3.7633528463178407E-06
"p1109": 0
"p1110": 3.7633528463178407E-06
"p1111": 0
"p1112": 1.6935087808430282E-05
"p1113": 0
"p1114": 0.0003612818732465127
"p1115": 1.6935087808430282E-05
"p1116": 2.0698440654748124E-05
"p1117": 0
"p1118": 9.784717400426385E-05
"p1119": 0
"p1120": 4.704191057897301E-05
"p1121": 1.1290058538953523E-05
"p1122": 0.00012419064392848875
"p1123": 0.00013359902604428335
"p1124": 0
"p1125": 0
"p1126": 0
"p1127": 0
"p1128": 1.5053411385271363E-05
"p1129": 0
"p1130": 0.00019193099516220984
"p1131": 8.091208619583358E-05
"p1132": 1.5053411385271363E-05
"p1133": 0
"p1134": 1.1290058538953523E-05
"p1135": 1.8816764231589207E-05
"p1136": 0
"p1137": 0
"p1138": 0
"p1139": 0
"p1140": 0
"p1141": 0
"p1142": 0
"p1143": 0
"p1144": 1.5053411385271363E-05
"p1145": 0
"p1146": 0.00028225146347383805
"p1147": 0.00018064093662325636
"p1148": 3.7633528463178407E-06
"p1149": 0
