"p1087": 0.0010951356782784919
"p1088": 5.8331969117926534E-05
"p1089": 0.00012042729108217089
"p1090": 1.1290058538953523E-05
"p1091": 0.00010161052685058171
"p1092": 0
"p1093": 0
"p1094": 0
"p1095": 0
"p1096": 0.0001448890845832369
"p1097": 0.00037069025536230727
"p1098": 2.4461793501065963E-05
"p1099": 0.00011290058538953522
"p1100": 1.1290058538953523E-05
"p1101": 1.1290058538953523E-05
"p1102": 0
"p1103": 5.645029269476761E-06
"p1104": 0.00028225146347383805
"p1105": 0.00042149551878759814
"p1106": 8.655711546531033E-05
"p1107": 0.0004327855773265517
"p1108": 0
"p1109": 1.6935087808430282E-05
"p1110": 0
"p1111": 0
"p1112": 0.0010311586798910882
"p1113": 0.0018233444540409938
"p1114": 0.00024461793501065964
"p1115": 0.0007959491269962234
"p1116": 6.774035123372113E-05
"p1117": 0.00010725555612005845
"p1118": 0
"p1119": 3.3870175616860565E-05
"p1120": 0
"p1121": 0
"p1122": 0
"p1123": 0
"p1124": 0
"p1125": 0
"p1126": 0
"p1127": 0
"p1128": 0
"p1129": 0
"p1130": 0
"p1131": 0
"p1132": 0
"p1133": 0
"p1134": 0
"p1135": 0
"p1136": 0
"p1137": 0
"p1138": 0
"p1139": 0
"p1140": 0
"p1141": 0
"p1142": 0
"p1143": 0
"p1144": 5.645029269476761E-05
"p1145": 2.2580117077907045E-05
"p1146": 3.387017561686057E-05
"p1147": 2.2580117077907045E-05
"p1148": 0
"p1149": 0
