"p1087": 0.005247995544190229
"p1088": 8.843879188846925E-05
"p1089": 0.0002088660829706401
"p1090": 0.0005080526342529085
"p1091": 0.0010876089725858557
"p1092": 7.150370408003898E-05
"p1093": 0.00019945770085484557
"p1094": 0.0002333278764717061
"p1095": 0.0005852013676024242
"p1096": 1.8816764231589203E-05
"p1097": 4.3278557732655166E-05
"p1098": 0.0003594001968233538
"p1099": 0.0007940674505730644
"p1100": 0
"p1101": 2.2580117077907045E-05
"p1102": 4.516023415581409E-05
"p1103": 7.526705692635681E-05
"p1104": 2.6343469924224887E-05
"p1105": 2.2580117077907045E-05
"p1106": 0.00017123255450746176
"p1107": 9.220214473478709E-05
"p1108": 3.575185204001949E-05
"p1109": 2.8225146347383805E-05
"p1110": 9.408382115794602E-05
"p1111": 6.021364554108545E-05
"p1112": 0
"p1113": 0
"p1114": 7.903040977267466E-05
"p1115": 3.951520488633733E-05
"p1116": 0
"p1117": 1.6935087808430282E-05
"p1118": 3.3870175616860565E-05
"p1119": 4.327855773265517E-05
"p1120": 1.1290058538953523E-05
"p1121": 2.82251463473838E-05
"p1122": 6.021364554108545E-05
"p1123": 0.00015241579027587253
"p1124": 2.258011707790705E-05
"p1125": 5.8331969117926534E-05
"p1126": 6.021364554108546E-05
"p1127": 0.00017123255450746176
"p1128": 0
"p1129": 0
"p1130": 1.6935087808430286E-05
"p1131": 3.9515204886337324E-05
"p1132": 0
"p1133": 1.8816764231589204E-06
"p1134": 3.7633528463178407E-06
"p1135": 3.7633528463178407E-06
"p1136": 1.8816764231589203E-05
"p1137": 1.5053411385271363E-05
"p1138": 0.00011666393823585305
"p1139": 0.0001542974666990315
"p1140": 0
"p1141": 0
"p1142": 0
"p1143": 0
"p1144": 0
"p1145": 0
"p1146": 6.397699838740328E-05
"p1147": 8.655711546531033E-05
"p1148": 0
"p1149": 3.7633528463178407E-06
