"p1087": 0.0031743881258690988
"p1088": 8.843879188846925E-05
"p1089": 0.00023520955289486504
"p1090": 1.5053411385271363E-05
"p1091": 4.139688130949625E-05
"p1092": 0.00029354152201279164
"p1093": 0.0004723007822128889
"p1094": 6.021364554108544E-05
"p1095": 0.00028225146347383805
"p1096": 0.0009859984457352743
"p1097": 0.0007432621871477736
"p1098": 0.0007413805107246147
"p1099": 0.0005720296326403117
"p1100": 0.0020378555662811104
"p1101": 0.0013152918197880852
"p1102": 0.00172549728003673
"p1103": 0.001830871159733629
"p1104": 0.00034246510901492347
"p1105": 0.0004723007822128889
"p1106": 6.962202765688005E-05
"p1107": 3.3870175616860565E-05
"p1108": 0.0007733690099183162
"p1109": 0.0009013230066931229
"p1110": 0.00015617914312219042
"p1111": 0.0002446179350106597
"p1112": 0.0026023584932287863
"p1113": 0.0016069516653777177
"p1114": 0.0017349056621525246
"p1115": 0.0005739113090634708
"p1116": 0.004325974096842359
"p1117": 0.002632465315999329
"p1118": 0.0034284144429955537
"p1119": 0.001170402735204848
"p1120": 0.00016935087808430283
"p1121": 0.0007432621871477736
"p1122": 3.7633528463178407E-05
"p1123": 0.00019381267158536877
"p1124": 0.0007075103351077541
"p1125": 0.001606951665377718
"p1126": 0.00013548070246744229
"p1127": 0.0009464832408489371
"p1128": 0.0031311095681364432
"p1129": 0.007872934154496927
"p1130": 0.0018158177483483585
"p1131": 0.006011956171992752
"p1132": 0.0059329257622200765
"p1133": 0.010302178416795094
"p1134": 0.003802868051204179
"p1135": 0.011188448012102944
"p1136": 0.0006002547789876956
"p1137": 0.0013152918197880854
"p1138": 0.00020133937727800444
"p1139": 0.0002897781691664738
"p1140": 0.0018590963060810132
"p1141": 0.002632465315999329
"p1142": 0.000472300782212889
"p1143": 0.0009257848001941889
"p1144": 0.006512482100553024
"p1145": 0.010302178416795092
"p1146": 0.004405004506615033
"p1147": 0.005074881313259609
"p1148": 0.010798940992509047
"p1149": 1
