"p1087": 0.010048152099668636
"p1088": 0.0011026623839711274
"p1089": 0.0007282087757625021
"p1090": 0.0026287019631530116
"p1091": 0.0018158177483483576
"p1092": 0
"p1093": 9.596549758110493E-05
"p1094": 2.2580117077907042E-05
"p1095": 7.150370408003896E-05
"p1096": 0.0003104766098212219
"p1097": 0.0001844042894695742
"p1098": 0.000613426513949808
"p1099": 0.0004591290472507766
"p1100": 0.0003481101382844003
"p1101": 0.00041773216594128044
"p1102": 0.0018685046881968075
"p1103": 0.0014921694035650239
"p1104": 0.0007677239806488391
"p1105": 0.0004892358700213191
"p1106": 0.0041660316008738495
"p1107": 0.0017913559548472918
"p1108": 0
"p1109": 9.22021447347871E-05
"p1110": 5.8331969117926534E-05
"p1111": 0.00019945770085484557
"p1112": 0.0003857436667475786
"p1113": 0.0002653163756654078
"p1114": 0.0038122764333199735
"p1115": 0.001535447961297679
"p1116": 0.00017311423093062064
"p1117": 0.00024649961143381863
"p1118": 0.005526483654817749
"p1119": 0.0027058506965025276
"p1120": 0.0025026296428013644
"p1121": 0.004956335698600597
"p1122": 0.006143673521613876
"p1123": 0.012473633009120487
"p1124": 0
"p1125": 0.00024085458216434183
"p1126": 6.021364554108546E-05
"p1127": 0.0002333278764717061
"p1128": 0.000895677977423646
"p1129": 0.0020002220378179327
"p1130": 0.003460402942189255
"p1131": 0.00910543221166602
"p1132": 0.0010217502977752939
"p1133": 0.00277170937131309
"p1134": 0.004756877997745751
"p1135": 0.009675580167883172
"p1136": 0.0017424323678451599
"p1137": 0.0018214627776178345
"p1138": 0.009974766719165438
"p1139": 1
"p1140": 0
"p1141": 0.00016182417239166716
"p1142": 0.00017123255450746176
"p1143": 0.0005852013676024242
"p1144": 0.0009220214473478709
"p1145": 0.0015015777856808184
"p1146": 0.011448119358498873
"p1147": 0.014285687404622528
"p1148": 0.0007507888928404092
"p1149": 0.0013472803189817871
