"p1087": 0.004534840179812998
"p1088": 7.903040977267465E-05
"p1089": 6.585867481056221E-05
"p1090": 0.00045160234155814077
"p1091": 0.00023897290574118288
"p1092": 9.596549758110493E-05
"p1093": 9.22021447347871E-05
"p1094": 0.00024085458216434175
"p1095": 0.00016182417239166716
"p1096": 0
"p1097": 0
"p1098": 0.00022015614150959362
"p1099": 0.00010725555612005844
"p1100": 0
"p1101": 3.3870175616860565E-05
"p1102": 6.774035123372113E-05
"p1103": 8.091208619583358E-05
"p1104": 0
"p1105": 0
"p1106": 0
"p1107": 0
"p1108": 0
"p1109": 0
"p1110": 0
"p1111": 0
"p1112": 0
"p1113": 0
"p1114": 0
"p1115": 0
"p1116": 0
"p1117": 0
"p1118": 0
"p1119": 0
"p1120": 9.972885042742277E-05
"p1121": 0.00023709122931802392
"p1122": 0.000568266279793994
"p1123": 0.0012400247628617284
"p1124": 9.408382115794602E-05
"p1125": 0.0002577896699727721
"p1126": 0.0002935415220127916
"p1127": 0.000756433922109886
"p1128": 1.8816764231589203E-05
"p1129": 4.3278557732655166E-05
"p1130": 0.00037633528463178407
"p1131": 0.0008335826554594017
"p1132": 0
"p1133": 2.4461793501065963E-05
"p1134": 4.8923587002131926E-05
"p1135": 7.903040977267466E-05
"p1136": 7.5267056926356815E-06
"p1137": 1.5053411385271363E-05
"p1138": 5.6450292694767617E-05
"p1139": 0.0001279539967748066
"p1140": 0
"p1141": 0
"p1142": 0
"p1143": 0
"p1144": 0
"p1145": 0
"p1146": 3.387017561686057E-05
"p1147": 7.903040977267465E-05
"p1148": 0
"p1149": 3.7633528463178407E-06
