"p1087": 0.00200398539066425
"p1088": 0.000496762575713955
"p1089": 7.338538050319788E-05
"p1090": 0.0006736401594908937
"p1091": 0.000329293374052811
"p1092": 0.0001467707610063958
"p1093": 0
"p1094": 3.7633528463178407E-05
"p1095": 0
"p1096": 0.002559079935496131
"p1097": 5.833196911792653E-05
"p1098": 0.006979137853496436
"p1099": 0.0026550454330772372
"p1100": 0.002224141532173844
"p1101": 3.7633528463178407E-06
"p1102": 0.004489679945657183
"p1103": 0.00087121618392258
"p1104": 0.00014112573173691905
"p1105": 1.1290058538953523E-05
"p1106": 0.0002051027301243223
"p1107": 2.8225146347383805E-05
"p1108": 3.7633528463178407E-05
"p1109": 0
"p1110": 7.5267056926356815E-06
"p1111": 0
"p1112": 0.00027096140493488457
"p1113": 1.1290058538953523E-05
"p1114": 0.0014658259336407988
"p1115": 0.00015241579027587253
"p1116": 0.00027284308135804345
"p1117": 0
"p1118": 0.0006679951302214167
"p1119": 0
"p1120": 0.0017612491320767496
"p1121": 0.0005024076049834317
"p1122": 0.0015674364604913807
"p1123": 0.0021131226232074672
"p1124": 0.00023709122931802397
"p1125": 0
"p1126": 6.021364554108545E-05
"p1127": 0
"p1128": 1
"p1129": 0.002470641143607662
"p1130": 0.021874488419222456
"p1131": 0.03277503993858209
"p1132": 0.0084054485822509
"p1133": 0.00019945770085484557
"p1134": 0.008983123244160687
"p1135": 0.009282309795442957
"p1136": 0.0020002220378179327
"p1137": 4.139688130949625E-05
"p1138": 0.0019230733044684166
"p1139": 0.0006755218359140524
"p1140": 0.00027284308135804345
"p1141": 0
"p1142": 5.4568616271608685E-05
"p1143": 0
"p1144": 0.007167305495812328
"p1145": 3.198849919370165E-05
"p1146": 0.01614854706354986
"p1147": 0.0092070427385166
"p1148": 0.0058840021752179445
"p1149": 3.7633528463178407E-06
