"p1087": 0.002015275449203204
"p1088": 0.0001825226130464153
"p1089": 0
"p1090": 0.0007808957156109518
"p1091": 0.00012419064392848875
"p1092": 0.0008937963010004872
"p1093": 0
"p1094": 0.001748077397114637
"p1095": 0.0004346672537497106
"p1096": 0.0017875926020009749
"p1097": 0.00014677076100639582
"p1098": 0.007649014660141016
"p1099": 0.005050419519758542
"p1100": 0.0027848811062752025
"p1101": 0.0005569762212550405
"p1102": 0.010631471790847903
"p1103": 0.0073761715787829685
"p1104": 0.00018816764231589206
"p1105": 0
"p1106": 0.0017838292491546561
"p1107": 0.0003481101382844003
"p1108": 0.0006698768066445756
"p1109": 0
"p1110": 0.0028206329583152214
"p1111": 0.000613426513949808
"p1112": 0.0014376007872934152
"p1113": 7.150370408003898E-05
"p1114": 0.01519265544058513
"p1115": 0.008158948970817082
"p1116": 0.0014658259336407992
"p1117": 0.0002427362585875007
"p1118": 1
"p1119": 0.008239861057012916
"p1120": 7.33853805031979E-05
"p1121": 0
"p1122": 0.00020886608297064017
"p1123": 3.010682277054273E-05
"p1124": 0.0006472966895666686
"p1125": 0
"p1126": 0.0008335826554594018
"p1127": 0.0001373623788906012
"p1128": 0.0010029335335437048
"p1129": 0.00010161052685058169
"p1130": 0.003475456353574527
"p1131": 0.0025590799354961316
"p1132": 0.002402900792373942
"p1133": 0.000637888307450874
"p1134": 0.008288784644015047
"p1135": 0.006608447598134129
"p1136": 4.7041910578973015E-05
"p1137": 0
"p1138": 0.0011647577059353716
"p1139": 0.0001016105268505817
"p1140": 0.0006454150131435096
"p1141": 0
"p1142": 0.0034397045015345075
"p1143": 0.000284133139896997
"p1144": 0.0003631635496696716
"p1145": 2.8225146347383808E-05
"p1146": 0.008958661450659622
"p1147": 0.0018365161890031064
"p1148": 0.0010066968863900222
"p1149": 0.0001580608195453493
