"p1087": 0.007752506863414754
"p1088": 0.0002389729057411829
"p1089": 0.0002051027301243223
"p1090": 0.0012814216441712246
"p1091": 0.0008204109204972892
"p1092": 0.001322818525480721
"p1093": 0.0009257848001941886
"p1094": 0.0029241251615889628
"p1095": 0.001973878567893707
"p1096": 3.9515204886337324E-05
"p1097": 3.198849919370165E-05
"p1098": 0.00019381267158536883
"p1099": 0.00019757602443168663
"p1100": 0.00013171734962112442
"p1101": 0.00026343469924224885
"p1102": 0.0006077814846803312
"p1103": 0.0007394988343014557
"p1104": 0.0002577896699727721
"p1105": 0.00021262943581695803
"p1106": 0.003245891829949137
"p1107": 0.0014187840230618259
"p1108": 0.0009257848001941887
"p1109": 0.0006454150131435094
"p1110": 0.005771101589828408
"p1111": 0.0021582828573632816
"p1112": 3.3870175616860565E-05
"p1113": 2.634346992422488E-05
"p1114": 0.0010857272961626969
"p1115": 0.0006153081903729669
"p1116": 9.032046831162818E-05
"p1117": 0.00020886608297064022
"p1118": 0.00277170937131309
"p1119": 0.001772539190615703
"p1120": 0.0008636894782299445
"p1121": 0.002468759467184504
"p1122": 0.003343739003953402
"p1123": 0.008339589907440338
"p1124": 0.0029241251615889623
"p1125": 0.00577110158982841
"p1126": 0.007628316219486264
"p1127": 0.014624389160791137
"p1128": 0.00016182417239166716
"p1129": 0.0004196138423644393
"p1130": 0.0010650288555079492
"p1131": 0.0033945442673786936
"p1132": 0.00035751852040019486
"p1133": 0.001181692793743802
"p1134": 0.001817699424771517
"p1135": 0.0036090553796188094
"p1136": 0.0006962202765688006
"p1137": 0.001292711702710178
"p1138": 0.006719466507100506
"p1139": 0.008096853648852834
"p1140": 0.0019738785678937074
"p1141": 0.0021582828573632816
"p1142": 0.014624389160791132
"p1143": 1
"p1144": 0.0002182744650864348
"p1145": 0.00034811013828440026
"p1146": 0.003994799046366388
"p1147": 0.006540707246900409
"p1148": 0.0003518734911307181
"p1149": 0.0009088497123857585
