"p1087": 0.0009370748587331423
"p1088": 0.000803475832688859
"p1089": 0
"p1090": 0.0015881349011461286
"p1091": 0.00041396881309496247
"p1092": 0
"p1093": 0
"p1094": 0.00015053411385271363
"p1095": 0
"p1096": 0.003673032378006213
"p1097": 0.0006435333367203508
"p1098": 0.013659089155710607
"p1099": 0.00970380531423055
"p1100": 0.001277658291324907
"p1101": 6.021364554108545E-05
"p1102": 0.006544470599746726
"p1103": 0.0036203454381577636
"p1104": 0.0006322432781813972
"p1105": 0
"p1106": 0.0026512820802309187
"p1107": 0.0006021364554108545
"p1108": 0
"p1109": 0
"p1110": 0.0003142399626675397
"p1111": 0
"p1112": 0.0026512820802309196
"p1113": 0.0003142399626675397
"p1114": 1
"p1115": 0.013749409624022239
"p1116": 0.0006021364554108545
"p1117": 0
"p1118": 0.013749409624022237
"p1119": 0.004978915815678504
"p1120": 0.0006134265139498081
"p1121": 0
"p1122": 0.0007865407448804289
"p1123": 0.0001373623788906012
"p1124": 0
"p1125": 0
"p1126": 3.575185204001949E-05
"p1127": 0
"p1128": 0.0026983239908098923
"p1129": 0.0006717584830677346
"p1130": 0.009028283478316503
"p1131": 0.007142843702311263
"p1132": 0.0008373460083057197
"p1133": 6.774035123372113E-05
"p1134": 0.003341857327530244
"p1135": 0.0021846263272875064
"p1136": 0.0005362777806002922
"p1137": 0
"p1138": 0.003198849919370165
"p1139": 0.00025590799354961323
"p1140": 0
"p1141": 0
"p1142": 0.0002784881106275202
"p1143": 0
"p1144": 0.001268249909209112
"p1145": 0.0001674692016611439
"p1146": 0.020510273012432235
"p1147": 0.004036195927675885
"p1148": 0.00025778966997277205
"p1149": 1.8816764231589203E-05
