"p1087": 0.00496950743356271
"p1088": 0
"p1089": 0
"p1090": 0
"p1091": 0
"p1092": 0
"p1093": 0
"p1094": 0
"p1095": 0
"p1096": 0
"p1097": 0
"p1098": 0
"p1099": 0
"p1100": 0
"p1101": 0
"p1102": 0
"p1103": 0
"p1104": 0.00015053411385271363
"p1105": 1.1290058538953521E-05
"p1106": 0.0001674692016611439
"p1107": 0.00022015614150959362
"p1108": 7.5267056926356815E-06
"p1109": 3.7633528463178407E-06
"p1110": 0
"p1111": 0
"p1112": 0.00028789649274331484
"p1113": 0
"p1114": 0.0005268693984844977
"p1115": 0.0003424651090149234
"p1116": 8.091208619583358E-05
"p1117": 0
"p1118": 6.774035123372113E-05
"p1119": 3.3870175616860565E-05
"p1120": 7.714873334951573E-05
"p1121": 1.8816764231589203E-05
"p1122": 5.2686939848449775E-05
"p1123": 0.00014300740816007796
"p1124": 0
"p1125": 0
"p1126": 0
"p1127": 0
"p1128": 0.00023709122931802397
"p1129": 0
"p1130": 0.00018440428946957414
"p1131": 0.00023144620004854723
"p1132": 1.1290058538953523E-05
"p1133": 0
"p1134": 1.1290058538953523E-05
"p1135": 5.645029269476761E-06
"p1136": 0.0002408545821643418
"p1137": 6.774035123372113E-05
"p1138": 0.0001637058488148261
"p1139": 0.000543804486292928
"p1140": 7.5267056926356815E-06
"p1141": 3.7633528463178407E-06
"p1142": 0
"p1143": 0
"p1144": 0.0011045440603942862
"p1145": 1.8816764231589203E-05
"p1146": 0.0008994413302699637
"p1147": 0.0014771159921797524
"p1148": 6.39769983874033E-05
"p1149": 0
