"p1087": 0.009677461844306328
"p1088": 1.8816764231589204E-06
"p1089": 1.3171734962112444E-05
"p1090": 4.327855773265517E-05
"p1091": 9.972885042742278E-05
"p1092": 3.7633528463178407E-06
"p1093": 6.0213645541085445E-05
"p1094": 3.7633528463178407E-05
"p1095": 6.0213645541085445E-05
"p1096": 7.903040977267465E-05
"p1097": 6.209532196424436E-05
"p1098": 0.0006435333367203508
"p1099": 0.0003161216390906986
"p1100": 9.596549758110493E-05
"p1101": 8.467543904215141E-05
"p1102": 0.0002747247577812023
"p1103": 0.00020698440654748124
"p1104": 0
"p1105": 0
"p1106": 0
"p1107": 0
"p1108": 0
"p1109": 0
"p1110": 0
"p1111": 0
"p1112": 0
"p1113": 0
"p1114": 0
"p1115": 0
"p1116": 0
"p1117": 0
"p1118": 0
"p1119": 0
"p1120": 0
"p1121": 1.6935087808430286E-05
"p1122": 2.4461793501065963E-05
"p1123": 8.655711546531035E-05
"p1124": 0
"p1125": 4.139688130949625E-05
"p1126": 1.8816764231589203E-05
"p1127": 4.704191057897301E-05
"p1128": 0.00011854561465901197
"p1129": 0.0002766064342043612
"p1130": 0.0009257848001941889
"p1131": 0.002052908977666382
"p1132": 9.408382115794602E-05
"p1133": 0.0002502629642801364
"p1134": 0.0003180033155138576
"p1135": 0.0007978308034193823
"p1136": 0
"p1137": 0
"p1138": 3.7633528463178407E-06
"p1139": 3.7633528463178407E-06
"p1140": 0
"p1141": 3.7633528463178407E-06
"p1142": 3.7633528463178407E-06
"p1143": 3.7633528463178407E-06
"p1144": 7.5267056926356815E-06
"p1145": 1.5053411385271363E-05
"p1146": 8.655711546531033E-05
"p1147": 0.00020322105370116337
"p1148": 0
"p1149": 0
