"p1087": 0.002393492410258147
"p1088": 4.327855773265517E-05
"p1089": 9.972885042742278E-05
"p1090": 0
"p1091": 0
"p1092": 3.9515204886337324E-05
"p1093": 7.338538050319788E-05
"p1094": 0
"p1095": 3.3870175616860565E-05
"p1096": 0.00045724737082761767
"p1097": 0.0002653163756654078
"p1098": 0.00018628596589273313
"p1099": 0.00013548070246744223
"p1100": 0.00022956452362538825
"p1101": 0.0001392440553137601
"p1102": 7.338538050319791E-05
"p1103": 0.00016370584881482604
"p1104": 0
"p1105": 0
"p1106": 0
"p1107": 0
"p1108": 0
"p1109": 0
"p1110": 0
"p1111": 0
"p1112": 0
"p1113": 0
"p1114": 0
"p1115": 0
"p1116": 0
"p1117": 0
"p1118": 0
"p1119": 0
"p1120": 2.4461793501065963E-05
"p1121": 8.655711546531035E-05
"p1122": 0
"p1123": 5.645029269476761E-06
"p1124": 1.8816764231589203E-05
"p1125": 5.833196911792653E-05
"p1126": 0
"p1127": 1.8816764231589203E-05
"p1128": 0.0007771323627646341
"p1129": 0.0015937799304156055
"p1130": 0.00016182417239166716
"p1131": 0.0007432621871477736
"p1132": 0.0002897781691664738
"p1133": 0.0005118159870992264
"p1134": 5.833196911792653E-05
"p1135": 0.0004911175464444782
"p1136": 3.7633528463178407E-06
"p1137": 3.7633528463178407E-06
"p1138": 0
"p1139": 0
"p1140": 3.7633528463178407E-06
"p1141": 3.7633528463178407E-06
"p1142": 0
"p1143": 3.7633528463178407E-06
"p1144": 7.526705692635681E-05
"p1145": 0.00017311423093062066
"p1146": 1.1290058538953523E-05
"p1147": 5.2686939848449775E-05
"p1148": 3.7633528463178407E-06
"p1149": 3.7633528463178407E-06
