"p1087": 0.00501843102056484
"p1088": 3.9515204886337324E-05
"p1089": 0.0002013393772780045
"p1090": 0.00020698440654748124
"p1091": 0.0006284799253350795
"p1092": 0.0002220378179327526
"p1093": 0.0009878801221584331
"p1094": 0.000780895715610952
"p1095": 0.0010725555612005845
"p1096": 0.0007903040977267464
"p1097": 0.00188355809958208
"p1098": 0.0035526050869240417
"p1099": 0.007829655596764268
"p1100": 0.0019607068329315952
"p1101": 0.0031104111274816953
"p1102": 0.005974322643529574
"p1103": 0.009336878411714565
"p1104": 5.6450292694767617E-05
"p1105": 0.00019945770085484557
"p1106": 0.0007489072164172503
"p1107": 0.0011685210587816894
"p1108": 0.00019945770085484557
"p1109": 0.0007150370408003897
"p1110": 0.0014752343157565934
"p1111": 0.0015900165775692874
"p1112": 0.0007489072164172502
"p1113": 0.0014752343157565934
"p1114": 0.008710280162802645
"p1115": 0.011847034760208567
"p1116": 0.0011685210587816896
"p1117": 0.0015900165775692878
"p1118": 0.011847034760208566
"p1119": 1
"p1120": 5.645029269476761E-06
"p1121": 8.467543904215143E-05
"p1122": 2.0698440654748124E-05
"p1123": 0.00018252261304641524
"p1124": 0.00011478226181269414
"p1125": 0.0007037469822614361
"p1126": 0.00025967134639593104
"p1127": 0.0004986442521371139
"p1128": 0.00046289240009709436
"p1129": 0.0010876089725858564
"p1130": 0.001234379733592252
"p1131": 0.0041302797488338315
"p1132": 0.001676573693034598
"p1133": 0.002939178572974234
"p1134": 0.0037708795520104772
"p1135": 0.008787428896152161
"p1136": 9.408382115794602E-06
"p1137": 4.7041910578973015E-05
"p1138": 0.0004854725171750014
"p1139": 0.0007112736879540719
"p1140": 0.0002464996114338186
"p1141": 0.0006454150131435096
"p1142": 0.0017104438686514588
"p1143": 0.0017047988393819814
"p1144": 0.00048359084075184255
"p1145": 0.0003631635496696716
"p1146": 0.005590460653205153
"p1147": 0.0038818984609768526
"p1148": 0.0018101727190788814
"p1149": 0.0010066968863900222
