"p1087": 0.0015523830491061094
"p1088": 0.00020698440654748124
"p1089": 0.0003725719317854662
"p1090": 4.704191057897301E-05
"p1091": 0.00038950701959389653
"p1092": 0
"p1093": 1.1290058538953523E-05
"p1094": 0
"p1095": 0
"p1096": 0.0008486360668446731
"p1097": 0.001723615603613571
"p1098": 0.00016558752523798497
"p1099": 0.0007620789513793627
"p1100": 3.3870175616860565E-05
"p1101": 6.39769983874033E-05
"p1102": 0
"p1103": 1.6935087808430282E-05
"p1104": 7.526705692635681E-05
"p1105": 4.8923587002131926E-05
"p1106": 3.951520488633733E-05
"p1107": 4.327855773265517E-05
"p1108": 0
"p1109": 5.645029269476761E-06
"p1110": 0
"p1111": 0
"p1112": 0.0001825226130464153
"p1113": 9.972885042742278E-05
"p1114": 7.903040977267465E-05
"p1115": 3.3870175616860565E-05
"p1116": 3.3870175616860565E-05
"p1117": 4.327855773265517E-05
"p1118": 0
"p1119": 1.6935087808430282E-05
"p1120": 5.8331969117926534E-05
"p1121": 0.00012042729108217089
"p1122": 1.1290058538953523E-05
"p1123": 0.00010161052685058171
"p1124": 0
"p1125": 0
"p1126": 0
"p1127": 0
"p1128": 6.585867481056221E-05
"p1129": 0.00017123255450746176
"p1130": 1.3171734962112444E-05
"p1131": 6.0213645541085445E-05
"p1132": 3.7633528463178407E-06
"p1133": 3.7633528463178407E-06
"p1134": 0
"p1135": 1.8816764231589204E-06
"p1136": 0
"p1137": 0
"p1138": 0
"p1139": 0
"p1140": 0
"p1141": 0
"p1142": 0
"p1143": 0
"p1144": 0.00013548070246744226
"p1145": 0.00022203781793275263
"p1146": 4.516023415581409E-05
"p1147": 7.526705692635681E-05
"p1148": 7.5267056926356815E-06
"p1149": 7.5267056926356815E-06
