"p1087": 0.0064861386306288
"p1088": 3.7633528463178407E-06
"p1089": 6.0213645541085445E-05
"p1090": 3.7633528463178407E-05
"p1091": 6.0213645541085445E-05
"p1092": 0
"p1093": 0
"p1094": 0
"p1095": 1.1290058538953523E-05
"p1096": 0.0001561791431221904
"p1097": 0.0001448890845832369
"p1098": 0.0009841167693121153
"p1099": 0.0006209532196424436
"p1100": 2.0698440654748124E-05
"p1101": 1.5053411385271363E-05
"p1102": 4.516023415581409E-05
"p1103": 4.139688130949625E-05
"p1104": 0
"p1105": 0
"p1106": 0
"p1107": 0
"p1108": 0
"p1109": 0
"p1110": 0
"p1111": 0
"p1112": 0
"p1113": 0
"p1114": 0
"p1115": 0
"p1116": 0
"p1117": 0
"p1118": 0
"p1119": 0
"p1120": 0
"p1121": 4.139688130949625E-05
"p1122": 1.8816764231589203E-05
"p1123": 4.704191057897301E-05
"p1124": 0
"p1125": 0
"p1126": 0
"p1127": 1.1290058538953523E-05
"p1128": 0.00019569434800852773
"p1129": 0.000496762575713955
"p1130": 0.0013623337303670584
"p1131": 0.0032176666836017534
"p1132": 2.8225146347383805E-05
"p1133": 5.8331969117926534E-05
"p1134": 3.0106822770542726E-05
"p1135": 8.091208619583357E-05
"p1136": 0
"p1137": 3.7633528463178407E-06
"p1138": 3.7633528463178407E-06
"p1139": 3.7633528463178407E-06
"p1140": 0
"p1141": 0
"p1142": 0
"p1143": 0
"p1144": 7.5267056926356815E-06
"p1145": 1.5053411385271363E-05
"p1146": 9.032046831162818E-05
"p1147": 0.00022956452362538827
"p1148": 0
"p1149": 0
