"p1087": 0.0017800658963083383
"p1088": 0.0017480773971146365
"p1089": 0.0009182580945015532
"p1090": 0.0015749631661840162
"p1091": 0.001763130808499908
"p1092": 2.2580117077907042E-05
"p1093": 0.00010725555612005845
"p1094": 0
"p1095": 0
"p1096": 0.000402678754556009
"p1097": 0.0003838619903244197
"p1098": 0.00023897290574118288
"p1099": 0.00019945770085484554
"p1100": 0.0013397536132891512
"p1101": 0.0012663682327859532
"p1102": 0.0008015941562657001
"p1103": 0.0007978308034193823
"p1104": 0.0023483321761023322
"p1105": 0.001198627881552232
"p1106": 0.002207206444365414
"p1107": 0.001151585970973259
"p1108": 5.8331969117926534E-05
"p1109": 0.00022768284720222942
"p1110": 0
"p1111": 0
"p1112": 0.0023012902655233595
"p1113": 0.0013247002019038797
"p1114": 0.0015580280783755857
"p1115": 0.0005136976635223854
"p1116": 0.0036880857893914843
"p1117": 0.0026531637566540776
"p1118": 0.0019306000101610523
"p1119": 0.00034622846186124133
"p1120": 0.004363607625305536
"p1121": 0.007058168263269112
"p1122": 0.003040789099824815
"p1123": 0.010130945862287627
"p1124": 6.021364554108546E-05
"p1125": 0.0003274116976296522
"p1126": 0
"p1127": 0
"p1128": 0.002502629642801364
"p1129": 0.006879409003069016
"p1130": 0.0011685210587816896
"p1131": 0.0041848483651054395
"p1132": 0.0034811013828440025
"p1133": 0.007044996528307002
"p1134": 0.0017556041028072727
"p1135": 0.004664675853010965
"p1136": 0.005511430243432478
"p1137": 1
"p1138": 0.005840723617485289
"p1139": 0.005086171371798562
"p1140": 0.00017123255450746176
"p1141": 0.0006454150131435096
"p1142": 0
"p1143": 0
"p1144": 0.0070882750860396535
"p1145": 0.010800822668932208
"p1146": 0.004864133553865809
"p1147": 0.0050052592856027305
"p1148": 0.008094971972429674
"p1149": 0.00987315619231486
