"p1087": 0.0010800822668932202
"p1088": 0.00019757602443168658
"p1089": 1.1290058538953523E-05
"p1090": 0.0009013230066931227
"p1091": 0.0008091208619583358
"p1092": 0.00015429746669903146
"p1093": 4.516023415581409E-05
"p1094": 0.0003725719317854663
"p1095": 0.0005400411334466102
"p1096": 4.3278557732655166E-05
"p1097": 0
"p1098": 0.0008053575091120179
"p1099": 0.0003706902553623074
"p1100": 2.2580117077907045E-05
"p1101": 0
"p1102": 0.00012042729108217089
"p1103": 0
"p1104": 2.2580117077907045E-05
"p1105": 0
"p1106": 0.00027848811062752024
"p1107": 1.6935087808430282E-05
"p1108": 2.8225146347383805E-05
"p1109": 5.645029269476761E-06
"p1110": 0.00016935087808430283
"p1111": 2.0698440654748124E-05
"p1112": 0
"p1113": 0
"p1114": 0.00011854561465901197
"p1115": 0
"p1116": 1.6935087808430282E-05
"p1117": 0
"p1118": 7.714873334951572E-05
"p1119": 0
"p1120": 2.82251463473838E-05
"p1121": 0
"p1122": 0.00014112573173691902
"p1123": 8.655711546531035E-05
"p1124": 4.704191057897301E-05
"p1125": 1.1290058538953523E-05
"p1126": 0.00012419064392848875
"p1127": 0.00013359902604428335
"p1128": 0
"p1129": 0
"p1130": 4.3278557732655166E-05
"p1131": 1.3171734962112444E-05
"p1132": 1.8816764231589204E-06
"p1133": 0
"p1134": 7.5267056926356815E-06
"p1135": 0
"p1136": 1.5053411385271363E-05
"p1137": 0
"p1138": 0.0001542974666990315
"p1139": 0.00013548070246744226
"p1140": 0
"p1141": 0
"p1142": 0
"p1143": 0
"p1144": 0
"p1145": 0
"p1146": 0.00010537387969689955
"p1147": 4.516023415581409E-05
"p1148": 3.7633528463178407E-06
"p1149": 0
