"p1087": 0.0009653000050805263
"p1088": 1.6935087808430282E-05
"p1089": 5.645029269476761E-05
"p1090": 0
"p1091": 1.6935087808430282E-05
"p1092": 0
"p1093": 1.1290058538953523E-05
"p1094": 0
"p1095": 0
"p1096": 0.0010556204733921542
"p1097": 0.0021789812980180295
"p1098": 0.00021262943581695803
"p1099": 0.0011515859709732594
"p1100": 1.6935087808430282E-05
"p1101": 3.0106822770542726E-05
"p1102": 0
"p1103": 0
"p1104": 2.2580117077907045E-05
"p1105": 2.8225146347383805E-05
"p1106": 0
"p1107": 1.6935087808430282E-05
"p1108": 0
"p1109": 5.645029269476761E-06
"p1110": 0
"p1111": 0
"p1112": 0.0002784881106275202
"p1113": 0.00016935087808430283
"p1114": 0.00011854561465901197
"p1115": 7.714873334951572E-05
"p1116": 1.6935087808430282E-05
"p1117": 2.0698440654748124E-05
"p1118": 0
"p1119": 0
"p1120": 1.8816764231589204E-06
"p1121": 1.8816764231589204E-06
"p1122": 0
"p1123": 1.8816764231589204E-06
"p1124": 0
"p1125": 0
"p1126": 0
"p1127": 0
"p1128": 0.00012419064392848875
"p1129": 0.00029165984558963265
"p1130": 2.4461793501065963E-05
"p1131": 0.00016182417239166716
"p1132": 1.8816764231589204E-06
"p1133": 1.8816764231589204E-06
"p1134": 0
"p1135": 0
"p1136": 3.7633528463178407E-06
"p1137": 3.7633528463178407E-06
"p1138": 0
"p1139": 3.7633528463178407E-06
"p1140": 0
"p1141": 0
"p1142": 0
"p1143": 0
"p1144": 0.00013548070246744226
"p1145": 0.00022203781793275263
"p1146": 4.516023415581409E-05
"p1147": 7.526705692635681E-05
"p1148": 3.7633528463178407E-06
"p1149": 3.7633528463178407E-06
