"p1087": 0.0028074612233531093
"p1088": 5.456861627160869E-05
"p1089": 1.3171734962112442E-05
"p1090": 4.139688130949625E-05
"p1091": 3.7633528463178407E-05
"p1092": 1.1290058538953523E-05
"p1093": 0
"p1094": 0
"p1095": 0
"p1096": 0.000494880899290796
"p1097": 1.1290058538953521E-05
"p1098": 0.0007357354814551379
"p1099": 0.0005833196911792652
"p1100": 4.139688130949625E-05
"p1101": 0
"p1102": 3.3870175616860565E-05
"p1103": 0
"p1104": 0
"p1105": 0
"p1106": 0
"p1107": 0
"p1108": 0
"p1109": 0
"p1110": 0
"p1111": 0
"p1112": 0
"p1113": 0
"p1114": 0
"p1115": 0
"p1116": 0
"p1117": 0
"p1118": 0
"p1119": 0
"p1120": 3.9515204886337324E-05
"p1121": 1.1290058538953523E-05
"p1122": 2.6343469924224884E-05
"p1123": 1.8816764231589203E-05
"p1124": 1.1290058538953523E-05
"p1125": 0
"p1126": 0
"p1127": 0
"p1128": 0.0015730814897608573
"p1129": 0.00010537387969689954
"p1130": 0.001243788115708046
"p1131": 0.0022787101484454527
"p1132": 3.198849919370165E-05
"p1133": 0
"p1134": 1.8816764231589203E-05
"p1135": 0
"p1136": 3.7633528463178407E-06
"p1137": 0
"p1138": 3.7633528463178407E-06
"p1139": 3.7633528463178407E-06
"p1140": 0
"p1141": 0
"p1142": 0
"p1143": 0
"p1144": 0.0001279539967748066
"p1145": 0
"p1146": 9.784717400426385E-05
"p1147": 0.00011666393823585308
"p1148": 3.7633528463178407E-06
"p1149": 0
