"p1087": 0.005705242915017847
"p1088": 7.903040977267465E-05
"p1089": 0.0003217666683601753
"p1090": 0.0006623501009519401
"p1091": 0.0005381594570234513
"p1092": 0
"p1093": 0
"p1094": 3.7633528463178407E-05
"p1095": 0.0001467707610063958
"p1096": 0.0010443304148532004
"p1097": 0.0007489072164172502
"p1098": 0.006871882297376377
"p1099": 0.003228956742140708
"p1100": 0.00010537387969689952
"p1101": 7.903040977267465E-05
"p1102": 0.004350435890343423
"p1103": 0.0023615039110644453
"p1104": 2.2580117077907045E-05
"p1105": 6.209532196424436E-05
"p1106": 0.00019945770085484557
"p1107": 0.00013548070246744229
"p1108": 0
"p1109": 0
"p1110": 7.5267056926356815E-06
"p1111": 3.7633528463178407E-05
"p1112": 0.0002427362585875007
"p1113": 0.00014112573173691902
"p1114": 0.001228734704322775
"p1115": 0.00034999181470755914
"p1116": 0
"p1117": 0
"p1118": 0.0005776746619097885
"p1119": 0.00027284308135804345
"p1120": 0.0003913886960170554
"p1121": 0.002237313267135956
"p1122": 0.001512867844219772
"p1123": 0.0020359738898579516
"p1124": 0
"p1125": 0
"p1126": 6.021364554108545E-05
"p1127": 0.00023709122931802397
"p1128": 0.0059498608500285054
"p1129": 0.010958883488477553
"p1130": 0.020530971453086987
"p1131": 1
"p1132": 0.0011835744701669607
"p1133": 0.0027284308135804344
"p1134": 0.008791192248998478
"p1135": 0.014191603583464583
"p1136": 0.00013359902604428335
"p1137": 0.0004892358700213193
"p1138": 0.0018703863646199665
"p1139": 0.002327633735447584
"p1140": 0
"p1141": 0
"p1142": 5.4568616271608685E-05
"p1143": 0.00027284308135804345
"p1144": 0.001748077397114637
"p1145": 0.0016445851938408963
"p1146": 0.014492671811170005
"p1147": 0.013472803189817875
"p1148": 0.00034058343259176454
"p1149": 0.0005475678391392459
