"p1087": 0.007285851110471341
"p1088": 0
"p1089": 3.9515204886337324E-05
"p1090": 1.6935087808430282E-05
"p1091": 4.516023415581409E-05
"p1092": 0
"p1093": 0
"p1094": 0
"p1095": 1.1290058538953523E-05
"p1096": 0.00016935087808430286
"p1097": 0.00042337719521075713
"p1098": 0.0012268530278996162
"p1099": 0.0028526214575089227
"p1100": 2.0698440654748124E-05
"p1101": 4.516023415581409E-05
"p1102": 2.6343469924224887E-05
"p1103": 6.962202765688005E-05
"p1104": 3.7633528463178407E-06
"p1105": 2.4461793501065963E-05
"p1106": 2.0698440654748124E-05
"p1107": 2.4461793501065963E-05
"p1108": 0
"p1109": 0
"p1110": 0
"p1111": 5.645029269476761E-06
"p1112": 5.2686939848449775E-05
"p1113": 4.139688130949624E-05
"p1114": 0.0003594001968233538
"p1115": 0.0002088660829706402
"p1116": 1.1290058538953523E-05
"p1117": 7.5267056926356815E-06
"p1118": 2.2580117077907045E-05
"p1119": 2.0698440654748124E-05
"p1120": 0
"p1121": 1.8816764231589204E-06
"p1122": 1.8816764231589204E-06
"p1123": 1.8816764231589204E-06
"p1124": 0
"p1125": 0
"p1126": 0
"p1127": 0
"p1128": 2.6343469924224887E-05
"p1129": 7.338538050319788E-05
"p1130": 0.00013548070246744226
"p1131": 0.00036504522609283053
"p1132": 7.5267056926356815E-06
"p1133": 1.3171734962112444E-05
"p1134": 3.7633528463178407E-06
"p1135": 1.1290058538953523E-05
"p1136": 0
"p1137": 3.7633528463178407E-06
"p1138": 3.7633528463178407E-06
"p1139": 3.7633528463178407E-06
"p1140": 0
"p1141": 0
"p1142": 0
"p1143": 0
"p1144": 1.8816764231589203E-05
"p1145": 1.5053411385271363E-05
"p1146": 0.00018064093662325633
"p1147": 0.00026343469924224885
"p1148": 0
"p1149": 0
