"p1087": 0.003981627311404275
"p1088": 0.0016445851938408965
"p1089": 0.002645637050961442
"p1090": 0.004405004506615033
"p1091": 0.00688693570876165
"p1092": 0
"p1093": 0.00019569434800852773
"p1094": 5.833196911792653E-05
"p1095": 0.00020698440654748124
"p1096": 0.0006548233952593044
"p1097": 0.001392440553137601
"p1098": 0.0026437553745382826
"p1099": 0.006361947986700314
"p1100": 0.0007696056570719985
"p1101": 0.001791355954847292
"p1102": 0.0038386199032441975
"p1103": 0.006471085219243529
"p1104": 0.0010217502977752939
"p1105": 0.001396203905983919
"p1106": 0.006467321866397209
"p1107": 1
"p1108": 0
"p1109": 9.784717400426385E-05
"p1110": 0.00012042729108217089
"p1111": 0.000353755167553877
"p1112": 0.0007507888928404093
"p1113": 0.0013999672588302363
"p1114": 0.008998176655545958
"p1115": 0.012193263222069812
"p1116": 0.0004854725171750014
"p1117": 0.0010349220327374063
"p1118": 0.008883394393733264
"p1119": 0.008499532403408847
"p1120": 0.0014884060507187058
"p1121": 0.002585423405420357
"p1122": 0.0028996633680878963
"p1123": 0.006849302180298473
"p1124": 0
"p1125": 7.338538050319791E-05
"p1126": 1.1290058538953523E-05
"p1127": 4.704191057897301E-05
"p1128": 0.000306713256974904
"p1129": 0.0006698768066445757
"p1130": 0.0009897617985815922
"p1131": 0.003069014246172199
"p1132": 0.000521224369215021
"p1133": 0.0013660970832133762
"p1134": 0.0015711998133376985
"p1135": 0.004066302750446428
"p1136": 0.0014451274929860507
"p1137": 0.0008166475676509714
"p1138": 0.007989598092732779
"p1139": 0.004246943687069684
"p1140": 0
"p1141": 0.00016370584881482606
"p1142": 0.00010161052685058171
"p1143": 0.0003895070195938965
"p1144": 0.0005645029269476761
"p1145": 0.00034246510901492347
"p1146": 0.0052743390141144555
"p1147": 0.00324212847710282
"p1148": 0.0005249877220613388
"p1149": 0.0006040181318340133
