"p1087": 0.0004929992228676373
"p1088": 0.0005607395741013585
"p1089": 0.00059272807329506
"p1090": 0.00012419064392848875
"p1091": 0.0002446179350106597
"p1092": 3.7633528463178407E-05
"p1093": 0.0001467707610063958
"p1094": 0
"p1095": 0
"p1096": 0.0041961384236443924
"p1097": 0.002427362585875007
"p1098": 0.003168743096599623
"p1099": 0.0016521118995335318
"p1100": 0.0028375680461236513
"p1101": 0.002284355177714929
"p1102": 0.001605069988954559
"p1103": 0.00015617914312219037
"p1104": 0.0001731142309306207
"p1105": 0.0001467707610063958
"p1106": 3.198849919370165E-05
"p1107": 3.3870175616860565E-05
"p1108": 7.5267056926356815E-06
"p1109": 3.7633528463178407E-05
"p1110": 0
"p1111": 0
"p1112": 0.0006134265139498083
"p1113": 0.00023709122931802397
"p1114": 0.0006717584830677345
"p1115": 0.00018064093662325633
"p1116": 0.00039891540170969113
"p1117": 0.00027284308135804345
"p1118": 0.00017875926020009746
"p1119": 0
"p1120": 0.0012475514685543643
"p1121": 0.002427362585875007
"p1122": 0.0003123582862443808
"p1123": 0.001823344454040994
"p1124": 6.021364554108545E-05
"p1125": 0.00023709122931802397
"p1126": 0
"p1127": 0
"p1128": 0.013745646271175914
"p1129": 1
"p1130": 0.010206212919213985
"p1131": 0.024322549445752212
"p1132": 0.0057805099719442045
"p1133": 0.010147880950096064
"p1134": 0.0038198031390126092
"p1135": 0.005633739210937808
"p1136": 0.0015053411385271363
"p1137": 0.002284355177714929
"p1138": 0.00038574366674757867
"p1139": 0.00040079707813285006
"p1140": 5.4568616271608685E-05
"p1141": 0.00027284308135804345
"p1142": 0
"p1143": 0
"p1144": 0.008224807645627642
"p1145": 0.01014788095009606
"p1146": 0.007011126352690138
"p1147": 0.004207428482183345
"p1148": 0.0054079380401587385
"p1149": 0.00726891602266291
