"p1087": 0.007349828108858744
"p1088": 2.8225146347383805E-05
"p1089": 0
"p1090": 0.0003180033155138575
"p1091": 3.9515204886337324E-05
"p1092": 0.00044219395944234617
"p1093": 0
"p1094": 0.000771487333495157
"p1095": 0.00012230896750532982
"p1096": 0.00023709122931802397
"p1097": 1.6935087808430286E-05
"p1098": 0.002199679738672778
"p1099": 0.0005513311919855635
"p1100": 0.000730090452185661
"p1101": 0.0002201561415095937
"p1102": 0.0052724573376912946
"p1103": 0.0015900165775692876
"p1104": 2.8225146347383805E-05
"p1105": 0
"p1106": 0.0008749795367688977
"p1107": 7.903040977267465E-05
"p1108": 0.0003857436667475785
"p1109": 0
"p1110": 0.0017537224263841134
"p1111": 0.0001919309951622099
"p1112": 0.00023520955289486507
"p1113": 1.1290058538953523E-05
"p1114": 0.005780509971944203
"p1115": 0.0010480937676995185
"p1116": 0.0004892358700213192
"p1117": 0.00013548070246744229
"p1118": 0.011308875303185112
"p1119": 0.00165587525237985
"p1120": 0.00022768284720222937
"p1121": 0
"p1122": 0.0009257848001941888
"p1123": 0.00013359902604428335
"p1124": 0.0012306163807459338
"p1125": 0
"p1126": 0.0021319393874390568
"p1127": 0.0005249877220613388
"p1128": 0.0026211752574603767
"p1129": 0.00023144620004854718
"p1130": 0.010191159507828718
"p1131": 0.007231282494199732
"p1132": 0.004837790083941585
"p1133": 0.0011497042945501001
"p1134": 0.015962261097657127
"p1135": 0.01336742931012097
"p1136": 0.00021262943581695803
"p1137": 0
"p1138": 0.0020378555662811104
"p1139": 0.00037633528463178407
"p1140": 0.0009502465936952548
"p1141": 0
"p1142": 0.004698546028627824
"p1143": 0.0007037469822614361
"p1144": 0.0015843715482998107
"p1145": 8.843879188846926E-05
"p1146": 0.017985063252552967
"p1147": 0.009178817592169215
"p1148": 0.001979523597163184
"p1149": 0.00033870175616860577
