"p1087": 0.0003424651090149235
"p1088": 0.0018346345125799472
"p1089": 0.0035356699991156123
"p1090": 0.0013529253482512638
"p1091": 0.0033531473860691965
"p1092": 0.003249655182795456
"p1093": 0.0045781187375456564
"p1094": 0.002865793192471036
"p1095": 0.005778628295521045
"p1096": 0.0006774035123372113
"p1097": 0.002188389680133825
"p1098": 0.0002916598455896327
"p1099": 0.0007921857741499054
"p1100": 0.0011704027352048482
"p1101": 0.0022881185305612473
"p1102": 0.00040644210740232675
"p1103": 0.0011515859709732594
"p1104": 0.0034434678543808247
"p1105": 0.004578118737545655
"p1106": 0.0025609616119192913
"p1107": 0.0030539608347869276
"p1108": 0.004578118737545654
"p1109": 1
"p1110": 0.004751232968476274
"p1111": 0.004021142516290613
"p1112": 0.002560961611919291
"p1113": 0.004751232968476275
"p1114": 0.0013152918197880856
"p1115": 0.0014582992279481633
"p1116": 0.0030539608347869276
"p1117": 0.004021142516290613
"p1118": 0.0014582992279481633
"p1119": 0.0011986278815522325
"p1120": 0.0009107313888089175
"p1121": 0.002188389680133825
"p1122": 0.0004516023415581409
"p1123": 0.0021375844167085337
"p1124": 0.002865793192471036
"p1125": 0.004751232968476277
"p1126": 0.0016652836344956447
"p1127": 0.006179425373653895
"p1128": 0.00018252261304641527
"p1129": 0.0007827773920341109
"p1130": 5.080526342529084E-05
"p1131": 0.000259671346395931
"p1132": 0.0005099343106760674
"p1133": 0.0012023912343985502
"p1134": 0.00010537387969689954
"p1135": 0.0008053575091120179
"p1136": 0.002722785784310958
"p1137": 0.002288118530561247
"p1138": 0.002203443091519096
"p1139": 0.0009408382115794603
"p1140": 0.0057786282955210435
"p1141": 0.004021142516290614
"p1142": 0.006179425373653894
"p1143": 0.002412309174489736
"p1144": 0.0011666393823585308
"p1145": 0.00120239123439855
"p1146": 0.0005550945448318816
"p1147": 0.00017123255450746176
"p1148": 0.002903426720934214
"p1149": 0.003449112883650301
