"p1087": 0.008040403356158068
"p1088": 5.645029269476761E-06
"p1089": 3.198849919370165E-05
"p1090": 0.00034434678543808245
"p1091": 0.00042714054805707494
"p1092": 9.408382115794602E-05
"p1093": 0.00037069025536230716
"p1094": 0.0006999836294151185
"p1095": 0.0006736401594908935
"p1096": 0.0002916598455896327
"p1097": 0.00023520955289486507
"p1098": 0.0037407727292399335
"p1099": 0.0017311423093062067
"p1100": 0.0008185292440741302
"p1101": 0.0005118159870992262
"p1102": 0.006375119721662421
"p1103": 0.0030351440705553394
"p1104": 0
"p1105": 0
"p1106": 6.774035123372113E-05
"p1107": 5.645029269476761E-05
"p1108": 3.387017561686057E-05
"p1109": 8.467543904215141E-05
"p1110": 0.00020698440654748124
"p1111": 0.0001731142309306207
"p1112": 1.1290058538953523E-05
"p1113": 1.1290058538953523E-05
"p1114": 0.0004327855773265517
"p1115": 0.00013548070246744229
"p1116": 0.0002201561415095937
"p1117": 0.00010725555612005845
"p1118": 0.0012983567319796551
"p1119": 0.00042337719521075713
"p1120": 8.843879188846925E-05
"p1121": 0.00044783898871182307
"p1122": 0.0006472966895666686
"p1123": 0.0013322269075965157
"p1124": 0.0004102054602486446
"p1125": 0.0024499427029529143
"p1126": 0.001539211314143997
"p1127": 0.0021601645337864404
"p1128": 0.0017405506914220015
"p1129": 0.004260115422031796
"p1130": 0.00974708387196321
"p1131": 0.0199532967911772
"p1132": 0.004997732579910092
"p1133": 0.008514585814794116
"p1134": 0.016711168314074376
"p1135": 1
"p1136": 5.645029269476761E-06
"p1137": 7.338538050319788E-05
"p1138": 0.00047041910578973014
"p1139": 0.0011402959124343058
"p1140": 0.00017499590735377957
"p1141": 0.0006472966895666685
"p1142": 0.0019249549808915752
"p1143": 0.0025778966997277207
"p1144": 0.00044407563586550526
"p1145": 0.0006774035123372113
"p1146": 0.006121093404535968
"p1147": 0.007803312126840045
"p1148": 0.0015693181369145393
"p1149": 0.0012833033205943837
