"p1087": 0.0007827773920341108
"p1088": 0.0020416189191274285
"p1089": 0.001083845619739538
"p1090": 0.0017781842198851799
"p1091": 0.001151585970973259
"p1092": 4.704191057897301E-05
"p1093": 0.00018252261304641527
"p1094": 0
"p1095": 0
"p1096": 0.002207206444365413
"p1097": 0.0012908300262870192
"p1098": 0.0014112573173691901
"p1099": 0.0004911175464444783
"p1100": 0.0032195483600249127
"p1101": 0.0024066641452202588
"p1102": 0.0017273789564598886
"p1103": 0.0003688085789391483
"p1104": 0.0004760641350592069
"p1105": 0.00019381267158536883
"p1106": 0.0005306327513308156
"p1107": 0.0001580608195453493
"p1108": 1.1290058538953523E-05
"p1109": 5.080526342529086E-05
"p1110": 0
"p1111": 0
"p1112": 0.00015617914312219037
"p1113": 6.774035123372114E-05
"p1114": 0.00014677076100639576
"p1115": 2.2580117077907045E-05
"p1116": 0.0005231060456381799
"p1117": 0.00031423996266753977
"p1118": 0.00021451111224011693
"p1119": 3.7633528463178407E-05
"p1120": 0.007492835517018822
"p1121": 1
"p1122": 0.006297970988312906
"p1123": 0.01608645174158561
"p1124": 0.00012419064392848875
"p1125": 0.0005419228098697691
"p1126": 0
"p1127": 0
"p1128": 0.006499310365590911
"p1129": 0.013382482721506248
"p1130": 0.003972218929288482
"p1131": 0.008247387762705552
"p1132": 0.006619737656673082
"p1133": 0.011092482514521843
"p1134": 0.0040681844268695855
"p1135": 0.007426976842208258
"p1136": 0.004587527119661448
"p1137": 0.004489679945657184
"p1138": 0.004638332383086739
"p1139": 0.0025026296428013644
"p1140": 0.00013359902604428335
"p1141": 0.0005607395741013582
"p1142": 0
"p1143": 0
"p1144": 0.003797223021934701
"p1145": 0.005929162409373759
"p1146": 0.002399137439527623
"p1147": 0.0017198522507672531
"p1148": 0.006536943894054089
"p1149": 0.007805193803263203
