"p1087": 0.0005475678391392458
"p1088": 0.0003161216390906986
"p1089": 0.00018816764231589203
"p1090": 0.00013548070246744226
"p1091": 0.00013548070246744223
"p1092": 0.0001956943480085277
"p1093": 9.784717400426385E-05
"p1094": 7.338538050319791E-05
"p1095": 0.00016370584881482604
"p1096": 0.0001693508780843028
"p1097": 0.00010725555612005844
"p1098": 5.080526342529084E-05
"p1099": 0
"p1100": 6.774035123372113E-05
"p1101": 8.091208619583358E-05
"p1102": 0
"p1103": 3.3870175616860565E-05
"p1104": 0
"p1105": 0
"p1106": 0
"p1107": 0
"p1108": 0
"p1109": 0
"p1110": 0
"p1111": 0
"p1112": 0
"p1113": 0
"p1114": 0
"p1115": 0
"p1116": 0
"p1117": 0
"p1118": 0
"p1119": 0
"p1120": 0.000472300782212889
"p1121": 0.0008843879188846926
"p1122": 0.00010725555612005845
"p1123": 0.0005889647204487421
"p1124": 0.0002653163756654078
"p1125": 0.00047418245863604794
"p1126": 5.833196911792653E-05
"p1127": 0.0004911175464444782
"p1128": 0.0003236483447833343
"p1129": 0.0007300904521856611
"p1130": 5.4568616271608685E-05
"p1131": 0.0001542974666990315
"p1132": 4.8923587002131926E-05
"p1133": 7.903040977267466E-05
"p1134": 0
"p1135": 2.4461793501065963E-05
"p1136": 4.8923587002131926E-05
"p1137": 0.0001016105268505817
"p1138": 7.5267056926356815E-06
"p1139": 4.8923587002131926E-05
"p1140": 0
"p1141": 0
"p1142": 0
"p1143": 0
"p1144": 3.0106822770542726E-05
"p1145": 7.52670569263568E-05
"p1146": 3.7633528463178407E-06
"p1147": 3.7633528463178407E-06
"p1148": 7.5267056926356815E-06
"p1149": 7.5267056926356815E-06
