"p1087": 0.00047041910578973003
"p1088": 0.0017763025434620202
"p1089": 0.0011007807075479683
"p1090": 0.0012626048799396355
"p1091": 0.000521224369215021
"p1092": 0.0028093428997762685
"p1093": 0.0014695892864871171
"p1094": 0.0023991374395276235
"p1095": 0.001151585970973259
"p1096": 0.0007093920115309129
"p1097": 0.0005626212505245172
"p1098": 0.00033117505047597004
"p1099": 4.8923587002131926E-05
"p1100": 0.0017838292491546572
"p1101": 0.00158625322472297
"p1102": 0.0006529417188361453
"p1103": 0.00026719805208856676
"p1104": 0.00024085458216434183
"p1105": 0.00012607232035164766
"p1106": 0.00016370584881482606
"p1107": 2.2580117077907045E-05
"p1108": 0.0005569762212550405
"p1109": 0.00024273625858750077
"p1110": 0.000637888307450874
"p1111": 0.0001580608195453493
"p1112": 5.080526342529084E-05
"p1113": 3.010682277054273E-05
"p1114": 1.6935087808430282E-05
"p1115": 0
"p1116": 0.0003180033155138575
"p1117": 0.00022768284720222937
"p1118": 7.33853805031979E-05
"p1119": 3.7633528463178407E-05
"p1120": 0.00446333647573296
"p1121": 0.008379105112326677
"p1122": 0.0031311095681364437
"p1123": 0.0079839530634633
"p1124": 0.00901511174335439
"p1125": 1
"p1126": 0.007496598869865139
"p1127": 0.017038580011704028
"p1128": 0.0026719805208856666
"p1129": 0.006139910168767558
"p1130": 0.0013190551726344033
"p1131": 0.0023069352947928364
"p1132": 0.003200731595793323
"p1133": 0.005342079365348176
"p1134": 0.0014150206702155082
"p1135": 0.0029692853957447763
"p1136": 0.00317250644944594
"p1137": 0.004228126922838095
"p1138": 0.0021883896801338245
"p1139": 0.0016464668702640553
"p1140": 0.006753336682717366
"p1141": 0.006683714655060488
"p1142": 0.0063431312224687215
"p1143": 0.0030294990412858616
"p1144": 0.0011252425010490343
"p1145": 0.0025666066411887674
"p1146": 0.000380098637478102
"p1147": 0.0004384306065960284
"p1148": 0.003373845826723944
"p1149": 0.0046609125001646455
