"p1087": 0.005806853441868429
"p1088": 8.091208619583358E-05
"p1089": 0
"p1090": 5.268693984844977E-05
"p1091": 9.408382115794602E-06
"p1092": 5.456861627160869E-05
"p1093": 1.3171734962112442E-05
"p1094": 4.139688130949625E-05
"p1095": 3.7633528463178407E-05
"p1096": 0.00025402631712645424
"p1097": 0
"p1098": 0.0004704191057897301
"p1099": 0.00031988499193701646
"p1100": 0.00017311423093062066
"p1101": 1.1290058538953521E-05
"p1102": 0.00020133937727800444
"p1103": 0.00022015614150959362
"p1104": 0
"p1105": 0
"p1106": 0
"p1107": 0
"p1108": 0
"p1109": 0
"p1110": 0
"p1111": 0
"p1112": 0
"p1113": 0
"p1114": 0
"p1115": 0
"p1116": 0
"p1117": 0
"p1118": 0
"p1119": 0
"p1120": 6.774035123372113E-05
"p1121": 0
"p1122": 4.327855773265517E-05
"p1123": 5.645029269476761E-06
"p1124": 3.9515204886337324E-05
"p1125": 1.1290058538953523E-05
"p1126": 2.6343469924224884E-05
"p1127": 1.8816764231589203E-05
"p1128": 0.0010198686213521348
"p1129": 1.8816764231589203E-05
"p1130": 0.0008317009790362426
"p1131": 0.0014056122880997135
"p1132": 0.0003368200797454468
"p1133": 8.655711546531033E-05
"p1134": 0.00024085458216434178
"p1135": 0.000686811894453006
"p1136": 3.7633528463178407E-06
"p1137": 0
"p1138": 3.7633528463178407E-06
"p1139": 0
"p1140": 3.7633528463178407E-06
"p1141": 0
"p1142": 3.7633528463178407E-06
"p1143": 3.7633528463178407E-06
"p1144": 0.0001129005853895352
"p1145": 0
"p1146": 8.279376261899248E-05
"p1147": 0.00011666393823585308
"p1148": 3.7633528463178407E-06
"p1149": 0
