"p1087": 0.0021827446508643476
"p1088": 0.0007093920115309128
"p1089": 0
"p1090": 0.0019437717451231643
"p1091": 0.0004779458114823658
"p1092": 0
"p1093": 0
"p1094": 0.0002521446407032953
"p1095": 0
"p1096": 0.0027961711648141555
"p1097": 0.0003424651090149236
"p1098": 1
"p1099": 0.01080646769820168
"p1100": 0.0006228348960656026
"p1101": 0
"p1102": 0.00929359985398191
"p1103": 0.003191323213677529
"p1104": 5.645029269476761E-05
"p1105": 0
"p1106": 0.0004083237838254858
"p1107": 4.892358700213193E-05
"p1108": 0
"p1109": 0
"p1110": 6.209532196424438E-05
"p1111": 0
"p1112": 0.00011101890896637629
"p1113": 1.6935087808430282E-05
"p1114": 0.0030294990412858625
"p1115": 0.00012419064392848875
"p1116": 7.5267056926356815E-06
"p1117": 0
"p1118": 0.0018741497174662846
"p1119": 7.526705692635683E-05
"p1120": 0.0012550781742469998
"p1121": 0
"p1122": 0.0017631308084999082
"p1123": 0.00031612163909069865
"p1124": 0
"p1125": 0
"p1126": 8.091208619583358E-05
"p1127": 0
"p1128": 0.006160608609422306
"p1129": 0.001512867844219772
"p1130": 0.019456534215463245
"p1131": 0.017081858569436684
"p1132": 0.0018873214524283972
"p1133": 0.00016182417239166716
"p1134": 0.008320773143208747
"p1135": 0.005880238822371626
"p1136": 0.0006397699838740329
"p1137": 0
"p1138": 0.004416294565153986
"p1139": 0.0004929992228676371
"p1140": 0
"p1141": 0
"p1142": 0.0003838619903244198
"p1143": 0
"p1144": 0.001956943480085277
"p1145": 0.0001392440553137601
"p1146": 0.028114127438417437
"p1147": 0.009523164377607298
"p1148": 0.0006040181318340134
"p1149": 1.8816764231589203E-05
