"p1087": 0.007827773920341112
"p1088": 0
"p1089": 0
"p1090": 0
"p1091": 0
"p1092": 0
"p1093": 0
"p1094": 0
"p1095": 0
"p1096": 0
"p1097": 0
"p1098": 0
"p1099": 0
"p1100": 0
"p1101": 0
"p1102": 0
"p1103": 0
"p1104": 9.408382115794602E-06
"p1105": 0
"p1106": 0.00013736237889060116
"p1107": 1.1290058538953523E-05
"p1108": 5.268693984844977E-05
"p1109": 0
"p1110": 0.00010161052685058167
"p1111": 7.5267056926356815E-06
"p1112": 6.209532196424436E-05
"p1113": 0
"p1114": 0.0007677239806488395
"p1115": 0.00028789649274331473
"p1116": 6.209532196424438E-05
"p1117": 2.8225146347383805E-05
"p1118": 0.00041020546024864466
"p1119": 0.00017875926020009738
"p1120": 0
"p1121": 0
"p1122": 1.1290058538953523E-05
"p1123": 0
"p1124": 5.645029269476761E-06
"p1125": 0
"p1126": 1.1290058538953523E-05
"p1127": 0
"p1128": 4.3278557732655166E-05
"p1129": 0
"p1130": 0.000376335284631784
"p1131": 0.00020133937727800455
"p1132": 4.704191057897301E-05
"p1133": 1.1290058538953523E-05
"p1134": 0.00013548070246744226
"p1135": 0.00013359902604428335
"p1136": 1.3171734962112442E-05
"p1137": 0
"p1138": 0.00011101890896637629
"p1139": 0
"p1140": 3.198849919370165E-05
"p1141": 0
"p1142": 6.962202765688005E-05
"p1143": 0
"p1144": 0.00023709122931802392
"p1145": 1.1290058538953523E-05
"p1146": 0.0016709286637651213
"p1147": 0.001179811117320643
"p1148": 0.00014677076100639576
"p1149": 4.516023415581409E-05
