"p1087": 0.0003669269025159895
"p1088": 4.3278557732655166E-05
"p1089": 0
"p1090": 0.00025778966997277205
"p1091": 0.00016182417239166716
"p1092": 4.704191057897301E-05
"p1093": 1.1290058538953523E-05
"p1094": 0.00012419064392848875
"p1095": 0.00013359902604428335
"p1096": 0
"p1097": 0
"p1098": 0.0001298356731979655
"p1099": 3.9515204886337324E-05
"p1100": 5.645029269476761E-06
"p1101": 0
"p1102": 2.2580117077907045E-05
"p1103": 0
"p1104": 0.00022015614150959365
"p1105": 1.1290058538953523E-05
"p1106": 0.0011798111173206432
"p1107": 0.0008260559497667661
"p1108": 0.00018252261304641527
"p1109": 5.080526342529086E-05
"p1110": 0.0005419228098697691
"p1111": 0.0005607395741013582
"p1112": 4.3278557732655166E-05
"p1113": 0
"p1114": 0.0009239031237710298
"p1115": 0.0003706902553623074
"p1116": 3.951520488633733E-05
"p1117": 0
"p1118": 0.0001975760244316866
"p1119": 0
"p1120": 0
"p1121": 0
"p1122": 0
"p1123": 0
"p1124": 0
"p1125": 0
"p1126": 0
"p1127": 0
"p1128": 0
"p1129": 0
"p1130": 0
"p1131": 0
"p1132": 0
"p1133": 0
"p1134": 0
"p1135": 0
"p1136": 0
"p1137": 0
"p1138": 3.7633528463178407E-05
"p1139": 6.021364554108545E-05
"p1140": 0
"p1141": 0
"p1142": 0
"p1143": 0
"p1144": 0
"p1145": 0
"p1146": 1.8816764231589203E-05
"p1147": 1.8816764231589203E-05
"p1148": 0
"p1149": 0
