"p1087": 0.001844042894695742
"p1088": 0.0002991865512822682
"p1089": 0
"p1090": 0.0011760477644743251
"p1091": 0.0001768775837769385
"p1092": 0
"p1093": 0
"p1094": 0.00018440428946957417
"p1095": 0
"p1096": 0.0006717584830677344
"p1097": 0.00013924405531376012
"p1098": 0.009824232605312726
"p1099": 0.0022034430915190964
"p1100": 7.714873334951573E-05
"p1101": 7.5267056926356815E-06
"p1102": 0.00672699321279314
"p1103": 0.0008110025383814946
"p1104": 6.209532196424436E-05
"p1105": 0
"p1106": 0.00035751852040019486
"p1107": 0
"p1108": 0
"p1109": 0
"p1110": 4.516023415581409E-05
"p1111": 0
"p1112": 0.00014112573173691902
"p1113": 1.6935087808430282E-05
"p1114": 0.001979523597163184
"p1115": 9.032046831162815E-05
"p1116": 0
"p1117": 0
"p1118": 0.0009408382115794601
"p1119": 0
"p1120": 0.002007748743510568
"p1121": 0
"p1122": 0.003522498264153499
"p1123": 0.0007808957156109521
"p1124": 0
"p1125": 0
"p1126": 0.00029730487485910944
"p1127": 0
"p1128": 0.009242794590556616
"p1129": 0.002086779153283243
"p1130": 1
"p1131": 0.02851680619297344
"p1132": 0.00254402652411086
"p1133": 0.00016182417239166716
"p1134": 0.01697648468973979
"p1135": 0.008956779774236463
"p1136": 0.0004327855773265517
"p1137": 0
"p1138": 0.0040004440756358645
"p1139": 0.0004516023415581409
"p1140": 0
"p1141": 0
"p1142": 0.0003274116976296521
"p1143": 0
"p1144": 0.0016069516653777181
"p1145": 8.467543904215141E-05
"p1146": 0.023946214161120426
"p1147": 0.009041455213278616
"p1148": 0.0005287510749076566
"p1149": 1.1290058538953523E-05
