"p1087": 0.0005964914261413778
"p1088": 9.972885042742278E-05
"p1089": 0.0002239194943559115
"p1090": 1.8816764231589203E-05
"p1091": 0.00010725555612005848
"p1092": 5.8331969117926534E-05
"p1093": 0.00012042729108217089
"p1094": 1.1290058538953523E-05
"p1095": 0.00010161052685058171
"p1096": 4.516023415581409E-05
"p1097": 0.00011290058538953519
"p1098": 5.645029269476761E-06
"p1099": 5.645029269476761E-06
"p1100": 1.1290058538953523E-05
"p1101": 1.1290058538953523E-05
"p1102": 0
"p1103": 5.645029269476761E-06
"p1104": 0.0005419228098697691
"p1105": 0.0008373460083057195
"p1106": 0.0001580608195453493
"p1107": 0.0005645029269476761
"p1108": 0.00028225146347383805
"p1109": 0.00039327037244021434
"p1110": 8.655711546531033E-05
"p1111": 0.0004327855773265517
"p1112": 0.00037069025536230727
"p1113": 0.00073197212860882
"p1114": 6.962202765688005E-05
"p1115": 0.00015241579027587256
"p1116": 7.903040977267466E-05
"p1117": 0.00011854561465901199
"p1118": 0
"p1119": 3.951520488633733E-05
"p1120": 0
"p1121": 0
"p1122": 0
"p1123": 0
"p1124": 0
"p1125": 0
"p1126": 0
"p1127": 0
"p1128": 0
"p1129": 0
"p1130": 0
"p1131": 0
"p1132": 0
"p1133": 0
"p1134": 0
"p1135": 0
"p1136": 3.7633528463178407E-05
"p1137": 1.5053411385271363E-05
"p1138": 2.2580117077907045E-05
"p1139": 2.2580117077907045E-05
"p1140": 0
"p1141": 0
"p1142": 0
"p1143": 0
"p1144": 1.8816764231589203E-05
"p1145": 7.5267056926356815E-06
"p1146": 1.1290058538953523E-05
"p1147": 0
"p1148": 0
"p1149": 0
