"p1087": 0.0025534349062266547
"p1088": 0
"p1089": 0
"p1090": 0
"p1091": 0
"p1092": 0
"p1093": 0
"p1094": 0
"p1095": 0
"p1096": 0
"p1097": 0
"p1098": 0
"p1099": 0
"p1100": 0
"p1101": 0
"p1102": 0
"p1103": 0
"p1104": 0.00018816764231589203
"p1105": 0
"p1106": 0.0003292933740528111
"p1107": 0.00025778966997277205
"p1108": 0.00012795399677480656
"p1109": 1.5053411385271361E-05
"p1110": 0.0001674692016611439
"p1111": 0.00022015614150959362
"p1112": 0.00010725555612005844
"p1113": 0
"p1114": 0.0001637058488148261
"p1115": 5.6450292694767596E-05
"p1116": 8.091208619583358E-05
"p1117": 0
"p1118": 6.774035123372113E-05
"p1119": 3.3870175616860565E-05
"p1120": 0.0001467707610063958
"p1121": 0
"p1122": 0.00011101890896637629
"p1123": 0.0001919309951622099
"p1124": 7.714873334951573E-05
"p1125": 1.8816764231589203E-05
"p1126": 5.2686939848449775E-05
"p1127": 0.00014300740816007796
"p1128": 7.338538050319788E-05
"p1129": 0
"p1130": 5.645029269476761E-05
"p1131": 3.9515204886337324E-05
"p1132": 1.1290058538953523E-05
"p1133": 0
"p1134": 1.1290058538953523E-05
"p1135": 5.645029269476761E-06
"p1136": 0.0005024076049834318
"p1137": 1.8816764231589203E-05
"p1138": 0.00039891540170969113
"p1139": 0.0008900329481541693
"p1140": 0.00021827446508643477
"p1141": 7.150370408003896E-05
"p1142": 0.0001637058488148261
"p1143": 0.000543804486292928
"p1144": 0.00044595731228866414
"p1145": 0
"p1146": 0.0003594001968233538
"p1147": 0.00040079707813285006
"p1148": 7.526705692635681E-05
"p1149": 0
