"p1087": 0.0010462120912763597
"p1088": 0.0028676748688941955
"p1089": 1
"p1090": 0.0032120216543322774
"p1091": 0.00372948267070098
"p1092": 7.714873334951574E-05
"p1093": 0.0002671980520885667
"p1094": 0
"p1095": 0
"p1096": 0.004154741542334897
"p1097": 0.007404396725130356
"p1098": 0.0027340758428499117
"p1099": 0.003868726726014741
"p1100": 0.003631635496696717
"p1101": 0.00499020587421746
"p1102": 0.0026813889030014616
"p1103": 0.002005867067087409
"p1104": 0.0005776746619097886
"p1105": 0.0002671980520885667
"p1106": 0.0004854725171750015
"p1107": 0.00011854561465901199
"p1108": 1.88167642315892E-05
"p1109": 7.71487333495157E-05
"p1110": 0
"p1111": 0
"p1112": 0.0005814380147561062
"p1113": 0.00026343469924224885
"p1114": 0.00043843060659602847
"p1115": 7.903040977267466E-05
"p1116": 0.0009239031237710297
"p1117": 0.0005870830440255831
"p1118": 0.00040079707813285006
"p1119": 3.951520488633733E-05
"p1120": 0.004373016007421331
"p1121": 0.007404396725130353
"p1122": 0.003309868828336541
"p1123": 0.011653222088623195
"p1124": 5.2686939848449775E-05
"p1125": 0.00026343469924224885
"p1126": 0
"p1127": 0
"p1128": 0.0024047824687971004
"p1129": 0.006077814846803314
"p1130": 0.0012701315856322713
"p1131": 0.004384306065960285
"p1132": 0.0032289567421407077
"p1133": 0.006367593015969788
"p1134": 0.0015429746669903149
"p1135": 0.005419228098697691
"p1136": 0.005477560067815618
"p1137": 0.004990205874217457
"p1138": 0.0058595403817168785
"p1139": 0.0031518080087911916
"p1140": 0.00014300740816007796
"p1141": 0.0005870830440255832
"p1142": 0
"p1143": 0
"p1144": 0.004506615033465614
"p1145": 0.0063675930159697875
"p1146": 0.0029485869550900283
"p1147": 0.0019964586849716146
"p1148": 0.007289614463317658
"p1149": 0.00866135657580051
