"p1087": 0.005244232191343912
"p1088": 0.0012456697921312053
"p1089": 8.467543904215141E-05
"p1090": 0.0027735910477362487
"p1091": 0.0019362450394305284
"p1092": 7.150370408003896E-05
"p1093": 3.575185204001949E-05
"p1094": 2.2580117077907042E-05
"p1095": 0
"p1096": 0.00039515204886337327
"p1097": 1.8816764231589204E-06
"p1098": 0.0005720296326403117
"p1099": 0.00026907972851172553
"p1100": 0.0013115284669417671
"p1101": 3.7633528463178407E-06
"p1102": 0.0019832869500095015
"p1103": 0.0009935251514279098
"p1104": 0.0014018489352533954
"p1105": 5.645029269476761E-05
"p1106": 0.004570592031853018
"p1107": 0.0014752343157565934
"p1108": 0.00019945770085484557
"p1109": 2.8225146347383805E-05
"p1110": 5.8331969117926534E-05
"p1111": 0
"p1112": 0.0013322269075965155
"p1113": 1.8816764231589204E-06
"p1114": 0.003671150701583054
"p1115": 0.0011609943530890535
"p1116": 0.002679507226578303
"p1117": 3.7633528463178407E-06
"p1118": 0.0059253990565274394
"p1119": 0.0008787428896152155
"p1120": 0.005127568253108058
"p1121": 0.0014357191108702561
"p1122": 0.006021364554108546
"p1123": 0.012473633009120485
"p1124": 0.0002333278764717061
"p1125": 9.408382115794602E-05
"p1126": 6.021364554108546E-05
"p1127": 0
"p1128": 0.0050711179604132905
"p1129": 0.0001580608195453493
"p1130": 0.003863081696745264
"p1131": 0.006062761435418043
"p1132": 0.005771101589828409
"p1133": 0.0001956943480085277
"p1134": 0.004651504118048852
"p1135": 0.00669500471359944
"p1136": 1
"p1137": 0.0003895070195938966
"p1138": 0.011081192455982887
"p1139": 0.007887987565882198
"p1140": 0.0005852013676024242
"p1141": 6.021364554108545E-05
"p1142": 0.00017123255450746176
"p1143": 0
"p1144": 0.008027231621195955
"p1145": 0.00012230896750532982
"p1146": 0.012112351135873972
"p1147": 0.010418842355030945
"p1148": 0.008567272754642564
"p1149": 3.7633528463178407E-06
