"p1087": 0.00033305672689912887
"p1088": 0.0006567050716824632
"p1089": 0.0011007807075479683
"p1090": 0.00013736237889060122
"p1091": 0.0006717584830677346
"p1092": 2.4461793501065963E-05
"p1093": 0.00012607232035164766
"p1094": 0
"p1095": 0
"p1096": 0.004563065326160384
"p1097": 0.008379105112326679
"p1098": 0.0035149715584608635
"p1099": 0.008484478992023573
"p1100": 0.0021375844167085337
"p1101": 0.004228126922838095
"p1102": 0.0014112573173691904
"p1103": 0.0024461793501065966
"p1104": 0.0011421775888574648
"p1105": 0.0014695892864871165
"p1106": 0.00031612163909069865
"p1107": 0.0007150370408003899
"p1108": 7.150370408003898E-05
"p1109": 0.0002427362585875007
"p1110": 0
"p1111": 0
"p1112": 0.008936081333581713
"p1113": 1
"p1114": 0.007332893021050314
"p1115": 0.008264322850513978
"p1116": 0.005084289695375403
"p1117": 0.006683714655060488
"p1118": 0.0033776091795702625
"p1119": 0.0017367873385756836
"p1120": 0.00022956452362538827
"p1121": 0.0005626212505245173
"p1122": 4.139688130949625E-05
"p1123": 0.0005833196911792653
"p1124": 5.645029269476761E-06
"p1125": 3.010682277054273E-05
"p1126": 0
"p1127": 0
"p1128": 0.003176269802292258
"p1129": 0.006139910168767561
"p1130": 0.0017763025434620208
"p1131": 0.007167305495812328
"p1132": 0.0010706738847774257
"p1133": 0.0025666066411887674
"p1134": 0.0004892358700213193
"p1135": 0.0017160888979209357
"p1136": 0.0013773871417523298
"p1137": 0.0015862532247229698
"p1138": 0.0003424651090149235
"p1139": 0.00045348401798129986
"p1140": 5.080526342529084E-05
"p1141": 0.00022768284720222937
"p1142": 0
"p1143": 0
"p1144": 0.007240690876315527
"p1145": 0.005342079365348176
"p1146": 0.007133435320195468
"p1147": 0.002982457130706889
"p1148": 0.004523550121274045
"p1149": 0.004660912500164646
