"p1087": 0.006905752472993238
"p1088": 0
"p1089": 0
"p1090": 5.645029269476761E-06
"p1091": 5.645029269476761E-06
"p1092": 0
"p1093": 5.645029269476761E-06
"p1094": 5.645029269476761E-06
"p1095": 5.645029269476761E-06
"p1096": 1.8816764231589203E-05
"p1097": 4.3278557732655166E-05
"p1098": 0.00016182417239166716
"p1099": 0.00039327037244021434
"p1100": 2.258011707790705E-05
"p1101": 5.8331969117926534E-05
"p1102": 6.585867481056221E-05
"p1103": 0.0001768775837769385
"p1104": 1.8816764231589204E-06
"p1105": 2.0698440654748124E-05
"p1106": 4.8923587002131926E-05
"p1107": 0.00012042729108217089
"p1108": 3.7633528463178407E-06
"p1109": 6.39769983874033E-05
"p1110": 3.7633528463178407E-05
"p1111": 6.962202765688005E-05
"p1112": 0.00013359902604428333
"p1113": 0.00026907972851172553
"p1114": 0.0010894906490090147
"p1115": 0.001973878567893707
"p1116": 0.00010725555612005848
"p1117": 0.00021639278866327584
"p1118": 0.0003669269025159895
"p1119": 0.000707510335107754
"p1120": 0
"p1121": 0
"p1122": 0
"p1123": 0
"p1124": 0
"p1125": 0
"p1126": 0
"p1127": 0
"p1128": 0
"p1129": 0
"p1130": 0
"p1131": 0
"p1132": 0
"p1133": 0
"p1134": 0
"p1135": 0
"p1136": 0
"p1137": 0
"p1138": 0
"p1139": 0
"p1140": 0
"p1141": 0
"p1142": 0
"p1143": 0
"p1144": 1.1290058538953523E-05
"p1145": 0
"p1146": 9.032046831162814E-05
"p1147": 3.3870175616860565E-05
"p1148": 0
"p1149": 0
