"p1087": 0.002813106252622586
"p1088": 0
"p1089": 0
"p1090": 1.1290058538953523E-05
"p1091": 0
"p1092": 5.645029269476761E-06
"p1093": 0
"p1094": 1.1290058538953523E-05
"p1095": 0
"p1096": 4.3278557732655166E-05
"p1097": 0
"p1098": 0.000376335284631784
"p1099": 0.00020133937727800455
"p1100": 4.704191057897301E-05
"p1101": 1.1290058538953523E-05
"p1102": 0.00013548070246744226
"p1103": 0.00013359902604428335
"p1104": 1.6935087808430282E-05
"p1105": 0
"p1106": 0.0001637058488148261
"p1107": 1.1290058538953523E-05
"p1108": 5.645029269476761E-05
"p1109": 0
"p1110": 0.00011101890896637629
"p1111": 7.5267056926356815E-06
"p1112": 0.00025778966997277205
"p1113": 1.1290058538953523E-05
"p1114": 0.002030328860588475
"p1115": 0.0012023912343985502
"p1116": 0.00017123255450746173
"p1117": 5.080526342529086E-05
"p1118": 0.0006435333367203507
"p1119": 0.0005607395741013582
"p1120": 0
"p1121": 0
"p1122": 0
"p1123": 0
"p1124": 0
"p1125": 0
"p1126": 0
"p1127": 0
"p1128": 0
"p1129": 0
"p1130": 0
"p1131": 0
"p1132": 0
"p1133": 0
"p1134": 0
"p1135": 0
"p1136": 0
"p1137": 0
"p1138": 0
"p1139": 0
"p1140": 0
"p1141": 0
"p1142": 0
"p1143": 0
"p1144": 0
"p1145": 0
"p1146": 5.645029269476761E-05
"p1147": 7.903040977267465E-05
"p1148": 0
"p1149": 0
