"p1087": 0.01068792208354267
"p1088": 0
"p1089": 1.6935087808430286E-05
"p1090": 2.2580117077907045E-05
"p1091": 8.467543904215141E-05
"p1092": 0
"p1093": 3.9515204886337324E-05
"p1094": 1.6935087808430282E-05
"p1095": 4.516023415581409E-05
"p1096": 0.00010725555612005845
"p1097": 0.0002483812878569774
"p1098": 0.0008505177432678321
"p1099": 0.0018628596589273312
"p1100": 7.150370408003898E-05
"p1101": 0.00019193099516220987
"p1102": 0.0002559079935496132
"p1103": 0.0006247165724887615
"p1104": 1.8816764231589204E-06
"p1105": 3.7633528463178407E-06
"p1106": 2.6343469924224887E-05
"p1107": 3.575185204001949E-05
"p1108": 3.7633528463178407E-06
"p1109": 2.4461793501065963E-05
"p1110": 2.0698440654748124E-05
"p1111": 2.4461793501065963E-05
"p1112": 2.6343469924224887E-05
"p1113": 2.0698440654748124E-05
"p1114": 0.0002389729057411829
"p1115": 0.00011101890896637629
"p1116": 3.575185204001949E-05
"p1117": 2.4461793501065966E-05
"p1118": 0.00011101890896637629
"p1119": 8.27937626189925E-05
"p1120": 0
"p1121": 0
"p1122": 1.8816764231589204E-06
"p1123": 1.8816764231589204E-06
"p1124": 0
"p1125": 1.8816764231589204E-06
"p1126": 1.8816764231589204E-06
"p1127": 1.8816764231589204E-06
"p1128": 1.1290058538953523E-05
"p1129": 2.82251463473838E-05
"p1130": 7.526705692635681E-05
"p1131": 0.00019004931873905094
"p1132": 2.258011707790705E-05
"p1133": 5.8331969117926534E-05
"p1134": 6.209532196424438E-05
"p1135": 0.0001731142309306207
"p1136": 0
"p1137": 0
"p1138": 3.7633528463178407E-06
"p1139": 3.7633528463178407E-06
"p1140": 0
"p1141": 3.7633528463178407E-06
"p1142": 3.7633528463178407E-06
"p1143": 3.7633528463178407E-06
"p1144": 1.8816764231589203E-05
"p1145": 1.5053411385271363E-05
"p1146": 0.00017687758377693847
"p1147": 0.00023709122931802397
"p1148": 0
"p1149": 0
