"p1087": 0.002811224576199427
"p1088": 0.0012870666734407013
"p1089": 5.645029269476761E-05
"p1090": 0.003631635496696716
"p1091": 0.0014752343157565934
"p1092": 0.00015429746669903143
"p1093": 2.8225146347383805E-05
"p1094": 4.704191057897301E-05
"p1095": 0
"p1096": 0.001298356731979655
"p1097": 1.8816764231589204E-06
"p1098": 0.003373845826723944
"p1099": 0.0011384142360111467
"p1100": 0.002433007615144484
"p1101": 3.7633528463178407E-06
"p1102": 0.005140739988070171
"p1103": 0.0009013230066931227
"p1104": 0.00022768284720222937
"p1105": 1.1290058538953523E-05
"p1106": 0.001136532559587988
"p1107": 0.0001298356731979655
"p1108": 4.516023415581409E-05
"p1109": 5.645029269476761E-06
"p1110": 1.1290058538953523E-05
"p1111": 0
"p1112": 6.774035123372114E-05
"p1113": 0
"p1114": 0.000353755167553877
"p1115": 2.2580117077907045E-05
"p1116": 0.0003180033155138576
"p1117": 0
"p1118": 0.000829819302613084
"p1119": 3.198849919370165E-05
"p1120": 1
"p1121": 0.0021789812980180295
"p1122": 0.011673920529277943
"p1123": 0.0193210535129958
"p1124": 0.00037257193178546626
"p1125": 0.00016935087808430283
"p1126": 0.00012419064392848875
"p1127": 0
"p1128": 0.01014788095009606
"p1129": 0.00029165984558963265
"p1130": 0.010281479976140344
"p1131": 0.013619573950824271
"p1132": 0.009493057554836757
"p1133": 0.00022203781793275263
"p1134": 0.010014281924051776
"p1135": 0.011024742163288118
"p1136": 0.0033079871519133826
"p1137": 3.0106822770542726E-05
"p1138": 0.00939332870440933
"p1139": 0.005144503340916489
"p1140": 0.0005400411334466101
"p1141": 2.0698440654748124E-05
"p1142": 0.00013359902604428335
"p1143": 0
"p1144": 0.004150978189488578
"p1145": 1.8816764231589204E-06
"p1146": 0.006841775474605835
"p1147": 0.004171676630143327
"p1148": 0.006625382685942559
"p1149": 3.7633528463178407E-06
