"p1087": 0.004694782675781507
"p1088": 0
"p1089": 5.645029269476761E-06
"p1090": 5.645029269476761E-06
"p1091": 5.645029269476761E-06
"p1092": 0
"p1093": 0
"p1094": 0
"p1095": 0
"p1096": 3.3870175616860565E-05
"p1097": 8.843879188846925E-05
"p1098": 0.00022580117077907047
"p1099": 0.0005946097497182188
"p1100": 7.5267056926356815E-06
"p1101": 1.3171734962112444E-05
"p1102": 7.5267056926356815E-06
"p1103": 1.5053411385271365E-05
"p1104": 3.7633528463178407E-06
"p1105": 6.39769983874033E-05
"p1106": 3.7633528463178407E-05
"p1107": 6.962202765688005E-05
"p1108": 0
"p1109": 0
"p1110": 0
"p1111": 1.6935087808430282E-05
"p1112": 0.00022203781793275263
"p1113": 0.0004647740765202534
"p1114": 0.00158625322472297
"p1115": 0.0030614875404795638
"p1116": 3.198849919370164E-05
"p1117": 5.268693984844976E-05
"p1118": 4.8923587002131926E-05
"p1119": 9.032046831162818E-05
"p1120": 0
"p1121": 0
"p1122": 0
"p1123": 0
"p1124": 0
"p1125": 0
"p1126": 0
"p1127": 0
"p1128": 0
"p1129": 0
"p1130": 0
"p1131": 0
"p1132": 0
"p1133": 0
"p1134": 0
"p1135": 0
"p1136": 0
"p1137": 0
"p1138": 0
"p1139": 0
"p1140": 0
"p1141": 0
"p1142": 0
"p1143": 0
"p1144": 1.1290058538953523E-05
"p1145": 0
"p1146": 9.032046831162817E-05
"p1147": 3.3870175616860565E-05
"p1148": 0
"p1149": 0
