"p1087": 0.0018553329532346955
"p1088": 0.00041585048951812146
"p1089": 0.000918258094501553
"p1090": 0.00013171734962112442
"p1091": 0.00024085458216434183
"p1092": 0.0009032046831162818
"p1093": 0.001198627881552232
"p1094": 0.00023520955289486504
"p1095": 0.000735735481455138
"p1096": 0.004182966688682279
"p1097": 0.007058168263269113
"p1098": 0.003001273894938479
"p1099": 0.003959047194326368
"p1100": 0.004540485209082475
"p1101": 1
"p1102": 0.004455809770040324
"p1103": 0.004007970781328501
"p1104": 0.00011478226181269412
"p1105": 0.00010725555612005845
"p1106": 1.8816764231589203E-05
"p1107": 0
"p1108": 0.00023144620004854718
"p1109": 0.00022768284720222942
"p1110": 4.327855773265517E-05
"p1111": 3.951520488633733E-05
"p1112": 0.0006792851887603701
"p1113": 0.0003274116976296522
"p1114": 0.0004384306065960284
"p1115": 7.903040977267466E-05
"p1116": 0.0011798111173206428
"p1117": 0.0006454150131435096
"p1118": 0.0008335826554594016
"p1119": 0.00011854561465901199
"p1120": 8.843879188846925E-05
"p1121": 0.0003838619903244198
"p1122": 3.0106822770542726E-05
"p1123": 0.0002182744650864348
"p1124": 0.0005080526342529085
"p1125": 0.00132470020190388
"p1126": 0.00011478226181269415
"p1127": 0.0011591126766658949
"p1128": 0.002647518727384601
"p1129": 0.006879409003069016
"p1130": 0.0014432458165628919
"p1131": 0.006235875666348664
"p1132": 0.006211413872847597
"p1133": 0.010800822668932208
"p1134": 0.004354199243189742
"p1135": 0.013070124435261862
"p1136": 0.0005268693984844977
"p1137": 0.0012663682327859532
"p1138": 0.00014112573173691902
"p1139": 9.220214473478711E-05
"p1140": 0.0018082910426557221
"p1141": 0.002653163756654078
"p1142": 0.0004647740765202533
"p1143": 0.0005814380147561064
"p1144": 0.005187781898649144
"p1145": 0.007044996528307
"p1146": 0.003535669999115611
"p1147": 0.002461232761491868
"p1148": 0.009303008236097704
"p1149": 0.00987315619231486
