"p1087": 0.0006247165724887617
"p1088": 5.645029269476761E-06
"p1089": 5.645029269476761E-06
"p1090": 0
"p1091": 5.645029269476761E-06
"p1092": 0
"p1093": 0
"p1094": 0
"p1095": 0
"p1096": 0.00020322105370116345
"p1097": 0.0004911175464444781
"p1098": 3.575185204001949E-05
"p1099": 0.0002145111122401169
"p1100": 5.645029269476761E-06
"p1101": 5.645029269476761E-06
"p1102": 0
"p1103": 0
"p1104": 3.9515204886337324E-05
"p1105": 8.467543904215141E-05
"p1106": 0
"p1107": 3.3870175616860565E-05
"p1108": 0
"p1109": 1.6935087808430282E-05
"p1110": 0
"p1111": 0
"p1112": 0.0013341085840196743
"p1113": 0.0023483321761023322
"p1114": 0.00033117505047597
"p1115": 0.001228734704322775
"p1116": 3.3870175616860565E-05
"p1117": 5.080526342529084E-05
"p1118": 0
"p1119": 0
"p1120": 0
"p1121": 0
"p1122": 0
"p1123": 0
"p1124": 0
"p1125": 0
"p1126": 0
"p1127": 0
"p1128": 0
"p1129": 0
"p1130": 0
"p1131": 0
"p1132": 0
"p1133": 0
"p1134": 0
"p1135": 0
"p1136": 0
"p1137": 0
"p1138": 0
"p1139": 0
"p1140": 0
"p1141": 0
"p1142": 0
"p1143": 0
"p1144": 5.645029269476761E-05
"p1145": 2.2580117077907045E-05
"p1146": 3.387017561686057E-05
"p1147": 2.2580117077907045E-05
"p1148": 0
"p1149": 0
