"p1087": 0.00280557954692995
"p1088": 3.198849919370165E-05
"p1089": 0
"p1090": 6.962202765688005E-05
"p1091": 0
"p1092": 0
"p1093": 0
"p1094": 1.1290058538953523E-05
"p1095": 0
"p1096": 0.0003669269025159894
"p1097": 5.6450292694767617E-05
"p1098": 0.0024668777907613446
"p1099": 0.0018158177483483585
"p1100": 4.139688130949625E-05
"p1101": 0
"p1102": 6.585867481056221E-05
"p1103": 7.33853805031979E-05
"p1104": 2.4461793501065963E-05
"p1105": 0
"p1106": 4.139688130949624E-05
"p1107": 7.5267056926356815E-06
"p1108": 0
"p1109": 0
"p1110": 5.645029269476761E-06
"p1111": 0
"p1112": 4.139688130949624E-05
"p1113": 5.645029269476761E-06
"p1114": 0.0005626212505245173
"p1115": 5.833196911792652E-05
"p1116": 7.5267056926356815E-06
"p1117": 0
"p1118": 5.833196911792653E-05
"p1119": 1.8816764231589204E-06
"p1120": 1.8816764231589204E-06
"p1121": 0
"p1122": 3.7633528463178407E-06
"p1123": 0
"p1124": 0
"p1125": 0
"p1126": 0
"p1127": 0
"p1128": 6.209532196424436E-05
"p1129": 1.1290058538953523E-05
"p1130": 0.0003161216390906986
"p1131": 0.00021451111224011693
"p1132": 1.3171734962112444E-05
"p1133": 0
"p1134": 7.5267056926356815E-06
"p1135": 1.8816764231589207E-05
"p1136": 3.7633528463178407E-06
"p1137": 0
"p1138": 7.5267056926356815E-06
"p1139": 0
"p1140": 0
"p1141": 0
"p1142": 0
"p1143": 0
"p1144": 1.5053411385271363E-05
"p1145": 0
"p1146": 0.00028225146347383805
"p1147": 0.00018064093662325636
"p1148": 0
"p1149": 0
