"p1087": 0.0012870666734407015
"p1088": 0.0008674528310762624
"p1089": 0.0006096631611034902
"p1090": 0.0006698768066445757
"p1091": 0.0005231060456381798
"p1092": 0.0018948481581210325
"p1093": 0.001112070766086922
"p1094": 0.0016502302231103732
"p1095": 0.0017857109255778152
"p1096": 0.00015053411385271365
"p1097": 0.00017875926020009743
"p1098": 7.714873334951573E-05
"p1099": 4.8923587002131926E-05
"p1100": 0.0005080526342529084
"p1101": 0.0007018653058382773
"p1102": 0.0001561791431221904
"p1103": 0.00036880857893914845
"p1104": 0.0019945770085484553
"p1105": 0.0012117996165143445
"p1106": 0.0014150206702155082
"p1107": 0.000521224369215021
"p1108": 0.0031348729209827618
"p1109": 0.0015937799304156055
"p1110": 0.0029354152201279157
"p1111": 0.001151585970973259
"p1112": 0.0007601972749562037
"p1113": 0.00059272807329506
"p1114": 0.0003481101382844003
"p1115": 4.8923587002131926E-05
"p1116": 0.0020698440654748126
"p1117": 0.0017612491320767496
"p1118": 0.0007263270993393432
"p1119": 0.00026719805208856676
"p1120": 0.002408545821643418
"p1121": 0.005411701393005056
"p1122": 0.001510986167796613
"p1123": 0.00502219437341116
"p1124": 0.005295037454769202
"p1125": 0.008730978603457396
"p1126": 0.003533788322692453
"p1127": 0.010782005904700617
"p1128": 0.0008110025383814948
"p1129": 0.0028526214575089236
"p1130": 0.0003142399626675397
"p1131": 0.0010029335335437048
"p1132": 0.0014507725222555276
"p1133": 0.0032007315957933236
"p1134": 0.000447838988711823
"p1135": 0.0015599097547987452
"p1136": 0.0042507070399160005
"p1137": 0.005675136092247307
"p1138": 0.003164979743753304
"p1139": 0.0035488417340777236
"p1140": 0.007919976065075897
"p1141": 1
"p1142": 0.008044166709004385
"p1143": 0.005646910945899921
"p1144": 0.002775472724159408
"p1145": 0.005349606071040814
"p1146": 0.0013905588767144422
"p1147": 0.0015806081954534933
"p1148": 0.004453928093617165
"p1149": 0.0058237885296768595
