"p1087": 0.004941282287215325
"p1088": 0.0008279376261899249
"p1089": 0
"p1090": 0.0005645029269476761
"p1091": 0.0004102054602486447
"p1092": 0.0010669105319311078
"p1093": 0.00011666393823585305
"p1094": 0.0010085785628131813
"p1095": 0.000942719888002619
"p1096": 0.005167083457994395
"p1097": 0.00012042729108217089
"p1098": 0.006960321089264847
"p1099": 0.007214347406391302
"p1100": 1
"p1101": 0.00037257193178546626
"p1102": 0.008761085426227935
"p1103": 0.006196360461462326
"p1104": 0.00010725555612005845
"p1105": 0
"p1106": 0.00011478226181269412
"p1107": 3.0106822770542722E-05
"p1108": 0.00022203781793275263
"p1109": 1.1290058538953523E-05
"p1110": 0.00024838128785697745
"p1111": 7.150370408003896E-05
"p1112": 0.0003274116976296522
"p1113": 0
"p1114": 0.0012381430864385696
"p1115": 8.279376261899248E-05
"p1116": 0.0006792851887603701
"p1117": 1.1290058538953523E-05
"p1118": 0.0022787101484454527
"p1119": 0.0001467707610063958
"p1120": 0.0003612818732465127
"p1121": 0
"p1122": 0.0001373623788906012
"p1123": 0.0002784881106275202
"p1124": 0.0009107313888089175
"p1125": 0.00028789649274331484
"p1126": 0.0007771323627646341
"p1127": 0.0012249713514764571
"p1128": 0.005406056363735579
"p1129": 0.0003706902553623074
"p1130": 0.0036749140544293716
"p1131": 0.008301956378977158
"p1132": 0.008484478992023575
"p1133": 0.001723615603613571
"p1134": 0.009295481530405068
"p1135": 0.016391283322137358
"p1136": 0.00118545614659012
"p1137": 0
"p1138": 0.0006774035123372113
"p1139": 0.00024461793501065964
"p1140": 0.002408545821643418
"p1141": 8.091208619583358E-05
"p1142": 0.0022486033256749094
"p1143": 0.0008505177432678319
"p1144": 0.005163320105148078
"p1145": 1.1290058538953523E-05
"p1146": 0.009058390301087045
"p1147": 0.005535892036933545
"p1148": 0.008004651504118047
"p1149": 6.39769983874033E-05
