"p1087": 0.002393492410258147
"p1088": 0.0005381594570234513
"p1089": 0
"p1090": 0.0002239194943559115
"p1091": 0.0002352095528948651
"p1092": 0.0009935251514279096
"p1093": 0.00018816764231589203
"p1094": 0.0006811668651835292
"p1095": 0.0008523994196909908
"p1096": 0.0038837801374000122
"p1097": 0.00022391949435591156
"p1098": 0.004051249339061156
"p1099": 0.005874593793102149
"p1100": 0.004352317566766585
"p1101": 0.0007620789513793628
"p1102": 0.0060684064646875195
"p1103": 0.007880460860189559
"p1104": 0.0010217502977752939
"p1105": 0
"p1106": 0.0007507888928404092
"p1107": 0.0004854725171750015
"p1108": 0.001396203905983919
"p1109": 9.784717400426385E-05
"p1110": 0.0013999672588302365
"p1111": 0.0010349220327374063
"p1112": 0.006467321866397208
"p1113": 0.00012042729108217089
"p1114": 0.00899817665554596
"p1115": 0.008883394393733268
"p1116": 1
"p1117": 0.000353755167553877
"p1118": 0.01219326322206981
"p1119": 0.008499532403408845
"p1120": 0.0001637058488148261
"p1121": 0
"p1122": 3.387017561686057E-05
"p1123": 8.091208619583357E-05
"p1124": 0.0004647740765202533
"p1125": 0.00010725555612005845
"p1126": 0.0003292933740528111
"p1127": 0.00059272807329506
"p1128": 0.0022956452362538834
"p1129": 0.00011290058538953522
"p1130": 0.0013623337303670584
"p1131": 0.0031856781844080526
"p1132": 0.0043259740968423594
"p1133": 0.0006924569237224828
"p1134": 0.004220600217145458
"p1135": 0.007662186395103125
"p1136": 0.0006924569237224828
"p1137": 0
"p1138": 0.000472300782212889
"p1139": 0.0001486524374295547
"p1140": 0.001644585193840896
"p1141": 8.091208619583358E-05
"p1142": 0.0017424323678451603
"p1143": 0.0005626212505245172
"p1144": 0.002813106252622586
"p1145": 1.1290058538953523E-05
"p1146": 0.006335604516776087
"p1147": 0.0021996797386727783
"p1148": 0.00556223550685777
"p1149": 7.526705692635681E-05
