"p1087": 0.0008542810961141499
"p1088": 0.0025383814948413833
"p1089": 0.00022391949435591156
"p1090": 0.0030577241876332457
"p1091": 0.004576237061122495
"p1092": 0.0033851358852628995
"p1093": 0.0008373460083057197
"p1094": 0.005391002952350308
"p1095": 0.007268916022662912
"p1096": 0.0016351768117251022
"p1097": 0
"p1098": 0.001061265502661631
"p1099": 0.0013660970832133762
"p1100": 0.002071725741897972
"p1101": 1.5053411385271363E-05
"p1102": 0.0014677076100639579
"p1103": 0.0015373296377208378
"p1104": 0.0034566395893429365
"p1105": 0.00012042729108217089
"p1106": 0.0056883078272094165
"p1107": 0.005569762212550405
"p1108": 1
"p1109": 0.00039327037244021434
"p1110": 0.009114840593781816
"p1111": 0.006965966118534327
"p1112": 0.0036466889080819876
"p1113": 0
"p1114": 0.003750181111355729
"p1115": 0.0036165820853114455
"p1116": 0.003735127699970457
"p1117": 0
"p1118": 0.004540485209082476
"p1119": 0.0023351604411402205
"p1120": 0.001755604102807273
"p1121": 0.00011290058538953522
"p1122": 0.0011515859709732592
"p1123": 0.0028018161940836324
"p1124": 0.003757707817048365
"p1125": 0.00073197212860882
"p1126": 0.003979745634981117
"p1127": 0.007381816608052446
"p1128": 0.0006585867481056221
"p1129": 0
"p1130": 0.0002408545821643418
"p1131": 0.0004120871366718036
"p1132": 0.0011534676473964182
"p1133": 7.5267056926356815E-06
"p1134": 0.0005645029269476761
"p1135": 0.0009803534164657976
"p1136": 0.0020641990362053357
"p1137": 1.1290058538953523E-05
"p1138": 0.005027839402680635
"p1139": 0.0017311423093062067
"p1140": 0.0038160397861662907
"p1141": 0.00011854561465901199
"p1142": 0.0125187932432763
"p1143": 0.0036786774072756893
"p1144": 0.0010706738847774257
"p1145": 0
"p1146": 0.001702917162958823
"p1147": 0.0005268693984844978
"p1148": 0.0034001892966481696
"p1149": 0
