"p1087": 0.003466047971458732
"p1088": 1.8816764231589203E-05
"p1089": 4.3278557732655166E-05
"p1090": 0.00011666393823585305
"p1091": 0.0002803697870506791
"p1092": 2.258011707790705E-05
"p1093": 5.8331969117926534E-05
"p1094": 6.021364554108546E-05
"p1095": 0.00017123255450746176
"p1096": 0
"p1097": 0
"p1098": 5.080526342529085E-05
"p1099": 0.00011854561465901197
"p1100": 0
"p1101": 5.645029269476761E-06
"p1102": 1.1290058538953523E-05
"p1103": 1.1290058538953523E-05
"p1104": 0.00011478226181269412
"p1105": 0.00023144620004854718
"p1106": 0.0006792851887603702
"p1107": 0.0011798111173206428
"p1108": 0.00010725555612005848
"p1109": 0.00022768284720222942
"p1110": 0.0003274116976296522
"p1111": 0.0006454150131435097
"p1112": 1.8816764231589203E-05
"p1113": 4.3278557732655166E-05
"p1114": 0.00043843060659602847
"p1115": 0.0008335826554594016
"p1116": 0
"p1117": 3.951520488633733E-05
"p1118": 7.903040977267466E-05
"p1119": 0.00011854561465901199
"p1120": 0
"p1121": 0
"p1122": 0
"p1123": 0
"p1124": 0
"p1125": 0
"p1126": 0
"p1127": 0
"p1128": 0
"p1129": 0
"p1130": 0
"p1131": 0
"p1132": 0
"p1133": 0
"p1134": 0
"p1135": 0
"p1136": 1.1290058538953523E-05
"p1137": 0
"p1138": 6.021364554108545E-05
"p1139": 2.6343469924224884E-05
"p1140": 0
"p1141": 0
"p1142": 0
"p1143": 0
"p1144": 0
"p1145": 0
"p1146": 3.0106822770542726E-05
"p1147": 7.5267056926356815E-06
"p1148": 0
"p1149": 0
