"p1087": 0.005374067864541877
"p1088": 2.258011707790705E-05
"p1089": 5.8331969117926534E-05
"p1090": 6.021364554108546E-05
"p1091": 0.00017123255450746176
"p1092": 0
"p1093": 0
"p1094": 0
"p1095": 0
"p1096": 1.1290058538953523E-05
"p1097": 3.0106822770542726E-05
"p1098": 0.000165587525237985
"p1099": 0.000423377195210757
"p1100": 7.5267056926356815E-06
"p1101": 1.8816764231589207E-05
"p1102": 1.3171734962112442E-05
"p1103": 2.0698440654748128E-05
"p1104": 0.00010725555612005848
"p1105": 0.0002220378179327526
"p1106": 0.0003274116976296522
"p1107": 0.0006792851887603701
"p1108": 0
"p1109": 1.1290058538953523E-05
"p1110": 0
"p1111": 1.1290058538953523E-05
"p1112": 0.00011478226181269412
"p1113": 0.00024838128785697745
"p1114": 0.0012381430864385696
"p1115": 0.0022787101484454523
"p1116": 3.0106822770542722E-05
"p1117": 7.150370408003896E-05
"p1118": 8.279376261899248E-05
"p1119": 0.00014677076100639582
"p1120": 0
"p1121": 0
"p1122": 0
"p1123": 0
"p1124": 0
"p1125": 0
"p1126": 0
"p1127": 0
"p1128": 0
"p1129": 0
"p1130": 0
"p1131": 0
"p1132": 0
"p1133": 0
"p1134": 0
"p1135": 0
"p1136": 0
"p1137": 0
"p1138": 0
"p1139": 0
"p1140": 0
"p1141": 0
"p1142": 0
"p1143": 0
"p1144": 1.1290058538953523E-05
"p1145": 0
"p1146": 9.032046831162817E-05
"p1147": 3.3870175616860565E-05
"p1148": 0
"p1149": 0
