"p1087": 0.0013867955238681244
"p1088": 5.645029269476761E-06
"p1089": 0
"p1090": 5.645029269476761E-06
"p1091": 5.645029269476761E-06
"p1092": 0
"p1093": 0
"p1094": 0
"p1095": 0
"p1096": 0.0003142399626675397
"p1097": 1.8816764231589203E-05
"p1098": 0.00023709122931802392
"p1099": 0.0003744536082086252
"p1100": 5.645029269476761E-06
"p1101": 0
"p1102": 5.645029269476761E-06
"p1103": 0
"p1104": 6.39769983874033E-05
"p1105": 1.5053411385271363E-05
"p1106": 4.139688130949625E-05
"p1107": 3.7633528463178407E-05
"p1108": 1.6935087808430282E-05
"p1109": 0
"p1110": 0
"p1111": 0
"p1112": 0.0015674364604913807
"p1113": 9.032046831162817E-05
"p1114": 0.0014658259336407988
"p1115": 0.0021187676524769446
"p1116": 5.080526342529084E-05
"p1117": 0
"p1118": 3.3870175616860565E-05
"p1119": 0
"p1120": 0
"p1121": 0
"p1122": 0
"p1123": 0
"p1124": 0
"p1125": 0
"p1126": 0
"p1127": 0
"p1128": 0
"p1129": 0
"p1130": 0
"p1131": 0
"p1132": 0
"p1133": 0
"p1134": 0
"p1135": 0
"p1136": 0
"p1137": 0
"p1138": 0
"p1139": 0
"p1140": 0
"p1141": 0
"p1142": 0
"p1143": 0
"p1144": 2.2580117077907045E-05
"p1145": 0
"p1146": 3.387017561686057E-05
"p1147": 7.903040977267465E-05
"p1148": 0
"p1149": 0
