"p1087": 0.0005456861627160869
"p1088": 0.002813106252622586
"p1089": 0.0037445360820862524
"p1090": 0.0024932212606855694
"p1091": 0.005535892036933545
"p1092": 5.833196911792653E-05
"p1093": 0.00028225146347383805
"p1094": 0
"p1095": 0
"p1096": 0.0017894742784241332
"p1097": 0.004741824586360482
"p1098": 0.0010255136506216117
"p1099": 0.002954231984359505
"p1100": 0.0026362286688456473
"p1101": 0.00472488949855205
"p1102": 0.0015523830491061092
"p1103": 0.003123582862443808
"p1104": 0.0034566395893429374
"p1105": 1
"p1106": 0.003646688908081988
"p1107": 0.003735127699970458
"p1108": 0.00012042729108217089
"p1109": 0.00039327037244021434
"p1110": 0
"p1111": 0
"p1112": 0.0056883078272094165
"p1113": 0.009114840593781816
"p1114": 0.0037501811113557293
"p1115": 0.004540485209082475
"p1116": 0.005569762212550404
"p1117": 0.006965966118534326
"p1118": 0.0036165820853114447
"p1119": 0.0023351604411402205
"p1120": 0.002342687146832856
"p1121": 0.0038141581097431323
"p1122": 0.0015166311970660898
"p1123": 0.005748521472750501
"p1124": 1.1290058538953523E-05
"p1125": 8.655711546531035E-05
"p1126": 0
"p1127": 0
"p1128": 0.0008580444489604678
"p1129": 0.0023897290574118294
"p1130": 0.0002634346992422489
"p1131": 0.0014206656994849853
"p1132": 0.0013510436718281048
"p1133": 0.002956113660782665
"p1134": 0.0005306327513308156
"p1135": 0.002321988706178108
"p1136": 0.004378661036690807
"p1137": 0.002818751281892063
"p1138": 0.004854725171750016
"p1139": 0.0021375844167085337
"p1140": 0.00010161052685058171
"p1141": 0.00043278557732655173
"p1142": 0
"p1143": 0
"p1144": 0.003101002745365901
"p1145": 0.0026569271095003956
"p1146": 0.0023502138525254915
"p1147": 0.0008354643318825607
"p1148": 0.005400411334466102
"p1149": 0.005295037454769203
