"p1087": 0.002878964927433149
"p1088": 0.0002051027301243223
"p1089": 1.6935087808430286E-05
"p1090": 0.0018873214524283972
"p1091": 0.0005099343106760673
"p1092": 0.0008128842148046534
"p1093": 0.0002201561415095937
"p1094": 0.004864133553865809
"p1095": 0.0015354479612976787
"p1096": 3.198849919370165E-05
"p1097": 0
"p1098": 0.00038009863747810193
"p1099": 5.64502926947676E-05
"p1100": 0.00026343469924224885
"p1101": 0
"p1102": 0.0013830321710218063
"p1103": 0.00011478226181269414
"p1104": 0.00021262943581695803
"p1105": 1.1290058538953523E-05
"p1106": 0.00454989359119827
"p1107": 0.0008354643318825606
"p1108": 0.0005776746619097883
"p1109": 0.00013548070246744229
"p1110": 0.00855974604894993
"p1111": 0.0013905588767144418
"p1112": 2.634346992422488E-05
"p1113": 0
"p1114": 0.0016107150182240355
"p1115": 0.00020698440654748118
"p1116": 0.00020886608297064022
"p1117": 0
"p1118": 0.004779458114823658
"p1119": 0.00020886608297064014
"p1120": 0.0022881185305612473
"p1121": 0.00023144620004854718
"p1122": 0.0072256374649302575
"p1123": 0.005912227321565329
"p1124": 0.004841553436787903
"p1125": 0.0011497042945501001
"p1126": 0.01380021488744753
"p1127": 0.012530083301815254
"p1128": 0.0004196138423644393
"p1129": 0
"p1130": 0.003396425943801852
"p1131": 0.0014112573173691904
"p1132": 0.001181692793743802
"p1133": 0
"p1134": 0.0045216684448508866
"p1135": 0.0013529253482512638
"p1136": 0.0012550781742469996
"p1137": 8.843879188846926E-05
"p1138": 0.011120707660869223
"p1139": 0.005893410557333741
"p1140": 0.0020340922134347928
"p1141": 0.00033870175616860577
"p1142": 1
"p1143": 0.009126130652320768
"p1144": 0.00034811013828440026
"p1145": 0
"p1146": 0.00809120861958336
"p1147": 0.0036598606430441006
"p1148": 0.0009088497123857585
"p1149": 0
