"p1087": 0.0036015286739261732
"p1088": 0.0002408545821643418
"p1089": 6.774035123372113E-05
"p1090": 0.0001637058488148261
"p1091": 0.000543804486292928
"p1092": 7.5267056926356815E-06
"p1093": 3.7633528463178407E-06
"p1094": 0
"p1095": 0
"p1096": 0.0011045440603942862
"p1097": 1.8816764231589203E-05
"p1098": 0.0008994413302699637
"p1099": 0.0014771159921797524
"p1100": 6.39769983874033E-05
"p1101": 0
"p1102": 3.3870175616860565E-05
"p1103": 1.6935087808430282E-05
"p1104": 6.021364554108546E-05
"p1105": 3.7633528463178407E-06
"p1106": 9.972885042742278E-05
"p1107": 4.327855773265517E-05
"p1108": 3.7633528463178407E-06
"p1109": 1.8816764231589204E-06
"p1110": 0
"p1111": 0
"p1112": 9.972885042742278E-05
"p1113": 0
"p1114": 0.0002615530228190899
"p1115": 3.3870175616860565E-05
"p1116": 4.327855773265517E-05
"p1117": 0
"p1118": 3.3870175616860565E-05
"p1119": 1.6935087808430282E-05
"p1120": 7.714873334951573E-05
"p1121": 1.8816764231589203E-05
"p1122": 5.2686939848449775E-05
"p1123": 0.00014300740816007796
"p1124": 0
"p1125": 0
"p1126": 0
"p1127": 0
"p1128": 0.00010913723254321738
"p1129": 0
"p1130": 8.655711546531033E-05
"p1131": 0.00011478226181269415
"p1132": 3.7633528463178407E-06
"p1133": 0
"p1134": 3.7633528463178407E-06
"p1135": 1.8816764231589204E-06
"p1136": 0
"p1137": 0
"p1138": 0
"p1139": 0
"p1140": 0
"p1141": 0
"p1142": 0
"p1143": 0
"p1144": 0.00015053411385271363
"p1145": 0
"p1146": 0.0001317173496211244
"p1147": 0.00019569434800852773
"p1148": 7.5267056926356815E-06
"p1149": 0
