"p1087": 0.0017160888979209353
"p1088": 7.714873334951573E-05
"p1089": 1.8816764231589203E-05
"p1090": 5.2686939848449775E-05
"p1091": 0.00014300740816007796
"p1092": 0
"p1093": 0
"p1094": 0
"p1095": 0
"p1096": 0.00023709122931802397
"p1097": 0
"p1098": 0.00018440428946957414
"p1099": 0.00023144620004854723
"p1100": 1.1290058538953523E-05
"p1101": 0
"p1102": 1.1290058538953523E-05
"p1103": 5.645029269476761E-06
"p1104": 0.0003010682277054272
"p1105": 7.150370408003896E-05
"p1106": 0.00026343469924224885
"p1107": 0.0005870830440255831
"p1108": 1.1290058538953523E-05
"p1109": 5.645029269476761E-06
"p1110": 0
"p1111": 0
"p1112": 0.001204272910821709
"p1113": 1.8816764231589203E-05
"p1114": 0.0011609943530890535
"p1115": 0.0015109861677966132
"p1116": 0.00010725555612005845
"p1117": 0
"p1118": 6.774035123372113E-05
"p1119": 3.3870175616860565E-05
"p1120": 0
"p1121": 0
"p1122": 0
"p1123": 0
"p1124": 0
"p1125": 0
"p1126": 0
"p1127": 0
"p1128": 0
"p1129": 0
"p1130": 0
"p1131": 0
"p1132": 0
"p1133": 0
"p1134": 0
"p1135": 0
"p1136": 0
"p1137": 0
"p1138": 0
"p1139": 0
"p1140": 0
"p1141": 0
"p1142": 0
"p1143": 0
"p1144": 2.2580117077907045E-05
"p1145": 0
"p1146": 3.387017561686057E-05
"p1147": 7.903040977267465E-05
"p1148": 0
"p1149": 0
