"p1087": 0.004066302750446426
"p1088": 2.8225146347383805E-05
"p1089": 0
"p1090": 0.0007451438635709322
"p1091": 7.903040977267465E-05
"p1092": 0.0003405834325917645
"p1093": 0
"p1094": 0.0013566887010975815
"p1095": 0.0001919309951622099
"p1096": 0.00023520955289486507
"p1097": 1.1290058538953523E-05
"p1098": 0.005170846810840713
"p1099": 0.0010480937676995185
"p1100": 0.00044407563586550505
"p1101": 0.00013548070246744229
"p1102": 0.009577732993878903
"p1103": 0.0016558752523798499
"p1104": 0
"p1105": 0
"p1106": 0.00012983567319796552
"p1107": 0
"p1108": 8.467543904215141E-05
"p1109": 0
"p1110": 0.00041396881309496247
"p1111": 0
"p1112": 1.1290058538953523E-05
"p1113": 0
"p1114": 0.000636006631027715
"p1115": 1.1290058538953523E-05
"p1116": 0.00010725555612005845
"p1117": 1.6935087808430282E-05
"p1118": 0.002128176034592739
"p1119": 7.903040977267465E-05
"p1120": 0.00041396881309496247
"p1121": 0
"p1122": 0.001883558099582079
"p1123": 0.0003612818732465126
"p1124": 0.0021676912394790757
"p1125": 0
"p1126": 0.0037313643471241394
"p1127": 0.0007940674505730643
"p1128": 0.0039402304300947795
"p1129": 0.0003706902553623073
"p1130": 0.020037972230219355
"p1131": 0.013386246074352565
"p1132": 0.007020534734805933
"p1133": 0.0018779130703126027
"p1134": 1
"p1135": 0.021261061905272646
"p1136": 5.456861627160869E-05
"p1137": 0
"p1138": 0.0014978144328345005
"p1139": 0.00019004931873905094
"p1140": 0.0005532128684087225
"p1141": 0
"p1142": 0.004363607625305537
"p1143": 0.000472300782212889
"p1144": 0.0006774035123372113
"p1145": 1.6935087808430286E-05
"p1146": 0.01112447101371554
"p1147": 0.004598817178200401
"p1148": 0.0012833033205943837
"p1149": 7.903040977267465E-05
