"p1087": 0.0014996961092576598
"p1088": 0.00021262943581695803
"p1089": 1.1290058538953523E-05
"p1090": 0.003977863958557958
"p1091": 0.0008354643318825605
"p1092": 0.0005099343106760672
"p1093": 0.00013548070246744229
"p1094": 0.007065694968961747
"p1095": 0.0013905588767144418
"p1096": 2.634346992422488E-05
"p1097": 0
"p1098": 0.001512867844219772
"p1099": 0.00020698440654748118
"p1100": 0.00020886608297064022
"p1101": 0
"p1102": 0.004207428482183346
"p1103": 0.00020886608297064014
"p1104": 1.1290058538953523E-05
"p1105": 0
"p1106": 0.0005983731025645366
"p1107": 1.1290058538953523E-05
"p1108": 0.00013548070246744229
"p1109": 1.6935087808430282E-05
"p1110": 0.0018779130703126027
"p1111": 7.903040977267465E-05
"p1112": 0
"p1113": 0
"p1114": 9.784717400426387E-05
"p1115": 0
"p1116": 2.8225146347383805E-05
"p1117": 0
"p1118": 0.0006623501009519399
"p1119": 3.7633528463178407E-06
"p1120": 0.003330567268991289
"p1121": 0.0003706902553623073
"p1122": 0.01258841527093318
"p1123": 0.009671816815036852
"p1124": 0.007065694968961747
"p1125": 0.0018779130703126027
"p1126": 1
"p1127": 0.019309763454456844
"p1128": 0.0006886935708761649
"p1129": 0
"p1130": 0.008623723047337334
"p1131": 0.0040625393976001095
"p1132": 0.002060435683359018
"p1133": 0
"p1134": 0.009370748587331425
"p1135": 0.0026211752574603767
"p1136": 0.0005927280732950601
"p1137": 1.6935087808430286E-05
"p1138": 0.008345234936709814
"p1139": 0.003513089882037704
"p1140": 0.001390558876714442
"p1141": 7.903040977267465E-05
"p1142": 0.019309763454456844
"p1143": 0.006651726155866785
"p1144": 0.00011101890896637629
"p1145": 0
"p1146": 0.0034622846186124134
"p1147": 0.0012776582913249072
"p1148": 0.0003518734911307181
"p1149": 0
