"p1087": 0.0011177157953563986
"p1088": 5.645029269476761E-06
"p1089": 0
"p1090": 1.1290058538953523E-05
"p1091": 0
"p1092": 0
"p1093": 0
"p1094": 0
"p1095": 0
"p1096": 7.714873334951572E-05
"p1097": 1.1290058538953523E-05
"p1098": 0.0005419228098697691
"p1099": 0.00031612163909069865
"p1100": 1.3171734962112444E-05
"p1101": 0
"p1102": 1.5053411385271363E-05
"p1103": 1.8816764231589207E-05
"p1104": 5.645029269476761E-05
"p1105": 0
"p1106": 0.00011101890896637629
"p1107": 7.5267056926356815E-06
"p1108": 0
"p1109": 0
"p1110": 1.6935087808430282E-05
"p1111": 0
"p1112": 0.0004083237838254857
"p1113": 6.209532196424438E-05
"p1114": 0.0030294990412858616
"p1115": 0.001874149717466285
"p1116": 4.892358700213193E-05
"p1117": 0
"p1118": 0.00012419064392848875
"p1119": 7.526705692635683E-05
"p1120": 0
"p1121": 0
"p1122": 0
"p1123": 0
"p1124": 0
"p1125": 0
"p1126": 0
"p1127": 0
"p1128": 0
"p1129": 0
"p1130": 0
"p1131": 0
"p1132": 0
"p1133": 0
"p1134": 0
"p1135": 0
"p1136": 0
"p1137": 0
"p1138": 0
"p1139": 0
"p1140": 0
"p1141": 0
"p1142": 0
"p1143": 0
"p1144": 0
"p1145": 0
"p1146": 5.645029269476761E-05
"p1147": 7.903040977267465E-05
"p1148": 0
"p1149": 0
