"p1087": 0.005842605293908449
"p1088": 1.3171734962112442E-05
"p1089": 0
"p1090": 0.00011101890896637629
"p1091": 0
"p1092": 3.198849919370165E-05
"p1093": 0
"p1094": 6.962202765688005E-05
"p1095": 0
"p1096": 0.00023709122931802392
"p1097": 1.1290058538953523E-05
"p1098": 0.0016709286637651213
"p1099": 0.001179811117320643
"p1100": 0.00014677076100639576
"p1101": 4.516023415581409E-05
"p1102": 0.0004346672537497106
"p1103": 0.0005400411334466102
"p1104": 3.7633528463178407E-06
"p1105": 0
"p1106": 5.268693984844976E-05
"p1107": 1.1290058538953523E-05
"p1108": 2.4461793501065963E-05
"p1109": 0
"p1110": 4.139688130949624E-05
"p1111": 7.5267056926356815E-06
"p1112": 2.0698440654748124E-05
"p1113": 0
"p1114": 0.0003594001968233538
"p1115": 2.2580117077907045E-05
"p1116": 2.4461793501065966E-05
"p1117": 5.645029269476761E-06
"p1118": 0.0002088660829706402
"p1119": 2.0698440654748124E-05
"p1120": 0
"p1121": 0
"p1122": 3.7633528463178407E-06
"p1123": 0
"p1124": 1.8816764231589204E-06
"p1125": 0
"p1126": 3.7633528463178407E-06
"p1127": 0
"p1128": 2.82251463473838E-05
"p1129": 0
"p1130": 0.00018064093662325636
"p1131": 9.972885042742278E-05
"p1132": 4.704191057897301E-05
"p1133": 1.1290058538953523E-05
"p1134": 0.0001279539967748066
"p1135": 0.00013359902604428335
"p1136": 0
"p1137": 0
"p1138": 7.5267056926356815E-06
"p1139": 0
"p1140": 3.7633528463178407E-06
"p1141": 0
"p1142": 7.5267056926356815E-06
"p1143": 0
"p1144": 1.5053411385271363E-05
"p1145": 0
"p1146": 0.0002521446407032953
"p1147": 0.00018064093662325636
"p1148": 0
"p1149": 0
