"p1087": 0.004418176241577145
"p1088": 0.0003669269025159894
"p1089": 0
"p1090": 0.0003744536082086252
"p1091": 9.596549758110491E-05
"p1092": 0.0006322432781813971
"p1093": 7.338538050319788E-05
"p1094": 0.0007112736879540721
"p1095": 0.000329293374052811
"p1096": 0.0014940510799881825
"p1097": 5.645029269476761E-06
"p1098": 0.003673032378006212
"p1099": 0.0012663682327859532
"p1100": 0.00259671346395931
"p1101": 5.645029269476761E-05
"p1102": 0.006696886390022598
"p1103": 0.0019475350979694826
"p1104": 5.645029269476761E-05
"p1105": 0
"p1106": 7.33853805031979E-05
"p1107": 0
"p1108": 0.00017875926020009743
"p1109": 1.1290058538953523E-05
"p1110": 0.00021262943581695803
"p1111": 2.8225146347383805E-05
"p1112": 0.00012419064392848875
"p1113": 0
"p1114": 0.0005118159870992264
"p1115": 2.2580117077907045E-05
"p1116": 0.00035563684397703593
"p1117": 1.1290058538953523E-05
"p1118": 0.0015410929905671556
"p1119": 0.0001298356731979655
"p1120": 0.0011628760295122127
"p1121": 0
"p1122": 0.000686811894453006
"p1123": 0.0006736401594908937
"p1124": 0.0018854397760052382
"p1125": 0.0005024076049834317
"p1126": 0.0015937799304156057
"p1127": 0.0021131226232074672
"p1128": 0.010428250737146738
"p1129": 0.0004911175464444782
"p1130": 0.010362392062336178
"p1131": 0.015478670256905287
"p1132": 1
"p1133": 0.0021789812980180295
"p1134": 0.01729825135809996
"p1135": 0.02326881064878322
"p1136": 0.0009954068278510688
"p1137": 0
"p1138": 0.0004835908407518425
"p1139": 0.00021827446508643474
"p1140": 0.002250485002098069
"p1141": 4.139688130949625E-05
"p1142": 0.001977641920740025
"p1143": 0.0006755218359140524
"p1144": 0.004367370978151854
"p1145": 5.645029269476761E-06
"p1146": 0.0069659661185343235
"p1147": 0.004877305288827923
"p1148": 0.007327247991780837
"p1149": 3.0106822770542726E-05
