"p1087": 0.00569959788574837
"p1088": 9.408382115794602E-06
"p1089": 0
"p1090": 0.00013736237889060116
"p1091": 1.1290058538953523E-05
"p1092": 5.268693984844977E-05
"p1093": 0
"p1094": 0.00010161052685058167
"p1095": 7.5267056926356815E-06
"p1096": 6.209532196424436E-05
"p1097": 0
"p1098": 0.0007677239806488395
"p1099": 0.00028789649274331473
"p1100": 6.209532196424438E-05
"p1101": 2.8225146347383805E-05
"p1102": 0.00041020546024864466
"p1103": 0.00017875926020009738
"p1104": 0
"p1105": 0
"p1106": 0
"p1107": 0
"p1108": 0
"p1109": 0
"p1110": 0
"p1111": 0
"p1112": 0
"p1113": 0
"p1114": 0
"p1115": 0
"p1116": 0
"p1117": 0
"p1118": 0
"p1119": 0
"p1120": 1.3171734962112442E-05
"p1121": 0
"p1122": 0.00011478226181269412
"p1123": 0
"p1124": 3.387017561686057E-05
"p1125": 0
"p1126": 7.33853805031979E-05
"p1127": 0
"p1128": 0.0002653163756654077
"p1129": 1.1290058538953523E-05
"p1130": 0.0018515696003883776
"p1131": 0.0012795399677480658
"p1132": 0.0001938126715853688
"p1133": 5.6450292694767617E-05
"p1134": 0.0005626212505245172
"p1135": 0.0006736401594908936
"p1136": 0
"p1137": 0
"p1138": 7.5267056926356815E-06
"p1139": 0
"p1140": 3.7633528463178407E-06
"p1141": 0
"p1142": 7.5267056926356815E-06
"p1143": 0
"p1144": 1.5053411385271363E-05
"p1145": 0
"p1146": 0.0001956943480085277
"p1147": 0.0001016105268505817
"p1148": 0
"p1149": 0
