"p1087": 0.0006567050716824632
"p1088": 0.002568488317611926
"p1089": 0.003744536082086252
"p1090": 0.002041618919127429
"p1091": 0.0027848811062752025
"p1092": 0.0033851358852628986
"p1093": 1
"p1094": 0.0037577078170483646
"p1095": 0.0038160397861662903
"p1096": 0.0019211916280452573
"p1097": 0.0038141581097431336
"p1098": 0.0010593838262384723
"p1099": 0.001198627881552232
"p1100": 0.0019136649223526216
"p1101": 0.002818751281892063
"p1102": 0.0009765900636194795
"p1103": 0.001091372325432174
"p1104": 0.0005419228098697691
"p1105": 0.00028225146347383805
"p1106": 0.0003706902553623073
"p1107": 7.903040977267466E-05
"p1108": 0.0008373460083057197
"p1109": 0.00039327037244021434
"p1110": 0.00073197212860882
"p1111": 0.00011854561465901199
"p1112": 0.0001580608195453493
"p1113": 8.655711546531033E-05
"p1114": 6.962202765688005E-05
"p1115": 0
"p1116": 0.0005645029269476761
"p1117": 0.0004327855773265517
"p1118": 0.00015241579027587256
"p1119": 3.951520488633733E-05
"p1120": 0.002022802154895839
"p1121": 0.00474182458636048
"p1122": 0.0012193263222069805
"p1123": 0.005148266693762806
"p1124": 0.005391002952350308
"p1125": 0.009114840593781816
"p1126": 0.003979745634981117
"p1127": 0.012518793243276299
"p1128": 0.0007903040977267465
"p1129": 0.0023897290574118294
"p1130": 0.0002634346992422488
"p1131": 0.0011083074132406038
"p1132": 0.0014074939645228723
"p1133": 0.0026569271095003956
"p1134": 0.0004760641350592068
"p1135": 0.0019324816865842111
"p1136": 0.0038649633731684223
"p1137": 0.00472488949855205
"p1138": 0.0029053083973573724
"p1139": 0.001998340361394774
"p1140": 0.007268916022662909
"p1141": 0.006965966118534325
"p1142": 0.007381816608052446
"p1143": 0.0036786774072756893
"p1144": 0.0017781842198851799
"p1145": 0.002956113660782664
"p1146": 0.000737617157878297
"p1147": 0.00048735419359816035
"p1148": 0.003827329844705244
"p1149": 0.005295037454769202
