"p1087": 0.00871592519207212
"p1088": 0
"p1089": 0
"p1090": 0
"p1091": 0
"p1092": 0
"p1093": 0
"p1094": 0
"p1095": 0
"p1096": 0
"p1097": 0
"p1098": 0
"p1099": 0
"p1100": 0
"p1101": 0
"p1102": 0
"p1103": 0
"p1104": 8.091208619583358E-05
"p1105": 0
"p1106": 5.268693984844977E-05
"p1107": 9.408382115794602E-06
"p1108": 5.456861627160869E-05
"p1109": 1.3171734962112442E-05
"p1110": 4.139688130949625E-05
"p1111": 3.7633528463178407E-05
"p1112": 0.00025402631712645424
"p1113": 0
"p1114": 0.0004704191057897301
"p1115": 0.00031988499193701646
"p1116": 0.00017311423093062066
"p1117": 1.1290058538953521E-05
"p1118": 0.00020133937727800444
"p1119": 0.00022015614150959362
"p1120": 5.645029269476761E-06
"p1121": 0
"p1122": 5.645029269476761E-06
"p1123": 0
"p1124": 5.645029269476761E-06
"p1125": 0
"p1126": 5.645029269476761E-06
"p1127": 5.645029269476761E-06
"p1128": 0.0002145111122401169
"p1129": 0
"p1130": 0.00016182417239166716
"p1131": 0.00023144620004854723
"p1132": 8.27937626189925E-05
"p1133": 1.8816764231589203E-05
"p1134": 5.833196911792653E-05
"p1135": 0.00014300740816007796
"p1136": 6.585867481056221E-05
"p1137": 0
"p1138": 4.139688130949625E-05
"p1139": 5.645029269476761E-06
"p1140": 3.7633528463178407E-05
"p1141": 1.1290058538953523E-05
"p1142": 2.4461793501065963E-05
"p1143": 1.6935087808430282E-05
"p1144": 0.000918258094501553
"p1145": 1.8816764231589203E-05
"p1146": 0.0007526705692635679
"p1147": 0.0012908300262870194
"p1148": 0.0002577896699727721
"p1149": 6.774035123372113E-05
