"p1087": 0.004516023415581409
"p1088": 0
"p1089": 0
"p1090": 0
"p1091": 0
"p1092": 0
"p1093": 0
"p1094": 0
"p1095": 0
"p1096": 0
"p1097": 0
"p1098": 0
"p1099": 0
"p1100": 0
"p1101": 0
"p1102": 0
"p1103": 0
"p1104": 4.327855773265517E-05
"p1105": 9.972885042742278E-05
"p1106": 0
"p1107": 0
"p1108": 3.9515204886337324E-05
"p1109": 7.338538050319788E-05
"p1110": 0
"p1111": 3.3870175616860565E-05
"p1112": 0.00045724737082761767
"p1113": 0.0002653163756654078
"p1114": 0.00018628596589273313
"p1115": 0.00013548070246744223
"p1116": 0.00022956452362538825
"p1117": 0.0001392440553137601
"p1118": 7.338538050319791E-05
"p1119": 0.00016370584881482604
"p1120": 5.645029269476761E-06
"p1121": 5.645029269476761E-06
"p1122": 0
"p1123": 0
"p1124": 5.645029269476761E-06
"p1125": 5.645029269476761E-06
"p1126": 0
"p1127": 5.645029269476761E-06
"p1128": 0.00013924405531376012
"p1129": 0.00033117505047596993
"p1130": 2.4461793501065963E-05
"p1131": 0.00011290058538953522
"p1132": 6.39769983874033E-05
"p1133": 0.00012607232035164768
"p1134": 1.1290058538953523E-05
"p1135": 0.00010161052685058171
"p1136": 2.2580117077907045E-05
"p1137": 8.467543904215141E-05
"p1138": 0
"p1139": 5.645029269476761E-06
"p1140": 1.6935087808430282E-05
"p1141": 5.645029269476761E-05
"p1142": 0
"p1143": 1.6935087808430282E-05
"p1144": 0.0007131553643772309
"p1145": 0.0014357191108702561
"p1146": 0.0001486524374295547
"p1147": 0.0006830485416066881
"p1148": 0.00022956452362538827
"p1149": 0.0003895070195938966
