"p1087": 0.0010029335335437046
"p1088": 0.0001693508780843028
"p1089": 0.0006096631611034902
"p1090": 3.7633528463178407E-05
"p1091": 0.00016935087808430283
"p1092": 0.0006811668651835292
"p1093": 0.0012117996165143447
"p1094": 0.00013736237889060122
"p1095": 0.0006717584830677346
"p1096": 0.002427362585875007
"p1097": 0.005411701393005056
"p1098": 0.001635176811725102
"p1099": 0.004135924778103307
"p1100": 0.0037313643471241402
"p1101": 0.005675136092247308
"p1102": 0.003099121068942742
"p1103": 0.006087223228919109
"p1104": 0.0005701479562171528
"p1105": 0.001112070766086922
"p1106": 0.00017875926020009743
"p1107": 0.00025026296428013644
"p1108": 0.0011798111173206432
"p1109": 0.0015937799304156053
"p1110": 0.00031612163909069865
"p1111": 0.0007150370408003899
"p1112": 0.005556590477588292
"p1113": 0.008730978603457394
"p1114": 0.003738891052816776
"p1115": 0.004467099828579277
"p1116": 0.0066404360973278285
"p1117": 1
"p1118": 0.005850131999601086
"p1119": 0.00439371444807608
"p1120": 1.8816764231589203E-05
"p1121": 0.00017875926020009743
"p1122": 1.8816764231589204E-06
"p1123": 6.0213645541085445E-05
"p1124": 0.00023520955289486504
"p1125": 0.00059272807329506
"p1126": 4.139688130949625E-05
"p1127": 0.0005833196911792653
"p1128": 0.001065028855507949
"p1129": 0.0028526214575089245
"p1130": 0.0004986442521371139
"p1131": 0.0023934924102581474
"p1132": 0.0030690142461722
"p1133": 0.005349606071040813
"p1134": 0.001727378956459889
"p1135": 0.006320551105390815
"p1136": 0.0003838619903244198
"p1137": 0.0007018653058382773
"p1138": 0.0001016105268505817
"p1139": 6.585867481056221E-05
"p1140": 0.0014112573173691901
"p1141": 0.0017612491320767492
"p1142": 0.0003424651090149235
"p1143": 0.00045348401798129986
"p1144": 0.003546960057654565
"p1145": 0.0032007315957933236
"p1146": 0.00266633549161619
"p1147": 0.0011101890896637629
"p1148": 0.007383698284475604
"p1149": 0.0058237885296768595
