"p1087": 0.0007921857741499057
"p1088": 0.0004214955187875982
"p1089": 0.0007620789513793628
"p1090": 9.596549758110495E-05
"p1091": 0.0005306327513308156
"p1092": 0.00020698440654748124
"p1093": 0.000353755167553877
"p1094": 4.704191057897301E-05
"p1095": 0.00038950701959389653
"p1096": 0.000308594933398063
"p1097": 0.0006924569237224827
"p1098": 5.268693984844977E-05
"p1099": 0.00015241579027587256
"p1100": 4.516023415581409E-05
"p1101": 7.526705692635681E-05
"p1102": 0
"p1103": 2.2580117077907045E-05
"p1104": 0.00012042729108217092
"p1105": 7.526705692635681E-05
"p1106": 6.209532196424438E-05
"p1107": 3.3870175616860565E-05
"p1108": 7.526705692635681E-05
"p1109": 3.9515204886337324E-05
"p1110": 3.951520488633733E-05
"p1111": 4.327855773265517E-05
"p1112": 6.209532196424438E-05
"p1113": 3.951520488633733E-05
"p1114": 1.6935087808430282E-05
"p1115": 0
"p1116": 3.3870175616860565E-05
"p1117": 4.327855773265517E-05
"p1118": 0
"p1119": 1.6935087808430282E-05
"p1120": 5.080526342529084E-05
"p1121": 0.00012230896750532982
"p1122": 1.1290058538953523E-05
"p1123": 5.8331969117926534E-05
"p1124": 5.8331969117926534E-05
"p1125": 0.00012042729108217089
"p1126": 1.1290058538953523E-05
"p1127": 0.00010161052685058171
"p1128": 1.5053411385271363E-05
"p1129": 3.76335284631784E-05
"p1130": 1.8816764231589204E-06
"p1131": 1.8816764231589204E-06
"p1132": 3.7633528463178407E-06
"p1133": 3.7633528463178407E-06
"p1134": 0
"p1135": 1.8816764231589204E-06
"p1136": 8.655711546531033E-05
"p1137": 0.00011666393823585305
"p1138": 3.0106822770542726E-05
"p1139": 7.150370408003898E-05
"p1140": 0
"p1141": 0
"p1142": 0
"p1143": 0
"p1144": 4.8923587002131926E-05
"p1145": 8.279376261899248E-05
"p1146": 1.5053411385271363E-05
"p1147": 3.7633528463178407E-06
"p1148": 7.5267056926356815E-06
"p1149": 7.5267056926356815E-06
