"p1087": 0.001627650106032466
"p1088": 0.0011421775888574646
"p1089": 7.150370408003898E-05
"p1090": 0.006877527326645854
"p1091": 0.004167913277297009
"p1092": 0.0016445851938408963
"p1093": 0.00027096140493488457
"p1094": 1
"p1095": 0.005033484431950114
"p1096": 0.00031612163909069865
"p1097": 0
"p1098": 0.005804971765445271
"p1099": 0.00249133958426241
"p1100": 0.0007545522456867272
"p1101": 0
"p1102": 0.005650674298746238
"p1103": 0.0009822350928889564
"p1104": 3.9515204886337324E-05
"p1105": 0
"p1106": 0.0013341085840196743
"p1107": 3.3870175616860565E-05
"p1108": 8.467543904215141E-05
"p1109": 1.6935087808430282E-05
"p1110": 0.0023483321761023327
"p1111": 5.080526342529084E-05
"p1112": 0
"p1113": 0
"p1114": 0.00033117505047597004
"p1115": 0
"p1116": 3.3870175616860565E-05
"p1117": 0
"p1118": 0.001228734704322775
"p1119": 0
"p1120": 0.002154519504516964
"p1121": 0.0002991865512822683
"p1122": 0.006083459876072793
"p1123": 0.005567880536127246
"p1124": 0.005131331605954376
"p1125": 0.0013755054653291706
"p1126": 0.014456919959129991
"p1127": 0.013628982332940062
"p1128": 0.0003725719317854662
"p1129": 0
"p1130": 0.0029241251615889628
"p1131": 0.0015787265190303343
"p1132": 0.0013510436718281048
"p1133": 0
"p1134": 0.004122753043141195
"p1135": 0.0015937799304156055
"p1136": 0.0007112736879540719
"p1137": 2.8225146347383808E-05
"p1138": 0.01021373962490662
"p1139": 0.0038423832560905155
"p1140": 0.001674692016611439
"p1141": 0.0001298356731979655
"p1142": 0.021330683932929525
"p1143": 0.006614092627403608
"p1144": 0.0001373623788906012
"p1145": 0
"p1146": 0.004873541935981605
"p1147": 0.001439482463716574
"p1148": 0.0005268693984844978
"p1149": 0
