"p1087": 0.00915059244582183
"p1088": 5.456861627160869E-05
"p1089": 0.00019569434800852773
"p1090": 0.0005475678391392458
"p1091": 0.000965300005080526
"p1092": 0.0002408545821643418
"p1093": 0.0008147658912278125
"p1094": 0.001108307413240604
"p1095": 0.0011459409417037825
"p1096": 0.0007451438635709323
"p1097": 0.0014771159921797526
"p1098": 0.006587749157479382
"p1099": 0.0096605267564979
"p1100": 0.0014601809043713221
"p1101": 0.0017349056621525241
"p1102": 0.00823233435132028
"p1103": 1
"p1104": 1.8816764231589204E-06
"p1105": 3.7633528463178407E-06
"p1106": 0.00013359902604428333
"p1107": 0.00010725555612005845
"p1108": 2.0698440654748124E-05
"p1109": 6.39769983874033E-05
"p1110": 0.0002690797285117256
"p1111": 0.00021639278866327586
"p1112": 4.8923587002131926E-05
"p1113": 3.7633528463178407E-05
"p1114": 0.001089490649009015
"p1115": 0.00036692690251598946
"p1116": 0.00012042729108217089
"p1117": 6.962202765688005E-05
"p1118": 0.001973878567893707
"p1119": 0.000707510335107754
"p1120": 3.3870175616860565E-05
"p1121": 0.0002521446407032953
"p1122": 0.00011854561465901199
"p1123": 0.00039515204886337327
"p1124": 0.0002051027301243223
"p1125": 0.001473352639333435
"p1126": 0.0006058998082571724
"p1127": 0.001081963943316379
"p1128": 0.000989761798581592
"p1129": 0.0027491292542351827
"p1130": 0.0034152427080334415
"p1131": 0.010448949177801488
"p1132": 0.003080304304711153
"p1133": 0.00627727254765816
"p1134": 0.00857668113675836
"p1135": 0.01831059327375946
"p1136": 9.408382115794602E-06
"p1137": 9.220214473478709E-05
"p1138": 0.0006679951302214168
"p1139": 0.0013021200848259728
"p1140": 0.0002747247577812024
"p1141": 0.0008317009790362427
"p1142": 0.0022297865614433203
"p1143": 0.002645637050961442
"p1144": 0.0006679951302214168
"p1145": 0.0008222925969204483
"p1146": 0.008025349944772796
"p1147": 0.008798718954691115
"p1148": 0.0020039853906642503
"p1149": 0.001529802932028202
