"p1087": 0.0011195974717795576
"p1088": 0.0008825062424615336
"p1089": 0.00018816764231589203
"p1090": 0.0006567050716824632
"p1091": 0.0008523994196909908
"p1092": 0.00012607232035164766
"p1093": 0
"p1094": 2.4461793501065963E-05
"p1095": 0
"p1096": 0.006066524788264359
"p1097": 0.0008843879188846927
"p1098": 0.0074984805462882985
"p1099": 0.011094364190944998
"p1100": 0.0032778803291428397
"p1101": 0.0001016105268505817
"p1102": 0.0034152427080334407
"p1103": 0.00373136434712414
"p1104": 0.0012720132620554303
"p1105": 9.784717400426385E-05
"p1106": 0.0013623337303670581
"p1107": 0.0010349220327374063
"p1108": 0.0002427362585875007
"p1109": 0
"p1110": 7.150370408003898E-05
"p1111": 0
"p1112": 1
"p1113": 0.00047418245863604794
"p1114": 0.015964142774080287
"p1115": 0.01496120924053658
"p1116": 0.005528365331240908
"p1117": 0
"p1118": 0.008320773143208747
"p1119": 0.004933755581522691
"p1120": 0.0004346672537497106
"p1121": 0.00010725555612005845
"p1122": 0.0003236483447833343
"p1123": 0.00059272807329506
"p1124": 3.010682277054273E-05
"p1125": 0
"p1126": 5.645029269476761E-06
"p1127": 0
"p1128": 0.004860370201019492
"p1129": 0.0007300904521856612
"p1130": 0.0044351113293855755
"p1131": 0.008655711546531037
"p1132": 0.002197798062249619
"p1133": 7.526705692635681E-05
"p1134": 0.0012945933791333373
"p1135": 0.0024254809094518487
"p1136": 0.0014695892864871165
"p1137": 8.091208619583358E-05
"p1138": 0.0017085621922282995
"p1139": 0.0005626212505245172
"p1140": 0.00022768284720222937
"p1141": 0
"p1142": 5.080526342529084E-05
"p1143": 0
"p1144": 0.004907412111598465
"p1145": 7.903040977267465E-05
"p1146": 0.014929220741342876
"p1147": 0.004828381701825791
"p1148": 0.004371134330998173
"p1149": 7.5267056926356815E-06
