"p1087": 0.0016577569288030087
"p1088": 0
"p1089": 0
"p1090": 0
"p1091": 0
"p1092": 0
"p1093": 0
"p1094": 0
"p1095": 0
"p1096": 0
"p1097": 0
"p1098": 0
"p1099": 0
"p1100": 0
"p1101": 0
"p1102": 0
"p1103": 0
"p1104": 6.585867481056221E-05
"p1105": 0
"p1106": 0.0005607395741013582
"p1107": 0.00022580117077907038
"p1108": 6.962202765688006E-05
"p1109": 2.8225146347383805E-05
"p1110": 0.00033117505047597
"p1111": 0.00017875926020009738
"p1112": 0
"p1113": 0
"p1114": 0.00027096140493488457
"p1115": 5.6450292694767596E-05
"p1116": 3.3870175616860565E-05
"p1117": 0
"p1118": 0.0001486524374295547
"p1119": 0
"p1120": 4.3278557732655166E-05
"p1121": 0
"p1122": 0.00025778966997277205
"p1123": 0.00016182417239166716
"p1124": 4.704191057897301E-05
"p1125": 1.1290058538953523E-05
"p1126": 0.00012419064392848875
"p1127": 0.00013359902604428335
"p1128": 0
"p1129": 0
"p1130": 0.0001298356731979655
"p1131": 3.9515204886337324E-05
"p1132": 5.645029269476761E-06
"p1133": 0
"p1134": 2.2580117077907045E-05
"p1135": 0
"p1136": 0.00019757602443168658
"p1137": 1.1290058538953523E-05
"p1138": 0.0009013230066931227
"p1139": 0.0008091208619583358
"p1140": 0.00015429746669903146
"p1141": 4.516023415581409E-05
"p1142": 0.0003725719317854663
"p1143": 0.0005400411334466102
"p1144": 4.3278557732655166E-05
"p1145": 0
"p1146": 0.0008053575091120179
"p1147": 0.0003706902553623074
"p1148": 2.2580117077907045E-05
"p1149": 0
