"p1087": 0.0044351113293855755
"p1088": 0.00018440428946957422
"p1089": 0
"p1090": 0.0014037306116765544
"p1091": 0.0002709614049348845
"p1092": 0.0007696056570719984
"p1093": 0
"p1094": 0.0021074775939379903
"p1095": 0.000494880899290796
"p1096": 0.001439482463716574
"p1097": 7.150370408003898E-05
"p1098": 0.011833863025246454
"p1099": 0.006484256954205641
"p1100": 0.001610715018224036
"p1101": 0.00027096140493488457
"p1102": 1
"p1103": 0.005840723617485291
"p1104": 3.7633528463178407E-06
"p1105": 0
"p1106": 0.0002220378179327526
"p1107": 3.198849919370164E-05
"p1108": 6.39769983874033E-05
"p1109": 0
"p1110": 0.00046477407652025345
"p1111": 5.268693984844976E-05
"p1112": 3.7633528463178407E-05
"p1113": 0
"p1114": 0.00158625322472297
"p1115": 4.8923587002131926E-05
"p1116": 6.962202765688005E-05
"p1117": 1.6935087808430282E-05
"p1118": 0.0030614875404795638
"p1119": 9.032046831162818E-05
"p1120": 0.00022956452362538827
"p1121": 0
"p1122": 0.0005212243692150209
"p1123": 0.00010537387969689954
"p1124": 0.0013228185254807211
"p1125": 0
"p1126": 0.0018214627776178347
"p1127": 0.00031612163909069865
"p1128": 0.0024668777907613446
"p1129": 0.0002991865512822683
"p1130": 0.008621841370914176
"p1131": 0.006973492824226959
"p1132": 0.005155793399455442
"p1133": 0.0013755054653291706
"p1134": 0.01707433186374405
"p1135": 0.014808793450260708
"p1136": 7.33853805031979E-05
"p1137": 0
"p1138": 0.0018816764231589203
"p1139": 0.00019757602443168663
"p1140": 0.0007752506863414751
"p1141": 0
"p1142": 0.004766286379861545
"p1143": 0.000521224369215021
"p1144": 0.0008222925969204483
"p1145": 2.8225146347383808E-05
"p1146": 0.013973329118378144
"p1147": 0.005099343106760676
"p1148": 0.001529802932028202
"p1149": 0.0001298356731979655
