"p1087": 0.007729926746336846
"p1088": 0.0012569598506701589
"p1089": 0.0015166311970660896
"p1090": 0.005289392425499727
"p1091": 1
"p1092": 0
"p1093": 0.0001279539967748066
"p1094": 7.714873334951574E-05
"p1095": 0.0002182744650864348
"p1096": 0.0007790140391877928
"p1097": 0.0013999672588302365
"p1098": 0.006504955394860388
"p1099": 0.009839286016698002
"p1100": 0.000543804486292928
"p1101": 0.0010988990311248097
"p1102": 0.005968677614260095
"p1103": 0.006109803345997019
"p1104": 0.00010161052685058169
"p1105": 6.39769983874033E-05
"p1106": 0.0010123419156594991
"p1107": 0.000329293374052811
"p1108": 0
"p1109": 1.5053411385271363E-05
"p1110": 1.88167642315892E-05
"p1111": 7.150370408003895E-05
"p1112": 5.833196911792653E-05
"p1113": 4.139688130949624E-05
"p1114": 0.0009972885042742277
"p1115": 0.00030294990412858624
"p1116": 1.5053411385271363E-05
"p1117": 3.7633528463178407E-05
"p1118": 0.0013303452311733569
"p1119": 0.0005870830440255831
"p1120": 0.002775472724159408
"p1121": 0.005588578976781994
"p1122": 0.0057616932077126145
"p1123": 0.013642154067902177
"p1124": 0
"p1125": 0.0001674692016611439
"p1126": 5.2686939848449775E-05
"p1127": 0.00016370584881482606
"p1128": 0.0006679951302214168
"p1129": 0.0018176994247715175
"p1130": 0.003392662590955534
"p1131": 0.008516467491217275
"p1132": 0.0010537387969689954
"p1133": 0.0029674037193216174
"p1134": 0.004248825363492843
"p1135": 0.009336878411714565
"p1136": 0.0015147495206429306
"p1137": 0.0011497042945501
"p1138": 0.010185514478559237
"p1139": 0.007376171578782969
"p1140": 0
"p1141": 0.0002201561415095937
"p1142": 0.00014300740816007796
"p1143": 0.000543804486292928
"p1144": 0.000754552245686727
"p1145": 0.0006981019529919595
"p1146": 0.00725198093485448
"p1147": 0.007814602185378999
"p1148": 0.0006868118944530059
"p1149": 0.0009822350928889564
