"p1087": 0.0022053247679422543
"p1088": 5.645029269476761E-06
"p1089": 5.645029269476761E-06
"p1090": 0
"p1091": 0
"p1092": 5.645029269476761E-06
"p1093": 5.645029269476761E-06
"p1094": 0
"p1095": 5.645029269476761E-06
"p1096": 0.00013924405531376012
"p1097": 0.00033117505047596993
"p1098": 2.4461793501065963E-05
"p1099": 0.00011290058538953522
"p1100": 6.39769983874033E-05
"p1101": 0.00012607232035164768
"p1102": 1.1290058538953523E-05
"p1103": 0.00010161052685058171
"p1104": 4.8923587002131926E-05
"p1105": 0.00012042729108217089
"p1106": 0
"p1107": 5.645029269476761E-06
"p1108": 3.9515204886337324E-05
"p1109": 8.467543904215141E-05
"p1110": 0
"p1111": 3.3870175616860565E-05
"p1112": 0.0008843879188846926
"p1113": 0.001529802932028202
"p1114": 0.00022768284720222937
"p1115": 0.0007169187172235488
"p1116": 0.0003217666683601754
"p1117": 0.00044972066513498195
"p1118": 8.655711546531033E-05
"p1119": 0.0004327855773265517
"p1120": 0
"p1121": 0
"p1122": 0
"p1123": 0
"p1124": 0
"p1125": 0
"p1126": 0
"p1127": 0
"p1128": 0
"p1129": 0
"p1130": 0
"p1131": 0
"p1132": 0
"p1133": 0
"p1134": 0
"p1135": 0
"p1136": 0
"p1137": 0
"p1138": 0
"p1139": 0
"p1140": 0
"p1141": 0
"p1142": 0
"p1143": 0
"p1144": 5.645029269476761E-05
"p1145": 2.2580117077907045E-05
"p1146": 3.387017561686057E-05
"p1147": 2.2580117077907045E-05
"p1148": 0
"p1149": 0
