"p1087": 0.0010913723254321738
"p1088": 6.585867481056221E-05
"p1089": 0
"p1090": 0.0005607395741013582
"p1091": 0.00022580117077907038
"p1092": 6.962202765688006E-05
"p1093": 2.8225146347383805E-05
"p1094": 0.00033117505047597
"p1095": 0.00017875926020009738
"p1096": 0
"p1097": 0
"p1098": 0.00027096140493488457
"p1099": 5.6450292694767596E-05
"p1100": 3.3870175616860565E-05
"p1101": 0
"p1102": 0.0001486524374295547
"p1103": 0
"p1104": 0
"p1105": 0
"p1106": 0
"p1107": 0
"p1108": 0
"p1109": 0
"p1110": 0
"p1111": 0
"p1112": 0
"p1113": 0
"p1114": 0
"p1115": 0
"p1116": 0
"p1117": 0
"p1118": 0
"p1119": 0
"p1120": 0.00022580117077907038
"p1121": 1.1290058538953523E-05
"p1122": 0.0010424487384300418
"p1123": 0.0008956779774236462
"p1124": 0.00020133937727800447
"p1125": 5.6450292694767617E-05
"p1126": 0.0004967625757139551
"p1127": 0.0006736401594908936
"p1128": 4.3278557732655166E-05
"p1129": 0
"p1130": 0.0008486360668446731
"p1131": 0.0003838619903244198
"p1132": 2.4461793501065963E-05
"p1133": 0
"p1134": 0.00012795399677480656
"p1135": 0
"p1136": 1.5053411385271363E-05
"p1137": 0
"p1138": 0.00011666393823585308
"p1139": 7.526705692635681E-05
"p1140": 0
"p1141": 0
"p1142": 0
"p1143": 0
"p1144": 0
"p1145": 0
"p1146": 8.655711546531033E-05
"p1147": 2.6343469924224887E-05
"p1148": 3.7633528463178407E-06
"p1149": 0
