"p1087": 0.001322818525480721
"p1088": 0.00278864445912152
"p1089": 0.0007620789513793628
"p1090": 0.004525431797697203
"p1091": 0.006806023622565816
"p1092": 0.00020698440654748124
"p1093": 7.526705692635681E-05
"p1094": 5.833196911792653E-05
"p1095": 0
"p1096": 0.003388899238109216
"p1097": 0.00012230896750532982
"p1098": 0.0029937471892458427
"p1099": 0.004316565714726563
"p1100": 0.0038160397861662903
"p1101": 0.00011666393823585305
"p1102": 0.003962810547172686
"p1103": 0.004453928093617164
"p1104": 1
"p1105": 0.000353755167553877
"p1106": 0.00674957332987105
"p1107": 0.005908463968719012
"p1108": 0.000353755167553877
"p1109": 3.9515204886337324E-05
"p1110": 0.00012042729108217089
"p1111": 0
"p1112": 0.006749573329871048
"p1113": 0.00012042729108217089
"p1114": 0.009312416618213498
"p1115": 0.009163764180783943
"p1116": 0.0059084639687190105
"p1117": 0
"p1118": 0.009163764180783945
"p1119": 0.005372186188118719
"p1120": 0.00298057545428373
"p1121": 0.0006924569237224828
"p1122": 0.0032778803291428397
"p1123": 0.006678069625791008
"p1124": 4.704191057897301E-05
"p1125": 3.951520488633733E-05
"p1126": 1.1290058538953523E-05
"p1127": 0
"p1128": 0.0019456534215463238
"p1129": 3.7633528463178407E-05
"p1130": 0.00118545614659012
"p1131": 0.001996458684971615
"p1132": 0.0026211752574603763
"p1133": 8.279376261899248E-05
"p1134": 0.0015749631661840164
"p1135": 0.003053960834786928
"p1136": 0.002830041340431016
"p1137": 7.526705692635681E-05
"p1138": 0.009543862818262045
"p1139": 0.0028864916331257837
"p1140": 0.0003895070195938965
"p1141": 4.327855773265517E-05
"p1142": 0.00010161052685058171
"p1143": 0
"p1144": 0.0022561300313675456
"p1145": 3.7633528463178407E-06
"p1146": 0.0056525559751693984
"p1147": 0.001956943480085277
"p1148": 0.00507299963683645
"p1149": 7.5267056926356815E-06
