"p1087": 0.0013529253482512638
"p1088": 0.00018816764231589203
"p1089": 0
"p1090": 0.0003292933740528111
"p1091": 0.00025778966997277205
"p1092": 0.00012795399677480656
"p1093": 1.5053411385271361E-05
"p1094": 0.0001674692016611439
"p1095": 0.00022015614150959362
"p1096": 0.00010725555612005844
"p1097": 0
"p1098": 0.0001637058488148261
"p1099": 5.6450292694767596E-05
"p1100": 8.091208619583358E-05
"p1101": 0
"p1102": 6.774035123372113E-05
"p1103": 3.3870175616860565E-05
"p1104": 0
"p1105": 0
"p1106": 0
"p1107": 0
"p1108": 0
"p1109": 0
"p1110": 0
"p1111": 0
"p1112": 0
"p1113": 0
"p1114": 0
"p1115": 0
"p1116": 0
"p1117": 0
"p1118": 0
"p1119": 0
"p1120": 0.0005814380147561064
"p1121": 1.8816764231589203E-05
"p1122": 0.0004610107236739354
"p1123": 0.000991643475004751
"p1124": 0.00029542319843595046
"p1125": 9.032046831162817E-05
"p1126": 0.00021639278866327584
"p1127": 0.000686811894453006
"p1128": 0.0004704191057897301
"p1129": 0
"p1130": 0.000378216961054943
"p1131": 0.00041396881309496247
"p1132": 7.903040977267466E-05
"p1133": 0
"p1134": 4.8923587002131926E-05
"p1135": 2.4461793501065963E-05
"p1136": 6.774035123372113E-05
"p1137": 0
"p1138": 4.8923587002131926E-05
"p1139": 9.032046831162818E-05
"p1140": 0
"p1141": 0
"p1142": 0
"p1143": 0
"p1144": 4.8923587002131926E-05
"p1145": 0
"p1146": 3.76335284631784E-05
"p1147": 2.6343469924224887E-05
"p1148": 7.5267056926356815E-06
"p1149": 0
