"p1087": 0.004420057918000305
"p1088": 0.0006153081903729669
"p1089": 0.0002201561415095937
"p1090": 0.004158504895181213
"p1091": 0.0014357191108702561
"p1092": 9.596549758110493E-05
"p1093": 0
"p1094": 9.408382115794602E-05
"p1095": 0
"p1096": 0.0001844042894695742
"p1097": 5.645029269476761E-06
"p1098": 0.0012607232035164767
"p1099": 0.00025214464070329526
"p1100": 0.00041773216594128044
"p1101": 1.1290058538953523E-05
"p1102": 0.0032214300364480715
"p1103": 0.0005701479562171529
"p1104": 0.0004214955187875981
"p1105": 0.00013548070246744229
"p1106": 0.006209532196424438
"p1107": 0.0011534676473964178
"p1108": 9.22021447347871E-05
"p1109": 0
"p1110": 0.0002577896699727721
"p1111": 0
"p1112": 0.0002653163756654078
"p1113": 3.7633528463178407E-06
"p1114": 0.005291274101922884
"p1115": 0.0010048152099668634
"p1116": 0.00024649961143381863
"p1117": 7.5267056926356815E-06
"p1118": 0.00864630316441524
"p1119": 0.0006416516602971917
"p1120": 0.004026787545560091
"p1121": 0.0011497042945501001
"p1122": 0.010721792259159533
"p1123": 0.011081192455982884
"p1124": 0.00024085458216434183
"p1125": 0
"p1126": 0.0002935415220127916
"p1127": 0
"p1128": 0.0019023748638136687
"p1129": 0.00011478226181269414
"p1130": 0.00912048562305129
"p1131": 0.00510875148887647
"p1132": 0.0026889156086940974
"p1133": 0.00011666393823585308
"p1134": 0.010132827538710792
"p1135": 0.005852013676024242
"p1136": 0.0016972721336893457
"p1137": 0.00033870175616860577
"p1138": 1
"p1139": 0.00720305734785235
"p1140": 0.00016182417239166716
"p1141": 0
"p1142": 0.000756433922109886
"p1143": 0
"p1144": 0.0014639442572176402
"p1145": 7.714873334951574E-05
"p1146": 0.02022049484326577
"p1147": 0.009513755995491504
"p1148": 0.0013472803189817871
"p1149": 1.1290058538953523E-05
