"p1087": 0.0014131389937923492
"p1088": 0
"p1089": 0
"p1090": 0
"p1091": 0
"p1092": 0
"p1093": 0
"p1094": 0
"p1095": 0
"p1096": 0
"p1097": 0
"p1098": 0
"p1099": 0
"p1100": 0
"p1101": 0
"p1102": 0
"p1103": 0
"p1104": 0.0003161216390906986
"p1105": 0.00018816764231589203
"p1106": 0.00013548070246744226
"p1107": 0.00013548070246744223
"p1108": 0.0001956943480085277
"p1109": 9.784717400426385E-05
"p1110": 7.338538050319791E-05
"p1111": 0.00016370584881482604
"p1112": 0.0001693508780843028
"p1113": 0.00010725555612005844
"p1114": 5.080526342529084E-05
"p1115": 0
"p1116": 6.774035123372113E-05
"p1117": 8.091208619583358E-05
"p1118": 0
"p1119": 3.3870175616860565E-05
"p1120": 9.972885042742278E-05
"p1121": 0.0002239194943559115
"p1122": 1.8816764231589203E-05
"p1123": 0.00010725555612005848
"p1124": 5.8331969117926534E-05
"p1125": 0.00012042729108217089
"p1126": 1.1290058538953523E-05
"p1127": 0.00010161052685058171
"p1128": 4.516023415581409E-05
"p1129": 0.00011290058538953519
"p1130": 5.645029269476761E-06
"p1131": 5.645029269476761E-06
"p1132": 1.1290058538953523E-05
"p1133": 1.1290058538953523E-05
"p1134": 0
"p1135": 5.645029269476761E-06
"p1136": 0.0004214955187875982
"p1137": 0.0007620789513793628
"p1138": 9.596549758110495E-05
"p1139": 0.0005306327513308156
"p1140": 0.00020698440654748124
"p1141": 0.000353755167553877
"p1142": 4.704191057897301E-05
"p1143": 0.00038950701959389653
"p1144": 0.000308594933398063
"p1145": 0.0006924569237224827
"p1146": 5.268693984844977E-05
"p1147": 0.00015241579027587256
"p1148": 4.516023415581409E-05
"p1149": 7.526705692635681E-05
