"p1087": 0.004162268248027532
"p1088": 0
"p1089": 0
"p1090": 0
"p1091": 0
"p1092": 0
"p1093": 0
"p1094": 0
"p1095": 0
"p1096": 0
"p1097": 0
"p1098": 0
"p1099": 0
"p1100": 0
"p1101": 0
"p1102": 0
"p1103": 0
"p1104": 5.456861627160869E-05
"p1105": 1.3171734962112442E-05
"p1106": 4.139688130949625E-05
"p1107": 3.7633528463178407E-05
"p1108": 1.1290058538953523E-05
"p1109": 0
"p1110": 0
"p1111": 0
"p1112": 0.000494880899290796
"p1113": 1.1290058538953521E-05
"p1114": 0.0007357354814551379
"p1115": 0.0005833196911792652
"p1116": 4.139688130949625E-05
"p1117": 0
"p1118": 3.3870175616860565E-05
"p1119": 0
"p1120": 5.645029269476761E-06
"p1121": 0
"p1122": 5.645029269476761E-06
"p1123": 5.645029269476761E-06
"p1124": 0
"p1125": 0
"p1126": 0
"p1127": 0
"p1128": 0.0003142399626675397
"p1129": 1.8816764231589203E-05
"p1130": 0.00023709122931802392
"p1131": 0.0003744536082086252
"p1132": 5.645029269476761E-06
"p1133": 0
"p1134": 5.645029269476761E-06
"p1135": 0
"p1136": 3.7633528463178407E-05
"p1137": 1.1290058538953523E-05
"p1138": 2.4461793501065963E-05
"p1139": 1.6935087808430282E-05
"p1140": 1.1290058538953523E-05
"p1141": 0
"p1142": 0
"p1143": 0
"p1144": 0.0013867955238681244
"p1145": 8.655711546531033E-05
"p1146": 0.001104544060394286
"p1147": 0.0020209204784726806
"p1148": 3.0106822770542726E-05
"p1149": 0
