"p1087": 0.002444297673683438
"p1088": 0.0009521282701184137
"p1089": 0.00011666393823585305
"p1090": 0.000972826710773162
"p1091": 0.000942719888002619
"p1092": 0.0001938126715853688
"p1093": 0
"p1094": 5.8331969117926534E-05
"p1095": 0
"p1096": 1
"p1097": 0.0004929992228676371
"p1098": 0.012579006888817384
"p1099": 0.012086007665949748
"p1100": 0.0037257193178546638
"p1101": 0
"p1102": 0.0056883078272094165
"p1103": 0.003176269802292258
"p1104": 0.0001768775837769385
"p1105": 1.1290058538953523E-05
"p1106": 0.00023709122931802392
"p1107": 7.150370408003896E-05
"p1108": 5.080526342529086E-05
"p1109": 0
"p1110": 1.1290058538953523E-05
"p1111": 0
"p1112": 0.0005757929854866297
"p1113": 1.1290058538953523E-05
"p1114": 0.002350213852525492
"p1115": 0.00021074775939379907
"p1116": 0.0005607395741013582
"p1117": 0
"p1118": 0.0012927117027101784
"p1119": 7.33853805031979E-05
"p1120": 0.0008768612131920568
"p1121": 0.00028789649274331484
"p1122": 0.0007752506863414751
"p1123": 0.0012249713514764571
"p1124": 6.774035123372114E-05
"p1125": 0
"p1126": 1.3171734962112442E-05
"p1127": 0
"p1128": 0.010298415063948773
"p1129": 0.0018948481581210327
"p1130": 0.009986056777704392
"p1131": 0.01998716696679406
"p1132": 0.0049431639636384845
"p1133": 0.00019945770085484557
"p1134": 0.003669269025159895
"p1135": 0.006186952079346531
"p1136": 0.0021620462102095997
"p1137": 8.091208619583358E-05
"p1138": 0.0021959163858264598
"p1139": 0.0008505177432678319
"p1140": 0.00031423996266753977
"p1141": 0
"p1142": 6.962202765688006E-05
"p1143": 0
"p1144": 0.008202227528549736
"p1145": 6.774035123372114E-05
"p1146": 0.019243904779646284
"p1147": 0.010213739624906622
"p1148": 0.006486138630628798
"p1149": 7.5267056926356815E-06
