"p1087": 0.0017066805158051407
"p1088": 0.0011233608246258753
"p1089": 5.645029269476761E-06
"p1090": 0.0028620298396247177
"p1091": 0.0010311586798910882
"p1092": 0.001644585193840896
"p1093": 8.46754390421514E-05
"p1094": 0.005131331605954376
"p1095": 0.001674692016611439
"p1096": 0.0005626212505245172
"p1097": 0
"p1098": 0.0009389565351563013
"p1099": 0.00022956452362538825
"p1100": 0.0015975432832619233
"p1101": 0
"p1102": 0.0026004768168056283
"p1103": 0.0004214955187875981
"p1104": 0.00012607232035164766
"p1105": 0
"p1106": 0.000472300782212889
"p1107": 2.2580117077907045E-05
"p1108": 0.00027096140493488457
"p1109": 1.6935087808430282E-05
"p1110": 0.0013755054653291706
"p1111": 0.0001298356731979655
"p1112": 3.010682277054273E-05
"p1113": 0
"p1114": 6.774035123372114E-05
"p1115": 0
"p1116": 0.00023144620004854718
"p1117": 0
"p1118": 0.0004158504895181215
"p1119": 3.198849919370165E-05
"p1120": 0.006369474692392945
"p1121": 0.0004911175464444782
"p1122": 0.0069057524729932394
"p1123": 0.011195974717795577
"p1124": 1
"p1125": 0.0023483321761023322
"p1126": 0.014456919959129991
"p1127": 0.02133068393292953
"p1128": 0.004818973319709996
"p1129": 0
"p1130": 0.0038706084024379
"p1131": 0.004630805677394103
"p1132": 0.005014667667718523
"p1133": 2.2580117077907045E-05
"p1134": 0.0044294663001160995
"p1135": 0.00421683686429914
"p1136": 0.0030163273063237494
"p1137": 5.645029269476761E-06
"p1138": 0.00556223550685777
"p1139": 0.003740772729239933
"p1140": 0.005033484431950112
"p1141": 5.080526342529084E-05
"p1142": 0.01362898233294006
"p1143": 0.006614092627403607
"p1144": 0.0018986115109673508
"p1145": 0
"p1146": 0.0015392113141439966
"p1147": 0.001328463554750198
"p1148": 0.0043730160074213304
"p1149": 0
