"p1087": 0.0027528926070815
"p1088": 5.268693984844977E-05
"p1089": 0
"p1090": 0.00010161052685058167
"p1091": 7.5267056926356815E-06
"p1092": 0
"p1093": 0
"p1094": 1.1290058538953523E-05
"p1095": 0
"p1096": 0.0001204272910821709
"p1097": 2.8225146347383805E-05
"p1098": 0.0012795399677480658
"p1099": 0.0005005259285602728
"p1100": 1.3171734962112442E-05
"p1101": 0
"p1102": 0.00010913723254321738
"p1103": 1.1290058538953523E-05
"p1104": 0
"p1105": 0
"p1106": 0
"p1107": 0
"p1108": 0
"p1109": 0
"p1110": 0
"p1111": 0
"p1112": 0
"p1113": 0
"p1114": 0
"p1115": 0
"p1116": 0
"p1117": 0
"p1118": 0
"p1119": 0
"p1120": 3.387017561686057E-05
"p1121": 0
"p1122": 7.33853805031979E-05
"p1123": 0
"p1124": 0
"p1125": 0
"p1126": 1.1290058538953523E-05
"p1127": 0
"p1128": 0.0004290222244802338
"p1129": 6.774035123372114E-05
"p1130": 0.0027829994298520433
"p1131": 0.002030328860588475
"p1132": 5.456861627160869E-05
"p1133": 0
"p1134": 7.33853805031979E-05
"p1135": 9.220214473478711E-05
"p1136": 3.7633528463178407E-06
"p1137": 0
"p1138": 7.5267056926356815E-06
"p1139": 0
"p1140": 0
"p1141": 0
"p1142": 0
"p1143": 0
"p1144": 1.5053411385271363E-05
"p1145": 0
"p1146": 0.00022580117077907047
"p1147": 0.0001016105268505817
"p1148": 0
"p1149": 0
