"p1087": 0.0030727775990185167
"p1088": 6.585867481056221E-05
"p1089": 2.8225146347383805E-05
"p1090": 0.000353755167553877
"p1091": 0.00017875926020009738
"p1092": 7.5267056926356815E-06
"p1093": 0
"p1094": 7.5267056926356815E-06
"p1095": 0
"p1096": 5.4568616271608685E-05
"p1097": 0
"p1098": 0.0008260559497667659
"p1099": 0.00030106822770542714
"p1100": 4.139688130949625E-05
"p1101": 0
"p1102": 0.0001806409366232563
"p1103": 9.408382115794602E-06
"p1104": 0
"p1105": 0
"p1106": 0
"p1107": 0
"p1108": 0
"p1109": 0
"p1110": 0
"p1111": 0
"p1112": 0
"p1113": 0
"p1114": 0
"p1115": 0
"p1116": 0
"p1117": 0
"p1118": 0
"p1119": 0
"p1120": 0.00019757602443168663
"p1121": 5.6450292694767617E-05
"p1122": 0.0005193426927918621
"p1123": 0.0006736401594908936
"p1124": 7.5267056926356815E-06
"p1125": 0
"p1126": 7.5267056926356815E-06
"p1127": 0
"p1128": 0.00023520955289486504
"p1129": 1.1290058538953523E-05
"p1130": 0.0021808629744411888
"p1131": 0.0013566887010975817
"p1132": 6.585867481056221E-05
"p1133": 0
"p1134": 0.00012419064392848873
"p1135": 9.220214473478711E-05
"p1136": 0
"p1137": 0
"p1138": 0
"p1139": 0
"p1140": 0
"p1141": 0
"p1142": 0
"p1143": 0
"p1144": 1.5053411385271363E-05
"p1145": 0
"p1146": 0.00022580117077907047
"p1147": 0.0001016105268505817
"p1148": 3.7633528463178407E-06
"p1149": 0
