"p1087": 1
"p1088": 0
"p1089": 0
"p1090": 0
"p1091": 0
"p1092": 0
"p1093": 0
"p1094": 0
"p1095": 0
"p1096": 0
"p1097": 0
"p1098": 0
"p1099": 0
"p1100": 0
"p1101": 0
"p1102": 0
"p1103": 0
"p1104": 1.8816764231589204E-06
"p1105": 1.3171734962112444E-05
"p1106": 4.327855773265517E-05
"p1107": 9.972885042742278E-05
"p1108": 3.7633528463178407E-06
"p1109": 6.0213645541085445E-05
"p1110": 3.7633528463178407E-05
"p1111": 6.0213645541085445E-05
"p1112": 7.903040977267465E-05
"p1113": 6.209532196424436E-05
"p1114": 0.0006435333367203508
"p1115": 0.0003161216390906986
"p1116": 9.596549758110493E-05
"p1117": 8.467543904215141E-05
"p1118": 0.0002747247577812023
"p1119": 0.00020698440654748124
"p1120": 0
"p1121": 0
"p1122": 5.645029269476761E-06
"p1123": 5.645029269476761E-06
"p1124": 0
"p1125": 5.645029269476761E-06
"p1126": 5.645029269476761E-06
"p1127": 5.645029269476761E-06
"p1128": 1.8816764231589203E-05
"p1129": 4.3278557732655166E-05
"p1130": 0.00016182417239166716
"p1131": 0.00039327037244021434
"p1132": 2.258011707790705E-05
"p1133": 5.8331969117926534E-05
"p1134": 6.585867481056221E-05
"p1135": 0.0001768775837769385
"p1136": 0
"p1137": 1.6935087808430286E-05
"p1138": 2.2580117077907045E-05
"p1139": 8.467543904215141E-05
"p1140": 0
"p1141": 3.9515204886337324E-05
"p1142": 1.6935087808430282E-05
"p1143": 4.516023415581409E-05
"p1144": 0.00010725555612005845
"p1145": 0.0002483812878569774
"p1146": 0.0008505177432678321
"p1147": 0.0018628596589273312
"p1148": 7.150370408003898E-05
"p1149": 0.00019193099516220987
