"p1087": 0.0011835744701669609
"p1088": 0.0001956943480085277
"p1089": 0.00011666393823585305
"p1090": 7.338538050319791E-05
"p1091": 0.00016370584881482604
"p1092": 0
"p1093": 1.1290058538953523E-05
"p1094": 0
"p1095": 0
"p1096": 0.0005306327513308156
"p1097": 0.00028789649274331484
"p1098": 0.00020322105370116337
"p1099": 0.00013548070246744223
"p1100": 6.774035123372113E-05
"p1101": 8.091208619583358E-05
"p1102": 0
"p1103": 3.3870175616860565E-05
"p1104": 0
"p1105": 0
"p1106": 0
"p1107": 0
"p1108": 0
"p1109": 0
"p1110": 0
"p1111": 0
"p1112": 0
"p1113": 0
"p1114": 0
"p1115": 0
"p1116": 0
"p1117": 0
"p1118": 0
"p1119": 0
"p1120": 0.0002653163756654078
"p1121": 0.000492999222867637
"p1122": 5.833196911792653E-05
"p1123": 0.0004911175464444782
"p1124": 0
"p1125": 1.1290058538953523E-05
"p1126": 0
"p1127": 0
"p1128": 0.0009144947416552353
"p1129": 0.0018948481581210327
"p1130": 0.0001787592602000974
"p1131": 0.0008222925969204481
"p1132": 3.7633528463178407E-05
"p1133": 6.774035123372114E-05
"p1134": 0
"p1135": 1.8816764231589203E-05
"p1136": 0
"p1137": 0
"p1138": 0
"p1139": 0
"p1140": 0
"p1141": 0
"p1142": 0
"p1143": 0
"p1144": 7.903040977267465E-05
"p1145": 0.00019945770085484557
"p1146": 1.1290058538953523E-05
"p1147": 5.2686939848449775E-05
"p1148": 7.5267056926356815E-06
"p1149": 7.5267056926356815E-06
