"p1087": 0.0008015941562657002
"p1088": 0.0001467707610063958
"p1089": 0
"p1090": 0.00011101890896637629
"p1091": 0.0001919309951622099
"p1092": 7.714873334951573E-05
"p1093": 1.8816764231589203E-05
"p1094": 5.2686939848449775E-05
"p1095": 0.00014300740816007796
"p1096": 7.338538050319788E-05
"p1097": 0
"p1098": 5.645029269476761E-05
"p1099": 3.9515204886337324E-05
"p1100": 1.1290058538953523E-05
"p1101": 0
"p1102": 1.1290058538953523E-05
"p1103": 5.645029269476761E-06
"p1104": 0.0005776746619097885
"p1105": 1.8816764231589203E-05
"p1106": 0.0005814380147561063
"p1107": 0.0009239031237710299
"p1108": 0.0002671980520885667
"p1109": 7.714873334951574E-05
"p1110": 0.00026343469924224885
"p1111": 0.0005870830440255831
"p1112": 0.0004854725171750014
"p1113": 0
"p1114": 0.00043843060659602836
"p1115": 0.00040079707813285006
"p1116": 0.00011854561465901199
"p1117": 0
"p1118": 7.903040977267466E-05
"p1119": 3.951520488633733E-05
"p1120": 0
"p1121": 0
"p1122": 0
"p1123": 0
"p1124": 0
"p1125": 0
"p1126": 0
"p1127": 0
"p1128": 0
"p1129": 0
"p1130": 0
"p1131": 0
"p1132": 0
"p1133": 0
"p1134": 0
"p1135": 0
"p1136": 1.5053411385271363E-05
"p1137": 0
"p1138": 2.2580117077907045E-05
"p1139": 6.021364554108545E-05
"p1140": 0
"p1141": 0
"p1142": 0
"p1143": 0
"p1144": 7.5267056926356815E-06
"p1145": 0
"p1146": 1.1290058538953523E-05
"p1147": 1.8816764231589203E-05
"p1148": 0
"p1149": 0
