"p1087": 0.001539211314143997
"p1088": 0.0005024076049834318
"p1089": 1.8816764231589203E-05
"p1090": 0.00039891540170969113
"p1091": 0.0008900329481541693
"p1092": 0.00021827446508643477
"p1093": 7.150370408003896E-05
"p1094": 0.0001637058488148261
"p1095": 0.000543804486292928
"p1096": 0.00044595731228866414
"p1097": 0
"p1098": 0.0003594001968233538
"p1099": 0.00040079707813285006
"p1100": 7.526705692635681E-05
"p1101": 0
"p1102": 4.516023415581409E-05
"p1103": 2.2580117077907045E-05
"p1104": 7.526705692635681E-05
"p1105": 0
"p1106": 0.0001825226130464153
"p1107": 3.3870175616860565E-05
"p1108": 4.8923587002131926E-05
"p1109": 5.645029269476761E-06
"p1110": 9.972885042742278E-05
"p1111": 4.327855773265517E-05
"p1112": 3.951520488633733E-05
"p1113": 0
"p1114": 7.903040977267466E-05
"p1115": 0
"p1116": 4.327855773265517E-05
"p1117": 0
"p1118": 3.3870175616860565E-05
"p1119": 1.6935087808430282E-05
"p1120": 7.903040977267465E-05
"p1121": 0
"p1122": 6.209532196424436E-05
"p1123": 0.00010161052685058171
"p1124": 7.714873334951573E-05
"p1125": 1.8816764231589203E-05
"p1126": 5.2686939848449775E-05
"p1127": 0.00014300740816007796
"p1128": 2.4461793501065963E-05
"p1129": 0
"p1130": 1.88167642315892E-05
"p1131": 1.3171734962112444E-05
"p1132": 3.7633528463178407E-06
"p1133": 0
"p1134": 3.7633528463178407E-06
"p1135": 1.8816764231589204E-06
"p1136": 8.279376261899248E-05
"p1137": 0
"p1138": 7.150370408003896E-05
"p1139": 0.00015053411385271363
"p1140": 0
"p1141": 0
"p1142": 0
"p1143": 0
"p1144": 5.645029269476761E-05
"p1145": 0
"p1146": 4.8923587002131926E-05
"p1147": 4.516023415581409E-05
"p1148": 7.5267056926356815E-06
"p1149": 0
