"p1087": 0.0010894906490090147
"p1088": 4.704191057897301E-05
"p1089": 1.1290058538953523E-05
"p1090": 0.00012419064392848875
"p1091": 0.00013359902604428335
"p1092": 0
"p1093": 0
"p1094": 0
"p1095": 0
"p1096": 3.0106822770542726E-05
"p1097": 0
"p1098": 0.00041773216594128033
"p1099": 0.0001825226130464153
"p1100": 1.8816764231589207E-05
"p1101": 0
"p1102": 2.6343469924224884E-05
"p1103": 1.8816764231589207E-05
"p1104": 0.0001768775837769385
"p1105": 5.080526342529086E-05
"p1106": 0.0005757929854866296
"p1107": 0.0005607395741013582
"p1108": 1.1290058538953523E-05
"p1109": 0
"p1110": 1.1290058538953523E-05
"p1111": 0
"p1112": 0.00023709122931802392
"p1113": 1.1290058538953523E-05
"p1114": 0.002350213852525492
"p1115": 0.0012927117027101784
"p1116": 7.150370408003896E-05
"p1117": 0
"p1118": 0.00021074775939379904
"p1119": 7.33853805031979E-05
"p1120": 0
"p1121": 0
"p1122": 0
"p1123": 0
"p1124": 0
"p1125": 0
"p1126": 0
"p1127": 0
"p1128": 0
"p1129": 0
"p1130": 0
"p1131": 0
"p1132": 0
"p1133": 0
"p1134": 0
"p1135": 0
"p1136": 0
"p1137": 0
"p1138": 0
"p1139": 0
"p1140": 0
"p1141": 0
"p1142": 0
"p1143": 0
"p1144": 0
"p1145": 0
"p1146": 5.645029269476761E-05
"p1147": 7.903040977267465E-05
"p1148": 0
"p1149": 0
