"p1087": 0.00922209614990187
"p1088": 9.596549758110495E-05
"p1089": 0.00041020546024864456
"p1090": 0.0003161216390906986
"p1091": 0.0003274116976296521
"p1092": 0
"p1093": 0
"p1094": 1.1290058538953523E-05
"p1095": 5.645029269476761E-05
"p1096": 0.0014338374344470973
"p1097": 0.0010010518571205453
"p1098": 0.0032063766250628
"p1099": 0.00224860332567491
"p1100": 0.00023897290574118296
"p1101": 0.00019569434800852776
"p1102": 0.0015711998133376985
"p1103": 0.0013152918197880854
"p1104": 9.032046831162817E-05
"p1105": 0.00034434678543808224
"p1106": 0.0008618078018067853
"p1107": 0.0006736401594908935
"p1108": 0
"p1109": 0
"p1110": 4.516023415581409E-05
"p1111": 0.00018440428946957422
"p1112": 0.0011798111173206432
"p1113": 0.0008279376261899247
"p1114": 0.007880460860189559
"p1115": 0.003364437444608151
"p1116": 9.408382115794602E-05
"p1117": 6.774035123372113E-05
"p1118": 0.004894240376636352
"p1119": 0.002600476816805628
"p1120": 0.00020698440654748124
"p1121": 0.0012626048799396355
"p1122": 0.0007959491269962233
"p1123": 0.001296475055556496
"p1124": 0
"p1125": 0
"p1126": 1.8816764231589203E-05
"p1127": 0.00012419064392848875
"p1128": 0.0034152427080334407
"p1129": 0.007022416411229091
"p1130": 0.009557034553224158
"p1131": 0.021426649430510637
"p1132": 0.000780895715610952
"p1133": 0.002084897476860084
"p1134": 0.004023024192713773
"p1135": 0.008817535718922706
"p1136": 0.00026343469924224885
"p1137": 0.0009050863595394406
"p1138": 0.002239194943559115
"p1139": 0.002410427498066577
"p1140": 0
"p1141": 0
"p1142": 8.467543904215141E-05
"p1143": 0.0003217666683601754
"p1144": 0.002698323990809892
"p1145": 0.003394544267378693
"p1146": 0.02104655079303253
"p1147": 1
"p1148": 0.0005325144277539745
"p1149": 0.0007696056570719984
