"p1087": 0.0006416516602971918
"p1088": 0.0008674528310762623
"p1089": 0.001083845619739538
"p1090": 0.00023520955289486504
"p1091": 0.000735735481455138
"p1092": 5.8331969117926534E-05
"p1093": 0.0001938126715853688
"p1094": 0
"p1095": 0
"p1096": 0.006888817385184808
"p1097": 1
"p1098": 0.0059028189394495344
"p1099": 0.007598209396715722
"p1100": 0.0032195483600249127
"p1101": 0.004489679945657185
"p1102": 0.0024856945549929337
"p1103": 0.001330345231173357
"p1104": 0.00022015614150959367
"p1105": 0.0001825226130464153
"p1106": 4.327855773265517E-05
"p1107": 3.951520488633733E-05
"p1108": 1.1290058538953523E-05
"p1109": 5.080526342529086E-05
"p1110": 0
"p1111": 0
"p1112": 0.001179811117320643
"p1113": 0.0005419228098697691
"p1114": 0.0009239031237710298
"p1115": 0.0001975760244316866
"p1116": 0.0008260559497667661
"p1117": 0.0005607395741013582
"p1118": 0.0003706902553623073
"p1119": 0
"p1120": 0.0005061709578297496
"p1121": 0.0012908300262870192
"p1122": 0.00011478226181269415
"p1123": 0.0011591126766658949
"p1124": 1.3171734962112442E-05
"p1125": 6.774035123372114E-05
"p1126": 0
"p1127": 0
"p1128": 0.006647962803020466
"p1129": 0.01338248272150625
"p1130": 0.004555538620467747
"p1131": 0.016026238096044528
"p1132": 0.002743484224965706
"p1133": 0.00592916240937376
"p1134": 0.0014601809043713221
"p1135": 0.004250707039916001
"p1136": 0.0017556041028072725
"p1137": 0.002406664145220259
"p1138": 0.0004647740765202533
"p1139": 0.0005814380147561064
"p1140": 6.962202765688006E-05
"p1141": 0.00031423996266753977
"p1142": 0
"p1143": 0
"p1144": 0.009681225197152647
"p1145": 0.01109248251452184
"p1146": 0.008729096927034233
"p1147": 0.005146385017339649
"p1148": 0.006053353053302247
"p1149": 0.007805193803263203
