"p1087": 0.0006134265139498081
"p1088": 0.0015241579027587256
"p1089": 0.00014677076100639582
"p1090": 0.005323262601116585
"p1091": 0.003983508987827434
"p1092": 0.0028093428997762685
"p1093": 0.0005569762212550405
"p1094": 0.009015111743354391
"p1095": 0.006753336682717366
"p1096": 0.0003236483447833343
"p1097": 0
"p1098": 0.002683270579424621
"p1099": 0.0011346508831648289
"p1100": 0.0008411093611520374
"p1101": 0
"p1102": 0.0035337883226924526
"p1103": 0.0009464832408489366
"p1104": 0.0011421775888574646
"p1105": 7.150370408003898E-05
"p1106": 0.008936081333581715
"p1107": 0.005084289695375404
"p1108": 0.0014695892864871171
"p1109": 0.0002427362585875007
"p1110": 1
"p1111": 0.006683714655060489
"p1112": 0.00031612163909069865
"p1113": 0
"p1114": 0.007332893021050315
"p1115": 0.0033776091795702625
"p1116": 0.0007150370408003899
"p1117": 0
"p1118": 0.008264322850513978
"p1119": 0.0017367873385756838
"p1120": 0.0009163764180783943
"p1121": 0.00010161052685058169
"p1122": 0.0027303124900035936
"p1123": 0.0022787101484454527
"p1124": 0.002399137439527624
"p1125": 0.000637888307450874
"p1126": 0.007496598869865142
"p1127": 0.0063431312224687215
"p1128": 0.00011290058538953522
"p1129": 0
"p1130": 0.0008937963010004872
"p1131": 0.0003085949333980629
"p1132": 0.0006228348960656026
"p1133": 0
"p1134": 0.0016935087808430283
"p1135": 0.0004647740765202533
"p1136": 0.0002897781691664737
"p1137": 2.8225146347383808E-05
"p1138": 0.0068662372681069
"p1139": 0.0014187840230618259
"p1140": 0.001151585970973259
"p1141": 0.0001580608195453493
"p1142": 0.017038580011704028
"p1143": 0.003029499041285862
"p1144": 7.33853805031979E-05
"p1145": 0
"p1146": 0.0028093428997762685
"p1147": 0.0004760641350592069
"p1148": 0.0004120871366718036
"p1149": 0
