"p1087": 0.004105817955332765
"p1088": 0
"p1089": 0
"p1090": 0
"p1091": 0
"p1092": 0
"p1093": 0
"p1094": 0
"p1095": 0
"p1096": 0
"p1097": 0
"p1098": 0
"p1099": 0
"p1100": 0
"p1101": 0
"p1102": 0
"p1103": 0
"p1104": 6.585867481056221E-05
"p1105": 2.8225146347383805E-05
"p1106": 0.000353755167553877
"p1107": 0.00017875926020009738
"p1108": 7.5267056926356815E-06
"p1109": 0
"p1110": 7.5267056926356815E-06
"p1111": 0
"p1112": 5.4568616271608685E-05
"p1113": 0
"p1114": 0.0008260559497667659
"p1115": 0.00030106822770542714
"p1116": 4.139688130949625E-05
"p1117": 0
"p1118": 0.0001806409366232563
"p1119": 9.408382115794602E-06
"p1120": 4.704191057897301E-05
"p1121": 1.1290058538953523E-05
"p1122": 0.00012419064392848875
"p1123": 0.00013359902604428335
"p1124": 0
"p1125": 0
"p1126": 0
"p1127": 0
"p1128": 3.0106822770542726E-05
"p1129": 0
"p1130": 0.00041773216594128033
"p1131": 0.0001825226130464153
"p1132": 1.8816764231589207E-05
"p1133": 0
"p1134": 2.6343469924224884E-05
"p1135": 1.8816764231589207E-05
"p1136": 0.00015053411385271363
"p1137": 4.516023415581409E-05
"p1138": 0.0003951520488633734
"p1139": 0.0005400411334466102
"p1140": 7.5267056926356815E-06
"p1141": 0
"p1142": 7.5267056926356815E-06
"p1143": 0
"p1144": 0.00022015614150959365
"p1145": 1.1290058538953523E-05
"p1146": 0.001988931979278979
"p1147": 0.001275776614901748
"p1148": 5.080526342529085E-05
"p1149": 0
