"p1087": 0.003511208205614546
"p1088": 0.00019569434800852773
"p1089": 0.0008787428896152158
"p1090": 0.000756433922109886
"p1091": 0.0009615366522342083
"p1092": 0
"p1093": 0
"p1094": 2.4461793501065963E-05
"p1095": 0.00012607232035164766
"p1096": 0.002325752059024426
"p1097": 0.004087001191101176
"p1098": 0.007005481323420663
"p1099": 0.013135983110072429
"p1100": 0.00059272807329506
"p1101": 0.0013228185254807211
"p1102": 0.003221430036448072
"p1103": 0.005934807438643237
"p1104": 0.00018816764231589206
"p1105": 0.0006698768066445756
"p1106": 0.0014376007872934147
"p1107": 0.0014658259336407988
"p1108": 0
"p1109": 0
"p1110": 7.150370408003898E-05
"p1111": 0.0002427362585875007
"p1112": 0.0017838292491546563
"p1113": 0.002820632958315222
"p1114": 0.015192655440585128
"p1115": 1
"p1116": 0.00034811013828440026
"p1117": 0.0006134265139498081
"p1118": 0.00815894897081708
"p1119": 0.008239861057012915
"p1120": 0.00011478226181269414
"p1121": 0.0006585867481056221
"p1122": 0.00025402631712645424
"p1123": 0.00046853742936657115
"p1124": 0
"p1125": 0
"p1126": 5.645029269476761E-06
"p1127": 3.010682277054273E-05
"p1128": 0.0017951193076936097
"p1129": 0.0032741169762965225
"p1130": 0.0038612000203221055
"p1131": 0.009852457751660111
"p1132": 0.0003895070195938966
"p1133": 0.0009050863595394406
"p1134": 0.0012682499092091125
"p1135": 0.003648570584505147
"p1136": 0.00018628596589273313
"p1137": 0.0005362777806002922
"p1138": 0.0016765736930345982
"p1139": 0.0015298029320282023
"p1140": 0
"p1141": 0
"p1142": 5.080526342529084E-05
"p1143": 0.00022768284720222937
"p1144": 0.002069844065474812
"p1145": 0.001268249909209112
"p1146": 0.012953460497026014
"p1147": 0.007364881520244015
"p1148": 0.0003405834325917646
"p1149": 0.00025778966997277205
