"p1087": 0.0036278721438503985
"p1088": 0.0006435333367203508
"p1089": 5.645029269476761E-06
"p1090": 0.001345398642558628
"p1091": 0.0007432621871477736
"p1092": 0.0014037306116765544
"p1093": 0.00012042729108217092
"p1094": 0.003003155571361637
"p1095": 0.0019644701857779124
"p1096": 0.00017875926020009743
"p1097": 0
"p1098": 0.00019193099516220984
"p1099": 8.467543904215141E-05
"p1100": 0.0007244454229161843
"p1101": 0
"p1102": 0.0006642317773750989
"p1103": 0.00036504522609283053
"p1104": 0.0012343797335922515
"p1105": 5.645029269476761E-06
"p1106": 0.0033230405632986536
"p1107": 0.0010311586798910882
"p1108": 0.0017687758377693849
"p1109": 8.46754390421514E-05
"p1110": 0.006252810754157093
"p1111": 0.001674692016611439
"p1112": 0.00059272807329506
"p1113": 0
"p1114": 0.0010066968863900222
"p1115": 0.00022956452362538825
"p1116": 0.001772539190615703
"p1117": 0
"p1118": 0.0029824571307068897
"p1119": 0.0004214955187875981
"p1120": 0.003947757135787415
"p1121": 0.00033117505047596993
"p1122": 0.0036824407601220074
"p1123": 0.006841775474605836
"p1124": 0.006424043308664555
"p1125": 0.0015298029320282023
"p1126": 0.0074269768422082615
"p1127": 0.013587585451630569
"p1128": 0.0021752179451717123
"p1129": 0
"p1130": 0.001234379733592252
"p1131": 0.0017179705743440947
"p1132": 0.00292788851443528
"p1133": 2.2580117077907045E-05
"p1134": 0.0016332951353019431
"p1135": 0.00214322944597801
"p1136": 0.0043071573326107695
"p1137": 0.00012607232035164768
"p1138": 0.0071616604665428515
"p1139": 0.006508718747706707
"p1140": 1
"p1141": 0.00044972066513498206
"p1142": 0.016065753300930873
"p1143": 0.009747083871963215
"p1144": 0.0041133446610254
"p1145": 0
"p1146": 0.0040324325748295675
"p1147": 0.003927058695132667
"p1148": 0.005477560067815617
"p1149": 0
