"p1087": 0.0047418245863604805
"p1088": 0.0002577896699727721
"p1089": 0.00021262943581695803
"p1090": 0.0028752015745868295
"p1091": 0.0013077651140954495
"p1092": 0.0008128842148046535
"p1093": 0.0005776746619097883
"p1094": 0.004841553436787901
"p1095": 0.0020340922134347923
"p1096": 3.3870175616860565E-05
"p1097": 2.634346992422488E-05
"p1098": 0.0010179869449289756
"p1099": 0.0005852013676024242
"p1100": 7.526705692635681E-05
"p1101": 0.00020886608297064022
"p1102": 0.002412309174489736
"p1103": 0.0015975432832619233
"p1104": 1.1290058538953523E-05
"p1105": 1.1290058538953523E-05
"p1106": 0.00039327037244021434
"p1107": 0.0001373623788906012
"p1108": 0.0002201561415095937
"p1109": 0.00013548070246744229
"p1110": 0.0011497042945501003
"p1111": 0.00033870175616860566
"p1112": 0
"p1113": 0
"p1114": 6.774035123372114E-05
"p1115": 3.010682277054273E-05
"p1116": 2.4461793501065966E-05
"p1117": 2.8225146347383805E-05
"p1118": 0.0003876253431707376
"p1119": 0.00023144620004854718
"p1120": 0.0014131389937923492
"p1121": 0.0036504522609283056
"p1122": 0.006521890482668819
"p1123": 0.013109639640148203
"p1124": 0.004864133553865809
"p1125": 0.00855974604894993
"p1126": 0.013800214887447527
"p1127": 1
"p1128": 0.00032741169762965207
"p1129": 0.0006886935708761649
"p1130": 0.0038141581097431323
"p1131": 0.007615144484524154
"p1132": 0.0006717584830677346
"p1133": 0.002060435683359018
"p1134": 0.004461454799309801
"p1135": 0.006072169817533838
"p1136": 0.0003518734911307181
"p1137": 0.0005927280732950601
"p1138": 0.004926228875830053
"p1139": 0.005466270009276665
"p1140": 0.0015354479612976787
"p1141": 0.001390558876714442
"p1142": 0.012530083301815252
"p1143": 0.009126130652320767
"p1144": 9.220214473478709E-05
"p1145": 0.00011101890896637629
"p1146": 0.0014564175515250043
"p1147": 0.0029165984558963266
"p1148": 0.00019757602443168666
"p1149": 0.0003518734911307181
