"p1087": 0.0025289731127255887
"p1088": 0.000398915401709691
"p1089": 0.00013548070246744229
"p1090": 0.005031602755526954
"p1091": 0.0011534676473964178
"p1092": 6.962202765688006E-05
"p1093": 0
"p1094": 0.00020133937727800444
"p1095": 0
"p1096": 0.0002314462000485473
"p1097": 3.7633528463178407E-06
"p1098": 0.004835908407518425
"p1099": 0.00099352515142791
"p1100": 0.0002577896699727721
"p1101": 7.5267056926356815E-06
"p1102": 0.007600091073138879
"p1103": 0.0006529417188361453
"p1104": 8.467543904215141E-05
"p1105": 1.6935087808430282E-05
"p1106": 0.0014714709629102757
"p1107": 7.903040977267465E-05
"p1108": 2.8225146347383805E-05
"p1109": 0
"p1110": 5.6450292694767617E-05
"p1111": 0
"p1112": 3.3870175616860565E-05
"p1113": 0
"p1114": 0.0005456861627160869
"p1115": 1.1290058538953523E-05
"p1116": 2.8225146347383805E-05
"p1117": 0
"p1118": 0.0011628760295122127
"p1119": 3.7633528463178407E-06
"p1120": 0.006075933170380153
"p1121": 0.0018779130703126027
"p1122": 1
"p1123": 0.016906862662082904
"p1124": 0.00033117505047597
"p1125": 0
"p1126": 0.000496762575713955
"p1127": 0
"p1128": 0.0030859493339806298
"p1129": 0.00020886608297064014
"p1130": 0.02064199036205337
"p1131": 0.011762359321166413
"p1132": 0.00390447857805476
"p1133": 0.00016182417239166716
"p1134": 0.019031275343829333
"p1135": 0.009402737086525129
"p1136": 0.0009069680359625996
"p1137": 7.903040977267465E-05
"p1138": 0.012870666734407015
"p1139": 0.005031602755526953
"p1140": 0.00017875926020009743
"p1141": 0
"p1142": 0.0006736401594908935
"p1143": 0
"p1144": 0.0006058998082571724
"p1145": 5.645029269476761E-06
"p1146": 0.011395432418650422
"p1147": 0.004098291249640129
"p1148": 0.0007545522456867272
"p1149": 1.1290058538953523E-05
