"p1087": 0.01260535035874161
"p1088": 5.645029269476761E-06
"p1089": 2.8225146347383805E-05
"p1090": 0.00010349220327374062
"p1091": 0.0002427362585875007
"p1092": 0.00011666393823585305
"p1093": 0.0004986442521371138
"p1094": 0.0003274116976296521
"p1095": 0.0003838619903244197
"p1096": 0.00027848811062752024
"p1097": 0.00023709122931802397
"p1098": 0.0014376007872934152
"p1099": 0.0009728267107731619
"p1100": 0.0013397536132891512
"p1101": 0.0008429910375751962
"p1102": 0.0031085294510585374
"p1103": 0.0022316682378664796
"p1104": 5.645029269476761E-06
"p1105": 3.198849919370165E-05
"p1106": 0.00041208713667180354
"p1107": 0.0004835908407518425
"p1108": 0.00011666393823585305
"p1109": 0.0004158504895181212
"p1110": 0.0009069680359625994
"p1111": 0.000846754390421514
"p1112": 0.0002916598455896327
"p1113": 0.00023520955289486507
"p1114": 0.004150978189488578
"p1115": 0.001840279541849424
"p1116": 0.0009314298294636654
"p1117": 0.0005569762212550403
"p1118": 0.007442030253593529
"p1119": 0.0032364834478333443
"p1120": 3.9515204886337324E-05
"p1121": 0.0002577896699727721
"p1122": 0.00020698440654748124
"p1123": 0.0007639606278025217
"p1124": 0.00022391949435591154
"p1125": 0.001415020670215508
"p1126": 0.0008147658912278125
"p1127": 0.0014056122880997135
"p1128": 0.0010255136506216115
"p1129": 0.002801816194083633
"p1130": 0.004310920685457087
"p1131": 0.011329573743839865
"p1132": 0.003001273894938478
"p1133": 0.005767338236982091
"p1134": 0.008488242344869891
"p1135": 0.01662272952218591
"p1136": 6.0213645541085445E-05
"p1137": 0.00022391949435591154
"p1138": 0.0008015941562657001
"p1139": 0.0013773871417523296
"p1140": 0.00029730487485910944
"p1141": 0.0009954068278510688
"p1142": 0.0022900002069844057
"p1143": 0.0026117668753445813
"p1144": 0.0009144947416552353
"p1145": 0.0016220050767629891
"p1146": 0.010050033776091797
"p1147": 0.013860428532988616
"p1148": 0.002047263948396905
"p1149": 0.0021037142410916727
