"p1087": 0.004102054602486448
"p1088": 0.0003725719317854663
"p1089": 0
"p1090": 0.0006849302180298468
"p1091": 0.00010161052685058169
"p1092": 0
"p1093": 0
"p1094": 6.774035123372113E-05
"p1095": 0
"p1096": 0.000869334507499421
"p1097": 0.00022580117077907044
"p1098": 0.005389121275927148
"p1099": 0.001695390457266187
"p1100": 0.00019569434800852776
"p1101": 1.1290058538953523E-05
"p1102": 0.0026494004038077595
"p1103": 0.0005494495155624046
"p1104": 0.0003217666683601753
"p1105": 0
"p1106": 0.0015166311970660894
"p1107": 0.0001768775837769385
"p1108": 0
"p1109": 0
"p1110": 0.0002295645236253883
"p1111": 0
"p1112": 0.0007507888928404091
"p1113": 0.00013924405531376012
"p1114": 0.01141989421215149
"p1115": 0.00221473315005805
"p1116": 6.585867481056221E-05
"p1117": 7.5267056926356815E-06
"p1118": 0.007628316219486262
"p1119": 0.0007997124798425411
"p1120": 0.0011195974717795576
"p1121": 0
"p1122": 0.0019625885093547536
"p1123": 0.0005080526342529086
"p1124": 0
"p1125": 0
"p1126": 0.00014300740816007796
"p1127": 0
"p1128": 0.005953624202874824
"p1129": 0.0012644865563627944
"p1130": 0.019719968914705496
"p1131": 0.01615983712208881
"p1132": 0.0019719968914705486
"p1133": 0.00011666393823585308
"p1134": 0.008732860279880553
"p1135": 0.005432399833659803
"p1136": 0.0008674528310762623
"p1137": 0
"p1138": 0.004412531212307668
"p1139": 0.0006962202765688004
"p1140": 0
"p1141": 0
"p1142": 0.0004064421074023268
"p1143": 0
"p1144": 0.0032251933892943896
"p1145": 0.0004158504895181215
"p1146": 1
"p1147": 0.016547462465259555
"p1148": 0.0007583155985330448
"p1149": 1.1290058538953523E-05
