"p1150": 0.001787592602000975
"p1151": 0.0007997124798425412
"p1152": 0.0002013393772780045
"p1153": 0
"p1154": 0.0004572473708276176
"p1155": 0.00011666393823585307
"p1156": 0
"p1157": 0
"p1158": 7.33853805031979E-05
"p1159": 3.7633528463178407E-06
"p1160": 0.00026155302281908997
"p1161": 1.1290058538953523E-05
"p1162": 0.001670928663765121
"p1163": 0.0004553656944044588
"p1164": 4.516023415581409E-05
"p1165": 0
"p1166": 0.0007714873334951573
"p1167": 0.00017311423093062066
"p1168": 0.0001749959073537796
"p1169": 0
"p1170": 0.0010819639433163792
"p1171": 0.0002747247577812024
"p1172": 0
"p1173": 0
"p1174": 0.00022768284720222937
"p1175": 1.1290058538953523E-05
"p1176": 0.00024085458216434183
"p1177": 1.1290058538953523E-05
"p1178": 0.0045687103554298576
"p1179": 0.0008034758326888588
"p1180": 2.0698440654748124E-05
"p1181": 0
"p1182": 0.003496154794229274
"p1183": 0.00047041910578973003
"p1184": 0.0016728103401882806
"p1185": 0
"p1186": 0.003908241930901077
"p1187": 0.0011948645287059145
"p1188": 0
"p1189": 0
"p1190": 0.0004591290472507766
"p1191": 3.0106822770542726E-05
"p1192": 0.003908241930901078
"p1193": 0.0004591290472507766
"p1194": 0.01108871916167552
"p1195": 0.006813550328258452
"p1196": 0.0011948645287059145
"p1197": 3.0106822770542726E-05
"p1198": 0.006813550328258452
"p1199": 0.0023464504996791734
"p1200": 0.0012362614100154107
"p1201": 0
"p1202": 0.008008414856964364
"p1203": 0.0022090881207885724
"p1204": 0
"p1205": 0
"p1206": 0.0014225473759081437
"p1207": 0.00012419064392848875
"p1208": 0.00217898129801803
"p1209": 0.0001542974666990315
"p1210": 0.025649131324079255
"p1211": 0.010300296740371931
"p1212": 0.0005438044862929281
