"p1150": 1.8816764231589203E-05
"p1151": 0
"p1152": 0.0002088660829706402
"p1153": 1.1290058538953523E-05
"p1154": 0.004587527119661448
"p1155": 0.0008542810961141498
"p1156": 0.0006717584830677343
"p1157": 0.00014112573173691902
"p1158": 0.00924279459055662
"p1159": 0.0016069516653777175
"p1160": 3.198849919370164E-05
"p1161": 0
"p1162": 0.001836516189003106
"p1163": 0.0002258011707790704
"p1164": 0.00023332787647170616
"p1165": 0
"p1166": 0.006819195357527926
"p1167": 0.00038386199032441974
"p1168": 1.1290058538953523E-05
"p1169": 0
"p1170": 0.0006491783659898276
"p1171": 1.1290058538953523E-05
"p1172": 0.00013924405531376012
"p1173": 1.6935087808430282E-05
"p1174": 0.002086779153283243
"p1175": 8.46754390421514E-05
"p1176": 0
"p1177": 0
"p1178": 0.00010913723254321738
"p1179": 0
"p1180": 3.0106822770542726E-05
"p1181": 0
"p1182": 0.0007526705692635681
"p1183": 3.7633528463178407E-06
"p1184": 0.003673032378006213
"p1185": 0.0003594001968233538
"p1186": 0.01838586033068582
"p1187": 0.010467765942033075
"p1188": 0.009824232605312724
"p1189": 0.001979523597163184
"p1190": 1
"p1191": 0.023946214161120426
"p1192": 0.0007112736879540719
"p1193": 0
"p1194": 0.011734134174819033
"p1195": 0.004527313474120362
"p1196": 0.004361725948882378
"p1197": 0
"p1198": 0.027700158625322466
"p1199": 0.0071127368795407195
"p1200": 0.000688693570876165
"p1201": 1.6935087808430286E-05
"p1202": 0.010889261460820672
"p1203": 0.0039891540170969115
"p1204": 0.002203443091519096
"p1205": 9.032046831162818E-05
"p1206": 0.02851680619297344
"p1207": 0.009041455213278614
"p1208": 0.00014112573173691905
"p1209": 0
"p1210": 0.004267642127724432
"p1211": 0.0013755054653291708
"p1212": 0.0006134265139498081
