"p1150": 0.0006134265139498081
"p1151": 0.00012983567319796552
"p1152": 0.0012193263222069805
"p1153": 0
"p1154": 0.0030596058640564045
"p1155": 0.0010462120912763594
"p1156": 0
"p1157": 0
"p1158": 0.00041961384236443927
"p1159": 3.0106822770542726E-05
"p1160": 0.002525209759879271
"p1161": 0.0002897781691664737
"p1162": 0.00786540744880429
"p1163": 0.004700427705050985
"p1164": 0.0008542810961141499
"p1165": 1.8816764231589203E-05
"p1166": 0.005596105682474629
"p1167": 0.001919309951622099
"p1168": 0.0011195974717795576
"p1169": 0
"p1170": 0.005953624202874823
"p1171": 0.001971996891470548
"p1172": 0
"p1173": 0
"p1174": 0.0012644865563627944
"p1175": 0.00011666393823585308
"p1176": 0.0019625885093547536
"p1177": 0.00014300740816007796
"p1178": 0.019719968914705496
"p1179": 0.008732860279880551
"p1180": 0.0005080526342529086
"p1181": 0
"p1182": 0.016159837122088808
"p1183": 0.005432399833659803
"p1184": 0.0006567050716824632
"p1185": 0
"p1186": 0.001136532559587988
"p1187": 0.0001749959073537796
"p1188": 0
"p1189": 0
"p1190": 7.338538050319791E-05
"p1191": 0
"p1192": 0.0015711998133376985
"p1193": 0.00018064093662325636
"p1194": 0.004491561622080344
"p1195": 0.002598595140382469
"p1196": 0.0004045604309791679
"p1197": 1.1290058538953523E-05
"p1198": 0.0015881349011461288
"p1199": 0.0005080526342529085
"p1200": 0.00036880857893914845
"p1201": 0
"p1202": 0.0034886280885366395
"p1203": 0.0005927280732950598
"p1204": 0
"p1205": 0
"p1206": 0.000427140548057075
"p1207": 2.2580117077907045E-05
"p1208": 0.000588964720448742
"p1209": 2.2580117077907045E-05
"p1210": 0.010638998496540536
"p1211": 0.0022279048850201615
"p1212": 8.843879188846925E-05
