"p1150": 0.0015918982539924467
"p1151": 0.003161216390906987
"p1152": 0
"p1153": 3.7633528463178407E-06
"p1154": 3.7633528463178407E-05
"p1155": 0.00010349220327374062
"p1156": 6.585867481056221E-05
"p1157": 0.0002446179350106597
"p1158": 0.00022580117077907044
"p1159": 0.00037633528463178407
"p1160": 4.3278557732655166E-05
"p1161": 4.3278557732655166E-05
"p1162": 0.0002709614049348845
"p1163": 0.00023332787647170614
"p1164": 0.0002803697870506792
"p1165": 0.00021639278866327586
"p1166": 0.001106425736817445
"p1167": 0.0010029335335437046
"p1168": 0
"p1169": 3.7633528463178407E-06
"p1170": 0.0002258011707790704
"p1171": 0.0003349384033222878
"p1172": 6.585867481056221E-05
"p1173": 0.00021262943581695803
"p1174": 0.0006247165724887616
"p1175": 0.000895677977423646
"p1176": 4.3278557732655166E-05
"p1177": 4.516023415581409E-05
"p1178": 0.0013642154067902172
"p1179": 0.0008429910375751964
"p1180": 0.00023897290574118293
"p1181": 0.0001749959073537796
"p1182": 0.003543196704808247
"p1183": 0.0024725228200308215
"p1184": 3.387017561686057E-05
"p1185": 0.0002803697870506791
"p1186": 0.0002709614049348845
"p1187": 0.0014545358751018452
"p1188": 0.0002803697870506791
"p1189": 0.002466877790761345
"p1190": 0.0013642154067902174
"p1191": 0.0036165820853114455
"p1192": 0.0002709614049348845
"p1193": 0.0013642154067902174
"p1194": 0.001678455369457757
"p1195": 0.004785103144093135
"p1196": 0.0014545358751018454
"p1197": 0.0036165820853114447
"p1198": 0.004785103144093136
"p1199": 0.011694618969932692
"p1200": 3.951520488633733E-05
"p1201": 0.00022768284720222937
"p1202": 0.0011064257368174452
"p1203": 0.0031913232136775295
"p1204": 0.00031235828624438084
"p1205": 0.0015655547840682214
"p1206": 0.0035431967048082475
"p1207": 0.007421331812938782
"p1208": 0.00023332787647170614
"p1209": 0.0008429910375751964
"p1210": 0.004785103144093136
"p1211": 0.00943284390929567
"p1212": 0.0009954068278510688
