"p1150": 0.0002389729057411829
"p1151": 0.0003744536082086252
"p1152": 0.00021451111224011693
"p1153": 0.0014319557580239383
"p1154": 0.0011515859709732594
"p1155": 0.0025233280834561123
"p1156": 0
"p1157": 0
"p1158": 5.645029269476761E-05
"p1159": 0.00039327037244021434
"p1160": 0.001110189089663763
"p1161": 0.0028676748688941946
"p1162": 0.003473574677151367
"p1163": 0.00776003356910739
"p1164": 0.00019945770085484554
"p1165": 0.0009013230066931229
"p1166": 0.0018816764231589203
"p1167": 0.005311972542577632
"p1168": 0.00022768284720222937
"p1169": 0.001230616380745934
"p1170": 0.0026211752574603763
"p1171": 0.0048377900839415835
"p1172": 0
"p1173": 0
"p1174": 0.00023144620004854718
"p1175": 0.0011497042945501003
"p1176": 0.0009257848001941889
"p1177": 0.0021319393874390563
"p1178": 0.010191159507828717
"p1179": 0.015962261097657127
"p1180": 0.00013359902604428335
"p1181": 0.0005249877220613388
"p1182": 0.007231282494199732
"p1183": 0.013367429310120969
"p1184": 6.962202765688006E-05
"p1185": 0.0007808957156109518
"p1186": 0.0002860148163201558
"p1187": 0.0008091208619583358
"p1188": 0
"p1189": 0
"p1190": 5.645029269476761E-06
"p1191": 6.774035123372114E-05
"p1192": 0.000756433922109886
"p1193": 0.0017857109255778152
"p1194": 0.0018383978654262652
"p1195": 0.004563065326160382
"p1196": 7.714873334951573E-05
"p1197": 0.0004327855773265517
"p1198": 0.00039515204886337327
"p1199": 0.0015843715482998107
"p1200": 0.00011478226181269414
"p1201": 0.00036880857893914845
"p1202": 0.0015410929905671556
"p1203": 0.0023953740866813063
"p1204": 0
"p1205": 0
"p1206": 6.209532196424438E-05
"p1207": 0.0003876253431707376
"p1208": 0.0006604684245287809
"p1209": 0.000588964720448742
"p1210": 0.006424043308664556
"p1211": 0.005135094958800694
"p1212": 6.962202765688005E-05
