"p1150": 0.0006190715432192848
"p1151": 0.0010499754441226777
"p1152": 0.0006924569237224828
"p1153": 0.0012720132620554299
"p1154": 0.004655267470895169
"p1155": 0.0064710852192435275
"p1156": 0
"p1157": 0.0002540263171264543
"p1158": 0.0002145111122401169
"p1159": 0.0009182580945015532
"p1160": 0.00022768284720222937
"p1161": 0.0007037469822614362
"p1162": 0.003471693000728208
"p1163": 0.0063111427232750185
"p1164": 0.00027284308135804345
"p1165": 0.0011986278815522323
"p1166": 0.006213295549270756
"p1167": 0.010753780758353234
"p1168": 5.645029269476761E-06
"p1169": 5.645029269476761E-06
"p1170": 0.0002145111122401169
"p1171": 8.279376261899248E-05
"p1172": 0
"p1173": 0
"p1174": 0
"p1175": 1.88167642315892E-05
"p1176": 5.645029269476761E-06
"p1177": 5.645029269476761E-06
"p1178": 0.00016182417239166716
"p1179": 5.8331969117926534E-05
"p1180": 0
"p1181": 5.645029269476761E-06
"p1182": 0.0002314462000485472
"p1183": 0.00014300740816007793
"p1184": 0.0013303452311733566
"p1185": 0.003426532766572394
"p1186": 0.0034716930007282084
"p1187": 0.007978308034193823
"p1188": 0
"p1189": 0.0004704191057897301
"p1190": 0.00016182417239166716
"p1191": 0.0007526705692635681
"p1192": 0.0002521446407032953
"p1193": 0.0007752506863414752
"p1194": 0.0018082910426557223
"p1195": 0.004000444075635865
"p1196": 0.00045348401798129976
"p1197": 0.0022824735012917704
"p1198": 0.003244010153525979
"p1199": 0.007921857741499054
"p1200": 0.0006021364554108545
"p1201": 0.0007169187172235487
"p1202": 0.006213295549270756
"p1203": 0.00700736299984382
"p1204": 0
"p1205": 0.00031988499193701646
"p1206": 0.00023144620004854723
"p1207": 0.0012908300262870194
"p1208": 0.00027848811062752024
"p1209": 0.0004346672537497106
"p1210": 0.0032440101535259787
"p1211": 0.004563065326160382
"p1212": 0.0002615530228190899
