"p1150": 0.0021733362687485526
"p1151": 0.0008599261253836267
"p1152": 0.00018440428946957417
"p1153": 1.1290058538953523E-05
"p1154": 0.0014545358751018454
"p1155": 0.00043090390090339285
"p1156": 7.903040977267466E-05
"p1157": 0
"p1158": 0.00011854561465901196
"p1159": 7.5267056926356815E-06
"p1160": 3.387017561686057E-05
"p1161": 0
"p1162": 0.00023897290574118288
"p1163": 9.408382115794602E-06
"p1164": 0.0001599424959685082
"p1165": 0
"p1166": 0.0012362614100154107
"p1167": 0.00016935087808430283
"p1168": 0.00015053411385271363
"p1169": 1.1290058538953523E-05
"p1170": 0.003300460446220746
"p1171": 0.0005946097497182188
"p1172": 6.209532196424438E-05
"p1173": 0
"p1174": 0.00027660643420436126
"p1175": 1.5053411385271363E-05
"p1176": 5.268693984844976E-05
"p1177": 0
"p1178": 0.001559909754798745
"p1179": 0.00019569434800852768
"p1180": 0.00012042729108217089
"p1181": 0
"p1182": 0.004576237061122494
"p1183": 0.0003368200797454468
"p1184": 0.002741602548542547
"p1185": 0.0004327855773265517
"p1186": 0.007436385224324054
"p1187": 0.0051746101636870314
"p1188": 0.0006435333367203508
"p1189": 0
"p1190": 0.0009257848001941889
"p1191": 8.655711546531033E-05
"p1192": 0.0009596549758110494
"p1193": 2.6343469924224887E-05
"p1194": 0.003806631404050497
"p1195": 0.0016464668702640556
"p1196": 0.002194034709403301
"p1197": 3.0106822770542726E-05
"p1198": 0.009131775681590244
"p1199": 0.0031875598608312114
"p1200": 0.0013002384084028135
"p1201": 0.00013548070246744229
"p1202": 0.014099401438729793
"p1203": 0.005923517380104283
"p1204": 0.0003161216390906986
"p1205": 0
"p1206": 0.0020529089776663823
"p1207": 0.0002032210537011634
"p1208": 0.000730090452185661
"p1209": 1.8816764231589203E-05
"p1210": 0.011786821114667482
"p1211": 0.004651504118048852
"p1212": 0.0012682499092091122
