"p1150": 2.2580117077907045E-05
"p1151": 3.198849919370165E-05
"p1152": 0.0017311423093062065
"p1153": 0.00011101890896637629
"p1154": 0.003170624773022781
"p1155": 0.0022617750606370225
"p1156": 0.00016935087808430283
"p1157": 5.2686939848449775E-05
"p1158": 2.634346992422488E-05
"p1159": 1.8816764231589203E-05
"p1160": 0.0005306327513308156
"p1161": 3.7633528463178407E-06
"p1162": 0.0006190715432192848
"p1163": 0.00034434678543808245
"p1164": 0.00193436336300737
"p1165": 7.5267056926356815E-06
"p1166": 0.0022486033256749094
"p1167": 0.0012061545872448676
"p1168": 0.002293763559830724
"p1169": 6.962202765688005E-05
"p1170": 0.005470033362122982
"p1171": 0.0017386690149988424
"p1172": 0.00042337719521075713
"p1173": 4.139688130949624E-05
"p1174": 7.338538050319788E-05
"p1175": 1.5053411385271363E-05
"p1176": 0.0018271078068873116
"p1177": 3.7633528463178407E-06
"p1178": 0.003979745634981117
"p1179": 0.0012381430864385696
"p1180": 0.004800156555478406
"p1181": 7.5267056926356815E-06
"p1182": 0.007408160077976669
"p1183": 0.0012513148214006815
"p1184": 0.008971833185621734
"p1185": 0.0016709286637651213
"p1186": 0.007366763196667174
"p1187": 0.015570872401640068
"p1188": 0.001226853027899616
"p1189": 0.0003594001968233538
"p1190": 0.00013548070246744226
"p1191": 0.00018064093662325633
"p1192": 0.006664897890828896
"p1193": 0.00018064093662325636
"p1194": 0.004062539397600109
"p1195": 0.006550115629016204
"p1196": 0.012023912343985503
"p1197": 0.0002521446407032953
"p1198": 0.006045826347609613
"p1199": 0.009948423249241216
"p1200": 1
"p1201": 0.0004346672537497106
"p1202": 0.01573834160330121
"p1203": 0.012272293631842483
"p1204": 0.0028526214575089236
"p1205": 0.00020886608297064017
"p1206": 0.00036504522609283053
"p1207": 0.0002634346992422489
"p1208": 0.013787043152485409
"p1209": 0.00012795399677480661
"p1210": 0.013792688181754888
"p1211": 0.011525268091848392
"p1212": 0.024403461531948042
