"p1150": 0.00038574366674757867
"p1151": 0.0005607395741013582
"p1152": 0.0008110025383814946
"p1153": 0.0019550618036621183
"p1154": 0.0025873050818435153
"p1155": 0.005095579753914357
"p1156": 0
"p1157": 0.00045724737082761767
"p1158": 0.00013924405531376012
"p1159": 0.0007131553643772309
"p1160": 0.0002540263171264542
"p1161": 0.0006868118944530059
"p1162": 0.0009446015644257781
"p1163": 0.00291095342662685
"p1164": 0.00034058343259176464
"p1165": 0.0015843715482998112
"p1166": 0.002630583639576171
"p1167": 0.006627264362365719
"p1168": 0.0006604684245287812
"p1169": 0.0012569598506701586
"p1170": 0.005754166502019978
"p1171": 0.007820247214648475
"p1172": 0
"p1173": 0.0002653163756654078
"p1174": 0.00033117505047596993
"p1175": 0.0014357191108702563
"p1176": 0.00023520955289486507
"p1177": 0.0007188003936467075
"p1178": 0.004854725171750015
"p1179": 0.00823233435132028
"p1180": 0.00026719805208856665
"p1181": 0.0011835744701669609
"p1182": 0.008467543904215145
"p1183": 0.014406114695704696
"p1184": 0.0006322432781813972
"p1185": 0.0013830321710218065
"p1186": 0.001488406050718706
"p1187": 0.003460402942189254
"p1188": 0
"p1189": 0.00018628596589273313
"p1190": 2.4461793501065963E-05
"p1191": 0.00014865243742955472
"p1192": 0.00012419064392848875
"p1193": 0.000306713256974904
"p1194": 0.0003669269025159895
"p1195": 0.0011459409417037823
"p1196": 0.00017499590735377962
"p1197": 0.0008843879188846928
"p1198": 0.0008110025383814948
"p1199": 0.0026098851989214225
"p1200": 0.0004760641350592069
"p1201": 0.00035751852040019486
"p1202": 0.004280813862686545
"p1203": 0.0033682007974544675
"p1204": 0
"p1205": 0.00013548070246744223
"p1206": 0.00011290058538953522
"p1207": 0.0006830485416066881
"p1208": 0.00013359902604428335
"p1209": 0.0001298356731979655
"p1210": 0.0023408054704096965
"p1211": 0.0019437717451231645
"p1212": 0.00019004931873905094
