"p1150": 0.0004327855773265517
"p1151": 0.0008072391855351768
"p1152": 0.00022768284720222937
"p1153": 0.0012249713514764571
"p1154": 0.002028447184165316
"p1155": 0.0033550290624923553
"p1156": 0
"p1157": 0
"p1158": 0.0001919309951622099
"p1159": 0.0009276664766173478
"p1160": 0.0009502465936952547
"p1161": 0.002115004299630626
"p1162": 0.007797667097570567
"p1163": 0.012678735739244806
"p1164": 0.0001392440553137601
"p1165": 0.0005287510749076566
"p1166": 0.005398529658042943
"p1167": 0.009197634356400804
"p1168": 0
"p1169": 5.645029269476761E-06
"p1170": 4.327855773265517E-05
"p1171": 4.704191057897301E-05
"p1172": 0
"p1173": 0
"p1174": 0
"p1175": 1.1290058538953523E-05
"p1176": 1.1290058538953523E-05
"p1177": 1.1290058538953523E-05
"p1178": 0.00037633528463178407
"p1179": 0.00013548070246744226
"p1180": 0
"p1181": 0
"p1182": 0.0002013393772780045
"p1183": 0.00013359902604428335
"p1184": 0.0001561791431221904
"p1185": 0.002077370771167448
"p1186": 0.0009841167693121153
"p1187": 0.0028770832510099887
"p1188": 0
"p1189": 0
"p1190": 4.516023415581409E-05
"p1191": 0.00032553002120649325
"p1192": 0.0015824898718766521
"p1193": 0.00444451971150137
"p1194": 0.0051708468108407155
"p1195": 0.011935473552097035
"p1196": 0.0002239194943559115
"p1197": 0.001162876029512213
"p1198": 0.002224141532173844
"p1199": 0.006664897890828896
"p1200": 0.00013359902604428335
"p1201": 0.000728208775762502
"p1202": 0.00237091229318024
"p1203": 0.004869778583135286
"p1204": 0
"p1205": 0
"p1206": 0.00011854561465901199
"p1207": 0.000733853805031979
"p1208": 0.0009314298294636654
"p1209": 0.0013943222295607599
"p1210": 0.009180699268592375
"p1211": 0.011160222865755562
"p1212": 9.972885042742278E-05
