"p1150": 0.0004440756358655052
"p1151": 0.0004327855773265517
"p1152": 0.004241298657800206
"p1153": 0.0002333278764717061
"p1154": 0.004292103921225497
"p1155": 0.004721126145705732
"p1156": 0.0009182580945015532
"p1157": 9.408382115794602E-05
"p1158": 0.00010161052685058169
"p1159": 0.00013548070246744226
"p1160": 0.004700427705050983
"p1161": 6.021364554108546E-05
"p1162": 0.0028432130753931286
"p1163": 0.0033964259438018516
"p1164": 0.009368866910908265
"p1165": 0
"p1166": 0.004691019322935188
"p1167": 0.004961980727870074
"p1168": 7.714873334951574E-05
"p1169": 0
"p1170": 0.000237091229318024
"p1171": 1.1290058538953523E-05
"p1172": 1.88167642315892E-05
"p1173": 0
"p1174": 0
"p1175": 0
"p1176": 5.2686939848449775E-05
"p1177": 0
"p1178": 0.00018440428946957417
"p1179": 1.1290058538953523E-05
"p1180": 0.00014300740816007793
"p1181": 0
"p1182": 0.0002314462000485472
"p1183": 5.645029269476761E-06
"p1184": 0.004907412111598464
"p1185": 0.00099352515142791
"p1186": 0.0027547742835046596
"p1187": 0.007524824016212523
"p1188": 0.0007526705692635681
"p1189": 0.00024461793501065964
"p1190": 7.903040977267465E-05
"p1191": 0.00011666393823585307
"p1192": 0.0028206329583152214
"p1193": 7.526705692635681E-05
"p1194": 0.0013096467905186083
"p1195": 0.0026889156086940974
"p1196": 0.006583985804633062
"p1197": 0.00018064093662325633
"p1198": 0.0021093592703611496
"p1199": 0.0051388583116470125
"p1200": 0.004711717763589937
"p1201": 4.327855773265517E-05
"p1202": 0.00622270393138655
"p1203": 0.004145333160219102
"p1204": 0.0012908300262870194
"p1205": 3.9515204886337324E-05
"p1206": 0.00011478226181269415
"p1207": 0.00019569434800852773
"p1208": 0.0034735746771513668
"p1209": 5.645029269476761E-06
"p1210": 0.0030558425112100864
"p1211": 0.0021564011809401228
"p1212": 0.009739557166270571
