"p1150": 0
"p1151": 0
"p1152": 0.00031047660982122185
"p1153": 0
"p1154": 0.002116885976053785
"p1155": 0.00033305672689912887
"p1156": 0.002427362585875007
"p1157": 0
"p1158": 0.005291274101922885
"p1159": 0.0014300740816007794
"p1160": 0.0020077487435105684
"p1161": 0.00014677076100639582
"p1162": 0.009513755995491506
"p1163": 0.00526493063199866
"p1164": 0.003631635496696716
"p1165": 0.000613426513949808
"p1166": 0.016667889756341724
"p1167": 0.009160000827937626
"p1168": 0.0003913886960170554
"p1169": 0
"p1170": 0.005949860850028506
"p1171": 0.0011835744701669609
"p1172": 0.002237313267135956
"p1173": 0
"p1174": 0.010958883488477553
"p1175": 0.0027284308135804344
"p1176": 0.0015128678442197722
"p1177": 6.021364554108545E-05
"p1178": 0.020530971453086987
"p1179": 0.00879119224899848
"p1180": 0.002035973889857952
"p1181": 0.00023709122931802397
"p1182": 1
"p1183": 0.014191603583464583
"p1184": 8.655711546531033E-05
"p1185": 0
"p1186": 0.0004120871366718036
"p1187": 4.8923587002131926E-05
"p1188": 0.0013510436718281046
"p1189": 0
"p1190": 0.0019908136557021377
"p1191": 0.000306713256974904
"p1192": 0.0010838456197395385
"p1193": 0.00010161052685058169
"p1194": 0.004019260839867455
"p1195": 0.0026399920216919654
"p1196": 0.002971167072167936
"p1197": 0.0006717584830677346
"p1198": 0.011250543334067185
"p1199": 0.007314076256818724
"p1200": 5.080526342529086E-05
"p1201": 0
"p1202": 0.0020660807126284945
"p1203": 0.00026343469924224885
"p1204": 0.0011120707660869217
"p1205": 0
"p1206": 0.00751353395767357
"p1207": 0.0009502465936952549
"p1208": 0.00044407563586550526
"p1209": 2.8225146347383808E-05
"p1210": 0.010881734755128039
"p1211": 0.0019908136557021377
"p1212": 0.0013755054653291706
