"p1150": 1.1290058538953523E-05
"p1151": 0
"p1152": 0.0003838619903244197
"p1153": 0
"p1154": 0.0018515696003883774
"p1155": 0.0004666557529434123
"p1156": 0
"p1157": 0
"p1158": 0.0004158504895181214
"p1159": 1.1290058538953523E-05
"p1160": 0.0008110025383814942
"p1161": 0.0001448890845832369
"p1162": 0.011709672381317962
"p1163": 0.0023803206752960352
"p1164": 8.655711546531033E-05
"p1165": 7.5267056926356815E-06
"p1166": 0.009246557943402935
"p1167": 0.0012061545872448678
"p1168": 6.397699838740328E-05
"p1169": 0
"p1170": 0.0004158504895181214
"p1171": 0
"p1172": 0
"p1173": 0
"p1174": 5.2686939848449775E-05
"p1175": 0
"p1176": 0.0001448890845832369
"p1177": 1.6935087808430282E-05
"p1178": 0.0021770996215948702
"p1179": 9.596549758110492E-05
"p1180": 0
"p1181": 0
"p1182": 0.0010368037091605651
"p1183": 0
"p1184": 0.004978915815678503
"p1185": 0
"p1186": 0.01170967238131796
"p1187": 0.0030106822770542725
"p1188": 0
"p1189": 0
"p1190": 0.002177099621594871
"p1191": 0.00016182417239166716
"p1192": 0.011709672381317962
"p1193": 0.002177099621594871
"p1194": 1
"p1195": 0.03294062746382007
"p1196": 0.0030106822770542725
"p1197": 0.00016182417239166716
"p1198": 0.03294062746382007
"p1199": 0.013100231258032403
"p1200": 0.0009144947416552351
"p1201": 0
"p1202": 0.009246557943402935
"p1203": 0.0013378719368659924
"p1204": 0
"p1205": 0
"p1206": 0.0010368037091605651
"p1207": 4.139688130949625E-05
"p1208": 0.0023803206752960344
"p1209": 9.596549758110495E-05
"p1210": 0.03294062746382006
"p1211": 0.011427420917844124
"p1212": 0.0005870830440255833
