"p1150": 0
"p1151": 0
"p1152": 0.0009069680359625995
"p1153": 0.0011760477644743251
"p1154": 0.00014300740816007796
"p1155": 0.0002916598455896327
"p1156": 6.962202765688006E-05
"p1157": 0.00035751852040019497
"p1158": 0
"p1159": 0
"p1160": 0.004901767082328988
"p1161": 0.0035224982641534988
"p1162": 0.003381372532416581
"p1163": 0.0017650124849230672
"p1164": 0.003825448168282085
"p1165": 0.0040004440756358645
"p1166": 0.0017800658963083387
"p1167": 0.00023332787647170608
"p1168": 0.00019381267158536883
"p1169": 0.00018440428946957417
"p1170": 3.198849919370165E-05
"p1171": 3.575185204001949E-05
"p1172": 7.5267056926356815E-06
"p1173": 4.516023415581409E-05
"p1174": 0
"p1175": 0
"p1176": 0.0006999836294151185
"p1177": 0.00029730487485910944
"p1178": 0.0007056286586845951
"p1179": 0.00019004931873905094
"p1180": 0.0004346672537497106
"p1181": 0.0003274116976296521
"p1182": 0.0001844042894695742
"p1183": 0
"p1184": 0.003673032378006213
"p1185": 0.009824232605312722
"p1186": 0.0007112736879540719
"p1187": 0.0043617259488823775
"p1188": 0.0003594001968233538
"p1189": 0.0019795235971631843
"p1190": 0
"p1191": 0
"p1192": 0.018385860330685816
"p1193": 1
"p1194": 0.011734134174819031
"p1195": 0.027700158625322473
"p1196": 0.010467765942033077
"p1197": 0.02394621416112043
"p1198": 0.004527313474120363
"p1199": 0.007112736879540721
"p1200": 0.0027886444591215206
"p1201": 0.00672699321279314
"p1202": 0.0006529417188361453
"p1203": 0.0009709450343500031
"p1204": 0.0001373623788906012
"p1205": 0.0009408382115794602
"p1206": 0
"p1207": 0
"p1208": 0.011113180955176582
"p1209": 0.016976484689739783
"p1210": 0.007805193803263203
"p1211": 0.005221652074266005
"p1212": 0.007112736879540719
