"p1150": 0
"p1151": 0
"p1152": 0.0016050699889545586
"p1153": 0.003977863958557959
"p1154": 0.00029542319843595046
"p1155": 0.0016841003987272337
"p1156": 8.091208619583358E-05
"p1157": 0.0005983731025645366
"p1158": 0
"p1159": 0
"p1160": 0.00573534973778839
"p1161": 0.012588415270933184
"p1162": 0.003806631404050496
"p1163": 0.010019926953321254
"p1164": 0.0029881021599763653
"p1165": 0.008345234936709814
"p1166": 0.0015260395791818842
"p1167": 0.00305019748194061
"p1168": 0.0033305672689912897
"p1169": 0.007065694968961747
"p1170": 0.0006886935708761649
"p1171": 0.002060435683359018
"p1172": 0.0003706902553623073
"p1173": 0.0018779130703126027
"p1174": 0
"p1175": 0
"p1176": 0.012588415270933179
"p1177": 1
"p1178": 0.008623723047337334
"p1179": 0.009370748587331425
"p1180": 0.009671816815036852
"p1181": 0.01930976345445684
"p1182": 0.0040625393976001095
"p1183": 0.0026211752574603763
"p1184": 0.00045724737082761767
"p1185": 0.001512867844219772
"p1186": 7.33853805031979E-05
"p1187": 0.001160994353089054
"p1188": 1.1290058538953523E-05
"p1189": 9.784717400426387E-05
"p1190": 0
"p1191": 0
"p1192": 0.0038066314040504966
"p1193": 0.008623723047337337
"p1194": 0.0018873214524283972
"p1195": 0.008110025383814948
"p1196": 0.0011741660880511663
"p1197": 0.003462284618612414
"p1198": 0.0004948808992907961
"p1199": 0.001862859658927331
"p1200": 0.00271902243146464
"p1201": 0.004207428482183346
"p1202": 0.0005645029269476761
"p1203": 0.0007940674505730644
"p1204": 0.00011290058538953522
"p1205": 0.0006623501009519399
"p1206": 0
"p1207": 0
"p1208": 0.010019926953321254
"p1209": 0.009370748587331423
"p1210": 0.008110025383814947
"p1211": 0.0035413150283850883
"p1212": 0.006299852664736066
