"p1150": 0
"p1151": 3.7633528463178407E-06
"p1152": 0.005995021084184321
"p1153": 0.00012419064392848875
"p1154": 0.005012785991295364
"p1155": 0.005381594570234512
"p1156": 1
"p1157": 0.0005757929854866296
"p1158": 0.010298415063948772
"p1159": 0.008202227528549736
"p1160": 0.004992087550640616
"p1161": 0
"p1162": 0.0031706247730227807
"p1163": 0.0030520791583637692
"p1164": 0.01186961487728647
"p1165": 0
"p1166": 0.005884002175217944
"p1167": 0.005517075272701956
"p1168": 0.0002653163756654078
"p1169": 0
"p1170": 0.0009144947416552353
"p1171": 3.7633528463178407E-05
"p1172": 0.000492999222867637
"p1173": 1.1290058538953523E-05
"p1174": 0.001894848158121033
"p1175": 6.774035123372113E-05
"p1176": 5.833196911792653E-05
"p1177": 0
"p1178": 0.0001787592602000974
"p1179": 0
"p1180": 0.0004911175464444782
"p1181": 0
"p1182": 0.0008222925969204483
"p1183": 1.8816764231589203E-05
"p1184": 0.005279984043383931
"p1185": 0.00041773216594128033
"p1186": 0.003144281303098556
"p1187": 0.00734041972674295
"p1188": 0.012579006888817384
"p1189": 0.0023502138525254915
"p1190": 0.009986056777704394
"p1191": 0.019243904779646284
"p1192": 0.0027114957257720045
"p1193": 0
"p1194": 0.0010255136506216117
"p1195": 0.002075489094744289
"p1196": 0.00794820121142328
"p1197": 5.645029269476761E-05
"p1198": 0.0029617586900521405
"p1199": 0.0057616932077126145
"p1200": 0.006139910168767557
"p1201": 2.6343469924224884E-05
"p1202": 0.007927502770768532
"p1203": 0.004841553436787903
"p1204": 0.012086007665949748
"p1205": 0.00021074775939379904
"p1206": 0.01998716696679406
"p1207": 0.01021373962490662
"p1208": 0.003289170387681793
"p1209": 0
"p1210": 0.002871438221740513
"p1211": 0.0016596386052261677
"p1212": 0.013032490906798685
