"p1150": 0.00023144620004854718
"p1151": 0.000259671346395931
"p1152": 0.003678677407275689
"p1153": 6.021364554108546E-05
"p1154": 0.002032210537011634
"p1155": 0.0029561136607826636
"p1156": 0.005167083457994395
"p1157": 0.0003274116976296522
"p1158": 0.005406056363735579
"p1159": 0.005163320105148079
"p1160": 0.002506392995647682
"p1161": 0
"p1162": 0.0009634183286573672
"p1163": 0.0014225473759081437
"p1164": 0.007524824016212523
"p1165": 0
"p1166": 0.0031555713616375092
"p1167": 0.003385135885262898
"p1168": 5.833196911792653E-05
"p1169": 0
"p1170": 0.0001448890845832369
"p1171": 1.1290058538953523E-05
"p1172": 0.00012042729108217089
"p1173": 0
"p1174": 0.00037069025536230727
"p1175": 1.1290058538953523E-05
"p1176": 1.1290058538953523E-05
"p1177": 0
"p1178": 2.4461793501065963E-05
"p1179": 0
"p1180": 0.00010161052685058171
"p1181": 0
"p1182": 0.00011290058538953522
"p1183": 5.645029269476761E-06
"p1184": 0.00212629435816958
"p1185": 0.000165587525237985
"p1186": 0.0007733690099183163
"p1187": 0.0023483321761023327
"p1188": 0.006960321089264846
"p1189": 0.0012381430864385696
"p1190": 0.003674914054429372
"p1191": 0.009058390301087044
"p1192": 0.0008561627725373087
"p1193": 0
"p1194": 0.0002389729057411829
"p1195": 0.000590846396871901
"p1196": 0.004892358700213194
"p1197": 9.032046831162817E-05
"p1198": 0.0015298029320282025
"p1199": 0.003315513857606018
"p1200": 0.0032665902706038854
"p1201": 1.3171734962112442E-05
"p1202": 0.002314462000485472
"p1203": 0.0018967298345441922
"p1204": 0.007214347406391302
"p1205": 8.279376261899248E-05
"p1206": 0.008301956378977158
"p1207": 0.0055358920369335445
"p1208": 0.0013397536132891514
"p1209": 0
"p1210": 0.0007150370408003897
"p1211": 0.0005042892814065907
"p1212": 0.007383698284475604
