"p1150": 0.002869556545317354
"p1151": 0.002647518727384601
"p1152": 3.7633528463178407E-06
"p1153": 0
"p1154": 0.00012230896750532982
"p1155": 1.8816764231589203E-05
"p1156": 0.0002446179350106597
"p1157": 0
"p1158": 0.0005306327513308156
"p1159": 0.0001373623788906012
"p1160": 4.3278557732655166E-05
"p1161": 0
"p1162": 0.00044407563586550526
"p1163": 0.00010349220327374062
"p1164": 0.00021639278866327586
"p1165": 1.1290058538953523E-05
"p1166": 0.001860977982504172
"p1167": 0.0004948808992907961
"p1168": 3.7633528463178407E-06
"p1169": 0
"p1170": 0.0004817091643286836
"p1171": 9.408382115794602E-05
"p1172": 0.00021262943581695803
"p1173": 0
"p1174": 0.0013096467905186083
"p1175": 0.00030294990412858624
"p1176": 4.516023415581409E-05
"p1177": 0
"p1178": 0.002017157125626363
"p1179": 0.0003142399626675397
"p1180": 0.0001749959073537796
"p1181": 1.1290058538953523E-05
"p1182": 0.005686426150786257
"p1183": 0.0008862695953078514
"p1184": 0.00023520955289486507
"p1185": 0
"p1186": 0.0015749631661840164
"p1187": 0.00023897290574118288
"p1188": 0.002009630419933727
"p1189": 0
"p1190": 0.0044652181521561175
"p1191": 0.0012701315856322708
"p1192": 0.00130776511409545
"p1193": 5.645029269476761E-05
"p1194": 0.0046722025587036
"p1195": 0.0021375844167085337
"p1196": 0.0032063766250628005
"p1197": 0.0004327855773265517
"p1198": 0.011440592652806239
"p1199": 0.006602802568864652
"p1200": 0.00021074775939379904
"p1201": 0
"p1202": 0.003665505672313577
"p1203": 0.0008128842148046537
"p1204": 0.0014131389937923492
"p1205": 0
"p1206": 0.009240912914133457
"p1207": 0.002329515411870743
"p1208": 0.0008241742733436072
"p1209": 1.8816764231589203E-05
"p1210": 0.010725555612005847
"p1211": 0.004359844272459219
"p1212": 0.0014827610214492293
