"p1150": 0
"p1151": 0
"p1152": 0.001727378956459889
"p1153": 0.00014677076100639582
"p1154": 0.007176713877928122
"p1155": 0.004220600217145459
"p1156": 0.0041961384236443924
"p1157": 0.000613426513949808
"p1158": 0.013745646271175915
"p1159": 0.00822480764562764
"p1160": 0.0003575185204001949
"p1161": 0
"p1162": 0.0032270750657175493
"p1163": 0.0011967462051290735
"p1164": 0.0017763025434620206
"p1165": 0
"p1166": 0.008682055016455258
"p1167": 0.0021037142410916727
"p1168": 0.0012475514685543643
"p1169": 6.021364554108545E-05
"p1170": 0.013745646271175919
"p1171": 0.005780509971944204
"p1172": 0.002427362585875007
"p1173": 0.00023709122931802397
"p1174": 1
"p1175": 0.01014788095009606
"p1176": 0.0003123582862443808
"p1177": 0
"p1178": 0.010206212919213987
"p1179": 0.0038198031390126084
"p1180": 0.0018233444540409942
"p1181": 0
"p1182": 0.024322549445752205
"p1183": 0.005633739210937808
"p1184": 0.0009859984457352745
"p1185": 0.00010161052685058169
"p1186": 0.0032270750657175493
"p1187": 0.0023577405582181268
"p1188": 0.0031687430965996227
"p1189": 0.0006717584830677346
"p1190": 0.010206212919213985
"p1191": 0.007011126352690139
"p1192": 0.00012419064392848873
"p1193": 0
"p1194": 0.0010048152099668636
"p1195": 0.0003142399626675397
"p1196": 0.001081963943316379
"p1197": 0
"p1198": 0.003543196704808247
"p1199": 0.0008448727139983552
"p1200": 0.000353755167553877
"p1201": 2.8225146347383808E-05
"p1202": 0.00868205501645526
"p1203": 0.0015523830491061094
"p1204": 0.0016521118995335318
"p1205": 0.00018064093662325633
"p1206": 0.024322549445752212
"p1207": 0.004207428482183346
"p1208": 9.032046831162815E-05
"p1209": 0
"p1210": 0.0035431967048082475
"p1211": 0.0005174610163687031
"p1212": 0.0006153081903729669
