"p1150": 5.833196911792653E-05
"p1151": 0.00011666393823585304
"p1152": 0.0010010518571205457
"p1153": 0.0027321941664267524
"p1154": 0.00026907972851172564
"p1155": 0.0012851849970175423
"p1156": 0.002427362585875007
"p1157": 0.005556590477588292
"p1158": 0.001065028855507949
"p1159": 0.0035469600576545656
"p1160": 0.0002615530228190899
"p1161": 0.001061265502661631
"p1162": 5.645029269476761E-05
"p1163": 0.00023897290574118293
"p1164": 0.0013867955238681244
"p1165": 0.004371134330998174
"p1166": 0.00025214464070329537
"p1167": 0.0012757766149017477
"p1168": 0.002408545821643418
"p1169": 0.005295037454769202
"p1170": 0.0008110025383814947
"p1171": 0.0014507725222555276
"p1172": 0.005411701393005055
"p1173": 0.008730978603457392
"p1174": 0.002852621457508923
"p1175": 0.0032007315957933236
"p1176": 0.001510986167796613
"p1177": 0.0035337883226924526
"p1178": 0.0003142399626675397
"p1179": 0.00044783898871182307
"p1180": 0.0050221943734111586
"p1181": 0.010782005904700616
"p1182": 0.0010029335335437048
"p1183": 0.0015599097547987452
"p1184": 0.0002803697870506791
"p1185": 0.0009144947416552353
"p1186": 5.6450292694767617E-05
"p1187": 0.00047982748790552463
"p1188": 0.0016351768117251015
"p1189": 0.0037388910528167755
"p1190": 0.0004986442521371139
"p1191": 0.0026663354916161906
"p1192": 4.327855773265518E-05
"p1193": 0.0002051027301243223
"p1194": 7.5267056926356815E-06
"p1195": 5.4568616271608685E-05
"p1196": 0.0004948808992907961
"p1197": 0.0016539935759566908
"p1198": 6.209532196424436E-05
"p1199": 0.0006774035123372114
"p1200": 0.0012136812929375033
"p1201": 0.0015185128734892487
"p1202": 0.000472300782212889
"p1203": 0.0003048315805517451
"p1204": 0.0041359247781033075
"p1205": 0.004467099828579277
"p1206": 0.002393492410258147
"p1207": 0.001110189089663763
"p1208": 0.00044219395944234633
"p1209": 0.000568266279793994
"p1210": 9.220214473478711E-05
"p1211": 3.7633528463178407E-05
"p1212": 0.002745365901388865
