"p1150": 7.903040977267465E-05
"p1151": 0.0003180033155138576
"p1152": 0.0002803697870506791
"p1153": 0
"p1154": 0.0001204272910821709
"p1155": 8.843879188846924E-05
"p1156": 0.0007451438635709322
"p1157": 0.00013736237889060116
"p1158": 0.00046289240009709436
"p1159": 0.0004704191057897301
"p1160": 0.0009502465936952549
"p1161": 1.1290058538953523E-05
"p1162": 0.0015824898718766521
"p1163": 0.0009314298294636656
"p1164": 0.002346450499679174
"p1165": 0.00011101890896637629
"p1166": 0.003673032378006213
"p1167": 0.0024593510850687093
"p1168": 0.000707510335107754
"p1169": 0
"p1170": 0.0005080526342529085
"p1171": 0.0002163927886632758
"p1172": 0.0016257684296093072
"p1173": 0.00010161052685058167
"p1174": 0.0010932540018553324
"p1175": 0.0006209532196424437
"p1176": 0.0021150042996306265
"p1177": 1.1290058538953523E-05
"p1178": 0.00444451971150137
"p1179": 0.0013943222295607599
"p1180": 0.004818973319709995
"p1181": 6.962202765688005E-05
"p1182": 0.009605958140226288
"p1183": 0.0024480610265297555
"p1184": 0.0019306000101610523
"p1185": 0
"p1186": 0.00047982748790552474
"p1187": 0.0007056286586845951
"p1188": 0.004659030823741487
"p1189": 0.0007677239806488395
"p1190": 0.0014733526393334348
"p1191": 0.0033907809145323747
"p1192": 0.007797667097570566
"p1193": 0.000376335284631784
"p1194": 0.005170846810840714
"p1195": 0.009180699268592376
"p1196": 0.014163378437117197
"p1197": 0.0016709286637651213
"p1198": 0.010157289332211853
"p1199": 0.018295539862374186
"p1200": 0.004803919908324725
"p1201": 0
"p1202": 0.0016238867531861482
"p1203": 0.0017386690149988422
"p1204": 0.009984175101281228
"p1205": 0.00041020546024864466
"p1206": 0.004790748173362611
"p1207": 0.004632687353817262
"p1208": 0.012678735739244804
"p1209": 0.00013548070246744229
"p1210": 0.011935473552097037
"p1211": 0.011160222865755564
"p1212": 1
