"p1150": 0
"p1151": 1.8816764231589203E-05
"p1152": 0.0007526705692635679
"p1153": 0.0005588578976781991
"p1154": 0.004205546805760188
"p1155": 0.002559079935496131
"p1156": 0
"p1157": 0.00012042729108217092
"p1158": 7.714873334951572E-05
"p1159": 0.00036692690251598946
"p1160": 0.0003123582862443808
"p1161": 0.0002540263171264543
"p1162": 0.003772761228433636
"p1163": 0.001949416774392641
"p1164": 0.0001975760244316866
"p1165": 0.00029165984558963265
"p1166": 0.006350657928161354
"p1167": 0.004487798269234025
"p1168": 0.00016935087808430286
"p1169": 8.843879188846925E-05
"p1170": 0.0010217502977752937
"p1171": 0.0003594001968233538
"p1172": 0
"p1173": 2.8225146347383805E-05
"p1174": 1.1290058538953523E-05
"p1175": 5.6450292694767617E-05
"p1176": 6.774035123372113E-05
"p1177": 3.3870175616860565E-05
"p1178": 0.0003518734911307181
"p1179": 9.220214473478709E-05
"p1180": 2.4461793501065966E-05
"p1181": 3.0106822770542726E-05
"p1182": 0.0007997124798425412
"p1183": 0.0003876253431707376
"p1184": 0.004866015230288968
"p1185": 0.009271019736904003
"p1186": 0.015719524839069625
"p1187": 1
"p1188": 0
"p1189": 0.0012795399677480658
"p1190": 0.0005419228098697691
"p1191": 0.0024668777907613446
"p1192": 0.0015203945499124077
"p1193": 0.003725719317854662
"p1194": 0.011517741386155755
"p1195": 0.024126855097743687
"p1196": 0.002060435683359017
"p1197": 0.006467321866397209
"p1198": 0.016903099309236586
"p1199": 0.03268095611742414
"p1200": 0.001204272910821709
"p1201": 0.0012626048799396351
"p1202": 0.011306993626761953
"p1203": 0.01168144723497058
"p1204": 0
"p1205": 0.0005005259285602729
"p1206": 0.00031612163909069865
"p1207": 0.0018158177483483583
"p1208": 0.0006717584830677345
"p1209": 0.0008411093611520374
"p1210": 0.007024298087652249
"p1211": 0.009651118374382105
"p1212": 0.0006058998082571724
