"p1150": 0
"p1151": 0
"p1152": 0.0038800167845536937
"p1153": 0.006877527326645856
"p1154": 0.0027754727241594075
"p1155": 0.0069113975022627155
"p1156": 0.00020322105370116337
"p1157": 0.0013341085840196745
"p1158": 0
"p1159": 5.645029269476761E-05
"p1160": 0.0019663518622010717
"p1161": 0.006083459876072791
"p1162": 0.001048093767699519
"p1163": 0.0031762698022922585
"p1164": 0.004162268248027532
"p1165": 0.010213739624906622
"p1166": 0.0017763025434620208
"p1167": 0.004617633942431991
"p1168": 0.006369474692392945
"p1169": 1
"p1170": 0.004818973319709995
"p1171": 0.005014667667718523
"p1172": 0.0004911175464444782
"p1173": 0.0023483321761023327
"p1174": 0
"p1175": 2.2580117077907042E-05
"p1176": 0.0069057524729932394
"p1177": 0.014456919959129988
"p1178": 0.003870608402437899
"p1179": 0.004429466300116099
"p1180": 0.011195974717795577
"p1181": 0.02133068393292953
"p1182": 0.004630805677394104
"p1183": 0.00421683686429914
"p1184": 0.002886491633125784
"p1185": 0.005804971765445271
"p1186": 0.0016220050767629893
"p1187": 0.006587749157479381
"p1188": 3.575185204001949E-05
"p1189": 0.00033117505047597
"p1190": 0
"p1191": 3.3870175616860565E-05
"p1192": 0.0009502465936952549
"p1193": 0.0029241251615889628
"p1194": 0.00026907972851172564
"p1195": 0.0015241579027587258
"p1196": 0.0018158177483483583
"p1197": 0.004873541935981605
"p1198": 0.0005814380147561064
"p1199": 0.0030106822770542734
"p1200": 0.006393936485894012
"p1201": 0.005650674298746238
"p1202": 0.005678899445093621
"p1203": 0.0026456370509614423
"p1204": 0.0002145111122401169
"p1205": 0.001228734704322775
"p1206": 0
"p1207": 2.2580117077907045E-05
"p1208": 0.004028669221983249
"p1209": 0.0041227530431411944
"p1210": 0.00252709143630243
"p1211": 0.0009050863595394407
"p1212": 0.00828125793832241
