"p1150": 0
"p1151": 3.7633528463178407E-06
"p1152": 0.002673862197308826
"p1153": 0.0019437717451231645
"p1154": 0.002011512096356886
"p1155": 0.0012795399677480654
"p1156": 7.714873334951572E-05
"p1157": 0.0004083237838254857
"p1158": 0
"p1159": 0
"p1160": 0.0024198358801823714
"p1161": 0.001763130808499908
"p1162": 0.0014150206702155076
"p1163": 0.0004948808992907962
"p1164": 0.004516023415581409
"p1165": 0.0044162945651539855
"p1166": 0.001968233538624231
"p1167": 0.000447838988711823
"p1168": 0.0005475678391392458
"p1169": 0.00025214464070329537
"p1170": 0.0005588578976781994
"p1171": 0.0001674692016611439
"p1172": 1.1290058538953523E-05
"p1173": 6.209532196424438E-05
"p1174": 0
"p1175": 0
"p1176": 0.0001768775837769385
"p1177": 8.091208619583358E-05
"p1178": 0.00015241579027587256
"p1179": 2.2580117077907045E-05
"p1180": 0.0005833196911792654
"p1181": 0.0003838619903244198
"p1182": 0.00022015614150959367
"p1183": 3.9515204886337324E-05
"p1184": 0.011167749571448195
"p1185": 1
"p1186": 0.007620789513793627
"p1187": 0.0194264273926927
"p1188": 0.0005419228098697691
"p1189": 0.0030294990412858616
"p1190": 0
"p1191": 5.645029269476761E-05
"p1192": 0.007927502770768534
"p1193": 0.019456534215463242
"p1194": 0.004186730041528598
"p1195": 0.00840356690582774
"p1196": 0.012748357766901686
"p1197": 0.028114127438417437
"p1198": 0.005144503340916488
"p1199": 0.01106802072102077
"p1200": 0.006775916799795275
"p1201": 0.009293599853981909
"p1202": 0.0052969191311923606
"p1203": 0.0033061054754902237
"p1204": 0.00031612163909069865
"p1205": 0.0018741497174662846
"p1206": 0
"p1207": 7.903040977267465E-05
"p1208": 0.004581882090391971
"p1209": 0.008320773143208747
"p1210": 0.0025402631712645425
"p1211": 0.0019362450394305292
"p1212": 0.009532572759723091
