"p1150": 0
"p1151": 3.7633528463178407E-06
"p1152": 0.0019512984508158002
"p1153": 0.0015881349011461288
"p1154": 0.0012738949384785891
"p1155": 0.000543804486292928
"p1156": 0.003673032378006213
"p1157": 0.002651282080230919
"p1158": 0.0026983239908098923
"p1159": 0.001268249909209112
"p1160": 0.0008222925969204481
"p1161": 0.0007865407448804289
"p1162": 0.0003443467854380824
"p1163": 6.021364554108544E-05
"p1164": 0.0027359575192730697
"p1165": 0.003198849919370165
"p1166": 0.0007959491269962232
"p1167": 0.0003274116976296522
"p1168": 0.00026155302281908997
"p1169": 0.00015053411385271363
"p1170": 0.00016935087808430283
"p1171": 2.2580117077907045E-05
"p1172": 0.0006435333367203509
"p1173": 0.0003142399626675397
"p1174": 0.0006717584830677345
"p1175": 0.0001674692016611439
"p1176": 5.645029269476761E-05
"p1177": 3.575185204001949E-05
"p1178": 1.6935087808430282E-05
"p1179": 0
"p1180": 0.00035751852040019486
"p1181": 0.0002784881106275202
"p1182": 7.33853805031979E-05
"p1183": 3.9515204886337324E-05
"p1184": 0.005645029269476761
"p1185": 0.01365908915571061
"p1186": 0.0033136321811828586
"p1187": 0.00855974604894993
"p1188": 0.01365908915571061
"p1189": 1
"p1190": 0.0090282834783165
"p1191": 0.02051027301243224
"p1192": 0.003313632181182858
"p1193": 0.009028283478316503
"p1194": 0.0013604520539438993
"p1195": 0.0023012902655233595
"p1196": 0.008559746048949927
"p1197": 0.02051027301243223
"p1198": 0.002301290265523359
"p1199": 0.0062151772256939155
"p1200": 0.0037746429048567945
"p1201": 0.006544470599746726
"p1202": 0.0022580117077907044
"p1203": 0.0018101727190788816
"p1204": 0.00970380531423055
"p1205": 0.013749409624022234
"p1206": 0.007142843702311262
"p1207": 0.004036195927675884
"p1208": 0.0012550781742469998
"p1209": 0.0033418573275302427
"p1210": 0.00038198031390126086
"p1211": 0.0004610107236739354
"p1212": 0.005882120498794786
