"p1150": 0.00012419064392848873
"p1151": 0.00023520955289486501
"p1152": 0.0010951356782784917
"p1153": 1.6935087808430282E-05
"p1154": 0.0019494167743926416
"p1155": 0.0007507888928404093
"p1156": 0.00023709122931802392
"p1157": 2.0698440654748124E-05
"p1158": 2.82251463473838E-05
"p1159": 1.5053411385271363E-05
"p1160": 0.0006040181318340135
"p1161": 1.8816764231589204E-06
"p1162": 0.0008655711546531031
"p1163": 0.00024461793501065964
"p1164": 0.002188389680133824
"p1165": 3.7633528463178407E-06
"p1166": 0.0022297865614433207
"p1167": 0.0005042892814065906
"p1168": 5.8331969117926534E-05
"p1169": 0
"p1170": 0.00024273625858750077
"p1171": 2.8225146347383808E-05
"p1172": 1.1290058538953523E-05
"p1173": 0
"p1174": 0
"p1175": 0
"p1176": 1.3171734962112442E-05
"p1177": 0
"p1178": 6.209532196424438E-05
"p1179": 0
"p1180": 6.962202765688006E-05
"p1181": 0
"p1182": 0.00011854561465901199
"p1183": 5.645029269476761E-06
"p1184": 0.008971833185621732
"p1185": 0.001226853027899616
"p1186": 0.006664897890828897
"p1187": 0.012023912343985503
"p1188": 0.0016709286637651213
"p1189": 0.0003594001968233538
"p1190": 0.00018064093662325636
"p1191": 0.00025214464070329537
"p1192": 0.007366763196667174
"p1193": 0.00013548070246744226
"p1194": 0.0040625393976001095
"p1195": 0.006045826347609612
"p1196": 0.015570872401640064
"p1197": 0.00018064093662325633
"p1198": 0.006550115629016203
"p1199": 0.009948423249241212
"p1200": 0.004088882867524335
"p1201": 2.6343469924224887E-05
"p1202": 0.005319499248270267
"p1203": 0.003753944464202046
"p1204": 0.001179811117320643
"p1205": 2.2580117077907045E-05
"p1206": 9.972885042742278E-05
"p1207": 0.00018064093662325636
"p1208": 0.002939178572974234
"p1209": 3.7633528463178407E-06
"p1210": 0.0020961875353990374
"p1211": 0.0019117832459294632
"p1212": 0.008113788736661263
