"p1150": 0.00016370584881482604
"p1151": 0.00024273625858750068
"p1152": 0.0031668614201764626
"p1153": 0.005289392425499724
"p1154": 0.001891084805274715
"p1155": 0.0027039690200793684
"p1156": 0.0002145111122401169
"p1157": 0.0010123419156594991
"p1158": 0
"p1159": 2.2580117077907045E-05
"p1160": 0.0026475187273846006
"p1161": 0.0057616932077126145
"p1162": 0.0008806245660383746
"p1163": 0.0013604520539438995
"p1164": 0.004961980727870073
"p1165": 0.010185514478559237
"p1166": 0.0013491619954049462
"p1167": 0.0019004931873905094
"p1168": 0.0001467707610063958
"p1169": 7.714873334951574E-05
"p1170": 7.338538050319791E-05
"p1171": 1.1290058538953523E-05
"p1172": 0
"p1173": 1.88167642315892E-05
"p1174": 0
"p1175": 0
"p1176": 0.00011101890896637629
"p1177": 5.2686939848449775E-05
"p1178": 5.645029269476761E-05
"p1179": 1.1290058538953523E-05
"p1180": 0.0001919309951622099
"p1181": 0.00014300740816007793
"p1182": 3.951520488633733E-05
"p1183": 5.645029269476761E-06
"p1184": 0.002950468631513187
"p1185": 0.006504955394860388
"p1186": 0.0010330403563142472
"p1187": 0.005678899445093622
"p1188": 0.00016182417239166716
"p1189": 0.0009972885042742277
"p1190": 0
"p1191": 3.387017561686057E-05
"p1192": 0.00146394425721764
"p1193": 0.0033926625909555335
"p1194": 0.0004196138423644392
"p1195": 0.0014112573173691904
"p1196": 0.0028676748688941946
"p1197": 0.00725198093485448
"p1198": 0.0005231060456381798
"p1199": 0.0030671325697490407
"p1200": 0.004261997098454955
"p1201": 0.005968677614260096
"p1202": 0.0024649961143381853
"p1203": 0.001719852250767253
"p1204": 0.00023144620004854723
"p1205": 0.0013303452311733569
"p1206": 0
"p1207": 7.903040977267465E-05
"p1208": 0.002419835880182371
"p1209": 0.004248825363492843
"p1210": 0.0009408382115794604
"p1211": 0.0007507888928404093
"p1212": 0.005946097497182189
