"p1150": 0.00018064093662325636
"p1151": 0.00017123255450746173
"p1152": 0.002241076619982274
"p1153": 0.00011666393823585305
"p1154": 0.0008674528310762622
"p1155": 0.0021131226232074677
"p1156": 0.004182966688682279
"p1157": 0.0006792851887603702
"p1158": 0.002647518727384601
"p1159": 0.0051877818986491445
"p1160": 0.0008636894782299447
"p1161": 0
"p1162": 0.00028601481632015586
"p1163": 0.0004779458114823658
"p1164": 0.00383485655039788
"p1165": 6.021364554108545E-05
"p1166": 0.0012400247628617282
"p1167": 0.00217898129801803
"p1168": 0.004363607625305536
"p1169": 6.021364554108546E-05
"p1170": 0.0025026296428013644
"p1171": 0.0034811013828440025
"p1172": 0.007058168263269111
"p1173": 0.0003274116976296522
"p1174": 0.006879409003069016
"p1175": 0.007044996528306999
"p1176": 0.0030407890998248154
"p1177": 0
"p1178": 0.0011685210587816896
"p1179": 0.001755604102807273
"p1180": 0.010130945862287626
"p1181": 0
"p1182": 0.0041848483651054395
"p1183": 0.004664675853010964
"p1184": 0.000756433922109886
"p1185": 5.080526342529085E-05
"p1186": 0.00023520955289486504
"p1187": 0.0006905752472993237
"p1188": 0.003001273894938478
"p1189": 0.00043843060659602847
"p1190": 0.0014432458165628919
"p1191": 0.0035356699991156123
"p1192": 0.00019193099516220987
"p1193": 0
"p1194": 2.2580117077907045E-05
"p1195": 9.220214473478709E-05
"p1196": 0.0015636731076450628
"p1197": 3.0106822770542726E-05
"p1198": 0.000398915401709691
"p1199": 0.0009427198880026194
"p1200": 0.0013999672588302368
"p1201": 1.1290058538953523E-05
"p1202": 0.0015674364604913804
"p1203": 0.0006585867481056222
"p1204": 0.003959047194326368
"p1205": 7.903040977267466E-05
"p1206": 0.006235875666348664
"p1207": 0.0024612327614918677
"p1208": 0.0005249877220613388
"p1209": 0
"p1210": 0.000472300782212889
"p1211": 0.00015806081954534932
"p1212": 0.003753944464202046
