"p1150": 0.0003161216390906986
"p1151": 4.7041910578973015E-05
"p1152": 3.7633528463178407E-05
"p1153": 0
"p1154": 0.001772539190615703
"p1155": 0.0002803697870506791
"p1156": 0.00023520955289486504
"p1157": 1.1290058538953523E-05
"p1158": 0.003940230430094779
"p1159": 0.0006774035123372113
"p1160": 7.5267056926356815E-06
"p1161": 0
"p1162": 0.000496762575713955
"p1163": 5.080526342529084E-05
"p1164": 0.00010537387969689952
"p1165": 0
"p1166": 0.0031612163909069866
"p1167": 0.00020133937727800447
"p1168": 0
"p1169": 0
"p1170": 8.091208619583358E-05
"p1171": 0
"p1172": 1.1290058538953523E-05
"p1173": 0
"p1174": 0.0003706902553623073
"p1175": 1.6935087808430286E-05
"p1176": 0
"p1177": 0
"p1178": 1.1290058538953523E-05
"p1179": 0
"p1180": 5.645029269476761E-06
"p1181": 0
"p1182": 0.00011290058538953522
"p1183": 0
"p1184": 0.001751840749960955
"p1185": 7.526705692635681E-05
"p1186": 0.008377223435903514
"p1187": 0.0037802879341262714
"p1188": 0.005170846810840714
"p1189": 0.000636006631027715
"p1190": 0.020037972230219348
"p1191": 0.011124471013715541
"p1192": 0.000308594933398063
"p1193": 0
"p1194": 0.00451414173915825
"p1195": 0.0017217339271904122
"p1196": 0.0023351604411402205
"p1197": 0
"p1198": 0.016541817435990074
"p1199": 0.004420057918000305
"p1200": 0.0002897781691664738
"p1201": 0
"p1202": 0.004177321659412803
"p1203": 0.0014827610214492293
"p1204": 0.0010480937676995187
"p1205": 1.1290058538953523E-05
"p1206": 0.013386246074352562
"p1207": 0.004598817178200401
"p1208": 6.39769983874033E-05
"p1209": 0
"p1210": 0.0013773871417523296
"p1211": 0.00039891540170969113
"p1212": 0.00023897290574118285
