"p1150": 0.0012437881157080462
"p1151": 0.0027020873436562095
"p1152": 9.972885042742277E-05
"p1153": 0
"p1154": 2.2580117077907045E-05
"p1155": 2.2580117077907045E-05
"p1156": 0.000380098637478102
"p1157": 4.327855773265517E-05
"p1158": 0.00019004931873905096
"p1159": 0.00023520955289486504
"p1160": 0.00020698440654748124
"p1161": 5.645029269476761E-06
"p1162": 0.00024085458216434178
"p1163": 0.00015994249596850823
"p1164": 0.000805357509112018
"p1165": 2.2580117077907045E-05
"p1166": 0.0010518571205458363
"p1167": 0.0007263270993393432
"p1168": 0.00032176666836017533
"p1169": 0
"p1170": 0.0001712325545074617
"p1171": 0.0001204272910821709
"p1172": 0.0008636894782299443
"p1173": 3.7633528463178407E-05
"p1174": 0.00046289240009709447
"p1175": 0.0003518734911307181
"p1176": 0.0008128842148046535
"p1177": 5.645029269476761E-06
"p1178": 0.0012362614100154107
"p1179": 0.00039327037244021434
"p1180": 0.002273065119175976
"p1181": 1.6935087808430282E-05
"p1182": 0.0033813725324165797
"p1183": 0.0010499754441226773
"p1184": 0.0011534676473964182
"p1185": 0
"p1186": 0.00037633528463178407
"p1187": 0.0004346672537497106
"p1188": 0.0031518080087911916
"p1189": 0.0006435333367203508
"p1190": 0.0009859984457352743
"p1191": 0.002224141532173844
"p1192": 0.003537551675538771
"p1193": 0.00016182417239166716
"p1194": 0.0011948645287059145
"p1195": 0.0030972393925195827
"p1196": 0.007855999066688492
"p1197": 0.0008505177432678321
"p1198": 0.003851791638206311
"p1199": 0.008635013105876287
"p1200": 0.0026870339322709385
"p1201": 0
"p1202": 0.0009615366522342084
"p1203": 0.0010575021498153135
"p1204": 0.006375119721662422
"p1205": 0.0002747247577812024
"p1206": 0.0027886444591215193
"p1207": 0.003099121068942742
"p1208": 0.006836130445336357
"p1209": 6.585867481056221E-05
"p1210": 0.003934585400825303
"p1211": 0.0051256865766849
"p1212": 0.016080806712316136
