"p1150": 0
"p1151": 3.7633528463178407E-06
"p1152": 0.00043654893017286943
"p1153": 0.0007451438635709322
"p1154": 9.032046831162817E-05
"p1155": 0.00038386199032441974
"p1156": 2.0698440654748124E-05
"p1157": 0.0001298356731979655
"p1158": 0
"p1159": 0
"p1160": 0.00257977837615088
"p1161": 0.0018835580995820791
"p1162": 0.001953180127238959
"p1163": 0.002288118530561247
"p1164": 0.0012870666734407011
"p1165": 0.0014978144328345005
"p1166": 0.0007526705692635681
"p1167": 0.0005720296326403118
"p1168": 0.0010951356782784912
"p1169": 0.0013566887010975815
"p1170": 0.00017499590735377965
"p1171": 0.0002916598455896327
"p1172": 7.714873334951573E-05
"p1173": 0.00041396881309496247
"p1174": 0
"p1175": 0
"p1176": 0.005428636480813486
"p1177": 0.0037313643471241385
"p1178": 0.004024905869136931
"p1179": 0.0017875926020009742
"p1180": 0.00429022224480234
"p1181": 0.004363607625305536
"p1182": 0.0019814052735863436
"p1183": 0.00021074775939379904
"p1184": 0.0017518407499609548
"p1185": 0.005170846810840715
"p1186": 0.0003085949333980629
"p1187": 0.0023351604411402205
"p1188": 7.526705692635681E-05
"p1189": 0.000636006631027715
"p1190": 0
"p1191": 0
"p1192": 0.008377223435903514
"p1193": 0.02003797223021935
"p1194": 0.00451414173915825
"p1195": 0.016541817435990074
"p1196": 0.003780287934126272
"p1197": 0.011124471013715541
"p1198": 0.001721733927190412
"p1199": 0.004420057918000305
"p1200": 0.004532958503389839
"p1201": 0.009577732993878903
"p1202": 0.000944601564425778
"p1203": 0.0023878473809886697
"p1204": 0.00040079707813285006
"p1205": 0.002128176034592739
"p1206": 0
"p1207": 0
"p1208": 0.01752028917603271
"p1209": 1
"p1210": 0.01241153768715624
"p1211": 0.011602416825197906
"p1212": 0.01242282774569519
