"p1150": 1.1290058538953523E-05
"p1151": 0
"p1152": 2.2580117077907045E-05
"p1153": 0
"p1154": 0.0010405670620068825
"p1155": 0.00017311423093062064
"p1156": 0.0004610107236739354
"p1157": 0
"p1158": 0.0022598933842138628
"p1159": 0.0005099343106760674
"p1160": 0.00024085458216434186
"p1161": 1.1290058538953523E-05
"p1162": 0.005739113090634708
"p1163": 0.0010687922083542666
"p1164": 0.0005569762212550403
"p1165": 0.00014112573173691902
"p1166": 0.012957223849872326
"p1167": 0.0020566723305127004
"p1168": 0
"p1169": 0
"p1170": 0.00014677076100639582
"p1171": 0
"p1172": 8.655711546531035E-05
"p1173": 0
"p1174": 0.00047982748790552463
"p1175": 0
"p1176": 1.1290058538953523E-05
"p1177": 0
"p1178": 0.0006811668651835292
"p1179": 1.1290058538953523E-05
"p1180": 0.00011101890896637629
"p1181": 1.6935087808430282E-05
"p1182": 0.002359622234641287
"p1183": 8.46754390421514E-05
"p1184": 0.0007507888928404093
"p1185": 0
"p1186": 0.006427806661510872
"p1187": 0.0012343797335922517
"p1188": 0.00555847215401145
"p1189": 0
"p1190": 0.013636509038632696
"p1191": 0.003196968242947006
"p1192": 0.004260115422031795
"p1193": 0.0003594001968233538
"p1194": 0.026462015538883908
"p1195": 0.014137034967192971
"p1196": 0.008860814276655358
"p1197": 0.001979523597163184
"p1198": 1
"p1199": 0.028377562137659695
"p1200": 6.774035123372113E-05
"p1201": 0
"p1202": 0.0031311095681364437
"p1203": 0.00046477407652025334
"p1204": 0.001228734704322775
"p1205": 0
"p1206": 0.010375563797298286
"p1207": 0.001416902346638667
"p1208": 0.0008034758326888591
"p1209": 1.6935087808430286E-05
"p1210": 0.013832203386641227
"p1211": 0.005082408018952244
"p1212": 0.0017763025434620206
