"p1150": 5.080526342529084E-05
"p1151": 0.00024085458216434183
"p1152": 0.000212629435816958
"p1153": 0.00020698440654748124
"p1154": 8.467543904215143E-05
"p1155": 9.220214473478711E-05
"p1156": 0.0007903040977267465
"p1157": 0.0007489072164172503
"p1158": 0.0004628924000970944
"p1159": 0.00048359084075184265
"p1160": 1.1290058538953523E-05
"p1161": 2.0698440654748124E-05
"p1162": 3.7633528463178407E-06
"p1163": 7.5267056926356815E-06
"p1164": 0.00031988499193701646
"p1165": 0.00048547251717500153
"p1166": 5.833196911792653E-05
"p1167": 0.00018064093662325633
"p1168": 0.0008618078018067855
"p1169": 0.000780895715610952
"p1170": 0.0004064421074023268
"p1171": 0.00012607232035164766
"p1172": 0.0018835580995820794
"p1173": 0.0014752343157565936
"p1174": 0.001087608972585856
"p1175": 0.0003631635496696716
"p1176": 0.0002427362585875007
"p1177": 0.00025967134639593104
"p1178": 6.021364554108545E-05
"p1179": 1.6935087808430286E-05
"p1180": 0.0013886772002912832
"p1181": 0.0017104438686514586
"p1182": 0.00023709122931802397
"p1183": 0.00015617914312219037
"p1184": 0.0012136812929375036
"p1185": 0.0035526050869240417
"p1186": 0.0002897781691664737
"p1187": 0.0016558752523798503
"p1188": 0.0035526050869240417
"p1189": 0.008710280162802644
"p1190": 0.001234379733592252
"p1191": 0.005590460653205153
"p1192": 0.0002897781691664737
"p1193": 0.001234379733592252
"p1194": 6.209532196424438E-05
"p1195": 0.0002897781691664737
"p1196": 0.0016558752523798503
"p1197": 0.005590460653205154
"p1198": 0.0002897781691664737
"p1199": 0.001702917162958823
"p1200": 0.0027604193127741365
"p1201": 0.005974322643529573
"p1202": 0.0009144947416552351
"p1203": 0.001556146401952427
"p1204": 0.007829655596764268
"p1205": 0.011847034760208562
"p1206": 0.004130279748833831
"p1207": 0.003881898460976853
"p1208": 0.0015711998133376987
"p1209": 0.003770879552010477
"p1210": 0.0003217666683601754
"p1211": 0.00046477407652025334
"p1212": 0.006267864165542364
