"p1150": 0
"p1151": 3.7633528463178407E-06
"p1152": 1
"p1153": 0.0003951520488633734
"p1154": 0.008540929284718342
"p1155": 0.007728045069913687
"p1156": 0.001386795523868124
"p1157": 0.00018064093662325633
"p1158": 0.00018628596589273307
"p1159": 0.00015053411385271363
"p1160": 0.009050863595394408
"p1161": 0.00012419064392848875
"p1162": 0.007605736102408357
"p1163": 0.0073328930210503135
"p1164": 0.01424240884688987
"p1165": 0
"p1166": 0.009961594984203325
"p1167": 0.00803664000331175
"p1168": 0.0003180033155138576
"p1169": 7.5267056926356815E-06
"p1170": 0.0012136812929375036
"p1171": 6.774035123372113E-05
"p1172": 8.655711546531032E-05
"p1173": 3.7633528463178407E-06
"p1174": 1.88167642315892E-05
"p1175": 0
"p1176": 0.00021639278866327584
"p1177": 0
"p1178": 0.000985998445735274
"p1179": 3.7633528463178407E-05
"p1180": 0.0006868118944530059
"p1181": 0
"p1182": 0.0015918982539924469
"p1183": 1.8816764231589203E-05
"p1184": 0.009683106873575806
"p1185": 0.001988931979278979
"p1186": 0.007931266123614849
"p1187": 0.016982129719009257
"p1188": 0.001104544060394286
"p1189": 0.0003612818732465127
"p1190": 0.0001392440553137601
"p1191": 0.00013171734962112442
"p1192": 0.00691892420795535
"p1193": 0.00019193099516220984
"p1194": 0.0040249058691369305
"p1195": 0.007434503547900896
"p1196": 0.011700263999202168
"p1197": 0.00028225146347383805
"p1198": 0.0055001401848935256
"p1199": 0.010985226958401779
"p1200": 0.008444963787137235
"p1201": 0.00011290058538953522
"p1202": 0.015469261874789489
"p1203": 0.008190937470010783
"p1204": 0.0020209204784726806
"p1205": 9.784717400426385E-05
"p1206": 0.0002577896699727721
"p1207": 0.00019569434800852773
"p1208": 0.007157897113696533
"p1209": 1.1290058538953523E-05
"p1210": 0.009184462621438693
"p1211": 0.005357132776733447
"p1212": 0.016820305546617592
