"p1150": 2.2580117077907045E-05
"p1151": 3.7633528463178407E-05
"p1152": 0.0008091208619583357
"p1153": 1.1290058538953523E-05
"p1154": 0.0014093756409460313
"p1155": 0.0008580444489604676
"p1156": 0.002058554006935859
"p1157": 0.00016370584881482606
"p1158": 0.003443467854380825
"p1159": 0.002329515411870743
"p1160": 0.00020886608297064017
"p1161": 0
"p1162": 0.00019381267158536877
"p1163": 9.032046831162818E-05
"p1164": 0.0011986278815522317
"p1165": 0
"p1166": 0.0008655711546531035
"p1167": 0.0005118159870992262
"p1168": 0.0017650124849230672
"p1169": 1.1290058538953523E-05
"p1170": 0.0035714218511556303
"p1171": 0.0011365325595879877
"p1172": 0.0029655220428984586
"p1173": 0.00011101890896637627
"p1174": 0.007436385224324054
"p1175": 0.0019757602443168667
"p1176": 0.0008335826554594018
"p1177": 0
"p1178": 0.001153467647396418
"p1179": 0.0002878964927433148
"p1180": 0.0034622846186124143
"p1181": 0
"p1182": 0.004011734134174817
"p1183": 0.0006416516602971917
"p1184": 0.005919754027257963
"p1185": 0.000376335284631784
"p1186": 0.004004207428482182
"p1187": 0.007596327720292563
"p1188": 0.011617470236583174
"p1189": 0.002030328860588475
"p1190": 0.009000058331969117
"p1191": 0.01705551509951246
"p1192": 0.0027416025485425474
"p1193": 0
"p1194": 0.0012983567319796553
"p1195": 0.0018289894833104711
"p1196": 0.00819281914643394
"p1197": 5.645029269476761E-05
"p1198": 0.0027660643420436134
"p1199": 0.004858488524596333
"p1200": 0.008793073925421635
"p1201": 0.00013548070246744229
"p1202": 0.008239861057012915
"p1203": 0.007707346629258939
"p1204": 1
"p1205": 0.0006435333367203506
"p1206": 0.022047602650153077
"p1207": 0.014923575712073403
"p1208": 0.0069527943835722104
"p1209": 0
"p1210": 0.004352317566766583
"p1211": 0.004399359477345557
"p1212": 0.019968350202562466
