"p1150": 1.1290058538953523E-05
"p1151": 0.00011478226181269412
"p1152": 0.0008222925969204481
"p1153": 0.000756433922109886
"p1154": 0.00038950701959389653
"p1155": 0.00012607232035164766
"p1156": 0.0017875926020009746
"p1157": 0.001437600787293415
"p1158": 0.0010029335335437046
"p1159": 0.0003631635496696716
"p1160": 0.00023709122931802394
"p1161": 0.00025402631712645424
"p1162": 6.021364554108545E-05
"p1163": 1.6935087808430286E-05
"p1164": 0.001326581878327039
"p1165": 0.001676573693034598
"p1166": 0.00023709122931802397
"p1167": 0.00015617914312219037
"p1168": 3.9515204886337324E-05
"p1169": 2.4461793501065963E-05
"p1170": 1.6935087808430286E-05
"p1171": 0
"p1172": 0.00014677076100639582
"p1173": 7.150370408003898E-05
"p1174": 0.00010161052685058169
"p1175": 2.8225146347383808E-05
"p1176": 5.645029269476761E-06
"p1177": 5.645029269476761E-06
"p1178": 0
"p1179": 0
"p1180": 6.209532196424438E-05
"p1181": 5.080526342529084E-05
"p1182": 0
"p1183": 5.645029269476761E-06
"p1184": 0.0027754727241594075
"p1185": 0.007005481323420661
"p1186": 0.00087121618392258
"p1187": 0.0029429419258205514
"p1188": 0.007649014660141012
"p1189": 0.015192655440585128
"p1190": 0.003475456353574527
"p1191": 0.00895866145065962
"p1192": 0.001539211314143997
"p1193": 0.0038612000203221046
"p1194": 0.00032176666836017533
"p1195": 0.0006642317773750988
"p1196": 0.005460624980007188
"p1197": 0.01295346049702601
"p1198": 0.0010518571205458366
"p1199": 0.003191323213677529
"p1200": 0.0014996961092576598
"p1201": 0.003221430036448072
"p1202": 0.00042902222448023387
"p1203": 0.000496762575713955
"p1204": 0.005050419519758543
"p1205": 0.00815894897081708
"p1206": 0.0025590799354961316
"p1207": 0.0018365161890031062
"p1208": 0.0003481101382844002
"p1209": 0.0012682499092091125
"p1210": 5.833196911792653E-05
"p1211": 0.00010537387969689956
"p1212": 0.0030031555713616372
