"p1150": 0.0010593838262384723
"p1151": 0.00022768284720222932
"p1152": 0.0011195974717795576
"p1153": 0
"p1154": 0.004205546805760187
"p1155": 0.0015749631661840162
"p1156": 0
"p1157": 0
"p1158": 0.0010217502977752937
"p1159": 9.784717400426385E-05
"p1160": 0.0019512984508158002
"p1161": 0.00014300740816007796
"p1162": 0.015719524839069625
"p1163": 0.0065256538355151356
"p1164": 0.0005118159870992265
"p1165": 0
"p1166": 0.011306993626761953
"p1167": 0.0040249058691369305
"p1168": 5.645029269476761E-06
"p1169": 0
"p1170": 7.714873334951574E-05
"p1171": 1.3171734962112444E-05
"p1172": 0
"p1173": 0
"p1174": 1.1290058538953523E-05
"p1175": 0
"p1176": 1.1290058538953523E-05
"p1177": 0
"p1178": 0.0005419228098697691
"p1179": 1.5053411385271363E-05
"p1180": 0
"p1181": 0
"p1182": 0.00031612163909069865
"p1183": 1.8816764231589207E-05
"p1184": 0.0017198522507672533
"p1185": 0
"p1186": 0.003772761228433635
"p1187": 0.0006886935708761648
"p1188": 0
"p1189": 0
"p1190": 0.0003518734911307182
"p1191": 1.8816764231589203E-05
"p1192": 0.003821684815435767
"p1193": 0.0005381594570234513
"p1194": 0.011517741386155755
"p1195": 0.007515415634096729
"p1196": 0.0010988990311248097
"p1197": 3.0106822770542726E-05
"p1198": 0.00702429808765225
"p1199": 0.0023671489403339217
"p1200": 0.0006190715432192848
"p1201": 0
"p1202": 0.006350657928161356
"p1203": 0.0011741660880511665
"p1204": 0
"p1205": 0
"p1206": 0.0007997124798425413
"p1207": 5.2686939848449775E-05
"p1208": 0.001319055172634403
"p1209": 2.2580117077907045E-05
"p1210": 0.016903099309236586
"p1211": 0.005505785214163003
"p1212": 0.00031047660982122185
