"p1150": 0.0005607395741013582
"p1151": 0.00087121618392258
"p1152": 0
"p1153": 3.7633528463178407E-06
"p1154": 0.0002163927886632758
"p1155": 0.00032364834478333426
"p1156": 6.585867481056221E-05
"p1157": 0.00021262943581695803
"p1158": 0.00059272807329506
"p1159": 0.000850517743267832
"p1160": 4.3278557732655166E-05
"p1161": 4.516023415581409E-05
"p1162": 0.0013077651140954497
"p1163": 0.0008241742733436071
"p1164": 0.00023897290574118293
"p1165": 0.0001749959073537796
"p1166": 0.0033456206803765608
"p1167": 0.00242171755660553
"p1168": 0
"p1169": 0
"p1170": 9.408382115794602E-06
"p1171": 1.1290058538953523E-05
"p1172": 0
"p1173": 5.645029269476761E-06
"p1174": 3.198849919370165E-05
"p1175": 4.516023415581409E-05
"p1176": 0
"p1177": 0
"p1178": 5.645029269476761E-05
"p1179": 1.8816764231589203E-05
"p1180": 1.6935087808430286E-05
"p1181": 1.1290058538953523E-05
"p1182": 0.0002483812878569775
"p1183": 0.0001016105268505817
"p1184": 5.64502926947676E-05
"p1185": 0.0004572473708276176
"p1186": 0.0010198686213521348
"p1187": 0.003283525358412316
"p1188": 0.0003970337252865322
"p1189": 0.0037821696105494306
"p1190": 0.0030784226282879945
"p1191": 0.007144725378734422
"p1192": 0.00044407563586550526
"p1193": 0.0020171571256263625
"p1194": 0.004672202558703599
"p1195": 0.01072555561200585
"p1196": 0.0022391949435591153
"p1197": 0.005165201781571236
"p1198": 0.013593230480900043
"p1199": 0.02455399564580076
"p1200": 0
"p1201": 7.150370408003898E-05
"p1202": 0.00039515204886337316
"p1203": 0.0015994249596850822
"p1204": 0.00010725555612005845
"p1205": 0.0007865407448804287
"p1206": 0.001911783245929463
"p1207": 0.004928110552253212
"p1208": 0.00010349220327374062
"p1209": 0.00031423996266753966
"p1210": 0.0021375844167085337
"p1211": 0.004359844272459219
"p1212": 0.0005532128684087226
