"p1150": 0
"p1151": 0
"p1152": 0.0053270259539629035
"p1153": 0.0009013230066931227
"p1154": 0.005588578976781995
"p1155": 0.008992531626276482
"p1156": 0.0010556204733921542
"p1157": 0.0002784881106275202
"p1158": 0.00012419064392848875
"p1159": 0.00013548070246744226
"p1160": 0.004613870589585673
"p1161": 0.00014112573173691902
"p1162": 0.0031574530380606685
"p1163": 0.004675965911549917
"p1164": 0.008710280162802644
"p1165": 0.0001542974666990315
"p1166": 0.005232942132804958
"p1167": 0.00702429808765225
"p1168": 1
"p1169": 0.0003725719317854663
"p1170": 0.01014788095009606
"p1171": 0.009493057554836754
"p1172": 0.0021789812980180295
"p1173": 0.0001693508780843028
"p1174": 0.00029165984558963265
"p1175": 0.00022203781793275263
"p1176": 0.01167392052927794
"p1177": 0.00012419064392848875
"p1178": 0.010281479976140344
"p1179": 0.010014281924051776
"p1180": 0.019321053512995793
"p1181": 0
"p1182": 0.013619573950824268
"p1183": 0.011024742163288116
"p1184": 0.004628924000970944
"p1185": 0.0008053575091120179
"p1186": 0.0038009863747810197
"p1187": 0.00786352577238113
"p1188": 0.000212629435816958
"p1189": 0.00011854561465901197
"p1190": 2.4461793501065963E-05
"p1191": 4.5160234155814084E-05
"p1192": 0.0024461793501065966
"p1193": 4.3278557732655166E-05
"p1194": 0.0012400247628617286
"p1195": 0.00214511112240117
"p1196": 0.004465218152156119
"p1197": 0.00010537387969689956
"p1198": 0.001919309951622099
"p1199": 0.004023024192713772
"p1200": 0.005313854219000791
"p1201": 0.00012042729108217089
"p1202": 0.012294873748920385
"p1203": 0.004051249339061156
"p1204": 0.0011515859709732592
"p1205": 7.714873334951572E-05
"p1206": 0.00016182417239166713
"p1207": 7.526705692635681E-05
"p1208": 0.003624108791004081
"p1209": 7.5267056926356815E-06
"p1210": 0.006695004713599441
"p1211": 0.00224860332567491
"p1212": 0.009773427341887434
