"p1150": 0
"p1151": 0
"p1152": 0.0018402795418494243
"p1153": 0.0034152427080334407
"p1154": 0.005667609386554667
"p1155": 0.010209976272060304
"p1156": 0
"p1157": 0.0007470255399940912
"p1158": 0.00020322105370116337
"p1159": 0.0010556204733921542
"p1160": 0.0006792851887603701
"p1161": 0.001669046987341962
"p1162": 0.002830041340431016
"p1163": 0.007694174894296828
"p1164": 0.0009521282701184137
"p1165": 0.0028225146347383807
"p1166": 0.005534010360510386
"p1167": 0.012097297724488702
"p1168": 0.001162876029512213
"p1169": 0.0018854397760052382
"p1170": 0.010428250737146738
"p1171": 1
"p1172": 0
"p1173": 0.0005024076049834317
"p1174": 0.0004911175464444782
"p1175": 0.0021789812980180295
"p1176": 0.0006868118944530059
"p1177": 0.0015937799304156055
"p1178": 0.010362392062336176
"p1179": 0.01729825135809996
"p1180": 0.0006736401594908935
"p1181": 0.0021131226232074677
"p1182": 0.015478670256905283
"p1183": 0.023268810648783216
"p1184": 0.0016351768117251015
"p1185": 0.003093476039673265
"p1186": 0.003466047971458731
"p1187": 0.00890973786365749
"p1188": 0
"p1189": 0.00027660643420436126
"p1190": 3.575185204001949E-05
"p1191": 0.000212629435816958
"p1192": 0.0003180033155138575
"p1193": 0.0007827773920341107
"p1194": 0.0010819639433163792
"p1195": 0.0036090553796188094
"p1196": 0.0006228348960656026
"p1197": 0.001885439776005238
"p1198": 0.0020491456248200647
"p1199": 0.006017601201262228
"p1200": 0.001605069988954559
"p1201": 0.0011214791482027163
"p1202": 0.0106728686721574
"p1203": 0.007282087757625023
"p1204": 0
"p1205": 0.0002991865512822683
"p1206": 0.0002145111122401169
"p1207": 0.0011515859709732592
"p1208": 0.0005720296326403118
"p1209": 0.00045536569440445874
"p1210": 0.006360066310277152
"p1211": 0.004713599440013096
"p1212": 0.0006491783659898273
