"p1150": 2.0698440654748124E-05
"p1151": 3.010682277054273E-05
"p1152": 0.000521224369215021
"p1153": 0.0006623501009519402
"p1154": 5.645029269476761E-05
"p1155": 0.000141125731736919
"p1156": 3.198849919370165E-05
"p1157": 0.00019945770085484557
"p1158": 0
"p1159": 0
"p1160": 0.002007748743510568
"p1161": 0.0015128678442197722
"p1162": 0.0010838456197395383
"p1163": 0.00044407563586550526
"p1164": 0.0014996961092576594
"p1165": 0.0018703863646199665
"p1166": 0.00038574366674757867
"p1167": 0.00011290058538953523
"p1168": 3.198849919370165E-05
"p1169": 3.7633528463178407E-05
"p1170": 0
"p1171": 5.645029269476761E-06
"p1172": 0
"p1173": 7.5267056926356815E-06
"p1174": 0
"p1175": 0
"p1176": 0.00014677076100639582
"p1177": 6.021364554108545E-05
"p1178": 0.00010161052685058169
"p1179": 2.8225146347383808E-05
"p1180": 6.585867481056221E-05
"p1181": 5.4568616271608685E-05
"p1182": 1.6935087808430286E-05
"p1183": 0
"p1184": 0.0025364998184182245
"p1185": 0.006871882297376377
"p1186": 0.0004647740765202534
"p1187": 0.0024029007923739415
"p1188": 0.00023144620004854718
"p1189": 0.001228734704322775
"p1190": 0
"p1191": 0
"p1192": 0.009513755995491504
"p1193": 0.020530971453086983
"p1194": 0.004019260839867454
"p1195": 0.010881734755128039
"p1196": 0.006217058902117072
"p1197": 0.014492671811170008
"p1198": 0.0014752343157565936
"p1199": 0.0028225146347383807
"p1200": 0.0015410929905671554
"p1201": 0.004350435890343424
"p1202": 0.00034999181470755925
"p1203": 0.000541922809869769
"p1204": 8.279376261899251E-05
"p1205": 0.0005776746619097886
"p1206": 0
"p1207": 0
"p1208": 0.005264930631998659
"p1209": 0.00879119224899848
"p1210": 0.002639992021691966
"p1211": 0.0019908136557021377
"p1212": 0.0028959000152415783
