"p1150": 2.6343469924224887E-05
"p1151": 0.00013359902604428335
"p1152": 0.0013698604360596939
"p1153": 0.0010725555612005845
"p1154": 0.0008335826554594018
"p1155": 0.0003744536082086252
"p1156": 4.327855773265516E-05
"p1157": 0.00025778966997277205
"p1158": 0
"p1159": 0
"p1160": 0.0007357354814551375
"p1161": 0.0006040181318340135
"p1162": 0.0002747247577812024
"p1163": 8.843879188846926E-05
"p1164": 0.0019456534215463238
"p1165": 0.0021770996215948702
"p1166": 0.0004892358700213194
"p1167": 0.00020133937727800444
"p1168": 0.00012419064392848875
"p1169": 5.8331969117926534E-05
"p1170": 8.467543904215143E-05
"p1171": 2.8225146347383808E-05
"p1172": 0
"p1173": 1.1290058538953523E-05
"p1174": 0
"p1175": 0
"p1176": 2.82251463473838E-05
"p1177": 1.3171734962112442E-05
"p1178": 1.6935087808430286E-05
"p1179": 0
"p1180": 0.0001016105268505817
"p1181": 6.962202765688006E-05
"p1182": 1.6935087808430286E-05
"p1183": 5.645029269476761E-06
"p1184": 0.005919754027257964
"p1185": 0.011617470236583176
"p1186": 0.0027416025485425466
"p1187": 0.00819281914643394
"p1188": 0.00037633528463178407
"p1189": 0.002030328860588475
"p1190": 0
"p1191": 5.645029269476761E-05
"p1192": 0.004004207428482182
"p1193": 0.009000058331969119
"p1194": 0.0012983567319796551
"p1195": 0.002766064342043613
"p1196": 0.007596327720292562
"p1197": 0.01705551509951246
"p1198": 0.001828989483310471
"p1199": 0.004858488524596334
"p1200": 0.0036617423194672595
"p1201": 0.0053684228352724
"p1202": 0.002030328860588475
"p1203": 0.001345398642558628
"p1204": 0.0002013393772780045
"p1205": 0.0012023912343985502
"p1206": 0
"p1207": 7.903040977267465E-05
"p1208": 0.0017066805158051407
"p1209": 0.003714429259315709
"p1210": 0.000613426513949808
"p1211": 0.0006567050716824632
"p1212": 0.0043128023618802455
