"p1150": 1.8816764231589203E-05
"p1151": 0
"p1152": 0.0012644865563627944
"p1153": 6.021364554108545E-05
"p1154": 0.010763189140469026
"p1155": 0.004555538620467747
"p1156": 0.0025590799354961316
"p1157": 0.00027096140493488457
"p1158": 1
"p1159": 0.00716730549581233
"p1160": 0.00031047660982122185
"p1161": 0
"p1162": 0.008098735325275993
"p1163": 0.00280746122335311
"p1164": 0.0018816764231589205
"p1165": 0
"p1166": 0.017757380405350732
"p1167": 0.003674914054429372
"p1168": 1.8816764231589203E-05
"p1169": 0
"p1170": 0.001179811117320643
"p1171": 1.8816764231589203E-05
"p1172": 5.833196911792653E-05
"p1173": 1.1290058538953523E-05
"p1174": 0.002470641143607662
"p1175": 3.198849919370165E-05
"p1176": 0
"p1177": 0
"p1178": 0.00023709122931802397
"p1179": 0
"p1180": 1.8816764231589203E-05
"p1181": 0
"p1182": 0.0013134101433649264
"p1183": 0
"p1184": 0.0023803206752960344
"p1185": 0.0002991865512822683
"p1186": 0.007959491269962236
"p1187": 0.005914108997988487
"p1188": 0.006979137853496437
"p1189": 0.001465825933640799
"p1190": 0.021874488419222456
"p1191": 0.01614854706354986
"p1192": 0.00040079707813285006
"p1193": 0
"p1194": 0.003727600994277822
"p1195": 0.001702917162958823
"p1196": 0.0026418736981151237
"p1197": 0
"p1198": 0.010798940992509044
"p1199": 0.0034340594722650298
"p1200": 0.000826055949766766
"p1201": 2.8225146347383808E-05
"p1202": 0.013777634770369614
"p1203": 0.004307157332610769
"p1204": 0.002655045433077236
"p1205": 0.00015241579027587253
"p1206": 0.03277503993858209
"p1207": 0.009207042738516599
"p1208": 0.00017311423093062066
"p1209": 0
"p1210": 0.00618883375576969
"p1211": 0.0015599097547987452
"p1212": 0.0009370748587331422
