"p1150": 0
"p1151": 0
"p1152": 0.00413216142525699
"p1153": 0.00025778966997277205
"p1154": 0.0033230405632986527
"p1155": 0.005184018545802825
"p1156": 0.006888817385184808
"p1157": 0.0011798111173206428
"p1158": 0.006647962803020466
"p1159": 0.009681225197152647
"p1160": 0.0021262943581695803
"p1161": 0
"p1162": 0.0011214791482027163
"p1163": 0.001467707610063958
"p1164": 0.006207650520001279
"p1165": 3.7633528463178407E-05
"p1166": 0.0024913395842624106
"p1167": 0.0036692690251598947
"p1168": 0.00749283551701882
"p1169": 0.00012419064392848875
"p1170": 0.006499310365590912
"p1171": 0.006619737656673082
"p1172": 1
"p1173": 0.000541922809869769
"p1174": 0.013382482721506248
"p1175": 0.01109248251452184
"p1176": 0.006297970988312906
"p1177": 0
"p1178": 0.003972218929288482
"p1179": 0.0040681844268695855
"p1180": 0.016086451741585607
"p1181": 0
"p1182": 0.008247387762705548
"p1183": 0.00742697684220826
"p1184": 0.002173336268748553
"p1185": 0.0001298356731979655
"p1186": 0.001230616380745934
"p1187": 0.0029786937778605712
"p1188": 0.0059028189394495344
"p1189": 0.0009239031237710299
"p1190": 0.004555538620467747
"p1191": 0.008729096927034233
"p1192": 0.0007639606278025217
"p1193": 0
"p1194": 0.0002464996114338186
"p1195": 0.00042525887163391606
"p1196": 0.002720904107887799
"p1197": 1.8816764231589203E-05
"p1198": 0.0008730978603457391
"p1199": 0.001819581101194676
"p1200": 0.003234601771410184
"p1201": 2.2580117077907045E-05
"p1202": 0.005678899445093622
"p1203": 0.0019550618036621183
"p1204": 0.00759820939671572
"p1205": 0.0001975760244316866
"p1206": 0.016026238096044528
"p1207": 0.005146385017339649
"p1208": 0.001556146401952427
"p1209": 0
"p1210": 0.001958825156508436
"p1211": 0.0005870830440255832
"p1212": 0.007404396725130353
