"p1150": 0
"p1151": 0
"p1152": 0.0003895070195938965
"p1153": 0.0006849302180298468
"p1154": 7.903040977267465E-05
"p1155": 6.585867481056221E-05
"p1156": 0.0009765900636194795
"p1157": 0.0015166311970660896
"p1158": 0.00014300740816007796
"p1159": 0.0002916598455896327
"p1160": 0.002525209759879271
"p1161": 0.0019625885093547536
"p1162": 0.0015711998133376985
"p1163": 0.0005889647204487421
"p1164": 0.005217888721419686
"p1165": 0.004412531212307667
"p1166": 0.0032214300364480724
"p1167": 0.001313410143364926
"p1168": 6.39769983874033E-05
"p1169": 6.774035123372113E-05
"p1170": 9.408382115794602E-06
"p1171": 0
"p1172": 0.0002013393772780045
"p1173": 0.0002295645236253883
"p1174": 3.198849919370165E-05
"p1175": 3.575185204001949E-05
"p1176": 0.0002897781691664737
"p1177": 0.00014300740816007796
"p1178": 0.00018064093662325636
"p1179": 2.2580117077907045E-05
"p1180": 0.0007733690099183162
"p1181": 0.0004064421074023268
"p1182": 0.0006999836294151183
"p1183": 0.0001674692016611439
"p1184": 0.0013623337303670581
"p1185": 0.005389121275927148
"p1186": 0.0003085949333980629
"p1187": 0.0010988990311248095
"p1188": 0.003981627311404275
"p1189": 0.011419894212151487
"p1190": 0.0007112736879540719
"p1191": 0.0043617259488823775
"p1192": 0.00786540744880429
"p1193": 0.019719968914705496
"p1194": 0.004491561622080343
"p1195": 0.01063899849654054
"p1196": 0.018237207893256262
"p1197": 1
"p1198": 0.010469647618456234
"p1199": 0.02167691239479077
"p1200": 0.000641651660297192
"p1201": 0.00264940040380776
"p1202": 0.0001298356731979655
"p1203": 0.0001204272910821709
"p1204": 0.002926006838012121
"p1205": 0.007628316219486264
"p1206": 0.0006529417188361453
"p1207": 0.0009709450343500031
"p1208": 0.004700427705050983
"p1209": 0.008732860279880551
"p1210": 0.002598595140382469
"p1211": 0.0022279048850201615
"p1212": 0.012230896750532985
