"p1150": 0
"p1151": 1.8816764231589203E-05
"p1152": 0.0014394824637165744
"p1153": 0.0020171571256263625
"p1154": 0.00838475014159615
"p1155": 1
"p1156": 0
"p1157": 0.000494880899290796
"p1158": 0.0003142399626675396
"p1159": 0.001386795523868124
"p1160": 0.0007263270993393432
"p1161": 0.00158625322472297
"p1162": 0.007398751695860876
"p1163": 0.013348612545889385
"p1164": 0.0007432621871477737
"p1165": 0.002201561415095937
"p1166": 0.010864799667319607
"p1167": 0.017104438686514588
"p1168": 6.774035123372113E-05
"p1169": 3.9515204886337324E-05
"p1170": 0.0010198686213521348
"p1171": 0.00033682007974544673
"p1172": 0
"p1173": 1.1290058538953523E-05
"p1174": 1.88167642315892E-05
"p1175": 8.655711546531032E-05
"p1176": 4.327855773265517E-05
"p1177": 2.6343469924224887E-05
"p1178": 0.0008317009790362426
"p1179": 0.00024085458216434178
"p1180": 5.645029269476761E-06
"p1181": 1.8816764231589203E-05
"p1182": 0.0014056122880997135
"p1183": 0.0006868118944530059
"p1184": 0.003078422628287994
"p1185": 0.006798496916873181
"p1186": 0.007528587369058841
"p1187": 0.018893912964938725
"p1188": 0
"p1189": 0.0007357354814551379
"p1190": 0.00023709122931802392
"p1191": 0.001104544060394286
"p1192": 0.0006962202765688006
"p1193": 0.002098069211822196
"p1194": 0.004094527896793811
"p1195": 0.010943830077092284
"p1196": 0.0013077651140954497
"p1197": 0.004399359477345557
"p1198": 0.006546352276169886
"p1199": 0.016114676887932996
"p1200": 0.0017066805158051405
"p1201": 0.00162012340033983
"p1202": 0.014012844323264481
"p1203": 0.013393772780045199
"p1204": 0
"p1205": 0.0005833196911792652
"p1206": 0.00037445360820862513
"p1207": 0.0020209204784726806
"p1208": 0.000773369009918316
"p1209": 0.0009596549758110494
"p1210": 0.008574799460335203
"p1211": 0.010687922083542668
"p1212": 0.0008561627725373086
