"p1150": 0.0012682499092091125
"p1151": 0.001629531782455625
"p1152": 3.951520488633733E-05
"p1153": 0.0002239194943559115
"p1154": 0.0009239031237710299
"p1155": 0.002696442314386733
"p1156": 0.00025778966997277205
"p1157": 0.001392440553137601
"p1158": 0.0021865080037106657
"p1159": 0.004124634719564354
"p1160": 0.00020698440654748124
"p1161": 0.0008128842148046535
"p1162": 0.00353755167553877
"p1163": 0.006836130445336359
"p1164": 0.0007940674505730644
"p1165": 0.00141125731736919
"p1166": 0.008136368853739175
"p1167": 0.01148951623980837
"p1168": 0
"p1169": 0
"p1170": 1.8816764231589203E-05
"p1171": 2.258011707790705E-05
"p1172": 0
"p1173": 5.645029269476761E-06
"p1174": 4.327855773265517E-05
"p1175": 5.8331969117926534E-05
"p1176": 5.645029269476761E-06
"p1177": 5.645029269476761E-06
"p1178": 0.00016182417239166716
"p1179": 6.585867481056221E-05
"p1180": 5.645029269476761E-06
"p1181": 5.645029269476761E-06
"p1182": 0.00039327037244021434
"p1183": 0.0001768775837769385
"p1184": 1.6935087808430282E-05
"p1185": 0.00023332787647170614
"p1186": 0.0001016105268505817
"p1187": 0.0006247165724887616
"p1188": 0.0001561791431221904
"p1189": 0.0024104274980665773
"p1190": 0.0010123419156594991
"p1191": 0.003140517950252238
"p1192": 0.00024085458216434178
"p1193": 0.0012362614100154107
"p1194": 0.001194864528705915
"p1195": 0.0039345854008253035
"p1196": 0.001537329637720838
"p1197": 0.0037934596690883835
"p1198": 0.005897173910180057
"p1199": 0.013551833599590547
"p1200": 0
"p1201": 7.526705692635681E-05
"p1202": 0.0006058998082571724
"p1203": 0.0019080198930831451
"p1204": 0.00018440428946957417
"p1205": 0.00101046023923634
"p1206": 0.0024894579078392517
"p1207": 0.005552827124741975
"p1208": 0.00015994249596850825
"p1209": 0.0003932703724402143
"p1210": 0.0030972393925195836
"p1211": 0.0051256865766849
"p1212": 0.0008166475676509714
