"p1150": 0.0008580444489604676
"p1151": 0.00011478226181269414
"p1152": 0.000686811894453006
"p1153": 1.8816764231589203E-05
"p1154": 0.005667609386554668
"p1155": 0.002353977205371809
"p1156": 0.0014940510799881829
"p1157": 0.00012419064392848875
"p1158": 0.010428250737146738
"p1159": 0.004367370978151854
"p1160": 0.00013548070246744229
"p1161": 0
"p1162": 0.003466047971458731
"p1163": 0.0012776582913249068
"p1164": 0.0009558916229647315
"p1165": 0
"p1166": 0.0106728686721574
"p1167": 0.002412309174489736
"p1168": 5.645029269476761E-06
"p1169": 0
"p1170": 0.00020322105370116343
"p1171": 5.645029269476761E-06
"p1172": 5.645029269476761E-06
"p1173": 0
"p1174": 0.0004911175464444782
"p1175": 5.645029269476761E-06
"p1176": 0
"p1177": 0
"p1178": 3.575185204001949E-05
"p1179": 0
"p1180": 5.645029269476761E-06
"p1181": 0
"p1182": 0.0002145111122401169
"p1183": 0
"p1184": 0.0010970173547016505
"p1185": 5.645029269476761E-05
"p1186": 0.0028300413404310164
"p1187": 0.001437600787293415
"p1188": 0.003673032378006213
"p1189": 0.0005118159870992264
"p1190": 0.01036239206233618
"p1191": 0.006965966118534324
"p1192": 0.00017311423093062066
"p1193": 0
"p1194": 0.0010819639433163795
"p1195": 0.00045348401798129976
"p1196": 0.001443245816562892
"p1197": 0
"p1198": 0.006360066310277152
"p1199": 0.0020529089776663823
"p1200": 0.00036128187324651267
"p1201": 0
"p1202": 0.005534010360510385
"p1203": 0.0016238867531861484
"p1204": 0.0012663682327859532
"p1205": 2.2580117077907045E-05
"p1206": 0.01547867025690528
"p1207": 0.004877305288827923
"p1208": 7.150370408003895E-05
"p1209": 0
"p1210": 0.0020491456248200647
"p1211": 0.00046101072367393553
"p1212": 0.00038574366674757867
