"p1150": 0.00033870175616860566
"p1151": 0.0006585867481056221
"p1152": 0.00020886608297064014
"p1153": 0.00015053411385271363
"p1154": 0.002028447184165316
"p1155": 0.0012400247628617282
"p1156": 0
"p1157": 6.209532196424438E-05
"p1158": 4.327855773265516E-05
"p1159": 0.00023709122931802392
"p1160": 5.833196911792652E-05
"p1161": 5.268693984844976E-05
"p1162": 0.000984116769312115
"p1163": 0.0006303616017582384
"p1164": 6.585867481056221E-05
"p1165": 0.00012042729108217089
"p1166": 0.0023709122931802394
"p1167": 0.0021921530329801417
"p1168": 1.6935087808430286E-05
"p1169": 1.1290058538953523E-05
"p1170": 0.0001919309951622099
"p1171": 7.526705692635681E-05
"p1172": 0
"p1173": 0
"p1174": 0
"p1175": 1.1290058538953523E-05
"p1176": 0
"p1177": 0
"p1178": 4.516023415581409E-05
"p1179": 1.3171734962112442E-05
"p1180": 0
"p1181": 5.645029269476761E-06
"p1182": 0.00011854561465901199
"p1183": 6.962202765688006E-05
"p1184": 0.0019306000101610523
"p1185": 0.004659030823741487
"p1186": 0.007797667097570567
"p1187": 0.014163378437117196
"p1188": 0
"p1189": 0.0007677239806488394
"p1190": 0.00037633528463178407
"p1191": 0.0016709286637651213
"p1192": 0.00047982748790552463
"p1193": 0.0014733526393334348
"p1194": 0.005170846810840715
"p1195": 0.010157289332211855
"p1196": 0.0007056286586845951
"p1197": 0.0033907809145323747
"p1198": 0.009180699268592375
"p1199": 0.018295539862374186
"p1200": 0.00036880857893914834
"p1201": 0.0005532128684087225
"p1202": 0.005398529658042943
"p1203": 0.0062321123135023445
"p1204": 0
"p1205": 0.0002878964927433148
"p1206": 0.0002013393772780045
"p1207": 0.001179811117320643
"p1208": 0.00022203781793275263
"p1209": 0.00037257193178546626
"p1210": 0.002224141532173844
"p1211": 0.004009852457751661
"p1212": 0.00016935087808430283
