"p1150": 0
"p1151": 0
"p1152": 5.64502926947676E-05
"p1153": 0.0003292933740528111
"p1154": 0.00043278557732655173
"p1155": 0.0019230733044684168
"p1156": 0.0004327855773265517
"p1157": 0.0027303124900035936
"p1158": 0.0018534512768115365
"p1159": 0.00411522633744856
"p1160": 0.0007865407448804287
"p1161": 0.0021037142410916736
"p1162": 0.003857436667475787
"p1163": 0.009598431434533657
"p1164": 0.0021865080037106652
"p1165": 0.004013615810597977
"p1166": 0.007799548773993725
"p1167": 0.015027067915347143
"p1168": 8.843879188846925E-05
"p1169": 0.00041020546024864466
"p1170": 0.0017405506914220012
"p1171": 0.004997732579910093
"p1172": 0.000447838988711823
"p1173": 0.002449942702952914
"p1174": 0.004260115422031795
"p1175": 0.008514585814794116
"p1176": 0.0006472966895666686
"p1177": 0.0015392113141439972
"p1178": 0.00974708387196321
"p1179": 0.01671116831407438
"p1180": 0.0013322269075965157
"p1181": 0.002160164533786441
"p1182": 0.019953296791177202
"p1183": 1
"p1184": 5.645029269476761E-06
"p1185": 9.784717400426387E-05
"p1186": 3.575185204001949E-05
"p1187": 0.00038574366674757867
"p1188": 0.00018628596589273313
"p1189": 0.0015260395791818846
"p1190": 0.0005080526342529085
"p1191": 0.0013642154067902172
"p1192": 0.0004647740765202533
"p1193": 0.0011685210587816899
"p1194": 0.0013152918197880854
"p1195": 0.004662794176587806
"p1196": 0.0018346345125799474
"p1197": 0.0035413150283850887
"p1198": 0.004461454799309801
"p1199": 0.011615588560160017
"p1200": 9.408382115794602E-06
"p1201": 5.080526342529086E-05
"p1202": 0.0008241742733436071
"p1203": 0.0014074939645228725
"p1204": 0.0004120871366718035
"p1205": 0.0011120707660869217
"p1206": 0.003257181888488091
"p1207": 0.004702309381474142
"p1208": 0.0004779458114823657
"p1209": 0.00044407563586550526
"p1210": 0.0063261961346602925
"p1211": 0.005195308604341779
"p1212": 0.00198705030285582
