"p1150": 0.0007131553643772308
"p1151": 0.0006454150131435098
"p1152": 0.00031235828624438073
"p1153": 4.327855773265517E-05
"p1154": 0.00018440428946957417
"p1155": 0.00023144620004854718
"p1156": 6.774035123372113E-05
"p1157": 0
"p1158": 5.645029269476761E-06
"p1159": 3.7633528463178407E-06
"p1160": 0.0006698768066445757
"p1161": 2.4461793501065963E-05
"p1162": 0.0009935251514279098
"p1163": 0.0006548233952593044
"p1164": 0.0004478389887118231
"p1165": 3.7633528463178407E-06
"p1166": 0.00033117505047597004
"p1167": 0.0002483812878569775
"p1168": 0.0006567050716824634
"p1169": 3.7633528463178407E-05
"p1170": 0.0004421939594423463
"p1171": 0.00034058343259176464
"p1172": 0.00020698440654748124
"p1173": 0
"p1174": 2.0698440654748124E-05
"p1175": 1.1290058538953523E-05
"p1176": 0.0015542647255292685
"p1177": 1.8816764231589203E-05
"p1178": 0.0029862204835532065
"p1179": 0.0009728267107731619
"p1180": 0.0018779130703126022
"p1181": 3.7633528463178407E-06
"p1182": 0.0016577569288030087
"p1183": 0.0005532128684087225
"p1184": 0.0027416025485425474
"p1185": 0.0006435333367203508
"p1186": 0.0009596549758110494
"p1187": 0.002194034709403301
"p1188": 0.0004327855773265517
"p1189": 0
"p1190": 2.6343469924224887E-05
"p1191": 3.0106822770542726E-05
"p1192": 0.007436385224324054
"p1193": 0.0009257848001941889
"p1194": 0.0038066314040504966
"p1195": 0.009131775681590244
"p1196": 0.005174610163687031
"p1197": 8.655711546531033E-05
"p1198": 0.0016464668702640553
"p1199": 0.003187559860831212
"p1200": 0.0053082091897313135
"p1201": 0.0002747247577812024
"p1202": 0.0026813889030014608
"p1203": 0.003008800600631114
"p1204": 0.001298356731979655
"p1205": 0
"p1206": 0.00012419064392848875
"p1207": 0.00012419064392848875
"p1208": 0.01307012443526186
"p1209": 0.0003180033155138576
"p1210": 0.012693789150630078
"p1211": 0.011884668288671746
"p1212": 0.013209368490575623
