"p1150": 0.0002013393772780045
"p1151": 0.00015429746669903146
"p1152": 0.0021808629744411888
"p1153": 0.000451602341558141
"p1154": 0.0007959491269962232
"p1155": 0.0016822187223040745
"p1156": 0.00039327037244021434
"p1157": 0
"p1158": 2.6343469924224887E-05
"p1159": 3.0106822770542726E-05
"p1160": 0.004941282287215324
"p1161": 0.000568266279793994
"p1162": 0.0030125639534774318
"p1163": 0.006181307050077055
"p1164": 0.004145333160219102
"p1165": 5.6450292694767617E-05
"p1166": 0.0014564175515250045
"p1167": 0.002553434906226655
"p1168": 0.00402678754556009
"p1169": 0.00024085458216434183
"p1170": 0.0019023748638136685
"p1171": 0.002688915608694097
"p1172": 0.0011497042945501003
"p1173": 0
"p1174": 0.00011478226181269414
"p1175": 0.00011666393823585308
"p1176": 0.01072179225915953
"p1177": 0.0002935415220127916
"p1178": 0.00912048562305129
"p1179": 0.010132827538710788
"p1180": 0.011081192455982882
"p1181": 0
"p1182": 0.00510875148887647
"p1183": 0.0058520136760242415
"p1184": 0.0006886935708761648
"p1185": 0.0002201561415095937
"p1186": 0.0003405834325917646
"p1187": 0.0007018653058382773
"p1188": 6.774035123372114E-05
"p1189": 0
"p1190": 5.645029269476761E-06
"p1191": 0
"p1192": 0.003104766098212219
"p1193": 0.00037633528463178407
"p1194": 0.0014752343157565936
"p1195": 0.0036579789666209422
"p1196": 0.0012682499092091122
"p1197": 3.387017561686057E-05
"p1198": 0.00032176666836017533
"p1199": 0.0007846590684572699
"p1200": 0.0021187676524769446
"p1201": 6.774035123372113E-05
"p1202": 0.0014150206702155082
"p1203": 0.0008091208619583356
"p1204": 0.0003876253431707376
"p1205": 0
"p1206": 3.9515204886337324E-05
"p1207": 2.2580117077907045E-05
"p1208": 0.0038931885195158064
"p1209": 4.8923587002131926E-05
"p1210": 0.0066799513022141686
"p1211": 0.0026362286688456477
"p1212": 0.004105817955332765
