"p1150": 1.8816764231589203E-05
"p1151": 0
"p1152": 0.0004798274879055245
"p1153": 0.00014112573173691902
"p1154": 0.006619737656673083
"p1155": 0.0013171734962112436
"p1156": 0.00012042729108217092
"p1157": 0
"p1158": 0.0004290222244802338
"p1159": 1.5053411385271363E-05
"p1160": 0.0002540263171264543
"p1161": 3.7633528463178407E-06
"p1162": 0.005518956949125114
"p1163": 0.0009972885042742277
"p1164": 0.00029165984558963265
"p1165": 7.5267056926356815E-06
"p1166": 0.010949475106361755
"p1167": 0.0009144947416552353
"p1168": 8.843879188846925E-05
"p1169": 1.6935087808430282E-05
"p1170": 0.0016408218409945784
"p1171": 8.46754390421514E-05
"p1172": 2.8225146347383805E-05
"p1173": 0
"p1174": 6.774035123372114E-05
"p1175": 0
"p1176": 3.3870175616860565E-05
"p1177": 0
"p1178": 0.000590846396871901
"p1179": 1.1290058538953523E-05
"p1180": 3.0106822770542726E-05
"p1181": 0
"p1182": 0.001298356731979655
"p1183": 3.7633528463178407E-06
"p1184": 0.0076753581300652365
"p1185": 0.001979523597163184
"p1186": 1
"p1187": 0.020833921357215575
"p1188": 0.0012795399677480658
"p1189": 0
"p1190": 0.0027829994298520433
"p1191": 0.00022580117077907047
"p1192": 0.003567658498309313
"p1193": 0.00019757602443168666
"p1194": 0.02753268942366133
"p1195": 0.012560190124585795
"p1196": 0.0063167877525444945
"p1197": 0.00016182417239166716
"p1198": 0.03962622379530371
"p1199": 0.014468210017668943
"p1200": 0.0012513148214006817
"p1201": 9.032046831162818E-05
"p1202": 0.0192796566316863
"p1203": 0.006997954617728026
"p1204": 0.0005005259285602729
"p1205": 0
"p1206": 0.002030328860588475
"p1207": 0.0001016105268505817
"p1208": 0.0008411093611520374
"p1209": 5.645029269476761E-06
"p1210": 0.014312030874546751
"p1211": 0.004559301973314065
"p1212": 0.001059383826238472
