"p1150": 0.0007056286586845952
"p1151": 0.00014112573173691902
"p1152": 0.00015053411385271363
"p1153": 1.1290058538953523E-05
"p1154": 0.003038907423401656
"p1155": 0.0005946097497182188
"p1156": 6.209532196424438E-05
"p1157": 0
"p1158": 0.0002653163756654077
"p1159": 1.5053411385271363E-05
"p1160": 5.268693984844976E-05
"p1161": 0
"p1162": 0.0014959327564113417
"p1163": 0.00019569434800852768
"p1164": 0.00012042729108217089
"p1165": 0
"p1166": 0.004405004506615032
"p1167": 0.0003368200797454468
"p1168": 1.1290058538953523E-05
"p1169": 0
"p1170": 0.00030106822770542725
"p1171": 1.6935087808430286E-05
"p1172": 0
"p1173": 0
"p1174": 1.1290058538953523E-05
"p1175": 0
"p1176": 0
"p1177": 0
"p1178": 7.526705692635681E-05
"p1179": 0
"p1180": 5.645029269476761E-06
"p1181": 0
"p1182": 0.00018816764231589203
"p1183": 0
"p1184": 0.0040493676626379965
"p1185": 0.000636006631027715
"p1186": 0.015224643939778827
"p1187": 0.009105432211666018
"p1188": 0.0007677239806488394
"p1189": 0
"p1190": 0.0018515696003883779
"p1191": 0.0001956943480085277
"p1192": 0.0014281924051776204
"p1193": 4.516023415581409E-05
"p1194": 0.011378497330841997
"p1195": 0.004995850903486935
"p1196": 0.0033606740917618318
"p1197": 3.0106822770542726E-05
"p1198": 0.02195540050541829
"p1199": 0.007161660466542852
"p1200": 0.0005532128684087225
"p1201": 1.1290058538953523E-05
"p1202": 0.009344405117407199
"p1203": 0.003445349530803983
"p1204": 0.0002878964927433148
"p1205": 0
"p1206": 0.0012795399677480658
"p1207": 0.0001016105268505817
"p1208": 0.00037257193178546626
"p1209": 0
"p1210": 0.005025957726257477
"p1211": 0.0017047988393819819
"p1212": 0.0004327855773265517
