"p1150": 0
"p1151": 0
"p1152": 0.0030332623941321793
"p1153": 0.000613426513949808
"p1154": 0.010763189140469026
"p1155": 0.0073648815202440165
"p1156": 0.0007470255399940912
"p1157": 0
"p1158": 0.001179811117320643
"p1159": 7.903040977267465E-05
"p1160": 0.0015994249596850822
"p1161": 8.655711546531035E-05
"p1162": 0.007959491269962236
"p1163": 0.0037840512869725886
"p1164": 0.0027961711648141555
"p1165": 6.021364554108545E-05
"p1166": 0.013777634770369616
"p1167": 0.0052479955441902286
"p1168": 0.0017612491320767496
"p1169": 0.00023709122931802397
"p1170": 1
"p1171": 0.0084054485822509
"p1172": 0.0005024076049834317
"p1173": 0
"p1174": 0.002470641143607662
"p1175": 0.00019945770085484557
"p1176": 0.0015674364604913807
"p1177": 6.021364554108545E-05
"p1178": 0.021874488419222463
"p1179": 0.008983123244160689
"p1180": 0.0021131226232074677
"p1181": 0
"p1182": 0.032775039938582086
"p1183": 0.009282309795442957
"p1184": 0.0025233280834561123
"p1185": 0.0006717584830677346
"p1186": 0.008098735325275995
"p1187": 0.006194478785039167
"p1188": 0.00027660643420436126
"p1189": 0
"p1190": 0.00023709122931802397
"p1191": 1.1290058538953521E-05
"p1192": 0.0007545522456867271
"p1193": 3.3870175616860565E-05
"p1194": 0.0037276009942778217
"p1195": 0.001633295135301943
"p1196": 0.0018289894833104707
"p1197": 6.774035123372113E-05
"p1198": 0.00618883375576969
"p1199": 0.002790526135544679
"p1200": 0.0010988990311248093
"p1201": 0.00018064093662325633
"p1202": 0.017757380405350732
"p1203": 0.003191323213677529
"p1204": 0.0002991865512822683
"p1205": 0
"p1206": 0.0013134101433649264
"p1207": 5.268693984844977E-05
"p1208": 0.00045536569440445874
"p1209": 9.408382115794602E-06
"p1210": 0.010798940992509044
"p1211": 0.0019738785678937074
"p1212": 0.0008580444489604676
