"p1150": 0.00010349220327374062
"p1151": 7.150370408003895E-05
"p1152": 0.0010800822668932202
"p1153": 0.0028752015745868308
"p1154": 0.00020133937727800447
"p1155": 0.0009502465936952549
"p1156": 5.645029269476761E-05
"p1157": 0.00039327037244021434
"p1158": 0
"p1159": 0
"p1160": 0.002715259078618322
"p1161": 0.00652189048266882
"p1162": 0.001140295912434306
"p1163": 0.004201783452913871
"p1164": 0.0015636731076450628
"p1165": 0.004926228875830054
"p1166": 0.00037633528463178407
"p1167": 0.0012663682327859536
"p1168": 0.0022881185305612473
"p1169": 0.004841553436787902
"p1170": 0.00041961384236443927
"p1171": 0.001181692793743802
"p1172": 0.00023144620004854718
"p1173": 0.0011497042945501003
"p1174": 0
"p1175": 0
"p1176": 0.007225637464930255
"p1177": 0.013800214887447527
"p1178": 0.0033964259438018516
"p1179": 0.0045216684448508866
"p1180": 0.005912227321565329
"p1181": 0.01253008330181525
"p1182": 0.0014112573173691904
"p1183": 0.0013529253482512638
"p1184": 0.000259671346395931
"p1185": 0.001017986944928976
"p1186": 4.3278557732655166E-05
"p1187": 0.0006077814846803312
"p1188": 5.645029269476761E-06
"p1189": 6.774035123372114E-05
"p1190": 0
"p1191": 0
"p1192": 0.0016577569288030087
"p1193": 0.003814158109743132
"p1194": 0.0005042892814065906
"p1195": 0.0027566559599278184
"p1196": 0.00036316354966967166
"p1197": 0.0014564175515250043
"p1198": 6.774035123372114E-05
"p1199": 0.0005042892814065907
"p1200": 0.0013773871417523298
"p1201": 0.002412309174489736
"p1202": 0.0002427362585875008
"p1203": 0.0003481101382844003
"p1204": 6.209532196424438E-05
"p1205": 0.0003876253431707376
"p1206": 0
"p1207": 0
"p1208": 0.0044595731228866415
"p1209": 0.0044614547993098
"p1210": 0.002506392995647682
"p1211": 0.0011948645287059145
"p1212": 0.0028338046932773336
