"p1150": 0.00044407563586550526
"p1151": 0.0010255136506216113
"p1152": 3.7633528463178407E-05
"p1153": 3.7633528463178407E-05
"p1154": 0.0002653163756654078
"p1155": 0.0002333278764717061
"p1156": 0.0002784881106275203
"p1157": 0.0002916598455896327
"p1158": 0.0010255136506216115
"p1159": 0.0009144947416552351
"p1160": 5.645029269476761E-06
"p1161": 5.645029269476761E-06
"p1162": 1.1290058538953523E-05
"p1163": 2.0698440654748124E-05
"p1164": 5.080526342529086E-05
"p1165": 0.0001223089675053298
"p1166": 0.0003481101382844003
"p1167": 0.0004986442521371139
"p1168": 3.7633528463178407E-05
"p1169": 3.7633528463178407E-05
"p1170": 0.0012080362636680267
"p1171": 0.0008072391855351768
"p1172": 0.000237091229318024
"p1173": 0.00023520955289486504
"p1174": 0.002801816194083632
"p1175": 0.0016220050767629893
"p1176": 5.645029269476761E-06
"p1177": 7.5267056926356815E-06
"p1178": 0.00029165984558963265
"p1179": 0.00026155302281908997
"p1180": 5.080526342529086E-05
"p1181": 0.00010537387969689952
"p1182": 0.0016031883125314
"p1183": 0.0017217339271904122
"p1184": 0.00022203781793275258
"p1185": 0.0012682499092091125
"p1186": 0.0014281924051776206
"p1187": 0.003945875459364256
"p1188": 0.0014376007872934152
"p1189": 0.004150978189488577
"p1190": 0.004310920685457087
"p1191": 0.010050033776091797
"p1192": 4.8923587002131926E-05
"p1193": 0.00022580117077907044
"p1194": 0.0003349384033222878
"p1195": 0.001326581878327039
"p1196": 0.0002464996114338186
"p1197": 0.0013435169661354695
"p1198": 0.0018628596589273314
"p1199": 0.005801208412598953
"p1200": 0.000190049318739051
"p1201": 0.0007300904521856612
"p1202": 0.0035657768218861543
"p1203": 0.006687478007906804
"p1204": 0.0009728267107731618
"p1205": 0.0018402795418494245
"p1206": 0.011329573743839862
"p1207": 0.013860428532988613
"p1208": 4.327855773265517E-05
"p1209": 0.00014112573173691902
"p1210": 0.0018797947467357615
"p1211": 0.004049367662637997
"p1212": 0.00023332787647170614
