"p1150": 0
"p1151": 3.7633528463178407E-06
"p1152": 0.002130057711015898
"p1153": 6.962202765688005E-05
"p1154": 0.004403122830191874
"p1155": 0.001719852250767253
"p1156": 0.00036692690251598946
"p1157": 4.139688130949624E-05
"p1158": 6.209532196424436E-05
"p1159": 1.5053411385271363E-05
"p1160": 0.0017687758377693849
"p1161": 3.7633528463178407E-06
"p1162": 0.003582711909694584
"p1163": 0.0011591126766658947
"p1164": 0.004450164740770847
"p1165": 7.5267056926356815E-06
"p1166": 0.006484256954205641
"p1167": 0.0012268530278996157
"p1168": 0.0002860148163201559
"p1169": 1.1290058538953523E-05
"p1170": 0.001247551468554364
"p1171": 0.0001392440553137601
"p1172": 5.6450292694767617E-05
"p1173": 5.645029269476761E-06
"p1174": 1.1290058538953523E-05
"p1175": 0
"p1176": 8.091208619583358E-05
"p1177": 0
"p1178": 0.00038574366674757867
"p1179": 2.2580117077907045E-05
"p1180": 0.0003876253431707376
"p1181": 0
"p1182": 0.0008956779774236462
"p1183": 3.3870175616860565E-05
"p1184": 1
"p1185": 0.002466877790761345
"p1186": 0.015792910219572822
"p1187": 0.025412040094761227
"p1188": 0.0024668777907613446
"p1189": 0.0005626212505245173
"p1190": 0.0003161216390906986
"p1191": 0.00028225146347383805
"p1192": 0.015792910219572822
"p1193": 0.0003161216390906986
"p1194": 0.011497042945501006
"p1195": 0.014789976686029119
"p1196": 0.02541204009476122
"p1197": 0.00028225146347383805
"p1198": 0.014789976686029117
"p1199": 0.018818645908012365
"p1200": 0.007035588146191204
"p1201": 6.585867481056221E-05
"p1202": 0.012093534371642383
"p1203": 0.007466492047094597
"p1204": 0.0018158177483483583
"p1205": 5.833196911792652E-05
"p1206": 0.00021451111224011696
"p1207": 0.00018064093662325636
"p1208": 0.006235875666348662
"p1209": 7.5267056926356815E-06
"p1210": 0.007673476453642076
"p1211": 0.004809564937594201
"p1212": 0.014253698905428821
