"p1150": 0
"p1151": 1.1290058538953523E-05
"p1152": 3.7633528463178407E-06
"p1153": 2.4461793501065966E-05
"p1154": 0.00045724737082761767
"p1155": 0.0007037469822614361
"p1156": 0.0001448890845832369
"p1157": 0.0004929992228676369
"p1158": 0.0010819639433163792
"p1159": 0.001456417551525004
"p1160": 0.0002615530228190899
"p1161": 0.00024085458216434186
"p1162": 0.003908241930901077
"p1163": 0.0021789812980180295
"p1164": 0.0008749795367688978
"p1165": 0.0006360066310277149
"p1166": 0.008008414856964362
"p1167": 0.005050419519758542
"p1168": 0
"p1169": 0
"p1170": 7.338538050319788E-05
"p1171": 6.774035123372113E-05
"p1172": 3.387017561686057E-05
"p1173": 8.655711546531035E-05
"p1174": 0.00022768284720222937
"p1175": 0.00021827446508643477
"p1176": 1.1290058538953523E-05
"p1177": 1.1290058538953523E-05
"p1178": 0.0004591290472507766
"p1179": 0.0001542974666990315
"p1180": 0.00022580117077907047
"p1181": 0.00011101890896637629
"p1182": 0.0014225473759081437
"p1183": 0.0005136976635223853
"p1184": 0.00013924405531376015
"p1185": 0.0007921857741499054
"p1186": 0.0016709286637651211
"p1187": 0.005522720301971431
"p1188": 0.0007921857741499054
"p1189": 0.006305497694005544
"p1190": 0.004568710355429858
"p1191": 0.010456475883494123
"p1192": 0.0016709286637651213
"p1193": 0.004568710355429859
"p1194": 0.01108871916167552
"p1195": 0.02564913132407926
"p1196": 0.005522720301971431
"p1197": 0.010456475883494125
"p1198": 0.025649131324079255
"p1199": 1
"p1200": 5.645029269476761E-06
"p1201": 8.655711546531032E-05
"p1202": 0.0007714873334951573
"p1203": 0.002722785784310958
"p1204": 0.0002860148163201559
"p1205": 0.0014771159921797526
"p1206": 0.003496154794229274
"p1207": 0.007679121482911554
"p1208": 0.00045536569440445874
"p1209": 0.0008034758326888591
"p1210": 0.006813550328258451
"p1211": 0.010300296740371931
"p1212": 0.0017292606328830479
