"p1150": 1.1290058538953523E-05
"p1151": 0
"p1152": 0.0003913886960170554
"p1153": 0
"p1154": 0.005031602755526953
"p1155": 0.001016105268505817
"p1156": 0.0022956452362538826
"p1157": 0
"p1158": 0.007985834739886458
"p1159": 0.002197798062249619
"p1160": 0.0015279212556050434
"p1161": 6.021364554108545E-05
"p1162": 0.015870058952922334
"p1163": 0.00674769165344789
"p1164": 0.002173336268748553
"p1165": 0.00027096140493488457
"p1166": 1
"p1167": 0.009844931045967478
"p1168": 0
"p1169": 0
"p1170": 0.0001956943480085277
"p1171": 2.8225146347383805E-05
"p1172": 4.139688130949625E-05
"p1173": 0
"p1174": 0.000496762575713955
"p1175": 5.8331969117926534E-05
"p1176": 1.8816764231589203E-05
"p1177": 0
"p1178": 0.0013623337303670584
"p1179": 3.0106822770542726E-05
"p1180": 4.7041910578973015E-05
"p1181": 1.1290058538953523E-05
"p1182": 0.003217666683601754
"p1183": 8.091208619583358E-05
"p1184": 0.0003594001968233538
"p1185": 0
"p1186": 0.0014432458165628919
"p1187": 0.00023520955289486501
"p1188": 0.003285407034835475
"p1189": 0
"p1190": 0.0061098033459970145
"p1191": 0.0010217502977752937
"p1192": 0.0027039690200793684
"p1193": 0.0002991865512822683
"p1194": 0.0109156049307449
"p1195": 0.0073705265495134925
"p1196": 0.00645038677858878
"p1197": 0.001465825933640799
"p1198": 0.027677578508244566
"p1199": 0.01794366637124347
"p1200": 8.843879188846926E-05
"p1201": 0
"p1202": 0.0041171080138717175
"p1203": 0.0005720296326403117
"p1204": 0.0016878637515735514
"p1205": 0
"p1206": 0.01223842345622562
"p1207": 0.0017706575141925441
"p1208": 0.0009728267107731617
"p1209": 2.8225146347383808E-05
"p1210": 0.01773291861184967
"p1211": 0.005581052271089358
"p1212": 0.0021507561516706454
