"p1150": 0.00015241579027587253
"p1151": 0
"p1152": 0.0007583155985330446
"p1153": 0.00024273625858750077
"p1154": 0.005031602755526953
"p1155": 0.0016370584881482608
"p1156": 0.00015617914312219042
"p1157": 0
"p1158": 0.0001956943480085277
"p1159": 7.5267056926356815E-06
"p1160": 0.0002352095528948651
"p1161": 5.645029269476761E-06
"p1162": 0.001443245816562892
"p1163": 0.0002916598455896326
"p1164": 0.0005024076049834319
"p1165": 1.1290058538953523E-05
"p1166": 0.004117108013871718
"p1167": 0.0006679951302214167
"p1168": 0.0005061709578297494
"p1169": 0.00014112573173691902
"p1170": 0.007985834739886457
"p1171": 0.0013453986425586277
"p1172": 0.0001448890845832369
"p1173": 0
"p1174": 0.000496762575713955
"p1175": 1.5053411385271363E-05
"p1176": 0.0002916598455896326
"p1177": 3.7633528463178407E-06
"p1178": 0.0061098033459970145
"p1179": 0.0010744372376237437
"p1180": 0.00028036978705067917
"p1181": 7.5267056926356815E-06
"p1182": 0.012238423456225616
"p1183": 0.0009502465936952547
"p1184": 0.005099343106760674
"p1185": 0.001228734704322775
"p1186": 0.015870058952922338
"p1187": 0.012801044706750139
"p1188": 0.0009841167693121153
"p1189": 0
"p1190": 0.0013623337303670584
"p1191": 9.032046831162817E-05
"p1192": 0.0022900002069844065
"p1193": 0.00011478226181269414
"p1194": 0.010915604930744904
"p1195": 0.005311972542577634
"p1196": 0.00404372263336852
"p1197": 0.00011666393823585308
"p1198": 0.017732918611849672
"p1199": 0.007596327720292562
"p1200": 0.0023389237939865377
"p1201": 0.00034999181470755925
"p1202": 1
"p1203": 0.010746254052660598
"p1204": 0.0006209532196424436
"p1205": 0
"p1206": 0.0032176666836017534
"p1207": 0.00022956452362538833
"p1208": 0.001721733927190412
"p1209": 6.585867481056221E-05
"p1210": 0.027677578508244573
"p1211": 0.01039249888510672
"p1212": 0.002519564730609794
