"p1150": 1.8816764231589203E-05
"p1151": 0
"p1152": 0.001892966481697874
"p1153": 0.00027096140493488457
"p1154": 1
"p1155": 0.006563287363978315
"p1156": 0.000494880899290796
"p1157": 0
"p1158": 0.0015730814897608571
"p1159": 0.00012795399677480656
"p1160": 0.0015599097547987452
"p1161": 6.021364554108545E-05
"p1162": 0.016697996579112265
"p1163": 0.00632619613466029
"p1164": 0.002201561415095937
"p1165": 0
"p1166": 0.024055351393663642
"p1167": 0.006224585607809708
"p1168": 3.9515204886337324E-05
"p1169": 1.1290058538953523E-05
"p1170": 0.0015730814897608573
"p1171": 3.198849919370165E-05
"p1172": 1.1290058538953523E-05
"p1173": 0
"p1174": 0.00010537387969689952
"p1175": 0
"p1176": 2.6343469924224887E-05
"p1177": 0
"p1178": 0.0012437881157080462
"p1179": 1.8816764231589203E-05
"p1180": 1.8816764231589203E-05
"p1181": 0
"p1182": 0.0022787101484454523
"p1183": 0
"p1184": 0.005586697300358835
"p1185": 0.001465825933640799
"p1186": 0.01669799657911226
"p1187": 0.013694841007750624
"p1188": 0.0007357354814551379
"p1189": 0
"p1190": 0.001243788115708046
"p1191": 9.784717400426385E-05
"p1192": 0.0019663518622010713
"p1193": 0.0001373623788906012
"p1194": 0.010988990311248099
"p1195": 0.0061229750809591275
"p1196": 0.004248825363492843
"p1197": 0.00016182417239166716
"p1198": 0.01679584375311653
"p1199": 0.008260559497667661
"p1200": 0.0015975432832619231
"p1201": 0.00015241579027587253
"p1202": 0.02405535139366364
"p1203": 0.007280206081201862
"p1204": 0.0005833196911792652
"p1205": 0
"p1206": 0.0022787101484454527
"p1207": 0.00011666393823585305
"p1208": 0.0009596549758110494
"p1209": 9.408382115794602E-06
"p1210": 0.01679584375311653
"p1211": 0.004896122053059512
"p1212": 0.0014564175515250043
