"p1150": 0
"p1151": 0
"p1152": 0.0016408218409945789
"p1153": 0
"p1154": 0.0004572473708276177
"p1155": 0.0006454150131435097
"p1156": 0.0037708795520104772
"p1157": 0.0005607395741013582
"p1158": 0.0013284635547501978
"p1159": 0.0025722516704582443
"p1160": 0.005500140184893525
"p1161": 0.00025778966997277205
"p1162": 0.004305275656187611
"p1163": 0.006431570014357192
"p1164": 0.008851405894539564
"p1165": 0.0009013230066931227
"p1166": 0.007635842925178901
"p1167": 0.010678513701426876
"p1168": 0.004395596124499238
"p1169": 0
"p1170": 0.001535447961297679
"p1171": 0.0016332951353019427
"p1172": 0.007569984250368337
"p1173": 0.00033117505047597
"p1174": 0.0032553002120649325
"p1175": 0.004055012691907473
"p1176": 0.010973936899862825
"p1177": 0.00012419064392848875
"p1178": 0.009867511163045382
"p1179": 0.009814824223196933
"p1180": 1
"p1181": 0.0003725719317854663
"p1182": 0.018250379628218377
"p1183": 0.015194537117008286
"p1184": 0.0003499918147075592
"p1185": 0
"p1186": 5.080526342529085E-05
"p1187": 0.00011290058538953522
"p1188": 0.001249433144977523
"p1189": 0.00027096140493488457
"p1190": 0.0006002547789876956
"p1191": 0.0012569598506701586
"p1192": 0.0027566559599278184
"p1193": 0.0001298356731979655
"p1194": 0.001445127492986051
"p1195": 0.0033719641503007864
"p1196": 0.006651726155866785
"p1197": 0.0008053575091120179
"p1198": 0.004867896906712127
"p1199": 0.009052745271817566
"p1200": 0.001366097083213376
"p1201": 0
"p1202": 0.0007112736879540719
"p1203": 0.00033682007974544673
"p1204": 0.004395596124499238
"p1205": 0.0001486524374295547
"p1206": 0.0030934760396732646
"p1207": 0.0014074939645228723
"p1208": 0.004041840956945361
"p1209": 2.2580117077907045E-05
"p1210": 0.007035588146191206
"p1211": 0.0024442976736834374
"p1212": 0.011051085633212337
