"p1150": 0.0009841167693121153
"p1151": 0.0004911175464444781
"p1152": 3.7633528463178407E-06
"p1153": 0
"p1154": 0.0004610107236739355
"p1155": 9.408382115794602E-05
"p1156": 0.00021262943581695803
"p1157": 0
"p1158": 0.0012324980571690924
"p1159": 0.00030294990412858624
"p1160": 4.516023415581409E-05
"p1161": 0
"p1162": 0.001941890068700006
"p1163": 0.0003142399626675397
"p1164": 0.0001749959073537796
"p1165": 1.1290058538953523E-05
"p1166": 0.005336434336078698
"p1167": 0.0008862695953078513
"p1168": 0
"p1169": 0
"p1170": 2.0698440654748124E-05
"p1171": 0
"p1172": 5.645029269476761E-06
"p1173": 0
"p1174": 7.714873334951573E-05
"p1175": 0
"p1176": 0
"p1177": 0
"p1178": 7.526705692635681E-05
"p1179": 0
"p1180": 1.1290058538953523E-05
"p1181": 0
"p1182": 0.00040079707813285006
"p1183": 1.6935087808430286E-05
"p1184": 0.0004064421074023268
"p1185": 0
"p1186": 0.0037257193178546625
"p1187": 0.0008015941562657001
"p1188": 0.0031875598608312114
"p1189": 0
"p1190": 0.008986886597007004
"p1191": 0.002369030616757081
"p1192": 0.001941890068700006
"p1193": 7.526705692635681E-05
"p1194": 0.011314520332454591
"p1195": 0.0050485378433353855
"p1196": 0.004555538620467747
"p1197": 0.000636006631027715
"p1198": 0.02784316603348255
"p1199": 0.013741882918329597
"p1200": 4.3278557732655166E-05
"p1201": 0
"p1202": 0.0017875926020009744
"p1203": 0.000259671346395931
"p1204": 0.0006021364554108545
"p1205": 0
"p1206": 0.00616813531511494
"p1207": 0.0009878801221584331
"p1208": 0.00031423996266753966
"p1209": 0
"p1210": 0.005048537843335384
"p1211": 0.0017706575141925444
"p1212": 0.0007884224213035875
