"p1150": 0
"p1151": 0
"p1152": 0.004504733357042455
"p1153": 0.000353755167553877
"p1154": 0.0020510273012432235
"p1155": 0.003447231207227142
"p1156": 0.0014714709629102757
"p1157": 0
"p1158": 0.00016935087808430283
"p1159": 0.00013171734962112442
"p1160": 1
"p1161": 0.0005193426927918621
"p1162": 0.016267092678208868
"p1163": 0.014741053099026987
"p1164": 0.011690855617086372
"p1165": 0
"p1166": 0.007739335128452641
"p1167": 0.006679951302214168
"p1168": 0.00019757602443168663
"p1169": 7.5267056926356815E-06
"p1170": 0.00023520955289486504
"p1171": 6.585867481056221E-05
"p1172": 5.6450292694767617E-05
"p1173": 0
"p1174": 1.1290058538953523E-05
"p1175": 0
"p1176": 0.0005193426927918621
"p1177": 7.5267056926356815E-06
"p1178": 0.0021808629744411888
"p1179": 0.00012419064392848873
"p1180": 0.0006736401594908935
"p1181": 0
"p1182": 0.0013566887010975815
"p1183": 9.220214473478711E-05
"p1184": 0.0033362122982607658
"p1185": 0.0008260559497667661
"p1186": 0.0018459245711189005
"p1187": 0.003046434129094292
"p1188": 0.000545686162716087
"p1189": 0
"p1190": 4.516023415581409E-05
"p1191": 3.0106822770542726E-05
"p1192": 0.016267092678208868
"p1193": 0.0021808629744411883
"p1194": 0.012027675696831825
"p1195": 0.024158843596937388
"p1196": 0.009444133967834622
"p1197": 0.00022580117077907047
"p1198": 0.005170846810840713
"p1199": 0.007837182302456905
"p1200": 0.006627264362365718
"p1201": 0.0001806409366232563
"p1202": 0.004213073511452822
"p1203": 0.002576015023304562
"p1204": 0.0011628760295122127
"p1205": 0
"p1206": 0.00013548070246744229
"p1207": 5.2686939848449775E-05
"p1208": 0.014741053099026985
"p1209": 0.00012419064392848875
"p1210": 0.024158843596937388
"p1211": 0.013399417809314676
"p1212": 0.013756936329714866
