"p1150": 0
"p1151": 0
"p1152": 0.0006529417188361453
"p1153": 0.0018233444540409938
"p1154": 0.003069014246172198
"p1155": 0.007270797699086069
"p1156": 0.002120649328900103
"p1157": 0.004578118737545654
"p1158": 0.006822958710374246
"p1159": 0.012300518778189867
"p1160": 0.00013359902604428335
"p1161": 0.0003575185204001949
"p1162": 0.0009747083871963207
"p1163": 0.00317250644944594
"p1164": 0.00045912904725077655
"p1165": 0.0017763025434620206
"p1166": 0.002927888514435281
"p1167": 0.007285851110471341
"p1168": 0.00048735419359816046
"p1169": 0.0012738949384785891
"p1170": 0.006681832978637326
"p1171": 0.01094947510636176
"p1172": 0.0012757766149017482
"p1173": 0.002551553229803496
"p1174": 0.013792688181754893
"p1175": 1
"p1176": 0.00015994249596850825
"p1177": 0.0003123582862443808
"p1178": 0.004314684038303405
"p1179": 0.008563509401796248
"p1180": 0.00045724737082761767
"p1181": 0.0018233444540409942
"p1182": 0.010245728124100321
"p1183": 0.017779960522428636
"p1184": 0.0004177321659412803
"p1185": 0.001070673884777426
"p1186": 0.0011421775888574646
"p1187": 0.0038329748739747214
"p1188": 0.0018082910426557221
"p1189": 0.0037388910528167755
"p1190": 0.004205546805760187
"p1191": 0.010627708438001584
"p1192": 4.704191057897301E-05
"p1193": 0.00012419064392848873
"p1194": 0.00021074775939379907
"p1195": 0.001014223592082658
"p1196": 0.0002634346992422488
"p1197": 0.001081963943316379
"p1198": 0.000995406827851069
"p1199": 0.0029881021599763658
"p1200": 0.0003838619903244198
"p1201": 0.000353755167553877
"p1202": 0.005054182872604862
"p1203": 0.004094527896793811
"p1204": 0.001962588509354754
"p1205": 0.001674692016611439
"p1206": 0.014308267521700429
"p1207": 0.01007637724601602
"p1208": 9.408382115794599E-05
"p1209": 9.032046831162815E-05
"p1210": 0.0019343633630073702
"p1211": 0.0018101727190788818
"p1212": 0.00033870175616860566
