"p1150": 0
"p1151": 0
"p1152": 0.002148874475247487
"p1153": 0.005323262601116587
"p1154": 0.0013811504945986479
"p1155": 0.0037106659064693906
"p1156": 0.004563065326160383
"p1157": 0.008936081333581716
"p1158": 0.0031762698022922576
"p1159": 0.007240690876315527
"p1160": 0.0007376171578782967
"p1161": 0.0027303124900035936
"p1162": 0.0002991865512822683
"p1163": 0.0008335826554594016
"p1164": 0.0024367709679908025
"p1165": 0.006866237268106901
"p1166": 0.000594609749718219
"p1167": 0.002412309174489736
"p1168": 0.004463336475732959
"p1169": 0.009015111743354391
"p1170": 0.002671980520885667
"p1171": 0.0032007315957933236
"p1172": 0.008379105112326674
"p1173": 1
"p1174": 0.006139910168767558
"p1175": 0.005342079365348175
"p1176": 0.0031311095681364432
"p1177": 0.00749659886986514
"p1178": 0.0013190551726344033
"p1179": 0.0014150206702155082
"p1180": 0.007983953063463299
"p1181": 0.01703858001170402
"p1182": 0.002306935294792837
"p1183": 0.002969285395744776
"p1184": 0.000985998445735274
"p1185": 0.0026832705794246204
"p1186": 0.00045724737082761767
"p1187": 0.0022429582964054334
"p1188": 0.003514971558460864
"p1189": 0.0073328930210503135
"p1190": 0.001776302543462021
"p1191": 0.007133435320195468
"p1192": 0.00018816764231589203
"p1193": 0.0008937963010004873
"p1194": 5.080526342529084E-05
"p1195": 0.00026719805208856665
"p1196": 0.0009257848001941888
"p1197": 0.002809342899776268
"p1198": 0.00015429746669903143
"p1199": 0.0014074939645228725
"p1200": 0.0033192772104523355
"p1201": 0.003533788322692452
"p1202": 0.0022994085891002007
"p1203": 0.0010255136506216115
"p1204": 0.008484478992023571
"p1205": 0.00826432285051398
"p1206": 0.007167305495812328
"p1207": 0.002982457130706889
"p1208": 0.0014357191108702563
"p1209": 0.0016935087808430285
"p1210": 0.0005739113090634708
"p1211": 0.00019193099516220995
"p1212": 0.005366541158849242
