"p1150": 0.0006153081903729669
"p1151": 7.903040977267465E-05
"p1152": 0.0008674528310762624
"p1153": 3.9515204886337324E-05
"p1154": 0.003069014246172199
"p1155": 0.0014413641401397328
"p1156": 0.0023558588817949684
"p1157": 0.0002690797285117256
"p1158": 0.006681832978637327
"p1159": 0.004071947779715904
"p1160": 0.00016935087808430283
"p1161": 0
"p1162": 0.0011421775888574646
"p1163": 0.0003443467854380824
"p1164": 0.0009878801221584333
"p1165": 0
"p1166": 0.005054182872604862
"p1167": 0.0012889483498638604
"p1168": 0.0006886935708761649
"p1169": 1.8816764231589203E-05
"p1170": 0.006822958710374246
"p1171": 0.0028601481632015593
"p1172": 0.0014978144328345005
"p1173": 0.00012419064392848875
"p1174": 0.013792688181754893
"p1175": 0.006247165724887618
"p1176": 0.00013548070246744229
"p1177": 0
"p1178": 0.004205546805760188
"p1179": 0.0016088333418008771
"p1180": 0.000946483240848937
"p1181": 0
"p1182": 0.014308267521700436
"p1183": 0.003699375847930438
"p1184": 0.0004083237838254857
"p1185": 1.6935087808430286E-05
"p1186": 0.0009747083871963209
"p1187": 0.00042149551878759814
"p1188": 0.0015711998133376985
"p1189": 0.0001749959073537796
"p1190": 0.004314684038303406
"p1191": 0.002532736465571907
"p1192": 5.645029269476761E-05
"p1193": 0
"p1194": 0.00021074775939379904
"p1195": 6.774035123372112E-05
"p1196": 0.000543804486292928
"p1197": 0
"p1198": 0.00193436336300737
"p1199": 0.00043843060659602847
"p1200": 0.00010537387969689955
"p1201": 0
"p1202": 0.00292788851443528
"p1203": 0.0004948808992907961
"p1204": 0.0005739113090634706
"p1205": 2.2580117077907045E-05
"p1206": 0.010245728124100323
"p1207": 0.002052908977666382
"p1208": 1.8816764231589203E-05
"p1209": 0
"p1210": 0.000995406827851069
"p1211": 0.00013171734962112442
"p1212": 0.00021262943581695798
