"p1150": 0
"p1151": 3.7633528463178407E-06
"p1152": 0.0034020709730713276
"p1153": 0.00719741231858287
"p1154": 0.0021676912394790766
"p1155": 0.0028714382217405127
"p1156": 0.00606652478826436
"p1157": 1
"p1158": 0.004860370201019491
"p1159": 0.004907412111598465
"p1160": 0.002402900792373941
"p1161": 0.005938570791489555
"p1162": 0.0010763189140469023
"p1163": 0.0011440592652806236
"p1164": 0.005513311919855636
"p1165": 0.012533846654661571
"p1166": 0.001625768429609307
"p1167": 0.0027491292542351827
"p1168": 0.0004723007822128891
"p1169": 0.0002653163756654078
"p1170": 0.0003236483447833343
"p1171": 4.892358700213193E-05
"p1172": 0.0008843879188846926
"p1173": 0.00047418245863604794
"p1174": 0.0007300904521856611
"p1175": 7.903040977267466E-05
"p1176": 0.00010725555612005845
"p1177": 5.833196911792653E-05
"p1178": 5.456861627160869E-05
"p1179": 0
"p1180": 0.0005889647204487421
"p1181": 0.0004911175464444782
"p1182": 0.00015429746669903146
"p1183": 2.4461793501065966E-05
"p1184": 0.002340805470409697
"p1185": 0.006568932393247792
"p1186": 0.0012513148214006822
"p1187": 0.005622449152398854
"p1188": 0.0074984805462882985
"p1189": 0.015964142774080283
"p1190": 0.0044351113293855755
"p1191": 0.01492922074134288
"p1192": 0.0009276664766173478
"p1193": 0.003172506449445941
"p1194": 0.00027096140493488457
"p1195": 0.0011572310002427358
"p1196": 0.0033079871519133813
"p1197": 0.008390395170865627
"p1198": 0.0007338538050319789
"p1199": 0.0036655056723135767
"p1200": 0.004811446614017359
"p1201": 0.007633961248755742
"p1202": 0.003037025746978498
"p1203": 0.0021695729159022354
"p1204": 0.011094364190944997
"p1205": 0.014961209240536582
"p1206": 0.008655711546531036
"p1207": 0.00482838170182579
"p1208": 0.0021168859760537853
"p1209": 0.004026787545560091
"p1210": 0.000758315598533045
"p1211": 0.0005212243692150209
"p1212": 0.0075342323983283175
