"p1150": 0
"p1151": 3.198849919370165E-05
"p1152": 0.00212629435816958
"p1153": 0.0014037306116765544
"p1154": 0.0017123255450746174
"p1155": 0.002019038802049521
"p1156": 3.387017561686056E-05
"p1157": 0.0002220378179327526
"p1158": 0
"p1159": 1.1290058538953523E-05
"p1160": 0.00048735419359816046
"p1161": 0.000521224369215021
"p1162": 0.0002464996114338186
"p1163": 0.00026907972851172564
"p1164": 0.001667165310918803
"p1165": 0.0018816764231589201
"p1166": 0.0008523994196909909
"p1167": 0.0009370748587331423
"p1168": 0.0030596058640564045
"p1169": 0.0021074775939379908
"p1170": 0.0024744044964539807
"p1171": 0.0012795399677480654
"p1172": 8.843879188846924E-05
"p1173": 0.00046477407652025334
"p1174": 0
"p1175": 0
"p1176": 0.002585423405420356
"p1177": 0.0018214627776178347
"p1178": 0.0016013066361082414
"p1179": 0.0005174610163687031
"p1180": 0.00510875148887647
"p1181": 0.004766286379861546
"p1182": 0.0022053247679422548
"p1183": 0.00042525887163391606
"p1184": 0.005761693207712614
"p1185": 0.01183386302524645
"p1186": 0.003334330621837607
"p1187": 0.012106706106604496
"p1188": 0.0002258011707790704
"p1189": 0.00158625322472297
"p1190": 0
"p1191": 9.032046831162817E-05
"p1192": 0.0027284308135804344
"p1193": 0.008621841370914178
"p1194": 0.0011967462051290737
"p1195": 0.004504733357042457
"p1196": 0.005261167279152342
"p1197": 0.013973329118378147
"p1198": 0.0020039853906642503
"p1199": 0.006591512510325699
"p1200": 0.009391447027986175
"p1201": 1
"p1202": 0.007344183079589267
"p1203": 0.00671193980140787
"p1204": 0.000594609749718219
"p1205": 0.0030614875404795638
"p1206": 0
"p1207": 3.3870175616860565E-05
"p1208": 0.008902211157964853
"p1209": 0.017074331863744047
"p1210": 0.005146385017339648
"p1211": 0.0049676257571395505
"p1212": 0.014857717037262838
