"p1150": 0
"p1151": 1.8816764231589203E-05
"p1152": 0.00022768284720222937
"p1153": 0.0002088660829706402
"p1154": 0.0030596058640564045
"p1155": 0.0017781842198851794
"p1156": 0.000869334507499421
"p1157": 0.0007507888928404088
"p1158": 0.005953624202874823
"p1159": 0.0032251933892943896
"p1160": 3.3870175616860565E-05
"p1161": 3.198849919370164E-05
"p1162": 0.001136532559587988
"p1163": 0.0008091208619583361
"p1164": 0.00011290058538953522
"p1165": 0.00023332787647170616
"p1166": 0.0034886280885366387
"p1167": 0.0032214300364480724
"p1168": 1.1290058538953523E-05
"p1169": 1.1290058538953523E-05
"p1170": 0.00041961384236443927
"p1171": 0.00016182417239166716
"p1172": 0.00022580117077907047
"p1173": 0.00013924405531376012
"p1174": 0.0012644865563627944
"p1175": 0.0004158504895181214
"p1176": 0
"p1177": 0
"p1178": 7.338538050319791E-05
"p1179": 3.575185204001949E-05
"p1180": 2.4461793501065966E-05
"p1181": 3.0106822770542726E-05
"p1182": 0.0004271405480570749
"p1183": 0.00028225146347383805
"p1184": 0.0013623337303670584
"p1185": 0.003981627311404275
"p1186": 0.00786540744880429
"p1187": 0.018237207893256266
"p1188": 0.005389121275927148
"p1189": 0.011419894212151487
"p1190": 0.019719968914705493
"p1191": 1
"p1192": 0.00030859493339806287
"p1193": 0.0007112736879540719
"p1194": 0.004491561622080344
"p1195": 0.010469647618456236
"p1196": 0.0010988990311248093
"p1197": 0.004361725948882378
"p1198": 0.010638998496540536
"p1199": 0.021676912394790766
"p1200": 0.0003631635496696716
"p1201": 0.000688693570876165
"p1202": 0.005596105682474629
"p1203": 0.007797667097570567
"p1204": 0.0016953904572661871
"p1205": 0.0022147331500580497
"p1206": 0.016159837122088808
"p1207": 0.016547462465259552
"p1208": 9.220214473478709E-05
"p1209": 0.00014112573173691905
"p1210": 0.0015881349011461288
"p1211": 0.003699375847930438
"p1212": 0.0003029499041285862
