"p1150": 0
"p1151": 0
"p1152": 0.0011892194994364376
"p1153": 0.004158504895181214
"p1154": 0.0002653163756654078
"p1155": 0.0006265982489119205
"p1156": 0.0028996633680878963
"p1157": 0.006209532196424437
"p1158": 0.0004911175464444782
"p1159": 0.0020698440654748126
"p1160": 0.004941282287215324
"p1161": 0.010721792259159531
"p1162": 0.0031047660982122193
"p1163": 0.003893188519515807
"p1164": 0.009267256384057683
"p1165": 1
"p1166": 0.005754166502019979
"p1167": 0.005385357923080829
"p1168": 9.972885042742277E-05
"p1169": 9.408382115794602E-05
"p1170": 1.8816764231589203E-05
"p1171": 0
"p1172": 0.00023709122931802394
"p1173": 0.0002577896699727721
"p1174": 4.327855773265517E-05
"p1175": 2.4461793501065966E-05
"p1176": 0.000568266279793994
"p1177": 0.0002935415220127916
"p1178": 0.00037633528463178407
"p1179": 4.892358700213193E-05
"p1180": 0.0012400247628617284
"p1181": 0.000756433922109886
"p1182": 0.0008335826554594017
"p1183": 7.903040977267466E-05
"p1184": 0.0001938126715853688
"p1185": 0.0012607232035164767
"p1186": 4.516023415581409E-05
"p1187": 0.0004741824586360479
"p1188": 0.001319055172634403
"p1189": 0.005291274101922884
"p1190": 0.0002747247577812024
"p1191": 0.002508274672070841
"p1192": 0.0030125639534774318
"p1193": 0.00912048562305129
"p1194": 0.0014752343157565936
"p1195": 0.006679951302214168
"p1196": 0.008905974510811172
"p1197": 0.02022049484326577
"p1198": 0.004990205874217456
"p1199": 0.015621677665065361
"p1200": 0.0010368037091605651
"p1201": 0.0032214300364480715
"p1202": 0.0002107477593937991
"p1203": 0.00017123255450746176
"p1204": 0.0038743717552842177
"p1205": 0.00864630316441524
"p1206": 0.0008241742733436071
"p1207": 0.0013472803189817867
"p1208": 0.006181307050077054
"p1209": 0.010132827538710788
"p1210": 0.003657978966620942
"p1211": 0.0026362286688456477
"p1212": 0.014272515669660415
