"p1150": 0
"p1151": 0
"p1152": 0.0003725719317854662
"p1153": 0.002308816971215995
"p1154": 0.001772539190615703
"p1155": 0.0035431967048082475
"p1156": 0
"p1157": 0
"p1158": 8.091208619583358E-05
"p1159": 0.0005983731025645366
"p1160": 0.0025797783761508796
"p1161": 0.005428636480813485
"p1162": 0.008377223435903514
"p1163": 0.017520289176032714
"p1164": 0.000615308190372967
"p1165": 0.001558028078375586
"p1166": 0.004177321659412803
"p1167": 0.010102720715940245
"p1168": 0.0004139688130949625
"p1169": 0.0021676912394790766
"p1170": 0.0039402304300947795
"p1171": 0.0070205347348059315
"p1172": 0
"p1173": 0
"p1174": 0.0003706902553623073
"p1175": 0.0018779130703126027
"p1176": 0.001883558099582079
"p1177": 0.0037313643471241394
"p1178": 0.02003797223021936
"p1179": 1
"p1180": 0.00036128187324651267
"p1181": 0.0007940674505730644
"p1182": 0.013386246074352562
"p1183": 0.021261061905272646
"p1184": 0.00018628596589273313
"p1185": 0.0013510436718281048
"p1186": 0.000496762575713955
"p1187": 0.0012663682327859534
"p1188": 0
"p1189": 0
"p1190": 1.1290058538953523E-05
"p1191": 9.784717400426387E-05
"p1192": 0.001953180127238959
"p1193": 0.0040249058691369305
"p1194": 0.00451414173915825
"p1195": 0.012411537687156244
"p1196": 0.0003913886960170555
"p1197": 0.0009803534164657978
"p1198": 0.0013773871417523298
"p1199": 0.004542366885505635
"p1200": 0.00030106822770542725
"p1201": 0.0009013230066931227
"p1202": 0.003161216390906986
"p1203": 0.004130279748833831
"p1204": 0
"p1205": 0
"p1206": 0.00011290058538953522
"p1207": 0.0006623501009519399
"p1208": 0.002288118530561247
"p1209": 0.001787592602000974
"p1210": 0.016541817435990074
"p1211": 0.011602416825197904
"p1212": 0.00034434678543808245
