"p1150": 0.0002878964927433148
"p1151": 0.0006228348960656026
"p1152": 0.00016935087808430283
"p1153": 0.0007056286586845952
"p1154": 0.0025873050818435157
"p1155": 0.004928110552253213
"p1156": 0.0007733690099183163
"p1157": 0.0016031883125313998
"p1158": 0.005754166502019979
"p1159": 0.0076565413658336474
"p1160": 3.7633528463178407E-05
"p1161": 0.00013548070246744229
"p1162": 0.001488406050718706
"p1163": 0.0031028844217890596
"p1164": 0.00019381267158536877
"p1165": 0.0009558916229647315
"p1166": 0.004280813862686544
"p1167": 0.008232334351320278
"p1168": 5.645029269476761E-06
"p1169": 5.645029269476761E-06
"p1170": 0.00013924405531376012
"p1171": 6.397699838740328E-05
"p1172": 5.645029269476761E-06
"p1173": 5.645029269476761E-06
"p1174": 0.00033117505047596993
"p1175": 0.00012607232035164768
"p1176": 0
"p1177": 0
"p1178": 2.4461793501065963E-05
"p1179": 1.1290058538953523E-05
"p1180": 0
"p1181": 5.645029269476761E-06
"p1182": 0.00011290058538953522
"p1183": 0.00010161052685058171
"p1184": 0.00021074775939379907
"p1185": 0.0011534676473964182
"p1186": 0.0009446015644257782
"p1187": 0.00301444562990059
"p1188": 0.0015185128734892487
"p1189": 0.004173558306566486
"p1190": 0.004854725171750016
"p1191": 0.010731200641275324
"p1192": 3.010682277054273E-05
"p1193": 0.00017311423093062066
"p1194": 0.0003669269025159895
"p1195": 0.0011064257368174452
"p1196": 0.0002653163756654078
"p1197": 0.001443245816562892
"p1198": 0.0023408054704096974
"p1199": 0.005537773713356703
"p1200": 0.00012419064392848875
"p1201": 0.00036128187324651267
"p1202": 0.002630583639576171
"p1203": 0.004156623218758055
"p1204": 0.0008128842148046536
"p1205": 0.0012663682327859532
"p1206": 0.008467543904215143
"p1207": 0.010061323834630749
"p1208": 3.575185204001949E-05
"p1209": 7.150370408003895E-05
"p1210": 0.0008110025383814948
"p1211": 0.001631413458878784
"p1212": 0.00016558752523798497
