"p1150": 1.1290058538953523E-05
"p1151": 7.903040977267465E-05
"p1152": 0.00013359902604428335
"p1153": 0.0005475678391392456
"p1154": 0.0004610107236739355
"p1155": 0.0006265982489119204
"p1156": 0
"p1157": 0
"p1158": 2.0698440654748124E-05
"p1159": 0.0001298356731979655
"p1160": 0.0015787265190303343
"p1161": 0.001251314821400682
"p1162": 0.0037257193178546625
"p1163": 0.002941060249397392
"p1164": 0.0002446179350106597
"p1165": 0.0002239194943559116
"p1166": 0.0017875926020009744
"p1167": 0.001717970574344094
"p1168": 0.00012419064392848875
"p1169": 0.00043466725374971044
"p1170": 0.0012324980571690927
"p1171": 0.001296475055556496
"p1172": 0
"p1173": 0
"p1174": 7.714873334951573E-05
"p1175": 0.00041396881309496247
"p1176": 0.0012513148214006822
"p1177": 0.000989761798581592
"p1178": 0.008986886597007004
"p1179": 0.004553656944044589
"p1180": 8.279376261899248E-05
"p1181": 7.714873334951573E-05
"p1182": 0.00616813531511494
"p1183": 0.004444519711501369
"p1184": 0.0004064421074023268
"p1185": 0.003187559860831212
"p1186": 0.001941890068700006
"p1187": 0.004555538620467746
"p1188": 0
"p1189": 0
"p1190": 7.526705692635681E-05
"p1191": 0.000636006631027715
"p1192": 0.0037257193178546625
"p1193": 0.008986886597007004
"p1194": 0.011314520332454593
"p1195": 0.027843166033482556
"p1196": 0.0008015941562657002
"p1197": 0.002369030616757081
"p1198": 0.005048537843335385
"p1199": 0.0137418829183296
"p1200": 0.0005306327513308156
"p1201": 0.002542144847687702
"p1202": 0.005336434336078698
"p1203": 0.009493057554836752
"p1204": 0
"p1205": 0
"p1206": 0.00040079707813285006
"p1207": 0.002128176034592739
"p1208": 0.0029410602493973926
"p1209": 0.00455365694404459
"p1210": 0.027843166033482553
"p1211": 1
"p1212": 0.0005588578976781993
