"p1150": 0.00013548070246744229
"p1151": 0.00042337719521075713
"p1152": 5.645029269476761E-06
"p1153": 3.0106822770542726E-05
"p1154": 0.00012230896750532982
"p1155": 0.00032553002120649325
"p1156": 0.00017123255450746176
"p1157": 0.0006698768066445754
"p1158": 0.0004817091643286836
"p1159": 0.0007564339221098857
"p1160": 0.0003010682277054273
"p1161": 0.000284133139896997
"p1162": 0.0015749631661840166
"p1163": 0.0011722844116280073
"p1164": 0.0014507725222555274
"p1165": 0.0010386853855837237
"p1166": 0.003665505672313578
"p1167": 0.0030276173648627024
"p1168": 3.7633528463178407E-06
"p1169": 2.4461793501065966E-05
"p1170": 0.0005306327513308156
"p1171": 0.0007903040977267463
"p1172": 0.00016746920166114395
"p1173": 0.0005475678391392456
"p1174": 0.001309646790518608
"p1175": 0.001693508780843028
"p1176": 0.0002615530228190899
"p1177": 0.00024085458216434186
"p1178": 0.0044652181521561175
"p1179": 0.0023483321761023322
"p1180": 0.0010066968863900222
"p1181": 0.0006886935708761647
"p1182": 0.009240912914133457
"p1183": 0.005336434336078699
"p1184": 5.64502926947676E-05
"p1185": 0.00039703372528653215
"p1186": 0.00044407563586550526
"p1187": 0.0022391949435591153
"p1188": 0.0004572473708276176
"p1189": 0.0037821696105494315
"p1190": 0.002017157125626363
"p1191": 0.005165201781571237
"p1192": 0.0010198686213521348
"p1193": 0.003078422628287994
"p1194": 0.0046722025587036
"p1195": 0.013593230480900047
"p1196": 0.003283525358412316
"p1197": 0.007144725378734421
"p1198": 0.01072555561200585
"p1199": 0.024553995645800762
"p1200": 9.408382115794602E-05
"p1201": 0.00044031228301918735
"p1202": 0.0018609779825041726
"p1203": 0.005419228098697691
"p1204": 0.0006040181318340134
"p1205": 0.002903426720934215
"p1206": 0.005686426150786257
"p1207": 0.011224199864142956
"p1208": 0.0008392276847288785
"p1209": 0.0017330239857293655
"p1210": 0.011440592652806239
"p1211": 0.019336106924381074
"p1212": 0.002321988706178108
