"p1150": 2.2580117077907045E-05
"p1151": 0.0001298356731979655
"p1152": 0.0012080362636680267
"p1153": 0.0008937963010004868
"p1154": 0.0030652508933258814
"p1155": 0.00237091229318024
"p1156": 0
"p1157": 0.00015617914312219042
"p1158": 3.387017561686056E-05
"p1159": 0.00016935087808430283
"p1160": 0.0003330567268991289
"p1161": 0.0002352095528948651
"p1162": 0.0006999836294151183
"p1163": 0.0006115448375266492
"p1164": 0.0003913886960170555
"p1165": 0.0005024076049834319
"p1166": 0.0022184965029043665
"p1167": 0.0021206493289001034
"p1168": 0.00081852924407413
"p1169": 0.000585201367602424
"p1170": 0.005093698077491196
"p1171": 0.0027227857843109575
"p1172": 0
"p1173": 0.0001448890845832369
"p1174": 8.843879188846924E-05
"p1175": 0.00042337719521075713
"p1176": 0.00038950701959389637
"p1177": 0.0002916598455896326
"p1178": 0.004152859865911738
"p1179": 0.0020190388020495218
"p1180": 0.00020133937727800447
"p1181": 0.00028036978705067917
"p1182": 0.007191767289313393
"p1183": 0.0048265000254026314
"p1184": 0.0027434842249657062
"p1185": 0.006107921669573855
"p1186": 0.007741216804875798
"p1187": 0.017428087031297924
"p1188": 0
"p1189": 0.0009841167693121153
"p1190": 0.0002258011707790704
"p1191": 0.001226853027899616
"p1192": 0.0009314298294636656
"p1193": 0.0023878473809886705
"p1194": 0.00369561249508412
"p1195": 0.01084598290308802
"p1196": 0.001258841527093318
"p1197": 0.004126516395987513
"p1198": 0.006706294772138393
"p1199": 0.016763855253922825
"p1200": 0.0019889319792789784
"p1201": 0.0024744044964539803
"p1202": 0.015145613530006154
"p1203": 1
"p1204": 0
"p1205": 0.0006209532196424436
"p1206": 0.000594609749718219
"p1207": 0.0028526214575089236
"p1208": 0.0008787428896152158
"p1209": 0.0017480773971146372
"p1210": 0.013549951923167387
"p1211": 0.020354093869310048
"p1212": 0.0009878801221584333
