"p1150": 0.00014488908458323686
"p1151": 0.00016558752523798497
"p1152": 0.001996458684971614
"p1153": 0.004150978189488579
"p1154": 0.0009032046831162818
"p1155": 0.0032421284771028194
"p1156": 0.00013924405531376012
"p1157": 0.0008843879188846927
"p1158": 0
"p1159": 5.645029269476761E-05
"p1160": 0.0007733690099183163
"p1161": 0.0026061218460751052
"p1162": 0.0002483812878569775
"p1163": 0.0010085785628131815
"p1164": 0.0022335499142896384
"p1165": 0.006143673521613876
"p1166": 0.0005005259285602729
"p1167": 0.002105595917514832
"p1168": 0.003947757135787416
"p1169": 0.006424043308664555
"p1170": 0.002175217945171712
"p1171": 0.00292788851443528
"p1172": 0.00033117505047596993
"p1173": 0.0015298029320282023
"p1174": 0
"p1175": 2.2580117077907045E-05
"p1176": 0.003682440760122007
"p1177": 0.0074269768422082615
"p1178": 0.001234379733592252
"p1179": 0.0016332951353019427
"p1180": 0.006841775474605833
"p1181": 0.013587585451630566
"p1182": 0.0017179705743440945
"p1183": 0.00214322944597801
"p1184": 0.0013190551726344033
"p1185": 0.0028432130753931286
"p1186": 0.00044407563586550526
"p1187": 0.002310698647639154
"p1188": 2.4461793501065963E-05
"p1189": 0.00022768284720222937
"p1190": 0
"p1191": 3.387017561686057E-05
"p1192": 0.00035375516755387705
"p1193": 0.001014223592082658
"p1194": 6.209532196424438E-05
"p1195": 0.0004459573122886642
"p1196": 0.0007658423042256806
"p1197": 0.002444297673683438
"p1198": 0.00011854561465901199
"p1199": 0.0010894906490090152
"p1200": 0.002941060249397392
"p1201": 0.002837568046123652
"p1202": 0.0018064093662325633
"p1203": 0.0009314298294636656
"p1204": 0.00011290058538953522
"p1205": 0.0007169187172235487
"p1206": 0
"p1207": 2.2580117077907045E-05
"p1208": 0.001693508780843028
"p1209": 0.0018045276898094047
"p1210": 0.0007300904521856611
"p1211": 0.00027848811062752024
"p1212": 0.003910123607324237
