"p1150": 0.00034999181470755914
"p1151": 0.00027284308135804345
"p1152": 3.0106822770542726E-05
"p1153": 0
"p1154": 0.00040079707813285006
"p1155": 5.833196911792653E-05
"p1156": 0.0006115448375266489
"p1157": 0
"p1158": 0.0012061545872448674
"p1159": 0.00027096140493488457
"p1160": 0.000284133139896997
"p1161": 1.6935087808430286E-05
"p1162": 0.00244053432083712
"p1163": 0.0006247165724887614
"p1164": 0.0009032046831162815
"p1165": 0.00024273625858750077
"p1166": 0.0064466234257424615
"p1167": 0.0018515696003883774
"p1168": 2.2580117077907045E-05
"p1169": 0
"p1170": 0.0012061545872448674
"p1171": 0.00017311423093062064
"p1172": 0.0005118159870992262
"p1173": 0
"p1174": 0.002745365901388865
"p1175": 0.0005099343106760674
"p1176": 0.00024085458216434186
"p1177": 1.1290058538953523E-05
"p1178": 0.0065256538355151356
"p1179": 0.0011440592652806236
"p1180": 0.00060966316110349
"p1181": 0.00014112573173691902
"p1182": 0.014976262651921856
"p1183": 0.0020943058589758786
"p1184": 0.00036692690251598946
"p1185": 0
"p1186": 0.0024405343208371197
"p1187": 0.0003594001968233537
"p1188": 0.003270353623450204
"p1189": 0
"p1190": 0.006525653835515135
"p1191": 0.0016652836344956442
"p1192": 0.0028977816916647384
"p1193": 0.00023144620004854718
"p1194": 0.01254513671320053
"p1195": 0.00751541563409673
"p1196": 0.006136146815921241
"p1197": 0.001228734704322775
"p1198": 0.024194595448977407
"p1199": 0.01567436460491381
"p1200": 0.0004214955187875982
"p1201": 0
"p1202": 0.006446623425742462
"p1203": 0.0012588415270933177
"p1204": 0.0026907972851172566
"p1205": 0
"p1206": 0.014976262651921845
"p1207": 0.003044552452671133
"p1208": 0.0017066805158051403
"p1209": 7.714873334951574E-05
"p1210": 0.02419459544897741
"p1211": 0.009939014867125421
"p1212": 0.0027340758428499113
