"p1150": 0
"p1151": 1.1290058538953523E-05
"p1152": 8.843879188846925E-05
"p1153": 0.00041020546024864466
"p1154": 0.0014545358751018454
"p1155": 0.004273287156993908
"p1156": 0.0004929992228676371
"p1157": 0.002480049525723457
"p1158": 0.003300460446220747
"p1159": 0.006079696523226472
"p1160": 0.0006698768066445756
"p1161": 0.0015542647255292685
"p1162": 0.007436385224324055
"p1163": 0.013070124435261867
"p1164": 0.0016615202816493268
"p1165": 0.0022975269126770414
"p1166": 0.014099401438729793
"p1167": 1
"p1168": 0
"p1169": 0
"p1170": 0.00011854561465901196
"p1171": 9.408382115794602E-05
"p1172": 1.6935087808430286E-05
"p1173": 4.139688130949625E-05
"p1174": 0.00027660643420436126
"p1175": 0.00025026296428013644
"p1176": 2.4461793501065966E-05
"p1177": 1.8816764231589203E-05
"p1178": 0.0009257848001941889
"p1179": 0.0003180033155138575
"p1180": 8.655711546531035E-05
"p1181": 4.7041910578973015E-05
"p1182": 0.002052908977666382
"p1183": 0.0007978308034193823
"p1184": 5.080526342529084E-05
"p1185": 0.0003819803139012608
"p1186": 0.0002389729057411829
"p1187": 0.0012814216441712249
"p1188": 0.00036316354966967166
"p1189": 0.0037577078170483646
"p1190": 0.0015599097547987454
"p1191": 0.004555538620467747
"p1192": 0.0009935251514279098
"p1193": 0.0029862204835532065
"p1194": 0.003806631404050497
"p1195": 0.01269378915063008
"p1196": 0.0034095976787639638
"p1197": 0.007662186395103126
"p1198": 0.011786821114667483
"p1199": 0.028193157848190112
"p1200": 9.408382115794602E-06
"p1201": 0.00010725555612005845
"p1202": 0.0012362614100154105
"p1203": 0.0032985787697975876
"p1204": 0.00046289240009709436
"p1205": 0.0018967298345441918
"p1206": 0.004576237061122495
"p1207": 0.008638776458722604
"p1208": 0.0006548233952593043
"p1209": 0.0009728267107731617
"p1210": 0.00913177568159024
"p1211": 0.011884668288671744
"p1212": 0.0022316682378664796
