"p1150": 0.0003424651090149235
"p1151": 0.0005362777806002922
"p1152": 0.0003104766098212218
"p1153": 0
"p1154": 0.0001618241723916671
"p1155": 0.0001204272910821709
"p1156": 0.0008185292440741303
"p1157": 3.7633528463178407E-05
"p1158": 0.0004309039009033928
"p1159": 0.0003518734911307181
"p1160": 0.0007940674505730644
"p1161": 5.645029269476761E-06
"p1162": 0.001179811117320643
"p1163": 0.00039327037244021434
"p1164": 0.002222259855750685
"p1165": 1.6935087808430282E-05
"p1166": 0.0030821859811343117
"p1167": 0.0010499754441226773
"p1168": 1.1290058538953523E-05
"p1169": 0
"p1170": 9.408382115794602E-06
"p1171": 0
"p1172": 4.516023415581409E-05
"p1173": 0
"p1174": 3.198849919370165E-05
"p1175": 5.645029269476761E-06
"p1176": 1.8816764231589203E-05
"p1177": 0
"p1178": 5.645029269476761E-05
"p1179": 0
"p1180": 8.467543904215141E-05
"p1181": 0
"p1182": 0.00031612163909069865
"p1183": 2.8225146347383808E-05
"p1184": 0.0027434842249657062
"p1185": 0
"p1186": 0.0009314298294636656
"p1187": 0.0012588415270933175
"p1188": 0.006107921669573855
"p1189": 0.0009841167693121153
"p1190": 0.0023878473809886697
"p1191": 0.004126516395987514
"p1192": 0.007741216804875798
"p1193": 0.00022580117077907044
"p1194": 0.003695612495084121
"p1195": 0.006706294772138393
"p1196": 0.01742808703129792
"p1197": 0.001226853027899616
"p1198": 0.01084598290308802
"p1199": 0.016763855253922825
"p1200": 0.0013040017612491318
"p1201": 0
"p1202": 0.0004553656944044588
"p1203": 0.0002634346992422488
"p1204": 0.004090764543947493
"p1205": 4.516023415581409E-05
"p1206": 0.0019042565402368275
"p1207": 0.0013943222295607599
"p1208": 0.0032684719470270447
"p1209": 7.5267056926356815E-06
"p1210": 0.0017932376312704513
"p1211": 0.0019550618036621187
"p1212": 0.008905974510811168
