"p1150": 0
"p1151": 0
"p1152": 0.0006303616017582384
"p1153": 0
"p1154": 0.0004196138423644392
"p1155": 0.0002163927886632758
"p1156": 0.0013924405531376008
"p1157": 0.00010161052685058167
"p1158": 0.0008674528310762624
"p1159": 0.0006209532196424437
"p1160": 0.0019512984508158002
"p1161": 1.1290058538953523E-05
"p1162": 0.0038216848154357676
"p1163": 0.0013190551726344028
"p1164": 0.004532958503389839
"p1165": 6.962202765688005E-05
"p1166": 0.008143895559431808
"p1167": 0.0024292442622981664
"p1168": 6.774035123372113E-05
"p1169": 0
"p1170": 7.903040977267465E-05
"p1171": 0
"p1172": 0.00022391949435591154
"p1173": 1.1290058538953523E-05
"p1174": 0.0002333278764717061
"p1175": 3.0106822770542726E-05
"p1176": 0.00014300740816007796
"p1177": 0
"p1178": 0.0005381594570234513
"p1179": 2.2580117077907045E-05
"p1180": 0.0004403122830191874
"p1181": 1.1290058538953523E-05
"p1182": 0.0016878637515735516
"p1183": 0.0001392440553137601
"p1184": 0.004866015230288968
"p1185": 0
"p1186": 0.0015203945499124075
"p1187": 0.0020604356833590176
"p1188": 0.009271019736904001
"p1189": 0.0012795399677480658
"p1190": 0.003725719317854662
"p1191": 0.006467321866397211
"p1192": 0.015719524839069625
"p1193": 0.0005419228098697691
"p1194": 0.011517741386155755
"p1195": 0.016903099309236586
"p1196": 1
"p1197": 0.002466877790761345
"p1198": 0.024126855097743687
"p1199": 0.032680956117424144
"p1200": 0.002365267263910763
"p1201": 0
"p1202": 0.0007470255399940914
"p1203": 0.0005061709578297496
"p1204": 0.006640436097327829
"p1205": 0.00010913723254321736
"p1206": 0.003456639589342937
"p1207": 0.002054790654089541
"p1208": 0.0065256538355151356
"p1209": 1.5053411385271363E-05
"p1210": 0.007515415634096729
"p1211": 0.0055057852141630025
"p1212": 0.015493723668290549
