"p1150": 0.0009765900636194795
"p1151": 0.0018045276898094047
"p1152": 0.00024461793501065964
"p1153": 0.00018440428946957417
"p1154": 0.0009239031237710298
"p1155": 0.0007394988343014558
"p1156": 0
"p1157": 7.903040977267466E-05
"p1158": 1.8816764231589203E-05
"p1159": 0.00010725555612005844
"p1160": 3.951520488633733E-05
"p1161": 3.387017561686057E-05
"p1162": 0.0001016105268505817
"p1163": 0.00011854561465901197
"p1164": 9.032046831162818E-05
"p1165": 0.0001599424959685082
"p1166": 0.0006058998082571724
"p1167": 0.000709392011530913
"p1168": 0.00020886608297064014
"p1169": 0.00015053411385271363
"p1170": 0.0021865080037106657
"p1171": 0.0012757766149017477
"p1172": 0
"p1173": 6.209532196424438E-05
"p1174": 4.327855773265516E-05
"p1175": 0.00024838128785697745
"p1176": 5.833196911792652E-05
"p1177": 5.268693984844976E-05
"p1178": 0.001012341915659499
"p1179": 0.0006322432781813973
"p1180": 6.585867481056221E-05
"p1181": 0.00012042729108217089
"p1182": 0.0024894579078392513
"p1183": 0.0022448399728285918
"p1184": 0.0011534676473964182
"p1185": 0.0031518080087911916
"p1186": 0.003537551675538771
"p1187": 0.007855999066688494
"p1188": 0
"p1189": 0.0006435333367203508
"p1190": 0.00016182417239166716
"p1191": 0.0008505177432678319
"p1192": 0.00037633528463178407
"p1193": 0.0009859984457352743
"p1194": 0.0011948645287059145
"p1195": 0.003851791638206311
"p1196": 0.0004346672537497106
"p1197": 0.002224141532173844
"p1198": 0.0030972393925195836
"p1199": 0.008635013105876287
"p1200": 0.0008561627725373088
"p1201": 0.0014093756409460313
"p1202": 0.008136368853739173
"p1203": 0.009976648395588596
"p1204": 0
"p1205": 0.0003161216390906986
"p1206": 0.00039327037244021434
"p1207": 0.0018628596589273312
"p1208": 0.00026907972851172564
"p1209": 0.0007489072164172502
"p1210": 0.005897173910180057
"p1211": 0.009496820907683074
"p1212": 0.00033493840332228785
