"p1150": 0.0005231060456381799
"p1151": 0.001716088897920935
"p1152": 3.7633528463178407E-05
"p1153": 0.00010349220327374062
"p1154": 0
"p1155": 3.7633528463178407E-06
"p1156": 0.00022391949435591148
"p1157": 0.0004120871366718036
"p1158": 4.139688130949625E-05
"p1159": 0.0001712325545074617
"p1160": 0.00021827446508643477
"p1161": 0.00020698440654748124
"p1162": 8.843879188846928E-05
"p1163": 9.972885042742278E-05
"p1164": 0.0008655711546531033
"p1165": 0.0008015941562657001
"p1166": 0.00047230078221288907
"p1167": 0.0005005259285602729
"p1168": 0.0002069844065474812
"p1169": 0.00032741169762965207
"p1170": 3.0106822770542726E-05
"p1171": 3.3870175616860565E-05
"p1172": 0.0005852013676024243
"p1173": 0.0009069680359625996
"p1174": 5.645029269476761E-05
"p1175": 0.000141125731736919
"p1176": 0.000985998445735274
"p1177": 0.0008147658912278125
"p1178": 0.0004421939594423463
"p1179": 0.00012419064392848875
"p1180": 0.0025252097598792707
"p1181": 0.0022900002069844065
"p1182": 0.0011911011758595966
"p1183": 0.00039703372528653225
"p1184": 0.00022203781793275258
"p1185": 0.0014376007872934147
"p1186": 4.8923587002131926E-05
"p1187": 0.0002464996114338185
"p1188": 0.0012682499092091125
"p1189": 0.004150978189488579
"p1190": 0.00022580117077907047
"p1191": 0.001343516966135469
"p1192": 0.0014281924051776206
"p1193": 0.004310920685457087
"p1194": 0.0003349384033222878
"p1195": 0.0018628596589273312
"p1196": 0.003945875459364256
"p1197": 0.010050033776091797
"p1198": 0.001326581878327039
"p1199": 0.005801208412598952
"p1200": 0.0009370748587331423
"p1201": 0.003108529451058537
"p1202": 0.00016935087808430283
"p1203": 0.00036692690251598946
"p1204": 0.0031217011860206487
"p1205": 0.00744203025359353
"p1206": 0.0005475678391392459
"p1207": 0.0012851849970175427
"p1208": 0.0037313643471241385
"p1209": 0.008488242344869893
"p1210": 0.0011760477644743254
"p1211": 0.0019400083922768466
"p1212": 0.01135591721376409
