"p1150": 0
"p1151": 0
"p1152": 0.003198849919370165
"p1153": 0.0005607395741013582
"p1154": 0.001277658291324907
"p1155": 0.0025421448476877014
"p1156": 0.0005983731025645366
"p1157": 0
"p1158": 5.080526342529085E-05
"p1159": 3.0106822770542726E-05
"p1160": 0.00957396964103259
"p1161": 0.0010424487384300416
"p1162": 0.008687700045724736
"p1163": 0.013521726776820005
"p1164": 0.006792851887603701
"p1165": 0.00011666393823585308
"p1166": 0.00425447039276232
"p1167": 0.005084289695375404
"p1168": 0.006075933170380153
"p1169": 0.00033117505047597
"p1170": 0.0030859493339806298
"p1171": 0.0039044785780547597
"p1172": 0.0018779130703126027
"p1173": 0
"p1174": 0.0002088660829706402
"p1175": 0.00016182417239166716
"p1176": 1
"p1177": 0.000496762575713955
"p1178": 0.020641990362053362
"p1179": 0.019031275343829326
"p1180": 0.016906862662082897
"p1181": 0
"p1182": 0.011762359321166415
"p1183": 0.009402737086525127
"p1184": 0.0011515859709732594
"p1185": 0.00027096140493488457
"p1186": 0.000588964720448742
"p1187": 0.0012569598506701586
"p1188": 9.784717400426387E-05
"p1189": 0
"p1190": 1.1290058538953523E-05
"p1191": 0
"p1192": 0.006967847794957482
"p1193": 0.0008486360668446731
"p1194": 0.005010904314872205
"p1195": 0.009986056777704394
"p1196": 0.0029862204835532065
"p1197": 8.655711546531033E-05
"p1198": 0.0014319557580239383
"p1199": 0.002675743873731985
"p1200": 0.0038235664918589264
"p1201": 0.0001486524374295547
"p1202": 0.003020090659170067
"p1203": 0.001384913847444965
"p1204": 0.0006623501009519399
"p1205": 0
"p1206": 9.032046831162818E-05
"p1207": 2.2580117077907045E-05
"p1208": 0.008471307257061461
"p1209": 0.00012795399677480656
"p1210": 0.018543921150231166
"p1211": 0.006275390871235001
"p1212": 0.008096853648852834
