"p1150": 6.39769983874033E-05
"p1151": 0.00017875926020009743
"p1152": 0.0019832869500095024
"p1153": 0.004405004506615032
"p1154": 0.0006924569237224828
"p1155": 0.0013171734962112442
"p1156": 0.0038837801374000122
"p1157": 0.00646732186639721
"p1158": 0.002295645236253883
"p1159": 0.0028131062526225857
"p1160": 0.001234379733592252
"p1161": 0.0028996633680878963
"p1162": 0.00026343469924224885
"p1163": 0.0003800986374781019
"p1164": 0.0035488417340777236
"p1165": 0.007989598092732777
"p1166": 0.0007451438635709325
"p1167": 0.0014037306116765546
"p1168": 9.972885042742278E-05
"p1169": 5.833196911792653E-05
"p1170": 4.516023415581409E-05
"p1171": 1.1290058538953523E-05
"p1172": 0.00022391949435591156
"p1173": 0.00012042729108217089
"p1174": 0.00011290058538953522
"p1175": 1.1290058538953523E-05
"p1176": 1.8816764231589203E-05
"p1177": 1.1290058538953523E-05
"p1178": 5.645029269476761E-06
"p1179": 0
"p1180": 0.00010725555612005847
"p1181": 0.00010161052685058171
"p1182": 5.645029269476761E-06
"p1183": 5.645029269476761E-06
"p1184": 0.0008298193026130839
"p1185": 0.0026437553745382826
"p1186": 0.00019945770085484557
"p1187": 0.001659638605226168
"p1188": 0.004051249339061156
"p1189": 0.00899817665554596
"p1190": 0.0013623337303670584
"p1191": 0.006335604516776085
"p1192": 0.00031988499193701646
"p1193": 0.0009897617985815922
"p1194": 6.021364554108545E-05
"p1195": 0.00028413313989699703
"p1196": 0.0020867791532832424
"p1197": 0.005274339014114455
"p1198": 0.0003292933740528111
"p1199": 0.0018685046881968081
"p1200": 0.0020641990362053357
"p1201": 0.003838619903244198
"p1202": 0.0006774035123372115
"p1203": 0.0006679951302214168
"p1204": 0.00587459379310215
"p1205": 0.008883394393733264
"p1206": 0.003185678184408052
"p1207": 0.002199679738672778
"p1208": 0.0006999836294151184
"p1209": 0.0015711998133376985
"p1210": 0.00013359902604428333
"p1211": 0.00012230896750532982
"p1212": 0.004071947779715903
