"p1150": 0.00015429746669903146
"p1151": 0.000212629435816958
"p1152": 0.0002145111122401169
"p1153": 0.00034434678543808245
"p1154": 4.139688130949625E-05
"p1155": 0.0001712325545074617
"p1156": 9.408382115794602E-06
"p1157": 6.774035123372113E-05
"p1158": 0
"p1159": 0
"p1160": 0.0007865407448804287
"p1161": 0.0006472966895666686
"p1162": 0.00046477407652025334
"p1163": 0.00047794581148236586
"p1164": 0.00033682007974544673
"p1165": 0.00047041910578973014
"p1166": 9.596549758110493E-05
"p1167": 0.00012795399677480661
"p1168": 0.0005532128684087227
"p1169": 0.0006999836294151185
"p1170": 5.645029269476761E-05
"p1171": 0.000141125731736919
"p1172": 3.198849919370165E-05
"p1173": 0.00020698440654748124
"p1174": 0
"p1175": 0
"p1176": 0.002103714241091673
"p1177": 0.001539211314143997
"p1178": 0.0011685210587816896
"p1179": 0.00044407563586550526
"p1180": 0.0015655547840682216
"p1181": 0.001924954980891575
"p1182": 0.000402678754556009
"p1183": 0.00011290058538953523
"p1184": 0.0012117996165143447
"p1185": 0.003740772729239934
"p1186": 0.00022580117077907047
"p1187": 0.001343516966135469
"p1188": 5.645029269476761E-05
"p1189": 0.0004327855773265517
"p1190": 0
"p1191": 0
"p1192": 0.0038574366674757866
"p1193": 0.00974708387196321
"p1194": 0.0013152918197880856
"p1195": 0.0063261961346602925
"p1196": 0.0018064093662325635
"p1197": 0.006121093404535968
"p1198": 0.000402678754556009
"p1199": 0.0016502302231103734
"p1200": 0.0029241251615889623
"p1201": 0.006375119721662422
"p1202": 0.0005475678391392459
"p1203": 0.0012851849970175427
"p1204": 0.0002483812878569775
"p1205": 0.001298356731979655
"p1206": 0
"p1207": 0
"p1208": 0.009598431434533653
"p1209": 0.016711168314074376
"p1210": 0.004662794176587805
"p1211": 0.005195308604341779
"p1212": 0.0069960729413048655
