"p1150": 0.0002935415220127916
"p1151": 0.0005795563383329475
"p1152": 4.892358700213193E-05
"p1153": 0.0001749959073537796
"p1154": 0.0005607395741013583
"p1155": 0.0006510600424129866
"p1156": 0
"p1157": 0
"p1158": 3.198849919370165E-05
"p1159": 0.00019945770085484557
"p1160": 0.00028413313989699703
"p1161": 0.00024085458216434183
"p1162": 0.0028977816916647367
"p1163": 0.0017066805158051411
"p1164": 1.6935087808430282E-05
"p1165": 2.0698440654748124E-05
"p1166": 0.0018289894833104707
"p1167": 0.0018967298345441913
"p1168": 0
"p1169": 5.645029269476761E-06
"p1170": 3.198849919370165E-05
"p1171": 3.7633528463178407E-05
"p1172": 0
"p1173": 0
"p1174": 0
"p1175": 7.5267056926356815E-06
"p1176": 1.6935087808430286E-05
"p1177": 1.1290058538953523E-05
"p1178": 0.00023144620004854718
"p1179": 7.714873334951574E-05
"p1180": 0
"p1181": 0
"p1182": 8.279376261899251E-05
"p1183": 5.4568616271608685E-05
"p1184": 0.0003669269025159894
"p1185": 0.0032703536234502035
"p1186": 0.0028977816916647375
"p1187": 0.00613614681592124
"p1188": 0
"p1189": 0
"p1190": 0.00023144620004854718
"p1191": 0.001228734704322775
"p1192": 0.0024405343208371197
"p1193": 0.006525653835515136
"p1194": 0.012545136713200528
"p1195": 0.024194595448977403
"p1196": 0.0003594001968233537
"p1197": 0.0016652836344956444
"p1198": 0.007515415634096729
"p1199": 0.01567436460491381
"p1200": 7.33853805031979E-05
"p1201": 0.0005287510749076566
"p1202": 0.0018289894833104705
"p1203": 0.004384306065960284
"p1204": 0
"p1205": 0
"p1206": 8.279376261899251E-05
"p1207": 0.0005776746619097886
"p1208": 0.0006247165724887617
"p1209": 0.0011440592652806236
"p1210": 0.007515415634096729
"p1211": 0.009939014867125421
"p1212": 6.774035123372114E-05
