"p1150": 0.0009370748587331421
"p1151": 0.0001561791431221904
"p1152": 0.0017085621922283
"p1153": 0.0002690797285117256
"p1154": 0.0050955797539143565
"p1155": 0.0034829830592671618
"p1156": 0.00045724737082761767
"p1157": 0
"p1158": 0.0007771323627646342
"p1159": 7.526705692635681E-05
"p1160": 0.0006661134537982577
"p1161": 2.0698440654748124E-05
"p1162": 0.002950468631513188
"p1163": 0.0012212079986301395
"p1164": 0.0015655547840682218
"p1165": 1.8816764231589203E-05
"p1166": 0.007212465729968143
"p1167": 0.0024838128785697753
"p1168": 0.0011478226181269413
"p1169": 0.00012419064392848875
"p1170": 0.010050033776091795
"p1171": 0.0049130571408679425
"p1172": 0.0002653163756654078
"p1173": 0
"p1174": 0.0015937799304156057
"p1175": 0.00017311423093062066
"p1176": 0.0006999836294151184
"p1177": 1.8816764231589203E-05
"p1178": 0.009869392839468541
"p1179": 0.004079474485408539
"p1180": 0.0011835744701669609
"p1181": 0
"p1182": 0.018489352533959554
"p1183": 0.005599869035320947
"p1184": 0.0012193263222069805
"p1185": 0.0001749959073537796
"p1186": 0.003343739003953402
"p1187": 0.002145111122401169
"p1188": 0.00018628596589273313
"p1189": 0
"p1190": 0.00016182417239166716
"p1191": 1.1290058538953523E-05
"p1192": 0.00030106822770542725
"p1193": 5.645029269476761E-06
"p1194": 0.0011515859709732592
"p1195": 0.0004647740765202534
"p1196": 0.0008730978603457392
"p1197": 1.1290058538953523E-05
"p1198": 0.002796171164814156
"p1199": 0.0008448727139983552
"p1200": 0.00035751852040019486
"p1201": 2.2580117077907045E-05
"p1202": 0.007086393409616494
"p1203": 0.0014338374344470973
"p1204": 0.00013548070246744223
"p1205": 0
"p1206": 0.0007432621871477736
"p1207": 5.268693984844977E-05
"p1208": 0.0001298356731979655
"p1209": 0
"p1210": 0.0038950701959389647
"p1211": 0.0007752506863414751
"p1212": 0.00028789649274331484
