"p1150": 0
"p1151": 0
"p1152": 0.0026381103452688065
"p1153": 0.005031602755526952
"p1154": 0.0004911175464444782
"p1155": 0.0020698440654748126
"p1156": 0.00030106822770542725
"p1157": 0.0014714709629102757
"p1158": 0
"p1159": 0
"p1160": 0.009573969641032586
"p1161": 1
"p1162": 0.006967847794957483
"p1163": 0.008471307257061461
"p1164": 0.006781561829064749
"p1165": 0.01287066673440702
"p1166": 0.0029391785729742334
"p1167": 0.0020886608297064012
"p1168": 0.00022580117077907044
"p1169": 0.00020133937727800447
"p1170": 4.327855773265517E-05
"p1171": 2.4461793501065966E-05
"p1172": 1.1290058538953523E-05
"p1173": 5.6450292694767617E-05
"p1174": 0
"p1175": 0
"p1176": 0.0010424487384300418
"p1177": 0.000496762575713955
"p1178": 0.0008486360668446731
"p1179": 0.00012795399677480656
"p1180": 0.0008956779774236461
"p1181": 0.0006736401594908935
"p1182": 0.0003838619903244198
"p1183": 0
"p1184": 0.001255078174247
"p1185": 0.004835908407518426
"p1186": 0.0002747247577812024
"p1187": 0.002508274672070841
"p1188": 7.526705692635681E-05
"p1189": 0.000545686162716087
"p1190": 0
"p1191": 0
"p1192": 0.008687700045724738
"p1193": 0.020641990362053365
"p1194": 0.005010904314872205
"p1195": 0.018543921150231166
"p1196": 0.00383297487397472
"p1197": 0.011395432418650424
"p1198": 0.0016916271044198695
"p1199": 0.004975152462832185
"p1200": 0.0037031392007767557
"p1201": 0.00760009107313888
"p1202": 0.0008241742733436071
"p1203": 0.0013472803189817867
"p1204": 0.00018816764231589206
"p1205": 0.0011628760295122127
"p1206": 0
"p1207": 0
"p1208": 0.013521726776820005
"p1209": 0.019031275343829326
"p1210": 0.009986056777704392
"p1211": 0.006275390871235
"p1212": 0.008567272754642564
