"p1150": 0.0006096631611034902
"p1151": 0.0005739113090634706
"p1152": 0.0007771323627646341
"p1153": 0.002628701963153012
"p1154": 0.00014677076100639576
"p1155": 0.00033682007974544673
"p1156": 0.0019926953321252965
"p1157": 0.0041660316008738495
"p1158": 0.0002803697870506791
"p1159": 0.001155349323819577
"p1160": 0.0027416025485425466
"p1161": 0.006143673521613875
"p1162": 0.0008937963010004871
"p1163": 0.001633295135301943
"p1164": 0.005970559290683254
"p1165": 0.009974766719165438
"p1166": 0.0026042401696519456
"p1167": 0.0031160561567511727
"p1168": 1.8816764231589203E-05
"p1169": 2.258011707790705E-05
"p1170": 0
"p1171": 0
"p1172": 4.327855773265517E-05
"p1173": 5.8331969117926534E-05
"p1174": 0
"p1175": 5.645029269476761E-06
"p1176": 0.00011666393823585305
"p1177": 6.021364554108546E-05
"p1178": 5.080526342529085E-05
"p1179": 1.1290058538953523E-05
"p1180": 0.0002803697870506791
"p1181": 0.00017123255450746176
"p1182": 0.00011854561465901197
"p1183": 1.1290058538953523E-05
"p1184": 8.655711546531035E-05
"p1185": 0.0006134265139498081
"p1186": 1.5053411385271363E-05
"p1187": 0.0002559079935496132
"p1188": 0.0008260559497667661
"p1189": 0.0038122764333199735
"p1190": 0.0002032210537011634
"p1191": 0.0013303452311733566
"p1192": 0.0010330403563142475
"p1193": 0.0034604029421892554
"p1194": 0.0002521446407032953
"p1195": 0.0018553329532346957
"p1196": 0.00486413355386581
"p1197": 0.011448119358498874
"p1198": 0.0015994249596850824
"p1199": 0.006595275863172018
"p1200": 0.0005249877220613389
"p1201": 0.0018685046881968077
"p1202": 9.22021447347871E-05
"p1203": 6.962202765688006E-05
"p1204": 0.002146992798824328
"p1205": 0.005526483654817749
"p1206": 0.0004214955187875982
"p1207": 0.000735735481455138
"p1208": 0.002451824379376073
"p1209": 0.004756877997745752
"p1210": 0.0007714873334951574
"p1211": 0.0007620789513793628
"p1212": 0.007421331812938783
