"p1150": 0.0003819803139012609
"p1151": 0.0003236483447833343
"p1152": 0.00020698440654748124
"p1153": 5.645029269476761E-06
"p1154": 0.0002314462000485472
"p1155": 0.00015241579027587256
"p1156": 0.0007451438635709325
"p1157": 4.8923587002131926E-05
"p1158": 0.0009897617985815922
"p1159": 0.0006679951302214168
"p1160": 2.0698440654748124E-05
"p1161": 0
"p1162": 1.3171734962112442E-05
"p1163": 9.408382115794602E-06
"p1164": 0.000496762575713955
"p1165": 0
"p1166": 0.0003217666683601754
"p1167": 0.00022580117077907047
"p1168": 0.000780895715610952
"p1169": 5.645029269476761E-06
"p1170": 0.001106425736817445
"p1171": 0.0003631635496696716
"p1172": 0.0014771159921797522
"p1173": 3.7633528463178407E-05
"p1174": 0.0027491292542351827
"p1175": 0.0008222925969204481
"p1176": 0.00025967134639593104
"p1177": 0
"p1178": 0.00025402631712645424
"p1179": 6.58586748105622E-05
"p1180": 0.0017217339271904122
"p1181": 0
"p1182": 0.001522276226335567
"p1183": 0.00033117505047597
"p1184": 0.0029034267209342144
"p1185": 0.00016182417239166716
"p1186": 0.0010104602392363403
"p1187": 0.0026832705794246204
"p1188": 0.006587749157479381
"p1189": 0.0010894906490090147
"p1190": 0.003415242708033441
"p1191": 0.008025349944772796
"p1192": 0.001023631974198453
"p1193": 0
"p1194": 0.0003029499041285862
"p1195": 0.0005569762212550404
"p1196": 0.004952572345754278
"p1197": 9.032046831162817E-05
"p1198": 0.0014225473759081437
"p1199": 0.002839449722546811
"p1200": 0.004924347199406895
"p1201": 6.585867481056221E-05
"p1202": 0.0029184801323194854
"p1203": 0.0037915779926652247
"p1204": 0.009660526756497896
"p1205": 0.0003669269025159894
"p1206": 0.010448949177801488
"p1207": 0.008798718954691115
"p1208": 0.0032346017714101846
"p1209": 0
"p1210": 0.001228734704322775
"p1211": 0.0018308711597336293
"p1212": 0.01221960669199403
