"p1150": 0.0014564175515250038
"p1151": 0.0002784881106275202
"p1152": 0.0011628760295122127
"p1153": 0.00012419064392848875
"p1154": 0.00838475014159615
"p1155": 0.0038706084024379
"p1156": 0.0002540263171264543
"p1157": 0
"p1158": 0.0010198686213521348
"p1159": 0.00011290058538953523
"p1160": 0.000684930218029847
"p1161": 1.8816764231589203E-05
"p1162": 0.007528587369058842
"p1163": 0.002839449722546811
"p1164": 0.0011986278815522323
"p1165": 0
"p1166": 0.014012844323264485
"p1167": 0.0038593183438989462
"p1168": 5.645029269476761E-06
"p1169": 0
"p1170": 0.0003142399626675397
"p1171": 5.645029269476761E-06
"p1172": 0
"p1173": 0
"p1174": 1.88167642315892E-05
"p1175": 0
"p1176": 5.645029269476761E-06
"p1177": 0
"p1178": 0.00023709122931802397
"p1179": 5.645029269476761E-06
"p1180": 5.645029269476761E-06
"p1181": 0
"p1182": 0.00037445360820862513
"p1183": 0
"p1184": 0.0029260068380121207
"p1185": 0.0005118159870992264
"p1186": 0.007398751695860876
"p1187": 0.005417346422274531
"p1188": 0.0004704191057897301
"p1189": 0
"p1190": 0.0008317009790362427
"p1191": 8.27937626189925E-05
"p1192": 0.0007489072164172505
"p1193": 2.6343469924224887E-05
"p1194": 0.004094527896793811
"p1195": 0.0021902713565569833
"p1196": 0.0022523666785212275
"p1197": 3.0106822770542726E-05
"p1198": 0.008574799460335202
"p1199": 0.00336443744460815
"p1200": 0.0007169187172235487
"p1201": 2.2580117077907045E-05
"p1202": 0.010864799667319607
"p1203": 0.003667387348736736
"p1204": 0.00031988499193701646
"p1205": 0
"p1206": 0.0014056122880997137
"p1207": 0.00011666393823585308
"p1208": 0.0004346672537497106
"p1209": 0
"p1210": 0.006546352276169885
"p1211": 0.0018910848052747149
"p1212": 0.0006190715432192847
