"p1150": 0.0008298193026130838
"p1151": 0.0008655711546531032
"p1152": 0.000570147956217153
"p1153": 2.2580117077907045E-05
"p1154": 0.0008900329481541693
"p1155": 0.0006096631611034902
"p1156": 0.00010725555612005844
"p1157": 2.6343469924224887E-05
"p1158": 1.1290058538953523E-05
"p1159": 1.8816764231589203E-05
"p1160": 0.00011854561465901197
"p1161": 1.8816764231589204E-06
"p1162": 0.00010725555612005845
"p1163": 4.704191057897301E-05
"p1164": 0.0006792851887603702
"p1165": 3.7633528463178407E-06
"p1166": 0.0005569762212550405
"p1167": 0.00037445360820862513
"p1168": 0.001130887530318511
"p1169": 1.6935087808430282E-05
"p1170": 0.002175217945171712
"p1171": 0.0007507888928404093
"p1172": 0.00024838128785697745
"p1173": 2.0698440654748124E-05
"p1174": 2.82251463473838E-05
"p1175": 1.5053411385271363E-05
"p1176": 0.0006058998082571724
"p1177": 1.8816764231589204E-06
"p1178": 0.0009276664766173475
"p1179": 0.00024461793501065964
"p1180": 0.0022410766199822737
"p1181": 3.7633528463178407E-06
"p1182": 0.0023483321761023327
"p1183": 0.0005042892814065906
"p1184": 0.004871660259558445
"p1185": 0.0008505177432678321
"p1186": 0.002792407811967838
"p1187": 0.006997954617728026
"p1188": 0.0008505177432678319
"p1189": 0.0002389729057411829
"p1190": 7.52670569263568E-05
"p1191": 0.00017687758377693847
"p1192": 0.002792407811967838
"p1193": 7.526705692635681E-05
"p1194": 0.0010687922083542666
"p1195": 0.002224141532173844
"p1196": 0.006997954617728026
"p1197": 0.00017687758377693847
"p1198": 0.002224141532173844
"p1199": 0.004837790083941584
"p1200": 0.006599039216018335
"p1201": 0.0002559079935496132
"p1202": 0.007665949747949442
"p1203": 0.00692268756080167
"p1204": 0.0018628596589273312
"p1205": 0.00011101890896637629
"p1206": 0.00019004931873905096
"p1207": 0.00023709122931802397
"p1208": 0.006950912707149055
"p1209": 6.209532196424438E-05
"p1210": 0.00484343511321106
"p1211": 0.0052668123084218185
"p1212": 0.015064701443810318
