"p1150": 0.002084897476860084
"p1151": 0.00042902222448023387
"p1152": 0.00019004931873905094
"p1153": 0
"p1154": 0.0014018489352533956
"p1155": 0.00022768284720222934
"p1156": 0.001460180904371322
"p1157": 0
"p1158": 0.003531906646269294
"p1159": 0.0011214791482027163
"p1160": 0.0009464832408489371
"p1161": 3.9515204886337324E-05
"p1162": 0.003735127699970458
"p1163": 0.0017179705743440945
"p1164": 0.0019851686264326608
"p1165": 0.0002690797285117256
"p1166": 0.0081213154423539
"p1167": 0.004491561622080344
"p1168": 0.00020698440654748124
"p1169": 0
"p1170": 0.0034152427080334407
"p1171": 0.000780895715610952
"p1172": 0.0012626048799396355
"p1173": 0
"p1174": 0.007022416411229091
"p1175": 0.0020848974768600836
"p1176": 0.0007959491269962232
"p1177": 1.8816764231589203E-05
"p1178": 0.009557034553224158
"p1179": 0.004023024192713773
"p1180": 0.001296475055556496
"p1181": 0.00012419064392848875
"p1182": 0.02142664943051063
"p1183": 0.008817535718922704
"p1184": 4.8923587002131926E-05
"p1185": 0
"p1186": 0.00021451111224011696
"p1187": 1.5053411385271363E-05
"p1188": 0.0007470255399940912
"p1189": 0
"p1190": 0.0012550781742469998
"p1191": 0.0001749959073537796
"p1192": 0.000425258871633916
"p1193": 1.6935087808430286E-05
"p1194": 0.0011252425010490345
"p1195": 0.0004779458114823658
"p1196": 0.0014112573173691901
"p1197": 0.0001749959073537796
"p1198": 0.004675965911549918
"p1199": 0.0026080035224982636
"p1200": 7.5267056926356815E-06
"p1201": 0
"p1202": 0.0008373460083057197
"p1203": 0.00016182417239166713
"p1204": 0.00047041910578973014
"p1205": 0
"p1206": 0.0039044785780547606
"p1207": 0.0006491783659898275
"p1208": 0.00012419064392848875
"p1209": 0
"p1210": 0.003454757912919778
"p1211": 0.000590846396871901
"p1212": 0.00044407563586550515
