"p1150": 1.1290058538953523E-05
"p1151": 0
"p1152": 0.002075489094744289
"p1153": 0
"p1154": 0.006619737656673081
"p1155": 0.0020378555662811104
"p1156": 0
"p1157": 0
"p1158": 0.0016408218409945789
"p1159": 0.00013171734962112442
"p1160": 0.0036372805259661935
"p1161": 0.00033117505047597
"p1162": 1
"p1163": 0.012627930475819518
"p1164": 0.0008091208619583357
"p1165": 0
"p1166": 0.0192796566316863
"p1167": 0.0062509290777339336
"p1168": 3.387017561686057E-05
"p1169": 0
"p1170": 0.0004290222244802339
"p1171": 5.456861627160869E-05
"p1172": 0
"p1173": 0
"p1174": 6.774035123372114E-05
"p1175": 0
"p1176": 7.33853805031979E-05
"p1177": 1.1290058538953523E-05
"p1178": 0.0027829994298520437
"p1179": 7.338538050319788E-05
"p1180": 0
"p1181": 0
"p1182": 0.0020303288605884747
"p1183": 9.220214473478711E-05
"p1184": 0.0029598770136289817
"p1185": 0
"p1186": 0.005518956949125114
"p1187": 0.0009916434750047512
"p1188": 0
"p1189": 0
"p1190": 0.000590846396871901
"p1191": 3.0106822770542726E-05
"p1192": 0.007801430450416883
"p1193": 0.0016031883125314002
"p1194": 0.027532689423661338
"p1195": 0.0196277667699707
"p1196": 0.0021733362687485535
"p1197": 0.00016182417239166716
"p1198": 0.014312030874546751
"p1199": 0.006926450913647988
"p1200": 0.0013247002019038795
"p1201": 0
"p1202": 0.010949475106361758
"p1203": 0.0016558752523798499
"p1204": 0
"p1205": 0
"p1206": 0.001298356731979655
"p1207": 5.2686939848449775E-05
"p1208": 0.002894018338818419
"p1209": 0.0001618241723916671
"p1210": 0.039626223795303714
"p1211": 0.012108587783027657
"p1212": 0.0006868118944530059
