"p1150": 0.00018064093662325633
"p1151": 0
"p1152": 0.0002464996114338186
"p1153": 1.6935087808430286E-05
"p1154": 0.0021168859760537857
"p1155": 0.0005833196911792652
"p1156": 0.0010443304148532002
"p1157": 0.00024273625858750077
"p1158": 0.005949860850028506
"p1159": 0.001748077397114637
"p1160": 3.7633528463178407E-05
"p1161": 0
"p1162": 0.0004120871366718036
"p1163": 5.833196911792653E-05
"p1164": 0.0003236483447833343
"p1165": 0
"p1166": 0.0020660807126284945
"p1167": 0.00017311423093062066
"p1168": 0.0002088660829706402
"p1169": 1.1290058538953523E-05
"p1170": 0.005291274101922885
"p1171": 0.0009013230066931227
"p1172": 0.00074890721641725
"p1173": 0.00014112573173691902
"p1174": 0.010958883488477554
"p1175": 0.0016445851938408959
"p1176": 3.198849919370164E-05
"p1177": 0
"p1178": 0.0019908136557021377
"p1179": 0.0002540263171264542
"p1180": 0.00023332787647170616
"p1181": 0
"p1182": 0.007513533957673568
"p1183": 0.00038386199032441974
"p1184": 0.002536499818418225
"p1185": 0.00023144620004854718
"p1186": 0.009513755995491504
"p1187": 0.006217058902117073
"p1188": 0.006871882297376377
"p1189": 0.001228734704322775
"p1190": 0.020530971453086987
"p1191": 0.014492671811170008
"p1192": 0.0004647740765202534
"p1193": 0
"p1194": 0.004019260839867455
"p1195": 0.0014752343157565936
"p1196": 0.0024029007923739415
"p1197": 0
"p1198": 0.010881734755128037
"p1199": 0.0028225146347383807
"p1200": 0.0014037306116765546
"p1201": 7.714873334951574E-05
"p1202": 0.016667889756341724
"p1203": 0.006702531419292076
"p1204": 0.0032289567421407077
"p1205": 0.00034999181470755925
"p1206": 1
"p1207": 0.013472803189817875
"p1208": 0.00034999181470755914
"p1209": 0
"p1210": 0.011250543334067189
"p1211": 0.004118989690294878
"p1212": 0.0020848974768600836
