"p1150": 0.000118545614659012
"p1151": 9.784717400426385E-05
"p1152": 0.0018346345125799472
"p1153": 0.0033964259438018516
"p1154": 0.0002803697870506791
"p1155": 0.001155349323819577
"p1156": 0.0001919309951622099
"p1157": 0.0009276664766173478
"p1158": 0
"p1159": 0
"p1160": 0.005500140184893524
"p1161": 0.010973936899862827
"p1162": 0.0027566559599278184
"p1163": 0.004041840956945361
"p1164": 0.00446333647573296
"p1165": 0.008559746048949927
"p1166": 0.0010330403563142472
"p1167": 0.001138414236011147
"p1168": 4.327855773265517E-05
"p1169": 4.704191057897301E-05
"p1170": 0
"p1171": 5.645029269476761E-06
"p1172": 0
"p1173": 1.1290058538953523E-05
"p1174": 0
"p1175": 0
"p1176": 0.00025778966997277205
"p1177": 0.00012419064392848875
"p1178": 0.0001298356731979655
"p1179": 2.2580117077907045E-05
"p1180": 0.00016182417239166716
"p1181": 0.00013359902604428335
"p1182": 3.951520488633733E-05
"p1183": 0
"p1184": 0.0007978308034193823
"p1185": 0.0035488417340777244
"p1186": 0.0002032210537011634
"p1187": 0.0013303452311733566
"p1188": 4.516023415581409E-05
"p1189": 0.00032553002120649325
"p1190": 0
"p1191": 0
"p1192": 0.004305275656187609
"p1193": 0.009867511163045382
"p1194": 0.0014451274929860507
"p1195": 0.007035588146191206
"p1196": 0.001838397865426265
"p1197": 0.006119211728112809
"p1198": 0.00046477407652025334
"p1199": 0.0017160888979209355
"p1200": 0.002028447184165316
"p1201": 0.00484343511321106
"p1202": 0.0004214955187875982
"p1203": 0.000735735481455138
"p1204": 0.00011854561465901199
"p1205": 0.000733853805031979
"p1206": 0
"p1207": 0
"p1208": 0.00643157001435719
"p1209": 0.009814824223196931
"p1210": 0.003371964150300785
"p1211": 0.0024442976736834374
"p1212": 0.004169794953720167
