"p1150": 0.0012908300262870194
"p1151": 0.0008975596538468049
"p1152": 0.0022354315907127977
"p1153": 0
"p1154": 0.0008128842148046536
"p1155": 0.0009295481530405067
"p1156": 0.003738891052816775
"p1157": 0.00024085458216434183
"p1158": 0.001300238408402814
"p1159": 0.002378438998872875
"p1160": 0.005044774490489065
"p1161": 6.021364554108546E-05
"p1162": 0.0027434842249657062
"p1163": 0.003985390664250593
"p1164": 0.008738505309150026
"p1165": 0.0002333278764717061
"p1166": 0.006559524011131996
"p1167": 0.006986664559189072
"p1168": 2.258011707790705E-05
"p1169": 0
"p1170": 1.1290058538953523E-05
"p1171": 7.5267056926356815E-06
"p1172": 5.8331969117926534E-05
"p1173": 0
"p1174": 3.0106822770542726E-05
"p1175": 1.8816764231589207E-05
"p1176": 6.021364554108546E-05
"p1177": 0
"p1178": 0.000165587525237985
"p1179": 1.3171734962112442E-05
"p1180": 0.00017123255450746176
"p1181": 0
"p1182": 0.000423377195210757
"p1183": 2.0698440654748128E-05
"p1184": 0.0005325144277539745
"p1185": 0
"p1186": 0.00013359902604428335
"p1187": 0.00033305672689912887
"p1188": 0.002476286172877139
"p1189": 0.0007225637464930254
"p1190": 0.0012400247628617284
"p1191": 0.0018195811011946764
"p1192": 0.002743484224965706
"p1193": 0.000165587525237985
"p1194": 0.0010273953270447706
"p1195": 0.002766064342043613
"p1196": 0.009052745271817566
"p1197": 0.00099352515142791
"p1198": 0.00477569476197734
"p1199": 0.010034980364706524
"p1200": 0.0015881349011461288
"p1201": 0
"p1202": 0.0006134265139498081
"p1203": 0.00039327037244021434
"p1204": 0.004700427705050984
"p1205": 7.903040977267465E-05
"p1206": 0.00233516044114022
"p1207": 0.0017574857792304315
"p1208": 0.003985390664250593
"p1209": 1.3171734962112442E-05
"p1210": 0.002766064342043613
"p1211": 0.002252366678521228
"p1212": 0.01023067471271505
