"p1150": 0.0007884224213035874
"p1151": 0.0015505013726829502
"p1152": 4.892358700213193E-05
"p1153": 0.0002013393772780045
"p1154": 0.0002163927886632758
"p1155": 0.0003085949333980629
"p1156": 0
"p1157": 0
"p1158": 9.408382115794602E-06
"p1159": 6.774035123372113E-05
"p1160": 0.00030106822770542725
"p1161": 0.00026155302281908997
"p1162": 0.0010198686213521348
"p1163": 0.0008392276847288785
"p1164": 4.139688130949625E-05
"p1165": 4.516023415581409E-05
"p1166": 0.00039515204886337327
"p1167": 0.0005080526342529086
"p1168": 4.892358700213193E-05
"p1169": 0.0001749959073537796
"p1170": 0.00059272807329506
"p1171": 0.000688693570876165
"p1172": 0
"p1173": 0
"p1174": 3.198849919370165E-05
"p1175": 0.00020698440654748124
"p1176": 0.00028413313989699703
"p1177": 0.00024085458216434183
"p1178": 0.0030784226282879927
"p1179": 0.001733023985729366
"p1180": 1.6935087808430282E-05
"p1181": 2.0698440654748124E-05
"p1182": 0.001911783245929463
"p1183": 0.0019512984508157998
"p1184": 0.00023520955289486507
"p1185": 0.002009630419933727
"p1186": 0.00130776511409545
"p1187": 0.0032063766250628005
"p1188": 0
"p1189": 0
"p1190": 5.645029269476761E-05
"p1191": 0.0004327855773265517
"p1192": 0.0015749631661840166
"p1193": 0.0044652181521561175
"p1194": 0.004672202558703601
"p1195": 0.011440592652806237
"p1196": 0.00023897290574118285
"p1197": 0.0012701315856322713
"p1198": 0.0021375844167085332
"p1199": 0.006602802568864652
"p1200": 0.0002653163756654078
"p1201": 0.001347280318981787
"p1202": 0.0033456206803765603
"p1203": 0.0063544212810076744
"p1204": 0
"p1205": 0
"p1206": 0.0002483812878569775
"p1207": 0.001298356731979655
"p1208": 0.001172284411628007
"p1209": 0.0023483321761023327
"p1210": 0.013593230480900043
"p1211": 0.019336106924381067
"p1212": 0.00016370584881482606
