"p1150": 0.00033493840332228785
"p1151": 0.0002690797285117256
"p1152": 0.003070895922595358
"p1153": 0.0005080526342529085
"p1154": 0.002171454592325394
"p1155": 0.0046195156188551505
"p1156": 0.0007131553643772309
"p1157": 0.00017123255450746176
"p1158": 6.39769983874033E-05
"p1159": 0.00013171734962112442
"p1160": 0.002077370771167448
"p1161": 6.021364554108545E-05
"p1162": 0.0008975596538468051
"p1163": 0.0016483485466872142
"p1164": 0.005313854219000791
"p1165": 0.00011666393823585305
"p1166": 0.0019437717451231645
"p1167": 0.003691849142237802
"p1168": 0.005127568253108058
"p1169": 0.0002333278764717061
"p1170": 0.0050711179604132905
"p1171": 0.005771101589828409
"p1172": 0.0014357191108702563
"p1173": 9.408382115794602E-05
"p1174": 0.0001580608195453493
"p1175": 0.00019569434800852776
"p1176": 0.006021364554108546
"p1177": 6.021364554108546E-05
"p1178": 0.0038630816967452643
"p1179": 0.004651504118048852
"p1180": 0.012473633009120483
"p1181": 0
"p1182": 0.006062761435418042
"p1183": 0.00669500471359944
"p1184": 0.0022297865614433203
"p1185": 0.0003594001968233538
"p1186": 0.0012117996165143447
"p1187": 0.003023854012016385
"p1188": 0.00014865243742955472
"p1189": 7.903040977267465E-05
"p1190": 1.3171734962112444E-05
"p1191": 4.516023415581409E-05
"p1192": 0.000920139770924712
"p1193": 1.6935087808430286E-05
"p1194": 0.0002671980520885667
"p1195": 0.0006454150131435097
"p1196": 0.0022580117077907044
"p1197": 6.39769983874033E-05
"p1198": 0.0005833196911792654
"p1199": 0.0015523830491061096
"p1200": 0.0025233280834561123
"p1201": 4.516023415581409E-05
"p1202": 0.004574355384699335
"p1203": 0.001774420867038862
"p1204": 0.0006830485416066881
"p1205": 3.3870175616860565E-05
"p1206": 6.0213645541085445E-05
"p1207": 7.526705692635681E-05
"p1208": 0.0015843715482998107
"p1209": 3.7633528463178407E-06
"p1210": 0.0022580117077907044
"p1211": 0.000895677977423646
"p1212": 0.004890477023790035
