"p1150": 0.0025195647306097946
"p1151": 0.0007150370408003896
"p1152": 0.00020698440654748124
"p1153": 0
"p1154": 0.003065250893325881
"p1155": 0.0006999836294151185
"p1156": 0.001251314821400682
"p1157": 0
"p1158": 0.005093698077491197
"p1159": 0.0016803370458809159
"p1160": 0.0007940674505730643
"p1161": 1.8816764231589203E-05
"p1162": 0.007741216804875799
"p1163": 0.0032684719470270447
"p1164": 0.0013021200848259728
"p1165": 0.00012419064392848875
"p1166": 0.015145613530006152
"p1167": 0.006134265139498081
"p1168": 0
"p1169": 0
"p1170": 3.3870175616860565E-05
"p1171": 7.5267056926356815E-06
"p1172": 5.645029269476761E-06
"p1173": 0
"p1174": 8.843879188846926E-05
"p1175": 1.3171734962112444E-05
"p1176": 5.645029269476761E-06
"p1177": 0
"p1178": 0.00022580117077907047
"p1179": 7.5267056926356815E-06
"p1180": 5.645029269476761E-06
"p1181": 0
"p1182": 0.0005946097497182188
"p1183": 1.5053411385271365E-05
"p1184": 0.00019945770085484557
"p1185": 0
"p1186": 0.0006999836294151184
"p1187": 0.00010537387969689954
"p1188": 0.0019569434800852767
"p1189": 0
"p1190": 0.004152859865911738
"p1191": 0.0006962202765688004
"p1192": 0.0011798111173206432
"p1193": 5.645029269476761E-05
"p1194": 0.0036956124950841204
"p1195": 0.001793237631270451
"p1196": 0.0032929337405281107
"p1197": 0.0005118159870992264
"p1198": 0.013549951923167389
"p1199": 0.007825892243917953
"p1200": 4.704191057897301E-05
"p1201": 0
"p1202": 0.002218496502904367
"p1203": 0.0003631635496696716
"p1204": 0.0008260559497667659
"p1205": 0
"p1206": 0.007191767289313393
"p1207": 0.0012607232035164765
"p1208": 0.0003932703724402143
"p1209": 0
"p1210": 0.006706294772138394
"p1211": 0.0019550618036621183
"p1212": 0.0009765900636194797
