"p1150": 5.833196911792653E-05
"p1151": 0.00015053411385271363
"p1152": 0.000756433922109886
"p1153": 5.645029269476761E-06
"p1154": 0.0010499754441226775
"p1155": 0.0003631635496696716
"p1156": 0.001439482463716574
"p1157": 3.7633528463178407E-05
"p1158": 0.002466877790761345
"p1159": 0.0008222925969204481
"p1160": 0.00025402631712645424
"p1161": 0
"p1162": 0.00024838128785697745
"p1163": 6.58586748105622E-05
"p1164": 0.0016878637515735516
"p1165": 0
"p1166": 0.0014601809043713223
"p1167": 0.00033117505047597
"p1168": 2.4461793501065963E-05
"p1169": 0
"p1170": 5.645029269476761E-05
"p1171": 0
"p1172": 7.150370408003898E-05
"p1173": 0
"p1174": 0.0002991865512822683
"p1175": 2.8225146347383808E-05
"p1176": 5.645029269476761E-06
"p1177": 0
"p1178": 5.645029269476761E-06
"p1179": 0
"p1180": 5.080526342529084E-05
"p1181": 0
"p1182": 6.209532196424438E-05
"p1183": 5.645029269476761E-06
"p1184": 0.0057616932077126145
"p1185": 0.00022580117077907044
"p1186": 0.002728430813580435
"p1187": 0.0052611672791523425
"p1188": 0.011833863025246453
"p1189": 0.00158625322472297
"p1190": 0.008621841370914176
"p1191": 0.013973329118378145
"p1192": 0.003334330621837607
"p1193": 0
"p1194": 0.0011967462051290737
"p1195": 0.0020039853906642503
"p1196": 0.012106706106604494
"p1197": 9.032046831162817E-05
"p1198": 0.004504733357042457
"p1199": 0.006591512510325699
"p1200": 0.0026494004038077603
"p1201": 7.5267056926356815E-06
"p1202": 0.0015410929905671558
"p1203": 0.0016389401645714196
"p1204": 0.006484256954205639
"p1205": 4.8923587002131926E-05
"p1206": 0.00697349282422696
"p1207": 0.005099343106760675
"p1208": 0.0010368037091605651
"p1209": 0
"p1210": 0.0003405834325917646
"p1211": 0.00042714054805707494
"p1212": 0.006224585607809708
