"p1150": 2.2580117077907045E-05
"p1151": 0.0001580608195453493
"p1152": 0.00026155302281908997
"p1153": 0.0002464996114338186
"p1154": 0.0014018489352533954
"p1155": 0.0010085785628131813
"p1156": 0.001433837434447097
"p1157": 0.0011798111173206426
"p1158": 0.003415242708033442
"p1159": 0.0026983239908098915
"p1160": 3.9515204886337324E-05
"p1161": 3.7633528463178407E-05
"p1162": 0.00021451111224011693
"p1163": 0.00022768284720222932
"p1164": 0.00016935087808430283
"p1165": 0.0003236483447833343
"p1166": 0.0008373460083057195
"p1167": 0.0012136812929375031
"p1168": 0.00022768284720222937
"p1169": 0.0002088660829706402
"p1170": 0.0035319066462692933
"p1171": 0.0019381267158536878
"p1172": 0.0010010518571205455
"p1173": 0.0008279376261899246
"p1174": 0.007022416411229091
"p1175": 0.003394544267378693
"p1176": 3.3870175616860565E-05
"p1177": 3.198849919370164E-05
"p1178": 0.0012550781742469998
"p1179": 0.0008561627725373088
"p1180": 0.00012795399677480661
"p1181": 0.00023332787647170616
"p1182": 0.0039044785780547597
"p1183": 0.0034622846186124143
"p1184": 0.0008580444489604676
"p1185": 0.0027171407550414814
"p1186": 0.0037351276999704574
"p1187": 0.010527979587574163
"p1188": 0.0032063766250628005
"p1189": 0.007880460860189557
"p1190": 0.00955703455322416
"p1191": 0.021046550793032533
"p1192": 0.00016182417239166716
"p1193": 0.0004647740765202534
"p1194": 0.0011252425010490345
"p1195": 0.004019260839867455
"p1196": 0.0005908463968719009
"p1197": 0.0024029007923739415
"p1198": 0.0034547579129197785
"p1199": 0.00951940102476098
"p1200": 0.0006397699838740331
"p1201": 0.0014300740816007794
"p1202": 0.0081213154423539
"p1203": 0.012945933791333374
"p1204": 0.00224860332567491
"p1205": 0.0033644374446081503
"p1206": 0.021426649430510633
"p1207": 1
"p1208": 0.0001994577008548456
"p1209": 0.00034999181470755914
"p1210": 0.004675965911549918
"p1211": 0.0094497789971041
"p1212": 0.0005964914261413778
