"p1150": 0.0012023912343985498
"p1151": 0.0006209532196424437
"p1152": 0.001017986944928976
"p1153": 0
"p1154": 0.00035563684397703593
"p1155": 0.00041208713667180354
"p1156": 0.0025515532298034964
"p1157": 0.000451602341558141
"p1158": 0.000822292596920448
"p1159": 0.0017123255450746172
"p1160": 0.0027416025485425474
"p1161": 0.00011666393823585305
"p1162": 0.0010330403563142472
"p1163": 0.002451824379376073
"p1164": 0.005255522249882865
"p1165": 0.0005080526342529085
"p1166": 0.0030238540120163856
"p1167": 0.005716532973556801
"p1168": 0.0025026296428013644
"p1169": 0
"p1170": 0.000895677977423646
"p1171": 0.0010217502977752937
"p1172": 0.004956335698600597
"p1173": 0.00024085458216434183
"p1174": 0.0020002220378179322
"p1175": 0.0027717093713130895
"p1176": 0.006143673521613875
"p1177": 6.021364554108546E-05
"p1178": 0.003460402942189255
"p1179": 0.004756877997745752
"p1180": 0.012473633009120485
"p1181": 0.0002333278764717061
"p1182": 0.00910543221166602
"p1183": 0.00967558016788317
"p1184": 0.00016182417239166713
"p1185": 0
"p1186": 3.575185204001949E-05
"p1187": 3.0106822770542726E-05
"p1188": 0.000756433922109886
"p1189": 0.0002201561415095937
"p1190": 0.00034622846186124133
"p1191": 0.0007018653058382773
"p1192": 0.0008937963010004873
"p1193": 5.080526342529085E-05
"p1194": 0.0002521446407032953
"p1195": 0.0007714873334951574
"p1196": 0.0032741169762965216
"p1197": 0.0003594001968233538
"p1198": 0.0015335662848745203
"p1199": 0.003635398849543035
"p1200": 0.000590846396871901
"p1201": 0
"p1202": 0.00025778966997277205
"p1203": 0.00019193099516220984
"p1204": 0.0024781678493002984
"p1205": 6.774035123372113E-05
"p1206": 0.0014545358751018454
"p1207": 0.0008317009790362428
"p1208": 0.001633295135301943
"p1209": 1.1290058538953523E-05
"p1210": 0.0018553329532346955
"p1211": 0.0007620789513793628
"p1212": 0.0056694910629778265
