"p1150": 0
"p1151": 1.8816764231589203E-05
"p1152": 0.0005099343106760674
"p1153": 0.0012908300262870194
"p1154": 0.005095579753914357
"p1155": 0.008815654042499545
"p1156": 0.001605069988954559
"p1157": 0.0026832705794246204
"p1158": 0.010050033776091793
"p1159": 1
"p1160": 0.00015994249596850825
"p1161": 0.00031047660982122185
"p1162": 0.0033437390039534015
"p1163": 0.006738283271332097
"p1164": 0.0004911175464444782
"p1165": 0.0018816764231589205
"p1166": 0.007086393409616493
"p1167": 0.012994857378335504
"p1168": 2.4461793501065966E-05
"p1169": 1.8816764231589203E-05
"p1170": 0.0007771323627646342
"p1171": 0.0002897781691664737
"p1172": 8.655711546531035E-05
"p1173": 5.833196911792653E-05
"p1174": 0.0015937799304156055
"p1175": 0.0005118159870992262
"p1176": 0
"p1177": 0
"p1178": 0.00016182417239166716
"p1179": 5.833196911792653E-05
"p1180": 5.645029269476761E-06
"p1181": 1.8816764231589203E-05
"p1182": 0.0007432621871477736
"p1183": 0.0004911175464444782
"p1184": 0.0008448727139983552
"p1185": 0.0026625721387698725
"p1186": 0.002950468631513188
"p1187": 0.00952128270118414
"p1188": 0.003332448945414448
"p1189": 0.008190937470010783
"p1190": 0.009869392839468541
"p1191": 0.0230542995365431
"p1192": 0.0001486524374295547
"p1193": 0.00040079707813285006
"p1194": 0.0011515859709732592
"p1195": 0.0038141581097431323
"p1196": 0.000611544837526649
"p1197": 0.0026418736981151237
"p1198": 0.003895070195938965
"p1199": 0.009077207065318633
"p1200": 0.0005287510749076566
"p1201": 0.000826055949766766
"p1202": 0.007212465729968142
"p1203": 0.009041455213278614
"p1204": 0.0021921530329801426
"p1205": 0.002677625550155143
"p1206": 0.018489352533959558
"p1207": 0.018129952337136206
"p1208": 0.00012607232035164766
"p1209": 0.00017311423093062066
"p1210": 0.002796171164814156
"p1211": 0.004406886183038192
"p1212": 0.00044219395944234633
