"p1150": 0
"p1151": 0
"p1152": 0.00036504522609283053
"p1153": 0.0018873214524283972
"p1154": 6.774035123372113E-05
"p1155": 0.0004045604309791679
"p1156": 0.0016859820751503924
"p1157": 0.004549893591198271
"p1158": 0.00029542319843595046
"p1159": 0.0016841003987272337
"p1160": 0.0027152590786183226
"p1161": 0.007225637464930256
"p1162": 0.0016577569288030091
"p1163": 0.0044595731228866415
"p1164": 0.005293155778346045
"p1165": 0.011120707660869221
"p1166": 0.0034585212657660958
"p1167": 0.007641487954448377
"p1168": 0.0014131389937923492
"p1169": 0.0048641335538658105
"p1170": 0.0003274116976296522
"p1171": 0.0006717584830677346
"p1172": 0.003650452260928305
"p1173": 0.00855974604894993
"p1174": 0.0006886935708761649
"p1175": 0.002060435683359018
"p1176": 0.006521890482668819
"p1177": 0.013800214887447527
"p1178": 0.0038141581097431323
"p1179": 0.0044614547993098
"p1180": 0.013109639640148198
"p1181": 1
"p1182": 0.007615144484524153
"p1183": 0.006072169817533836
"p1184": 3.387017561686057E-05
"p1185": 0.00038009863747810193
"p1186": 1.8816764231589204E-06
"p1187": 7.526705692635681E-05
"p1188": 0.00046853742936657115
"p1189": 0.0016107150182240358
"p1190": 7.33853805031979E-05
"p1191": 0.001160994353089054
"p1192": 0.0011402959124343056
"p1193": 0.0033964259438018524
"p1194": 0.0005042892814065907
"p1195": 0.0025063929956476824
"p1196": 0.003733246023547298
"p1197": 0.008091208619583361
"p1198": 0.0018421612182725829
"p1199": 0.00728585111047134
"p1200": 0.0006962202765688005
"p1201": 0.0013830321710218065
"p1202": 0.00013924405531376012
"p1203": 0.00010725555612005845
"p1204": 0.0028149879290457445
"p1205": 0.004779458114823658
"p1206": 0.0005645029269476761
"p1207": 0.0007940674505730644
"p1208": 0.00420178345291387
"p1209": 0.004521668444850886
"p1210": 0.002756655959927819
"p1211": 0.0011948645287059145
"p1212": 0.01103038719255759
