"p1150": 0
"p1151": 1.1290058538953523E-05
"p1152": 0.00044783898871182307
"p1153": 0.002218496502904367
"p1154": 0.003038907423401656
"p1155": 0.004901767082328987
"p1156": 0
"p1157": 0
"p1158": 0.00030106822770542725
"p1159": 0.0014714709629102757
"p1160": 0.0022109697972117317
"p1161": 0.00383485655039788
"p1162": 0.015224643939778827
"p1163": 1
"p1164": 0.0003970337252865322
"p1165": 0.0008222925969204483
"p1166": 0.009344405117407199
"p1167": 0.014300740816007797
"p1168": 1.3171734962112442E-05
"p1169": 3.387017561686057E-05
"p1170": 0.0002653163756654077
"p1171": 0.00019381267158536877
"p1172": 0
"p1173": 0
"p1174": 1.1290058538953523E-05
"p1175": 5.6450292694767617E-05
"p1176": 0.00011478226181269412
"p1177": 7.33853805031979E-05
"p1178": 0.0018515696003883776
"p1179": 0.0005626212505245173
"p1180": 0
"p1181": 0
"p1182": 0.0012795399677480656
"p1183": 0.0006736401594908935
"p1184": 0.00036316354966967166
"p1185": 0.0033305672689912893
"p1186": 0.0014959327564113417
"p1187": 0.004100172926063288
"p1188": 0
"p1189": 0
"p1190": 7.526705692635681E-05
"p1191": 0.000545686162716087
"p1192": 0.003774642904856794
"p1193": 0.009246557943402938
"p1194": 0.011378497330841996
"p1195": 0.029689090604601457
"p1196": 0.0008241742733436073
"p1197": 0.0023464504996791743
"p1198": 0.005025957726257477
"p1199": 0.014406114695704696
"p1200": 0.0003518734911307181
"p1201": 0.001458299227948163
"p1202": 0.004405004506615033
"p1203": 0.007592564367446245
"p1204": 0
"p1205": 0
"p1206": 0.00018816764231589206
"p1207": 0.0011628760295122127
"p1208": 0.0025910684346898334
"p1209": 0.0029918655128226834
"p1210": 0.021955400505418284
"p1211": 0.02327257400162953
"p1212": 0.00046289240009709436
