"p1150": 0
"p1151": 0
"p1152": 0.002081134124013766
"p1153": 0
"p1154": 0.004587527119661448
"p1155": 0.001345398642558628
"p1156": 0
"p1157": 0
"p1158": 0.0006491783659898276
"p1159": 3.0106822770542726E-05
"p1160": 0.004901767082328988
"p1161": 0.0006999836294151184
"p1162": 0.018385860330685816
"p1163": 0.011113180955176584
"p1164": 0.0015128678442197718
"p1165": 6.021364554108545E-05
"p1166": 0.010889261460820672
"p1167": 0.004453928093617165
"p1168": 0.0020077487435105684
"p1169": 0
"p1170": 0.009242794590556614
"p1171": 0.00254402652411086
"p1172": 0
"p1173": 0
"p1174": 0.002086779153283243
"p1175": 0.00016182417239166716
"p1176": 0.003522498264153499
"p1177": 0.00029730487485910944
"p1178": 1
"p1179": 0.016976484689739786
"p1180": 0.0007808957156109521
"p1181": 0
"p1182": 0.028516806192973445
"p1183": 0.008956779774236463
"p1184": 0.0012212079986301393
"p1185": 0
"p1186": 0.0018365161890031062
"p1187": 0.000306713256974904
"p1188": 0
"p1189": 0
"p1190": 0.00010913723254321738
"p1191": 0
"p1192": 0.0033813725324165806
"p1193": 0.0007056286586845952
"p1194": 0.01173413417481903
"p1195": 0.0078051938032632035
"p1196": 0.0009126130652320765
"p1197": 6.774035123372113E-05
"p1198": 0.004267642127724432
"p1199": 0.0022994085891002007
"p1200": 0.0009013230066931227
"p1201": 0
"p1202": 0.006819195357527928
"p1203": 0.0008655711546531033
"p1204": 0
"p1205": 0
"p1206": 0.0007526705692635681
"p1207": 2.2580117077907045E-05
"p1208": 0.001765012484923067
"p1209": 0.0001900493187390509
"p1210": 0.027700158625322473
"p1211": 0.005221652074266004
"p1212": 0.0003161216390906985
