"p1150": 9.032046831162815E-05
"p1151": 0
"p1152": 0.0005080526342529085
"p1153": 0
"p1154": 0.0010405670620068825
"p1155": 0.00022956452362538827
"p1156": 0
"p1157": 0
"p1158": 0.00014677076100639582
"p1159": 3.7633528463178407E-06
"p1160": 0.00109701735470165
"p1161": 0.0002483812878569775
"p1162": 0.006427806661510872
"p1163": 0.0019512984508158007
"p1164": 0.0002239194943559116
"p1165": 1.1290058538953523E-05
"p1166": 0.0031311095681364437
"p1167": 0.0006642317773750987
"p1168": 0.0004102054602486445
"p1169": 0
"p1170": 0.0022598933842138628
"p1171": 0.0004666557529434123
"p1172": 0
"p1173": 0
"p1174": 0.00047982748790552463
"p1175": 1.1290058538953523E-05
"p1176": 0.0008994413302699635
"p1177": 0.0001448890845832369
"p1178": 0.0136365090386327
"p1179": 0.002485694554992935
"p1180": 7.52670569263568E-05
"p1181": 7.5267056926356815E-06
"p1182": 0.010375563797298287
"p1183": 0.0012419064392848874
"p1184": 0.0028074612233531097
"p1185": 0
"p1186": 0.005739113090634708
"p1187": 0.001584371548299811
"p1188": 0
"p1189": 0
"p1190": 0.0006811668651835292
"p1191": 3.0106822770542726E-05
"p1192": 0.0077487435105684345
"p1193": 0.001343516966135469
"p1194": 0.026462015538883908
"p1195": 0.018054685280209846
"p1196": 0.0022561300313675456
"p1197": 0.00011666393823585308
"p1198": 0.013832203386641225
"p1199": 0.006361947986700311
"p1200": 0.002382202351719193
"p1201": 0
"p1202": 0.012957223849872324
"p1203": 0.0028563848103552412
"p1204": 0
"p1205": 0
"p1206": 0.002359622234641286
"p1207": 0.00016935087808430283
"p1208": 0.004333500802534995
"p1209": 0.0004158504895181214
"p1210": 1
"p1211": 0.02067397886124707
"p1212": 0.000970945034350003
