"p1150": 0
"p1151": 3.7633528463178407E-06
"p1152": 0.005140739988070171
"p1153": 1
"p1154": 0.004188611717951757
"p1155": 0.004818973319709994
"p1156": 0.0003142399626675396
"p1157": 0.0015674364604913804
"p1158": 0
"p1159": 2.2580117077907042E-05
"p1160": 0.004946927316484802
"p1161": 0.011201619747065055
"p1162": 0.00282439631116154
"p1163": 0.0037031392007767553
"p1164": 0.0077732053040695005
"p1165": 0.015711998133376988
"p1166": 0.0034754563535745256
"p1167": 0.0037577078170483633
"p1168": 0.0005814380147561065
"p1169": 0.00029542319843595046
"p1170": 0.00047041910578973014
"p1171": 7.903040977267466E-05
"p1172": 1.88167642315892E-05
"p1173": 9.032046831162815E-05
"p1174": 0
"p1175": 0
"p1176": 0.0004610107236739354
"p1177": 0.00021639278866327584
"p1178": 0.000378216961054943
"p1179": 4.892358700213193E-05
"p1180": 0.000991643475004751
"p1181": 0.0006868118944530059
"p1182": 0.0004139688130949625
"p1183": 2.4461793501065966E-05
"p1184": 0.005882120498794784
"p1185": 0.012347560688768838
"p1186": 0.0036824407601220074
"p1187": 0.013933813913491808
"p1188": 0.00023709122931802392
"p1189": 0.0014658259336407988
"p1190": 0
"p1191": 3.3870175616860565E-05
"p1192": 0.0030257356884395435
"p1193": 0.008431792052175122
"p1194": 0.0013604520539438995
"p1195": 0.00468913764651203
"p1196": 0.005325144277539745
"p1197": 0.012955342173449168
"p1198": 0.001821462777617835
"p1199": 0.0074552019885556434
"p1200": 0.008399803552981422
"p1201": 0.010595719938807882
"p1202": 0.0069415043250332575
"p1203": 0.004109581308179082
"p1204": 0.00037445360820862513
"p1205": 0.0021187676524769446
"p1206": 0
"p1207": 7.903040977267465E-05
"p1208": 0.005652555975169396
"p1209": 0.009237149561287142
"p1210": 0.00315368968521435
"p1211": 0.0021921530329801426
"p1212": 0.011649458735776877
