"p1150": 0.00017687758377693853
"p1151": 0.000398915401709691
"p1152": 0.0007018653058382773
"p1153": 0.0005475678391392458
"p1154": 0.0004214955187875982
"p1155": 0.00043843060659602847
"p1156": 1.8816764231589203E-05
"p1157": 0.00013359902604428333
"p1158": 0
"p1159": 1.1290058538953523E-05
"p1160": 9.032046831162817E-05
"p1161": 0.00011854561465901197
"p1162": 4.327855773265516E-05
"p1163": 3.951520488633733E-05
"p1164": 0.0005249877220613389
"p1165": 0.0006679951302214168
"p1166": 0.00014488908458323686
"p1167": 0.00027660643420436126
"p1168": 0.0014601809043713221
"p1169": 0.001108307413240604
"p1170": 0.0009013230066931229
"p1171": 0.0003744536082086252
"p1172": 4.327855773265516E-05
"p1173": 0.00026907972851172553
"p1174": 0
"p1175": 0
"p1176": 0.000747025539994091
"p1177": 0.0006058998082571724
"p1178": 0.00029165984558963265
"p1179": 8.843879188846926E-05
"p1180": 0.0020472639483969054
"p1181": 0.0022297865614433207
"p1182": 0.0005061709578297497
"p1183": 0.00020133937727800444
"p1184": 0.002903426720934214
"p1185": 0.006587749157479382
"p1186": 0.0010236319741984527
"p1187": 0.004952572345754278
"p1188": 0.00016182417239166716
"p1189": 0.001089490649009015
"p1190": 0
"p1191": 9.032046831162817E-05
"p1192": 0.0010104602392363403
"p1193": 0.0034152427080334407
"p1194": 0.0003029499041285862
"p1195": 0.0014225473759081442
"p1196": 0.0026832705794246204
"p1197": 0.008025349944772796
"p1198": 0.0005569762212550405
"p1199": 0.0028394497225468105
"p1200": 0.0055659988597040865
"p1201": 0.008232334351320276
"p1202": 0.003144281303098556
"p1203": 0.003441586177957665
"p1204": 0.00039327037244021434
"p1205": 0.001973878567893708
"p1206": 0
"p1207": 3.3870175616860565E-05
"p1208": 0.0044595731228866415
"p1209": 0.00857668113675836
"p1210": 0.001531684608451361
"p1211": 0.0017932376312704509
"p1212": 0.008429910375751963
