"p1150": 0.0010029335335437046
"p1151": 0.0011365325595879875
"p1152": 3.387017561686057E-05
"p1153": 0.00021827446508643477
"p1154": 0.0002653163756654078
"p1155": 0.001296475055556496
"p1156": 0.000259671346395931
"p1157": 0.0017480773971146368
"p1158": 0.0012080362636680269
"p1159": 0.00289401833881842
"p1160": 0.00021827446508643477
"p1161": 0.0009859984457352743
"p1162": 0.0014281924051776208
"p1163": 0.00373136434712414
"p1164": 0.0010029335335437046
"p1165": 0.0022316682378664796
"p1166": 0.0035657768218861543
"p1167": 0.007901159300844307
"p1168": 3.951520488633733E-05
"p1169": 0.0002239194943559115
"p1170": 0.0010255136506216117
"p1171": 0.003001273894938478
"p1172": 0.00025778966997277205
"p1173": 0.001415020670215508
"p1174": 0.002801816194083633
"p1175": 0.0057673382369820905
"p1176": 0.00020698440654748124
"p1177": 0.0008147658912278123
"p1178": 0.004310920685457087
"p1179": 0.008488242344869893
"p1180": 0.0007639606278025217
"p1181": 0.0014056122880997135
"p1182": 0.011329573743839862
"p1183": 0.016622729522185905
"p1184": 0
"p1185": 6.585867481056221E-05
"p1186": 1.1290058538953523E-05
"p1187": 0.00019757602443168663
"p1188": 6.962202765688006E-05
"p1189": 0.0009163764180783942
"p1190": 0.00029165984558963265
"p1191": 0.0008768612131920568
"p1192": 8.843879188846928E-05
"p1193": 0.0004421939594423463
"p1194": 0.00033493840332228785
"p1195": 0.0011760477644743254
"p1196": 0.0007432621871477735
"p1197": 0.0015749631661840164
"p1198": 0.0018797947467357615
"p1199": 0.004754996321322593
"p1200": 0
"p1201": 7.5267056926356815E-06
"p1202": 0.0003481101382844003
"p1203": 0.0006247165724887615
"p1204": 0.00016558752523798497
"p1205": 0.00047041910578973014
"p1206": 0.0016031883125314002
"p1207": 0.0027547742835046596
"p1208": 9.972885042742278E-05
"p1209": 0.00012419064392848875
"p1210": 0.0018628596589273312
"p1211": 0.001940008392276847
"p1212": 0.0005757929854866295
