"p1150": 0.0006058998082571725
"p1151": 0.00011290058538953522
"p1152": 0.0001749959073537796
"p1153": 0
"p1154": 0.0010123419156594991
"p1155": 0.0002747247577812024
"p1156": 0
"p1157": 0
"p1158": 0.0002201561415095937
"p1159": 1.1290058538953523E-05
"p1160": 0.00024085458216434183
"p1161": 1.1290058538953523E-05
"p1162": 0.004260115422031795
"p1163": 0.0008034758326888588
"p1164": 2.0698440654748124E-05
"p1165": 0
"p1166": 0.003358792415338673
"p1167": 0.00047041910578973003
"p1168": 5.645029269476761E-06
"p1169": 0
"p1170": 6.962202765688006E-05
"p1171": 0
"p1172": 0
"p1173": 0
"p1174": 7.5267056926356815E-06
"p1175": 0
"p1176": 1.1290058538953523E-05
"p1177": 0
"p1178": 0.0003594001968233538
"p1179": 1.6935087808430286E-05
"p1180": 0
"p1181": 0
"p1182": 0.0001373623788906012
"p1183": 0
"p1184": 0.0028074612233531097
"p1185": 0
"p1186": 0.007748743510568434
"p1187": 0.002256130031367545
"p1188": 0
"p1189": 0
"p1190": 0.0013435169661354693
"p1191": 0.00011666393823585308
"p1192": 0.005739113090634708
"p1193": 0.0006811668651835292
"p1194": 0.0264620155388839
"p1195": 0.013832203386641224
"p1196": 0.0015843715482998112
"p1197": 3.0106822770542726E-05
"p1198": 0.018054685280209846
"p1199": 0.006361947986700311
"p1200": 0.00041961384236443927
"p1201": 0
"p1202": 0.00549073180277773
"p1203": 0.0009295481530405067
"p1204": 0
"p1205": 0
"p1206": 0.0006190715432192849
"p1207": 4.139688130949625E-05
"p1208": 0.0010687922083542666
"p1209": 1.1290058538953523E-05
"p1210": 0.014137034967192971
"p1211": 0.005082408018952245
"p1212": 0.0002653163756654078
