"p1150": 1.1290058538953523E-05
"p1151": 3.7633528463178407E-06
"p1152": 0.0006153081903729669
"p1153": 0.00013736237889060116
"p1154": 0.0004459573122886641
"p1155": 0.0004666557529434122
"p1156": 0.0001298356731979655
"p1157": 0
"p1158": 1.6935087808430282E-05
"p1159": 3.7633528463178407E-06
"p1160": 0.0022109697972117312
"p1161": 0.00011478226181269412
"p1162": 0.0037746429048567945
"p1163": 0.002591068434689833
"p1164": 0.0014620625807944807
"p1165": 7.5267056926356815E-06
"p1166": 0.0017574857792304315
"p1167": 0.0009314298294636653
"p1168": 0.001228734704322775
"p1169": 0.00010161052685058167
"p1170": 0.0010273953270447703
"p1171": 0.0006096631611034902
"p1172": 0.00041396881309496247
"p1173": 0
"p1174": 6.585867481056221E-05
"p1175": 1.1290058538953523E-05
"p1176": 0.0038348565503978803
"p1177": 7.33853805031979E-05
"p1178": 0.009246557943402936
"p1179": 0.0029918655128226847
"p1180": 0.004245062010646524
"p1181": 7.5267056926356815E-06
"p1182": 0.00615496358015283
"p1183": 0.0013510436718281046
"p1184": 0.0040493676626379965
"p1185": 0.0007677239806488395
"p1186": 0.0014281924051776206
"p1187": 0.0033606740917618318
"p1188": 0.000636006631027715
"p1189": 0
"p1190": 4.516023415581409E-05
"p1191": 3.0106822770542726E-05
"p1192": 0.015224643939778827
"p1193": 0.0018515696003883774
"p1194": 0.011378497330841994
"p1195": 0.02195540050541829
"p1196": 0.009105432211666016
"p1197": 0.0001956943480085277
"p1198": 0.004995850903486934
"p1199": 0.007161660466542852
"p1200": 0.008253032791975024
"p1201": 0.00041020546024864466
"p1202": 0.004598817178200401
"p1203": 0.004474626534271912
"p1204": 0.002128176034592739
"p1205": 0
"p1206": 0.0002314462000485472
"p1207": 0.00016935087808430283
"p1208": 1
"p1209": 0.0005626212505245172
"p1210": 0.029689090604601454
"p1211": 0.023272574001629538
"p1212": 0.021150042996306267
