"p1150": 0
"p1151": 1.1290058538953523E-05
"p1152": 0.0001129005853895352
"p1153": 0.00040644210740232664
"p1154": 0.0010123419156594991
"p1155": 0.00111583411893324
"p1156": 0
"p1157": 0
"p1158": 6.962202765688006E-05
"p1159": 0.00035751852040019497
"p1160": 0.0010970173547016505
"p1161": 0.0008994413302699635
"p1162": 0.0077487435105684345
"p1163": 0.004333500802534994
"p1164": 9.408382115794602E-05
"p1165": 8.843879188846925E-05
"p1166": 0.005490731802777732
"p1167": 0.004092646220370652
"p1168": 2.2580117077907045E-05
"p1169": 6.397699838740328E-05
"p1170": 0.0002201561415095937
"p1171": 0.0001731142309306207
"p1172": 0
"p1173": 0
"p1174": 7.5267056926356815E-06
"p1175": 4.516023415581409E-05
"p1176": 0.0002483812878569775
"p1177": 0.0001448890845832369
"p1178": 0.0013435169661354693
"p1179": 0.0004158504895181214
"p1180": 0
"p1181": 0
"p1182": 0.0006190715432192848
"p1183": 0.0003274116976296521
"p1184": 0.0007507888928404092
"p1185": 0.00555847215401145
"p1186": 0.004260115422031795
"p1187": 0.008860814276655356
"p1188": 0
"p1189": 0
"p1190": 0.0003594001968233538
"p1191": 0.0019795235971631843
"p1192": 0.006427806661510872
"p1193": 0.013636509038632698
"p1194": 0.026462015538883908
"p1195": 1
"p1196": 0.0012343797335922515
"p1197": 0.003196968242947006
"p1198": 0.014137034967192973
"p1199": 0.02837756213765969
"p1200": 0.00021074775939379907
"p1201": 0.0010687922083542666
"p1202": 0.003358792415338673
"p1203": 0.006777798476218431
"p1204": 0
"p1205": 0
"p1206": 0.0001373623788906012
"p1207": 0.0009408382115794602
"p1208": 0.0019512984508158002
"p1209": 0.002485694554992934
"p1210": 0.018054685280209842
"p1211": 0.020673978861247062
"p1212": 0.00034246510901492347
