"p1150": 0
"p1151": 3.7633528463178407E-06
"p1152": 0.001605069988954559
"p1153": 1.1290058538953523E-05
"p1154": 0.0030276173648627032
"p1155": 0.0010894906490090145
"p1156": 0.0027961711648141555
"p1157": 0.00011101890896637627
"p1158": 0.0061606086094223075
"p1159": 0.001956943480085277
"p1160": 0.0007865407448804289
"p1161": 0
"p1162": 0.0010462120912763599
"p1163": 0.000259671346395931
"p1164": 0.0032214300364480724
"p1165": 0
"p1166": 0.0035733035275787896
"p1167": 0.0006416516602971917
"p1168": 0.00015053411385271363
"p1169": 0
"p1170": 0.0004986442521371138
"p1171": 2.2580117077907045E-05
"p1172": 0.0003424651090149235
"p1173": 1.6935087808430282E-05
"p1174": 0.0015128678442197718
"p1175": 0.0001392440553137601
"p1176": 3.575185204001949E-05
"p1177": 0
"p1178": 7.338538050319791E-05
"p1179": 0
"p1180": 0.00028225146347383805
"p1181": 0
"p1182": 0.00045536569440445885
"p1183": 3.3870175616860565E-05
"p1184": 0.011167749571448194
"p1185": 0.0005419228098697691
"p1186": 0.007927502770768534
"p1187": 0.012748357766901688
"p1188": 1
"p1189": 0.0030294990412858616
"p1190": 0.019456534215463242
"p1191": 0.02811412743841744
"p1192": 0.007620789513793628
"p1193": 0
"p1194": 0.004186730041528599
"p1195": 0.0051445033409164885
"p1196": 0.019426427392692694
"p1197": 5.645029269476761E-05
"p1198": 0.00840356690582774
"p1199": 0.011068020721020772
"p1200": 0.005033484431950112
"p1201": 1.5053411385271363E-05
"p1202": 0.006089104905342268
"p1203": 0.004346672537497106
"p1204": 0.01080646769820168
"p1205": 0.00012419064392848875
"p1206": 0.017081858569436684
"p1207": 0.009523164377607297
"p1208": 0.0026042401696519456
"p1209": 0
"p1210": 0.0016389401645714198
"p1211": 0.001441364140139733
"p1212": 0.01094571175351544
