"p1150": 8.843879188846926E-05
"p1151": 0.0002653163756654078
"p1152": 3.7633528463178407E-05
"p1153": 3.7633528463178407E-05
"p1154": 0.0011515859709732592
"p1155": 0.0007827773920341108
"p1156": 0.000237091229318024
"p1157": 0.00023520955289486504
"p1158": 0.0026211752574603754
"p1159": 0.0015843715482998107
"p1160": 5.645029269476761E-06
"p1161": 7.5267056926356815E-06
"p1162": 0.00028601481632015586
"p1163": 0.0002559079935496132
"p1164": 5.080526342529086E-05
"p1165": 0.00010537387969689952
"p1166": 0.0015410929905671556
"p1167": 0.0016878637515735516
"p1168": 0
"p1169": 0
"p1170": 5.645029269476761E-05
"p1171": 2.4461793501065963E-05
"p1172": 1.6935087808430286E-05
"p1173": 1.1290058538953523E-05
"p1174": 0.00023144620004854718
"p1175": 8.843879188846926E-05
"p1176": 0
"p1177": 0
"p1178": 5.645029269476761E-06
"p1179": 5.645029269476761E-06
"p1180": 0
"p1181": 5.645029269476761E-06
"p1182": 6.209532196424438E-05
"p1183": 5.080526342529084E-05
"p1184": 0.00037633528463178407
"p1185": 0.0018271078068873114
"p1186": 0.0034735746771513668
"p1187": 0.00790115930084431
"p1188": 0.002199679738672778
"p1189": 0.005780509971944204
"p1190": 0.010191159507828715
"p1191": 0.017985063252552964
"p1192": 6.774035123372114E-05
"p1193": 0.000308594933398063
"p1194": 0.0018383978654262655
"p1195": 0.004181085012259121
"p1196": 0.00044219395944234633
"p1197": 0.0023351604411402205
"p1198": 0.0064240433086645565
"p1199": 0.013459631454855759
"p1200": 7.33853805031979E-05
"p1201": 0.0002897781691664738
"p1202": 0.0018816764231589205
"p1203": 0.0035112082056145454
"p1204": 0.0005513311919855637
"p1205": 0.0010480937676995187
"p1206": 0.007231282494199732
"p1207": 0.009178817592169215
"p1208": 3.010682277054273E-05
"p1209": 6.39769983874033E-05
"p1210": 0.00039515204886337327
"p1211": 0.001326581878327039
"p1212": 0.00010349220327374063
