"p1150": 0
"p1151": 0
"p1152": 0.0010518571205458366
"p1153": 0.00010161052685058167
"p1154": 0.0008091208619583356
"p1155": 0.0006096631611034902
"p1156": 0.00035751852040019497
"p1157": 0
"p1158": 5.8331969117926534E-05
"p1159": 1.1290058538953523E-05
"p1160": 0.003637280525966193
"p1161": 7.33853805031979E-05
"p1162": 0.007801430450416884
"p1163": 0.0028940183388184207
"p1164": 0.0038913068430926475
"p1165": 7.5267056926356815E-06
"p1166": 0.005379712893811353
"p1167": 0.0013265818783270386
"p1168": 0.00017875926020009746
"p1169": 1.1290058538953523E-05
"p1170": 0.00022580117077907044
"p1171": 3.0106822770542726E-05
"p1172": 4.516023415581409E-05
"p1173": 0
"p1174": 7.5267056926356815E-06
"p1175": 0
"p1176": 0.00033117505047597
"p1177": 1.1290058538953523E-05
"p1178": 0.0016031883125314
"p1179": 0.00016182417239166713
"p1180": 0.0003274116976296521
"p1181": 0
"p1182": 0.0007093920115309128
"p1183": 0
"p1184": 0.0076753581300652365
"p1185": 0.0012795399677480658
"p1186": 0.003567658498309313
"p1187": 0.006316787752544496
"p1188": 0.0019795235971631843
"p1189": 0
"p1190": 0.00019757602443168666
"p1191": 0.00016182417239166716
"p1192": 1
"p1193": 0.0027829994298520433
"p1194": 0.02753268942366133
"p1195": 0.03962622379530372
"p1196": 0.02083392135721557
"p1197": 0.00022580117077907047
"p1198": 0.012560190124585795
"p1199": 0.01446821001766894
"p1200": 0.005739113090634707
"p1201": 0.00010913723254321736
"p1202": 0.003360674091761832
"p1203": 0.002013393772780045
"p1204": 0.0009408382115794602
"p1205": 0
"p1206": 9.596549758110493E-05
"p1207": 4.139688130949625E-05
"p1208": 0.012627930475819515
"p1209": 7.338538050319788E-05
"p1210": 0.0196277667699707
"p1211": 0.012108587783027655
"p1212": 0.011813164584591702
