"p1150": 0.0013980855824070775
"p1151": 0.00013736237889060116
"p1152": 3.7633528463178407E-05
"p1153": 0
"p1154": 0.00043278557732655173
"p1155": 0.00010349220327374062
"p1156": 0.0002916598455896327
"p1157": 1.1290058538953523E-05
"p1158": 0.001740550691422001
"p1159": 0.00044407563586550526
"p1160": 5.645029269476761E-06
"p1161": 0
"p1162": 3.575185204001949E-05
"p1163": 1.8816764231589204E-06
"p1164": 0.0001223089675053298
"p1165": 0
"p1166": 0.0008241742733436069
"p1167": 7.338538050319791E-05
"p1168": 3.7633528463178407E-05
"p1169": 0
"p1170": 0.0018534512768115365
"p1171": 0.0002803697870506791
"p1172": 0.00023520955289486504
"p1173": 1.1290058538953523E-05
"p1174": 0.004260115422031796
"p1175": 0.0006774035123372113
"p1176": 7.5267056926356815E-06
"p1177": 0
"p1178": 0.0005080526342529085
"p1179": 5.080526342529084E-05
"p1180": 0.00010537387969689952
"p1181": 0
"p1182": 0.0032571818884880913
"p1183": 0.00020133937727800447
"p1184": 0.001211799616514345
"p1185": 5.645029269476761E-05
"p1186": 0.0038574366674757874
"p1187": 0.0018064093662325635
"p1188": 0.0037407727292399335
"p1189": 0.0004327855773265517
"p1190": 0.00974708387196321
"p1191": 0.006121093404535967
"p1192": 0.00022580117077907044
"p1193": 0
"p1194": 0.0013152918197880854
"p1195": 0.000402678754556009
"p1196": 0.0013435169661354695
"p1197": 0
"p1198": 0.0063261961346602925
"p1199": 0.0016502302231103734
"p1200": 0.0007112736879540719
"p1201": 1.8816764231589203E-05
"p1202": 0.007799548773993727
"p1203": 0.0031461629795217156
"p1204": 0.0017311423093062067
"p1205": 0.00013548070246744229
"p1206": 0.0199532967911772
"p1207": 0.007803312126840046
"p1208": 0.00014112573173691902
"p1209": 0
"p1210": 0.004461454799309801
"p1211": 0.001676573693034598
"p1212": 0.0010029335335437046
