"p1150": 0.0005983731025645366
"p1151": 0.0004647740765202534
"p1152": 0.00021639278866327584
"p1153": 0.0012814216441712246
"p1154": 4.8923587002131926E-05
"p1155": 0.00023332787647170608
"p1156": 0.001136532559587988
"p1157": 0.0032458918299491384
"p1158": 0.00020133937727800447
"p1159": 0.0009502465936952549
"p1160": 0.0011892194994364376
"p1161": 0.003343739003953402
"p1162": 0.000308594933398063
"p1163": 0.0014413641401397333
"p1164": 0.0027867627826983618
"p1165": 0.006719466507100505
"p1166": 0.0011497042945501005
"p1167": 0.0037276009942778217
"p1168": 0.0008636894782299446
"p1169": 0.002924125161588962
"p1170": 0.00016182417239166716
"p1171": 0.00035751852040019486
"p1172": 0.002468759467184504
"p1173": 0.005771101589828408
"p1174": 0.00041961384236443927
"p1175": 0.001181692793743802
"p1176": 0.0033437390039534015
"p1177": 0.007628316219486265
"p1178": 0.0010650288555079488
"p1179": 0.001817699424771517
"p1180": 0.008339589907440334
"p1181": 0.01462438916079113
"p1182": 0.0033945442673786923
"p1183": 0.0036090553796188094
"p1184": 1.1290058538953523E-05
"p1185": 0.00019381267158536877
"p1186": 0
"p1187": 1.8816764231589203E-05
"p1188": 0.0002653163756654077
"p1189": 0.0010857272961626969
"p1190": 4.3278557732655166E-05
"p1191": 0.0006077814846803312
"p1192": 0.0003085949333980629
"p1193": 0.001065028855507949
"p1194": 6.209532196424438E-05
"p1195": 0.0005343961041771334
"p1196": 0.0016916271044198693
"p1197": 0.003994799046366388
"p1198": 0.0005099343106760674
"p1199": 0.0027058506965025276
"p1200": 0.0003180033155138575
"p1201": 0.0006077814846803313
"p1202": 4.139688130949625E-05
"p1203": 4.704191057897301E-05
"p1204": 0.001439482463716574
"p1205": 0.00277170937131309
"p1206": 0.0002427362585875008
"p1207": 0.0003481101382844003
"p1208": 0.0014413641401397328
"p1209": 0.0018176994247715173
"p1210": 0.0005343961041771334
"p1211": 0.00032553002120649325
"p1212": 0.0053590144531566065
