"p1150": 0
"p1151": 0
"p1152": 0.003746417758509411
"p1153": 0
"p1154": 0.0012663682327859536
"p1155": 0.0014394824637165742
"p1156": 0.00568266279793994
"p1157": 0.000353755167553877
"p1158": 0.002192153032980142
"p1159": 0.0035676584983093122
"p1160": 0.008586089518874155
"p1161": 0.00012419064392848875
"p1162": 0.007592564367446243
"p1163": 0.007765678598376865
"p1164": 1
"p1165": 0.0003951520488633734
"p1166": 0.012936525409217579
"p1167": 0.010926894989283852
"p1168": 9.408382115794602E-05
"p1169": 0
"p1170": 0.00010161052685058169
"p1171": 2.8225146347383805E-05
"p1172": 0.0002540263171264543
"p1173": 7.5267056926356815E-06
"p1174": 0.0002464996114338185
"p1175": 6.585867481056221E-05
"p1176": 0.0002935415220127916
"p1177": 0
"p1178": 0.0010687922083542668
"p1179": 4.8923587002131926E-05
"p1180": 0.000779014039187793
"p1181": 7.5267056926356815E-06
"p1182": 0.0023558588817949684
"p1183": 0.00011666393823585308
"p1184": 0.0011553493238195772
"p1185": 0
"p1186": 0.0002653163756654078
"p1187": 0.0006378883074508739
"p1188": 0.0037915779926652247
"p1189": 0.0008260559497667661
"p1190": 0.0018797947467357613
"p1191": 0.003076540951864835
"p1192": 0.007261389316970274
"p1193": 0.00041773216594128033
"p1194": 0.004120871366718036
"p1195": 0.009090378800280748
"p1196": 0.016284027766017298
"p1197": 0.001988931979278979
"p1198": 0.012116114488720289
"p1199": 0.021127462879228363
"p1200": 0.002957995337205823
"p1201": 0
"p1202": 0.0011515859709732594
"p1203": 0.0006567050716824632
"p1204": 0.007673476453642077
"p1205": 0.0001806409366232563
"p1206": 0.004331619126111834
"p1207": 0.0026287019631530116
"p1208": 0.007906804330113783
"p1209": 2.6343469924224884E-05
"p1210": 0.01008014059886234
"p1211": 0.006196360461462325
"p1212": 0.017674586642731742
