"p1150": 3.010682277054273E-05
"p1151": 0.00023144620004854718
"p1152": 0.00010725555612005845
"p1153": 0.0003180033155138575
"p1154": 1.5053411385271363E-05
"p1155": 4.3278557732655166E-05
"p1156": 0.00045724737082761756
"p1157": 0.0008749795367688976
"p1158": 9.032046831162817E-05
"p1159": 0.00038386199032441974
"p1160": 0.0011101890896637629
"p1161": 0.000925784800194189
"p1162": 0.0007564339221098861
"p1163": 0.000660468424528781
"p1164": 0.0025327364655719077
"p1165": 0.002037855566281111
"p1166": 0.0018722680410431256
"p1167": 0.0021225310053232618
"p1168": 0.00045348401798129976
"p1169": 0.0007714873334951572
"p1170": 8.843879188846925E-05
"p1171": 6.585867481056221E-05
"p1172": 0.001172284411628007
"p1173": 0.0017537224263841134
"p1174": 0.00017499590735377965
"p1175": 0.0002916598455896327
"p1176": 0.002867674868894194
"p1177": 0.0021319393874390563
"p1178": 0.0017857109255778152
"p1179": 0.0005889647204487421
"p1180": 0.0057673382369820905
"p1181": 0.004698546028627824
"p1182": 0.003825448168282086
"p1183": 0.001313410143364926
"p1184": 0.00037633528463178407
"p1185": 0.002199679738672778
"p1186": 6.774035123372114E-05
"p1187": 0.0004421939594423464
"p1188": 0.0018271078068873114
"p1189": 0.005780509971944204
"p1190": 0.0003085949333980629
"p1191": 0.0023351604411402205
"p1192": 0.0034735746771513668
"p1193": 0.010191159507828717
"p1194": 0.0018383978654262655
"p1195": 0.0064240433086645565
"p1196": 0.007901159300844306
"p1197": 0.01798506325255297
"p1198": 0.004181085012259121
"p1199": 0.01345963145485576
"p1200": 0.0015091044913734543
"p1201": 0.005272457337691295
"p1202": 0.00035187349113071807
"p1203": 0.0007206820700698664
"p1204": 0.004882950318097398
"p1205": 0.01130887530318511
"p1206": 0.000944601564425778
"p1207": 0.0023878473809886697
"p1208": 0.007760033569107388
"p1209": 0.015962261097657127
"p1210": 0.004563065326160382
"p1211": 0.005135094958800693
"p1212": 0.019162992693450447
