"p1150": 0.0002897781691664738
"p1151": 0.0002483812878569775
"p1152": 0.0029692853957447767
"p1153": 0.00024085458216434183
"p1154": 0.0012174446457838216
"p1155": 0.0023031719419465187
"p1156": 0.0009276664766173478
"p1157": 0
"p1158": 9.408382115794602E-05
"p1159": 9.784717400426385E-05
"p1160": 0.008586089518874154
"p1161": 0.0002935415220127916
"p1162": 0.007261389316970273
"p1163": 0.007906804330113783
"p1164": 0.007918094388652737
"p1165": 0
"p1166": 0.0034190060608797583
"p1167": 0.004429466300116099
"p1168": 4.704191057897301E-05
"p1169": 0
"p1170": 3.0106822770542726E-05
"p1171": 1.8816764231589207E-05
"p1172": 1.1290058538953523E-05
"p1173": 0
"p1174": 0
"p1175": 0
"p1176": 0.00012419064392848875
"p1177": 0
"p1178": 0.00041773216594128033
"p1179": 2.6343469924224884E-05
"p1180": 0.00013359902604428335
"p1181": 0
"p1182": 0.0001825226130464153
"p1183": 1.8816764231589207E-05
"p1184": 0.0022128514736348905
"p1185": 0.0007225637464930254
"p1186": 0.0012193263222069802
"p1187": 0.0018120543955020406
"p1188": 0.00032553002120649325
"p1189": 0
"p1190": 2.6343469924224887E-05
"p1191": 1.8816764231589203E-05
"p1192": 0.007592564367446244
"p1193": 0.0010687922083542668
"p1194": 0.004120871366718037
"p1195": 0.010080140598862338
"p1196": 0.0050466561669122246
"p1197": 9.032046831162818E-05
"p1198": 0.002005867067087409
"p1199": 0.0032233117128712303
"p1200": 0.004017379163444295
"p1201": 7.903040977267465E-05
"p1202": 0.0022693017663296578
"p1203": 0.0017047988393819814
"p1204": 0.000733853805031979
"p1205": 0
"p1206": 6.585867481056221E-05
"p1207": 5.2686939848449775E-05
"p1208": 0.007765678598376865
"p1209": 4.8923587002131926E-05
"p1210": 0.009090378800280744
"p1211": 0.006196360461462326
"p1212": 0.008130723824469695
