"p1150": 9.972885042742278E-05
"p1151": 0.00011101890896637632
"p1152": 0.000619071543219285
"p1153": 3.7633528463178407E-05
"p1154": 0.00041020546024864466
"p1155": 0.00034058343259176464
"p1156": 0.00019945770085484557
"p1157": 0
"p1158": 2.0698440654748124E-05
"p1159": 1.1290058538953523E-05
"p1160": 0.0015279212556050437
"p1161": 1.8816764231589203E-05
"p1162": 0.0027039690200793684
"p1163": 0.0009728267107731619
"p1164": 0.0018233444540409936
"p1165": 3.7633528463178407E-06
"p1166": 0.0015749631661840162
"p1167": 0.0005532128684087225
"p1168": 3.7633528463178407E-05
"p1169": 0
"p1170": 3.198849919370165E-05
"p1171": 5.645029269476761E-06
"p1172": 7.5267056926356815E-06
"p1173": 0
"p1174": 0
"p1175": 0
"p1176": 6.021364554108545E-05
"p1177": 0
"p1178": 0.0002991865512822683
"p1179": 2.8225146347383808E-05
"p1180": 5.4568616271608685E-05
"p1181": 0
"p1182": 8.279376261899251E-05
"p1183": 0
"p1184": 0.005099343106760674
"p1185": 0.0009841167693121153
"p1186": 0.002290000206984406
"p1187": 0.004043722633368521
"p1188": 0.001228734704322775
"p1189": 0
"p1190": 0.00011478226181269414
"p1191": 0.00011666393823585308
"p1192": 0.015870058952922334
"p1193": 0.0013623337303670584
"p1194": 0.0109156049307449
"p1195": 0.01773291861184967
"p1196": 0.012801044706750137
"p1197": 9.032046831162818E-05
"p1198": 0.005311972542577633
"p1199": 0.007596327720292562
"p1200": 0.003546960057654565
"p1201": 4.516023415581409E-05
"p1202": 0.0018628596589273312
"p1203": 0.0013529253482512636
"p1204": 0.0005776746619097886
"p1205": 0
"p1206": 4.139688130949625E-05
"p1207": 4.139688130949625E-05
"p1208": 0.00674769165344789
"p1209": 3.0106822770542726E-05
"p1210": 0.007370526549513491
"p1211": 0.005581052271089359
"p1212": 0.006698768066445756
