"p1150": 0
"p1151": 3.7633528463178407E-05
"p1152": 0.0009747083871963207
"p1153": 0.0007808957156109519
"p1154": 0.0006849302180298472
"p1155": 0.0006077814846803313
"p1156": 0.0023257520590244255
"p1157": 0.0017838292491546563
"p1158": 0.00179511930769361
"p1159": 0.0020698440654748117
"p1160": 0.00017123255450746176
"p1161": 0.00020886608297064017
"p1162": 7.714873334951573E-05
"p1163": 5.268693984844977E-05
"p1164": 0.0007282087757625021
"p1165": 0.0011647577059353711
"p1166": 0.00019193099516220987
"p1167": 0.00047230078221288896
"p1168": 0.002237313267135956
"p1169": 0.001748077397114637
"p1170": 0.0014601809043713223
"p1171": 0.000543804486292928
"p1172": 0.0040870011911011755
"p1173": 0.002820632958315222
"p1174": 0.003274116976296522
"p1175": 0.001268249909209112
"p1176": 0.0009069680359625994
"p1177": 0.0008335826554594018
"p1178": 0.00037821696105494305
"p1179": 6.021364554108544E-05
"p1180": 0.0030784226282879945
"p1181": 0.003439704501534507
"p1182": 0.0008693345074994212
"p1183": 0.0003274116976296522
"p1184": 0.0027754727241594075
"p1185": 0.007649014660141013
"p1186": 0.001539211314143997
"p1187": 0.005460624980007187
"p1188": 0.007005481323420661
"p1189": 0.015192655440585128
"p1190": 0.0038612000203221046
"p1191": 0.01295346049702601
"p1192": 0.00087121618392258
"p1193": 0.003475456353574527
"p1194": 0.0003217666683601754
"p1195": 0.0010518571205458368
"p1196": 0.002942941925820552
"p1197": 0.008958661450659622
"p1198": 0.0006642317773750988
"p1199": 0.003191323213677529
"p1200": 0.00549073180277773
"p1201": 0.010631471790847901
"p1202": 0.003343739003953401
"p1203": 0.0037577078170483637
"p1204": 0.013135983110072426
"p1205": 1
"p1206": 0.00985245775166011
"p1207": 0.0073648815202440165
"p1208": 0.003435941148688188
"p1209": 0.008288784644015045
"p1210": 0.0014093756409460315
"p1211": 0.0015429746669903149
"p1212": 0.010413197325761465
