"p1150": 0.00021262943581695798
"p1151": 0.0004233771952107571
"p1152": 0.00018064093662325636
"p1153": 0.0009069680359625996
"p1154": 0.0012061545872448678
"p1155": 0.0030577241876332457
"p1156": 0.0009859984457352743
"p1157": 0.0026023584932287867
"p1158": 0.003131109568136444
"p1159": 0.006512482100553024
"p1160": 3.7633528463178407E-05
"p1161": 0.00016935087808430283
"p1162": 0.00030483158055174506
"p1163": 0.001134650883164829
"p1164": 0.00019193099516220987
"p1165": 0.0009878801221584333
"p1166": 0.0015843715482998116
"p1167": 0.004538603532659317
"p1168": 0.00016935087808430283
"p1169": 0.0007075103351077541
"p1170": 0.0031311095681364437
"p1171": 0.005932925762220076
"p1172": 0.0007432621871477736
"p1173": 0.001606951665377718
"p1174": 0.007872934154496926
"p1175": 0.01030217841679509
"p1176": 3.7633528463178407E-05
"p1177": 0.00013548070246744229
"p1178": 0.0018158177483483583
"p1179": 0.003802868051204178
"p1180": 0.00019381267158536877
"p1181": 0.000946483240848937
"p1182": 0.006011956171992752
"p1183": 0.011188448012102942
"p1184": 7.714873334951574E-05
"p1185": 0.000425258871633916
"p1186": 0.0003048315805517451
"p1187": 0.0010066968863900224
"p1188": 0.0007413805107246145
"p1189": 0.0017349056621525246
"p1190": 0.001815817748348358
"p1191": 0.0044050045066150335
"p1192": 1.1290058538953523E-05
"p1193": 5.645029269476761E-05
"p1194": 4.7041910578973015E-05
"p1195": 0.0002239194943559115
"p1196": 9.972885042742278E-05
"p1197": 0.000543804486292928
"p1198": 0.0005155793399455442
"p1199": 0.0017104438686514586
"p1200": 8.279376261899251E-05
"p1201": 0.00010537387969689955
"p1202": 0.001584371548299811
"p1203": 0.001627650106032466
"p1204": 0.0005720296326403116
"p1205": 0.0005739113090634706
"p1206": 0.006011956171992751
"p1207": 0.005074881313259608
"p1208": 1.6935087808430282E-05
"p1209": 1.8816764231589203E-05
"p1210": 0.0005155793399455442
"p1211": 0.0005795563383329474
"p1212": 0.00012419064392848873
