"p1150": 0.00014300740816007796
"p1151": 0.00028413313989699703
"p1152": 0.0001975760244316866
"p1153": 0.0003161216390906986
"p1154": 3.0106822770542726E-05
"p1155": 3.3870175616860565E-05
"p1156": 0.0005532128684087227
"p1157": 0.0008618078018067855
"p1158": 5.645029269476761E-05
"p1159": 0.000141125731736919
"p1160": 0.0009464832408489368
"p1161": 0.0007959491269962232
"p1162": 0.000425258871633916
"p1163": 0.00012419064392848875
"p1164": 0.002412309174489736
"p1165": 0.0022391949435591153
"p1166": 0.0011064257368174452
"p1167": 0.00039703372528653225
"p1168": 9.408382115794602E-06
"p1169": 1.1290058538953523E-05
"p1170": 0
"p1171": 0
"p1172": 3.198849919370165E-05
"p1173": 4.516023415581409E-05
"p1174": 0
"p1175": 5.645029269476761E-06
"p1176": 3.9515204886337324E-05
"p1177": 1.8816764231589203E-05
"p1178": 1.6935087808430286E-05
"p1179": 0
"p1180": 0.00016370584881482606
"p1181": 8.467543904215141E-05
"p1182": 0.00010161052685058169
"p1183": 2.8225146347383808E-05
"p1184": 0.0008580444489604678
"p1185": 0.0032063766250628005
"p1186": 0.00016182417239166716
"p1187": 0.0005908463968719009
"p1188": 0.0027171407550414806
"p1189": 0.007880460860189557
"p1190": 0.0004647740765202534
"p1191": 0.0024029007923739415
"p1192": 0.003735127699970457
"p1193": 0.00955703455322416
"p1194": 0.0011252425010490343
"p1195": 0.003454757912919778
"p1196": 0.010527979587574158
"p1197": 0.021046550793032533
"p1198": 0.004019260839867454
"p1199": 0.009519401024760978
"p1200": 0.00033682007974544673
"p1201": 0.0015711998133376985
"p1202": 5.8331969117926534E-05
"p1203": 3.198849919370165E-05
"p1204": 0.0016238867531861482
"p1205": 0.004894240376636352
"p1206": 0.00034999181470755925
"p1207": 0.000541922809869769
"p1208": 0.0017179705743440945
"p1209": 0.004023024192713773
"p1210": 0.0004779458114823658
"p1211": 0.000590846396871901
"p1212": 0.006111685022420173
