"p1150": 0
"p1151": 2.2580117077907045E-05
"p1152": 0.00023897290574118285
"p1153": 0.0002239194943559115
"p1154": 0.00011854561465901197
"p1155": 0.00012983567319796555
"p1156": 0.0006548233952593044
"p1157": 0.0007507888928404093
"p1158": 0.00030671325697490405
"p1159": 0.0005645029269476761
"p1160": 2.8225146347383805E-05
"p1161": 3.387017561686057E-05
"p1162": 7.5267056926356815E-06
"p1163": 3.7633528463178407E-06
"p1164": 0.00024838128785697745
"p1165": 0.00047230078221288907
"p1166": 3.951520488633733E-05
"p1167": 0.00011854561465901196
"p1168": 0.0005720296326403118
"p1169": 0.0006811668651835292
"p1170": 0.0002577896699727721
"p1171": 0.00013548070246744229
"p1172": 0.001392440553137601
"p1173": 0.0013999672588302363
"p1174": 0.0006698768066445757
"p1175": 0.0003424651090149235
"p1176": 0.0002766064342043613
"p1177": 0.0003292933740528111
"p1178": 7.714873334951574E-05
"p1179": 1.1290058538953523E-05
"p1180": 0.0012343797335922517
"p1181": 0.0017424323678451603
"p1182": 0.00023897290574118293
"p1183": 9.408382115794602E-05
"p1184": 0.000829819302613084
"p1185": 0.004051249339061156
"p1186": 0.0003198849919370165
"p1187": 0.0020867791532832424
"p1188": 0.0026437553745382826
"p1189": 0.008998176655545958
"p1190": 0.0009897617985815922
"p1191": 0.005274339014114454
"p1192": 0.00019945770085484557
"p1193": 0.0013623337303670581
"p1194": 6.021364554108545E-05
"p1195": 0.00032929337405281106
"p1196": 0.0016596386052261677
"p1197": 0.006335604516776086
"p1198": 0.000284133139896997
"p1199": 0.0018685046881968081
"p1200": 0.0022787101484454523
"p1201": 0.006068406464687519
"p1202": 0.0009107313888089174
"p1203": 0.0015260395791818842
"p1204": 0.006361947986700311
"p1205": 0.012193263222069806
"p1206": 0.003069014246172199
"p1207": 0.0032421284771028203
"p1208": 0.0012945933791333373
"p1209": 0.004220600217145458
"p1210": 0.00027848811062752024
"p1211": 0.0004986442521371139
"p1212": 0.006260337459849728
