"p1150": 0
"p1151": 0
"p1152": 0.0022542483549443863
"p1153": 0.00011101890896637629
"p1154": 0.0011760477644743251
"p1155": 0.0021131226232074677
"p1156": 0.004154741542334897
"p1157": 0.0005814380147561064
"p1158": 0.0024047824687971004
"p1159": 0.004506615033465614
"p1160": 0.0008730978603457391
"p1161": 0
"p1162": 0.00036504522609283053
"p1163": 0.0004534840179812999
"p1164": 0.004457691446463482
"p1165": 2.2580117077907045E-05
"p1166": 0.0012456697921312053
"p1167": 0.0023916107338349877
"p1168": 0.004373016007421331
"p1169": 5.2686939848449775E-05
"p1170": 0.0024047824687971
"p1171": 0.0032289567421407077
"p1172": 0.007404396725130351
"p1173": 0.00026343469924224885
"p1174": 0.006077814846803312
"p1175": 0.006367593015969787
"p1176": 0.003309868828336541
"p1177": 0
"p1178": 0.0012701315856322713
"p1179": 0.0015429746669903145
"p1180": 0.011653222088623193
"p1181": 0
"p1182": 0.004384306065960285
"p1183": 0.0054192280986976905
"p1184": 0.0007583155985330448
"p1185": 5.645029269476761E-05
"p1186": 0.00036504522609283053
"p1187": 0.0008712161839225801
"p1188": 0.002734075842849911
"p1189": 0.00043843060659602847
"p1190": 0.001270131585632271
"p1191": 0.002948586955090028
"p1192": 0.00019004931873905096
"p1193": 0
"p1194": 5.645029269476761E-05
"p1195": 7.33853805031979E-05
"p1196": 0.0016238867531861484
"p1197": 1.1290058538953523E-05
"p1198": 0.00036128187324651267
"p1199": 0.0009182580945015532
"p1200": 0.001251314821400682
"p1201": 1.1290058538953523E-05
"p1202": 0.0012456697921312055
"p1203": 0.0006416516602971917
"p1204": 0.00386872672601474
"p1205": 7.903040977267466E-05
"p1206": 0.004384306065960284
"p1207": 0.0019964586849716146
"p1208": 0.000519342692791862
"p1209": 0
"p1210": 0.0003612818732465127
"p1211": 0.0001486524374295547
"p1212": 0.003970337252865322
