"p1150": 0.01162687861869897
"p1151": 0.006164371962268625
"p1152": 6.0213645541085445E-05
"p1153": 0
"p1154": 1.8816764231589203E-05
"p1155": 3.7633528463178407E-05
"p1156": 9.408382115794602E-06
"p1157": 0
"p1158": 0
"p1159": 0
"p1160": 0.00015994249596850823
"p1161": 0
"p1162": 0.0001486524374295547
"p1163": 0.00012607232035164766
"p1164": 9.22021447347871E-05
"p1165": 0
"p1166": 3.7633528463178407E-05
"p1167": 4.5160234155814084E-05
"p1168": 0.00012042729108217089
"p1169": 0
"p1170": 2.2580117077907045E-05
"p1171": 5.080526342529085E-05
"p1172": 3.198849919370165E-05
"p1173": 0
"p1174": 0
"p1175": 0
"p1176": 0.00031047660982122185
"p1177": 0
"p1178": 0.00040079707813285006
"p1179": 0.00017311423093062072
"p1180": 0.00037633528463178407
"p1181": 0
"p1182": 0.00027660643420436126
"p1183": 8.655711546531035E-05
"p1184": 0.0012193263222069805
"p1185": 0.00018628596589273313
"p1186": 0.00030106822770542725
"p1187": 0.0008730978603457391
"p1188": 0.00017499590735377962
"p1189": 0
"p1190": 5.645029269476761E-06
"p1191": 1.1290058538953523E-05
"p1192": 0.0033437390039534015
"p1193": 0.00016182417239166716
"p1194": 0.0011515859709732592
"p1195": 0.002796171164814156
"p1196": 0.0021451111224011694
"p1197": 1.1290058538953523E-05
"p1198": 0.0004647740765202533
"p1199": 0.0008448727139983552
"p1200": 0.0024254809094518483
"p1201": 7.33853805031979E-05
"p1202": 0.0007884224213035876
"p1203": 0.001366097083213376
"p1204": 0.000666113453798258
"p1205": 0
"p1206": 3.3870175616860565E-05
"p1207": 6.774035123372113E-05
"p1208": 0.006738283271332094
"p1209": 5.833196911792653E-05
"p1210": 0.003814158109743132
"p1211": 0.004406886183038191
"p1212": 0.006175662020807576
