"p1150": 2.6343469924224887E-05
"p1151": 6.962202765688005E-05
"p1152": 3.7633528463178407E-05
"p1153": 0.0001825226130464153
"p1154": 0.00016182417239166713
"p1155": 0.0003349384033222878
"p1156": 0
"p1157": 0
"p1158": 9.408382115794602E-06
"p1159": 7.33853805031979E-05
"p1160": 0.0003330567268991289
"p1161": 0.0003895070195938965
"p1162": 0.0009314298294636656
"p1163": 0.0008787428896152158
"p1164": 3.387017561686057E-05
"p1165": 5.080526342529086E-05
"p1166": 0.00045536569440445874
"p1167": 0.0005212243692150209
"p1168": 3.7633528463178407E-05
"p1169": 0.00014112573173691902
"p1170": 0.0004309039009033928
"p1171": 0.0006999836294151185
"p1172": 0
"p1173": 0
"p1174": 3.198849919370165E-05
"p1175": 0.00021262943581695803
"p1176": 0.00023520955289486504
"p1177": 0.00029165984558963265
"p1178": 0.0023878473809886705
"p1179": 0.0017480773971146368
"p1180": 0
"p1181": 1.6935087808430282E-05
"p1182": 0.001904256540236827
"p1183": 0.002002103714241091
"p1184": 0.00019945770085484557
"p1185": 0.001956943480085277
"p1186": 0.001179811117320643
"p1187": 0.0032929337405281102
"p1188": 0
"p1189": 0
"p1190": 5.645029269476761E-05
"p1191": 0.0005118159870992264
"p1192": 0.0006999836294151184
"p1193": 0.004152859865911737
"p1194": 0.0036956124950841204
"p1195": 0.013549951923167387
"p1196": 0.00010537387969689954
"p1197": 0.0006962202765688005
"p1198": 0.0017932376312704509
"p1199": 0.007825892243917951
"p1200": 0.00026719805208856665
"p1201": 0.0014300740816007794
"p1202": 0.003082185981134311
"p1203": 0.006704413095715232
"p1204": 0
"p1205": 0
"p1206": 0.0003161216390906986
"p1207": 0.0015410929905671556
"p1208": 0.000611544837526649
"p1209": 0.0020190388020495218
"p1210": 0.010845982903088022
"p1211": 0.020354093869310048
"p1212": 0.00010725555612005845
