"p1150": 0.006994191264881707
"p1151": 0.003253418535641774
"p1152": 4.139688130949625E-05
"p1153": 6.0213645541085445E-05
"p1154": 0
"p1155": 1.8816764231589204E-06
"p1156": 5.645029269476761E-05
"p1157": 0.00015617914312219042
"p1158": 0
"p1159": 1.3171734962112444E-05
"p1160": 0.00016935087808430283
"p1161": 0.00013548070246744229
"p1162": 5.645029269476761E-05
"p1163": 1.8816764231589203E-05
"p1164": 0.00044031228301918735
"p1165": 0.000472300782212889
"p1166": 0.00012419064392848873
"p1167": 7.33853805031979E-05
"p1168": 0
"p1169": 0
"p1170": 0
"p1171": 0
"p1172": 0
"p1173": 0
"p1174": 0
"p1175": 0
"p1176": 0
"p1177": 0
"p1178": 0
"p1179": 0
"p1180": 0
"p1181": 0
"p1182": 0
"p1183": 0
"p1184": 0.00041773216594128033
"p1185": 0.0018082910426557223
"p1186": 4.704191057897302E-05
"p1187": 0.0002634346992422489
"p1188": 0.0010706738847774257
"p1189": 0.0037388910528167742
"p1190": 0.00012419064392848875
"p1191": 0.0010819639433163792
"p1192": 0.0011421775888574648
"p1193": 0.004205546805760187
"p1194": 0.00021074775939379907
"p1195": 0.000995406827851069
"p1196": 0.0038329748739747206
"p1197": 0.010627708438001583
"p1198": 0.001014223592082658
"p1199": 0.0029881021599763658
"p1200": 8.467543904215141E-05
"p1201": 0.0007357354814551379
"p1202": 1.1290058538953523E-05
"p1203": 7.5267056926356815E-06
"p1204": 0.00035187349113071807
"p1205": 0.001772539190615703
"p1206": 5.080526342529085E-05
"p1207": 0.0001599424959685082
"p1208": 0.00034434678543808245
"p1209": 0.001608833341800877
"p1210": 6.774035123372113E-05
"p1211": 0.00013171734962112442
"p1212": 0.0012908300262870194
