"p1150": 0.007940674505730643
"p1151": 0.005797445059752634
"p1152": 0.00012607232035164763
"p1153": 0.0005287510749076565
"p1154": 0.0006924569237224828
"p1155": 0.0022730651191759754
"p1156": 0
"p1157": 0.00016935087808430283
"p1158": 4.516023415581409E-05
"p1159": 0.0003085949333980629
"p1160": 2.8225146347383805E-05
"p1161": 0.0002766064342043613
"p1162": 0.00019945770085484554
"p1163": 0.001294593379133337
"p1164": 2.8225146347383805E-05
"p1165": 0.0005400411334466101
"p1166": 0.0006774035123372114
"p1167": 0.0029937471892458427
"p1168": 0.0001637058488148261
"p1169": 0.00046477407652025334
"p1170": 0.0022956452362538834
"p1171": 0.004325974096842358
"p1172": 0
"p1173": 0.00010725555612005845
"p1174": 0.00011290058538953522
"p1175": 0.0006924569237224827
"p1176": 3.387017561686057E-05
"p1177": 0.00032929337405281106
"p1178": 0.0013623337303670584
"p1179": 0.004220600217145458
"p1180": 8.091208619583357E-05
"p1181": 0.00059272807329506
"p1182": 0.0031856781844080526
"p1183": 0.007662186395103125
"p1184": 6.962202765688005E-05
"p1185": 0.0002502629642801364
"p1186": 0.00026343469924224885
"p1187": 0.0011346508831648289
"p1188": 0
"p1189": 5.080526342529086E-05
"p1190": 5.645029269476761E-06
"p1191": 5.268693984844977E-05
"p1192": 7.5267056926356815E-06
"p1193": 7.714873334951574E-05
"p1194": 6.021364554108545E-05
"p1195": 0.0002784881106275203
"p1196": 5.645029269476761E-06
"p1197": 0.00021451111224011688
"p1198": 0.00013359902604428333
"p1199": 0.0007526705692635682
"p1200": 4.8923587002131926E-05
"p1201": 4.8923587002131926E-05
"p1202": 0.0007451438635709325
"p1203": 0.001081963943316379
"p1204": 0
"p1205": 0
"p1206": 5.645029269476761E-06
"p1207": 0.00015241579027587253
"p1208": 3.7633528463178407E-06
"p1209": 1.1290058538953523E-05
"p1210": 0.0003292933740528111
"p1211": 0.0004986442521371139
"p1212": 3.7633528463178407E-06
