"p1150": 0.004512260062735091
"p1151": 0.0023276337354475843
"p1152": 3.010682277054273E-05
"p1153": 6.0213645541085445E-05
"p1154": 0
"p1155": 2.6343469924224887E-05
"p1156": 0
"p1157": 9.408382115794602E-06
"p1158": 0
"p1159": 0
"p1160": 0.00013359902604428335
"p1161": 0.00015994249596850823
"p1162": 4.704191057897301E-05
"p1163": 9.408382115794602E-05
"p1164": 4.704191057897301E-05
"p1165": 9.596549758110493E-05
"p1166": 1.1290058538953523E-05
"p1167": 2.0698440654748124E-05
"p1168": 5.645029269476761E-05
"p1169": 0.00012419064392848873
"p1170": 0
"p1171": 1.3171734962112444E-05
"p1172": 0
"p1173": 3.198849919370165E-05
"p1174": 0
"p1175": 0
"p1176": 0.00035751852040019486
"p1177": 0.00031235828624438073
"p1178": 0.00012419064392848873
"p1179": 9.032046831162818E-05
"p1180": 0.0002991865512822683
"p1181": 0.0003857436667475787
"p1182": 5.080526342529085E-05
"p1183": 3.7633528463178407E-06
"p1184": 0.0004083237838254856
"p1185": 0.0015711998133376987
"p1186": 5.645029269476762E-05
"p1187": 0.000543804486292928
"p1188": 1.6935087808430286E-05
"p1189": 0.00017499590735377962
"p1190": 0
"p1191": 0
"p1192": 0.0009747083871963207
"p1193": 0.004314684038303406
"p1194": 0.00021074775939379907
"p1195": 0.0019343633630073704
"p1196": 0.0004214955187875982
"p1197": 0.002532736465571907
"p1198": 6.774035123372112E-05
"p1199": 0.00043843060659602847
"p1200": 0.0010085785628131813
"p1201": 0.0028639115160478765
"p1202": 0.00012419064392848875
"p1203": 0.0006341249546045562
"p1204": 0.00010161052685058169
"p1205": 0.000666113453798258
"p1206": 0
"p1207": 0
"p1208": 0.0031725064494459404
"p1209": 0.008563509401796248
"p1210": 0.0010142235920826582
"p1211": 0.0018101727190788816
"p1212": 0.002436770967990802
