"p1150": 0
"p1151": 0
"p1152": 0.0014959327564113417
"p1153": 0.004333500802534994
"p1154": 0.0007357354814551379
"p1155": 0.0029485869550900283
"p1156": 0.00014488908458323686
"p1157": 0.0010311586798910882
"p1158": 0
"p1159": 5.645029269476761E-05
"p1160": 0.000541922809869769
"p1161": 0.0028375680461236513
"p1162": 0.00022768284720222937
"p1163": 0.0011421775888574646
"p1164": 0.0019080198930831451
"p1165": 0.006962202765688007
"p1166": 0.0005494495155624049
"p1167": 0.0023934924102581474
"p1168": 0.0037031392007767557
"p1169": 0.0069527943835722104
"p1170": 0.001988931979278979
"p1171": 0.0024913395842624106
"p1172": 0.00037069025536230727
"p1173": 0.0018233444540409938
"p1174": 0
"p1175": 2.2580117077907042E-05
"p1176": 0.0028375680461236517
"p1177": 0.00817776573504867
"p1178": 0.0009370748587331424
"p1179": 0.0016859820751503928
"p1180": 0.0065670507168246305
"p1181": 0.015202063822700918
"p1182": 0.0019080198930831454
"p1183": 0.0026494004038077603
"p1184": 0.0008260559497667661
"p1185": 0.002974930425014253
"p1186": 0.0002521446407032953
"p1187": 0.002115004299630627
"p1188": 2.4461793501065963E-05
"p1189": 0.00024461793501065964
"p1190": 0
"p1191": 3.3870175616860565E-05
"p1192": 0.00022768284720222937
"p1193": 0.0009370748587331424
"p1194": 1.6935087808430286E-05
"p1195": 0.00041208713667180354
"p1196": 0.0006567050716824633
"p1197": 0.002549671553380337
"p1198": 0.00010349220327374062
"p1199": 0.001209917940091186
"p1200": 0.002197798062249619
"p1201": 0.0030125639534774313
"p1202": 0.001136532559587988
"p1203": 0.0006792851887603704
"p1204": 0.00011290058538953522
"p1205": 0.0007959491269962232
"p1206": 0
"p1207": 2.2580117077907045E-05
"p1208": 0.0011421775888574648
"p1209": 0.0016859820751503924
"p1210": 0.00041208713667180354
"p1211": 0.00024461793501065964
"p1212": 0.0031348729209827613
