"p1150": 0.010157289332211855
"p1151": 0.0013152918197880854
"p1152": 0.0002295645236253883
"p1153": 5.645029269476761E-06
"p1154": 0.002775472724159408
"p1155": 0.0008843879188846927
"p1156": 0.0005626212505245173
"p1157": 3.010682277054273E-05
"p1158": 0.004818973319709995
"p1159": 0.0018986115109673508
"p1160": 4.139688130949625E-05
"p1161": 0
"p1162": 0.0016220050767629893
"p1163": 0.00043843060659602847
"p1164": 0.0005833196911792653
"p1165": 0
"p1166": 0.005678899445093622
"p1167": 0.0012212079986301395
"p1168": 0
"p1169": 0
"p1170": 0
"p1171": 0
"p1172": 0
"p1173": 0
"p1174": 0
"p1175": 0
"p1176": 0
"p1177": 0
"p1178": 0
"p1179": 0
"p1180": 0
"p1181": 0
"p1182": 0
"p1183": 0
"p1184": 0.0002333278764717061
"p1185": 5.645029269476761E-06
"p1186": 0.0010480937676995187
"p1187": 0.0002897781691664738
"p1188": 0.0009389565351563013
"p1189": 6.774035123372114E-05
"p1190": 0.0038706084024378996
"p1191": 0.0015392113141439968
"p1192": 3.198849919370165E-05
"p1193": 0
"p1194": 0.00026907972851172564
"p1195": 5.833196911792653E-05
"p1196": 0.0005983731025645366
"p1197": 0
"p1198": 0.00252709143630243
"p1199": 0.0006472966895666686
"p1200": 5.268693984844977E-05
"p1201": 0
"p1202": 0.0017763025434620206
"p1203": 0.00038386199032441974
"p1204": 0.00022956452362538827
"p1205": 0
"p1206": 0.004630805677394103
"p1207": 0.0013284635547501978
"p1208": 1.3171734962112444E-05
"p1209": 0
"p1210": 0.0005814380147561064
"p1211": 9.220214473478711E-05
"p1212": 0.00014488908458323683
