"p1150": 3.7633528463178407E-06
"p1151": 3.7633528463178407E-06
"p1152": 0.00022956452362538827
"p1153": 0.0013265818783270388
"p1154": 0.0019494167743926416
"p1155": 0.0036241087910040804
"p1156": 0
"p1157": 0
"p1158": 0.0002427362585875007
"p1159": 0.0011365325595879881
"p1160": 0.0005306327513308156
"p1161": 0.0018271078068873114
"p1162": 0.006664897890828895
"p1163": 0.01378704315248541
"p1164": 0.00010725555612005845
"p1165": 0.0003180033155138576
"p1166": 0.005319499248270267
"p1167": 0.010228793036291891
"p1168": 0
"p1169": 1.8816764231589204E-06
"p1170": 2.82251463473838E-05
"p1171": 4.704191057897301E-05
"p1172": 0
"p1173": 0
"p1174": 0
"p1175": 1.1290058538953523E-05
"p1176": 3.7633528463178407E-06
"p1177": 3.7633528463178407E-06
"p1178": 0.00018064093662325636
"p1179": 0.0001279539967748066
"p1180": 0
"p1181": 0
"p1182": 9.972885042742278E-05
"p1183": 0.00013359902604428335
"p1184": 0.00015806081954534932
"p1185": 0.001979523597163184
"p1186": 0.0008655711546531033
"p1187": 0.002892136662395261
"p1188": 0
"p1189": 0
"p1190": 6.209532196424438E-05
"p1191": 0.000353755167553877
"p1192": 0.0006190715432192848
"p1193": 0.003979745634981117
"p1194": 0.0040625393976001095
"p1195": 0.01379268818175489
"p1196": 0.00011478226181269414
"p1197": 0.0006755218359140525
"p1198": 0.0020961875353990374
"p1199": 0.007795785421147406
"p1200": 0.00013736237889060116
"p1201": 0.0006774035123372114
"p1202": 0.0022297865614433203
"p1203": 0.005172728487263872
"p1204": 0
"p1205": 0
"p1206": 0.00011854561465901199
"p1207": 0.000829819302613084
"p1208": 0.0003443467854380824
"p1209": 0.0012381430864385693
"p1210": 0.006550115629016202
"p1211": 0.011525268091848392
"p1212": 2.4461793501065963E-05
