"p1150": 0
"p1151": 0
"p1152": 0.0005983731025645368
"p1153": 2.82251463473838E-05
"p1154": 0.0033230405632986536
"p1155": 0.00139432222956076
"p1156": 0.002207206444365413
"p1157": 0.0001561791431221904
"p1158": 0.006499310365590911
"p1159": 0.003797223021934702
"p1160": 0.00015429746669903146
"p1161": 0
"p1162": 0.001230616380745934
"p1163": 0.00039138869601705546
"p1164": 0.0010123419156594991
"p1165": 0
"p1166": 0.005678899445093623
"p1167": 0.001347280318981787
"p1168": 0.0005061709578297497
"p1169": 1.3171734962112442E-05
"p1170": 0.006647962803020466
"p1171": 0.002743484224965706
"p1172": 0.0012908300262870192
"p1173": 6.774035123372114E-05
"p1174": 0.013382482721506245
"p1175": 0.005929162409373759
"p1176": 0.00011478226181269415
"p1177": 0
"p1178": 0.004555538620467747
"p1179": 0.0014601809043713221
"p1180": 0.0011591126766658947
"p1181": 0
"p1182": 0.016026238096044528
"p1183": 0.0042507070399160005
"p1184": 0.00022580117077907044
"p1185": 1.6935087808430286E-05
"p1186": 0.0011214791482027165
"p1187": 0.0005400411334466101
"p1188": 0.00141125731736919
"p1189": 0.0001467707610063958
"p1190": 0.003972218929288481
"p1191": 0.0023991374395276235
"p1192": 4.8923587002131926E-05
"p1193": 0
"p1194": 0.0002464996114338186
"p1195": 7.714873334951572E-05
"p1196": 0.00048735419359816025
"p1197": 0
"p1198": 0.001958825156508436
"p1199": 0.0004158504895181214
"p1200": 7.150370408003898E-05
"p1201": 0
"p1202": 0.0024913395842624106
"p1203": 0.0005475678391392458
"p1204": 0.0004911175464444781
"p1205": 2.2580117077907045E-05
"p1206": 0.00824738776270555
"p1207": 0.0017198522507672531
"p1208": 1.6935087808430282E-05
"p1209": 0
"p1210": 0.0008730978603457393
"p1211": 0.0001298356731979655
"p1212": 0.00018064093662325636
