"p1150": 7.5267056926356815E-06
"p1151": 3.7633528463178407E-06
"p1152": 0.004611988913162514
"p1153": 0.0001637058488148261
"p1154": 0.004071947779715904
"p1155": 0.0043372641553813115
"p1156": 0.001104544060394286
"p1157": 9.972885042742278E-05
"p1158": 0.00010913723254321738
"p1159": 0.00015053411385271363
"p1160": 0.005153911723032284
"p1161": 5.2686939848449775E-05
"p1162": 0.0028338046932773336
"p1163": 0.003099121068942742
"p1164": 0.010354865356643539
"p1165": 0
"p1166": 0.005232942132804957
"p1167": 0.005483205097085094
"p1168": 7.714873334951574E-05
"p1169": 0
"p1170": 0.00010913723254321738
"p1171": 3.7633528463178407E-06
"p1172": 1.88167642315892E-05
"p1173": 0
"p1174": 0
"p1175": 0
"p1176": 5.2686939848449775E-05
"p1177": 0
"p1178": 8.655711546531033E-05
"p1179": 3.7633528463178407E-06
"p1180": 0.00014300740816007793
"p1181": 0
"p1182": 0.00011478226181269415
"p1183": 1.8816764231589204E-06
"p1184": 0.005007140962025887
"p1185": 0.0008994413302699639
"p1186": 0.002833804693277334
"p1187": 0.006898225767300602
"p1188": 0.0008994413302699638
"p1189": 0.0002615530228190899
"p1190": 8.655711546531033E-05
"p1191": 0.00013171734962112442
"p1192": 0.0028338046932773336
"p1193": 8.655711546531035E-05
"p1194": 0.001164757705935372
"p1195": 0.002414190850912895
"p1196": 0.006898225767300603
"p1197": 0.00013171734962112442
"p1198": 0.0024141908509128945
"p1199": 0.005605514064590423
"p1200": 0.004773813085554181
"p1201": 3.3870175616860565E-05
"p1202": 0.005232942132804957
"p1203": 0.0037558261406252054
"p1204": 0.0014771159921797524
"p1205": 3.3870175616860565E-05
"p1206": 0.00011478226181269412
"p1207": 0.00019569434800852773
"p1208": 0.0030991210689427415
"p1209": 3.7633528463178407E-06
"p1210": 0.0024141908509128945
"p1211": 0.0016671653109188035
"p1212": 0.009764018959771638
