"p1150": 1.5053411385271363E-05
"p1151": 0
"p1152": 0.0005061709578297497
"p1153": 1.3171734962112442E-05
"p1154": 0.005588578976781993
"p1155": 0.002177099621594871
"p1156": 0.001298356731979655
"p1157": 6.774035123372114E-05
"p1158": 0.010147880950096059
"p1159": 0.004150978189488579
"p1160": 0.00011478226181269415
"p1161": 0
"p1162": 0.003800986374781019
"p1163": 0.00118545614659012
"p1164": 0.0011628760295122127
"p1165": 0
"p1166": 0.012294873748920387
"p1167": 0.002839449722546811
"p1168": 1.8816764231589204E-06
"p1169": 0
"p1170": 0.00012419064392848875
"p1171": 1.8816764231589204E-06
"p1172": 1.8816764231589204E-06
"p1173": 0
"p1174": 0.00029165984558963265
"p1175": 1.8816764231589204E-06
"p1176": 0
"p1177": 0
"p1178": 2.4461793501065963E-05
"p1179": 0
"p1180": 1.8816764231589204E-06
"p1181": 0
"p1182": 0.00016182417239166713
"p1183": 0
"p1184": 0.0007225637464930254
"p1185": 6.209532196424438E-05
"p1186": 0.0031574530380606685
"p1187": 0.0016652836344956442
"p1188": 0.0033738458267239444
"p1189": 0.00035375516755387705
"p1190": 0.010281479976140344
"p1191": 0.006841775474605833
"p1192": 0.00015994249596850823
"p1193": 0
"p1194": 0.0012400247628617282
"p1195": 0.0005080526342529085
"p1196": 0.0014470091694092097
"p1197": 0
"p1198": 0.006695004713599438
"p1199": 0.0021300577110158975
"p1200": 0.00018440428946957417
"p1201": 0
"p1202": 0.005232942132804958
"p1203": 0.0015994249596850824
"p1204": 0.0011384142360111465
"p1205": 2.2580117077907045E-05
"p1206": 0.013619573950824268
"p1207": 0.0041716766301433264
"p1208": 6.0213645541085445E-05
"p1209": 0
"p1210": 0.001919309951622099
"p1211": 0.00041208713667180354
"p1212": 0.00033493840332228785
