"p1150": 0
"p1151": 0
"p1152": 0.0011704027352048485
"p1153": 0
"p1154": 0.00023897290574118288
"p1155": 0.00042714054805707494
"p1156": 0.00280557954692995
"p1157": 0.00032929337405281106
"p1158": 0.0006585867481056221
"p1159": 0.0017706575141925437
"p1160": 0.002647518727384601
"p1161": 0.00011101890896637629
"p1162": 0.0014639442572176398
"p1163": 0.0024198358801823714
"p1164": 0.00538723959950399
"p1165": 0.00039891540170969113
"p1166": 0.002926006838012121
"p1167": 0.005078644666105926
"p1168": 0.0027754727241594075
"p1169": 0
"p1170": 0.0006679951302214167
"p1171": 0.0010537387969689952
"p1172": 0.005588578976781992
"p1173": 0.0001674692016611439
"p1174": 0.0018176994247715169
"p1175": 0.002967403719321617
"p1176": 0.005761693207712613
"p1177": 5.2686939848449775E-05
"p1178": 0.003392662590955534
"p1179": 0.004248825363492843
"p1180": 0.01364215406790217
"p1181": 0.0001637058488148261
"p1182": 0.008516467491217275
"p1183": 0.009336878411714563
"p1184": 0.00017687758377693847
"p1185": 0
"p1186": 1.6935087808430282E-05
"p1187": 3.010682277054273E-05
"p1188": 0.0007733690099183162
"p1189": 0.0001637058488148261
"p1190": 0.00027848811062752024
"p1191": 0.000683048541606688
"p1192": 0.0008806245660383746
"p1193": 5.645029269476761E-05
"p1194": 0.0004196138423644392
"p1195": 0.0009408382115794603
"p1196": 0.0029975105420921603
"p1197": 0.0003594001968233538
"p1198": 0.0013867955238681244
"p1199": 0.003053960834786928
"p1200": 0.0006567050716824632
"p1201": 0
"p1202": 0.00022015614150959367
"p1203": 0.00019004931873905096
"p1204": 0.002715259078618322
"p1205": 6.774035123372113E-05
"p1206": 0.0013247002019038802
"p1207": 0.0008241742733436071
"p1208": 0.0013604520539438993
"p1209": 1.1290058538953523E-05
"p1210": 0.0014112573173691904
"p1211": 0.0007507888928404092
"p1212": 0.005577288918243041
