"p1150": 0.020310815311577392
"p1151": 0.011561019943888414
"p1152": 1.5053411385271363E-05
"p1153": 0
"p1154": 0
"p1155": 1.8816764231589204E-06
"p1156": 6.962202765688005E-05
"p1157": 0
"p1158": 1.8816764231589203E-05
"p1159": 3.7633528463178407E-05
"p1160": 3.7633528463178407E-05
"p1161": 0
"p1162": 3.010682277054273E-05
"p1163": 3.575185204001949E-05
"p1164": 0.00019757602443168663
"p1165": 0
"p1166": 0.0001542974666990315
"p1167": 0.00013359902604428335
"p1168": 6.0213645541085445E-05
"p1169": 0
"p1170": 3.0106822770542726E-05
"p1171": 1.3171734962112444E-05
"p1172": 0.00015241579027587256
"p1173": 0
"p1174": 2.2580117077907045E-05
"p1175": 5.080526342529085E-05
"p1176": 0.00013548070246744229
"p1177": 0
"p1178": 0.0001731142309306207
"p1179": 7.150370408003895E-05
"p1180": 0.0004647740765202533
"p1181": 0
"p1182": 0.00047982748790552474
"p1183": 0.00016558752523798502
"p1184": 0.0006322432781813973
"p1185": 0
"p1186": 0.00012419064392848875
"p1187": 0.00017499590735377962
"p1188": 0.0013830321710218065
"p1189": 0.00018628596589273313
"p1190": 0.00030671325697490405
"p1191": 0.0008843879188846927
"p1192": 0.0014884060507187062
"p1193": 2.4461793501065963E-05
"p1194": 0.0003669269025159895
"p1195": 0.0008110025383814948
"p1196": 0.0034604029421892546
"p1197": 0.00014865243742955475
"p1198": 0.0011459409417037825
"p1199": 0.0026098851989214225
"p1200": 0.0015636731076450628
"p1201": 0
"p1202": 0.0003085949333980629
"p1203": 0.0005343961041771334
"p1204": 0.002989983836399525
"p1205": 7.33853805031979E-05
"p1206": 0.0008166475676509712
"p1207": 0.0014225473759081435
"p1208": 0.00310288442178906
"p1209": 1.1290058538953523E-05
"p1210": 0.001106425736817445
"p1211": 0.001631413458878784
"p1212": 0.007961372946385391
