"p1150": 3.7633528463178407E-06
"p1151": 0
"p1152": 0.0033437390039534015
"p1153": 0.0001674692016611439
"p1154": 0.0010518571205458366
"p1155": 0.0024649961143381853
"p1156": 0.0011365325595879881
"p1157": 0
"p1158": 0.00011101890896637632
"p1159": 0.00013171734962112442
"p1160": 0.009050863595394407
"p1161": 0.00021639278866327584
"p1162": 0.00691892420795535
"p1163": 0.007157897113696533
"p1164": 0.008446845463560393
"p1165": 0
"p1166": 0.003765234522740998
"p1167": 0.004653385794472009
"p1168": 4.704191057897301E-05
"p1169": 0
"p1170": 1.5053411385271363E-05
"p1171": 1.5053411385271363E-05
"p1172": 1.1290058538953523E-05
"p1173": 0
"p1174": 0
"p1175": 0
"p1176": 0.00012419064392848875
"p1177": 0
"p1178": 0.00019193099516220984
"p1179": 1.1290058538953523E-05
"p1180": 0.00013359902604428335
"p1181": 0
"p1182": 8.091208619583358E-05
"p1183": 1.8816764231589207E-05
"p1184": 0.002321988706178108
"p1185": 0.0005268693984844977
"p1186": 0.0010518571205458363
"p1187": 0.001889203128851556
"p1188": 0.000353755167553877
"p1189": 0
"p1190": 3.198849919370165E-05
"p1191": 3.0106822770542726E-05
"p1192": 0.007605736102408357
"p1193": 0.0009859984457352743
"p1194": 0.004024905869136931
"p1195": 0.009184462621438691
"p1196": 0.00531573589542395
"p1197": 9.784717400426385E-05
"p1198": 0.002429244262298166
"p1199": 0.003595883644656697
"p1200": 0.004444519711501371
"p1201": 6.774035123372113E-05
"p1202": 0.0020002220378179322
"p1203": 0.00167281034018828
"p1204": 0.000829819302613084
"p1205": 0
"p1206": 6.585867481056221E-05
"p1207": 5.2686939848449775E-05
"p1208": 0.007332893021050314
"p1209": 3.7633528463178407E-05
"p1210": 0.007434503547900895
"p1211": 0.005357132776733447
"p1212": 0.007765678598376865
