"p1150": 1.5053411385271363E-05
"p1151": 0
"p1152": 0.0008843879188846926
"p1153": 6.774035123372114E-05
"p1154": 0.00854092928471834
"p1155": 0.0037558261406252054
"p1156": 0.00028789649274331484
"p1157": 0
"p1158": 0.0012136812929375033
"p1159": 0.00012795399677480656
"p1160": 0.0007733690099183162
"p1161": 1.3171734962112442E-05
"p1162": 0.00793126612361485
"p1163": 0.002713377402195163
"p1164": 0.0012306163807459338
"p1165": 0
"p1166": 0.015469261874789485
"p1167": 0.004245062010646524
"p1168": 1.8816764231589204E-06
"p1169": 0
"p1170": 0.00018628596589273313
"p1171": 1.8816764231589204E-06
"p1172": 0
"p1173": 0
"p1174": 1.88167642315892E-05
"p1175": 0
"p1176": 1.8816764231589204E-06
"p1177": 0
"p1178": 0.0001392440553137601
"p1179": 1.8816764231589204E-06
"p1180": 1.8816764231589204E-06
"p1181": 0
"p1182": 0.00025778966997277205
"p1183": 0
"p1184": 0.002321988706178108
"p1185": 0.00035375516755387705
"p1186": 0.007605736102408357
"p1187": 0.0053157358954239505
"p1188": 0.0005268693984844977
"p1189": 0
"p1190": 0.000985998445735274
"p1191": 9.784717400426385E-05
"p1192": 0.0010518571205458366
"p1193": 3.198849919370165E-05
"p1194": 0.004024905869136931
"p1195": 0.0024292442622981664
"p1196": 0.001889203128851556
"p1197": 3.0106822770542726E-05
"p1198": 0.009184462621438691
"p1199": 0.0035958836446566963
"p1200": 0.0005325144277539745
"p1201": 2.2580117077907045E-05
"p1202": 0.009961594984203327
"p1203": 0.0033268039161449717
"p1204": 0.00034246510901492347
"p1205": 0
"p1206": 0.0015918982539924464
"p1207": 0.00011666393823585305
"p1208": 0.00039891540170969113
"p1209": 0
"p1210": 0.005500140184893524
"p1211": 0.0014959327564113417
"p1212": 0.00044407563586550515
