"p1150": 0.003055842511210087
"p1151": 0.0012343797335922517
"p1152": 0.0005720296326403117
"p1153": 0.0020416189191274285
"p1154": 0.00016935087808430286
"p1155": 0.0011271241774721934
"p1156": 4.516023415581409E-05
"p1157": 0.0003706902553623074
"p1158": 0
"p1159": 1.8816764231589203E-05
"p1160": 0.00018252261304641527
"p1161": 0.0012193263222069805
"p1162": 2.2580117077907045E-05
"p1163": 0.00033682007974544673
"p1164": 0.0006002547789876957
"p1165": 0.0029053083973573737
"p1166": 8.655711546531033E-05
"p1167": 0.0007507888928404091
"p1168": 0.0017556041028072727
"p1169": 0.003757707817048364
"p1170": 0.0006585867481056222
"p1171": 0.0011534676473964182
"p1172": 0.00011290058538953522
"p1173": 0.00073197212860882
"p1174": 0
"p1175": 7.5267056926356815E-06
"p1176": 0.0011515859709732592
"p1177": 0.003979745634981116
"p1178": 0.00024085458216434183
"p1179": 0.0005645029269476761
"p1180": 0.0028018161940836324
"p1181": 0.007381816608052445
"p1182": 0.00041208713667180354
"p1183": 0.0009803534164657976
"p1184": 0.00024085458216434183
"p1185": 0.0010593838262384723
"p1186": 5.080526342529084E-05
"p1187": 0.0005042892814065907
"p1188": 5.645029269476761E-06
"p1189": 6.962202765688005E-05
"p1190": 0
"p1191": 1.1290058538953523E-05
"p1192": 6.021364554108545E-05
"p1193": 0.0002634346992422488
"p1194": 0
"p1195": 6.962202765688005E-05
"p1196": 0.00012607232035164766
"p1197": 0.0007376171578782969
"p1198": 9.408382115794602E-06
"p1199": 0.0002521446407032953
"p1200": 0.0005795563383329475
"p1201": 0.0009765900636194795
"p1202": 0.0002145111122401169
"p1203": 0.0001542974666990315
"p1204": 5.645029269476761E-06
"p1205": 0.00015241579027587253
"p1206": 0
"p1207": 0
"p1208": 0.00027660643420436126
"p1209": 0.0004760641350592069
"p1210": 5.2686939848449775E-05
"p1211": 3.7633528463178407E-05
"p1212": 0.0006717584830677345
