"p1150": 0
"p1151": 0
"p1152": 0.0001768775837769385
"p1153": 0.00035563684397703593
"p1154": 1.8816764231589203E-05
"p1155": 3.7633528463178407E-05
"p1156": 0.00043654893017286954
"p1157": 0.0008674528310762623
"p1158": 2.2580117077907045E-05
"p1159": 8.843879188846925E-05
"p1160": 0.0006661134537982578
"p1161": 0.0006999836294151184
"p1162": 0.0003010682277054273
"p1163": 0.00012983567319796552
"p1164": 0.0019550618036621183
"p1165": 0.002233549914289639
"p1166": 0.0007884224213035877
"p1167": 0.0003706902553623073
"p1168": 5.645029269476761E-06
"p1169": 1.1290058538953523E-05
"p1170": 0
"p1171": 0
"p1172": 2.0698440654748124E-05
"p1173": 4.516023415581409E-05
"p1174": 0
"p1175": 1.8816764231589204E-06
"p1176": 2.0698440654748124E-05
"p1177": 1.8816764231589203E-05
"p1178": 5.645029269476761E-06
"p1179": 0
"p1180": 9.596549758110493E-05
"p1181": 8.467543904215141E-05
"p1182": 3.3870175616860565E-05
"p1183": 9.408382115794602E-06
"p1184": 0.0008448727139983552
"p1185": 0.0033324489454144477
"p1186": 0.0001486524374295547
"p1187": 0.000611544837526649
"p1188": 0.0026625721387698725
"p1189": 0.00819093747001078
"p1190": 0.00040079707813285
"p1191": 0.0026418736981151237
"p1192": 0.002950468631513187
"p1193": 0.009869392839468541
"p1194": 0.0011515859709732592
"p1195": 0.0038950701959389643
"p1196": 0.009521282701184137
"p1197": 0.023054299536543095
"p1198": 0.0038141581097431315
"p1199": 0.009077207065318633
"p1200": 0.0002935415220127916
"p1201": 0.0016577569288030087
"p1202": 3.7633528463178407E-05
"p1203": 3.951520488633733E-05
"p1204": 0.0014432458165628916
"p1205": 0.005140739988070171
"p1206": 0.00027660643420436126
"p1207": 0.000521224369215021
"p1208": 0.0012212079986301395
"p1209": 0.00407947448540854
"p1210": 0.00046477407652025334
"p1211": 0.0007752506863414751
"p1212": 0.004549893591198269
