"p1150": 0
"p1151": 3.7633528463178407E-06
"p1152": 0.0016276501060324662
"p1153": 0.004525431797697203
"p1154": 0.000709392011530913
"p1155": 0.0012437881157080462
"p1156": 0.003388899238109216
"p1157": 0.006749573329871047
"p1158": 0.0019456534215463233
"p1159": 0.0022561300313675456
"p1160": 0.0010010518571205455
"p1161": 0.0032778803291428397
"p1162": 0.00025026296428013644
"p1163": 0.0004196138423644392
"p1164": 0.003735127699970457
"p1165": 0.009543862818262045
"p1166": 0.0008599261253836267
"p1167": 0.0017066805158051407
"p1168": 5.080526342529084E-05
"p1169": 5.833196911792653E-05
"p1170": 1.5053411385271363E-05
"p1171": 3.7633528463178407E-06
"p1172": 0.00012230896750532982
"p1173": 0.00012042729108217089
"p1174": 3.7633528463178407E-05
"p1175": 3.7633528463178407E-06
"p1176": 1.1290058538953523E-05
"p1177": 1.1290058538953523E-05
"p1178": 1.8816764231589204E-06
"p1179": 0
"p1180": 5.833196911792652E-05
"p1181": 0.00010161052685058171
"p1182": 1.8816764231589204E-06
"p1183": 1.8816764231589204E-06
"p1184": 0.0007394988343014557
"p1185": 0.0029937471892458427
"p1186": 0.0002540263171264542
"p1187": 0.002011512096356886
"p1188": 0.0029937471892458422
"p1189": 0.009312416618213498
"p1190": 0.0011854561465901197
"p1191": 0.005652555975169398
"p1192": 0.00025402631712645424
"p1193": 0.0011854561465901197
"p1194": 2.0698440654748124E-05
"p1195": 0.0003142399626675397
"p1196": 0.002011512096356886
"p1197": 0.005652555975169397
"p1198": 0.0003142399626675397
"p1199": 0.002077370771167448
"p1200": 0.0014281924051776202
"p1201": 0.003962810547172686
"p1202": 0.0005833196911792653
"p1203": 0.0007827773920341108
"p1204": 0.004316565714726563
"p1205": 0.009163764180783945
"p1206": 0.001996458684971614
"p1207": 0.001956943480085277
"p1208": 0.0005005259285602728
"p1209": 0.0015749631661840164
"p1210": 9.220214473478711E-05
"p1211": 0.00014300740816007793
"p1212": 0.0038292115211284034
