"p1150": 0
"p1151": 0
"p1152": 0.00014488908458323686
"p1153": 0
"p1154": 0.0014093756409460313
"p1155": 0.00020886608297064014
"p1156": 0.0015298029320282023
"p1157": 0
"p1158": 0.0035714218511556303
"p1159": 0.001017986944928976
"p1160": 0.0007357354814551377
"p1161": 2.82251463473838E-05
"p1162": 0.004004207428482183
"p1163": 0.001706680515805141
"p1164": 0.001719852250767253
"p1165": 0.0001561791431221904
"p1166": 0.008239861057012915
"p1167": 0.004271405480570749
"p1168": 0.0002051027301243223
"p1169": 0
"p1170": 0.0034434678543808234
"p1171": 0.0008015941562657
"p1172": 0.0013830321710218065
"p1173": 0
"p1174": 0.007436385224324052
"p1175": 0.0020604356833590176
"p1176": 0.0006040181318340134
"p1177": 1.3171734962112442E-05
"p1178": 0.009000058331969117
"p1179": 0.0037144292593157095
"p1180": 0.0010480937676995185
"p1181": 6.774035123372114E-05
"p1182": 0.022047602650153077
"p1183": 0.008866459305924834
"p1184": 1.3171734962112444E-05
"p1185": 0
"p1186": 0.00019381267158536877
"p1187": 1.6935087808430286E-05
"p1188": 0.0007244454229161843
"p1189": 0
"p1190": 0.0011534676473964182
"p1191": 0.0001674692016611439
"p1192": 0.0002747247577812024
"p1193": 1.6935087808430286E-05
"p1194": 0.0012983567319796553
"p1195": 0.0006134265139498081
"p1196": 0.0012174446457838214
"p1197": 0.0001467707610063958
"p1198": 0.004352317566766584
"p1199": 0.002476286172877139
"p1200": 3.7633528463178407E-06
"p1201": 0
"p1202": 0.0008655711546531033
"p1203": 0.0001637058488148261
"p1204": 0.00044407563586550526
"p1205": 0
"p1206": 0.004011734134174819
"p1207": 0.0006679951302214169
"p1208": 8.843879188846925E-05
"p1209": 0
"p1210": 0.0027660643420436134
"p1211": 0.0006567050716824632
"p1212": 0.00035940019682335374
