"p1150": 7.5267056926356815E-06
"p1151": 3.7633528463178407E-06
"p1152": 0.0036843224365451658
"p1153": 5.2686939848449775E-05
"p1154": 0.0020340922134347928
"p1155": 0.0026625721387698725
"p1156": 0.005400411334466102
"p1157": 0.00026343469924224885
"p1158": 0.004847198466057379
"p1159": 0.004596935501777242
"p1160": 0.0027284308135804344
"p1161": 0
"p1162": 0.0010970173547016505
"p1163": 0.0012682499092091122
"p1164": 0.008936081333581713
"p1165": 0
"p1166": 0.0033700824738776263
"p1167": 0.004011734134174818
"p1168": 5.833196911792653E-05
"p1169": 0
"p1170": 6.585867481056221E-05
"p1171": 3.7633528463178407E-06
"p1172": 0.00012042729108217089
"p1173": 0
"p1174": 0.00017123255450746176
"p1175": 3.7633528463178407E-06
"p1176": 1.1290058538953523E-05
"p1177": 0
"p1178": 1.3171734962112444E-05
"p1179": 0
"p1180": 0.00010161052685058171
"p1181": 0
"p1182": 6.0213645541085445E-05
"p1183": 1.8816764231589204E-06
"p1184": 0.002218496502904367
"p1185": 0.0001844042894695742
"p1186": 0.0010292770034679294
"p1187": 0.002645637050961442
"p1188": 0.006920805884378508
"p1189": 0.001160994353089054
"p1190": 0.003543196704808247
"p1191": 0.007903040977267465
"p1192": 0.0009822350928889564
"p1193": 0
"p1194": 0.0002653163756654078
"p1195": 0.0005550945448318816
"p1196": 0.005253640573459706
"p1197": 3.387017561686057E-05
"p1198": 0.0014978144328345005
"p1199": 0.0035657768218861543
"p1200": 0.002995628865669001
"p1201": 1.1290058538953523E-05
"p1202": 0.0022749467955991347
"p1203": 0.0018346345125799472
"p1204": 0.007046878204730158
"p1205": 6.774035123372113E-05
"p1206": 0.006610329274557288
"p1207": 0.004711717763589937
"p1208": 0.001256959850670159
"p1209": 0
"p1210": 0.0006717584830677346
"p1211": 0.0004403122830191874
"p1212": 0.008138250530162332
