"p1150": 7.5267056926356815E-06
"p1151": 0
"p1152": 0.00013359902604428335
"p1153": 0
"p1154": 0.0008091208619583358
"p1155": 0.0003123582862443808
"p1156": 0
"p1157": 0
"p1158": 0.00022580117077907044
"p1159": 1.1290058538953523E-05
"p1160": 0.0002540263171264543
"p1161": 3.3870175616860565E-05
"p1162": 0.0035676584983093127
"p1163": 0.0008411093611520374
"p1164": 1.6935087808430282E-05
"p1165": 0
"p1166": 0.0033606740917618318
"p1167": 0.0006397699838740329
"p1168": 1.8816764231589204E-06
"p1169": 0
"p1170": 5.8331969117926534E-05
"p1171": 0
"p1172": 0
"p1173": 0
"p1174": 7.5267056926356815E-06
"p1175": 0
"p1176": 3.7633528463178407E-06
"p1177": 0
"p1178": 0.00019757602443168666
"p1179": 5.645029269476761E-06
"p1180": 0
"p1181": 0
"p1182": 9.596549758110493E-05
"p1183": 0
"p1184": 0.0029598770136289817
"p1185": 0
"p1186": 0.007801430450416882
"p1187": 0.002173336268748553
"p1188": 0
"p1189": 0
"p1190": 0.0016031883125314002
"p1191": 0.00016182417239166716
"p1192": 0.005518956949125114
"p1193": 0.0005908463968719011
"p1194": 0.027532689423661334
"p1195": 0.01431203087454675
"p1196": 0.000991643475004751
"p1197": 3.0106822770542726E-05
"p1198": 0.0196277667699707
"p1199": 0.006926450913647987
"p1200": 0.00040832378382548573
"p1201": 0
"p1202": 0.005379712893811354
"p1203": 0.0009239031237710299
"p1204": 0
"p1205": 0
"p1206": 0.0007093920115309129
"p1207": 4.139688130949625E-05
"p1208": 0.0009972885042742277
"p1209": 1.1290058538953523E-05
"p1210": 0.012560190124585795
"p1211": 0.004559301973314064
"p1212": 9.972885042742278E-05
