"p1150": 0.008403566905827739
"p1151": 0.003985390664250593
"p1152": 0.00012042729108217089
"p1153": 0
"p1154": 2.2580117077907045E-05
"p1155": 5.080526342529085E-05
"p1156": 3.198849919370165E-05
"p1157": 0
"p1158": 0
"p1159": 0
"p1160": 0.00031047660982122185
"p1161": 0
"p1162": 0.00040079707813285006
"p1163": 0.00017311423093062072
"p1164": 0.00037633528463178407
"p1165": 0
"p1166": 0.00027660643420436126
"p1167": 8.655711546531035E-05
"p1168": 0
"p1169": 0
"p1170": 0
"p1171": 0
"p1172": 0
"p1173": 0
"p1174": 0
"p1175": 0
"p1176": 0
"p1177": 0
"p1178": 0
"p1179": 0
"p1180": 0
"p1181": 0
"p1182": 0
"p1183": 0
"p1184": 0.0025233280834561123
"p1185": 0.0002766064342043613
"p1186": 0.000754552245686727
"p1187": 0.0018289894833104707
"p1188": 0.0006717584830677345
"p1189": 0
"p1190": 3.3870175616860565E-05
"p1191": 6.774035123372113E-05
"p1192": 0.008098735325275993
"p1193": 0.00023709122931802397
"p1194": 0.0037276009942778217
"p1195": 0.006188833755769689
"p1196": 0.006194478785039165
"p1197": 1.1290058538953523E-05
"p1198": 0.0016332951353019427
"p1199": 0.002790526135544679
"p1200": 0.001294593379133337
"p1201": 0
"p1202": 0.00045724737082761767
"p1203": 0.0003989154017096911
"p1204": 0.00017875926020009746
"p1205": 0
"p1206": 5.645029269476761E-06
"p1207": 1.1290058538953523E-05
"p1208": 0.0028074612233531093
"p1209": 0
"p1210": 0.0017029171629588228
"p1211": 0.0015599097547987452
"p1212": 0.0024198358801823714
