"p1150": 0.024000782777392038
"p1151": 0.00753235072190516
"p1152": 1.8816764231589204E-06
"p1153": 0
"p1154": 9.032046831162817E-05
"p1155": 1.1290058538953523E-05
"p1156": 1.3171734962112444E-05
"p1157": 0
"p1158": 0.00017499590735377962
"p1159": 3.7633528463178407E-05
"p1160": 7.5267056926356815E-06
"p1161": 0
"p1162": 0.0003085949333980629
"p1163": 6.397699838740328E-05
"p1164": 2.634346992422488E-05
"p1165": 0
"p1166": 0.0009446015644257778
"p1167": 0.00013924405531376012
"p1168": 0
"p1169": 0
"p1170": 0
"p1171": 0
"p1172": 0
"p1173": 0
"p1174": 0
"p1175": 0
"p1176": 0
"p1177": 0
"p1178": 0
"p1179": 0
"p1180": 0
"p1181": 0
"p1182": 0
"p1183": 0
"p1184": 0.00018628596589273313
"p1185": 0
"p1186": 0.001953180127238959
"p1187": 0.0003913886960170555
"p1188": 0.0013510436718281048
"p1189": 0
"p1190": 0.0040249058691369305
"p1191": 0.0009803534164657976
"p1192": 0.000496762575713955
"p1193": 1.1290058538953523E-05
"p1194": 0.004514141739158251
"p1195": 0.0013773871417523298
"p1196": 0.0012663682327859534
"p1197": 9.784717400426387E-05
"p1198": 0.01241153768715624
"p1199": 0.004542366885505634
"p1200": 1.8816764231589204E-06
"p1201": 0
"p1202": 0.0007526705692635681
"p1203": 9.032046831162817E-05
"p1204": 0.00015429746669903146
"p1205": 0
"p1206": 0.001981405273586343
"p1207": 0.00026343469924224885
"p1208": 5.080526342529085E-05
"p1209": 0
"p1210": 0.001721733927190412
"p1211": 0.0003989154017096911
"p1212": 0.00015429746669903146
