"p1150": 0
"p1151": 0
"p1152": 7.526705692635681E-05
"p1153": 0.0006096631611034902
"p1154": 0.0008674528310762623
"p1155": 0.003656097290197782
"p1156": 0.00040267875455600894
"p1157": 0.0023012902655233595
"p1158": 0.002502629642801365
"p1159": 0.007088275086039653
"p1160": 1.5053411385271363E-05
"p1161": 0.00015429746669903146
"p1162": 0.00023520955289486504
"p1163": 0.0013378719368659921
"p1164": 0.000188167642315892
"p1165": 0.0010123419156594991
"p1166": 0.0015674364604913804
"p1167": 0.00522917877995864
"p1168": 8.843879188846925E-05
"p1169": 0.0005080526342529085
"p1170": 0.002647518727384601
"p1171": 0.006211413872847597
"p1172": 0.0003838619903244198
"p1173": 0.0013247002019038797
"p1174": 0.006879409003069015
"p1175": 0.010800822668932206
"p1176": 3.0106822770542726E-05
"p1177": 0.00011478226181269415
"p1178": 0.0014432458165628919
"p1179": 0.004354199243189742
"p1180": 0.00021827446508643477
"p1181": 0.0011591126766658947
"p1182": 0.006235875666348662
"p1183": 0.01307012443526186
"p1184": 4.327855773265516E-05
"p1185": 0.0002427362585875007
"p1186": 0.0002860148163201559
"p1187": 0.0013077651140954497
"p1188": 0.00023897290574118288
"p1189": 0.001558028078375586
"p1190": 0.0011685210587816896
"p1191": 0.004864133553865809
"p1192": 0
"p1193": 4.8923587002131926E-05
"p1194": 2.2580117077907045E-05
"p1195": 0.0002916598455896326
"p1196": 9.972885042742278E-05
"p1197": 0.00048735419359816025
"p1198": 0.000472300782212889
"p1199": 0.001768775837769385
"p1200": 3.951520488633733E-05
"p1201": 7.150370408003898E-05
"p1202": 0.0012400247628617286
"p1203": 0.001610715018224036
"p1204": 0.00019945770085484557
"p1205": 0.0005136976635223853
"p1206": 0.004184848365105439
"p1207": 0.005005259285602729
"p1208": 0
"p1209": 1.6935087808430282E-05
"p1210": 0.00039891540170969124
"p1211": 0.0005833196911792653
"p1212": 0.00012042729108217089
