"p1150": 0.003947757135787415
"p1151": 0.0020830158004369248
"p1152": 0.0014300740816007794
"p1153": 0.003212021654332277
"p1154": 0.0005795563383329474
"p1155": 0.001061265502661631
"p1156": 7.338538050319791E-05
"p1157": 0.00048547251717500137
"p1158": 0
"p1159": 7.5267056926356815E-06
"p1160": 0.0008730978603457391
"p1161": 0.0033098688283365405
"p1162": 0.00019004931873905094
"p1163": 0.000519342692791862
"p1164": 0.0021375844167085337
"p1165": 0.0058595403817168785
"p1166": 0.000355636843977036
"p1167": 0.0009163764180783943
"p1168": 0
"p1169": 0
"p1170": 0
"p1171": 0
"p1172": 0
"p1173": 0
"p1174": 0
"p1175": 0
"p1176": 0
"p1177": 0
"p1178": 0
"p1179": 0
"p1180": 0
"p1181": 0
"p1182": 0
"p1183": 0
"p1184": 0.0007583155985330448
"p1185": 0.002734075842849911
"p1186": 0.00019004931873905094
"p1187": 0.0016238867531861484
"p1188": 5.645029269476761E-05
"p1189": 0.0004384306065960284
"p1190": 0
"p1191": 1.1290058538953523E-05
"p1192": 0.00036504522609283053
"p1193": 0.0012701315856322713
"p1194": 5.645029269476761E-05
"p1195": 0.0003612818732465127
"p1196": 0.0008712161839225803
"p1197": 0.0029485869550900283
"p1198": 7.33853805031979E-05
"p1199": 0.0009182580945015532
"p1200": 0.0010537387969689954
"p1201": 0.0026813889030014616
"p1202": 0.000355636843977036
"p1203": 0.0004403122830191874
"p1204": 3.951520488633733E-05
"p1205": 0.00040079707813285
"p1206": 0
"p1207": 1.8816764231589203E-05
"p1208": 0.0004534840179812998
"p1209": 0.0015429746669903145
"p1210": 7.33853805031979E-05
"p1211": 0.0001486524374295547
"p1212": 0.0012381430864385696
