"p1150": 6.585867481056221E-05
"p1151": 7.33853805031979E-05
"p1152": 0.00016370584881482606
"p1153": 0
"p1154": 0.0004196138423644392
"p1155": 0.00013359902604428333
"p1156": 0
"p1157": 0
"p1158": 7.903040977267465E-05
"p1159": 3.7633528463178407E-06
"p1160": 0.0003123582862443808
"p1161": 6.774035123372113E-05
"p1162": 0.0015203945499124075
"p1163": 0.0006717584830677345
"p1164": 5.080526342529086E-05
"p1165": 0
"p1166": 0.0007470255399940913
"p1167": 0.0002803697870506791
"p1168": 0.00013359902604428335
"p1169": 0
"p1170": 0.0008674528310762624
"p1171": 0.0003123582862443808
"p1172": 0
"p1173": 0
"p1174": 0.0002333278764717061
"p1175": 1.1290058538953523E-05
"p1176": 0.0002540263171264543
"p1177": 3.3870175616860565E-05
"p1178": 0.0037257193178546616
"p1179": 0.0008411093611520374
"p1180": 1.6935087808430282E-05
"p1181": 0
"p1182": 0.003456639589342937
"p1183": 0.0006397699838740329
"p1184": 0.0017198522507672531
"p1185": 0
"p1186": 0.0038216848154357668
"p1187": 0.0010988990311248093
"p1188": 0
"p1189": 0
"p1190": 0.0005381594570234513
"p1191": 3.0106822770542726E-05
"p1192": 0.003772761228433635
"p1193": 0.00035187349113071807
"p1194": 0.011517741386155756
"p1195": 0.00702429808765225
"p1196": 0.0006886935708761647
"p1197": 1.8816764231589203E-05
"p1198": 0.007515415634096729
"p1199": 0.0023671489403339213
"p1200": 0.0013623337303670584
"p1201": 0
"p1202": 0.008143895559431806
"p1203": 0.0021131226232074672
"p1204": 0
"p1205": 0
"p1206": 0.0016878637515735516
"p1207": 0.00016935087808430283
"p1208": 0.0019494167743926414
"p1209": 9.220214473478709E-05
"p1210": 0.024126855097743684
"p1211": 0.009651118374382104
"p1212": 0.0003424651090149235
