"p1150": 0
"p1151": 0
"p1152": 0.001273894938478589
"p1153": 0
"p1154": 0.0030276173648627032
"p1155": 0.0009540099465415728
"p1156": 0
"p1157": 0
"p1158": 0.0004986442521371139
"p1159": 3.0106822770542726E-05
"p1160": 0.002419835880182372
"p1161": 0.00017687758377693853
"p1162": 0.007927502770768534
"p1163": 0.004581882090391971
"p1164": 0.0005118159870992264
"p1165": 7.5267056926356815E-06
"p1166": 0.006089104905342268
"p1167": 0.0018873214524283968
"p1168": 0.0012550781742469998
"p1169": 0
"p1170": 0.006160608609422304
"p1171": 0.0018873214524283968
"p1172": 0
"p1173": 0
"p1174": 0.001512867844219772
"p1175": 0.00016182417239166716
"p1176": 0.0017631308084999082
"p1177": 8.091208619583358E-05
"p1178": 0.019456534215463245
"p1179": 0.008320773143208747
"p1180": 0.00031612163909069865
"p1181": 0
"p1182": 0.017081858569436684
"p1183": 0.005880238822371626
"p1184": 0.0006284799253350794
"p1185": 0
"p1186": 0.0010462120912763597
"p1187": 0.0001674692016611439
"p1188": 0
"p1189": 0
"p1190": 7.338538050319791E-05
"p1191": 0
"p1192": 0.001415020670215508
"p1193": 0.00015241579027587256
"p1194": 0.004186730041528599
"p1195": 0.0025402631712645425
"p1196": 0.00019757602443168658
"p1197": 1.1290058538953523E-05
"p1198": 0.0016389401645714196
"p1199": 0.0005626212505245172
"p1200": 0.0003424651090149235
"p1201": 0
"p1202": 0.0035733035275787904
"p1203": 0.000611544837526649
"p1204": 0
"p1205": 0
"p1206": 0.00045536569440445874
"p1207": 2.2580117077907045E-05
"p1208": 0.000494880899290796
"p1209": 2.2580117077907045E-05
"p1210": 0.00840356690582774
"p1211": 0.0019362450394305288
"p1212": 5.833196911792653E-05
