"p1150": 0.00824926943912871
"p1151": 0.003912005283747395
"p1152": 0.00037445360820862513
"p1153": 0.0015749631661840164
"p1154": 4.704191057897302E-05
"p1155": 0.00016370584881482606
"p1156": 0.0008523994196909909
"p1157": 0.0022072064443654136
"p1158": 7.526705692635681E-05
"p1159": 0.000615308190372967
"p1160": 0.0008636894782299445
"p1161": 0.0030407890998248154
"p1162": 0.0001919309951622099
"p1163": 0.0005249877220613388
"p1164": 0.0025383814948413833
"p1165": 0.0058407236174852885
"p1166": 0.0007282087757625021
"p1167": 0.0011835744701669607
"p1168": 0
"p1169": 0
"p1170": 0
"p1171": 0
"p1172": 0
"p1173": 0
"p1174": 0
"p1175": 0
"p1176": 0
"p1177": 0
"p1178": 0
"p1179": 0
"p1180": 0
"p1181": 0
"p1182": 0
"p1183": 0
"p1184": 4.327855773265516E-05
"p1185": 0.00023897290574118285
"p1186": 0
"p1187": 9.972885042742278E-05
"p1188": 0.00024273625858750068
"p1189": 0.001558028078375586
"p1190": 4.8923587002131926E-05
"p1191": 0.00048735419359816035
"p1192": 0.0002860148163201559
"p1193": 0.0011685210587816899
"p1194": 2.2580117077907045E-05
"p1195": 0.000472300782212889
"p1196": 0.0013077651140954497
"p1197": 0.004864133553865809
"p1198": 0.00029165984558963265
"p1199": 0.0017687758377693849
"p1200": 0.00013359902604428335
"p1201": 0.0008015941562657
"p1202": 1.1290058538953523E-05
"p1203": 9.408382115794602E-06
"p1204": 0.0004553656944044587
"p1205": 0.0019306000101610523
"p1206": 5.080526342529085E-05
"p1207": 0.00019945770085484554
"p1208": 0.00047794581148236575
"p1209": 0.0017556041028072727
"p1210": 9.22021447347871E-05
"p1211": 0.0001580608195453493
"p1212": 0.0016201234003398305
