"p1150": 0
"p1151": 0
"p1152": 0.0023445688232560146
"p1153": 0.00032929337405281106
"p1154": 0.0006322432781813972
"p1155": 0.0017405506914220008
"p1156": 0.000472300782212889
"p1157": 0
"p1158": 2.6343469924224887E-05
"p1159": 3.0106822770542726E-05
"p1160": 0.004946927316484802
"p1161": 0.0004610107236739354
"p1162": 0.003025735688439544
"p1163": 0.005652555975169397
"p1164": 0.004346672537497106
"p1165": 4.8923587002131926E-05
"p1166": 0.0018327528361567883
"p1167": 0.0025854234054203565
"p1168": 0.004467099828579277
"p1169": 0.0001674692016611439
"p1170": 0.0016859820751503928
"p1171": 0.0028168696054689034
"p1172": 0.0013755054653291708
"p1173": 0
"p1174": 0.0001373623788906012
"p1175": 0.00016182417239166716
"p1176": 0.011201619747065053
"p1177": 0.00021639278866327584
"p1178": 0.008431792052175122
"p1179": 0.00923714956128714
"p1180": 0.01170590902847164
"p1181": 0
"p1182": 0.005494495155624047
"p1183": 0.00623963901919498
"p1184": 0.0007056286586845952
"p1185": 0.0001637058488148261
"p1186": 0.00027284308135804345
"p1187": 0.000683048541606688
"p1188": 6.774035123372114E-05
"p1189": 0
"p1190": 5.645029269476761E-06
"p1191": 0
"p1192": 0.0028243963111615395
"p1193": 0.000378216961054943
"p1194": 0.0013604520539438993
"p1195": 0.0031536896852143504
"p1196": 0.0011835744701669607
"p1197": 3.7633528463178407E-05
"p1198": 0.00045724737082761767
"p1199": 0.000878742889615216
"p1200": 0.002333278764717061
"p1201": 6.774035123372113E-05
"p1202": 0.0012851849970175427
"p1203": 0.0008015941562657001
"p1204": 0.0004158504895181214
"p1205": 0
"p1206": 3.9515204886337324E-05
"p1207": 2.2580117077907045E-05
"p1208": 0.0037031392007767553
"p1209": 4.8923587002131926E-05
"p1210": 0.004689137646512031
"p1211": 0.0021921530329801426
"p1212": 0.0038292115211284034
