"p1150": 0.006416516602971918
"p1151": 0.002929770190858439
"p1152": 3.7633528463178407E-05
"p1153": 0
"p1154": 3.010682277054273E-05
"p1155": 3.575185204001949E-05
"p1156": 0.00017875926020009746
"p1157": 0
"p1158": 0.0001486524374295547
"p1159": 0.00012607232035164766
"p1160": 1.8816764231589204E-06
"p1161": 0
"p1162": 0
"p1163": 0
"p1164": 0.0001016105268505817
"p1165": 0
"p1166": 3.7633528463178407E-05
"p1167": 3.3870175616860565E-05
"p1168": 0.0001373623788906012
"p1169": 0
"p1170": 0.0001580608195453493
"p1171": 6.0213645541085445E-05
"p1172": 0.00031612163909069865
"p1173": 0
"p1174": 0.0003725719317854662
"p1175": 0.00013736237889060122
"p1176": 4.139688130949625E-05
"p1177": 0
"p1178": 3.198849919370165E-05
"p1179": 1.3171734962112444E-05
"p1180": 0.0003424651090149235
"p1181": 0
"p1182": 0.0002220378179327526
"p1183": 3.575185204001948E-05
"p1184": 0.0013190551726344033
"p1185": 2.4461793501065963E-05
"p1186": 0.0003537551675538771
"p1187": 0.0007658423042256806
"p1188": 0.0028432130753931286
"p1189": 0.00022768284720222934
"p1190": 0.0010142235920826582
"p1191": 0.002444297673683438
"p1192": 0.00044407563586550526
"p1193": 0
"p1194": 6.209532196424438E-05
"p1195": 0.00011854561465901199
"p1196": 0.002310698647639154
"p1197": 3.387017561686057E-05
"p1198": 0.0004459573122886641
"p1199": 0.0010894906490090152
"p1200": 0.0025120380249171593
"p1201": 1.1290058538953523E-05
"p1202": 0.0009709450343500028
"p1203": 0.0014018489352533956
"p1204": 0.00465338579447201
"p1205": 8.655711546531035E-05
"p1206": 0.0030257356884395444
"p1207": 0.0033286855925681305
"p1208": 0.001576844842607175
"p1209": 0
"p1210": 0.0002690797285117256
"p1211": 0.0005456861627160869
"p1212": 0.006358184633853992
