"p1150": 0.019292828366648418
"p1151": 0.006027009583378024
"p1152": 2.6343469924224887E-05
"p1153": 0
"p1154": 7.903040977267462E-05
"p1155": 1.1290058538953523E-05
"p1156": 0
"p1157": 0
"p1158": 9.408382115794602E-06
"p1159": 0
"p1160": 3.3870175616860565E-05
"p1161": 0
"p1162": 0.00030859493339806287
"p1163": 9.220214473478709E-05
"p1164": 9.408382115794602E-06
"p1165": 0
"p1166": 0.0001298356731979655
"p1167": 3.575185204001948E-05
"p1168": 1.3171734962112444E-05
"p1169": 0
"p1170": 0.00014300740816007796
"p1171": 3.7633528463178407E-05
"p1172": 0
"p1173": 0
"p1174": 3.198849919370165E-05
"p1175": 0
"p1176": 3.198849919370164E-05
"p1177": 0
"p1178": 0.0007112736879540719
"p1179": 0.00014112573173691905
"p1180": 3.7633528463178407E-06
"p1181": 0
"p1182": 0.0006529417188361452
"p1183": 8.279376261899251E-05
"p1184": 0.0006567050716824632
"p1185": 0
"p1186": 0.0015711998133376987
"p1187": 0.0004045604309791678
"p1188": 0
"p1189": 0
"p1190": 0.00018064093662325636
"p1191": 1.1290058538953523E-05
"p1192": 0.0011365325595879877
"p1193": 7.338538050319791E-05
"p1194": 0.004491561622080344
"p1195": 0.0015881349011461288
"p1196": 0.0001749959073537796
"p1197": 0
"p1198": 0.002598595140382469
"p1199": 0.0005080526342529086
"p1200": 0.0006247165724887616
"p1201": 0
"p1202": 0.0032214300364480715
"p1203": 0.0008825062424615333
"p1204": 0
"p1205": 0
"p1206": 0.0006999836294151185
"p1207": 6.774035123372113E-05
"p1208": 0.0008091208619583357
"p1209": 3.575185204001949E-05
"p1210": 0.010469647618456233
"p1211": 0.003699375847930438
"p1212": 0.00014300740816007796
