"p1150": 0.007891750918728513
"p1151": 0.008356524995248766
"p1152": 0
"p1153": 1.3171734962112444E-05
"p1154": 5.645029269476761E-05
"p1155": 0.00012419064392848873
"p1156": 0
"p1157": 0
"p1158": 0
"p1159": 3.198849919370165E-05
"p1160": 3.7633528463178407E-05
"p1161": 3.198849919370164E-05
"p1162": 0.00046477407652025345
"p1163": 0.00034999181470755914
"p1164": 0
"p1165": 3.7633528463178407E-06
"p1166": 0.00034999181470755914
"p1167": 0.0003857436667475787
"p1168": 0
"p1169": 0
"p1170": 0
"p1171": 0
"p1172": 0
"p1173": 0
"p1174": 0
"p1175": 0
"p1176": 0
"p1177": 0
"p1178": 0
"p1179": 0
"p1180": 0
"p1181": 0
"p1182": 0
"p1183": 0
"p1184": 8.655711546531035E-05
"p1185": 0.0013510436718281046
"p1186": 0.001083845619739538
"p1187": 0.002971167072167934
"p1188": 0
"p1189": 0
"p1190": 0.00010161052685058169
"p1191": 0.0006717584830677345
"p1192": 0.00041208713667180354
"p1193": 0.0019908136557021372
"p1194": 0.0040192608398674536
"p1195": 0.011250543334067184
"p1196": 4.8923587002131926E-05
"p1197": 0.00030671325697490394
"p1198": 0.002639992021691965
"p1199": 0.0073140762568187235
"p1200": 3.7633528463178407E-06
"p1201": 0.00014300740816007796
"p1202": 0.0003857436667475786
"p1203": 0.0016144783710703536
"p1204": 0
"p1205": 0
"p1206": 1.6935087808430286E-05
"p1207": 0.00017875926020009746
"p1208": 5.833196911792653E-05
"p1209": 0.00025402631712645424
"p1210": 0.0014752343157565934
"p1211": 0.004118989690294877
"p1212": 1.8816764231589204E-06
