"p1150": 0
"p1151": 0
"p1152": 0.0009822350928889564
"p1153": 0.002862029839624718
"p1154": 0.0001580608195453493
"p1155": 0.001040567062006883
"p1156": 5.645029269476761E-05
"p1157": 0.000472300782212889
"p1158": 0
"p1159": 0
"p1160": 0.0019663518622010717
"p1161": 0.0069057524729932394
"p1162": 0.0009502465936952548
"p1163": 0.004028669221983248
"p1164": 0.001198627881552232
"p1165": 0.005562235506857769
"p1166": 0.0004403122830191873
"p1167": 0.0014752343157565936
"p1168": 0.0021545195045169644
"p1169": 0.005131331605954375
"p1170": 0.00037257193178546626
"p1171": 0.0013510436718281046
"p1172": 0.0002991865512822683
"p1173": 0.0013755054653291708
"p1174": 0
"p1175": 0
"p1176": 0.00608345987607279
"p1177": 0.01445691995912999
"p1178": 0.0029241251615889623
"p1179": 0.0041227530431411944
"p1180": 0.005567880536127245
"p1181": 0.01362898233294006
"p1182": 0.0015787265190303343
"p1183": 0.0015937799304156055
"p1184": 0.0002333278764717061
"p1185": 0.0009389565351563013
"p1186": 3.198849919370165E-05
"p1187": 0.0005983731025645366
"p1188": 5.645029269476761E-06
"p1189": 6.774035123372114E-05
"p1190": 0
"p1191": 0
"p1192": 0.0010480937676995187
"p1193": 0.0038706084024378996
"p1194": 0.00026907972851172564
"p1195": 0.0025270914363024304
"p1196": 0.0002897781691664738
"p1197": 0.0015392113141439968
"p1198": 5.833196911792653E-05
"p1199": 0.0006472966895666686
"p1200": 0.001317173496211244
"p1201": 0.002600476816805628
"p1202": 0.0002220378179327526
"p1203": 0.0003180033155138575
"p1204": 6.209532196424438E-05
"p1205": 0.0004158504895181214
"p1206": 0
"p1207": 0
"p1208": 0.0031762698022922576
"p1209": 0.004429466300116099
"p1210": 0.0015241579027587254
"p1211": 0.0009050863595394406
"p1212": 0.0020547906540895407
