"p1150": 0
"p1151": 0
"p1152": 0.00036316354966967155
"p1153": 0.0014451274929860507
"p1154": 0.002032210537011634
"p1155": 0.005607395741013582
"p1156": 0
"p1157": 0.0005306327513308156
"p1158": 0.00014488908458323686
"p1159": 0.0008486360668446729
"p1160": 9.032046831162818E-05
"p1161": 0.0008448727139983552
"p1162": 0.0007733690099183162
"p1163": 0.003565776821886154
"p1164": 0.0002559079935496131
"p1165": 0.0013322269075965155
"p1166": 0.002314462000485472
"p1167": 0.007682884835757873
"p1168": 0.0003612818732465127
"p1169": 0.0009107313888089173
"p1170": 0.005406056363735579
"p1171": 0.008484478992023573
"p1172": 0
"p1173": 0.00028789649274331484
"p1174": 0.00037069025536230727
"p1175": 0.001723615603613571
"p1176": 0.0001373623788906012
"p1177": 0.000777132362764634
"p1178": 0.0036749140544293716
"p1179": 0.009295481530405068
"p1180": 0.0002784881106275202
"p1181": 0.0012249713514764571
"p1182": 0.008301956378977156
"p1183": 0.016391283322137358
"p1184": 0.00022580117077907044
"p1185": 0.0010782005904700612
"p1186": 0.0009634183286573673
"p1187": 0.003874371755284217
"p1188": 0
"p1189": 0.00020322105370116337
"p1190": 2.4461793501065963E-05
"p1191": 0.00016558752523798497
"p1192": 2.0698440654748124E-05
"p1193": 0.00039327037244021434
"p1194": 0.00023897290574118288
"p1195": 0.0013134101433649264
"p1196": 0.00013548070246744226
"p1197": 0.0006736401594908933
"p1198": 0.0007150370408003897
"p1199": 0.00284133139896997
"p1200": 0.00018252261304641527
"p1201": 0.0002991865512822683
"p1202": 0.0031555713616375097
"p1203": 0.0034001892966481688
"p1204": 0
"p1205": 0.00013548070246744223
"p1206": 0.00011290058538953522
"p1207": 0.0007620789513793627
"p1208": 3.575185204001949E-05
"p1209": 0.00011666393823585305
"p1210": 0.0015298029320282023
"p1211": 0.0018365161890031062
"p1212": 0.000141125731736919
