"p1150": 7.5267056926356815E-06
"p1151": 0
"p1152": 0.0002051027301243223
"p1153": 0
"p1154": 0.0031706247730227803
"p1155": 0.0007112736879540719
"p1156": 0.0013867955238681244
"p1157": 0
"p1158": 0.005470033362122981
"p1159": 0.001674692016611439
"p1160": 0.0006040181318340134
"p1161": 1.3171734962112442E-05
"p1162": 0.007366763196667174
"p1163": 0.002939178572974234
"p1164": 0.0010556204733921542
"p1165": 6.774035123372114E-05
"p1166": 0.015738341603301214
"p1167": 0.0062132955492707545
"p1168": 0
"p1169": 0
"p1170": 2.6343469924224887E-05
"p1171": 7.5267056926356815E-06
"p1172": 1.8816764231589204E-06
"p1173": 0
"p1174": 7.33853805031979E-05
"p1175": 1.3171734962112444E-05
"p1176": 1.8816764231589204E-06
"p1177": 0
"p1178": 0.00013548070246744226
"p1179": 3.7633528463178407E-06
"p1180": 1.8816764231589204E-06
"p1181": 0
"p1182": 0.00036504522609283053
"p1183": 1.1290058538953523E-05
"p1184": 0.0001580608195453493
"p1185": 0
"p1186": 0.0006190715432192848
"p1187": 0.00011478226181269415
"p1188": 0.001979523597163184
"p1189": 0
"p1190": 0.003979745634981117
"p1191": 0.0006755218359140524
"p1192": 0.0008655711546531033
"p1193": 6.209532196424438E-05
"p1194": 0.0040625393976001095
"p1195": 0.0020961875353990374
"p1196": 0.002892136662395261
"p1197": 0.00035375516755387705
"p1198": 0.01379268818175489
"p1199": 0.007795785421147408
"p1200": 3.7633528463178407E-06
"p1201": 0
"p1202": 0.00224860332567491
"p1203": 0.0003782169610549429
"p1204": 0.0008204109204972892
"p1205": 0
"p1206": 0.00740816007797667
"p1207": 0.0012682499092091122
"p1208": 0.00024461793501065964
"p1209": 0
"p1210": 0.006045826347609613
"p1211": 0.0019117832459294632
"p1212": 0.0008072391855351768
