"p1150": 0.0035431967048082467
"p1151": 0.0015147495206429308
"p1152": 0.0007846590684572699
"p1153": 0.0017781842198851797
"p1154": 7.526705692635681E-05
"p1155": 0.000615308190372967
"p1156": 8.467543904215143E-05
"p1157": 0.0005306327513308156
"p1158": 0
"p1159": 0
"p1160": 0.00212629435816958
"p1161": 0.006297970988312907
"p1162": 0.0007639606278025217
"p1163": 0.001556146401952427
"p1164": 0.0018176994247715169
"p1165": 0.004638332383086739
"p1166": 0.0002408545821643418
"p1167": 0.000423377195210757
"p1168": 0
"p1169": 0
"p1170": 0
"p1171": 0
"p1172": 0
"p1173": 0
"p1174": 0
"p1175": 0
"p1176": 0
"p1177": 0
"p1178": 0
"p1179": 0
"p1180": 0
"p1181": 0
"p1182": 0
"p1183": 0
"p1184": 0.00022580117077907044
"p1185": 0.0014112573173691904
"p1186": 4.8923587002131926E-05
"p1187": 0.00048735419359816035
"p1188": 1.6935087808430286E-05
"p1189": 0.00014677076100639582
"p1190": 0
"p1191": 0
"p1192": 0.0011214791482027163
"p1193": 0.003972218929288482
"p1194": 0.0002464996114338186
"p1195": 0.0019588251565084364
"p1196": 0.0005400411334466101
"p1197": 0.0023991374395276235
"p1198": 7.714873334951572E-05
"p1199": 0.0004158504895181214
"p1200": 0.0004384306065960284
"p1201": 0.001727378956459889
"p1202": 5.080526342529085E-05
"p1203": 0.00019945770085484554
"p1204": 1.6935087808430286E-05
"p1205": 0.00021451111224011693
"p1206": 0
"p1207": 0
"p1208": 0.0014677076100639576
"p1209": 0.0040681844268695855
"p1210": 0.00042525887163391606
"p1211": 0.0005870830440255832
"p1212": 0.0007470255399940913
