"p1150": 0.0002559079935496132
"p1151": 0.0006247165724887615
"p1152": 0
"p1153": 1.8816764231589204E-06
"p1154": 2.2580117077907045E-05
"p1155": 0.0001204272910821709
"p1156": 5.456861627160869E-05
"p1157": 0.0002352095528948651
"p1158": 0.00017123255450746173
"p1159": 0.0004083237838254857
"p1160": 3.9515204886337324E-05
"p1161": 5.833196911792653E-05
"p1162": 0.00037633528463178407
"p1163": 0.00026907972851172564
"p1164": 0.0003104766098212219
"p1165": 0.0003274116976296521
"p1166": 0.0009615366522342082
"p1167": 0.00099352515142791
"p1168": 0
"p1169": 1.8816764231589204E-06
"p1170": 0.0001900493187390509
"p1171": 0.00038009863747810193
"p1172": 5.456861627160869E-05
"p1173": 0.0001825226130464153
"p1174": 0.0004628924000970944
"p1175": 0.0009013230066931227
"p1176": 3.387017561686057E-05
"p1177": 5.2686939848449775E-05
"p1178": 0.000985998445735274
"p1179": 0.0007489072164172503
"p1180": 0.0001844042894695742
"p1181": 0.000212629435816958
"p1182": 0.0027886444591215206
"p1183": 0.0024160725273360537
"p1184": 1.6935087808430282E-05
"p1185": 0.0001561791431221904
"p1186": 0.00024085458216434178
"p1187": 0.001537329637720838
"p1188": 0.00023332787647170614
"p1189": 0.0024104274980665773
"p1190": 0.0012362614100154107
"p1191": 0.0037934596690883835
"p1192": 0.0001016105268505817
"p1193": 0.0010123419156594991
"p1194": 0.0011948645287059145
"p1195": 0.005897173910180057
"p1196": 0.0006247165724887616
"p1197": 0.003140517950252238
"p1198": 0.0039345854008253035
"p1199": 0.013551833599590548
"p1200": 3.3870175616860565E-05
"p1201": 0.0002069844065474812
"p1202": 0.0010518571205458366
"p1203": 0.0032891703876817926
"p1204": 0.00030671325697490405
"p1205": 0.0016144783710703536
"p1206": 0.0033813725324165797
"p1207": 0.007985834739886457
"p1208": 0.00011854561465901199
"p1209": 0.0006322432781813972
"p1210": 0.0038517916382063114
"p1211": 0.009496820907683076
"p1212": 0.0004704191057897301
