"p1150": 0
"p1151": 0
"p1152": 0.0001712325545074617
"p1153": 0.0003744536082086251
"p1154": 3.0106822770542726E-05
"p1155": 0.00011854561465901197
"p1156": 9.408382115794602E-06
"p1157": 7.33853805031979E-05
"p1158": 0
"p1159": 0
"p1160": 0.0006792851887603702
"p1161": 0.0006868118944530059
"p1162": 0.0003180033155138575
"p1163": 0.0005720296326403118
"p1164": 0.00033682007974544673
"p1165": 0.0004835908407518425
"p1166": 0.0001204272910821709
"p1167": 0.0001392440553137601
"p1168": 0.00042525887163391606
"p1169": 0.0007112736879540721
"p1170": 2.2580117077907045E-05
"p1171": 8.843879188846925E-05
"p1172": 3.198849919370165E-05
"p1173": 0.00021262943581695803
"p1174": 0
"p1175": 0
"p1176": 0.001669046987341962
"p1177": 0.0015937799304156057
"p1178": 0.0007827773920341108
"p1179": 0.00045536569440445874
"p1180": 0.001458299227948163
"p1181": 0.001977641920740025
"p1182": 0.00046289240009709436
"p1183": 8.655711546531033E-05
"p1184": 0.0010970173547016505
"p1185": 0.0036730323780062124
"p1186": 0.00017311423093062066
"p1187": 0.0014432458165628919
"p1188": 5.645029269476761E-05
"p1189": 0.0005118159870992264
"p1190": 0
"p1191": 0
"p1192": 0.002830041340431016
"p1193": 0.010362392062336176
"p1194": 0.0010819639433163792
"p1195": 0.006360066310277151
"p1196": 0.0014376007872934154
"p1197": 0.006965966118534324
"p1198": 0.0004534840179812998
"p1199": 0.0020529089776663827
"p1200": 0.002702087343656209
"p1201": 0.0066968863900225975
"p1202": 0.00047982748790552474
"p1203": 0.0014451274929860507
"p1204": 0.0003161216390906986
"p1205": 0.0015410929905671556
"p1206": 0
"p1207": 0
"p1208": 0.007694174894296827
"p1209": 0.01729825135809996
"p1210": 0.0036090553796188094
"p1211": 0.004713599440013096
"p1212": 0.006578340775363586
