"p1150": 3.7633528463178407E-06
"p1151": 0
"p1152": 0.0006190715432192849
"p1153": 4.139688130949625E-05
"p1154": 0.00019945770085484554
"p1155": 0.000333056726899129
"p1156": 0.0002051027301243223
"p1157": 0
"p1158": 2.0698440654748124E-05
"p1159": 1.1290058538953523E-05
"p1160": 0.001559909754798745
"p1161": 2.6343469924224884E-05
"p1162": 0.0019663518622010717
"p1163": 0.0009596549758110494
"p1164": 0.0018534512768115362
"p1165": 3.7633528463178407E-06
"p1166": 0.0015241579027587254
"p1167": 0.0006981019529919595
"p1168": 3.7633528463178407E-05
"p1169": 0
"p1170": 2.0698440654748124E-05
"p1171": 1.8816764231589204E-06
"p1172": 7.5267056926356815E-06
"p1173": 0
"p1174": 0
"p1175": 0
"p1176": 6.021364554108545E-05
"p1177": 0
"p1178": 0.0001373623788906012
"p1179": 9.408382115794602E-06
"p1180": 5.4568616271608685E-05
"p1181": 0
"p1182": 4.139688130949625E-05
"p1183": 0
"p1184": 0.005586697300358834
"p1185": 0.0007357354814551379
"p1186": 0.0019663518622010717
"p1187": 0.004248825363492843
"p1188": 0.001465825933640799
"p1189": 0
"p1190": 0.0001373623788906012
"p1191": 0.00016182417239166716
"p1192": 0.01669799657911226
"p1193": 0.0012437881157080462
"p1194": 0.010988990311248097
"p1195": 0.01679584375311653
"p1196": 0.013694841007750622
"p1197": 9.784717400426385E-05
"p1198": 0.006122975080959128
"p1199": 0.008260559497667661
"p1200": 0.003789696316242066
"p1201": 3.3870175616860565E-05
"p1202": 0.0015241579027587256
"p1203": 0.001319055172634403
"p1204": 0.0006679951302214168
"p1205": 0
"p1206": 4.139688130949625E-05
"p1207": 4.139688130949625E-05
"p1208": 0.00632619613466029
"p1209": 1.8816764231589203E-05
"p1210": 0.006122975080959128
"p1211": 0.004896122053059511
"p1212": 0.006629146038788878
