"p1150": 3.7633528463178407E-06
"p1151": 0
"p1152": 0.00033493840332228785
"p1153": 0
"p1154": 0.00012230896750532982
"p1155": 0.00013548070246744226
"p1156": 0.0008128842148046535
"p1157": 4.139688130949625E-05
"p1158": 0.00022015614150959365
"p1159": 0.00034434678543808245
"p1160": 0.0006849302180298469
"p1161": 5.645029269476761E-06
"p1162": 0.0007489072164172503
"p1163": 0.0004346672537497105
"p1164": 0.0022147331500580493
"p1165": 2.4461793501065966E-05
"p1166": 0.0023464504996791734
"p1167": 0.0009558916229647315
"p1168": 1.1290058538953523E-05
"p1169": 0
"p1170": 5.645029269476761E-06
"p1171": 0
"p1172": 4.516023415581409E-05
"p1173": 0
"p1174": 2.0698440654748124E-05
"p1175": 1.8816764231589204E-06
"p1176": 1.8816764231589203E-05
"p1177": 0
"p1178": 2.6343469924224887E-05
"p1179": 0
"p1180": 8.467543904215141E-05
"p1181": 0
"p1182": 0.0001467707610063958
"p1183": 9.408382115794602E-06
"p1184": 0.0030784226282879936
"p1185": 0
"p1186": 0.0006962202765688005
"p1187": 0.0013077651140954495
"p1188": 0.006798496916873179
"p1189": 0.0007357354814551379
"p1190": 0.002098069211822196
"p1191": 0.004399359477345556
"p1192": 0.007528587369058842
"p1193": 0.00023709122931802397
"p1194": 0.004094527896793811
"p1195": 0.006546352276169884
"p1196": 0.01889391296493872
"p1197": 0.0011045440603942862
"p1198": 0.01094383007709228
"p1199": 0.016114676887932992
"p1200": 0.0014620625807944812
"p1201": 0
"p1202": 0.0002954231984359505
"p1203": 0.00029542319843595046
"p1204": 0.0044407563586550515
"p1205": 3.3870175616860565E-05
"p1206": 0.0015655547840682218
"p1207": 0.0013604520539438993
"p1208": 0.002839449722546811
"p1209": 5.645029269476761E-06
"p1210": 0.0021902713565569833
"p1211": 0.001891084805274715
"p1212": 0.0088175357189227
