"p1150": 0.014123863232230856
"p1151": 0.00388566181382317
"p1152": 1.3171734962112444E-05
"p1153": 0
"p1154": 0.00014300740816007796
"p1155": 3.7633528463178407E-05
"p1156": 0
"p1157": 0
"p1158": 3.198849919370165E-05
"p1159": 0
"p1160": 3.198849919370164E-05
"p1161": 0
"p1162": 0.0007112736879540719
"p1163": 0.00014112573173691905
"p1164": 3.7633528463178407E-06
"p1165": 0
"p1166": 0.0006529417188361452
"p1167": 8.279376261899251E-05
"p1168": 0
"p1169": 0
"p1170": 0
"p1171": 0
"p1172": 0
"p1173": 0
"p1174": 0
"p1175": 0
"p1176": 0
"p1177": 0
"p1178": 0
"p1179": 0
"p1180": 0
"p1181": 0
"p1182": 0
"p1183": 0
"p1184": 0.0012212079986301393
"p1185": 0
"p1186": 0.0033813725324165793
"p1187": 0.0009126130652320763
"p1188": 0
"p1189": 0
"p1190": 0.0007056286586845951
"p1191": 6.774035123372113E-05
"p1192": 0.001836516189003106
"p1193": 0.00010913723254321738
"p1194": 0.011734134174819028
"p1195": 0.004267642127724432
"p1196": 0.00030671325697490394
"p1197": 0
"p1198": 0.007805193803263203
"p1199": 0.0022994085891002002
"p1200": 0.00011478226181269414
"p1201": 0
"p1202": 0.0017800658963083387
"p1203": 0.0002521446407032953
"p1204": 0
"p1205": 0
"p1206": 0.00018440428946957422
"p1207": 1.1290058538953523E-05
"p1208": 0.00022580117077907044
"p1209": 0
"p1210": 0.004527313474120363
"p1211": 0.001375505465329171
"p1212": 2.0698440654748124E-05
