"p1150": 0.005112514841722787
"p1151": 0.005558472154011451
"p1152": 1.8816764231589203E-05
"p1153": 0.00023520955289486504
"p1154": 0.000903204683116282
"p1155": 0.0026550454330772372
"p1156": 0.00017875926020009743
"p1157": 0.00059272807329506
"p1158": 0.0021752179451717123
"p1159": 0.004113344661025401
"p1160": 1.8816764231589204E-06
"p1161": 4.139688130949625E-05
"p1162": 0.0004440756358655052
"p1163": 0.0015768448426071754
"p1164": 6.021364554108546E-05
"p1165": 0.0005833196911792653
"p1166": 0.0018064093662325635
"p1167": 0.00495069066933112
"p1168": 0
"p1169": 0
"p1170": 0
"p1171": 0
"p1172": 0
"p1173": 0
"p1174": 0
"p1175": 0
"p1176": 0
"p1177": 0
"p1178": 0
"p1179": 0
"p1180": 0
"p1181": 0
"p1182": 0
"p1183": 0
"p1184": 1.3171734962112444E-05
"p1185": 0.00023897290574118285
"p1186": 0.0002483812878569775
"p1187": 0.0010800822668932204
"p1188": 0.00019193099516220987
"p1189": 0.0010066968863900224
"p1190": 0.001234379733592252
"p1191": 0.004032432574829567
"p1192": 0
"p1193": 3.198849919370165E-05
"p1194": 6.209532196424438E-05
"p1195": 0.0002690797285117256
"p1196": 1.5053411385271363E-05
"p1197": 0.0005983731025645366
"p1198": 0.0007300904521856611
"p1199": 0.0024066641452202588
"p1200": 9.408382115794602E-06
"p1201": 5.268693984844977E-05
"p1202": 0.0005005259285602728
"p1203": 0.0016201234003398305
"p1204": 8.467543904215141E-05
"p1205": 0.00022956452362538827
"p1206": 0.001717970574344094
"p1207": 0.003927058695132667
"p1208": 0
"p1209": 1.3171734962112444E-05
"p1210": 0.00011854561465901199
"p1211": 0.0005456861627160869
"p1212": 5.645029269476761E-06
