"p1150": 0.0001862859658927331
"p1151": 0.000543804486292928
"p1152": 9.596549758110493E-05
"p1153": 0
"p1154": 2.4461793501065966E-05
"p1155": 2.4461793501065963E-05
"p1156": 0.0003913886960170554
"p1157": 5.2686939848449775E-05
"p1158": 0.00012795399677480656
"p1159": 0.00020510273012432228
"p1160": 0.00022768284720222934
"p1161": 5.645029269476761E-06
"p1162": 0.00025214464070329526
"p1163": 0.0002784881106275202
"p1164": 0.0008392276847288785
"p1165": 4.139688130949625E-05
"p1166": 0.0006962202765688005
"p1167": 0.0008072391855351769
"p1168": 0.00034622846186124133
"p1169": 0
"p1170": 0.00012795399677480656
"p1171": 0.00013548070246744226
"p1172": 0.0008580444489604676
"p1173": 4.139688130949625E-05
"p1174": 0.00024085458216434178
"p1175": 0.00034434678543808245
"p1176": 0.0007037469822614361
"p1177": 5.645029269476761E-06
"p1178": 0.0007752506863414751
"p1179": 0.0004346672537497105
"p1180": 0.0022655384134833397
"p1181": 2.4461793501065966E-05
"p1182": 0.0024875762314160925
"p1183": 0.0009558916229647315
"p1184": 0.0013303452311733566
"p1185": 0
"p1186": 0.0002521446407032953
"p1187": 0.0004534840179812998
"p1188": 0.0034265327665723936
"p1189": 0.0004704191057897301
"p1190": 0.0007752506863414752
"p1191": 0.0022824735012917704
"p1192": 0.003471693000728208
"p1193": 0.00016182417239166716
"p1194": 0.0018082910426557228
"p1195": 0.0032440101535259796
"p1196": 0.007978308034193823
"p1197": 0.0007526705692635681
"p1198": 0.004000444075635865
"p1199": 0.007921857741499056
"p1200": 0.002976812101437412
"p1201": 0
"p1202": 0.0006962202765688006
"p1203": 0.0011045440603942862
"p1204": 0.007076985027500699
"p1205": 0.00020133937727800444
"p1206": 0.002487576231416092
"p1207": 0.003274116976296521
"p1208": 0.006311142723275019
"p1209": 5.833196911792653E-05
"p1210": 0.0040004440756358645
"p1211": 0.004563065326160382
"p1212": 0.01711196539220722
