"p1150": 0
"p1151": 3.7633528463178407E-06
"p1152": 0.0008956779774236462
"p1153": 0.0009728267107731619
"p1154": 0.00039515204886337327
"p1155": 0.00035375516755387705
"p1156": 3.0106822770542726E-05
"p1157": 0.00023709122931802392
"p1158": 0
"p1159": 0
"p1160": 0.000829819302613084
"p1161": 0.0007752506863414753
"p1162": 0.00038762534317073765
"p1163": 0.00011666393823585305
"p1164": 0.001765012484923067
"p1165": 0.00219591638582646
"p1166": 0.0005287510749076565
"p1167": 0.00011290058538953522
"p1168": 7.150370408003898E-05
"p1169": 5.8331969117926534E-05
"p1170": 2.8225146347383808E-05
"p1171": 9.408382115794602E-06
"p1172": 0
"p1173": 1.1290058538953523E-05
"p1174": 0
"p1175": 0
"p1176": 2.0698440654748124E-05
"p1177": 1.3171734962112442E-05
"p1178": 5.645029269476761E-06
"p1179": 0
"p1180": 6.021364554108545E-05
"p1181": 6.962202765688006E-05
"p1182": 5.645029269476761E-06
"p1183": 1.8816764231589204E-06
"p1184": 0.005279984043383931
"p1185": 0.012579006888817386
"p1186": 0.0027114957257720037
"p1187": 0.00794820121142328
"p1188": 0.00041773216594128033
"p1189": 0.0023502138525254915
"p1190": 0
"p1191": 5.645029269476761E-05
"p1192": 0.003144281303098556
"p1193": 0.00998605677770439
"p1194": 0.0010255136506216117
"p1195": 0.00296175869005214
"p1196": 0.007340419726742949
"p1197": 0.01924390477964628
"p1198": 0.002075489094744289
"p1199": 0.0057616932077126145
"p1200": 0.002459351085068709
"p1201": 0.005688307827209416
"p1202": 0.0010575021498153132
"p1203": 0.0013623337303670586
"p1204": 0.0001825226130464153
"p1205": 0.0012927117027101782
"p1206": 0
"p1207": 7.903040977267465E-05
"p1208": 0.0014263107287544616
"p1209": 0.0036692690251598947
"p1210": 0.0005870830440255832
"p1211": 0.0006171898667961258
"p1212": 0.003808513080473655
