"p1150": 0.01605258156596875
"p1151": 0.004209310158606505
"p1152": 2.634346992422488E-05
"p1153": 0
"p1154": 0.0004911175464444781
"p1155": 8.843879188846926E-05
"p1156": 0
"p1157": 0
"p1158": 4.327855773265516E-05
"p1159": 0
"p1160": 5.645029269476761E-06
"p1161": 0
"p1162": 0.0002747247577812024
"p1163": 5.456861627160868E-05
"p1164": 1.6935087808430286E-05
"p1165": 0
"p1166": 0.0008241742733436072
"p1167": 6.209532196424438E-05
"p1168": 0
"p1169": 0
"p1170": 0
"p1171": 0
"p1172": 0
"p1173": 0
"p1174": 0
"p1175": 0
"p1176": 0
"p1177": 0
"p1178": 0
"p1179": 0
"p1180": 0
"p1181": 0
"p1182": 0
"p1183": 0
"p1184": 0.0011515859709732594
"p1185": 9.784717400426387E-05
"p1186": 0.006967847794957482
"p1187": 0.0029862204835532065
"p1188": 0.00027096140493488457
"p1189": 0
"p1190": 0.0008486360668446731
"p1191": 8.655711546531033E-05
"p1192": 0.0005889647204487421
"p1193": 1.1290058538953523E-05
"p1194": 0.005010904314872206
"p1195": 0.0014319557580239383
"p1196": 0.0012569598506701589
"p1197": 0
"p1198": 0.009986056777704392
"p1199": 0.0026757438737319856
"p1200": 9.408382115794602E-05
"p1201": 0
"p1202": 0.0029391785729742334
"p1203": 0.0010480937676995187
"p1204": 5.645029269476761E-05
"p1205": 0
"p1206": 0.0003838619903244198
"p1207": 2.6343469924224887E-05
"p1208": 9.22021447347871E-05
"p1209": 0
"p1210": 0.0016916271044198693
"p1211": 0.00034622846186124133
"p1212": 0.00011854561465901199
