"p1150": 0
"p1151": 0
"p1152": 0.0001768775837769385
"p1153": 0.001415020670215508
"p1154": 0.0010499754441226777
"p1155": 0.002609885198921423
"p1156": 0
"p1157": 0
"p1158": 5.645029269476761E-05
"p1159": 0.000472300782212889
"p1160": 0.0004873541935981604
"p1161": 0.002585423405420357
"p1162": 0.0027284308135804352
"p1163": 0.008902211157964851
"p1164": 9.596549758110493E-05
"p1165": 0.0005080526342529085
"p1166": 0.001541092990567156
"p1167": 0.0061963604614623255
"p1168": 0.00022956452362538827
"p1169": 0.0013228185254807211
"p1170": 0.0024668777907613446
"p1171": 0.005155793399455441
"p1172": 0
"p1173": 0
"p1174": 0.0002991865512822683
"p1175": 0.0013755054653291708
"p1176": 0.0005212243692150209
"p1177": 0.0018214627776178347
"p1178": 0.008621841370914176
"p1179": 0.01707433186374405
"p1180": 0.00010537387969689954
"p1181": 0.00031612163909069865
"p1182": 0.006973492824226959
"p1183": 0.014808793450260701
"p1184": 7.150370408003898E-05
"p1185": 0.0007131553643772309
"p1186": 0.00024838128785697745
"p1187": 0.0007865407448804287
"p1188": 0
"p1189": 0
"p1190": 5.645029269476761E-06
"p1191": 6.774035123372114E-05
"p1192": 0.0002464996114338186
"p1193": 0.001601306636108241
"p1194": 0.0011967462051290735
"p1195": 0.005146385017339647
"p1196": 3.575185204001948E-05
"p1197": 0.0002088660829706401
"p1198": 0.0003405834325917646
"p1199": 0.0017951193076936101
"p1200": 0.00011478226181269414
"p1201": 0.0003424651090149235
"p1202": 0.0014601809043713221
"p1203": 0.00257977837615088
"p1204": 0
"p1205": 0
"p1206": 6.209532196424438E-05
"p1207": 0.0004158504895181214
"p1208": 0.0002690797285117256
"p1209": 0.0005174610163687029
"p1210": 0.004504733357042456
"p1211": 0.0049676257571395505
"p1212": 2.0698440654748124E-05
