"p1150": 4.516023415581409E-05
"p1151": 2.2580117077907045E-05
"p1152": 0.00021827446508643477
"p1153": 5.645029269476761E-06
"p1154": 0.00023897290574118285
"p1155": 0.00026531637566540783
"p1156": 0.000779014039187793
"p1157": 5.833196911792653E-05
"p1158": 0.0006679951302214167
"p1159": 0.0007545522456867271
"p1160": 3.387017561686057E-05
"p1161": 0
"p1162": 1.6935087808430282E-05
"p1163": 2.2580117077907045E-05
"p1164": 0.0004873541935981604
"p1165": 0
"p1166": 0.00022015614150959367
"p1167": 0.00017123255450746173
"p1168": 0.0006755218359140524
"p1169": 5.645029269476761E-06
"p1170": 0.0006585867481056222
"p1171": 0.00036692690251598946
"p1172": 0.0013999672588302365
"p1173": 4.139688130949625E-05
"p1174": 0.0018176994247715169
"p1175": 0.0006981019529919596
"p1176": 0.0003292933740528111
"p1177": 0
"p1178": 0.0002784881106275202
"p1179": 0.00010349220327374062
"p1180": 0.0017537224263841137
"p1181": 0
"p1182": 0.00132470020190388
"p1183": 0.00031423996266753966
"p1184": 0.0029504686315131876
"p1185": 0.00016182417239166716
"p1186": 0.0014639442572176398
"p1187": 0.002867674868894195
"p1188": 0.006504955394860387
"p1189": 0.0009972885042742277
"p1190": 0.003392662590955533
"p1191": 0.00725198093485448
"p1192": 0.0010330403563142472
"p1193": 0
"p1194": 0.0004196138423644392
"p1195": 0.0005231060456381799
"p1196": 0.005678899445093622
"p1197": 3.387017561686057E-05
"p1198": 0.00141125731736919
"p1199": 0.00306713256974904
"p1200": 0.004839671760364744
"p1201": 5.833196911792653E-05
"p1202": 0.002926006838012121
"p1203": 0.0034961547942292744
"p1204": 0.009839286016697996
"p1205": 0.00030294990412858613
"p1206": 0.008516467491217273
"p1207": 0.007814602185378997
"p1208": 0.0035055631763450685
"p1209": 0
"p1210": 0.0013867955238681244
"p1211": 0.001593779930415605
"p1212": 0.01384161176875702
