"p1150": 0.014870888772224951
"p1151": 0.011978752109829691
"p1152": 0
"p1153": 1.8816764231589204E-06
"p1154": 4.139688130949625E-05
"p1155": 6.0213645541085445E-05
"p1156": 0
"p1157": 1.3171734962112444E-05
"p1158": 5.645029269476761E-05
"p1159": 0.00015617914312219042
"p1160": 5.645029269476761E-06
"p1161": 7.5267056926356815E-06
"p1162": 0.00022580117077907044
"p1163": 0.00014112573173691902
"p1164": 3.198849919370165E-05
"p1165": 2.634346992422488E-05
"p1166": 0.0005475678391392458
"p1167": 0.0005042892814065906
"p1168": 0
"p1169": 0
"p1170": 0
"p1171": 0
"p1172": 0
"p1173": 0
"p1174": 0
"p1175": 0
"p1176": 0
"p1177": 0
"p1178": 0
"p1179": 0
"p1180": 0
"p1181": 0
"p1182": 0
"p1183": 0
"p1184": 5.645029269476761E-06
"p1185": 0.00018628596589273313
"p1186": 0.0004647740765202533
"p1187": 0.0018346345125799472
"p1188": 9.784717400426385E-05
"p1189": 0.0015260395791818846
"p1190": 0.0011685210587816894
"p1191": 0.003541315028385088
"p1192": 3.575185204001949E-05
"p1193": 0.0005080526342529085
"p1194": 0.0013152918197880856
"p1195": 0.004461454799309801
"p1196": 0.0003857436667475787
"p1197": 0.0013642154067902172
"p1198": 0.004662794176587805
"p1199": 0.011615588560160015
"p1200": 0
"p1201": 1.8816764231589204E-06
"p1202": 9.596549758110495E-05
"p1203": 0.0007413805107246147
"p1204": 3.7633528463178407E-06
"p1205": 0.00021074775939379904
"p1206": 0.0004026787545560089
"p1207": 0.0017819475727314975
"p1208": 1.8816764231589204E-06
"p1209": 5.080526342529085E-05
"p1210": 0.00040267875455600894
"p1211": 0.0016765736930345982
"p1212": 5.833196911792653E-05
