"p1150": 3.7633528463178407E-06
"p1151": 3.7633528463178407E-06
"p1152": 3.3870175616860565E-05
"p1153": 0.0002051027301243223
"p1154": 0.0008900329481541692
"p1155": 0.0028413313989699694
"p1156": 0.0002521446407032953
"p1157": 0.0014771159921797526
"p1158": 0.0021752179451717123
"p1159": 0.0045630653261603815
"p1160": 0.00011854561465901199
"p1161": 0.0006058998082571723
"p1162": 0.0027924078119678374
"p1163": 0.006950912707149053
"p1164": 0.00040644210740232686
"p1165": 0.0010894906490090147
"p1166": 0.007665949747949441
"p1167": 0.012750239443324847
"p1168": 0
"p1169": 0
"p1170": 1.1290058538953523E-05
"p1171": 2.258011707790705E-05
"p1172": 0
"p1173": 1.8816764231589204E-06
"p1174": 2.82251463473838E-05
"p1175": 5.8331969117926534E-05
"p1176": 1.8816764231589204E-06
"p1177": 1.8816764231589204E-06
"p1178": 7.526705692635681E-05
"p1179": 6.209532196424438E-05
"p1180": 1.8816764231589204E-06
"p1181": 1.8816764231589204E-06
"p1182": 0.00019004931873905094
"p1183": 0.0001731142309306207
"p1184": 1.6935087808430282E-05
"p1185": 0.0001580608195453493
"p1186": 0.00010725555612005845
"p1187": 0.0005814380147561063
"p1188": 0.00015806081954534932
"p1189": 0.0022730651191759763
"p1190": 0.0009276664766173478
"p1191": 0.0031894415372543707
"p1192": 0.00010725555612005845
"p1193": 0.0009276664766173475
"p1194": 0.0010687922083542666
"p1195": 0.004843435113211061
"p1196": 0.0005814380147561063
"p1197": 0.0031894415372543702
"p1198": 0.004843435113211061
"p1199": 0.015405284876402085
"p1200": 0
"p1201": 3.7633528463178407E-06
"p1202": 0.0005569762212550404
"p1203": 0.0020246838313189987
"p1204": 0.000188167642315892
"p1205": 0.0009615366522342083
"p1206": 0.0023483321761023327
"p1207": 0.0059573875557211425
"p1208": 4.704191057897301E-05
"p1209": 0.00024461793501065964
"p1210": 0.002224141532173844
"p1211": 0.0052668123084218185
"p1212": 0.0002709614049348845
