"p1150": 0.006297970988312907
"p1151": 0.006281035900504479
"p1152": 5.645029269476761E-06
"p1153": 5.645029269476761E-06
"p1154": 4.8923587002131926E-05
"p1155": 4.327855773265517E-05
"p1156": 3.9515204886337324E-05
"p1157": 3.3870175616860565E-05
"p1158": 0.00016182417239166716
"p1159": 0.00021827446508643477
"p1160": 0
"p1161": 0
"p1162": 0
"p1163": 1.8816764231589204E-06
"p1164": 0
"p1165": 3.010682277054273E-05
"p1166": 4.139688130949625E-05
"p1167": 0.0001016105268505817
"p1168": 5.645029269476761E-06
"p1169": 5.645029269476761E-06
"p1170": 0.00020133937727800447
"p1171": 0.00014300740816007793
"p1172": 3.198849919370165E-05
"p1173": 2.634346992422488E-05
"p1174": 0.0004196138423644393
"p1175": 0.0003481101382844002
"p1176": 0
"p1177": 1.8816764231589204E-06
"p1178": 4.3278557732655166E-05
"p1179": 4.139688130949625E-05
"p1180": 0
"p1181": 1.5053411385271363E-05
"p1182": 0.00024273625858750077
"p1183": 0.0003424651090149235
"p1184": 1.1290058538953523E-05
"p1185": 0.0002653163756654077
"p1186": 0.000308594933398063
"p1187": 0.0016916271044198697
"p1188": 0.0001938126715853688
"p1189": 0.001085727296162697
"p1190": 0.0010650288555079492
"p1191": 0.003994799046366388
"p1192": 0
"p1193": 4.3278557732655166E-05
"p1194": 6.209532196424438E-05
"p1195": 0.0005099343106760674
"p1196": 1.8816764231589203E-05
"p1197": 0.0006077814846803312
"p1198": 0.0005343961041771334
"p1199": 0.0027058506965025276
"p1200": 1.8816764231589203E-05
"p1201": 0.00023709122931802397
"p1202": 0.0011497042945501005
"p1203": 0.003309868828336542
"p1204": 0.00019757602443168663
"p1205": 0.0006153081903729669
"p1206": 0.0033945442673786923
"p1207": 0.006540707246900409
"p1208": 1.8816764231589204E-06
"p1209": 4.139688130949625E-05
"p1210": 0.0005099343106760674
"p1211": 0.0017932376312704507
"p1212": 6.021364554108546E-05
