"p1150": 0.009065917006779679
"p1151": 0.008969951509198574
"p1152": 7.33853805031979E-05
"p1153": 0.0006472966895666685
"p1154": 0.0008335826554594017
"p1155": 0.001774420867038862
"p1156": 0
"p1157": 0
"p1158": 8.467543904215143E-05
"p1159": 0.0005306327513308156
"p1160": 0.00020886608297064017
"p1161": 0.0008335826554594016
"p1162": 0.002741602548542547
"p1163": 0.0069527943835722104
"p1164": 3.010682277054273E-05
"p1165": 0.0001373623788906012
"p1166": 0.002030328860588475
"p1167": 0.004862251877442651
"p1168": 0
"p1169": 0
"p1170": 0
"p1171": 0
"p1172": 0
"p1173": 0
"p1174": 0
"p1175": 0
"p1176": 0
"p1177": 0
"p1178": 0
"p1179": 0
"p1180": 0
"p1181": 0
"p1182": 0
"p1183": 0
"p1184": 1.3171734962112444E-05
"p1185": 0.0007244454229161844
"p1186": 0.0002747247577812024
"p1187": 0.0012174446457838214
"p1188": 0
"p1189": 0
"p1190": 1.6935087808430286E-05
"p1191": 0.00014677076100639582
"p1192": 0.00019381267158536877
"p1193": 0.0011534676473964182
"p1194": 0.0012983567319796553
"p1195": 0.004352317566766584
"p1196": 1.6935087808430286E-05
"p1197": 0.00016746920166114393
"p1198": 0.0006134265139498081
"p1199": 0.002476286172877139
"p1200": 3.7633528463178407E-06
"p1201": 0.00018252261304641527
"p1202": 0.0004892358700213193
"p1203": 0.0017367873385756836
"p1204": 0
"p1205": 0
"p1206": 1.6935087808430286E-05
"p1207": 0.00021451111224011693
"p1208": 9.032046831162818E-05
"p1209": 0.00028789649274331473
"p1210": 0.001828989483310471
"p1211": 0.004399359477345556
"p1212": 5.645029269476761E-06
