"p1150": 0.013026845877529208
"p1151": 0.00687188229737638
"p1152": 0.00013171734962112442
"p1153": 0
"p1154": 0.00013359902604428335
"p1155": 0.00012607232035164766
"p1156": 1.8816764231589203E-05
"p1157": 0
"p1158": 0
"p1159": 0
"p1160": 3.0106822770542726E-05
"p1161": 0
"p1162": 1.5053411385271363E-05
"p1163": 0
"p1164": 0.00014112573173691902
"p1165": 0
"p1166": 6.962202765688003E-05
"p1167": 6.962202765688003E-05
"p1168": 0.00023520955289486504
"p1169": 0
"p1170": 0.0002559079935496132
"p1171": 0.00011478226181269414
"p1172": 4.327855773265516E-05
"p1173": 0
"p1174": 0
"p1175": 0
"p1176": 0.00011478226181269415
"p1177": 0
"p1178": 0.00015994249596850823
"p1179": 6.0213645541085445E-05
"p1180": 0.0004647740765202533
"p1181": 0
"p1182": 0.0003594001968233538
"p1183": 7.903040977267466E-05
"p1184": 0.0022297865614433207
"p1185": 0.00014865243742955475
"p1186": 0.0009201397709247121
"p1187": 0.0022580117077907044
"p1188": 0.0003594001968233538
"p1189": 7.903040977267466E-05
"p1190": 1.6935087808430286E-05
"p1191": 6.39769983874033E-05
"p1192": 0.001211799616514345
"p1193": 1.3171734962112444E-05
"p1194": 0.0002671980520885667
"p1195": 0.0005833196911792654
"p1196": 0.003023854012016385
"p1197": 4.516023415581409E-05
"p1198": 0.0006454150131435096
"p1199": 0.0015523830491061094
"p1200": 0.0034679296478818907
"p1201": 4.704191057897301E-05
"p1202": 0.0023520955289486503
"p1203": 0.0028902549859721022
"p1204": 0.0007940674505730644
"p1205": 3.951520488633733E-05
"p1206": 3.9515204886337324E-05
"p1207": 8.655711546531033E-05
"p1208": 0.0035958836446566968
"p1209": 1.1290058538953523E-05
"p1210": 0.001422547375908144
"p1211": 0.0016859820751503928
"p1212": 0.007438266900747214
