"p1150": 0.016133493652164585
"p1151": 0.003947757135787415
"p1152": 0.0006134265139498081
"p1153": 0
"p1154": 0.002011512096356886
"p1155": 0.0007150370408003897
"p1156": 0
"p1157": 0
"p1158": 0.0005588578976781994
"p1159": 5.6450292694767617E-05
"p1160": 0.0007865407448804286
"p1161": 3.575185204001949E-05
"p1162": 0.007620789513793628
"p1163": 0.002604240169651946
"p1164": 0.0001373623788906012
"p1165": 0
"p1166": 0.0052969191311923606
"p1167": 0.0017367873385756834
"p1168": 0
"p1169": 0
"p1170": 0
"p1171": 0
"p1172": 0
"p1173": 0
"p1174": 0
"p1175": 0
"p1176": 0
"p1177": 0
"p1178": 0
"p1179": 0
"p1180": 0
"p1181": 0
"p1182": 0
"p1183": 0
"p1184": 0.0006284799253350794
"p1185": 0
"p1186": 0.001415020670215508
"p1187": 0.0001975760244316866
"p1188": 0
"p1189": 0
"p1190": 0.00015241579027587256
"p1191": 1.1290058538953523E-05
"p1192": 0.0010462120912763597
"p1193": 7.338538050319791E-05
"p1194": 0.004186730041528599
"p1195": 0.0016389401645714196
"p1196": 0.00016746920166114393
"p1197": 0
"p1198": 0.0025402631712645425
"p1199": 0.0005626212505245172
"p1200": 0.00015429746669903143
"p1201": 0
"p1202": 0.001968233538624231
"p1203": 0.0002897781691664737
"p1204": 0
"p1205": 0
"p1206": 0.00022015614150959367
"p1207": 1.1290058538953523E-05
"p1208": 0.000259671346395931
"p1209": 0
"p1210": 0.0051445033409164885
"p1211": 0.001441364140139733
"p1212": 2.6343469924224884E-05
