"p1150": 4.704191057897301E-05
"p1151": 0.00038950701959389653
"p1152": 2.2580117077907045E-05
"p1153": 0.00011666393823585307
"p1154": 0
"p1155": 5.645029269476761E-06
"p1156": 0.0001806409366232563
"p1157": 0.00044783898871182307
"p1158": 3.0106822770542726E-05
"p1159": 0.00011854561465901197
"p1160": 0.0002540263171264542
"p1161": 0.00023520955289486504
"p1162": 0.00012419064392848873
"p1163": 0.00013359902604428335
"p1164": 0.0007188003936467076
"p1165": 0.0008015941562657001
"p1166": 0.000308594933398063
"p1167": 0.0005720296326403117
"p1168": 0.00018252261304641524
"p1169": 0.00036692690251598946
"p1170": 1.8816764231589203E-05
"p1171": 3.7633528463178407E-05
"p1172": 0.00045724737082761767
"p1173": 0.0009126130652320764
"p1174": 2.2580117077907045E-05
"p1175": 8.843879188846925E-05
"p1176": 0.000686811894453006
"p1177": 0.0007188003936467076
"p1178": 0.00030671325697490405
"p1179": 0.00012983567319796552
"p1180": 0.0020340922134347928
"p1181": 0.0022843551777149296
"p1182": 0.0008166475676509716
"p1183": 0.0003706902553623073
"p1184": 0.00021074775939379907
"p1185": 0.0015185128734892487
"p1186": 3.010682277054273E-05
"p1187": 0.0002653163756654077
"p1188": 0.0011534676473964182
"p1189": 0.004173558306566485
"p1190": 0.00017311423093062066
"p1191": 0.0014432458165628919
"p1192": 0.0009446015644257781
"p1193": 0.004854725171750015
"p1194": 0.0003669269025159895
"p1195": 0.0023408054704096974
"p1196": 0.00301444562990059
"p1197": 0.010731200641275326
"p1198": 0.001106425736817445
"p1199": 0.005537773713356703
"p1200": 0.000897559653846805
"p1201": 0.0032044949486396412
"p1202": 0.00015429746669903146
"p1203": 0.0003725719317854662
"p1204": 0.003001273894938478
"p1205": 0.00797830803419382
"p1206": 0.00047982748790552474
"p1207": 0.0014451274929860507
"p1208": 0.0029109534266268493
"p1209": 0.00823233435132028
"p1210": 0.0011459409417037825
"p1211": 0.0019437717451231645
"p1212": 0.009848694398813791
