"p1150": 0.006864355591683741
"p1151": 0.002506392995647682
"p1152": 7.338538050319791E-05
"p1153": 0.0006698768066445756
"p1154": 1.1290058538953523E-05
"p1155": 9.972885042742278E-05
"p1156": 0.00039515204886337327
"p1157": 0.0014150206702155082
"p1158": 5.080526342529085E-05
"p1159": 0.0004045604309791678
"p1160": 0.0002615530228190899
"p1161": 0.0015109861677966132
"p1162": 4.327855773265517E-05
"p1163": 0.00044219395944234633
"p1164": 0.0007620789513793628
"p1165": 0.0031649797437533042
"p1166": 0.00020133937727800447
"p1167": 0.0012193263222069805
"p1168": 0.0004158504895181214
"p1169": 0.0016502302231103732
"p1170": 4.704191057897302E-05
"p1171": 0.00016370584881482606
"p1172": 0.0010010518571205455
"p1173": 0.0029354152201279157
"p1174": 0.00011290058538953522
"p1175": 0.0006228348960656027
"p1176": 0.001061265502661631
"p1177": 0.003533788322692452
"p1178": 0.0002051027301243223
"p1179": 0.000568266279793994
"p1180": 0.0033493840332228784
"p1181": 0.008044166709004385
"p1182": 0.0009032046831162818
"p1183": 0.0013378719368659924
"p1184": 3.7633528463178407E-06
"p1185": 7.714873334951573E-05
"p1186": 0
"p1187": 1.8816764231589204E-06
"p1188": 5.456861627160869E-05
"p1189": 0.0003481101382844003
"p1190": 5.645029269476761E-06
"p1191": 0.0001844042894695742
"p1192": 5.645029269476761E-05
"p1193": 0.00031423996266753977
"p1194": 7.5267056926356815E-06
"p1195": 9.220214473478711E-05
"p1196": 0.0002991865512822683
"p1197": 0.0013905588767144422
"p1198": 5.080526342529084E-05
"p1199": 0.0005607395741013583
"p1200": 5.833196911792653E-05
"p1201": 0.00015617914312219037
"p1202": 0
"p1203": 5.645029269476761E-06
"p1204": 0.00022580117077907044
"p1205": 0.0007263270993393433
"p1206": 1.1290058538953523E-05
"p1207": 5.268693984844976E-05
"p1208": 0.00023897290574118288
"p1209": 0.000447838988711823
"p1210": 5.456861627160869E-05
"p1211": 3.7633528463178407E-05
"p1212": 0.000969063357926844
