"p1150": 0.007568102573945179
"p1151": 0.00045724737082761767
"p1152": 0.0002163927886632758
"p1153": 5.645029269476761E-06
"p1154": 0.0013811504945986475
"p1155": 0.00031988499193701646
"p1156": 0.0007093920115309129
"p1157": 5.080526342529084E-05
"p1158": 0.002671980520885667
"p1159": 0.0011252425010490345
"p1160": 3.7633528463178407E-05
"p1161": 0
"p1162": 0.00045724737082761767
"p1163": 6.397699838740331E-05
"p1164": 0.000472300782212889
"p1165": 0
"p1166": 0.0022994085891002007
"p1167": 0.0004290222244802339
"p1168": 0.0002295645236253883
"p1169": 5.645029269476761E-06
"p1170": 0.003176269802292258
"p1171": 0.0010706738847774257
"p1172": 0.0005626212505245173
"p1173": 3.010682277054273E-05
"p1174": 0.006139910168767558
"p1175": 0.0025666066411887674
"p1176": 4.139688130949625E-05
"p1177": 0
"p1178": 0.001776302543462021
"p1179": 0.0004892358700213193
"p1180": 0.0005833196911792653
"p1181": 0
"p1182": 0.007167305495812329
"p1183": 0.0017160888979209357
"p1184": 5.456861627160869E-05
"p1185": 0
"p1186": 0.0002991865512822684
"p1187": 5.4568616271608685E-05
"p1188": 0.00033117505047597004
"p1189": 1.6935087808430282E-05
"p1190": 0.001319055172634403
"p1191": 0.00038009863747810193
"p1192": 5.645029269476761E-06
"p1193": 0
"p1194": 5.080526342529084E-05
"p1195": 5.645029269476761E-06
"p1196": 0.0001844042894695742
"p1197": 0
"p1198": 0.0005739113090634706
"p1199": 8.091208619583359E-05
"p1200": 1.5053411385271365E-05
"p1201": 0
"p1202": 0.0005946097497182189
"p1203": 9.22021447347871E-05
"p1204": 4.8923587002131926E-05
"p1205": 0
"p1206": 0.0023069352947928364
"p1207": 0.0004384306065960285
"p1208": 1.8816764231589204E-06
"p1209": 0
"p1210": 0.00015429746669903146
"p1211": 2.0698440654748128E-05
"p1212": 5.833196911792652E-05
