"p1150": 0.0001129005853895352
"p1151": 7.33853805031979E-05
"p1152": 0.00021074775939379904
"p1153": 6.774035123372113E-05
"p1154": 0.0012663682327859534
"p1155": 0.0005739113090634708
"p1156": 6.021364554108546E-05
"p1157": 0
"p1158": 0.00010161052685058169
"p1159": 7.5267056926356815E-06
"p1160": 5.833196911792653E-05
"p1161": 0
"p1162": 0.0002653163756654078
"p1163": 9.032046831162818E-05
"p1164": 0.00011854561465901196
"p1165": 0
"p1166": 0.001151585970973259
"p1167": 0.000284133139896997
"p1168": 0.00014677076100639576
"p1169": 3.3870175616860565E-05
"p1170": 0.002192153032980142
"p1171": 0.0004478389887118231
"p1172": 5.45686162716087E-05
"p1173": 0
"p1174": 0.0002464996114338185
"p1175": 1.5053411385271363E-05
"p1176": 6.962202765688005E-05
"p1177": 0
"p1178": 0.001879794746735761
"p1179": 0.00036692690251598946
"p1180": 7.150370408003896E-05
"p1181": 0
"p1182": 0.0043316191261118355
"p1183": 0.0004911175464444782
"p1184": 0.002212851473634891
"p1185": 0.00032553002120649325
"p1186": 0.007592564367446244
"p1187": 0.005046656166912224
"p1188": 0.0007225637464930254
"p1189": 0
"p1190": 0.0010687922083542666
"p1191": 9.032046831162817E-05
"p1192": 0.0012193263222069802
"p1193": 2.6343469924224887E-05
"p1194": 0.004120871366718036
"p1195": 0.002005867067087409
"p1196": 0.0018120543955020402
"p1197": 1.8816764231589203E-05
"p1198": 0.01008014059886234
"p1199": 0.0032233117128712303
"p1200": 0.0009972885042742277
"p1201": 7.903040977267465E-05
"p1202": 0.01293652540921758
"p1203": 0.005835078588215813
"p1204": 0.00033870175616860566
"p1205": 0
"p1206": 0.0023558588817949684
"p1207": 0.00022956452362538833
"p1208": 0.0008072391855351767
"p1209": 1.3171734962112442E-05
"p1210": 0.01211611448872029
"p1211": 0.004107699631755923
"p1212": 0.0012908300262870192
