"p1150": 0.011892194994364379
"p1151": 0.0021281760345927395
"p1152": 5.645029269476761E-06
"p1153": 0
"p1154": 6.774035123372113E-05
"p1155": 3.0106822770542722E-05
"p1156": 3.3870175616860565E-05
"p1157": 0
"p1158": 0.00032741169762965207
"p1159": 9.220214473478709E-05
"p1160": 0
"p1161": 0
"p1162": 1.8816764231589204E-06
"p1163": 0
"p1164": 3.010682277054273E-05
"p1165": 0
"p1166": 0.0001392440553137601
"p1167": 3.7633528463178407E-06
"p1168": 5.645029269476761E-06
"p1169": 0
"p1170": 0.00029542319843595046
"p1171": 5.456861627160869E-05
"p1172": 2.634346992422488E-05
"p1173": 0
"p1174": 0.0006886935708761647
"p1175": 0.0001110189089663763
"p1176": 1.8816764231589204E-06
"p1177": 0
"p1178": 7.338538050319788E-05
"p1179": 1.1290058538953523E-05
"p1180": 1.5053411385271363E-05
"p1181": 0
"p1182": 0.000564502926947676
"p1183": 2.0698440654748124E-05
"p1184": 0.000259671346395931
"p1185": 5.645029269476761E-06
"p1186": 0.0016577569288030087
"p1187": 0.0003631635496696717
"p1188": 0.0010179869449289758
"p1189": 6.774035123372114E-05
"p1190": 0.0038141581097431323
"p1191": 0.0014564175515250043
"p1192": 4.3278557732655166E-05
"p1193": 0
"p1194": 0.0005042892814065907
"p1195": 6.774035123372114E-05
"p1196": 0.0006077814846803312
"p1197": 0
"p1198": 0.0027566559599278184
"p1199": 0.0005042892814065906
"p1200": 0.00023144620004854718
"p1201": 5.645029269476761E-06
"p1202": 0.0034585212657660958
"p1203": 0.0011195974717795576
"p1204": 0.0005852013676024242
"p1205": 3.010682277054273E-05
"p1206": 0.0076151444845241525
"p1207": 0.0029165984558963266
"p1208": 4.139688130949625E-05
"p1209": 0
"p1210": 0.001842161218272583
"p1211": 0.0005042892814065906
"p1212": 0.0005983731025645366
