"p1150": 0.018662466764890175
"p1151": 0.004201783452913869
"p1152": 0.00043466725374971055
"p1153": 3.010682277054273E-05
"p1154": 0.004188611717951757
"p1155": 0.0017781842198851799
"p1156": 0.00010725555612005845
"p1157": 0
"p1158": 0.00047041910578973003
"p1159": 4.8923587002131926E-05
"p1160": 0.0003236483447833343
"p1161": 5.645029269476761E-06
"p1162": 0.0036824407601220065
"p1163": 0.00097659006361948
"p1164": 0.00059272807329506
"p1165": 0
"p1166": 0.006941504325033258
"p1167": 0.0018026460133862459
"p1168": 0
"p1169": 0
"p1170": 0
"p1171": 0
"p1172": 0
"p1173": 0
"p1174": 0
"p1175": 0
"p1176": 0
"p1177": 0
"p1178": 0
"p1179": 0
"p1180": 0
"p1181": 0
"p1182": 0
"p1183": 0
"p1184": 0.0007056286586845952
"p1185": 6.774035123372114E-05
"p1186": 0.00282439631116154
"p1187": 0.001183574470166961
"p1188": 0.0001637058488148261
"p1189": 0
"p1190": 0.000378216961054943
"p1191": 3.7633528463178407E-05
"p1192": 0.00027284308135804345
"p1193": 5.645029269476761E-06
"p1194": 0.001360452053943899
"p1195": 0.00045724737082761767
"p1196": 0.0006830485416066881
"p1197": 0
"p1198": 0.00315368968521435
"p1199": 0.0008787428896152159
"p1200": 0.00011666393823585305
"p1201": 0
"p1202": 0.003475456353574526
"p1203": 0.0010988990311248095
"p1204": 5.645029269476761E-05
"p1205": 0
"p1206": 0.00041396881309496247
"p1207": 2.6343469924224887E-05
"p1208": 0.00010349220327374062
"p1209": 0
"p1210": 0.0018214627776178347
"p1211": 0.00036316354966967166
"p1212": 0.00016370584881482606
