"p1150": 0.006792851887603703
"p1151": 0.005133213282377536
"p1152": 4.704191057897301E-05
"p1153": 0.000566384603370835
"p1154": 0.0003895070195938965
"p1155": 0.0011515859709732594
"p1156": 0
"p1157": 0
"p1158": 1.6935087808430286E-05
"p1159": 0.00016370584881482606
"p1160": 0.00017123255450746176
"p1161": 0.0009069680359625996
"p1162": 0.0008712161839225801
"p1163": 0.0034359411486881886
"p1164": 1.5053411385271363E-05
"p1165": 0.0001486524374295547
"p1166": 0.00042902222448023387
"p1167": 0.002256130031367545
"p1168": 7.33853805031979E-05
"p1169": 0.0006472966895666685
"p1170": 0.0010029335335437043
"p1171": 0.0024029007923739407
"p1172": 0
"p1173": 0
"p1174": 0.00010161052685058169
"p1175": 0.000637888307450874
"p1176": 0.00020886608297064017
"p1177": 0.0008335826554594016
"p1178": 0.003475456353574526
"p1179": 0.008288784644015043
"p1180": 3.010682277054273E-05
"p1181": 0.0001373623788906012
"p1182": 0.0025590799354961316
"p1183": 0.006608447598134128
"p1184": 1.8816764231589204E-06
"p1185": 0.00022580117077907044
"p1186": 6.021364554108545E-05
"p1187": 0.00028225146347383805
"p1188": 0
"p1189": 0
"p1190": 0
"p1191": 1.6935087808430282E-05
"p1192": 7.714873334951573E-05
"p1193": 0.000378216961054943
"p1194": 0.00032176666836017544
"p1195": 0.0014093756409460315
"p1196": 3.7633528463178407E-06
"p1197": 3.3870175616860565E-05
"p1198": 5.833196911792653E-05
"p1199": 0.00039138869601705546
"p1200": 0
"p1201": 5.268693984844976E-05
"p1202": 0.00023709122931802397
"p1203": 0.0006529417188361454
"p1204": 0
"p1205": 0
"p1206": 0
"p1207": 7.33853805031979E-05
"p1208": 5.268693984844977E-05
"p1209": 6.021364554108544E-05
"p1210": 0.0010518571205458366
"p1211": 0.0015429746669903147
"p1212": 3.7633528463178407E-06
