"p1150": 0.0013886772002912832
"p1151": 0.000874979536768898
"p1152": 0.0007620789513793628
"p1153": 0.00249322126068557
"p1154": 0.00016935087808430286
"p1155": 0.0004685374293665712
"p1156": 0.001635176811725102
"p1157": 0.0036466889080819876
"p1158": 0.0006585867481056221
"p1159": 0.0010706738847774257
"p1160": 0.0003970337252865322
"p1161": 0.0015166311970660898
"p1162": 5.080526342529084E-05
"p1163": 0.00010349220327374062
"p1164": 0.0015956616068387645
"p1165": 0.004854725171750015
"p1166": 0.00021451111224011693
"p1167": 0.0007601972749562039
"p1168": 0
"p1169": 0
"p1170": 0
"p1171": 0
"p1172": 0
"p1173": 0
"p1174": 0
"p1175": 0
"p1176": 0
"p1177": 0
"p1178": 0
"p1179": 0
"p1180": 0
"p1181": 0
"p1182": 0
"p1183": 0
"p1184": 0.0002314462000485472
"p1185": 0.0010255136506216117
"p1186": 2.2580117077907045E-05
"p1187": 0.00045912904725077655
"p1188": 0.001061265502661631
"p1189": 0.0037501811113557293
"p1190": 0.0002408545821643418
"p1191": 0.0017029171629588226
"p1192": 6.209532196424438E-05
"p1193": 0.00026343469924224885
"p1194": 0
"p1195": 5.080526342529086E-05
"p1196": 0.0006774035123372112
"p1197": 0.0023502138525254915
"p1198": 5.268693984844976E-05
"p1199": 0.0006679951302214168
"p1200": 0.00042525887163391595
"p1201": 0.0015523830491061092
"p1202": 8.655711546531033E-05
"p1203": 0.00014300740816007793
"p1204": 0.001366097083213376
"p1205": 0.003616582085311445
"p1206": 0.00041208713667180354
"p1207": 0.0005268693984844978
"p1208": 0.00011101890896637632
"p1209": 0.0005306327513308154
"p1210": 9.408382115794602E-06
"p1211": 2.2580117077907045E-05
"p1212": 0.0009013230066931229
