"p1150": 0.0004346672537497106
"p1151": 0.0005400411334466102
"p1152": 1.8816764231589204E-06
"p1153": 0
"p1154": 0.0001204272910821709
"p1155": 2.2580117077907045E-05
"p1156": 0.00020698440654748124
"p1157": 0
"p1158": 0.0005080526342529085
"p1159": 0.00015429746669903146
"p1160": 5.833196911792653E-05
"p1161": 0
"p1162": 0.00047982748790552463
"p1163": 0.00022203781793275263
"p1164": 0.000259671346395931
"p1165": 6.774035123372113E-05
"p1166": 0.001623886753186148
"p1167": 0.0006811668651835292
"p1168": 1.8816764231589204E-06
"p1169": 0
"p1170": 0.00046289240009709436
"p1171": 0.00011101890896637629
"p1172": 0.00017123255450746176
"p1173": 0
"p1174": 0.0010932540018553326
"p1175": 0.0003405834325917646
"p1176": 5.2686939848449775E-05
"p1177": 0
"p1178": 0.0014733526393334348
"p1179": 0.0003725719317854662
"p1180": 0.00017875926020009743
"p1181": 3.3870175616860565E-05
"p1182": 0.004790748173362611
"p1183": 0.0008486360668446731
"p1184": 0.0001561791431221904
"p1185": 0
"p1186": 0.0015824898718766521
"p1187": 0.0002239194943559115
"p1188": 0.002077370771167448
"p1189": 0
"p1190": 0.00444451971150137
"p1191": 0.0011628760295122127
"p1192": 0.000984116769312115
"p1193": 4.516023415581409E-05
"p1194": 0.005170846810840715
"p1195": 0.002224141532173844
"p1196": 0.0028770832510099887
"p1197": 0.00032553002120649325
"p1198": 0.011935473552097033
"p1199": 0.006664897890828895
"p1200": 0.0002069844065474812
"p1201": 0
"p1202": 0.003673032378006213
"p1203": 0.000850517743267832
"p1204": 0.0015241579027587254
"p1205": 0
"p1206": 0.009605958140226287
"p1207": 0.0022937635598307233
"p1208": 0.0006303616017582384
"p1209": 1.3171734962112442E-05
"p1210": 0.010157289332211852
"p1211": 0.00400985245775166
"p1212": 0.0011986278815522319
