"p1150": 0
"p1151": 0
"p1152": 0.003110411127481695
"p1153": 0.00039891540170969113
"p1154": 0.0020340922134347928
"p1155": 0.00414909651306542
"p1156": 0.0008486360668446729
"p1157": 0.00018252261304641527
"p1158": 6.585867481056221E-05
"p1159": 0.00013548070246744226
"p1160": 0.0020924241825527193
"p1161": 6.209532196424438E-05
"p1162": 0.0010292770034679296
"p1163": 0.0016220050767629898
"p1164": 0.005754166502019979
"p1165": 7.150370408003898E-05
"p1166": 0.0022749467955991342
"p1167": 0.0038536733146294685
"p1168": 0.005594224006051469
"p1169": 0.0001637058488148261
"p1170": 0.004847198466057379
"p1171": 0.0055170752727019545
"p1172": 0.001723615603613571
"p1173": 9.972885042742278E-05
"p1174": 0.00017123255450746176
"p1175": 0.00022203781793275263
"p1176": 0.006499310365590911
"p1177": 5.2686939848449775E-05
"p1178": 0.003543196704808247
"p1179": 0.004056894368330633
"p1180": 0.013495383306895778
"p1181": 0
"p1182": 0.006610329274557288
"p1183": 0.0074194501365156245
"p1184": 0.002105595917514832
"p1185": 0.0003594001968233538
"p1186": 0.0010970173547016505
"p1187": 0.0026211752574603763
"p1188": 0.00016558752523798497
"p1189": 7.903040977267465E-05
"p1190": 1.3171734962112444E-05
"p1191": 4.5160234155814084E-05
"p1192": 0.0007601972749562037
"p1193": 1.8816764231589203E-05
"p1194": 0.0002653163756654078
"p1195": 0.0005362777806002922
"p1196": 0.0022279048850201615
"p1197": 4.892358700213193E-05
"p1198": 0.0006717584830677346
"p1199": 0.0016163600474935127
"p1200": 0.002525209759879271
"p1201": 4.516023415581409E-05
"p1202": 0.0033700824738776263
"p1203": 0.001507222814950295
"p1204": 0.0007620789513793627
"p1205": 3.3870175616860565E-05
"p1206": 6.0213645541085445E-05
"p1207": 7.526705692635681E-05
"p1208": 0.001465825933640799
"p1209": 3.7633528463178407E-06
"p1210": 0.001497814432834501
"p1211": 0.0006943386001456417
"p1212": 0.004764404703438386
