"p1150": 0.0051143965181459465
"p1151": 0.0017687758377693849
"p1152": 0.0020641990362053357
"p1153": 1.1290058538953523E-05
"p1154": 0.000735735481455138
"p1155": 0.0011647577059353718
"p1156": 0.00289401833881842
"p1157": 8.655711546531035E-05
"p1158": 0.0019889319792789784
"p1159": 0.0022881185305612473
"p1160": 0.001373623788906012
"p1161": 0
"p1162": 0.0002521446407032953
"p1163": 0.00047982748790552474
"p1164": 0.004544248561928792
"p1165": 0
"p1166": 0.001136532559587988
"p1167": 0.0018271078068873119
"p1168": 0
"p1169": 0
"p1170": 0
"p1171": 0
"p1172": 0
"p1173": 0
"p1174": 0
"p1175": 0
"p1176": 0
"p1177": 0
"p1178": 0
"p1179": 0
"p1180": 0
"p1181": 0
"p1182": 0
"p1183": 0
"p1184": 0.000826055949766766
"p1185": 2.4461793501065963E-05
"p1186": 0.00022768284720222934
"p1187": 0.0006567050716824632
"p1188": 0.002974930425014253
"p1189": 0.00024461793501065964
"p1190": 0.0009370748587331424
"p1191": 0.002549671553380337
"p1192": 0.0002521446407032953
"p1193": 0
"p1194": 1.6935087808430282E-05
"p1195": 0.00010349220327374062
"p1196": 0.002115004299630627
"p1197": 3.387017561686057E-05
"p1198": 0.00041208713667180354
"p1199": 0.0012099179400911857
"p1200": 0.001234379733592252
"p1201": 0
"p1202": 0.0005494495155624048
"p1203": 0.00045348401798129986
"p1204": 0.0027303124900035936
"p1205": 0
"p1206": 0.0019080198930831456
"p1207": 0.0015128678442197722
"p1208": 0.00047982748790552474
"p1209": 0
"p1210": 0.00010349220327374062
"p1211": 9.97288504274228E-05
"p1212": 0.0027397208721193877
