"p1150": 0
"p1151": 3.7633528463178407E-06
"p1152": 0.0029015450445110547
"p1153": 0.005718414649979959
"p1154": 0.0016878637515735516
"p1155": 0.00221285147363489
"p1156": 0.00023709122931802392
"p1157": 0.0012042729108217086
"p1158": 0
"p1159": 2.2580117077907042E-05
"p1160": 0.0020924241825527193
"p1161": 0.006499310365590912
"p1162": 0.0007601972749562037
"p1163": 0.0014658259336407992
"p1164": 0.004824618348979471
"p1165": 0.011623115265852652
"p1166": 0.0015730814897608573
"p1167": 0.002259893384213863
"p1168": 7.903040977267465E-05
"p1169": 7.714873334951574E-05
"p1170": 2.4461793501065963E-05
"p1171": 3.7633528463178407E-06
"p1172": 0
"p1173": 1.88167642315892E-05
"p1174": 0
"p1175": 0
"p1176": 6.209532196424438E-05
"p1177": 5.2686939848449775E-05
"p1178": 1.8816764231589203E-05
"p1179": 3.7633528463178407E-06
"p1180": 0.00010161052685058169
"p1181": 0.00014300740816007793
"p1182": 1.3171734962112444E-05
"p1183": 1.8816764231589204E-06
"p1184": 0.002218496502904367
"p1185": 0.00692080588437851
"p1186": 0.0009822350928889564
"p1187": 0.005253640573459706
"p1188": 0.00018440428946957417
"p1189": 0.0011609943530890537
"p1190": 0
"p1191": 3.3870175616860565E-05
"p1192": 0.0010292770034679294
"p1193": 0.0035431967048082467
"p1194": 0.0002653163756654078
"p1195": 0.0014978144328345005
"p1196": 0.0026456370509614423
"p1197": 0.007903040977267468
"p1198": 0.0005550945448318814
"p1199": 0.0035657768218861543
"p1200": 0.003281643681989157
"p1201": 0.006493665336321435
"p1202": 0.0016389401645714198
"p1203": 0.0015787265190303343
"p1204": 0.00023144620004854718
"p1205": 0.0015109861677966127
"p1206": 0
"p1207": 7.903040977267465E-05
"p1208": 0.0016220050767629893
"p1209": 0.004056894368330633
"p1210": 0.0005362777806002925
"p1211": 0.0006943386001456416
"p1212": 0.004892358700213193
