"p1150": 0.009374511940177743
"p1151": 0.008937963010004872
"p1152": 3.198849919370165E-05
"p1153": 2.634346992422488E-05
"p1154": 0.0002803697870506791
"p1155": 0.0002671980520885667
"p1156": 0
"p1157": 0
"p1158": 0
"p1159": 4.327855773265516E-05
"p1160": 5.645029269476761E-06
"p1161": 5.645029269476761E-06
"p1162": 0.00020322105370116343
"p1163": 0.0001204272910821709
"p1164": 0
"p1165": 1.6935087808430286E-05
"p1166": 0.0004214955187875981
"p1167": 0.0004647740765202533
"p1168": 0
"p1169": 0
"p1170": 0
"p1171": 0
"p1172": 0
"p1173": 0
"p1174": 0
"p1175": 0
"p1176": 0
"p1177": 0
"p1178": 0
"p1179": 0
"p1180": 0
"p1181": 0
"p1182": 0
"p1183": 0
"p1184": 0.0003499918147075592
"p1185": 0.001249433144977523
"p1186": 0.002756655959927819
"p1187": 0.006651726155866784
"p1188": 0
"p1189": 0.00027096140493488457
"p1190": 0.0001298356731979655
"p1191": 0.0008053575091120179
"p1192": 5.080526342529086E-05
"p1193": 0.0006002547789876957
"p1194": 0.001445127492986051
"p1195": 0.004867896906712127
"p1196": 0.00011290058538953522
"p1197": 0.0012569598506701589
"p1198": 0.003371964150300786
"p1199": 0.009052745271817566
"p1200": 3.951520488633733E-05
"p1201": 9.408382115794602E-05
"p1202": 0.0010330403563142475
"p1203": 0.0027397208721193877
"p1204": 0
"p1205": 5.645029269476761E-05
"p1206": 3.951520488633733E-05
"p1207": 0.0003706902553623073
"p1208": 1.8816764231589203E-05
"p1209": 9.22021447347871E-05
"p1210": 0.00046477407652025334
"p1211": 0.001507222814950295
"p1212": 5.645029269476761E-06
