"p1150": 0.009564561258916792
"p1151": 0.004523550121274044
"p1152": 0.00023520955289486504
"p1153": 0
"p1154": 0.0002559079935496132
"p1155": 0.00011478226181269414
"p1156": 4.327855773265516E-05
"p1157": 0
"p1158": 0
"p1159": 0
"p1160": 0.00011478226181269415
"p1161": 0
"p1162": 0.00015994249596850823
"p1163": 6.0213645541085445E-05
"p1164": 0.0004647740765202533
"p1165": 0
"p1166": 0.0003594001968233538
"p1167": 7.903040977267466E-05
"p1168": 0
"p1169": 0
"p1170": 0
"p1171": 0
"p1172": 0
"p1173": 0
"p1174": 0
"p1175": 0
"p1176": 0
"p1177": 0
"p1178": 0
"p1179": 0
"p1180": 0
"p1181": 0
"p1182": 0
"p1183": 0
"p1184": 0.004628924000970944
"p1185": 0.00021262943581695803
"p1186": 0.0024461793501065966
"p1187": 0.004465218152156118
"p1188": 0.0008053575091120179
"p1189": 0.00011854561465901197
"p1190": 4.3278557732655166E-05
"p1191": 0.00010537387969689955
"p1192": 0.0038009863747810184
"p1193": 2.446179350106597E-05
"p1194": 0.0012400247628617288
"p1195": 0.0019193099516220985
"p1196": 0.007863525772381127
"p1197": 4.516023415581409E-05
"p1198": 0.0021451111224011694
"p1199": 0.004023024192713772
"p1200": 0.0017160888979209355
"p1201": 0
"p1202": 0.0012324980571690929
"p1203": 0.0011666393823585306
"p1204": 0.0003706902553623073
"p1205": 0
"p1206": 1.3171734962112444E-05
"p1207": 4.516023415581409E-05
"p1208": 0.00118545614659012
"p1209": 0
"p1210": 0.0005080526342529085
"p1211": 0.0004120871366718036
"p1212": 0.0030671325697490402
