"p1150": 0.0027585376363509773
"p1151": 0.0007752506863414752
"p1152": 0.000378216961054943
"p1153": 0.0012626048799396355
"p1154": 5.080526342529085E-05
"p1155": 0.0004045604309791678
"p1156": 1.6935087808430286E-05
"p1157": 0.00016370584881482606
"p1158": 0
"p1159": 0
"p1160": 0.0007376171578782967
"p1161": 0.0031311095681364432
"p1162": 0.00018816764231589203
"p1163": 0.0014357191108702563
"p1164": 0.0003725719317854662
"p1165": 0.0021883896801338245
"p1166": 6.58586748105622E-05
"p1167": 0.0003725719317854662
"p1168": 0.0009163764180783941
"p1169": 0.0023991374395276235
"p1170": 0.00011290058538953522
"p1171": 0.0006228348960656027
"p1172": 0.00010161052685058169
"p1173": 0.000637888307450874
"p1174": 0
"p1175": 0
"p1176": 0.0027303124900035936
"p1177": 0.007496598869865139
"p1178": 0.0008937963010004873
"p1179": 0.0016935087808430285
"p1180": 0.0022787101484454527
"p1181": 0.00634313122246872
"p1182": 0.000308594933398063
"p1183": 0.0004647740765202533
"p1184": 5.456861627160869E-05
"p1185": 0.00033117505047597004
"p1186": 5.645029269476761E-06
"p1187": 0.0001844042894695742
"p1188": 0
"p1189": 1.6935087808430282E-05
"p1190": 0
"p1191": 0
"p1192": 0.0002991865512822683
"p1193": 0.001319055172634403
"p1194": 5.080526342529084E-05
"p1195": 0.0005739113090634708
"p1196": 5.4568616271608685E-05
"p1197": 0.00038009863747810193
"p1198": 5.645029269476761E-06
"p1199": 8.091208619583358E-05
"p1200": 0.00022580117077907044
"p1201": 0.0006529417188361454
"p1202": 1.1290058538953523E-05
"p1203": 5.268693984844976E-05
"p1204": 0
"p1205": 7.33853805031979E-05
"p1206": 0
"p1207": 0
"p1208": 0.0008335826554594016
"p1209": 0.0014150206702155082
"p1210": 0.0002671980520885667
"p1211": 0.0001919309951622099
"p1212": 0.0004233771952107571
