"p1150": 0.01300802911329762
"p1151": 0.007553049162559909
"p1152": 0
"p1153": 6.962202765688005E-05
"p1154": 8.467543904215141E-05
"p1155": 0.0006717584830677345
"p1156": 6.397699838740331E-05
"p1157": 0.0006849302180298469
"p1158": 0.00040644210740232675
"p1159": 0.0013040017612491318
"p1160": 1.1290058538953523E-05
"p1161": 0.0002427362585875007
"p1162": 0.0002897781691664737
"p1163": 0.0015711998133376987
"p1164": 0.00015429746669903146
"p1165": 0.0006021364554108545
"p1166": 0.0009144947416552353
"p1167": 0.003454757912919778
"p1168": 5.645029269476761E-06
"p1169": 0.00011478226181269414
"p1170": 0.00046289240009709436
"p1171": 0.001676573693034598
"p1172": 8.467543904215143E-05
"p1173": 0.0007037469822614361
"p1174": 0.001087608972585856
"p1175": 0.0029391785729742334
"p1176": 2.0698440654748124E-05
"p1177": 0.000259671346395931
"p1178": 0.0012343797335922517
"p1179": 0.003770879552010477
"p1180": 0.0001825226130464153
"p1181": 0.0004986442521371138
"p1182": 0.004130279748833831
"p1183": 0.00878742889615216
"p1184": 0
"p1185": 1.8816764231589204E-06
"p1186": 3.7633528463178407E-06
"p1187": 7.714873334951573E-05
"p1188": 1.8816764231589204E-06
"p1189": 0.0002766064342043613
"p1190": 6.021364554108545E-05
"p1191": 0.0002991865512822683
"p1192": 3.7633528463178407E-06
"p1193": 6.021364554108545E-05
"p1194": 6.209532196424438E-05
"p1195": 0.0003217666683601754
"p1196": 7.714873334951573E-05
"p1197": 0.0002991865512822683
"p1198": 0.00032176666836017544
"p1199": 0.0014846426978723883
"p1200": 0
"p1201": 3.7633528463178407E-06
"p1202": 5.833196911792653E-05
"p1203": 0.0001580608195453493
"p1204": 0
"p1205": 5.268693984844976E-05
"p1206": 0.00023709122931802397
"p1207": 0.0007263270993393433
"p1208": 7.5267056926356815E-06
"p1209": 1.6935087808430286E-05
"p1210": 0.0002897781691664738
"p1211": 0.00046477407652025334
"p1212": 4.8923587002131926E-05
