"p1150": 0.008832589130307975
"p1151": 0.0020980692118221962
"p1152": 0.0014996961092576594
"p1153": 9.596549758110492E-05
"p1154": 0.000709392011530913
"p1155": 0.0016615202816493268
"p1156": 0.0003085949333980629
"p1157": 6.209532196424438E-05
"p1158": 1.5053411385271363E-05
"p1159": 4.8923587002131926E-05
"p1160": 0.0010010518571205455
"p1161": 1.1290058538953523E-05
"p1162": 0.00025402631712645424
"p1163": 0.0005005259285602729
"p1164": 0.002463114437915027
"p1165": 3.0106822770542726E-05
"p1166": 0.0005833196911792654
"p1167": 0.0012776582913249068
"p1168": 0.00298057545428373
"p1169": 4.704191057897301E-05
"p1170": 0.0019456534215463236
"p1171": 0.002621175257460376
"p1172": 0.0006924569237224827
"p1173": 3.951520488633733E-05
"p1174": 3.7633528463178407E-05
"p1175": 8.279376261899248E-05
"p1176": 0.0032778803291428397
"p1177": 1.1290058538953523E-05
"p1178": 0.00118545614659012
"p1179": 0.0015749631661840164
"p1180": 0.006678069625791009
"p1181": 0
"p1182": 0.0019964586849716146
"p1183": 0.0030539608347869285
"p1184": 0.0008298193026130838
"p1185": 5.268693984844977E-05
"p1186": 0.0002502629642801364
"p1187": 0.0006679951302214168
"p1188": 5.268693984844977E-05
"p1189": 1.6935087808430282E-05
"p1190": 1.8816764231589204E-06
"p1191": 1.5053411385271363E-05
"p1192": 0.00025026296428013644
"p1193": 1.8816764231589204E-06
"p1194": 2.0698440654748124E-05
"p1195": 9.220214473478709E-05
"p1196": 0.0006679951302214167
"p1197": 1.5053411385271363E-05
"p1198": 9.220214473478711E-05
"p1199": 0.00034434678543808234
"p1200": 0.0007658423042256806
"p1201": 0
"p1202": 0.0008599261253836266
"p1203": 0.00038009863747810193
"p1204": 0.00015241579027587253
"p1205": 0
"p1206": 1.8816764231589204E-06
"p1207": 3.7633528463178407E-06
"p1208": 0.00041961384236443927
"p1209": 0
"p1210": 0.0003142399626675397
"p1211": 0.00014300740816007796
"p1212": 0.0012814216441712246
