"p1150": 0.018163822512753062
"p1151": 0.007968899652078029
"p1152": 0.0014131389937923492
"p1153": 0
"p1154": 0.0002991865512822683
"p1155": 0.00048735419359816035
"p1156": 0.002037855566281111
"p1157": 7.33853805031979E-05
"p1158": 0.00041773216594128033
"p1159": 0.0012324980571690929
"p1160": 0.0025063929956476816
"p1161": 1.1290058538953523E-05
"p1162": 0.0008561627725373088
"p1163": 0.0013397536132891512
"p1164": 0.005108751488876469
"p1165": 4.704191057897301E-05
"p1166": 0.0023012902655233595
"p1167": 0.0031405179502522387
"p1168": 0
"p1169": 0
"p1170": 0
"p1171": 0
"p1172": 0
"p1173": 0
"p1174": 0
"p1175": 0
"p1176": 0
"p1177": 0
"p1178": 0
"p1179": 0
"p1180": 0
"p1181": 0
"p1182": 0
"p1183": 0
"p1184": 0.00022580117077907044
"p1185": 0
"p1186": 2.0698440654748124E-05
"p1187": 0.00013548070246744226
"p1188": 0.0010782005904700614
"p1189": 0.00020322105370116337
"p1190": 0.00039327037244021434
"p1191": 0.0006736401594908935
"p1192": 0.0009634183286573671
"p1193": 2.4461793501065963E-05
"p1194": 0.00023897290574118285
"p1195": 0.0007150370408003897
"p1196": 0.003874371755284217
"p1197": 0.00016558752523798502
"p1198": 0.0013134101433649266
"p1199": 0.00284133139896997
"p1200": 0.0006943386001456416
"p1201": 0
"p1202": 0.0001580608195453493
"p1203": 0.00010913723254321738
"p1204": 0.0016144783710703536
"p1205": 0
"p1206": 0.0005343961041771334
"p1207": 0.00048735419359816035
"p1208": 0.0014225473759081437
"p1209": 0
"p1210": 0.000590846396871901
"p1211": 0.0005042892814065907
"p1212": 0.0038235664918589256
