"p1150": 0.01607516168304666
"p1151": 0.0075116522812504125
"p1152": 6.0213645541085445E-05
"p1153": 0
"p1154": 3.0106822770542726E-05
"p1155": 1.3171734962112444E-05
"p1156": 0.00015241579027587256
"p1157": 0
"p1158": 2.2580117077907045E-05
"p1159": 5.080526342529085E-05
"p1160": 0.00013548070246744229
"p1161": 0
"p1162": 0.0001731142309306207
"p1163": 7.150370408003895E-05
"p1164": 0.0004647740765202533
"p1165": 0
"p1166": 0.00047982748790552474
"p1167": 0.00016558752523798502
"p1168": 0
"p1169": 0
"p1170": 0
"p1171": 0
"p1172": 0
"p1173": 0
"p1174": 0
"p1175": 0
"p1176": 0
"p1177": 0
"p1178": 0
"p1179": 0
"p1180": 0
"p1181": 0
"p1182": 0
"p1183": 0
"p1184": 0.001635176811725102
"p1185": 0
"p1186": 0.0003180033155138575
"p1187": 0.0006228348960656026
"p1188": 0.003093476039673265
"p1189": 0.0002766064342043613
"p1190": 0.0007827773920341108
"p1191": 0.0018854397760052384
"p1192": 0.0034660479714587306
"p1193": 3.575185204001949E-05
"p1194": 0.0010819639433163792
"p1195": 0.0020491456248200642
"p1196": 0.008909737863657487
"p1197": 0.00021262943581695803
"p1198": 0.00360905537961881
"p1199": 0.006017601201262227
"p1200": 0.0006322432781813973
"p1201": 0
"p1202": 0.0001204272910821709
"p1203": 9.22021447347871E-05
"p1204": 0.0014620625807944812
"p1205": 0
"p1206": 0.00046289240009709447
"p1207": 0.0004102054602486446
"p1208": 0.001277658291324907
"p1209": 0
"p1210": 0.00045348401798129986
"p1211": 0.00046101072367393553
"p1212": 0.0034378228251113474
