"p1150": 1.5053411385271363E-05
"p1151": 0
"p1152": 0.00014677076100639576
"p1153": 3.3870175616860565E-05
"p1154": 0.002051027301243223
"p1155": 0.0004478389887118231
"p1156": 5.45686162716087E-05
"p1157": 0
"p1158": 0.000235209552894865
"p1159": 1.5053411385271363E-05
"p1160": 6.962202765688005E-05
"p1161": 0
"p1162": 0.0018459245711189005
"p1163": 0.00036692690251598946
"p1164": 7.150370408003896E-05
"p1165": 0
"p1166": 0.004213073511452823
"p1167": 0.0004911175464444782
"p1168": 3.7633528463178407E-06
"p1169": 0
"p1170": 0.00016935087808430283
"p1171": 5.645029269476761E-06
"p1172": 0
"p1173": 0
"p1174": 1.1290058538953523E-05
"p1175": 0
"p1176": 0
"p1177": 0
"p1178": 4.516023415581409E-05
"p1179": 0
"p1180": 1.8816764231589204E-06
"p1181": 0
"p1182": 0.00013548070246744229
"p1183": 0
"p1184": 0.003336212298260766
"p1185": 0.000545686162716087
"p1186": 0.016267092678208868
"p1187": 0.009444133967834622
"p1188": 0.0008260559497667659
"p1189": 0
"p1190": 0.0021808629744411888
"p1191": 0.00022580117077907047
"p1192": 0.0018459245711189005
"p1193": 4.516023415581409E-05
"p1194": 0.012027675696831823
"p1195": 0.005170846810840715
"p1196": 0.0030464341290942923
"p1197": 3.0106822770542726E-05
"p1198": 0.024158843596937388
"p1199": 0.007837182302456905
"p1200": 0.00043278557732655173
"p1201": 1.1290058538953523E-05
"p1202": 0.007739335128452641
"p1203": 0.003191323213677529
"p1204": 0.00030106822770542725
"p1205": 0
"p1206": 0.0013566887010975815
"p1207": 0.0001016105268505817
"p1208": 0.0003669269025159894
"p1209": 0
"p1210": 0.005170846810840714
"p1211": 0.0014112573173691904
"p1212": 0.0002897781691664738
