"p1150": 4.327855773265517E-05
"p1151": 0.00010349220327374062
"p1152": 0.00025778966997277205
"p1153": 0.0002784881106275202
"p1154": 0.0008128842148046535
"p1155": 0.0007526705692635681
"p1156": 0
"p1157": 6.021364554108546E-05
"p1158": 1.1290058538953523E-05
"p1159": 9.784717400426385E-05
"p1160": 5.833196911792653E-05
"p1161": 5.833196911792653E-05
"p1162": 0.00013359902604428335
"p1163": 0.000141125731736919
"p1164": 8.27937626189925E-05
"p1165": 0.00011854561465901196
"p1166": 0.0006134265139498081
"p1167": 0.0007225637464930257
"p1168": 0.00015994249596850823
"p1169": 0.00018064093662325633
"p1170": 0.001300238408402814
"p1171": 0.0011271241774721934
"p1172": 0
"p1173": 5.45686162716087E-05
"p1174": 3.0106822770542726E-05
"p1175": 0.00023144620004854718
"p1176": 5.833196911792653E-05
"p1177": 6.962202765688005E-05
"p1178": 0.0012400247628617284
"p1179": 0.0008091208619583357
"p1180": 3.7633528463178407E-05
"p1181": 7.150370408003896E-05
"p1182": 0.00233516044114022
"p1183": 0.0022561300313675456
"p1184": 0.0005325144277539745
"p1185": 0.0024762861728771387
"p1186": 0.0027434842249657062
"p1187": 0.009052745271817568
"p1188": 0
"p1189": 0.0007225637464930254
"p1190": 0.00016558752523798497
"p1191": 0.00099352515142791
"p1192": 0.00013359902604428333
"p1193": 0.0012400247628617284
"p1194": 0.0010273953270447706
"p1195": 0.00477569476197734
"p1196": 0.00033305672689912887
"p1197": 0.001819581101194676
"p1198": 0.002766064342043613
"p1199": 0.010034980364706523
"p1200": 0.00043090390090339274
"p1201": 0.0010424487384300418
"p1202": 0.006559524011131997
"p1203": 0.010605128320923677
"p1204": 0
"p1205": 0.00033870175616860566
"p1206": 0.000423377195210757
"p1207": 0.0021620462102095997
"p1208": 0.00014112573173691902
"p1209": 0.0008091208619583355
"p1210": 0.00477569476197734
"p1211": 0.010539269646113115
"p1212": 0.0003180033155138576
