"p1150": 0
"p1151": 0
"p1152": 0.0004045604309791679
"p1153": 0.0006736401594908937
"p1154": 2.2580117077907045E-05
"p1155": 8.843879188846925E-05
"p1156": 3.198849919370165E-05
"p1157": 0.0002051027301243223
"p1158": 0
"p1159": 0
"p1160": 0.0015994249596850822
"p1161": 0.001567436460491381
"p1162": 0.000754552245686727
"p1163": 0.00045536569440445874
"p1164": 0.0014225473759081437
"p1165": 0.0019230733044684166
"p1166": 0.0004572473708276176
"p1167": 8.655711546531033E-05
"p1168": 2.0698440654748124E-05
"p1169": 3.7633528463178407E-05
"p1170": 0
"p1171": 1.8816764231589204E-06
"p1172": 0
"p1173": 7.5267056926356815E-06
"p1174": 0
"p1175": 0
"p1176": 8.655711546531035E-05
"p1177": 6.021364554108545E-05
"p1178": 3.3870175616860565E-05
"p1179": 9.408382115794602E-06
"p1180": 3.575185204001949E-05
"p1181": 5.4568616271608685E-05
"p1182": 5.645029269476761E-06
"p1183": 0
"p1184": 0.0023803206752960344
"p1185": 0.006979137853496434
"p1186": 0.00040079707813285
"p1187": 0.0026418736981151237
"p1188": 0.0002991865512822683
"p1189": 0.001465825933640799
"p1190": 0
"p1191": 0
"p1192": 0.007959491269962234
"p1193": 0.021874488419222453
"p1194": 0.0037276009942778217
"p1195": 0.010798940992509044
"p1196": 0.0059141089979884865
"p1197": 0.01614854706354986
"p1198": 0.001702917162958823
"p1199": 0.0034340594722650298
"p1200": 0.001360452053943899
"p1201": 0.0044896799456571835
"p1202": 0.00027660643420436126
"p1203": 0.000521224369215021
"p1204": 8.279376261899251E-05
"p1205": 0.0006679951302214168
"p1206": 0
"p1207": 0
"p1208": 0.003784051286972589
"p1209": 0.008983123244160687
"p1210": 0.0016332951353019427
"p1211": 0.001973878567893708
"p1212": 0.0024442976736834374
