"p1150": 3.3870175616860565E-05
"p1151": 1.6935087808430282E-05
"p1152": 0.0006096631611034901
"p1153": 4.139688130949625E-05
"p1154": 0.0006247165724887615
"p1155": 0.0007150370408003898
"p1156": 9.784717400426385E-05
"p1157": 1.6935087808430282E-05
"p1158": 3.7633528463178407E-06
"p1159": 1.8816764231589203E-05
"p1160": 0.00013548070246744226
"p1161": 1.8816764231589204E-06
"p1162": 7.33853805031979E-05
"p1163": 6.774035123372113E-05
"p1164": 0.000688693570876165
"p1165": 3.7633528463178407E-06
"p1166": 0.00045912904725077655
"p1167": 0.0004214955187875982
"p1168": 0.0010255136506216117
"p1169": 2.4461793501065966E-05
"p1170": 0.0011572310002427363
"p1171": 0.0005701479562171529
"p1172": 0.00023144620004854718
"p1173": 1.6935087808430282E-05
"p1174": 1.5053411385271363E-05
"p1175": 1.5053411385271363E-05
"p1176": 0.0007752506863414753
"p1177": 1.8816764231589204E-06
"p1178": 0.001083845619739538
"p1179": 0.00039891540170969113
"p1180": 0.0022561300313675456
"p1181": 3.7633528463178407E-06
"p1182": 0.0020660807126284945
"p1183": 0.0005889647204487421
"p1184": 0.004907412111598465
"p1185": 0.0007526705692635681
"p1186": 0.0028206329583152214
"p1187": 0.006583985804633063
"p1188": 0.00099352515142791
"p1189": 0.00024461793501065964
"p1190": 7.52670569263568E-05
"p1191": 0.00018064093662325633
"p1192": 0.002754774283504659
"p1193": 7.903040977267466E-05
"p1194": 0.0013096467905186087
"p1195": 0.00210935927036115
"p1196": 0.007524824016212523
"p1197": 0.00011666393823585307
"p1198": 0.0026889156086940974
"p1199": 0.005138858311647012
"p1200": 0.006926450913647986
"p1201": 0.0001862859658927331
"p1202": 0.0061587269329991465
"p1203": 0.0065068370712835465
"p1204": 0.0021620462102095997
"p1205": 0.00011666393823585305
"p1206": 0.0001938126715853688
"p1207": 0.0002634346992422489
"p1208": 0.007398751695860876
"p1209": 5.456861627160869E-05
"p1210": 0.004773813085554182
"p1211": 0.00451790509200457
"p1212": 0.016099623476547725
