"p1150": 0
"p1151": 0
"p1152": 0.00020133937727800447
"p1153": 0.001345398642558628
"p1154": 3.010682277054273E-05
"p1155": 0.00025214464070329526
"p1156": 0.001038685385583724
"p1157": 0.003323040563298653
"p1158": 0.0001580608195453493
"p1159": 0.001040567062006883
"p1160": 0.0007733690099183163
"p1161": 0.0036824407601220074
"p1162": 0.000353755167553877
"p1163": 0.0016935087808430279
"p1164": 0.002105595917514832
"p1165": 0.007161660466542852
"p1166": 0.000970945034350003
"p1167": 0.0033117505047597
"p1168": 0.0008411093611520374
"p1169": 0.0030031555713616364
"p1170": 0.0001486524374295547
"p1171": 0.0003631635496696716
"p1172": 0.0024367709679908017
"p1173": 0.006252810754157091
"p1174": 0.00037257193178546626
"p1175": 0.0013510436718281046
"p1176": 0.002606121846075105
"p1177": 0.0074269768422082615
"p1178": 0.0010142235920826582
"p1179": 0.0018045276898094047
"p1180": 0.007696056570719986
"p1181": 0.016065753300930866
"p1182": 0.0030257356884395435
"p1183": 0.003153689685214351
"p1184": 1.3171734962112444E-05
"p1185": 0.00019193099516220984
"p1186": 0
"p1187": 1.5053411385271365E-05
"p1188": 0.00023897290574118285
"p1189": 0.0010066968863900222
"p1190": 3.198849919370165E-05
"p1191": 0.0005983731025645366
"p1192": 0.0002483812878569775
"p1193": 0.001234379733592252
"p1194": 6.209532196424438E-05
"p1195": 0.0007300904521856611
"p1196": 0.0010800822668932204
"p1197": 0.0040324325748295675
"p1198": 0.0002690797285117256
"p1199": 0.002406664145220259
"p1200": 0.00029542319843595046
"p1201": 0.0006642317773750989
"p1202": 3.7633528463178407E-05
"p1203": 4.139688130949625E-05
"p1204": 0.0013792688181754886
"p1205": 0.0029824571307068893
"p1206": 0.0002220378179327526
"p1207": 0.0003180033155138575
"p1208": 0.0010085785628131813
"p1209": 0.001633295135301943
"p1210": 0.00044595731228866414
"p1211": 0.00027848811062752013
"p1212": 0.0039515204886337325
