"p1150": 1
"p1151": 0.010940066724245967
"p1152": 1.8816764231589204E-06
"p1153": 0
"p1154": 1.5053411385271363E-05
"p1155": 0
"p1156": 2.6343469924224887E-05
"p1157": 0
"p1158": 8.843879188846925E-05
"p1159": 1.1290058538953523E-05
"p1160": 5.645029269476761E-06
"p1161": 0
"p1162": 6.774035123372114E-05
"p1163": 3.0106822770542722E-05
"p1164": 3.575185204001948E-05
"p1165": 0
"p1166": 0.00035187349113071807
"p1167": 9.784717400426385E-05
"p1168": 1.8816764231589204E-06
"p1169": 0
"p1170": 9.032046831162817E-05
"p1171": 1.1290058538953523E-05
"p1172": 1.3171734962112444E-05
"p1173": 0
"p1174": 0.00017499590735377962
"p1175": 3.7633528463178407E-05
"p1176": 7.5267056926356815E-06
"p1177": 0
"p1178": 0.0003085949333980629
"p1179": 6.397699838740328E-05
"p1180": 2.634346992422488E-05
"p1181": 0
"p1182": 0.0009446015644257778
"p1183": 0.00013924405531376012
"p1184": 6.962202765688005E-05
"p1185": 0
"p1186": 0.000756433922109886
"p1187": 7.714873334951574E-05
"p1188": 0.0007808957156109519
"p1189": 0
"p1190": 0.0017857109255778158
"p1191": 0.0004327855773265517
"p1192": 0.00028601481632015586
"p1193": 5.645029269476761E-06
"p1194": 0.0018383978654262657
"p1195": 0.00039515204886337327
"p1196": 0.0008091208619583358
"p1197": 6.774035123372114E-05
"p1198": 0.004563065326160382
"p1199": 0.0015843715482998112
"p1200": 0.00011666393823585304
"p1201": 0
"p1202": 0.0018722680410431256
"p1203": 0.00040079707813285006
"p1204": 0.0006698768066445756
"p1205": 0
"p1206": 0.0038254481682820853
"p1207": 0.0009502465936952546
"p1208": 0.0002559079935496131
"p1209": 5.645029269476761E-06
"p1210": 0.004181085012259122
"p1211": 0.001326581878327039
"p1212": 0.0004929992228676371
