"p1150": 0.0038800167845536933
"p1151": 0.0035413150283850887
"p1152": 1.1290058538953523E-05
"p1153": 0.00022203781793275255
"p1154": 0.00026907972851172564
"p1155": 0.0014056122880997135
"p1156": 0.00015053411385271363
"p1157": 0.0007601972749562036
"p1158": 0.0008110025383814948
"p1159": 0.002775472724159408
"p1160": 0
"p1161": 3.7633528463178407E-05
"p1162": 5.6450292694767617E-05
"p1163": 0.00046289240009709447
"p1164": 1.6935087808430286E-05
"p1165": 0.000472300782212889
"p1166": 0.00047230078221288907
"p1167": 0.0022373132671359565
"p1168": 1.8816764231589203E-05
"p1169": 0.00023520955289486504
"p1170": 0.001065028855507949
"p1171": 0.0030690142461722004
"p1172": 0.00017875926020009743
"p1173": 0.00059272807329506
"p1174": 0.0028526214575089236
"p1175": 0.005349606071040811
"p1176": 1.8816764231589204E-06
"p1177": 4.139688130949625E-05
"p1178": 0.0004986442521371138
"p1179": 0.0017273789564598888
"p1180": 6.021364554108546E-05
"p1181": 0.0005833196911792653
"p1182": 0.002393492410258147
"p1183": 0.006320551105390814
"p1184": 3.7633528463178407E-06
"p1185": 5.456861627160869E-05
"p1186": 5.645029269476761E-05
"p1187": 0.0002991865512822683
"p1188": 7.714873334951573E-05
"p1189": 0.0003481101382844003
"p1190": 0.0003142399626675397
"p1191": 0.001390558876714442
"p1192": 0
"p1193": 5.645029269476761E-06
"p1194": 7.5267056926356815E-06
"p1195": 5.080526342529084E-05
"p1196": 1.8816764231589204E-06
"p1197": 0.0001844042894695742
"p1198": 9.220214473478711E-05
"p1199": 0.0005607395741013583
"p1200": 7.5267056926356815E-06
"p1201": 1.5053411385271365E-05
"p1202": 0.0002521446407032953
"p1203": 0.0004214955187875982
"p1204": 4.8923587002131926E-05
"p1205": 4.8923587002131926E-05
"p1206": 0.0010029335335437046
"p1207": 0.0015806081954534933
"p1208": 0
"p1209": 1.8816764231589204E-06
"p1210": 6.209532196424438E-05
"p1211": 0.00010913723254321738
"p1212": 0
