"p1150": 0.004134043101680148
"p1151": 0.0008806245660383749
"p1152": 0.001087608972585856
"p1153": 1.8816764231589203E-05
"p1154": 0.000306713256974904
"p1155": 0.0006623501009519401
"p1156": 0.0019211916280452578
"p1157": 0.0001580608195453493
"p1158": 0.0007903040977267466
"p1159": 0.0017781842198851797
"p1160": 0.0003970337252865322
"p1161": 0
"p1162": 6.209532196424438E-05
"p1163": 0.00011101890896637629
"p1164": 0.0018986115109673504
"p1165": 2.2580117077907045E-05
"p1166": 0.00040079707813285
"p1167": 0.0008919146245773283
"p1168": 0.002342687146832856
"p1169": 1.1290058538953523E-05
"p1170": 0.0008580444489604676
"p1171": 0.0013510436718281048
"p1172": 0.003814158109743132
"p1173": 8.655711546531035E-05
"p1174": 0.0023897290574118294
"p1175": 0.002956113660782664
"p1176": 0.0015166311970660896
"p1177": 0
"p1178": 0.00026343469924224885
"p1179": 0.0005306327513308156
"p1180": 0.005748521472750501
"p1181": 0
"p1182": 0.001420665699484985
"p1183": 0.002321988706178108
"p1184": 0.0002408545821643418
"p1185": 5.645029269476761E-06
"p1186": 6.021364554108545E-05
"p1187": 0.00012607232035164766
"p1188": 0.0010593838262384723
"p1189": 6.962202765688005E-05
"p1190": 0.00026343469924224885
"p1191": 0.0007376171578782969
"p1192": 5.080526342529084E-05
"p1193": 0
"p1194": 0
"p1195": 9.408382115794602E-06
"p1196": 0.0005042892814065907
"p1197": 1.1290058538953523E-05
"p1198": 6.962202765688005E-05
"p1199": 0.0002521446407032953
"p1200": 0.0003424651090149235
"p1201": 0
"p1202": 0.0002521446407032953
"p1203": 0.00010725555612005847
"p1204": 0.001198627881552232
"p1205": 0
"p1206": 0.0011083074132406043
"p1207": 0.0004873541935981604
"p1208": 0.00010349220327374062
"p1209": 0
"p1210": 5.080526342529086E-05
"p1211": 2.2580117077907045E-05
"p1212": 0.000991643475004751
