"p1150": 0
"p1151": 0
"p1152": 0.0017537224263841139
"p1153": 0.0036316354966967166
"p1154": 0.0002559079935496132
"p1155": 0.001322818525480721
"p1156": 0.0002427362585875007
"p1157": 0.0011365325595879881
"p1158": 0
"p1159": 0
"p1160": 0.004613870589585673
"p1161": 0.011673920529277945
"p1162": 0.0024461793501065966
"p1163": 0.003624108791004081
"p1164": 0.004261997098454954
"p1165": 0.00939332870440933
"p1166": 0.0012324980571690927
"p1167": 0.0012513148214006822
"p1168": 2.82251463473838E-05
"p1169": 4.704191057897301E-05
"p1170": 0
"p1171": 1.8816764231589204E-06
"p1172": 0
"p1173": 1.1290058538953523E-05
"p1174": 0
"p1175": 0
"p1176": 0.00014112573173691902
"p1177": 0.00012419064392848875
"p1178": 4.3278557732655166E-05
"p1179": 7.5267056926356815E-06
"p1180": 8.655711546531035E-05
"p1181": 0.00013359902604428335
"p1182": 1.3171734962112444E-05
"p1183": 0
"p1184": 0.0007225637464930253
"p1185": 0.0033738458267239444
"p1186": 0.00015994249596850823
"p1187": 0.0014470091694092097
"p1188": 6.209532196424438E-05
"p1189": 0.000353755167553877
"p1190": 0
"p1191": 0
"p1192": 0.0031574530380606685
"p1193": 0.010281479976140342
"p1194": 0.0012400247628617288
"p1195": 0.006695004713599438
"p1196": 0.0016652836344956442
"p1197": 0.006841775474605834
"p1198": 0.0005080526342529085
"p1199": 0.002130057711015898
"p1200": 0.0019494167743926414
"p1201": 0.005140739988070171
"p1202": 0.00035940019682335385
"p1203": 0.0006943386001456417
"p1204": 0.00011854561465901199
"p1205": 0.000829819302613084
"p1206": 0
"p1207": 0
"p1208": 0.004675965911549917
"p1209": 0.010014281924051776
"p1210": 0.0021451111224011694
"p1211": 0.00224860332567491
"p1212": 0.0030445524526711335
