"p1150": 0.02139277925489377
"p1151": 0.006100394963881222
"p1152": 3.3870175616860565E-05
"p1153": 0
"p1154": 0.0002653163756654078
"p1155": 9.220214473478709E-05
"p1156": 0
"p1157": 0
"p1158": 1.8816764231589203E-05
"p1159": 0
"p1160": 0
"p1161": 0
"p1162": 4.516023415581409E-05
"p1163": 0
"p1164": 3.575185204001949E-05
"p1165": 0
"p1166": 0.00021074775939379904
"p1167": 3.387017561686056E-05
"p1168": 2.634346992422488E-05
"p1169": 0
"p1170": 0.0004911175464444781
"p1171": 8.843879188846926E-05
"p1172": 0
"p1173": 0
"p1174": 4.327855773265516E-05
"p1175": 0
"p1176": 5.645029269476761E-06
"p1177": 0
"p1178": 0.0002747247577812024
"p1179": 5.456861627160868E-05
"p1180": 1.6935087808430286E-05
"p1181": 0
"p1182": 0.0008241742733436072
"p1183": 6.209532196424438E-05
"p1184": 0.0006886935708761648
"p1185": 6.774035123372114E-05
"p1186": 0.003104766098212219
"p1187": 0.0012682499092091125
"p1188": 0.0002201561415095937
"p1189": 0
"p1190": 0.00037633528463178407
"p1191": 3.387017561686057E-05
"p1192": 0.0003405834325917646
"p1193": 5.645029269476761E-06
"p1194": 0.0014752343157565938
"p1195": 0.0003217666683601754
"p1196": 0.0007018653058382773
"p1197": 0
"p1198": 0.003657978966620942
"p1199": 0.0007846590684572699
"p1200": 0.00045724737082761756
"p1201": 3.010682277054273E-05
"p1202": 0.005754166502019979
"p1203": 0.002444297673683438
"p1204": 0.00010725555612005845
"p1205": 0
"p1206": 0.0008335826554594018
"p1207": 7.903040977267465E-05
"p1208": 0.0003236483447833343
"p1209": 5.645029269476761E-06
"p1210": 0.004990205874217457
"p1211": 0.0014056122880997137
"p1212": 0.0006096631611034902
