"p1150": 0
"p1151": 1.6935087808430282E-05
"p1152": 0.0006021364554108546
"p1153": 0.0005645029269476762
"p1154": 0.0002991865512822683
"p1155": 0.0005362777806002923
"p1156": 1.1290058538953523E-05
"p1157": 0.00011478226181269412
"p1158": 0
"p1159": 1.1290058538953523E-05
"p1160": 9.032046831162818E-05
"p1161": 0.0001373623788906012
"p1162": 2.0698440654748124E-05
"p1163": 3.575185204001949E-05
"p1164": 0.0004873541935981604
"p1165": 0.0006774035123372115
"p1166": 0.0001580608195453493
"p1167": 0.0002333278764717061
"p1168": 0.0009558916229647316
"p1169": 0.0010085785628131815
"p1170": 0.00041773216594128033
"p1171": 0.00035375516755387705
"p1172": 3.0106822770542726E-05
"p1173": 0.0002483812878569774
"p1174": 0
"p1175": 0
"p1176": 0.0008448727139983552
"p1177": 0.0007771323627646341
"p1178": 0.00039327037244021434
"p1179": 0.00011666393823585305
"p1180": 0.0018252261304641526
"p1181": 0.00224860332567491
"p1182": 0.0005343961041771333
"p1183": 0.00011290058538953522
"p1184": 0.0021262943581695803
"p1185": 0.0069603210892648475
"p1186": 0.0008561627725373088
"p1187": 0.004892358700213193
"p1188": 0.00016558752523798497
"p1189": 0.0012381430864385696
"p1190": 0
"p1191": 9.032046831162817E-05
"p1192": 0.0007733690099183163
"p1193": 0.003674914054429371
"p1194": 0.0002389729057411829
"p1195": 0.0015298029320282027
"p1196": 0.0023483321761023322
"p1197": 0.009058390301087045
"p1198": 0.0005908463968719011
"p1199": 0.0033155138576060183
"p1200": 0.0046119889131625135
"p1201": 0.008761085426227935
"p1202": 0.00230129026552336
"p1203": 0.002931651867281598
"p1204": 0.000423377195210757
"p1205": 0.0022787101484454523
"p1206": 0
"p1207": 3.3870175616860565E-05
"p1208": 0.0035657768218861543
"p1209": 0.00929548153040507
"p1210": 0.0013134101433649264
"p1211": 0.0018365161890031062
"p1212": 0.008027231621195955
