"p1150": 0
"p1151": 0
"p1152": 0.0006774035123372113
"p1153": 0.0030577241876332457
"p1154": 0.000306713256974904
"p1155": 0.0014921694035650239
"p1156": 0.0017894742784241332
"p1157": 0.005688307827209417
"p1158": 0.0008580444489604678
"p1159": 0.0031010027453659012
"p1160": 0.00018252261304641524
"p1161": 0.0011515859709732592
"p1162": 6.021364554108545E-05
"p1163": 0.00027660643420436136
"p1164": 0.0013736237889060117
"p1165": 0.005027839402680636
"p1166": 0.0002521446407032953
"p1167": 0.0014244290523313028
"p1168": 0.002022802154895839
"p1169": 0.005391002952350308
"p1170": 0.0007903040977267465
"p1171": 0.0014074939645228723
"p1172": 0.00474182458636048
"p1173": 0.009114840593781813
"p1174": 0.0023897290574118294
"p1175": 0.002656927109500396
"p1176": 0.0012193263222069805
"p1177": 0.003979745634981116
"p1178": 0.0002634346992422488
"p1179": 0.0004760641350592068
"p1180": 0.005148266693762805
"p1181": 0.012518793243276299
"p1182": 0.0011083074132406038
"p1183": 0.0019324816865842111
"p1184": 0.0002314462000485472
"p1185": 0.0010612655026616313
"p1186": 6.209532196424438E-05
"p1187": 0.0006774035123372113
"p1188": 0.0010255136506216117
"p1189": 0.0037501811113557293
"p1190": 0.00026343469924224885
"p1191": 0.0023502138525254915
"p1192": 2.2580117077907045E-05
"p1193": 0.00024085458216434183
"p1194": 0
"p1195": 5.268693984844977E-05
"p1196": 0.0004591290472507766
"p1197": 0.001702917162958823
"p1198": 5.080526342529085E-05
"p1199": 0.0006679951302214167
"p1200": 0.0008712161839225803
"p1201": 0.001467707610063958
"p1202": 0.00040079707813285006
"p1203": 0.0002615530228190899
"p1204": 0.0029542319843595052
"p1205": 0.004540485209082475
"p1206": 0.001420665699484985
"p1207": 0.0008354643318825608
"p1208": 0.0003368200797454468
"p1209": 0.0005645029269476761
"p1210": 6.962202765688005E-05
"p1211": 3.7633528463178407E-05
"p1212": 0.0024894579078392513
