"p1150": 0
"p1151": 0
"p1152": 0.0013510436718281048
"p1153": 0.0001561791431221904
"p1154": 0.005012785991295365
"p1155": 0.0031837965079848938
"p1156": 0.0005306327513308156
"p1157": 0
"p1158": 0.0009144947416552351
"p1159": 7.903040977267465E-05
"p1160": 0.0008298193026130838
"p1161": 2.0698440654748124E-05
"p1162": 0.003144281303098556
"p1163": 0.0014263107287544614
"p1164": 0.0013359902604428333
"p1165": 7.5267056926356815E-06
"p1166": 0.007927502770768534
"p1167": 0.0024725228200308206
"p1168": 0.0008768612131920568
"p1169": 6.774035123372114E-05
"p1170": 0.010298415063948773
"p1171": 0.004943163963638484
"p1172": 0.00028789649274331484
"p1173": 0
"p1174": 0.0018948481581210327
"p1175": 0.00019945770085484557
"p1176": 0.0007752506863414751
"p1177": 1.3171734962112442E-05
"p1178": 0.009986056777704392
"p1179": 0.0036692690251598943
"p1180": 0.0012249713514764571
"p1181": 0
"p1182": 0.019987166966794055
"p1183": 0.00618695207934653
"p1184": 0.0009314298294636657
"p1185": 0.0001467707610063958
"p1186": 0.0031706247730227807
"p1187": 0.001956943480085277
"p1188": 0.00020322105370116337
"p1189": 0
"p1190": 0.00017875926020009743
"p1191": 1.1290058538953521E-05
"p1192": 0.00038762534317073754
"p1193": 5.645029269476761E-06
"p1194": 0.0010255136506216117
"p1195": 0.0005870830440255832
"p1196": 0.00066235010095194
"p1197": 1.1290058538953523E-05
"p1198": 0.0028714382217405123
"p1199": 0.0008730978603457391
"p1200": 0.00027660643420436126
"p1201": 2.2580117077907045E-05
"p1202": 0.0058840021752179445
"p1203": 0.0012757766149017482
"p1204": 0.00013548070246744223
"p1205": 0
"p1206": 0.0008222925969204481
"p1207": 5.268693984844977E-05
"p1208": 0.00011666393823585305
"p1209": 0
"p1210": 0.0029617586900521405
"p1211": 0.0006171898667961258
"p1212": 0.00023144620004854718
