"p1150": 0.011751069262627457
"p1151": 0.0015109861677966132
"p1152": 0.0005099343106760674
"p1153": 0
"p1154": 0.001273894938478589
"p1155": 0.0003706902553623074
"p1156": 0
"p1157": 0
"p1158": 0.00016935087808430283
"p1159": 1.1290058538953523E-05
"p1160": 0.0008222925969204483
"p1161": 5.645029269476761E-05
"p1162": 0.003313632181182858
"p1163": 0.0012550781742469998
"p1164": 0.0001486524374295547
"p1165": 0
"p1166": 0.002258011707790705
"p1167": 0.00045348401798129986
"p1168": 0.0006134265139498081
"p1169": 0
"p1170": 0.0026983239908098915
"p1171": 0.0008373460083057194
"p1172": 0
"p1173": 0
"p1174": 0.0006717584830677345
"p1175": 6.774035123372113E-05
"p1176": 0.0007865407448804286
"p1177": 3.575185204001949E-05
"p1178": 0.009028283478316499
"p1179": 0.003341857327530243
"p1180": 0.0001373623788906012
"p1181": 0
"p1182": 0.0071428437023112615
"p1183": 0.0021846263272875064
"p1184": 0.0001919309951622099
"p1185": 0
"p1186": 0.0003443467854380824
"p1187": 3.3870175616860565E-05
"p1188": 0
"p1189": 0
"p1190": 1.6935087808430282E-05
"p1191": 0
"p1192": 0.0003443467854380824
"p1193": 1.6935087808430282E-05
"p1194": 0.0013604520539438995
"p1195": 0.00038198031390126086
"p1196": 3.3870175616860565E-05
"p1197": 0
"p1198": 0.00038198031390126086
"p1199": 6.585867481056221E-05
"p1200": 5.268693984844976E-05
"p1201": 0
"p1202": 0.0007959491269962234
"p1203": 9.4083821157946E-05
"p1204": 0
"p1205": 0
"p1206": 7.33853805031979E-05
"p1207": 0
"p1208": 6.021364554108544E-05
"p1209": 0
"p1210": 0.00230129026552336
"p1211": 0.0004610107236739355
"p1212": 1.1290058538953523E-05
