"p1150": 3.7633528463178407E-06
"p1151": 0
"p1152": 0.0025459082005340194
"p1153": 0
"p1154": 0.0006247165724887615
"p1155": 0.0009634183286573671
"p1156": 0.004282695539109703
"p1157": 0.0001674692016611439
"p1158": 0.001157231000242736
"p1159": 0.002585423405420357
"p1160": 0.004700427705050982
"p1161": 5.2686939848449775E-05
"p1162": 0.0028206329583152214
"p1163": 0.0034735746771513668
"p1164": 0.009690633579268441
"p1165": 0.0001637058488148261
"p1166": 0.0061587269329991465
"p1167": 0.00669124136075312
"p1168": 2.258011707790705E-05
"p1169": 0
"p1170": 3.7633528463178407E-06
"p1171": 7.5267056926356815E-06
"p1172": 5.8331969117926534E-05
"p1173": 0
"p1174": 1.5053411385271363E-05
"p1175": 1.5053411385271363E-05
"p1176": 6.021364554108546E-05
"p1177": 0
"p1178": 7.526705692635681E-05
"p1179": 5.645029269476761E-06
"p1180": 0.00017123255450746176
"p1181": 0
"p1182": 0.0001938126715853688
"p1183": 1.3171734962112444E-05
"p1184": 0.0005456861627160869
"p1185": 0
"p1186": 7.33853805031979E-05
"p1187": 0.00034622846186124133
"p1188": 0.0026192935810372174
"p1189": 0.0005268693984844977
"p1190": 0.001083845619739538
"p1191": 0.0019193099516220987
"p1192": 0.0028432130753931286
"p1193": 0.0001844042894695742
"p1194": 0.0013096467905186087
"p1195": 0.003055842511210087
"p1196": 0.009201397709247121
"p1197": 0.0008994413302699639
"p1198": 0.004773813085554181
"p1199": 0.008973714862044893
"p1200": 0.0018007643369630866
"p1201": 0
"p1202": 0.0004591290472507766
"p1203": 0.0004045604309791678
"p1204": 0.00522917877995864
"p1205": 6.774035123372113E-05
"p1206": 0.0020660807126284945
"p1207": 0.0017254972800367298
"p1208": 0.0033964259438018516
"p1209": 1.1290058538953523E-05
"p1210": 0.002688915608694097
"p1211": 0.0021564011809401228
"p1212": 0.010172342743597122
