"p1150": 0.011075547426713407
"p1151": 0.011276886803991411
"p1152": 0
"p1153": 2.6343469924224887E-05
"p1154": 3.010682277054273E-05
"p1155": 6.0213645541085445E-05
"p1156": 0
"p1157": 0
"p1158": 0
"p1159": 9.408382115794602E-06
"p1160": 3.9515204886337324E-05
"p1161": 3.3870175616860565E-05
"p1162": 0.00016182417239166716
"p1163": 0.00019945770085484557
"p1164": 5.645029269476761E-06
"p1165": 9.408382115794602E-06
"p1166": 5.8331969117926534E-05
"p1167": 0.0001016105268505817
"p1168": 0
"p1169": 1.3171734962112444E-05
"p1170": 5.645029269476761E-05
"p1171": 0.00012419064392848873
"p1172": 0
"p1173": 0
"p1174": 0
"p1175": 3.198849919370165E-05
"p1176": 3.7633528463178407E-05
"p1177": 3.198849919370164E-05
"p1178": 0.00046477407652025345
"p1179": 0.00034999181470755914
"p1180": 0
"p1181": 3.7633528463178407E-06
"p1182": 0.00034999181470755914
"p1183": 0.0003857436667475787
"p1184": 4.8923587002131926E-05
"p1185": 0.0007470255399940913
"p1186": 0.00042525887163391595
"p1187": 0.0014112573173691904
"p1188": 0
"p1189": 0
"p1190": 1.6935087808430286E-05
"p1191": 0.00017499590735377962
"p1192": 0.00021451111224011696
"p1193": 0.0012550781742469996
"p1194": 0.0011252425010490345
"p1195": 0.004675965911549918
"p1196": 1.5053411385271363E-05
"p1197": 0.0001749959073537796
"p1198": 0.0004779458114823658
"p1199": 0.0026080035224982636
"p1200": 7.33853805031979E-05
"p1201": 0.000658586748105622
"p1202": 0.001106425736817445
"p1203": 0.002867674868894194
"p1204": 0
"p1205": 0
"p1206": 0.00010161052685058169
"p1207": 0.000666113453798258
"p1208": 0.00022768284720222937
"p1209": 0.0008561627725373087
"p1210": 0.004019260839867454
"p1211": 0.0094497789971041
"p1212": 3.010682277054273E-05
