"p1150": 7.5267056926356815E-06
"p1151": 3.7633528463178407E-06
"p1152": 0.0009897617985815922
"p1153": 2.4461793501065966E-05
"p1154": 0.0010518571205458368
"p1155": 0.0005701479562171529
"p1156": 0.00022015614150959365
"p1157": 1.6935087808430282E-05
"p1158": 1.5053411385271363E-05
"p1159": 1.5053411385271363E-05
"p1160": 0.0007733690099183165
"p1161": 1.8816764231589204E-06
"p1162": 0.0010518571205458363
"p1163": 0.00039891540170969113
"p1164": 0.0022034430915190955
"p1165": 3.7633528463178407E-06
"p1166": 0.0020002220378179322
"p1167": 0.0005889647204487421
"p1168": 5.8331969117926534E-05
"p1169": 0
"p1170": 0.00011101890896637632
"p1171": 9.408382115794602E-06
"p1172": 1.1290058538953523E-05
"p1173": 0
"p1174": 0
"p1175": 0
"p1176": 1.3171734962112442E-05
"p1177": 0
"p1178": 3.198849919370165E-05
"p1179": 0
"p1180": 6.962202765688006E-05
"p1181": 0
"p1182": 6.585867481056221E-05
"p1183": 1.8816764231589204E-06
"p1184": 0.009683106873575806
"p1185": 0.0011045440603942862
"p1186": 0.00691892420795535
"p1187": 0.011700263999202168
"p1188": 0.001988931979278979
"p1189": 0.0003612818732465127
"p1190": 0.00019193099516220984
"p1191": 0.00028225146347383805
"p1192": 0.007931266123614849
"p1193": 0.0001392440553137601
"p1194": 0.004024905869136931
"p1195": 0.005500140184893525
"p1196": 0.01698212971900926
"p1197": 0.00013171734962112442
"p1198": 0.007434503547900896
"p1199": 0.010985226958401779
"p1200": 0.003974100605711639
"p1201": 1.6935087808430282E-05
"p1202": 0.003765234522741
"p1203": 0.003460402942189255
"p1204": 0.001275776614901748
"p1205": 1.6935087808430282E-05
"p1206": 8.091208619583358E-05
"p1207": 0.00018064093662325636
"p1208": 0.002713377402195163
"p1209": 1.8816764231589204E-06
"p1210": 0.002429244262298166
"p1211": 0.0014959327564113415
"p1212": 0.008309483084669793
