"p1150": 0.009444133967834625
"p1151": 0.006100394963881222
"p1152": 0
"p1153": 1.5053411385271363E-05
"p1154": 0
"p1155": 1.8816764231589204E-06
"p1156": 3.010682277054273E-05
"p1157": 6.962202765688005E-05
"p1158": 0
"p1159": 2.6343469924224887E-05
"p1160": 3.7633528463178407E-05
"p1161": 3.7633528463178407E-05
"p1162": 1.1290058538953523E-05
"p1163": 1.6935087808430282E-05
"p1164": 0.00014112573173691902
"p1165": 0.0002013393772780045
"p1166": 4.704191057897301E-05
"p1167": 9.596549758110493E-05
"p1168": 4.139688130949625E-05
"p1169": 6.0213645541085445E-05
"p1170": 0
"p1171": 1.8816764231589204E-06
"p1172": 5.645029269476761E-05
"p1173": 0.00015617914312219042
"p1174": 0
"p1175": 1.3171734962112444E-05
"p1176": 0.00016935087808430283
"p1177": 0.00013548070246744229
"p1178": 5.645029269476761E-05
"p1179": 1.8816764231589203E-05
"p1180": 0.00044031228301918735
"p1181": 0.000472300782212889
"p1182": 0.00012419064392848873
"p1183": 7.33853805031979E-05
"p1184": 7.714873334951574E-05
"p1185": 0.0007413805107246147
"p1186": 1.1290058538953523E-05
"p1187": 9.972885042742278E-05
"p1188": 0.0004252588716339159
"p1189": 0.0017349056621525248
"p1190": 5.645029269476762E-05
"p1191": 0.000543804486292928
"p1192": 0.000304831580551745
"p1193": 0.0018158177483483585
"p1194": 4.7041910578973015E-05
"p1195": 0.0005155793399455442
"p1196": 0.0010066968863900224
"p1197": 0.004405004506615033
"p1198": 0.00022391949435591154
"p1199": 0.0017104438686514588
"p1200": 0.000425258871633916
"p1201": 0.0017254972800367302
"p1202": 4.704191057897302E-05
"p1203": 0.00016746920166114393
"p1204": 0.0010932540018553328
"p1205": 0.003428414442995553
"p1206": 0.00012419064392848875
"p1207": 0.0006341249546045562
"p1208": 0.001134650883164829
"p1209": 0.003802868051204179
"p1210": 0.00022391949435591154
"p1211": 0.0005795563383329475
"p1212": 0.003861200020322104
