"p1150": 1.6935087808430282E-05
"p1151": 0
"p1152": 0.0003180033155138575
"p1153": 5.2686939848449775E-05
"p1154": 0.0001223089675053298
"p1155": 0.00020133937727800444
"p1156": 7.33853805031979E-05
"p1157": 0
"p1158": 5.645029269476761E-06
"p1159": 3.7633528463178407E-06
"p1160": 0.0007263270993393432
"p1161": 4.327855773265517E-05
"p1162": 0.0006962202765688005
"p1163": 0.0007733690099183163
"p1164": 0.0004516023415581409
"p1165": 3.7633528463178407E-06
"p1166": 0.0002954231984359505
"p1167": 0.00034622846186124133
"p1168": 0.0006567050716824633
"p1169": 4.139688130949625E-05
"p1170": 0.00022015614150959367
"p1171": 0.000333056726899129
"p1172": 0.00021262943581695803
"p1173": 0
"p1174": 2.0698440654748124E-05
"p1175": 1.1290058538953523E-05
"p1176": 0.0015862532247229698
"p1177": 2.6343469924224884E-05
"p1178": 0.0020980692118221962
"p1179": 0.0009596549758110494
"p1180": 0.0019080198930831451
"p1181": 3.7633528463178407E-06
"p1182": 0.0015655547840682214
"p1183": 0.0006981019529919595
"p1184": 0.0029260068380121207
"p1185": 0.0004704191057897301
"p1186": 0.0007489072164172503
"p1187": 0.0022523666785212275
"p1188": 0.0005118159870992264
"p1189": 0
"p1190": 2.6343469924224887E-05
"p1191": 3.0106822770542726E-05
"p1192": 0.007398751695860876
"p1193": 0.0008317009790362427
"p1194": 0.004094527896793811
"p1195": 0.008574799460335202
"p1196": 0.005417346422274531
"p1197": 8.27937626189925E-05
"p1198": 0.0021902713565569833
"p1199": 0.0033644374446081503
"p1200": 0.005795563383329473
"p1201": 0.00020133937727800444
"p1202": 0.002346450499679173
"p1203": 0.0031160561567511722
"p1204": 0.0015410929905671556
"p1205": 0
"p1206": 0.0001467707610063958
"p1207": 0.00016935087808430283
"p1208": 0.013348612545889382
"p1209": 0.00024085458216434178
"p1210": 0.010943830077092284
"p1211": 0.010687922083542668
"p1212": 0.013802096563870679
