"p1150": 7.5267056926356815E-06
"p1151": 7.5267056926356815E-06
"p1152": 0.00015994249596850823
"p1153": 0.00018064093662325633
"p1154": 0.0012174446457838216
"p1155": 0.001091372325432174
"p1156": 0
"p1157": 5.45686162716087E-05
"p1158": 3.0106822770542726E-05
"p1159": 0.00022015614150959365
"p1160": 5.833196911792653E-05
"p1161": 6.962202765688005E-05
"p1162": 0.0012193263222069802
"p1163": 0.0008072391855351769
"p1164": 3.7633528463178407E-05
"p1165": 7.150370408003896E-05
"p1166": 0.0022693017663296578
"p1167": 0.0022034430915190955
"p1168": 5.645029269476761E-06
"p1169": 3.7633528463178407E-06
"p1170": 9.408382115794602E-05
"p1171": 6.397699838740328E-05
"p1172": 0
"p1173": 0
"p1174": 0
"p1175": 1.1290058538953523E-05
"p1176": 0
"p1177": 0
"p1178": 2.6343469924224887E-05
"p1179": 1.3171734962112442E-05
"p1180": 0
"p1181": 1.8816764231589204E-06
"p1182": 6.585867481056221E-05
"p1183": 6.962202765688006E-05
"p1184": 0.001155349323819577
"p1185": 0.0037915779926652243
"p1186": 0.007261389316970276
"p1187": 0.016284027766017298
"p1188": 0
"p1189": 0.0008260559497667659
"p1190": 0.00041773216594128033
"p1191": 0.001988931979278979
"p1192": 0.0002653163756654078
"p1193": 0.001879794746735761
"p1194": 0.004120871366718036
"p1195": 0.01211611448872029
"p1196": 0.000637888307450874
"p1197": 0.003076540951864835
"p1198": 0.009090378800280744
"p1199": 0.02112746287922836
"p1200": 0.00016746920166114387
"p1201": 0.0004440756358655052
"p1202": 0.0034190060608797583
"p1203": 0.006664897890828896
"p1204": 0
"p1205": 0.00030106822770542725
"p1206": 0.0001825226130464153
"p1207": 0.001275776614901748
"p1208": 9.032046831162817E-05
"p1209": 0.0003669269025159894
"p1210": 0.0020058670670874087
"p1211": 0.004107699631755923
"p1212": 0.00011854561465901199
