"p1150": 7.5267056926356815E-06
"p1151": 7.5267056926356815E-06
"p1152": 0.0003725719317854662
"p1153": 0.000918258094501553
"p1154": 0.004292103921225497
"p1155": 0.006964084442111164
"p1156": 0
"p1157": 0.00028789649274331484
"p1158": 0.00023709122931802392
"p1159": 0.001104544060394286
"p1160": 0.00013548070246744226
"p1161": 0.0007752506863414751
"p1162": 0.0027547742835046596
"p1163": 0.0073987516958608735
"p1164": 0.0002803697870506791
"p1165": 0.0012306163807459338
"p1166": 0.006222703931386549
"p1167": 0.012417182716425716
"p1168": 1.8816764231589204E-06
"p1169": 1.8816764231589204E-06
"p1170": 0.00010161052685058169
"p1171": 7.903040977267465E-05
"p1172": 0
"p1173": 0
"p1174": 0
"p1175": 1.88167642315892E-05
"p1176": 1.8816764231589204E-06
"p1177": 1.8816764231589204E-06
"p1178": 7.903040977267465E-05
"p1179": 5.456861627160869E-05
"p1180": 0
"p1181": 1.8816764231589204E-06
"p1182": 0.00011478226181269415
"p1183": 0.00014300740816007793
"p1184": 0.0005456861627160868
"p1185": 0.0026192935810372174
"p1186": 0.002843213075393128
"p1187": 0.009201397709247121
"p1188": 0
"p1189": 0.0005268693984844977
"p1190": 0.00018440428946957417
"p1191": 0.0008994413302699638
"p1192": 7.33853805031979E-05
"p1193": 0.001083845619739538
"p1194": 0.0013096467905186085
"p1195": 0.004773813085554182
"p1196": 0.0003462284618612413
"p1197": 0.001919309951622099
"p1198": 0.003055842511210087
"p1199": 0.008973714862044893
"p1200": 0.00022580117077907038
"p1201": 0.0005550945448318816
"p1202": 0.004691019322935189
"p1203": 0.00754928580971359
"p1204": 0
"p1205": 0.00034246510901492347
"p1206": 0.00023144620004854718
"p1207": 0.0014771159921797524
"p1208": 6.774035123372113E-05
"p1209": 0.00039891540170969113
"p1210": 0.0021093592703611496
"p1211": 0.004517905092004567
"p1212": 0.0001900493187390509
