"p1150": 7.5267056926356815E-06
"p1151": 7.5267056926356815E-06
"p1152": 8.843879188846925E-05
"p1153": 0.0005080526342529085
"p1154": 0.002171454592325394
"p1155": 0.005182136869379667
"p1156": 0.00039515204886337327
"p1157": 0.0013322269075965155
"p1158": 0.0050711179604132905
"p1159": 0.008027231621195955
"p1160": 3.0106822770542726E-05
"p1161": 0.00011478226181269415
"p1162": 0.0012117996165143447
"p1163": 0.0035958836446566968
"p1164": 0.00021827446508643477
"p1165": 0.0011628760295122127
"p1166": 0.004574355384699335
"p1167": 0.00986562948662222
"p1168": 1.8816764231589204E-06
"p1169": 1.8816764231589204E-06
"p1170": 6.39769983874033E-05
"p1171": 6.021364554108545E-05
"p1172": 1.8816764231589204E-06
"p1173": 1.8816764231589204E-06
"p1174": 0.0001580608195453493
"p1175": 0.00012230896750532982
"p1176": 0
"p1177": 0
"p1178": 1.3171734962112444E-05
"p1179": 1.1290058538953523E-05
"p1180": 0
"p1181": 1.8816764231589204E-06
"p1182": 6.0213645541085445E-05
"p1183": 0.00010161052685058171
"p1184": 9.220214473478709E-05
"p1185": 0.0007846590684572699
"p1186": 0.0008975596538468049
"p1187": 0.0037370093763936163
"p1188": 0.0005720296326403117
"p1189": 0.003671150701583054
"p1190": 0.003863081696745264
"p1191": 0.01211235113587397
"p1192": 1.5053411385271363E-05
"p1193": 0.00015994249596850823
"p1194": 0.0002671980520885667
"p1195": 0.0014225473759081435
"p1196": 0.00025778966997277205
"p1197": 0.0014470091694092097
"p1198": 0.0022580117077907044
"p1199": 0.006011956171992752
"p1200": 4.704191057897301E-05
"p1201": 0.00018440428946957417
"p1202": 0.0019437717451231645
"p1203": 0.004478389887118231
"p1204": 0.0002690797285117256
"p1205": 0.0011609943530890537
"p1206": 0.006062761435418043
"p1207": 0.010418842355030943
"p1208": 0
"p1209": 6.0213645541085445E-05
"p1210": 0.0005833196911792653
"p1211": 0.0016859820751503928
"p1212": 0.0001674692016611439
