"p1150": 0.018824290937281843
"p1151": 1
"p1152": 0
"p1153": 1.8816764231589204E-06
"p1154": 0
"p1155": 1.5053411385271363E-05
"p1156": 0
"p1157": 2.6343469924224887E-05
"p1158": 3.010682277054273E-05
"p1159": 6.962202765688005E-05
"p1160": 5.645029269476761E-06
"p1161": 5.645029269476761E-06
"p1162": 4.8923587002131926E-05
"p1163": 4.327855773265517E-05
"p1164": 3.9515204886337324E-05
"p1165": 3.575185204001948E-05
"p1166": 0.00016935087808430283
"p1167": 0.00024085458216434183
"p1168": 0
"p1169": 1.8816764231589204E-06
"p1170": 4.139688130949625E-05
"p1171": 6.0213645541085445E-05
"p1172": 0
"p1173": 1.3171734962112444E-05
"p1174": 5.645029269476761E-05
"p1175": 0.00015617914312219042
"p1176": 5.645029269476761E-06
"p1177": 7.5267056926356815E-06
"p1178": 0.00022580117077907044
"p1179": 0.00014112573173691902
"p1180": 3.198849919370165E-05
"p1181": 2.634346992422488E-05
"p1182": 0.0005475678391392458
"p1183": 0.0005042892814065906
"p1184": 0
"p1185": 6.962202765688005E-05
"p1186": 8.843879188846928E-05
"p1187": 0.0007432621871477736
"p1188": 6.585867481056221E-05
"p1189": 0.0009163764180783942
"p1190": 0.0004421939594423463
"p1191": 0.0015749631661840164
"p1192": 1.1290058538953523E-05
"p1193": 0.00029165984558963265
"p1194": 0.00033493840332228785
"p1195": 0.001879794746735762
"p1196": 0.00019757602443168666
"p1197": 0.0008768612131920568
"p1198": 0.0011760477644743256
"p1199": 0.004754996321322593
"p1200": 5.645029269476761E-06
"p1201": 0.00011666393823585304
"p1202": 0.000472300782212889
"p1203": 0.0017537224263841139
"p1204": 8.467543904215143E-05
"p1205": 0.0007150370408003896
"p1206": 0.0011911011758595964
"p1207": 0.0034321777958418705
"p1208": 2.0698440654748124E-05
"p1209": 0.0002615530228190899
"p1210": 0.001326581878327039
"p1211": 0.004049367662637997
"p1212": 0.0002013393772780045
