"p1150": 0.016411981762792106
"p1151": 0.012883838469369135
"p1152": 5.645029269476761E-06
"p1153": 0.00011478226181269414
"p1154": 0.0004214955187875982
"p1155": 0.0016013066361082412
"p1156": 8.467543904215143E-05
"p1157": 0.0007037469822614361
"p1158": 0.0009013230066931227
"p1159": 0.002203443091519096
"p1160": 2.0698440654748124E-05
"p1161": 0.000259671346395931
"p1162": 0.0010236319741984527
"p1163": 0.0032346017714101846
"p1164": 0.0001825226130464153
"p1165": 0.0004986442521371138
"p1166": 0.003144281303098556
"p1167": 0.006429688337934031
"p1168": 0
"p1169": 0
"p1170": 0
"p1171": 0
"p1172": 0
"p1173": 0
"p1174": 0
"p1175": 0
"p1176": 0
"p1177": 0
"p1178": 0
"p1179": 0
"p1180": 0
"p1181": 0
"p1182": 0
"p1183": 0
"p1184": 0
"p1185": 7.150370408003896E-05
"p1186": 4.327855773265516E-05
"p1187": 0.00023897290574118285
"p1188": 1.3171734962112444E-05
"p1189": 0.0008429910375751964
"p1190": 0.0002916598455896327
"p1191": 0.0013642154067902172
"p1192": 1.3171734962112444E-05
"p1193": 0.00025402631712645424
"p1194": 0.0003029499041285862
"p1195": 0.001228734704322775
"p1196": 0.00019381267158536877
"p1197": 0.0008542810961141499
"p1198": 0.0015316846084513613
"p1199": 0.0052536405734597055
"p1200": 0
"p1201": 3.7633528463178407E-06
"p1202": 0.00014488908458323686
"p1203": 0.0008072391855351768
"p1204": 3.7633528463178407E-06
"p1205": 0.0002502629642801364
"p1206": 0.0005061709578297496
"p1207": 0.0019400083922768469
"p1208": 9.408382115794602E-06
"p1209": 6.585867481056221E-05
"p1210": 0.0005569762212550405
"p1211": 0.0018308711597336295
"p1212": 8.655711546531035E-05
