"p1150": 0.003247773506372297
"p1151": 0.0017029171629588228
"p1152": 0.00022203781793275258
"p1153": 0.00023520955289486504
"p1154": 7.526705692635681E-05
"p1155": 7.33853805031979E-05
"p1156": 0
"p1157": 4.327855773265516E-05
"p1158": 0
"p1159": 0
"p1160": 0.0001542974666990315
"p1161": 0.00011478226181269415
"p1162": 4.8923587002131926E-05
"p1163": 1.6935087808430282E-05
"p1164": 0.00037069025536230727
"p1165": 0.0004647740765202533
"p1166": 5.080526342529085E-05
"p1167": 1.6935087808430286E-05
"p1168": 0
"p1169": 0
"p1170": 0
"p1171": 0
"p1172": 0
"p1173": 0
"p1174": 0
"p1175": 0
"p1176": 0
"p1177": 0
"p1178": 0
"p1179": 0
"p1180": 0
"p1181": 0
"p1182": 0
"p1183": 0
"p1184": 0.002173336268748553
"p1185": 0.005902818939449534
"p1186": 0.0007639606278025216
"p1187": 0.002720904107887799
"p1188": 0.0001298356731979655
"p1189": 0.0009239031237710299
"p1190": 0
"p1191": 1.8816764231589203E-05
"p1192": 0.001230616380745934
"p1193": 0.004555538620467747
"p1194": 0.0002464996114338186
"p1195": 0.0008730978603457391
"p1196": 0.0029786937778605712
"p1197": 0.008729096927034233
"p1198": 0.00042525887163391606
"p1199": 0.001819581101194676
"p1200": 0.0008241742733436071
"p1201": 0.0024856945549929337
"p1202": 0.0002408545821643418
"p1203": 0.0003895070195938965
"p1204": 3.951520488633733E-05
"p1205": 0.0003706902553623073
"p1206": 0
"p1207": 1.8816764231589203E-05
"p1208": 0.00039138869601705546
"p1209": 0.001460180904371322
"p1210": 7.714873334951574E-05
"p1211": 0.00012983567319796552
"p1212": 0.000895677977423646
