"p1150": 0.004909293788021623
"p1151": 0.003142399626675396
"p1152": 0.00011854561465901196
"p1153": 0.00013171734962112442
"p1154": 4.704191057897301E-05
"p1155": 9.408382115794602E-05
"p1156": 0
"p1157": 1.8816764231589203E-05
"p1158": 0
"p1159": 0
"p1160": 1.5053411385271363E-05
"p1161": 3.0106822770542726E-05
"p1162": 0
"p1163": 0
"p1164": 8.091208619583357E-05
"p1165": 0.00014112573173691902
"p1166": 1.1290058538953523E-05
"p1167": 4.704191057897301E-05
"p1168": 0.00022203781793275258
"p1169": 0.00023520955289486504
"p1170": 7.526705692635681E-05
"p1171": 7.33853805031979E-05
"p1172": 0
"p1173": 4.327855773265516E-05
"p1174": 0
"p1175": 0
"p1176": 0.0001542974666990315
"p1177": 0.00011478226181269415
"p1178": 4.8923587002131926E-05
"p1179": 1.6935087808430282E-05
"p1180": 0.00037069025536230727
"p1181": 0.0004647740765202533
"p1182": 5.080526342529085E-05
"p1183": 1.6935087808430286E-05
"p1184": 0.0007564339221098859
"p1185": 0.0030012738949384775
"p1186": 0.00019193099516220992
"p1187": 0.0015636731076450628
"p1188": 5.080526342529085E-05
"p1189": 0.00043843060659602847
"p1190": 0
"p1191": 3.0106822770542726E-05
"p1192": 0.00023520955289486507
"p1193": 0.0014432458165628919
"p1194": 2.2580117077907045E-05
"p1195": 0.00039891540170969113
"p1196": 0.0006905752472993239
"p1197": 0.003535669999115612
"p1198": 9.220214473478709E-05
"p1199": 0.0009427198880026193
"p1200": 0.002013393772780045
"p1201": 0.004455809770040324
"p1202": 0.0007282087757625022
"p1203": 0.0012513148214006822
"p1204": 0.00011854561465901197
"p1205": 0.0008335826554594017
"p1206": 0
"p1207": 7.5267056926356815E-06
"p1208": 0.0013378719368659921
"p1209": 0.004354199243189741
"p1210": 0.00029165984558963265
"p1211": 0.0005833196911792653
"p1212": 0.003053960834786927
