"p1150": 0.013811504945986475
"p1151": 0.001482761021449229
"p1152": 0.0004779458114823657
"p1153": 5.080526342529084E-05
"p1154": 0.002167691239479076
"p1155": 0.0009803534164657976
"p1156": 0.00016935087808430283
"p1157": 0
"p1158": 0.0003236483447833343
"p1159": 3.0106822770542726E-05
"p1160": 0.0002709614049348845
"p1161": 5.645029269476761E-06
"p1162": 0.001251314821400682
"p1163": 0.00027660643420436126
"p1164": 0.0005400411334466101
"p1165": 0
"p1166": 0.0030370257469784978
"p1167": 0.0006736401594908935
"p1168": 0.00043466725374971055
"p1169": 3.010682277054273E-05
"p1170": 0.004860370201019491
"p1171": 0.002197798062249619
"p1172": 0.00010725555612005845
"p1173": 0
"p1174": 0.0007300904521856611
"p1175": 7.526705692635681E-05
"p1176": 0.0003236483447833343
"p1177": 5.645029269476761E-06
"p1178": 0.0044351113293855755
"p1179": 0.0012945933791333373
"p1180": 0.00059272807329506
"p1181": 0
"p1182": 0.008655711546531036
"p1183": 0.0024254809094518487
"p1184": 0.00023332787647170614
"p1185": 1.6935087808430282E-05
"p1186": 0.0010763189140469023
"p1187": 0.0003368200797454468
"p1188": 5.080526342529086E-05
"p1189": 0
"p1190": 5.4568616271608685E-05
"p1191": 3.7633528463178407E-06
"p1192": 7.714873334951574E-05
"p1193": 0
"p1194": 0.0002709614049348845
"p1195": 4.704191057897301E-05
"p1196": 0.00021451111224011688
"p1197": 0
"p1198": 0.0007583155985330449
"p1199": 0.0001279539967748066
"p1200": 4.8923587002131926E-05
"p1201": 0
"p1202": 0.0016257684296093072
"p1203": 0.00033117505047597004
"p1204": 0
"p1205": 0
"p1206": 0.00015429746669903146
"p1207": 3.7633528463178407E-06
"p1208": 1.1290058538953523E-05
"p1209": 0
"p1210": 0.000733853805031979
"p1211": 0.00013171734962112442
"p1212": 6.39769983874033E-05
