"p1150": 0.001938126715853688
"p1151": 0.0015298029320282025
"p1152": 3.7633528463178407E-05
"p1153": 3.7633528463178407E-05
"p1154": 1.1290058538953523E-05
"p1155": 1.6935087808430282E-05
"p1156": 0.00013359902604428335
"p1157": 0.00017875926020009746
"p1158": 4.704191057897301E-05
"p1159": 9.408382115794602E-05
"p1160": 0
"p1161": 1.8816764231589204E-06
"p1162": 0
"p1163": 0
"p1164": 4.139688130949625E-05
"p1165": 0.0001016105268505817
"p1166": 0
"p1167": 3.010682277054273E-05
"p1168": 0.00015053411385271363
"p1169": 0.0001373623788906012
"p1170": 5.080526342529086E-05
"p1171": 1.6935087808430282E-05
"p1172": 0.0003236483447833343
"p1173": 0.00031612163909069865
"p1174": 0.00011290058538953522
"p1175": 7.33853805031979E-05
"p1176": 3.7633528463178407E-05
"p1177": 4.139688130949625E-05
"p1178": 5.645029269476761E-06
"p1179": 1.8816764231589204E-06
"p1180": 0.00023144620004854723
"p1181": 0.0003424651090149235
"p1182": 1.1290058538953523E-05
"p1183": 1.5053411385271363E-05
"p1184": 0.0002803697870506791
"p1185": 0.001635176811725102
"p1186": 4.327855773265517E-05
"p1187": 0.0004948808992907961
"p1188": 0.0009144947416552353
"p1189": 0.0037388910528167755
"p1190": 0.0002051027301243223
"p1191": 0.001653993575956691
"p1192": 5.6450292694767617E-05
"p1193": 0.0004986442521371139
"p1194": 7.5267056926356815E-06
"p1195": 6.209532196424436E-05
"p1196": 0.00047982748790552463
"p1197": 0.0026663354916161906
"p1198": 5.456861627160869E-05
"p1199": 0.0006774035123372113
"p1200": 0.0009765900636194797
"p1201": 0.0030991210689427424
"p1202": 0.00020133937727800447
"p1203": 0.0005193426927918621
"p1204": 0.0026287019631530116
"p1205": 0.005850131999601085
"p1206": 0.0009032046831162818
"p1207": 0.001317173496211244
"p1208": 0.00046289240009709436
"p1209": 0.0017273789564598886
"p1210": 5.080526342529084E-05
"p1211": 0.00010913723254321737
"p1212": 0.002316343676908631
