"p1150": 0.012405892657886764
"p1151": 0.011826336319553819
"p1152": 3.9515204886337324E-05
"p1153": 3.3870175616860565E-05
"p1154": 0.0001467707610063958
"p1155": 0.00017123255450746176
"p1156": 0
"p1157": 0
"p1158": 0
"p1159": 1.8816764231589203E-05
"p1160": 0
"p1161": 0
"p1162": 1.5053411385271363E-05
"p1163": 3.0106822770542726E-05
"p1164": 5.645029269476761E-06
"p1165": 3.575185204001949E-05
"p1166": 9.220214473478709E-05
"p1167": 0.0001467707610063958
"p1168": 3.198849919370165E-05
"p1169": 2.634346992422488E-05
"p1170": 0.0002803697870506791
"p1171": 0.0002671980520885667
"p1172": 0
"p1173": 0
"p1174": 0
"p1175": 4.327855773265516E-05
"p1176": 5.645029269476761E-06
"p1177": 5.645029269476761E-06
"p1178": 0.00020322105370116343
"p1179": 0.0001204272910821709
"p1180": 0
"p1181": 1.6935087808430286E-05
"p1182": 0.0004214955187875981
"p1183": 0.0004647740765202533
"p1184": 0.00016182417239166716
"p1185": 0.0007564339221098859
"p1186": 0.0008937963010004872
"p1187": 0.0032741169762965216
"p1188": 0
"p1189": 0.0002201561415095937
"p1190": 5.080526342529085E-05
"p1191": 0.0003594001968233538
"p1192": 3.575185204001949E-05
"p1193": 0.0003462284618612414
"p1194": 0.0002521446407032953
"p1195": 0.0015335662848745203
"p1196": 3.010682277054273E-05
"p1197": 0.0007018653058382773
"p1198": 0.0007714873334951576
"p1199": 0.0036353988495430338
"p1200": 0.0001825226130464153
"p1201": 0.00048735419359816035
"p1202": 0.0026042401696519456
"p1203": 0.005099343106760673
"p1204": 0
"p1205": 0.00010725555612005845
"p1206": 0.00011854561465901197
"p1207": 0.0007940674505730644
"p1208": 3.387017561686057E-05
"p1209": 0.00032929337405281106
"p1210": 0.0015994249596850822
"p1211": 0.004613870589585673
"p1212": 8.091208619583357E-05
