"p1150": 0
"p1151": 0
"p1152": 0.0007564339221098859
"p1153": 0.0027735910477362483
"p1154": 0.00013359902604428335
"p1155": 0.00035375516755387705
"p1156": 0.0019795235971631843
"p1157": 0.004570592031853017
"p1158": 0.0002559079935496132
"p1159": 0.001322818525480721
"p1160": 0.002077370771167448
"p1161": 0.006021364554108546
"p1162": 0.000920139770924712
"p1163": 0.0015843715482998107
"p1164": 0.005597987358897789
"p1165": 0.011081192455982884
"p1166": 0.0023520955289486503
"p1167": 0.0025854234054203565
"p1168": 1.1290058538953523E-05
"p1169": 2.258011707790705E-05
"p1170": 0
"p1171": 0
"p1172": 2.82251463473838E-05
"p1173": 5.8331969117926534E-05
"p1174": 0
"p1175": 1.8816764231589204E-06
"p1176": 6.021364554108545E-05
"p1177": 6.021364554108546E-05
"p1178": 1.6935087808430286E-05
"p1179": 3.7633528463178407E-06
"p1180": 0.00015241579027587256
"p1181": 0.00017123255450746176
"p1182": 3.9515204886337324E-05
"p1183": 3.7633528463178407E-06
"p1184": 9.220214473478709E-05
"p1185": 0.0005720296326403117
"p1186": 1.5053411385271363E-05
"p1187": 0.00025778966997277205
"p1188": 0.0007846590684572699
"p1189": 0.0036711507015830544
"p1190": 0.00015994249596850823
"p1191": 0.0014470091694092097
"p1192": 0.000897559653846805
"p1193": 0.003863081696745264
"p1194": 0.0002671980520885667
"p1195": 0.0022580117077907044
"p1196": 0.003737009376393616
"p1197": 0.01211235113587397
"p1198": 0.0014225473759081437
"p1199": 0.006011956171992752
"p1200": 0.0004986442521371138
"p1201": 0.001983286950009502
"p1202": 6.962202765688005E-05
"p1203": 6.774035123372113E-05
"p1204": 0.0020679623890516538
"p1205": 0.00592539905652744
"p1206": 0.00035940019682335385
"p1207": 0.0006943386001456417
"p1208": 0.0016483485466872142
"p1209": 0.004651504118048852
"p1210": 0.0006454150131435096
"p1211": 0.0008956779774236461
"p1212": 0.005581052271089358
