"p1150": 3.7633528463178407E-06
"p1151": 3.7633528463178407E-06
"p1152": 3.7633528463178407E-05
"p1153": 0.00014112573173691902
"p1154": 0.00041020546024864466
"p1155": 0.0006623501009519401
"p1156": 0
"p1157": 0
"p1158": 3.198849919370165E-05
"p1159": 0.0002051027301243223
"p1160": 0.00023520955289486504
"p1161": 0.00029165984558963265
"p1162": 0.002290000206984406
"p1163": 0.001721733927190412
"p1164": 0
"p1165": 1.6935087808430282E-05
"p1166": 0.0018628596589273308
"p1167": 0.0019475350979694826
"p1168": 0
"p1169": 1.8816764231589204E-06
"p1170": 2.0698440654748124E-05
"p1171": 3.7633528463178407E-05
"p1172": 0
"p1173": 0
"p1174": 0
"p1175": 7.5267056926356815E-06
"p1176": 5.645029269476761E-06
"p1177": 3.7633528463178407E-06
"p1178": 0.00011478226181269414
"p1179": 6.585867481056221E-05
"p1180": 0
"p1181": 0
"p1182": 4.139688130949625E-05
"p1183": 5.4568616271608685E-05
"p1184": 0.00035940019682335374
"p1185": 0.0032854070348354754
"p1186": 0.002703969020079368
"p1187": 0.006450386778588778
"p1188": 0
"p1189": 0
"p1190": 0.0002991865512822683
"p1191": 0.001465825933640799
"p1192": 0.001443245816562892
"p1193": 0.006109803345997015
"p1194": 0.010915604930744902
"p1195": 0.02767757850824457
"p1196": 0.00023520955289486501
"p1197": 0.0010217502977752939
"p1198": 0.007370526549513492
"p1199": 0.017943666371243467
"p1200": 7.714873334951574E-05
"p1201": 0.0005024076049834317
"p1202": 0.0015749631661840164
"p1203": 0.0045386035326593155
"p1204": 0
"p1205": 0
"p1206": 8.279376261899251E-05
"p1207": 0.0006679951302214168
"p1208": 0.0002916598455896326
"p1209": 0.0010744372376237433
"p1210": 0.005311972542577633
"p1211": 0.010392498885106719
"p1212": 5.645029269476761E-06
