"p1150": 0.0028827282802794665
"p1151": 0.0013416352897123102
"p1152": 5.645029269476761E-05
"p1153": 0.00012419064392848873
"p1154": 0
"p1155": 1.3171734962112444E-05
"p1156": 0
"p1157": 3.198849919370165E-05
"p1158": 0
"p1159": 0
"p1160": 0.00035751852040019486
"p1161": 0.00031235828624438073
"p1162": 0.00012419064392848873
"p1163": 9.032046831162818E-05
"p1164": 0.0002991865512822683
"p1165": 0.0003857436667475787
"p1166": 5.080526342529085E-05
"p1167": 3.7633528463178407E-06
"p1168": 0
"p1169": 0
"p1170": 0
"p1171": 0
"p1172": 0
"p1173": 0
"p1174": 0
"p1175": 0
"p1176": 0
"p1177": 0
"p1178": 0
"p1179": 0
"p1180": 0
"p1181": 0
"p1182": 0
"p1183": 0
"p1184": 0.0009859984457352743
"p1185": 0.0031687430965996214
"p1186": 0.00012419064392848875
"p1187": 0.0010819639433163792
"p1188": 0.00010161052685058169
"p1189": 0.0006717584830677345
"p1190": 0
"p1191": 0
"p1192": 0.003227075065717549
"p1193": 0.010206212919213984
"p1194": 0.0010048152099668634
"p1195": 0.0035431967048082475
"p1196": 0.002357740558218127
"p1197": 0.007011126352690138
"p1198": 0.00031423996266753977
"p1199": 0.0008448727139983552
"p1200": 0.00033493840332228774
"p1201": 0.001605069988954559
"p1202": 5.080526342529085E-05
"p1203": 0.0001599424959685082
"p1204": 1.6935087808430286E-05
"p1205": 0.00017875926020009746
"p1206": 0
"p1207": 0
"p1208": 0.0011967462051290735
"p1209": 0.0038198031390126084
"p1210": 0.00031423996266753977
"p1211": 0.0005174610163687031
"p1212": 0.0005231060456381798
