"p1150": 0.021106764438573615
"p1151": 0.003430296119418712
"p1152": 6.962202765688005E-05
"p1153": 0
"p1154": 0.000684930218029847
"p1155": 7.33853805031979E-05
"p1156": 0.0006002547789876956
"p1157": 0
"p1158": 0.0014601809043713223
"p1159": 0.00039891540170969113
"p1160": 0.00023709122931802394
"p1161": 5.645029269476761E-06
"p1162": 0.001539211314143997
"p1163": 0.0003481101382844003
"p1164": 0.0005513311919855637
"p1165": 5.080526342529084E-05
"p1166": 0.0033437390039534015
"p1167": 0.0012419064392848876
"p1168": 0.00011478226181269414
"p1169": 0
"p1170": 0.0017951193076936097
"p1171": 0.0003895070195938966
"p1172": 0.0006585867481056221
"p1173": 0
"p1174": 0.0032741169762965216
"p1175": 0.0009050863595394406
"p1176": 0.00025402631712645424
"p1177": 5.645029269476761E-06
"p1178": 0.003861200020322105
"p1179": 0.0012682499092091122
"p1180": 0.00046853742936657115
"p1181": 3.010682277054273E-05
"p1182": 0.009852457751660108
"p1183": 0.003648570584505147
"p1184": 1.8816764231589204E-06
"p1185": 0
"p1186": 7.714873334951573E-05
"p1187": 3.7633528463178407E-06
"p1188": 0.00022580117077907044
"p1189": 0
"p1190": 0.00037821696105494305
"p1191": 3.3870175616860565E-05
"p1192": 6.021364554108545E-05
"p1193": 0
"p1194": 0.0003217666683601754
"p1195": 5.833196911792653E-05
"p1196": 0.0002822514634738381
"p1197": 1.6935087808430282E-05
"p1198": 0.0014093756409460315
"p1199": 0.00039138869601705546
"p1200": 3.7633528463178407E-06
"p1201": 0
"p1202": 0.00019193099516220984
"p1203": 2.6343469924224887E-05
"p1204": 5.268693984844976E-05
"p1205": 0
"p1206": 0.0008693345074994212
"p1207": 9.4083821157946E-05
"p1208": 1.6935087808430286E-05
"p1209": 0
"p1210": 0.000664231777375099
"p1211": 0.00010537387969689955
"p1212": 5.080526342529084E-05
