"p1150": 3.7633528463178407E-06
"p1151": 3.7633528463178407E-06
"p1152": 0
"p1153": 1.8816764231589204E-06
"p1154": 0.00018440428946957417
"p1155": 0.0003688085789391484
"p1156": 5.456861627160869E-05
"p1157": 0.0001825226130464153
"p1158": 0.0004421939594423463
"p1159": 0.0008561627725373087
"p1160": 3.387017561686057E-05
"p1161": 5.2686939848449775E-05
"p1162": 0.0009596549758110493
"p1163": 0.0007300904521856611
"p1164": 0.0001844042894695742
"p1165": 0.000212629435816958
"p1166": 0.002681388903001462
"p1167": 0.002365267263910763
"p1168": 0
"p1169": 0
"p1170": 5.645029269476761E-06
"p1171": 1.1290058538953523E-05
"p1172": 0
"p1173": 1.8816764231589204E-06
"p1174": 2.0698440654748124E-05
"p1175": 4.516023415581409E-05
"p1176": 0
"p1177": 0
"p1178": 2.6343469924224887E-05
"p1179": 1.8816764231589203E-05
"p1180": 5.645029269476761E-06
"p1181": 3.7633528463178407E-06
"p1182": 0.00012419064392848875
"p1183": 9.032046831162818E-05
"p1184": 5.080526342529084E-05
"p1185": 0.0003631635496696716
"p1186": 0.00099352515142791
"p1187": 0.0034095976787639633
"p1188": 0.0003819803139012608
"p1189": 0.0037577078170483646
"p1190": 0.002986220483553206
"p1191": 0.0076621863951031235
"p1192": 0.0002389729057411829
"p1193": 0.0015599097547987452
"p1194": 0.0038066314040504966
"p1195": 0.01178682111466748
"p1196": 0.0012814216441712249
"p1197": 0.004555538620467746
"p1198": 0.01269378915063008
"p1199": 0.02819315784819011
"p1200": 0
"p1201": 1.8816764231589204E-06
"p1202": 0.00033117505047596993
"p1203": 0.0016953904572661873
"p1204": 0.0001110189089663763
"p1205": 0.0007658423042256806
"p1206": 0.0016577569288030087
"p1207": 0.005189663575072302
"p1208": 9.408382115794602E-06
"p1209": 0.00019569434800852768
"p1210": 0.0016464668702640551
"p1211": 0.004651504118048852
"p1212": 0.0002540263171264542
