"p1150": 7.5267056926356815E-06
"p1151": 7.5267056926356815E-06
"p1152": 3.387017561686057E-05
"p1153": 4.704191057897301E-05
"p1154": 0.0007959491269962232
"p1155": 0.000684930218029847
"p1156": 0.0001844042894695742
"p1157": 0.0002653163756654078
"p1158": 0.0019023748638136682
"p1159": 0.00146394425721764
"p1160": 0
"p1161": 5.645029269476761E-06
"p1162": 0.0003405834325917646
"p1163": 0.0003236483447833343
"p1164": 3.7633528463178407E-05
"p1165": 5.833196911792652E-05
"p1166": 0.0014150206702155082
"p1167": 0.0017198522507672531
"p1168": 0
"p1169": 0
"p1170": 2.6343469924224887E-05
"p1171": 2.4461793501065963E-05
"p1172": 5.645029269476761E-06
"p1173": 3.7633528463178407E-06
"p1174": 0.00011478226181269414
"p1175": 7.714873334951574E-05
"p1176": 0
"p1177": 0
"p1178": 5.645029269476761E-06
"p1179": 5.645029269476761E-06
"p1180": 0
"p1181": 1.8816764231589204E-06
"p1182": 3.9515204886337324E-05
"p1183": 5.080526342529084E-05
"p1184": 0.0001938126715853688
"p1185": 0.0013190551726344033
"p1186": 0.0030125639534774313
"p1187": 0.008905974510811172
"p1188": 0.0012607232035164767
"p1189": 0.0052912741019228845
"p1190": 0.00912048562305129
"p1191": 0.02022049484326576
"p1192": 4.516023415581409E-05
"p1193": 0.00027472475778120243
"p1194": 0.0014752343157565936
"p1195": 0.004990205874217457
"p1196": 0.0004741824586360479
"p1197": 0.0025082746720708404
"p1198": 0.006679951302214168
"p1199": 0.015621677665065361
"p1200": 9.408382115794602E-06
"p1201": 0.000141125731736919
"p1202": 0.0014564175515250043
"p1203": 0.0038875434902463295
"p1204": 0.00025214464070329526
"p1205": 0.0010048152099668634
"p1206": 0.005108751488876469
"p1207": 0.009513755995491504
"p1208": 0
"p1209": 5.456861627160869E-05
"p1210": 0.00032176666836017533
"p1211": 0.0014056122880997137
"p1212": 0.00011478226181269414
