"p1150": 7.5267056926356815E-06
"p1151": 0
"p1152": 1.8816764231589204E-06
"p1153": 0
"p1154": 0.00044595731228866414
"p1155": 0.00011101890896637629
"p1156": 0.00017123255450746176
"p1157": 0
"p1158": 0.0010273953270447706
"p1159": 0.0003405834325917646
"p1160": 5.2686939848449775E-05
"p1161": 0
"p1162": 0.0014281924051776206
"p1163": 0.0003725719317854662
"p1164": 0.00017875926020009743
"p1165": 3.3870175616860565E-05
"p1166": 0.0045988171782004005
"p1167": 0.0008486360668446731
"p1168": 0
"p1169": 0
"p1170": 1.6935087808430282E-05
"p1171": 0
"p1172": 1.8816764231589204E-06
"p1173": 0
"p1174": 6.585867481056221E-05
"p1175": 0
"p1176": 0
"p1177": 0
"p1178": 4.516023415581409E-05
"p1179": 0
"p1180": 3.7633528463178407E-06
"p1181": 0
"p1182": 0.0002314462000485472
"p1183": 5.645029269476761E-06
"p1184": 0.0003631635496696716
"p1185": 0
"p1186": 0.0037746429048567936
"p1187": 0.0008241742733436071
"p1188": 0.0033305672689912893
"p1189": 0
"p1190": 0.009246557943402935
"p1191": 0.0023464504996791734
"p1192": 0.0014959327564113417
"p1193": 7.526705692635681E-05
"p1194": 0.011378497330841996
"p1195": 0.005025957726257477
"p1196": 0.004100172926063288
"p1197": 0.000545686162716087
"p1198": 0.029689090604601454
"p1199": 0.014406114695704695
"p1200": 1.8816764231589204E-06
"p1201": 0
"p1202": 0.0017574857792304315
"p1203": 0.00029354152201279153
"p1204": 0.0006058998082571723
"p1205": 0
"p1206": 0.00615496358015283
"p1207": 0.0009822350928889562
"p1208": 0.00019569434800852768
"p1209": 0
"p1210": 0.004995850903486934
"p1211": 0.0017047988393819819
"p1212": 0.0007018653058382771
