"p1150": 4.516023415581409E-05
"p1151": 7.526705692635681E-05
"p1152": 3.9515204886337324E-05
"p1153": 5.268693984844977E-05
"p1154": 0.00035563684397703593
"p1155": 0.00025778966997277205
"p1156": 0.0003104766098212219
"p1157": 0.00038574366674757867
"p1158": 0.000895677977423646
"p1159": 0.0009220214473478709
"p1160": 0
"p1161": 5.645029269476761E-06
"p1162": 3.575185204001949E-05
"p1163": 3.387017561686057E-05
"p1164": 4.8923587002131926E-05
"p1165": 7.150370408003895E-05
"p1166": 0.00025778966997277205
"p1167": 0.0004873541935981604
"p1168": 3.387017561686057E-05
"p1169": 4.704191057897301E-05
"p1170": 0.000822292596920448
"p1171": 0.000709392011530913
"p1172": 0.0001844042894695742
"p1173": 0.0002653163756654078
"p1174": 0.0020002220378179322
"p1175": 0.0015015777856808184
"p1176": 0
"p1177": 5.645029269476761E-06
"p1178": 0.00034622846186124133
"p1179": 0.0003292933740528111
"p1180": 3.7633528463178407E-05
"p1181": 5.833196911792652E-05
"p1182": 0.0014545358751018454
"p1183": 0.0017537224263841137
"p1184": 8.655711546531035E-05
"p1185": 0.0008260559497667661
"p1186": 0.001033040356314247
"p1187": 0.00486413355386581
"p1188": 0.000613426513949808
"p1189": 0.0038122764333199726
"p1190": 0.0034604029421892554
"p1191": 0.011448119358498876
"p1192": 1.5053411385271363E-05
"p1193": 0.00020322105370116343
"p1194": 0.00025214464070329537
"p1195": 0.0015994249596850824
"p1196": 0.0002559079935496132
"p1197": 0.0013303452311733566
"p1198": 0.0018553329532346955
"p1199": 0.006595275863172017
"p1200": 8.843879188846925E-05
"p1201": 0.0005287510749076566
"p1202": 0.0030238540120163856
"p1203": 0.006986664559189072
"p1204": 0.0004591290472507766
"p1205": 0.0015354479612976794
"p1206": 0.009105432211666018
"p1207": 0.014285687404622528
"p1208": 3.0106822770542726E-05
"p1209": 0.0001204272910821709
"p1210": 0.0015335662848745201
"p1211": 0.004613870589585673
"p1212": 0.0002559079935496132
