"p1150": 0.00012042729108217089
"p1151": 0
"p1152": 5.268693984844977E-05
"p1153": 0
"p1154": 0.0004572473708276176
"p1155": 0.000212629435816958
"p1156": 0.0003180033155138575
"p1157": 6.774035123372113E-05
"p1158": 0.0015354479612976785
"p1159": 0.0006322432781813973
"p1160": 5.645029269476761E-06
"p1161": 0
"p1162": 5.080526342529086E-05
"p1163": 1.8816764231589203E-05
"p1164": 7.150370408003895E-05
"p1165": 0
"p1166": 0.0007112736879540719
"p1167": 8.27937626189925E-05
"p1168": 4.704191057897301E-05
"p1169": 0
"p1170": 0.0013284635547501978
"p1171": 0.00029730487485910944
"p1172": 0.00023144620004854723
"p1173": 3.3870175616860565E-05
"p1174": 0.0032553002120649325
"p1175": 0.0006058998082571724
"p1176": 5.645029269476761E-06
"p1177": 0
"p1178": 0.0006002547789876956
"p1179": 9.22021447347871E-05
"p1180": 5.833196911792652E-05
"p1181": 0
"p1182": 0.003093476039673265
"p1183": 0.00023520955289486501
"p1184": 0.0007978308034193823
"p1185": 4.516023415581409E-05
"p1186": 0.00430527565618761
"p1187": 0.0018383978654262655
"p1188": 0.0035488417340777244
"p1189": 0.00032553002120649325
"p1190": 0.009867511163045382
"p1191": 0.006119211728112808
"p1192": 0.00020322105370116343
"p1193": 0
"p1194": 0.0014451274929860507
"p1195": 0.00046477407652025334
"p1196": 0.0013303452311733566
"p1197": 0
"p1198": 0.007035588146191206
"p1199": 0.0017160888979209353
"p1200": 0.0005268693984844977
"p1201": 1.3171734962112442E-05
"p1202": 0.0076358429251789
"p1203": 0.0029956288656690015
"p1204": 0.001490287727141865
"p1205": 7.903040977267465E-05
"p1206": 0.018250379628218377
"p1207": 0.007244454229161845
"p1208": 0.0001204272910821709
"p1209": 0
"p1210": 0.004867896906712127
"p1211": 0.001507222814950295
"p1212": 0.0012023912343985498
