"p1150": 0.0044031228301918725
"p1151": 0.004913057140867942
"p1152": 5.645029269476761E-06
"p1153": 5.645029269476761E-06
"p1154": 0.00020133937727800447
"p1155": 0.00014300740816007793
"p1156": 3.198849919370165E-05
"p1157": 2.634346992422488E-05
"p1158": 0.0004196138423644393
"p1159": 0.0003481101382844002
"p1160": 0
"p1161": 1.8816764231589204E-06
"p1162": 4.3278557732655166E-05
"p1163": 4.139688130949625E-05
"p1164": 0
"p1165": 1.5053411385271363E-05
"p1166": 0.00024273625858750077
"p1167": 0.0003424651090149235
"p1168": 0
"p1169": 0
"p1170": 0
"p1171": 0
"p1172": 0
"p1173": 0
"p1174": 0
"p1175": 0
"p1176": 0
"p1177": 0
"p1178": 0
"p1179": 0
"p1180": 0
"p1181": 0
"p1182": 0
"p1183": 0
"p1184": 3.387017561686057E-05
"p1185": 0.0004685374293665712
"p1186": 0.001140295912434306
"p1187": 0.003733246023547299
"p1188": 0.00038009863747810193
"p1189": 0.001610715018224036
"p1190": 0.003396425943801852
"p1191": 0.008091208619583358
"p1192": 1.8816764231589204E-06
"p1193": 7.338538050319788E-05
"p1194": 0.0005042892814065906
"p1195": 0.001842161218272583
"p1196": 7.526705692635681E-05
"p1197": 0.001160994353089054
"p1198": 0.0025063929956476824
"p1199": 0.00728585111047134
"p1200": 1.8816764231589204E-06
"p1201": 3.951520488633733E-05
"p1202": 0.00037633528463178407
"p1203": 0.001471470962910276
"p1204": 5.645029269476761E-05
"p1205": 0.0002069844065474812
"p1206": 0.00141125731736919
"p1207": 0.0036598606430441
"p1208": 0
"p1209": 1.1290058538953523E-05
"p1210": 6.774035123372114E-05
"p1211": 0.0005042892814065906
"p1212": 5.645029269476761E-06
