"p1150": 0.010680395377850035
"p1151": 0.00988632792727697
"p1152": 0.0001637058488148261
"p1153": 0.00046477407652025334
"p1154": 0.001891084805274715
"p1155": 0.0036880857893914843
"p1156": 0
"p1157": 0.00010725555612005845
"p1158": 7.338538050319791E-05
"p1159": 0.00044595731228866403
"p1160": 3.387017561686057E-05
"p1161": 0.00032929337405281106
"p1162": 0.0010330403563142475
"p1163": 0.003505563176345068
"p1164": 8.091208619583357E-05
"p1165": 0.00059272807329506
"p1166": 0.0024649961143381857
"p1167": 0.006075933170380155
"p1168": 0
"p1169": 0
"p1170": 0
"p1171": 0
"p1172": 0
"p1173": 0
"p1174": 0
"p1175": 0
"p1176": 0
"p1177": 0
"p1178": 0
"p1179": 0
"p1180": 0
"p1181": 0
"p1182": 0
"p1183": 0
"p1184": 0.0001768775837769385
"p1185": 0.0007733690099183163
"p1186": 0.0008806245660383747
"p1187": 0.0029975105420921608
"p1188": 0
"p1189": 0.0001637058488148261
"p1190": 5.645029269476761E-05
"p1191": 0.0003594001968233538
"p1192": 1.6935087808430282E-05
"p1193": 0.0002784881106275202
"p1194": 0.00041961384236443927
"p1195": 0.0013867955238681244
"p1196": 3.010682277054273E-05
"p1197": 0.0006830485416066881
"p1198": 0.0009408382115794603
"p1199": 0.0030539608347869276
"p1200": 6.774035123372114E-05
"p1201": 0.00011666393823585305
"p1202": 0.001349161995404946
"p1203": 0.0029636403664752994
"p1204": 0
"p1205": 5.645029269476761E-05
"p1206": 3.951520488633733E-05
"p1207": 0.00040079707813285
"p1208": 2.2580117077907045E-05
"p1209": 0.00010349220327374062
"p1210": 0.0005231060456381798
"p1211": 0.0015937799304156055
"p1212": 9.408382115794602E-06
