"p1150": 7.5267056926356815E-06
"p1151": 3.7633528463178407E-06
"p1152": 0.0006510600424129864
"p1153": 5.645029269476761E-06
"p1154": 0.0006322432781813972
"p1155": 0.00036692690251598946
"p1156": 0.0013623337303670584
"p1157": 4.139688130949625E-05
"p1158": 0.0016859820751503928
"p1159": 0.0006981019529919596
"p1160": 0.0003236483447833343
"p1161": 0
"p1162": 0.00027284308135804345
"p1163": 0.00010349220327374062
"p1164": 0.0017198522507672531
"p1165": 0
"p1166": 0.0012851849970175425
"p1167": 0.00031423996266753966
"p1168": 2.4461793501065963E-05
"p1169": 0
"p1170": 2.6343469924224887E-05
"p1171": 0
"p1172": 7.150370408003898E-05
"p1173": 0
"p1174": 0.0001373623788906012
"p1175": 9.408382115794602E-06
"p1176": 5.645029269476761E-06
"p1177": 0
"p1178": 5.645029269476761E-06
"p1179": 0
"p1180": 5.080526342529084E-05
"p1181": 0
"p1182": 3.9515204886337324E-05
"p1183": 1.8816764231589204E-06
"p1184": 0.005882120498794785
"p1185": 0.00023709122931802397
"p1186": 0.0030257356884395435
"p1187": 0.005325144277539744
"p1188": 0.012347560688768838
"p1189": 0.001465825933640799
"p1190": 0.008431792052175122
"p1191": 0.01295534217344917
"p1192": 0.0036824407601220074
"p1193": 0
"p1194": 0.0013604520539438993
"p1195": 0.0018214627776178352
"p1196": 0.013933813913491806
"p1197": 3.387017561686057E-05
"p1198": 0.00468913764651203
"p1199": 0.007455201988555643
"p1200": 0.002453706055799232
"p1201": 5.645029269476761E-06
"p1202": 0.0018327528361567885
"p1203": 0.0016163600474935124
"p1204": 0.0062264672842328676
"p1205": 3.3870175616860565E-05
"p1206": 0.005494495155624047
"p1207": 0.004442638035078211
"p1208": 0.0009765900636194797
"p1209": 0
"p1210": 0.00045724737082761767
"p1211": 0.0003631635496696717
"p1212": 0.006843657151028993
