"p1150": 0.001066910531931108
"p1151": 0.000611544837526649
"p1152": 0.00024273625858750074
"p1153": 0.0013529253482512638
"p1154": 3.951520488633733E-05
"p1155": 0.00042525887163391595
"p1156": 0.0006774035123372115
"p1157": 0.0025609616119192905
"p1158": 0.00018252261304641527
"p1159": 0.0011666393823585306
"p1160": 5.080526342529086E-05
"p1161": 0.0004516023415581409
"p1162": 7.5267056926356815E-06
"p1163": 5.833196911792653E-05
"p1164": 0.0004214955187875982
"p1165": 0.002203443091519096
"p1166": 5.080526342529084E-05
"p1167": 0.0005362777806002923
"p1168": 0.0009107313888089175
"p1169": 0.002865793192471036
"p1170": 0.00018252261304641527
"p1171": 0.0005099343106760674
"p1172": 0.0021883896801338245
"p1173": 0.004751232968476275
"p1174": 0.0007827773920341109
"p1175": 0.00120239123439855
"p1176": 0.0004516023415581409
"p1177": 0.0016652836344956447
"p1178": 5.080526342529084E-05
"p1179": 0.00010537387969689954
"p1180": 0.0021375844167085337
"p1181": 0.006179425373653895
"p1182": 0.000259671346395931
"p1183": 0.000805357509112018
"p1184": 5.080526342529084E-05
"p1185": 0.00029165984558963265
"p1186": 7.5267056926356815E-06
"p1187": 8.843879188846928E-05
"p1188": 0.0002916598455896327
"p1189": 0.0013152918197880852
"p1190": 5.080526342529084E-05
"p1191": 0.0005550945448318816
"p1192": 7.5267056926356815E-06
"p1193": 5.080526342529084E-05
"p1194": 0
"p1195": 3.7633528463178407E-06
"p1196": 8.843879188846926E-05
"p1197": 0.0005550945448318816
"p1198": 3.7633528463178407E-06
"p1199": 0.00019004931873905096
"p1200": 0.0002051027301243223
"p1201": 0.0004064421074023268
"p1202": 5.080526342529084E-05
"p1203": 3.387017561686057E-05
"p1204": 0.0007921857741499054
"p1205": 0.0014582992279481633
"p1206": 0.000259671346395931
"p1207": 0.00017123255450746176
"p1208": 5.833196911792653E-05
"p1209": 0.00010537387969689954
"p1210": 3.7633528463178407E-06
"p1211": 5.645029269476761E-06
"p1212": 0.0004892358700213193
