"p1150": 1.5053411385271363E-05
"p1151": 0
"p1152": 4.704191057897301E-05
"p1153": 0
"p1154": 0.001277658291324907
"p1155": 0.00029730487485910944
"p1156": 0.00023144620004854723
"p1157": 3.3870175616860565E-05
"p1158": 0.0030859493339806293
"p1159": 0.0006058998082571724
"p1160": 5.645029269476761E-06
"p1161": 0
"p1162": 0.000588964720448742
"p1163": 9.22021447347871E-05
"p1164": 5.833196911792652E-05
"p1165": 0
"p1166": 0.003020090659170067
"p1167": 0.00023520955289486501
"p1168": 0
"p1169": 0
"p1170": 5.080526342529085E-05
"p1171": 0
"p1172": 3.7633528463178407E-06
"p1173": 0
"p1174": 0.00020886608297064014
"p1175": 5.645029269476761E-06
"p1176": 0
"p1177": 0
"p1178": 1.1290058538953523E-05
"p1179": 0
"p1180": 1.8816764231589204E-06
"p1181": 0
"p1182": 9.032046831162818E-05
"p1183": 0
"p1184": 0.001255078174247
"p1185": 7.526705692635681E-05
"p1186": 0.008687700045724738
"p1187": 0.003832974873974721
"p1188": 0.004835908407518426
"p1189": 0.000545686162716087
"p1190": 0.02064199036205336
"p1191": 0.011395432418650422
"p1192": 0.00027472475778120243
"p1193": 0
"p1194": 0.005010904314872206
"p1195": 0.0016916271044198697
"p1196": 0.0025082746720708404
"p1197": 0
"p1198": 0.018543921150231162
"p1199": 0.004975152462832186
"p1200": 0.000141125731736919
"p1201": 0
"p1202": 0.00425447039276232
"p1203": 0.0014470091694092097
"p1204": 0.0009935251514279098
"p1205": 1.1290058538953523E-05
"p1206": 0.011762359321166413
"p1207": 0.004098291249640128
"p1208": 5.456861627160869E-05
"p1209": 0
"p1210": 0.0014319557580239387
"p1211": 0.0003462284618612414
"p1212": 0.00020133937727800444
