"p1150": 0.007549285809713588
"p1151": 0.0017800658963083385
"p1152": 0.0010048152099668634
"p1153": 0.00013548070246744226
"p1154": 0.0002521446407032953
"p1155": 0.0007037469822614361
"p1156": 0.00016370584881482606
"p1157": 0
"p1158": 5.645029269476761E-06
"p1159": 1.1290058538953523E-05
"p1160": 0.0024029007923739415
"p1161": 0.00010725555612005845
"p1162": 0.0009276664766173478
"p1163": 0.0021168859760537853
"p1164": 0.0018383978654262652
"p1165": 7.5267056926356815E-06
"p1166": 0.0004290222244802338
"p1167": 0.0007357354814551379
"p1168": 0.0020491456248200647
"p1169": 7.33853805031979E-05
"p1170": 0.0006416516602971918
"p1171": 0.0013096467905186085
"p1172": 0.000637888307450874
"p1173": 0
"p1174": 3.3870175616860565E-05
"p1175": 6.774035123372113E-05
"p1176": 0.005938570791489553
"p1177": 5.833196911792653E-05
"p1178": 0.00317250644944594
"p1179": 0.00402678754556009
"p1180": 0.0055904606532051525
"p1181": 0
"p1182": 0.0015711998133376983
"p1183": 0.002363385587487604
"p1184": 0.0002333278764717061
"p1185": 5.080526342529086E-05
"p1186": 7.714873334951574E-05
"p1187": 0.0002145111122401169
"p1188": 1.6935087808430282E-05
"p1189": 0
"p1190": 0
"p1191": 0
"p1192": 0.0010763189140469023
"p1193": 5.4568616271608685E-05
"p1194": 0.0002709614049348845
"p1195": 0.000758315598533045
"p1196": 0.0003368200797454468
"p1197": 3.7633528463178407E-06
"p1198": 4.704191057897301E-05
"p1199": 0.00012795399677480656
"p1200": 0.0005569762212550406
"p1201": 0
"p1202": 0.00023897290574118293
"p1203": 0.0001467707610063958
"p1204": 7.33853805031979E-05
"p1205": 0
"p1206": 0
"p1207": 0
"p1208": 0.0011440592652806239
"p1209": 0
"p1210": 0.001157231000242736
"p1211": 0.0005212243692150209
"p1212": 0.001017986944928976
