"p1150": 0.014882178830763903
"p1151": 0.004109581308179083
"p1152": 0.000566384603370835
"p1153": 0
"p1154": 0.00011854561465901199
"p1155": 0.00017123255450746176
"p1156": 0.001157231000242736
"p1157": 0.00013548070246744226
"p1158": 0.0002577896699727721
"p1159": 0.0007150370408003897
"p1160": 0.001234379733592252
"p1161": 1.8816764231589203E-05
"p1162": 0.00031988499193701646
"p1163": 0.0006999836294151184
"p1164": 0.0024725228200308215
"p1165": 9.596549758110492E-05
"p1166": 0.0009107313888089175
"p1167": 0.0019306000101610523
"p1168": 0.001488406050718706
"p1169": 0
"p1170": 0.000306713256974904
"p1171": 0.000521224369215021
"p1172": 0.0025854234054203565
"p1173": 7.33853805031979E-05
"p1174": 0.0006698768066445757
"p1175": 0.0013660970832133762
"p1176": 0.0028996633680878963
"p1177": 1.1290058538953523E-05
"p1178": 0.0009897617985815922
"p1179": 0.0015711998133376985
"p1180": 0.00684930218029847
"p1181": 4.704191057897301E-05
"p1182": 0.0030690142461721995
"p1183": 0.004066302750446427
"p1184": 6.962202765688006E-05
"p1185": 0
"p1186": 7.5267056926356815E-06
"p1187": 5.645029269476761E-06
"p1188": 0.0002502629642801364
"p1189": 5.080526342529086E-05
"p1190": 7.714873334951574E-05
"p1191": 0.0002145111122401169
"p1192": 0.00026343469924224885
"p1193": 5.645029269476761E-06
"p1194": 6.021364554108545E-05
"p1195": 0.00013359902604428333
"p1196": 0.0011346508831648289
"p1197": 5.268693984844977E-05
"p1198": 0.0002784881106275202
"p1199": 0.0007526705692635682
"p1200": 0.0001524157902758725
"p1201": 0
"p1202": 3.951520488633733E-05
"p1203": 3.0106822770542726E-05
"p1204": 0.0006303616017582384
"p1205": 0
"p1206": 0.00023897290574118293
"p1207": 0.0001467707610063958
"p1208": 0.0003800986374781019
"p1209": 0
"p1210": 0.000284133139896997
"p1211": 0.00012230896750532982
"p1212": 0.0016351768117251018
