"p1150": 0
"p1151": 3.7633528463178407E-06
"p1152": 0.0005513311919855637
"p1153": 0.0006567050716824632
"p1154": 0.00025214464070329537
"p1155": 0.00013548070246744229
"p1156": 0.001322818525480721
"p1157": 0.0013623337303670581
"p1158": 0.000641651660297192
"p1159": 0.0003424651090149235
"p1160": 0.0002709614049348845
"p1161": 0.0003236483447833343
"p1162": 7.714873334951574E-05
"p1163": 1.1290058538953523E-05
"p1164": 0.0011948645287059145
"p1165": 0.0017085621922282995
"p1166": 0.00023897290574118293
"p1167": 9.408382115794602E-05
"p1168": 2.0698440654748124E-05
"p1169": 2.4461793501065963E-05
"p1170": 5.645029269476761E-06
"p1171": 0
"p1172": 8.655711546531035E-05
"p1173": 7.150370408003898E-05
"p1174": 3.3870175616860565E-05
"p1175": 9.408382115794602E-06
"p1176": 5.645029269476761E-06
"p1177": 5.645029269476761E-06
"p1178": 0
"p1179": 0
"p1180": 3.9515204886337324E-05
"p1181": 5.080526342529084E-05
"p1182": 0
"p1183": 1.8816764231589204E-06
"p1184": 0.002340805470409697
"p1185": 0.007498480546288299
"p1186": 0.0009276664766173478
"p1187": 0.0033079871519133817
"p1188": 0.0065689323932477915
"p1189": 0.015964142774080283
"p1190": 0.0031725064494459404
"p1191": 0.008390395170865627
"p1192": 0.0012513148214006822
"p1193": 0.0044351113293855755
"p1194": 0.00027096140493488457
"p1195": 0.0007338538050319789
"p1196": 0.005622449152398854
"p1197": 0.014929220741342878
"p1198": 0.0011572310002427356
"p1199": 0.0036655056723135762
"p1200": 0.001065028855507949
"p1201": 0.003415242708033441
"p1202": 0.0004290222244802338
"p1203": 0.0006548233952593044
"p1204": 0.0036278721438503985
"p1205": 0.008320773143208747
"p1206": 0.0015711998133376985
"p1207": 0.0017518407499609548
"p1208": 0.00027660643420436126
"p1209": 0.0012945933791333375
"p1210": 4.704191057897301E-05
"p1211": 0.0001317173496211244
"p1212": 0.002767946018466772
