"p1150": 0.004241298657800206
"p1151": 0.0015900165775692876
"p1152": 0.0001373623788906012
"p1153": 0
"p1154": 0.0001580608195453493
"p1155": 6.0213645541085445E-05
"p1156": 0.00031612163909069865
"p1157": 0
"p1158": 0.0003725719317854662
"p1159": 0.00013736237889060122
"p1160": 4.139688130949625E-05
"p1161": 0
"p1162": 3.198849919370165E-05
"p1163": 1.3171734962112444E-05
"p1164": 0.0003424651090149235
"p1165": 0
"p1166": 0.0002220378179327526
"p1167": 3.575185204001948E-05
"p1168": 0
"p1169": 0
"p1170": 0
"p1171": 0
"p1172": 0
"p1173": 0
"p1174": 0
"p1175": 0
"p1176": 0
"p1177": 0
"p1178": 0
"p1179": 0
"p1180": 0
"p1181": 0
"p1182": 0
"p1183": 0
"p1184": 0.0028864916331257846
"p1185": 3.575185204001949E-05
"p1186": 0.0009502465936952547
"p1187": 0.001815817748348358
"p1188": 0.00580497176544527
"p1189": 0.00033117505047597004
"p1190": 0.0029241251615889623
"p1191": 0.004873541935981603
"p1192": 0.0016220050767629891
"p1193": 0
"p1194": 0.00026907972851172564
"p1195": 0.0005814380147561066
"p1196": 0.00658774915747938
"p1197": 3.387017561686057E-05
"p1198": 0.0015241579027587258
"p1199": 0.003010682277054273
"p1200": 0.0010932540018553328
"p1201": 0
"p1202": 0.00044031228301918735
"p1203": 0.0004158504895181214
"p1204": 0.0024913395842624106
"p1205": 0
"p1206": 0.0015787265190303345
"p1207": 0.0014394824637165742
"p1208": 0.00043843060659602847
"p1209": 0
"p1210": 5.833196911792653E-05
"p1211": 9.220214473478711E-05
"p1212": 0.0024424159972602786
