"p1150": 0.0011045440603942864
"p1151": 0.0006416516602971918
"p1152": 0.00015053411385271363
"p1153": 0.0001373623788906012
"p1154": 5.080526342529086E-05
"p1155": 1.6935087808430282E-05
"p1156": 0.0003236483447833343
"p1157": 0.00031612163909069865
"p1158": 0.00011290058538953522
"p1159": 7.33853805031979E-05
"p1160": 3.7633528463178407E-05
"p1161": 4.139688130949625E-05
"p1162": 5.645029269476761E-06
"p1163": 1.8816764231589204E-06
"p1164": 0.00023144620004854723
"p1165": 0.0003424651090149235
"p1166": 1.1290058538953523E-05
"p1167": 1.5053411385271363E-05
"p1168": 0
"p1169": 0
"p1170": 0
"p1171": 0
"p1172": 0
"p1173": 0
"p1174": 0
"p1175": 0
"p1176": 0
"p1177": 0
"p1178": 0
"p1179": 0
"p1180": 0
"p1181": 0
"p1182": 0
"p1183": 0
"p1184": 0.0009859984457352743
"p1185": 0.003514971558460864
"p1186": 0.000188167642315892
"p1187": 0.0009257848001941889
"p1188": 0.0026832705794246204
"p1189": 0.0073328930210503135
"p1190": 0.0008937963010004872
"p1191": 0.0028093428997762676
"p1192": 0.00045724737082761756
"p1193": 0.0017763025434620208
"p1194": 5.080526342529084E-05
"p1195": 0.00015429746669903146
"p1196": 0.002242958296405433
"p1197": 0.007133435320195466
"p1198": 0.00026719805208856665
"p1199": 0.0014074939645228723
"p1200": 0.0003180033155138576
"p1201": 0.0014112573173691901
"p1202": 6.585867481056221E-05
"p1203": 0.00011854561465901199
"p1204": 0.0011346508831648289
"p1205": 0.0033776091795702625
"p1206": 0.000308594933398063
"p1207": 0.000476064135059207
"p1208": 6.39769983874033E-05
"p1209": 0.0004892358700213193
"p1210": 5.645029269476761E-06
"p1211": 2.0698440654748128E-05
"p1212": 0.0006341249546045562
