"p1150": 0.026830824117823057
"p1151": 0.007551167486136749
"p1152": 0.00011478226181269414
"p1153": 0
"p1154": 0.0017123255450746176
"p1155": 0.00035563684397703593
"p1156": 0.0006585867481056221
"p1157": 0
"p1158": 0.0024744044964539807
"p1159": 0.0007714873334951572
"p1160": 0.00025402631712645424
"p1161": 5.645029269476761E-06
"p1162": 0.0033343306218376074
"p1163": 0.0010368037091605653
"p1164": 0.00046853742936657115
"p1165": 3.010682277054273E-05
"p1166": 0.0073441830795892655
"p1167": 0.002722785784310958
"p1168": 0
"p1169": 0
"p1170": 0
"p1171": 0
"p1172": 0
"p1173": 0
"p1174": 0
"p1175": 0
"p1176": 0
"p1177": 0
"p1178": 0
"p1179": 0
"p1180": 0
"p1181": 0
"p1182": 0
"p1183": 0
"p1184": 7.150370408003896E-05
"p1185": 0
"p1186": 0.0002464996114338186
"p1187": 3.575185204001948E-05
"p1188": 0.0007131553643772309
"p1189": 0
"p1190": 0.001601306636108241
"p1191": 0.00020886608297064014
"p1192": 0.0002483812878569775
"p1193": 5.645029269476761E-06
"p1194": 0.0011967462051290733
"p1195": 0.0003405834325917646
"p1196": 0.0007865407448804287
"p1197": 6.774035123372114E-05
"p1198": 0.005146385017339648
"p1199": 0.0017951193076936097
"p1200": 3.7633528463178407E-06
"p1201": 0
"p1202": 0.0008523994196909909
"p1203": 0.00010537387969689955
"p1204": 0.00019381267158536877
"p1205": 0
"p1206": 0.0022053247679422548
"p1207": 0.00030106822770542725
"p1208": 6.585867481056221E-05
"p1209": 0
"p1210": 0.0020039853906642503
"p1211": 0.00042714054805707494
"p1212": 0.0001768775837769385
