"p1150": 0.009831759311005361
"p1151": 0.004130279748833831
"p1152": 0.001608833341800877
"p1153": 7.33853805031979E-05
"p1154": 0.00039515204886337327
"p1155": 0.0011873378230132787
"p1156": 0.0005306327513308156
"p1157": 0
"p1158": 2.8225146347383808E-05
"p1159": 5.6450292694767617E-05
"p1160": 0.004992087550640616
"p1161": 5.833196911792653E-05
"p1162": 0.002711495725772004
"p1163": 0.003289170387681793
"p1164": 0.0042582337456086375
"p1165": 0
"p1166": 0.0010575021498153132
"p1167": 0.0019155465987757809
"p1168": 0
"p1169": 0
"p1170": 0
"p1171": 0
"p1172": 0
"p1173": 0
"p1174": 0
"p1175": 0
"p1176": 0
"p1177": 0
"p1178": 0
"p1179": 0
"p1180": 0
"p1181": 0
"p1182": 0
"p1183": 0
"p1184": 0.0009314298294636655
"p1185": 0.00020322105370116337
"p1186": 0.0003876253431707376
"p1187": 0.0006623501009519399
"p1188": 0.00014677076100639582
"p1189": 0
"p1190": 5.645029269476761E-06
"p1191": 1.1290058538953523E-05
"p1192": 0.003170624773022781
"p1193": 0.00017875926020009746
"p1194": 0.0010255136506216115
"p1195": 0.0028714382217405127
"p1196": 0.0019569434800852776
"p1197": 1.1290058538953523E-05
"p1198": 0.0005870830440255832
"p1199": 0.0008730978603457391
"p1200": 0.0014112573173691901
"p1201": 0
"p1202": 0.0005287510749076566
"p1203": 0.00047606413505920677
"p1204": 0.00021451111224011693
"p1205": 0
"p1206": 5.645029269476761E-06
"p1207": 1.1290058538953523E-05
"p1208": 0.003052079158363769
"p1209": 0
"p1210": 0.002075489094744289
"p1211": 0.0016596386052261675
"p1212": 0.0027679460184667714
