"p1150": 7.5267056926356815E-06
"p1151": 0
"p1152": 0.0012588415270933177
"p1153": 0
"p1154": 0.004403122830191873
"p1155": 0.001531684608451361
"p1156": 0
"p1157": 0
"p1158": 0.0012475514685543643
"p1159": 0.00013171734962112442
"p1160": 0.0017687758377693849
"p1161": 8.091208619583358E-05
"p1162": 0.015792910219572822
"p1163": 0.006235875666348662
"p1164": 0.0003180033155138576
"p1165": 0
"p1166": 0.01209353437164238
"p1167": 0.004292103921225496
"p1168": 1.8816764231589204E-06
"p1169": 0
"p1170": 6.209532196424438E-05
"p1171": 1.3171734962112444E-05
"p1172": 0
"p1173": 0
"p1174": 1.1290058538953523E-05
"p1175": 0
"p1176": 3.7633528463178407E-06
"p1177": 0
"p1178": 0.0003161216390906986
"p1179": 7.5267056926356815E-06
"p1180": 0
"p1181": 0
"p1182": 0.00021451111224011693
"p1183": 1.8816764231589207E-05
"p1184": 0.0017537224263841134
"p1185": 0
"p1186": 0.003582711909694584
"p1187": 0.0006454150131435097
"p1188": 0
"p1189": 0
"p1190": 0.00038574366674757867
"p1191": 3.0106822770542726E-05
"p1192": 0.003582711909694584
"p1193": 0.0003857436667475787
"p1194": 0.011497042945501006
"p1195": 0.007673476453642077
"p1196": 0.0006454150131435097
"p1197": 3.0106822770542726E-05
"p1198": 0.007673476453642079
"p1199": 0.002651282080230919
"p1200": 0.00059272807329506
"p1201": 0
"p1202": 0.006484256954205641
"p1203": 0.0011816927937438018
"p1204": 0
"p1205": 0
"p1206": 0.0008956779774236462
"p1207": 5.2686939848449775E-05
"p1208": 0.0011591126766658949
"p1209": 2.2580117077907045E-05
"p1210": 0.014789976686029119
"p1211": 0.0048095649375942
"p1212": 0.00012419064392848875
