"p1150": 0.011278768480414569
"p1151": 0.004766286379861546
"p1152": 0.002566606641188768
"p1153": 4.704191057897301E-05
"p1154": 0.0016878637515735516
"p1155": 0.002201561415095937
"p1156": 0.00044595731228866403
"p1157": 3.951520488633733E-05
"p1158": 2.4461793501065963E-05
"p1159": 5.645029269476761E-05
"p1160": 0.0027284308135804344
"p1161": 1.1290058538953523E-05
"p1162": 0.0009822350928889564
"p1163": 0.0012569598506701589
"p1164": 0.005321380924693427
"p1165": 0
"p1166": 0.0016389401645714196
"p1167": 0.002431125938721325
"p1168": 0
"p1169": 0
"p1170": 0
"p1171": 0
"p1172": 0
"p1173": 0
"p1174": 0
"p1175": 0
"p1176": 0
"p1177": 0
"p1178": 0
"p1179": 0
"p1180": 0
"p1181": 0
"p1182": 0
"p1183": 0
"p1184": 0.002105595917514832
"p1185": 0.00016558752523798502
"p1186": 0.0007601972749562037
"p1187": 0.0022279048850201615
"p1188": 0.0003594001968233538
"p1189": 7.903040977267466E-05
"p1190": 1.8816764231589203E-05
"p1191": 4.892358700213193E-05
"p1192": 0.0010970173547016505
"p1193": 1.3171734962112444E-05
"p1194": 0.0002653163756654078
"p1195": 0.0006717584830677345
"p1196": 0.0026211752574603763
"p1197": 4.516023415581409E-05
"p1198": 0.0005362777806002922
"p1199": 0.0016163600474935129
"p1200": 0.001911783245929463
"p1201": 0
"p1202": 0.0015730814897608573
"p1203": 0.0012400247628617286
"p1204": 0.00040079707813285
"p1205": 0
"p1206": 1.3171734962112444E-05
"p1207": 4.516023415581409E-05
"p1208": 0.0012682499092091125
"p1209": 0
"p1210": 0.0005550945448318816
"p1211": 0.0004403122830191874
"p1212": 0.0034716930007282084
