"p1150": 0.00861055131237522
"p1151": 0.0013303452311733566
"p1152": 5.645029269476761E-06
"p1153": 0
"p1154": 0.00029542319843595046
"p1155": 5.456861627160869E-05
"p1156": 2.634346992422488E-05
"p1157": 0
"p1158": 0.0006886935708761647
"p1159": 0.0001110189089663763
"p1160": 1.8816764231589204E-06
"p1161": 0
"p1162": 7.338538050319788E-05
"p1163": 1.1290058538953523E-05
"p1164": 1.5053411385271363E-05
"p1165": 0
"p1166": 0.000564502926947676
"p1167": 2.0698440654748124E-05
"p1168": 0
"p1169": 0
"p1170": 0
"p1171": 0
"p1172": 0
"p1173": 0
"p1174": 0
"p1175": 0
"p1176": 0
"p1177": 0
"p1178": 0
"p1179": 0
"p1180": 0
"p1181": 0
"p1182": 0
"p1183": 0
"p1184": 0.00045724737082761767
"p1185": 1.1290058538953523E-05
"p1186": 0.0038066314040504966
"p1187": 0.0011741660880511663
"p1188": 0.0015128678442197718
"p1189": 9.784717400426387E-05
"p1190": 0.008623723047337334
"p1191": 0.0034622846186124134
"p1192": 7.338538050319788E-05
"p1193": 0
"p1194": 0.0018873214524283972
"p1195": 0.0004948808992907961
"p1196": 0.001160994353089054
"p1197": 0
"p1198": 0.008110025383814948
"p1199": 0.001862859658927331
"p1200": 3.951520488633733E-05
"p1201": 0
"p1202": 0.0015260395791818842
"p1203": 0.0003594001968233538
"p1204": 0.0002069844065474812
"p1205": 0
"p1206": 0.0040625393976001095
"p1207": 0.001277658291324907
"p1208": 1.1290058538953523E-05
"p1209": 0
"p1210": 0.0004948808992907961
"p1211": 8.655711546531035E-05
"p1212": 0.00010349220327374062
