"p1150": 0
"p1151": 0
"p1152": 1.6935087808430282E-05
"p1153": 0.00014488908458323686
"p1154": 0.00023144620004854718
"p1155": 0.0013623337303670584
"p1156": 0.00021074775939379907
"p1157": 0.001727378956459889
"p1158": 0.0011064257368174452
"p1159": 0.003070895922595358
"p1160": 9.032046831162818E-05
"p1161": 0.0007470255399940911
"p1162": 0.0010104602392363403
"p1163": 0.0044595731228866415
"p1164": 0.00041396881309496247
"p1165": 0.0018139360719251992
"p1166": 0.002918480132319486
"p1167": 0.008843879188846927
"p1168": 3.3870175616860565E-05
"p1169": 0.0002051027301243223
"p1170": 0.000989761798581592
"p1171": 0.003080304304711152
"p1172": 0.0002521446407032953
"p1173": 0.001473352639333435
"p1174": 0.0027491292542351827
"p1175": 0.006277272547658157
"p1176": 0.00011854561465901199
"p1177": 0.0006058998082571723
"p1178": 0.003415242708033441
"p1179": 0.00857668113675836
"p1180": 0.00039515204886337327
"p1181": 0.001081963943316379
"p1182": 0.010448949177801484
"p1183": 0.018310593273759456
"p1184": 0
"p1185": 1.3171734962112444E-05
"p1186": 1.3171734962112444E-05
"p1187": 0.00019381267158536877
"p1188": 7.150370408003898E-05
"p1189": 0.0008429910375751964
"p1190": 0.00025402631712645424
"p1191": 0.0008542810961141499
"p1192": 4.327855773265516E-05
"p1193": 0.00029165984558963265
"p1194": 0.0003029499041285862
"p1195": 0.001531684608451361
"p1196": 0.00023897290574118288
"p1197": 0.0013642154067902172
"p1198": 0.001228734704322775
"p1199": 0.0052536405734597055
"p1200": 0
"p1201": 3.7633528463178407E-06
"p1202": 0.0003217666683601754
"p1203": 0.0006792851887603702
"p1204": 0.00016558752523798497
"p1205": 0.00044407563586550526
"p1206": 0.0015222762263355665
"p1207": 0.002961758690052141
"p1208": 3.951520488633733E-05
"p1209": 8.843879188846925E-05
"p1210": 0.0014225473759081442
"p1211": 0.001793237631270451
"p1212": 0.00019945770085484557
