"p63": 0
"p64": 0.00073197212860882
"p65": 0.0001749959073537796
"p66": 2.6343469924224884E-05
"p67": 0
"p68": 0
"p69": 0
"p70": 0
"p71": 0
"p72": 0.00024085458216434178
"p73": 3.7633528463178407E-05
"p74": 0
"p75": 0
"p76": 0.00020510273012432236
"p77": 4.516023415581409E-05
"p78": 0
"p79": 0
"p80": 0.0002559079935496132
"p81": 2.258011707790705E-05
"p82": 0
"p83": 0
"p84": 1.1290058538953523E-05
"p85": 0
"p86": 0
"p87": 0
"p88": 0.00017123255450746173
"p89": 2.4461793501065963E-05
"p90": 0
"p91": 0
"p92": 0.000308594933398063
"p93": 9.596549758110493E-05
"p94": 1.5053411385271363E-05
"p95": 0
"p96": 0.004226245246414937
"p97": 0.001317173496211244
"p98": 0.00021827446508643474
"p99": 1.8816764231589203E-05
"p100": 5.645029269476761E-06
"p101": 0
"p102": 0
"p103": 0
"p104": 0.0029090717502036918
"p105": 0.0007714873334951572
"p106": 0.00011666393823585305
"p107": 2.2580117077907045E-05
"p108": 0.005127568253108059
"p109": 0.0014150206702155078
"p110": 0.00019569434800852773
"p111": 7.5267056926356815E-06
"p112": 0.002600476816805628
"p113": 0.0008994413302699639
"p114": 0.00017875926020009746
"p115": 1.8816764231589203E-05
"p116": 6.39769983874033E-05
"p117": 3.7633528463178407E-06
"p118": 0
"p119": 0
"p120": 0.002290000206984406
"p121": 0.000660468424528781
"p122": 9.972885042742278E-05
"p123": 2.2580117077907045E-05
"p124": 0.0042224818935686186
"p125": 0.0015580280783755861
