"p63": 0
"p64": 0.0010217502977752937
"p65": 0.00028789649274331484
"p66": 2.4461793501065966E-05
"p67": 1.8816764231589204E-06
"p68": 0.0010499754441226775
"p69": 0.00025967134639593104
"p70": 2.8225146347383808E-05
"p71": 1.8816764231589204E-06
"p72": 0.0005249877220613388
"p73": 6.774035123372114E-05
"p74": 1.8816764231589204E-06
"p75": 0
"p76": 0.00025026296428013644
"p77": 3.3870175616860565E-05
"p78": 0
"p79": 0
"p80": 0.0010951356782784914
"p81": 0.00029354152201279153
"p82": 2.8225146347383808E-05
"p83": 1.8816764231589204E-06
"p84": 0.00085428109611415
"p85": 0.0002446179350106596
"p86": 2.8225146347383808E-05
"p87": 1.8816764231589204E-06
"p88": 0.0008110025383814947
"p89": 0.0001016105268505817
"p90": 7.5267056926356815E-06
"p91": 0
"p92": 0.0004948808992907961
"p93": 6.209532196424438E-05
"p94": 3.7633528463178407E-06
"p95": 0
"p96": 0.0005249877220613388
"p97": 6.774035123372113E-05
"p98": 1.8816764231589204E-06
"p99": 0
"p100": 0.0007413805107246145
"p101": 0.0001016105268505817
"p102": 7.5267056926356815E-06
"p103": 0
"p104": 5.080526342529086E-05
"p105": 1.6935087808430286E-05
"p106": 0
"p107": 0
"p108": 2.4461793501065966E-05
"p109": 9.408382115794602E-06
"p110": 0
"p111": 0
"p112": 0.00028789649274331484
"p113": 3.3870175616860565E-05
"p114": 0
"p115": 0
"p116": 0.0005494495155624046
"p117": 6.209532196424438E-05
"p118": 3.7633528463178407E-06
"p119": 0
"p120": 2.8225146347383805E-05
"p121": 1.3171734962112444E-05
"p122": 0
"p123": 0
"p124": 9.972885042742278E-05
"p125": 1.6935087808430282E-05
