"p63": 0
"p64": 0.00016746920166114393
"p65": 2.6343469924224887E-05
"p66": 1.8816764231589204E-06
"p67": 0
"p68": 0.0014225473759081435
"p69": 0.0003462284618612413
"p70": 2.0698440654748124E-05
"p71": 1.8816764231589204E-06
"p72": 1.6935087808430286E-05
"p73": 0
"p74": 0
"p75": 0
"p76": 0.000165587525237985
"p77": 3.0106822770542726E-05
"p78": 0
"p79": 0
"p80": 0.00014488908458323686
"p81": 2.0698440654748128E-05
"p82": 1.8816764231589204E-06
"p83": 0
"p84": 0.0008881512717310105
"p85": 0.00020886608297064017
"p86": 2.6343469924224884E-05
"p87": 0
"p88": 3.010682277054273E-05
"p89": 3.7633528463178407E-06
"p90": 0
"p91": 0
"p92": 0.00034999181470755914
"p93": 0.000141125731736919
"p94": 2.2580117077907045E-05
"p95": 0
"p96": 0.0016276501060324658
"p97": 0.00044972066513498195
"p98": 7.714873334951573E-05
"p99": 5.645029269476761E-06
"p100": 0.005279984043383933
"p101": 0.001838397865426265
"p102": 0.0002973048748591094
"p103": 1.6935087808430282E-05
"p104": 0.0002709614049348845
"p105": 7.714873334951573E-05
"p106": 1.3171734962112444E-05
"p107": 0
"p108": 0.0010857272961626969
"p109": 0.00026907972851172564
"p110": 3.0106822770542726E-05
"p111": 0
"p112": 0.0016031883125314
"p113": 0.000568266279793994
"p114": 8.843879188846925E-05
"p115": 5.645029269476761E-06
"p116": 0.004860370201019491
"p117": 0.0018647413353504896
"p118": 0.000378216961054943
"p119": 1.8816764231589203E-05
"p120": 0.00035751852040019486
"p121": 0.0001016105268505817
"p122": 1.8816764231589203E-05
"p123": 0
"p124": 0.0018685046881968081
"p125": 0.0006811668651835292
