"p63": 0
"p64": 7.903040977267466E-05
"p65": 1.8816764231589204E-06
"p66": 0
"p67": 0
"p68": 0
"p69": 0
"p70": 0
"p71": 0
"p72": 1.8816764231589203E-05
"p73": 0
"p74": 0
"p75": 0
"p76": 5.645029269476761E-06
"p77": 0
"p78": 0
"p79": 0
"p80": 2.6343469924224887E-05
"p81": 0
"p82": 0
"p83": 0
"p84": 0
"p85": 0
"p86": 0
"p87": 0
"p88": 1.3171734962112444E-05
"p89": 0
"p90": 0
"p91": 0
"p92": 2.6343469924224887E-05
"p93": 1.1290058538953524E-05
"p94": 0
"p95": 0
"p96": 0.0001674692016611439
"p97": 9.408382115794602E-06
"p98": 0
"p99": 0
"p100": 0
"p101": 0
"p102": 0
"p103": 0
"p104": 7.150370408003898E-05
"p105": 5.645029269476761E-06
"p106": 0
"p107": 0
"p108": 5.8331969117926534E-05
"p109": 0
"p110": 0
"p111": 0
"p112": 0.000306713256974904
"p113": 4.516023415581409E-05
"p114": 0
"p115": 0
"p116": 0
"p117": 0
"p118": 0
"p119": 0
"p120": 0.00025214464070329537
"p121": 5.645029269476761E-06
"p122": 0
"p123": 0
"p124": 0.00025214464070329537
"p125": 5.080526342529086E-05
