"p63": 0
"p64": 1.8816764231589204E-06
"p65": 0
"p66": 0
"p67": 0
"p68": 9.596549758110495E-05
"p69": 1.8816764231589204E-06
"p70": 0
"p71": 0
"p72": 0
"p73": 0
"p74": 0
"p75": 0
"p76": 5.645029269476761E-06
"p77": 0
"p78": 0
"p79": 0
"p80": 1.3171734962112444E-05
"p81": 0
"p82": 0
"p83": 0
"p84": 3.7633528463178407E-05
"p85": 0
"p86": 0
"p87": 0
"p88": 0
"p89": 0
"p90": 0
"p91": 0
"p92": 1.5053411385271365E-05
"p93": 1.1290058538953524E-05
"p94": 0
"p95": 0
"p96": 0.00011478226181269415
"p97": 5.645029269476761E-06
"p98": 0
"p99": 0
"p100": 0.00017311423093062066
"p101": 9.408382115794602E-06
"p102": 0
"p103": 0
"p104": 7.5267056926356815E-06
"p105": 0
"p106": 0
"p107": 0
"p108": 1.8816764231589204E-06
"p109": 0
"p110": 0
"p111": 0
"p112": 0.00022956452362538827
"p113": 5.6450292694767617E-05
"p114": 0
"p115": 0
"p116": 0.0003518734911307182
"p117": 4.516023415581409E-05
"p118": 0
"p119": 0
"p120": 0.00012419064392848875
"p121": 0
"p122": 0
"p123": 0
"p124": 8.843879188846925E-05
"p125": 0
