"p63": 0
"p64": 0.0017763025434620206
"p65": 0.0006792851887603701
"p66": 0.00015241579027587256
"p67": 1.8816764231589203E-05
"p68": 6.39769983874033E-05
"p69": 3.7633528463178407E-06
"p70": 0
"p71": 0
"p72": 0.0019343633630073704
"p73": 0.0005889647204487421
"p74": 9.972885042742278E-05
"p75": 2.2580117077907045E-05
"p76": 0.004068184426869587
"p77": 0.001535447961297679
"p78": 0.00030106822770542725
"p79": 7.5267056926356815E-06
"p80": 1.5053411385271363E-05
"p81": 0
"p82": 0
"p83": 0
"p84": 3.7633528463178407E-06
"p85": 0
"p86": 0
"p87": 0
"p88": 0
"p89": 0
"p90": 0
"p91": 0
"p92": 0
"p93": 0
"p94": 0
"p95": 0
"p96": 0.0041848483651054395
"p97": 0.0012701315856322713
"p98": 0.00022203781793275258
"p99": 1.8816764231589203E-05
"p100": 5.645029269476761E-06
"p101": 0
"p102": 0
"p103": 0
"p104": 0.0022636567370601817
"p105": 0.0006247165724887616
"p106": 9.408382115794602E-05
"p107": 2.2580117077907045E-05
"p108": 0.0044783898871182315
"p109": 0.001198627881552232
"p110": 0.0001844042894695742
"p111": 7.5267056926356815E-06
"p112": 0.001612596694647195
"p113": 0.0003669269025159895
"p114": 3.7633528463178407E-05
"p115": 0
"p116": 3.7633528463178407E-06
"p117": 3.7633528463178407E-06
"p118": 0
"p119": 0
"p120": 0.001061265502661631
"p121": 0.00022768284720222937
"p122": 0
"p123": 0
"p124": 0.0013021200848259726
"p125": 0.0002954231984359505
