"p63": 0
"p64": 0.0001561791431221904
"p65": 2.6343469924224884E-05
"p66": 0
"p67": 0
"p68": 0.00035375516755387705
"p69": 3.7633528463178407E-05
"p70": 0
"p71": 0
"p72": 2.0698440654748124E-05
"p73": 5.645029269476761E-06
"p74": 0
"p75": 0
"p76": 0.00021639278866327578
"p77": 7.338538050319788E-05
"p78": 1.5053411385271363E-05
"p79": 0
"p80": 0
"p81": 0
"p82": 0
"p83": 0
"p84": 3.3870175616860565E-05
"p85": 0
"p86": 0
"p87": 0
"p88": 0
"p89": 0
"p90": 0
"p91": 0
"p92": 0
"p93": 0
"p94": 0
"p95": 0
"p96": 0.005033484431950112
"p97": 0.0015994249596850824
"p98": 0.0002671980520885667
"p99": 1.5053411385271363E-05
"p100": 0.007438266900747214
"p101": 0.0024932212606855694
"p102": 0.0005231060456381797
"p103": 8.27937626189925E-05
"p104": 0.00182898948331047
"p105": 0.0004403122830191874
"p106": 5.268693984844977E-05
"p107": 0
"p108": 0.004196138423644393
"p109": 0.0012607232035164765
"p110": 0.0001956943480085277
"p111": 0
"p112": 0.0008185292440741304
"p113": 0.00019569434800852773
"p114": 2.2580117077907045E-05
"p115": 0
"p116": 0.0017857109255778156
"p117": 0.000472300782212889
"p118": 3.7633528463178407E-05
"p119": 0
"p120": 0.0002897781691664738
"p121": 4.1396881309496255E-05
"p122": 0
"p123": 0
"p124": 0.0003255300212064932
"p125": 5.080526342529085E-05
