"p63": 0
"p64": 0.0008994413302699641
"p65": 0.0002446179350106596
"p66": 2.8225146347383808E-05
"p67": 1.8816764231589204E-06
"p68": 5.645029269476761E-06
"p69": 0
"p70": 0
"p71": 0
"p72": 0.001650230223110373
"p73": 0.0003142399626675397
"p74": 3.575185204001949E-05
"p75": 1.8816764231589204E-06
"p76": 0.00073197212860882
"p77": 0.00011290058538953522
"p78": 3.7633528463178407E-06
"p79": 0
"p80": 5.645029269476761E-06
"p81": 0
"p82": 0
"p83": 0
"p84": 0
"p85": 0
"p86": 0
"p87": 0
"p88": 0
"p89": 0
"p90": 0
"p91": 0
"p92": 0
"p93": 0
"p94": 0
"p95": 0
"p96": 0.001512867844219772
"p97": 0.0002973048748591094
"p98": 3.575185204001949E-05
"p99": 1.8816764231589204E-06
"p100": 0
"p101": 0
"p102": 0
"p103": 0
"p104": 0.00127201326205543
"p105": 0.0002803697870506791
"p106": 2.8225146347383808E-05
"p107": 1.8816764231589204E-06
"p108": 0.00042714054805707483
"p109": 5.645029269476761E-05
"p110": 0
"p111": 0
"p112": 0.0007376171578782968
"p113": 9.596549758110495E-05
"p114": 3.7633528463178407E-06
"p115": 0
"p116": 0
"p117": 0
"p118": 0
"p119": 0
"p120": 0.0005494495155624046
"p121": 7.714873334951574E-05
"p122": 0
"p123": 0
"p124": 0.0003198849919370165
"p125": 5.080526342529084E-05
