"p63": 0
"p64": 0.0010951356782784914
"p65": 0.00029354152201279153
"p66": 2.8225146347383808E-05
"p67": 1.8816764231589204E-06
"p68": 0.0008768612131920569
"p69": 0.0002446179350106596
"p70": 2.8225146347383808E-05
"p71": 1.8816764231589204E-06
"p72": 0.0008110025383814947
"p73": 0.0001016105268505817
"p74": 7.5267056926356815E-06
"p75": 0
"p76": 0.0005118159870992264
"p77": 6.209532196424438E-05
"p78": 3.7633528463178407E-06
"p79": 0
"p80": 0
"p81": 0
"p82": 0
"p83": 0
"p84": 5.645029269476761E-06
"p85": 0
"p86": 0
"p87": 0
"p88": 0
"p89": 0
"p90": 0
"p91": 0
"p92": 0
"p93": 0
"p94": 0
"p95": 0
"p96": 0.0012249713514764571
"p97": 0.00025402631712645424
"p98": 2.6343469924224887E-05
"p99": 1.8816764231589204E-06
"p100": 0.001512867844219772
"p101": 0.0002973048748591094
"p102": 3.575185204001949E-05
"p103": 1.8816764231589204E-06
"p104": 0.0003913886960170554
"p105": 7.714873334951574E-05
"p106": 1.8816764231589204E-06
"p107": 0
"p108": 0.00019004931873905096
"p109": 3.9515204886337324E-05
"p110": 0
"p111": 0
"p112": 0.0005287510749076565
"p113": 0.0001016105268505817
"p114": 0
"p115": 0
"p116": 0.0007244454229161843
"p117": 9.596549758110495E-05
"p118": 3.7633528463178407E-06
"p119": 0
"p120": 0.00018440428946957417
"p121": 1.3171734962112444E-05
"p122": 0
"p123": 0
"p124": 0.0001561791431221904
"p125": 1.6935087808430282E-05
