"p63": 0
"p64": 0.0003819803139012609
"p65": 6.585867481056221E-05
"p66": 0
"p67": 0
"p68": 5.645029269476761E-06
"p69": 0
"p70": 0
"p71": 0
"p72": 0.003906360254477919
"p73": 0.00146394425721764
"p74": 0.00028225146347383805
"p75": 1.6935087808430282E-05
"p76": 0.0017913559548472918
"p77": 0.000496762575713955
"p78": 7.903040977267465E-05
"p79": 5.645029269476761E-06
"p80": 0.0006472966895666684
"p81": 0.00019004931873905094
"p82": 2.0698440654748124E-05
"p83": 0
"p84": 7.338538050319788E-05
"p85": 1.5053411385271363E-05
"p86": 0
"p87": 0
"p88": 0.0033456206803765594
"p89": 0.0014959327564113415
"p90": 0.000353755167553877
"p91": 1.6935087808430282E-05
"p92": 0.0025045113192245236
"p93": 0.0009182580945015531
"p94": 0.00012607232035164766
"p95": 5.645029269476761E-06
"p96": 9.596549758110492E-05
"p97": 4.139688130949624E-05
"p98": 5.645029269476761E-06
"p99": 0
"p100": 0
"p101": 0
"p102": 0
"p103": 0
"p104": 0.0029692853957447767
"p105": 0.000920139770924712
"p106": 4.139688130949625E-05
"p107": 1.8816764231589204E-06
"p108": 0.0007884224213035876
"p109": 0.00011854561465901199
"p110": 1.1290058538953523E-05
"p111": 0
"p112": 0.00033117505047597004
"p113": 9.596549758110495E-05
"p114": 9.408382115794602E-06
"p115": 0
"p116": 0
"p117": 0
"p118": 0
"p119": 0
"p120": 0.002385965704565511
"p121": 0.0005946097497182189
"p122": 3.951520488633733E-05
"p123": 1.8816764231589204E-06
"p124": 0.0007357354814551379
"p125": 9.032046831162818E-05
