"p63": 0
"p64": 7.903040977267465E-05
"p65": 1.5053411385271363E-05
"p66": 1.8816764231589204E-06
"p67": 0
"p68": 0.00038762534317073765
"p69": 6.585867481056221E-05
"p70": 0
"p71": 0
"p72": 0.00146394425721764
"p73": 0.0004516023415581409
"p74": 7.903040977267465E-05
"p75": 5.645029269476761E-06
"p76": 0.004160386571604373
"p77": 0.0015505013726829504
"p78": 0.0002916598455896326
"p79": 1.6935087808430282E-05
"p80": 0.00028977816916647367
"p81": 8.279376261899251E-05
"p82": 1.1290058538953523E-05
"p83": 0
"p84": 0.0007206820700698662
"p85": 0.0002051027301243223
"p86": 2.0698440654748124E-05
"p87": 0
"p88": 0.0015956616068387645
"p89": 0.0006021364554108546
"p90": 9.972885042742277E-05
"p91": 5.645029269476761E-06
"p92": 0.003936467077248463
"p93": 0.0017518407499609544
"p94": 0.00038009863747810193
"p95": 1.6935087808430282E-05
"p96": 2.2580117077907045E-05
"p97": 5.645029269476761E-06
"p98": 0
"p99": 0
"p100": 9.596549758110492E-05
"p101": 4.139688130949624E-05
"p102": 5.645029269476761E-06
"p103": 0
"p104": 0.0008373460083057195
"p105": 0.00015241579027587256
"p106": 1.3171734962112442E-05
"p107": 0
"p108": 0.0029429419258205514
"p109": 0.0009088497123857584
"p110": 3.9515204886337324E-05
"p111": 1.8816764231589204E-06
"p112": 8.467543904215141E-05
"p113": 1.1290058538953523E-05
"p114": 0
"p115": 0
"p116": 0.00033117505047597004
"p117": 9.596549758110495E-05
"p118": 9.408382115794602E-06
"p119": 0
"p120": 0.0007244454229161845
"p121": 9.784717400426387E-05
"p122": 1.5053411385271363E-05
"p123": 0
"p124": 0.002346450499679174
"p125": 0.0005870830440255833
