"p63": 0
"p64": 0.0001505341138527136
"p65": 1.8816764231589203E-05
"p66": 0
"p67": 0
"p68": 0
"p69": 0
"p70": 0
"p71": 0
"p72": 0.00043278557732655173
"p73": 4.1396881309496255E-05
"p74": 0
"p75": 0
"p76": 0.00010349220327374062
"p77": 2.2580117077907045E-05
"p78": 0
"p79": 0
"p80": 0
"p81": 0
"p82": 0
"p83": 0
"p84": 0
"p85": 0
"p86": 0
"p87": 0
"p88": 3.3870175616860565E-05
"p89": 0
"p90": 0
"p91": 0
"p92": 0
"p93": 0
"p94": 0
"p95": 0
"p96": 0.0006021364554108546
"p97": 0.0001467707610063958
"p98": 2.2580117077907045E-05
"p99": 0
"p100": 0.00010913723254321736
"p101": 1.5053411385271363E-05
"p102": 0
"p103": 0
"p104": 0.009555152876800999
"p105": 0.0028770832510099896
"p106": 0.0005456861627160868
"p107": 8.27937626189925E-05
"p108": 0.00700924467626698
"p109": 0.0022448399728285918
"p110": 0.0004177321659412803
"p111": 1.5053411385271363E-05
"p112": 0.0001505341138527136
"p113": 6.021364554108545E-05
"p114": 1.1290058538953523E-05
"p115": 0
"p116": 3.7633528463178407E-06
"p117": 0
"p118": 0
"p119": 0
"p120": 0.002333278764717061
"p121": 0.0005494495155624048
"p122": 3.7633528463178407E-05
"p123": 0
"p124": 0.0010443304148532006
"p125": 0.0003010682277054273
