"p63": 0
"p64": 7.5267056926356815E-06
"p65": 0
"p66": 0
"p67": 0
"p68": 0.00016182417239166713
"p69": 1.8816764231589203E-05
"p70": 0
"p71": 0
"p72": 0.00017123255450746176
"p73": 2.6343469924224884E-05
"p74": 0
"p75": 0
"p76": 0.00034622846186124133
"p77": 3.7633528463178407E-05
"p78": 0
"p79": 0
"p80": 0
"p81": 0
"p82": 0
"p83": 0
"p84": 0
"p85": 0
"p86": 0
"p87": 0
"p88": 0
"p89": 0
"p90": 0
"p91": 0
"p92": 3.3870175616860565E-05
"p93": 0
"p94": 0
"p95": 0
"p96": 0.0008128842148046535
"p97": 0.00020886608297064017
"p98": 2.0698440654748128E-05
"p99": 0
"p100": 0.000711273687954072
"p101": 0.00016182417239166713
"p102": 2.2580117077907045E-05
"p103": 0
"p104": 0.006328077811083449
"p105": 0.001909901569506304
"p106": 0.00029730487485910934
"p107": 1.5053411385271363E-05
"p108": 0.009641709992266307
"p109": 0.00315368968521435
"p110": 0.0006472966895666686
"p111": 8.27937626189925E-05
"p112": 0.00018816764231589206
"p113": 5.645029269476761E-05
"p114": 5.645029269476761E-06
"p115": 0
"p116": 0.0001618241723916671
"p117": 6.021364554108545E-05
"p118": 1.1290058538953523E-05
"p119": 0
"p120": 0.0010085785628131813
"p121": 0.0002239194943559115
"p122": 2.2580117077907045E-05
"p123": 0
"p124": 0.0021601645337864404
"p125": 0.0006002547789876957
