"p63": 0
"p64": 6.774035123372114E-05
"p65": 1.8816764231589204E-06
"p66": 0
"p67": 0
"p68": 0
"p69": 0
"p70": 0
"p71": 0
"p72": 0.001505341138527136
"p73": 0.0003575185204001948
"p74": 2.2580117077907045E-05
"p75": 1.8816764231589204E-06
"p76": 0.00010725555612005845
"p77": 3.7633528463178407E-06
"p78": 0
"p79": 0
"p80": 0.000284133139896997
"p81": 3.7633528463178407E-05
"p82": 3.7633528463178407E-06
"p83": 0
"p84": 0
"p85": 0
"p86": 0
"p87": 0
"p88": 0.0009333115058868247
"p89": 0.0002220378179327526
"p90": 2.8225146347383805E-05
"p91": 0
"p92": 0.00013359902604428333
"p93": 1.3171734962112444E-05
"p94": 0
"p95": 0
"p96": 0.00038009863747810193
"p97": 6.774035123372113E-05
"p98": 0
"p99": 0
"p100": 5.645029269476761E-06
"p101": 0
"p102": 0
"p103": 0
"p104": 0.005556590477588294
"p105": 0.0019117832459294628
"p106": 0.00030671325697490405
"p107": 1.6935087808430282E-05
"p108": 0.0021300577110158975
"p109": 0.0005268693984844977
"p110": 8.467543904215141E-05
"p111": 5.645029269476761E-06
"p112": 0.0006058998082571721
"p113": 0.00019004931873905094
"p114": 2.0698440654748124E-05
"p115": 0
"p116": 7.338538050319788E-05
"p117": 1.5053411385271363E-05
"p118": 0
"p119": 0
"p120": 0.00524611386776707
"p121": 0.0019851686264326608
"p122": 0.00039891540170969113
"p123": 1.8816764231589203E-05
"p124": 0.0026437553745382834
"p125": 0.0009257848001941888
