"p63": 0
"p64": 0.00034434678543808245
"p65": 7.526705692635681E-05
"p66": 5.645029269476761E-06
"p67": 0
"p68": 0.00038198031390126086
"p69": 0.00010161052685058171
"p70": 1.1290058538953523E-05
"p71": 0
"p72": 0.0031781514787154164
"p73": 0.0009483649172720959
"p74": 0.0001392440553137601
"p75": 7.5267056926356815E-06
"p76": 0.004433229652962417
"p77": 0.0015561464019524269
"p78": 0.00030671325697490405
"p79": 4.1396881309496255E-05
"p80": 0.0006472966895666684
"p81": 0.00019004931873905094
"p82": 2.0698440654748128E-05
"p83": 0
"p84": 0.00042714054805707494
"p85": 0.00012042729108217089
"p86": 2.2580117077907045E-05
"p87": 0
"p88": 0.002865793192471036
"p89": 0.0009822350928889564
"p90": 0.00017311423093062066
"p91": 7.5267056926356815E-06
"p92": 0.0035620134690398366
"p93": 0.0014300740816007792
"p94": 0.0003236483447833343
"p95": 4.1396881309496255E-05
"p96": 4.139688130949625E-05
"p97": 1.8816764231589204E-06
"p98": 0
"p99": 0
"p100": 6.962202765688005E-05
"p101": 3.1988499193701654E-05
"p102": 0
"p103": 0
"p104": 0.0016050699889545586
"p105": 0.00028789649274331484
"p106": 7.5267056926356815E-06
"p107": 0
"p108": 0.002952350307936346
"p109": 0.0008636894782299444
"p110": 8.467543904215143E-05
"p111": 0
"p112": 8.091208619583357E-05
"p113": 0
"p114": 0
"p115": 0
"p116": 0.00019757602443168663
"p117": 6.962202765688005E-05
"p118": 0
"p119": 0
"p120": 0.0007150370408003897
"p121": 8.279376261899251E-05
"p122": 0
"p123": 0
"p124": 0.0013773871417523294
"p125": 0.000329293374052811
