"p63": 0
"p64": 0.0002559079935496132
"p65": 2.258011707790705E-05
"p66": 0
"p67": 0
"p68": 1.1290058538953523E-05
"p69": 0
"p70": 0
"p71": 0
"p72": 0.00017123255450746173
"p73": 2.4461793501065963E-05
"p74": 0
"p75": 0
"p76": 0.000308594933398063
"p77": 9.596549758110493E-05
"p78": 1.5053411385271363E-05
"p79": 0
"p80": 3.3870175616860565E-05
"p81": 0
"p82": 0
"p83": 0
"p84": 0
"p85": 0
"p86": 0
"p87": 0
"p88": 0
"p89": 0
"p90": 0
"p91": 0
"p92": 0
"p93": 0
"p94": 0
"p95": 0
"p96": 0.005838841941062132
"p97": 0.0018854397760052382
"p98": 0.00037445360820862513
"p99": 3.7633528463178407E-05
"p100": 6.962202765688006E-05
"p101": 3.7633528463178407E-06
"p102": 0
"p103": 0
"p104": 0.004171676630143327
"p105": 0.0011214791482027165
"p106": 0.00019381267158536883
"p107": 4.516023415581409E-05
"p108": 0.008279376261899252
"p109": 0.002677625550155144
"p110": 0.00047418245863604794
"p111": 1.5053411385271363E-05
"p112": 0.001398085582407078
"p113": 0.00036692690251598946
"p114": 3.7633528463178407E-05
"p115": 0
"p116": 0
"p117": 0
"p118": 0
"p119": 0
"p120": 0.0010198686213521348
"p121": 0.00019569434800852776
"p122": 0
"p123": 0
"p124": 0.0008580444489604676
"p125": 0.00019757602443168663
