"p63": 0
"p64": 3.0106822770542726E-05
"p65": 0
"p66": 0
"p67": 0
"p68": 0
"p69": 0
"p70": 0
"p71": 0
"p72": 0.0009747083871963207
"p73": 0.000212629435816958
"p74": 2.6343469924224884E-05
"p75": 0
"p76": 0.00010913723254321737
"p77": 2.2580117077907045E-05
"p78": 0
"p79": 0
"p80": 0.0001505341138527136
"p81": 1.8816764231589203E-05
"p82": 0
"p83": 0
"p84": 0
"p85": 0
"p86": 0
"p87": 0
"p88": 0.00043278557732655173
"p89": 4.1396881309496255E-05
"p90": 0
"p91": 0
"p92": 0.00010349220327374062
"p93": 2.2580117077907045E-05
"p94": 0
"p95": 0
"p96": 0.00040644210740232675
"p97": 0.00010537387969689955
"p98": 1.1290058538953523E-05
"p99": 0
"p100": 9.408382115794602E-06
"p101": 0
"p102": 0
"p103": 0
"p104": 0.006838012121759518
"p105": 0.0020228021548958394
"p106": 0.0003236483447833343
"p107": 4.1396881309496255E-05
"p108": 0.004480271563541391
"p109": 0.0012588415270933177
"p110": 0.00018440428946957417
"p111": 7.5267056926356815E-06
"p112": 0.0003236483447833343
"p113": 0.00011290058538953522
"p114": 2.2580117077907045E-05
"p115": 0
"p116": 0.00010349220327374062
"p117": 1.5053411385271363E-05
"p118": 0
"p119": 0
"p120": 0.004645859088779374
"p121": 0.0014827610214492293
"p122": 0.0002671980520885667
"p123": 4.1396881309496255E-05
"p124": 0.0038743717552842177
"p125": 0.001396203905983919
