"p63": 0
"p64": 0.0006058998082571721
"p65": 0.00018628596589273307
"p66": 2.0698440654748124E-05
"p67": 0
"p68": 7.338538050319788E-05
"p69": 1.5053411385271363E-05
"p70": 0
"p71": 0
"p72": 0.003481101382844002
"p73": 0.0015072228149502953
"p74": 0.000353755167553877
"p75": 1.6935087808430282E-05
"p76": 0.002468759467184504
"p77": 0.0009126130652320764
"p78": 0.00012607232035164766
"p79": 5.645029269476761E-06
"p80": 5.080526342529086E-05
"p81": 0
"p82": 0
"p83": 0
"p84": 0
"p85": 0
"p86": 0
"p87": 0
"p88": 4.704191057897301E-05
"p89": 5.645029269476761E-06
"p90": 0
"p91": 0
"p92": 3.7633528463178407E-06
"p93": 0
"p94": 0
"p95": 0
"p96": 0.0003029499041285863
"p97": 7.338538050319788E-05
"p98": 5.645029269476761E-06
"p99": 0
"p100": 1.8816764231589204E-06
"p101": 0
"p102": 0
"p103": 0
"p104": 0.005366541158849243
"p105": 0.001955061803662118
"p106": 0.0002747247577812024
"p107": 1.8816764231589203E-05
"p108": 0.0016652836344956444
"p109": 0.00040079707813285006
"p110": 6.021364554108546E-05
"p111": 5.645029269476761E-06
"p112": 0.0004591290472507764
"p113": 0.0001298356731979655
"p114": 9.408382115794602E-06
"p115": 0
"p116": 3.7633528463178407E-06
"p117": 0
"p118": 0
"p119": 0
"p120": 0.002873319898163671
"p121": 0.0007620789513793628
"p122": 7.33853805031979E-05
"p123": 1.8816764231589204E-06
"p124": 0.0012155629693606624
"p125": 0.0002314462000485472
