"p63": 0
"p64": 3.7633528463178407E-06
"p65": 0
"p66": 0
"p67": 0
"p68": 4.516023415581409E-05
"p69": 7.5267056926356815E-06
"p70": 0
"p71": 0
"p72": 0.00010913723254321738
"p73": 1.5053411385271363E-05
"p74": 0
"p75": 0
"p76": 0.0001693508780843028
"p77": 1.8816764231589203E-05
"p78": 0
"p79": 0
"p80": 0
"p81": 0
"p82": 0
"p83": 0
"p84": 0
"p85": 0
"p86": 0
"p87": 0
"p88": 0
"p89": 0
"p90": 0
"p91": 0
"p92": 1.1290058538953523E-05
"p93": 0
"p94": 0
"p95": 0
"p96": 0.0003180033155138576
"p97": 4.1396881309496255E-05
"p98": 3.7633528463178407E-06
"p99": 0
"p100": 0.00019757602443168663
"p101": 2.2580117077907045E-05
"p102": 0
"p103": 0
"p104": 0.002848858104662606
"p105": 0.0006153081903729669
"p106": 6.021364554108544E-05
"p107": 3.76335284631784E-06
"p108": 0.0027152590786183226
"p109": 0.0005833196911792653
"p110": 6.774035123372113E-05
"p111": 3.76335284631784E-06
"p112": 4.1396881309496255E-05
"p113": 5.645029269476761E-06
"p114": 0
"p115": 0
"p116": 6.962202765688006E-05
"p117": 1.1290058538953523E-05
"p118": 0
"p119": 0
"p120": 0.0005475678391392458
"p121": 0.00010913723254321737
"p122": 0
"p123": 0
"p124": 0.0008204109204972892
"p125": 0.00011101890896637632
