"p63": 0
"p64": 0.0005946097497182188
"p65": 0.00014112573173691902
"p66": 1.5053411385271363E-05
"p67": 0
"p68": 6.774035123372114E-05
"p69": 0
"p70": 0
"p71": 0
"p72": 0.00028789649274331484
"p73": 8.091208619583358E-05
"p74": 1.3171734962112442E-05
"p75": 0
"p76": 0.00046289240009709447
"p77": 0.00015241579027587253
"p78": 2.2580117077907045E-05
"p79": 0
"p80": 6.774035123372113E-05
"p81": 5.645029269476761E-06
"p82": 0
"p83": 0
"p84": 0
"p85": 0
"p86": 0
"p87": 0
"p88": 0
"p89": 0
"p90": 0
"p91": 0
"p92": 0
"p93": 0
"p94": 0
"p95": 0
"p96": 0.005778628295521046
"p97": 0.002032210537011634
"p98": 0.0003669269025159894
"p99": 2.8225146347383808E-05
"p100": 8.27937626189925E-05
"p101": 1.5053411385271363E-05
"p102": 0
"p103": 0
"p104": 0.0029579953372058237
"p105": 0.0012249713514764571
"p106": 0.0002784881106275202
"p107": 7.5267056926356815E-06
"p108": 0.004909293788021622
"p109": 0.0016107150182240355
"p110": 0.00023144620004854718
"p111": 1.1290058538953523E-05
"p112": 0.001768775837769385
"p113": 0.00046853742936657115
"p114": 4.327855773265517E-05
"p115": 1.8816764231589204E-06
"p116": 3.7633528463178407E-06
"p117": 0
"p118": 0
"p119": 0
"p120": 0.0007733690099183162
"p121": 0.00021827446508643474
"p122": 3.575185204001949E-05
"p123": 0
"p124": 0.000705628658684595
"p125": 0.00012230896750532982
