"p63": 0
"p64": 0.0010499754441226775
"p65": 0.00025967134639593104
"p66": 2.8225146347383808E-05
"p67": 1.8816764231589204E-06
"p68": 0
"p69": 0
"p70": 0
"p71": 0
"p72": 0.0012814216441712246
"p73": 0.0002709614049348845
"p74": 2.6343469924224887E-05
"p75": 1.8816764231589204E-06
"p76": 0.0004685374293665712
"p77": 8.467543904215141E-05
"p78": 0
"p79": 0
"p80": 0.0008768612131920569
"p81": 0.0002446179350106596
"p82": 2.8225146347383808E-05
"p83": 1.8816764231589204E-06
"p84": 5.645029269476761E-06
"p85": 0
"p86": 0
"p87": 0
"p88": 0.001650230223110373
"p89": 0.0003142399626675397
"p90": 3.575185204001949E-05
"p91": 1.8816764231589204E-06
"p92": 0.0007150370408003896
"p93": 0.00011290058538953522
"p94": 3.7633528463178407E-06
"p95": 0
"p96": 0.0007413805107246145
"p97": 0.0001016105268505817
"p98": 7.5267056926356815E-06
"p99": 0
"p100": 0
"p101": 0
"p102": 0
"p103": 0
"p104": 0.00042337719521075696
"p105": 7.714873334951574E-05
"p106": 1.8816764231589204E-06
"p107": 0
"p108": 0.00014865243742955472
"p109": 9.408382115794602E-06
"p110": 0
"p111": 0
"p112": 0.0005626212505245172
"p113": 6.209532196424438E-05
"p114": 3.7633528463178407E-06
"p115": 0
"p116": 0
"p117": 0
"p118": 0
"p119": 0
"p120": 0.0002239194943559115
"p121": 4.327855773265517E-05
"p122": 0
"p123": 0
"p124": 0.0001674692016611439
"p125": 1.6935087808430282E-05
