"p63": 0
"p64": 0.002649400403807759
"p65": 0.0009182580945015532
"p66": 0.00016370584881482604
"p67": 1.3171734962112444E-05
"p68": 9.408382115794602E-06
"p69": 0
"p70": 0
"p71": 0
"p72": 0.0013284635547501974
"p73": 0.0005682662797939939
"p74": 0.00012419064392848875
"p75": 3.7633528463178407E-06
"p76": 0.002265538413483341
"p77": 0.0006077814846803313
"p78": 8.843879188846925E-05
"p79": 5.645029269476761E-06
"p80": 0.0020416189191274285
"p81": 0.000874979536768898
"p82": 0.00019004931873905096
"p83": 1.3171734962112444E-05
"p84": 9.972885042742278E-05
"p85": 1.5053411385271363E-05
"p86": 0
"p87": 0
"p88": 0.0014074939645228723
"p89": 0.0006510600424129864
"p90": 0.00016935087808430283
"p91": 3.7633528463178407E-06
"p92": 0.003074659275441676
"p93": 0.0011402959124343058
"p94": 0.00015617914312219037
"p95": 5.645029269476761E-06
"p96": 0.002173336268748553
"p97": 0.0006153081903729669
"p98": 3.9515204886337324E-05
"p99": 1.8816764231589204E-06
"p100": 0
"p101": 0
"p102": 0
"p103": 0
"p104": 0.0008354643318825605
"p105": 0.00031988499193701646
"p106": 3.7633528463178407E-06
"p107": 0
"p108": 0.000897559653846805
"p109": 0.0001693508780843028
"p110": 1.8816764231589203E-05
"p111": 0
"p112": 0.001889203128851556
"p113": 0.0004421939594423463
"p114": 3.575185204001949E-05
"p115": 1.8816764231589204E-06
"p116": 2.4461793501065963E-05
"p117": 5.645029269476761E-06
"p118": 0
"p119": 0
"p120": 0.0005588578976781994
"p121": 0.0001731142309306207
"p122": 5.645029269476761E-06
"p123": 0
"p124": 0.0010010518571205453
"p125": 0.00018440428946957417
