"p63": 0
"p64": 0.00020322105370116343
"p65": 5.080526342529086E-05
"p66": 0
"p67": 0
"p68": 0.00019757602443168663
"p69": 3.3870175616860565E-05
"p70": 0
"p71": 0
"p72": 0.00012419064392848875
"p73": 0
"p74": 0
"p75": 0
"p76": 4.704191057897301E-05
"p77": 0
"p78": 0
"p79": 0
"p80": 0.0002201561415095937
"p81": 5.080526342529086E-05
"p82": 0
"p83": 0
"p84": 0.00013548070246744226
"p85": 3.3870175616860565E-05
"p86": 0
"p87": 0
"p88": 0.0002088660829706401
"p89": 0
"p90": 0
"p91": 0
"p92": 7.526705692635681E-05
"p93": 0
"p94": 0
"p95": 0
"p96": 0.00010725555612005847
"p97": 0
"p98": 0
"p99": 0
"p100": 0.00014300740816007796
"p101": 0
"p102": 0
"p103": 0
"p104": 5.645029269476761E-06
"p105": 5.645029269476761E-06
"p106": 0
"p107": 0
"p108": 3.7633528463178407E-06
"p109": 3.7633528463178407E-06
"p110": 0
"p111": 0
"p112": 8.27937626189925E-05
"p113": 0
"p114": 0
"p115": 0
"p116": 0.00013359902604428333
"p117": 0
"p118": 0
"p119": 0
"p120": 5.645029269476761E-06
"p121": 5.645029269476761E-06
"p122": 0
"p123": 0
"p124": 1.3171734962112444E-05
"p125": 3.7633528463178407E-06
