"p63": 0
"p64": 0.0003725719317854662
"p65": 0.00010161052685058171
"p66": 1.1290058538953523E-05
"p67": 0
"p68": 9.408382115794602E-06
"p69": 0
"p70": 0
"p71": 0
"p72": 0.004472744857848755
"p73": 0.0014319557580239383
"p74": 0.0002653163756654078
"p75": 4.1396881309496255E-05
"p76": 0.0034434678543808243
"p77": 0.0010537387969689954
"p78": 0.0001768775837769385
"p79": 7.5267056926356815E-06
"p80": 0.0003236483447833343
"p81": 0.00010537387969689952
"p82": 2.2580117077907045E-05
"p83": 0
"p84": 0.00010349220327374062
"p85": 1.5053411385271363E-05
"p86": 0
"p87": 0
"p88": 0.0033983076202250095
"p89": 0.0011911011758595966
"p90": 0.0002408545821643418
"p91": 4.1396881309496255E-05
"p92": 0.003693730818660961
"p93": 0.0013660970832133764
"p94": 0.0002784881106275202
"p95": 7.5267056926356815E-06
"p96": 6.962202765688005E-05
"p97": 3.1988499193701654E-05
"p98": 0
"p99": 0
"p100": 0
"p101": 0
"p102": 0
"p103": 0
"p104": 0.0031311095681364432
"p105": 0.000848636066844673
"p106": 8.467543904215143E-05
"p107": 0
"p108": 0.0013830321710218063
"p109": 0.0002728430813580435
"p110": 7.5267056926356815E-06
"p111": 0
"p112": 0.00019757602443168663
"p113": 6.962202765688005E-05
"p114": 0
"p115": 0
"p116": 0
"p117": 0
"p118": 0
"p119": 0
"p120": 0.001605069988954559
"p121": 0.0003255300212064932
"p122": 2.6343469924224884E-05
"p123": 0
"p124": 0.0005419228098697691
"p125": 7.903040977267466E-05
