"p63": 0
"p64": 0.000308594933398063
"p65": 0.00010537387969689952
"p66": 2.2580117077907045E-05
"p67": 0
"p68": 0.00010349220327374062
"p69": 1.5053411385271363E-05
"p70": 0
"p71": 0
"p72": 0.003441586177957665
"p73": 0.0011911011758595966
"p74": 0.0002408545821643418
"p75": 4.1396881309496255E-05
"p76": 0.003610937056041968
"p77": 0.0013548070246744229
"p78": 0.0002784881106275202
"p79": 7.5267056926356815E-06
"p80": 1.1290058538953523E-05
"p81": 0
"p82": 0
"p83": 0
"p84": 0
"p85": 0
"p86": 0
"p87": 0
"p88": 1.5053411385271363E-05
"p89": 0
"p90": 0
"p91": 0
"p92": 0
"p93": 0
"p94": 0
"p95": 0
"p96": 0.00032929337405281106
"p97": 6.962202765688005E-05
"p98": 0
"p99": 0
"p100": 5.645029269476761E-06
"p101": 0
"p102": 0
"p103": 0
"p104": 0.006237757342771822
"p105": 0.0018214627776178345
"p106": 0.000304831580551745
"p107": 4.1396881309496255E-05
"p108": 0.003667387348736735
"p109": 0.0009351931823099836
"p110": 0.00013924405531376012
"p111": 7.5267056926356815E-06
"p112": 0.00030671325697490405
"p113": 0.0001223089675053298
"p114": 1.1290058538953523E-05
"p115": 0
"p116": 3.7633528463178407E-06
"p117": 0
"p118": 0
"p119": 0
"p120": 0.0025477898769571783
"p121": 0.0005607395741013583
"p122": 3.7633528463178407E-05
"p123": 0
"p124": 0.0013943222295607594
"p125": 0.0003499918147075592
