"p63": 7.5267056926356815E-06
"p64": 6.774035123372114E-05
"p65": 0
"p66": 0
"p67": 0
"p68": 0
"p69": 0
"p70": 0
"p71": 0
"p72": 1.1290058538953523E-05
"p73": 0
"p74": 0
"p75": 0
"p76": 2.2580117077907045E-05
"p77": 0
"p78": 0
"p79": 0
"p80": 1.1290058538953523E-05
"p81": 0
"p82": 0
"p83": 0
"p84": 0
"p85": 0
"p86": 0
"p87": 0
"p88": 9.408382115794602E-06
"p89": 5.645029269476761E-06
"p90": 0
"p91": 0
"p92": 1.3171734962112442E-05
"p93": 5.645029269476761E-06
"p94": 0
"p95": 0
"p96": 0.0002878964927433148
"p97": 3.3870175616860565E-05
"p98": 0
"p99": 0
"p100": 0
"p101": 0
"p102": 0
"p103": 0
"p104": 0.00039515204886337327
"p105": 5.080526342529086E-05
"p106": 0
"p107": 0
"p108": 4.704191057897301E-05
"p109": 0
"p110": 0
"p111": 0
"p112": 0.00023144620004854718
"p113": 3.3870175616860565E-05
"p114": 0
"p115": 0
"p116": 0
"p117": 0
"p118": 0
"p119": 0
"p120": 0.00047982748790552463
"p121": 5.080526342529086E-05
"p122": 0
"p123": 0
"p124": 0.00010913723254321737
"p125": 0
