"p63": 0
"p64": 0.000611544837526649
"p65": 0.00018252261304641524
"p66": 2.0698440654748128E-05
"p67": 0
"p68": 0.00041208713667180354
"p69": 0.00012042729108217089
"p70": 2.2580117077907045E-05
"p71": 0
"p72": 0.0028526214575089236
"p73": 0.0009822350928889564
"p74": 0.00017311423093062066
"p75": 7.5267056926356815E-06
"p76": 0.0035582501161935186
"p77": 0.0014187840230618256
"p78": 0.0003236483447833343
"p79": 4.1396881309496255E-05
"p80": 0
"p81": 0
"p82": 0
"p83": 0
"p84": 1.1290058538953523E-05
"p85": 0
"p86": 0
"p87": 0
"p88": 0
"p89": 0
"p90": 0
"p91": 0
"p92": 1.5053411385271363E-05
"p93": 0
"p94": 0
"p95": 0
"p96": 0.00021827446508643474
"p97": 2.6343469924224887E-05
"p98": 0
"p99": 0
"p100": 0.0003349384033222878
"p101": 6.962202765688005E-05
"p102": 0
"p103": 0
"p104": 0.0038047497276273374
"p105": 0.0009728267107731618
"p106": 0.00012419064392848875
"p107": 7.5267056926356815E-06
"p108": 0.006130501786651765
"p109": 0.001870386364619967
"p110": 0.0003236483447833343
"p111": 4.1396881309496255E-05
"p112": 0.0002577896699727721
"p113": 5.645029269476761E-05
"p114": 5.645029269476761E-06
"p115": 0
"p116": 0.0003104766098212219
"p117": 0.0001223089675053298
"p118": 1.1290058538953523E-05
"p119": 0
"p120": 0.0014244290523313028
"p121": 0.00027284308135804345
"p122": 2.2580117077907045E-05
"p123": 0
"p124": 0.002246721649251751
"p125": 0.0006115448375266493
