"p63": 0
"p64": 0.000284133139896997
"p65": 3.7633528463178407E-05
"p66": 3.7633528463178407E-06
"p67": 0
"p68": 0
"p69": 0
"p70": 0
"p71": 0
"p72": 0.0009333115058868247
"p73": 0.0002220378179327526
"p74": 2.8225146347383805E-05
"p75": 0
"p76": 0.00013359902604428333
"p77": 1.3171734962112444E-05
"p78": 0
"p79": 0
"p80": 0
"p81": 0
"p82": 0
"p83": 0
"p84": 0
"p85": 0
"p86": 0
"p87": 0
"p88": 6.774035123372113E-05
"p89": 5.645029269476761E-06
"p90": 0
"p91": 0
"p92": 0
"p93": 0
"p94": 0
"p95": 0
"p96": 0.0008110025383814947
"p97": 0.0002201561415095937
"p98": 2.0698440654748124E-05
"p99": 0
"p100": 7.526705692635681E-05
"p101": 1.5053411385271363E-05
"p102": 0
"p103": 0
"p104": 0.008572917783912044
"p105": 0.0032026132722164824
"p106": 0.000634124954604556
"p107": 3.575185204001948E-05
"p108": 0.003761471169894682
"p109": 0.001228734704322775
"p110": 0.00018064093662325636
"p111": 1.1290058538953523E-05
"p112": 0.0002051027301243223
"p113": 3.575185204001949E-05
"p114": 0
"p115": 0
"p116": 3.7633528463178407E-06
"p117": 0
"p118": 0
"p119": 0
"p120": 0.0025534349062266556
"p121": 0.0006886935708761648
"p122": 7.903040977267466E-05
"p123": 1.8816764231589204E-06
"p124": 0.0006454150131435096
"p125": 0.0001486524374295547
