"p63": 0
"p64": 0.0003180033155138576
"p65": 3.7633528463178407E-05
"p66": 3.7633528463178407E-06
"p67": 0
"p68": 0
"p69": 0
"p70": 0
"p71": 0
"p72": 6.209532196424438E-05
"p73": 3.7633528463178407E-06
"p74": 0
"p75": 0
"p76": 9.032046831162818E-05
"p77": 5.645029269476761E-06
"p78": 0
"p79": 0
"p80": 0.0001505341138527136
"p81": 1.8816764231589203E-05
"p82": 0
"p83": 0
"p84": 0
"p85": 0
"p86": 0
"p87": 0
"p88": 8.091208619583357E-05
"p89": 1.5053411385271363E-05
"p90": 0
"p91": 0
"p92": 0.00015241579027587256
"p93": 4.139688130949625E-05
"p94": 0
"p95": 0
"p96": 0.0014771159921797522
"p97": 0.0003123582862443808
"p98": 3.198849919370165E-05
"p99": 1.8816764231589204E-06
"p100": 0
"p101": 0
"p102": 0
"p103": 0
"p104": 0.001510986167796613
"p105": 0.0003029499041285862
"p106": 2.8225146347383808E-05
"p107": 1.8816764231589204E-06
"p108": 0.000568266279793994
"p109": 9.596549758110495E-05
"p110": 0
"p111": 0
"p112": 0.001294593379133337
"p113": 0.0002991865512822683
"p114": 3.198849919370165E-05
"p115": 1.8816764231589204E-06
"p116": 5.645029269476761E-06
"p117": 0
"p118": 0
"p119": 0
"p120": 0.0017556041028072723
"p121": 0.0003180033155138576
"p122": 3.575185204001949E-05
"p123": 1.8816764231589204E-06
"p124": 0.0008486360668446729
"p125": 0.00013548070246744226
