"p63": 0
"p64": 0.0025459082005340186
"p65": 0.0008147658912278125
"p66": 0.0001279539967748066
"p67": 7.5267056926356815E-06
"p68": 0.0033945442673786927
"p69": 0.0012513148214006817
"p70": 0.00025778966997277205
"p71": 4.1396881309496255E-05
"p72": 0.0009069680359625994
"p73": 0.00019945770085484554
"p74": 2.2580117077907045E-05
"p75": 0
"p76": 0.0019211916280452573
"p77": 0.0005080526342529086
"p78": 6.021364554108546E-05
"p79": 0
"p80": 0.002120649328900104
"p81": 0.0007884224213035877
"p82": 0.00015429746669903146
"p83": 7.5267056926356815E-06
"p84": 0.0021413477695548517
"p85": 0.0009295481530405065
"p86": 0.00022580117077907044
"p87": 4.1396881309496255E-05
"p88": 0.0010687922083542666
"p89": 0.00027096140493488457
"p90": 3.0106822770542726E-05
"p91": 0
"p92": 0.002335160441140219
"p93": 0.0008110025383814948
"p94": 0.00013548070246744226
"p95": 0
"p96": 0.0014639442572176398
"p97": 0.0002766064342043613
"p98": 7.5267056926356815E-06
"p99": 0
"p100": 0.0027491292542351827
"p101": 0.0008335826554594016
"p102": 8.467543904215143E-05
"p103": 0
"p104": 0.00019945770085484557
"p105": 3.1988499193701654E-05
"p106": 0
"p107": 0
"p108": 0.0003443467854380824
"p109": 6.39769983874033E-05
"p110": 1.1290058538953523E-05
"p111": 0
"p112": 0.0007150370408003896
"p113": 8.279376261899251E-05
"p114": 0
"p115": 0
"p116": 0.0013209368490575617
"p117": 0.0003217666683601754
"p118": 2.6343469924224884E-05
"p119": 0
"p120": 5.080526342529085E-05
"p121": 2.0698440654748124E-05
"p122": 0
"p123": 0
"p124": 0.0002671980520885667
"p125": 6.021364554108545E-05
