"p63": 0
"p64": 1.1290058538953523E-05
"p65": 0
"p66": 0
"p67": 0
"p68": 0.00033493840332228785
"p69": 3.7633528463178407E-05
"p70": 3.7633528463178407E-06
"p71": 0
"p72": 0.0001749959073537796
"p73": 2.4461793501065966E-05
"p74": 1.8816764231589204E-06
"p75": 0
"p76": 0.000829819302613084
"p77": 0.00021074775939379907
"p78": 2.6343469924224884E-05
"p79": 0
"p80": 0
"p81": 0
"p82": 0
"p83": 0
"p84": 0
"p85": 0
"p86": 0
"p87": 0
"p88": 0
"p89": 0
"p90": 0
"p91": 0
"p92": 6.774035123372113E-05
"p93": 5.645029269476761E-06
"p94": 0
"p95": 0
"p96": 0.0003085949333980629
"p97": 8.279376261899251E-05
"p98": 1.1290058538953523E-05
"p99": 0
"p100": 0.0008862695953078513
"p101": 0.00023520955289486507
"p102": 2.0698440654748124E-05
"p103": 0
"p104": 0.0029824571307068884
"p105": 0.0009897617985815922
"p106": 0.00017123255450746173
"p107": 1.1290058538953523E-05
"p108": 0.009124248975897604
"p109": 0.0034509945600734596
"p110": 0.0006548233952593041
"p111": 3.575185204001948E-05
"p112": 3.9515204886337324E-05
"p113": 7.5267056926356815E-06
"p114": 0
"p115": 0
"p116": 0.00023709122931802397
"p117": 3.575185204001949E-05
"p118": 0
"p119": 0
"p120": 0.0005343961041771334
"p121": 8.467543904215143E-05
"p122": 1.8816764231589204E-06
"p123": 0
"p124": 0.002589186758266676
"p125": 0.0007489072164172504
