"p63": 0
"p64": 0.00010349220327374062
"p65": 5.645029269476761E-06
"p66": 0
"p67": 0
"p68": 0.00015053411385271363
"p69": 9.408382115794602E-06
"p70": 0
"p71": 0
"p72": 7.5267056926356815E-06
"p73": 0
"p74": 0
"p75": 0
"p76": 7.5267056926356815E-06
"p77": 0
"p78": 0
"p79": 0
"p80": 0.0002163927886632758
"p81": 5.6450292694767617E-05
"p82": 0
"p83": 0
"p84": 0.00018816764231589203
"p85": 4.3278557732655166E-05
"p86": 0
"p87": 0
"p88": 0.00012419064392848875
"p89": 0
"p90": 0
"p91": 0
"p92": 8.279376261899248E-05
"p93": 0
"p94": 0
"p95": 0
"p96": 1.3171734962112442E-05
"p97": 0
"p98": 0
"p99": 0
"p100": 3.9515204886337324E-05
"p101": 1.8816764231589204E-06
"p102": 0
"p103": 0
"p104": 0
"p105": 0
"p106": 0
"p107": 0
"p108": 0
"p109": 0
"p110": 0
"p111": 0
"p112": 6.021364554108544E-05
"p113": 0
"p114": 0
"p115": 0
"p116": 0.00013548070246744223
"p117": 1.8816764231589204E-06
"p118": 0
"p119": 0
"p120": 5.645029269476761E-06
"p121": 5.645029269476761E-06
"p122": 0
"p123": 0
"p124": 1.3171734962112442E-05
"p125": 3.7633528463178407E-06
