"p63": 0
"p64": 0.00027284308135804345
"p65": 8.279376261899251E-05
"p66": 1.1290058538953523E-05
"p67": 0
"p68": 0.00067928518876037
"p69": 0.00020133937727800444
"p70": 2.0698440654748124E-05
"p71": 0
"p72": 0.0015956616068387645
"p73": 0.0006021364554108546
"p74": 9.972885042742277E-05
"p75": 5.645029269476761E-06
"p76": 0.004051249339061157
"p77": 0.0017574857792304313
"p78": 0.00038009863747810193
"p79": 1.6935087808430282E-05
"p80": 0
"p81": 0
"p82": 0
"p83": 0
"p84": 5.080526342529086E-05
"p85": 0
"p86": 0
"p87": 0
"p88": 5.645029269476761E-06
"p89": 0
"p90": 0
"p91": 0
"p92": 4.516023415581409E-05
"p93": 5.645029269476761E-06
"p94": 0
"p95": 0
"p96": 5.8331969117926534E-05
"p97": 5.645029269476761E-06
"p98": 0
"p99": 0
"p100": 0.00030483158055174517
"p101": 7.338538050319788E-05
"p102": 5.645029269476761E-06
"p103": 0
"p104": 0.0017330239857293657
"p105": 0.0004666557529434122
"p106": 7.714873334951573E-05
"p107": 5.645029269476761E-06
"p108": 0.005351487747463971
"p109": 0.0019531801272389595
"p110": 0.0002690797285117256
"p111": 1.8816764231589203E-05
"p112": 0.00012419064392848873
"p113": 1.8816764231589203E-05
"p114": 0
"p115": 0
"p116": 0.00046289240009709425
"p117": 0.0001298356731979655
"p118": 9.408382115794602E-06
"p119": 0
"p120": 0.0010029335335437046
"p121": 0.0001561791431221904
"p122": 1.5053411385271363E-05
"p123": 0
"p124": 0.002954231984359506
"p125": 0.0008222925969204481
