"p63": 0
"p64": 3.7633528463178407E-06
"p65": 0
"p66": 0
"p67": 0
"p68": 0
"p69": 0
"p70": 0
"p71": 0
"p72": 0.0003688085789391484
"p73": 4.1396881309496255E-05
"p74": 3.7633528463178407E-06
"p75": 0
"p76": 4.704191057897301E-05
"p77": 5.645029269476761E-06
"p78": 0
"p79": 0
"p80": 4.516023415581409E-05
"p81": 7.5267056926356815E-06
"p82": 0
"p83": 0
"p84": 0
"p85": 0
"p86": 0
"p87": 0
"p88": 0.00020886608297064014
"p89": 2.2580117077907045E-05
"p90": 0
"p91": 0
"p92": 7.33853805031979E-05
"p93": 1.1290058538953523E-05
"p94": 0
"p95": 0
"p96": 0.00010537387969689955
"p97": 1.5053411385271363E-05
"p98": 0
"p99": 0
"p100": 0
"p101": 0
"p102": 0
"p103": 0
"p104": 0.0028432130753931295
"p105": 0.0005983731025645366
"p106": 6.021364554108546E-05
"p107": 3.7633528463178407E-06
"p108": 0.0004911175464444783
"p109": 9.220214473478709E-05
"p110": 0
"p111": 0
"p112": 0.0001580608195453493
"p113": 1.8816764231589203E-05
"p114": 0
"p115": 0
"p116": 1.1290058538953523E-05
"p117": 0
"p118": 0
"p119": 0
"p120": 0.0029015450445110556
"p121": 0.0006002547789876956
"p122": 6.774035123372114E-05
"p123": 3.7633528463178407E-06
"p124": 0.0007639606278025214
"p125": 0.0001279539967748066
