"p63": 0
"p64": 0.0013171734962112444
"p65": 0.00040644210740232675
"p66": 7.150370408003898E-05
"p67": 5.645029269476761E-06
"p68": 0.0036636239958904174
"p69": 0.00139432222956076
"p70": 0.00027284308135804345
"p71": 1.6935087808430282E-05
"p72": 0.00023520955289486504
"p73": 7.33853805031979E-05
"p74": 1.3171734962112444E-05
"p75": 0
"p76": 0.0010424487384300416
"p77": 0.0002747247577812024
"p78": 3.0106822770542726E-05
"p79": 0
"p80": 0.001413138993792349
"p81": 0.0005419228098697691
"p82": 8.655711546531032E-05
"p83": 5.645029269476761E-06
"p84": 0.0030483158055174507
"p85": 0.0013867955238681244
"p86": 0.0003349384033222878
"p87": 1.6935087808430282E-05
"p88": 0.0003198849919370165
"p89": 0.0001016105268505817
"p90": 1.8816764231589203E-05
"p91": 0
"p92": 0.0018101727190788816
"p93": 0.0006717584830677346
"p94": 8.655711546531033E-05
"p95": 0
"p96": 0.0007940674505730643
"p97": 0.00014865243742955472
"p98": 1.3171734962112442E-05
"p99": 0
"p100": 0.002878964927433148
"p101": 0.0009050863595394406
"p102": 3.9515204886337324E-05
"p103": 1.8816764231589204E-06
"p104": 8.27937626189925E-05
"p105": 1.8816764231589203E-05
"p106": 1.8816764231589204E-06
"p107": 0
"p108": 0.00019569434800852773
"p109": 6.0213645541085445E-05
"p110": 7.5267056926356815E-06
"p111": 0
"p112": 0.0007188003936467076
"p113": 0.00010349220327374062
"p114": 1.5053411385271363E-05
"p115": 0
"p116": 0.002291881883407565
"p117": 0.0005776746619097885
"p118": 3.575185204001949E-05
"p119": 1.8816764231589204E-06
"p120": 6.774035123372113E-05
"p121": 1.5053411385271363E-05
"p122": 1.8816764231589204E-06
"p123": 0
"p124": 0.0004290222244802338
"p125": 0.00012042729108217089
