"p63": 0
"p64": 8.091208619583358E-05
"p65": 1.3171734962112442E-05
"p66": 0
"p67": 0
"p68": 9.784717400426387E-05
"p69": 1.5053411385271363E-05
"p70": 0
"p71": 0
"p72": 0.0013416352897123102
"p73": 0.00033117505047596993
"p74": 2.6343469924224887E-05
"p75": 1.8816764231589204E-06
"p76": 0.0012061545872448678
"p77": 0.0002897781691664738
"p78": 2.8225146347383808E-05
"p79": 1.8816764231589204E-06
"p80": 0.00028413313989699703
"p81": 3.7633528463178407E-05
"p82": 3.7633528463178407E-06
"p83": 0
"p84": 0.00015053411385271363
"p85": 1.8816764231589203E-05
"p86": 0
"p87": 0
"p88": 0.001561791431221904
"p89": 0.0003462284618612414
"p90": 3.198849919370165E-05
"p91": 1.8816764231589204E-06
"p92": 0.0012324980571690927
"p93": 0.0002991865512822683
"p94": 3.198849919370165E-05
"p95": 1.8816764231589204E-06
"p96": 1.3171734962112444E-05
"p97": 0
"p98": 0
"p99": 0
"p100": 2.8225146347383808E-05
"p101": 9.408382115794602E-06
"p102": 0
"p103": 0
"p104": 0.0005532128684087225
"p105": 7.150370408003898E-05
"p106": 1.8816764231589204E-06
"p107": 0
"p108": 0.0007489072164172503
"p109": 0.0001016105268505817
"p110": 7.5267056926356815E-06
"p111": 0
"p112": 4.1396881309496235E-05
"p113": 0
"p114": 0
"p115": 0
"p116": 8.467543904215141E-05
"p117": 2.4461793501065963E-05
"p118": 0
"p119": 0
"p120": 0.0002860148163201559
"p121": 3.3870175616860565E-05
"p122": 0
"p123": 0
"p124": 0.0005701479562171528
"p125": 6.209532196424438E-05
