"p63": 0
"p64": 0.00014488908458323686
"p65": 2.0698440654748128E-05
"p66": 1.8816764231589204E-06
"p67": 0
"p68": 0.0008881512717310105
"p69": 0.00020886608297064017
"p70": 2.6343469924224884E-05
"p71": 0
"p72": 3.010682277054273E-05
"p73": 3.7633528463178407E-06
"p74": 0
"p75": 0
"p76": 0.00034999181470755914
"p77": 0.000141125731736919
"p78": 2.2580117077907045E-05
"p79": 0
"p80": 0
"p81": 0
"p82": 0
"p83": 0
"p84": 6.774035123372113E-05
"p85": 5.645029269476761E-06
"p86": 0
"p87": 0
"p88": 0
"p89": 0
"p90": 0
"p91": 0
"p92": 0
"p93": 0
"p94": 0
"p95": 0
"p96": 0.002647518727384601
"p97": 0.0008881512717310104
"p98": 0.00015053411385271363
"p99": 1.1290058538953523E-05
"p100": 0.007972663004924349
"p101": 0.0030144456299005897
"p102": 0.0006040181318340133
"p103": 3.575185204001948E-05
"p104": 0.0005325144277539745
"p105": 0.0001674692016611439
"p106": 3.198849919370165E-05
"p107": 0
"p108": 0.0026531637566540776
"p109": 0.0009032046831162818
"p110": 0.00011290058538953522
"p111": 0
"p112": 0.00048547251717500153
"p113": 8.467543904215143E-05
"p114": 1.8816764231589204E-06
"p115": 0
"p116": 0.00242359923302869
"p117": 0.0006717584830677345
"p118": 7.714873334951574E-05
"p119": 1.8816764231589204E-06
"p120": 8.27937626189925E-05
"p121": 3.7633528463178407E-06
"p122": 0
"p123": 0
"p124": 0.00025214464070329526
"p125": 5.080526342529086E-05
