"p63": 0
"p64": 0.002120649328900104
"p65": 0.0007884224213035877
"p66": 0.00015429746669903146
"p67": 7.5267056926356815E-06
"p68": 0.0022053247679422548
"p69": 0.0009295481530405065
"p70": 0.00022580117077907044
"p71": 4.1396881309496255E-05
"p72": 0.0010687922083542666
"p73": 0.00027096140493488457
"p74": 3.0106822770542726E-05
"p75": 0
"p76": 0.002365267263910762
"p77": 0.0008185292440741304
"p78": 0.00013548070246744226
"p79": 0
"p80": 0
"p81": 0
"p82": 0
"p83": 0
"p84": 1.8816764231589203E-05
"p85": 0
"p86": 0
"p87": 0
"p88": 0
"p89": 0
"p90": 0
"p91": 0
"p92": 0
"p93": 0
"p94": 0
"p95": 0
"p96": 0.0032402468006796606
"p97": 0.0008561627725373089
"p98": 0.00011290058538953522
"p99": 7.5267056926356815E-06
"p100": 0.005264930631998661
"p101": 0.001699153810112505
"p102": 0.0002973048748591094
"p103": 4.1396881309496255E-05
"p104": 0.0007884224213035877
"p105": 0.00019004931873905096
"p106": 2.2580117077907045E-05
"p107": 0
"p108": 0.0018590963060810132
"p109": 0.0004534840179812998
"p110": 7.150370408003898E-05
"p111": 0
"p112": 0.0012569598506701586
"p113": 0.00024461793501065964
"p114": 2.2580117077907045E-05
"p115": 0
"p116": 0.001842161218272583
"p117": 0.00048359084075184255
"p118": 3.7633528463178407E-05
"p119": 0
"p120": 0.0003142399626675397
"p121": 6.209532196424438E-05
"p122": 0
"p123": 0
"p124": 0.0005099343106760674
"p125": 0.00010349220327374062
