"p63": 0
"p64": 0.0001016105268505817
"p65": 1.5053411385271363E-05
"p66": 0
"p67": 0
"p68": 0.00016182417239166713
"p69": 1.8816764231589203E-05
"p70": 0
"p71": 0
"p72": 3.0106822770542726E-05
"p73": 1.1290058538953523E-05
"p74": 0
"p75": 0
"p76": 9.032046831162818E-05
"p77": 3.0106822770542726E-05
"p78": 0
"p79": 0
"p80": 0
"p81": 0
"p82": 0
"p83": 0
"p84": 1.1290058538953523E-05
"p85": 0
"p86": 0
"p87": 0
"p88": 0
"p89": 0
"p90": 0
"p91": 0
"p92": 0
"p93": 0
"p94": 0
"p95": 0
"p96": 0.002173336268748553
"p97": 0.0005306327513308156
"p98": 5.456861627160868E-05
"p99": 3.76335284631784E-06
"p100": 0.002273065119175976
"p101": 0.0005249877220613388
"p102": 6.39769983874033E-05
"p103": 3.76335284631784E-06
"p104": 0.0011911011758595968
"p105": 0.000165587525237985
"p106": 9.408382115794602E-06
"p107": 0
"p108": 0.0006924569237224828
"p109": 9.220214473478709E-05
"p110": 3.7633528463178407E-06
"p111": 0
"p112": 0.0004139688130949626
"p113": 9.784717400426387E-05
"p114": 0
"p115": 0
"p116": 0.0007131553643772308
"p117": 8.843879188846926E-05
"p118": 3.7633528463178407E-06
"p119": 0
"p120": 0.0001674692016611439
"p121": 0
"p122": 0
"p123": 0
"p124": 0.00010349220327374063
"p125": 0
