"p63": 0
"p64": 0
"p65": 0
"p66": 0
"p67": 0
"p68": 9.596549758110495E-05
"p69": 1.8816764231589204E-06
"p70": 0
"p71": 0
"p72": 0.00018440428946957417
"p73": 2.6343469924224887E-05
"p74": 1.8816764231589204E-06
"p75": 0
"p76": 0.0014281924051776202
"p77": 0.0003462284618612413
"p78": 2.0698440654748124E-05
"p79": 1.8816764231589204E-06
"p80": 1.1290058538953523E-05
"p81": 0
"p82": 0
"p83": 0
"p84": 0.00033493840332228785
"p85": 3.7633528463178407E-05
"p86": 3.7633528463178407E-06
"p87": 0
"p88": 0.0001749959073537796
"p89": 2.4461793501065966E-05
"p90": 1.8816764231589204E-06
"p91": 0
"p92": 0.000829819302613084
"p93": 0.00021074775939379907
"p94": 2.6343469924224884E-05
"p95": 0
"p96": 7.903040977267465E-05
"p97": 1.5053411385271363E-05
"p98": 1.8816764231589204E-06
"p99": 0
"p100": 0.00038574366674757867
"p101": 6.774035123372113E-05
"p102": 0
"p103": 0
"p104": 0.0018045276898094045
"p105": 0.0004986442521371139
"p106": 8.46754390421514E-05
"p107": 5.645029269476761E-06
"p108": 0.005825670206100019
"p109": 0.0019983403613947725
"p110": 0.0003161216390906986
"p111": 1.6935087808430282E-05
"p112": 0.00028977816916647367
"p113": 8.279376261899251E-05
"p114": 1.1290058538953523E-05
"p115": 0
"p116": 0.00067928518876037
"p117": 0.0002051027301243223
"p118": 2.0698440654748124E-05
"p119": 0
"p120": 0.0018233444540409938
"p121": 0.0006284799253350794
"p122": 0.0001016105268505817
"p123": 5.645029269476761E-06
"p124": 0.005782391648367363
"p125": 0.0022335499142896384
