"p63": 0
"p64": 0.0011177157953563984
"p65": 0.0002784881106275202
"p66": 2.0698440654748124E-05
"p67": 1.8816764231589204E-06
"p68": 0
"p69": 0
"p70": 0
"p71": 0
"p72": 0.00035940019682335385
"p73": 7.903040977267465E-05
"p74": 1.8816764231589204E-06
"p75": 0
"p76": 0.0002671980520885667
"p77": 3.387017561686057E-05
"p78": 0
"p79": 0
"p80": 0.0005946097497182188
"p81": 0.00014112573173691902
"p82": 1.5053411385271363E-05
"p83": 0
"p84": 6.774035123372114E-05
"p85": 0
"p86": 0
"p87": 0
"p88": 0.00028789649274331484
"p89": 8.091208619583358E-05
"p90": 1.3171734962112442E-05
"p91": 0
"p92": 0.00046289240009709447
"p93": 0.00015241579027587253
"p94": 2.2580117077907045E-05
"p95": 0
"p96": 0.0037633528463178415
"p97": 0.0012080362636680269
"p98": 0.00018252261304641527
"p99": 1.3171734962112444E-05
"p100": 9.408382115794602E-06
"p101": 0
"p102": 0
"p103": 0
"p104": 0.0018703863646199667
"p105": 0.0007263270993393432
"p106": 0.0001298356731979655
"p107": 3.7633528463178407E-06
"p108": 0.00259859514038247
"p109": 0.0006284799253350795
"p110": 9.4083821157946E-05
"p111": 5.645029269476761E-06
"p112": 0.003356910738915514
"p113": 0.0012174446457838216
"p114": 0.00022203781793275258
"p115": 1.5053411385271365E-05
"p116": 7.714873334951573E-05
"p117": 1.5053411385271363E-05
"p118": 0
"p119": 0
"p120": 0.001992695332125297
"p121": 0.0007978308034193823
"p122": 0.00018252261304641527
"p123": 3.7633528463178407E-06
"p124": 0.0032609452413344103
"p125": 0.0011534676473964182
