"p63": 0
"p64": 0.0001938126715853688
"p65": 3.387017561686057E-05
"p66": 0
"p67": 0
"p68": 0.0008881512717310104
"p69": 0.00020886608297064014
"p70": 2.6343469924224884E-05
"p71": 0
"p72": 1.6935087808430286E-05
"p73": 0
"p74": 0
"p75": 0
"p76": 9.784717400426385E-05
"p77": 2.2580117077907045E-05
"p78": 0
"p79": 0
"p80": 0.0001561791431221904
"p81": 2.6343469924224884E-05
"p82": 0
"p83": 0
"p84": 0.00035375516755387705
"p85": 3.7633528463178407E-05
"p86": 0
"p87": 0
"p88": 2.0698440654748124E-05
"p89": 5.645029269476761E-06
"p90": 0
"p91": 0
"p92": 0.00021639278866327578
"p93": 7.338538050319788E-05
"p94": 1.5053411385271363E-05
"p95": 0
"p96": 0.003545078381231406
"p97": 0.0010123419156594993
"p98": 0.00013548070246744226
"p99": 7.5267056926356815E-06
"p100": 0.0055189569491251155
"p101": 0.0018308711597336293
"p102": 0.0003161216390906986
"p103": 4.1396881309496255E-05
"p104": 0.0010687922083542666
"p105": 0.00021074775939379907
"p106": 2.2580117077907045E-05
"p107": 0
"p108": 0.0021865080037106652
"p109": 0.0005381594570234513
"p110": 6.021364554108546E-05
"p111": 0
"p112": 0.0023633855874876045
"p113": 0.0008222925969204483
"p114": 0.00015429746669903146
"p115": 7.5267056926356815E-06
"p116": 0.003289170387681793
"p117": 0.0012174446457838216
"p118": 0.00025214464070329537
"p119": 4.1396881309496255E-05
"p120": 0.0010913723254321738
"p121": 0.00027096140493488457
"p122": 3.0106822770542726E-05
"p123": 0
"p124": 0.0023727939696033978
"p125": 0.0008185292440741304
