"p63": 0
"p64": 0
"p65": 0
"p66": 0
"p67": 0
"p68": 3.7633528463178407E-06
"p69": 0
"p70": 0
"p71": 0
"p72": 9.032046831162818E-05
"p73": 1.3171734962112442E-05
"p74": 0
"p75": 0
"p76": 0.00033493840332228785
"p77": 3.7633528463178407E-05
"p78": 3.7633528463178407E-06
"p79": 0
"p80": 3.7633528463178407E-06
"p81": 0
"p82": 0
"p83": 0
"p84": 4.516023415581409E-05
"p85": 7.5267056926356815E-06
"p86": 0
"p87": 0
"p88": 0.00010913723254321738
"p89": 1.5053411385271363E-05
"p90": 0
"p91": 0
"p92": 0.0001693508780843028
"p93": 1.8816764231589203E-05
"p94": 0
"p95": 0
"p96": 8.467543904215141E-05
"p97": 1.3171734962112442E-05
"p98": 0
"p99": 0
"p100": 0.00010537387969689955
"p101": 1.5053411385271363E-05
"p102": 0
"p103": 0
"p104": 0.0016878637515735514
"p105": 0.000378216961054943
"p106": 2.8225146347383808E-05
"p107": 1.8816764231589204E-06
"p108": 0.001650230223110373
"p109": 0.0003424651090149235
"p110": 3.198849919370165E-05
"p111": 1.8816764231589204E-06
"p112": 0.00028413313989699703
"p113": 3.7633528463178407E-05
"p114": 3.7633528463178407E-06
"p115": 0
"p116": 0.0001580608195453493
"p117": 1.8816764231589203E-05
"p118": 0
"p119": 0
"p120": 0.0017461957206914777
"p121": 0.00037633528463178407
"p122": 3.198849919370165E-05
"p123": 1.8816764231589204E-06
"p124": 0.001710443868651458
"p125": 0.000353755167553877
