"p63": 0
"p64": 9.784717400426387E-05
"p65": 1.5053411385271363E-05
"p66": 0
"p67": 0
"p68": 0
"p69": 0
"p70": 0
"p71": 0
"p72": 0.0021846263272875064
"p73": 0.0005136976635223853
"p74": 5.456861627160869E-05
"p75": 3.7633528463178407E-06
"p76": 0.00037445360820862524
"p77": 8.091208619583358E-05
"p78": 0
"p79": 0
"p80": 0.00015053411385271363
"p81": 1.8816764231589203E-05
"p82": 0
"p83": 0
"p84": 1.1290058538953523E-05
"p85": 0
"p86": 0
"p87": 0
"p88": 0.0023746756460265575
"p89": 0.000541922809869769
"p90": 6.39769983874033E-05
"p91": 3.7633528463178407E-06
"p92": 0.0006397699838740329
"p93": 0.00010537387969689952
"p94": 3.7633528463178407E-06
"p95": 0
"p96": 2.8225146347383808E-05
"p97": 9.408382115794602E-06
"p98": 0
"p99": 0
"p100": 0
"p101": 0
"p102": 0
"p103": 0
"p104": 0.0011534676473964182
"p105": 0.000165587525237985
"p106": 9.408382115794602E-06
"p107": 0
"p108": 0.00013359902604428335
"p109": 0
"p110": 0
"p111": 0
"p112": 8.467543904215141E-05
"p113": 2.4461793501065963E-05
"p114": 0
"p115": 0
"p116": 0
"p117": 0
"p118": 0
"p119": 0
"p120": 0.0007808957156109519
"p121": 9.22021447347871E-05
"p122": 3.7633528463178407E-06
"p123": 0
"p124": 0.00010537387969689954
"p125": 0
