"p63": 1.1290058538953523E-05
"p64": 0
"p65": 0
"p66": 0
"p67": 0
"p68": 3.7633528463178407E-05
"p69": 0
"p70": 0
"p71": 0
"p72": 0.0002051027301243223
"p73": 3.387017561686057E-05
"p74": 0
"p75": 0
"p76": 0.0008900329481541693
"p77": 0.00020886608297064014
"p78": 2.6343469924224884E-05
"p79": 0
"p80": 7.5267056926356815E-06
"p81": 0
"p82": 0
"p83": 0
"p84": 0.00016182417239166713
"p85": 1.8816764231589203E-05
"p86": 0
"p87": 0
"p88": 0.00017123255450746176
"p89": 2.6343469924224884E-05
"p90": 0
"p91": 0
"p92": 0.00034622846186124133
"p93": 3.7633528463178407E-05
"p94": 0
"p95": 0
"p96": 0.00036880857893914845
"p97": 7.714873334951573E-05
"p98": 5.645029269476761E-06
"p99": 0
"p100": 0.0004158504895181214
"p101": 0.00010537387969689955
"p102": 1.1290058538953523E-05
"p103": 0
"p104": 0.004309039009033928
"p105": 0.001157231000242736
"p106": 0.0001467707610063958
"p107": 7.5267056926356815E-06
"p108": 0.006745809977024732
"p109": 0.002165809563055917
"p110": 0.0003650452260928305
"p111": 4.1396881309496255E-05
"p112": 0.000658586748105622
"p113": 0.00019004931873905094
"p114": 2.0698440654748128E-05
"p115": 0
"p116": 0.00042714054805707494
"p117": 0.0001279539967748066
"p118": 2.2580117077907045E-05
"p119": 0
"p120": 0.0031311095681364432
"p121": 0.0010161052685058172
"p122": 0.00017311423093062066
"p123": 7.5267056926356815E-06
"p124": 0.0047399429099373195
"p125": 0.0017254972800367298
