"p63": 0
"p64": 0.0026531637566540784
"p65": 0.0009032046831162816
"p66": 0.0001749959073537796
"p67": 1.8816764231589203E-05
"p68": 5.645029269476761E-06
"p69": 0
"p70": 0
"p71": 0
"p72": 0.0020867791532832433
"p73": 0.0005946097497182188
"p74": 0.00010161052685058171
"p75": 2.2580117077907045E-05
"p76": 0.0040324325748295675
"p77": 0.0012117996165143445
"p78": 0.00018816764231589206
"p79": 7.5267056926356815E-06
"p80": 0.0017085621922282995
"p81": 0.0006792851887603701
"p82": 0.00015241579027587256
"p83": 1.8816764231589203E-05
"p84": 6.774035123372113E-05
"p85": 3.7633528463178407E-06
"p86": 0
"p87": 0
"p88": 0.0019343633630073704
"p89": 0.0005889647204487421
"p90": 9.972885042742278E-05
"p91": 2.2580117077907045E-05
"p92": 0.004038077604099044
"p93": 0.0015279212556050432
"p94": 0.00030106822770542725
"p95": 7.5267056926356815E-06
"p96": 0.0022053247679422548
"p97": 0.0005964914261413778
"p98": 6.962202765688006E-05
"p99": 0
"p100": 0
"p101": 0
"p102": 0
"p103": 0
"p104": 0.0009822350928889564
"p105": 0.00027284308135804345
"p106": 1.5053411385271365E-05
"p107": 0
"p108": 0.0014902877271418648
"p109": 0.00030483158055174517
"p110": 1.8816764231589203E-05
"p111": 0
"p112": 0.0012193263222069802
"p113": 0.00024273625858750074
"p114": 2.6343469924224884E-05
"p115": 0
"p116": 3.7633528463178407E-06
"p117": 3.7633528463178407E-06
"p118": 0
"p119": 0
"p120": 0.0004233771952107571
"p121": 0.00010349220327374063
"p122": 0
"p123": 0
"p124": 0.000684930218029847
"p125": 0.0001279539967748066
