"p63": 0
"p64": 0.0002201561415095937
"p65": 5.080526342529086E-05
"p66": 0
"p67": 0
"p68": 0.00013548070246744226
"p69": 3.3870175616860565E-05
"p70": 0
"p71": 0
"p72": 0.0002088660829706401
"p73": 0
"p74": 0
"p75": 0
"p76": 8.091208619583358E-05
"p77": 0
"p78": 0
"p79": 0
"p80": 0
"p81": 0
"p82": 0
"p83": 0
"p84": 0
"p85": 0
"p86": 0
"p87": 0
"p88": 0
"p89": 0
"p90": 0
"p91": 0
"p92": 0
"p93": 0
"p94": 0
"p95": 0
"p96": 0.00018064093662325636
"p97": 1.6935087808430282E-05
"p98": 0
"p99": 0
"p100": 0.00022768284720222937
"p101": 1.6935087808430282E-05
"p102": 0
"p103": 0
"p104": 4.8923587002131926E-05
"p105": 5.645029269476761E-06
"p106": 0
"p107": 0
"p108": 2.2580117077907045E-05
"p109": 3.7633528463178407E-06
"p110": 0
"p111": 0
"p112": 0.00021262943581695798
"p113": 3.3870175616860565E-05
"p114": 0
"p115": 0
"p116": 0.0002464996114338185
"p117": 1.6935087808430282E-05
"p118": 0
"p119": 0
"p120": 8.655711546531035E-05
"p121": 5.645029269476761E-06
"p122": 0
"p123": 0
"p124": 3.575185204001949E-05
"p125": 3.7633528463178407E-06
