"p63": 0
"p64": 0.001413138993792349
"p65": 0.0005419228098697691
"p66": 8.655711546531032E-05
"p67": 5.645029269476761E-06
"p68": 0.0031612163909069857
"p69": 0.0013980855824070777
"p70": 0.0003349384033222878
"p71": 1.6935087808430282E-05
"p72": 0.0003198849919370165
"p73": 0.0001016105268505817
"p74": 1.8816764231589203E-05
"p75": 0
"p76": 0.0018609779825041724
"p77": 0.0006811668651835292
"p78": 8.655711546531033E-05
"p79": 0
"p80": 5.645029269476761E-06
"p81": 0
"p82": 0
"p83": 0
"p84": 6.774035123372113E-05
"p85": 5.645029269476761E-06
"p86": 0
"p87": 0
"p88": 0
"p89": 0
"p90": 0
"p91": 0
"p92": 0
"p93": 0
"p94": 0
"p95": 0
"p96": 0.001578726519030334
"p97": 0.00042525887163391595
"p98": 6.962202765688005E-05
"p99": 5.645029269476761E-06
"p100": 0.005080526342529087
"p101": 0.0018760313938894432
"p102": 0.00026343469924224885
"p103": 1.8816764231589203E-05
"p104": 0.0002483812878569775
"p105": 8.091208619583357E-05
"p106": 1.5053411385271365E-05
"p107": 0
"p108": 0.000824174273343607
"p109": 0.00025967134639593104
"p110": 3.3870175616860565E-05
"p111": 0
"p112": 0.000985998445735274
"p113": 0.00016182417239166716
"p114": 1.5053411385271363E-05
"p115": 0
"p116": 0.0027453659013888655
"p117": 0.0007394988343014558
"p118": 6.962202765688006E-05
"p119": 1.8816764231589204E-06
"p120": 0.0001129005853895352
"p121": 1.8816764231589203E-05
"p122": 1.8816764231589204E-06
"p123": 0
"p124": 0.0005776746619097885
"p125": 0.00015994249596850823
