"p63": 0
"p64": 5.645029269476761E-06
"p65": 0
"p66": 0
"p67": 0
"p68": 3.7633528463178407E-06
"p69": 0
"p70": 0
"p71": 0
"p72": 0.000259671346395931
"p73": 5.080526342529086E-05
"p74": 0
"p75": 0
"p76": 0.00020886608297064017
"p77": 3.3870175616860565E-05
"p78": 0
"p79": 0
"p80": 5.080526342529086E-05
"p81": 0
"p82": 0
"p83": 0
"p84": 1.1290058538953523E-05
"p85": 0
"p86": 0
"p87": 0
"p88": 0.00033870175616860566
"p89": 5.080526342529086E-05
"p90": 0
"p91": 0
"p92": 0.00020322105370116337
"p93": 3.3870175616860565E-05
"p94": 0
"p95": 0
"p96": 1.8816764231589204E-06
"p97": 0
"p98": 0
"p99": 0
"p100": 1.8816764231589204E-06
"p101": 1.8816764231589204E-06
"p102": 0
"p103": 0
"p104": 0.00010725555612005847
"p105": 0
"p106": 0
"p107": 0
"p108": 0.00014300740816007796
"p109": 0
"p110": 0
"p111": 0
"p112": 1.3171734962112439E-05
"p113": 0
"p114": 0
"p115": 0
"p116": 5.645029269476761E-06
"p117": 5.645029269476761E-06
"p118": 0
"p119": 0
"p120": 7.903040977267465E-05
"p121": 0
"p122": 0
"p123": 0
"p124": 0.00013736237889060116
"p125": 0
