"p63": 0
"p64": 0.0001505341138527136
"p65": 1.8816764231589203E-05
"p66": 0
"p67": 0
"p68": 0
"p69": 0
"p70": 0
"p71": 0
"p72": 8.091208619583357E-05
"p73": 1.5053411385271363E-05
"p74": 0
"p75": 0
"p76": 0.00015241579027587256
"p77": 4.139688130949625E-05
"p78": 0
"p79": 0
"p80": 1.1290058538953523E-05
"p81": 0
"p82": 0
"p83": 0
"p84": 0
"p85": 0
"p86": 0
"p87": 0
"p88": 0
"p89": 0
"p90": 0
"p91": 0
"p92": 0
"p93": 0
"p94": 0
"p95": 0
"p96": 0.002290000206984406
"p97": 0.0005249877220613388
"p98": 6.39769983874033E-05
"p99": 3.76335284631784E-06
"p100": 5.645029269476761E-06
"p101": 0
"p102": 0
"p103": 0
"p104": 0.002764182665620454
"p105": 0.0005532128684087225
"p106": 6.397699838740328E-05
"p107": 3.76335284631784E-06
"p108": 0.001155349323819577
"p109": 0.00017123255450746176
"p110": 3.7633528463178407E-06
"p111": 0
"p112": 0.0006679951302214166
"p113": 8.843879188846926E-05
"p114": 3.7633528463178407E-06
"p115": 0
"p116": 0
"p117": 0
"p118": 0
"p119": 0
"p120": 0.0004346672537497106
"p121": 3.7633528463178407E-05
"p122": 0
"p123": 0
"p124": 0.000308594933398063
"p125": 5.645029269476761E-05
