"p63": 0
"p64": 0.0002728430813580435
"p65": 3.7633528463178407E-05
"p66": 3.7633528463178407E-06
"p67": 0
"p68": 0.00014300740816007796
"p69": 1.8816764231589203E-05
"p70": 0
"p71": 0
"p72": 0.001556146401952427
"p73": 0.0003462284618612414
"p74": 3.198849919370165E-05
"p75": 1.8816764231589204E-06
"p76": 0.001226853027899616
"p77": 0.0002991865512822683
"p78": 3.198849919370165E-05
"p79": 1.8816764231589204E-06
"p80": 0
"p81": 0
"p82": 0
"p83": 0
"p84": 0
"p85": 0
"p86": 0
"p87": 0
"p88": 0
"p89": 0
"p90": 0
"p91": 0
"p92": 5.645029269476761E-06
"p93": 0
"p94": 0
"p95": 0
"p96": 5.456861627160869E-05
"p97": 3.7633528463178407E-06
"p98": 0
"p99": 0
"p100": 7.526705692635681E-05
"p101": 1.3171734962112444E-05
"p102": 0
"p103": 0
"p104": 0.0014376007872934152
"p105": 0.0002860148163201559
"p106": 2.8225146347383808E-05
"p107": 1.8816764231589204E-06
"p108": 0.001601306636108241
"p109": 0.00030106822770542725
"p110": 3.575185204001949E-05
"p111": 1.8816764231589204E-06
"p112": 8.279376261899248E-05
"p113": 5.645029269476761E-06
"p114": 0
"p115": 0
"p116": 0.00014300740816007796
"p117": 3.575185204001949E-05
"p118": 0
"p119": 0
"p120": 0.0006491783659898275
"p121": 0.00011290058538953522
"p122": 0
"p123": 0
"p124": 0.0008373460083057193
"p125": 0.00011854561465901199
