"p63": 0
"p64": 0.0021770996215948707
"p65": 0.0008862695953078515
"p66": 0.00019004931873905096
"p67": 1.3171734962112444E-05
"p68": 7.714873334951573E-05
"p69": 1.5053411385271363E-05
"p70": 0
"p71": 0
"p72": 0.0014074939645228723
"p73": 0.0006510600424129864
"p74": 0.00016935087808430283
"p75": 3.7633528463178407E-06
"p76": 0.003125464538866967
"p77": 0.0011497042945501005
"p78": 0.00015617914312219037
"p79": 5.645029269476761E-06
"p80": 4.516023415581409E-05
"p81": 5.645029269476761E-06
"p82": 0
"p83": 0
"p84": 2.2580117077907045E-05
"p85": 0
"p86": 0
"p87": 0
"p88": 1.8816764231589204E-06
"p89": 0
"p90": 0
"p91": 0
"p92": 3.7633528463178407E-06
"p93": 0
"p94": 0
"p95": 0
"p96": 0.003836738226821039
"p97": 0.0012814216441712249
"p98": 0.00017687758377693853
"p99": 1.5053411385271365E-05
"p100": 5.645029269476761E-06
"p101": 0
"p102": 0
"p103": 0
"p104": 0.0016238867531861484
"p105": 0.0007131553643772307
"p106": 0.00010537387969689954
"p107": 3.7633528463178407E-06
"p108": 0.002156401180940123
"p109": 0.0005776746619097885
"p110": 8.843879188846925E-05
"p111": 5.645029269476761E-06
"p112": 0.0022072064443654136
"p113": 0.0005362777806002923
"p114": 4.7041910578973015E-05
"p115": 1.8816764231589204E-06
"p116": 2.8225146347383805E-05
"p117": 5.645029269476761E-06
"p118": 0
"p119": 0
"p120": 0.0007451438635709324
"p121": 0.00024461793501065964
"p122": 2.8225146347383805E-05
"p123": 0
"p124": 0.0014488908458323685
"p125": 0.00029165984558963265
