"p63": 0
"p64": 8.655711546531033E-05
"p65": 1.3171734962112442E-05
"p66": 0
"p67": 0
"p68": 0.00033493840332228785
"p69": 3.7633528463178407E-05
"p70": 3.7633528463178407E-06
"p71": 0
"p72": 1.5053411385271363E-05
"p73": 0
"p74": 0
"p75": 0
"p76": 4.327855773265517E-05
"p77": 0
"p78": 0
"p79": 0
"p80": 0.0001016105268505817
"p81": 1.5053411385271363E-05
"p82": 0
"p83": 0
"p84": 0.00016182417239166713
"p85": 1.8816764231589203E-05
"p86": 0
"p87": 0
"p88": 3.0106822770542726E-05
"p89": 1.1290058538953523E-05
"p90": 0
"p91": 0
"p92": 9.032046831162818E-05
"p93": 3.0106822770542726E-05
"p94": 0
"p95": 0
"p96": 0.00134163528971231
"p97": 0.00033117505047596993
"p98": 2.6343469924224887E-05
"p99": 1.8816764231589204E-06
"p100": 0.001482761021449229
"p101": 0.0003123582862443808
"p102": 3.198849919370165E-05
"p103": 1.8816764231589204E-06
"p104": 0.0005532128684087225
"p105": 7.150370408003898E-05
"p106": 1.8816764231589204E-06
"p107": 0
"p108": 0.00024461793501065964
"p109": 3.3870175616860565E-05
"p110": 0
"p111": 0
"p112": 0.001268249909209112
"p113": 0.0003236483447833343
"p114": 2.8225146347383808E-05
"p115": 1.8816764231589204E-06
"p116": 0.001317173496211244
"p117": 0.0002991865512822683
"p118": 3.198849919370165E-05
"p119": 1.8816764231589204E-06
"p120": 0.0008185292440741304
"p121": 0.0001016105268505817
"p122": 7.5267056926356815E-06
"p123": 0
"p124": 0.000519342692791862
"p125": 6.209532196424438E-05
