"p63": 0
"p64": 0.00127201326205543
"p65": 0.00041396881309496247
"p66": 7.150370408003898E-05
"p67": 1.1290058538953523E-05
"p68": 0.0011967462051290733
"p69": 0.0003857436667475787
"p70": 6.585867481056221E-05
"p71": 1.1290058538953523E-05
"p72": 0.0006679951302214168
"p73": 0.00016370584881482606
"p74": 7.5267056926356815E-06
"p75": 0
"p76": 0.00034999181470755925
"p77": 7.33853805031979E-05
"p78": 1.8816764231589204E-06
"p79": 0
"p80": 5.645029269476761E-06
"p81": 0
"p82": 0
"p83": 0
"p84": 7.714873334951573E-05
"p85": 3.7633528463178407E-06
"p86": 0
"p87": 0
"p88": 0
"p89": 0
"p90": 0
"p91": 0
"p92": 3.7633528463178407E-06
"p93": 3.7633528463178407E-06
"p94": 0
"p95": 0
"p96": 0.0003989154017096911
"p97": 8.27937626189925E-05
"p98": 9.408382115794602E-06
"p99": 0
"p100": 0.0005099343106760675
"p101": 0.00011101890896637629
"p102": 9.408382115794602E-06
"p103": 0
"p104": 7.714873334951573E-05
"p105": 5.645029269476761E-06
"p106": 0
"p107": 0
"p108": 2.8225146347383805E-05
"p109": 5.645029269476761E-06
"p110": 0
"p111": 0
"p112": 0.0012814216441712246
"p113": 0.000284133139896997
"p114": 1.1290058538953523E-05
"p115": 0
"p116": 0.0020133937727800444
"p117": 0.0004835908407518425
"p118": 3.387017561686057E-05
"p119": 0
"p120": 0.00021827446508643471
"p121": 3.198849919370165E-05
"p122": 3.7633528463178407E-06
"p123": 0
"p124": 0.0001994577008548455
"p125": 4.139688130949625E-05
