"p63": 0
"p64": 0.0001034922032737406
"p65": 1.5053411385271363E-05
"p66": 0
"p67": 0
"p68": 0
"p69": 0
"p70": 0
"p71": 0
"p72": 8.843879188846926E-05
"p73": 9.408382115794602E-06
"p74": 0
"p75": 0
"p76": 3.387017561686057E-05
"p77": 5.645029269476761E-06
"p78": 0
"p79": 0
"p80": 1.5053411385271363E-05
"p81": 0
"p82": 0
"p83": 0
"p84": 0
"p85": 0
"p86": 0
"p87": 0
"p88": 0
"p89": 0
"p90": 0
"p91": 0
"p92": 0
"p93": 0
"p94": 0
"p95": 0
"p96": 0.0003594001968233538
"p97": 8.655711546531033E-05
"p98": 5.645029269476761E-06
"p99": 0
"p100": 0
"p101": 0
"p102": 0
"p103": 0
"p104": 0.001066910531931108
"p105": 0.00018816764231589206
"p106": 1.6935087808430286E-05
"p107": 0
"p108": 0.00013548070246744226
"p109": 5.645029269476761E-06
"p110": 0
"p111": 0
"p112": 0.0004760641350592069
"p113": 0.00011666393823585305
"p114": 5.645029269476761E-06
"p115": 0
"p116": 0
"p117": 0
"p118": 0
"p119": 0
"p120": 0.0005118159870992264
"p121": 7.714873334951573E-05
"p122": 5.645029269476761E-06
"p123": 0
"p124": 7.903040977267465E-05
"p125": 0
