"p63": 3.7633528463178407E-06
"p64": 0.007773205304069501
"p65": 0.003422769413726076
"p66": 0.0009032046831162818
"p67": 0.00013548070246744229
"p68": 0.010038743717552841
"p69": 0.004982679168524821
"p70": 0.0014827610214492295
"p71": 0.0002295645236253883
"p72": 0.004239416981377047
"p73": 0.0015203945499124077
"p74": 0.0002935415220127916
"p75": 1.1290058538953523E-05
"p76": 0.003678677407275689
"p77": 0.001198627881552232
"p78": 0.0001919309951622099
"p79": 1.1290058538953523E-05
"p80": 0.009863747810199061
"p81": 0.004835908407518425
"p82": 0.0013867955238681244
"p83": 0.0002051027301243223
"p84": 0.009208924414939756
"p85": 0.00498644252137114
"p86": 0.0016690469873419625
"p87": 0.0003669269025159895
"p88": 0.007703583276412621
"p89": 0.003281643681989157
"p90": 0.0007470255399940916
"p91": 2.8225146347383808E-05
"p92": 0.005853895352447402
"p93": 0.0024123091744897357
"p94": 0.00048359084075184255
"p95": 3.198849919370165E-05
"p96": 0.0050466561669122246
"p97": 0.0018572146296578545
"p98": 0.00037633528463178407
"p99": 1.8816764231589203E-05
"p100": 0.009064035330356523
"p101": 0.0038969518723621253
"p102": 0.0009257848001941891
"p103": 3.951520488633733E-05
"p104": 0.0013886772002912832
"p105": 0.00039138869601705546
"p106": 2.6343469924224884E-05
"p107": 1.8816764231589204E-06
"p108": 0.0009013230066931227
"p109": 0.0002728430813580435
"p110": 2.4461793501065966E-05
"p111": 1.8816764231589204E-06
"p112": 0.004707954410743618
"p113": 0.0015128678442197718
"p114": 0.0002521446407032953
"p115": 1.6935087808430286E-05
"p116": 0.0073140762568187235
"p117": 0.0029260068380121216
"p118": 0.0006077814846803313
"p119": 4.1396881309496255E-05
"p120": 0.000895677977423646
"p121": 0.0002446179350106597
"p122": 2.4461793501065966E-05
"p123": 1.8816764231589204E-06
"p124": 0.0012870666734407015
"p125": 0.0005042892814065907
