"p63": 3.198849919370165E-05
"p64": 5.645029269476761E-06
"p65": 0
"p66": 0
"p67": 0
"p68": 5.645029269476761E-06
"p69": 0
"p70": 0
"p71": 0
"p72": 0.00040079707813285006
"p73": 6.962202765688005E-05
"p74": 5.645029269476761E-06
"p75": 0
"p76": 0.00019193099516220987
"p77": 4.1396881309496255E-05
"p78": 5.645029269476761E-06
"p79": 0
"p80": 4.516023415581409E-05
"p81": 5.645029269476761E-06
"p82": 0
"p83": 0
"p84": 1.5053411385271363E-05
"p85": 0
"p86": 0
"p87": 0
"p88": 0.000846754390421514
"p89": 0.00015806081954534927
"p90": 5.645029269476761E-06
"p91": 0
"p92": 0.000306713256974904
"p93": 5.456861627160869E-05
"p94": 5.645029269476761E-06
"p95": 0
"p96": 0
"p97": 0
"p98": 0
"p99": 0
"p100": 0
"p101": 0
"p102": 0
"p103": 0
"p104": 0.00012230896750532982
"p105": 1.3171734962112442E-05
"p106": 0
"p107": 0
"p108": 9.032046831162818E-05
"p109": 1.8816764231589203E-05
"p110": 0
"p111": 0
"p112": 1.1290058538953523E-05
"p113": 0
"p114": 0
"p115": 0
"p116": 1.3171734962112442E-05
"p117": 7.5267056926356815E-06
"p118": 0
"p119": 0
"p120": 0.0003857436667475786
"p121": 4.5160234155814084E-05
"p122": 0
"p123": 0
"p124": 0.00031423996266753966
"p125": 4.516023415581409E-05
