"p63": 1.8816764231589203E-05
"p64": 0
"p65": 0
"p66": 0
"p67": 0
"p68": 7.5267056926356815E-06
"p69": 0
"p70": 0
"p71": 0
"p72": 0.00038386199032441974
"p73": 7.714873334951573E-05
"p74": 5.645029269476761E-06
"p75": 0
"p76": 0.0006905752472993237
"p77": 0.00020133937727800447
"p78": 2.0698440654748124E-05
"p79": 0
"p80": 2.6343469924224887E-05
"p81": 0
"p82": 0
"p83": 0
"p84": 0.0001505341138527136
"p85": 1.8816764231589203E-05
"p86": 0
"p87": 0
"p88": 0.000474182458636048
"p89": 0.00010913723254321738
"p90": 1.1290058538953523E-05
"p91": 0
"p92": 0.0005343961041771334
"p93": 0.00014300740816007793
"p94": 2.2580117077907045E-05
"p95": 0
"p96": 0.0001373623788906012
"p97": 2.2580117077907045E-05
"p98": 0
"p99": 0
"p100": 0.00011478226181269412
"p101": 1.5053411385271363E-05
"p102": 0
"p103": 0
"p104": 0.0038499099617831517
"p105": 0.0010443304148532008
"p106": 0.000141125731736919
"p107": 7.5267056926356815E-06
"p108": 0.002732194166426752
"p109": 0.0009464832408489371
"p110": 0.0001674692016611439
"p111": 7.5267056926356815E-06
"p112": 0.0005964914261413777
"p113": 0.00014112573173691902
"p114": 1.5053411385271363E-05
"p115": 0
"p116": 0.00024838128785697745
"p117": 2.2580117077907045E-05
"p118": 0
"p119": 0
"p120": 0.006299852664736066
"p121": 0.0019061382166599863
"p122": 0.0002954231984359505
"p123": 3.0106822770542726E-05
"p124": 0.00416414992445069
"p125": 0.0014394824637165738
