"p63": 1.1290058538953523E-05
"p64": 0.00016746920166114393
"p65": 4.1396881309496255E-05
"p66": 5.645029269476761E-06
"p67": 0
"p68": 0
"p69": 0
"p70": 0
"p71": 0
"p72": 0.000684930218029847
"p73": 0.00011854561465901199
"p74": 5.645029269476761E-06
"p75": 0
"p76": 6.39769983874033E-05
"p77": 5.645029269476761E-06
"p78": 0
"p79": 0
"p80": 2.258011707790704E-05
"p81": 0
"p82": 0
"p83": 0
"p84": 0
"p85": 0
"p86": 0
"p87": 0
"p88": 0
"p89": 0
"p90": 0
"p91": 0
"p92": 0
"p93": 0
"p94": 0
"p95": 0
"p96": 0.00015053411385271363
"p97": 2.6343469924224887E-05
"p98": 0
"p99": 0
"p100": 0
"p101": 0
"p102": 0
"p103": 0
"p104": 0.0004290222244802338
"p105": 6.209532196424438E-05
"p106": 0
"p107": 0
"p108": 1.5053411385271363E-05
"p109": 3.7633528463178407E-06
"p110": 0
"p111": 0
"p112": 0.00048359084075184244
"p113": 8.655711546531033E-05
"p114": 5.645029269476761E-06
"p115": 0
"p116": 0
"p117": 0
"p118": 0
"p119": 0
"p120": 0.0007884224213035876
"p121": 0.00010725555612005844
"p122": 5.645029269476761E-06
"p123": 0
"p124": 5.456861627160869E-05
"p125": 3.7633528463178407E-06
