"p63": 0
"p64": 7.338538050319791E-05
"p65": 3.7633528463178407E-06
"p66": 0
"p67": 0
"p68": 6.397699838740331E-05
"p69": 3.7633528463178407E-06
"p70": 0
"p71": 0
"p72": 9.408382115794602E-06
"p73": 3.7633528463178407E-06
"p74": 0
"p75": 0
"p76": 9.408382115794602E-06
"p77": 3.7633528463178407E-06
"p78": 0
"p79": 0
"p80": 0
"p81": 0
"p82": 0
"p83": 0
"p84": 1.6935087808430286E-05
"p85": 0
"p86": 0
"p87": 0
"p88": 0
"p89": 0
"p90": 0
"p91": 0
"p92": 0
"p93": 0
"p94": 0
"p95": 0
"p96": 0.0005720296326403117
"p97": 0.00010725555612005845
"p98": 5.645029269476761E-06
"p99": 0
"p100": 0.0002897781691664737
"p101": 6.021364554108545E-05
"p102": 5.645029269476761E-06
"p103": 0
"p104": 0.00044031228301918735
"p105": 6.209532196424438E-05
"p106": 0
"p107": 0
"p108": 7.714873334951573E-05
"p109": 5.645029269476761E-06
"p110": 0
"p111": 0
"p112": 0.000472300782212889
"p113": 6.585867481056221E-05
"p114": 5.645029269476761E-06
"p115": 0
"p116": 0.00040644210740232675
"p117": 6.585867481056221E-05
"p118": 5.645029269476761E-06
"p119": 0
"p120": 0.0001994577008548455
"p121": 1.6935087808430286E-05
"p122": 0
"p123": 0
"p124": 4.892358700213193E-05
"p125": 0
