"p63": 3.7633528463178407E-06
"p64": 0.0003443467854380824
"p65": 7.903040977267466E-05
"p66": 5.645029269476761E-06
"p67": 0
"p68": 0.00016746920166114393
"p69": 4.1396881309496255E-05
"p70": 5.645029269476761E-06
"p71": 0
"p72": 0.00030671325697490405
"p73": 4.516023415581409E-05
"p74": 0
"p75": 0
"p76": 6.962202765688005E-05
"p77": 5.645029269476761E-06
"p78": 0
"p79": 0
"p80": 0
"p81": 0
"p82": 0
"p83": 0
"p84": 2.258011707790704E-05
"p85": 0
"p86": 0
"p87": 0
"p88": 0
"p89": 0
"p90": 0
"p91": 0
"p92": 0
"p93": 0
"p94": 0
"p95": 0
"p96": 0.0002577896699727721
"p97": 3.575185204001949E-05
"p98": 0
"p99": 0
"p100": 0.00015053411385271363
"p101": 2.6343469924224887E-05
"p102": 0
"p103": 0
"p104": 0.00014300740816007793
"p105": 2.0698440654748124E-05
"p106": 0
"p107": 0
"p108": 1.5053411385271363E-05
"p109": 3.7633528463178407E-06
"p110": 0
"p111": 0
"p112": 0.0006134265139498079
"p113": 9.784717400426384E-05
"p114": 5.645029269476761E-06
"p115": 0
"p116": 0.00047982748790552463
"p117": 8.655711546531033E-05
"p118": 5.645029269476761E-06
"p119": 0
"p120": 0.00021262943581695792
"p121": 2.0698440654748124E-05
"p122": 0
"p123": 0
"p124": 5.456861627160869E-05
"p125": 3.7633528463178407E-06
