"p63": 0
"p64": 0.00026343469924224885
"p65": 5.45686162716087E-05
"p66": 5.645029269476761E-06
"p67": 0
"p68": 0.0002427362585875007
"p69": 6.585867481056221E-05
"p70": 5.645029269476761E-06
"p71": 0
"p72": 0.00015806081954534932
"p73": 5.645029269476761E-06
"p74": 0
"p75": 0
"p76": 7.33853805031979E-05
"p77": 0
"p78": 0
"p79": 0
"p80": 0.000541922809869769
"p81": 0.00013171734962112442
"p82": 1.6935087808430286E-05
"p83": 0
"p84": 0.00031988499193701646
"p85": 7.526705692635681E-05
"p86": 5.645029269476761E-06
"p87": 0
"p88": 0.00045724737082761767
"p89": 3.387017561686057E-05
"p90": 0
"p91": 0
"p92": 0.0001298356731979655
"p93": 5.645029269476761E-06
"p94": 0
"p95": 0
"p96": 5.080526342529086E-05
"p97": 1.1290058538953523E-05
"p98": 0
"p99": 0
"p100": 6.021364554108545E-05
"p101": 1.6935087808430286E-05
"p102": 0
"p103": 0
"p104": 1.1290058538953523E-05
"p105": 1.8816764231589204E-06
"p106": 0
"p107": 0
"p108": 5.645029269476761E-06
"p109": 1.8816764231589204E-06
"p110": 0
"p111": 0
"p112": 0.00021262943581695803
"p113": 3.3870175616860565E-05
"p114": 0
"p115": 0
"p116": 0.00029165984558963265
"p117": 6.209532196424438E-05
"p118": 0
"p119": 0
"p120": 2.2580117077907045E-05
"p121": 5.645029269476761E-06
"p122": 0
"p123": 0
"p124": 3.010682277054273E-05
"p125": 1.8816764231589204E-06
