"p63": 0
"p64": 0.00041208713667180354
"p65": 9.408382115794603E-05
"p66": 1.1290058538953523E-05
"p67": 0
"p68": 0.000259671346395931
"p69": 6.39769983874033E-05
"p70": 5.645029269476761E-06
"p71": 0
"p72": 0.00034434678543808245
"p73": 2.8225146347383805E-05
"p74": 0
"p75": 0
"p76": 0.00011854561465901199
"p77": 5.645029269476761E-06
"p78": 0
"p79": 0
"p80": 0
"p81": 0
"p82": 0
"p83": 0
"p84": 1.6935087808430286E-05
"p85": 0
"p86": 0
"p87": 0
"p88": 0
"p89": 0
"p90": 0
"p91": 0
"p92": 5.645029269476761E-06
"p93": 0
"p94": 0
"p95": 0
"p96": 0.0001956943480085277
"p97": 4.892358700213193E-05
"p98": 5.645029269476761E-06
"p99": 0
"p100": 0.0001204272910821709
"p101": 2.8225146347383808E-05
"p102": 0
"p103": 0
"p104": 0.00013548070246744226
"p105": 7.5267056926356815E-06
"p106": 0
"p107": 0
"p108": 2.8225146347383805E-05
"p109": 1.8816764231589204E-06
"p110": 0
"p111": 0
"p112": 0.0004610107236739354
"p113": 8.843879188846925E-05
"p114": 5.645029269476761E-06
"p115": 0
"p116": 0.0005174610163687031
"p117": 0.0001279539967748066
"p118": 5.645029269476761E-06
"p119": 0
"p120": 0.00016935087808430283
"p121": 1.1290058538953523E-05
"p122": 0
"p123": 0
"p124": 8.655711546531032E-05
"p125": 1.8816764231589204E-06
