"p63": 0
"p64": 0.0012080362636680267
"p65": 0.0003857436667475787
"p66": 6.585867481056221E-05
"p67": 1.1290058538953523E-05
"p68": 5.645029269476761E-06
"p69": 0
"p70": 0
"p71": 0
"p72": 0.0014996961092576596
"p73": 0.00040079707813285
"p74": 5.645029269476761E-05
"p75": 1.1290058538953523E-05
"p76": 0.0006792851887603704
"p77": 0.0001674692016611439
"p78": 1.3171734962112442E-05
"p79": 0
"p80": 7.33853805031979E-05
"p81": 3.7633528463178407E-06
"p82": 0
"p83": 0
"p84": 3.7633528463178407E-06
"p85": 0
"p86": 0
"p87": 0
"p88": 5.645029269476761E-06
"p89": 0
"p90": 0
"p91": 0
"p92": 3.7633528463178407E-06
"p93": 3.7633528463178407E-06
"p94": 0
"p95": 0
"p96": 0.0005099343106760675
"p97": 0.00011101890896637629
"p98": 9.408382115794602E-06
"p99": 0
"p100": 0
"p101": 0
"p102": 0
"p103": 0
"p104": 0.00044783898871182307
"p105": 8.843879188846925E-05
"p106": 9.408382115794602E-06
"p107": 0
"p108": 7.150370408003898E-05
"p109": 5.645029269476761E-06
"p110": 0
"p111": 0
"p112": 0.0020190388020495213
"p113": 0.0004835908407518425
"p114": 3.387017561686057E-05
"p115": 0
"p116": 0
"p117": 0
"p118": 0
"p119": 0
"p120": 0.0012776582913249068
"p121": 0.0002502629642801364
"p122": 1.5053411385271363E-05
"p123": 0
"p124": 0.00033682007974544673
"p125": 6.585867481056221E-05
