"p63": 3.7633528463178407E-06
"p64": 0.00027848811062752024
"p65": 5.2686939848449775E-05
"p66": 5.645029269476761E-06
"p67": 0
"p68": 0.00018628596589273313
"p69": 4.1396881309496255E-05
"p70": 5.645029269476761E-06
"p71": 0
"p72": 0.00018064093662325633
"p73": 1.6935087808430286E-05
"p74": 0
"p75": 0
"p76": 5.2686939848449775E-05
"p77": 0
"p78": 0
"p79": 0
"p80": 0.00048735419359816035
"p81": 0.0001016105268505817
"p82": 5.645029269476761E-06
"p83": 0
"p84": 0.00023332787647170614
"p85": 4.892358700213193E-05
"p86": 5.645029269476761E-06
"p87": 0
"p88": 0.00041208713667180354
"p89": 6.209532196424438E-05
"p90": 0
"p91": 0
"p92": 6.585867481056221E-05
"p93": 5.645029269476761E-06
"p94": 0
"p95": 0
"p96": 9.972885042742277E-05
"p97": 1.3171734962112442E-05
"p98": 0
"p99": 0
"p100": 9.032046831162818E-05
"p101": 1.8816764231589203E-05
"p102": 0
"p103": 0
"p104": 2.6343469924224887E-05
"p105": 3.7633528463178407E-06
"p106": 0
"p107": 0
"p108": 3.7633528463178407E-06
"p109": 3.7633528463178407E-06
"p110": 0
"p111": 0
"p112": 0.0003499918147075592
"p113": 4.5160234155814084E-05
"p114": 0
"p115": 0
"p116": 0.00031047660982122185
"p117": 4.516023415581409E-05
"p118": 0
"p119": 0
"p120": 4.3278557732655166E-05
"p121": 3.7633528463178407E-06
"p122": 0
"p123": 0
"p124": 1.6935087808430286E-05
"p125": 3.7633528463178407E-06
