"p63": 0
"p64": 0.0001279539967748066
"p65": 2.0698440654748124E-05
"p66": 1.8816764231589204E-06
"p67": 0
"p68": 9.972885042742277E-05
"p69": 1.5053411385271363E-05
"p70": 0
"p71": 0
"p72": 0.0016953904572661873
"p73": 0.0005042892814065907
"p74": 7.714873334951573E-05
"p75": 1.1290058538953523E-05
"p76": 0.0013378719368659924
"p77": 0.00041773216594128033
"p78": 6.774035123372113E-05
"p79": 1.1290058538953523E-05
"p80": 0
"p81": 0
"p82": 0
"p83": 0
"p84": 1.1290058538953523E-05
"p85": 0
"p86": 0
"p87": 0
"p88": 5.645029269476761E-06
"p89": 0
"p90": 0
"p91": 0
"p92": 7.33853805031979E-05
"p93": 3.7633528463178407E-06
"p94": 0
"p95": 0
"p96": 2.634346992422489E-05
"p97": 1.8816764231589204E-06
"p98": 0
"p99": 0
"p100": 5.645029269476762E-05
"p101": 1.3171734962112442E-05
"p102": 0
"p103": 0
"p104": 0.00047418245863604794
"p105": 9.032046831162817E-05
"p106": 9.408382115794602E-06
"p107": 0
"p108": 0.0005532128684087227
"p109": 0.00012419064392848873
"p110": 9.408382115794602E-06
"p111": 0
"p112": 3.575185204001949E-05
"p113": 0
"p114": 0
"p115": 0
"p116": 0.00013924405531376012
"p117": 2.6343469924224884E-05
"p118": 0
"p119": 0
"p120": 0.001413138993792349
"p121": 0.0002991865512822684
"p122": 1.1290058538953523E-05
"p123": 0
"p124": 0.0020246838313189982
"p125": 0.0004835908407518425
