"p63": 2.8225146347383808E-05
"p64": 0.0011271241774721932
"p65": 0.00036880857893914845
"p66": 5.080526342529085E-05
"p67": 0
"p68": 0.003663623995890418
"p69": 0.00139432222956076
"p70": 0.0002728430813580434
"p71": 1.6935087808430282E-05
"p72": 0.00013548070246744226
"p73": 3.575185204001949E-05
"p74": 5.645029269476761E-06
"p75": 0
"p76": 0.00034999181470755914
"p77": 0.00012042729108217089
"p78": 1.1290058538953523E-05
"p79": 0
"p80": 0.0014808793450260705
"p81": 0.00046853742936657115
"p82": 8.091208619583357E-05
"p83": 1.1290058538953523E-05
"p84": 0.003800986374781019
"p85": 0.001366097083213376
"p86": 0.0002747247577812023
"p87": 4.139688130949625E-05
"p88": 0.00028601481632015586
"p89": 9.22021447347871E-05
"p90": 2.6343469924224884E-05
"p91": 5.645029269476761E-06
"p92": 0.001130887530318511
"p93": 0.0004139688130949625
"p94": 8.843879188846926E-05
"p95": 7.5267056926356815E-06
"p96": 0.00644850510216562
"p97": 0.002506392995647682
"p98": 0.0005343961041771333
"p99": 6.962202765688005E-05
"p100": 0.013928168884222334
"p101": 0.005535892036933544
"p102": 0.0012531964978238412
"p103": 0.0001731142309306207
"p104": 0.001883558099582079
"p105": 0.0006322432781813973
"p106": 0.00012419064392848873
"p107": 1.8816764231589204E-06
"p108": 0.00257977837615088
"p109": 0.0007489072164172503
"p110": 0.00010725555612005847
"p111": 5.645029269476761E-06
"p112": 0.010962646841323871
"p113": 0.004950690669331119
"p114": 0.0011421775888574648
"p115": 0.00011478226181269414
"p116": 0.018939073199094537
"p117": 0.008672646634339466
"p118": 0.0023408054704096974
"p119": 0.0003292933740528111
"p120": 0.004754996321322593
"p121": 0.001930600010161052
"p122": 0.00037821696105494305
"p123": 1.1290058538953523E-05
"p124": 0.005436163186506121
"p125": 0.0021921530329801426
