"p63": 0
"p64": 0.0017085621922282995
"p65": 0.0006548233952593045
"p66": 0.00014488908458323686
"p67": 1.8816764231589203E-05
"p68": 7.5267056926356815E-06
"p69": 0
"p70": 0
"p71": 0
"p72": 0.004203665129337029
"p73": 0.0012155629693606624
"p74": 0.00019193099516220987
"p75": 1.8816764231589203E-05
"p76": 0.0012117996165143445
"p77": 0.0002916598455896327
"p78": 2.6343469924224884E-05
"p79": 0
"p80": 8.091208619583358E-05
"p81": 3.7633528463178407E-06
"p82": 0
"p83": 0
"p84": 3.7633528463178407E-06
"p85": 0
"p86": 0
"p87": 0
"p88": 5.645029269476761E-06
"p89": 0
"p90": 0
"p91": 0
"p92": 9.408382115794602E-06
"p93": 3.7633528463178407E-06
"p94": 0
"p95": 0
"p96": 0.001247551468554364
"p97": 0.00039327037244021434
"p98": 6.021364554108546E-05
"p99": 1.1290058538953523E-05
"p100": 0
"p101": 0
"p102": 0
"p103": 0
"p104": 0.002000222037817932
"p105": 0.000498644252137114
"p106": 6.585867481056221E-05
"p107": 1.1290058538953523E-05
"p108": 0.0004967625757139551
"p109": 0.0001110189089663763
"p110": 0
"p111": 0
"p112": 0.0039044785780547606
"p113": 0.0013830321710218063
"p114": 0.0002464996114338186
"p115": 7.5267056926356815E-06
"p116": 0
"p117": 0
"p118": 0
"p119": 0
"p120": 0.004435111329385576
"p121": 0.001130887530318511
"p122": 0.0001599424959685082
"p123": 7.5267056926356815E-06
"p124": 0.0009295481530405068
"p125": 0.0001862859658927331
