"p63": 0.00028789649274331484
"p64": 3.9515204886337324E-05
"p65": 1.6935087808430282E-05
"p66": 0
"p67": 0
"p68": 0.00018816764231589203
"p69": 4.3278557732655166E-05
"p70": 0
"p71": 0
"p72": 0.0014300740816007792
"p73": 0.00044219395944234633
"p74": 6.585867481056221E-05
"p75": 0
"p76": 0.003245891829949138
"p77": 0.0014225473759081437
"p78": 0.0003349384033222878
"p79": 1.6935087808430282E-05
"p80": 0.000188167642315892
"p81": 4.3278557732655166E-05
"p82": 0
"p83": 0
"p84": 0.0008994413302699639
"p85": 0.00024461793501065964
"p86": 2.8225146347383805E-05
"p87": 1.8816764231589204E-06
"p88": 0.0015580280783755863
"p89": 0.0004854725171750014
"p90": 8.091208619583358E-05
"p91": 1.1290058538953523E-05
"p92": 0.0022467216492517515
"p93": 0.0009370748587331423
"p94": 0.00022580117077907044
"p95": 4.139688130949625E-05
"p96": 0.0010462120912763599
"p97": 0.0003481101382844002
"p98": 6.209532196424438E-05
"p99": 0
"p100": 0.0012663682327859534
"p101": 0.00038386199032441974
"p102": 6.774035123372114E-05
"p103": 1.1290058538953523E-05
"p104": 0.01553323887317689
"p105": 0.006036417965493817
"p106": 0.00132470020190388
"p107": 0.00015994249596850823
"p108": 0.018735852145393375
"p109": 0.00831889146678559
"p110": 0.002133821063862216
"p111": 0.00026531637566540783
"p112": 0.002105595917514832
"p113": 0.0008919146245773282
"p114": 0.00019004931873905096
"p115": 1.3171734962112444E-05
"p116": 0.001781947572731498
"p117": 0.0007056286586845952
"p118": 0.0001561791431221904
"p119": 1.8816764231589203E-05
"p120": 0.018489352533959558
"p121": 0.00800276982769489
"p122": 0.00197011521504739
"p123": 0.00022768284720222937
"p124": 0.017858990932201318
"p125": 0.00878742889615216
