"p63": 5.2686939848449775E-05
"p64": 0.0012889483498638606
"p65": 0.0004139688130949625
"p66": 6.585867481056221E-05
"p67": 0
"p68": 0.0031612163909069866
"p69": 0.0013980855824070777
"p70": 0.0003349384033222878
"p71": 1.6935087808430282E-05
"p72": 0.00018440428946957422
"p73": 5.268693984844976E-05
"p74": 5.645029269476761E-06
"p75": 0
"p76": 0.00034811013828440026
"p77": 0.00011666393823585305
"p78": 1.1290058538953523E-05
"p79": 0
"p80": 0.0014376007872934152
"p81": 0.00046101072367393553
"p82": 7.526705692635681E-05
"p83": 1.1290058538953523E-05
"p84": 0.0022881185305612473
"p85": 0.0009257848001941888
"p86": 0.00022015614150959367
"p87": 4.139688130949625E-05
"p88": 0.0002671980520885667
"p89": 0.00010725555612005845
"p90": 3.0106822770542726E-05
"p91": 5.645029269476761E-06
"p92": 0.0009803534164657974
"p93": 0.00037633528463178407
"p94": 8.091208619583357E-05
"p95": 7.5267056926356815E-06
"p96": 0.011269360098298774
"p97": 0.004647740765202533
"p98": 0.001110189089663763
"p99": 0.00014865243742955472
"p100": 0.016088333418008773
"p101": 0.007376171578782969
"p102": 0.001981405273586343
"p103": 0.0002540263171264543
"p104": 0.0053684228352724
"p105": 0.0018007643369630868
"p106": 0.0003029499041285862
"p107": 1.1290058538953523E-05
"p108": 0.00434102750822763
"p109": 0.0013247002019038802
"p110": 0.00018628596589273313
"p111": 1.1290058538953523E-05
"p112": 0.012400247628617286
"p113": 0.005720296326403118
"p114": 0.0015298029320282025
"p115": 0.00021639278866327584
"p116": 0.013916878825683376
"p117": 0.007052523233999635
"p118": 0.0021564011809401228
"p119": 0.0004102054602486446
"p120": 0.00815894897081708
"p121": 0.003383254208839739
"p122": 0.0007470255399940916
"p123": 2.8225146347383808E-05
"p124": 0.006081578199649631
"p125": 0.0025289731127255887
