"p63": 0.00016746920166114393
"p64": 0.00017687758377693853
"p65": 4.3278557732655166E-05
"p66": 0
"p67": 0
"p68": 0
"p69": 0
"p70": 0
"p71": 0
"p72": 0.0038009863747810197
"p73": 0.0015486196962597914
"p74": 0.00034622846186124133
"p75": 1.6935087808430282E-05
"p76": 0.0008618078018067856
"p77": 0.0002954231984359505
"p78": 4.516023415581409E-05
"p79": 0
"p80": 0.0008768612131920567
"p81": 0.00024461793501065964
"p82": 2.8225146347383805E-05
"p83": 1.8816764231589204E-06
"p84": 0
"p85": 0
"p86": 0
"p87": 0
"p88": 0.0031160561567511722
"p89": 0.0011214791482027165
"p90": 0.0002483812878569775
"p91": 4.139688130949625E-05
"p92": 0.0008618078018067856
"p93": 0.0003255300212064932
"p94": 5.833196911792654E-05
"p95": 1.1290058538953523E-05
"p96": 0.0012437881157080465
"p97": 0.00038386199032441974
"p98": 6.774035123372114E-05
"p99": 1.1290058538953523E-05
"p100": 3.951520488633733E-05
"p101": 0
"p102": 0
"p103": 0
"p104": 0.025393223330529634
"p105": 0.01072179225915953
"p106": 0.0026945606379635747
"p107": 0.0003349384033222879
"p108": 0.00931617997105982
"p109": 0.003309868828336541
"p110": 0.0006774035123372112
"p111": 7.714873334951572E-05
"p112": 0.0016521118995335322
"p113": 0.0006830485416066882
"p114": 0.0001561791431221904
"p115": 1.8816764231589203E-05
"p116": 0.000259671346395931
"p117": 6.39769983874033E-05
"p118": 5.645029269476761E-06
"p119": 0
"p120": 0.027594784745625572
"p121": 0.01262604879939636
"p122": 0.003524379940576658
"p123": 0.0005739113090634708
"p124": 0.010223148007022419
"p125": 0.0043128023618802455
