"p63": 3.387017561686057E-05
"p64": 0.00153356628487452
"p65": 0.0006322432781813973
"p66": 0.00014488908458323686
"p67": 1.8816764231589203E-05
"p68": 0.000259671346395931
"p69": 6.39769983874033E-05
"p70": 5.645029269476761E-06
"p71": 0
"p72": 0.017614372997190653
"p73": 0.008557864372526772
"p74": 0.0025760150233045623
"p75": 0.00045536569440445874
"p76": 0.00782589224391795
"p77": 0.0033362122982607658
"p78": 0.0007903040977267465
"p79": 8.091208619583357E-05
"p80": 0.00013548070246744223
"p81": 3.3870175616860565E-05
"p82": 0
"p83": 0
"p84": 0
"p85": 0
"p86": 0
"p87": 0
"p88": 0.00025402631712645424
"p89": 5.080526342529086E-05
"p90": 5.645029269476761E-06
"p91": 0
"p92": 1.1290058538953523E-05
"p93": 3.7633528463178407E-06
"p94": 0
"p95": 0
"p96": 0.0009577732993878903
"p97": 0.00028225146347383805
"p98": 5.456861627160869E-05
"p99": 5.645029269476761E-06
"p100": 1.3171734962112444E-05
"p101": 0
"p102": 0
"p103": 0
"p104": 0.02382766854646142
"p105": 0.010652170231502653
"p106": 0.002873319898163672
"p107": 0.0003462284618612414
"p108": 0.00754928580971359
"p109": 0.002568488317611926
"p110": 0.000472300782212889
"p111": 4.327855773265517E-05
"p112": 0.0013980855824070777
"p113": 0.000543804486292928
"p114": 0.00012419064392848873
"p115": 1.8816764231589203E-05
"p116": 2.6343469924224887E-05
"p117": 0
"p118": 0
"p119": 0
"p120": 0.017572976115881166
"p121": 0.006305497694005544
"p122": 0.0012720132620554305
"p123": 0.00011101890896637633
"p124": 0.004420057918000304
"p125": 0.0015768448426071752
