"p63": 0
"p64": 0.0007921857741499055
"p65": 0.00019757602443168663
"p66": 1.8816764231589203E-05
"p67": 0
"p68": 0.0009803534164657974
"p69": 0.0002577896699727721
"p70": 3.0106822770542726E-05
"p71": 0
"p72": 0.0002239194943559115
"p73": 2.6343469924224887E-05
"p74": 0
"p75": 0
"p76": 8.843879188846925E-05
"p77": 1.5053411385271363E-05
"p78": 0
"p79": 0
"p80": 0.0014808793450260703
"p81": 0.00046853742936657115
"p82": 8.091208619583358E-05
"p83": 1.1290058538953523E-05
"p84": 0.0014300740816007792
"p85": 0.00046101072367393553
"p86": 7.526705692635681E-05
"p87": 1.1290058538953523E-05
"p88": 0.0007225637464930256
"p89": 0.00016558752523798497
"p90": 7.5267056926356815E-06
"p91": 0
"p92": 0.0003424651090149235
"p93": 7.714873334951574E-05
"p94": 1.8816764231589204E-06
"p95": 0
"p96": 0.00017123255450746173
"p97": 2.8225146347383808E-05
"p98": 0
"p99": 0
"p100": 0.00024461793501065964
"p101": 3.575185204001949E-05
"p102": 0
"p103": 0
"p104": 1.5053411385271363E-05
"p105": 1.8816764231589204E-06
"p106": 0
"p107": 0
"p108": 9.408382115794602E-06
"p109": 1.8816764231589204E-06
"p110": 0
"p111": 0
"p112": 0.0007865407448804287
"p113": 0.00017311423093062066
"p114": 3.7633528463178407E-06
"p115": 0
"p116": 0.0014131389937923494
"p117": 0.0003499918147075592
"p118": 2.6343469924224884E-05
"p119": 0
"p120": 6.774035123372112E-05
"p121": 1.3171734962112444E-05
"p122": 3.7633528463178407E-06
"p123": 0
"p124": 0.00014300740816007793
"p125": 3.0106822770542726E-05
