"p63": 5.645029269476761E-06
"p64": 0.0011741660880511661
"p65": 0.0003857436667475786
"p66": 6.585867481056221E-05
"p67": 1.1290058538953523E-05
"p68": 3.951520488633733E-05
"p69": 0
"p70": 0
"p71": 0
"p72": 0.017189114125556744
"p73": 0.007682884835757873
"p74": 0.0021037142410916736
"p75": 0.0003067132569749041
"p76": 0.006802260269719498
"p77": 0.0025534349062266543
"p78": 0.0005645029269476762
"p79": 6.774035123372113E-05
"p80": 0.0017085621922282995
"p81": 0.0006792851887603702
"p82": 0.00015241579027587256
"p83": 1.8816764231589203E-05
"p84": 0.000259671346395931
"p85": 6.39769983874033E-05
"p86": 5.645029269476761E-06
"p87": 0
"p88": 0.02112934455565152
"p89": 0.01009519401024761
"p90": 0.003005037247784796
"p91": 0.0005306327513308157
"p92": 0.008894684452272218
"p93": 0.0037125475828925503
"p94": 0.0008467543904215141
"p95": 8.091208619583357E-05
"p96": 0.00023709122931802392
"p97": 8.27937626189925E-05
"p98": 2.6343469924224887E-05
"p99": 5.645029269476761E-06
"p100": 0
"p101": 0
"p102": 0
"p103": 0
"p104": 0.01220643495703192
"p105": 0.004982679168524823
"p106": 0.0011440592652806239
"p107": 4.892358700213193E-05
"p108": 0.0033155138576060174
"p109": 0.0010066968863900224
"p110": 0.0001561791431221904
"p111": 9.408382115794602E-06
"p112": 0.0009728267107731617
"p113": 0.00036316354966967166
"p114": 7.903040977267465E-05
"p115": 7.5267056926356815E-06
"p116": 0
"p117": 0
"p118": 0
"p119": 0
"p120": 0.011064257368174454
"p121": 0.004030550898406408
"p122": 0.0007752506863414753
"p123": 5.268693984844978E-05
"p124": 0.001988931979278979
"p125": 0.0006585867481056221
