"p63": 1.8816764231589204E-06
"p64": 0.001420665699484985
"p65": 0.00046101072367393553
"p66": 7.526705692635681E-05
"p67": 1.1290058538953523E-05
"p68": 0.0022053247679422548
"p69": 0.0009295481530405067
"p70": 0.00022580117077907044
"p71": 4.139688130949625E-05
"p72": 0.0002671980520885667
"p73": 0.00010725555612005845
"p74": 3.0106822770542726E-05
"p75": 5.645029269476761E-06
"p76": 0.0009803534164657974
"p77": 0.00037633528463178407
"p78": 8.091208619583357E-05
"p79": 7.5267056926356815E-06
"p80": 5.080526342529084E-05
"p81": 0
"p82": 0
"p83": 0
"p84": 0.00031988499193701646
"p85": 7.526705692635683E-05
"p86": 5.645029269476761E-06
"p87": 0
"p88": 0
"p89": 0
"p90": 0
"p91": 0
"p92": 0
"p93": 0
"p94": 0
"p95": 0
"p96": 0.017554159351649574
"p97": 0.00785976241953481
"p98": 0.00210935927036115
"p99": 0.0003010682277054273
"p100": 0.022640330723448135
"p101": 0.011135761072254493
"p102": 0.0033418573275302435
"p103": 0.0005870830440255834
"p104": 0.010663460290041601
"p105": 0.00435796259603606
"p106": 0.0009803534164657976
"p107": 3.763352846317841E-05
"p108": 0.009001940008392276
"p109": 0.003456639589342937
"p110": 0.0006585867481056222
"p111": 4.3278557732655166E-05
"p112": 0.006461676837127733
"p113": 0.0021639278866327585
"p114": 0.00041208713667180354
"p115": 4.704191057897301E-05
"p116": 0.008680173340032099
"p117": 0.0034905097649597975
"p118": 0.0008147658912278126
"p119": 7.714873334951573E-05
"p120": 0.002427362585875007
"p121": 0.0006303616017582384
"p122": 5.456861627160869E-05
"p123": 1.8816764231589204E-06
"p124": 0.0012343797335922515
"p125": 0.0003612818732465127
