"p63": 8.27937626189925E-05
"p64": 0.00013359902604428335
"p65": 9.408382115794602E-06
"p66": 0
"p67": 0
"p68": 0
"p69": 0
"p70": 0
"p71": 0
"p72": 0.004105817955332764
"p73": 0.0015091044913734543
"p74": 0.0002841331398969969
"p75": 1.6935087808430282E-05
"p76": 0.0008467543904215143
"p77": 0.0002559079935496132
"p78": 3.3870175616860565E-05
"p79": 0
"p80": 0.0010951356782784917
"p81": 0.0002935415220127916
"p82": 2.8225146347383805E-05
"p83": 1.8816764231589204E-06
"p84": 0
"p85": 0
"p86": 0
"p87": 0
"p88": 0.004405004506615033
"p89": 0.0015128678442197718
"p90": 0.0003029499041285862
"p91": 4.139688130949625E-05
"p92": 0.0011534676473964182
"p93": 0.0003725719317854663
"p94": 6.39769983874033E-05
"p95": 1.1290058538953523E-05
"p96": 0.0010142235920826584
"p97": 0.0002690797285117256
"p98": 3.0106822770542726E-05
"p99": 0
"p100": 2.8225146347383808E-05
"p101": 0
"p102": 0
"p103": 0
"p104": 0.017806303992352862
"p105": 0.006898225767300602
"p106": 0.001565554784068222
"p107": 0.00021262943581695803
"p108": 0.005543418742626181
"p109": 0.001845924571118901
"p110": 0.0003387017561686056
"p111": 2.6343469924224887E-05
"p112": 0.0019418900687000057
"p113": 0.0007526705692635682
"p114": 0.00015429746669903146
"p115": 7.5267056926356815E-06
"p116": 0.00024273625858750074
"p117": 6.585867481056221E-05
"p118": 5.645029269476761E-06
"p119": 0
"p120": 0.027799887475749897
"p121": 0.012364495776577267
"p122": 0.0031536896852143504
"p123": 0.00040267875455600905
"p124": 0.009572087964609429
"p125": 0.003977863958557958
