"p63": 1.1290058538953523E-05
"p64": 0.0018722680410431258
"p65": 0.000777132362764634
"p66": 0.00018440428946957417
"p67": 3.0106822770542726E-05
"p68": 0.00013548070246744226
"p69": 3.3870175616860565E-05
"p70": 0
"p71": 0
"p72": 0.0012795399677480656
"p73": 0.00043090390090339274
"p74": 9.408382115794602E-05
"p75": 1.6935087808430282E-05
"p76": 0.0015486196962597914
"p77": 0.0006134265139498079
"p78": 0.00013359902604428333
"p79": 1.8816764231589203E-05
"p80": 0.00031988499193701646
"p81": 7.526705692635683E-05
"p82": 5.645029269476761E-06
"p83": 0
"p84": 0
"p85": 0
"p86": 0
"p87": 0
"p88": 1.6935087808430282E-05
"p89": 0
"p90": 0
"p91": 0
"p92": 3.3870175616860565E-05
"p93": 0
"p94": 0
"p95": 0
"p96": 0.018779130703126024
"p97": 0.009244676266979775
"p98": 0.0027773544005825664
"p99": 0.0004911175464444782
"p100": 0.0001844042894695742
"p101": 4.327855773265517E-05
"p102": 5.645029269476761E-06
"p103": 0
"p104": 0.022186846705466827
"p105": 0.009816705899620089
"p106": 0.002611766875344582
"p107": 0.00031612163909069865
"p108": 0.017956838106205585
"p109": 0.006954676059995371
"p110": 0.001465825933640799
"p111": 0.0001392440553137601
"p112": 0.007914331035806419
"p113": 0.003187559860831211
"p114": 0.0007432621871477735
"p115": 7.150370408003898E-05
"p116": 1.1290058538953523E-05
"p117": 3.7633528463178407E-06
"p118": 0
"p119": 0
"p120": 0.006294207635466589
"p121": 0.0018176994247715169
"p122": 0.0002728430813580434
"p123": 2.4461793501065966E-05
"p124": 0.004064421074023268
"p125": 0.0013792688181754886
