"p63": 0
"p64": 0.000259671346395931
"p65": 6.39769983874033E-05
"p66": 5.645029269476761E-06
"p67": 0
"p68": 0
"p69": 0
"p70": 0
"p71": 0
"p72": 0.0007507888928404092
"p73": 0.00013359902604428335
"p74": 1.1290058538953523E-05
"p75": 0
"p76": 0.00011854561465901199
"p77": 5.645029269476761E-06
"p78": 0
"p79": 0
"p80": 1.6935087808430286E-05
"p81": 0
"p82": 0
"p83": 0
"p84": 0
"p85": 0
"p86": 0
"p87": 0
"p88": 0
"p89": 0
"p90": 0
"p91": 0
"p92": 5.645029269476761E-06
"p93": 0
"p94": 0
"p95": 0
"p96": 0.0001204272910821709
"p97": 2.8225146347383808E-05
"p98": 0
"p99": 0
"p100": 0
"p101": 0
"p102": 0
"p103": 0
"p104": 0.0003368200797454468
"p105": 6.209532196424438E-05
"p106": 5.645029269476761E-06
"p107": 0
"p108": 2.8225146347383805E-05
"p109": 1.8816764231589204E-06
"p110": 0
"p111": 0
"p112": 0.000519342692791862
"p113": 0.0001279539967748066
"p114": 5.645029269476761E-06
"p115": 0
"p116": 0
"p117": 0
"p118": 0
"p119": 0
"p120": 0.0005776746619097885
"p121": 9.972885042742276E-05
"p122": 5.645029269476761E-06
"p123": 0
"p124": 8.655711546531032E-05
"p125": 1.8816764231589204E-06
