"p63": 0
"p64": 0
"p65": 0
"p66": 0
"p67": 0
"p68": 0
"p69": 0
"p70": 0
"p71": 0
"p72": 0.0004233771952107571
"p73": 6.774035123372114E-05
"p74": 0
"p75": 0
"p76": 8.655711546531033E-05
"p77": 1.5053411385271363E-05
"p78": 0
"p79": 0
"p80": 0.0001016105268505817
"p81": 1.5053411385271363E-05
"p82": 0
"p83": 0
"p84": 0
"p85": 0
"p86": 0
"p87": 0
"p88": 0.0006209532196424437
"p89": 0.00011666393823585307
"p90": 1.1290058538953523E-05
"p91": 0
"p92": 0.00012042729108217092
"p93": 2.2580117077907045E-05
"p94": 0
"p95": 0
"p96": 2.4461793501065963E-05
"p97": 1.8816764231589204E-06
"p98": 0
"p99": 0
"p100": 0
"p101": 0
"p102": 0
"p103": 0
"p104": 0.0019381267158536876
"p105": 0.0004572473708276176
"p106": 4.892358700213193E-05
"p107": 0
"p108": 0.00017123255450746176
"p109": 1.8816764231589203E-05
"p110": 0
"p111": 0
"p112": 0.0001467707610063958
"p113": 2.6343469924224884E-05
"p114": 0
"p115": 0
"p116": 5.645029269476761E-06
"p117": 0
"p118": 0
"p119": 0
"p120": 0.004107699631755923
"p121": 0.001083845619739538
"p122": 0.00015241579027587256
"p123": 2.2580117077907045E-05
"p124": 0.0007733690099183163
"p125": 0.0001862859658927331
