"p63": 9.408382115794602E-06
"p64": 0.0080893269431602
"p65": 0.003535669999115612
"p66": 0.0009032046831162818
"p67": 0.00013548070246744226
"p68": 3.198849919370165E-05
"p69": 5.645029269476761E-06
"p70": 0
"p71": 0
"p72": 0.0052630489555755
"p73": 0.0021639278866327585
"p74": 0.0005419228098697691
"p75": 7.338538050319788E-05
"p76": 0.005494495155624047
"p77": 0.001898611510967351
"p78": 0.0003612818732465127
"p79": 3.198849919370165E-05
"p80": 0.009863747810199063
"p81": 0.004835908407518426
"p82": 0.0013867955238681244
"p83": 0.00020510273012432233
"p84": 0.00027096140493488457
"p85": 5.8331969117926534E-05
"p86": 5.645029269476761E-06
"p87": 0
"p88": 0.010766952493315343
"p89": 0.004941282287215325
"p90": 0.001270131585632271
"p91": 0.00013359902604428335
"p92": 0.00941214546864092
"p93": 0.0038423832560905155
"p94": 0.0007564339221098861
"p95": 4.139688130949625E-05
"p96": 0.0054305181572366435
"p97": 0.0018195811011946761
"p98": 0.0002709614049348845
"p99": 1.3171734962112444E-05
"p100": 0
"p101": 0
"p102": 0
"p103": 0
"p104": 0.002453706055799232
"p105": 0.0008147658912278125
"p106": 0.00012983567319796552
"p107": 9.408382115794602E-06
"p108": 0.001977641920740025
"p109": 0.0005964914261413778
"p110": 7.714873334951574E-05
"p111": 7.5267056926356815E-06
"p112": 0.010674750348580554
"p113": 0.004026787545560089
"p114": 0.0008128842148046536
"p115": 6.774035123372114E-05
"p116": 5.833196911792653E-05
"p117": 1.1290058538953523E-05
"p118": 0
"p119": 0
"p120": 0.004773813085554181
"p121": 0.001627650106032466
"p122": 0.0002897781691664738
"p123": 1.5053411385271365E-05
"p124": 0.00428834056837918
"p125": 0.0013378719368659924
