"p63": 0
"p64": 0.0002427362585875007
"p65": 6.585867481056221E-05
"p66": 5.645029269476761E-06
"p67": 0
"p68": 0
"p69": 0
"p70": 0
"p71": 0
"p72": 0.0003876253431707376
"p73": 6.021364554108545E-05
"p74": 5.645029269476761E-06
"p75": 0
"p76": 7.33853805031979E-05
"p77": 0
"p78": 0
"p79": 0
"p80": 0.00031988499193701646
"p81": 7.526705692635681E-05
"p82": 5.645029269476761E-06
"p83": 0
"p84": 0
"p85": 0
"p86": 0
"p87": 0
"p88": 0.000999170180697387
"p89": 0.00018252261304641527
"p90": 1.6935087808430286E-05
"p91": 0
"p92": 0.0001298356731979655
"p93": 5.645029269476761E-06
"p94": 0
"p95": 0
"p96": 6.021364554108545E-05
"p97": 1.6935087808430286E-05
"p98": 0
"p99": 0
"p100": 0
"p101": 0
"p102": 0
"p103": 0
"p104": 6.209532196424438E-05
"p105": 1.3171734962112444E-05
"p106": 0
"p107": 0
"p108": 5.645029269476761E-06
"p109": 1.8816764231589204E-06
"p110": 0
"p111": 0
"p112": 0.0002935415220127916
"p113": 6.209532196424438E-05
"p114": 0
"p115": 0
"p116": 0
"p117": 0
"p118": 0
"p119": 0
"p120": 0.00021639278866327584
"p121": 3.9515204886337324E-05
"p122": 0
"p123": 0
"p124": 3.010682277054273E-05
"p125": 1.8816764231589204E-06
