"p63": 0
"p64": 0.00018064093662325633
"p65": 1.5053411385271365E-05
"p66": 0
"p67": 0
"p68": 2.2580117077907045E-05
"p69": 0
"p70": 0
"p71": 0
"p72": 0.005633739210937809
"p73": 0.0017951193076936097
"p74": 0.00033682007974544673
"p75": 3.7633528463178407E-05
"p76": 0.0009333115058868244
"p77": 0.00026907972851172564
"p78": 2.6343469924224884E-05
"p79": 0
"p80": 1.1290058538953523E-05
"p81": 0
"p82": 0
"p83": 0
"p84": 0
"p85": 0
"p86": 0
"p87": 0
"p88": 8.655711546531035E-05
"p89": 3.7633528463178407E-06
"p90": 0
"p91": 0
"p92": 0
"p93": 0
"p94": 0
"p95": 0
"p96": 0.00013359902604428335
"p97": 1.1290058538953523E-05
"p98": 0
"p99": 0
"p100": 0
"p101": 0
"p102": 0
"p103": 0
"p104": 0.003234601771410184
"p105": 0.0008486360668446732
"p106": 0.00012607232035164768
"p107": 2.2580117077907045E-05
"p108": 0.0005381594570234513
"p109": 0.0001016105268505817
"p110": 0
"p111": 0
"p112": 0.00024085458216434178
"p113": 6.39769983874033E-05
"p114": 7.5267056926356815E-06
"p115": 0
"p116": 0
"p117": 0
"p118": 0
"p119": 0
"p120": 0.008012178209810684
"p121": 0.0024499427029529143
"p122": 0.00039891540170969113
"p123": 1.5053411385271363E-05
"p124": 0.0004835908407518425
"p125": 0.00010725555612005848
