"p63": 3.575185204001949E-05
"p64": 0.008162712323663395
"p65": 0.004002325752059024
"p66": 0.001160994353089054
"p67": 0.00017875926020009746
"p68": 0.00018628596589273313
"p69": 4.1396881309496255E-05
"p70": 5.645029269476761E-06
"p71": 0
"p72": 0.008390395170865626
"p73": 0.00392329534228635
"p74": 0.0010368037091605651
"p75": 0.00011478226181269412
"p76": 0.008145777235854967
"p77": 0.003368200797454467
"p78": 0.0006792851887603701
"p79": 4.139688130949625E-05
"p80": 0.00048735419359816035
"p81": 0.0001016105268505817
"p82": 5.645029269476761E-06
"p83": 0
"p84": 8.467543904215143E-05
"p85": 1.6935087808430282E-05
"p86": 0
"p87": 0
"p88": 2.6343469924224884E-05
"p89": 1.8816764231589204E-06
"p90": 0
"p91": 0
"p92": 6.585867481056221E-05
"p93": 2.0698440654748124E-05
"p94": 0
"p95": 0
"p96": 0.009406500439371444
"p97": 0.0034792197064208432
"p98": 0.0006567050716824633
"p99": 4.327855773265517E-05
"p100": 1.3171734962112444E-05
"p101": 1.8816764231589204E-06
"p102": 0
"p103": 0
"p104": 0.005735349737788389
"p105": 0.0021564011809401228
"p106": 0.0004139688130949624
"p107": 3.010682277054273E-05
"p108": 0.004920583846560576
"p109": 0.0016182417239166717
"p110": 0.00021827446508643474
"p111": 7.5267056926356815E-06
"p112": 0.014532187016056342
"p113": 0.00580309008902211
"p114": 0.0013830321710218065
"p115": 0.0001825226130464153
"p116": 7.714873334951574E-05
"p117": 1.5053411385271363E-05
"p118": 0
"p119": 0
"p120": 0.007353591461705062
"p121": 0.002726549137157275
"p122": 0.0006529417188361453
"p123": 7.714873334951573E-05
"p124": 0.006550115629016206
"p125": 0.002207206444365413
