"p63": 2.0698440654748124E-05
"p64": 0.006945267677879574
"p65": 0.0037050208771999132
"p66": 0.0012324980571690929
"p67": 0.00026907972851172564
"p68": 0.00016746920166114393
"p69": 4.1396881309496255E-05
"p70": 5.645029269476761E-06
"p71": 0
"p72": 0.011327692067416701
"p73": 0.005255522249882865
"p74": 0.0014865243742955472
"p75": 0.00019004931873905096
"p76": 0.009220214473478712
"p77": 0.0038913068430926475
"p78": 0.0008806245660383749
"p79": 8.467543904215141E-05
"p80": 0.0002333278764717061
"p81": 4.892358700213194E-05
"p82": 5.645029269476761E-06
"p83": 0
"p84": 6.209532196424438E-05
"p85": 1.6935087808430282E-05
"p86": 0
"p87": 0
"p88": 2.0698440654748124E-05
"p89": 1.8816764231589204E-06
"p90": 0
"p91": 0
"p92": 3.7633528463178407E-05
"p93": 1.5053411385271363E-05
"p94": 0
"p95": 0
"p96": 0.012848086617329108
"p97": 0.006094749934611744
"p98": 0.0017556041028072727
"p99": 0.00022580117077907047
"p100": 1.6935087808430286E-05
"p101": 1.8816764231589204E-06
"p102": 0
"p103": 0
"p104": 0.011685210587816899
"p105": 0.005035366108373271
"p106": 0.0012757766149017482
"p107": 0.0001279539967748066
"p108": 0.009047100242548092
"p109": 0.0032195483600249123
"p110": 0.0006360066310277152
"p111": 5.645029269476761E-05
"p112": 0.009577732993878905
"p113": 0.003861200020322105
"p114": 0.0008580444489604676
"p115": 7.526705692635681E-05
"p116": 4.7041910578973015E-05
"p117": 1.5053411385271363E-05
"p118": 0
"p119": 0
"p120": 0.007953846240692758
"p121": 0.0023916107338349873
"p122": 0.0003913886960170554
"p123": 3.198849919370165E-05
"p124": 0.005184018545802826
"p125": 0.0017461957206914777
