"p63": 5.645029269476761E-06
"p64": 0.008049811738273863
"p65": 0.0039646922235958455
"p66": 0.0011722844116280075
"p67": 0.00017875926020009746
"p68": 0.00805545676754334
"p69": 0.004352317566766582
"p70": 0.0014620625807944812
"p71": 0.0003180033155138576
"p72": 0.006202005490731801
"p73": 0.002677625550155144
"p74": 0.0006303616017582384
"p75": 2.8225146347383808E-05
"p76": 0.005483205097085095
"p77": 0.002259893384213863
"p78": 0.0004591290472507766
"p79": 3.198849919370165E-05
"p80": 3.198849919370164E-05
"p81": 5.645029269476761E-06
"p82": 0
"p83": 0
"p84": 0.0002954231984359505
"p85": 6.585867481056221E-05
"p86": 5.645029269476761E-06
"p87": 0
"p88": 0
"p89": 0
"p90": 0
"p91": 0
"p92": 2.6343469924224884E-05
"p93": 1.1290058538953523E-05
"p94": 0
"p95": 0
"p96": 0.010307823446064568
"p97": 0.004286458891956019
"p98": 0.0010782005904700614
"p99": 0.0001279539967748066
"p100": 0.01574774998541701
"p101": 0.007449556959286169
"p102": 0.002120649328900104
"p103": 0.0002671980520885667
"p104": 0.004621397295278308
"p105": 0.0017612491320767496
"p106": 0.0003612818732465127
"p107": 1.1290058538953523E-05
"p108": 0.0035657768218861543
"p109": 0.001255078174247
"p110": 0.00021827446508643477
"p111": 1.3171734962112444E-05
"p112": 0.00817588405862551
"p113": 0.0027190224314646394
"p114": 0.0005174610163687031
"p115": 5.2686939848449775E-05
"p116": 0.010200567889944506
"p117": 0.004077592808985381
"p118": 0.0008937963010004872
"p119": 7.526705692635681E-05
"p120": 0.0027980528412373147
"p121": 0.0007620789513793628
"p122": 7.903040977267465E-05
"p123": 3.7633528463178407E-06
"p124": 0.0021225310053232613
"p125": 0.0007206820700698663
