"p63": 0
"p64": 0.0001298356731979655
"p65": 1.8816764231589203E-05
"p66": 0
"p67": 0
"p68": 0.0003876253431707376
"p69": 6.585867481056221E-05
"p70": 0
"p71": 0
"p72": 9.408382115794602E-06
"p73": 0
"p74": 0
"p75": 0
"p76": 2.0698440654748124E-05
"p77": 0
"p78": 0
"p79": 0
"p80": 0.0002559079935496132
"p81": 4.516023415581409E-05
"p82": 0
"p83": 0
"p84": 0.0004553656944044588
"p85": 0.00010537387969689954
"p86": 1.1290058538953523E-05
"p87": 0
"p88": 3.9515204886337324E-05
"p89": 9.408382115794602E-06
"p90": 0
"p91": 0
"p92": 0.00015053411385271363
"p93": 3.951520488633733E-05
"p94": 0
"p95": 0
"p96": 0.0008825062424615337
"p97": 0.00020886608297064014
"p98": 1.8816764231589203E-05
"p99": 0
"p100": 0.0011007807075479683
"p101": 0.0002766064342043613
"p102": 3.0106822770542726E-05
"p103": 0
"p104": 0.00022956452362538827
"p105": 2.6343469924224887E-05
"p106": 0
"p107": 0
"p108": 7.714873334951574E-05
"p109": 1.5053411385271363E-05
"p110": 0
"p111": 0
"p112": 0.0018760313938894434
"p113": 0.0005513311919855637
"p114": 8.091208619583358E-05
"p115": 1.1290058538953523E-05
"p116": 0.0022693017663296578
"p117": 0.0006529417188361455
"p118": 8.655711546531033E-05
"p119": 1.1290058538953523E-05
"p120": 0.0007413805107246147
"p121": 0.00016558752523798497
"p122": 7.5267056926356815E-06
"p123": 0
"p124": 0.0003763352846317841
"p125": 7.714873334951574E-05
