"p63": 1.8816764231589203E-05
"p64": 6.397699838740331E-05
"p65": 3.7633528463178407E-06
"p66": 0
"p67": 0
"p68": 0
"p69": 0
"p70": 0
"p71": 0
"p72": 5.645029269476761E-05
"p73": 3.7633528463178407E-06
"p74": 0
"p75": 0
"p76": 3.575185204001949E-05
"p77": 7.5267056926356815E-06
"p78": 0
"p79": 0
"p80": 1.6935087808430286E-05
"p81": 0
"p82": 0
"p83": 0
"p84": 0
"p85": 0
"p86": 0
"p87": 0
"p88": 0
"p89": 0
"p90": 0
"p91": 0
"p92": 0
"p93": 0
"p94": 0
"p95": 0
"p96": 0.0002897781691664737
"p97": 6.021364554108545E-05
"p98": 5.645029269476761E-06
"p99": 0
"p100": 0
"p101": 0
"p102": 0
"p103": 0
"p104": 0.0010687922083542668
"p105": 0.00016935087808430283
"p106": 5.645029269476761E-06
"p107": 0
"p108": 7.714873334951573E-05
"p109": 5.645029269476761E-06
"p110": 0
"p111": 0
"p112": 0.00040644210740232675
"p113": 6.585867481056221E-05
"p114": 5.645029269476761E-06
"p115": 0
"p116": 0
"p117": 0
"p118": 0
"p119": 0
"p120": 0.0005626212505245173
"p121": 5.8331969117926534E-05
"p122": 5.645029269476761E-06
"p123": 0
"p124": 0.00012419064392848873
"p125": 1.3171734962112442E-05
