"p63": 0
"p64": 7.338538050319788E-05
"p65": 1.5053411385271363E-05
"p66": 0
"p67": 0
"p68": 0
"p69": 0
"p70": 0
"p71": 0
"p72": 3.575185204001949E-05
"p73": 3.7633528463178407E-06
"p74": 0
"p75": 0
"p76": 1.1290058538953523E-05
"p77": 0
"p78": 0
"p79": 0
"p80": 0.00011854561465901197
"p81": 1.5053411385271363E-05
"p82": 0
"p83": 0
"p84": 0
"p85": 0
"p86": 0
"p87": 0
"p88": 8.843879188846926E-05
"p89": 9.408382115794602E-06
"p90": 0
"p91": 0
"p92": 3.387017561686057E-05
"p93": 5.645029269476761E-06
"p94": 0
"p95": 0
"p96": 0.00027848811062752024
"p97": 7.714873334951573E-05
"p98": 5.645029269476761E-06
"p99": 0
"p100": 0
"p101": 0
"p102": 0
"p103": 0
"p104": 0.00042714054805707494
"p105": 6.585867481056221E-05
"p106": 5.645029269476761E-06
"p107": 0
"p108": 6.774035123372114E-05
"p109": 0
"p110": 0
"p111": 0
"p112": 0.0004911175464444781
"p113": 0.00011478226181269414
"p114": 5.645029269476761E-06
"p115": 0
"p116": 0
"p117": 0
"p118": 0
"p119": 0
"p120": 0.0011233608246258755
"p121": 0.00019945770085484554
"p122": 1.6935087808430286E-05
"p123": 0
"p124": 0.00013548070246744226
"p125": 5.645029269476761E-06
