"p63": 0
"p64": 0.0025910684346898334
"p65": 0.0008900329481541693
"p66": 0.0001674692016611439
"p67": 1.8816764231589203E-05
"p68": 0.0016634019580724856
"p69": 0.0006548233952593045
"p70": 0.00014488908458323686
"p71": 1.8816764231589203E-05
"p72": 0.0020924241825527197
"p73": 0.000519342692791862
"p74": 4.704191057897301E-05
"p75": 0
"p76": 0.0009032046831162816
"p77": 0.00018064093662325636
"p78": 1.5053411385271363E-05
"p79": 0
"p80": 5.645029269476761E-06
"p81": 0
"p82": 0
"p83": 0
"p84": 8.46754390421514E-05
"p85": 3.7633528463178407E-06
"p86": 0
"p87": 0
"p88": 0
"p89": 0
"p90": 0
"p91": 0
"p92": 9.408382115794602E-06
"p93": 3.7633528463178407E-06
"p94": 0
"p95": 0
"p96": 0.0015335662848745197
"p97": 0.0004290222244802338
"p98": 6.774035123372113E-05
"p99": 1.1290058538953523E-05
"p100": 0.001247551468554364
"p101": 0.00039327037244021434
"p102": 6.021364554108546E-05
"p103": 1.1290058538953523E-05
"p104": 0.000777132362764634
"p105": 0.00017311423093062066
"p106": 9.408382115794602E-06
"p107": 0
"p108": 0.0002464996114338186
"p109": 5.833196911792653E-05
"p110": 0
"p111": 0
"p112": 0.0037821696105494297
"p113": 0.0010687922083542668
"p114": 0.00015617914312219037
"p115": 7.5267056926356815E-06
"p116": 0.00388754349024633
"p117": 0.0013792688181754886
"p118": 0.0002464996114338186
"p119": 7.5267056926356815E-06
"p120": 0.0013585703775207403
"p121": 0.0002559079935496132
"p122": 1.5053411385271363E-05
"p123": 0
"p124": 0.0005757929854866297
"p125": 9.408382115794603E-05
