"p63": 6.962202765688006E-05
"p64": 7.714873334951574E-05
"p65": 1.5053411385271363E-05
"p66": 0
"p67": 0
"p68": 0
"p69": 0
"p70": 0
"p71": 0
"p72": 3.3870175616860565E-05
"p73": 1.8816764231589204E-06
"p74": 0
"p75": 0
"p76": 3.9515204886337324E-05
"p77": 7.5267056926356815E-06
"p78": 0
"p79": 0
"p80": 8.091208619583358E-05
"p81": 3.7633528463178407E-06
"p82": 0
"p83": 0
"p84": 0
"p85": 0
"p86": 0
"p87": 0
"p88": 5.645029269476761E-05
"p89": 3.7633528463178407E-06
"p90": 0
"p91": 0
"p92": 3.575185204001949E-05
"p93": 7.5267056926356815E-06
"p94": 0
"p95": 0
"p96": 0.00024461793501065964
"p97": 5.268693984844977E-05
"p98": 5.645029269476761E-06
"p99": 0
"p100": 0
"p101": 0
"p102": 0
"p103": 0
"p104": 0.0004948808992907961
"p105": 6.39769983874033E-05
"p106": 5.645029269476761E-06
"p107": 0
"p108": 5.2686939848449775E-05
"p109": 0
"p110": 0
"p111": 0
"p112": 0.00039703372528653215
"p113": 6.774035123372113E-05
"p114": 5.645029269476761E-06
"p115": 0
"p116": 0
"p117": 0
"p118": 0
"p119": 0
"p120": 0.0011139524425100807
"p121": 0.00016370584881482606
"p122": 5.645029269476761E-06
"p123": 0
"p124": 0.00012795399677480656
"p125": 1.8816764231589207E-05
