"p63": 2.8225146347383808E-05
"p64": 0.0008542810961141499
"p65": 0.00024461793501065964
"p66": 2.8225146347383805E-05
"p67": 1.8816764231589204E-06
"p68": 0
"p69": 0
"p70": 0
"p71": 0
"p72": 0.0030276173648627032
"p73": 0.0011252425010490343
"p74": 0.00025402631712645424
"p75": 4.139688130949625E-05
"p76": 0.0008392276847288785
"p77": 0.0003255300212064932
"p78": 5.833196911792654E-05
"p79": 1.1290058538953523E-05
"p80": 0
"p81": 0
"p82": 0
"p83": 0
"p84": 0
"p85": 0
"p86": 0
"p87": 0
"p88": 0.00033682007974544673
"p89": 7.526705692635683E-05
"p90": 5.645029269476761E-06
"p91": 0
"p92": 3.3870175616860565E-05
"p93": 0
"p94": 0
"p95": 0
"p96": 0.0023464504996791734
"p97": 0.000829819302613084
"p98": 0.0001749959073537796
"p99": 1.8816764231589203E-05
"p100": 0.0002728430813580435
"p101": 6.39769983874033E-05
"p102": 5.645029269476761E-06
"p103": 0
"p104": 0.039601762001802654
"p105": 0.018192047659100447
"p106": 0.005093698077491198
"p107": 0.0007978308034193825
"p108": 0.015113625030812452
"p109": 0.00580685344186843
"p110": 0.001230616380745934
"p111": 0.00012419064392848873
"p112": 0.0006811668651835292
"p113": 0.0002615530228190899
"p114": 4.892358700213194E-05
"p115": 1.1290058538953523E-05
"p116": 2.6343469924224887E-05
"p117": 0
"p118": 0
"p119": 0
"p120": 0.014291332433892
"p121": 0.005104988136030152
"p122": 0.0010575021498153135
"p123": 0.0001016105268505817
"p124": 0.004017379163444295
"p125": 0.001558028078375586
