"p63": 6.585867481056222E-05
"p64": 0
"p65": 0
"p66": 0
"p67": 0
"p68": 5.645029269476761E-06
"p69": 0
"p70": 0
"p71": 0
"p72": 7.903040977267466E-05
"p73": 3.7633528463178407E-06
"p74": 0
"p75": 0
"p76": 6.397699838740331E-05
"p77": 3.7633528463178407E-06
"p78": 0
"p79": 0
"p80": 0
"p81": 0
"p82": 0
"p83": 0
"p84": 0
"p85": 0
"p86": 0
"p87": 0
"p88": 0
"p89": 0
"p90": 0
"p91": 0
"p92": 1.6935087808430286E-05
"p93": 0
"p94": 0
"p95": 0
"p96": 5.080526342529085E-05
"p97": 5.645029269476761E-06
"p98": 0
"p99": 0
"p100": 2.0698440654748128E-05
"p101": 0
"p102": 0
"p103": 0
"p104": 0.0009540099465415725
"p105": 0.00016370584881482606
"p106": 5.645029269476761E-06
"p107": 0
"p108": 0.00036880857893914845
"p109": 6.585867481056221E-05
"p110": 5.645029269476761E-06
"p111": 0
"p112": 0
"p113": 0
"p114": 0
"p115": 0
"p116": 0
"p117": 0
"p118": 0
"p119": 0
"p120": 0.0006153081903729669
"p121": 8.27937626189925E-05
"p122": 5.645029269476761E-06
"p123": 0
"p124": 0.00040644210740232675
"p125": 6.585867481056221E-05
