"p63": 0
"p64": 0.00035563684397703593
"p65": 5.833196911792653E-05
"p66": 0
"p67": 0
"p68": 0
"p69": 0
"p70": 0
"p71": 0
"p72": 7.338538050319788E-05
"p73": 9.408382115794602E-06
"p74": 0
"p75": 0
"p76": 0.00010349220327374062
"p77": 1.5053411385271363E-05
"p78": 0
"p79": 0
"p80": 0.0004365489301728695
"p81": 0.00010537387969689954
"p82": 1.1290058538953523E-05
"p83": 0
"p84": 3.7633528463178407E-06
"p85": 0
"p86": 0
"p87": 0
"p88": 0.00020510273012432228
"p89": 2.0698440654748124E-05
"p90": 0
"p91": 0
"p92": 0.0002464996114338185
"p93": 6.209532196424438E-05
"p94": 0
"p95": 0
"p96": 0.0010951356782784917
"p97": 0.0002766064342043613
"p98": 3.0106822770542726E-05
"p99": 0
"p100": 0
"p101": 0
"p102": 0
"p103": 0
"p104": 0.000899441330269964
"p105": 0.00018628596589273313
"p106": 1.8816764231589203E-05
"p107": 0
"p108": 0.0002314462000485472
"p109": 3.198849919370165E-05
"p110": 0
"p111": 0
"p112": 0.0022053247679422548
"p113": 0.000641651660297192
"p114": 8.655711546531033E-05
"p115": 1.1290058538953523E-05
"p116": 5.645029269476761E-06
"p117": 0
"p118": 0
"p119": 0
"p120": 0.0020115120963568856
"p121": 0.0004892358700213193
"p122": 6.585867481056221E-05
"p123": 1.1290058538953523E-05
"p124": 0.0009370748587331423
"p125": 0.00022015614150959367
