"p63": 8.46754390421514E-05
"p64": 0.001283303320594384
"p65": 0.0005080526342529085
"p66": 8.655711546531033E-05
"p67": 5.645029269476761E-06
"p68": 0.0019795235971631843
"p69": 0.0007413805107246147
"p70": 0.0001486524374295547
"p71": 7.5267056926356815E-06
"p72": 0.008909737863657487
"p73": 0.004056894368330633
"p74": 0.0009671816815036852
"p75": 8.279376261899248E-05
"p76": 0.01259029694735634
"p77": 0.006143673521613874
"p78": 0.0017330239857293657
"p79": 0.00024461793501065964
"p80": 0
"p81": 0
"p82": 0
"p83": 0
"p84": 0.0002201561415095937
"p85": 5.080526342529086E-05
"p86": 0
"p87": 0
"p88": 4.8923587002131926E-05
"p89": 5.645029269476761E-06
"p90": 0
"p91": 0
"p92": 0.00048735419359816035
"p93": 0.0001016105268505817
"p94": 5.645029269476761E-06
"p95": 0
"p96": 0.00027096140493488457
"p97": 5.833196911792653E-05
"p98": 0
"p99": 0
"p100": 0.0007921857741499056
"p101": 0.0002088660829706401
"p102": 3.0106822770542726E-05
"p103": 0
"p104": 0.006331841163929767
"p105": 0.0023652672639107634
"p106": 0.0004064421074023268
"p107": 2.4461793501065966E-05
"p108": 0.012509384861160506
"p109": 0.004615752266008832
"p110": 0.0008618078018067855
"p111": 5.8331969117926534E-05
"p112": 0.0005343961041771334
"p113": 0.0001448890845832369
"p114": 1.6935087808430286E-05
"p115": 0
"p116": 0.00158625322472297
"p117": 0.0005701479562171528
"p118": 0.0001110189089663763
"p119": 1.3171734962112444E-05
"p120": 0.00948364917272096
"p121": 0.003251536859218614
"p122": 0.0006774035123372113
"p123": 7.526705692635681E-05
"p124": 0.017260617829636782
"p125": 0.00699607294130487
