"p63": 8.46754390421514E-05
"p64": 0.003093476039673265
"p65": 0.0011760477644743254
"p66": 0.0002389729057411829
"p67": 1.6935087808430282E-05
"p68": 0
"p69": 0
"p70": 0
"p71": 0
"p72": 0.0010236319741984527
"p73": 0.000353755167553877
"p74": 5.080526342529086E-05
"p75": 0
"p76": 0.0011045440603942862
"p77": 0.00035751852040019486
"p78": 4.516023415581409E-05
"p79": 0
"p80": 0.0031894415372543702
"p81": 0.0011308875303185112
"p82": 0.0002163927886632758
"p83": 3.0106822770542726E-05
"p84": 0.00019757602443168663
"p85": 3.3870175616860565E-05
"p86": 0
"p87": 0
"p88": 0.0013190551726344033
"p89": 0.0004610107236739354
"p90": 0.00010725555612005847
"p91": 1.6935087808430282E-05
"p92": 0.001960706832931595
"p93": 0.0006943386001456416
"p94": 0.0001467707610063958
"p95": 1.8816764231589203E-05
"p96": 0.01124113495195139
"p97": 0.004455809770040323
"p98": 0.00101046023923634
"p99": 0.00013736237889060122
"p100": 3.198849919370165E-05
"p101": 5.645029269476761E-06
"p102": 0
"p103": 0
"p104": 0.006804141946142655
"p105": 0.0025553165826498136
"p106": 0.0005833196911792653
"p107": 7.52670569263568E-05
"p108": 0.006583985804633063
"p109": 0.0021055959175148315
"p110": 0.00037257193178546626
"p111": 3.198849919370165E-05
"p112": 0.015535120549600047
"p113": 0.007031824793344885
"p114": 0.001862859658927331
"p115": 0.000259671346395931
"p116": 0.00018628596589273313
"p117": 4.1396881309496255E-05
"p118": 5.645029269476761E-06
"p119": 0
"p120": 0.012968513908411278
"p121": 0.005714651297133642
"p122": 0.001396203905983919
"p123": 0.00014677076100639582
"p124": 0.011130116042985017
"p125": 0.004510378386311932
