"p63": 2.634346992422489E-05
"p64": 0.0027829994298520433
"p65": 0.001016105268505817
"p66": 0.00019945770085484554
"p67": 3.0106822770542726E-05
"p68": 0.00019757602443168663
"p69": 3.3870175616860565E-05
"p70": 0
"p71": 0
"p72": 0.001302120084825973
"p73": 0.0004610107236739354
"p74": 0.00010725555612005847
"p75": 1.6935087808430282E-05
"p76": 0.0019268366573147342
"p77": 0.0006943386001456416
"p78": 0.0001467707610063958
"p79": 1.8816764231589203E-05
"p80": 0.0005419228098697691
"p81": 0.00013171734962112442
"p82": 1.6935087808430286E-05
"p83": 0
"p84": 0
"p85": 0
"p86": 0
"p87": 0
"p88": 1.6935087808430282E-05
"p89": 0
"p90": 0
"p91": 0
"p92": 3.3870175616860565E-05
"p93": 0
"p94": 0
"p95": 0
"p96": 0.016169245504204607
"p97": 0.006798496916873179
"p98": 0.0016671653109188035
"p99": 0.0002107477593937991
"p100": 0.00019945770085484557
"p101": 4.327855773265517E-05
"p102": 5.645029269476761E-06
"p103": 0
"p104": 0.013395654456468356
"p105": 0.005678899445093622
"p106": 0.0013623337303670584
"p107": 0.0001373623788906012
"p108": 0.012426591098541516
"p109": 0.004649622441625692
"p110": 0.0008317009790362428
"p111": 4.139688130949625E-05
"p112": 0.011815046261014862
"p113": 0.00479074817336261
"p114": 0.0012324980571690927
"p115": 0.00018628596589273313
"p116": 1.8816764231589203E-05
"p117": 3.7633528463178407E-06
"p118": 0
"p119": 0
"p120": 0.0054060563637355775
"p121": 0.0020585540069358588
"p122": 0.0005174610163687031
"p123": 7.52670569263568E-05
"p124": 0.004773813085554182
"p125": 0.0017612491320767492
