"p63": 1.8816764231589204E-06
"p64": 7.5267056926356815E-06
"p65": 0
"p66": 0
"p67": 0
"p68": 0
"p69": 0
"p70": 0
"p71": 0
"p72": 0.0008712161839225799
"p73": 0.0002239194943559115
"p74": 2.0698440654748124E-05
"p75": 0
"p76": 0.00017123255450746173
"p77": 5.2686939848449775E-05
"p78": 5.645029269476761E-06
"p79": 0
"p80": 0.0001505341138527136
"p81": 1.8816764231589203E-05
"p82": 0
"p83": 0
"p84": 0
"p85": 0
"p86": 0
"p87": 0
"p88": 0.0008825062424615334
"p89": 0.0001806409366232563
"p90": 2.2580117077907045E-05
"p91": 0
"p92": 0.0001392440553137601
"p93": 6.0213645541085445E-05
"p94": 1.1290058538953523E-05
"p95": 0
"p96": 0.00011478226181269412
"p97": 1.5053411385271363E-05
"p98": 0
"p99": 0
"p100": 0
"p101": 0
"p102": 0
"p103": 0
"p104": 0.005919754027257964
"p105": 0.0018365161890031064
"p106": 0.0002973048748591094
"p107": 1.5053411385271363E-05
"p108": 0.0005475678391392458
"p109": 0.00011478226181269416
"p110": 1.1290058538953523E-05
"p111": 0
"p112": 0.00024838128785697745
"p113": 2.2580117077907045E-05
"p114": 0
"p115": 0
"p116": 2.2580117077907045E-05
"p117": 0
"p118": 0
"p119": 0
"p120": 0.009186344297861849
"p121": 0.0028093428997762685
"p122": 0.0005080526342529086
"p123": 6.021364554108545E-05
"p124": 0.001537329637720838
"p125": 0.00046101072367393553
