"p63": 0
"p64": 1.6935087808430282E-05
"p65": 1.8816764231589204E-06
"p66": 0
"p67": 0
"p68": 2.0698440654748124E-05
"p69": 1.8816764231589204E-06
"p70": 0
"p71": 0
"p72": 0.0009427198880026192
"p73": 0.0002163927886632758
"p74": 1.8816764231589203E-05
"p75": 0
"p76": 0.0009972885042742277
"p77": 0.00025967134639593104
"p78": 3.0106822770542726E-05
"p79": 0
"p80": 0.00014488908458323686
"p81": 2.0698440654748124E-05
"p82": 1.8816764231589204E-06
"p83": 0
"p84": 0.00015617914312219037
"p85": 2.6343469924224884E-05
"p86": 0
"p87": 0
"p88": 0.0019757602443168662
"p89": 0.0005663846033708349
"p90": 8.655711546531033E-05
"p91": 1.1290058538953523E-05
"p92": 0.0016013066361082408
"p93": 0.0005042892814065906
"p94": 7.714873334951574E-05
"p95": 1.1290058538953523E-05
"p96": 0
"p97": 0
"p98": 0
"p99": 0
"p100": 3.7633528463178407E-06
"p101": 0
"p102": 0
"p103": 0
"p104": 0.0001768775837769385
"p105": 2.8225146347383808E-05
"p106": 0
"p107": 0
"p108": 0.00024461793501065964
"p109": 3.575185204001949E-05
"p110": 0
"p111": 0
"p112": 3.0106822770542726E-05
"p113": 0
"p114": 0
"p115": 0
"p116": 0.00012607232035164768
"p117": 2.6343469924224884E-05
"p118": 0
"p119": 0
"p120": 0.0008298193026130839
"p121": 0.00017499590735377957
"p122": 3.7633528463178407E-06
"p123": 0
"p124": 0.001418784023061826
"p125": 0.0003499918147075592
