"p63": 3.7633528463178407E-06
"p64": 0.00018628596589273313
"p65": 4.1396881309496255E-05
"p66": 5.645029269476761E-06
"p67": 0
"p68": 0
"p69": 0
"p70": 0
"p71": 0
"p72": 0.00043090390090339274
"p73": 5.8331969117926534E-05
"p74": 5.645029269476761E-06
"p75": 0
"p76": 5.2686939848449775E-05
"p77": 0
"p78": 0
"p79": 0
"p80": 0.00023332787647170614
"p81": 4.892358700213193E-05
"p82": 5.645029269476761E-06
"p83": 0
"p84": 0
"p85": 0
"p86": 0
"p87": 0
"p88": 0.0009784717400426386
"p89": 0.00016370584881482606
"p90": 5.645029269476761E-06
"p91": 0
"p92": 6.0213645541085445E-05
"p93": 5.645029269476761E-06
"p94": 0
"p95": 0
"p96": 9.032046831162818E-05
"p97": 1.8816764231589203E-05
"p98": 0
"p99": 0
"p100": 0
"p101": 0
"p102": 0
"p103": 0
"p104": 0.00010913723254321737
"p105": 1.6935087808430282E-05
"p106": 0
"p107": 0
"p108": 3.7633528463178407E-06
"p109": 3.7633528463178407E-06
"p110": 0
"p111": 0
"p112": 0.00031423996266753966
"p113": 4.516023415581409E-05
"p114": 0
"p115": 0
"p116": 0
"p117": 0
"p118": 0
"p119": 0
"p120": 0.0003838619903244197
"p121": 4.892358700213192E-05
"p122": 0
"p123": 0
"p124": 1.6935087808430286E-05
"p125": 3.7633528463178407E-06
