"p63": 2.0698440654748124E-05
"p64": 0.00099352515142791
"p65": 0.00025967134639593104
"p66": 2.8225146347383805E-05
"p67": 1.8816764231589204E-06
"p68": 0
"p69": 0
"p70": 0
"p71": 0
"p72": 0.0039703372528653216
"p73": 0.0013980855824070777
"p74": 0.0002860148163201559
"p75": 4.139688130949625E-05
"p76": 0.0010800822668932204
"p77": 0.000355636843977036
"p78": 6.39769983874033E-05
"p79": 1.1290058538953523E-05
"p80": 0
"p81": 0
"p82": 0
"p83": 0
"p84": 0
"p85": 0
"p86": 0
"p87": 0
"p88": 0.0005588578976781994
"p89": 0.00013171734962112442
"p90": 1.6935087808430286E-05
"p91": 0
"p92": 3.3870175616860565E-05
"p93": 0
"p94": 0
"p95": 0
"p96": 0.0025082746720708404
"p97": 0.0008843879188846927
"p98": 0.00016182417239166713
"p99": 7.5267056926356815E-06
"p100": 0.00025214464070329537
"p101": 6.585867481056221E-05
"p102": 5.645029269476761E-06
"p103": 0
"p104": 0.028761424127984107
"p105": 0.012052137490332886
"p106": 0.002918480132319486
"p107": 0.0003443467854380825
"p108": 0.01024760980052348
"p109": 0.003987272340673753
"p110": 0.0007658423042256806
"p111": 4.327855773265517E-05
"p112": 0.0005889647204487421
"p113": 0.0001580608195453493
"p114": 2.2580117077907045E-05
"p115": 0
"p116": 1.8816764231589203E-05
"p117": 0
"p118": 0
"p119": 0
"p120": 0.01713078215643881
"p121": 0.006774035123372115
"p122": 0.0017217339271904122
"p123": 0.00026155302281908997
"p124": 0.004181085012259121
"p125": 0.001554264725529268
