"p63": 6.962202765688005E-05
"p64": 3.387017561686057E-05
"p65": 5.645029269476761E-06
"p66": 0
"p67": 0
"p68": 7.5267056926356815E-06
"p69": 0
"p70": 0
"p71": 0
"p72": 0.0005870830440255832
"p73": 0.000118545614659012
"p74": 5.645029269476761E-06
"p75": 0
"p76": 0.00021827446508643477
"p77": 4.7041910578973015E-05
"p78": 5.645029269476761E-06
"p79": 0
"p80": 0
"p81": 0
"p82": 0
"p83": 0
"p84": 0
"p85": 0
"p86": 0
"p87": 0
"p88": 0
"p89": 0
"p90": 0
"p91": 0
"p92": 2.258011707790704E-05
"p93": 0
"p94": 0
"p95": 0
"p96": 1.6935087808430286E-05
"p97": 0
"p98": 0
"p99": 0
"p100": 1.3171734962112444E-05
"p101": 0
"p102": 0
"p103": 0
"p104": 0.00040267875455600894
"p105": 5.268693984844976E-05
"p106": 0
"p107": 0
"p108": 0.0001787592602000974
"p109": 2.6343469924224887E-05
"p110": 0
"p111": 0
"p112": 1.1290058538953523E-05
"p113": 0
"p114": 0
"p115": 0
"p116": 1.3171734962112442E-05
"p117": 7.5267056926356815E-06
"p118": 0
"p119": 0
"p120": 0.0007658423042256805
"p121": 0.00011478226181269414
"p122": 5.645029269476761E-06
"p123": 0
"p124": 0.00048359084075184244
"p125": 8.655711546531033E-05
