"p63": 1.8816764231589207E-05
"p64": 0.0009784717400426386
"p65": 0.00033870175616860566
"p66": 6.209532196424438E-05
"p67": 0
"p68": 0.0011967462051290733
"p69": 0.0003857436667475786
"p70": 6.585867481056221E-05
"p71": 1.1290058538953523E-05
"p72": 0.011064257368174457
"p73": 0.0045818820903919715
"p74": 0.001108307413240604
"p75": 0.0001467707610063958
"p76": 0.012232778426956145
"p77": 0.005825670206100017
"p78": 0.0016351768117251022
"p79": 0.00024085458216434183
"p80": 0.0020416189191274285
"p81": 0.0008749795367688979
"p82": 0.00019004931873905096
"p83": 1.3171734962112444E-05
"p84": 0.0018383978654262655
"p85": 0.0007018653058382773
"p86": 0.00015241579027587256
"p87": 1.8816764231589203E-05
"p88": 0.015495605344713713
"p89": 0.007005481323420663
"p90": 0.0018271078068873119
"p91": 0.00021639278866327584
"p92": 0.012878193440099654
"p93": 0.0065745774225172676
"p94": 0.002019038802049522
"p95": 0.00039515204886337327
"p96": 0.00011290058538953522
"p97": 3.387017561686057E-05
"p98": 5.645029269476761E-06
"p99": 0
"p100": 0.00023709122931802392
"p101": 8.27937626189925E-05
"p102": 2.6343469924224887E-05
"p103": 5.645029269476761E-06
"p104": 0.006222703931386551
"p105": 0.002145111122401169
"p106": 0.00038574366674757867
"p107": 1.8816764231589203E-05
"p108": 0.009566442935339953
"p109": 0.004006089104905342
"p110": 0.0009257848001941891
"p111": 3.951520488633733E-05
"p112": 0.0003198849919370165
"p113": 0.00010913723254321738
"p114": 1.1290058538953523E-05
"p115": 0
"p116": 0.0009728267107731617
"p117": 0.00036316354966967166
"p118": 7.903040977267465E-05
"p119": 7.5267056926356815E-06
"p120": 0.005436163186506121
"p121": 0.0016427035174177377
"p122": 0.0002464996114338186
"p123": 1.6935087808430286E-05
"p124": 0.00758503766175361
"p125": 0.003055842511210087
