"p63": 2.8225146347383808E-05
"p64": 0.0003725719317854663
"p65": 9.972885042742277E-05
"p66": 9.408382115794602E-06
"p67": 0
"p68": 0.0009803534164657976
"p69": 0.0002577896699727721
"p70": 3.0106822770542726E-05
"p71": 0
"p72": 0.006292325959043431
"p73": 0.0025590799354961316
"p74": 0.0005833196911792654
"p75": 6.962202765688005E-05
"p76": 0.01107178407386709
"p77": 0.004788866496939452
"p78": 0.0011967462051290735
"p79": 0.00017123255450746176
"p80": 0.0014131389937923492
"p81": 0.0005419228098697691
"p82": 8.655711546531033E-05
"p83": 5.645029269476761E-06
"p84": 0.002338923793986538
"p85": 0.0008486360668446731
"p86": 0.00015994249596850823
"p87": 7.5267056926356815E-06
"p88": 0.011468817799153624
"p89": 0.005170846810840715
"p90": 0.0011986278815522325
"p91": 9.4083821157946E-05
"p92": 0.015187010411315649
"p93": 0.007415686783669305
"p94": 0.0020736074183211302
"p95": 0.000284133139896997
"p96": 5.645029269476761E-05
"p97": 1.1290058538953523E-05
"p98": 0
"p99": 0
"p100": 0.00019945770085484554
"p101": 5.080526342529085E-05
"p102": 1.1290058538953523E-05
"p103": 0
"p104": 0.0026418736981151246
"p105": 0.000848636066844673
"p106": 0.00012419064392848875
"p107": 1.3171734962112444E-05
"p108": 0.006954676059995369
"p109": 0.002303171941946519
"p110": 0.0003180033155138576
"p111": 1.3171734962112444E-05
"p112": 0.0003405834325917646
"p113": 0.0001016105268505817
"p114": 1.6935087808430286E-05
"p115": 0
"p116": 0.001153467647396418
"p117": 0.0004365489301728696
"p118": 8.843879188846925E-05
"p119": 1.3171734962112444E-05
"p120": 0.006090986581765425
"p121": 0.0019042565402368275
"p122": 0.000308594933398063
"p123": 2.2580117077907045E-05
"p124": 0.012370140805846749
"p125": 0.004625160648124628
