"p63": 0
"p64": 9.972885042742277E-05
"p65": 1.5053411385271363E-05
"p66": 0
"p67": 0
"p68": 5.645029269476761E-06
"p69": 0
"p70": 0
"p71": 0
"p72": 0.0025703699940350854
"p73": 0.0007338538050319789
"p74": 0.00012230896750532982
"p75": 2.2580117077907045E-05
"p76": 0.0004854725171750015
"p77": 0.00012607232035164766
"p78": 1.3171734962112442E-05
"p79": 0
"p80": 1.1290058538953523E-05
"p81": 0
"p82": 0
"p83": 0
"p84": 0
"p85": 0
"p86": 0
"p87": 0
"p88": 7.903040977267466E-05
"p89": 3.7633528463178407E-06
"p90": 0
"p91": 0
"p92": 0
"p93": 0
"p94": 0
"p95": 0
"p96": 5.645029269476762E-05
"p97": 1.3171734962112442E-05
"p98": 0
"p99": 0
"p100": 0
"p101": 0
"p102": 0
"p103": 0
"p104": 0.0009765900636194795
"p105": 0.00020322105370116337
"p106": 1.8816764231589203E-05
"p107": 0
"p108": 8.655711546531035E-05
"p109": 1.3171734962112444E-05
"p110": 0
"p111": 0
"p112": 0.00013924405531376012
"p113": 2.6343469924224884E-05
"p114": 0
"p115": 0
"p116": 0
"p117": 0
"p118": 0
"p119": 0
"p120": 0.0032327200949870257
"p121": 0.0007169187172235485
"p122": 4.516023415581409E-05
"p123": 0
"p124": 0.00016182417239166716
"p125": 2.4461793501065966E-05
