"p63": 0
"p64": 0.00039703372528653225
"p65": 0.00012042729108217089
"p66": 2.2580117077907045E-05
"p67": 0
"p68": 7.5267056926356815E-06
"p69": 0
"p70": 0
"p71": 0
"p72": 0.0004045604309791679
"p73": 7.338538050319788E-05
"p74": 0
"p75": 0
"p76": 0.00031235828624438084
"p77": 0.0001223089675053298
"p78": 1.1290058538953523E-05
"p79": 0
"p80": 0.00011854561465901199
"p81": 1.5053411385271363E-05
"p82": 0
"p83": 0
"p84": 0
"p85": 0
"p86": 0
"p87": 0
"p88": 5.645029269476761E-06
"p89": 0
"p90": 0
"p91": 0
"p92": 3.7633528463178407E-06
"p93": 0
"p94": 0
"p95": 0
"p96": 0.002747247577812023
"p97": 0.0009728267107731617
"p98": 0.0001938126715853688
"p99": 3.0106822770542726E-05
"p100": 7.5267056926356815E-06
"p101": 0
"p102": 0
"p103": 0
"p104": 0.006010074495569593
"p105": 0.001642703517417737
"p106": 0.0002464996114338186
"p107": 3.0106822770542726E-05
"p108": 0.0016332951353019427
"p109": 0.0003838619903244198
"p110": 2.6343469924224884E-05
"p111": 0
"p112": 0.0035469600576545656
"p113": 0.0012419064392848876
"p114": 0.00022768284720222934
"p115": 7.5267056926356815E-06
"p116": 0
"p117": 0
"p118": 0
"p119": 0
"p120": 0.003654215613774623
"p121": 0.0008806245660383746
"p122": 0.00012230896750532982
"p123": 7.5267056926356815E-06
"p124": 0.0010687922083542666
"p125": 0.000259671346395931
