"p63": 5.080526342529084E-05
"p64": 0.0001768775837769385
"p65": 4.3278557732655166E-05
"p66": 0
"p67": 0
"p68": 0.0008768612131920569
"p69": 0.00024461793501065964
"p70": 2.8225146347383805E-05
"p71": 1.8816764231589204E-06
"p72": 0.001541092990567156
"p73": 0.0004854725171750014
"p74": 8.091208619583358E-05
"p75": 1.1290058538953523E-05
"p76": 0.0021639278866327585
"p77": 0.0009408382115794602
"p78": 0.00023144620004854718
"p79": 4.139688130949625E-05
"p80": 0
"p81": 0
"p82": 0
"p83": 0
"p84": 0
"p85": 0
"p86": 0
"p87": 0
"p88": 5.080526342529084E-05
"p89": 0
"p90": 0
"p91": 0
"p92": 0.00031988499193701646
"p93": 7.526705692635683E-05
"p94": 5.645029269476761E-06
"p95": 0
"p96": 0.0024725228200308215
"p97": 0.0009728267107731619
"p98": 0.00019757602443168663
"p99": 1.3171734962112444E-05
"p100": 0.002483812878569775
"p101": 0.0008523994196909909
"p102": 0.0001749959073537796
"p103": 1.8816764231589203E-05
"p104": 0.02540639506549175
"p105": 0.01074249069981428
"p106": 0.0026644538151930322
"p107": 0.00031612163909069865
"p108": 0.02787139117982994
"p109": 0.013207486814152465
"p110": 0.00373136434712414
"p111": 0.0006153081903729671
"p112": 0.0006284799253350794
"p113": 0.00023709122931802392
"p114": 4.516023415581409E-05
"p115": 0
"p116": 0.0007075103351077541
"p117": 0.0002615530228190899
"p118": 4.892358700213194E-05
"p119": 1.1290058538953523E-05
"p120": 0.008574799460335202
"p121": 0.0027717093713130895
"p122": 0.000496762575713955
"p123": 5.456861627160869E-05
"p124": 0.009666171785767376
"p125": 0.0039947990463663876
