"p63": 0.00016935087808430286
"p64": 0.0027829994298520433
"p65": 0.0012268530278996162
"p66": 0.0002897781691664737
"p67": 1.6935087808430282E-05
"p68": 0
"p69": 0
"p70": 0
"p71": 0
"p72": 0.0010499754441226773
"p73": 0.00034622846186124133
"p74": 6.209532196424438E-05
"p75": 0
"p76": 0.001085727296162697
"p77": 0.00037069025536230727
"p78": 5.645029269476761E-05
"p79": 0
"p80": 0.0019550618036621183
"p81": 0.0007733690099183162
"p82": 0.0001787592602000974
"p83": 3.0106822770542726E-05
"p84": 0.00013548070246744226
"p85": 3.3870175616860565E-05
"p86": 0
"p87": 0
"p88": 0.0012851849970175423
"p89": 0.00043090390090339274
"p90": 9.408382115794602E-05
"p91": 1.6935087808430282E-05
"p92": 0.001559909754798745
"p93": 0.0006134265139498079
"p94": 0.00013359902604428333
"p95": 1.8816764231589203E-05
"p96": 0.013190551726344032
"p97": 0.006058998082571723
"p98": 0.001653993575956691
"p99": 0.00021451111224011693
"p100": 2.8225146347383805E-05
"p101": 5.645029269476761E-06
"p102": 0
"p103": 0
"p104": 0.012690025797783762
"p105": 0.004873541935981603
"p106": 0.0011045440603942864
"p107": 0.0001204272910821709
"p108": 0.010625826761578425
"p109": 0.0036259904674272397
"p110": 0.0007075103351077539
"p111": 7.714873334951573E-05
"p112": 0.01204084743179393
"p113": 0.0060307729362243405
"p114": 0.0018252261304641526
"p115": 0.00034811013828440037
"p116": 0.00016746920166114393
"p117": 4.1396881309496255E-05
"p118": 5.645029269476761E-06
"p119": 0
"p120": 0.01634988644082786
"p121": 0.007140962025888104
"p122": 0.0018835580995820794
"p123": 0.00022956452362538827
"p124": 0.011624996942275815
"p125": 0.00489800372948267
