"p63": 0
"p64": 9.784717400426387E-05
"p65": 1.5053411385271363E-05
"p66": 0
"p67": 0
"p68": 0
"p69": 0
"p70": 0
"p71": 0
"p72": 0.000543804486292928
"p73": 0.00011290058538953523
"p74": 1.1290058538953523E-05
"p75": 0
"p76": 0.00012042729108217092
"p77": 2.2580117077907045E-05
"p78": 0
"p79": 0
"p80": 0
"p81": 0
"p82": 0
"p83": 0
"p84": 0
"p85": 0
"p86": 0
"p87": 0
"p88": 7.714873334951574E-05
"p89": 3.7633528463178407E-06
"p90": 0
"p91": 0
"p92": 0
"p93": 0
"p94": 0
"p95": 0
"p96": 0.00015994249596850825
"p97": 2.8225146347383805E-05
"p98": 0
"p99": 0
"p100": 5.645029269476761E-06
"p101": 0
"p102": 0
"p103": 0
"p104": 0.0033813725324165797
"p105": 0.0009032046831162818
"p106": 0.00014112573173691902
"p107": 2.2580117077907045E-05
"p108": 0.0005701479562171529
"p109": 0.0001392440553137601
"p110": 1.3171734962112442E-05
"p111": 0
"p112": 1.5053411385271363E-05
"p113": 0
"p114": 0
"p115": 0
"p116": 0
"p117": 0
"p118": 0
"p119": 0
"p120": 0.0024988662899550454
"p121": 0.0004911175464444782
"p122": 2.6343469924224884E-05
"p123": 0
"p124": 0.0003180033155138575
"p125": 5.456861627160869E-05
