"p63": 0.0003744536082086252
"p64": 0
"p65": 0
"p66": 0
"p67": 0
"p68": 0
"p69": 0
"p70": 0
"p71": 0
"p72": 6.774035123372112E-05
"p73": 9.408382115794602E-06
"p74": 0
"p75": 0
"p76": 7.714873334951574E-05
"p77": 1.5053411385271363E-05
"p78": 0
"p79": 0
"p80": 0
"p81": 0
"p82": 0
"p83": 0
"p84": 5.645029269476761E-06
"p85": 0
"p86": 0
"p87": 0
"p88": 7.903040977267466E-05
"p89": 3.7633528463178407E-06
"p90": 0
"p91": 0
"p92": 8.091208619583358E-05
"p93": 3.7633528463178407E-06
"p94": 0
"p95": 0
"p96": 5.645029269476761E-06
"p97": 0
"p98": 0
"p99": 0
"p100": 5.645029269476761E-06
"p101": 0
"p102": 0
"p103": 0
"p104": 0.0004854725171750015
"p105": 7.526705692635681E-05
"p106": 5.645029269476761E-06
"p107": 0
"p108": 0.00025026296428013644
"p109": 5.268693984844977E-05
"p110": 5.645029269476761E-06
"p111": 0
"p112": 4.516023415581409E-05
"p113": 5.645029269476761E-06
"p114": 0
"p115": 0
"p116": 1.5053411385271363E-05
"p117": 0
"p118": 0
"p119": 0
"p120": 0.0010462120912763597
"p121": 0.00017123255450746173
"p122": 5.645029269476761E-06
"p123": 0
"p124": 0.0004704191057897302
"p125": 7.33853805031979E-05
