"p63": 0
"p64": 0.0002521446407032953
"p65": 4.516023415581409E-05
"p66": 0
"p67": 0
"p68": 0.0003819803139012608
"p69": 0.0001016105268505817
"p70": 1.1290058538953523E-05
"p71": 0
"p72": 3.9515204886337324E-05
"p73": 9.408382115794602E-06
"p74": 0
"p75": 0
"p76": 0.00015053411385271363
"p77": 3.951520488633733E-05
"p78": 0
"p79": 0
"p80": 3.7633528463178407E-06
"p81": 0
"p82": 0
"p83": 0
"p84": 7.33853805031979E-05
"p85": 3.7633528463178407E-06
"p86": 0
"p87": 0
"p88": 0
"p89": 0
"p90": 0
"p91": 0
"p92": 0
"p93": 0
"p94": 0
"p95": 0
"p96": 0.0015956616068387643
"p97": 0.0004798274879055247
"p98": 8.091208619583358E-05
"p99": 1.1290058538953523E-05
"p100": 0.0016144783710703534
"p101": 0.00047982748790552474
"p102": 7.526705692635681E-05
"p103": 1.1290058538953523E-05
"p104": 0.000735735481455138
"p105": 0.0001674692016611439
"p106": 7.5267056926356815E-06
"p107": 0
"p108": 0.0003594001968233538
"p109": 7.714873334951573E-05
"p110": 1.8816764231589204E-06
"p111": 0
"p112": 0.0009747083871963207
"p113": 0.0001975760244316866
"p114": 7.5267056926356815E-06
"p115": 0
"p116": 0.001768775837769385
"p117": 0.00036504522609283053
"p118": 1.8816764231589203E-05
"p119": 0
"p120": 0.00017687758377693847
"p121": 1.8816764231589207E-05
"p122": 0
"p123": 0
"p124": 0.00010913723254321738
"p125": 1.5053411385271365E-05
