"p63": 0
"p64": 0.00036316354966967166
"p65": 0.0001016105268505817
"p66": 1.1290058538953523E-05
"p67": 0
"p68": 3.7633528463178407E-06
"p69": 0
"p70": 0
"p71": 0
"p72": 0.00020133937727800447
"p73": 2.0698440654748124E-05
"p74": 0
"p75": 0
"p76": 0.0002464996114338185
"p77": 6.209532196424438E-05
"p78": 0
"p79": 0
"p80": 7.33853805031979E-05
"p81": 3.7633528463178407E-06
"p82": 0
"p83": 0
"p84": 0
"p85": 0
"p86": 0
"p87": 0
"p88": 3.7633528463178407E-06
"p89": 0
"p90": 0
"p91": 0
"p92": 0
"p93": 0
"p94": 0
"p95": 0
"p96": 0.0016201234003398303
"p97": 0.00047982748790552474
"p98": 7.526705692635681E-05
"p99": 1.1290058538953523E-05
"p100": 5.645029269476761E-06
"p101": 0
"p102": 0
"p103": 0
"p104": 0.0018703863646199667
"p105": 0.00047041910578973014
"p106": 6.585867481056221E-05
"p107": 1.1290058538953523E-05
"p108": 0.0007300904521856612
"p109": 0.00017123255450746173
"p110": 1.3171734962112442E-05
"p111": 0
"p112": 0.0016935087808430285
"p113": 0.00035375516755387705
"p114": 1.8816764231589203E-05
"p115": 0
"p116": 0
"p117": 0
"p118": 0
"p119": 0
"p120": 0.0008674528310762623
"p121": 0.00014300740816007793
"p122": 7.5267056926356815E-06
"p123": 0
"p124": 0.00039891540170969113
"p125": 6.962202765688005E-05
