"p63": 0
"p64": 9.972885042742277E-05
"p65": 1.5053411385271363E-05
"p66": 0
"p67": 0
"p68": 0
"p69": 0
"p70": 0
"p71": 0
"p72": 0.004786984820516294
"p73": 0.0015316846084513613
"p74": 0.00026719805208856665
"p75": 1.5053411385271363E-05
"p76": 0.00044972066513498195
"p77": 9.784717400426387E-05
"p78": 1.1290058538953523E-05
"p79": 0
"p80": 0.0002559079935496132
"p81": 2.2580117077907045E-05
"p82": 0
"p83": 0
"p84": 2.2580117077907045E-05
"p85": 0
"p86": 0
"p87": 0
"p88": 0.006943386001456418
"p89": 0.002199679738672778
"p90": 0.00041773216594128033
"p91": 6.021364554108545E-05
"p92": 0.0011967462051290735
"p93": 0.0003330567268991289
"p94": 2.6343469924224884E-05
"p95": 0
"p96": 1.5053411385271363E-05
"p97": 0
"p98": 0
"p99": 0
"p100": 0
"p101": 0
"p102": 0
"p103": 0
"p104": 0.001571199813337698
"p105": 0.0004384306065960285
"p106": 5.268693984844977E-05
"p107": 0
"p108": 0.00013171734962112442
"p109": 2.2580117077907045E-05
"p110": 0
"p111": 0
"p112": 0.0001956943480085277
"p113": 5.2686939848449775E-05
"p114": 7.5267056926356815E-06
"p115": 0
"p116": 0
"p117": 0
"p118": 0
"p119": 0
"p120": 0.0041716766301433264
"p121": 0.001157231000242736
"p122": 0.00015429746669903146
"p123": 0
"p124": 0.00022580117077907044
"p125": 3.575185204001949E-05
