"p63": 0.000212629435816958
"p64": 1.6935087808430282E-05
"p65": 0
"p66": 0
"p67": 0
"p68": 0.00015053411385271363
"p69": 9.408382115794602E-06
"p70": 0
"p71": 0
"p72": 0.001234379733592252
"p73": 0.0003838619903244198
"p74": 5.080526342529085E-05
"p75": 0
"p76": 0.003738891052816775
"p77": 0.0014131389937923494
"p78": 0.0002728430813580434
"p79": 1.6935087808430282E-05
"p80": 0.0002163927886632758
"p81": 5.6450292694767617E-05
"p82": 0
"p83": 0
"p84": 0.0011628760295122127
"p85": 0.0002935415220127916
"p86": 2.8225146347383805E-05
"p87": 1.8816764231589204E-06
"p88": 0.0015956616068387647
"p89": 0.0004817091643286836
"p90": 8.655711546531033E-05
"p91": 1.1290058538953523E-05
"p92": 0.003710665906469391
"p93": 0.001367978759636535
"p94": 0.0002803697870506791
"p95": 4.139688130949625E-05
"p96": 0.0003895070195938966
"p97": 9.972885042742277E-05
"p98": 9.408382115794602E-06
"p99": 0
"p100": 0.001042448738430042
"p101": 0.0002690797285117256
"p102": 3.0106822770542726E-05
"p103": 0
"p104": 0.0078785791837664
"p105": 0.0029730487485910943
"p106": 0.0006247165724887616
"p107": 7.150370408003898E-05
"p108": 0.015267922497511483
"p109": 0.005983731025645367
"p110": 0.0013228185254807211
"p111": 0.0001731142309306207
"p112": 0.0014244290523313028
"p113": 0.0005419228098697691
"p114": 8.655711546531033E-05
"p115": 5.645029269476761E-06
"p116": 0.0021601645337864404
"p117": 0.0008128842148046537
"p118": 0.00015994249596850823
"p119": 7.5267056926356815E-06
"p120": 0.014199130289157218
"p121": 0.006149318550883353
"p122": 0.001354807024674423
"p123": 0.00011666393823585307
"p124": 0.022068301090807825
"p125": 0.010115892450902357
