"p63": 5.645029269476761E-06
"p64": 0.0009521282701184137
"p65": 0.0002577896699727721
"p66": 3.0106822770542726E-05
"p67": 0
"p68": 2.8225146347383808E-05
"p69": 0
"p70": 0
"p71": 0
"p72": 0.013132219757226107
"p73": 0.005592342329628312
"p74": 0.0014169023466386673
"p75": 0.0002088660829706402
"p76": 0.004470863181425594
"p77": 0.0015975432832619236
"p78": 0.00032176666836017533
"p79": 2.6343469924224887E-05
"p80": 0.0021206493289001034
"p81": 0.0007884224213035877
"p82": 0.00015429746669903146
"p83": 7.5267056926356815E-06
"p84": 0.00024273625858750074
"p85": 6.585867481056221E-05
"p86": 5.645029269476761E-06
"p87": 0
"p88": 0.01993448002694561
"p89": 0.009400855410101968
"p90": 0.0025515532298034964
"p91": 0.0003349384033222879
"p92": 0.007967017975654868
"p93": 0.003360674091761832
"p94": 0.000709392011530913
"p95": 4.327855773265517E-05
"p96": 0.00019945770085484554
"p97": 5.080526342529085E-05
"p98": 1.1290058538953523E-05
"p99": 0
"p100": 0
"p101": 0
"p102": 0
"p103": 0
"p104": 0.007820247214648475
"p105": 0.0025910684346898342
"p106": 0.0003857436667475787
"p107": 2.0698440654748134E-05
"p108": 0.0017631308084999084
"p109": 0.0005061709578297497
"p110": 5.456861627160869E-05
"p111": 5.645029269476761E-06
"p112": 0.001153467647396418
"p113": 0.0004365489301728696
"p114": 8.843879188846925E-05
"p115": 1.3171734962112444E-05
"p116": 0
"p117": 0
"p118": 0
"p119": 0
"p120": 0.015350716260130478
"p121": 0.005594224006051473
"p122": 0.0010876089725858564
"p123": 8.091208619583358E-05
"p124": 0.0032289567421407077
"p125": 0.0008975596538468052
