"p63": 5.645029269476761E-06
"p64": 0.00047982748790552474
"p65": 0.00011854561465901199
"p66": 1.5053411385271363E-05
"p67": 0
"p68": 0.00018064093662325633
"p69": 1.5053411385271365E-05
"p70": 0
"p71": 0
"p72": 0.004039959280522204
"p73": 0.0012494331449775231
"p74": 0.00019945770085484557
"p75": 1.8816764231589203E-05
"p76": 0.0022504850020980682
"p77": 0.0008015941562657001
"p78": 0.00015994249596850823
"p79": 1.8816764231589203E-05
"p80": 0
"p81": 0
"p82": 0
"p83": 0
"p84": 1.1290058538953523E-05
"p85": 0
"p86": 0
"p87": 0
"p88": 5.645029269476761E-06
"p89": 0
"p90": 0
"p91": 0
"p92": 8.091208619583358E-05
"p93": 3.7633528463178407E-06
"p94": 0
"p95": 0
"p96": 0.00018252261304641527
"p97": 2.6343469924224887E-05
"p98": 0
"p99": 0
"p100": 0.00013359902604428335
"p101": 1.1290058538953523E-05
"p102": 0
"p103": 0
"p104": 0.0021902713565569824
"p105": 0.0005550945448318816
"p106": 7.714873334951573E-05
"p107": 1.1290058538953523E-05
"p108": 0.0015241579027587254
"p109": 0.0004421939594423463
"p110": 6.021364554108546E-05
"p111": 1.1290058538953523E-05
"p112": 0.00012230896750532982
"p113": 2.2580117077907045E-05
"p114": 0
"p115": 0
"p116": 0.00024085458216434178
"p117": 6.39769983874033E-05
"p118": 7.5267056926356815E-06
"p119": 0
"p120": 0.004732416204244686
"p121": 0.0012381430864385693
"p122": 0.00016370584881482606
"p123": 7.5267056926356815E-06
"p124": 0.003985390664250594
"p125": 0.0013943222295607596
