"p63": 3.7633528463178407E-06
"p64": 0.005069236283990131
"p65": 0.0021281760345927387
"p66": 0.000496762575713955
"p67": 6.774035123372113E-05
"p68": 0.009890091280123284
"p69": 0.004376779360267648
"p70": 0.0011271241774721934
"p71": 0.00017123255450746176
"p72": 0.0016427035174177373
"p73": 0.000590846396871901
"p74": 0.0001204272910821709
"p75": 1.8816764231589204E-06
"p76": 0.0024029007923739402
"p77": 0.0007545522456867272
"p78": 0.00011290058538953522
"p79": 5.645029269476761E-06
"p80": 0.008550337666834135
"p81": 0.004045604309791679
"p82": 0.0009878801221584333
"p83": 9.22021447347871E-05
"p84": 0.012302400454613028
"p85": 0.006060879758994884
"p86": 0.0017706575141925444
"p87": 0.0002634346992422489
"p88": 0.004421939594423463
"p89": 0.0018515696003883774
"p90": 0.0003763352846317841
"p91": 1.1290058538953523E-05
"p92": 0.00515955675230176
"p93": 0.0020698440654748126
"p94": 0.0003819803139012609
"p95": 1.8816764231589207E-05
"p96": 0.0023408054704096965
"p97": 0.0007808957156109519
"p98": 0.0001204272910821709
"p99": 1.3171734962112444E-05
"p100": 0.006740164947755253
"p101": 0.0022598933842138636
"p102": 0.0003180033155138576
"p103": 1.3171734962112444E-05
"p104": 0.00039703372528653225
"p105": 0.00011666393823585305
"p106": 1.8816764231589203E-05
"p107": 1.8816764231589204E-06
"p108": 0.00045348401798129986
"p109": 0.00013924405531376007
"p110": 2.2580117077907045E-05
"p111": 1.8816764231589204E-06
"p112": 0.005509548567009318
"p113": 0.0018346345125799474
"p114": 0.00031235828624438084
"p115": 2.2580117077907045E-05
"p116": 0.012005095579753917
"p117": 0.004544248561928795
"p118": 0.0008900329481541696
"p119": 6.774035123372114E-05
"p120": 0.0008392276847288786
"p121": 0.0002032210537011634
"p122": 2.8225146347383805E-05
"p123": 1.8816764231589204E-06
"p124": 0.0016634019580724852
"p125": 0.0005607395741013583
