"p63": 0
"p64": 0
"p65": 0
"p66": 0
"p67": 0
"p68": 0
"p69": 0
"p70": 0
"p71": 0
"p72": 0.00013359902604428333
"p73": 1.8816764231589203E-05
"p74": 0
"p75": 0
"p76": 0.00039138869601705546
"p77": 6.585867481056221E-05
"p78": 0
"p79": 0
"p80": 1.3171734962112444E-05
"p81": 0
"p82": 0
"p83": 0
"p84": 0.0001016105268505817
"p85": 1.5053411385271363E-05
"p86": 0
"p87": 0
"p88": 0.0002747247577812024
"p89": 4.516023415581409E-05
"p90": 0
"p91": 0
"p92": 0.00046289240009709447
"p93": 0.00010537387969689954
"p94": 1.1290058538953523E-05
"p95": 0
"p96": 1.6935087808430282E-05
"p97": 1.8816764231589204E-06
"p98": 0
"p99": 0
"p100": 2.4461793501065963E-05
"p101": 1.8816764231589204E-06
"p102": 0
"p103": 0
"p104": 0.0010386853855837241
"p105": 0.00022768284720222934
"p106": 1.8816764231589203E-05
"p107": 0
"p108": 0.0011177157953563988
"p109": 0.0002784881106275202
"p110": 3.0106822770542726E-05
"p111": 0
"p112": 0.00014488908458323686
"p113": 2.0698440654748124E-05
"p114": 1.8816764231589204E-06
"p115": 0
"p116": 0.0001467707610063958
"p117": 2.6343469924224884E-05
"p118": 0
"p119": 0
"p120": 0.0023897290574118285
"p121": 0.0006491783659898275
"p122": 8.655711546531033E-05
"p123": 1.1290058538953523E-05
"p124": 0.0024668777907613446
"p125": 0.0006962202765688006
