"p63": 1.8816764231589204E-06
"p64": 0.0006472966895666685
"p65": 0.00019381267158536877
"p66": 2.0698440654748124E-05
"p67": 0
"p68": 0
"p69": 0
"p70": 0
"p71": 0
"p72": 0.00024461793501065964
"p73": 3.010682277054273E-05
"p74": 0
"p75": 0
"p76": 0.0002333278764717061
"p77": 5.2686939848449775E-05
"p78": 5.645029269476761E-06
"p79": 0
"p80": 0.0005155793399455442
"p81": 0.00013548070246744226
"p82": 2.2580117077907045E-05
"p83": 0
"p84": 7.5267056926356815E-06
"p85": 0
"p86": 0
"p87": 0
"p88": 0.0004102054602486447
"p89": 7.338538050319788E-05
"p90": 0
"p91": 0
"p92": 0.00031612163909069865
"p93": 0.0001223089675053298
"p94": 1.1290058538953523E-05
"p95": 0
"p96": 0.0025534349062266547
"p97": 0.0009239031237710301
"p98": 0.0001674692016611439
"p99": 7.5267056926356815E-06
"p100": 0
"p101": 0
"p102": 0
"p103": 0
"p104": 0.003693730818660961
"p105": 0.0009577732993878902
"p106": 0.0001298356731979655
"p107": 7.5267056926356815E-06
"p108": 0.0008806245660383749
"p109": 0.00015241579027587256
"p110": 1.1290058538953523E-05
"p111": 0
"p112": 0.003324922239721812
"p113": 0.0012287347043227748
"p114": 0.00025402631712645424
"p115": 3.0106822770542726E-05
"p116": 7.5267056926356815E-06
"p117": 0
"p118": 0
"p119": 0
"p120": 0.006109803345997015
"p121": 0.0016859820751503924
"p122": 0.00025402631712645424
"p123": 3.0106822770542726E-05
"p124": 0.001678455369457757
"p125": 0.00047982748790552463
