"p63": 0
"p64": 3.575185204001949E-05
"p65": 3.7633528463178407E-06
"p66": 0
"p67": 0
"p68": 7.338538050319788E-05
"p69": 1.5053411385271363E-05
"p70": 0
"p71": 0
"p72": 5.645029269476761E-06
"p73": 0
"p74": 0
"p75": 0
"p76": 1.1290058538953523E-05
"p77": 0
"p78": 0
"p79": 0
"p80": 7.33853805031979E-05
"p81": 3.7633528463178407E-06
"p82": 0
"p83": 0
"p84": 0.00011854561465901197
"p85": 1.5053411385271363E-05
"p86": 0
"p87": 0
"p88": 2.0698440654748124E-05
"p89": 5.645029269476761E-06
"p90": 0
"p91": 0
"p92": 3.387017561686057E-05
"p93": 5.645029269476761E-06
"p94": 0
"p95": 0
"p96": 0.00029730487485910944
"p97": 6.021364554108545E-05
"p98": 5.645029269476761E-06
"p99": 0
"p100": 0.00027848811062752024
"p101": 7.714873334951573E-05
"p102": 5.645029269476761E-06
"p103": 0
"p104": 0.00016370584881482606
"p105": 5.645029269476761E-06
"p106": 0
"p107": 0
"p108": 6.774035123372114E-05
"p109": 0
"p110": 0
"p111": 0
"p112": 0.000660468424528781
"p113": 0.00014865243742955472
"p114": 1.6935087808430286E-05
"p115": 0
"p116": 0.0004911175464444781
"p117": 0.00011478226181269414
"p118": 5.645029269476761E-06
"p119": 0
"p120": 0.00046853742936657115
"p121": 3.387017561686057E-05
"p122": 0
"p123": 0
"p124": 0.00013548070246744226
"p125": 5.645029269476761E-06
