"p63": 0
"p64": 2.0698440654748124E-05
"p65": 1.8816764231589204E-06
"p66": 0
"p67": 0
"p68": 0
"p69": 0
"p70": 0
"p71": 0
"p72": 0.0017349056621525243
"p73": 0.00042714054805707494
"p74": 4.892358700213193E-05
"p75": 0
"p76": 0.0001580608195453493
"p77": 1.8816764231589203E-05
"p78": 0
"p79": 0
"p80": 0.00015617914312219037
"p81": 2.6343469924224884E-05
"p82": 0
"p83": 0
"p84": 5.645029269476761E-06
"p85": 0
"p86": 0
"p87": 0
"p88": 0.003087831010403788
"p89": 0.00087121618392258
"p90": 0.00014112573173691902
"p91": 2.2580117077907045E-05
"p92": 0.0005381594570234513
"p93": 0.0001373623788906012
"p94": 1.3171734962112442E-05
"p95": 0
"p96": 3.7633528463178407E-06
"p97": 0
"p98": 0
"p99": 0
"p100": 0
"p101": 0
"p102": 0
"p103": 0
"p104": 0.00040079707813285
"p105": 6.39769983874033E-05
"p106": 0
"p107": 0
"p108": 2.0698440654748128E-05
"p109": 0
"p110": 0
"p111": 0
"p112": 0.00012607232035164768
"p113": 2.6343469924224884E-05
"p114": 0
"p115": 0
"p116": 0
"p117": 0
"p118": 0
"p119": 0
"p120": 0.0021131226232074672
"p121": 0.00047982748790552474
"p122": 3.0106822770542726E-05
"p123": 0
"p124": 0.00011666393823585305
"p125": 1.8816764231589203E-05
