"p63": 5.645029269476761E-06
"p64": 0.0014300740816007794
"p65": 0.00046853742936657115
"p66": 8.091208619583357E-05
"p67": 1.1290058538953523E-05
"p68": 0.0033945442673786923
"p69": 0.0012513148214006817
"p70": 0.00025778966997277205
"p71": 4.139688130949625E-05
"p72": 0.00028601481632015586
"p73": 9.22021447347871E-05
"p74": 2.6343469924224884E-05
"p75": 5.645029269476761E-06
"p76": 0.001130887530318511
"p77": 0.0004139688130949625
"p78": 8.843879188846926E-05
"p79": 7.5267056926356815E-06
"p80": 5.080526342529084E-05
"p81": 0
"p82": 0
"p83": 0
"p84": 0.0005419228098697691
"p85": 0.00013171734962112442
"p86": 1.6935087808430286E-05
"p87": 0
"p88": 0
"p89": 0
"p90": 0
"p91": 0
"p92": 0
"p93": 0
"p94": 0
"p95": 0
"p96": 0.011177157953563988
"p97": 0.004828381701825789
"p98": 0.0010725555612005847
"p99": 9.408382115794603E-05
"p100": 0.020022918818834074
"p101": 0.008426147022905646
"p102": 0.0021093592703611496
"p103": 0.00027096140493488457
"p104": 0.00487918696525108
"p105": 0.001985168626432661
"p106": 0.00038950701959389653
"p107": 1.1290058538953523E-05
"p108": 0.006384528103778218
"p109": 0.002365267263910763
"p110": 0.0004045604309791679
"p111": 1.8816764231589207E-05
"p112": 0.0060063111427232745
"p113": 0.002235431590712797
"p114": 0.0004835908407518425
"p115": 7.33853805031979E-05
"p116": 0.013653444126441129
"p117": 0.005620567475975696
"p118": 0.0014884060507187062
"p119": 0.0002314462000485472
"p120": 0.001273894938478589
"p121": 0.00042337719521075713
"p122": 9.784717400426387E-05
"p123": 1.8816764231589204E-06
"p124": 0.0013811504945986475
"p125": 0.0005682662797939941
