"p63": 8.27937626189925E-05
"p64": 0.0001768775837769385
"p65": 3.9515204886337324E-05
"p66": 0
"p67": 0
"p68": 0.0010499754441226775
"p69": 0.00025967134639593104
"p70": 2.8225146347383805E-05
"p71": 1.8816764231589204E-06
"p72": 0.0015448563434134737
"p73": 0.0004817091643286836
"p74": 8.655711546531033E-05
"p75": 1.1290058538953523E-05
"p76": 0.0033042237990670636
"p77": 0.0012531964978238408
"p78": 0.00026343469924224885
"p79": 4.139688130949625E-05
"p80": 0
"p81": 0
"p82": 0
"p83": 0
"p84": 0
"p85": 0
"p86": 0
"p87": 0
"p88": 5.080526342529084E-05
"p89": 0
"p90": 0
"p91": 0
"p92": 0.0005419228098697691
"p93": 0.00013171734962112442
"p94": 1.6935087808430286E-05
"p95": 0
"p96": 0.0015542647255292683
"p97": 0.0005720296326403118
"p98": 8.655711546531033E-05
"p99": 5.645029269476761E-06
"p100": 0.002747247577812024
"p101": 0.000944601564425778
"p102": 0.0001674692016611439
"p103": 7.5267056926356815E-06
"p104": 0.014394824637165746
"p105": 0.00603453628907066
"p106": 0.0012908300262870196
"p107": 9.596549758110493E-05
"p108": 0.02336853949921064
"p109": 0.00988444625085381
"p110": 0.002416072527336054
"p111": 0.0002916598455896327
"p112": 0.0002220378179327526
"p113": 4.327855773265517E-05
"p114": 0
"p115": 0
"p116": 0.0006247165724887616
"p117": 0.0001580608195453493
"p118": 2.2580117077907045E-05
"p119": 0
"p120": 0.00704311485188384
"p121": 0.0025628432883424493
"p122": 0.0005532128684087226
"p123": 7.526705692635683E-05
"p124": 0.014338374344470974
"p125": 0.005966795937836937
