"p63": 0
"p64": 0.00012607232035164766
"p65": 2.2580117077907045E-05
"p66": 0
"p67": 0
"p68": 9.972885042742277E-05
"p69": 1.5053411385271363E-05
"p70": 0
"p71": 0
"p72": 0.0031950865665238467
"p73": 0.0009050863595394406
"p74": 0.0001298356731979655
"p75": 7.5267056926356815E-06
"p76": 0.00212629435816958
"p77": 0.0007639606278025217
"p78": 0.0001486524374295547
"p79": 7.5267056926356815E-06
"p80": 0.0005946097497182188
"p81": 0.00014112573173691902
"p82": 1.5053411385271363E-05
"p83": 0
"p84": 0.0002559079935496132
"p85": 2.2580117077907045E-05
"p86": 0
"p87": 0
"p88": 0.005097461430337517
"p89": 0.001605069988954559
"p90": 0.00025778966997277205
"p91": 3.0106822770542726E-05
"p92": 0.0027002056672330503
"p93": 0.0009653000050805262
"p94": 0.0001938126715853688
"p95": 3.0106822770542726E-05
"p96": 1.1290058538953523E-05
"p97": 0
"p98": 0
"p99": 0
"p100": 1.5053411385271363E-05
"p101": 0
"p102": 0
"p103": 0
"p104": 0.0008768612131920569
"p105": 0.0002032210537011634
"p106": 2.2580117077907045E-05
"p107": 0
"p108": 0.0008561627725373088
"p109": 0.00025778966997277205
"p110": 3.0106822770542726E-05
"p111": 0
"p112": 7.150370408003898E-05
"p113": 1.1290058538953523E-05
"p114": 0
"p115": 0
"p116": 0.0001956943480085277
"p117": 5.2686939848449775E-05
"p118": 7.5267056926356815E-06
"p119": 0
"p120": 0.0021093592703611496
"p121": 0.0004798274879055247
"p122": 4.516023415581409E-05
"p123": 0
"p124": 0.002346450499679173
"p125": 0.0007526705692635681
