"p63": 0
"p64": 1.3171734962112444E-05
"p65": 0
"p66": 0
"p67": 0
"p68": 9.784717400426387E-05
"p69": 1.5053411385271363E-05
"p70": 0
"p71": 0
"p72": 0.0002709614049348845
"p73": 4.516023415581409E-05
"p74": 0
"p75": 0
"p76": 0.00038950701959389653
"p77": 0.0001016105268505817
"p78": 1.1290058538953523E-05
"p79": 0
"p80": 0
"p81": 0
"p82": 0
"p83": 0
"p84": 0
"p85": 0
"p86": 0
"p87": 0
"p88": 3.7633528463178407E-06
"p89": 0
"p90": 0
"p91": 0
"p92": 7.33853805031979E-05
"p93": 3.7633528463178407E-06
"p94": 0
"p95": 0
"p96": 0.0001542974666990315
"p97": 2.2580117077907045E-05
"p98": 1.8816764231589204E-06
"p99": 0
"p100": 0.00015994249596850825
"p101": 2.8225146347383805E-05
"p102": 0
"p103": 0
"p104": 0.002094305858975878
"p105": 0.0005776746619097885
"p106": 8.655711546531033E-05
"p107": 1.1290058538953523E-05
"p108": 0.0017988826605399278
"p109": 0.0005249877220613388
"p110": 7.714873334951574E-05
"p111": 1.1290058538953523E-05
"p112": 5.645029269476761E-06
"p113": 0
"p114": 0
"p115": 0
"p116": 1.5053411385271363E-05
"p117": 0
"p118": 0
"p119": 0
"p120": 0.0010838456197395383
"p121": 0.00021074775939379907
"p122": 7.5267056926356815E-06
"p123": 0
"p124": 0.0017970009841167687
"p125": 0.00036504522609283053
