"p63": 2.6343469924224887E-05
"p64": 0.0017612491320767492
"p65": 0.0006811668651835292
"p66": 0.00014300740816007796
"p67": 7.5267056926356815E-06
"p68": 0.00024273625858750074
"p69": 6.585867481056221E-05
"p70": 5.645029269476761E-06
"p71": 0
"p72": 0.015941562657002372
"p73": 0.007605736102408356
"p74": 0.00210935927036115
"p75": 0.0002897781691664738
"p76": 0.006689359684329962
"p77": 0.0028375680461236513
"p78": 0.0006040181318340134
"p79": 3.7633528463178407E-05
"p80": 0.0002201561415095937
"p81": 5.080526342529086E-05
"p82": 0
"p83": 0
"p84": 0
"p85": 0
"p86": 0
"p87": 0
"p88": 0.0005136976635223853
"p89": 0.00010349220327374062
"p90": 5.645029269476761E-06
"p91": 0
"p92": 2.2580117077907045E-05
"p93": 3.7633528463178407E-06
"p94": 0
"p95": 0
"p96": 0.0007827773920341109
"p97": 0.0002088660829706401
"p98": 3.0106822770542726E-05
"p99": 0
"p100": 9.408382115794602E-06
"p101": 0
"p102": 0
"p103": 0
"p104": 0.014893468889302857
"p105": 0.00549261347920089
"p106": 0.0010330403563142475
"p107": 7.150370408003898E-05
"p108": 0.004045604309791678
"p109": 0.0013548070246744226
"p110": 0.00019945770085484554
"p111": 1.1290058538953523E-05
"p112": 0.0015674364604913809
"p113": 0.0005701479562171528
"p114": 0.0001110189089663763
"p115": 1.3171734962112444E-05
"p116": 1.8816764231589203E-05
"p117": 0
"p118": 0
"p119": 0
"p120": 0.021716427599677107
"p121": 0.00842050199363617
"p122": 0.001998340361394774
"p123": 0.0002577896699727721
"p124": 0.005227297103535482
"p125": 0.0017123255450746176
