"p63": 1.8816764231589204E-06
"p64": 0.0003612818732465127
"p65": 7.526705692635681E-05
"p66": 5.645029269476761E-06
"p67": 0
"p68": 0.0006792851887603701
"p69": 0.00020133937727800447
"p70": 2.0698440654748124E-05
"p71": 0
"p72": 4.3278557732655166E-05
"p73": 1.8816764231589204E-06
"p74": 0
"p75": 0
"p76": 7.33853805031979E-05
"p77": 0
"p78": 0
"p79": 0
"p80": 0.0004365489301728696
"p81": 0.00010537387969689954
"p82": 1.1290058538953523E-05
"p83": 0
"p84": 0.0005306327513308156
"p85": 0.00013548070246744226
"p86": 2.2580117077907045E-05
"p87": 0
"p88": 8.091208619583357E-05
"p89": 3.198849919370165E-05
"p90": 0
"p91": 0
"p92": 0.00021451111224011693
"p93": 6.962202765688005E-05
"p94": 0
"p95": 0
"p96": 0.0028563848103552404
"p97": 0.0008580444489604676
"p98": 0.00013359902604428333
"p99": 7.5267056926356815E-06
"p100": 0.0025628432883424493
"p101": 0.0009239031237710301
"p102": 0.0001674692016611439
"p103": 7.5267056926356815E-06
"p104": 0.0014319557580239383
"p105": 0.0002540263171264543
"p106": 7.5267056926356815E-06
"p107": 0
"p108": 0.000519342692791862
"p109": 6.021364554108546E-05
"p110": 0
"p111": 0
"p112": 0.004220600217145458
"p113": 0.0014074939645228723
"p114": 0.00025402631712645424
"p115": 3.0106822770542726E-05
"p116": 0.003347502356799719
"p117": 0.0012400247628617284
"p118": 0.00025402631712645424
"p119": 3.0106822770542726E-05
"p120": 0.002745365901388865
"p121": 0.0006886935708761648
"p122": 5.645029269476761E-05
"p123": 0
"p124": 0.0009954068278510688
"p125": 0.00022956452362538825
