"p63": 5.645029269476761E-06
"p64": 2.2580117077907045E-05
"p65": 0
"p66": 0
"p67": 0
"p68": 0.00014300740816007796
"p69": 1.8816764231589203E-05
"p70": 0
"p71": 0
"p72": 0.00046477407652025334
"p73": 0.00010913723254321738
"p74": 1.1290058538953523E-05
"p75": 0
"p76": 0.0004158504895181215
"p77": 0.0001279539967748066
"p78": 2.2580117077907045E-05
"p79": 0
"p80": 0
"p81": 0
"p82": 0
"p83": 0
"p84": 0
"p85": 0
"p86": 0
"p87": 0
"p88": 9.408382115794602E-06
"p89": 0
"p90": 0
"p91": 0
"p92": 0.00011854561465901199
"p93": 1.5053411385271363E-05
"p94": 0
"p95": 0
"p96": 0.0006661134537982578
"p97": 0.0001448890845832369
"p98": 1.5053411385271363E-05
"p99": 0
"p100": 0.0003217666683601754
"p101": 2.6343469924224887E-05
"p102": 0
"p103": 0
"p104": 0.006017601201262228
"p105": 0.0017405506914220012
"p106": 0.0002653163756654078
"p107": 3.0106822770542726E-05
"p108": 0.003582711909694584
"p109": 0.0011685210587816896
"p110": 0.00020886608297064014
"p111": 3.0106822770542726E-05
"p112": 5.2686939848449775E-05
"p113": 1.1290058538953523E-05
"p114": 0
"p115": 0
"p116": 5.645029269476761E-05
"p117": 1.1290058538953523E-05
"p118": 0
"p119": 0
"p120": 0.004145333160219101
"p121": 0.0011026623839711274
"p122": 0.00015617914312219037
"p123": 7.5267056926356815E-06
"p124": 0.0037257193178546625
"p125": 0.00127201326205543
