"p63": 9.408382115794602E-06
"p64": 0.006738283271332093
"p65": 0.0031950865665238467
"p66": 0.0007959491269962234
"p67": 8.091208619583357E-05
"p68": 0.010038743717552841
"p69": 0.004982679168524821
"p70": 0.0014827610214492295
"p71": 0.0002295645236253883
"p72": 0.003498036470652433
"p73": 0.0014978144328345005
"p74": 0.00031988499193701646
"p75": 1.1290058538953523E-05
"p76": 0.0047230078221288906
"p77": 0.0019080198930831451
"p78": 0.00035751852040019486
"p79": 1.8816764231589207E-05
"p80": 4.8923587002131926E-05
"p81": 5.645029269476761E-06
"p82": 0
"p83": 0
"p84": 0.0005720296326403118
"p85": 0.00011854561465901199
"p86": 5.645029269476761E-06
"p87": 0
"p88": 0
"p89": 0
"p90": 0
"p91": 0
"p92": 4.327855773265517E-05
"p93": 1.6935087808430282E-05
"p94": 0
"p95": 0
"p96": 0.005197190280764938
"p97": 0.0019889319792789793
"p98": 0.00035940019682335374
"p99": 2.4461793501065966E-05
"p100": 0.011670157176431627
"p101": 0.004310920685457087
"p102": 0.0008053575091120178
"p103": 5.268693984844977E-05
"p104": 0.001531684608451361
"p105": 0.0005626212505245172
"p106": 8.467543904215143E-05
"p107": 1.8816764231589204E-06
"p108": 0.0018421612182725824
"p109": 0.0005852013676024243
"p110": 7.526705692635681E-05
"p111": 1.8816764231589204E-06
"p112": 0.008256796144821343
"p113": 0.002937296896551074
"p114": 0.0006134265139498081
"p115": 7.33853805031979E-05
"p116": 0.016417626792061588
"p117": 0.006653607832289944
"p118": 0.0016107150182240362
"p119": 0.00021639278866327586
"p120": 0.0016784553694577566
"p121": 0.0005174610163687033
"p122": 0.00011854561465901199
"p123": 3.7633528463178407E-06
"p124": 0.002487576231416092
"p125": 0.0008919146245773283
