"p63": 3.0106822770542726E-05
"p64": 0
"p65": 0
"p66": 0
"p67": 0
"p68": 0
"p69": 0
"p70": 0
"p71": 0
"p72": 3.575185204001949E-05
"p73": 3.7633528463178407E-06
"p74": 0
"p75": 0
"p76": 7.338538050319788E-05
"p77": 1.5053411385271363E-05
"p78": 0
"p79": 0
"p80": 0
"p81": 0
"p82": 0
"p83": 0
"p84": 1.1290058538953523E-05
"p85": 0
"p86": 0
"p87": 0
"p88": 7.714873334951574E-05
"p89": 3.7633528463178407E-06
"p90": 0
"p91": 0
"p92": 0.00011854561465901197
"p93": 1.5053411385271363E-05
"p94": 0
"p95": 0
"p96": 5.645029269476761E-06
"p97": 0
"p98": 0
"p99": 0
"p100": 5.645029269476761E-06
"p101": 0
"p102": 0
"p103": 0
"p104": 0.0003763352846317841
"p105": 6.585867481056221E-05
"p106": 5.645029269476761E-06
"p107": 0
"p108": 0.000284133139896997
"p109": 7.714873334951573E-05
"p110": 5.645029269476761E-06
"p111": 0
"p112": 6.774035123372114E-05
"p113": 5.645029269476761E-06
"p114": 0
"p115": 0
"p116": 3.387017561686057E-05
"p117": 0
"p118": 0
"p119": 0
"p120": 0.0009257848001941889
"p121": 0.00017687758377693853
"p122": 1.6935087808430286E-05
"p123": 0
"p124": 0.00059272807329506
"p125": 0.0001204272910821709
