"p63": 9.408382115794602E-06
"p64": 0.00838475014159615
"p65": 0.004143451483795942
"p66": 0.0012494331449775231
"p67": 0.00019569434800852773
"p68": 2.8225146347383805E-05
"p69": 5.645029269476761E-06
"p70": 0
"p71": 0
"p72": 0.009167527533630263
"p73": 0.003703139200776755
"p74": 0.0009182580945015532
"p75": 0.00011101890896637632
"p76": 0.007931266123614852
"p77": 0.002846976428239446
"p78": 0.0006002547789876956
"p79": 6.774035123372113E-05
"p80": 0.007788258715454769
"p81": 0.004194256747221234
"p82": 0.0014018489352533958
"p83": 0.0003104766098212219
"p84": 0.0002295645236253883
"p85": 5.833196911792653E-05
"p86": 5.645029269476761E-06
"p87": 0
"p88": 0.014184076877771944
"p89": 0.0064654401899740515
"p90": 0.0017875926020009742
"p91": 0.00022391949435591148
"p92": 0.010290888358256136
"p93": 0.004310920685457086
"p94": 0.0009464832408489372
"p95": 8.467543904215141E-05
"p96": 0.007492835517018822
"p97": 0.0032440101535259787
"p98": 0.0007903040977267464
"p99": 3.951520488633733E-05
"p100": 0
"p101": 0
"p102": 0
"p103": 0
"p104": 0.004866015230288968
"p105": 0.0018176994247715167
"p106": 0.00036504522609283053
"p107": 1.1290058538953523E-05
"p108": 0.0036692690251598947
"p109": 0.001162876029512213
"p110": 0.00018064093662325633
"p111": 1.1290058538953523E-05
"p112": 0.006853065533144789
"p113": 0.0027547742835046596
"p114": 0.0005795563383329474
"p115": 4.1396881309496255E-05
"p116": 3.575185204001949E-05
"p117": 1.1290058538953523E-05
"p118": 0
"p119": 0
"p120": 0.0042093101586065055
"p121": 0.0013077651140954497
"p122": 0.00021451111224011696
"p123": 1.3171734962112444E-05
"p124": 0.002826277987584699
"p125": 0.0010048152099668632
