"p63": 4.8923587002131926E-05
"p64": 0.0019287183337378935
"p65": 0.0008448727139983552
"p66": 0.00019004931873905096
"p67": 1.3171734962112444E-05
"p68": 0.0016634019580724858
"p69": 0.0006548233952593043
"p70": 0.00014488908458323686
"p71": 1.8816764231589203E-05
"p72": 0.01242470942211835
"p73": 0.00569959788574837
"p74": 0.0015373296377208378
"p75": 0.000190049318739051
"p76": 0.011425539241420965
"p77": 0.005848250323177925
"p78": 0.0017970009841167694
"p79": 0.00034622846186124144
"p80": 0
"p81": 0
"p82": 0
"p83": 0
"p84": 0.00013548070246744223
"p85": 3.3870175616860565E-05
"p86": 0
"p87": 0
"p88": 3.198849919370164E-05
"p89": 5.645029269476761E-06
"p90": 0
"p91": 0
"p92": 0.0002333278764717061
"p93": 4.892358700213194E-05
"p94": 5.645029269476761E-06
"p95": 0
"p96": 0.0005776746619097886
"p97": 0.00015241579027587253
"p98": 1.3171734962112442E-05
"p99": 0
"p100": 0.0009653000050805259
"p101": 0.00028225146347383805
"p102": 5.456861627160869E-05
"p103": 5.645029269476761E-06
"p104": 0.013916878825683376
"p105": 0.005483205097085094
"p106": 0.0012682499092091125
"p107": 0.00013171734962112442
"p108": 0.017601201262228545
"p109": 0.008021586591926479
"p110": 0.0021752179451717123
"p111": 0.0002671980520885667
"p112": 0.0008448727139983551
"p113": 0.0003123582862443808
"p114": 5.645029269476761E-05
"p115": 0
"p116": 0.001413138993792349
"p117": 0.000543804486292928
"p118": 0.00012419064392848873
"p119": 1.8816764231589203E-05
"p120": 0.010505399470496255
"p121": 0.003336212298260766
"p122": 0.0005964914261413778
"p123": 6.021364554108546E-05
"p124": 0.011229844893412437
"p125": 0.0045818820903919715
