"p63": 0
"p64": 0.0023219887061781074
"p65": 0.0007300904521856611
"p66": 0.00012230896750532982
"p67": 7.5267056926356815E-06
"p68": 0.001979523597163184
"p69": 0.0007413805107246145
"p70": 0.0001486524374295547
"p71": 7.5267056926356815E-06
"p72": 0.0013021200848259728
"p73": 0.00024273625858750068
"p74": 7.5267056926356815E-06
"p75": 0
"p76": 0.0005231060456381798
"p77": 6.021364554108546E-05
"p78": 0
"p79": 0
"p80": 0.00318944153725437
"p81": 0.001130887530318511
"p82": 0.00021639278866327584
"p83": 3.0106822770542726E-05
"p84": 0.001913664922352622
"p85": 0.0007733690099183163
"p86": 0.00017875926020009743
"p87": 3.0106822770542726E-05
"p88": 0.002559079935496132
"p89": 0.0006642317773750988
"p90": 5.645029269476761E-05
"p91": 0
"p92": 0.0009351931823099835
"p93": 0.00022203781793275258
"p94": 1.5053411385271363E-05
"p95": 0
"p96": 0.00073197212860882
"p97": 0.00019193099516220987
"p98": 2.2580117077907045E-05
"p99": 0
"p100": 0.0008335826554594018
"p101": 0.00025778966997277205
"p102": 3.0106822770542726E-05
"p103": 0
"p104": 0.0001787592602000974
"p105": 2.4461793501065963E-05
"p106": 0
"p107": 0
"p108": 4.704191057897301E-05
"p109": 1.3171734962112444E-05
"p110": 0
"p111": 0
"p112": 0.0018741497174662842
"p113": 0.0004553656944044587
"p114": 4.516023415581409E-05
"p115": 0
"p116": 0.002321988706178107
"p117": 0.0007489072164172504
"p118": 0.00010913723254321738
"p119": 0
"p120": 0.00031235828624438073
"p121": 5.456861627160869E-05
"p122": 7.5267056926356815E-06
"p123": 0
"p124": 0.00025214464070329537
"p125": 4.8923587002131926E-05
