"p63": 0
"p64": 0.00014300740816007796
"p65": 1.8816764231589203E-05
"p66": 0
"p67": 0
"p68": 0
"p69": 0
"p70": 0
"p71": 0
"p72": 0.000758315598533045
"p73": 0.00016558752523798494
"p74": 2.2580117077907045E-05
"p75": 0
"p76": 0.0001317173496211244
"p77": 6.0213645541085445E-05
"p78": 1.1290058538953523E-05
"p79": 0
"p80": 0
"p81": 0
"p82": 0
"p83": 0
"p84": 0
"p85": 0
"p86": 0
"p87": 0
"p88": 0.00012419064392848873
"p89": 1.5053411385271363E-05
"p90": 0
"p91": 0
"p92": 3.7633528463178407E-06
"p93": 0
"p94": 0
"p95": 0
"p96": 0.0003217666683601754
"p97": 2.6343469924224887E-05
"p98": 0
"p99": 0
"p100": 2.2580117077907045E-05
"p101": 0
"p102": 0
"p103": 0
"p104": 0.00849012402129305
"p105": 0.0025101563484939996
"p106": 0.00044031228301918735
"p107": 6.021364554108545E-05
"p108": 0.001448890845832369
"p109": 0.0003650452260928306
"p110": 2.6343469924224884E-05
"p111": 0
"p112": 5.645029269476761E-05
"p113": 1.1290058538953523E-05
"p114": 0
"p115": 0
"p116": 0
"p117": 0
"p118": 0
"p119": 0
"p120": 0.006871882297376377
"p121": 0.002077370771167448
"p122": 0.00034999181470755914
"p123": 1.5053411385271363E-05
"p124": 0.0007206820700698666
"p125": 0.0002220378179327526
