"p63": 6.585867481056221E-05
"p64": 0
"p65": 0
"p66": 0
"p67": 0
"p68": 0
"p69": 0
"p70": 0
"p71": 0
"p72": 0.00010725555612005844
"p73": 1.6935087808430282E-05
"p74": 0
"p75": 0
"p76": 3.198849919370165E-05
"p77": 7.5267056926356815E-06
"p78": 0
"p79": 0
"p80": 5.645029269476761E-06
"p81": 0
"p82": 0
"p83": 0
"p84": 0
"p85": 0
"p86": 0
"p87": 0
"p88": 0.00013359902604428333
"p89": 3.7633528463178407E-06
"p90": 0
"p91": 0
"p92": 2.6343469924224887E-05
"p93": 3.7633528463178407E-06
"p94": 0
"p95": 0
"p96": 5.645029269476761E-06
"p97": 0
"p98": 0
"p99": 0
"p100": 0
"p101": 0
"p102": 0
"p103": 0
"p104": 0.000686811894453006
"p105": 0.00011666393823585307
"p106": 1.1290058538953523E-05
"p107": 0
"p108": 9.408382115794602E-06
"p109": 0
"p110": 0
"p111": 0
"p112": 1.5053411385271363E-05
"p113": 0
"p114": 0
"p115": 0
"p116": 0
"p117": 0
"p118": 0
"p119": 0
"p120": 0.0014808793450260703
"p121": 0.00023144620004854718
"p122": 1.1290058538953523E-05
"p123": 0
"p124": 0.00013171734962112442
"p125": 1.8816764231589207E-05
