"p63": 3.198849919370165E-05
"p64": 6.397699838740328E-05
"p65": 9.408382115794602E-06
"p66": 0
"p67": 0
"p68": 7.714873334951574E-05
"p69": 1.5053411385271363E-05
"p70": 0
"p71": 0
"p72": 7.5267056926356815E-06
"p73": 0
"p74": 0
"p75": 0
"p76": 7.5267056926356815E-06
"p77": 0
"p78": 0
"p79": 0
"p80": 7.338538050319791E-05
"p81": 3.7633528463178407E-06
"p82": 0
"p83": 0
"p84": 8.091208619583358E-05
"p85": 3.7633528463178407E-06
"p86": 0
"p87": 0
"p88": 9.408382115794602E-06
"p89": 3.7633528463178407E-06
"p90": 0
"p91": 0
"p92": 9.408382115794602E-06
"p93": 3.7633528463178407E-06
"p94": 0
"p95": 0
"p96": 0.0003462284618612414
"p97": 5.8331969117926534E-05
"p98": 5.645029269476761E-06
"p99": 0
"p100": 0.00024461793501065964
"p101": 5.268693984844977E-05
"p102": 5.645029269476761E-06
"p103": 0
"p104": 0.0001975760244316866
"p105": 1.6935087808430286E-05
"p106": 0
"p107": 0
"p108": 4.8923587002131926E-05
"p109": 0
"p110": 0
"p111": 0
"p112": 0.0006604684245287809
"p113": 0.00011478226181269414
"p114": 5.645029269476761E-06
"p115": 0
"p116": 0.00039703372528653215
"p117": 6.774035123372113E-05
"p118": 5.645029269476761E-06
"p119": 0
"p120": 0.0004384306065960284
"p121": 6.209532196424438E-05
"p122": 0
"p123": 0
"p124": 6.962202765688005E-05
"p125": 5.645029269476761E-06
