"p63": 0
"p64": 0.001979523597163184
"p65": 0.0007413805107246145
"p66": 0.0001486524374295547
"p67": 7.5267056926356815E-06
"p68": 0
"p69": 0
"p70": 0
"p71": 0
"p72": 0.0031329912445596016
"p73": 0.0008354643318825607
"p74": 0.00011854561465901197
"p75": 7.5267056926356815E-06
"p76": 0.0008091208619583358
"p77": 0.00013548070246744229
"p78": 1.1290058538953523E-05
"p79": 0
"p80": 0.001955061803662118
"p81": 0.0007733690099183163
"p82": 0.00017875926020009743
"p83": 3.0106822770542726E-05
"p84": 1.1290058538953523E-05
"p85": 0
"p86": 0
"p87": 0
"p88": 0.005221652074266006
"p89": 0.0015316846084513609
"p90": 0.00023897290574118288
"p91": 3.0106822770542726E-05
"p92": 0.0013040017612491316
"p93": 0.00035187349113071807
"p94": 2.6343469924224884E-05
"p95": 0
"p96": 0.0008335826554594018
"p97": 0.00025778966997277205
"p98": 3.0106822770542726E-05
"p99": 0
"p100": 0
"p101": 0
"p102": 0
"p103": 0
"p104": 0.0007639606278025217
"p105": 0.00019381267158536877
"p106": 2.2580117077907045E-05
"p107": 0
"p108": 0.00015617914312219037
"p109": 3.575185204001949E-05
"p110": 0
"p111": 0
"p112": 0.0023389237939865372
"p113": 0.0007526705692635681
"p114": 0.00010913723254321738
"p115": 0
"p116": 0
"p117": 0
"p118": 0
"p119": 0
"p120": 0.0018666230117736484
"p121": 0.0004233771952107571
"p122": 5.2686939848449775E-05
"p123": 0
"p124": 0.00042714054805707494
"p125": 8.091208619583358E-05
