"p63": 0
"p64": 0.0004271405480570749
"p65": 0.00010537387969689954
"p66": 1.1290058538953523E-05
"p67": 0
"p68": 0.00041208713667180365
"p69": 0.00012042729108217089
"p70": 2.2580117077907045E-05
"p71": 0
"p72": 8.091208619583357E-05
"p73": 3.198849919370165E-05
"p74": 0
"p75": 0
"p76": 0.00021451111224011693
"p77": 6.962202765688005E-05
"p78": 0
"p79": 0
"p80": 9.408382115794602E-06
"p81": 0
"p82": 0
"p83": 0
"p84": 0.00011854561465901199
"p85": 1.5053411385271363E-05
"p86": 0
"p87": 0
"p88": 0
"p89": 0
"p90": 0
"p91": 0
"p92": 0
"p93": 0
"p94": 0
"p95": 0
"p96": 0.003936467077248461
"p97": 0.0012550781742469996
"p98": 0.0002239194943559115
"p99": 3.0106822770542726E-05
"p100": 0.002719022431464639
"p101": 0.0009728267107731617
"p102": 0.0001938126715853688
"p103": 3.0106822770542726E-05
"p104": 0.0028206329583152214
"p105": 0.0006792851887603701
"p106": 5.645029269476761E-05
"p107": 0
"p108": 0.0011007807075479683
"p109": 0.00022580117077907044
"p110": 1.5053411385271363E-05
"p111": 0
"p112": 0.0032421284771028203
"p113": 0.0009314298294636657
"p114": 0.0001486524374295547
"p115": 7.5267056926356815E-06
"p116": 0.003618463761734605
"p117": 0.001253196497823841
"p118": 0.00022768284720222934
"p119": 7.5267056926356815E-06
"p120": 0.0012701315856322708
"p121": 0.00022768284720222934
"p122": 7.5267056926356815E-06
"p123": 0
"p124": 0.00046101072367393553
"p125": 5.6450292694767617E-05
