"p63": 0
"p64": 0.0009803534164657974
"p65": 0.0002577896699727721
"p66": 3.0106822770542726E-05
"p67": 0
"p68": 0
"p69": 0
"p70": 0
"p71": 0
"p72": 0.0008110025383814947
"p73": 0.0001749959073537796
"p74": 1.8816764231589203E-05
"p75": 0
"p76": 0.00022956452362538827
"p77": 3.198849919370165E-05
"p78": 0
"p79": 0
"p80": 0.0014376007872934147
"p81": 0.00046101072367393553
"p82": 7.526705692635681E-05
"p83": 1.1290058538953523E-05
"p84": 9.408382115794602E-06
"p85": 0
"p86": 0
"p87": 0
"p88": 0.0017593674556535901
"p89": 0.00045724737082761767
"p90": 6.585867481056221E-05
"p91": 1.1290058538953523E-05
"p92": 0.0006905752472993237
"p93": 0.00017123255450746176
"p94": 1.3171734962112442E-05
"p95": 0
"p96": 0.00024461793501065964
"p97": 3.575185204001949E-05
"p98": 0
"p99": 0
"p100": 0
"p101": 0
"p102": 0
"p103": 0
"p104": 0.000165587525237985
"p105": 3.010682277054273E-05
"p106": 0
"p107": 0
"p108": 3.0106822770542726E-05
"p109": 1.8816764231589204E-06
"p110": 0
"p111": 0
"p112": 0.001418784023061826
"p113": 0.0003499918147075592
"p114": 2.6343469924224884E-05
"p115": 0
"p116": 0
"p117": 0
"p118": 0
"p119": 0
"p120": 0.0007018653058382773
"p121": 0.000141125731736919
"p122": 7.5267056926356815E-06
"p123": 0
"p124": 0.00024085458216434183
"p125": 4.8923587002131926E-05
