"p1213": 1.8816764231589203E-05
"p1214": 0.02605933678432789
"p1215": 0.005406056363735579
"p1216": 0.00043654893017286954
"p1217": 0
"p1218": 0.0013171734962112442
"p1219": 0.0004892358700213193
"p1220": 0
"p1221": 0
"p1222": 8.467543904215141E-05
"p1223": 1.1290058538953523E-05
"p1224": 0.0038913068430926475
"p1225": 0.0003274116976296521
"p1226": 0.020833921357215575
"p1227": 0.011813164584591702
"p1228": 0.00043654893017286954
"p1229": 0
"p1230": 0.006997954617728024
"p1231": 0.0027528926070815
"p1232": 3.7633528463178407E-06
"p1233": 0
"p1234": 1.5053411385271363E-05
"p1235": 0
"p1236": 0
"p1237": 0
"p1238": 0
"p1239": 0
"p1240": 7.5267056926356815E-06
"p1241": 0
"p1242": 0.00022580117077907047
"p1243": 7.5267056926356815E-06
"p1244": 0
"p1245": 0
"p1246": 0.0001016105268505817
"p1247": 0
"p1248": 0.0004083237838254857
"p1249": 0
"p1250": 0.0009972885042742277
"p1251": 9.97288504274228E-05
"p1252": 0
"p1253": 0
"p1254": 1.1290058538953523E-05
"p1255": 0
"p1256": 0.005379712893811354
"p1257": 0.000709392011530913
"p1258": 0.012560190124585794
"p1259": 0.010262663211908751
"p1260": 0.0009239031237710298
"p1261": 4.139688130949625E-05
"p1262": 0.004559301973314063
"p1263": 0.0023182253533317893
"p1264": 0.00011854561465901199
"p1265": 0
"p1266": 0.0009144947416552353
"p1267": 0.00011101890896637632
"p1268": 0
"p1269": 0
"p1270": 3.7633528463178407E-06
"p1271": 0
"p1272": 0.0013265818783270388
"p1273": 0
"p1274": 0.014468210017668938
"p1275": 0.005308209189731315
