"p1213": 0
"p1214": 0.02153955001590016
"p1215": 0.0032082583014859598
"p1216": 0.0014677076100639576
"p1217": 5.4568616271608685E-05
"p1218": 0.007364881520244016
"p1219": 0.004659030823741488
"p1220": 0.002224141532173844
"p1221": 0.00027284308135804345
"p1222": 0.0084054485822509
"p1223": 0.005884002175217945
"p1224": 0.00037633528463178407
"p1225": 0
"p1226": 0.006194478785039167
"p1227": 0.0024198358801823714
"p1228": 0.00040079707813284995
"p1229": 0
"p1230": 0.0031913232136775295
"p1231": 0.0008110025383814948
"p1232": 3.7633528463178407E-06
"p1233": 0
"p1234": 7.903040977267465E-05
"p1235": 3.7633528463178407E-06
"p1236": 3.7633528463178407E-06
"p1237": 0
"p1238": 0.00019945770085484557
"p1239": 3.7633528463178407E-06
"p1240": 0
"p1241": 0
"p1242": 1.1290058538953523E-05
"p1243": 0
"p1244": 3.7633528463178407E-06
"p1245": 0
"p1246": 5.268693984844977E-05
"p1247": 0
"p1248": 0.0013604520539438995
"p1249": 8.279376261899251E-05
"p1250": 0.003784051286972588
"p1251": 0.0024442976736834374
"p1252": 0.004489679945657184
"p1253": 0.0006679951302214168
"p1254": 0.008983123244160686
"p1255": 0.008403566905827737
"p1256": 0.00027660643420436126
"p1257": 0
"p1258": 0.0016332951353019427
"p1259": 0.0006736401594908935
"p1260": 0.0005212243692150209
"p1261": 0
"p1262": 0.0019738785678937074
"p1263": 0.0008015941562656999
"p1264": 0.0004666557529434122
"p1265": 0
"p1266": 0.005247995544190229
"p1267": 0.00200398539066425
"p1268": 0.00087121618392258
"p1269": 0
"p1270": 0.009282309795442954
"p1271": 0.003985390664250593
"p1272": 8.655711546531035E-05
"p1273": 0
"p1274": 0.0027905261355446786
"p1275": 0.0005550945448318814
