"p1213": 0
"p1214": 0.011235489922681915
"p1215": 0.0020453822719737466
"p1216": 0.0017988826605399278
"p1217": 8.467543904215141E-05
"p1218": 0.010209976272060306
"p1219": 0.005917872350834805
"p1220": 0.0025967134639593103
"p1221": 0.000355636843977036
"p1222": 1
"p1223": 0.007327247991780838
"p1224": 0.0004647740765202534
"p1225": 0
"p1226": 0.00890973786365749
"p1227": 0.0034378228251113474
"p1228": 0.0009803534164657974
"p1229": 0
"p1230": 0.007282087757625023
"p1231": 0.0014451274929860511
"p1232": 1.6935087808430282E-05
"p1233": 0
"p1234": 0.0010556204733921542
"p1235": 1.6935087808430282E-05
"p1236": 5.645029269476761E-05
"p1237": 1.1290058538953523E-05
"p1238": 0.0021789812980180295
"p1239": 3.0106822770542726E-05
"p1240": 0
"p1241": 0
"p1242": 0.00021262943581695803
"p1243": 0
"p1244": 1.6935087808430282E-05
"p1245": 0
"p1246": 0.0011515859709732592
"p1247": 0
"p1248": 0.00270208734365621
"p1249": 0.00031612163909069865
"p1250": 0.007694174894296827
"p1251": 0.006578340775363585
"p1252": 0.006696886390022599
"p1253": 0.0015410929905671556
"p1254": 0.01729825135809996
"p1255": 0.016075161683046662
"p1256": 0.0004798274879055247
"p1257": 0
"p1258": 0.0036090553796188102
"p1259": 0.0018252261304641528
"p1260": 0.0014451274929860507
"p1261": 0
"p1262": 0.004713599440013096
"p1263": 0.0017838292491546563
"p1264": 0.0009107313888089177
"p1265": 2.8225146347383808E-05
"p1266": 0.012097297724488702
"p1267": 0.004418176241577145
"p1268": 0.0019475350979694822
"p1269": 0.0001298356731979655
"p1270": 0.023268810648783212
"p1271": 0.007511652281250411
"p1272": 0.000165587525237985
"p1273": 0
"p1274": 0.006017601201262228
"p1275": 0.00158625322472297
