"p1213": 0.0005607395741013582
"p1214": 0.008458135522099347
"p1215": 0.015807963630958093
"p1216": 9.596549758110495E-05
"p1217": 0.0004177321659412802
"p1218": 0.00032364834478333426
"p1219": 0.00033870175616860566
"p1220": 0
"p1221": 0
"p1222": 1.1290058538953523E-05
"p1223": 5.645029269476761E-05
"p1224": 0.0014507725222555276
"p1225": 0.001006696886390022
"p1226": 0.003283525358412316
"p1227": 0.002321988706178108
"p1228": 0.0002446179350106597
"p1229": 0.00019757602443168666
"p1230": 0.0015994249596850824
"p1231": 0.0013604520539438995
"p1232": 8.655711546531032E-05
"p1233": 0.0002916598455896326
"p1234": 0.0008505177432678319
"p1235": 0.0006322432781813972
"p1236": 0
"p1237": 0
"p1238": 4.516023415581409E-05
"p1239": 0.0001731142309306207
"p1240": 0.0010386853855837237
"p1241": 0.0006886935708761646
"p1242": 0.00714472537873442
"p1243": 0.002869556545317354
"p1244": 7.714873334951572E-05
"p1245": 5.268693984844976E-05
"p1246": 0.004928110552253212
"p1247": 0.0026475187273846
"p1248": 0.00021074775939379907
"p1249": 0.0014131389937923492
"p1250": 0.0008241742733436071
"p1251": 0.001482761021449229
"p1252": 0
"p1253": 0
"p1254": 1.8816764231589203E-05
"p1255": 0.00013548070246744229
"p1256": 0.0036655056723135767
"p1257": 0.00924091291413346
"p1258": 0.010725555612005848
"p1259": 0.02919797305815698
"p1260": 0.0008128842148046538
"p1261": 0.0023295154118707436
"p1262": 0.004359844272459219
"p1263": 0.010571258145306817
"p1264": 0.0002916598455896327
"p1265": 0.0012099179400911855
"p1266": 0.0024217175566055306
"p1267": 0.0029598770136289826
"p1268": 0
"p1269": 0
"p1270": 0.00010161052685058169
"p1271": 0.00042337719521075713
"p1272": 0.003027617364862703
"p1273": 0.0053364343360787
"p1274": 0.024553995645800762
"p1275": 1
