"p1213": 0
"p1214": 0.009319943323906133
"p1215": 0.00113276920674167
"p1216": 0.0032383651242565018
"p1217": 0.0006774035123372113
"p1218": 0.008815654042499541
"p1219": 0.007690411541450507
"p1220": 0.0002295645236253883
"p1221": 0
"p1222": 0.0002897781691664737
"p1223": 3.7633528463178407E-06
"p1224": 0.0019550618036621183
"p1225": 9.596549758110493E-05
"p1226": 0.00952128270118414
"p1227": 0.004549893591198269
"p1228": 0.0020322105370116335
"p1229": 6.774035123372114E-05
"p1230": 0.009041455213278614
"p1231": 0.004382424389537126
"p1232": 0.002130057711015898
"p1233": 0.0003217666683601754
"p1234": 1
"p1235": 0.007886105889459039
"p1236": 0.0001392440553137601
"p1237": 0
"p1238": 0.0005118159870992264
"p1239": 3.7633528463178407E-06
"p1240": 0.0022335499142896384
"p1241": 8.467543904215141E-05
"p1242": 0.023054299536543105
"p1243": 0.011626878618698972
"p1244": 0.0012927117027101784
"p1245": 0
"p1246": 0.018129952337136206
"p1247": 0.006164371962268624
"p1248": 0.0024254809094518483
"p1249": 0.000666113453798258
"p1250": 0.006738283271332096
"p1251": 0.006175662020807578
"p1252": 7.338538050319791E-05
"p1253": 0
"p1254": 5.833196911792653E-05
"p1255": 0
"p1256": 0.0007884224213035876
"p1257": 3.3870175616860565E-05
"p1258": 0.003814158109743132
"p1259": 0.0017443140442683191
"p1260": 0.0013660970832133762
"p1261": 6.774035123372113E-05
"p1262": 0.004406886183038193
"p1263": 0.0024555877322223916
"p1264": 0.0008335826554594016
"p1265": 0.0001580608195453493
"p1266": 0.012994857378335504
"p1267": 0.002393492410258147
"p1268": 0.00016370584881482606
"p1269": 0
"p1270": 0.0004911175464444782
"p1271": 0
"p1272": 0.0003706902553623073
"p1273": 9.408382115794602E-06
"p1274": 0.009077207065318635
"p1275": 0.001919309951622099
