"p1213": 0
"p1214": 0.007193648965736552
"p1215": 0.0010763189140469026
"p1216": 0.0009088497123857584
"p1217": 0
"p1218": 0.0017781842198851799
"p1219": 0.0004440756358655052
"p1220": 0
"p1221": 0
"p1222": 0.00016182417239166716
"p1223": 0
"p1224": 0.0052178887214196865
"p1225": 0.0007733690099183163
"p1226": 0.018237207893256266
"p1227": 0.012230896750532983
"p1228": 0.001473352639333435
"p1229": 6.774035123372114E-05
"p1230": 0.007797667097570567
"p1231": 0.004102054602486447
"p1232": 0.0008674528310762624
"p1233": 0
"p1234": 0.0032251933892943896
"p1235": 0.0007583155985330448
"p1236": 0
"p1237": 0
"p1238": 0.0004158504895181215
"p1239": 1.1290058538953523E-05
"p1240": 0.004412531212307669
"p1241": 0.0004064421074023268
"p1242": 1
"p1243": 0.019292828366648418
"p1244": 0.0006962202765688004
"p1245": 0
"p1246": 0.016547462465259552
"p1247": 0.0060270095833780245
"p1248": 0.0006247165724887616
"p1249": 0
"p1250": 0.0008091208619583358
"p1251": 0.00014300740816007796
"p1252": 0
"p1253": 0
"p1254": 3.575185204001949E-05
"p1255": 0
"p1256": 0.0032214300364480724
"p1257": 0.0006999836294151185
"p1258": 0.010469647618456236
"p1259": 0.00790115930084431
"p1260": 0.0008825062424615336
"p1261": 6.774035123372113E-05
"p1262": 0.003699375847930438
"p1263": 0.002271183442752817
"p1264": 0.0005475678391392457
"p1265": 0
"p1266": 0.0032214300364480724
"p1267": 0.00025590799354961323
"p1268": 0
"p1269": 0
"p1270": 0.00028225146347383805
"p1271": 0
"p1272": 0.001313410143364926
"p1273": 0.0001674692016611439
"p1274": 0.021676912394790766
"p1275": 0.004325974096842359
