"p1213": 3.7633528463178407E-06
"p1214": 0.0038141581097431315
"p1215": 0.003569540174732472
"p1216": 0.0012005095579753911
"p1217": 4.516023415581409E-05
"p1218": 0.0036241087910040817
"p1219": 0.0013247002019038795
"p1220": 0.00014677076100639576
"p1221": 2.4461793501065966E-05
"p1222": 4.704191057897301E-05
"p1223": 0
"p1224": 0.0010556204733921544
"p1225": 1.8816764231589204E-06
"p1226": 0.0028921366623952606
"p1227": 0.0008072391855351766
"p1228": 0.0024254809094518483
"p1229": 3.7633528463178407E-06
"p1230": 0.005172728487263871
"p1231": 0.0008881512717310102
"p1232": 0.00022768284720222937
"p1233": 1.1290058538953523E-05
"p1234": 0.001136532559587988
"p1235": 0.0001298356731979655
"p1236": 4.516023415581409E-05
"p1237": 5.645029269476761E-06
"p1238": 1.1290058538953523E-05
"p1239": 0
"p1240": 6.774035123372114E-05
"p1241": 0
"p1242": 0.000353755167553877
"p1243": 2.2580117077907045E-05
"p1244": 0.0003180033155138576
"p1245": 0
"p1246": 0.000829819302613084
"p1247": 3.198849919370165E-05
"p1248": 1
"p1249": 0.0028526214575089227
"p1250": 0.01378704315248541
"p1251": 0.02440346153194805
"p1252": 0.0004346672537497106
"p1253": 0.0002088660829706402
"p1254": 0.0001279539967748066
"p1255": 7.5267056926356815E-06
"p1256": 0.01573834160330121
"p1257": 0.00036504522609283053
"p1258": 0.01379268818175489
"p1259": 0.018508169298191147
"p1260": 0.012272293631842481
"p1261": 0.0002634346992422489
"p1262": 0.011525268091848392
"p1263": 0.013167971609266128
"p1264": 0.003938348753671621
"p1265": 6.962202765688005E-05
"p1266": 0.010228793036291891
"p1267": 0.005842605293908448
"p1268": 0.0005400411334466101
"p1269": 2.0698440654748124E-05
"p1270": 0.00013359902604428335
"p1271": 0
"p1272": 0.0062132955492707545
"p1273": 1.1290058538953521E-05
"p1274": 0.007795785421147408
"p1275": 0.005050419519758542
