"p1213": 0.014123863232230858
"p1214": 0.003087831010403789
"p1215": 0.0016125966946471946
"p1216": 0.00023709122931802397
"p1217": 0.00017687758377693853
"p1218": 3.7633528463178407E-05
"p1219": 0.00011101890896637629
"p1220": 0
"p1221": 0
"p1222": 0
"p1223": 0
"p1224": 0.001512867844219772
"p1225": 0.000780895715610952
"p1226": 0.0009126130652320765
"p1227": 0.0003161216390906986
"p1228": 0.0007244454229161844
"p1229": 0.0004516023415581409
"p1230": 0.0002521446407032953
"p1231": 4.704191057897302E-05
"p1232": 1.1290058538953523E-05
"p1233": 0
"p1234": 0
"p1235": 3.7633528463178407E-06
"p1236": 0
"p1237": 0
"p1238": 0
"p1239": 0
"p1240": 6.021364554108545E-05
"p1241": 0
"p1242": 6.774035123372113E-05
"p1243": 1.8816764231589203E-05
"p1244": 3.0106822770542726E-05
"p1245": 0
"p1246": 1.1290058538953523E-05
"p1247": 0
"p1248": 0.0006886935708761648
"p1249": 0.002203443091519096
"p1250": 0.00014112573173691902
"p1251": 0.000613426513949808
"p1252": 1.6935087808430286E-05
"p1253": 9.032046831162818E-05
"p1254": 0
"p1255": 0
"p1256": 0.010889261460820672
"p1257": 0.02851680619297344
"p1258": 0.004267642127724431
"p1259": 0.017143953891400925
"p1260": 0.0039891540170969115
"p1261": 0.009041455213278612
"p1262": 0.0013755054653291703
"p1263": 0.003082185981134312
"p1264": 0.00038762534317073754
"p1265": 0.0008110025383814948
"p1266": 8.279376261899251E-05
"p1267": 0.00012983567319796552
"p1268": 0
"p1269": 0
"p1270": 0
"p1271": 0
"p1272": 0.0044539280936171655
"p1273": 0.008956779774236461
"p1274": 0.0022994085891002007
"p1275": 0.0022053247679422548
