"p1213": 0
"p1214": 0.017143953891400922
"p1215": 0.0030821859811343113
"p1216": 1.8816764231589203E-05
"p1217": 0
"p1218": 0.001345398642558628
"p1219": 0.0002464996114338186
"p1220": 7.714873334951573E-05
"p1221": 0
"p1222": 0.0025440265241108598
"p1223": 0.0005287510749076566
"p1224": 3.7633528463178407E-06
"p1225": 0
"p1226": 0.000306713256974904
"p1227": 2.0698440654748124E-05
"p1228": 9.972885042742276E-05
"p1229": 0
"p1230": 0.0008655711546531033
"p1231": 3.0106822770542722E-05
"p1232": 0
"p1233": 0
"p1234": 3.0106822770542726E-05
"p1235": 0
"p1236": 7.5267056926356815E-06
"p1237": 0
"p1238": 0.00016182417239166716
"p1239": 1.1290058538953523E-05
"p1240": 0
"p1241": 0
"p1242": 0
"p1243": 0
"p1244": 3.7633528463178407E-06
"p1245": 0
"p1246": 2.2580117077907045E-05
"p1247": 0
"p1248": 0.0027886444591215197
"p1249": 0.0001373623788906012
"p1250": 0.011113180955176586
"p1251": 0.0071127368795407195
"p1252": 0.00672699321279314
"p1253": 0.0009408382115794601
"p1254": 0.016976484689739783
"p1255": 0.014123863232230858
"p1256": 0.0006529417188361453
"p1257": 0
"p1258": 0.007805193803263203
"p1259": 0.0030878310104037877
"p1260": 0.0009709450343500028
"p1261": 0
"p1262": 0.005221652074266004
"p1263": 0.0016125966946471946
"p1264": 0.0003876253431707376
"p1265": 0
"p1266": 0.0044539280936171655
"p1267": 0.0018440428946957415
"p1268": 0.0008110025383814946
"p1269": 0
"p1270": 0.008956779774236461
"p1271": 0.0038856618138231706
"p1272": 8.27937626189925E-05
"p1273": 0
"p1274": 0.0022994085891002002
"p1275": 0.0005080526342529085
