"p1213": 0.0020848974768600836
"p1214": 0.013209368490575624
"p1215": 0.02198927068103515
"p1216": 3.575185204001948E-05
"p1217": 1.6935087808430282E-05
"p1218": 0.00022768284720222934
"p1219": 0.00015429746669903146
"p1220": 0.0002389729057411829
"p1221": 9.408382115794599E-05
"p1222": 0.000780895715610952
"p1223": 0.0005325144277539745
"p1224": 5.645029269476761E-06
"p1225": 0
"p1226": 1.5053411385271363E-05
"p1227": 3.010682277054273E-05
"p1228": 1.6935087808430282E-05
"p1229": 0.00010161052685058169
"p1230": 0.00016182417239166716
"p1231": 0.00010725555612005847
"p1232": 3.575185204001948E-05
"p1233": 1.8816764231589203E-05
"p1234": 0.0011214791482027163
"p1235": 0.0004647740765202533
"p1236": 0.00019569434800852773
"p1237": 6.774035123372113E-05
"p1238": 0.002084897476860084
"p1239": 0.0007696056570719984
"p1240": 9.408382115794602E-06
"p1241": 3.7633528463178407E-06
"p1242": 0.0001749959073537796
"p1243": 0.00014300740816007793
"p1244": 1.3171734962112444E-05
"p1245": 9.972885042742276E-05
"p1246": 0.0006491783659898275
"p1247": 0.00028413313989699703
"p1248": 0.00033682007974544673
"p1249": 0.0016238867531861482
"p1250": 0.0017179705743440943
"p1251": 0.006111685022420174
"p1252": 0.0015711998133376985
"p1253": 0.004894240376636351
"p1254": 0.004023024192713772
"p1255": 0.011075547426713406
"p1256": 5.8331969117926534E-05
"p1257": 0.00034999181470755914
"p1258": 0.0004779458114823658
"p1259": 0.0027359575192730697
"p1260": 3.198849919370165E-05
"p1261": 0.000541922809869769
"p1262": 0.000590846396871901
"p1263": 0.0019418900687000057
"p1264": 0.0004064421074023267
"p1265": 0.00158625322472297
"p1266": 0.004491561622080344
"p1267": 0.00922209614990187
"p1268": 0.0013152918197880852
"p1269": 0.0026004768168056275
"p1270": 0.008817535718922702
"p1271": 0.011276886803991411
"p1272": 0.00010161052685058169
"p1273": 0.0003857436667475787
"p1274": 0.0026080035224982636
"p1275": 0.007268916022662911
