"p1213": 0.021106764438573615
"p1214": 0.0029165984558963266
"p1215": 0.0034566395893429374
"p1216": 0.00018816764231589198
"p1217": 0.00012419064392848875
"p1218": 7.33853805031979E-05
"p1219": 6.585867481056221E-05
"p1220": 0.00059272807329506
"p1221": 0.0003481101382844003
"p1222": 0.00038950701959389653
"p1223": 0.00034058343259176454
"p1224": 1.5053411385271363E-05
"p1225": 3.010682277054273E-05
"p1226": 3.7633528463178407E-06
"p1227": 3.7633528463178407E-06
"p1228": 0.00014300740816007796
"p1229": 0.00010161052685058171
"p1230": 2.6343469924224887E-05
"p1231": 0.00012042729108217089
"p1232": 0.000779014039187793
"p1233": 0.0004346672537497106
"p1234": 0.00039891540170969113
"p1235": 7.714873334951574E-05
"p1236": 0.001322818525480721
"p1237": 0.0006134265139498081
"p1238": 0.0009050863595394407
"p1239": 0.0002577896699727721
"p1240": 0.0001486524374295547
"p1241": 0.00013736237889060116
"p1242": 3.387017561686057E-05
"p1243": 1.1290058538953523E-05
"p1244": 0.0005588578976781992
"p1245": 0.00028413313989699703
"p1246": 9.408382115794602E-05
"p1247": 0.00011478226181269412
"p1248": 0.0014996961092576594
"p1249": 0.005050419519758542
"p1250": 0.00034811013828440026
"p1251": 0.003003155571361637
"p1252": 0.0032214300364480715
"p1253": 0.008158948970817079
"p1254": 0.0012682499092091125
"p1255": 0.006792851887603702
"p1256": 0.0004290222244802338
"p1257": 0.0025590799354961316
"p1258": 5.833196911792653E-05
"p1259": 0.00046853742936657115
"p1260": 0.0004967625757139549
"p1261": 0.0018365161890031062
"p1262": 0.00010537387969689955
"p1263": 0.0005889647204487422
"p1264": 0.0035036814999219092
"p1265": 0.0073761715787829685
"p1266": 0.0012419064392848874
"p1267": 0.0035112082056145454
"p1268": 0.005934807438643234
"p1269": 0.008239861057012913
"p1270": 0.003648570584505146
"p1271": 0.005133213282377535
"p1272": 0.002256130031367545
"p1273": 0.006608447598134128
"p1274": 0.0003913886960170555
"p1275": 0.0011177157953563984
