"p1213": 0.002519564730609794
"p1214": 0.02025436501888262
"p1215": 0.02925065999800543
"p1216": 0.00021074775939379904
"p1217": 7.338538050319788E-05
"p1218": 0.0006999836294151185
"p1219": 0.0004666557529434123
"p1220": 0
"p1221": 2.0698440654748124E-05
"p1222": 7.5267056926356815E-06
"p1223": 2.0698440654748124E-05
"p1224": 3.387017561686057E-05
"p1225": 0
"p1226": 0.00010537387969689954
"p1227": 0.00010725555612005845
"p1228": 5.8331969117926534E-05
"p1229": 0.00011854561465901199
"p1230": 0.00036316354966967166
"p1231": 0.000237091229318024
"p1232": 0.0001731142309306207
"p1233": 5.456861627160868E-05
"p1234": 0.0016803370458809154
"p1235": 0.0006585867481056222
"p1236": 0
"p1237": 1.5053411385271363E-05
"p1238": 1.3171734962112444E-05
"p1239": 4.516023415581409E-05
"p1240": 5.080526342529084E-05
"p1241": 1.6935087808430282E-05
"p1242": 0.0006962202765688003
"p1243": 0.0003424651090149236
"p1244": 3.575185204001949E-05
"p1245": 0.00010349220327374062
"p1246": 0.0012607232035164763
"p1247": 0.0005362777806002923
"p1248": 0.0013040017612491318
"p1249": 0.004090764543947492
"p1250": 0.0032684719470270447
"p1251": 0.008905974510811168
"p1252": 0
"p1253": 4.516023415581409E-05
"p1254": 7.5267056926356815E-06
"p1255": 2.6343469924224887E-05
"p1256": 0.00045536569440445874
"p1257": 0.001904256540236827
"p1258": 0.0017932376312704509
"p1259": 0.008228570998473957
"p1260": 0.00026343469924224885
"p1261": 0.0013943222295607599
"p1262": 0.0019550618036621183
"p1263": 0.005780509971944204
"p1264": 0.001177929440897484
"p1265": 0.002306935294792836
"p1266": 0.00613426513949808
"p1267": 0.008396040200135105
"p1268": 0
"p1269": 4.139688130949625E-05
"p1270": 1.5053411385271365E-05
"p1271": 6.962202765688005E-05
"p1272": 0.0005212243692150209
"p1273": 0.002002103714241091
"p1274": 0.007825892243917951
"p1275": 0.017405506914220013
