"p1213": 3.7633528463178407E-06
"p1214": 0.006203887167154961
"p1215": 0.006461676837127733
"p1216": 0.0003180033155138575
"p1217": 9.972885042742277E-05
"p1218": 0.0003688085789391484
"p1219": 0.0002897781691664738
"p1220": 5.645029269476761E-05
"p1221": 0
"p1222": 1.1290058538953523E-05
"p1223": 0
"p1224": 0.0016615202816493266
"p1225": 8.655711546531035E-05
"p1226": 0.0034095976787639638
"p1227": 0.002231668237866479
"p1228": 0.0011158341189332398
"p1229": 3.7633528463178407E-06
"p1230": 0.0016953904572661875
"p1231": 0.0007808957156109518
"p1232": 0.0005889647204487421
"p1233": 6.0213645541085445E-05
"p1234": 0.0008561627725373086
"p1235": 0.00030294990412858613
"p1236": 0.0001731142309306207
"p1237": 0
"p1238": 4.516023415581409E-05
"p1239": 0
"p1240": 0.0022975269126770414
"p1241": 4.704191057897301E-05
"p1242": 0.007662186395103125
"p1243": 0.002173336268748553
"p1244": 0.0025101563484939996
"p1245": 3.7633528463178407E-06
"p1246": 0.005189663575072301
"p1247": 0.0008599261253836267
"p1248": 0.0013002384084028137
"p1249": 0.00031612163909069865
"p1250": 0.0007300904521856611
"p1251": 0.0012682499092091122
"p1252": 0.00013548070246744229
"p1253": 0
"p1254": 1.8816764231589203E-05
"p1255": 0
"p1256": 0.014099401438729793
"p1257": 0.0020529089776663823
"p1258": 0.011786821114667482
"p1259": 0.022627158988486027
"p1260": 0.005923517380104282
"p1261": 0.0002032210537011634
"p1262": 0.004651504118048851
"p1263": 0.00639958151516349
"p1264": 0.0025910684346898334
"p1265": 0.00020698440654748124
"p1266": 0.002365267263910763
"p1267": 0.0016295317824556249
"p1268": 0.00042337719521075713
"p1269": 0
"p1270": 9.032046831162818E-05
"p1271": 1.1290058538953523E-05
"p1272": 1
"p1273": 0.0007978308034193823
"p1274": 0.028193157848190112
"p1275": 0.02491151416620096
