"p1213": 7.5267056926356815E-06
"p1214": 0.01576092172037912
"p1215": 0.010940066724245964
"p1216": 6.209532196424438E-05
"p1217": 1.1290058538953523E-05
"p1218": 0.00011101890896637629
"p1219": 9.408382115794602E-05
"p1220": 0
"p1221": 0
"p1222": 0
"p1223": 0
"p1224": 0.0003970337252865322
"p1225": 0
"p1226": 0.0008241742733436071
"p1227": 0.00046289240009709436
"p1228": 0.00017875926020009743
"p1229": 0
"p1230": 0.0002935415220127916
"p1231": 0.00011478226181269414
"p1232": 0.00016935087808430283
"p1233": 7.5267056926356815E-06
"p1234": 0.00034058343259176464
"p1235": 0.00011101890896637629
"p1236": 0
"p1237": 0
"p1238": 0
"p1239": 0
"p1240": 0.0008222925969204483
"p1241": 0
"p1242": 0.0023464504996791734
"p1243": 0.0007056286586845951
"p1244": 0.00045724737082761767
"p1245": 0
"p1246": 0.0009822350928889562
"p1247": 0.00014112573173691902
"p1248": 0.0005532128684087225
"p1249": 0.0002878964927433148
"p1250": 0.00037257193178546626
"p1251": 0.0004327855773265518
"p1252": 1.1290058538953523E-05
"p1253": 0
"p1254": 0
"p1255": 0
"p1256": 0.009344405117407199
"p1257": 0.0012795399677480658
"p1258": 0.005025957726257477
"p1259": 0.011907248405749648
"p1260": 0.0034453495308039836
"p1261": 0.0001016105268505817
"p1262": 0.0017047988393819817
"p1263": 0.0031800331551385752
"p1264": 0.0011139524425100807
"p1265": 0.00017875926020009743
"p1266": 0.0008486360668446731
"p1267": 0.0008072391855351768
"p1268": 7.903040977267465E-05
"p1269": 0
"p1270": 5.645029269476761E-06
"p1271": 1.1290058538953523E-05
"p1272": 0.014300740816007792
"p1273": 0.0006736401594908935
"p1274": 0.014406114695704696
"p1275": 0.017339648239409457
