"p1213": 0.0013980855824070775
"p1214": 0.017588029527266433
"p1215": 0.013873600267950722
"p1216": 0
"p1217": 0.00010725555612005847
"p1218": 0.00010349220327374062
"p1219": 0.0005118159870992264
"p1220": 6.962202765688006E-05
"p1221": 0.0005964914261413776
"p1222": 0.0002803697870506791
"p1223": 0.000636006631027715
"p1224": 0.0003368200797454468
"p1225": 0.0015655547840682216
"p1226": 0.0018064093662325635
"p1227": 0.006996072941304866
"p1228": 0.001113952442510081
"p1229": 0.0032421284771028194
"p1230": 0.0031461629795217156
"p1231": 0.008040403356158068
"p1232": 5.645029269476761E-06
"p1233": 0.0001749959073537796
"p1234": 0.00044407563586550526
"p1235": 0.0015693181369145388
"p1236": 7.338538050319788E-05
"p1237": 0.0006472966895666685
"p1238": 0.0006774035123372113
"p1239": 0.0012833033205943835
"p1240": 0.0004704191057897301
"p1241": 0.0019249549808915748
"p1242": 0.006121093404535968
"p1243": 0.01487088877222495
"p1244": 0.0011402959124343056
"p1245": 0.0025778966997277207
"p1246": 0.007803312126840043
"p1247": 0.011978752109829688
"p1248": 0
"p1249": 3.7633528463178407E-06
"p1250": 1.8816764231589204E-06
"p1251": 5.833196911792653E-05
"p1252": 1.8816764231589204E-06
"p1253": 0.00021074775939379907
"p1254": 5.080526342529085E-05
"p1255": 0.00015429746669903146
"p1256": 9.596549758110493E-05
"p1257": 0.0004026787545560089
"p1258": 0.000402678754556009
"p1259": 0.00158625322472297
"p1260": 0.0007413805107246145
"p1261": 0.0017819475727314975
"p1262": 0.0016765736930345978
"p1263": 0.0048076832611710415
"p1264": 0
"p1265": 7.5267056926356815E-06
"p1266": 7.338538050319788E-05
"p1267": 0.00012042729108217092
"p1268": 0
"p1269": 6.774035123372113E-05
"p1270": 0.00020133937727800447
"p1271": 0.00021262943581695798
"p1272": 0.0001279539967748066
"p1273": 0.00011290058538953522
"p1274": 0.0016502302231103732
"p1275": 0.001512867844219772
