"p1213": 0.026830824117823053
"p1214": 0.0060627614354180435
"p1215": 0.0052122436921502105
"p1216": 0.0005231060456381798
"p1217": 0.0002709614049348845
"p1218": 0.00035563684397703593
"p1219": 0.00032364834478333426
"p1220": 7.5267056926356815E-06
"p1221": 3.198849919370164E-05
"p1222": 0
"p1223": 0
"p1224": 9.596549758110493E-05
"p1225": 0.00010537387969689954
"p1226": 3.575185204001949E-05
"p1227": 2.0698440654748124E-05
"p1228": 0.0003048315805517451
"p1229": 0.0001975760244316867
"p1230": 0.00010537387969689954
"p1231": 0.00019193099516220984
"p1232": 0.0010575021498153132
"p1233": 0.000494880899290796
"p1234": 0.0007714873334951573
"p1235": 0.0002577896699727721
"p1236": 1.3171734962112444E-05
"p1237": 5.268693984844977E-05
"p1238": 0
"p1239": 0
"p1240": 0.0005080526342529085
"p1241": 0.0003161216390906987
"p1242": 0.00020886608297064017
"p1243": 5.833196911792653E-05
"p1244": 0.0010066968863900222
"p1245": 0.000521224369215021
"p1246": 0.00030106822770542725
"p1247": 0.00015053411385271363
"p1248": 0.0026494004038077603
"p1249": 0.006484256954205639
"p1250": 0.0010368037091605651
"p1251": 0.0062245856078097074
"p1252": 7.5267056926356815E-06
"p1253": 4.8923587002131926E-05
"p1254": 0
"p1255": 0
"p1256": 0.0015410929905671556
"p1257": 0.006973492824226958
"p1258": 0.0003405834325917646
"p1259": 0.0025628432883424493
"p1260": 0.0016389401645714196
"p1261": 0.005099343106760675
"p1262": 0.000427140548057075
"p1263": 0.0021902713565569833
"p1264": 0.00414909651306542
"p1265": 0.0058407236174852885
"p1266": 0.002722785784310958
"p1267": 0.004694782675781507
"p1268": 1.5053411385271365E-05
"p1269": 9.032046831162818E-05
"p1270": 0
"p1271": 0
"p1272": 0.006196360461462325
"p1273": 0.014808793450260703
"p1274": 0.00179511930769361
"p1275": 0.0044407563586550515
