"p1213": 0.0015918982539924469
"p1214": 0.015452326786981059
"p1215": 0.02129493208088951
"p1216": 5.645029269476761E-06
"p1217": 2.8225146347383805E-05
"p1218": 0.00010349220327374062
"p1219": 0.0002502629642801364
"p1220": 0.00011666393823585305
"p1221": 0.0005061709578297494
"p1222": 0.0003349384033222878
"p1223": 0.00039515204886337327
"p1224": 0.00028036978705067917
"p1225": 0.0002389729057411829
"p1226": 0.0014545358751018457
"p1227": 0.0009954068278510688
"p1228": 0.0013585703775207405
"p1229": 0.0008486360668446729
"p1230": 0.00319132321367753
"p1231": 0.002312580324062313
"p1232": 3.7633528463178407E-06
"p1233": 1.8816764231589203E-05
"p1234": 0.0003763352846317841
"p1235": 0.00039515204886337327
"p1236": 0.00011290058538953522
"p1237": 0.00036316354966967144
"p1238": 0.000895677977423646
"p1239": 0.0008053575091120178
"p1240": 0.00021639278866327584
"p1241": 0.0001749959073537796
"p1242": 0.0036165820853114442
"p1243": 0.0015918982539924469
"p1244": 0.0008486360668446731
"p1245": 0.00047606413505920677
"p1246": 0.00742133181293878
"p1247": 0.003161216390906987
"p1248": 3.9515204886337324E-05
"p1249": 0.00031235828624438084
"p1250": 0.00023332787647170616
"p1251": 0.0009954068278510688
"p1252": 0.0002276828472022294
"p1253": 0.0015655547840682216
"p1254": 0.0008429910375751964
"p1255": 0.0015918982539924469
"p1256": 0.0011064257368174452
"p1257": 0.0035431967048082475
"p1258": 0.004785103144093136
"p1259": 0.015452326786981059
"p1260": 0.003191323213677529
"p1261": 0.007421331812938782
"p1262": 0.009432843909295672
"p1263": 0.02129493208088951
"p1264": 6.585867481056221E-05
"p1265": 0.00032553002120649325
"p1266": 0.0010029335335437046
"p1267": 0.002312580324062313
"p1268": 0.0003255300212064933
"p1269": 0.0013002384084028137
"p1270": 0.0024725228200308215
"p1271": 0.003161216390906987
"p1272": 0.0010029335335437043
"p1273": 0.0024725228200308215
"p1274": 0.011694618969932692
"p1275": 0.021294932080889506
