"p1213": 7.5267056926356815E-06
"p1214": 0.01194300025778967
"p1215": 0.0070148897055364555
"p1216": 0.0005061709578297496
"p1217": 0
"p1218": 0.0015316846084513613
"p1219": 0.0005645029269476761
"p1220": 4.139688130949625E-05
"p1221": 7.5267056926356815E-06
"p1222": 1.3171734962112444E-05
"p1223": 0
"p1224": 0.0003180033155138576
"p1225": 0
"p1226": 0.0006454150131435096
"p1227": 0.00012419064392848873
"p1228": 0.000496762575713955
"p1229": 0
"p1230": 0.0011816927937438018
"p1231": 0.00023520955289486501
"p1232": 0
"p1233": 0
"p1234": 0.00013171734962112442
"p1235": 1.8816764231589203E-05
"p1236": 0
"p1237": 0
"p1238": 0
"p1239": 0
"p1240": 0
"p1241": 0
"p1242": 3.0106822770542726E-05
"p1243": 0
"p1244": 0
"p1245": 0
"p1246": 5.2686939848449775E-05
"p1247": 3.7633528463178407E-06
"p1248": 0.007035588146191202
"p1249": 0.0018158177483483583
"p1250": 0.006235875666348661
"p1251": 0.014253698905428824
"p1252": 6.585867481056221E-05
"p1253": 5.833196911792653E-05
"p1254": 7.5267056926356815E-06
"p1255": 7.5267056926356815E-06
"p1256": 0.012093534371642381
"p1257": 0.00021451111224011696
"p1258": 0.007673476453642078
"p1259": 0.01194300025778967
"p1260": 0.007466492047094596
"p1261": 0.00018064093662325636
"p1262": 0.004809564937594201
"p1263": 0.0070148897055364555
"p1264": 0.002066080712628495
"p1265": 7.33853805031979E-05
"p1266": 0.004292103921225497
"p1267": 0.0028055795469299504
"p1268": 7.33853805031979E-05
"p1269": 1.8816764231589204E-06
"p1270": 1.8816764231589207E-05
"p1271": 0
"p1272": 0.004292103921225496
"p1273": 1.88167642315892E-05
"p1274": 0.002651282080230919
"p1275": 0.002630583639576171
