"p1213": 0.00038574366674757867
"p1214": 0.00470607273432046
"p1215": 0.008202227528549735
"p1216": 0.0006077814846803314
"p1217": 0.0018496879239652186
"p1218": 0.005095579753914357
"p1219": 0.009440370614988307
"p1220": 0.001631413458878784
"p1221": 0.0027980528412373156
"p1222": 0.007820247214648475
"p1223": 1
"p1224": 0.00019757602443168663
"p1225": 0.0004647740765202534
"p1226": 0.003460402942189254
"p1227": 0.007961372946385395
"p1228": 0.00032364834478333437
"p1229": 0.0009803534164657974
"p1230": 0.0033682007974544675
"p1231": 0.00451602341558141
"p1232": 2.2580117077907045E-05
"p1233": 1.6935087808430282E-05
"p1234": 0.0007131553643772309
"p1235": 0.00022956452362538825
"p1236": 8.467543904215141E-05
"p1237": 5.645029269476761E-05
"p1238": 0.0014357191108702561
"p1239": 0.00038950701959389653
"p1240": 0
"p1241": 0
"p1242": 0.0001486524374295547
"p1243": 4.704191057897301E-05
"p1244": 5.645029269476761E-06
"p1245": 1.6935087808430282E-05
"p1246": 0.000683048541606688
"p1247": 0.00038950701959389653
"p1248": 0.000897559653846805
"p1249": 0.003001273894938479
"p1250": 0.0029109534266268506
"p1251": 0.009848694398813791
"p1252": 0.0032044949486396412
"p1253": 0.007978308034193825
"p1254": 0.00823233435132028
"p1255": 0.020310815311577395
"p1256": 0.00015429746669903146
"p1257": 0.0004798274879055247
"p1258": 0.0011459409417037825
"p1259": 0.0037802879341262714
"p1260": 0.0003725719317854662
"p1261": 0.0014451274929860507
"p1262": 0.0019437717451231645
"p1263": 0.0037802879341262714
"p1264": 0.0005927280732950598
"p1265": 0.0009107313888089177
"p1266": 0.006627264362365718
"p1267": 0.008059220120389659
"p1268": 0.0020416189191274285
"p1269": 0.0019475350979694822
"p1270": 0.014406114695704696
"p1271": 0.011561019943888414
"p1272": 0.00013359902604428335
"p1273": 0.000165587525237985
"p1274": 0.002609885198921423
"p1275": 0.004468981505002436
