"p1213": 1.5053411385271363E-05
"p1214": 0.012503739831891026
"p1215": 0.005821906853253701
"p1216": 0.0007790140391877931
"p1217": 0.00017875926020009743
"p1218": 0.0004478389887118231
"p1219": 0.0007225637464930254
"p1220": 7.903040977267465E-05
"p1221": 0
"p1222": 5.645029269476761E-06
"p1223": 1.1290058538953523E-05
"p1224": 0.011690855617086372
"p1225": 0.0006736401594908935
"p1226": 0.009444133967834622
"p1227": 0.013756936329714867
"p1228": 0.003893188519515806
"p1229": 0
"p1230": 0.0031913232136775286
"p1231": 0.0030727775990185167
"p1232": 0
"p1233": 0
"p1234": 1.5053411385271363E-05
"p1235": 3.7633528463178407E-06
"p1236": 0
"p1237": 0
"p1238": 0
"p1239": 0
"p1240": 0
"p1241": 0
"p1242": 0.00022580117077907047
"p1243": 1.5053411385271363E-05
"p1244": 0
"p1245": 0
"p1246": 0.0001016105268505817
"p1247": 0
"p1248": 0.0004327855773265517
"p1249": 0.00030106822770542725
"p1250": 0.00036692690251598946
"p1251": 0.0002897781691664737
"p1252": 1.1290058538953523E-05
"p1253": 0
"p1254": 0
"p1255": 0
"p1256": 0.007739335128452641
"p1257": 0.0013566887010975815
"p1258": 0.005170846810840714
"p1259": 0.012503739831891026
"p1260": 0.003191323213677529
"p1261": 0.0001016105268505817
"p1262": 0.00141125731736919
"p1263": 0.003285407034835475
"p1264": 0.00039515204886337327
"p1265": 9.408382115794602E-06
"p1266": 0.0004911175464444783
"p1267": 0.0002483812878569775
"p1268": 3.7633528463178407E-06
"p1269": 0
"p1270": 0
"p1271": 0
"p1272": 0.006679951302214167
"p1273": 9.220214473478709E-05
"p1274": 0.007837182302456905
"p1275": 0.0058219068532537
