"p1213": 2.6343469924224887E-05
"p1214": 0.008228570998473957
"p1215": 0.0057805099719442045
"p1216": 0.0002916598455896326
"p1217": 0
"p1218": 0.0003349384033222878
"p1219": 8.655711546531032E-05
"p1220": 0.0005889647204487421
"p1221": 6.0213645541085445E-05
"p1222": 0.0006999836294151184
"p1223": 0.00030294990412858613
"p1224": 0.0013021200848259728
"p1225": 5.645029269476761E-06
"p1226": 0.0032929337405281102
"p1227": 0.0009765900636194793
"p1228": 0.0025402631712645425
"p1229": 4.516023415581409E-05
"p1230": 0.0067044130957152346
"p1231": 0.0018045276898094045
"p1232": 5.645029269476761E-05
"p1233": 0
"p1234": 7.33853805031979E-05
"p1235": 0
"p1236": 0.00017875926020009743
"p1237": 1.1290058538953523E-05
"p1238": 0.00021262943581695803
"p1239": 2.8225146347383805E-05
"p1240": 0.00012419064392848875
"p1241": 0
"p1242": 0.0005118159870992264
"p1243": 2.2580117077907045E-05
"p1244": 0.00035563684397703593
"p1245": 1.1290058538953523E-05
"p1246": 0.0015410929905671556
"p1247": 0.0001298356731979655
"p1248": 0.0019889319792789784
"p1249": 0
"p1250": 0.0008787428896152158
"p1251": 0.0009878801221584333
"p1252": 0.0024744044964539803
"p1253": 0.0006209532196424436
"p1254": 0.001748077397114637
"p1255": 0.0025195647306097938
"p1256": 0.015145613530006149
"p1257": 0.0005946097497182189
"p1258": 0.013549951923167387
"p1259": 0.020254365018882624
"p1260": 1
"p1261": 0.0028526214575089227
"p1262": 0.020354093869310048
"p1263": 0.029250659998005427
"p1264": 0.001177929440897484
"p1265": 0
"p1266": 0.000521224369215021
"p1267": 0.0002615530228190899
"p1268": 0.0023069352947928364
"p1269": 4.139688130949625E-05
"p1270": 0.0020021037142410915
"p1271": 0.0007150370408003898
"p1272": 0.00613426513949808
"p1273": 1.5053411385271363E-05
"p1274": 0.007825892243917953
"p1275": 0.005693952856478893
