"p1213": 0.018662466764890175
"p1214": 0.004632687353817262
"p1215": 0.0029956288656690015
"p1216": 0.002653163756654077
"p1217": 0.004608225560316197
"p1218": 0.0017781842198851799
"p1219": 0.00427140548057075
"p1220": 5.645029269476761E-06
"p1221": 5.080526342529084E-05
"p1222": 0
"p1223": 0
"p1224": 0.004346672537497105
"p1225": 0.011705909028471646
"p1226": 0.001183574470166961
"p1227": 0.0038292115211284034
"p1228": 0.002762300989197295
"p1229": 0.005135094958800695
"p1230": 0.0010988990311248095
"p1231": 0.0013529253482512638
"p1232": 6.774035123372114E-05
"p1233": 0
"p1234": 4.8923587002131926E-05
"p1235": 7.5267056926356815E-06
"p1236": 0
"p1237": 0
"p1238": 0
"p1239": 0
"p1240": 4.8923587002131926E-05
"p1241": 0
"p1242": 3.7633528463178407E-05
"p1243": 7.5267056926356815E-06
"p1244": 9.032046831162817E-05
"p1245": 0
"p1246": 2.6343469924224887E-05
"p1247": 3.7633528463178407E-06
"p1248": 0.002453706055799232
"p1249": 0.006226467284232867
"p1250": 0.0009765900636194797
"p1251": 0.006843657151028993
"p1252": 5.645029269476761E-06
"p1253": 3.3870175616860565E-05
"p1254": 0
"p1255": 0
"p1256": 0.0018327528361567885
"p1257": 0.005494495155624046
"p1258": 0.00045724737082761756
"p1259": 0.002389729057411829
"p1260": 0.0016163600474935124
"p1261": 0.004442638035078211
"p1262": 0.0003631635496696717
"p1263": 0.0022975269126770414
"p1264": 0.002555316582649814
"p1265": 0.0031837965079848938
"p1266": 0.001802646013386246
"p1267": 0.0013867955238681244
"p1268": 0
"p1269": 0
"p1270": 0
"p1271": 0
"p1272": 0.0025854234054203565
"p1273": 0.006239639019194979
"p1274": 0.000878742889615216
"p1275": 0.0012249713514764571
