"p1213": 0
"p1214": 0.006687478007906804
"p1215": 0.000707510335107754
"p1216": 0.0020717257418979714
"p1217": 0.00016370584881482606
"p1218": 0.007270797699086068
"p1219": 0.004920583846560576
"p1220": 0.0038913068430926475
"p1221": 0.0006774035123372113
"p1222": 0.01094947510636176
"p1223": 0.008507059109101479
"p1224": 0.00044031228301918735
"p1225": 0
"p1226": 0.003832974873974722
"p1227": 0.0012908300262870194
"p1228": 0.0009333115058868245
"p1229": 0
"p1230": 0.004094527896793811
"p1231": 0.001091372325432174
"p1232": 0.0018082910426557228
"p1233": 8.467543904215141E-05
"p1234": 0.01230051877818987
"p1235": 0.007146607055157579
"p1236": 0.002431125938721325
"p1237": 0.0003217666683601754
"p1238": 1
"p1239": 0.009331233382445087
"p1240": 0.0004723007822128891
"p1241": 0
"p1242": 0.010627708438001584
"p1243": 0.004512260062735092
"p1244": 0.0009257848001941889
"p1245": 0
"p1246": 0.01007637724601602
"p1247": 0.0023276337354475843
"p1248": 0.0010085785628131813
"p1249": 0.00010161052685058169
"p1250": 0.0031725064494459404
"p1251": 0.0024367709679908017
"p1252": 0.0028639115160478774
"p1253": 0.000666113453798258
"p1254": 0.00856350940179625
"p1255": 0.006994191264881709
"p1256": 0.00012419064392848873
"p1257": 0
"p1258": 0.0010142235920826582
"p1259": 0.0003274116976296521
"p1260": 0.0006341249546045561
"p1261": 0
"p1262": 0.0018101727190788812
"p1263": 0.0004798274879055247
"p1264": 0.0003236483447833343
"p1265": 2.8225146347383808E-05
"p1266": 0.007285851110471339
"p1267": 0.001509104491373454
"p1268": 0.0011704027352048482
"p1269": 0.0001580608195453493
"p1270": 0.01777996052242864
"p1271": 0.0032534185356417732
"p1272": 7.33853805031979E-05
"p1273": 0
"p1274": 0.0029881021599763653
"p1275": 0.000496762575713955
