"p1213": 0.010157289332211853
"p1214": 0.003539433351961929
"p1215": 0.0016709286637651213
"p1216": 0.0018007643369630866
"p1217": 0.004167913277297009
"p1218": 0.0008843879188846927
"p1219": 0.00425447039276232
"p1220": 5.645029269476761E-06
"p1221": 3.3870175616860565E-05
"p1222": 0
"p1223": 0
"p1224": 0.001198627881552232
"p1225": 0.005567880536127245
"p1226": 0.0002897781691664738
"p1227": 0.0020547906540895407
"p1228": 0.0013359902604428335
"p1229": 0.0038423832560905155
"p1230": 0.00038386199032441974
"p1231": 0.0017066805158051407
"p1232": 0.003016327306323749
"p1233": 0.005033484431950112
"p1234": 0.0018986115109673506
"p1235": 0.004373016007421331
"p1236": 5.645029269476761E-06
"p1237": 5.080526342529084E-05
"p1238": 0
"p1239": 0
"p1240": 0.005562235506857768
"p1241": 0.01362898233294006
"p1242": 0.001539211314143997
"p1243": 0.004241298657800206
"p1244": 0.003740772729239933
"p1245": 0.006614092627403605
"p1246": 0.0013284635547501978
"p1247": 0.0015900165775692876
"p1248": 0.0010932540018553326
"p1249": 0.002491339584262411
"p1250": 0.00043843060659602847
"p1251": 0.002442415997260279
"p1252": 0
"p1253": 0
"p1254": 0
"p1255": 0
"p1256": 0.0004403122830191874
"p1257": 0.001578726519030334
"p1258": 5.833196911792653E-05
"p1259": 0.0005456861627160869
"p1260": 0.00041585048951812135
"p1261": 0.0014394824637165742
"p1262": 9.22021447347871E-05
"p1263": 0.0006284799253350795
"p1264": 0.0016144783710703534
"p1265": 0.0009822350928889566
"p1266": 0.0012212079986301395
"p1267": 0.0006247165724887615
"p1268": 0
"p1269": 0
"p1270": 0
"p1271": 0
"p1272": 0.0014752343157565934
"p1273": 0.0015937799304156055
"p1274": 0.0006472966895666686
"p1275": 0.0003349384033222878
