"p1213": 0.012405892657886762
"p1214": 0.0034641662950355727
"p1215": 0.002338923793986538
"p1216": 0.000568266279793994
"p1217": 0.0018158177483483578
"p1218": 0.00017123255450746176
"p1219": 0.0003424651090149235
"p1220": 0.001038685385583724
"p1221": 0.0017913559548472918
"p1222": 0.0002671980520885667
"p1223": 0.0009464832408489368
"p1224": 0.005255522249882865
"p1225": 0.012473633009120487
"p1226": 0.0032741169762965216
"p1227": 0.0056694910629778265
"p1228": 0.005789918354059998
"p1229": 1
"p1230": 0.005099343106760674
"p1231": 0.005812498471137905
"p1232": 8.843879188846925E-05
"p1233": 7.150370408003898E-05
"p1234": 1.8816764231589203E-05
"p1235": 0
"p1236": 0.00020886608297064014
"p1237": 0.00019945770085484557
"p1238": 4.327855773265517E-05
"p1239": 2.2580117077907045E-05
"p1240": 0.0005080526342529085
"p1241": 0.0002333278764717061
"p1242": 0.0003594001968233538
"p1243": 4.516023415581409E-05
"p1244": 0.0010876089725858557
"p1245": 0.0005852013676024242
"p1246": 0.0007940674505730644
"p1247": 7.526705692635681E-05
"p1248": 8.843879188846925E-05
"p1249": 0.0004591290472507766
"p1250": 3.0106822770542726E-05
"p1251": 0.0002559079935496132
"p1252": 0.0005287510749076566
"p1253": 0.001535447961297679
"p1254": 0.0001204272910821709
"p1255": 0.0012023912343985502
"p1256": 0.0030238540120163856
"p1257": 0.009105432211666018
"p1258": 0.0015335662848745201
"p1259": 0.007494717193441981
"p1260": 0.006986664559189072
"p1261": 0.01428568740462253
"p1262": 0.004613870589585673
"p1263": 0.01551630378536846
"p1264": 0.0005626212505245172
"p1265": 0.0014921694035650236
"p1266": 0.0001467707610063958
"p1267": 9.784717400426387E-05
"p1268": 0.0018233444540409938
"p1269": 0.0027058506965025276
"p1270": 0.0004647740765202533
"p1271": 0.0006209532196424438
"p1272": 0.005716532973556801
"p1273": 0.00967558016788317
"p1274": 0.0036353988495430338
"p1275": 0.002909071750203691
