"p1213": 0.0038800167845536937
"p1214": 0.0005042892814065906
"p1215": 0.0003857436667475786
"p1216": 0.002130057711015898
"p1217": 0.005522720301971431
"p1218": 0.0014056122880997132
"p1219": 0.0044294663001161
"p1220": 0.0037313643471241402
"p1221": 0.006640436097327831
"p1222": 0.0030690142461722
"p1223": 0.007383698284475605
"p1224": 0.0007620789513793626
"p1225": 0.0033493840332228784
"p1226": 0.0002991865512822683
"p1227": 0.000969063357926844
"p1228": 0.0012644865563627942
"p1229": 0.0028563848103552412
"p1230": 0.0004214955187875982
"p1231": 0.0012870666734407015
"p1232": 0.004250707039916002
"p1233": 0.007919976065075898
"p1234": 0.002775472724159408
"p1235": 0.004453928093617164
"p1236": 0.005675136092247304
"p1237": 1
"p1238": 0.005349606071040812
"p1239": 0.0058237885296768595
"p1240": 0.0031649797437533042
"p1241": 0.008044166709004388
"p1242": 0.0013905588767144422
"p1243": 0.001938126715853688
"p1244": 0.003548841734077723
"p1245": 0.00564691094589992
"p1246": 0.001580608195453493
"p1247": 0.0015298029320282025
"p1248": 0.0009765900636194797
"p1249": 0.002628701963153012
"p1250": 0.00046289240009709436
"p1251": 0.002316343676908631
"p1252": 0.003099121068942742
"p1253": 0.005850131999601086
"p1254": 0.0017273789564598888
"p1255": 0.006864355591683743
"p1256": 0.00020133937727800447
"p1257": 0.0009032046831162818
"p1258": 5.080526342529084E-05
"p1259": 0.00026719805208856665
"p1260": 0.0005193426927918621
"p1261": 0.001317173496211244
"p1262": 0.00010913723254321737
"p1263": 0.000826055949766766
"p1264": 0.0028639115160478765
"p1265": 0.0025873050818435153
"p1266": 0.0022373132671359565
"p1267": 0.0010029335335437046
"p1268": 0.006087223228919106
"p1269": 0.0043937144480760805
"p1270": 0.006320551105390814
"p1271": 0.0025063929956476824
"p1272": 0.0012193263222069802
"p1273": 0.0013378719368659924
"p1274": 0.0005607395741013583
"p1275": 0.00017499590735377962
