"p1213": 0.0006134265139498081
"p1214": 0.007193648965736552
"p1215": 0.012210198309878236
"p1216": 3.575185204001948E-05
"p1217": 1.8816764231589203E-05
"p1218": 0.0010462120912763597
"p1219": 0.00044407563586550526
"p1220": 0.00019569434800852773
"p1221": 6.585867481056221E-05
"p1222": 0.001971996891470548
"p1223": 0.0007583155985330448
"p1224": 9.408382115794602E-06
"p1225": 3.7633528463178407E-06
"p1226": 0.0001749959073537796
"p1227": 0.00014300740816007793
"p1228": 1.3171734962112444E-05
"p1229": 9.972885042742276E-05
"p1230": 0.0005927280732950598
"p1231": 0.0002559079935496132
"p1232": 0
"p1233": 0
"p1234": 3.0106822770542726E-05
"p1235": 0
"p1236": 1.1290058538953523E-05
"p1237": 7.5267056926356815E-06
"p1238": 0.00011666393823585308
"p1239": 1.1290058538953523E-05
"p1240": 0
"p1241": 0
"p1242": 0
"p1243": 0
"p1244": 0
"p1245": 3.7633528463178407E-06
"p1246": 2.2580117077907045E-05
"p1247": 0
"p1248": 0.0006416516602971918
"p1249": 0.002926006838012121
"p1250": 0.004700427705050985
"p1251": 0.012230896750532985
"p1252": 0.0026494004038077595
"p1253": 0.007628316219486263
"p1254": 0.008732860279880551
"p1255": 0.01929282836664841
"p1256": 0.0001298356731979655
"p1257": 0.0006529417188361453
"p1258": 0.0025985951403824687
"p1259": 0.007901159300844307
"p1260": 0.0001204272910821709
"p1261": 0.0009709450343500028
"p1262": 0.0022279048850201615
"p1263": 0.004325974096842357
"p1264": 0.0001373623788906012
"p1265": 0.0003876253431707376
"p1266": 0.0019193099516220987
"p1267": 0.004102054602486447
"p1268": 0.0005494495155624048
"p1269": 0.0007997124798425411
"p1270": 0.005432399833659803
"p1271": 0.006027009583378023
"p1272": 3.575185204001949E-05
"p1273": 8.27937626189925E-05
"p1274": 0.0005080526342529085
"p1275": 0.0022711834427528166
