"p1213": 1.1290058538953523E-05
"p1214": 0.021912121947685628
"p1215": 0.005041011137642748
"p1216": 0.0001034922032737406
"p1217": 0
"p1218": 0.0004666557529434123
"p1219": 1.5053411385271363E-05
"p1220": 0
"p1221": 0
"p1222": 0
"p1223": 0
"p1224": 8.655711546531033E-05
"p1225": 0
"p1226": 0.003010682277054272
"p1227": 0.0005870830440255833
"p1228": 9.408382115794602E-06
"p1229": 0
"p1230": 0.0013378719368659921
"p1231": 0.00011290058538953522
"p1232": 3.7633528463178407E-06
"p1233": 0
"p1234": 1.1290058538953523E-05
"p1235": 0
"p1236": 0
"p1237": 0
"p1238": 0
"p1239": 0
"p1240": 7.5267056926356815E-06
"p1241": 0
"p1242": 0.00016182417239166716
"p1243": 1.1290058538953523E-05
"p1244": 0
"p1245": 0
"p1246": 4.139688130949625E-05
"p1247": 0
"p1248": 0.0009144947416552351
"p1249": 0
"p1250": 0.0023803206752960344
"p1251": 0.0005870830440255832
"p1252": 0
"p1253": 0
"p1254": 9.596549758110495E-05
"p1255": 1.1290058538953523E-05
"p1256": 0.009246557943402935
"p1257": 0.0010368037091605651
"p1258": 0.032940627463820066
"p1259": 0.021912121947685628
"p1260": 0.001337871936865992
"p1261": 4.139688130949625E-05
"p1262": 0.011427420917844123
"p1263": 0.005041011137642747
"p1264": 9.784717400426387E-05
"p1265": 0
"p1266": 0.0012061545872448683
"p1267": 0.00011290058538953523
"p1268": 0
"p1269": 0
"p1270": 0
"p1271": 0
"p1272": 0.001206154587244868
"p1273": 0
"p1274": 0.013100231258032405
"p1275": 0.005041011137642748
