"p1213": 8.843879188846925E-05
"p1214": 0.0034039526494944864
"p1215": 0.004551775267621428
"p1216": 0.00019757602443168666
"p1217": 0.0010179869449289758
"p1218": 0.0007827773920341108
"p1219": 0.0011195974717795574
"p1220": 0
"p1221": 0
"p1222": 2.4461793501065963E-05
"p1223": 0.0001373623788906012
"p1224": 0.0025327364655719073
"p1225": 0.005767338236982091
"p1226": 0.007901159300844307
"p1227": 0.019162992693450454
"p1228": 0.0006209532196424438
"p1229": 0.0015260395791818844
"p1230": 0.0035112082056145454
"p1231": 0.007349828108858744
"p1232": 0.00021262943581695803
"p1233": 0.0009502465936952547
"p1234": 0.0015843715482998105
"p1235": 0.001979523597163184
"p1236": 0
"p1237": 0
"p1238": 8.843879188846925E-05
"p1239": 0.0003387017561686057
"p1240": 0.0020378555662811104
"p1241": 0.004698546028627824
"p1242": 0.01798506325255297
"p1243": 1
"p1244": 0.00037633528463178407
"p1245": 0.0007037469822614361
"p1246": 0.009178817592169215
"p1247": 0.010940066724245969
"p1248": 0.00011666393823585307
"p1249": 0.0006698768066445757
"p1250": 0.0002559079935496132
"p1251": 0.0004929992228676371
"p1252": 0
"p1253": 0
"p1254": 5.645029269476761E-06
"p1255": 3.010682277054273E-05
"p1256": 0.0018722680410431253
"p1257": 0.003825448168282086
"p1258": 0.004181085012259122
"p1259": 0.011675802205701106
"p1260": 0.00040079707813285006
"p1261": 0.0009502465936952547
"p1262": 0.001326581878327039
"p1263": 0.00402678754556009
"p1264": 0.00018628596589273313
"p1265": 0.0005475678391392457
"p1266": 0.0016878637515735516
"p1267": 0.0015410929905671558
"p1268": 0
"p1269": 0
"p1270": 5.080526342529084E-05
"p1271": 0.0002314462000485472
"p1272": 0.002122531005323262
"p1273": 0.001313410143364926
"p1274": 0.01345963145485576
"p1275": 0.00819093747001078
