"p1213": 0.0008580444489604676
"p1214": 0.011235489922681913
"p1215": 0.010731200641275324
"p1216": 0.000922021447347871
"p1217": 0.002720904107887798
"p1218": 0.0023539772053718096
"p1219": 0.005917872350834805
"p1220": 0
"p1221": 3.3870175616860565E-05
"p1222": 5.645029269476761E-06
"p1223": 1.6935087808430282E-05
"p1224": 0.0003368200797454467
"p1225": 0.0014582992279481633
"p1226": 0.001437600787293415
"p1227": 0.006578340775363585
"p1228": 0.00021827446508643471
"p1229": 0.00106314717908479
"p1230": 0.0016238867531861486
"p1231": 0.004418176241577146
"p1232": 0.0009954068278510688
"p1233": 0.0022504850020980682
"p1234": 0.004367370978151854
"p1235": 0.007327247991780837
"p1236": 0
"p1237": 4.139688130949625E-05
"p1238": 5.645029269476761E-06
"p1239": 3.0106822770542726E-05
"p1240": 0.00048359084075184255
"p1241": 0.0019776419207400246
"p1242": 0.006965966118534324
"p1243": 0.01607516168304666
"p1244": 0.00021827446508643474
"p1245": 0.0006755218359140525
"p1246": 0.004877305288827922
"p1247": 0.00751165228125041
"p1248": 0.0006322432781813972
"p1249": 0.001462062580794481
"p1250": 0.0012776582913249068
"p1251": 0.003437822825111347
"p1252": 0
"p1253": 0
"p1254": 0
"p1255": 0
"p1256": 0.0001204272910821709
"p1257": 0.00046289240009709447
"p1258": 0.00045348401798129986
"p1259": 0.0018252261304641526
"p1260": 9.22021447347871E-05
"p1261": 0.00041020546024864466
"p1262": 0.0004610107236739355
"p1263": 0.00158625322472297
"p1264": 0.0004327855773265517
"p1265": 0.00012419064392848873
"p1266": 0.002412309174489736
"p1267": 0.001445127492986051
"p1268": 0
"p1269": 0
"p1270": 0
"p1271": 0
"p1272": 0.0001392440553137601
"p1273": 8.655711546531033E-05
"p1274": 0.002052908977666382
"p1275": 0.0017838292491546563
