"p1213": 0
"p1214": 0.012714487591284827
"p1215": 0.0026512820802309187
"p1216": 0.0009690633579268438
"p1217": 0
"p1218": 0.002559079935496131
"p1219": 0.000641651660297192
"p1220": 0
"p1221": 0
"p1222": 0.0003594001968233538
"p1223": 1.1290058538953523E-05
"p1224": 0.00453295850338984
"p1225": 0.0004403122830191874
"p1226": 1
"p1227": 0.015493723668290552
"p1228": 0.0007112736879540719
"p1229": 0
"p1230": 0.011681447234970582
"p1231": 0.003989154017096911
"p1232": 3.198849919370165E-05
"p1233": 0
"p1234": 0.0003669269025159895
"p1235": 4.139688130949625E-05
"p1236": 0
"p1237": 0
"p1238": 5.6450292694767617E-05
"p1239": 0
"p1240": 6.962202765688005E-05
"p1241": 1.1290058538953523E-05
"p1242": 0.002466877790761345
"p1243": 6.585867481056221E-05
"p1244": 0
"p1245": 0
"p1246": 0.001815817748348358
"p1247": 7.33853805031979E-05
"p1248": 0.0013623337303670584
"p1249": 0
"p1250": 0.0019494167743926412
"p1251": 0.0003424651090149235
"p1252": 0
"p1253": 0
"p1254": 9.220214473478709E-05
"p1255": 0
"p1256": 0.00814389555943181
"p1257": 0.0016878637515735516
"p1258": 0.024126855097743687
"p1259": 0.02058554006935859
"p1260": 0.0021131226232074672
"p1261": 0.00016935087808430283
"p1262": 0.009651118374382104
"p1263": 0.006408989897279283
"p1264": 0.0006717584830677346
"p1265": 0
"p1266": 0.004487798269234025
"p1267": 0.0005080526342529085
"p1268": 0
"p1269": 0
"p1270": 0.00038762534317073765
"p1271": 0
"p1272": 0.002429244262298166
"p1273": 0.0001392440553137601
"p1274": 0.03268095611742414
"p1275": 0.010904314872205945
