"p1213": 0.0004346672537497106
"p1214": 0.028612771690554546
"p1215": 0.01944148080407797
"p1216": 3.575185204001949E-05
"p1217": 0
"p1218": 2.2580117077907045E-05
"p1219": 3.7633528463178407E-06
"p1220": 6.209532196424438E-05
"p1221": 1.1290058538953523E-05
"p1222": 0.00011101890896637629
"p1223": 9.408382115794602E-05
"p1224": 0.00013924405531376012
"p1225": 0
"p1226": 0.0002239194943559115
"p1227": 9.972885042742278E-05
"p1228": 0.00039891540170969113
"p1229": 0
"p1230": 0.0008505177432678319
"p1231": 0.00047606413505920677
"p1232": 0.00011666393823585304
"p1233": 0
"p1234": 0.00015429746669903146
"p1235": 3.7633528463178407E-06
"p1236": 0.00016935087808430283
"p1237": 7.5267056926356815E-06
"p1238": 0.00034058343259176464
"p1239": 0.00011101890896637629
"p1240": 0.0005287510749076566
"p1241": 0
"p1242": 0.0011628760295122127
"p1243": 0.00033870175616860566
"p1244": 0.0007188003936467075
"p1245": 0
"p1246": 0.0022937635598307238
"p1247": 0.0006585867481056221
"p1248": 0.00036880857893914834
"p1249": 0
"p1250": 0.00022203781793275263
"p1251": 0.00016935087808430283
"p1252": 0.0005532128684087225
"p1253": 0.0002878964927433148
"p1254": 0.00037257193178546626
"p1255": 0.0004327855773265518
"p1256": 0.005398529658042942
"p1257": 0.0002013393772780045
"p1258": 0.002224141532173844
"p1259": 0.005042892814065906
"p1260": 0.006232112313502345
"p1261": 0.001179811117320643
"p1262": 0.00400985245775166
"p1263": 0.009558916229647314
"p1264": 0.0011290058538953522
"p1265": 0
"p1266": 0.0006811668651835292
"p1267": 0.0005136976635223853
"p1268": 0.0011139524425100807
"p1269": 0.00017875926020009743
"p1270": 0.0008486360668446731
"p1271": 0.0008072391855351768
"p1272": 0.009197634356400803
"p1273": 0.00013359902604428335
"p1274": 0.006664897890828896
"p1275": 0.00976213728334848
