"p1213": 0.001059383826238472
"p1214": 0.012714487591284827
"p1215": 0.01749582738253164
"p1216": 0.0001731142309306207
"p1217": 5.456861627160868E-05
"p1218": 0.0015749631661840162
"p1219": 0.0006416516602971918
"p1220": 0
"p1221": 1.3171734962112442E-05
"p1222": 1.3171734962112444E-05
"p1223": 4.139688130949625E-05
"p1224": 5.080526342529084E-05
"p1225": 1.6935087808430282E-05
"p1226": 0.0006886935708761647
"p1227": 0.0003424651090149236
"p1228": 3.575185204001949E-05
"p1229": 0.00010349220327374062
"p1230": 0.0011741660880511661
"p1231": 0.0005080526342529085
"p1232": 1.1290058538953523E-05
"p1233": 7.5267056926356815E-06
"p1234": 9.784717400426385E-05
"p1235": 1.1290058538953523E-05
"p1236": 0
"p1237": 0
"p1238": 0
"p1239": 0
"p1240": 0
"p1241": 0
"p1242": 1.8816764231589203E-05
"p1243": 0
"p1244": 0
"p1245": 3.7633528463178407E-06
"p1246": 5.2686939848449775E-05
"p1247": 0
"p1248": 0.0023652672639107625
"p1249": 0.0066404360973278285
"p1250": 0.006525653835515137
"p1251": 0.015493723668290552
"p1252": 0
"p1253": 0.00010913723254321738
"p1254": 1.5053411385271363E-05
"p1255": 6.585867481056221E-05
"p1256": 0.0007470255399940914
"p1257": 0.0034566395893429365
"p1258": 0.007515415634096729
"p1259": 0.02058554006935859
"p1260": 0.0005061709578297497
"p1261": 0.0020547906540895407
"p1262": 0.0055057852141630025
"p1263": 0.010904314872205945
"p1264": 0.0003838619903244198
"p1265": 0.0005268693984844977
"p1266": 0.0040249058691369305
"p1267": 0.0039891540170969115
"p1268": 0
"p1269": 1.1290058538953523E-05
"p1270": 1.8816764231589207E-05
"p1271": 7.33853805031979E-05
"p1272": 0.0002803697870506791
"p1273": 0.0006397699838740329
"p1274": 0.0023671489403339217
"p1275": 0.006408989897279283
