"p1213": 1.5053411385271363E-05
"p1214": 0.01528673926174307
"p1215": 0.007611381131677834
"p1216": 0.0030897126868269474
"p1217": 0.0005400411334466101
"p1218": 0.0037558261406252054
"p1219": 0.006111685022420174
"p1220": 3.0106822770542726E-05
"p1221": 2.0698440654748124E-05
"p1222": 1.8816764231589204E-06
"p1223": 3.7633528463178407E-06
"p1224": 0.008446845463560393
"p1225": 0.00013359902604428335
"p1226": 0.00531573589542395
"p1227": 0.007765678598376865
"p1228": 0.00406065772117695
"p1229": 0
"p1230": 0.0033268039161449712
"p1231": 0.003356910738915514
"p1232": 0
"p1233": 0
"p1234": 0.0001279539967748066
"p1235": 7.5267056926356815E-06
"p1236": 0
"p1237": 0
"p1238": 0
"p1239": 0
"p1240": 0
"p1241": 0
"p1242": 9.784717400426385E-05
"p1243": 7.5267056926356815E-06
"p1244": 0
"p1245": 0
"p1246": 0.00011666393823585308
"p1247": 3.7633528463178407E-06
"p1248": 0.003974100605711639
"p1249": 0.001275776614901748
"p1250": 0.002713377402195163
"p1251": 0.008309483084669793
"p1252": 1.6935087808430282E-05
"p1253": 1.6935087808430282E-05
"p1254": 1.8816764231589204E-06
"p1255": 3.7633528463178407E-06
"p1256": 0.0037652345227409995
"p1257": 8.091208619583358E-05
"p1258": 0.002429244262298166
"p1259": 0.004214955187875982
"p1260": 0.003460402942189255
"p1261": 0.00018064093662325636
"p1262": 0.0014959327564113415
"p1263": 0.003656097290197782
"p1264": 0.002086779153283243
"p1265": 7.33853805031979E-05
"p1266": 0.004245062010646524
"p1267": 0.0029429419258205514
"p1268": 0
"p1269": 0
"p1270": 0
"p1271": 0
"p1272": 0.004653385794472009
"p1273": 1.88167642315892E-05
"p1274": 0.0035958836446566968
"p1275": 0.002903426720934214
