"p1213": 0
"p1214": 0.00847130725706146
"p1215": 0.004167913277297009
"p1216": 0.004324092420419199
"p1217": 0.00013359902604428335
"p1218": 0.0031837965079848938
"p1219": 0.005754166502019979
"p1220": 0.0037257193178546625
"p1221": 0.0005607395741013582
"p1222": 0.004943163963638484
"p1223": 0.006486138630628799
"p1224": 0.004258233745608637
"p1225": 0
"p1226": 0.001956943480085277
"p1227": 0.0027679460184667714
"p1228": 0.0019306000101610523
"p1229": 0
"p1230": 0.0012757766149017482
"p1231": 0.0011835744701669607
"p1232": 0
"p1233": 0
"p1234": 7.903040977267465E-05
"p1235": 7.5267056926356815E-06
"p1236": 0
"p1237": 0
"p1238": 0.00019945770085484557
"p1239": 7.5267056926356815E-06
"p1240": 0
"p1241": 0
"p1242": 1.1290058538953523E-05
"p1243": 0
"p1244": 0
"p1245": 0
"p1246": 5.268693984844977E-05
"p1247": 3.7633528463178407E-06
"p1248": 0.0024593510850687093
"p1249": 0.0001825226130464153
"p1250": 0.0014263107287544614
"p1251": 0.003808513080473655
"p1252": 0.005688307827209416
"p1253": 0.0012927117027101784
"p1254": 0.0036692690251598947
"p1255": 0.00983175931100536
"p1256": 0.0010575021498153132
"p1257": 0
"p1258": 0.0005870830440255831
"p1259": 0.0008881512717310105
"p1260": 0.0013623337303670581
"p1261": 7.903040977267465E-05
"p1262": 0.0006171898667961258
"p1263": 0.0011478226181269415
"p1264": 0.002833804693277334
"p1265": 1.88167642315892E-05
"p1266": 0.0024725228200308215
"p1267": 0.0024442976736834374
"p1268": 0.0031762698022922576
"p1269": 7.33853805031979E-05
"p1270": 0.006186952079346531
"p1271": 0.004130279748833831
"p1272": 0.0019155465987757804
"p1273": 0
"p1274": 0.0008730978603457392
"p1275": 0.0006040181318340134
