"p1213": 0.00029354152201279153
"p1214": 0.0034434678543808243
"p1215": 0.008237979380589754
"p1216": 7.526705692635681E-05
"p1217": 0.00026907972851172553
"p1218": 0.0006510600424129866
"p1219": 0.0004967625757139552
"p1220": 0
"p1221": 0
"p1222": 3.7633528463178407E-05
"p1223": 0.00013548070246744229
"p1224": 0.0009032046831162815
"p1225": 0.00060966316110349
"p1226": 0.006136146815921239
"p1227": 0.0027340758428499113
"p1228": 8.843879188846924E-05
"p1229": 6.397699838740328E-05
"p1230": 0.004384306065960285
"p1231": 0.002408545821643418
"p1232": 2.2580117077907045E-05
"p1233": 6.209532196424436E-05
"p1234": 0.00019945770085484557
"p1235": 0.00013548070246744229
"p1236": 0
"p1237": 0
"p1238": 7.5267056926356815E-06
"p1239": 3.7633528463178407E-05
"p1240": 0.0002427362585875007
"p1241": 0.00014112573173691902
"p1242": 0.001228734704322775
"p1243": 0.00034999181470755914
"p1244": 0
"p1245": 0
"p1246": 0.0005776746619097885
"p1247": 0.00027284308135804345
"p1248": 0.0004214955187875982
"p1249": 0.002690797285117257
"p1250": 0.0017066805158051407
"p1251": 0.0027340758428499113
"p1252": 0
"p1253": 0
"p1254": 7.714873334951573E-05
"p1255": 0.0003499918147075592
"p1256": 0.0064466234257424615
"p1257": 0.014976262651921847
"p1258": 0.024194595448977407
"p1259": 1
"p1260": 0.0012588415270933175
"p1261": 0.003044552452671133
"p1262": 0.009939014867125421
"p1263": 0.017906032842780292
"p1264": 0.0001373623788906012
"p1265": 0.0005099343106760674
"p1266": 0.0018967298345441916
"p1267": 0.002408545821643418
"p1268": 0
"p1269": 0
"p1270": 5.4568616271608685E-05
"p1271": 0.00027284308135804345
"p1272": 0.0018515696003883776
"p1273": 0.002094305858975878
"p1274": 0.01567436460491381
"p1275": 0.017906032842780292
