"p1213": 0.005112514841722787
"p1214": 0.0009577732993878904
"p1215": 0.0006077814846803313
"p1216": 0.0032270750657175497
"p1217": 0.005532128684087227
"p1218": 0.0026550454330772372
"p1219": 0.00707886670392386
"p1220": 6.397699838740328E-05
"p1221": 0.0003217666683601754
"p1222": 0
"p1223": 0
"p1224": 0.0021055959175148315
"p1225": 0.007696056570719987
"p1226": 0.0010800822668932204
"p1227": 0.003951520488633733
"p1228": 0.0029034267209342144
"p1229": 0.006130501786651763
"p1230": 0.0016201234003398303
"p1231": 0.0036278721438503985
"p1232": 0.0043071573326107695
"p1233": 1
"p1234": 0.0041133446610254
"p1235": 0.005477560067815619
"p1236": 0.00012607232035164768
"p1237": 0.00044972066513498195
"p1238": 0
"p1239": 0
"p1240": 0.007161660466542851
"p1241": 0.01606575330093087
"p1242": 0.004032432574829567
"p1243": 0.006416516602971919
"p1244": 0.006508718747706706
"p1245": 0.009747083871963212
"p1246": 0.003927058695132667
"p1247": 0.0029297701908584384
"p1248": 0.002512038024917159
"p1249": 0.004653385794472011
"p1250": 0.001576844842607175
"p1251": 0.006358184633853993
"p1252": 1.1290058538953523E-05
"p1253": 8.655711546531035E-05
"p1254": 0
"p1255": 0
"p1256": 0.0009709450343500031
"p1257": 0.003025735688439544
"p1258": 0.00026907972851172564
"p1259": 0.0016088333418008771
"p1260": 0.0014018489352533958
"p1261": 0.003328685592568131
"p1262": 0.0005456861627160869
"p1263": 0.002417954203759213
"p1264": 0.004568710355429859
"p1265": 0.00303326239413218
"p1266": 0.00495069066933112
"p1267": 0.0022053247679422548
"p1268": 0.00010161052685058171
"p1269": 0.00043278557732655173
"p1270": 0
"p1271": 0
"p1272": 0.0033117505047596998
"p1273": 0.003153689685214351
"p1274": 0.0024066641452202588
"p1275": 0.0009144947416552353
