"p1213": 0.021392779254893766
"p1214": 0.0096925152556916
"p1215": 0.00515955675230176
"p1216": 0.00033870175616860566
"p1217": 0.001435719110870256
"p1218": 9.220214473478709E-05
"p1219": 0.0001900493187390509
"p1220": 0.0005325144277539744
"p1221": 0.001153467647396418
"p1222": 8.843879188846925E-05
"p1223": 0.00035375516755387695
"p1224": 0.004145333160219102
"p1225": 0.011081192455982884
"p1226": 0.0012682499092091125
"p1227": 0.004105817955332764
"p1228": 0.0040738294561390625
"p1229": 0.007203057347852347
"p1230": 0.002444297673683438
"p1231": 0.004534840179812999
"p1232": 7.5267056926356815E-06
"p1233": 0
"p1234": 0
"p1235": 0
"p1236": 1.5053411385271363E-05
"p1237": 0
"p1238": 0
"p1239": 3.7633528463178407E-06
"p1240": 5.6450292694767617E-05
"p1241": 0
"p1242": 3.387017561686057E-05
"p1243": 7.5267056926356815E-06
"p1244": 0.0001279539967748066
"p1245": 0
"p1246": 7.903040977267465E-05
"p1247": 7.5267056926356815E-06
"p1248": 9.408382115794602E-06
"p1249": 0.0002521446407032953
"p1250": 0
"p1251": 0.00011478226181269415
"p1252": 0.00014112573173691902
"p1253": 0.0010048152099668636
"p1254": 5.456861627160869E-05
"p1255": 0.00020133937727800447
"p1256": 0.0014564175515250043
"p1257": 0.005108751488876469
"p1258": 0.0003217666683601754
"p1259": 0.0031367545974059206
"p1260": 0.00388754349024633
"p1261": 0.009513755995491502
"p1262": 0.0014056122880997137
"p1263": 0.007844709008149538
"p1264": 0.00013548070246744229
"p1265": 0.0005701479562171528
"p1266": 3.387017561686057E-05
"p1267": 1.6935087808430282E-05
"p1268": 0.0002747247577812024
"p1269": 0.0006416516602971918
"p1270": 6.209532196424438E-05
"p1271": 0.0001542974666990315
"p1272": 0.0025534349062266543
"p1273": 0.0058520136760242415
"p1274": 0.0007846590684572697
"p1275": 0.0012720132620554299
