"p1213": 3.7633528463178407E-06
"p1214": 0.003093476039673265
"p1215": 0.002478167849300298
"p1216": 0.0004534840179812999
"p1217": 6.0213645541085445E-05
"p1218": 0.00066235010095194
"p1219": 0.00030294990412858613
"p1220": 0.00013548070246744229
"p1221": 0
"p1222": 3.7633528463178407E-05
"p1223": 0
"p1224": 0.0021733362687485526
"p1225": 4.704191057897301E-05
"p1226": 0.006450386778588781
"p1227": 0.002150756151670646
"p1228": 0.002259893384213863
"p1229": 3.7633528463178407E-06
"p1230": 0.004538603532659315
"p1231": 0.0008825062424615336
"p1232": 0.00014112573173691905
"p1233": 1.1290058538953523E-05
"p1234": 0.0002051027301243223
"p1235": 2.8225146347383805E-05
"p1236": 3.7633528463178407E-05
"p1237": 0
"p1238": 7.5267056926356815E-06
"p1239": 0
"p1240": 0.00027096140493488457
"p1241": 1.1290058538953523E-05
"p1242": 0.0014658259336407988
"p1243": 0.00015241579027587253
"p1244": 0.00027284308135804345
"p1245": 0
"p1246": 0.0006679951302214167
"p1247": 0
"p1248": 0.0023389237939865377
"p1249": 0.0006209532196424436
"p1250": 0.0017217339271904122
"p1251": 0.0025195647306097938
"p1252": 0.0003499918147075592
"p1253": 0
"p1254": 6.585867481056221E-05
"p1255": 1.1290058538953523E-05
"p1256": 1
"p1257": 0.0032176666836017534
"p1258": 0.027677578508244566
"p1259": 0.04268394798293697
"p1260": 0.010746254052660595
"p1261": 0.00022956452362538833
"p1262": 0.01039249888510672
"p1263": 0.010973936899862827
"p1264": 0.0020679623890516538
"p1265": 4.139688130949625E-05
"p1266": 0.0019475350979694826
"p1267": 0.0007150370408003898
"p1268": 0.00027284308135804345
"p1269": 0
"p1270": 5.4568616271608685E-05
"p1271": 0
"p1272": 0.009844931045967474
"p1273": 8.091208619583357E-05
"p1274": 0.01794366637124347
"p1275": 0.010780124228277456
