"p1213": 9.032046831162818E-05
"p1214": 0.03665882007598208
"p1215": 0.010388735532260399
"p1216": 5.645029269476761E-06
"p1217": 0
"p1218": 0.00022956452362538827
"p1219": 0
"p1220": 0.00010913723254321736
"p1221": 0
"p1222": 0.0004666557529434123
"p1223": 1.5053411385271363E-05
"p1224": 2.0698440654748124E-05
"p1225": 0
"p1226": 0.001584371548299811
"p1227": 0.0002653163756654078
"p1228": 6.397699838740328E-05
"p1229": 0
"p1230": 0.002856384810355241
"p1231": 0.0005607395741013582
"p1232": 0
"p1233": 0
"p1234": 3.7633528463178407E-06
"p1235": 0
"p1236": 3.7633528463178407E-06
"p1237": 0
"p1238": 1.1290058538953523E-05
"p1239": 0
"p1240": 0
"p1241": 0
"p1242": 3.0106822770542726E-05
"p1243": 0
"p1244": 7.5267056926356815E-06
"p1245": 0
"p1246": 0.00016935087808430283
"p1247": 1.1290058538953523E-05
"p1248": 0.00021074775939379904
"p1249": 0
"p1250": 0.0019512984508158002
"p1251": 0.00034246510901492347
"p1252": 0.0010687922083542664
"p1253": 0
"p1254": 0.002485694554992934
"p1255": 0.0006058998082571723
"p1256": 0.003358792415338672
"p1257": 0.0001373623788906012
"p1258": 0.018054685280209842
"p1259": 0.009799770811811659
"p1260": 0.00677779847621843
"p1261": 0.0009408382115794601
"p1262": 0.020673978861247062
"p1263": 0.015311201055244136
"p1264": 3.7633528463178407E-06
"p1265": 0
"p1266": 0.0006642317773750988
"p1267": 7.526705692635681E-05
"p1268": 0.00012607232035164768
"p1269": 0
"p1270": 0.0012419064392848876
"p1271": 0.00011290058538953523
"p1272": 0.0004704191057897301
"p1273": 0
"p1274": 0.006361947986700309
"p1275": 0.0022693017663296578
