"p1213": 0.0021733362687485526
"p1214": 0.022627158988486024
"p1215": 0.024911514166200948
"p1216": 5.645029269476761E-06
"p1217": 0.0001749959073537796
"p1218": 0.00043090390090339274
"p1219": 0.0014695892864871165
"p1220": 7.338538050319788E-05
"p1221": 0.0006284799253350792
"p1222": 0.0005946097497182188
"p1223": 0.0010405670620068828
"p1224": 0.00044783898871182307
"p1225": 0.0018779130703126018
"p1226": 0.005174610163687032
"p1227": 0.013209368490575623
"p1228": 0.0011158341189332396
"p1229": 0.0025101563484939996
"p1230": 0.005923517380104282
"p1231": 0.009677461844306328
"p1232": 0
"p1233": 0
"p1234": 7.5267056926356815E-06
"p1235": 0
"p1236": 0
"p1237": 3.7633528463178407E-06
"p1238": 1.5053411385271363E-05
"p1239": 0
"p1240": 3.7633528463178407E-06
"p1241": 3.7633528463178407E-06
"p1242": 8.655711546531033E-05
"p1243": 3.7633528463178407E-06
"p1244": 3.7633528463178407E-06
"p1245": 3.7633528463178407E-06
"p1246": 0.00020322105370116337
"p1247": 3.7633528463178407E-06
"p1248": 0
"p1249": 0.0001110189089663763
"p1250": 9.408382115794602E-06
"p1251": 0.00025402631712645424
"p1252": 1.8816764231589204E-06
"p1253": 0.0007658423042256805
"p1254": 0.00019569434800852773
"p1255": 0.0007131553643772309
"p1256": 0.00033117505047597
"p1257": 0.0016577569288030087
"p1258": 0.0016464668702640553
"p1259": 0.00620388716715496
"p1260": 0.0016953904572661873
"p1261": 0.005189663575072301
"p1262": 0.004651504118048851
"p1263": 0.012974158937680757
"p1264": 0
"p1265": 7.5267056926356815E-06
"p1266": 0.00016935087808430283
"p1267": 0.0005795563383329473
"p1268": 3.7633528463178407E-06
"p1269": 0.00021262943581695798
"p1270": 0.0003368200797454468
"p1271": 0.0006454150131435098
"p1272": 0.00024838128785697745
"p1273": 0.0005532128684087226
"p1274": 0.003187559860831211
"p1275": 0.006461676837127734
