"p1213": 0.00012042729108217089
"p1214": 0.019326698542265274
"p1215": 0.005957387555721143
"p1216": 0.0003368200797454468
"p1217": 0
"p1218": 0.00021262943581695803
"p1219": 0.00016935087808430283
"p1220": 0.0004534840179812998
"p1221": 0.00022580117077907044
"p1222": 0.00029730487485910944
"p1223": 0.00034811013828440026
"p1224": 0.00446333647573296
"p1225": 0.00016182417239166713
"p1226": 0.0018383978654262648
"p1227": 0.004169794953720167
"p1228": 0.003898833548785283
"p1229": 0.0008091208619583357
"p1230": 0.0029956288656690015
"p1231": 0.006472966895666687
"p1232": 0.0010744372376237435
"p1233": 0
"p1234": 0.0006322432781813973
"p1235": 0.0004986442521371138
"p1236": 0.0009069680359625995
"p1237": 0.00017875926020009743
"p1238": 0.0006058998082571724
"p1239": 0.0007545522456867272
"p1240": 0.008559746048949927
"p1241": 0.00013359902604428335
"p1242": 0.006119211728112809
"p1243": 0.009374511940177743
"p1244": 0.006514363776976183
"p1245": 0.0005400411334466101
"p1246": 0.007244454229161844
"p1247": 0.008937963010004872
"p1248": 3.951520488633733E-05
"p1249": 0
"p1250": 1.8816764231589203E-05
"p1251": 5.645029269476761E-06
"p1252": 9.408382115794602E-05
"p1253": 5.6450292694767617E-05
"p1254": 9.22021447347871E-05
"p1255": 0.000118545614659012
"p1256": 0.0010330403563142475
"p1257": 3.9515204886337324E-05
"p1258": 0.0004647740765202533
"p1259": 0.0009991701806973865
"p1260": 0.0027397208721193877
"p1261": 0.0003706902553623073
"p1262": 0.0015072228149502953
"p1263": 0.0036335171731198754
"p1264": 9.032046831162818E-05
"p1265": 0
"p1266": 8.27937626189925E-05
"p1267": 3.010682277054273E-05
"p1268": 0.0001486524374295547
"p1269": 0
"p1270": 0.00023520955289486501
"p1271": 9.784717400426385E-05
"p1272": 0.001138414236011147
"p1273": 0
"p1274": 0.0017160888979209353
"p1275": 0.0007489072164172504
