"p1213": 0.011751069262627456
"p1214": 0.0014432458165628919
"p1215": 0.0012343797335922517
"p1216": 0.00073197212860882
"p1217": 0.00041396881309496247
"p1218": 0.0003706902553623073
"p1219": 7.714873334951574E-05
"p1220": 0.001277658291324907
"p1221": 0.0006021364554108545
"p1222": 0.0008373460083057195
"p1223": 0.0002577896699727721
"p1224": 0.0001486524374295547
"p1225": 0.00013736237889060116
"p1226": 3.387017561686057E-05
"p1227": 1.1290058538953523E-05
"p1228": 0.0005024076049834317
"p1229": 0.0002559079935496132
"p1230": 9.408382115794602E-05
"p1231": 0.00011478226181269412
"p1232": 1.8816764231589203E-05
"p1233": 0
"p1234": 1.1290058538953523E-05
"p1235": 0
"p1236": 6.021364554108545E-05
"p1237": 0
"p1238": 6.774035123372113E-05
"p1239": 1.8816764231589203E-05
"p1240": 0
"p1241": 0
"p1242": 0
"p1243": 0
"p1244": 2.2580117077907045E-05
"p1245": 0
"p1246": 0
"p1247": 3.7633528463178407E-06
"p1248": 0.003774642904856795
"p1249": 0.00970380531423055
"p1250": 0.0012550781742469998
"p1251": 0.005882120498794786
"p1252": 0.006544470599746726
"p1253": 0.01374940962402223
"p1254": 0.0033418573275302427
"p1255": 0.011751069262627456
"p1256": 0.002258011707790704
"p1257": 0.007142843702311264
"p1258": 0.00038198031390126086
"p1259": 0.0014432458165628919
"p1260": 0.0018101727190788814
"p1261": 0.004036195927675883
"p1262": 0.0004610107236739355
"p1263": 0.001234379733592252
"p1264": 0.0015354479612976787
"p1265": 0.003620345438157763
"p1266": 0.00045348401798129976
"p1267": 0.0009370748587331423
"p1268": 0.003620345438157763
"p1269": 0.0049789158156785035
"p1270": 0.0021846263272875064
"p1271": 0.001510986167796613
"p1272": 0.00045348401798129976
"p1273": 0.0021846263272875064
"p1274": 6.585867481056221E-05
"p1275": 0.00015429746669903146
