"p1213": 0.00906591700677968
"p1214": 0.0008467543904215141
"p1215": 0.0009634183286573671
"p1216": 0.0019870503028558196
"p1217": 0.0010311586798910884
"p1218": 0.001774420867038862
"p1219": 0.0010066968863900222
"p1220": 4.704191057897301E-05
"p1221": 0.00017123255450746176
"p1222": 0
"p1223": 0
"p1224": 0.0017198522507672527
"p1225": 0.0010480937676995187
"p1226": 0.0012174446457838214
"p1227": 0.00035940019682335385
"p1228": 0.003251536859218615
"p1229": 0.0023991374395276235
"p1230": 0.0017367873385756836
"p1231": 0.0003462284618612413
"p1232": 0.0004760641350592069
"p1233": 0.00019381267158536883
"p1234": 0.0005306327513308156
"p1235": 0.0001580608195453493
"p1236": 1.1290058538953523E-05
"p1237": 5.080526342529086E-05
"p1238": 0
"p1239": 0
"p1240": 0.00015617914312219037
"p1241": 6.774035123372114E-05
"p1242": 0.00014677076100639576
"p1243": 2.2580117077907045E-05
"p1244": 0.0005231060456381799
"p1245": 0.00031423996266753977
"p1246": 0.00021451111224011693
"p1247": 3.7633528463178407E-05
"p1248": 0.008793073925421635
"p1249": 1
"p1250": 0.0069527943835722104
"p1251": 0.01996835020256247
"p1252": 0.00013548070246744229
"p1253": 0.0006435333367203508
"p1254": 0
"p1255": 0
"p1256": 0.008239861057012911
"p1257": 0.02204760265015308
"p1258": 0.004352317566766582
"p1259": 0.011060494015328137
"p1260": 0.007707346629258938
"p1261": 0.014923575712073405
"p1262": 0.004399359477345557
"p1263": 0.008565391078219405
"p1264": 0.005052301196181702
"p1265": 0.005605514064590425
"p1266": 0.004862251877442651
"p1267": 0.0028131062526225866
"p1268": 0.00013359902604428335
"p1269": 0.0005607395741013582
"p1270": 0
"p1271": 0
"p1272": 0.00427140548057075
"p1273": 0.008866459305924834
"p1274": 0.0024762861728771395
"p1275": 0.0021714545923253938
