"p1213": 0.01605258156596875
"p1214": 0.0038913068430926475
"p1215": 0.0018779130703126022
"p1216": 0.0005325144277539744
"p1217": 0.001153467647396418
"p1218": 8.843879188846925E-05
"p1219": 0.00035375516755387695
"p1220": 1.6935087808430286E-05
"p1221": 7.903040977267465E-05
"p1222": 0
"p1223": 0
"p1224": 0.006792851887603702
"p1225": 0.016906862662082904
"p1226": 0.0029862204835532065
"p1227": 0.008096853648852835
"p1228": 0.002591068434689834
"p1229": 0.005031602755526953
"p1230": 0.0010480937676995187
"p1231": 0.0010913723254321738
"p1232": 1.5053411385271363E-05
"p1233": 0
"p1234": 0
"p1235": 3.7633528463178407E-06
"p1236": 0
"p1237": 0
"p1238": 0
"p1239": 0
"p1240": 0.00011666393823585308
"p1241": 0
"p1242": 8.655711546531033E-05
"p1243": 1.5053411385271363E-05
"p1244": 7.526705692635681E-05
"p1245": 0
"p1246": 2.6343469924224887E-05
"p1247": 0
"p1248": 0.00014112573173691902
"p1249": 0.00099352515142791
"p1250": 5.456861627160869E-05
"p1251": 0.00020133937727800447
"p1252": 0
"p1253": 1.1290058538953523E-05
"p1254": 0
"p1255": 0
"p1256": 0.004254470392762319
"p1257": 0.011762359321166415
"p1258": 0.0014319557580239387
"p1259": 0.009233386208440822
"p1260": 0.0014470091694092097
"p1261": 0.0040982912496401284
"p1262": 0.0003462284618612414
"p1263": 0.0020246838313189982
"p1264": 0.0002747247577812024
"p1265": 0.0006529417188361454
"p1266": 6.209532196424438E-05
"p1267": 0.0001542974666990315
"p1268": 0
"p1269": 3.7633528463178407E-06
"p1270": 0
"p1271": 0
"p1272": 0.005084289695375403
"p1273": 0.009402737086525123
"p1274": 0.0026757438737319847
"p1275": 0.0026061218460751044
