"p1213": 0.00044407563586550515
"p1214": 0.0074119234308229875
"p1215": 0.006975374500650118
"p1216": 3.9515204886337324E-05
"p1217": 0.0002559079935496132
"p1218": 0.00023332787647170614
"p1219": 0.0008411093611520374
"p1220": 0.0002239194943559115
"p1221": 0.0011271241774721932
"p1222": 0.0008072391855351768
"p1223": 0.0012306163807459338
"p1224": 0.0008655711546531033
"p1225": 0.002525209759879271
"p1226": 0.0039458754593642556
"p1227": 0.011355917213764088
"p1228": 0.00210935927036115
"p1229": 0.004284577215532862
"p1230": 0.006687478007906806
"p1231": 0.012605350358741612
"p1232": 6.0213645541085445E-05
"p1233": 0.0002973048748591095
"p1234": 0.0009144947416552353
"p1235": 0.002047263948396905
"p1236": 0.0002239194943559116
"p1237": 0.0009954068278510688
"p1238": 0.001622005076762989
"p1239": 0.0021037142410916727
"p1240": 0.0008015941562656999
"p1241": 0.0022900002069844057
"p1242": 0.010050033776091797
"p1243": 0.018824290937281843
"p1244": 0.0013773871417523298
"p1245": 0.0026117668753445813
"p1246": 0.013860428532988613
"p1247": 1
"p1248": 5.645029269476761E-06
"p1249": 8.467543904215143E-05
"p1250": 2.0698440654748124E-05
"p1251": 0.00020133937727800444
"p1252": 0.00011666393823585307
"p1253": 0.0007150370408003897
"p1254": 0.0002615530228190899
"p1255": 0.0005231060456381799
"p1256": 0.00047230078221288896
"p1257": 0.0011911011758595968
"p1258": 0.001326581878327039
"p1259": 0.004743706262783639
"p1260": 0.0017537224263841137
"p1261": 0.003432177795841871
"p1262": 0.004049367662637997
"p1263": 0.010281479976140345
"p1264": 9.408382115794602E-06
"p1265": 4.7041910578973015E-05
"p1266": 0.0004986442521371138
"p1267": 0.0007507888928404093
"p1268": 0.0002464996114338186
"p1269": 0.0006567050716824631
"p1270": 0.0017217339271904122
"p1271": 0.001716088897920935
"p1272": 0.0005005259285602729
"p1273": 0.00039703372528653215
"p1274": 0.005801208412598952
"p1275": 0.004310920685457086
