"p1213": 0
"p1214": 0.005370304511695559
"p1215": 0.005251758897036548
"p1216": 0.0006623501009519401
"p1217": 5.645029269476761E-06
"p1218": 0.0013623337303670586
"p1219": 0.0007470255399940913
"p1220": 0.001460180904371322
"p1221": 0.00012042729108217092
"p1222": 0.0030803043047111533
"p1223": 0.0020039853906642494
"p1224": 0.0001825226130464153
"p1225": 0
"p1226": 0.00019381267158536877
"p1227": 8.655711546531032E-05
"p1228": 0.0007338538050319789
"p1229": 0
"p1230": 0.0006792851887603704
"p1231": 0.00037821696105494294
"p1232": 0.0010951356782784917
"p1233": 5.645029269476761E-06
"p1234": 0.0030708959225953583
"p1235": 0.0008015941562656999
"p1236": 0.0017349056621525243
"p1237": 6.962202765688005E-05
"p1238": 0.00627727254765816
"p1239": 0.0015298029320282018
"p1240": 0.000498644252137114
"p1241": 0
"p1242": 0.0008542810961141499
"p1243": 0.00017687758377693847
"p1244": 0.0017160888979209353
"p1245": 0
"p1246": 0.0029617586900521414
"p1247": 0.000398915401709691
"p1248": 0.005565998859704087
"p1249": 0.00039327037244021434
"p1250": 0.004459573122886642
"p1251": 0.008429910375751965
"p1252": 0.008232334351320278
"p1253": 0.001973878567893708
"p1254": 0.00857668113675836
"p1255": 0.01641198176279211
"p1256": 0.0031442813030985563
"p1257": 0
"p1258": 0.0015316846084513613
"p1259": 0.001998340361394774
"p1260": 0.003441586177957665
"p1261": 3.3870175616860565E-05
"p1262": 0.0017932376312704509
"p1263": 0.0024160725273360546
"p1264": 0.006602802568864651
"p1265": 0.0001768775837769385
"p1266": 0.008843879188846927
"p1267": 0.009150592445821832
"p1268": 1
"p1269": 0.000707510335107754
"p1270": 0.01831059327375946
"p1271": 0.012883838469369134
"p1272": 0.006429688337934031
"p1273": 0
"p1274": 0.005253640573459706
"p1275": 0.005232942132804959
