"p1213": 0.0009370748587331422
"p1214": 0.009319943323906133
"p1215": 0.014293214110315162
"p1216": 0.00035563684397703593
"p1217": 0.0015222762263355663
"p1218": 0.0034829830592671613
"p1219": 0.007690411541450509
"p1220": 0.0010800822668932202
"p1221": 0.0024744044964539803
"p1222": 0.004913057140867942
"p1223": 0.007886105889459035
"p1224": 9.220214473478709E-05
"p1225": 0.00037633528463178407
"p1226": 0.002145111122401169
"p1227": 0.0061756620208075754
"p1228": 6.962202765688005E-05
"p1229": 0.00040079707813284995
"p1230": 0.0014338374344470973
"p1231": 0.0023934924102581466
"p1232": 3.7633528463178407E-06
"p1233": 3.7633528463178407E-06
"p1234": 7.526705692635681E-05
"p1235": 3.7633528463178407E-06
"p1236": 3.7633528463178407E-06
"p1237": 3.7633528463178407E-06
"p1238": 0.00017311423093062066
"p1239": 3.7633528463178407E-06
"p1240": 0
"p1241": 0
"p1242": 1.1290058538953523E-05
"p1243": 0
"p1244": 0
"p1245": 3.7633528463178407E-06
"p1246": 5.268693984844977E-05
"p1247": 0
"p1248": 0.0002935415220127916
"p1249": 0.0014432458165628919
"p1250": 0.0012212079986301393
"p1251": 0.004549893591198269
"p1252": 0.0016577569288030091
"p1253": 0.00514073998807017
"p1254": 0.004079474485408539
"p1255": 0.01162687861869897
"p1256": 3.7633528463178407E-05
"p1257": 0.00027660643420436126
"p1258": 0.00046477407652025334
"p1259": 0.0017443140442683185
"p1260": 3.9515204886337324E-05
"p1261": 0.0005212243692150209
"p1262": 0.0007752506863414751
"p1263": 0.0019193099516220983
"p1264": 0.00020322105370116337
"p1265": 0.0004666557529434122
"p1266": 0.002483812878569775
"p1267": 0.004382424389537125
"p1268": 0.0007733690099183163
"p1269": 0.0008486360668446731
"p1270": 0.005599869035320948
"p1271": 0.0061643719622686225
"p1272": 4.516023415581409E-05
"p1273": 8.655711546531035E-05
"p1274": 0.0008448727139983552
"p1275": 0.002455587732222391
