"p1213": 0
"p1214": 0.019381267158536886
"p1215": 0.005985612702068525
"p1216": 0.00038009863747810193
"p1217": 0
"p1218": 0.0007037469822614361
"p1219": 0.00010161052685058169
"p1220": 0
"p1221": 0
"p1222": 6.774035123372113E-05
"p1223": 0
"p1224": 0.0008749795367688977
"p1225": 0.00022580117077907044
"p1226": 0.0055227203019714306
"p1227": 0.0017292606328830474
"p1228": 0.00019757602443168666
"p1229": 1.1290058538953523E-05
"p1230": 0.0027227857843109575
"p1231": 0.0005550945448318816
"p1232": 0.00027660643420436126
"p1233": 0
"p1234": 0.0014564175515250038
"p1235": 0.00017311423093062066
"p1236": 0
"p1237": 0
"p1238": 0.0002182744650864348
"p1239": 0
"p1240": 0.0006360066310277148
"p1241": 0.00011101890896637629
"p1242": 0.010456475883494121
"p1243": 0.0017875926020009744
"p1244": 5.268693984844976E-05
"p1245": 7.5267056926356815E-06
"p1246": 0.007679121482911553
"p1247": 0.0007997124798425412
"p1248": 0.0012362614100154107
"p1249": 0
"p1250": 0.00217898129801803
"p1251": 0.0005438044862929281
"p1252": 0
"p1253": 0
"p1254": 0.0001542974666990315
"p1255": 0
"p1256": 0.008008414856964366
"p1257": 0.0014225473759081437
"p1258": 0.02564913132407926
"p1259": 0.019381267158536882
"p1260": 0.0022090881207885724
"p1261": 0.00012419064392848875
"p1262": 0.010300296740371933
"p1263": 0.005985612702068526
"p1264": 0.001127124177472193
"p1265": 0
"p1266": 0.005050419519758542
"p1267": 0.0008636894782299444
"p1268": 0
"p1269": 0
"p1270": 0.0005136976635223853
"p1271": 1.1290058538953523E-05
"p1272": 0.005050419519758543
"p1273": 0.0005136976635223854
"p1274": 1
"p1275": 0.022382541053475362
