"p1213": 0.0006190715432192847
"p1214": 0.00711273687954072
"p1215": 0.011197856394218738
"p1216": 0.0014846426978723881
"p1217": 0.0024480610265297555
"p1218": 0.006471085219243528
"p1219": 1
"p1220": 0
"p1221": 0.0001731142309306207
"p1222": 8.279376261899248E-05
"p1223": 0.0002577896699727721
"p1224": 0.0008392276847288783
"p1225": 0.0022655384134833397
"p1226": 0.007978308034193825
"p1227": 0.017111965392207232
"p1228": 0.0006002547789876958
"p1229": 0.0013642154067902172
"p1230": 0.00700736299984382
"p1231": 0.008715925192072125
"p1232": 6.585867481056221E-05
"p1233": 3.7633528463178407E-05
"p1234": 0.0009182580945015531
"p1235": 0.00025778966997277205
"p1236": 0
"p1237": 1.1290058538953523E-05
"p1238": 1.88167642315892E-05
"p1239": 6.774035123372112E-05
"p1240": 4.139688130949625E-05
"p1241": 2.4461793501065963E-05
"p1242": 0.000752670569263568
"p1243": 0.0001862859658927331
"p1244": 5.645029269476761E-06
"p1245": 1.6935087808430282E-05
"p1246": 0.0012908300262870194
"p1247": 0.000543804486292928
"p1248": 0.002976812101437412
"p1249": 0.0070769850275007005
"p1250": 0.00631114272327502
"p1251": 0.01711196539220723
"p1252": 0
"p1253": 0.00020133937727800444
"p1254": 5.833196911792653E-05
"p1255": 0.0001862859658927331
"p1256": 0.0006962202765688005
"p1257": 0.002487576231416093
"p1258": 0.0040004440756358645
"p1259": 0.011617470236583178
"p1260": 0.0011045440603942862
"p1261": 0.0032741169762965216
"p1262": 0.004563065326160383
"p1263": 0.01098146360555546
"p1264": 0.0015918982539924469
"p1265": 0.001364215406790217
"p1266": 0.010753780758353232
"p1267": 0.008715925192072121
"p1268": 0
"p1269": 0.0002201561415095937
"p1270": 0.00014300740816007796
"p1271": 0.000543804486292928
"p1272": 0.0008072391855351766
"p1273": 0.0009558916229647316
"p1274": 0.007921857741499056
"p1275": 0.01098146360555546
