"p1213": 7.5267056926356815E-06
"p1214": 0.004615752266008832
"p1215": 0.0029674037193216174
"p1216": 0.0014037306116765546
"p1217": 0.00018440428946957417
"p1218": 0.001091372325432174
"p1219": 0.0012757766149017477
"p1220": 0.0002954231984359505
"p1221": 0
"p1222": 6.397699838740328E-05
"p1223": 1.1290058538953523E-05
"p1224": 1
"p1225": 0.000779014039187793
"p1226": 0.016284027766017298
"p1227": 0.01767458664273174
"p1228": 0.005189663575072303
"p1229": 0
"p1230": 0.006664897890828896
"p1231": 0.004105817955332764
"p1232": 0.00015053411385271363
"p1233": 7.5267056926356815E-06
"p1234": 0.00022015614150959365
"p1235": 5.080526342529085E-05
"p1236": 4.516023415581409E-05
"p1237": 0
"p1238": 1.1290058538953523E-05
"p1239": 0
"p1240": 0.0003951520488633734
"p1241": 7.5267056926356815E-06
"p1242": 0.0019889319792789793
"p1243": 0.00011290058538953522
"p1244": 0.0005400411334466101
"p1245": 0
"p1246": 0.001275776614901748
"p1247": 7.33853805031979E-05
"p1248": 0.0009972885042742277
"p1249": 0.00033870175616860566
"p1250": 0.0008072391855351768
"p1251": 0.0012908300262870192
"p1252": 7.903040977267465E-05
"p1253": 0
"p1254": 1.3171734962112442E-05
"p1255": 0
"p1256": 0.01293652540921758
"p1257": 0.0023558588817949684
"p1258": 0.012116114488720292
"p1259": 0.02436206465063855
"p1260": 0.0058350785882158125
"p1261": 0.00022956452362538833
"p1262": 0.004107699631755923
"p1263": 0.0069603210892648475
"p1264": 0.0022260232085970027
"p1265": 8.091208619583358E-05
"p1266": 0.0022034430915190955
"p1267": 0.0008975596538468051
"p1268": 0.0003180033155138576
"p1269": 0
"p1270": 6.962202765688006E-05
"p1271": 0
"p1272": 0.010926894989283852
"p1273": 0.00011666393823585305
"p1274": 0.021127462879228363
"p1275": 0.011843271407362247
