"p1213": 0.00034999181470755925
"p1214": 1
"p1215": 0.017906032842780292
"p1216": 3.7633528463178407E-06
"p1217": 0
"p1218": 5.833196911792653E-05
"p1219": 0
"p1220": 0.00011478226181269412
"p1221": 0
"p1222": 0.00017311423093062064
"p1223": 0
"p1224": 1.6935087808430282E-05
"p1225": 0
"p1226": 0.00035940019682335374
"p1227": 6.774035123372113E-05
"p1228": 8.843879188846924E-05
"p1229": 0
"p1230": 0.0012588415270933177
"p1231": 0.00035187349113071807
"p1232": 5.645029269476761E-06
"p1233": 0
"p1234": 0.00027096140493488457
"p1235": 0
"p1236": 0.00011101890896637629
"p1237": 0
"p1238": 0.0005099343106760674
"p1239": 1.5053411385271363E-05
"p1240": 2.0698440654748124E-05
"p1241": 0
"p1242": 0.0016652836344956444
"p1243": 0.0002935415220127916
"p1244": 6.397699838740328E-05
"p1245": 0
"p1246": 0.0030445524526711326
"p1247": 0.0005795563383329474
"p1248": 7.338538050319791E-05
"p1249": 0
"p1250": 0.0006247165724887616
"p1251": 6.774035123372114E-05
"p1252": 0.0005287510749076566
"p1253": 0
"p1254": 0.0011440592652806234
"p1255": 0.00029354152201279153
"p1256": 0.0018289894833104705
"p1257": 8.279376261899251E-05
"p1258": 0.007515415634096729
"p1259": 0.003443467854380824
"p1260": 0.004384306065960283
"p1261": 0.0005776746619097885
"p1262": 0.009939014867125416
"p1263": 0.008237979380589754
"p1264": 0.0001373623788906012
"p1265": 0
"p1266": 0.0018515696003883774
"p1267": 0.0003518734911307181
"p1268": 0.0005099343106760674
"p1269": 0
"p1270": 0.002094305858975878
"p1271": 0.0005795563383329475
"p1272": 0.0018967298345441911
"p1273": 5.4568616271608685E-05
"p1274": 0.015674364604913806
"p1275": 0.008237979380589754
