"p1213": 0.009374511940177743
"p1214": 0.0009991701806973865
"p1215": 0.0007489072164172503
"p1216": 0.0010029335335437046
"p1217": 0.0016765736930345976
"p1218": 0.0002671980520885667
"p1219": 0.0009464832408489368
"p1220": 7.526705692635681E-05
"p1221": 0.0002954231984359505
"p1222": 0
"p1223": 0
"p1224": 0.008851405894539564
"p1225": 1
"p1226": 0.006651726155866783
"p1227": 0.01105108563321234
"p1228": 0.0038988335487852837
"p1229": 0.006514363776976183
"p1230": 0.002739720872119388
"p1231": 0.0016577569288030087
"p1232": 0.00019757602443168663
"p1233": 0.0001542974666990315
"p1234": 4.327855773265517E-05
"p1235": 2.2580117077907045E-05
"p1236": 1.1290058538953523E-05
"p1237": 4.516023415581409E-05
"p1238": 0
"p1239": 0
"p1240": 0.0009013230066931227
"p1241": 0.0003725719317854663
"p1242": 0.0008053575091120179
"p1243": 0.00012042729108217089
"p1244": 0.0008091208619583357
"p1245": 0.0005400411334466101
"p1246": 0.0003706902553623073
"p1247": 0
"p1248": 0.0005268693984844977
"p1249": 0.0014902877271418648
"p1250": 0.0001204272910821709
"p1251": 0.0012023912343985502
"p1252": 1.3171734962112442E-05
"p1253": 7.903040977267465E-05
"p1254": 0
"p1255": 0
"p1256": 0.007635842925178899
"p1257": 0.018250379628218377
"p1258": 0.004867896906712128
"p1259": 0.019326698542265278
"p1260": 0.0029956288656690006
"p1261": 0.007244454229161845
"p1262": 0.001507222814950295
"p1263": 0.004768168056284704
"p1264": 0.0017706575141925437
"p1265": 0.0024706411436076626
"p1266": 0.0004647740765202533
"p1267": 0.0006209532196424438
"p1268": 6.962202765688006E-05
"p1269": 0.0003180033155138576
"p1270": 0
"p1271": 0
"p1272": 0.010678513701426876
"p1273": 0.015194537117008288
"p1274": 0.009052745271817566
"p1275": 0.0059573875557211425
