"p1213": 1.5053411385271363E-05
"p1214": 0.01183574470166961
"p1215": 0.0031800331551385744
"p1216": 0.002576015023304562
"p1217": 0.0008091208619583357
"p1218": 0.0021770996215948707
"p1219": 0.005541537066203021
"p1220": 1.6935087808430282E-05
"p1221": 1.6935087808430282E-05
"p1222": 1.8816764231589204E-06
"p1223": 3.7633528463178407E-06
"p1224": 0.004261997098454954
"p1225": 8.655711546531033E-05
"p1226": 0.0016652836344956447
"p1227": 0.003044552452671133
"p1228": 0.0027735910477362487
"p1229": 0.00013548070246744226
"p1230": 0.0015994249596850824
"p1231": 0.0028112245761994273
"p1232": 0.0033079871519133817
"p1233": 0.0005400411334466101
"p1234": 0.004150978189488579
"p1235": 0.00662538268594256
"p1236": 3.0106822770542726E-05
"p1237": 2.0698440654748124E-05
"p1238": 1.8816764231589204E-06
"p1239": 3.7633528463178407E-06
"p1240": 0.00939332870440933
"p1241": 0.00013359902604428335
"p1242": 0.006841775474605834
"p1243": 0.009564561258916793
"p1244": 0.0051445033409164885
"p1245": 0
"p1246": 0.004171676630143327
"p1247": 0.004523550121274044
"p1248": 0.0017160888979209353
"p1249": 0.0003706902553623073
"p1250": 0.00118545614659012
"p1251": 0.0030671325697490402
"p1252": 0
"p1253": 0
"p1254": 0
"p1255": 0
"p1256": 0.0012324980571690927
"p1257": 1.3171734962112442E-05
"p1258": 0.0005080526342529084
"p1259": 0.0008298193026130838
"p1260": 0.0011666393823585306
"p1261": 4.5160234155814084E-05
"p1262": 0.00041208713667180354
"p1263": 0.0009276664766173478
"p1264": 0.0008392276847288785
"p1265": 0
"p1266": 0.002839449722546811
"p1267": 0.0009653000050805262
"p1268": 0
"p1269": 0
"p1270": 0
"p1271": 0
"p1272": 0.001251314821400682
"p1273": 0
"p1274": 0.002130057711015898
"p1275": 0.0009126130652320763
