"p1213": 0.0028695565453173543
"p1214": 0.029197973058156974
"p1215": 1
"p1216": 0
"p1217": 3.7633528463178407E-06
"p1218": 1.8816764231589203E-05
"p1219": 3.9515204886337324E-05
"p1220": 1.1290058538953523E-05
"p1221": 0.00011478226181269412
"p1222": 9.4083821157946E-05
"p1223": 6.774035123372113E-05
"p1224": 4.139688130949625E-05
"p1225": 1.6935087808430282E-05
"p1226": 0.00023897290574118288
"p1227": 0.00016370584881482606
"p1228": 0.00024461793501065964
"p1229": 7.714873334951572E-05
"p1230": 0.0008128842148046535
"p1231": 0.0005814380147561064
"p1232": 0
"p1233": 5.645029269476761E-06
"p1234": 0.00013736237889060116
"p1235": 0.00012230896750532982
"p1236": 1.1290058538953523E-05
"p1237": 0.00011101890896637629
"p1238": 0.00030294990412858624
"p1239": 0.00018816764231589203
"p1240": 4.516023415581409E-05
"p1241": 2.0698440654748124E-05
"p1242": 0.001270131585632271
"p1243": 0.0005607395741013582
"p1244": 0.00019757602443168663
"p1245": 5.268693984844976E-05
"p1246": 0.002329515411870743
"p1247": 0.00087121618392258
"p1248": 0
"p1249": 0.00010725555612005847
"p1250": 0.00010349220327374062
"p1251": 0.0005532128684087226
"p1252": 7.150370408003898E-05
"p1253": 0.0007865407448804287
"p1254": 0.0003142399626675397
"p1255": 0.0007884224213035875
"p1256": 0.0003951520488633733
"p1257": 0.001911783245929463
"p1258": 0.0021375844167085337
"p1259": 0.008458135522099347
"p1260": 0.0015994249596850822
"p1261": 0.004928110552253211
"p1262": 0.004359844272459219
"p1263": 0.012193263222069805
"p1264": 5.645029269476761E-06
"p1265": 0.00017875926020009743
"p1266": 0.0004948808992907961
"p1267": 0.001625768429609307
"p1268": 7.338538050319788E-05
"p1269": 0.0006679951302214166
"p1270": 0.0008862695953078515
"p1271": 0.0015505013726829502
"p1272": 0.0005080526342529085
"p1273": 0.0019512984508157998
"p1274": 0.006602802568864652
"p1275": 0.015807963630958086
