"p1213": 1.1290058538953523E-05
"p1214": 0.042683947982936954
"p1215": 0.010973936899862827
"p1216": 8.46754390421514E-05
"p1217": 0
"p1218": 0.001016105268505817
"p1219": 0.00033870175616860566
"p1220": 2.0698440654748124E-05
"p1221": 0
"p1222": 2.8225146347383805E-05
"p1223": 0
"p1224": 0
"p1225": 0
"p1226": 0.00023520955289486501
"p1227": 5.645029269476761E-06
"p1228": 0.00011854561465901199
"p1229": 0
"p1230": 0.0005720296326403118
"p1231": 8.655711546531035E-05
"p1232": 6.585867481056221E-05
"p1233": 0
"p1234": 0.002197798062249619
"p1235": 0.0005080526342529086
"p1236": 1.5053411385271363E-05
"p1237": 0
"p1238": 5.8331969117926534E-05
"p1239": 0
"p1240": 1.6935087808430282E-05
"p1241": 0
"p1242": 0.0010217502977752937
"p1243": 9.972885042742277E-05
"p1244": 0.00010349220327374062
"p1245": 0
"p1246": 0.0017706575141925437
"p1247": 0.0001110189089663763
"p1248": 0.0035469600576545643
"p1249": 0.0005776746619097885
"p1250": 0.006747691653447889
"p1251": 0.006698768066445756
"p1252": 4.516023415581409E-05
"p1253": 0
"p1254": 3.0106822770542726E-05
"p1255": 3.7633528463178407E-06
"p1256": 0.0018628596589273308
"p1257": 4.139688130949625E-05
"p1258": 0.007370526549513491
"p1259": 0.0030934760396732646
"p1260": 0.0013529253482512636
"p1261": 4.139688130949625E-05
"p1262": 0.005581052271089359
"p1263": 0.002478167849300298
"p1264": 0.0020679623890516533
"p1265": 0.00027284308135804345
"p1266": 0.009844931045967472
"p1267": 0.006486138630628799
"p1268": 4.139688130949625E-05
"p1269": 0
"p1270": 8.091208619583358E-05
"p1271": 3.7633528463178407E-06
"p1272": 0.0019475350979694824
"p1273": 5.4568616271608685E-05
"p1274": 0.017943666371243464
"p1275": 0.00899253162627648
