"p1213": 0
"p1214": 0.03103448924716008
"p1215": 0.006472966895666688
"p1216": 1.6935087808430282E-05
"p1217": 0
"p1218": 0.0003330567268991289
"p1219": 6.774035123372113E-05
"p1220": 0.00010537387969689951
"p1221": 0
"p1222": 0.0011835744701669609
"p1223": 0.0003405834325917646
"p1224": 0
"p1225": 0
"p1226": 4.892358700213193E-05
"p1227": 1.8816764231589204E-06
"p1228": 0.00010161052685058169
"p1229": 0
"p1230": 0.00026343469924224885
"p1231": 2.2580117077907042E-05
"p1232": 1.8816764231589203E-05
"p1233": 0
"p1234": 0.0014300740816007794
"p1235": 0.0002747247577812024
"p1236": 7.903040977267465E-05
"p1237": 0
"p1238": 0.0027284308135804344
"p1239": 0.0005475678391392458
"p1240": 3.7633528463178407E-06
"p1241": 0
"p1242": 0.000306713256974904
"p1243": 2.0698440654748124E-05
"p1244": 9.972885042742276E-05
"p1245": 0
"p1246": 0.0009502465936952548
"p1247": 3.0106822770542722E-05
"p1248": 0.0015410929905671556
"p1249": 8.279376261899251E-05
"p1250": 0.005264930631998659
"p1251": 0.0028959000152415787
"p1252": 0.004350435890343424
"p1253": 0.0005776746619097885
"p1254": 0.008791192248998478
"p1255": 0.007891750918728513
"p1256": 0.00034999181470755914
"p1257": 0
"p1258": 0.002639992021691965
"p1259": 0.0006077814846803313
"p1260": 0.000541922809869769
"p1261": 0
"p1262": 0.001990813655702138
"p1263": 0.0005908463968719009
"p1264": 0.001531684608451361
"p1265": 5.4568616271608685E-05
"p1266": 0.009160000827937626
"p1267": 0.005705242915017847
"p1268": 0.002361503911064445
"p1269": 0.00027284308135804345
"p1270": 0.014191603583464578
"p1271": 0.008356524995248764
"p1272": 0.0003857436667475787
"p1273": 0
"p1274": 0.007314076256818724
"p1275": 0.002942941925820551
