"p1213": 0.0004327855773265517
"p1214": 0.005042892814065906
"p1215": 0.009558916229647317
"p1216": 0.0006284799253350793
"p1217": 0.00038198031390126075
"p1218": 0.0033550290624923553
"p1219": 0.0015693181369145395
"p1220": 0
"p1221": 6.209532196424438E-05
"p1222": 4.704191057897301E-05
"p1223": 0.00014677076100639576
"p1224": 0.0002596713463959311
"p1225": 0.00017875926020009746
"p1226": 0.0028770832510099896
"p1227": 0.001198627881552232
"p1228": 0.00015429746669903146
"p1229": 0.00022391949435591154
"p1230": 0.004869778583135286
"p1231": 0.0024668777907613446
"p1232": 0.0001637058488148261
"p1233": 8.467543904215141E-05
"p1234": 0.0009276664766173478
"p1235": 0.0002954231984359505
"p1236": 0
"p1237": 2.8225146347383805E-05
"p1238": 1.1290058538953523E-05
"p1239": 4.516023415581409E-05
"p1240": 6.774035123372113E-05
"p1241": 3.3870175616860565E-05
"p1242": 0.00032553002120649325
"p1243": 7.903040977267465E-05
"p1244": 2.4461793501065966E-05
"p1245": 2.8225146347383805E-05
"p1246": 0.0007338538050319789
"p1247": 0.0003180033155138576
"p1248": 0.004803919908324725
"p1249": 0.009984175101281231
"p1250": 0.012678735739244808
"p1251": 1
"p1252": 0
"p1253": 0.00041020546024864466
"p1254": 0.00013548070246744229
"p1255": 0.0004346672537497106
"p1256": 0.0016238867531861482
"p1257": 0.004790748173362612
"p1258": 0.011935473552097033
"p1259": 0.028612771690554553
"p1260": 0.0017386690149988424
"p1261": 0.004632687353817263
"p1262": 0.011160222865755562
"p1263": 0.019441480804077968
"p1264": 0.0011290058538953522
"p1265": 0.0011139524425100805
"p1266": 0.009197634356400804
"p1267": 0.00782777392034111
"p1268": 0
"p1269": 0.00017875926020009743
"p1270": 0.00013359902604428335
"p1271": 0.0005400411334466101
"p1272": 0.0006811668651835292
"p1273": 0.0008486360668446729
"p1274": 0.006664897890828896
"p1275": 0.010375563797298286
