"p1213": 0.01107554742671341
"p1214": 0.0027359575192730705
"p1215": 0.0019418900687000055
"p1216": 0.00024838128785697745
"p1217": 0.0003274116976296522
"p1218": 6.0213645541085445E-05
"p1219": 3.3870175616860565E-05
"p1220": 0.0005852013676024243
"p1221": 0.0006736401594908935
"p1222": 0.00012419064392848875
"p1223": 0.00021827446508643477
"p1224": 0.0019851686264326608
"p1225": 0.001296475055556496
"p1226": 0.0014112573173691901
"p1227": 0.00044407563586550526
"p1228": 0.0038499099617831517
"p1229": 0.0024104274980665773
"p1230": 0.002867674868894196
"p1231": 0.0010255136506216113
"p1232": 5.833196911792653E-05
"p1233": 5.645029269476761E-05
"p1234": 9.408382115794602E-06
"p1235": 0
"p1236": 0.00018064093662325636
"p1237": 0.00018440428946957422
"p1238": 3.198849919370165E-05
"p1239": 3.3870175616860565E-05
"p1240": 0.0002690797285117256
"p1241": 0.00012419064392848875
"p1242": 0.0001749959073537796
"p1243": 2.2580117077907045E-05
"p1244": 0.0006774035123372112
"p1245": 0.0003217666683601754
"p1246": 0.0006661134537982577
"p1247": 0.0001580608195453493
"p1248": 0.0006397699838740329
"p1249": 0.0022486033256749094
"p1250": 0.00019945770085484557
"p1251": 0.0005964914261413778
"p1252": 0.0014300740816007794
"p1253": 0.0033644374446081494
"p1254": 0.00034999181470755925
"p1255": 0.002084897476860084
"p1256": 0.0081213154423539
"p1257": 0.021426649430510633
"p1258": 0.004675965911549918
"p1259": 0.013209368490575623
"p1260": 0.012945933791333374
"p1261": 1
"p1262": 0.0094497789971041
"p1263": 0.021989270681035143
"p1264": 0.00040644210740232675
"p1265": 0.0013152918197880854
"p1266": 0.00010161052685058169
"p1267": 7.903040977267466E-05
"p1268": 0.0015862532247229698
"p1269": 0.0026004768168056283
"p1270": 0.00038574366674757867
"p1271": 0.0004290222244802338
"p1272": 0.004491561622080342
"p1273": 0.0088175357189227
"p1274": 0.0026080035224982636
"p1275": 0.0024725228200308215
