"p1213": 0.0006058998082571725
"p1214": 0.009799770811811659
"p1215": 0.015311201055244137
"p1216": 1.1290058538953523E-05
"p1217": 0.0001034922032737406
"p1218": 0.0002747247577812024
"p1219": 0.0001731142309306207
"p1220": 0
"p1221": 0
"p1222": 0
"p1223": 0
"p1224": 0.00022391949435591154
"p1225": 7.52670569263568E-05
"p1226": 0.002256130031367545
"p1227": 0.0009709450343500027
"p1228": 2.4461793501065966E-05
"p1229": 9.408382115794602E-06
"p1230": 0.0009295481530405066
"p1231": 0.0004704191057897301
"p1232": 0
"p1233": 3.7633528463178407E-06
"p1234": 1.1290058538953523E-05
"p1235": 0
"p1236": 0
"p1237": 0
"p1238": 0
"p1239": 0
"p1240": 1.1290058538953523E-05
"p1241": 7.5267056926356815E-06
"p1242": 0.00011666393823585308
"p1243": 1.1290058538953523E-05
"p1244": 0
"p1245": 0
"p1246": 4.139688130949625E-05
"p1247": 0
"p1248": 6.774035123372112E-05
"p1249": 0.0012287347043227748
"p1250": 0.0008034758326888588
"p1251": 0.0017763025434620213
"p1252": 0
"p1253": 0
"p1254": 1.6935087808430286E-05
"p1255": 9.032046831162818E-05
"p1256": 0.0031311095681364432
"p1257": 0.010375563797298287
"p1258": 0.013832203386641227
"p1259": 0.03665882007598209
"p1260": 0.0004647740765202534
"p1261": 0.0014169023466386666
"p1262": 0.005082408018952244
"p1263": 0.010388735532260399
"p1264": 3.7633528463178407E-06
"p1265": 0.00012607232035164768
"p1266": 0.0004704191057897301
"p1267": 0.0008110025383814947
"p1268": 0
"p1269": 0
"p1270": 0
"p1271": 0
"p1272": 0.0006642317773750987
"p1273": 0.0012419064392848876
"p1274": 0.006361947986700311
"p1275": 0.010273953270447705
