"p1213": 0.01487088877222495
"p1214": 0.0015862532247229702
"p1215": 0.001512867844219772
"p1216": 0.0002897781691664738
"p1217": 0.00042714054805707494
"p1218": 6.021364554108544E-05
"p1219": 0.0002897781691664738
"p1220": 1.1290058538953523E-05
"p1221": 5.645029269476761E-05
"p1222": 0
"p1223": 0
"p1224": 0.002186508003710665
"p1225": 0.001332226907596516
"p1226": 0.001834634512579947
"p1227": 0.001987050302855819
"p1228": 0.0011139524425100807
"p1229": 0.0011402959124343056
"p1230": 0.0007413805107246145
"p1231": 0.0005231060456381798
"p1232": 0.0007150370408003896
"p1233": 0.0006736401594908935
"p1234": 0.00015617914312219042
"p1235": 0.00021827446508643477
"p1236": 4.516023415581409E-05
"p1237": 0.0001731142309306207
"p1238": 0
"p1239": 0
"p1240": 0.0040136158105979775
"p1241": 0.0021601645337864404
"p1242": 0.0035413150283850883
"p1243": 0.0013980855824070773
"p1244": 0.0032421284771028194
"p1245": 0.0025778966997277207
"p1246": 0.0017819475727314975
"p1247": 0.00013736237889060116
"p1248": 0.0007112736879540719
"p1249": 0.0017311423093062067
"p1250": 0.00014112573173691902
"p1251": 0.0010029335335437046
"p1252": 1.8816764231589203E-05
"p1253": 0.00013548070246744229
"p1254": 0
"p1255": 0
"p1256": 0.007799548773993725
"p1257": 0.019953296791177206
"p1258": 0.004461454799309801
"p1259": 0.017588029527266433
"p1260": 0.0031461629795217147
"p1261": 0.007803312126840045
"p1262": 0.0016765736930345978
"p1263": 0.004199901776490711
"p1264": 0.0019588251565084364
"p1265": 0.003035144070555339
"p1266": 0.0005042892814065906
"p1267": 0.0011365325595879877
"p1268": 0.00010161052685058169
"p1269": 0.00042337719521075713
"p1270": 0
"p1271": 0
"p1272": 0.015027067915347143
"p1273": 1
"p1274": 0.011615588560160019
"p1275": 0.013873600267950719
