"p1213": 0.019292828366648418
"p1214": 0.007901159300844307
"p1215": 0.004325974096842359
"p1216": 0.00010537387969689952
"p1217": 0.0001016105268505817
"p1218": 1.1290058538953523E-05
"p1219": 3.7633528463178407E-06
"p1220": 0.00023709122931802397
"p1221": 0.00017687758377693853
"p1222": 3.7633528463178407E-05
"p1223": 0.00011101890896637629
"p1224": 0.0008542810961141499
"p1225": 0.0005080526342529086
"p1226": 0.0004045604309791679
"p1227": 8.843879188846926E-05
"p1228": 0.0014733526393334345
"p1229": 0.0006962202765688005
"p1230": 0.0008825062424615335
"p1231": 0.0002653163756654078
"p1232": 3.7633528463178407E-06
"p1233": 0
"p1234": 0
"p1235": 0
"p1236": 1.1290058538953523E-05
"p1237": 0
"p1238": 0
"p1239": 3.7633528463178407E-06
"p1240": 1.8816764231589203E-05
"p1241": 0
"p1242": 1.1290058538953523E-05
"p1243": 0
"p1244": 6.774035123372114E-05
"p1245": 0
"p1246": 6.774035123372113E-05
"p1247": 1.8816764231589203E-05
"p1248": 0.0003631635496696716
"p1249": 0.001695390457266187
"p1250": 9.220214473478709E-05
"p1251": 0.0003029499041285862
"p1252": 0.0006886935708761648
"p1253": 0.0022147331500580493
"p1254": 0.00014112573173691902
"p1255": 0.000613426513949808
"p1256": 0.00559610568247463
"p1257": 0.016159837122088808
"p1258": 0.0015881349011461288
"p1259": 0.007193648965736552
"p1260": 0.007797667097570567
"p1261": 0.01654746246525955
"p1262": 0.003699375847930437
"p1263": 0.012210198309878233
"p1264": 0.00013736237889060122
"p1265": 0.0005494495155624046
"p1266": 3.575185204001949E-05
"p1267": 9.408382115794602E-06
"p1268": 0.00038762534317073754
"p1269": 0.0007997124798425412
"p1270": 8.279376261899251E-05
"p1271": 0.00012983567319796552
"p1272": 0.0019193099516220985
"p1273": 0.005432399833659804
"p1274": 0.0005080526342529085
"p1275": 0.0010763189140469023
