"p1213": 1.1290058538953523E-05
"p1214": 0.017053633423089295
"p1215": 0.005249877220613389
"p1216": 1.8816764231589203E-05
"p1217": 0
"p1218": 0.0006265982489119205
"p1219": 6.774035123372113E-05
"p1220": 0.00029542319843595046
"p1221": 0
"p1222": 0.0012964750555564959
"p1223": 0.00018816764231589203
"p1224": 0.0001749959073537796
"p1225": 1.1290058538953523E-05
"p1226": 0.004555538620467746
"p1227": 0.0007884224213035874
"p1228": 0.0003857436667475786
"p1229": 0.00010725555612005845
"p1230": 0.009493057554836752
"p1231": 0.00155050137268295
"p1232": 0
"p1233": 0
"p1234": 0.00012983567319796552
"p1235": 0
"p1236": 8.467543904215141E-05
"p1237": 0
"p1238": 0.00041396881309496247
"p1239": 0
"p1240": 1.1290058538953523E-05
"p1241": 0
"p1242": 0.000636006631027715
"p1243": 1.1290058538953523E-05
"p1244": 0.00010725555612005845
"p1245": 1.6935087808430282E-05
"p1246": 0.002128176034592739
"p1247": 7.903040977267465E-05
"p1248": 0.0005306327513308156
"p1249": 0
"p1250": 0.002941060249397392
"p1251": 0.0005588578976781993
"p1252": 0.002542144847687702
"p1253": 0
"p1254": 0.004553656944044587
"p1255": 0.0009841167693121153
"p1256": 0.005336434336078698
"p1257": 0.00040079707813285006
"p1258": 0.027843166033482556
"p1259": 0.0170536334230893
"p1260": 0.009493057554836752
"p1261": 0.002128176034592739
"p1262": 1
"p1263": 0.026364168364879637
"p1264": 5.456861627160869E-05
"p1265": 0
"p1266": 0.0017179705743440945
"p1267": 0.00023332787647170616
"p1268": 0.0005739113090634706
"p1269": 0
"p1270": 0.004444519711501371
"p1271": 0.0004911175464444783
"p1272": 0.0008862695953078514
"p1273": 1.6935087808430286E-05
"p1274": 0.013741882918329597
"p1275": 0.005249877220613389
