"p1213": 0
"p1214": 0.009799770811811659
"p1215": 0.002269301766329658
"p1216": 0.0002540263171264542
"p1217": 0
"p1218": 0.0011158341189332396
"p1219": 0.00017311423093062066
"p1220": 0
"p1221": 0
"p1222": 0.0001731142309306207
"p1223": 0
"p1224": 0.0005569762212550403
"p1225": 0.00011101890896637629
"p1226": 0.008860814276655356
"p1227": 0.001776302543462021
"p1228": 6.397699838740328E-05
"p1229": 7.5267056926356815E-06
"p1230": 0.006777798476218431
"p1231": 0.0008110025383814947
"p1232": 6.209532196424436E-05
"p1233": 0
"p1234": 0.00035751852040019486
"p1235": 0
"p1236": 0
"p1237": 0
"p1238": 4.516023415581409E-05
"p1239": 0
"p1240": 0.00014112573173691902
"p1241": 1.6935087808430282E-05
"p1242": 0.001979523597163184
"p1243": 9.032046831162815E-05
"p1244": 0
"p1245": 0
"p1246": 0.0009408382115794601
"p1247": 0
"p1248": 0.002382202351719193
"p1249": 0
"p1250": 0.004333500802534994
"p1251": 0.0009709450343500027
"p1252": 0
"p1253": 0
"p1254": 0.0004158504895181214
"p1255": 1.1290058538953523E-05
"p1256": 0.012957223849872326
"p1257": 0.002359622234641286
"p1258": 1
"p1259": 0.03665882007598209
"p1260": 0.0028563848103552404
"p1261": 0.00016935087808430283
"p1262": 0.02067397886124707
"p1263": 0.010273953270447708
"p1264": 0.0004534840179812998
"p1265": 0
"p1266": 0.0040926462203706515
"p1267": 0.0004704191057897301
"p1268": 0
"p1269": 0
"p1270": 0.0003274116976296521
"p1271": 0
"p1272": 0.0020566723305127
"p1273": 8.467543904215141E-05
"p1274": 0.02837756213765968
"p1275": 0.0103887355322604
