"p1213": 0
"p1214": 0.01564049442929695
"p1215": 0.0034058343259176452
"p1216": 0.0022467216492517506
"p1217": 0.000355636843977036
"p1218": 1
"p1219": 0.006804141946142658
"p1220": 0.0001731142309306207
"p1221": 0
"p1222": 0.0003368200797454468
"p1223": 3.7633528463178407E-06
"p1224": 0.0022147331500580493
"p1225": 8.467543904215141E-05
"p1226": 0.01889391296493873
"p1227": 0.0088175357189227
"p1228": 0.0013642154067902172
"p1229": 0
"p1230": 0.0133937727800452
"p1231": 0.004162268248027533
"p1232": 3.7633528463178407E-05
"p1233": 1.1290058538953523E-05
"p1234": 0.0013867955238681241
"p1235": 3.0106822770542726E-05
"p1236": 1.1290058538953523E-05
"p1237": 0
"p1238": 8.655711546531032E-05
"p1239": 0
"p1240": 2.4461793501065963E-05
"p1241": 0
"p1242": 0.0011045440603942862
"p1243": 1.6935087808430282E-05
"p1244": 1.6935087808430282E-05
"p1245": 0
"p1246": 0.0020209204784726806
"p1247": 0
"p1248": 0.005795563383329476
"p1249": 0.0015410929905671556
"p1250": 0.013348612545889383
"p1251": 0.013802096563870684
"p1252": 0.00020133937727800444
"p1253": 0
"p1254": 0.00024085458216434178
"p1255": 3.7633528463178407E-06
"p1256": 0.002346450499679174
"p1257": 0.0001467707610063958
"p1258": 0.010943830077092282
"p1259": 0.006901989120146921
"p1260": 0.003116056156751172
"p1261": 0.00016935087808430283
"p1262": 0.010687922083542672
"p1263": 0.006804141946142657
"p1264": 0.001364215406790217
"p1265": 0.0001298356731979655
"p1266": 0.017104438686514588
"p1267": 0.005806853441868428
"p1268": 0.0002201561415095937
"p1269": 0
"p1270": 0.0006868118944530059
"p1271": 0
"p1272": 0.0009558916229647316
"p1273": 9.408382115794602E-06
"p1274": 0.016114676887932996
"p1275": 0.005153911723032283
