"p1213": 0.004403122830191873
"p1214": 0.0006830485416066881
"p1215": 0.0003575185204001948
"p1216": 0.0006774035123372113
"p1217": 0.0013077651140954497
"p1218": 0.00014300740816007796
"p1219": 0.0007131553643772308
"p1220": 2.4461793501065963E-05
"p1221": 0.0001373623788906012
"p1222": 0
"p1223": 0
"p1224": 0.005293155778346045
"p1225": 0.013109639640148205
"p1226": 0.003733246023547298
"p1227": 0.011030387192557592
"p1228": 0.002384084028142352
"p1229": 0.005466270009276665
"p1230": 0.0014714709629102757
"p1231": 0.002878964927433148
"p1232": 0.0012550781742469998
"p1233": 0.0020340922134347923
"p1234": 0.0003481101382844003
"p1235": 0.0009088497123857584
"p1236": 8.843879188846925E-05
"p1237": 0.0003387017561686057
"p1238": 0
"p1239": 0
"p1240": 0.011120707660869221
"p1241": 1
"p1242": 0.008091208619583358
"p1243": 0.011892194994364377
"p1244": 0.00589341055733374
"p1245": 0.009126130652320768
"p1246": 0.0036598606430441006
"p1247": 0.002128176034592739
"p1248": 0.0002314462000485472
"p1249": 0.0005852013676024242
"p1250": 4.139688130949625E-05
"p1251": 0.0005983731025645366
"p1252": 5.645029269476761E-06
"p1253": 3.010682277054273E-05
"p1254": 0
"p1255": 0
"p1256": 0.0034585212657660966
"p1257": 0.007615144484524154
"p1258": 0.001842161218272583
"p1259": 0.007965136299231712
"p1260": 0.0011195974717795576
"p1261": 0.002916598455896327
"p1262": 0.0005042892814065906
"p1263": 0.001797000984116769
"p1264": 0.0013886772002912832
"p1265": 0.0015975432832619233
"p1266": 0.0003424651090149235
"p1267": 0.00046477407652025334
"p1268": 5.080526342529084E-05
"p1269": 0.0002314462000485472
"p1270": 0
"p1271": 0
"p1272": 0.007641487954448377
"p1273": 0.006072169817533836
"p1274": 0.007285851110471339
"p1275": 0.003129227891713285
