"p1213": 0
"p1214": 0.022627158988486024
"p1215": 0.00639958151516349
"p1216": 0.0006209532196424436
"p1217": 0.0002201561415095937
"p1218": 0.004273287156993908
"p1219": 0.0014695892864871167
"p1220": 9.596549758110493E-05
"p1221": 0
"p1222": 9.408382115794602E-05
"p1223": 0
"p1224": 0.0001844042894695742
"p1225": 5.645029269476761E-06
"p1226": 0.0012814216441712249
"p1227": 0.0002540263171264542
"p1228": 0.000427140548057075
"p1229": 1.1290058538953523E-05
"p1230": 0.003298578769797587
"p1231": 0.0005795563383329474
"p1232": 0.00035940019682335374
"p1233": 0.00010725555612005845
"p1234": 0.006079696523226473
"p1235": 0.0010405670620068828
"p1236": 8.467543904215141E-05
"p1237": 0
"p1238": 0.00025026296428013644
"p1239": 0
"p1240": 0.00021262943581695803
"p1241": 3.7633528463178407E-06
"p1242": 0.004555538620467746
"p1243": 0.0007131553643772307
"p1244": 0.000212629435816958
"p1245": 7.5267056926356815E-06
"p1246": 0.008638776458722604
"p1247": 0.0006454150131435097
"p1248": 0.005308209189731314
"p1249": 0.0012983567319796553
"p1250": 0.013070124435261864
"p1251": 0.013209368490575624
"p1252": 0.0002747247577812024
"p1253": 0
"p1254": 0.0003180033155138575
"p1255": 3.7633528463178407E-06
"p1256": 0.002681388903001461
"p1257": 0.00012419064392848875
"p1258": 0.012693789150630082
"p1259": 0.00620388716715496
"p1260": 0.0030088006006311137
"p1261": 0.00012419064392848875
"p1262": 0.011884668288671746
"p1263": 0.006461676837127733
"p1264": 0.002591068434689834
"p1265": 0.00042337719521075713
"p1266": 1
"p1267": 0.009677461844306333
"p1268": 0.00020698440654748124
"p1269": 0
"p1270": 0.000797830803419382
"p1271": 3.7633528463178407E-06
"p1272": 0.002365267263910763
"p1273": 9.032046831162818E-05
"p1274": 0.028193157848190112
"p1275": 0.01297415893768076
