"p1213": 0.016411981762792106
"p1214": 0.001998340361394774
"p1215": 0.0024160725273360537
"p1216": 0.0018045276898094043
"p1217": 0.0009653000050805262
"p1218": 0.001601306636108241
"p1219": 0.001787592602000974
"p1220": 2.2580117077907042E-05
"p1221": 0.00010725555612005845
"p1222": 0
"p1223": 0
"p1224": 0.00041396881309496247
"p1225": 0.00039515204886337327
"p1226": 0.00023897290574118288
"p1227": 0.00019945770085484554
"p1228": 0.0013792688181754884
"p1229": 0.001302120084825973
"p1230": 0.0008072391855351768
"p1231": 0.0008128842148046536
"p1232": 0.0022937635598307238
"p1233": 0.0011459409417037825
"p1234": 0.0022034430915190964
"p1235": 0.0010066968863900222
"p1236": 5.8331969117926534E-05
"p1237": 0.0002163927886632759
"p1238": 0
"p1239": 0
"p1240": 0.0018139360719251984
"p1241": 0.0010819639433163792
"p1242": 0.0013642154067902174
"p1243": 0.0003819803139012609
"p1244": 0.0037200742885851864
"p1245": 0.002645637050961442
"p1246": 0.0019400083922768469
"p1247": 0.0003236483447833343
"p1248": 0.0049243471994068954
"p1249": 0.009660526756497902
"p1250": 0.0032346017714101846
"p1251": 0.012219606691994032
"p1252": 6.585867481056221E-05
"p1253": 0.0003669269025159894
"p1254": 0
"p1255": 0
"p1256": 0.0029184801323194854
"p1257": 0.01044894917780149
"p1258": 0.0012287347043227752
"p1259": 0.005370304511695559
"p1260": 0.0037915779926652243
"p1261": 0.008798718954691115
"p1262": 0.0018308711597336293
"p1263": 0.005251758897036548
"p1264": 0.006602802568864653
"p1265": 1
"p1266": 0.0064296883379340326
"p1267": 0.0069057524729932394
"p1268": 0.0001768775837769385
"p1269": 0.000707510335107754
"p1270": 0
"p1271": 0
"p1272": 0.008843879188846927
"p1273": 0.01831059327375946
"p1274": 0.005253640573459706
"p1275": 0.0069734928242269605
