"p1213": 0
"p1214": 0.014167141789963512
"p1215": 0.001087608972585856
"p1216": 0.0012626048799396355
"p1217": 6.585867481056221E-05
"p1218": 0.004220600217145458
"p1219": 0.0024311259387213248
"p1220": 0.0028375680461236517
"p1221": 0.00039891540170969113
"p1222": 0.005780509971944204
"p1223": 0.005407938040158738
"p1224": 0.0002991865512822683
"p1225": 0
"p1226": 0.002357740558218127
"p1227": 0.0005231060456381799
"p1228": 0.0004214955187875982
"p1229": 0
"p1230": 0.0015523830491061094
"p1231": 0.0004929992228676373
"p1232": 0.0015053411385271363
"p1233": 5.4568616271608685E-05
"p1234": 0.008224807645627642
"p1235": 0.005407938040158738
"p1236": 0.0022843551777149288
"p1237": 0.00027284308135804345
"p1238": 0.010147880950096059
"p1239": 0.00726891602266291
"p1240": 0.0003857436667475787
"p1241": 0
"p1242": 0.007011126352690137
"p1243": 0.0028827282802794656
"p1244": 0.00040079707813285006
"p1245": 0
"p1246": 0.004207428482183345
"p1247": 0.0013416352897123102
"p1248": 0.00033493840332228774
"p1249": 1.6935087808430286E-05
"p1250": 0.0011967462051290735
"p1251": 0.0005231060456381798
"p1252": 0.0016050699889545589
"p1253": 0.00017875926020009746
"p1254": 0.003819803139012609
"p1255": 0.0028827282802794656
"p1256": 5.0805263425290837E-05
"p1257": 0
"p1258": 0.0003142399626675397
"p1259": 9.032046831162817E-05
"p1260": 0.00015994249596850823
"p1261": 0
"p1262": 0.0005174610163687031
"p1263": 0.0001091372325432174
"p1264": 0.00010913723254321738
"p1265": 0
"p1266": 0.002103714241091673
"p1267": 0.0004929992228676371
"p1268": 0.00015617914312219037
"p1269": 0
"p1270": 0.0056337392109378085
"p1271": 0.0013416352897123102
"p1272": 3.7633528463178407E-06
"p1273": 0
"p1274": 0.0008448727139983552
"p1275": 0.00010913723254321738
