"p1213": 0.0009765900636194797
"p1214": 0.010277716623294023
"p1215": 0.013713657771982213
"p1216": 6.0213645541085445E-05
"p1217": 0.0002973048748591095
"p1218": 0.0007394988343014557
"p1219": 0.001879794746735761
"p1220": 0.00026907972851172564
"p1221": 0.0011195974717795572
"p1222": 0.0012757766149017477
"p1223": 0.001684100398727233
"p1224": 0.0008053575091120178
"p1225": 0.0022730651191759754
"p1226": 0.007855999066688494
"p1227": 0.01608080671231614
"p1228": 0.0016935087808430283
"p1229": 0.0027416025485425474
"p1230": 0.009976648395588598
"p1231": 1
"p1232": 0
"p1233": 0
"p1234": 0.00010725555612005844
"p1235": 7.150370408003898E-05
"p1236": 1.6935087808430286E-05
"p1237": 3.9515204886337324E-05
"p1238": 0.00024838128785697745
"p1239": 0.0001919309951622099
"p1240": 2.2580117077907045E-05
"p1241": 1.6935087808430282E-05
"p1242": 0.0008505177432678321
"p1243": 0.0002559079935496131
"p1244": 8.467543904215141E-05
"p1245": 4.516023415581409E-05
"p1246": 0.0018628596589273312
"p1247": 0.0006247165724887615
"p1248": 3.3870175616860565E-05
"p1249": 0.00030671325697490405
"p1250": 0.00011854561465901199
"p1251": 0.0004704191057897301
"p1252": 0.0002069844065474812
"p1253": 0.0016144783710703536
"p1254": 0.0006322432781813973
"p1255": 0.0012437881157080462
"p1256": 0.0010518571205458363
"p1257": 0.00338137253241658
"p1258": 0.0038517916382063105
"p1259": 0.013282753871078825
"p1260": 0.003289170387681793
"p1261": 0.007985834739886458
"p1262": 0.009496820907683074
"p1263": 0.02301666600807992
"p1264": 9.408382115794602E-06
"p1265": 9.220214473478709E-05
"p1266": 0.000709392011530913
"p1267": 0.0015335662848745201
"p1268": 0.0002784881106275202
"p1269": 0.0008636894782299443
"p1270": 0.002244839972828592
"p1271": 0.0027020873436562095
"p1272": 0.0007263270993393434
"p1273": 0.0010499754441226777
"p1274": 0.008635013105876286
"p1275": 0.01163440532439161
