"p1213": 0.006792851887603703
"p1214": 0.0004685374293665712
"p1215": 0.0005889647204487422
"p1216": 0.0015373296377208378
"p1217": 0.0009615366522342083
"p1218": 0.0011515859709732594
"p1219": 0.0003895070195938966
"p1220": 0.0027848811062752025
"p1221": 0.0014658259336407992
"p1222": 0.0024029007923739415
"p1223": 0.0010066968863900222
"p1224": 0.0005513311919855637
"p1225": 0.0004685374293665712
"p1226": 0.00028225146347383805
"p1227": 5.080526342529084E-05
"p1228": 0.0017668941613462265
"p1229": 0.0015298029320282023
"p1230": 0.0006529417188361453
"p1231": 0.00024085458216434183
"p1232": 0.00024085458216434183
"p1233": 0.00012607232035164766
"p1234": 0.00016370584881482606
"p1235": 2.2580117077907045E-05
"p1236": 0.0005569762212550405
"p1237": 0.00024273625858750077
"p1238": 0.000637888307450874
"p1239": 0.0001580608195453493
"p1240": 5.080526342529084E-05
"p1241": 3.010682277054273E-05
"p1242": 1.6935087808430282E-05
"p1243": 0
"p1244": 0.0003180033155138575
"p1245": 0.00022768284720222937
"p1246": 7.33853805031979E-05
"p1247": 3.7633528463178407E-05
"p1248": 0.005490731802777729
"p1249": 0.013135983110072429
"p1250": 0.0034359411486881894
"p1251": 0.010413197325761469
"p1252": 0.010631471790847901
"p1253": 1
"p1254": 0.008288784644015045
"p1255": 0.021106764438573615
"p1256": 0.0033437390039534015
"p1257": 0.00985245775166011
"p1258": 0.0014093756409460313
"p1259": 0.002916598455896326
"p1260": 0.0037577078170483637
"p1261": 0.0073648815202440165
"p1262": 0.0015429746669903147
"p1263": 0.003456639589342937
"p1264": 0.00350368149992191
"p1265": 0.005934807438643237
"p1266": 0.0022561300313675456
"p1267": 0.0020152754492032037
"p1268": 0.0073761715787829685
"p1269": 0.008239861057012915
"p1270": 0.006608447598134128
"p1271": 0.003430296119418712
"p1272": 0.0012419064392848876
"p1273": 0.0036485705845051464
"p1274": 0.00039138869601705546
"p1275": 0.000496762575713955
