"p1213": 0.00028789649274331484
"p1214": 0.004706072734320461
"p1215": 0.005281865719807091
"p1216": 0.0017875926020009744
"p1217": 0.003673032378006213
"p1218": 0.004928110552253213
"p1219": 0.009440370614988305
"p1220": 0
"p1221": 0.0002295645236253883
"p1222": 6.397699838740328E-05
"p1223": 0.0002295645236253883
"p1224": 0.0007188003936467076
"p1225": 0.002034092213434793
"p1226": 0.0030144456299005906
"p1227": 0.009848694398813794
"p1228": 0.0007997124798425412
"p1229": 0.002066080712628494
"p1230": 0.004156623218758055
"p1231": 0.008059220120389659
"p1232": 0.0012249713514764571
"p1233": 0.0023313970882939024
"p1234": 0.0076565413658336474
"p1235": 1
"p1236": 0
"p1237": 0.0001392440553137601
"p1238": 0.00012607232035164768
"p1239": 0.0003895070195938965
"p1240": 0.0008015941562657002
"p1241": 0.002284355177714929
"p1242": 0.010731200641275326
"p1243": 0.020310815311577392
"p1244": 0.0005438044862929281
"p1245": 0.0012927117027101784
"p1246": 0.01006132383463075
"p1247": 0.011561019943888412
"p1248": 0.0015636731076450628
"p1249": 0.0029899838363995246
"p1250": 0.0031028844217890596
"p1251": 0.007961372946385395
"p1252": 0
"p1253": 7.338538050319791E-05
"p1254": 1.1290058538953523E-05
"p1255": 4.704191057897301E-05
"p1256": 0.0003085949333980629
"p1257": 0.0008166475676509715
"p1258": 0.0011064257368174452
"p1259": 0.0037802879341262705
"p1260": 0.0005343961041771334
"p1261": 0.0014225473759081437
"p1262": 0.0016314134588787839
"p1263": 0.004468981505002436
"p1264": 0.0014902877271418648
"p1265": 0.0008335826554594016
"p1266": 0.00823233435132028
"p1267": 0.0045160234155814105
"p1268": 0
"p1269": 0.00016370584881482606
"p1270": 0.00010161052685058171
"p1271": 0.0003895070195938965
"p1272": 0.0005720296326403118
"p1273": 0.0003706902553623073
"p1274": 0.005537773713356704
"p1275": 0.003780287934126272
