"p1213": 0.00023897290574118285
"p1214": 0.0034039526494944873
"p1215": 0.007043114851883839
"p1216": 0.00018064093662325636
"p1217": 0.00014865243742955472
"p1218": 0.0025233280834561123
"p1219": 0.0011195974717795576
"p1220": 0.000730090452185661
"p1221": 0.0004892358700213192
"p1222": 0.004837790083941584
"p1223": 0.0019795235971631843
"p1224": 3.575185204001948E-05
"p1225": 2.634346992422488E-05
"p1226": 0.0008091208619583356
"p1227": 0.0004929992228676371
"p1228": 7.526705692635681E-05
"p1229": 0.0001825226130464153
"p1230": 0.0023953740866813063
"p1231": 0.0015410929905671556
"p1232": 1.1290058538953523E-05
"p1233": 1.1290058538953523E-05
"p1234": 0.00039327037244021434
"p1235": 0.0001373623788906012
"p1236": 0.0002201561415095937
"p1237": 0.00013548070246744229
"p1238": 0.0011497042945501003
"p1239": 0.00033870175616860566
"p1240": 0
"p1241": 0
"p1242": 6.774035123372114E-05
"p1243": 3.010682277054273E-05
"p1244": 2.4461793501065966E-05
"p1245": 2.8225146347383805E-05
"p1246": 0.0003876253431707376
"p1247": 0.00023144620004854718
"p1248": 0.0015091044913734543
"p1249": 0.004882950318097399
"p1250": 0.007760033569107389
"p1251": 0.019162992693450454
"p1252": 0.005272457337691296
"p1253": 0.011308875303185112
"p1254": 0.015962261097657124
"p1255": 1
"p1256": 0.0003518734911307181
"p1257": 0.000944601564425778
"p1258": 0.004563065326160382
"p1259": 0.011675802205701104
"p1260": 0.0007206820700698664
"p1261": 0.0023878473809886697
"p1262": 0.005135094958800694
"p1263": 0.008190937470010783
"p1264": 0.0003970337252865322
"p1265": 0.0007733690099183163
"p1266": 0.005311972542577632
"p1267": 0.007349828108858744
"p1268": 0.0015900165775692876
"p1269": 0.0016558752523798497
"p1270": 0.013367429310120972
"p1271": 0.010940066724245965
"p1272": 9.784717400426385E-05
"p1273": 0.00013924405531376012
"p1274": 0.0015843715482998107
"p1275": 0.004026787545560091
