"p1213": 0
"p1214": 0.0029090717502036905
"p1215": 0.0009878801221584333
"p1216": 0.003908241930901078
"p1217": 0.0002803697870506791
"p1218": 0.0036560972901977817
"p1219": 0.0059272807329506
"p1220": 0.004540485209082477
"p1221": 0.0011798111173206428
"p1222": 0.006211413872847597
"p1223": 0.009303008236097702
"p1224": 0.0025383814948413833
"p1225": 0
"p1226": 0.0013077651140954497
"p1227": 0.0016201234003398305
"p1228": 0.0024894579078392517
"p1229": 2.6343469924224884E-05
"p1230": 0.001610715018224036
"p1231": 0.0017800658963083385
"p1232": 0.0055114302434324785
"p1233": 0.00017123255450746176
"p1234": 0.007088275086039654
"p1235": 0.008094971972429676
"p1236": 1
"p1237": 0.0006454150131435096
"p1238": 0.010800822668932208
"p1239": 0.009873156192314858
"p1240": 0.005840723617485288
"p1241": 0
"p1242": 0.00486413355386581
"p1243": 0.004909293788021624
"p1244": 0.005086171371798562
"p1245": 0
"p1246": 0.0050052592856027305
"p1247": 0.0031423996266753966
"p1248": 0.0020133937727800453
"p1249": 0.00011854561465901197
"p1250": 0.0013378719368659921
"p1251": 0.0030539608347869276
"p1252": 0.004455809770040326
"p1253": 0.0008335826554594018
"p1254": 0.004354199243189742
"p1255": 0.00824926943912871
"p1256": 0.0007282087757625022
"p1257": 0
"p1258": 0.00029165984558963265
"p1259": 0.0004384306065960284
"p1260": 0.0012513148214006822
"p1261": 7.5267056926356815E-06
"p1262": 0.0005833196911792653
"p1263": 0.0010104602392363403
"p1264": 0.002284355177714929
"p1265": 1.1290058538953523E-05
"p1266": 0.00522917877995864
"p1267": 0.0018553329532346955
"p1268": 0.004007970781328501
"p1269": 0.00011854561465901199
"p1270": 0.013070124435261864
"p1271": 0.003912005283747396
"p1272": 0.0011835744701669607
"p1273": 0
"p1274": 0.0017687758377693853
"p1275": 0.0005475678391392458
