"p1213": 7.5267056926356815E-06
"p1214": 0.005934807438643236
"p1215": 0.004028669221983249
"p1216": 1
"p1217": 0.0006077814846803312
"p1218": 0.006964084442111164
"p1219": 0.007617026160947312
"p1220": 0.0002577896699727721
"p1221": 7.150370408003898E-05
"p1222": 7.903040977267466E-05
"p1223": 3.7633528463178407E-06
"p1224": 0.009690633579268443
"p1225": 0.00017123255450746176
"p1226": 0.009201397709247121
"p1227": 0.010172342743597127
"p1228": 0.006010074495569593
"p1229": 0
"p1230": 0.007549285809713589
"p1231": 0.004969507433562709
"p1232": 0.00024085458216434183
"p1233": 7.5267056926356815E-06
"p1234": 0.0011045440603942862
"p1235": 6.39769983874033E-05
"p1236": 6.774035123372112E-05
"p1237": 3.7633528463178407E-06
"p1238": 1.88167642315892E-05
"p1239": 0
"p1240": 0.0001637058488148261
"p1241": 0
"p1242": 0.0008994413302699637
"p1243": 3.3870175616860565E-05
"p1244": 0.000543804486292928
"p1245": 0
"p1246": 0.0014771159921797526
"p1247": 1.6935087808430282E-05
"p1248": 0.006926450913647986
"p1249": 0.0021620462102095997
"p1250": 0.007398751695860875
"p1251": 0.016099623476547725
"p1252": 0.0001862859658927331
"p1253": 0.00011666393823585305
"p1254": 5.456861627160869E-05
"p1255": 3.7633528463178407E-06
"p1256": 0.0061587269329991465
"p1257": 0.00019381267158536883
"p1258": 0.004773813085554182
"p1259": 0.008373460083057198
"p1260": 0.006506837071283547
"p1261": 0.0002634346992422489
"p1262": 0.004517905092004568
"p1263": 0.008283139614745569
"p1264": 0.004561183649737224
"p1265": 0.00010349220327374062
"p1266": 0.012417182716425718
"p1267": 0.00629420763546659
"p1268": 0.000543804486292928
"p1269": 4.327855773265517E-05
"p1270": 0.00014300740816007796
"p1271": 0
"p1272": 0.0066912413607531215
"p1273": 1.3171734962112442E-05
"p1274": 0.008973714862044893
"p1275": 0.005633739210937808
