"p1213": 7.5267056926356815E-06
"p1214": 0.010262663211908753
"p1215": 0.005308209189731314
"p1216": 0.0001542974666990315
"p1217": 7.5267056926356815E-06
"p1218": 0.0003123582862443808
"p1219": 0.00011101890896637629
"p1220": 0
"p1221": 0
"p1222": 0
"p1223": 0
"p1224": 0.0008091208619583357
"p1225": 0
"p1226": 0.002173336268748553
"p1227": 0.0006868118944530061
"p1228": 0.0004365489301728695
"p1229": 0
"p1230": 0.0009239031237710299
"p1231": 0.00014112573173691902
"p1232": 0
"p1233": 0
"p1234": 1.1290058538953523E-05
"p1235": 3.7633528463178407E-06
"p1236": 0
"p1237": 0
"p1238": 0
"p1239": 0
"p1240": 0
"p1241": 0
"p1242": 0.00016182417239166716
"p1243": 1.8816764231589203E-05
"p1244": 0
"p1245": 0
"p1246": 4.139688130949625E-05
"p1247": 0
"p1248": 0.0012513148214006817
"p1249": 0.0005005259285602729
"p1250": 0.0008411093611520375
"p1251": 0.0010593838262384719
"p1252": 9.032046831162818E-05
"p1253": 0
"p1254": 5.645029269476761E-06
"p1255": 1.1290058538953523E-05
"p1256": 0.0192796566316863
"p1257": 0.002030328860588475
"p1258": 0.014312030874546751
"p1259": 0.02605933678432789
"p1260": 0.006997954617728025
"p1261": 0.0001016105268505817
"p1262": 0.004559301973314064
"p1263": 0.0063054976940055425
"p1264": 0.0005381594570234513
"p1265": 1.1290058538953523E-05
"p1266": 0.0006397699838740329
"p1267": 0.00022768284720222934
"p1268": 0
"p1269": 0
"p1270": 0
"p1271": 0
"p1272": 0.006250929077733933
"p1273": 9.220214473478709E-05
"p1274": 0.006926450913647987
"p1275": 0.005406056363735578
