"p1213": 0.0003161216390906985
"p1214": 0.008778020514036365
"p1215": 0.00913177568159024
"p1216": 4.139688130949625E-05
"p1217": 0.00047418245863604784
"p1218": 0.0002803697870506791
"p1219": 0.000636006631027715
"p1220": 0
"p1221": 0
"p1222": 0
"p1223": 1.1290058538953523E-05
"p1224": 0.0012870666734407015
"p1225": 0.004290222244802338
"p1226": 0.003780287934126271
"p1227": 0.012422827745695192
"p1228": 0.00021639278866327578
"p1229": 0.0007714873334951574
"p1230": 0.0014827610214492295
"p1231": 0.004066302750446427
"p1232": 5.456861627160869E-05
"p1233": 0.0005532128684087225
"p1234": 0.0006774035123372113
"p1235": 0.0012833033205943835
"p1236": 0
"p1237": 0
"p1238": 1.6935087808430286E-05
"p1239": 7.903040977267465E-05
"p1240": 0.0014978144328345005
"p1241": 0.004363607625305536
"p1242": 0.01112447101371554
"p1243": 0.02400078277739203
"p1244": 0.00019004931873905094
"p1245": 0.000472300782212889
"p1246": 0.0045988171782004005
"p1247": 0.007532350721905158
"p1248": 1.8816764231589204E-06
"p1249": 0.0001542974666990315
"p1250": 5.080526342529085E-05
"p1251": 0.00015429746669903146
"p1252": 0
"p1253": 0
"p1254": 0
"p1255": 0
"p1256": 0.0007526705692635681
"p1257": 0.001981405273586343
"p1258": 0.0017217339271904124
"p1259": 0.005255522249882864
"p1260": 9.032046831162818E-05
"p1261": 0.00026343469924224885
"p1262": 0.0003989154017096911
"p1263": 0.0014187840230618259
"p1264": 0
"p1265": 6.774035123372113E-05
"p1266": 0.00020133937727800447
"p1267": 0.00021262943581695798
"p1268": 0
"p1269": 0
"p1270": 0
"p1271": 3.7633528463178407E-06
"p1272": 0.0005720296326403118
"p1273": 0.00021074775939379904
"p1274": 0.004420057918000305
"p1275": 0.003277880329142839
