"p1213": 4.327855773265517E-05
"p1214": 0.0100726138931697
"p1215": 0.006401463191586648
"p1216": 0.0015843715482998107
"p1217": 0
"p1218": 0.0007526705692635681
"p1219": 0.000684930218029847
"p1220": 0.0015185128734892485
"p1221": 0.00018440428946957417
"p1222": 0.0011271241774721934
"p1223": 0.0012757766149017477
"p1224": 0.008738505309150026
"p1225": 0.00017123255450746176
"p1226": 0.009052745271817566
"p1227": 0.010230674712715052
"p1228": 1
"p1229": 0.0006077814846803312
"p1230": 0.010605128320923677
"p1231": 0.009080970418164953
"p1232": 7.150370408003898E-05
"p1233": 0
"p1234": 9.784717400426385E-05
"p1235": 2.0698440654748124E-05
"p1236": 0.00019569434800852776
"p1237": 7.5267056926356815E-06
"p1238": 0.00023144620004854718
"p1239": 5.080526342529085E-05
"p1240": 0.0002333278764717061
"p1241": 0
"p1242": 0.00099352515142791
"p1243": 4.327855773265517E-05
"p1244": 0.0006077814846803312
"p1245": 7.5267056926356815E-06
"p1246": 0.0021620462102095997
"p1247": 0.00010349220327374062
"p1248": 0.0004309039009033927
"p1249": 0
"p1250": 0.00014112573173691902
"p1251": 0.0003180033155138576
"p1252": 0.0010424487384300416
"p1253": 0.00033870175616860566
"p1254": 0.0008091208619583358
"p1255": 0.0012908300262870192
"p1256": 0.006559524011131998
"p1257": 0.00042337719521075713
"p1258": 0.004775694761977339
"p1259": 0.010072613893169704
"p1260": 0.010605128320923677
"p1261": 0.0021620462102095997
"p1262": 0.010539269646113118
"p1263": 0.01954309133092855
"p1264": 0.0013792688181754886
"p1265": 0
"p1266": 0.0007225637464930254
"p1267": 0.000284133139896997
"p1268": 0.0024612327614918677
"p1269": 8.091208619583358E-05
"p1270": 0.002256130031367545
"p1271": 0.0008975596538468051
"p1272": 0.006986664559189072
"p1273": 2.0698440654748124E-05
"p1274": 0.010034980364706524
"p1275": 0.006401463191586647
