"p1213": 0.007940674505730645
"p1214": 0.0007244454229161844
"p1215": 0.0007978308034193823
"p1216": 0.0033493840332228784
"p1217": 0.00688693570876165
"p1218": 0.002273065119175976
"p1219": 0.004107699631755923
"p1220": 0.004352317566766584
"p1221": 1
"p1222": 0.004325974096842359
"p1223": 0.005562235506857769
"p1224": 0.0024725228200308215
"p1225": 0.006849302180298472
"p1226": 0.0011346508831648289
"p1227": 0.001635176811725102
"p1228": 0.0023483321761023327
"p1229": 0.0042469436870696846
"p1230": 0.0010819639433163792
"p1231": 0.0014131389937923492
"p1232": 0.0004214955187875982
"p1233": 0.00020698440654748124
"p1234": 0.000308594933398063
"p1235": 4.516023415581409E-05
"p1236": 0.0007620789513793628
"p1237": 0.000353755167553877
"p1238": 0.0006924569237224827
"p1239": 7.526705692635681E-05
"p1240": 9.596549758110492E-05
"p1241": 4.704191057897301E-05
"p1242": 5.268693984844977E-05
"p1243": 0
"p1244": 0.0005306327513308156
"p1245": 0.00038950701959389653
"p1246": 0.00015241579027587256
"p1247": 2.2580117077907045E-05
"p1248": 0.0022787101484454527
"p1249": 0.006361947986700312
"p1250": 0.0012945933791333373
"p1251": 0.006260337459849729
"p1252": 0.006068406464687519
"p1253": 0.01219326322206981
"p1254": 0.004220600217145458
"p1255": 0.014882178830763905
"p1256": 0.0009107313888089174
"p1257": 0.0030690142461721995
"p1258": 0.00027848811062752024
"p1259": 0.0012814216441712244
"p1260": 0.0015260395791818842
"p1261": 0.0032421284771028194
"p1262": 0.0004986442521371138
"p1263": 0.0020905425061295605
"p1264": 0.004277050509840227
"p1265": 0.006471085219243529
"p1266": 0.002993747189245842
"p1267": 0.0023934924102581466
"p1268": 0.007880460860189559
"p1269": 0.008499532403408847
"p1270": 0.007662186395103124
"p1271": 0.004109581308179082
"p1272": 0.0019306000101610523
"p1273": 0.004066302750446426
"p1274": 0.0007526705692635685
"p1275": 0.0005475678391392458
