"p1213": 0.0012682499092091122
"p1214": 0.010277716623294025
"p1215": 0.017375400091449472
"p1216": 0.0011195974717795576
"p1217": 0.0007338538050319788
"p1218": 0.0026964423143867326
"p1219": 0.001879794746735761
"p1220": 0
"p1221": 9.596549758110493E-05
"p1222": 2.2580117077907042E-05
"p1223": 7.150370408003896E-05
"p1224": 0.0003104766098212219
"p1225": 0.0001844042894695742
"p1226": 0.0006247165724887615
"p1227": 0.0004704191057897301
"p1228": 0.0003537551675538771
"p1229": 0.000427140548057075
"p1230": 0.001908019893083145
"p1231": 0.0015335662848745201
"p1232": 0.0006849302180298468
"p1233": 0.00040456043097916776
"p1234": 0.004124634719564354
"p1235": 0.0016841003987272335
"p1236": 0
"p1237": 8.467543904215141E-05
"p1238": 5.8331969117926534E-05
"p1239": 0.0001919309951622099
"p1240": 0.00032741169762965207
"p1241": 0.00021262943581695803
"p1242": 0.0031405179502522382
"p1243": 0.0012437881157080462
"p1244": 0.0001580608195453493
"p1245": 0.000212629435816958
"p1246": 0.005552827124741974
"p1247": 0.0027020873436562095
"p1248": 0.0026870339322709385
"p1249": 0.006375119721662422
"p1250": 0.006836130445336357
"p1251": 0.01608080671231614
"p1252": 0
"p1253": 0.0002747247577812024
"p1254": 6.585867481056221E-05
"p1255": 0.0002559079935496132
"p1256": 0.0009615366522342084
"p1257": 0.0027886444591215197
"p1258": 0.0039345854008253035
"p1259": 0.013282753871078823
"p1260": 0.0010575021498153135
"p1261": 0.003099121068942742
"p1262": 0.0051256865766849
"p1263": 0.011634405324391608
"p1264": 0.002000222037817932
"p1265": 0.0027924078119678387
"p1266": 0.01148951623980837
"p1267": 1
"p1268": 0
"p1269": 0.00020698440654748124
"p1270": 0.0001768775837769385
"p1271": 0.0006247165724887615
"p1272": 0.0009935251514279098
"p1273": 0.0024160725273360537
"p1274": 0.013551833599590547
"p1275": 0.023016666008079924
