"p1213": 0.008610551312375219
"p1214": 0.0029881021599763653
"p1215": 0.0009634183286573673
"p1216": 0.0002653163756654078
"p1217": 0.0008354643318825607
"p1218": 5.4568616271608685E-05
"p1219": 0.00016935087808430283
"p1220": 0
"p1221": 1.1290058538953523E-05
"p1222": 0
"p1223": 0
"p1224": 0.0029881021599763658
"p1225": 0.009671816815036852
"p1226": 0.0011741660880511661
"p1227": 0.0062998526647360656
"p1228": 0.00121932632220698
"p1229": 0.0035130898820377038
"p1230": 0.0003594001968233538
"p1231": 0.0014996961092576598
"p1232": 0.0005927280732950597
"p1233": 0.001390558876714442
"p1234": 0.00011101890896637629
"p1235": 0.00035187349113071807
"p1236": 1.6935087808430286E-05
"p1237": 7.903040977267465E-05
"p1238": 0
"p1239": 0
"p1240": 0.008345234936709812
"p1241": 0.019309763454456844
"p1242": 0.003462284618612413
"p1243": 0.00861055131237522
"p1244": 0.0035130898820377046
"p1245": 0.006651726155866783
"p1246": 0.0012776582913249068
"p1247": 0.0013303452311733566
"p1248": 3.951520488633733E-05
"p1249": 0.0002069844065474812
"p1250": 1.1290058538953523E-05
"p1251": 0.00010349220327374063
"p1252": 0
"p1253": 0
"p1254": 0
"p1255": 0
"p1256": 0.0015260395791818846
"p1257": 0.004062539397600109
"p1258": 0.0004948808992907961
"p1259": 0.0029881021599763658
"p1260": 0.0003594001968233538
"p1261": 0.0012776582913249072
"p1262": 8.655711546531032E-05
"p1263": 0.0005118159870992264
"p1264": 0.00018064093662325636
"p1265": 0.00020886608297064014
"p1266": 2.0698440654748124E-05
"p1267": 7.150370408003896E-05
"p1268": 0
"p1269": 3.7633528463178407E-06
"p1270": 0
"p1271": 0
"p1272": 0.0030501974819406104
"p1273": 0.0026211752574603763
"p1274": 0.0018628596589273312
"p1275": 0.0009634183286573672
