"p1213": 0.0010029335335437046
"p1214": 0.007411923430822989
"p1215": 0.01347844821908735
"p1216": 0.00024085458216434178
"p1217": 0.00020698440654748124
"p1218": 0.001296475055556496
"p1219": 0.0008411093611520374
"p1220": 0.0013397536132891514
"p1221": 0.0009314298294636653
"p1222": 0.0030012738949384784
"p1223": 0.002047263948396905
"p1224": 3.9515204886337324E-05
"p1225": 3.198849919370165E-05
"p1226": 0.00019757602443168663
"p1227": 0.0002013393772780045
"p1228": 0.00013359902604428335
"p1229": 0.00027096140493488457
"p1230": 0.0006247165724887616
"p1231": 0.0007507888928404091
"p1232": 0.00018064093662325636
"p1233": 0.00014865243742955472
"p1234": 0.0028940183388184194
"p1235": 0.0012306163807459338
"p1236": 0.0008429910375751962
"p1237": 0.0005569762212550404
"p1238": 0.0057673382369820905
"p1239": 0.002103714241091673
"p1240": 3.575185204001948E-05
"p1241": 2.634346992422488E-05
"p1242": 0.0008768612131920569
"p1243": 0.0005231060456381799
"p1244": 9.032046831162818E-05
"p1245": 0.0001825226130464153
"p1246": 0.0027547742835046596
"p1247": 0.0017160888979209353
"p1248": 0.0009370748587331424
"p1249": 0.003121701186020649
"p1250": 0.0037313643471241394
"p1251": 0.01135591721376409
"p1252": 0.0031085294510585365
"p1253": 0.007442030253593532
"p1254": 0.008488242344869893
"p1255": 0.01882429093728185
"p1256": 0.00016935087808430283
"p1257": 0.0005475678391392458
"p1258": 0.0011760477644743254
"p1259": 0.004743706262783639
"p1260": 0.0003669269025159895
"p1261": 0.0012851849970175427
"p1262": 0.0019400083922768466
"p1263": 0.004310920685457087
"p1264": 0.0007620789513793627
"p1265": 0.0020096304199337268
"p1266": 0.007901159300844307
"p1267": 0.012605350358741607
"p1268": 0.002231668237866479
"p1269": 0.003236483447833345
"p1270": 0.016622729522185905
"p1271": 1
"p1272": 0.00024085458216434183
"p1273": 0.0005042892814065906
"p1274": 0.004754996321322592
"p1275": 0.010281479976140344
