"p1213": 0.00015241579027587253
"p1214": 0.04268394798293697
"p1215": 0.010780124228277455
"p1216": 0.00013359902604428335
"p1217": 0
"p1218": 0.0016370584881482606
"p1219": 0.0003387017561686056
"p1220": 0.0004835908407518425
"p1221": 0
"p1222": 0.001345398642558628
"p1223": 0.0005080526342529085
"p1224": 0.0018233444540409934
"p1225": 5.4568616271608685E-05
"p1226": 0.012801044706750139
"p1227": 0.006698768066445755
"p1228": 0.002259893384213863
"p1229": 0.00027284308135804345
"p1230": 0.010746254052660595
"p1231": 0.006486138630628801
"p1232": 0
"p1233": 0
"p1234": 7.5267056926356815E-06
"p1235": 0
"p1236": 3.7633528463178407E-06
"p1237": 0
"p1238": 1.5053411385271363E-05
"p1239": 0
"p1240": 3.7633528463178407E-06
"p1241": 0
"p1242": 9.032046831162818E-05
"p1243": 3.7633528463178407E-06
"p1244": 3.7633528463178407E-06
"p1245": 0
"p1246": 0.00022956452362538827
"p1247": 3.7633528463178407E-06
"p1248": 7.714873334951574E-05
"p1249": 0
"p1250": 0.0002916598455896327
"p1251": 5.645029269476761E-06
"p1252": 0.0005024076049834317
"p1253": 0
"p1254": 0.0010744372376237435
"p1255": 9.97288504274228E-05
"p1256": 0.0015749631661840162
"p1257": 8.279376261899251E-05
"p1258": 0.005311972542577631
"p1259": 0.0030934760396732655
"p1260": 0.0045386035326593155
"p1261": 0.0006679951302214168
"p1262": 0.010392498885106719
"p1263": 0.00899253162627648
"p1264": 7.5267056926356815E-06
"p1265": 0
"p1266": 0.0006679951302214167
"p1267": 8.655711546531035E-05
"p1268": 0.0001373623788906012
"p1269": 0
"p1270": 0.0009502465936952548
"p1271": 0.00011101890896637632
"p1272": 0.0005532128684087226
"p1273": 0
"p1274": 0.007596327720292563
"p1275": 0.002478167849300298
