"p1213": 0.001787592602000974
"p1214": 0.01938126715853688
"p1215": 0.022382541053475362
"p1216": 0
"p1217": 5.645029269476761E-06
"p1218": 0.00011666393823585305
"p1219": 0.0001016105268505817
"p1220": 1.1290058538953523E-05
"p1221": 0.00010913723254321736
"p1222": 0.0002747247577812024
"p1223": 0.0001731142309306207
"p1224": 4.516023415581409E-05
"p1225": 2.0698440654748124E-05
"p1226": 0.0011948645287059145
"p1227": 0.000543804486292928
"p1228": 0.00019757602443168663
"p1229": 5.268693984844976E-05
"p1230": 0.002209088120788572
"p1231": 0.0008636894782299444
"p1232": 0
"p1233": 0
"p1234": 3.7633528463178407E-06
"p1235": 0
"p1236": 0
"p1237": 3.7633528463178407E-06
"p1238": 1.1290058538953523E-05
"p1239": 0
"p1240": 0
"p1241": 0
"p1242": 3.0106822770542726E-05
"p1243": 0
"p1244": 1.1290058538953523E-05
"p1245": 7.5267056926356815E-06
"p1246": 0.00012419064392848875
"p1247": 1.1290058538953523E-05
"p1248": 5.645029269476761E-06
"p1249": 0.00028601481632015586
"p1250": 0.0004553656944044588
"p1251": 0.0017292606328830474
"p1252": 8.655711546531032E-05
"p1253": 0.0014771159921797526
"p1254": 0.0008034758326888588
"p1255": 0.0017875926020009749
"p1256": 0.0007714873334951573
"p1257": 0.0034961547942292735
"p1258": 0.0068135503282584515
"p1259": 0.01938126715853688
"p1260": 0.0027227857843109575
"p1261": 0.007679121482911553
"p1262": 0.01030029674037193
"p1263": 0.022382541053475362
"p1264": 0
"p1265": 3.7633528463178407E-06
"p1266": 0.0001731142309306207
"p1267": 0.0005550945448318814
"p1268": 3.7633528463178407E-06
"p1269": 0.0002013393772780045
"p1270": 0.0004704191057897301
"p1271": 0.0007997124798425411
"p1272": 0.00017311423093062066
"p1273": 0.0004704191057897301
"p1274": 0.002346450499679174
"p1275": 0.005985612702068526
