"p1213": 0
"p1214": 0.0062020054907318024
"p1215": 0.003678677407275689
"p1216": 0.00041961384236443927
"p1217": 0
"p1218": 0.0009540099465415727
"p1219": 0.0002860148163201559
"p1220": 0.0006228348960656026
"p1221": 7.5267056926356815E-06
"p1222": 0.0018873214524283972
"p1223": 0.0006040181318340135
"p1224": 0.00013736237889060116
"p1225": 0
"p1226": 0.00016746920166114393
"p1227": 2.634346992422488E-05
"p1228": 0.0002559079935496132
"p1229": 0
"p1230": 0.0006115448375266492
"p1231": 0.00013359902604428335
"p1232": 0
"p1233": 0
"p1234": 3.0106822770542726E-05
"p1235": 0
"p1236": 0
"p1237": 0
"p1238": 0.00016182417239166716
"p1239": 1.8816764231589203E-05
"p1240": 0
"p1241": 0
"p1242": 0
"p1243": 0
"p1244": 0
"p1245": 0
"p1246": 2.2580117077907045E-05
"p1247": 3.7633528463178407E-06
"p1248": 0.006775916799795272
"p1249": 0.00031612163909069865
"p1250": 0.0045818820903919715
"p1251": 0.009532572759723091
"p1252": 0.009293599853981907
"p1253": 0.0018741497174662848
"p1254": 0.008320773143208745
"p1255": 0.016133493652164585
"p1256": 0.0052969191311923606
"p1257": 0
"p1258": 0.0025402631712645425
"p1259": 0.003650452260928305
"p1260": 0.003306105475490223
"p1261": 7.903040977267465E-05
"p1262": 0.0019362450394305288
"p1263": 0.002380320675296034
"p1264": 0.00259671346395931
"p1265": 1.88167642315892E-05
"p1266": 0.001887321452428397
"p1267": 0.002182744650864347
"p1268": 0.003191323213677529
"p1269": 7.52670569263568E-05
"p1270": 0.005880238822371625
"p1271": 0.003947757135787415
"p1272": 0.0017367873385756834
"p1273": 0
"p1274": 0.0005626212505245172
"p1275": 0.0005513311919855637
