"p1213": 0.0007884224213035875
"p1214": 0.008458135522099347
"p1215": 0.012193263222069806
"p1216": 3.7633528463178407E-06
"p1217": 1.8816764231589203E-05
"p1218": 0.0003085949333980629
"p1219": 0.00033870175616860566
"p1220": 9.032046831162817E-05
"p1221": 0.0003180033155138575
"p1222": 0.0006886935708761649
"p1223": 0.0006322432781813972
"p1224": 0.00021639278866327584
"p1225": 0.0001749959073537796
"p1226": 0.0032063766250627996
"p1227": 0.0014827610214492295
"p1228": 0.0007357354814551379
"p1229": 0.00043090390090339264
"p1230": 0.0063544212810076744
"p1231": 0.0029598770136289826
"p1232": 0
"p1233": 0
"p1234": 6.774035123372113E-05
"p1235": 5.645029269476761E-05
"p1236": 3.387017561686057E-05
"p1237": 8.467543904215141E-05
"p1238": 0.00020698440654748124
"p1239": 0.0001731142309306207
"p1240": 1.1290058538953523E-05
"p1241": 1.1290058538953523E-05
"p1242": 0.0004327855773265517
"p1243": 0.00013548070246744229
"p1244": 0.0002201561415095937
"p1245": 0.00010725555612005845
"p1246": 0.0012983567319796551
"p1247": 0.00042337719521075713
"p1248": 9.408382115794602E-05
"p1249": 0.0006040181318340134
"p1250": 0.0008392276847288785
"p1251": 0.0023219887061781074
"p1252": 0.0004403122830191874
"p1253": 0.002903426720934215
"p1254": 0.0017330239857293657
"p1255": 0.0028695565453173534
"p1256": 0.0018609779825041726
"p1257": 0.005686426150786257
"p1258": 0.01144059265280624
"p1259": 0.029197973058156978
"p1260": 0.005419228098697692
"p1261": 0.01122419986414296
"p1262": 0.019336106924381067
"p1263": 1
"p1264": 5.645029269476761E-06
"p1265": 7.338538050319788E-05
"p1266": 0.0005080526342529085
"p1267": 0.0013604520539438995
"p1268": 0.00017875926020009743
"p1269": 0.0006679951302214167
"p1270": 0.0019512984508158002
"p1271": 0.002647518727384601
"p1272": 0.0004948808992907961
"p1273": 0.0008862695953078514
"p1274": 0.006602802568864651
"p1275": 0.010571258145306817
