"p1213": 2.2580117077907045E-05
"p1214": 0.013209368490575624
"p1215": 0.0024725228200308215
"p1216": 0.0002201561415095937
"p1217": 0
"p1218": 0.001008578562813181
"p1219": 0.00015429746669903146
"p1220": 0.0009991701806973865
"p1221": 0
"p1222": 0.001938126715853688
"p1223": 0.0004647740765202534
"p1224": 0.0024123091744897357
"p1225": 0.00016370584881482606
"p1226": 0.010527979587574163
"p1227": 0.006111685022420174
"p1228": 0.0038499099617831513
"p1229": 0.0006774035123372113
"p1230": 0.012945933791333374
"p1231": 0.009222096149901868
"p1232": 0.00026343469924224885
"p1233": 0
"p1234": 0.0026983239908098923
"p1235": 0.0005325144277539745
"p1236": 0.0009050863595394408
"p1237": 0
"p1238": 0.0033945442673786923
"p1239": 0.0007696056570719984
"p1240": 0.002239194943559115
"p1241": 8.467543904215141E-05
"p1242": 0.02104655079303253
"p1243": 0.01107554742671341
"p1244": 0.0024104274980665773
"p1245": 0.0003217666683601754
"p1246": 1
"p1247": 0.011276886803991411
"p1248": 7.33853805031979E-05
"p1249": 0
"p1250": 0.00022768284720222937
"p1251": 3.010682277054273E-05
"p1252": 0.0006585867481056221
"p1253": 0
"p1254": 0.0008561627725373088
"p1255": 0.00014300740816007796
"p1256": 0.0011064257368174452
"p1257": 0.00010161052685058169
"p1258": 0.004019260839867454
"p1259": 0.00273595751927307
"p1260": 0.0028676748688941955
"p1261": 0.000666113453798258
"p1262": 0.0094497789971041
"p1263": 0.007268916022662912
"p1264": 4.7041910578973015E-05
"p1265": 0
"p1266": 0.0012136812929375033
"p1267": 0.00010725555612005845
"p1268": 0.0006567050716824631
"p1269": 0
"p1270": 0.0034622846186124143
"p1271": 0.000284133139896997
"p1272": 0.00039703372528653215
"p1273": 2.8225146347383808E-05
"p1274": 0.009519401024760978
"p1275": 0.0019418900687000057
