"p1213": 0
"p1214": 0.017588029527266433
"p1215": 0.004199901776490711
"p1216": 0.00020698440654748124
"p1217": 1.6935087808430286E-05
"p1218": 0.0019230733044684166
"p1219": 0.0005118159870992262
"p1220": 0.0008185292440741302
"p1221": 0.0002201561415095937
"p1222": 0.0049977325799100926
"p1223": 0.0015693181369145393
"p1224": 3.198849919370165E-05
"p1225": 0
"p1226": 0.00038574366674757867
"p1227": 5.833196911792653E-05
"p1228": 0.00027096140493488457
"p1229": 0
"p1230": 0.0014074939645228723
"p1231": 0.00012042729108217089
"p1232": 0.00014865243742955472
"p1233": 1.1290058538953523E-05
"p1234": 0.004115226337448558
"p1235": 0.0006360066310277148
"p1236": 0.0005118159870992262
"p1237": 0.00010725555612005845
"p1238": 0.008514585814794116
"p1239": 0.0012833033205943833
"p1240": 2.634346992422488E-05
"p1241": 0
"p1242": 0.0013642154067902172
"p1243": 0.00015429746669903143
"p1244": 0.0001825226130464153
"p1245": 0
"p1246": 0.004702309381474142
"p1247": 0.00021262943581695798
"p1248": 0.0029241251615889628
"p1249": 0.0002483812878569775
"p1250": 0.009598431434533657
"p1251": 0.0069960729413048655
"p1252": 0.006375119721662424
"p1253": 0.0012983567319796553
"p1254": 0.016711168314074376
"p1255": 0.01487088877222495
"p1256": 0.0005475678391392458
"p1257": 0
"p1258": 0.004662794176587805
"p1259": 0.0015862532247229702
"p1260": 0.0012851849970175427
"p1261": 0
"p1262": 0.00519530860434178
"p1263": 0.001512867844219772
"p1264": 0.001958825156508436
"p1265": 0.0001016105268505817
"p1266": 0.015027067915347143
"p1267": 0.008040403356158068
"p1268": 0.0030351440705553394
"p1269": 0.00042337719521075713
"p1270": 1
"p1271": 0.011978752109829691
"p1272": 0.0005042892814065906
"p1273": 0
"p1274": 0.011615588560160022
"p1275": 0.004807683261171042
