"p1213": 7.5267056926356815E-06
"p1214": 0.0031367545974059206
"p1215": 0.00127201326205543
"p1216": 0.00101046023923634
"p1217": 0.0002389729057411829
"p1218": 0.000684930218029847
"p1219": 0.0009201397709247119
"p1220": 0.0001373623788906012
"p1221": 0
"p1222": 2.4461793501065963E-05
"p1223": 0
"p1224": 0.009267256384057683
"p1225": 0.0012400247628617286
"p1226": 0.00890597451081117
"p1227": 0.014272515669660417
"p1228": 0.004073829456139063
"p1229": 0.0001279539967748066
"p1230": 0.00388754349024633
"p1231": 0.004420057918000305
"p1232": 0.0016972721336893457
"p1233": 0.00016182417239166716
"p1234": 0.00146394425721764
"p1235": 0.001347280318981787
"p1236": 0.0003387017561686057
"p1237": 0
"p1238": 7.714873334951574E-05
"p1239": 1.1290058538953523E-05
"p1240": 1
"p1241": 0.000756433922109886
"p1242": 0.02022049484326576
"p1243": 0.021392779254893773
"p1244": 0.007203057347852348
"p1245": 0
"p1246": 0.009513755995491504
"p1247": 0.0061003949638812225
"p1248": 0.00045724737082761767
"p1249": 0.00010725555612005845
"p1250": 0.0003236483447833343
"p1251": 0.0006096631611034902
"p1252": 3.010682277054273E-05
"p1253": 0
"p1254": 5.645029269476761E-06
"p1255": 0
"p1256": 0.005754166502019979
"p1257": 0.0008335826554594018
"p1258": 0.004990205874217456
"p1259": 0.009692515255691604
"p1260": 0.002444297673683438
"p1261": 7.903040977267465E-05
"p1262": 0.0014056122880997137
"p1263": 0.002555316582649814
"p1264": 0.0014808793450260703
"p1265": 8.091208619583358E-05
"p1266": 0.0017198522507672531
"p1267": 0.0005739113090634708
"p1268": 0.0002314462000485472
"p1269": 0
"p1270": 5.080526342529084E-05
"p1271": 0
"p1272": 0.005385357923080829
"p1273": 7.903040977267465E-05
"p1274": 0.015621677665065357
"p1275": 0.00515955675230176
