"p1213": 0
"p1214": 0.0038480282853599924
"p1215": 0.002510156348494
"p1216": 0.004892358700213193
"p1217": 0.00017123255450746176
"p1218": 0.005607395741013583
"p1219": 0.006871882297376376
"p1220": 1
"p1221": 0.0006792851887603701
"p1222": 0.008484478992023575
"p1223": 0.008004651504118047
"p1224": 0.00510875148887647
"p1225": 0
"p1226": 0.003874371755284217
"p1227": 0.0038235664918589264
"p1228": 0.0038818984609768534
"p1229": 0
"p1230": 0.0034001892966481688
"p1231": 0.002316343676908631
"p1232": 0.00020698440654748124
"p1233": 0
"p1234": 0.0008486360668446731
"p1235": 3.3870175616860565E-05
"p1236": 0.0003725719317854662
"p1237": 1.1290058538953523E-05
"p1238": 0.001723615603613571
"p1239": 6.39769983874033E-05
"p1240": 4.704191057897301E-05
"p1241": 0
"p1242": 0.00016558752523798497
"p1243": 0
"p1244": 0.00038950701959389653
"p1245": 0
"p1246": 0.0007620789513793627
"p1247": 1.6935087808430282E-05
"p1248": 0.004611988913162514
"p1249": 0.00042337719521075713
"p1250": 0.0035657768218861543
"p1251": 0.008027231621195957
"p1252": 0.008761085426227933
"p1253": 0.0022787101484454527
"p1254": 0.00929548153040507
"p1255": 0.018163822512753062
"p1256": 0.00230129026552336
"p1257": 0
"p1258": 0.0013134101433649264
"p1259": 0.002246721649251751
"p1260": 0.0029316518672815976
"p1261": 3.3870175616860565E-05
"p1262": 0.0018365161890031064
"p1263": 0.0029372968965510754
"p1264": 0.004707954410743618
"p1265": 2.0698440654748124E-05
"p1266": 0.0076828848357578736
"p1267": 0.004941282287215325
"p1268": 0.006196360461462325
"p1269": 0.00014677076100639576
"p1270": 0.01639128332213736
"p1271": 0.00796889965207803
"p1272": 0.0031405179502522382
"p1273": 0
"p1274": 0.00284133139896997
"p1275": 0.0016841003987272335
