"p1213": 0.0007056286586845952
"p1214": 0.01190724840574965
"p1215": 0.01733964823940945
"p1216": 5.456861627160869E-05
"p1217": 0.0005532128684087225
"p1218": 0.0005946097497182188
"p1219": 0.0010405670620068828
"p1220": 0
"p1221": 0
"p1222": 1.6935087808430286E-05
"p1223": 7.903040977267465E-05
"p1224": 0.0014620625807944812
"p1225": 0.004245062010646524
"p1226": 0.009105432211666016
"p1227": 0.02115004299630627
"p1228": 0.00017875926020009743
"p1229": 0.0004572473708276176
"p1230": 0.003445349530803983
"p1231": 0.00569959788574837
"p1232": 0
"p1233": 3.7633528463178407E-06
"p1234": 1.5053411385271363E-05
"p1235": 0
"p1236": 0
"p1237": 0
"p1238": 0
"p1239": 0
"p1240": 7.5267056926356815E-06
"p1241": 7.5267056926356815E-06
"p1242": 0.0001956943480085277
"p1243": 7.5267056926356815E-06
"p1244": 0
"p1245": 0
"p1246": 0.0001016105268505817
"p1247": 0
"p1248": 1.8816764231589204E-06
"p1249": 0.0006058998082571724
"p1250": 0.00019569434800852773
"p1251": 0.0007018653058382772
"p1252": 0
"p1253": 0
"p1254": 0
"p1255": 1.1290058538953523E-05
"p1256": 0.0017574857792304315
"p1257": 0.006154963580152828
"p1258": 0.004995850903486934
"p1259": 0.015760921720379118
"p1260": 0.0002935415220127916
"p1261": 0.0009822350928889562
"p1262": 0.0017047988393819819
"p1263": 0.004781339791246817
"p1264": 3.7633528463178407E-06
"p1265": 0.0001467707610063958
"p1266": 0.0003368200797454468
"p1267": 0.0006567050716824633
"p1268": 0
"p1269": 0
"p1270": 0
"p1271": 3.7633528463178407E-06
"p1272": 0.0009314298294636654
"p1273": 0.001351043671828105
"p1274": 0.0071616604665428515
"p1275": 0.010940066724245964
