"p1213": 0.0014564175515250043
"p1214": 0.01564049442929695
"p1215": 0.020126411022107812
"p1216": 0.000991643475004751
"p1217": 0.0022203781793275258
"p1218": 0.0038706084024378996
"p1219": 0.006804141946142658
"p1220": 0
"p1221": 4.139688130949625E-05
"p1222": 5.645029269476761E-06
"p1223": 3.0106822770542726E-05
"p1224": 0.0004516023415581409
"p1225": 0.0019080198930831447
"p1226": 0.005417346422274532
"p1227": 0.01380209656387068
"p1228": 0.00020698440654748124
"p1229": 0.0006679951302214168
"p1230": 0.003667387348736736
"p1231": 0.005806853441868428
"p1232": 3.7633528463178407E-06
"p1233": 3.7633528463178407E-06
"p1234": 0.00011290058538953523
"p1235": 3.7633528463178407E-06
"p1236": 0
"p1237": 0
"p1238": 0
"p1239": 0
"p1240": 3.7633528463178407E-06
"p1241": 3.7633528463178407E-06
"p1242": 8.279376261899248E-05
"p1243": 3.7633528463178407E-06
"p1244": 0
"p1245": 3.7633528463178407E-06
"p1246": 0.00011666393823585308
"p1247": 0
"p1248": 0.0014620625807944812
"p1249": 0.004440756358655052
"p1250": 0.002839449722546811
"p1251": 0.0088175357189227
"p1252": 0
"p1253": 3.3870175616860565E-05
"p1254": 5.645029269476761E-06
"p1255": 1.6935087808430282E-05
"p1256": 0.0002954231984359505
"p1257": 0.0015655547840682216
"p1258": 0.0021902713565569833
"p1259": 0.006901989120146919
"p1260": 0.00029542319843595046
"p1261": 0.0013604520539438993
"p1262": 0.0018910848052747149
"p1263": 0.005153911723032284
"p1264": 0.0005852013676024242
"p1265": 0.0005870830440255833
"p1266": 0.003859318343898946
"p1267": 0.004162268248027533
"p1268": 0
"p1269": 0
"p1270": 0
"p1271": 0
"p1272": 0.0003462284618612413
"p1273": 0.0006981019529919595
"p1274": 0.0033644374446081494
"p1275": 0.006804141946142657
