"p1213": 6.585867481056221E-05
"p1214": 0.02058554006935859
"p1215": 0.010904314872205945
"p1216": 9.596549758110492E-05
"p1217": 0
"p1218": 0.00013359902604428333
"p1219": 3.7633528463178407E-06
"p1220": 0.0001542974666990315
"p1221": 7.5267056926356815E-06
"p1222": 0.0003123582862443808
"p1223": 0.00011101890896637629
"p1224": 0.0005118159870992264
"p1225": 0
"p1226": 0.0010988990311248095
"p1227": 0.00031047660982122185
"p1228": 0.0007112736879540718
"p1229": 0
"p1230": 0.0021131226232074677
"p1231": 0.0006397699838740329
"p1232": 0
"p1233": 0
"p1234": 3.7633528463178407E-06
"p1235": 0
"p1236": 0
"p1237": 0
"p1238": 1.1290058538953523E-05
"p1239": 3.7633528463178407E-06
"p1240": 0
"p1241": 0
"p1242": 3.0106822770542726E-05
"p1243": 0
"p1244": 0
"p1245": 0
"p1246": 0.00016935087808430283
"p1247": 1.8816764231589203E-05
"p1248": 0.001204272910821709
"p1249": 0
"p1250": 0.0006717584830677346
"p1251": 0.0006058998082571726
"p1252": 0.0012626048799396353
"p1253": 0.0005005259285602729
"p1254": 0.0008411093611520375
"p1255": 0.0010593838262384719
"p1256": 0.011306993626761953
"p1257": 0.00031612163909069865
"p1258": 0.007024298087652249
"p1259": 0.012714487591284827
"p1260": 0.01168144723497058
"p1261": 0.0018158177483483583
"p1262": 0.009651118374382102
"p1263": 0.017495827382531644
"p1264": 0.0003838619903244198
"p1265": 0
"p1266": 0.00028036978705067917
"p1267": 7.903040977267466E-05
"p1268": 0.0005268693984844977
"p1269": 1.1290058538953523E-05
"p1270": 0.0006397699838740329
"p1271": 0.00022768284720222934
"p1272": 0.00402490586913693
"p1273": 1.88167642315892E-05
"p1274": 0.0023671489403339213
"p1275": 0.0026512820802309183
