"p1213": 7.5267056926356815E-06
"p1214": 0.018508169298191147
"p1215": 0.013167971609266128
"p1216": 0.0003048315805517451
"p1217": 0
"p1218": 0.0007112736879540719
"p1219": 0.00044031228301918735
"p1220": 2.0698440654748124E-05
"p1221": 1.1290058538953523E-05
"p1222": 7.5267056926356815E-06
"p1223": 0
"p1224": 0.00010725555612005845
"p1225": 0
"p1226": 0.00011478226181269415
"p1227": 2.4461793501065963E-05
"p1228": 0.0002013393772780045
"p1229": 0
"p1230": 0.00037821696105494294
"p1231": 0.00022015614150959367
"p1232": 0.0005231060456381797
"p1233": 0
"p1234": 0.0016746920166114394
"p1235": 0.0005833196911792654
"p1236": 4.516023415581409E-05
"p1237": 7.5267056926356815E-06
"p1238": 1.3171734962112444E-05
"p1239": 0
"p1240": 0.0003180033155138576
"p1241": 0
"p1242": 0.0006755218359140524
"p1243": 0.00012419064392848873
"p1244": 0.0005249877220613389
"p1245": 0
"p1246": 0.0012682499092091122
"p1247": 0.00023520955289486501
"p1248": 0.004088882867524334
"p1249": 0.001179811117320643
"p1250": 0.002939178572974234
"p1251": 0.008113788736661263
"p1252": 2.6343469924224887E-05
"p1253": 2.2580117077907045E-05
"p1254": 3.7633528463178407E-06
"p1255": 3.7633528463178407E-06
"p1256": 0.005319499248270268
"p1257": 9.972885042742278E-05
"p1258": 0.0020961875353990374
"p1259": 0.003814158109743132
"p1260": 0.0037539444642020457
"p1261": 0.00018064093662325636
"p1262": 0.001911783245929463
"p1263": 0.003569540174732472
"p1264": 0.00393834875367162
"p1265": 0.0005400411334466101
"p1266": 0.0062132955492707545
"p1267": 0.007285851110471341
"p1268": 6.962202765688005E-05
"p1269": 2.0698440654748124E-05
"p1270": 1.1290058538953523E-05
"p1271": 3.7633528463178407E-06
"p1272": 0.010228793036291891
"p1273": 0.00013359902604428335
"p1274": 0.007795785421147406
"p1275": 0.01019492286067503
