"p1213": 1.8816764231589203E-05
"p1214": 0.017143953891400922
"p1215": 0.0022053247679422543
"p1216": 0.00033117505047597
"p1217": 0
"p1218": 0.0008542810961141498
"p1219": 0.0002464996114338186
"p1220": 0
"p1221": 0
"p1222": 1.1290058538953523E-05
"p1223": 0
"p1224": 0.003825448168282085
"p1225": 0.0004346672537497106
"p1226": 0.010467765942033073
"p1227": 0.0071127368795407195
"p1228": 0.0007244454229161844
"p1229": 3.0106822770542726E-05
"p1230": 0.0039891540170969115
"p1231": 0.0018440428946957417
"p1232": 0.00043278557732655173
"p1233": 0
"p1234": 0.001606951665377718
"p1235": 0.0005287510749076565
"p1236": 0
"p1237": 0
"p1238": 8.467543904215141E-05
"p1239": 1.1290058538953523E-05
"p1240": 0.0040004440756358645
"p1241": 0.0003274116976296521
"p1242": 0.023946214161120423
"p1243": 0.01412386323223086
"p1244": 0.00045160234155814093
"p1245": 0
"p1246": 0.009041455213278614
"p1247": 0.00388566181382317
"p1248": 0.00011478226181269415
"p1249": 0
"p1250": 0.00022580117077907044
"p1251": 2.0698440654748124E-05
"p1252": 0
"p1253": 0
"p1254": 0
"p1255": 0
"p1256": 0.0017800658963083383
"p1257": 0.0001844042894695742
"p1258": 0.004527313474120362
"p1259": 0.003087831010403788
"p1260": 0.0002521446407032953
"p1261": 1.1290058538953523E-05
"p1262": 0.0013755054653291706
"p1263": 0.0005080526342529085
"p1264": 6.774035123372113E-05
"p1265": 0
"p1266": 0.0003838619903244198
"p1267": 3.0106822770542722E-05
"p1268": 0
"p1269": 0
"p1270": 3.7633528463178407E-06
"p1271": 0
"p1272": 0.00023332787647170608
"p1273": 0
"p1274": 0.0071127368795407195
"p1275": 0.0016125966946471944
