"p1213": 1.8816764231589203E-05
"p1214": 0.02153955001590016
"p1215": 0.002237313267135956
"p1216": 0.002355858881794968
"p1217": 0.00039891540170969113
"p1218": 0.004555538620467746
"p1219": 0.004659030823741486
"p1220": 3.3870175616860565E-05
"p1221": 0
"p1222": 1.8816764231589203E-05
"p1223": 3.7633528463178407E-06
"p1224": 0.0014225473759081437
"p1225": 3.575185204001949E-05
"p1226": 0.0059141089979884865
"p1227": 0.002444297673683438
"p1228": 0.0010330403563142472
"p1229": 3.0106822770542726E-05
"p1230": 0.004307157332610769
"p1231": 0.00200398539066425
"p1232": 0.0020002220378179322
"p1233": 0.00027284308135804345
"p1234": 0.007167305495812328
"p1235": 0.0058840021752179445
"p1236": 4.139688130949625E-05
"p1237": 0
"p1238": 3.198849919370165E-05
"p1239": 3.7633528463178407E-06
"p1240": 0.0019230733044684162
"p1241": 5.4568616271608685E-05
"p1242": 0.016148547063549856
"p1243": 0.008403566905827737
"p1244": 0.0006755218359140525
"p1245": 0
"p1246": 0.009207042738516599
"p1247": 0.003985390664250594
"p1248": 0.001294593379133337
"p1249": 0.00017875926020009746
"p1250": 0.0028074612233531093
"p1251": 0.0024198358801823714
"p1252": 0
"p1253": 0
"p1254": 0
"p1255": 0
"p1256": 0.00045724737082761767
"p1257": 5.645029269476761E-06
"p1258": 0.0017029171629588228
"p1259": 0.0006736401594908936
"p1260": 0.0003989154017096911
"p1261": 1.1290058538953523E-05
"p1262": 0.001559909754798745
"p1263": 0.0005550945448318816
"p1264": 0.00014677076100639576
"p1265": 0
"p1266": 0.0036749140544293708
"p1267": 0.0008110025383814946
"p1268": 0
"p1269": 0
"p1270": 0
"p1271": 0
"p1272": 8.655711546531033E-05
"p1273": 0
"p1274": 0.0034340594722650298
"p1275": 0.0008015941562657
