"p1213": 0.016133493652164585
"p1214": 0.003650452260928306
"p1215": 0.0023803206752960344
"p1216": 0.0010085785628131813
"p1217": 0.0004779458114823658
"p1218": 0.0007150370408003898
"p1219": 0.0002577896699727721
"p1220": 1.3171734962112444E-05
"p1221": 4.892358700213193E-05
"p1222": 0
"p1223": 0
"p1224": 0.0005118159870992262
"p1225": 0.0003161216390906987
"p1226": 0.00019757602443168663
"p1227": 5.833196911792653E-05
"p1228": 0.0009314298294636654
"p1229": 0.0004929992228676371
"p1230": 0.00028977816916647367
"p1231": 0.00015053411385271363
"p1232": 5.2686939848449775E-05
"p1233": 0
"p1234": 5.6450292694767617E-05
"p1235": 1.8816764231589203E-05
"p1236": 0
"p1237": 0
"p1238": 0
"p1239": 0
"p1240": 7.5267056926356815E-06
"p1241": 0
"p1242": 1.1290058538953523E-05
"p1243": 0
"p1244": 4.139688130949625E-05
"p1245": 0
"p1246": 1.1290058538953523E-05
"p1247": 3.7633528463178407E-06
"p1248": 0.0050334844319501115
"p1249": 0.01080646769820168
"p1250": 0.0026042401696519456
"p1251": 0.01094571175351544
"p1252": 1.5053411385271363E-05
"p1253": 0.00012419064392848875
"p1254": 0
"p1255": 0
"p1256": 0.006089104905342266
"p1257": 0.01708185856943668
"p1258": 0.0016389401645714196
"p1259": 0.0062020054907318024
"p1260": 0.004346672537497106
"p1261": 0.009523164377607297
"p1262": 0.001441364140139733
"p1263": 0.003678677407275689
"p1264": 0.0025967134639593103
"p1265": 0.003191323213677529
"p1266": 0.0017367873385756834
"p1267": 0.0011177157953563984
"p1268": 1.8816764231589207E-05
"p1269": 7.526705692635683E-05
"p1270": 0
"p1271": 0
"p1272": 0.0018873214524283972
"p1273": 0.005880238822371627
"p1274": 0.0005626212505245172
"p1275": 0.0010970173547016505
