"p1213": 1.1290058538953523E-05
"p1214": 0.0366588200759821
"p1215": 0.01027395327044771
"p1216": 0.00010537387969689952
"p1217": 0
"p1218": 0.00017311423093062064
"p1219": 0
"p1220": 0
"p1221": 0
"p1222": 0
"p1223": 0
"p1224": 9.408382115794599E-05
"p1225": 0
"p1226": 0.0012343797335922515
"p1227": 0.0003424651090149235
"p1228": 2.4461793501065963E-05
"p1229": 0
"p1230": 0.00046477407652025323
"p1231": 7.526705692635683E-05
"p1232": 0.0001034922032737406
"p1233": 0
"p1234": 0.0005099343106760674
"p1235": 1.5053411385271363E-05
"p1236": 0
"p1237": 0
"p1238": 0
"p1239": 0
"p1240": 8.843879188846925E-05
"p1241": 0
"p1242": 0.003196968242947005
"p1243": 0.0006058998082571724
"p1244": 9.408382115794602E-06
"p1245": 0
"p1246": 0.0014169023466386668
"p1247": 0.00011290058538953522
"p1248": 0.00041961384236443927
"p1249": 0
"p1250": 0.0010687922083542666
"p1251": 0.0002653163756654078
"p1252": 0
"p1253": 0
"p1254": 1.1290058538953523E-05
"p1255": 0
"p1256": 0.005490731802777729
"p1257": 0.0006190715432192848
"p1258": 0.014137034967192973
"p1259": 0.009799770811811657
"p1260": 0.0009295481530405065
"p1261": 4.139688130949625E-05
"p1262": 0.005082408018952244
"p1263": 0.0022693017663296578
"p1264": 0.00045348401798129986
"p1265": 0
"p1266": 0.0020566723305126995
"p1267": 0.0005607395741013581
"p1268": 0
"p1269": 0
"p1270": 8.467543904215141E-05
"p1271": 1.1290058538953523E-05
"p1272": 0.004092646220370652
"p1273": 0.0003274116976296521
"p1274": 0.028377562137659684
"p1275": 0.015311201055244132
