"p1213": 0.018824290937281843
"p1214": 0.004743706262783639
"p1215": 0.004310920685457088
"p1216": 8.843879188846925E-05
"p1217": 0.0002427362585875007
"p1218": 1.5053411385271363E-05
"p1219": 4.139688130949625E-05
"p1220": 0.00030106822770542725
"p1221": 0.0004835908407518425
"p1222": 6.021364554108544E-05
"p1223": 0.0002897781691664738
"p1224": 0.0010029335335437046
"p1225": 0.0007639606278025217
"p1226": 0.0007432621871477736
"p1227": 0.0005757929854866296
"p1228": 0.00210935927036115
"p1229": 0.0013773871417523296
"p1230": 0.0017537224263841137
"p1231": 0.001857214629657854
"p1232": 0.000306713256974904
"p1233": 0.0003838619903244198
"p1234": 6.962202765688005E-05
"p1235": 3.3870175616860565E-05
"p1236": 0.0007601972749562036
"p1237": 0.000846754390421514
"p1238": 0.00015617914312219042
"p1239": 0.00021827446508643477
"p1240": 0.002231668237866479
"p1241": 0.0014056122880997135
"p1242": 0.0015749631661840162
"p1243": 0.00044407563586550526
"p1244": 0.004284577215532862
"p1245": 0.0026117668753445813
"p1246": 0.003432177795841872
"p1247": 0.0010255136506216113
"p1248": 0.00019004931873905096
"p1249": 0.0009728267107731619
"p1250": 4.327855773265517E-05
"p1251": 0.0002333278764717061
"p1252": 0.0007300904521856611
"p1253": 0.0018402795418494245
"p1254": 0.00014112573173691902
"p1255": 0.0010029335335437046
"p1256": 0.0035657768218861547
"p1257": 0.011329573743839864
"p1258": 0.0018797947467357617
"p1259": 0.007411923430822989
"p1260": 0.006687478007906804
"p1261": 0.013860428532988614
"p1262": 0.004049367662637997
"p1263": 0.01347844821908735
"p1264": 0.0007620789513793627
"p1265": 0.0022316682378664796
"p1266": 0.00024085458216434183
"p1267": 0.0003932703724402144
"p1268": 0.002009630419933727
"p1269": 0.0032364834478333434
"p1270": 0.0005042892814065906
"p1271": 0.0011365325595879877
"p1272": 0.007901159300844307
"p1273": 0.016622729522185905
"p1274": 0.004754996321322592
"p1275": 0.006975374500650117
