"p1213": 1
"p1214": 0.011675802205701103
"p1215": 0.008190937470010783
"p1216": 1.8816764231589203E-05
"p1217": 3.9515204886337324E-05
"p1218": 0
"p1219": 3.7633528463178407E-06
"p1220": 8.279376261899248E-05
"p1221": 7.903040977267465E-05
"p1222": 1.1290058538953523E-05
"p1223": 0.00010537387969689952
"p1224": 0.00019945770085484554
"p1225": 0.00013359902604428335
"p1226": 7.714873334951574E-05
"p1227": 6.962202765688005E-05
"p1228": 0.0006209532196424437
"p1229": 0.0003763352846317841
"p1230": 0.00040079707813285006
"p1231": 0.0003556368439770359
"p1232": 0.00012607232035164766
"p1233": 0.00012230896750532982
"p1234": 1.1290058538953523E-05
"p1235": 3.7633528463178407E-06
"p1236": 0.0002653163756654078
"p1237": 0.0001919309951622099
"p1238": 3.7633528463178407E-05
"p1239": 0.00011101890896637629
"p1240": 0.0009013230066931229
"p1241": 0.0005249877220613388
"p1242": 0.00043278557732655173
"p1243": 8.843879188846926E-05
"p1244": 0.0015260395791818842
"p1245": 0.0007037469822614362
"p1246": 0.0009502465936952546
"p1247": 0.0002653163756654078
"p1248": 7.338538050319791E-05
"p1249": 0.0005513311919855637
"p1250": 3.010682277054273E-05
"p1251": 0.00010349220327374063
"p1252": 0.0002897781691664737
"p1253": 0.0010480937676995187
"p1254": 6.39769983874033E-05
"p1255": 0.00023897290574118285
"p1256": 0.0018816764231589203
"p1257": 0.00723128249419973
"p1258": 0.00039515204886337327
"p1259": 0.003403952649494486
"p1260": 0.0035112082056145454
"p1261": 0.009178817592169215
"p1262": 0.0013265818783270388
"p1263": 0.007043114851883839
"p1264": 0.00039703372528653215
"p1265": 0.0015900165775692876
"p1266": 9.784717400426385E-05
"p1267": 0.00020322105370116343
"p1268": 0.0007733690099183162
"p1269": 0.0016558752523798495
"p1270": 0.00013924405531376012
"p1271": 0.0003744536082086251
"p1272": 0.005311972542577634
"p1273": 0.01336742931012097
"p1274": 0.0015843715482998112
"p1275": 0.004551775267621429
