"p1213": 0.0002559079935496132
"p1214": 0.013282753871078823
"p1215": 0.011634405324391608
"p1216": 0.0002051027301243223
"p1217": 0
"p1218": 0.0001204272910821709
"p1219": 6.774035123372113E-05
"p1220": 0.00037445360820862513
"p1221": 9.972885042742277E-05
"p1222": 0.00038009863747810193
"p1223": 0.0002897781691664738
"p1224": 0.0007940674505730644
"p1225": 5.645029269476761E-06
"p1226": 0.001537329637720838
"p1227": 0.0008166475676509714
"p1228": 0.0016935087808430283
"p1229": 8.467543904215141E-05
"p1230": 0.003289170387681793
"p1231": 0.0020830158004369243
"p1232": 0.0003481101382844002
"p1233": 0
"p1234": 0.0004083237838254858
"p1235": 8.655711546531032E-05
"p1236": 0.0007620789513793627
"p1237": 6.0213645541085445E-05
"p1238": 0.0009013230066931227
"p1239": 0.00030294990412858613
"p1240": 0.0014112573173691904
"p1241": 5.645029269476761E-06
"p1242": 0.0037934596690883827
"p1243": 0.0009765900636194793
"p1244": 0.002741602548542547
"p1245": 4.516023415581409E-05
"p1246": 0.007985834739886457
"p1247": 0.0018045276898094045
"p1248": 0.0008561627725373088
"p1249": 0
"p1250": 0.00026907972851172564
"p1251": 0.00033493840332228785
"p1252": 0.001409375640946031
"p1253": 0.00031612163909069865
"p1254": 0.0007489072164172504
"p1255": 0.0012682499092091122
"p1256": 0.008136368853739173
"p1257": 0.00039327037244021434
"p1258": 0.005897173910180058
"p1259": 0.010277716623294025
"p1260": 0.009976648395588598
"p1261": 0.0018628596589273312
"p1262": 0.009496820907683074
"p1263": 0.017375400091449472
"p1264": 0.0020002220378179322
"p1265": 0
"p1266": 0.0009935251514279098
"p1267": 0.000827937626189925
"p1268": 0.0027924078119678382
"p1269": 0.00020698440654748124
"p1270": 0.0024160725273360533
"p1271": 0.0016295317824556249
"p1272": 0.01148951623980837
"p1273": 0.0001768775837769385
"p1274": 0.01355183359959055
"p1275": 0.013713657771982217
