"p1213": 0.024000782777392034
"p1214": 0.005255522249882866
"p1215": 0.0032778803291428397
"p1216": 8.279376261899248E-05
"p1217": 7.903040977267465E-05
"p1218": 1.1290058538953523E-05
"p1219": 0.00010537387969689952
"p1220": 0
"p1221": 0
"p1222": 0
"p1223": 0
"p1224": 0.0006153081903729669
"p1225": 0.0003612818732465127
"p1226": 0.00039138869601705546
"p1227": 0.00034434678543808234
"p1228": 0.0002163927886632758
"p1229": 0.00019004931873905094
"p1230": 9.032046831162817E-05
"p1231": 9.032046831162818E-05
"p1232": 0.0002653163756654078
"p1233": 0.0001919309951622099
"p1234": 3.7633528463178407E-05
"p1235": 0.00011101890896637629
"p1236": 0
"p1237": 0
"p1238": 0
"p1239": 0
"p1240": 0.001558028078375586
"p1241": 0.0007940674505730644
"p1242": 0.0009803534164657976
"p1243": 0.0003161216390906986
"p1244": 0.0007714873334951574
"p1245": 0.000472300782212889
"p1246": 0.00026343469924224885
"p1247": 4.704191057897302E-05
"p1248": 0.0002897781691664737
"p1249": 0.0010480937676995187
"p1250": 6.39769983874033E-05
"p1251": 0.00023897290574118285
"p1252": 0
"p1253": 1.1290058538953523E-05
"p1254": 0
"p1255": 0
"p1256": 0.0041773216594128025
"p1257": 0.01338624607435256
"p1258": 0.0013773871417523296
"p1259": 0.008778020514036365
"p1260": 0.0014827610214492293
"p1261": 0.004598817178200401
"p1262": 0.00039891540170969113
"p1263": 0.0018967298345441918
"p1264": 0.0007733690099183162
"p1265": 0.0016558752523798495
"p1266": 0.00013924405531376012
"p1267": 0.0003744536082086251
"p1268": 1.6935087808430286E-05
"p1269": 7.903040977267465E-05
"p1270": 0
"p1271": 0
"p1272": 0.010102720715940242
"p1273": 0.02126106190527264
"p1274": 0.004542366885505635
"p1275": 0.00913177568159024
