"p1213": 0.00011290058538953522
"p1214": 0.02436206465063855
"p1215": 0.011843271407362247
"p1216": 0.0010217502977752937
"p1217": 0
"p1218": 0.0005739113090634706
"p1219": 0.0004892358700213193
"p1220": 0.0007790140391877931
"p1221": 0.00017875926020009743
"p1222": 0.0004478389887118231
"p1223": 0.0007225637464930254
"p1224": 0.007918094388652737
"p1225": 0.00013359902604428335
"p1226": 0.005046656166912224
"p1227": 0.008130723824469697
"p1228": 0.005189663575072303
"p1229": 0.0005400411334466101
"p1230": 0.0058350785882158125
"p1231": 0.007137198673041788
"p1232": 0
"p1233": 0
"p1234": 7.5267056926356815E-06
"p1235": 0
"p1236": 0
"p1237": 0
"p1238": 1.5053411385271363E-05
"p1239": 3.7633528463178407E-06
"p1240": 0
"p1241": 0
"p1242": 9.032046831162818E-05
"p1243": 7.5267056926356815E-06
"p1244": 0
"p1245": 0
"p1246": 0.00022956452362538827
"p1247": 7.5267056926356815E-06
"p1248": 0.00016746920166114393
"p1249": 0
"p1250": 9.032046831162818E-05
"p1251": 0.00011854561465901199
"p1252": 0.00044407563586550515
"p1253": 0.00030106822770542725
"p1254": 0.00036692690251598946
"p1255": 0.0002897781691664737
"p1256": 0.0034190060608797574
"p1257": 0.0001825226130464153
"p1258": 0.002005867067087409
"p1259": 0.004615752266008832
"p1260": 0.006664897890828895
"p1261": 0.001275776614901748
"p1262": 0.004107699631755923
"p1263": 0.010546796351805748
"p1264": 0.0003838619903244197
"p1265": 0
"p1266": 0.000284133139896997
"p1267": 9.408382115794603E-05
"p1268": 0.00038386199032441974
"p1269": 9.408382115794602E-06
"p1270": 0.0004911175464444783
"p1271": 0.0002483812878569775
"p1272": 0.004429466300116098
"p1273": 1.88167642315892E-05
"p1274": 0.00322331171287123
"p1275": 0.002967403719321617
