"p1213": 0.013811504945986475
"p1214": 0.0019644701857779124
"p1215": 0.001674692016611439
"p1216": 0.0027114957257720037
"p1217": 0.00608345987607279
"p1218": 0.0009803534164657976
"p1219": 0.0031630980673301454
"p1220": 0.0032778803291428392
"p1221": 0.005528365331240908
"p1222": 0.0021977980622496186
"p1223": 0.004371134330998173
"p1224": 0.0018383978654262652
"p1225": 0.0055904606532051525
"p1226": 0.0003368200797454468
"p1227": 0.001017986944928976
"p1228": 0.0011346508831648289
"p1229": 0.002271183442752817
"p1230": 0.00033117505047597
"p1231": 0.0005475678391392458
"p1232": 4.8923587002131926E-05
"p1233": 0
"p1234": 3.0106822770542726E-05
"p1235": 7.5267056926356815E-06
"p1236": 0.0001016105268505817
"p1237": 0
"p1238": 7.526705692635681E-05
"p1239": 7.5267056926356815E-06
"p1240": 7.5267056926356815E-06
"p1241": 0
"p1242": 3.7633528463178407E-06
"p1243": 0
"p1244": 4.8923587002131926E-05
"p1245": 0
"p1246": 3.7633528463178407E-06
"p1247": 3.7633528463178407E-06
"p1248": 0.001065028855507949
"p1249": 0.003627872143850398
"p1250": 0.00027660643420436126
"p1251": 0.002767946018466772
"p1252": 0.0034152427080334407
"p1253": 0.008320773143208745
"p1254": 0.0012945933791333373
"p1255": 0.007549285809713587
"p1256": 0.0004290222244802338
"p1257": 0.0015711998133376985
"p1258": 4.704191057897301E-05
"p1259": 0.000425258871633916
"p1260": 0.0006548233952593043
"p1261": 0.0017518407499609548
"p1262": 0.00013171734962112442
"p1263": 0.0006265982489119206
"p1264": 0.0019418900687000055
"p1265": 0.00385179163820631
"p1266": 0.0006736401594908936
"p1267": 0.0011195974717795574
"p1268": 0.0037313643471241394
"p1269": 0.00493375558152269
"p1270": 0.0024254809094518487
"p1271": 0.0017800658963083385
"p1272": 0.000735735481455138
"p1273": 0.0023633855874876037
"p1274": 0.00012795399677480656
"p1275": 0.00016558752523798497
