"p1213": 7.5267056926356815E-06
"p1214": 0.004436993005808735
"p1215": 0.0015279212556050432
"p1216": 0.003797223021934703
"p1217": 0.001087608972585856
"p1218": 0.005182136869379668
"p1219": 0.00871404351564896
"p1220": 0.0002295645236253883
"p1221": 9.220214473478709E-05
"p1222": 6.0213645541085445E-05
"p1223": 3.7633528463178407E-06
"p1224": 0.005597987358897789
"p1225": 0.00015241579027587256
"p1226": 0.0037370093763936163
"p1227": 0.005581052271089359
"p1228": 0.0047230078221288906
"p1229": 0.00015429746669903143
"p1230": 0.004478389887118231
"p1231": 0.005244232191343913
"p1232": 1
"p1233": 0.0005852013676024242
"p1234": 0.008027231621195957
"p1235": 0.008567272754642566
"p1236": 0.0003895070195938965
"p1237": 6.021364554108545E-05
"p1238": 0.00012230896750532982
"p1239": 3.7633528463178407E-06
"p1240": 0.011081192455982884
"p1241": 0.00017123255450746176
"p1242": 0.01211235113587397
"p1243": 0.013026845877529208
"p1244": 0.007887987565882194
"p1245": 0
"p1246": 0.010418842355030947
"p1247": 0.00687188229737638
"p1248": 0.003467929647881891
"p1249": 0.0007940674505730644
"p1250": 0.003595883644656697
"p1251": 0.007438266900747214
"p1252": 4.704191057897301E-05
"p1253": 3.951520488633733E-05
"p1254": 1.1290058538953523E-05
"p1255": 0
"p1256": 0.0023520955289486503
"p1257": 3.9515204886337324E-05
"p1258": 0.001422547375908144
"p1259": 0.002273065119175976
"p1260": 0.0028902549859721027
"p1261": 8.655711546531033E-05
"p1262": 0.0016859820751503926
"p1263": 0.003200731595793324
"p1264": 0.0029711670721679346
"p1265": 7.526705692635681E-05
"p1266": 0.009865629486622219
"p1267": 0.0030182089827469082
"p1268": 0.0003895070195938965
"p1269": 4.327855773265517E-05
"p1270": 0.00010161052685058171
"p1271": 0
"p1272": 0.002585423405420357
"p1273": 3.7633528463178407E-06
"p1274": 0.006011956171992752
"p1275": 0.0021564011809401223
