"p1213": 0.011892194994364376
"p1214": 0.00796513629923171
"p1215": 0.0031292278917132844
"p1216": 7.338538050319791E-05
"p1217": 0.0005099343106760674
"p1218": 3.010682277054273E-05
"p1219": 0.00010349220327374063
"p1220": 0.0002653163756654078
"p1221": 0.0008354643318825607
"p1222": 5.4568616271608685E-05
"p1223": 0.00016935087808430283
"p1224": 0.0015636731076450628
"p1225": 0.005912227321565328
"p1226": 0.00036316354966967166
"p1227": 0.002833804693277333
"p1228": 0.002384084028142353
"p1229": 0.005893410557333739
"p1230": 0.0011195974717795576
"p1231": 0.00474182458636048
"p1232": 0.00035187349113071807
"p1233": 0.0015354479612976783
"p1234": 9.220214473478709E-05
"p1235": 0.00019757602443168663
"p1236": 0.0005927280732950597
"p1237": 0.001390558876714442
"p1238": 0.00011101890896637629
"p1239": 0.00035187349113071807
"p1240": 0.004926228875830054
"p1241": 0.01253008330181525
"p1242": 0.0014564175515250043
"p1243": 0.0044031228301918725
"p1244": 0.005466270009276664
"p1245": 0.009126130652320765
"p1246": 0.0029165984558963266
"p1247": 0.004913057140867941
"p1248": 1.8816764231589204E-06
"p1249": 5.645029269476761E-05
"p1250": 0
"p1251": 5.645029269476761E-06
"p1252": 3.951520488633733E-05
"p1253": 0.0002069844065474812
"p1254": 1.1290058538953523E-05
"p1255": 0.00010349220327374063
"p1256": 0.0003763352846317841
"p1257": 0.0014112573173691904
"p1258": 6.774035123372114E-05
"p1259": 0.000683048541606688
"p1260": 0.0014714709629102757
"p1261": 0.0036598606430441006
"p1262": 0.0005042892814065906
"p1263": 0.0028018161940836324
"p1264": 6.962202765688005E-05
"p1265": 0.00011478226181269415
"p1266": 3.7633528463178407E-06
"p1267": 1.3171734962112442E-05
"p1268": 0.00018064093662325636
"p1269": 0.00020886608297064014
"p1270": 2.0698440654748124E-05
"p1271": 7.150370408003896E-05
"p1272": 0.0012663682327859532
"p1273": 0.0013529253482512638
"p1274": 0.0005042892814065906
"p1275": 0.00035751852040019486
