"p1213": 0.007568102573945178
"p1214": 0.0014714709629102757
"p1215": 0.0009747083871963208
"p1216": 0.0012362614100154107
"p1217": 0.003983508987827435
"p1218": 0.00031988499193701646
"p1219": 0.0024781678493002975
"p1220": 0.0021375844167085337
"p1221": 0.005084289695375404
"p1222": 0.0010706738847774259
"p1223": 0.004523550121274045
"p1224": 0.0003725719317854662
"p1225": 0.0022787101484454523
"p1226": 5.456861627160869E-05
"p1227": 0.0004233771952107571
"p1228": 0.0004120871366718035
"p1229": 0.0014187840230618259
"p1230": 9.220214473478709E-05
"p1231": 0.00047041910578973003
"p1232": 0.00317250644944594
"p1233": 0.0067533366827173666
"p1234": 0.0011252425010490343
"p1235": 0.003373845826723944
"p1236": 0.004228126922838095
"p1237": 0.006683714655060485
"p1238": 0.0025666066411887674
"p1239": 0.0046609125001646455
"p1240": 0.002188389680133824
"p1241": 0.006343131222468721
"p1242": 0.000380098637478102
"p1243": 0.0011045440603942862
"p1244": 0.0016464668702640553
"p1245": 0.003029499041285861
"p1246": 0.00043843060659602847
"p1247": 0.0006416516602971918
"p1248": 0.0003180033155138575
"p1249": 0.001134650883164829
"p1250": 6.39769983874033E-05
"p1251": 0.0006341249546045562
"p1252": 0.0014112573173691901
"p1253": 0.0033776091795702625
"p1254": 0.0004892358700213193
"p1255": 0.0027585376363509773
"p1256": 6.585867481056221E-05
"p1257": 0.000308594933398063
"p1258": 5.645029269476761E-06
"p1259": 4.8923587002131926E-05
"p1260": 0.00011854561465901199
"p1261": 0.000476064135059207
"p1262": 2.0698440654748124E-05
"p1263": 0.00016558752523798497
"p1264": 0.0009653000050805262
"p1265": 0.000946483240848937
"p1266": 0.00042902222448023387
"p1267": 0.00033305672689912887
"p1268": 0.002446179350106596
"p1269": 0.0017367873385756834
"p1270": 0.0017160888979209355
"p1271": 0.0007752506863414753
"p1272": 0.0003725719317854662
"p1273": 0.0004647740765202533
"p1274": 8.091208619583358E-05
"p1275": 2.4461793501065966E-05
