"p1213": 0.00018064093662325633
"p1214": 0.031034489247160083
"p1215": 0.00496762575713955
"p1216": 7.338538050319791E-05
"p1217": 0
"p1218": 0.0005833196911792653
"p1219": 6.774035123372114E-05
"p1220": 0.00040644210740232675
"p1221": 0
"p1222": 0.0009013230066931227
"p1223": 0.0002747247577812023
"p1224": 0.0014996961092576594
"p1225": 6.585867481056221E-05
"p1226": 0.006217058902117072
"p1227": 0.002895900015241578
"p1228": 0.0028770832510099887
"p1229": 0.00039891540170969113
"p1230": 0.0067025314192920744
"p1231": 0.005705242915017847
"p1232": 0.00013359902604428335
"p1233": 0
"p1234": 0.0017480773971146365
"p1235": 0.00034058343259176454
"p1236": 0.0004892358700213193
"p1237": 0
"p1238": 0.0016445851938408963
"p1239": 0.0005475678391392458
"p1240": 0.001870386364619966
"p1241": 5.4568616271608685E-05
"p1242": 0.014492671811170008
"p1243": 0.007891750918728511
"p1244": 0.002327633735447584
"p1245": 0.00027284308135804345
"p1246": 0.013472803189817873
"p1247": 0.008356524995248768
"p1248": 3.7633528463178407E-06
"p1249": 0
"p1250": 5.833196911792653E-05
"p1251": 1.8816764231589204E-06
"p1252": 0.00014300740816007796
"p1253": 0
"p1254": 0.00025402631712645424
"p1255": 2.0698440654748124E-05
"p1256": 0.0003857436667475786
"p1257": 1.6935087808430286E-05
"p1258": 0.0014752343157565931
"p1259": 0.0006077814846803312
"p1260": 0.0016144783710703534
"p1261": 0.00017875926020009746
"p1262": 0.004118989690294877
"p1263": 0.002942941925820551
"p1264": 7.5267056926356815E-06
"p1265": 0
"p1266": 0.0001731142309306207
"p1267": 2.2580117077907045E-05
"p1268": 6.774035123372113E-05
"p1269": 0
"p1270": 0.0003838619903244198
"p1271": 3.0106822770542722E-05
"p1272": 0.00011290058538953522
"p1273": 0
"p1274": 0.0028225146347383807
"p1275": 0.0005908463968719009
