"p1213": 0.007891750918728513
"p1214": 0.0006077814846803313
"p1215": 0.0005908463968719009
"p1216": 0.0005475678391392459
"p1217": 0.0005381594570234514
"p1218": 0.00012419064392848875
"p1219": 0.00021827446508643477
"p1220": 3.7633528463178407E-05
"p1221": 0.00013548070246744229
"p1222": 0
"p1223": 0
"p1224": 0.003631635496696717
"p1225": 0.002035973889857952
"p1226": 0.002971167072167936
"p1227": 0.0013755054653291703
"p1228": 0.0028770832510099887
"p1229": 0.0023276337354475843
"p1230": 0.0016144783710703536
"p1231": 0.0001599424959685082
"p1232": 0.0001731142309306207
"p1233": 0.0001467707610063958
"p1234": 3.198849919370165E-05
"p1235": 3.3870175616860565E-05
"p1236": 7.5267056926356815E-06
"p1237": 3.7633528463178407E-05
"p1238": 0
"p1239": 0
"p1240": 0.0006134265139498083
"p1241": 0.00023709122931802397
"p1242": 0.0006717584830677345
"p1243": 0.00018064093662325633
"p1244": 0.00039891540170969113
"p1245": 0.00027284308135804345
"p1246": 0.00017875926020009746
"p1247": 0
"p1248": 0.0014037306116765546
"p1249": 0.0032289567421407072
"p1250": 0.00034999181470755925
"p1251": 0.002084897476860084
"p1252": 7.714873334951573E-05
"p1253": 0.0003499918147075592
"p1254": 0
"p1255": 0
"p1256": 0.01666788975634172
"p1257": 1
"p1258": 0.011250543334067187
"p1259": 0.031034489247160083
"p1260": 0.0067025314192920744
"p1261": 0.013472803189817879
"p1262": 0.004118989690294877
"p1263": 0.006472966895666688
"p1264": 0.001531684608451361
"p1265": 0.0023615039110644453
"p1266": 0.00038574366674757867
"p1267": 0.0004290222244802338
"p1268": 5.4568616271608685E-05
"p1269": 0.00027284308135804345
"p1270": 0
"p1271": 0
"p1272": 0.009160000827937626
"p1273": 0.014191603583464581
"p1274": 0.007314076256818724
"p1275": 0.0049676257571395505
