"p1213": 0
"p1214": 0.0025628432883424497
"p1215": 0.0021902713565569833
"p1216": 0.0009841167693121155
"p1217": 5.645029269476761E-06
"p1218": 0.002609885198921423
"p1219": 0.0008015941562656999
"p1220": 0.001610715018224036
"p1221": 6.962202765688005E-05
"p1222": 0.005155793399455443
"p1223": 0.0015298029320282018
"p1224": 0.0004685374293665712
"p1225": 0
"p1226": 0.0007865407448804287
"p1227": 0.00017687758377693847
"p1228": 0.0015410929905671556
"p1229": 0
"p1230": 0.0025797783761508804
"p1231": 0.000398915401709691
"p1232": 0.00012607232035164766
"p1233": 0
"p1234": 0.000472300782212889
"p1235": 2.2580117077907045E-05
"p1236": 0.00027096140493488457
"p1237": 1.6935087808430282E-05
"p1238": 0.0013755054653291706
"p1239": 0.0001298356731979655
"p1240": 3.010682277054273E-05
"p1241": 0
"p1242": 6.774035123372114E-05
"p1243": 0
"p1244": 0.00023144620004854718
"p1245": 0
"p1246": 0.0004158504895181215
"p1247": 3.198849919370165E-05
"p1248": 0.009391447027986173
"p1249": 0.0005946097497182189
"p1250": 0.008902211157964853
"p1251": 0.014857717037262838
"p1252": 1
"p1253": 0.0030614875404795633
"p1254": 0.017074331863744047
"p1255": 0.026830824117823053
"p1256": 0.007344183079589266
"p1257": 0
"p1258": 0.005146385017339648
"p1259": 0.0060627614354180435
"p1260": 0.00671193980140787
"p1261": 3.3870175616860565E-05
"p1262": 0.004967625757139551
"p1263": 0.0052122436921502105
"p1264": 0.00414909651306542
"p1265": 1.5053411385271363E-05
"p1266": 0.006196360461462326
"p1267": 0.004435111329385575
"p1268": 0.0058407236174852885
"p1269": 9.032046831162817E-05
"p1270": 0.014808793450260706
"p1271": 0.007551167486136749
"p1272": 0.0027227857843109583
"p1273": 0
"p1274": 0.0017951193076936097
"p1275": 0.0014940510799881829
