"p1213": 3.7633528463178407E-06
"p1214": 0.007603854425985199
"p1215": 0.007615144484524152
"p1216": 0.0012927117027101782
"p1217": 8.467543904215141E-05
"p1218": 0.00284133139896997
"p1219": 0.001975760244316866
"p1220": 7.150370408003896E-05
"p1221": 3.575185204001949E-05
"p1222": 2.2580117077907042E-05
"p1223": 0
"p1224": 0.00040644210740232686
"p1225": 1.8816764231589204E-06
"p1226": 0.0005814380147561064
"p1227": 0.00027096140493488446
"p1228": 0.001347280318981787
"p1229": 3.7633528463178407E-06
"p1230": 0.0020246838313189982
"p1231": 0.0010123419156594991
"p1232": 0.001315291819788085
"p1233": 4.516023415581409E-05
"p1234": 0.004563065326160382
"p1235": 0.0013247002019038795
"p1236": 0.0001919309951622099
"p1237": 2.4461793501065966E-05
"p1238": 5.8331969117926534E-05
"p1239": 0
"p1240": 0.001089490649009015
"p1241": 1.8816764231589204E-06
"p1242": 0.0031894415372543694
"p1243": 0.0008298193026130835
"p1244": 0.0026719805208856666
"p1245": 3.7633528463178407E-06
"p1246": 0.005957387555721141
"p1247": 0.000865571154653103
"p1248": 0.006599039216018334
"p1249": 0.0018628596589273312
"p1250": 0.006950912707149053
"p1251": 0.01506470144381032
"p1252": 0.0002559079935496132
"p1253": 0.00011101890896637629
"p1254": 6.209532196424438E-05
"p1255": 3.7633528463178407E-06
"p1256": 0.007665949747949442
"p1257": 0.00019004931873905094
"p1258": 0.004843435113211061
"p1259": 0.0076038544259852
"p1260": 0.006922687560801669
"p1261": 0.00023709122931802397
"p1262": 0.0052668123084218185
"p1263": 0.007615144484524152
"p1264": 1
"p1265": 0.0006247165724887616
"p1266": 0.01275023944332485
"p1267": 0.010687922083542672
"p1268": 0.0006247165724887615
"p1269": 8.27937626189925E-05
"p1270": 0.0001731142309306207
"p1271": 3.7633528463178407E-06
"p1272": 0.01275023944332485
"p1273": 0.0001731142309306207
"p1274": 0.015405284876402081
"p1275": 0.0144700916940921
