"p1213": 4.516023415581409E-05
"p1214": 0.007494717193441981
"p1215": 0.002909071750203691
"p1216": 0.0007150370408003896
"p1217": 0
"p1218": 0.0002577896699727721
"p1219": 0.0003029499041285862
"p1220": 0.0011214791482027165
"p1221": 0.0002389729057411829
"p1222": 0.000709392011530913
"p1223": 0.0009201397709247119
"p1224": 0.0059705592906832555
"p1225": 0.0002803697870506791
"p1226": 0.00486413355386581
"p1227": 0.007421331812938783
"p1228": 0.005789918354060002
"p1229": 0.001087608972585856
"p1230": 0.006986664559189073
"p1231": 0.010048152099668636
"p1232": 0.00174243236784516
"p1233": 0
"p1234": 0.000922021447347871
"p1235": 0.0007507888928404093
"p1236": 0.0018214627776178343
"p1237": 0.00016182417239166716
"p1238": 0.0015015777856808184
"p1239": 0.001347280318981787
"p1240": 0.009974766719165437
"p1241": 0.00017123255450746176
"p1242": 0.011448119358498874
"p1243": 0.012405892657886766
"p1244": 1
"p1245": 0.0005852013676024242
"p1246": 0.014285687404622528
"p1247": 0.011826336319553817
"p1248": 0.0001825226130464153
"p1249": 0
"p1250": 3.387017561686057E-05
"p1251": 8.091208619583357E-05
"p1252": 0.00048735419359816035
"p1253": 0.00010725555612005845
"p1254": 0.0003292933740528111
"p1255": 0.0006096631611034902
"p1256": 0.0026042401696519456
"p1257": 0.00011854561465901197
"p1258": 0.0015994249596850824
"p1259": 0.003464166295035573
"p1260": 0.005099343106760675
"p1261": 0.0007940674505730644
"p1262": 0.004613870589585673
"p1263": 0.0085428109611415
"p1264": 0.0007263270993393432
"p1265": 0
"p1266": 0.00048735419359816035
"p1267": 0.00015429746669903146
"p1268": 0.0016558752523798495
"p1269": 8.091208619583358E-05
"p1270": 0.0017537224263841139
"p1271": 0.0005739113090634708
"p1272": 0.0031160561567511727
"p1273": 1.1290058538953523E-05
"p1274": 0.006595275863172017
"p1275": 0.0023389237939865385
