"p1213": 0.00033870175616860566
"p1214": 0.005042892814065906
"p1215": 0.00976213728334848
"p1216": 0.0002464996114338186
"p1217": 0.0010518571205458361
"p1218": 0.0012400247628617284
"p1219": 0.0015693181369145393
"p1220": 0
"p1221": 0
"p1222": 7.526705692635681E-05
"p1223": 0.0002954231984359505
"p1224": 0.0023464504996791734
"p1225": 0.004818973319709996
"p1226": 0.014163378437117197
"p1227": 1
"p1228": 0.0003989154017096912
"p1229": 0.0007188003936467076
"p1230": 0.006232112313502345
"p1231": 0.007827773920341112
"p1232": 1.3171734962112442E-05
"p1233": 3.198849919370165E-05
"p1234": 0.00023709122931802392
"p1235": 0.00014677076100639576
"p1236": 0
"p1237": 0
"p1238": 1.1290058538953523E-05
"p1239": 4.516023415581409E-05
"p1240": 0.00011101890896637629
"p1241": 6.962202765688005E-05
"p1242": 0.0016709286637651213
"p1243": 0.00043466725374971066
"p1244": 0
"p1245": 0
"p1246": 0.0011798111173206428
"p1247": 0.0005400411334466101
"p1248": 0.0002069844065474812
"p1249": 0.0015241579027587254
"p1250": 0.0006303616017582384
"p1251": 0.0011986278815522319
"p1252": 0
"p1253": 0
"p1254": 1.3171734962112442E-05
"p1255": 7.903040977267465E-05
"p1256": 0.003673032378006213
"p1257": 0.009605958140226287
"p1258": 0.010157289332211855
"p1259": 0.028612771690554553
"p1260": 0.0008505177432678321
"p1261": 0.0022937635598307238
"p1262": 0.00400985245775166
"p1263": 0.01037556379729829
"p1264": 0.00021827446508643477
"p1265": 0.0007093920115309128
"p1266": 0.0021921530329801426
"p1267": 0.0024668777907613446
"p1268": 0
"p1269": 0
"p1270": 6.962202765688006E-05
"p1271": 0.0003180033155138576
"p1272": 0.002459351085068709
"p1273": 0.0024480610265297555
"p1274": 0.018295539862374186
"p1275": 0.019441480804077968
