"p1213": 0.0009841167693121155
"p1214": 0.0170536334230893
"p1215": 0.02636416836487964
"p1216": 1.1290058538953523E-05
"p1217": 0.00010537387969689952
"p1218": 9.4083821157946E-05
"p1219": 6.774035123372113E-05
"p1220": 0
"p1221": 0
"p1222": 0
"p1223": 0
"p1224": 0.00024461793501065964
"p1225": 8.279376261899248E-05
"p1226": 0.0008015941562657001
"p1227": 0.0005588578976781994
"p1228": 4.704191057897301E-05
"p1229": 2.4461793501065963E-05
"p1230": 0.000259671346395931
"p1231": 0.0002333278764717061
"p1232": 1.1290058538953523E-05
"p1233": 0.0001034922032737406
"p1234": 0.00030294990412858624
"p1235": 0.00018816764231589203
"p1236": 0
"p1237": 0
"p1238": 0
"p1239": 0
"p1240": 0.00022391949435591154
"p1241": 7.714873334951573E-05
"p1242": 0.00236903061675708
"p1243": 0.0009841167693121153
"p1244": 2.4461793501065966E-05
"p1245": 9.408382115794602E-06
"p1246": 0.000987880122158433
"p1247": 0.0004911175464444782
"p1248": 4.327855773265517E-05
"p1249": 0.0006021364554108545
"p1250": 0.0003142399626675397
"p1251": 0.0007884224213035875
"p1252": 0
"p1253": 0
"p1254": 0
"p1255": 1.1290058538953523E-05
"p1256": 0.0017875926020009744
"p1257": 0.00616813531511494
"p1258": 0.005048537843335385
"p1259": 0.017053633423089295
"p1260": 0.000259671346395931
"p1261": 0.0009878801221584331
"p1262": 0.0017706575141925444
"p1263": 0.005249877220613388
"p1264": 5.456861627160869E-05
"p1265": 0.0005739113090634706
"p1266": 0.0008862695953078515
"p1267": 0.0015505013726829502
"p1268": 0
"p1269": 0
"p1270": 1.6935087808430286E-05
"p1271": 7.903040977267465E-05
"p1272": 0.0017179705743440945
"p1273": 0.00444451971150137
"p1274": 0.013741882918329597
"p1275": 0.026364168364879637
