"p1213": 0.01300802911329762
"p1214": 0.001187337823013279
"p1215": 0.0017142072214977766
"p1216": 0.0008825062424615337
"p1217": 0.0006284799253350794
"p1218": 0.0006717584830677345
"p1219": 0.0005268693984844977
"p1220": 0.001960706832931595
"p1221": 0.0011685210587816896
"p1222": 0.0016765736930345978
"p1223": 0.0018101727190788812
"p1224": 0.0001542974666990315
"p1225": 0.0001825226130464153
"p1226": 7.714873334951573E-05
"p1227": 4.8923587002131926E-05
"p1228": 0.0005249877220613388
"p1229": 0.0007112736879540719
"p1230": 0.0001580608195453493
"p1231": 0.000378216961054943
"p1232": 0.0017556041028072727
"p1233": 0.0010725555612005847
"p1234": 0.0013040017612491318
"p1235": 0.0003895070195938966
"p1236": 0.0031104111274816958
"p1237": 0.0015900165775692876
"p1238": 0.002939178572974234
"p1239": 0.0010066968863900222
"p1240": 0.0006021364554108545
"p1241": 0.000498644252137114
"p1242": 0.0002991865512822683
"p1243": 5.080526342529084E-05
"p1244": 0.0020529089776663823
"p1245": 0.0017047988393819819
"p1246": 0.0007263270993393432
"p1247": 0.00024085458216434183
"p1248": 0.0027604193127741365
"p1249": 0.00782965559676427
"p1250": 0.0015711998133376985
"p1251": 0.006267864165542365
"p1252": 0.005974322643529572
"p1253": 0.011847034760208567
"p1254": 0.0037708795520104772
"p1255": 0.013008029113297622
"p1256": 0.0009144947416552351
"p1257": 0.004130279748833831
"p1258": 0.0003217666683601754
"p1259": 0.0011873378230132787
"p1260": 0.001556146401952427
"p1261": 0.003881898460976853
"p1262": 0.00046477407652025334
"p1263": 0.0017142072214977766
"p1264": 0.005223533750689163
"p1265": 0.009336878411714563
"p1266": 0.0034547579129197772
"p1267": 0.005018431020564841
"p1268": 0.009336878411714565
"p1269": 1
"p1270": 0.00878742889615216
"p1271": 0.007553049162559909
"p1272": 0.0034547579129197772
"p1273": 0.00878742889615216
"p1274": 0.0014846426978723883
"p1275": 0.002062317359782177
