"p1213": 0.006297970988312907
"p1214": 0.00257977837615088
"p1215": 0.0011741660880511663
"p1216": 0.000190049318739051
"p1217": 0.0008204109204972892
"p1218": 4.3278557732655166E-05
"p1219": 0.0002088660829706402
"p1220": 0.0007018653058382772
"p1221": 0.001418784023061826
"p1222": 0.00014300740816007796
"p1223": 0.0007131553643772308
"p1224": 0.0027867627826983618
"p1225": 0.008339589907440338
"p1226": 0.0016916271044198697
"p1227": 0.005359014453156606
"p1228": 0.004280813862686546
"p1229": 0.008096853648852835
"p1230": 0.0033098688283365414
"p1231": 0.007752506863414753
"p1232": 0.0006962202765688006
"p1233": 0.0019738785678937074
"p1234": 0.0002182744650864348
"p1235": 0.0003518734911307182
"p1236": 0.0012927117027101782
"p1237": 0.002158282857363281
"p1238": 0.0003481101382844003
"p1239": 0.0009088497123857584
"p1240": 0.006719466507100506
"p1241": 0.014624389160791132
"p1242": 0.003994799046366388
"p1243": 0.006297970988312906
"p1244": 0.008096853648852834
"p1245": 1
"p1246": 0.00654070724690041
"p1247": 0.006281035900504477
"p1248": 1.8816764231589203E-05
"p1249": 0.00019757602443168663
"p1250": 1.8816764231589204E-06
"p1251": 6.0213645541085445E-05
"p1252": 0.00023709122931802397
"p1253": 0.000615308190372967
"p1254": 4.139688130949625E-05
"p1255": 0.0005983731025645366
"p1256": 0.0011497042945501003
"p1257": 0.003394544267378693
"p1258": 0.0005099343106760675
"p1259": 0.00257977837615088
"p1260": 0.003309868828336542
"p1261": 0.00654070724690041
"p1262": 0.001793237631270451
"p1263": 0.007011126352690139
"p1264": 0.0003970337252865322
"p1265": 0.0007394988343014557
"p1266": 0.0001016105268505817
"p1267": 6.774035123372113E-05
"p1268": 0.0014225473759081437
"p1269": 0.001772539190615703
"p1270": 0.0003424651090149235
"p1271": 0.00046477407652025334
"p1272": 0.0037276009942778217
"p1273": 0.0036090553796188094
"p1274": 0.0027058506965025276
"p1275": 0.0011741660880511663
