"p1213": 0
"p1214": 0.008778020514036365
"p1215": 0.0018967298345441918
"p1216": 0.00014865243742955472
"p1217": 1.1290058538953523E-05
"p1218": 0.0035431967048082475
"p1219": 0.0006360066310277148
"p1220": 0.00044407563586550505
"p1221": 0.00010725555612005845
"p1222": 0.007020534734805932
"p1223": 0.0012833033205943833
"p1224": 2.634346992422488E-05
"p1225": 0
"p1226": 0.0012663682327859534
"p1227": 0.00015429746669903143
"p1228": 0.0001825226130464153
"p1229": 0
"p1230": 0.004130279748833831
"p1231": 0.00021262943581695798
"p1232": 1.1290058538953523E-05
"p1233": 0
"p1234": 0.0005983731025645366
"p1235": 1.1290058538953523E-05
"p1236": 0.00013548070246744229
"p1237": 1.6935087808430282E-05
"p1238": 0.0018779130703126027
"p1239": 7.903040977267465E-05
"p1240": 0
"p1241": 0
"p1242": 9.784717400426387E-05
"p1243": 0
"p1244": 2.8225146347383805E-05
"p1245": 0
"p1246": 0.0006623501009519399
"p1247": 3.7633528463178407E-06
"p1248": 0.0045329585033898395
"p1249": 0.00040079707813285006
"p1250": 0.01752028917603271
"p1251": 0.012422827745695194
"p1252": 0.009577732993878903
"p1253": 0.002128176034592739
"p1254": 1
"p1255": 0.024000782777392034
"p1256": 0.000944601564425778
"p1257": 0
"p1258": 0.012411537687156245
"p1259": 0.005255522249882866
"p1260": 0.0023878473809886697
"p1261": 0
"p1262": 0.011602416825197904
"p1263": 0.00327788032914284
"p1264": 0.0007733690099183163
"p1265": 1.6935087808430286E-05
"p1266": 0.010102720715940244
"p1267": 0.004066302750446427
"p1268": 0.0016558752523798497
"p1269": 7.903040977267465E-05
"p1270": 0.021261061905272643
"p1271": 0.007532350721905161
"p1272": 0.00013924405531376012
"p1273": 0
"p1274": 0.004542366885505634
"p1275": 0.001418784023061826
