"p1213": 1.8816764231589203E-05
"p1214": 0.03198849919370166
"p1215": 0.006456031807858257
"p1216": 0.0019701152150473893
"p1217": 0.00027284308135804345
"p1218": 0.006563287363978315
"p1219": 0.005330789306809222
"p1220": 4.139688130949625E-05
"p1221": 0
"p1222": 3.198849919370165E-05
"p1223": 3.7633528463178407E-06
"p1224": 0.0018534512768115362
"p1225": 5.4568616271608685E-05
"p1226": 0.013694841007750624
"p1227": 0.006629146038788877
"p1228": 0.0006679951302214168
"p1229": 0
"p1230": 0.007280206081201863
"p1231": 0.002807461223353109
"p1232": 3.7633528463178407E-06
"p1233": 0
"p1234": 0.0001279539967748066
"p1235": 3.7633528463178407E-06
"p1236": 0
"p1237": 0
"p1238": 0
"p1239": 0
"p1240": 3.7633528463178407E-06
"p1241": 0
"p1242": 9.784717400426385E-05
"p1243": 3.7633528463178407E-06
"p1244": 3.7633528463178407E-06
"p1245": 0
"p1246": 0.00011666393823585308
"p1247": 0
"p1248": 0.003789696316242066
"p1249": 0.0006679951302214168
"p1250": 0.00632619613466029
"p1251": 0.006629146038788877
"p1252": 3.3870175616860565E-05
"p1253": 0
"p1254": 1.8816764231589203E-05
"p1255": 3.7633528463178407E-06
"p1256": 0.0015241579027587254
"p1257": 4.139688130949625E-05
"p1258": 0.006122975080959127
"p1259": 0.0036542156137746237
"p1260": 0.001319055172634403
"p1261": 4.139688130949625E-05
"p1262": 0.004896122053059511
"p1263": 0.002525209759879271
"p1264": 0.0006096631611034902
"p1265": 0
"p1266": 0.006224585607809708
"p1267": 0.0028074612233531093
"p1268": 0
"p1269": 0
"p1270": 0
"p1271": 0
"p1272": 0.0006981019529919595
"p1273": 0
"p1274": 0.008260559497667661
"p1275": 0.002525209759879271
