"p1213": 0.00013548070246744229
"p1214": 0.029197973058156974
"p1215": 0.010571258145306817
"p1216": 2.8225146347383805E-05
"p1217": 0
"p1218": 0.0003255300212064932
"p1219": 3.9515204886337324E-05
"p1220": 0.00044972066513498184
"p1221": 0
"p1222": 0.0007903040977267463
"p1223": 0.00012230896750532982
"p1224": 0.0002389729057411829
"p1225": 1.6935087808430286E-05
"p1226": 0.0022391949435591153
"p1227": 0.0005532128684087225
"p1228": 0.0007357354814551377
"p1229": 0.0002201561415095937
"p1230": 0.0054192280986976905
"p1231": 0.0016257684296093072
"p1232": 1.8816764231589203E-05
"p1233": 0
"p1234": 0.0007564339221098858
"p1235": 6.774035123372113E-05
"p1236": 0.0003405834325917645
"p1237": 0
"p1238": 0.001693508780843028
"p1239": 0.00018816764231589203
"p1240": 0.0001749959073537796
"p1241": 1.1290058538953523E-05
"p1242": 0.005165201781571236
"p1243": 0.0007884224213035874
"p1244": 0.00043090390090339264
"p1245": 0.00010725555612005845
"p1246": 0.011224199864142961
"p1247": 0.00155050137268295
"p1248": 0.0002653163756654078
"p1249": 0
"p1250": 0.001172284411628007
"p1251": 0.00016370584881482606
"p1252": 0.001347280318981787
"p1253": 0
"p1254": 0.0023483321761023327
"p1255": 0.0005607395741013582
"p1256": 0.003345620680376561
"p1257": 0.0002483812878569775
"p1258": 0.013593230480900047
"p1259": 0.008458135522099347
"p1260": 0.0063544212810076744
"p1261": 0.0012983567319796553
"p1262": 0.01933610692438107
"p1263": 0.015807963630958093
"p1264": 0.0002916598455896326
"p1265": 0
"p1266": 0.0030276173648627032
"p1267": 0.0005814380147561065
"p1268": 0.0012099179400911855
"p1269": 0
"p1270": 0.005336434336078698
"p1271": 0.00087121618392258
"p1272": 0.0024217175566055306
"p1273": 0.0001016105268505817
"p1274": 0.02455399564580076
"p1275": 0.012193263222069806
