"p1213": 0.010680395377850031
"p1214": 0.0013566887010975815
"p1215": 0.0012569598506701586
"p1216": 0.0037163109357388688
"p1217": 1
"p1218": 0.0036880857893914847
"p1219": 0.005464388332853505
"p1220": 8.279376261899248E-05
"p1221": 0.00032929337405281106
"p1222": 0
"p1223": 0
"p1224": 0.005387239599503988
"p1225": 0.013642154067902177
"p1226": 0.0029975105420921603
"p1227": 0.005577288918243041
"p1228": 0.004457691446463482
"p1229": 0.00737617157878297
"p1230": 0.0029636403664753
"p1231": 0.0025534349062266547
"p1232": 0.0005024076049834318
"p1233": 0.00021827446508643474
"p1234": 0.00044595731228866414
"p1235": 7.526705692635681E-05
"p1236": 1.88167642315892E-05
"p1237": 7.150370408003895E-05
"p1238": 0
"p1239": 0
"p1240": 0.00039891540170969113
"p1241": 0.0001637058488148261
"p1242": 0.0003594001968233538
"p1243": 4.516023415581409E-05
"p1244": 0.0008900329481541693
"p1245": 0.000543804486292928
"p1246": 0.00040079707813285006
"p1247": 2.2580117077907045E-05
"p1248": 0.004839671760364744
"p1249": 0.009839286016697998
"p1250": 0.00350556317634507
"p1251": 0.01384161176875702
"p1252": 5.833196911792653E-05
"p1253": 0.0003029499041285862
"p1254": 0
"p1255": 0
"p1256": 0.0029260068380121216
"p1257": 0.008516467491217273
"p1258": 0.0013867955238681244
"p1259": 0.005488850126354571
"p1260": 0.003496154794229274
"p1261": 0.007814602185378997
"p1262": 0.0015937799304156055
"p1263": 0.006008192819146434
"p1264": 0.0059028189394495344
"p1265": 0.006109803345997016
"p1266": 0.006075933170380155
"p1267": 0.0034923914413829563
"p1268": 0.00014300740816007796
"p1269": 0.0005870830440255832
"p1270": 0
"p1271": 0
"p1272": 0.005078644666105926
"p1273": 0.009336878411714565
"p1274": 0.0030539608347869276
"p1275": 0.0024687594671845034
