"p1213": 1.5053411385271363E-05
"p1214": 0.009233386208440823
"p1215": 0.0026061218460751044
"p1216": 0.0004534840179812998
"p1217": 0.00022580117077907044
"p1218": 0.00029730487485910944
"p1219": 0.00034811013828440026
"p1220": 1.1290058538953523E-05
"p1221": 0
"p1222": 0
"p1223": 0
"p1224": 0.0067815618290647485
"p1225": 0.000895677977423646
"p1226": 0.003832974873974721
"p1227": 0.008567272754642564
"p1228": 0.002591068434689833
"p1229": 7.526705692635681E-05
"p1230": 0.0014470091694092097
"p1231": 0.0025289731127255883
"p1232": 0.0009069680359625995
"p1233": 0.00017875926020009743
"p1234": 0.0006058998082571724
"p1235": 0.0007545522456867272
"p1236": 7.903040977267465E-05
"p1237": 0
"p1238": 5.645029269476761E-06
"p1239": 1.1290058538953523E-05
"p1240": 0.012870666734407015
"p1241": 0.0006736401594908935
"p1242": 0.011395432418650422
"p1243": 0.016052581565968754
"p1244": 0.005031602755526953
"p1245": 0
"p1246": 0.0040982912496401284
"p1247": 0.004209310158606505
"p1248": 9.408382115794602E-05
"p1249": 5.6450292694767617E-05
"p1250": 9.22021447347871E-05
"p1251": 0.000118545614659012
"p1252": 0
"p1253": 0
"p1254": 0
"p1255": 0
"p1256": 0.0029391785729742334
"p1257": 0.0003838619903244198
"p1258": 0.0016916271044198693
"p1259": 0.0038913068430926475
"p1260": 0.0010480937676995185
"p1261": 2.6343469924224884E-05
"p1262": 0.00034622846186124133
"p1263": 0.0007903040977267466
"p1264": 0.0001486524374295547
"p1265": 0
"p1266": 0.00023520955289486501
"p1267": 9.784717400426385E-05
"p1268": 3.7633528463178407E-06
"p1269": 0
"p1270": 0
"p1271": 0
"p1272": 0.0020886608297064012
"p1273": 0
"p1274": 0.004975152462832185
"p1275": 0.0018779130703126022
