"p1213": 0
"p1214": 0.011907248405749648
"p1215": 0.0031800331551385752
"p1216": 0.0003368200797454467
"p1217": 0.00010725555612005845
"p1218": 0.004901767082328989
"p1219": 0.0010405670620068828
"p1220": 6.209532196424438E-05
"p1221": 0
"p1222": 0.00019381267158536877
"p1223": 0
"p1224": 0.00017875926020009746
"p1225": 3.7633528463178407E-06
"p1226": 0.004100172926063288
"p1227": 0.0007018653058382771
"p1228": 0.00022391949435591154
"p1229": 7.5267056926356815E-06
"p1230": 0.007592564367446244
"p1231": 0.0006567050716824632
"p1232": 8.467543904215141E-05
"p1233": 1.6935087808430282E-05
"p1234": 0.0014714709629102757
"p1235": 7.903040977267465E-05
"p1236": 2.8225146347383805E-05
"p1237": 0
"p1238": 5.6450292694767617E-05
"p1239": 0
"p1240": 3.3870175616860565E-05
"p1241": 0
"p1242": 0.0005456861627160869
"p1243": 1.1290058538953523E-05
"p1244": 2.8225146347383805E-05
"p1245": 0
"p1246": 0.0011628760295122127
"p1247": 3.7633528463178407E-06
"p1248": 0.008253032791975024
"p1249": 0.002128176034592739
"p1250": 1
"p1251": 0.021150042996306267
"p1252": 0.00041020546024864466
"p1253": 0
"p1254": 0.0005626212505245172
"p1255": 7.5267056926356815E-06
"p1256": 0.0045988171782004005
"p1257": 0.0002314462000485472
"p1258": 0.02968909060460146
"p1259": 0.01576092172037912
"p1260": 0.004474626534271913
"p1261": 0.00016935087808430283
"p1262": 0.02327257400162954
"p1263": 0.010940066724245965
"p1264": 0.0011139524425100805
"p1265": 7.903040977267465E-05
"p1266": 0.014300740816007794
"p1267": 0.0056995978857483694
"p1268": 0.00017875926020009743
"p1269": 0
"p1270": 0.0006736401594908935
"p1271": 0
"p1272": 0.0008486360668446729
"p1273": 5.645029269476761E-06
"p1274": 0.014406114695704698
"p1275": 0.004781339791246817
