"p1213": 0.0006153081903729669
"p1214": 0.006687478007906803
"p1215": 0.007728045069913685
"p1216": 0.00028977816916647367
"p1217": 0.0013284635547501978
"p1218": 0.0014413641401397328
"p1219": 0.004920583846560577
"p1220": 0.001085727296162697
"p1221": 0.003202613272216483
"p1222": 0.0028601481632015593
"p1223": 0.00714660705515758
"p1224": 4.704191057897301E-05
"p1225": 0.0002991865512822683
"p1226": 0.00042149551878759814
"p1227": 0.002436770967990802
"p1228": 3.0106822770542726E-05
"p1229": 0.0004214955187875982
"p1230": 0.0004948808992907961
"p1231": 0.001509104491373454
"p1232": 0.00037445360820862513
"p1233": 0.0015599097547987447
"p1234": 0.004071947779715904
"p1235": 0.008507059109101482
"p1236": 0.0011007807075479683
"p1237": 0.002534618141995065
"p1238": 0.006247165724887616
"p1239": 0.009331233382445087
"p1240": 9.596549758110492E-05
"p1241": 0.0003857436667475787
"p1242": 0.0025327364655719064
"p1243": 0.006994191264881708
"p1244": 7.338538050319788E-05
"p1245": 0.00040079707813285006
"p1246": 0.002052908977666382
"p1247": 0.003253418535641773
"p1248": 8.467543904215141E-05
"p1249": 0.000351873491130718
"p1250": 0.00034434678543808245
"p1251": 0.0012908300262870192
"p1252": 0.0007357354814551379
"p1253": 0.001772539190615703
"p1254": 0.001608833341800877
"p1255": 0.004512260062735091
"p1256": 1.1290058538953523E-05
"p1257": 5.0805263425290837E-05
"p1258": 6.774035123372113E-05
"p1259": 0.0003274116976296522
"p1260": 7.5267056926356815E-06
"p1261": 0.00015994249596850823
"p1262": 0.00013171734962112442
"p1263": 0.0004967625757139551
"p1264": 0.00010725555612005847
"p1265": 0.00010913723254321738
"p1266": 0.0012889483498638604
"p1267": 0.0010913723254321738
"p1268": 0.0005155793399455441
"p1269": 0.00013359902604428333
"p1270": 0.0036993758479304385
"p1271": 0.0023276337354475843
"p1272": 2.0698440654748124E-05
"p1273": 3.7633528463178407E-06
"p1274": 0.00043843060659602847
"p1275": 0.0004798274879055247
