"p1213": 0
"p1214": 0.011060494015328137
"p1215": 0.008565391078219409
"p1216": 0.0001298356731979655
"p1217": 0
"p1218": 0.00020886608297064017
"p1219": 9.596549758110495E-05
"p1220": 0.0003706902553623073
"p1221": 1.1290058538953523E-05
"p1222": 0.0008015941562657
"p1223": 0.0004591290472507765
"p1224": 3.010682277054273E-05
"p1225": 0
"p1226": 1.6935087808430286E-05
"p1227": 5.645029269476761E-06
"p1228": 0.00010161052685058171
"p1229": 0
"p1230": 0.00016370584881482606
"p1231": 0.00012607232035164766
"p1232": 0.0004403122830191874
"p1233": 0
"p1234": 0.0010179869449289758
"p1235": 0.00031423996266753966
"p1236": 0.0006341249546045561
"p1237": 7.5267056926356815E-06
"p1238": 0.002060435683359018
"p1239": 0.0006228348960656026
"p1240": 0.00013736237889060116
"p1241": 0
"p1242": 0.00016746920166114393
"p1243": 2.634346992422488E-05
"p1244": 0.00028413313989699703
"p1245": 0
"p1246": 0.0006679951302214167
"p1247": 0.00013359902604428335
"p1248": 0.003661742319467259
"p1249": 0.0002013393772780045
"p1250": 0.0017066805158051407
"p1251": 0.0043128023618802455
"p1252": 0.0053684228352724
"p1253": 0.0012023912343985502
"p1254": 0.003714429259315709
"p1255": 0.009065917006779679
"p1256": 0.002030328860588475
"p1257": 0
"p1258": 0.0006134265139498081
"p1259": 0.0008467543904215143
"p1260": 0.0013453986425586279
"p1261": 7.903040977267465E-05
"p1262": 0.0006567050716824631
"p1263": 0.0009634183286573671
"p1264": 0.005052301196181703
"p1265": 0.00013359902604428335
"p1266": 0.004271405480570749
"p1267": 0.006871882297376377
"p1268": 0.005605514064590424
"p1269": 0.0005607395741013582
"p1270": 0.008866459305924832
"p1271": 0.008969951509198573
"p1272": 0.00486225187744265
"p1273": 0
"p1274": 0.0024762861728771387
"p1275": 0.0033117505047597
