"p1213": 0
"p1214": 0.006698768066445757
"p1215": 0.0017763025434620206
"p1216": 0.0029109534266268497
"p1217": 0.00016182417239166713
"p1218": 0.00139432222956076
"p1219": 0.00353755167553877
"p1220": 0.0032195483600249127
"p1221": 0.0008260559497667659
"p1222": 0.002743484224965706
"p1223": 0.006053353053302248
"p1224": 0.001817699424771517
"p1225": 0
"p1226": 0.0005400411334466101
"p1227": 0.0007470255399940912
"p1228": 0.0010142235920826582
"p1229": 6.021364554108545E-05
"p1230": 0.0005475678391392457
"p1231": 0.000782777392034111
"p1232": 0.004587527119661448
"p1233": 0.00013359902604428335
"p1234": 0.0037972230219347008
"p1235": 0.006536943894054089
"p1236": 0.0044896799456571835
"p1237": 0.0005607395741013582
"p1238": 0.005929162409373758
"p1239": 0.007805193803263202
"p1240": 0.004638332383086739
"p1241": 0
"p1242": 0.002399137439527623
"p1243": 0.0032477735063722963
"p1244": 0.002502629642801364
"p1245": 0
"p1246": 0.0017198522507672533
"p1247": 0.0017029171629588226
"p1248": 0.0008241742733436071
"p1249": 3.9515204886337324E-05
"p1250": 0.0003913886960170554
"p1251": 0.0008956779774236459
"p1252": 0.0024856945549929337
"p1253": 0.0003706902553623073
"p1254": 0.0014601809043713223
"p1255": 0.0035431967048082467
"p1256": 0.00024085458216434175
"p1257": 0
"p1258": 7.714873334951572E-05
"p1259": 0.00010913723254321737
"p1260": 0.0003895070195938965
"p1261": 1.8816764231589203E-05
"p1262": 0.0001298356731979655
"p1263": 0.0002333278764717061
"p1264": 0.0007940674505730643
"p1265": 0
"p1266": 0.001347280318981787
"p1267": 0.0006416516602971918
"p1268": 0.0013303452311733569
"p1269": 0
"p1270": 0.0042507070399160005
"p1271": 0.0015147495206429308
"p1272": 0.0004233771952107571
"p1273": 0
"p1274": 0.00041585048951812135
"p1275": 0.00011854561465901199
