"p1213": 1.1290058538953523E-05
"p1214": 0.026059336784327893
"p1215": 0.0063054976940055425
"p1216": 6.585867481056221E-05
"p1217": 0
"p1218": 0.0020378555662811104
"p1219": 0.0004892358700213193
"p1220": 1.3171734962112442E-05
"p1221": 0
"p1222": 5.456861627160869E-05
"p1223": 0
"p1224": 1.6935087808430282E-05
"p1225": 0
"p1226": 0.0009916434750047508
"p1227": 9.972885042742277E-05
"p1228": 0.00010349220327374062
"p1229": 0
"p1230": 0.0016558752523798499
"p1231": 0.0001110189089663763
"p1232": 7.5267056926356815E-06
"p1233": 0
"p1234": 0.00013171734962112442
"p1235": 1.1290058538953523E-05
"p1236": 0
"p1237": 0
"p1238": 0
"p1239": 0
"p1240": 0
"p1241": 0
"p1242": 3.0106822770542726E-05
"p1243": 0
"p1244": 3.7633528463178407E-06
"p1245": 0
"p1246": 5.2686939848449775E-05
"p1247": 0
"p1248": 0.005739113090634706
"p1249": 0.0009408382115794601
"p1250": 0.012627930475819515
"p1251": 0.0118131645845917
"p1252": 0.00010913723254321738
"p1253": 0
"p1254": 7.33853805031979E-05
"p1255": 7.5267056926356815E-06
"p1256": 0.0033606740917618318
"p1257": 9.596549758110493E-05
"p1258": 0.0196277667699707
"p1259": 0.010262663211908751
"p1260": 0.0020133937727800444
"p1261": 4.139688130949625E-05
"p1262": 0.012108587783027657
"p1263": 0.005308209189731315
"p1264": 0.0005381594570234512
"p1265": 0
"p1266": 0.006250929077733933
"p1267": 0.002752892607081501
"p1268": 1.1290058538953523E-05
"p1269": 0
"p1270": 9.220214473478711E-05
"p1271": 0
"p1272": 0.0006397699838740329
"p1273": 0
"p1274": 0.006926450913647986
"p1275": 0.0023182253533317898
