"p1213": 2.2580117077907045E-05
"p1214": 0.02025436501888262
"p1215": 0.005693952856478895
"p1216": 0.00026343469924224885
"p1217": 0
"p1218": 0.0023709122931802394
"p1219": 0.00046665575294341233
"p1220": 0.0010292770034679292
"p1221": 0
"p1222": 0.002722785784310957
"p1223": 0.0006585867481056222
"p1224": 0.0022222598557506846
"p1225": 8.467543904215141E-05
"p1226": 0.017428087031297928
"p1227": 0.008905974510811172
"p1228": 0.002540263171264543
"p1229": 0.000355636843977036
"p1230": 1
"p1231": 0.008396040200135105
"p1232": 0
"p1233": 0
"p1234": 0.00016935087808430283
"p1235": 2.0698440654748124E-05
"p1236": 3.9515204886337324E-05
"p1237": 0
"p1238": 0.00042337719521075713
"p1239": 4.516023415581409E-05
"p1240": 1.6935087808430282E-05
"p1241": 0
"p1242": 0.0012268530278996162
"p1243": 2.6343469924224887E-05
"p1244": 4.516023415581409E-05
"p1245": 1.1290058538953523E-05
"p1246": 0.002852621457508923
"p1247": 6.962202765688005E-05
"p1248": 0.00026719805208856665
"p1249": 0
"p1250": 0.000611544837526649
"p1251": 0.00010725555612005845
"p1252": 0.0014300740816007797
"p1253": 0
"p1254": 0.0020190388020495218
"p1255": 0.0003424651090149235
"p1256": 0.0030821859811343113
"p1257": 0.00031612163909069865
"p1258": 0.010845982903088022
"p1259": 0.008228570998473957
"p1260": 0.0067044130957152346
"p1261": 0.0015410929905671556
"p1262": 0.020354093869310048
"p1263": 0.017405506914220017
"p1264": 7.33853805031979E-05
"p1265": 0
"p1266": 0.002120649328900104
"p1267": 0.00023709122931802397
"p1268": 0.0008072391855351768
"p1269": 0
"p1270": 0.004826500025402631
"p1271": 0.0005362777806002922
"p1272": 0.0010499754441226777
"p1273": 2.8225146347383808E-05
"p1274": 0.01676385525392282
"p1275": 0.005780509971944204
