"p1213": 0.00021262943581695798
"p1214": 0.0031800331551385757
"p1215": 0.003955283841480051
"p1216": 0.0007244454229161843
"p1217": 0.0021846263272875064
"p1218": 0.0030577241876332453
"p1219": 0.008040403356158068
"p1220": 0.002037855566281111
"p1221": 0.004325974096842359
"p1222": 0.005932925762220077
"p1223": 0.010798940992509047
"p1224": 0.00014112573173691902
"p1225": 0.00044031228301918735
"p1226": 0.0010066968863900222
"p1227": 0.003861200020322105
"p1228": 0.0002897781691664738
"p1229": 0.0009333115058868245
"p1230": 0.0016276501060324656
"p1231": 0.0031743881258690988
"p1232": 0.0006002547789876957
"p1233": 0.0018590963060810136
"p1234": 0.006512482100553024
"p1235": 0.010798940992509047
"p1236": 0.0013152918197880854
"p1237": 0.002632465315999329
"p1238": 0.010302178416795092
"p1239": 1
"p1240": 0.0002013393772780045
"p1241": 0.0004723007822128891
"p1242": 0.004405004506615033
"p1243": 0.009444133967834622
"p1244": 0.0002897781691664738
"p1245": 0.0009257848001941889
"p1246": 0.005074881313259607
"p1247": 0.0061003949638812225
"p1248": 0.000425258871633916
"p1249": 0.0010932540018553326
"p1250": 0.001134650883164829
"p1251": 0.003861200020322105
"p1252": 0.00172549728003673
"p1253": 0.0034284144429955533
"p1254": 0.003802868051204179
"p1255": 0.009444133967834627
"p1256": 4.704191057897301E-05
"p1257": 0.00012419064392848873
"p1258": 0.0002239194943559115
"p1259": 0.0010236319741984527
"p1260": 0.00016746920166114393
"p1261": 0.0006341249546045561
"p1262": 0.0005795563383329474
"p1263": 0.0014564175515250043
"p1264": 0.00040456043097916787
"p1265": 0.0003236483447833343
"p1266": 0.004538603532659316
"p1267": 0.0031743881258690983
"p1268": 0.0018308711597336295
"p1269": 0.0011704027352048482
"p1270": 0.01118844801210294
"p1271": 0.0061003949638812225
"p1272": 9.596549758110492E-05
"p1273": 7.33853805031979E-05
"p1274": 0.0017104438686514588
"p1275": 0.001456417551525004
