"p1213": 0.0013886772002912832
"p1214": 5.645029269476761E-05
"p1215": 8.091208619583357E-05
"p1216": 0.0011026623839711272
"p1217": 0.002784881106275202
"p1218": 0.0004685374293665712
"p1219": 0.0028526214575089227
"p1220": 1.1290058538953523E-05
"p1221": 7.903040977267466E-05
"p1222": 0
"p1223": 0
"p1224": 0.0013736237889060117
"p1225": 0.005148266693762806
"p1226": 0.00045912904725077655
"p1227": 0.0024894579078392517
"p1228": 0.0005776746619097886
"p1229": 0.0019983403613947734
"p1230": 0.00014300740816007796
"p1231": 0.00085428109611415
"p1232": 0.0020641990362053357
"p1233": 0.0038160397861662903
"p1234": 0.0010706738847774257
"p1235": 0.0034001892966481688
"p1236": 1.1290058538953523E-05
"p1237": 0.00011854561465901197
"p1238": 0
"p1239": 0
"p1240": 0.005027839402680635
"p1241": 0.0125187932432763
"p1242": 0.0017029171629588228
"p1243": 0.004134043101680147
"p1244": 0.0017311423093062067
"p1245": 0.0036786774072756893
"p1246": 0.0005268693984844977
"p1247": 0.0008806245660383748
"p1248": 0.00034246510901492347
"p1249": 0.0011986278815522319
"p1250": 0.00010349220327374062
"p1251": 0.000991643475004751
"p1252": 0
"p1253": 0
"p1254": 0
"p1255": 0
"p1256": 0.0002521446407032953
"p1257": 0.001108307413240604
"p1258": 5.080526342529085E-05
"p1259": 0.0004798274879055247
"p1260": 0.00010725555612005847
"p1261": 0.0004873541935981604
"p1262": 2.2580117077907045E-05
"p1263": 0.000165587525237985
"p1264": 0.0010443304148532008
"p1265": 0.001091372325432174
"p1266": 0.0007601972749562037
"p1267": 0.0005964914261413778
"p1268": 5.645029269476761E-06
"p1269": 3.951520488633733E-05
"p1270": 0
"p1271": 0
"p1272": 0.0014244290523313025
"p1273": 0.0019324816865842111
"p1274": 0.0006679951302214167
"p1275": 0.0003669269025159895
