"p1213": 0.003947757135787415
"p1214": 0.00012795399677480661
"p1215": 0.00028225146347383805
"p1216": 0.0019757602443168662
"p1217": 0.00372948267070098
"p1218": 0.0010612655026616313
"p1219": 0.0034001892966481688
"p1220": 1.1290058538953523E-05
"p1221": 0.00011854561465901197
"p1222": 0
"p1223": 0
"p1224": 0.004457691446463482
"p1225": 0.011653222088623193
"p1226": 0.0016238867531861482
"p1227": 0.0039703372528653216
"p1228": 0.0013378719368659924
"p1229": 0.0031518080087911916
"p1230": 0.0004403122830191874
"p1231": 0.0008015941562657
"p1232": 1.5053411385271363E-05
"p1233": 0
"p1234": 7.5267056926356815E-06
"p1235": 0
"p1236": 0
"p1237": 0
"p1238": 0
"p1239": 0
"p1240": 2.2580117077907045E-05
"p1241": 0
"p1242": 1.1290058538953523E-05
"p1243": 0
"p1244": 6.021364554108545E-05
"p1245": 0
"p1246": 1.8816764231589203E-05
"p1247": 0
"p1248": 0.001251314821400682
"p1249": 0.003868726726014741
"p1250": 0.0005193426927918621
"p1251": 0.003970337252865322
"p1252": 1.1290058538953523E-05
"p1253": 7.903040977267466E-05
"p1254": 0
"p1255": 0
"p1256": 0.001245669792131205
"p1257": 0.004384306065960283
"p1258": 0.00036128187324651267
"p1259": 0.0026983239908098915
"p1260": 0.000641651660297192
"p1261": 0.0019964586849716146
"p1262": 0.0001486524374295547
"p1263": 0.0009690633579268442
"p1264": 0.001367978759636535
"p1265": 0.002005867067087409
"p1266": 0.0009163764180783941
"p1267": 0.0008015941562657001
"p1268": 5.645029269476761E-06
"p1269": 3.951520488633733E-05
"p1270": 0
"p1271": 0
"p1272": 0.0023916107338349877
"p1273": 0.0054192280986976905
"p1274": 0.000918258094501553
"p1275": 0.0009690633579268442
