"p1213": 0.00044407563586550515
"p1214": 0.005934807438643235
"p1215": 0.012025794020408659
"p1216": 0.0012268530278996162
"p1217": 0.0024348892915676424
"p1218": 0.004721126145705731
"p1219": 0.007617026160947311
"p1220": 0
"p1221": 8.091208619583358E-05
"p1222": 1.1290058538953523E-05
"p1223": 6.39769983874033E-05
"p1224": 0.0006886935708761649
"p1225": 0.002256130031367545
"p1226": 0.007524824016212522
"p1227": 0.016099623476547725
"p1228": 0.0002483812878569775
"p1229": 0.000873097860345739
"p1230": 0.004145333160219102
"p1231": 0.006294207635466589
"p1232": 3.7633528463178407E-06
"p1233": 3.7633528463178407E-06
"p1234": 0.00013548070246744226
"p1235": 3.7633528463178407E-06
"p1236": 0
"p1237": 0
"p1238": 0
"p1239": 0
"p1240": 3.7633528463178407E-06
"p1241": 3.7633528463178407E-06
"p1242": 0.00011666393823585304
"p1243": 3.7633528463178407E-06
"p1244": 0
"p1245": 3.7633528463178407E-06
"p1246": 0.00019569434800852773
"p1247": 0
"p1248": 0.0018007643369630866
"p1249": 0.0052291787799586395
"p1250": 0.0033964259438018516
"p1251": 0.010172342743597124
"p1252": 0
"p1253": 6.774035123372113E-05
"p1254": 1.1290058538953523E-05
"p1255": 3.3870175616860565E-05
"p1256": 0.00045912904725077655
"p1257": 0.002066080712628494
"p1258": 0.0026889156086940974
"p1259": 0.008373460083057196
"p1260": 0.0004045604309791678
"p1261": 0.0017254972800367296
"p1262": 0.0021564011809401223
"p1263": 0.005633739210937808
"p1264": 0.0007959491269962232
"p1265": 0.000613426513949808
"p1266": 0.004961980727870073
"p1267": 0.004969507433562709
"p1268": 0
"p1269": 3.3870175616860565E-05
"p1270": 5.645029269476761E-06
"p1271": 1.6935087808430282E-05
"p1272": 0.0004214955187875982
"p1273": 0.000588964720448742
"p1274": 0.005138858311647012
"p1275": 0.008283139614745569
