"p1213": 0
"p1214": 0.00047982748790552463
"p1215": 0.00016558752523798497
"p1216": 0.00237091229318024
"p1217": 0.00010725555612005847
"p1218": 0.0014921694035650239
"p1219": 0.0033286855925681305
"p1220": 0.001913664922352622
"p1221": 0.0005645029269476761
"p1222": 0.0014074939645228723
"p1223": 0.0038273298447052445
"p1224": 0.001595661606838764
"p1225": 0
"p1226": 0.0006774035123372113
"p1227": 0.0009013230066931229
"p1228": 0.0007790140391877932
"p1229": 2.258011707790704E-05
"p1230": 0.0002615530228190899
"p1231": 0.0005456861627160868
"p1232": 0.004378661036690807
"p1233": 0.00010161052685058169
"p1234": 0.0031010027453659003
"p1235": 0.005400411334466102
"p1236": 0.0028187512818920626
"p1237": 0.0004327855773265517
"p1238": 0.0026569271095003956
"p1239": 0.005295037454769202
"p1240": 0.004854725171750014
"p1241": 0
"p1242": 0.0023502138525254915
"p1243": 0.003055842511210086
"p1244": 0.0021375844167085337
"p1245": 0
"p1246": 0.0008354643318825607
"p1247": 0.001234379733592252
"p1248": 0.0005795563383329475
"p1249": 5.645029269476761E-06
"p1250": 0.00027660643420436126
"p1251": 0.0006717584830677346
"p1252": 0.0009765900636194795
"p1253": 0.00015241579027587253
"p1254": 0.0004760641350592069
"p1255": 0.0013886772002912832
"p1256": 0.00021451111224011696
"p1257": 0
"p1258": 5.268693984844976E-05
"p1259": 5.645029269476761E-05
"p1260": 0.0001542974666990315
"p1261": 0
"p1262": 3.763352846317841E-05
"p1263": 8.091208619583357E-05
"p1264": 0.0010443304148532008
"p1265": 5.645029269476761E-06
"p1266": 0.0014244290523313025
"p1267": 0.0006567050716824632
"p1268": 0.001091372325432174
"p1269": 3.951520488633733E-05
"p1270": 0.0019324816865842111
"p1271": 0.0008749795367688979
"p1272": 0.0007601972749562039
"p1273": 0
"p1274": 0.0006679951302214169
"p1275": 0.0002069844065474812
