"p1213": 0.0005983731025645366
"p1214": 0.00257977837615088
"p1215": 0.007011126352690139
"p1216": 5.080526342529084E-05
"p1217": 5.080526342529084E-05
"p1218": 0.00023332787647170614
"p1219": 0.00020886608297064014
"p1220": 0.00013171734962112442
"p1221": 9.032046831162818E-05
"p1222": 0.00035751852040019486
"p1223": 0.00035187349113071807
"p1224": 0
"p1225": 0
"p1226": 1.8816764231589203E-05
"p1227": 6.021364554108546E-05
"p1228": 3.7633528463178407E-06
"p1229": 4.139688130949625E-05
"p1230": 4.7041910578973015E-05
"p1231": 6.774035123372114E-05
"p1232": 0.00010349220327374062
"p1233": 0.00010725555612005844
"p1234": 0.0009502465936952548
"p1235": 0.0007131553643772308
"p1236": 0.00026343469924224885
"p1237": 0.00020886608297064017
"p1238": 0.001181692793743802
"p1239": 0.0009088497123857584
"p1240": 3.010682277054273E-05
"p1241": 1.5053411385271363E-05
"p1242": 0.0006077814846803312
"p1243": 0.0005983731025645366
"p1244": 4.139688130949625E-05
"p1245": 8.279376261899248E-05
"p1246": 0.0003481101382844002
"p1247": 0.0004647740765202534
"p1248": 0.0003180033155138576
"p1249": 0.001439482463716574
"p1250": 0.0014413641401397328
"p1251": 0.005359014453156606
"p1252": 0.0006077814846803312
"p1253": 0.002771709371313089
"p1254": 0.001817699424771517
"p1255": 0.006297970988312906
"p1256": 4.139688130949624E-05
"p1257": 0.0002427362585875007
"p1258": 0.0005343961041771334
"p1259": 0.002579778376150879
"p1260": 4.7041910578973015E-05
"p1261": 0.00034811013828440026
"p1262": 0.00032553002120649325
"p1263": 0.0011741660880511665
"p1264": 0.00039703372528653225
"p1265": 0.0014225473759081437
"p1266": 0.0037276009942778226
"p1267": 0.007752506863414752
"p1268": 0.0007394988343014555
"p1269": 0.001772539190615703
"p1270": 0.0036090553796188094
"p1271": 0.006281035900504479
"p1272": 0.00010161052685058169
"p1273": 0.00034246510901492347
"p1274": 0.002705850696502527
"p1275": 0.007011126352690137
