"p1213": 0
"p1214": 0.0008298193026130839
"p1215": 0.0009276664766173479
"p1216": 0.0007921857741499054
"p1217": 1.6935087808430282E-05
"p1218": 0.001322818525480721
"p1219": 0.0005400411334466102
"p1220": 2.2580117077907045E-05
"p1221": 1.6935087808430282E-05
"p1222": 1.8816764231589204E-06
"p1223": 3.7633528463178407E-06
"p1224": 0.0011628760295122127
"p1225": 1.8816764231589204E-06
"p1226": 0.0014470091694092097
"p1227": 0.0003349384033222878
"p1228": 0.0006002547789876957
"p1229": 3.7633528463178407E-06
"p1230": 0.0006943386001456418
"p1231": 0.00026907972851172553
"p1232": 0
"p1233": 0
"p1234": 0
"p1235": 0
"p1236": 0
"p1237": 0
"p1238": 0
"p1239": 0
"p1240": 0
"p1241": 0
"p1242": 0
"p1243": 0
"p1244": 0
"p1245": 0
"p1246": 0
"p1247": 0
"p1248": 0.005313854219000791
"p1249": 0.001151585970973259
"p1250": 0.003624108791004081
"p1251": 0.009773427341887431
"p1252": 0.00012042729108217089
"p1253": 7.714873334951572E-05
"p1254": 7.5267056926356815E-06
"p1255": 1.5053411385271363E-05
"p1256": 0.012294873748920385
"p1257": 0.0001618241723916671
"p1258": 0.00669500471359944
"p1259": 0.01183574470166961
"p1260": 0.004051249339061155
"p1261": 7.526705692635681E-05
"p1262": 0.0022486033256749094
"p1263": 0.0031800331551385752
"p1264": 0.0008392276847288785
"p1265": 0
"p1266": 0.0012513148214006822
"p1267": 0.00108008226689322
"p1268": 0
"p1269": 0
"p1270": 0
"p1271": 0
"p1272": 0.002839449722546811
"p1273": 0
"p1274": 0.0021300577110158975
"p1275": 0.0021620462102095992
