"p1213": 0
"p1214": 0.0030878310104037877
"p1215": 0.0005080526342529085
"p1216": 0.00013171734962112442
"p1217": 0
"p1218": 0.0002916598455896327
"p1219": 0.0001110189089663763
"p1220": 0
"p1221": 0
"p1222": 3.575185204001949E-05
"p1223": 3.7633528463178407E-06
"p1224": 0.00023332787647170616
"p1225": 3.0106822770542726E-05
"p1226": 0.0043617259488823775
"p1227": 0.000613426513949808
"p1228": 9.972885042742278E-05
"p1229": 3.7633528463178407E-06
"p1230": 0.0009709450343500028
"p1231": 0.00012983567319796552
"p1232": 0
"p1233": 0
"p1234": 0
"p1235": 0
"p1236": 0
"p1237": 0
"p1238": 0
"p1239": 0
"p1240": 0
"p1241": 0
"p1242": 0
"p1243": 0
"p1244": 0
"p1245": 0
"p1246": 0
"p1247": 0
"p1248": 0.0009013230066931226
"p1249": 0
"p1250": 0.0017650124849230672
"p1251": 0.00031612163909069854
"p1252": 0
"p1253": 0
"p1254": 0.00019004931873905094
"p1255": 1.8816764231589203E-05
"p1256": 0.006819195357527927
"p1257": 0.0007526705692635681
"p1258": 0.027700158625322477
"p1259": 0.017143953891400922
"p1260": 0.0008655711546531033
"p1261": 2.2580117077907045E-05
"p1262": 0.005221652074266004
"p1263": 0.0022053247679422548
"p1264": 6.774035123372113E-05
"p1265": 0
"p1266": 0.0002333278764717061
"p1267": 4.704191057897302E-05
"p1268": 0
"p1269": 0
"p1270": 0
"p1271": 0
"p1272": 0.00038386199032441974
"p1273": 3.7633528463178407E-06
"p1274": 0.007112736879540719
"p1275": 0.0030821859811343113
