"p1213": 0
"p1214": 0.010262663211908753
"p1215": 0.0023182253533317898
"p1216": 0.0001806409366232564
"p1217": 0
"p1218": 0.0006096631611034902
"p1219": 0.00011101890896637629
"p1220": 0
"p1221": 0
"p1222": 3.0106822770542726E-05
"p1223": 3.7633528463178407E-06
"p1224": 0.0002916598455896326
"p1225": 3.0106822770542726E-05
"p1226": 0.0063167877525444945
"p1227": 0.001059383826238472
"p1228": 0.00010349220327374062
"p1229": 3.7633528463178407E-06
"p1230": 0.0020133937727800444
"p1231": 0.00022768284720222932
"p1232": 3.7633528463178407E-06
"p1233": 0
"p1234": 1.1290058538953523E-05
"p1235": 0
"p1236": 0
"p1237": 0
"p1238": 0
"p1239": 0
"p1240": 7.5267056926356815E-06
"p1241": 0
"p1242": 0.00016182417239166716
"p1243": 1.1290058538953523E-05
"p1244": 0
"p1245": 0
"p1246": 4.139688130949625E-05
"p1247": 0
"p1248": 0.0013247002019038793
"p1249": 0
"p1250": 0.0028940183388184194
"p1251": 0.000686811894453006
"p1252": 0
"p1253": 0
"p1254": 0.00016182417239166713
"p1255": 1.8816764231589203E-05
"p1256": 0.010949475106361755
"p1257": 0.001298356731979655
"p1258": 0.039626223795303714
"p1259": 0.02605933678432789
"p1260": 0.0016558752523798499
"p1261": 5.2686939848449775E-05
"p1262": 0.012108587783027654
"p1263": 0.005406056363735579
"p1264": 0.00011854561465901197
"p1265": 0
"p1266": 0.001326581878327039
"p1267": 0.00014112573173691902
"p1268": 0
"p1269": 0
"p1270": 0
"p1271": 0
"p1272": 0.0009144947416552353
"p1273": 3.7633528463178407E-06
"p1274": 0.014468210017668938
"p1275": 0.006305497694005543
