"p1213": 1.1290058538953523E-05
"p1214": 0.00046853742936657104
"p1215": 0.0011177157953563988
"p1216": 3.7633528463178407E-06
"p1217": 0.00043654893017286954
"p1218": 0.00012607232035164768
"p1219": 0.0003895070195938966
"p1220": 0
"p1221": 0
"p1222": 0
"p1223": 2.2580117077907045E-05
"p1224": 0.0007282087757625021
"p1225": 0.0030784226282879936
"p1226": 0.0029429419258205514
"p1227": 0.010413197325761465
"p1228": 0.00014300740816007793
"p1229": 0.0005588578976781993
"p1230": 0.000496762575713955
"p1231": 0.0020152754492032037
"p1232": 4.7041910578973015E-05
"p1233": 0.0006454150131435096
"p1234": 0.0003631635496696716
"p1235": 0.0010066968863900222
"p1236": 0
"p1237": 0
"p1238": 2.8225146347383808E-05
"p1239": 0.00015806081954534932
"p1240": 0.0011647577059353716
"p1241": 0.0034397045015345067
"p1242": 0.00895866145065962
"p1243": 0.02110676443857361
"p1244": 0.0001016105268505817
"p1245": 0.00028413313989699703
"p1246": 0.0018365161890031064
"p1247": 0.003430296119418712
"p1248": 3.7633528463178407E-06
"p1249": 5.268693984844976E-05
"p1250": 1.6935087808430282E-05
"p1251": 5.080526342529084E-05
"p1252": 0
"p1253": 0
"p1254": 0
"p1255": 0
"p1256": 0.00019193099516220987
"p1257": 0.0008693345074994211
"p1258": 0.0006642317773750989
"p1259": 0.0029165984558963266
"p1260": 2.6343469924224887E-05
"p1261": 9.4083821157946E-05
"p1262": 0.00010537387969689955
"p1263": 0.000496762575713955
"p1264": 4.516023415581409E-05
"p1265": 0.00016558752523798502
"p1266": 0.00015617914312219037
"p1267": 0.00024085458216434183
"p1268": 0
"p1269": 0
"p1270": 5.645029269476761E-06
"p1271": 3.7633528463178407E-05
"p1272": 0.000472300782212889
"p1273": 0.0003274116976296521
"p1274": 0.003191323213677529
"p1275": 0.003456639589342937
