"p1213": 5.833196911792653E-05
"p1214": 0.0025628432883424497
"p1215": 0.004440756358655052
"p1216": 4.327855773265517E-05
"p1217": 0.0006774035123372113
"p1218": 0.00036316354966967155
"p1219": 0.0008015941562656999
"p1220": 0
"p1221": 0
"p1222": 0
"p1223": 2.2580117077907045E-05
"p1224": 0.0016671653109188035
"p1225": 0.005108751488876469
"p1226": 0.005261167279152342
"p1227": 0.014857717037262838
"p1228": 0.000304831580551745
"p1229": 0.0010066968863900222
"p1230": 0.0016389401645714198
"p1231": 0.004435111329385575
"p1232": 7.33853805031979E-05
"p1233": 0.000775250686341475
"p1234": 0.0008222925969204483
"p1235": 0.0015298029320282023
"p1236": 0
"p1237": 0
"p1238": 2.8225146347383808E-05
"p1239": 0.00012983567319796552
"p1240": 0.0018816764231589201
"p1241": 0.004766286379861545
"p1242": 0.013973329118378145
"p1243": 0.02683082411782305
"p1244": 0.0001975760244316866
"p1245": 0.000521224369215021
"p1246": 0.005099343106760674
"p1247": 0.007551167486136747
"p1248": 3.7633528463178407E-06
"p1249": 0.00019381267158536877
"p1250": 6.585867481056222E-05
"p1251": 0.0001768775837769385
"p1252": 0
"p1253": 0
"p1254": 0
"p1255": 0
"p1256": 0.0008523994196909909
"p1257": 0.0022053247679422548
"p1258": 0.00200398539066425
"p1259": 0.006062761435418042
"p1260": 0.00010537387969689954
"p1261": 0.00030106822770542725
"p1262": 0.0004271405480570749
"p1263": 0.0014940510799881827
"p1264": 4.516023415581409E-05
"p1265": 0.0002107477593937991
"p1266": 0.00033117505047597
"p1267": 0.0003989154017096911
"p1268": 0
"p1269": 0
"p1270": 5.645029269476761E-06
"p1271": 3.198849919370165E-05
"p1272": 0.0009370748587331422
"p1273": 0.00042525887163391595
"p1274": 0.0065915125103257
"p1275": 0.00521224369215021
