"p1213": 0
"p1214": 0.019326698542265274
"p1215": 0.004768168056284704
"p1216": 6.585867481056221E-05
"p1217": 0
"p1218": 0.0006454150131435097
"p1219": 0.0001693508780843028
"p1220": 0.00016935087808430278
"p1221": 2.4461793501065966E-05
"p1222": 0.0016332951353019427
"p1223": 0.0004986442521371139
"p1224": 0
"p1225": 0
"p1226": 0.00011290058538953522
"p1227": 5.645029269476761E-06
"p1228": 0.00011666393823585303
"p1229": 0
"p1230": 0.00033682007974544673
"p1231": 3.0106822770542726E-05
"p1232": 0.0001204272910821709
"p1233": 5.645029269476761E-06
"p1234": 0.0025722516704582447
"p1235": 0.00034811013828440026
"p1236": 0.00025778966997277205
"p1237": 2.8225146347383805E-05
"p1238": 0.004055012691907473
"p1239": 0.0007545522456867272
"p1240": 1.6935087808430286E-05
"p1241": 0
"p1242": 0.0012569598506701586
"p1243": 0.00011854561465901199
"p1244": 0.0001298356731979655
"p1245": 0
"p1246": 0.0014074939645228725
"p1247": 9.784717400426384E-05
"p1248": 0.002028447184165316
"p1249": 0.00011854561465901199
"p1250": 0.006431570014357191
"p1251": 0.004169794953720168
"p1252": 0.00484343511321106
"p1253": 0.000733853805031979
"p1254": 0.00981482422319693
"p1255": 0.009374511940177742
"p1256": 0.0004214955187875981
"p1257": 0
"p1258": 0.0033719641503007856
"p1259": 0.0009991701806973867
"p1260": 0.0007357354814551379
"p1261": 0
"p1262": 0.002444297673683438
"p1263": 0.0007489072164172503
"p1264": 0.0017706575141925441
"p1265": 6.962202765688006E-05
"p1266": 0.010678513701426876
"p1267": 0.006472966895666687
"p1268": 0.0024706411436076618
"p1269": 0.0003180033155138575
"p1270": 0.015194537117008284
"p1271": 0.008937963010004872
"p1272": 0.0004647740765202533
"p1273": 0
"p1274": 0.009052745271817568
"p1275": 0.0036335171731198745
