"p1213": 0
"p1214": 0.0022467216492517506
"p1215": 0.0016841003987272337
"p1216": 0.0014225473759081437
"p1217": 0
"p1218": 0.0005362777806002923
"p1219": 0.0005080526342529085
"p1220": 0.0008166475676509714
"p1221": 0.00016370584881482606
"p1222": 0.000353755167553877
"p1223": 0.0006153081903729669
"p1224": 0.007524824016212523
"p1225": 0.00010161052685058169
"p1226": 0.004892358700213192
"p1227": 0.007383698284475605
"p1228": 0.003881898460976853
"p1229": 0.0003895070195938965
"p1230": 0.002931651867281598
"p1231": 0.005374067864541876
"p1232": 0
"p1233": 0
"p1234": 1.1290058538953523E-05
"p1235": 0
"p1236": 0
"p1237": 0
"p1238": 0
"p1239": 0
"p1240": 0
"p1241": 0
"p1242": 9.032046831162817E-05
"p1243": 0
"p1244": 0
"p1245": 0
"p1246": 3.3870175616860565E-05
"p1247": 0
"p1248": 0.00018252261304641527
"p1249": 0
"p1250": 3.575185204001948E-05
"p1251": 0.00014112573173691902
"p1252": 0.0002991865512822683
"p1253": 0.00013548070246744226
"p1254": 0.00011666393823585305
"p1255": 0.00023144620004854718
"p1256": 0.0031555713616375092
"p1257": 0.00011290058538953522
"p1258": 0.001529802932028202
"p1259": 0.003848028285359993
"p1260": 0.003400189296648169
"p1261": 0.0007620789513793626
"p1262": 0.0018365161890031062
"p1263": 0.005336434336078699
"p1264": 0.0007150370408003898
"p1265": 0
"p1266": 0.0002333278764717061
"p1267": 0.00020886608297064014
"p1268": 0.0003292933740528111
"p1269": 3.3870175616860565E-05
"p1270": 0.00011290058538953522
"p1271": 0.000259671346395931
"p1272": 0.003385135885262897
"p1273": 5.645029269476761E-06
"p1274": 0.0033155138576060174
"p1275": 0.0025101563484939996
