"p1213": 4.704191057897301E-05
"p1214": 0.003780287934126271
"p1215": 0.004468981505002436
"p1216": 3.7633528463178407E-05
"p1217": 0
"p1218": 5.645029269476761E-06
"p1219": 3.7633528463178407E-06
"p1220": 2.8225146347383805E-05
"p1221": 0
"p1222": 3.7633528463178407E-05
"p1223": 4.516023415581409E-05
"p1224": 0.00019381267158536877
"p1225": 0
"p1226": 0.0002653163756654077
"p1227": 0.00016558752523798497
"p1228": 0.00032364834478333437
"p1229": 5.645029269476761E-06
"p1230": 0.0003725719317854662
"p1231": 0.00028225146347383805
"p1232": 0.00027660643420436126
"p1233": 0
"p1234": 0.00011854561465901196
"p1235": 0.00012230896750532982
"p1236": 0.0002201561415095937
"p1237": 3.3870175616860565E-05
"p1238": 8.843879188846925E-05
"p1239": 0.000141125731736919
"p1240": 0.0009558916229647316
"p1241": 5.645029269476761E-06
"p1242": 0.001443245816562892
"p1243": 0.00038574366674757867
"p1244": 0.0009803534164657974
"p1245": 1.6935087808430282E-05
"p1246": 0.0014451274929860507
"p1247": 0.0005607395741013582
"p1248": 0.0004760641350592069
"p1249": 0
"p1250": 0.00013359902604428335
"p1251": 0.00019004931873905094
"p1252": 0.00035751852040019486
"p1253": 0.00013548070246744226
"p1254": 0.0001298356731979655
"p1255": 0.0002878964927433148
"p1256": 0.004280813862686543
"p1257": 0.00011290058538953522
"p1258": 0.002340805470409697
"p1259": 0.004706072734320461
"p1260": 0.0033682007974544675
"p1261": 0.0006830485416066881
"p1262": 0.0019437717451231645
"p1263": 0.005281865719807091
"p1264": 0.0014902877271418646
"p1265": 0
"p1266": 0.0005720296326403118
"p1267": 0.0005400411334466102
"p1268": 0.0008335826554594017
"p1269": 0.00016370584881482606
"p1270": 0.00037069025536230727
"p1271": 0.0006228348960656026
"p1272": 0.008232334351320276
"p1273": 0.00010161052685058169
"p1274": 0.005537773713356702
"p1275": 0.008202227528549735
