"p1213": 6.39769983874033E-05
"p1214": 0.0007244454229161844
"p1215": 0.0014056122880997135
"p1216": 0.0004911175464444782
"p1217": 0.0018722680410431256
"p1218": 0.001317173496211244
"p1219": 0.004107699631755923
"p1220": 0
"p1221": 6.774035123372113E-05
"p1222": 1.1290058538953523E-05
"p1223": 4.516023415581409E-05
"p1224": 0.0002483812878569775
"p1225": 0.0012343797335922515
"p1226": 0.0016596386052261677
"p1227": 0.006260337459849728
"p1228": 0.00016935087808430283
"p1229": 0.000707510335107754
"p1230": 0.0006679951302214168
"p1231": 0.0023934924102581466
"p1232": 0.0006924569237224827
"p1233": 0.001644585193840896
"p1234": 0.002813106252622586
"p1235": 0.005562235506857769
"p1236": 0
"p1237": 8.091208619583358E-05
"p1238": 1.1290058538953523E-05
"p1239": 7.526705692635681E-05
"p1240": 0.00047230078221288907
"p1241": 0.0017424323678451603
"p1242": 0.006335604516776085
"p1243": 0.014882178830763905
"p1244": 0.0001486524374295547
"p1245": 0.0005626212505245172
"p1246": 0.0021996797386727783
"p1247": 0.004109581308179082
"p1248": 0.00015241579027587253
"p1249": 0.0006303616017582383
"p1250": 0.0003800986374781019
"p1251": 0.0016351768117251018
"p1252": 0
"p1253": 0
"p1254": 0
"p1255": 0
"p1256": 3.951520488633733E-05
"p1257": 0.00023897290574118288
"p1258": 0.000284133139896997
"p1259": 0.0012814216441712246
"p1260": 3.0106822770542726E-05
"p1261": 0.0001467707610063958
"p1262": 0.00012230896750532982
"p1263": 0.0005475678391392458
"p1264": 0.00036504522609283053
"p1265": 0.00025026296428013644
"p1266": 0.0014037306116765546
"p1267": 0.0014131389937923492
"p1268": 0
"p1269": 3.3870175616860565E-05
"p1270": 5.645029269476761E-06
"p1271": 2.2580117077907045E-05
"p1272": 0.00011854561465901199
"p1273": 9.408382115794602E-05
"p1274": 0.001868504688196808
"p1275": 0.0020905425061295605
