"p1213": 0
"p1214": 0.012503739831891028
"p1215": 0.0032854070348354745
"p1216": 0.0002333278764717061
"p1217": 2.8225146347383805E-05
"p1218": 0.003447231207227142
"p1219": 0.0007225637464930254
"p1220": 4.139688130949625E-05
"p1221": 0
"p1222": 6.585867481056221E-05
"p1223": 3.7633528463178407E-06
"p1224": 7.150370408003898E-05
"p1225": 1.8816764231589204E-06
"p1226": 0.0030464341290942923
"p1227": 0.0002897781691664737
"p1228": 0.00017875926020009746
"p1229": 3.7633528463178407E-06
"p1230": 0.002576015023304562
"p1231": 0.0002483812878569775
"p1232": 7.5267056926356815E-06
"p1233": 0
"p1234": 0.00013171734962112442
"p1235": 1.1290058538953523E-05
"p1236": 0
"p1237": 0
"p1238": 0
"p1239": 0
"p1240": 0
"p1241": 0
"p1242": 3.0106822770542726E-05
"p1243": 0
"p1244": 3.7633528463178407E-06
"p1245": 0
"p1246": 5.2686939848449775E-05
"p1247": 0
"p1248": 0.006627264362365717
"p1249": 0.0011628760295122125
"p1250": 0.014741053099026983
"p1251": 0.013756936329714866
"p1252": 0.0001806409366232563
"p1253": 0
"p1254": 0.00012419064392848873
"p1255": 1.5053411385271363E-05
"p1256": 0.004213073511452822
"p1257": 0.00013548070246744229
"p1258": 0.024158843596937384
"p1259": 0.012503739831891028
"p1260": 0.002576015023304562
"p1261": 5.2686939848449775E-05
"p1262": 0.013399417809314675
"p1263": 0.0058219068532537
"p1264": 0.0003951520488633732
"p1265": 3.7633528463178407E-06
"p1266": 0.006679951302214168
"p1267": 0.0030727775990185167
"p1268": 9.408382115794602E-06
"p1269": 0
"p1270": 9.220214473478711E-05
"p1271": 0
"p1272": 0.0004911175464444782
"p1273": 0
"p1274": 0.007837182302456905
"p1275": 0.0032854070348354754
