"p1213": 0.001243788115708046
"p1214": 0.013282753871078823
"p1215": 0.023016666008079917
"p1216": 0
"p1217": 3.7633528463178407E-06
"p1218": 2.2580117077907045E-05
"p1219": 6.774035123372113E-05
"p1220": 1.3171734962112444E-05
"p1221": 0.00012795399677480656
"p1222": 0.00012042729108217089
"p1223": 8.655711546531033E-05
"p1224": 9.032046831162817E-05
"p1225": 6.585867481056221E-05
"p1226": 0.00043466725374971066
"p1227": 0.00033493840332228785
"p1228": 0.00035375516755387705
"p1229": 0.0001580608195453493
"p1230": 0.0010575021498153132
"p1231": 0.0008279376261899249
"p1232": 1.8816764231589203E-05
"p1233": 4.704191057897301E-05
"p1234": 0.00023520955289486504
"p1235": 0.0002897781691664738
"p1236": 5.456861627160869E-05
"p1237": 0.00018440428946957422
"p1238": 0.0003518734911307182
"p1239": 0.00030294990412858613
"p1240": 0.00015994249596850823
"p1241": 0.00012042729108217089
"p1242": 0.002224141532173844
"p1243": 0.0012682499092091125
"p1244": 0.00042714054805707494
"p1245": 0.00021262943581695798
"p1246": 0.0030991210689427424
"p1247": 0.0016295317824556249
"p1248": 0
"p1249": 0.0001844042894695742
"p1250": 0.00015994249596850825
"p1251": 0.0008166475676509716
"p1252": 7.526705692635681E-05
"p1253": 0.00101046023923634
"p1254": 0.0003932703724402144
"p1255": 0.0009765900636194795
"p1256": 0.0006058998082571725
"p1257": 0.0024894579078392513
"p1258": 0.0030972393925195827
"p1259": 0.010277716623294023
"p1260": 0.0019080198930831451
"p1261": 0.0055528271247419735
"p1262": 0.0051256865766848994
"p1263": 0.013713657771982215
"p1264": 9.408382115794602E-06
"p1265": 0.00027848811062752024
"p1266": 0.0007263270993393434
"p1267": 0.0020830158004369243
"p1268": 9.220214473478709E-05
"p1269": 0.0008636894782299442
"p1270": 0.0010499754441226775
"p1271": 0.0018045276898094047
"p1272": 0.000709392011530913
"p1273": 0.0022448399728285918
"p1274": 0.008635013105876287
"p1275": 0.01737540009144947
