"p1213": 2.6343469924224884E-05
"p1214": 0.0008467543904215141
"p1215": 0.0033117505047596998
"p1216": 4.7041910578973015E-05
"p1217": 0.0006567050716824631
"p1218": 0.0003744536082086252
"p1219": 0.0010066968863900222
"p1220": 0
"p1221": 0
"p1222": 2.8225146347383808E-05
"p1223": 0.00015806081954534932
"p1224": 0.001198627881552232
"p1225": 0.0034622846186124134
"p1226": 0.00819281914643394
"p1227": 0.019968350202562466
"p1228": 0.0001016105268505817
"p1229": 0.00028413313989699703
"p1230": 0.0013453986425586279
"p1231": 0.0028131062526225857
"p1232": 0
"p1233": 0
"p1234": 0
"p1235": 0
"p1236": 0
"p1237": 0
"p1238": 0
"p1239": 0
"p1240": 0
"p1241": 0
"p1242": 5.645029269476761E-05
"p1243": 0
"p1244": 0
"p1245": 0
"p1246": 7.903040977267465E-05
"p1247": 0
"p1248": 3.7633528463178407E-06
"p1249": 0.00044407563586550526
"p1250": 8.843879188846926E-05
"p1251": 0.00035940019682335385
"p1252": 0
"p1253": 0
"p1254": 0
"p1255": 2.2580117077907045E-05
"p1256": 0.0008655711546531031
"p1257": 0.004011734134174818
"p1258": 0.0027660643420436134
"p1259": 0.011060494015328135
"p1260": 0.00016370584881482604
"p1261": 0.0006679951302214168
"p1262": 0.0006567050716824632
"p1263": 0.0021714545923253938
"p1264": 5.080526342529085E-05
"p1265": 0.0002107477593937991
"p1266": 0.0002013393772780045
"p1267": 0.00034622846186124133
"p1268": 0
"p1269": 0
"p1270": 5.645029269476761E-06
"p1271": 3.7633528463178407E-05
"p1272": 0.0005118159870992262
"p1273": 0.0006416516602971917
"p1274": 0.004858488524596334
"p1275": 0.008565391078219405
