"p1213": 0.0028827282802794656
"p1214": 9.032046831162817E-05
"p1215": 0.0001091372325432174
"p1216": 0.00014488908458323683
"p1217": 0.0002446179350106597
"p1218": 1.3171734962112444E-05
"p1219": 8.091208619583358E-05
"p1220": 5.645029269476761E-06
"p1221": 3.3870175616860565E-05
"p1222": 0
"p1223": 0
"p1224": 0.001776302543462021
"p1225": 0.0018233444540409938
"p1226": 0.0010819639433163792
"p1227": 0.0006153081903729669
"p1228": 0.00042149551878759814
"p1229": 0.00040079707813285006
"p1230": 0.00015994249596850825
"p1231": 7.903040977267465E-05
"p1232": 0
"p1233": 0
"p1234": 0
"p1235": 0
"p1236": 0
"p1237": 0
"p1238": 0
"p1239": 0
"p1240": 0
"p1241": 0
"p1242": 0
"p1243": 0
"p1244": 0
"p1245": 0
"p1246": 0
"p1247": 0
"p1248": 0.000353755167553877
"p1249": 0.0016521118995335318
"p1250": 9.032046831162817E-05
"p1251": 0.000615308190372967
"p1252": 2.8225146347383808E-05
"p1253": 0.00018064093662325633
"p1254": 0
"p1255": 0
"p1256": 0.008682055016455258
"p1257": 0.024322549445752205
"p1258": 0.003543196704808247
"p1259": 0.014167141789963512
"p1260": 0.001552383049106109
"p1261": 0.004207428482183345
"p1262": 0.0005174610163687031
"p1263": 0.001087608972585856
"p1264": 0.00010913723254321738
"p1265": 0.00015617914312219037
"p1266": 3.7633528463178407E-06
"p1267": 7.903040977267465E-05
"p1268": 0
"p1269": 0
"p1270": 0
"p1271": 0
"p1272": 0.002103714241091673
"p1273": 0.005633739210937808
"p1274": 0.0008448727139983552
"p1275": 0.001087608972585856
