"p1213": 0.004512260062735091
"p1214": 0.0003274116976296522
"p1215": 0.000496762575713955
"p1216": 0.00015617914312219037
"p1217": 0.00028225146347383805
"p1218": 2.6343469924224887E-05
"p1219": 4.327855773265517E-05
"p1220": 0.00014488908458323683
"p1221": 0.0002446179350106597
"p1222": 1.3171734962112444E-05
"p1223": 8.091208619583358E-05
"p1224": 0.0009878801221584331
"p1225": 0.0009464832408489371
"p1226": 0.000543804486292928
"p1227": 0.00021262943581695798
"p1228": 0.0009333115058868244
"p1229": 0.0009257848001941887
"p1230": 0.0006341249546045561
"p1231": 0.00042337719521075713
"p1232": 0
"p1233": 0
"p1234": 0
"p1235": 0
"p1236": 0
"p1237": 0
"p1238": 0
"p1239": 0
"p1240": 0
"p1241": 0
"p1242": 0
"p1243": 0
"p1244": 0
"p1245": 0
"p1246": 0
"p1247": 0
"p1248": 0.0003838619903244198
"p1249": 0.0019625885093547536
"p1250": 9.408382115794602E-05
"p1251": 0.00033870175616860566
"p1252": 0.000353755167553877
"p1253": 0.001674692016611439
"p1254": 9.032046831162817E-05
"p1255": 0.000615308190372967
"p1256": 0.005054182872604861
"p1257": 0.014308267521700429
"p1258": 0.0019343633630073697
"p1259": 0.006687478007906803
"p1260": 0.004094527896793811
"p1261": 0.010076377246016018
"p1262": 0.0018101727190788816
"p1263": 0.007728045069913687
"p1264": 0.00010725555612005845
"p1265": 0.0005155793399455442
"p1266": 2.069844065474812E-05
"p1267": 7.5267056926356815E-06
"p1268": 0.00010913723254321738
"p1269": 0.00013359902604428333
"p1270": 3.7633528463178407E-06
"p1271": 7.903040977267465E-05
"p1272": 0.0012889483498638604
"p1273": 0.003699375847930437
"p1274": 0.00043843060659602847
"p1275": 0.0007075103351077541
