"p1213": 0
"p1214": 0.0014714709629102757
"p1215": 0.00010725555612005845
"p1216": 0.0011741660880511663
"p1217": 6.209532196424438E-05
"p1218": 0.003710665906469391
"p1219": 0.0024781678493002984
"p1220": 0.0017838292491546563
"p1221": 0.0003180033155138575
"p1222": 0.003200731595793324
"p1223": 0.003373845826723944
"p1224": 0.00023144620004854718
"p1225": 0
"p1226": 0.002242958296405433
"p1227": 0.0006341249546045561
"p1228": 0.00031423996266753966
"p1229": 0
"p1230": 0.0010255136506216117
"p1231": 0.00033305672689912887
"p1232": 0.0013773871417523296
"p1233": 5.080526342529084E-05
"p1234": 0.0072406908763155255
"p1235": 0.004523550121274045
"p1236": 0.0015862532247229698
"p1237": 0.00022768284720222937
"p1238": 0.005342079365348177
"p1239": 0.0046609125001646455
"p1240": 0.00034246510901492347
"p1241": 0
"p1242": 0.007133435320195467
"p1243": 0.002758537636350977
"p1244": 0.0004534840179812998
"p1245": 0
"p1246": 0.002982457130706889
"p1247": 0.0007752506863414752
"p1248": 0.00022580117077907044
"p1249": 0
"p1250": 0.0008335826554594018
"p1251": 0.0004233771952107571
"p1252": 0.0006529417188361452
"p1253": 7.33853805031979E-05
"p1254": 0.0014150206702155082
"p1255": 0.0011045440603942864
"p1256": 1.1290058538953523E-05
"p1257": 0
"p1258": 0.00026719805208856665
"p1259": 4.8923587002131926E-05
"p1260": 5.268693984844976E-05
"p1261": 0
"p1262": 0.0001919309951622099
"p1263": 2.446179350106597E-05
"p1264": 0.0001580608195453493
"p1265": 5.645029269476761E-06
"p1266": 0.0024123091744897357
"p1267": 0.0004704191057897301
"p1268": 0.0002671980520885667
"p1269": 3.7633528463178407E-05
"p1270": 0.002969285395744776
"p1271": 0.0006416516602971917
"p1272": 1.5053411385271363E-05
"p1273": 0
"p1274": 0.0014074939645228725
"p1275": 0.000165587525237985
