"p1213": 0
"p1214": 0.000683048541606688
"p1215": 0.00024085458216434178
"p1216": 0.0017894742784241332
"p1217": 0.0005306327513308156
"p1218": 0.0012437881157080462
"p1219": 0.0037125475828925507
"p1220": 4.516023415581409E-05
"p1221": 3.3870175616860565E-05
"p1222": 3.7633528463178407E-06
"p1223": 7.5267056926356815E-06
"p1224": 0.0037351276999704566
"p1225": 5.8331969117926534E-05
"p1226": 0.0020115120963568856
"p1227": 0.003829211521128403
"p1228": 0.001418784023061826
"p1229": 7.150370408003896E-05
"p1230": 0.0007827773920341108
"p1231": 0.0013228185254807211
"p1232": 0.002830041340431016
"p1233": 0.0003895070195938965
"p1234": 0.002256130031367545
"p1235": 0.005072999636836449
"p1236": 7.526705692635681E-05
"p1237": 4.327855773265517E-05
"p1238": 3.7633528463178407E-06
"p1239": 7.5267056926356815E-06
"p1240": 0.009543862818262042
"p1241": 0.00010161052685058169
"p1242": 0.005652555975169397
"p1243": 0.008832589130307971
"p1244": 0.002886491633125784
"p1245": 0
"p1246": 0.001956943480085277
"p1247": 0.0020980692118221962
"p1248": 0.0007658423042256805
"p1249": 0.00015241579027587253
"p1250": 0.00041961384236443927
"p1251": 0.0012814216441712246
"p1252": 0
"p1253": 0
"p1254": 0
"p1255": 0
"p1256": 0.0008599261253836266
"p1257": 1.8816764231589204E-06
"p1258": 0.0003142399626675396
"p1259": 0.0006830485416066879
"p1260": 0.00038009863747810193
"p1261": 3.7633528463178407E-06
"p1262": 0.00014300740816007796
"p1263": 0.0002408545821643418
"p1264": 0.001108307413240604
"p1265": 2.2580117077907045E-05
"p1266": 0.0017066805158051407
"p1267": 0.0007921857741499056
"p1268": 2.2580117077907045E-05
"p1269": 1.6935087808430282E-05
"p1270": 1.8816764231589204E-06
"p1271": 3.7633528463178407E-06
"p1272": 0.0017066805158051405
"p1273": 1.8816764231589204E-06
"p1274": 0.0020773707711674474
"p1275": 0.0008185292440741305
