"p1213": 0.0032477735063722963
"p1214": 0.00010913723254321737
"p1215": 0.000118545614659012
"p1216": 0.00030106822770542725
"p1217": 0.001151585970973259
"p1218": 7.338538050319788E-05
"p1219": 0.00042337719521075713
"p1220": 2.8225146347383808E-05
"p1221": 0.00015806081954534932
"p1222": 0
"p1223": 0
"p1224": 0.0062076505200012785
"p1225": 0.016086451741585614
"p1226": 0.002720904107887799
"p1227": 0.007404396725130352
"p1228": 0.0010142235920826582
"p1229": 0.002502629642801364
"p1230": 0.0003895070195938966
"p1231": 0.00036692690251598946
"p1232": 0
"p1233": 0
"p1234": 0
"p1235": 0
"p1236": 0
"p1237": 0
"p1238": 0
"p1239": 0
"p1240": 3.7633528463178407E-05
"p1241": 0
"p1242": 1.8816764231589203E-05
"p1243": 0
"p1244": 6.021364554108545E-05
"p1245": 0
"p1246": 1.8816764231589203E-05
"p1247": 0
"p1248": 7.150370408003896E-05
"p1249": 0.0004911175464444783
"p1250": 1.693508780843028E-05
"p1251": 0.00018064093662325636
"p1252": 0
"p1253": 2.2580117077907045E-05
"p1254": 0
"p1255": 0
"p1256": 0.0024913395842624106
"p1257": 0.008247387762705548
"p1258": 0.0008730978603457391
"p1259": 0.006698768066445757
"p1260": 0.0005475678391392457
"p1261": 0.0017198522507672533
"p1262": 0.00012983567319796552
"p1263": 0.0007263270993393433
"p1264": 0.0002013393772780045
"p1265": 0.00036880857893914834
"p1266": 1.6935087808430286E-05
"p1267": 0.00017123255450746173
"p1268": 5.645029269476761E-06
"p1269": 3.7633528463178407E-05
"p1270": 0
"p1271": 0
"p1272": 0.003669269025159895
"p1273": 0.007426976842208258
"p1274": 0.0018195811011946761
"p1275": 0.0017763025434620206
