"p1213": 0.014882178830763901
"p1214": 0.0012814216441712244
"p1215": 0.00209054250612956
"p1216": 0.0003180033155138575
"p1217": 0.00023520955289486504
"p1218": 0.00017123255450746173
"p1219": 0.0001862859658927331
"p1220": 0.0007696056570719984
"p1221": 0.0004854725171750015
"p1222": 0.000521224369215021
"p1223": 0.0005249877220613388
"p1224": 2.8225146347383805E-05
"p1225": 8.091208619583358E-05
"p1226": 5.645029269476761E-06
"p1227": 3.7633528463178407E-06
"p1228": 0.00016935087808430283
"p1229": 0.00014865243742955472
"p1230": 3.0106822770542726E-05
"p1231": 0.00013736237889060116
"p1232": 0.0011967462051290733
"p1233": 0.0008523994196909909
"p1234": 0.0007150370408003897
"p1235": 0.0002427362585875007
"p1236": 0.001791355954847292
"p1237": 0.0010349220327374063
"p1238": 0.0013660970832133762
"p1239": 0.0006040181318340134
"p1240": 0.0005400411334466101
"p1241": 0.00059272807329506
"p1242": 0.0002145111122401169
"p1243": 6.39769983874033E-05
"p1244": 0.000707510335107754
"p1245": 0.0005626212505245172
"p1246": 0.0001467707610063958
"p1247": 0.0001787592602000974
"p1248": 0.0020641990362053357
"p1249": 0.005874593793102149
"p1250": 0.0006999836294151183
"p1251": 0.004071947779715904
"p1252": 0.003838619903244198
"p1253": 0.008883394393733264
"p1254": 0.0015711998133376985
"p1255": 0.007940674505730645
"p1256": 0.0006774035123372114
"p1257": 0.003185678184408052
"p1258": 0.00013359902604428333
"p1259": 0.0007244454229161845
"p1260": 0.0006679951302214168
"p1261": 0.002199679738672778
"p1262": 0.00012230896750532982
"p1263": 0.0007978308034193823
"p1264": 0.004277050509840227
"p1265": 0.007880460860189559
"p1266": 0.0019306000101610523
"p1267": 0.003981627311404275
"p1268": 0.0064710852192435275
"p1269": 0.008499532403408845
"p1270": 0.004066302750446426
"p1271": 0.005797445059752634
"p1272": 0.0029937471892458427
"p1273": 0.007662186395103124
"p1274": 0.0007526705692635682
"p1275": 0.0014056122880997135
