"p1213": 0
"p1214": 0.006698768066445758
"p1215": 0.0007263270993393433
"p1216": 0.001653993575956691
"p1217": 0.0001016105268505817
"p1218": 0.005184018545802825
"p1219": 0.00353755167553877
"p1220": 0.003219548360024912
"p1221": 0.0005231060456381798
"p1222": 0.006619737656673083
"p1223": 0.006536943894054091
"p1224": 0.00037069025536230727
"p1225": 0
"p1226": 0.002978693777860571
"p1227": 0.000895677977423646
"p1228": 0.0005946097497182189
"p1229": 0
"p1230": 0.0019550618036621183
"p1231": 0.0006416516602971918
"p1232": 0.0017556041028072725
"p1233": 6.962202765688006E-05
"p1234": 0.009681225197152648
"p1235": 0.006053353053302246
"p1236": 0.0024066641452202588
"p1237": 0.00031423996266753966
"p1238": 0.011092482514521837
"p1239": 0.007805193803263203
"p1240": 0.0004647740765202533
"p1241": 0
"p1242": 0.008729096927034233
"p1243": 0.0035431967048082467
"p1244": 0.0005814380147561065
"p1245": 0
"p1246": 0.005146385017339647
"p1247": 0.0015147495206429308
"p1248": 0.0004384306065960283
"p1249": 1.6935087808430286E-05
"p1250": 0.0014677076100639576
"p1251": 0.0007470255399940913
"p1252": 0.0017273789564598886
"p1253": 0.00021451111224011693
"p1254": 0.0040681844268695855
"p1255": 0.0032477735063722963
"p1256": 5.0805263425290837E-05
"p1257": 0
"p1258": 0.000425258871633916
"p1259": 0.00010913723254321737
"p1260": 0.00019945770085484557
"p1261": 0
"p1262": 0.0005870830440255833
"p1263": 0.00011854561465901199
"p1264": 0.0002013393772780045
"p1265": 5.645029269476761E-06
"p1266": 0.0036692690251598947
"p1267": 0.0007827773920341108
"p1268": 0.0003688085789391484
"p1269": 3.7633528463178407E-05
"p1270": 0.007426976842208259
"p1271": 0.001702917162958823
"p1272": 1.6935087808430286E-05
"p1273": 0
"p1274": 0.0018195811011946761
"p1275": 0.00023332787647170608
