"p1213": 0
"p1214": 0.005255522249882864
"p1215": 0.0014187840230618259
"p1216": 4.516023415581409E-05
"p1217": 0
"p1218": 0.0003838619903244198
"p1219": 0.00010537387969689952
"p1220": 0.00013171734962112442
"p1221": 0
"p1222": 0.0002916598455896327
"p1223": 0.0001110189089663763
"p1224": 0.00010537387969689952
"p1225": 5.645029269476761E-06
"p1226": 0.0023351604411402205
"p1227": 0.0002389729057411829
"p1228": 0.0001825226130464153
"p1229": 2.8225146347383805E-05
"p1230": 0.0023878473809886697
"p1231": 0.0003744536082086252
"p1232": 0
"p1233": 0
"p1234": 0
"p1235": 0
"p1236": 0
"p1237": 0
"p1238": 0
"p1239": 0
"p1240": 0
"p1241": 0
"p1242": 0
"p1243": 0
"p1244": 0
"p1245": 0
"p1246": 0
"p1247": 0
"p1248": 0.00030106822770542725
"p1249": 0
"p1250": 0.0022881185305612473
"p1251": 0.0003443467854380824
"p1252": 0.0009013230066931226
"p1253": 0
"p1254": 0.0017875926020009744
"p1255": 0.00031612163909069854
"p1256": 0.003161216390906986
"p1257": 0.00011290058538953522
"p1258": 0.01654181743599007
"p1259": 0.008778020514036363
"p1260": 0.00413027974883383
"p1261": 0.0006623501009519399
"p1262": 0.011602416825197904
"p1263": 0.009131775681590237
"p1264": 0
"p1265": 0
"p1266": 0.0005720296326403118
"p1267": 9.032046831162818E-05
"p1268": 6.774035123372113E-05
"p1269": 0
"p1270": 0.00021074775939379904
"p1271": 4.704191057897302E-05
"p1272": 0.00020133937727800447
"p1273": 0
"p1274": 0.004420057918000304
"p1275": 0.0018967298345441913
