"p1213": 0.0001862859658927331
"p1214": 0.011617470236583174
"p1215": 0.010981463605555459
"p1216": 6.39769983874033E-05
"p1217": 0
"p1218": 2.4461793501065963E-05
"p1219": 7.5267056926356815E-06
"p1220": 8.091208619583357E-05
"p1221": 9.408382115794602E-06
"p1222": 0.00013548070246744226
"p1223": 0.00011290058538953519
"p1224": 0.0002728430813580435
"p1225": 0
"p1226": 0.00045348401798129986
"p1227": 0.00026155302281908997
"p1228": 0.0006002547789876957
"p1229": 5.645029269476761E-06
"p1230": 0.0011045440603942862
"p1231": 0.000707510335107754
"p1232": 0.00027660643420436126
"p1233": 0
"p1234": 0.0002051027301243223
"p1235": 0.00011290058538953522
"p1236": 0.00029354152201279153
"p1237": 3.7633528463178407E-05
"p1238": 0.00034434678543808245
"p1239": 0.0001862859658927331
"p1240": 0.0011986278815522325
"p1241": 5.645029269476761E-06
"p1242": 0.0022824735012917704
"p1243": 0.0006190715432192847
"p1244": 0.0013642154067902172
"p1245": 1.6935087808430282E-05
"p1246": 0.003274116976296522
"p1247": 0.0010499754441226775
"p1248": 0.0006021364554108545
"p1249": 0
"p1250": 0.0002784881106275202
"p1251": 0.0002615530228190899
"p1252": 0.0007169187172235485
"p1253": 0.00031988499193701646
"p1254": 0.0004346672537497106
"p1255": 0.0006190715432192848
"p1256": 0.006213295549270756
"p1257": 0.00023144620004854718
"p1258": 0.003244010153525978
"p1259": 0.0071127368795407195
"p1260": 0.007007362999843821
"p1261": 0.0012908300262870192
"p1262": 0.0045630653261603815
"p1263": 0.011197856394218737
"p1264": 0.0015918982539924467
"p1265": 0
"p1266": 0.0008072391855351766
"p1267": 0.0007075103351077541
"p1268": 0.0013642154067902172
"p1269": 0.0002201561415095937
"p1270": 0.0009558916229647316
"p1271": 0.0010499754441226775
"p1272": 0.01075378075835323
"p1273": 0.00014300740816007796
"p1274": 0.007921857741499056
"p1275": 0.011197856394218735
