"p1213": 0.0019381267158536878
"p1214": 0.0002671980520885667
"p1215": 0.0001749959073537796
"p1216": 7.526705692635681E-05
"p1217": 0.0005231060456381798
"p1218": 1.693508780843028E-05
"p1219": 0.00012419064392848875
"p1220": 0.00010913723254321738
"p1221": 0.000521224369215021
"p1222": 1.693508780843028E-05
"p1223": 0.00017311423093062064
"p1224": 0.0013867955238681241
"p1225": 0.0050221943734111586
"p1226": 0.0004948808992907961
"p1227": 0.002745365901388865
"p1228": 0.0012644865563627944
"p1229": 0.0035488417340777236
"p1230": 0.0005193426927918621
"p1231": 0.0029749304250142527
"p1232": 0.0003895070195938966
"p1233": 0.0017857109255778152
"p1234": 9.408382115794602E-05
"p1235": 0.00021827446508643474
"p1236": 0.0002897781691664737
"p1237": 0.001151585970973259
"p1238": 7.338538050319788E-05
"p1239": 0.00041208713667180354
"p1240": 0.004371134330998172
"p1241": 0.010782005904700614
"p1242": 0.0016539935759566908
"p1243": 0.0038800167845536937
"p1244": 0.0028563848103552412
"p1245": 0.005646910945899921
"p1246": 0.001317173496211244
"p1247": 0.0035413150283850883
"p1248": 7.5267056926356815E-06
"p1249": 4.8923587002131926E-05
"p1250": 0
"p1251": 0
"p1252": 1.5053411385271365E-05
"p1253": 4.8923587002131926E-05
"p1254": 1.8816764231589204E-06
"p1255": 5.833196911792653E-05
"p1256": 0.0002521446407032953
"p1257": 0.0010029335335437046
"p1258": 6.209532196424438E-05
"p1259": 0.0005042892814065906
"p1260": 0.00042149551878759814
"p1261": 0.0015806081954534933
"p1262": 0.00010913723254321738
"p1263": 0.0010725555612005847
"p1264": 0.00016182417239166713
"p1265": 0.0003688085789391484
"p1266": 3.010682277054273E-05
"p1267": 4.516023415581409E-05
"p1268": 0.0001580608195453493
"p1269": 0.0002671980520885667
"p1270": 1.5053411385271363E-05
"p1271": 0.00011666393823585305
"p1272": 0.001275776614901748
"p1273": 0.0015599097547987454
"p1274": 0.0006774035123372113
"p1275": 0.0003857436667475786
