"p1213": 1.6935087808430282E-05
"p1214": 0.006901989120146921
"p1215": 0.005153911723032284
"p1216": 0.00027660643420436126
"p1217": 0
"p1218": 0.00020133937727800444
"p1219": 0.00011290058538953522
"p1220": 0.00029354152201279153
"p1221": 3.7633528463178407E-05
"p1222": 0.000333056726899129
"p1223": 0.0001862859658927331
"p1224": 0.0011986278815522325
"p1225": 5.645029269476761E-06
"p1226": 0.002252366678521228
"p1227": 0.0006190715432192847
"p1228": 0.0013642154067902172
"p1229": 1.6935087808430282E-05
"p1230": 0.0031160561567511727
"p1231": 0.0010499754441226775
"p1232": 0
"p1233": 0
"p1234": 3.7633528463178407E-06
"p1235": 0
"p1236": 0
"p1237": 0
"p1238": 1.1290058538953523E-05
"p1239": 3.7633528463178407E-06
"p1240": 0
"p1241": 0
"p1242": 3.0106822770542726E-05
"p1243": 0
"p1244": 0
"p1245": 0
"p1246": 0.00016935087808430283
"p1247": 1.8816764231589203E-05
"p1248": 0.0017066805158051405
"p1249": 0
"p1250": 0.000773369009918316
"p1251": 0.0008561627725373088
"p1252": 0.0016201234003398305
"p1253": 0.0005833196911792653
"p1254": 0.0009596549758110494
"p1255": 0.0014564175515250043
"p1256": 0.014012844323264483
"p1257": 0.00037445360820862513
"p1258": 0.008574799460335202
"p1259": 0.01564049442929695
"p1260": 0.013393772780045193
"p1261": 0.00202092047847268
"p1262": 0.010687922083542668
"p1263": 0.020126411022107816
"p1264": 0.0005852013676024242
"p1265": 0
"p1266": 0.00034622846186124133
"p1267": 0.00011854561465901197
"p1268": 0.0005870830440255832
"p1269": 0
"p1270": 0.0006981019529919596
"p1271": 0.0002784881106275202
"p1272": 0.003859318343898946
"p1273": 0
"p1274": 0.003364437444608149
"p1275": 0.0034058343259176452
