"p1213": 0.00023144620004854718
"p1214": 0.003848028285359993
"p1215": 0.005336434336078698
"p1216": 0.0011628760295122127
"p1217": 0.00318944153725437
"p1218": 0.0029561136607826636
"p1219": 0.006871882297376378
"p1220": 0
"p1221": 6.774035123372113E-05
"p1222": 1.1290058538953523E-05
"p1223": 3.3870175616860565E-05
"p1224": 0.00048735419359816035
"p1225": 0.0018252261304641524
"p1226": 0.0023483321761023322
"p1227": 0.008027231621195955
"p1228": 0.00033117505047597
"p1229": 0.001367978759636535
"p1230": 0.001896729834544192
"p1231": 0.004941282287215324
"p1232": 0.0011854561465901197
"p1233": 0.0024085458216434176
"p1234": 0.005163320105148078
"p1235": 0.008004651504118047
"p1236": 0
"p1237": 8.091208619583358E-05
"p1238": 1.1290058538953523E-05
"p1239": 6.39769983874033E-05
"p1240": 0.0006774035123372113
"p1241": 0.0022486033256749094
"p1242": 0.009058390301087045
"p1243": 0.018163822512753062
"p1244": 0.00024461793501065964
"p1245": 0.0008505177432678319
"p1246": 0.005535892036933544
"p1247": 0.007968899652078029
"p1248": 0.0006943386001456416
"p1249": 0.0016144783710703536
"p1250": 0.001422547375908144
"p1251": 0.0038235664918589256
"p1252": 0
"p1253": 0
"p1254": 0
"p1255": 0
"p1256": 0.0001580608195453493
"p1257": 0.0005343961041771334
"p1258": 0.0005908463968719011
"p1259": 0.002246721649251751
"p1260": 0.00010913723254321738
"p1261": 0.0004873541935981604
"p1262": 0.0005042892814065907
"p1263": 0.001684100398727234
"p1264": 0.0007150370408003898
"p1265": 0.0003292933740528111
"p1266": 0.0033851358852628978
"p1267": 0.002316343676908631
"p1268": 0
"p1269": 3.3870175616860565E-05
"p1270": 5.645029269476761E-06
"p1271": 1.6935087808430282E-05
"p1272": 0.0002333278764717061
"p1273": 0.00011290058538953522
"p1274": 0.0033155138576060183
"p1275": 0.0029372968965510745
