"p1213": 0.011278768480414569
"p1214": 0.0011666393823585308
"p1215": 0.0013905588767144422
"p1216": 0.003213903330755436
"p1217": 0.005084289695375404
"p1218": 0.0022015614150959362
"p1219": 0.004988324197794298
"p1220": 1.1290058538953523E-05
"p1221": 0.00010725555612005845
"p1222": 0
"p1223": 0
"p1224": 0.005754166502019977
"p1225": 0.013495383306895776
"p1226": 0.002227904885020162
"p1227": 0.0047644047034383855
"p1228": 0.003091594363250106
"p1229": 0.005584815623935676
"p1230": 0.0012400247628617286
"p1231": 0.001539211314143997
"p1232": 8.279376261899248E-05
"p1233": 0
"p1234": 5.645029269476761E-05
"p1235": 7.5267056926356815E-06
"p1236": 0
"p1237": 0
"p1238": 0
"p1239": 0
"p1240": 7.150370408003898E-05
"p1241": 0
"p1242": 4.892358700213193E-05
"p1243": 7.5267056926356815E-06
"p1244": 0.00015053411385271363
"p1245": 0
"p1246": 4.516023415581409E-05
"p1247": 3.7633528463178407E-06
"p1248": 0.002995628865669001
"p1249": 0.007046878204730157
"p1250": 0.0012569598506701589
"p1251": 0.008138250530162332
"p1252": 1.1290058538953523E-05
"p1253": 6.774035123372113E-05
"p1254": 0
"p1255": 0
"p1256": 0.0022749467955991347
"p1257": 0.006610329274557288
"p1258": 0.0006717584830677346
"p1259": 0.0036824407601220065
"p1260": 0.0018346345125799472
"p1261": 0.004711717763589937
"p1262": 0.0004403122830191873
"p1263": 0.00259671346395931
"p1264": 0.0032948154169512695
"p1265": 0.0036899674658146427
"p1266": 0.002431125938721325
"p1267": 0.0017160888979209353
"p1268": 5.645029269476761E-06
"p1269": 3.3870175616860565E-05
"p1270": 0
"p1271": 0
"p1272": 0.0038536733146294685
"p1273": 0.007419450136515624
"p1274": 0.0016163600474935127
"p1275": 0.0014601809043713221
