"p1213": 9.972885042742278E-05
"p1214": 0.0030934760396732655
"p1215": 0.008992531626276482
"p1216": 5.456861627160869E-05
"p1217": 0.0001806409366232564
"p1218": 0.00034058343259176464
"p1219": 0.00030294990412858613
"p1220": 0
"p1221": 0
"p1222": 5.645029269476761E-06
"p1223": 2.8225146347383805E-05
"p1224": 0.0005024076049834317
"p1225": 0.00028036978705067917
"p1226": 0.00404372263336852
"p1227": 0.002519564730609794
"p1228": 0.00011854561465901196
"p1229": 0.00010349220327374062
"p1230": 0.0013529253482512634
"p1231": 0.0007150370408003897
"p1232": 0
"p1233": 3.7633528463178407E-06
"p1234": 1.1290058538953523E-05
"p1235": 0
"p1236": 0
"p1237": 0
"p1238": 0
"p1239": 0
"p1240": 1.1290058538953523E-05
"p1241": 7.5267056926356815E-06
"p1242": 0.00011666393823585308
"p1243": 1.1290058538953523E-05
"p1244": 0
"p1245": 0
"p1246": 4.139688130949625E-05
"p1247": 0
"p1248": 8.843879188846926E-05
"p1249": 0.0016878637515735516
"p1250": 0.0009728267107731617
"p1251": 0.002150756151670646
"p1252": 0
"p1253": 0
"p1254": 2.8225146347383808E-05
"p1255": 0.00015241579027587253
"p1256": 0.0041171080138717175
"p1257": 0.012238423456225616
"p1258": 0.01773291861184967
"p1259": 0.042683947982936954
"p1260": 0.0005720296326403117
"p1261": 0.001770657514192544
"p1262": 0.005581052271089359
"p1263": 0.010780124228277455
"p1264": 7.5267056926356815E-06
"p1265": 0.0001373623788906012
"p1266": 0.0005532128684087226
"p1267": 0.0008825062424615336
"p1268": 0
"p1269": 0
"p1270": 0
"p1271": 0
"p1272": 0.0006679951302214168
"p1273": 0.0009502465936952547
"p1274": 0.0075963277202925625
"p1275": 0.010973936899862823
