"p1213": 0
"p1214": 0.00847130725706146
"p1215": 0.001159112676665895
"p1216": 0.0027209041078877986
"p1217": 0.0005231060456381798
"p1218": 0.005381594570234512
"p1219": 0.005754166502019979
"p1220": 6.774035123372113E-05
"p1221": 0
"p1222": 3.7633528463178407E-05
"p1223": 7.5267056926356815E-06
"p1224": 0.001765012484923067
"p1225": 6.021364554108545E-05
"p1226": 0.007340419726742948
"p1227": 0.003808513080473655
"p1228": 0.0013265818783270388
"p1229": 4.139688130949625E-05
"p1230": 0.004841553436787903
"p1231": 0.0024442976736834374
"p1232": 0.002162046210209599
"p1233": 0.00031423996266753966
"p1234": 0.008202227528549736
"p1235": 0.006486138630628798
"p1236": 8.091208619583358E-05
"p1237": 0
"p1238": 6.774035123372113E-05
"p1239": 7.5267056926356815E-06
"p1240": 0.0021959163858264598
"p1241": 6.962202765688006E-05
"p1242": 0.01924390477964628
"p1243": 0.00983175931100536
"p1244": 0.0008505177432678319
"p1245": 0
"p1246": 0.01021373962490662
"p1247": 0.00413027974883383
"p1248": 0.0014112573173691901
"p1249": 0.00021451111224011693
"p1250": 0.003052079158363769
"p1251": 0.0027679460184667714
"p1252": 0
"p1253": 0
"p1254": 0
"p1255": 0
"p1256": 0.0005287510749076566
"p1257": 5.645029269476761E-06
"p1258": 0.002075489094744289
"p1259": 0.0008881512717310103
"p1260": 0.0004760641350592068
"p1261": 1.1290058538953523E-05
"p1262": 0.0016596386052261677
"p1263": 0.0006040181318340134
"p1264": 0.0003518734911307181
"p1265": 3.7633528463178407E-05
"p1266": 0.005517075272701955
"p1267": 0.0011835744701669609
"p1268": 3.3870175616860565E-05
"p1269": 0
"p1270": 1.8816764231589203E-05
"p1271": 3.7633528463178407E-06
"p1272": 0.00011290058538953522
"p1273": 1.8816764231589204E-06
"p1274": 0.0057616932077126145
"p1275": 0.0011478226181269415
