"p1213": 0
"p1214": 0.01528673926174307
"p1215": 0.003445349530803983
"p1216": 0.002188389680133824
"p1217": 0.0003180033155138575
"p1218": 0.007728045069913687
"p1219": 0.006111685022420174
"p1220": 8.091208619583358E-05
"p1221": 0
"p1222": 6.774035123372113E-05
"p1223": 7.5267056926356815E-06
"p1224": 0.0022034430915190955
"p1225": 6.962202765688006E-05
"p1226": 0.01698212971900926
"p1227": 0.008309483084669791
"p1228": 0.000873097860345739
"p1229": 0
"p1230": 0.008190937470010783
"p1231": 0.0029429419258205514
"p1232": 3.7633528463178407E-06
"p1233": 0
"p1234": 0.00015053411385271365
"p1235": 3.7633528463178407E-06
"p1236": 0
"p1237": 0
"p1238": 0
"p1239": 0
"p1240": 3.7633528463178407E-06
"p1241": 0
"p1242": 0.00013171734962112442
"p1243": 3.7633528463178407E-06
"p1244": 3.7633528463178407E-06
"p1245": 0
"p1246": 0.00019569434800852773
"p1247": 0
"p1248": 0.00444451971150137
"p1249": 0.000829819302613084
"p1250": 0.007332893021050314
"p1251": 0.007765678598376865
"p1252": 6.774035123372113E-05
"p1253": 0
"p1254": 3.7633528463178407E-05
"p1255": 7.5267056926356815E-06
"p1256": 0.002000222037817932
"p1257": 6.585867481056221E-05
"p1258": 0.007434503547900894
"p1259": 0.0042149551878759815
"p1260": 0.0016728103401882797
"p1261": 5.2686939848449775E-05
"p1262": 0.0053571327767334455
"p1263": 0.0029034267209342144
"p1264": 0.0006360066310277149
"p1265": 3.198849919370165E-05
"p1266": 0.008036640003311748
"p1267": 0.0033569107389155137
"p1268": 3.3870175616860565E-05
"p1269": 0
"p1270": 1.8816764231589203E-05
"p1271": 3.7633528463178407E-06
"p1272": 0.000588964720448742
"p1273": 1.8816764231589204E-06
"p1274": 0.010985226958401777
"p1275": 0.0036560972901977817
