"p1213": 0
"p1214": 0.0005456861627160869
"p1215": 0.0006284799253350794
"p1216": 0.0006830485416066881
"p1217": 5.645029269476761E-06
"p1218": 0.001040567062006883
"p1219": 0.00029354152201279153
"p1220": 0.0007545522456867271
"p1221": 3.3870175616860565E-05
"p1222": 0.0013510436718281048
"p1223": 0.0005268693984844977
"p1224": 0.0005833196911792653
"p1225": 0
"p1226": 0.0005983731025645366
"p1227": 0.00014488908458323686
"p1228": 0.0004647740765202534
"p1229": 0
"p1230": 0.0003180033155138575
"p1231": 0.00016558752523798497
"p1232": 0
"p1233": 0
"p1234": 0
"p1235": 0
"p1236": 0
"p1237": 0
"p1238": 0
"p1239": 0
"p1240": 0
"p1241": 0
"p1242": 0
"p1243": 0
"p1244": 0
"p1245": 0
"p1246": 0
"p1247": 0
"p1248": 0.006393936485894012
"p1249": 0.00021451111224011688
"p1250": 0.004028669221983248
"p1251": 0.00828125793832241
"p1252": 0.005650674298746239
"p1253": 0.0012287347043227748
"p1254": 0.0041227530431411944
"p1255": 0.010157289332211855
"p1256": 0.005678899445093621
"p1257": 0
"p1258": 0.00252709143630243
"p1259": 0.003539433351961929
"p1260": 0.0026456370509614423
"p1261": 2.258011707790704E-05
"p1262": 0.0009050863595394407
"p1263": 0.0016709286637651213
"p1264": 0.0016144783710703536
"p1265": 0
"p1266": 0.0014752343157565934
"p1267": 0.0016276501060324658
"p1268": 0.0009822350928889566
"p1269": 0
"p1270": 0.0015937799304156053
"p1271": 0.0013152918197880854
"p1272": 0.0012212079986301393
"p1273": 0
"p1274": 0.0006472966895666686
"p1275": 0.0005325144277539745
