"p1213": 3.7633528463178407E-06
"p1214": 0.008373460083057196
"p1215": 0.008283139614745569
"p1216": 0.0004779458114823658
"p1217": 5.645029269476761E-06
"p1218": 0.0009634183286573671
"p1219": 0.0006679951302214168
"p1220": 2.0698440654748124E-05
"p1221": 9.408382115794602E-06
"p1222": 7.5267056926356815E-06
"p1223": 0
"p1224": 0.00028036978705067917
"p1225": 0
"p1226": 0.0003462284618612413
"p1227": 0.00019004931873905094
"p1228": 0.0002483812878569775
"p1229": 0
"p1230": 0.0004045604309791679
"p1231": 0.00024273625858750068
"p1232": 0.0010273953270447706
"p1233": 1.6935087808430282E-05
"p1234": 0.002585423405420357
"p1235": 0.0009615366522342083
"p1236": 5.080526342529084E-05
"p1237": 2.0698440654748124E-05
"p1238": 1.5053411385271363E-05
"p1239": 3.7633528463178407E-06
"p1240": 0.0012306163807459338
"p1241": 1.8816764231589204E-06
"p1242": 0.0019193099516220985
"p1243": 0.0004440756358655052
"p1244": 0.0008730978603457389
"p1245": 3.7633528463178407E-06
"p1246": 0.0017254972800367298
"p1247": 0.0004327855773265517
"p1248": 0.004711717763589937
"p1249": 0.0012908300262870192
"p1250": 0.0034735746771513668
"p1251": 0.009739557166270571
"p1252": 4.327855773265517E-05
"p1253": 3.9515204886337324E-05
"p1254": 5.645029269476761E-06
"p1255": 7.5267056926356815E-06
"p1256": 0.00622270393138655
"p1257": 0.00011478226181269412
"p1258": 0.003055842511210086
"p1259": 0.005934807438643236
"p1260": 0.004145333160219102
"p1261": 0.00019569434800852773
"p1262": 0.0021564011809401228
"p1263": 0.004028669221983248
"p1264": 0.004561183649737224
"p1265": 0.000543804486292928
"p1266": 0.006691241360753122
"p1267": 0.008232334351320278
"p1268": 0.00010349220327374062
"p1269": 4.327855773265517E-05
"p1270": 1.3171734962112444E-05
"p1271": 7.5267056926356815E-06
"p1272": 0.012417182716425714
"p1273": 0.00014300740816007796
"p1274": 0.008973714862044893
"p1275": 0.012025794020408659
