"p1213": 7.5267056926356815E-06
"p1214": 0.002389729057411829
"p1215": 0.0012249713514764574
"p1216": 0.0005946097497182189
"p1217": 0.0002577896699727721
"p1218": 0.0003669269025159895
"p1219": 0.0005080526342529086
"p1220": 2.2580117077907045E-05
"p1221": 0
"p1222": 0
"p1223": 0
"p1224": 0.0077732053040695005
"p1225": 0.000991643475004751
"p1226": 0.005325144277539745
"p1227": 0.011649458735776878
"p1228": 0.0027623009891972945
"p1229": 9.032046831162818E-05
"p1230": 0.0016163600474935124
"p1231": 0.002732194166426752
"p1232": 0.0011497042945501001
"p1233": 0.0002201561415095937
"p1234": 0.0006981019529919595
"p1235": 0.0009822350928889564
"p1236": 0.00012983567319796552
"p1237": 0
"p1238": 9.408382115794602E-06
"p1239": 1.8816764231589203E-05
"p1240": 0.015711998133376984
"p1241": 0.000686811894453006
"p1242": 0.012955342173449166
"p1243": 0.018662466764890175
"p1244": 0.005135094958800693
"p1245": 0
"p1246": 0.004442638035078212
"p1247": 0.004201783452913869
"p1248": 0.00011666393823585305
"p1249": 5.6450292694767617E-05
"p1250": 0.00010349220327374062
"p1251": 0.00016370584881482606
"p1252": 0
"p1253": 0
"p1254": 0
"p1255": 0
"p1256": 0.0034754563535745256
"p1257": 0.00041396881309496247
"p1258": 0.001821462777617835
"p1259": 0.004632687353817262
"p1260": 0.0010988990311248095
"p1261": 2.6343469924224884E-05
"p1262": 0.0003631635496696716
"p1263": 0.0008128842148046536
"p1264": 0.0003443467854380824
"p1265": 3.3870175616860565E-05
"p1266": 0.00031423996266753966
"p1267": 0.00024273625858750068
"p1268": 3.198849919370165E-05
"p1269": 0
"p1270": 1.8816764231589204E-06
"p1271": 3.7633528463178407E-06
"p1272": 0.0037577078170483633
"p1273": 2.4461793501065963E-05
"p1274": 0.0074552019885556434
"p1275": 0.002995628865669001
