"p1213": 0.006416516602971919
"p1214": 0.0016088333418008767
"p1215": 0.0009144947416552353
"p1216": 0.00011666393823585305
"p1217": 0.0007432621871477736
"p1218": 3.575185204001949E-05
"p1219": 0.00016558752523798497
"p1220": 0.0003424651090149234
"p1221": 0.0010311586798910882
"p1222": 6.021364554108545E-05
"p1223": 0.00029354152201279153
"p1224": 0.0022335499142896384
"p1225": 0.006841775474605834
"p1226": 0.0007658423042256806
"p1227": 0.003910123607324237
"p1228": 0.002903426720934214
"p1229": 0.006508718747706706
"p1230": 0.0014018489352533958
"p1231": 0.005629975858091489
"p1232": 0.0005419228098697691
"p1233": 0.0019644701857779124
"p1234": 0.00012607232035164763
"p1235": 0.00027660643420436126
"p1236": 0.0007112736879540719
"p1237": 0.001674692016611439
"p1238": 0.0001373623788906012
"p1239": 0.0005268693984844977
"p1240": 0.006143673521613874
"p1241": 0.013587585451630567
"p1242": 0.0024442976736834374
"p1243": 0.005112514841722787
"p1244": 0.006130501786651762
"p1245": 0.009747083871963207
"p1246": 0.0033286855925681305
"p1247": 0.005558472154011451
"p1248": 9.408382115794602E-06
"p1249": 8.467543904215141E-05
"p1250": 0
"p1251": 5.645029269476761E-06
"p1252": 5.268693984844977E-05
"p1253": 0.00022956452362538825
"p1254": 1.3171734962112444E-05
"p1255": 0.00014488908458323686
"p1256": 0.0005005259285602729
"p1257": 0.0017179705743440943
"p1258": 0.00011854561465901199
"p1259": 0.0009577732993878904
"p1260": 0.0016201234003398305
"p1261": 0.0039270586951326665
"p1262": 0.0005456861627160869
"p1263": 0.003099121068942742
"p1264": 0.0002032210537011634
"p1265": 0.00036504522609283053
"p1266": 3.3870175616860565E-05
"p1267": 5.456861627160869E-05
"p1268": 0.0003123582862443808
"p1269": 0.0004214955187875981
"p1270": 3.575185204001948E-05
"p1271": 0.00016558752523798497
"p1272": 0.002105595917514832
"p1273": 0.00214322944597801
"p1274": 0.001089490649009015
"p1275": 0.0006077814846803313
