"p1213": 0.008249269439128707
"p1214": 0.00043843060659602847
"p1215": 0.0010104602392363405
"p1216": 0.00027284308135804345
"p1217": 0.00024085458216434183
"p1218": 0.0001637058488148261
"p1219": 0.00021827446508643477
"p1220": 0
"p1221": 0
"p1222": 0
"p1223": 0
"p1224": 0.00018816764231589203
"p1225": 0.00021827446508643477
"p1226": 9.972885042742278E-05
"p1227": 0.00012042729108217088
"p1228": 6.585867481056221E-05
"p1229": 9.220214473478711E-05
"p1230": 9.408382115794602E-06
"p1231": 5.080526342529085E-05
"p1232": 0.000822292596920448
"p1233": 0.0007357354814551379
"p1234": 0.0006153081903729669
"p1235": 0.00042337719521075713
"p1236": 5.645029269476761E-06
"p1237": 3.951520488633733E-05
"p1238": 0
"p1239": 0
"p1240": 0.001012341915659499
"p1241": 0.0011591126766658949
"p1242": 0.00048735419359816035
"p1243": 0.00018064093662325636
"p1244": 0.0005946097497182188
"p1245": 0.0005814380147561065
"p1246": 0.00019945770085484554
"p1247": 0.00017123255450746173
"p1248": 0.0013999672588302365
"p1249": 0.003959047194326368
"p1250": 0.0005249877220613389
"p1251": 0.003753944464202046
"p1252": 1.1290058538953523E-05
"p1253": 7.903040977267466E-05
"p1254": 0
"p1255": 0
"p1256": 0.0015674364604913804
"p1257": 0.006235875666348662
"p1258": 0.000472300782212889
"p1259": 0.002909071750203691
"p1260": 0.0006585867481056222
"p1261": 0.0024612327614918677
"p1262": 0.0001580608195453493
"p1263": 0.0009878801221584333
"p1264": 0.002284355177714929
"p1265": 0.0040079707813285
"p1266": 0.001183574470166961
"p1267": 0.003466047971458731
"p1268": 1.1290058538953523E-05
"p1269": 0.00011854561465901197
"p1270": 0
"p1271": 0
"p1272": 0.00522917877995864
"p1273": 0.01307012443526186
"p1274": 0.0017687758377693853
"p1275": 0.004228126922838094
