"p1213": 0.0035431967048082467
"p1214": 0.00010913723254321738
"p1215": 0.00023332787647170608
"p1216": 0.000822292596920448
"p1217": 0.0007357354814551379
"p1218": 0.0006153081903729669
"p1219": 0.00042337719521075713
"p1220": 5.645029269476761E-06
"p1221": 3.951520488633733E-05
"p1222": 0
"p1223": 0
"p1224": 0.001012341915659499
"p1225": 0.0011591126766658949
"p1226": 0.00048735419359816035
"p1227": 0.00018064093662325636
"p1228": 0.0005946097497182188
"p1229": 0.0005814380147561065
"p1230": 0.00019945770085484554
"p1231": 0.00017123255450746173
"p1232": 0
"p1233": 0
"p1234": 0
"p1235": 0
"p1236": 0
"p1237": 0
"p1238": 0
"p1239": 0
"p1240": 0
"p1241": 0
"p1242": 0
"p1243": 0
"p1244": 0
"p1245": 0
"p1246": 0
"p1247": 0
"p1248": 0.0032346017714101833
"p1249": 0.00759820939671572
"p1250": 0.0015561464019524273
"p1251": 0.007404396725130354
"p1252": 2.2580117077907045E-05
"p1253": 0.0001975760244316866
"p1254": 0
"p1255": 0
"p1256": 0.005678899445093623
"p1257": 0.016026238096044525
"p1258": 0.0019588251565084355
"p1259": 0.006698768066445756
"p1260": 0.001955061803662118
"p1261": 0.005146385017339649
"p1262": 0.0005870830440255832
"p1263": 0.0017763025434620206
"p1264": 0.0007940674505730643
"p1265": 0.0013303452311733566
"p1266": 0.0004233771952107571
"p1267": 0.00036692690251598946
"p1268": 0
"p1269": 0
"p1270": 0
"p1271": 0
"p1272": 0.001347280318981787
"p1273": 0.0042507070399160005
"p1274": 0.0004158504895181214
"p1275": 0.0007263270993393433
