"p1213": 0.007549285809713588
"p1214": 0.00042525887163391595
"p1215": 0.0006265982489119205
"p1216": 0.0011779294408974842
"p1217": 0.0008523994196909909
"p1218": 0.0007037469822614362
"p1219": 0.0002427362585875007
"p1220": 0.001765012484923067
"p1221": 0.0010349220327374063
"p1222": 0.0013096467905186085
"p1223": 0.0006040181318340134
"p1224": 0.0005400411334466101
"p1225": 0.00059272807329506
"p1226": 0.0002145111122401169
"p1227": 6.39769983874033E-05
"p1228": 0.000684930218029847
"p1229": 0.0005626212505245172
"p1230": 0.0001467707610063958
"p1231": 0.0001787592602000974
"p1232": 1.8816764231589203E-05
"p1233": 0
"p1234": 1.1290058538953523E-05
"p1235": 0
"p1236": 6.021364554108545E-05
"p1237": 0
"p1238": 6.774035123372113E-05
"p1239": 1.8816764231589203E-05
"p1240": 0
"p1241": 0
"p1242": 0
"p1243": 0
"p1244": 2.2580117077907045E-05
"p1245": 0
"p1246": 0
"p1247": 3.7633528463178407E-06
"p1248": 0.004811446614017359
"p1249": 0.011094364190944997
"p1250": 0.0021168859760537853
"p1251": 0.0075342323983283175
"p1252": 0.007633961248755741
"p1253": 0.01496120924053658
"p1254": 0.00402678754556009
"p1255": 0.013811504945986475
"p1256": 0.003037025746978498
"p1257": 0.008655711546531034
"p1258": 0.000758315598533045
"p1259": 0.0019644701857779124
"p1260": 0.002169572915902235
"p1261": 0.00482838170182579
"p1262": 0.0005212243692150209
"p1263": 0.001674692016611439
"p1264": 0.0019418900687000057
"p1265": 0.003731364347124139
"p1266": 0.0007357354814551379
"p1267": 0.0009747083871963207
"p1268": 0.00385179163820631
"p1269": 0.004933755581522689
"p1270": 0.002363385587487604
"p1271": 0.001482761021449229
"p1272": 0.0006736401594908936
"p1273": 0.0024254809094518483
"p1274": 0.0001279539967748066
"p1275": 0.0001768775837769385
