"p1213": 0.00010349220327374062
"p1214": 0.000683048541606688
"p1215": 0.0028018161940836324
"p1216": 0.00010349220327374062
"p1217": 0.00010725555612005844
"p1218": 0.0009502465936952548
"p1219": 0.0007131553643772308
"p1220": 0.00026343469924224885
"p1221": 0.00020886608297064017
"p1222": 0.001181692793743802
"p1223": 0.0009088497123857584
"p1224": 3.010682277054273E-05
"p1225": 1.5053411385271363E-05
"p1226": 0.0006077814846803312
"p1227": 0.0005983731025645366
"p1228": 4.139688130949625E-05
"p1229": 8.279376261899248E-05
"p1230": 0.0003481101382844002
"p1231": 0.0004647740765202534
"p1232": 0
"p1233": 0
"p1234": 0
"p1235": 0
"p1236": 0
"p1237": 0
"p1238": 0
"p1239": 0
"p1240": 0
"p1241": 0
"p1242": 0
"p1243": 0
"p1244": 0
"p1245": 0
"p1246": 0
"p1247": 0
"p1248": 0.0006962202765688003
"p1249": 0.0028149879290457445
"p1250": 0.004201783452913871
"p1251": 0.011030387192557589
"p1252": 0.0013830321710218063
"p1253": 0.004779458114823656
"p1254": 0.0045216684448508866
"p1255": 0.011892194994364376
"p1256": 0.0001392440553137601
"p1257": 0.000564502926947676
"p1258": 0.002756655959927819
"p1259": 0.007965136299231708
"p1260": 0.00010725555612005847
"p1261": 0.0007940674505730645
"p1262": 0.0011948645287059142
"p1263": 0.0031292278917132844
"p1264": 6.962202765688005E-05
"p1265": 0.00018064093662325633
"p1266": 0.0012663682327859534
"p1267": 0.002878964927433148
"p1268": 0.00011478226181269415
"p1269": 0.00020886608297064014
"p1270": 0.0013529253482512638
"p1271": 0.002128176034592739
"p1272": 3.7633528463178407E-06
"p1273": 2.0698440654748124E-05
"p1274": 0.0005042892814065907
"p1275": 0.0017970009841167687
