"p1213": 0
"p1214": 0.011943000257789669
"p1215": 0.002630583639576171
"p1216": 0.000658586748105622
"p1217": 0
"p1218": 0.0017198522507672531
"p1219": 0.0005645029269476761
"p1220": 0
"p1221": 0
"p1222": 0.00013924405531376012
"p1223": 1.8816764231589203E-05
"p1224": 0.004450164740770847
"p1225": 0.0003876253431707376
"p1226": 0.025412040094761223
"p1227": 0.014253698905428824
"p1228": 0.000496762575713955
"p1229": 0
"p1230": 0.0074664920470945955
"p1231": 0.00280557954692995
"p1232": 3.7633528463178407E-06
"p1233": 0
"p1234": 1.5053411385271363E-05
"p1235": 0
"p1236": 0
"p1237": 0
"p1238": 0
"p1239": 0
"p1240": 7.5267056926356815E-06
"p1241": 0
"p1242": 0.00028225146347383805
"p1243": 7.5267056926356815E-06
"p1244": 0
"p1245": 0
"p1246": 0.00018064093662325636
"p1247": 0
"p1248": 0.00059272807329506
"p1249": 0
"p1250": 0.0011591126766658949
"p1251": 0.00012419064392848875
"p1252": 0
"p1253": 0
"p1254": 2.2580117077907045E-05
"p1255": 0
"p1256": 0.006484256954205639
"p1257": 0.0008956779774236462
"p1258": 0.014789976686029117
"p1259": 0.01194300025778967
"p1260": 0.0011816927937438018
"p1261": 5.2686939848449775E-05
"p1262": 0.0048095649375942
"p1263": 0.0026305836395761704
"p1264": 0.00028036978705067917
"p1265": 0
"p1266": 0.0012268530278996157
"p1267": 0.00023520955289486504
"p1268": 0
"p1269": 0
"p1270": 3.3870175616860565E-05
"p1271": 3.7633528463178407E-06
"p1272": 0.0012268530278996157
"p1273": 3.3870175616860565E-05
"p1274": 0.018818645908012365
"p1275": 0.007014889705536456
