"p1213": 0
"p1214": 0.0007997124798425411
"p1215": 0.0006905752472993238
"p1216": 0.0042017834529138685
"p1217": 0.00010161052685058169
"p1218": 0.0029485869550900283
"p1219": 0.00514262166449333
"p1220": 0.002634346992422488
"p1221": 0.0004327855773265517
"p1222": 0.0024913395842624106
"p1223": 0.005022194373411158
"p1224": 0.004544248561928792
"p1225": 0
"p1226": 0.0021150042996306265
"p1227": 0.0027397208721193877
"p1228": 0.001956943480085277
"p1229": 0
"p1230": 0.0006792851887603702
"p1231": 0.0010951356782784917
"p1232": 0
"p1233": 0
"p1234": 5.645029269476761E-05
"p1235": 0
"p1236": 0
"p1237": 0
"p1238": 2.2580117077907045E-05
"p1239": 0
"p1240": 0
"p1241": 0
"p1242": 3.387017561686057E-05
"p1243": 0
"p1244": 0
"p1245": 0
"p1246": 2.2580117077907045E-05
"p1247": 0
"p1248": 0.002197798062249619
"p1249": 0.00011290058538953522
"p1250": 0.0011421775888574648
"p1251": 0.0031348729209827618
"p1252": 0.0030125639534774313
"p1253": 0.0007959491269962232
"p1254": 0.0016859820751503926
"p1255": 0.005114396518145946
"p1256": 0.001136532559587988
"p1257": 0
"p1258": 0.00041208713667180354
"p1259": 0.0007997124798425411
"p1260": 0.0006792851887603702
"p1261": 2.258011707790704E-05
"p1262": 0.00024461793501065964
"p1263": 0.0005607395741013582
"p1264": 0.0023031719419465183
"p1265": 5.645029269476761E-06
"p1266": 0.0023934924102581466
"p1267": 0.0019832869500095015
"p1268": 0.0016201234003398303
"p1269": 3.3870175616860565E-05
"p1270": 0.00264940040380776
"p1271": 0.001768775837769385
"p1272": 0.0018271078068873114
"p1273": 0
"p1274": 0.0012099179400911855
"p1275": 0.0006905752472993238
