"p1213": 0.004909293788021622
"p1214": 0.00043843060659602847
"p1215": 0.0005475678391392459
"p1216": 0.00034434678543808245
"p1217": 0.001763130808499908
"p1218": 9.408382115794602E-05
"p1219": 0.00021827446508643474
"p1220": 0.00030106822770542725
"p1221": 0.001151585970973259
"p1222": 7.338538050319788E-05
"p1223": 0.00042337719521075713
"p1224": 0.0038348565503978794
"p1225": 0.010130945862287629
"p1226": 0.0015636731076450628
"p1227": 0.0037539444642020457
"p1228": 0.0024894579078392513
"p1229": 0.005086171371798562
"p1230": 0.001251314821400682
"p1231": 0.003466047971458731
"p1232": 1.1290058538953523E-05
"p1233": 0
"p1234": 0
"p1235": 0
"p1236": 0
"p1237": 0
"p1238": 0
"p1239": 0
"p1240": 6.021364554108545E-05
"p1241": 0
"p1242": 3.0106822770542726E-05
"p1243": 0
"p1244": 2.6343469924224884E-05
"p1245": 0
"p1246": 7.5267056926356815E-06
"p1247": 0
"p1248": 3.9515204886337324E-05
"p1249": 0.00019945770085484557
"p1250": 0
"p1251": 0.0001204272910821709
"p1252": 7.150370408003896E-05
"p1253": 0.0005136976635223853
"p1254": 1.693508780843028E-05
"p1255": 0.00018064093662325636
"p1256": 0.0012400247628617282
"p1257": 0.004184848365105438
"p1258": 0.00039891540170969113
"p1259": 0.0029090717502036913
"p1260": 0.0016107150182240358
"p1261": 0.005005259285602729
"p1262": 0.0005833196911792652
"p1263": 0.004228126922838095
"p1264": 0.00024085458216434178
"p1265": 0.0007978308034193822
"p1266": 4.7041910578973E-05
"p1267": 5.080526342529085E-05
"p1268": 0.0002013393772780045
"p1269": 0.00034622846186124133
"p1270": 1.6935087808430286E-05
"p1271": 0.00017123255450746173
"p1272": 0.0021789812980180295
"p1273": 0.004664675853010964
"p1274": 0.000942719888002619
"p1275": 0.0009878801221584331
