"p1213": 3.7633528463178407E-06
"p1214": 0.00690198912014692
"p1215": 0.006804141946142657
"p1216": 8.091208619583357E-05
"p1217": 9.408382115794602E-06
"p1218": 0.00013548070246744226
"p1219": 0.00011290058538953519
"p1220": 0
"p1221": 0
"p1222": 0
"p1223": 0
"p1224": 0.0007432621871477736
"p1225": 5.645029269476761E-06
"p1226": 0.0013077651140954497
"p1227": 0.0008561627725373088
"p1228": 0.00020698440654748124
"p1229": 0
"p1230": 0.00029542319843595046
"p1231": 0.00011854561465901197
"p1232": 0.00029354152201279153
"p1233": 3.7633528463178407E-05
"p1234": 0.00034434678543808245
"p1235": 0.0001862859658927331
"p1236": 2.8225146347383805E-05
"p1237": 0
"p1238": 1.8816764231589204E-06
"p1239": 3.7633528463178407E-06
"p1240": 0.0022015614150959367
"p1241": 1.8816764231589203E-05
"p1242": 0.004399359477345557
"p1243": 0.001456417551525004
"p1244": 0.0006679951302214167
"p1245": 3.7633528463178407E-06
"p1246": 0.0013604520539438993
"p1247": 0.0002784881106275202
"p1248": 0.0007169187172235485
"p1249": 0.00031988499193701646
"p1250": 0.0004346672537497106
"p1251": 0.0006190715432192848
"p1252": 2.2580117077907045E-05
"p1253": 0
"p1254": 0
"p1255": 0
"p1256": 0.010864799667319607
"p1257": 0.0014056122880997135
"p1258": 0.006546352276169884
"p1259": 0.01564049442929695
"p1260": 0.0036673873487367355
"p1261": 0.00011666393823585305
"p1262": 0.0018910848052747149
"p1263": 0.0034058343259176452
"p1264": 0.0013642154067902172
"p1265": 0.0002201561415095937
"p1266": 0.0009558916229647316
"p1267": 0.0010499754441226775
"p1268": 0.00012983567319796552
"p1269": 0
"p1270": 9.408382115794602E-06
"p1271": 1.8816764231589203E-05
"p1272": 0.017104438686514584
"p1273": 0.000686811894453006
"p1274": 0.016114676887932992
"p1275": 0.02012641102210781
