"p1213": 0
"p1214": 0.02058554006935859
"p1215": 0.006408989897279282
"p1216": 0.00011854561465901196
"p1217": 0
"p1218": 0.00021639278866327578
"p1219": 3.7633528463178407E-06
"p1220": 0
"p1221": 0
"p1222": 0
"p1223": 0
"p1224": 0.0001975760244316866
"p1225": 2.4461793501065966E-05
"p1226": 0.002060435683359017
"p1227": 0.0006058998082571724
"p1228": 3.575185204001949E-05
"p1229": 0
"p1230": 0.0005061709578297496
"p1231": 7.903040977267466E-05
"p1232": 0.0001806409366232564
"p1233": 0
"p1234": 0.0006209532196424436
"p1235": 0.00011101890896637629
"p1236": 0
"p1237": 0
"p1238": 3.0106822770542726E-05
"p1239": 3.7633528463178407E-06
"p1240": 0.0002916598455896326
"p1241": 3.0106822770542726E-05
"p1242": 0.006467321866397209
"p1243": 0.001059383826238472
"p1244": 0.00010349220327374062
"p1245": 3.7633528463178407E-06
"p1246": 0.0020547906540895407
"p1247": 0.00022768284720222932
"p1248": 0.0006190715432192848
"p1249": 0
"p1250": 0.001319055172634403
"p1251": 0.00031047660982122185
"p1252": 0
"p1253": 0
"p1254": 2.2580117077907045E-05
"p1255": 0
"p1256": 0.006350657928161354
"p1257": 0.0007997124798425411
"p1258": 0.016903099309236586
"p1259": 0.012714487591284825
"p1260": 0.0011741660880511661
"p1261": 5.2686939848449775E-05
"p1262": 0.0055057852141630025
"p1263": 0.0026512820802309183
"p1264": 0.0006717584830677344
"p1265": 0
"p1266": 0.0024292442622981655
"p1267": 0.0006397699838740328
"p1268": 0
"p1269": 0
"p1270": 0.00013924405531376012
"p1271": 1.8816764231589203E-05
"p1272": 0.004487798269234025
"p1273": 0.0003876253431707376
"p1274": 0.032680956117424144
"p1275": 0.01749582738253164
