"p1213": 0
"p1214": 0.0026983239908098915
"p1215": 0.000969063357926844
"p1216": 0.003281643681989157
"p1217": 0.00019193099516220984
"p1218": 0.0021131226232074672
"p1219": 0.004892358700213192
"p1220": 0.003631635496696716
"p1221": 0.0009239031237710297
"p1222": 0.0032289567421407072
"p1223": 0.007289614463317658
"p1224": 0.002137584416708534
"p1225": 0
"p1226": 0.0008712161839225799
"p1227": 0.0012381430864385691
"p1228": 0.0013378719368659921
"p1229": 6.0213645541085445E-05
"p1230": 0.0006416516602971918
"p1231": 0.0010462120912763597
"p1232": 0.005477560067815617
"p1233": 0.00014300740816007796
"p1234": 0.004506615033465614
"p1235": 0.007289614463317657
"p1236": 0.004990205874217456
"p1237": 0.0005870830440255832
"p1238": 0.006367593015969787
"p1239": 0.00866135657580051
"p1240": 0.0058595403817168785
"p1241": 0
"p1242": 0.0029485869550900275
"p1243": 0.003947757135787415
"p1244": 0.0031518080087911916
"p1245": 0
"p1246": 0.001996458684971614
"p1247": 0.0020830158004369248
"p1248": 0.0010537387969689954
"p1249": 3.9515204886337324E-05
"p1250": 0.0004534840179812998
"p1251": 0.0012381430864385693
"p1252": 0.002681388903001461
"p1253": 0.00040079707813285
"p1254": 0.0015429746669903149
"p1255": 0.003947757135787415
"p1256": 0.000355636843977036
"p1257": 0
"p1258": 7.338538050319788E-05
"p1259": 0.0001279539967748066
"p1260": 0.0004403122830191874
"p1261": 1.8816764231589203E-05
"p1262": 0.0001486524374295547
"p1263": 0.00028225146347383805
"p1264": 0.001367978759636535
"p1265": 5.645029269476761E-06
"p1266": 0.0023916107338349877
"p1267": 0.0010462120912763599
"p1268": 0.002005867067087409
"p1269": 3.951520488633733E-05
"p1270": 0.005419228098697691
"p1271": 0.0020830158004369248
"p1272": 0.0009163764180783942
"p1273": 0
"p1274": 0.0009182580945015532
"p1275": 0.00028225146347383805
