"p1213": 0.00033493840332228785
"p1214": 0.004436993005808734
"p1215": 0.009139302387282878
"p1216": 0.0005381594570234513
"p1217": 0.0018195811011946757
"p1218": 0.004619515618855149
"p1219": 0.00871404351564896
"p1220": 0.0013115284669417673
"p1221": 0.0026795072265783024
"p1222": 0.005771101589828409
"p1223": 0.008567272754642564
"p1224": 0.00014112573173691902
"p1225": 0.0004647740765202533
"p1226": 0.003023854012016385
"p1227": 0.007438266900747214
"p1228": 9.220214473478711E-05
"p1229": 0.0006002547789876957
"p1230": 0.001774420867038862
"p1231": 0.0030182089827469082
"p1232": 3.7633528463178407E-06
"p1233": 3.7633528463178407E-06
"p1234": 0.00013171734962112442
"p1235": 3.7633528463178407E-06
"p1236": 3.7633528463178407E-06
"p1237": 3.7633528463178407E-06
"p1238": 0.0001956943480085277
"p1239": 3.7633528463178407E-06
"p1240": 0
"p1241": 0
"p1242": 4.516023415581409E-05
"p1243": 0
"p1244": 0
"p1245": 3.7633528463178407E-06
"p1246": 7.526705692635681E-05
"p1247": 0
"p1248": 0.0004986442521371138
"p1249": 0.0020679623890516533
"p1250": 0.0016483485466872142
"p1251": 0.005581052271089358
"p1252": 0.001983286950009502
"p1253": 0.0059253990565274394
"p1254": 0.004651504118048852
"p1255": 0.013026845877529206
"p1256": 6.962202765688003E-05
"p1257": 0.0003594001968233538
"p1258": 0.0006454150131435097
"p1259": 0.002273065119175976
"p1260": 6.774035123372113E-05
"p1261": 0.0006943386001456418
"p1262": 0.0008956779774236461
"p1263": 0.002156401180940122
"p1264": 0.0003161216390906986
"p1265": 0.0004421939594423463
"p1266": 0.003691849142237802
"p1267": 0.005244232191343911
"p1268": 0.0009935251514279098
"p1269": 0.0008787428896152157
"p1270": 0.006695004713599439
"p1271": 0.006871882297376378
"p1272": 6.962202765688003E-05
"p1273": 7.903040977267465E-05
"p1274": 0.0015523830491061094
"p1275": 0.003200731595793323
