"p1213": 5.080526342529084E-05
"p1214": 0.0011873378230132787
"p1215": 0.002062317359782177
"p1216": 0
"p1217": 0.000165587525237985
"p1218": 9.220214473478711E-05
"p1219": 0.0005268693984844977
"p1220": 3.7633528463178407E-06
"p1221": 0.00043654893017286954
"p1222": 0.00012607232035164768
"p1223": 0.0003895070195938966
"p1224": 0.00031988499193701646
"p1225": 0.0013886772002912832
"p1226": 0.0016558752523798499
"p1227": 0.006267864165542363
"p1228": 0.0005249877220613388
"p1229": 0.002052908977666382
"p1230": 0.001556146401952427
"p1231": 0.00501843102056484
"p1232": 9.408382115794602E-06
"p1233": 0.0002464996114338186
"p1234": 0.0004835908407518426
"p1235": 0.0018101727190788812
"p1236": 4.7041910578973015E-05
"p1237": 0.0006454150131435096
"p1238": 0.0003631635496696716
"p1239": 0.0010066968863900222
"p1240": 0.0004854725171750015
"p1241": 0.0017104438686514586
"p1242": 0.005590460653205153
"p1243": 0.013008029113297617
"p1244": 0.0007112736879540719
"p1245": 0.0017047988393819817
"p1246": 0.0038818984609768526
"p1247": 0.007553049162559908
"p1248": 0
"p1249": 0
"p1250": 7.5267056926356815E-06
"p1251": 4.8923587002131926E-05
"p1252": 3.7633528463178407E-06
"p1253": 5.268693984844976E-05
"p1254": 1.6935087808430282E-05
"p1255": 5.080526342529084E-05
"p1256": 5.833196911792652E-05
"p1257": 0.00023709122931802394
"p1258": 0.0002897781691664737
"p1259": 0.0011873378230132787
"p1260": 0.0001580608195453493
"p1261": 0.0007263270993393432
"p1262": 0.00046477407652025334
"p1263": 0.002062317359782177
"p1264": 1.8816764231589203E-05
"p1265": 4.516023415581409E-05
"p1266": 0.00018064093662325633
"p1267": 0.000378216961054943
"p1268": 4.516023415581409E-05
"p1269": 0.00016558752523798502
"p1270": 0.00015617914312219037
"p1271": 0.00024085458216434183
"p1272": 0.00018064093662325633
"p1273": 0.00015617914312219037
"p1274": 0.0017029171629588226
"p1275": 0.0017142072214977769
