"p1213": 0.00015429746669903146
"p1214": 0.00158625322472297
"p1215": 0.0048076832611710415
"p1216": 1.8816764231589203E-05
"p1217": 4.516023415581409E-05
"p1218": 0.00017123255450746173
"p1219": 0.0002897781691664737
"p1220": 4.3278557732655166E-05
"p1221": 0.00013171734962112442
"p1222": 0.000141125731736919
"p1223": 0.0002182744650864348
"p1224": 0.0001223089675053298
"p1225": 0.00010537387969689952
"p1226": 0.001343516966135469
"p1227": 0.0010029335335437046
"p1228": 0.0002709614049348845
"p1229": 0.0001825226130464153
"p1230": 0.0012851849970175427
"p1231": 0.0011365325595879877
"p1232": 0
"p1233": 0
"p1234": 0
"p1235": 0
"p1236": 0
"p1237": 0
"p1238": 0
"p1239": 0
"p1240": 0
"p1241": 0
"p1242": 0
"p1243": 0
"p1244": 0
"p1245": 0
"p1246": 0
"p1247": 0
"p1248": 9.408382115794602E-06
"p1249": 0.00041208713667180354
"p1250": 0.0004779458114823658
"p1251": 0.0019870503028558196
"p1252": 5.080526342529086E-05
"p1253": 0.0011120707660869217
"p1254": 0.00044407563586550526
"p1255": 0.0013980855824070777
"p1256": 0.0008241742733436068
"p1257": 0.003257181888488091
"p1258": 0.0063261961346602925
"p1259": 0.01758802952726643
"p1260": 0.001407493964522872
"p1261": 0.0047023093814741405
"p1262": 0.005195308604341781
"p1263": 0.01387360026795072
"p1264": 0
"p1265": 0
"p1266": 0.0001279539967748066
"p1267": 0.0005231060456381799
"p1268": 7.5267056926356815E-06
"p1269": 6.774035123372113E-05
"p1270": 0.00011290058538953523
"p1271": 0.00013736237889060116
"p1272": 7.338538050319788E-05
"p1273": 0.00020133937727800447
"p1274": 0.0016502302231103732
"p1275": 0.00419990177649071
