"p1213": 0
"p1214": 0.002389729057411829
"p1215": 0.0022975269126770414
"p1216": 0.0008693345074994212
"p1217": 5.645029269476761E-06
"p1218": 0.0017405506914220012
"p1219": 0.0005080526342529085
"p1220": 0.0010988990311248097
"p1221": 3.7633528463178407E-05
"p1222": 0.002816869605468904
"p1223": 0.0009822350928889564
"p1224": 0.00059272807329506
"p1225": 0
"p1226": 0.000683048541606688
"p1227": 0.00016370584881482604
"p1228": 0.0005739113090634708
"p1229": 0
"p1230": 0.0008015941562657001
"p1231": 0.0002427362585875007
"p1232": 0
"p1233": 0
"p1234": 3.0106822770542726E-05
"p1235": 0
"p1236": 0
"p1237": 0
"p1238": 0.00016182417239166716
"p1239": 1.8816764231589203E-05
"p1240": 0
"p1241": 0
"p1242": 0
"p1243": 0
"p1244": 0
"p1245": 0
"p1246": 2.2580117077907045E-05
"p1247": 3.7633528463178407E-06
"p1248": 0.00839980355298142
"p1249": 0.00037445360820862513
"p1250": 0.005652555975169397
"p1251": 0.011649458735776878
"p1252": 0.01059571993880788
"p1253": 0.0021187676524769437
"p1254": 0.00923714956128714
"p1255": 0.018662466764890175
"p1256": 0.0069415043250332575
"p1257": 0
"p1258": 0.00315368968521435
"p1259": 0.004632687353817263
"p1260": 0.004109581308179081
"p1261": 7.903040977267465E-05
"p1262": 0.0021921530329801426
"p1263": 0.002995628865669001
"p1264": 0.002555316582649814
"p1265": 0
"p1266": 0.0025854234054203565
"p1267": 0.002732194166426752
"p1268": 0.0031837965079848938
"p1269": 0
"p1270": 0.006239639019194981
"p1271": 0.004201783452913869
"p1272": 0.0018026460133862459
"p1273": 0
"p1274": 0.0008787428896152157
"p1275": 0.0008128842148046537
