"p1213": 0.0005231060456381798
"p1214": 0.004743706262783639
"p1215": 0.01028147997614034
"p1216": 0
"p1217": 0
"p1218": 3.7633528463178407E-06
"p1219": 4.139688130949625E-05
"p1220": 1.8816764231589204E-06
"p1221": 4.139688130949625E-05
"p1222": 3.3870175616860565E-05
"p1223": 3.3870175616860565E-05
"p1224": 5.080526342529084E-05
"p1225": 5.080526342529084E-05
"p1226": 0.0002464996114338186
"p1227": 0.00023332787647170614
"p1228": 0.00013359902604428335
"p1229": 9.032046831162818E-05
"p1230": 0.0003669269025159894
"p1231": 0.00039327037244021434
"p1232": 1.8816764231589203E-05
"p1233": 4.516023415581409E-05
"p1234": 0.00017123255450746173
"p1235": 0.0002897781691664737
"p1236": 4.3278557732655166E-05
"p1237": 0.00013171734962112442
"p1238": 0.000141125731736919
"p1239": 0.0002182744650864348
"p1240": 0.0001223089675053298
"p1241": 0.00010537387969689952
"p1242": 0.001343516966135469
"p1243": 0.0010029335335437046
"p1244": 0.0002709614049348845
"p1245": 0.0001825226130464153
"p1246": 0.0012851849970175427
"p1247": 0.0011365325595879877
"p1248": 0
"p1249": 0.000165587525237985
"p1250": 9.97288504274228E-05
"p1251": 0.0005757929854866296
"p1252": 7.5267056926356815E-06
"p1253": 0.00047041910578973014
"p1254": 0.00012419064392848875
"p1255": 0.00044407563586550526
"p1256": 0.0003481101382844003
"p1257": 0.0016031883125313998
"p1258": 0.001862859658927331
"p1259": 0.0074119234308229875
"p1260": 0.0006247165724887616
"p1261": 0.002754774283504659
"p1262": 0.0019400083922768469
"p1263": 0.006975374500650118
"p1264": 9.408382115794602E-06
"p1265": 0.0002464996114338186
"p1266": 0.0005005259285602729
"p1267": 0.001857214629657854
"p1268": 4.7041910578973015E-05
"p1269": 0.0006567050716824631
"p1270": 0.0003970337252865322
"p1271": 0.0010255136506216115
"p1272": 0.0004986442521371138
"p1273": 0.0017217339271904122
"p1274": 0.005801208412598952
"p1275": 0.013478448219087346
