"p1213": 0.0002897781691664738
"p1214": 0.004615752266008832
"p1215": 0.01054679635180575
"p1216": 0.00039515204886337327
"p1217": 0.0002220378179327526
"p1218": 0.0023031719419465187
"p1219": 0.0012757766149017477
"p1220": 0
"p1221": 4.139688130949625E-05
"p1222": 1.8816764231589203E-05
"p1223": 5.080526342529084E-05
"p1224": 0.00011854561465901199
"p1225": 7.150370408003898E-05
"p1226": 0.00181205439550204
"p1227": 0.0012908300262870194
"p1228": 0.00014488908458323686
"p1229": 0.00017875926020009746
"p1230": 0.0017047988393819814
"p1231": 0.0008975596538468049
"p1232": 1.1290058538953523E-05
"p1233": 7.5267056926356815E-06
"p1234": 9.784717400426385E-05
"p1235": 1.1290058538953523E-05
"p1236": 0
"p1237": 0
"p1238": 0
"p1239": 0
"p1240": 0
"p1241": 0
"p1242": 1.8816764231589203E-05
"p1243": 0
"p1244": 0
"p1245": 3.7633528463178407E-06
"p1246": 5.2686939848449775E-05
"p1247": 0
"p1248": 0.002957995337205823
"p1249": 0.007673476453642077
"p1250": 0.007906804330113785
"p1251": 0.017674586642731742
"p1252": 0
"p1253": 0.0001806409366232563
"p1254": 2.6343469924224884E-05
"p1255": 0.00011290058538953522
"p1256": 0.0011515859709732594
"p1257": 0.004331619126111834
"p1258": 0.010080140598862338
"p1259": 0.024362064650638546
"p1260": 0.0006567050716824633
"p1261": 0.0026287019631530116
"p1262": 0.006196360461462325
"p1263": 0.011843271407362245
"p1264": 0.00038386199032441974
"p1265": 0.00038386199032441963
"p1266": 0.0044294663001160995
"p1267": 0.004105817955332765
"p1268": 0
"p1269": 9.408382115794602E-06
"p1270": 1.8816764231589207E-05
"p1271": 7.33853805031979E-05
"p1272": 0.000284133139896997
"p1273": 0.0004911175464444782
"p1274": 0.0032233117128712303
"p1275": 0.0069603210892648475
