"p1213": 7.5267056926356815E-06
"p1214": 0.0042149551878759815
"p1215": 0.002903426720934214
"p1216": 0.001040567062006883
"p1217": 0.0002201561415095937
"p1218": 0.0005701479562171528
"p1219": 0.0009615366522342083
"p1220": 0.00012983567319796552
"p1221": 0
"p1222": 9.408382115794602E-06
"p1223": 1.8816764231589203E-05
"p1224": 0.014242408846889872
"p1225": 0.000686811894453006
"p1226": 0.011700263999202166
"p1227": 0.016820305546617592
"p1228": 0.00406065772117695
"p1229": 0
"p1230": 0.0034604029421892546
"p1231": 0.003063369216902722
"p1232": 0
"p1233": 0
"p1234": 1.5053411385271363E-05
"p1235": 3.7633528463178407E-06
"p1236": 0
"p1237": 0
"p1238": 0
"p1239": 0
"p1240": 0
"p1241": 0
"p1242": 0.00028225146347383805
"p1243": 1.5053411385271363E-05
"p1244": 0
"p1245": 0
"p1246": 0.00018064093662325636
"p1247": 0
"p1248": 0.0005325144277539746
"p1249": 0.0003424651090149235
"p1250": 0.00039891540170969113
"p1251": 0.0004440756358655052
"p1252": 2.2580117077907045E-05
"p1253": 0
"p1254": 0
"p1255": 0
"p1256": 0.009961594984203325
"p1257": 0.0015918982539924464
"p1258": 0.005500140184893525
"p1259": 0.01528673926174307
"p1260": 0.0033268039161449712
"p1261": 0.00011666393823585305
"p1262": 0.0014959327564113417
"p1263": 0.0034453495308039836
"p1264": 0.000636006631027715
"p1265": 3.3870175616860565E-05
"p1266": 0.0005889647204487421
"p1267": 0.00043278557732655173
"p1268": 3.198849919370165E-05
"p1269": 0
"p1270": 1.8816764231589204E-06
"p1271": 3.7633528463178407E-06
"p1272": 0.00803664000331175
"p1273": 1.8816764231589203E-05
"p1274": 0.010985226958401779
"p1275": 0.007611381131677832
