"p1213": 0.006994191264881706
"p1214": 0.0003274116976296522
"p1215": 0.0004798274879055247
"p1216": 3.198849919370165E-05
"p1217": 3.3870175616860565E-05
"p1218": 1.8816764231589204E-06
"p1219": 4.327855773265517E-05
"p1220": 0
"p1221": 0
"p1222": 0
"p1223": 0
"p1224": 0.0004591290472507766
"p1225": 0.00045724737082761767
"p1226": 0.00026343469924224885
"p1227": 0.0003387017561686057
"p1228": 3.0106822770542726E-05
"p1229": 7.338538050319788E-05
"p1230": 7.5267056926356815E-06
"p1231": 7.5267056926356815E-06
"p1232": 0.00014488908458323683
"p1233": 0.0002446179350106597
"p1234": 1.3171734962112444E-05
"p1235": 8.091208619583358E-05
"p1236": 5.645029269476761E-06
"p1237": 3.3870175616860565E-05
"p1238": 0
"p1239": 0
"p1240": 0.001776302543462021
"p1241": 0.0018233444540409938
"p1242": 0.0010819639433163792
"p1243": 0.0006153081903729669
"p1244": 0.00042149551878759814
"p1245": 0.00040079707813285006
"p1246": 0.00015994249596850825
"p1247": 7.903040977267465E-05
"p1248": 0.00010537387969689954
"p1249": 0.0005739113090634706
"p1250": 1.8816764231589203E-05
"p1251": 0.00021262943581695798
"p1252": 0
"p1253": 2.2580117077907045E-05
"p1254": 0
"p1255": 0
"p1256": 0.00292788851443528
"p1257": 0.010245728124100323
"p1258": 0.0009954068278510688
"p1259": 0.006687478007906803
"p1260": 0.0004948808992907961
"p1261": 0.002052908977666382
"p1262": 0.00013171734962112442
"p1263": 0.000707510335107754
"p1264": 0.00032364834478333426
"p1265": 0.001170402735204848
"p1266": 7.338538050319788E-05
"p1267": 0.00042337719521075713
"p1268": 2.8225146347383808E-05
"p1269": 0.00015806081954534932
"p1270": 0
"p1271": 0
"p1272": 0.00728585111047134
"p1273": 0.017779960522428636
"p1274": 0.0029881021599763653
"p1275": 0.007728045069913687
