"p1213": 0.0051143965181459465
"p1214": 0.0007997124798425413
"p1215": 0.0005607395741013582
"p1216": 0.0022994085891002002
"p1217": 0.004659030823741487
"p1218": 0.0011647577059353716
"p1219": 0.00514262166449333
"p1220": 1.1290058538953523E-05
"p1221": 6.774035123372113E-05
"p1222": 0
"p1223": 0
"p1224": 0.0019080198930831447
"p1225": 0.006567050716824632
"p1226": 0.0006567050716824633
"p1227": 0.0031348729209827613
"p1228": 0.0015749631661840164
"p1229": 0.004205546805760188
"p1230": 0.00045348401798129976
"p1231": 0.001983286950009502
"p1232": 0.0035356699991156114
"p1233": 0.005411701393005056
"p1234": 0.002288118530561247
"p1235": 0.0050221943734111586
"p1236": 1.1290058538953523E-05
"p1237": 0.00010725555612005845
"p1238": 0
"p1239": 0
"p1240": 0.006962202765688006
"p1241": 0.01520206382270092
"p1242": 0.0025496715533803367
"p1243": 0.005114396518145946
"p1244": 0.004205546805760186
"p1245": 0.0070073629998438185
"p1246": 0.0015128678442197718
"p1247": 0.0017687758377693849
"p1248": 0.0012343797335922517
"p1249": 0.0027303124900035936
"p1250": 0.0004798274879055248
"p1251": 0.002739720872119388
"p1252": 0
"p1253": 0
"p1254": 0
"p1255": 0
"p1256": 0.0005494495155624049
"p1257": 0.001908019893083145
"p1258": 0.00010349220327374063
"p1259": 0.0007997124798425412
"p1260": 0.0004534840179812998
"p1261": 0.001512867844219772
"p1262": 9.972885042742278E-05
"p1263": 0.0006905752472993238
"p1264": 0.0023031719419465183
"p1265": 0.0016201234003398303
"p1266": 0.0018271078068873114
"p1267": 0.0010951356782784917
"p1268": 5.645029269476761E-06
"p1269": 3.3870175616860565E-05
"p1270": 0
"p1271": 0
"p1272": 0.0023934924102581466
"p1273": 0.0026494004038077595
"p1274": 0.001209917940091186
"p1275": 0.0005607395741013582
