"p1213": 0.008403566905827739
"p1214": 0.0006736401594908933
"p1215": 0.0008015941562657
"p1216": 0.0003067132569749041
"p1217": 0.000329293374052811
"p1218": 5.080526342529084E-05
"p1219": 0.000141125731736919
"p1220": 5.645029269476761E-06
"p1221": 2.8225146347383805E-05
"p1222": 0
"p1223": 0
"p1224": 0.0027961711648141563
"p1225": 0.0021131226232074677
"p1226": 0.0018289894833104707
"p1227": 0.0008580444489604674
"p1228": 0.0010330403563142472
"p1229": 0.0006755218359140524
"p1230": 0.0003989154017096911
"p1231": 0.00011478226181269414
"p1232": 1.1290058538953523E-05
"p1233": 0
"p1234": 0
"p1235": 3.7633528463178407E-06
"p1236": 0
"p1237": 0
"p1238": 0
"p1239": 0
"p1240": 6.021364554108545E-05
"p1241": 0
"p1242": 6.774035123372113E-05
"p1243": 1.8816764231589203E-05
"p1244": 3.0106822770542726E-05
"p1245": 0
"p1246": 1.1290058538953523E-05
"p1247": 0
"p1248": 0.000826055949766766
"p1249": 0.0026550454330772355
"p1250": 0.0001731142309306207
"p1251": 0.0009370748587331423
"p1252": 2.8225146347383808E-05
"p1253": 0.00015241579027587253
"p1254": 0
"p1255": 0
"p1256": 0.013777634770369617
"p1257": 0.03277503993858208
"p1258": 0.00618883375576969
"p1259": 0.02153955001590016
"p1260": 0.004307157332610769
"p1261": 0.009207042738516597
"p1262": 0.001559909754798745
"p1263": 0.0032082583014859598
"p1264": 0.0004666557529434122
"p1265": 0.0008712161839225801
"p1266": 8.655711546531035E-05
"p1267": 0.0001561791431221904
"p1268": 0
"p1269": 0
"p1270": 0
"p1271": 0
"p1272": 0.0052479955441902286
"p1273": 0.009282309795442954
"p1274": 0.0027905261355446786
"p1275": 0.002237313267135956
