"p1213": 0.00014300740816007796
"p1214": 0.0027359575192730697
"p1215": 0.00726891602266291
"p1216": 1.8816764231589204E-06
"p1217": 4.139688130949625E-05
"p1218": 3.3870175616860565E-05
"p1219": 3.3870175616860565E-05
"p1220": 0
"p1221": 0
"p1222": 0
"p1223": 0
"p1224": 0.00016935087808430283
"p1225": 0.0001279539967748066
"p1226": 0.0005908463968719009
"p1227": 0.0005964914261413777
"p1228": 1.6935087808430282E-05
"p1229": 1.3171734962112444E-05
"p1230": 3.198849919370165E-05
"p1231": 7.903040977267465E-05
"p1232": 4.3278557732655166E-05
"p1233": 0.00013171734962112442
"p1234": 0.000141125731736919
"p1235": 0.0002182744650864348
"p1236": 0
"p1237": 0
"p1238": 5.645029269476761E-06
"p1239": 3.3870175616860565E-05
"p1240": 0.00032364834478333426
"p1241": 0.00023332787647170616
"p1242": 0.002402900792373941
"p1243": 0.002084897476860083
"p1244": 0.00010161052685058169
"p1245": 9.972885042742278E-05
"p1246": 0.000541922809869769
"p1247": 0.00042902222448023387
"p1248": 7.5267056926356815E-06
"p1249": 0.00047041910578973014
"p1250": 0.00012419064392848875
"p1251": 0.00044407563586550526
"p1252": 0
"p1253": 0
"p1254": 0
"p1255": 2.2580117077907045E-05
"p1256": 0.0008373460083057197
"p1257": 0.0039044785780547593
"p1258": 0.0034547579129197777
"p1259": 0.013209368490575621
"p1260": 0.00016182417239166713
"p1261": 0.0006491783659898275
"p1262": 0.000590846396871901
"p1263": 0.0024725228200308215
"p1264": 4.7041910578973015E-05
"p1265": 0.0006567050716824631
"p1266": 0.0003970337252865322
"p1267": 0.0010255136506216115
"p1268": 0
"p1269": 0
"p1270": 2.8225146347383808E-05
"p1271": 0.00015806081954534932
"p1272": 0.0012136812929375033
"p1273": 0.0034622846186124134
"p1274": 0.009519401024760978
"p1275": 0.021989270681035143
