"p1213": 0.00012419064392848875
"p1214": 0.003814158109743132
"p1215": 0.01019492286067503
"p1216": 7.33853805031979E-05
"p1217": 0.0007940674505730642
"p1218": 0.0007507888928404092
"p1219": 0.00132470020190388
"p1220": 0
"p1221": 0
"p1222": 2.8225146347383808E-05
"p1223": 0.00012983567319796552
"p1224": 0.0019343633630073697
"p1225": 0.004800156555478406
"p1226": 0.012023912343985504
"p1227": 0.024403461531948046
"p1228": 0.00020133937727800447
"p1229": 0.0005249877220613389
"p1230": 0.0037539444642020465
"p1231": 0.005842605293908448
"p1232": 0
"p1233": 3.7633528463178407E-06
"p1234": 1.5053411385271363E-05
"p1235": 0
"p1236": 0
"p1237": 0
"p1238": 0
"p1239": 0
"p1240": 7.5267056926356815E-06
"p1241": 7.5267056926356815E-06
"p1242": 0.0002521446407032953
"p1243": 7.5267056926356815E-06
"p1244": 0
"p1245": 0
"p1246": 0.00018064093662325636
"p1247": 0
"p1248": 3.7633528463178407E-06
"p1249": 0.0008204109204972892
"p1250": 0.0002446179350106597
"p1251": 0.0008072391855351768
"p1252": 0
"p1253": 0
"p1254": 0
"p1255": 2.2580117077907045E-05
"p1256": 0.00224860332567491
"p1257": 0.007408160077976668
"p1258": 0.006045826347609612
"p1259": 0.018508169298191143
"p1260": 0.00037821696105494294
"p1261": 0.0012682499092091122
"p1262": 0.0019117832459294632
"p1263": 0.005050419519758543
"p1264": 5.080526342529085E-05
"p1265": 0.0002991865512822684
"p1266": 0.0005042892814065906
"p1267": 0.0008881512717310104
"p1268": 0
"p1269": 0
"p1270": 5.645029269476761E-06
"p1271": 3.198849919370165E-05
"p1272": 0.0012061545872448676
"p1273": 0.0012513148214006815
"p1274": 0.009948423249241214
"p1275": 0.013167971609266124
