"p1213": 3.010682277054273E-05
"p1214": 0.011675802205701101
"p1215": 0.00402678754556009
"p1216": 0
"p1217": 0
"p1218": 4.327855773265517E-05
"p1219": 3.7633528463178407E-06
"p1220": 4.139688130949625E-05
"p1221": 0
"p1222": 6.585867481056221E-05
"p1223": 3.7633528463178407E-06
"p1224": 5.080526342529084E-05
"p1225": 0
"p1226": 0.0004421939594423463
"p1227": 0.00010349220327374062
"p1228": 7.526705692635681E-05
"p1229": 2.4461793501065966E-05
"p1230": 0.0007206820700698664
"p1231": 0.00020322105370116343
"p1232": 4.516023415581409E-05
"p1233": 0
"p1234": 0.0003838619903244198
"p1235": 0.00010537387969689952
"p1236": 0.00013171734962112442
"p1237": 0
"p1238": 0.0002916598455896327
"p1239": 0.0001110189089663763
"p1240": 0.00010537387969689952
"p1241": 5.645029269476761E-06
"p1242": 0.0023351604411402205
"p1243": 0.0002389729057411829
"p1244": 0.0001825226130464153
"p1245": 2.8225146347383805E-05
"p1246": 0.0023878473809886697
"p1247": 0.0003744536082086252
"p1248": 0.00011478226181269414
"p1249": 0
"p1250": 0.000660468424528781
"p1251": 6.962202765688006E-05
"p1252": 0.00036880857893914845
"p1253": 0
"p1254": 0.000588964720448742
"p1255": 8.843879188846926E-05
"p1256": 0.0015410929905671556
"p1257": 6.209532196424438E-05
"p1258": 0.006424043308664556
"p1259": 0.003403952649494487
"p1260": 0.002395374086681306
"p1261": 0.0003876253431707376
"p1262": 0.005135094958800694
"p1263": 0.004551775267621428
"p1264": 0.00018628596589273307
"p1265": 0
"p1266": 0.002122531005323262
"p1267": 0.00035563684397703593
"p1268": 0.0005475678391392458
"p1269": 0
"p1270": 0.001313410143364926
"p1271": 0.0002653163756654078
"p1272": 0.0016878637515735516
"p1273": 5.080526342529084E-05
"p1274": 0.01345963145485576
"p1275": 0.007043114851883839
