"p1213": 0
"p1214": 0.0036824407601220074
"p1215": 0.00259671346395931
"p1216": 0.005146385017339647
"p1217": 0.00014300740816007796
"p1218": 0.00414909651306542
"p1219": 0.006789088534757385
"p1220": 0.0042187185407223
"p1221": 0.0005870830440255832
"p1222": 0.0055170752727019545
"p1223": 0.007511652281250411
"p1224": 0.005321380924693428
"p1225": 0
"p1226": 0.002621175257460376
"p1227": 0.0034716930007282075
"p1228": 0.002545908200534019
"p1229": 0
"p1230": 0.0015072228149502953
"p1231": 0.0015523830491061094
"p1232": 0
"p1233": 0
"p1234": 0.00013548070246744226
"p1235": 7.5267056926356815E-06
"p1236": 0
"p1237": 0
"p1238": 0.00022203781793275263
"p1239": 7.5267056926356815E-06
"p1240": 0
"p1241": 0
"p1242": 4.516023415581409E-05
"p1243": 0
"p1244": 0
"p1245": 0
"p1246": 7.526705692635681E-05
"p1247": 3.7633528463178407E-06
"p1248": 0.0032816436819891573
"p1249": 0.00023144620004854718
"p1250": 0.0016220050767629893
"p1251": 0.004892358700213192
"p1252": 0.006493665336321434
"p1253": 0.0015109861677966127
"p1254": 0.004056894368330632
"p1255": 0.011278768480414569
"p1256": 0.0016389401645714196
"p1257": 0
"p1258": 0.0005362777806002922
"p1259": 0.0011666393823585306
"p1260": 0.0015787265190303338
"p1261": 7.903040977267465E-05
"p1262": 0.0006943386001456416
"p1263": 0.0013905588767144422
"p1264": 0.0032948154169512695
"p1265": 5.645029269476761E-06
"p1266": 0.0038536733146294685
"p1267": 0.0032214300364480715
"p1268": 0.0036899674658146427
"p1269": 3.3870175616860565E-05
"p1270": 0.0074194501365156245
"p1271": 0.004766286379861545
"p1272": 0.0024311259387213248
"p1273": 0
"p1274": 0.0016163600474935127
"p1275": 0.000995406827851069
