"p1213": 0
"p1214": 0.009692515255691602
"p1215": 0.002555316582649814
"p1216": 7.526705692635681E-05
"p1217": 2.4461793501065966E-05
"p1218": 0.0006265982489119205
"p1219": 0.00019004931873905096
"p1220": 0
"p1221": 0
"p1222": 0
"p1223": 0
"p1224": 3.7633528463178407E-05
"p1225": 0
"p1226": 0.00047418245863604794
"p1227": 0.00011478226181269414
"p1228": 5.4568616271608685E-05
"p1229": 0
"p1230": 0.00017123255450746173
"p1231": 1.6935087808430286E-05
"p1232": 0.0001919309951622099
"p1233": 2.8225146347383805E-05
"p1234": 0.0020698440654748126
"p1235": 0.000353755167553877
"p1236": 3.3870175616860565E-05
"p1237": 0
"p1238": 2.4461793501065966E-05
"p1239": 3.7633528463178407E-06
"p1240": 5.833196911792653E-05
"p1241": 1.8816764231589204E-06
"p1242": 0.0025082746720708404
"p1243": 0.00020133937727800447
"p1244": 0.0001298356731979655
"p1245": 3.7633528463178407E-06
"p1246": 0.0013472803189817865
"p1247": 0.00015429746669903146
"p1248": 0.0021187676524769446
"p1249": 0.0003876253431707376
"p1250": 0.0038931885195158064
"p1251": 0.004105817955332765
"p1252": 6.774035123372113E-05
"p1253": 0
"p1254": 4.892358700213193E-05
"p1255": 7.5267056926356815E-06
"p1256": 0.001415020670215508
"p1257": 3.9515204886337324E-05
"p1258": 0.0066799513022141686
"p1259": 0.00313675459740592
"p1260": 0.0008091208619583356
"p1261": 2.2580117077907045E-05
"p1262": 0.0026362286688456473
"p1263": 0.00127201326205543
"p1264": 0.0014808793450260703
"p1265": 0.0002314462000485472
"p1266": 0.00538535792308083
"p1267": 0.004534840179812998
"p1268": 8.091208619583358E-05
"p1269": 0
"p1270": 7.903040977267466E-05
"p1271": 7.5267056926356815E-06
"p1272": 0.0017198522507672531
"p1273": 5.080526342529084E-05
"p1274": 0.01562167766506536
"p1275": 0.007844709008149538
