"p1213": 0
"p1214": 0.0012814216441712246
"p1215": 0.0005475678391392458
"p1216": 0.0004271405480570749
"p1217": 0
"p1218": 0.0001298356731979655
"p1219": 0.00018628596589273307
"p1220": 0.000306713256974904
"p1221": 0.00013548070246744226
"p1222": 0.00013548070246744229
"p1223": 0.00024273625858750074
"p1224": 0.003548841734077724
"p1225": 0.00010725555612005847
"p1226": 0.0020867791532832424
"p1227": 0.004071947779715904
"p1228": 0.0023483321761023327
"p1229": 0.0005306327513308156
"p1230": 0.0015260395791818844
"p1231": 0.003981627311404275
"p1232": 0.0014451274929860507
"p1233": 0
"p1234": 0.0005645029269476762
"p1235": 0.0005249877220613389
"p1236": 0.0008166475676509714
"p1237": 0.00016370584881482606
"p1238": 0.00034246510901492347
"p1239": 0.0006040181318340134
"p1240": 0.007989598092732775
"p1241": 0.00010161052685058169
"p1242": 0.005274339014114454
"p1243": 0.007940674505730647
"p1244": 0.004246943687069684
"p1245": 0.0003895070195938965
"p1246": 0.0032421284771028194
"p1247": 0.005797445059752633
"p1248": 4.8923587002131926E-05
"p1249": 0
"p1250": 3.7633528463178407E-06
"p1251": 3.7633528463178407E-06
"p1252": 4.8923587002131926E-05
"p1253": 0
"p1254": 1.1290058538953523E-05
"p1255": 6.39769983874033E-05
"p1256": 0.0007451438635709325
"p1257": 5.645029269476761E-06
"p1258": 0.000329293374052811
"p1259": 0.0007244454229161843
"p1260": 0.0010819639433163792
"p1261": 0.00015241579027587253
"p1262": 0.0004986442521371139
"p1263": 0.0014056122880997135
"p1264": 0.00036504522609283053
"p1265": 0
"p1266": 0.00011854561465901196
"p1267": 0.00013736237889060116
"p1268": 0.00025026296428013644
"p1269": 3.3870175616860565E-05
"p1270": 9.408382115794602E-05
"p1271": 0.0001787592602000974
"p1272": 0.0014037306116765546
"p1273": 5.645029269476761E-06
"p1274": 0.001868504688196808
"p1275": 0.0007978308034193824
