"p1213": 0
"p1214": 0.0006736401594908935
"p1215": 0.0005550945448318816
"p1216": 0.0002201561415095937
"p1217": 3.3870175616860565E-05
"p1218": 8.843879188846925E-05
"p1219": 0.000141125731736919
"p1220": 3.3870175616860565E-05
"p1221": 0
"p1222": 1.8816764231589204E-06
"p1223": 3.7633528463178407E-06
"p1224": 0.0018816764231589203
"p1225": 1.8816764231589203E-05
"p1226": 0.002641873698115124
"p1227": 0.0009370748587331421
"p1228": 0.0004007970781328501
"p1229": 3.7633528463178407E-06
"p1230": 0.000521224369215021
"p1231": 0.0001561791431221904
"p1232": 0
"p1233": 0
"p1234": 0
"p1235": 0
"p1236": 0
"p1237": 0
"p1238": 0
"p1239": 0
"p1240": 0
"p1241": 0
"p1242": 0
"p1243": 0
"p1244": 0
"p1245": 0
"p1246": 0
"p1247": 0
"p1248": 0.0010988990311248093
"p1249": 0.0002991865512822683
"p1250": 0.00045536569440445874
"p1251": 0.0008580444489604676
"p1252": 0.00018064093662325633
"p1253": 0
"p1254": 9.408382115794602E-06
"p1255": 1.8816764231589203E-05
"p1256": 0.017757380405350732
"p1257": 0.0013134101433649261
"p1258": 0.010798940992509042
"p1259": 0.021539550015900157
"p1260": 0.0031913232136775295
"p1261": 5.268693984844977E-05
"p1262": 0.001973878567893708
"p1263": 0.0022373132671359565
"p1264": 0.00014677076100639576
"p1265": 0
"p1266": 8.655711546531035E-05
"p1267": 0.00011478226181269414
"p1268": 0
"p1269": 0
"p1270": 0
"p1271": 0
"p1272": 0.0036749140544293708
"p1273": 0
"p1274": 0.003434059472265029
"p1275": 0.003208258301485959
