"p1213": 0.006864355591683743
"p1214": 0.00026719805208856665
"p1215": 0.0008260559497667661
"p1216": 0.0001787592602000974
"p1217": 0.0001693508780843028
"p1218": 9.972885042742278E-05
"p1219": 0.00012419064392848873
"p1220": 0.00028225146347383805
"p1221": 0.00025026296428013644
"p1222": 0.0001637058488148261
"p1223": 0.00021827446508643477
"p1224": 1.6935087808430286E-05
"p1225": 6.021364554108546E-05
"p1226": 1.8816764231589204E-06
"p1227": 0
"p1228": 4.327855773265517E-05
"p1229": 6.585867481056221E-05
"p1230": 5.645029269476761E-06
"p1231": 4.516023415581409E-05
"p1232": 0.0006924569237224828
"p1233": 0.0006717584830677346
"p1234": 0.000404560430979168
"p1235": 0.00017311423093062066
"p1236": 0.0008411093611520374
"p1237": 0.0007150370408003897
"p1238": 0.0006228348960656026
"p1239": 0.0004120871366718036
"p1240": 0.000472300782212889
"p1241": 0.0005833196911792653
"p1242": 0.0001844042894695742
"p1243": 5.833196911792652E-05
"p1244": 0.00031423996266753966
"p1245": 0.0004534840179812998
"p1246": 5.268693984844976E-05
"p1247": 0.00011666393823585304
"p1248": 0.0012136812929375033
"p1249": 0.004135924778103307
"p1250": 0.0004421939594423463
"p1251": 0.002745365901388865
"p1252": 0.0015185128734892485
"p1253": 0.004467099828579277
"p1254": 0.000568266279793994
"p1255": 0.0038800167845536937
"p1256": 0.000472300782212889
"p1257": 0.002393492410258146
"p1258": 9.220214473478711E-05
"p1259": 0.0005042892814065905
"p1260": 0.0003048315805517451
"p1261": 0.001110189089663763
"p1262": 3.763352846317841E-05
"p1263": 0.0003857436667475786
"p1264": 0.002863911516047877
"p1265": 0.006087223228919107
"p1266": 0.0012193263222069802
"p1267": 0.0029749304250142527
"p1268": 0.0025873050818435153
"p1269": 0.00439371444807608
"p1270": 0.0013378719368659924
"p1271": 0.0035413150283850883
"p1272": 0.0022373132671359565
"p1273": 0.006320551105390813
"p1274": 0.0005607395741013583
"p1275": 0.0010725555612005845
