"p1213": 1.1290058538953523E-05
"p1214": 0.015760921720379118
"p1215": 0.004781339791246816
"p1216": 4.704191057897301E-05
"p1217": 0
"p1218": 0.0004666557529434122
"p1219": 9.408382115794602E-05
"p1220": 0.00018440428946957422
"p1221": 0
"p1222": 0.0006096631611034902
"p1223": 0.00011101890896637629
"p1224": 0.00012042729108217089
"p1225": 5.645029269476761E-06
"p1226": 0.0033606740917618318
"p1227": 0.0004327855773265517
"p1228": 0.0002239194943559115
"p1229": 2.8225146347383805E-05
"p1230": 0.004474626534271912
"p1231": 0.0008072391855351768
"p1232": 0
"p1233": 0
"p1234": 3.7633528463178407E-06
"p1235": 0
"p1236": 3.7633528463178407E-06
"p1237": 0
"p1238": 1.1290058538953523E-05
"p1239": 0
"p1240": 0
"p1241": 0
"p1242": 3.0106822770542726E-05
"p1243": 0
"p1244": 7.5267056926356815E-06
"p1245": 0
"p1246": 0.00016935087808430283
"p1247": 1.1290058538953523E-05
"p1248": 0.00035187349113071807
"p1249": 0
"p1250": 0.002591068434689833
"p1251": 0.0004628924000970944
"p1252": 0.001458299227948163
"p1253": 0
"p1254": 0.002991865512822684
"p1255": 0.0007056286586845953
"p1256": 0.004405004506615032
"p1257": 0.00018816764231589203
"p1258": 0.021955400505418284
"p1259": 0.01190724840574965
"p1260": 0.007592564367446243
"p1261": 0.0011628760295122125
"p1262": 0.023272574001629534
"p1263": 0.01733964823940945
"p1264": 3.7633528463178407E-06
"p1265": 0
"p1266": 0.0009314298294636655
"p1267": 0.00011478226181269414
"p1268": 0.0001467707610063958
"p1269": 0
"p1270": 0.001351043671828105
"p1271": 0.00014112573173691902
"p1272": 0.0003368200797454468
"p1273": 0
"p1274": 0.0071616604665428515
"p1275": 0.0031800331551385744
