"p1213": 0.00011854561465901199
"p1214": 0.0009991701806973865
"p1215": 0.0036335171731198745
"p1216": 0.00026343469924224885
"p1217": 0.0001919309951622099
"p1218": 0.0011553493238195772
"p1219": 0.0009464832408489367
"p1220": 0
"p1221": 3.3870175616860565E-05
"p1222": 5.645029269476761E-06
"p1223": 2.2580117077907045E-05
"p1224": 7.150370408003896E-05
"p1225": 5.833196911792653E-05
"p1226": 0.0013303452311733564
"p1227": 0.00120239123439855
"p1228": 0.00011666393823585305
"p1229": 0.0001298356731979655
"p1230": 0.0007357354814551379
"p1231": 0.0006209532196424438
"p1232": 0
"p1233": 0
"p1234": 0
"p1235": 0
"p1236": 0
"p1237": 0
"p1238": 0
"p1239": 0
"p1240": 0
"p1241": 0
"p1242": 0
"p1243": 0
"p1244": 0
"p1245": 0
"p1246": 0
"p1247": 0
"p1248": 0.001366097083213376
"p1249": 0.004395596124499237
"p1250": 0.004041840956945361
"p1251": 0.011051085633212337
"p1252": 0
"p1253": 0.0001486524374295547
"p1254": 2.2580117077907045E-05
"p1255": 0.00012042729108217089
"p1256": 0.0007112736879540716
"p1257": 0.003093476039673265
"p1258": 0.007035588146191204
"p1259": 0.01932669854226527
"p1260": 0.00033682007974544673
"p1261": 0.0014074939645228723
"p1262": 0.002444297673683438
"p1263": 0.0059573875557211425
"p1264": 9.032046831162818E-05
"p1265": 0.00014865243742955467
"p1266": 0.001138414236011147
"p1267": 0.0016577569288030087
"p1268": 0
"p1269": 0
"p1270": 0
"p1271": 0
"p1272": 8.279376261899248E-05
"p1273": 0.00023520955289486501
"p1274": 0.0017160888979209355
"p1275": 0.004768168056284703
