"p1213": 0.01162687861869897
"p1214": 0.001744314044268319
"p1215": 0.001919309951622099
"p1216": 0.0002051027301243223
"p1217": 0.00028225146347383805
"p1218": 3.7633528463178407E-05
"p1219": 4.516023415581409E-05
"p1220": 0.0003067132569749041
"p1221": 0.000329293374052811
"p1222": 5.080526342529084E-05
"p1223": 0.000141125731736919
"p1224": 0.0015655547840682216
"p1225": 0.0011835744701669609
"p1226": 0.0008730978603457391
"p1227": 0.0002878964927433148
"p1228": 0.0020322105370116344
"p1229": 0.0012927117027101784
"p1230": 0.001366097083213376
"p1231": 0.0006228348960656026
"p1232": 3.7633528463178407E-06
"p1233": 0
"p1234": 0
"p1235": 0
"p1236": 1.1290058538953523E-05
"p1237": 0
"p1238": 0
"p1239": 3.7633528463178407E-06
"p1240": 1.8816764231589203E-05
"p1241": 0
"p1242": 1.1290058538953523E-05
"p1243": 0
"p1244": 6.774035123372114E-05
"p1245": 0
"p1246": 6.774035123372113E-05
"p1247": 1.8816764231589203E-05
"p1248": 0.0005287510749076566
"p1249": 0.0021921530329801417
"p1250": 0.00012607232035164763
"p1251": 0.0004421939594423463
"p1252": 0.000826055949766766
"p1253": 0.002677625550155143
"p1254": 0.0001731142309306207
"p1255": 0.0009370748587331423
"p1256": 0.007212465729968142
"p1257": 0.01848935253395955
"p1258": 0.002796171164814156
"p1259": 0.009319943323906135
"p1260": 0.00904145521327861
"p1261": 0.0181299523371362
"p1262": 0.004406886183038192
"p1263": 0.014293214110315158
"p1264": 0.00020322105370116337
"p1265": 0.0007733690099183163
"p1266": 4.516023415581409E-05
"p1267": 1.1290058538953523E-05
"p1268": 0.0004666557529434122
"p1269": 0.0008486360668446731
"p1270": 8.655711546531035E-05
"p1271": 0.0001561791431221904
"p1272": 0.0024838128785697744
"p1273": 0.005599869035320947
"p1274": 0.0008448727139983553
"p1275": 0.00113276920674167
