"p1213": 0.0011045440603942864
"p1214": 4.8923587002131926E-05
"p1215": 2.446179350106597E-05
"p1216": 0.00010913723254321738
"p1217": 0.000521224369215021
"p1218": 1.693508780843028E-05
"p1219": 0.00017311423093062064
"p1220": 0
"p1221": 2.2580117077907045E-05
"p1222": 0
"p1223": 0
"p1224": 0.002436770967990802
"p1225": 0.007983953063463299
"p1226": 0.0009257848001941887
"p1227": 0.005366541158849242
"p1228": 0.00041208713667180354
"p1229": 0.0016464668702640551
"p1230": 0.00011854561465901196
"p1231": 0.0006134265139498081
"p1232": 0.0002897781691664737
"p1233": 0.001151585970973259
"p1234": 7.338538050319788E-05
"p1235": 0.00041208713667180354
"p1236": 2.8225146347383808E-05
"p1237": 0.00015806081954534932
"p1238": 0
"p1239": 0
"p1240": 0.0068662372681069
"p1241": 0.017038580011704024
"p1242": 0.0028093428997762685
"p1243": 0.007568102573945179
"p1244": 0.0014187840230618256
"p1245": 0.0030294990412858616
"p1246": 0.0004760641350592068
"p1247": 0.00045724737082761767
"p1248": 1.5053411385271365E-05
"p1249": 4.8923587002131926E-05
"p1250": 1.8816764231589204E-06
"p1251": 5.833196911792653E-05
"p1252": 0
"p1253": 0
"p1254": 0
"p1255": 0
"p1256": 0.000594609749718219
"p1257": 0.002306935294792837
"p1258": 0.00015429746669903146
"p1259": 0.0014714709629102757
"p1260": 9.220214473478709E-05
"p1261": 0.0004384306065960285
"p1262": 2.0698440654748128E-05
"p1263": 0.00010725555612005848
"p1264": 0.0001580608195453493
"p1265": 0.0002671980520885667
"p1266": 1.5053411385271363E-05
"p1267": 0.00011666393823585305
"p1268": 5.645029269476761E-06
"p1269": 3.7633528463178407E-05
"p1270": 0
"p1271": 0
"p1272": 0.0024123091744897357
"p1273": 0.0029692853957447763
"p1274": 0.0014074939645228725
"p1275": 0.0009747083871963207
