"p1213": 0
"p1214": 0.0016088333418008771
"p1215": 0.0024179542037592126
"p1216": 0.0001693508780843028
"p1217": 0
"p1218": 0.0002521446407032953
"p1219": 0.00016558752523798497
"p1220": 0.00028413313989699703
"p1221": 5.645029269476761E-06
"p1222": 0.00036316354966967155
"p1223": 0.00027660643420436126
"p1224": 6.021364554108546E-05
"p1225": 0
"p1226": 1.5053411385271363E-05
"p1227": 5.645029269476761E-06
"p1228": 6.585867481056221E-05
"p1229": 0
"p1230": 4.139688130949625E-05
"p1231": 5.456861627160869E-05
"p1232": 0.0006830485416066881
"p1233": 5.645029269476761E-06
"p1234": 0.001040567062006883
"p1235": 0.00029354152201279153
"p1236": 0.0007545522456867271
"p1237": 3.3870175616860565E-05
"p1238": 0.0013510436718281048
"p1239": 0.0005268693984844977
"p1240": 0.0005833196911792653
"p1241": 0
"p1242": 0.0005983731025645366
"p1243": 0.00014488908458323686
"p1244": 0.0004647740765202534
"p1245": 0
"p1246": 0.0003180033155138575
"p1247": 0.00016558752523798497
"p1248": 0.002941060249397392
"p1249": 0.00011290058538953522
"p1250": 0.001693508780843028
"p1251": 0.0039101236073242375
"p1252": 0.002837568046123652
"p1253": 0.0007169187172235485
"p1254": 0.0018045276898094045
"p1255": 0.005112514841722787
"p1256": 0.0018064093662325633
"p1257": 0
"p1258": 0.0007300904521856611
"p1259": 0.0009577732993878904
"p1260": 0.0009314298294636657
"p1261": 2.258011707790704E-05
"p1262": 0.0002784881106275202
"p1263": 0.0006077814846803312
"p1264": 0.004568710355429858
"p1265": 0.00010161052685058169
"p1266": 0.0033117505047596998
"p1267": 0.00562997585809149
"p1268": 0.0030332623941321797
"p1269": 0.0004327855773265517
"p1270": 0.00315368968521435
"p1271": 0.005558472154011451
"p1272": 0.004950690669331118
"p1273": 0
"p1274": 0.0024066641452202588
"p1275": 0.003099121068942741
