"p1213": 0
"p1214": 0.004632687353817262
"p1215": 0.0008128842148046536
"p1216": 0.0014808793450260703
"p1217": 0.0002314462000485472
"p1218": 0.004818973319709995
"p1219": 0.004271405480570749
"p1220": 8.091208619583358E-05
"p1221": 0
"p1222": 7.903040977267466E-05
"p1223": 7.5267056926356815E-06
"p1224": 0.0017198522507672531
"p1225": 5.080526342529084E-05
"p1226": 0.013933813913491806
"p1227": 0.006843657151028993
"p1228": 0.0005739113090634708
"p1229": 0
"p1230": 0.004109581308179082
"p1231": 0.0013867955238681244
"p1232": 0
"p1233": 0
"p1234": 2.2580117077907045E-05
"p1235": 0
"p1236": 0
"p1237": 0
"p1238": 0
"p1239": 0
"p1240": 0
"p1241": 0
"p1242": 3.387017561686057E-05
"p1243": 0
"p1244": 0
"p1245": 0
"p1246": 7.903040977267465E-05
"p1247": 0
"p1248": 0.002333278764717061
"p1249": 0.0004158504895181215
"p1250": 0.0037031392007767557
"p1251": 0.0038292115211284025
"p1252": 6.774035123372113E-05
"p1253": 0
"p1254": 4.892358700213193E-05
"p1255": 7.5267056926356815E-06
"p1256": 0.0012851849970175425
"p1257": 3.9515204886337324E-05
"p1258": 0.004689137646512029
"p1259": 0.002389729057411828
"p1260": 0.0008015941562657001
"p1261": 2.2580117077907045E-05
"p1262": 0.002192153032980142
"p1263": 0.0012249713514764571
"p1264": 0.00034434678543808245
"p1265": 3.198849919370165E-05
"p1266": 0.003757707817048364
"p1267": 0.0013529253482512638
"p1268": 3.3870175616860565E-05
"p1269": 0
"p1270": 2.4461793501065966E-05
"p1271": 3.7633528463178407E-06
"p1272": 0.0003142399626675396
"p1273": 1.8816764231589204E-06
"p1274": 0.007455201988555643
"p1275": 0.0022975269126770414
