"p1213": 0.0030558425112100864
"p1214": 5.645029269476761E-05
"p1215": 0.00020698440654748124
"p1216": 0.002468759467184504
"p1217": 0.005535892036933544
"p1218": 0.0011271241774721934
"p1219": 0.002852621457508923
"p1220": 0.002071725741897971
"p1221": 0.003735127699970457
"p1222": 0.0011534676473964182
"p1223": 0.003400189296648169
"p1224": 0.0018986115109673504
"p1225": 0.005748521472750502
"p1226": 0.0005042892814065906
"p1227": 0.000991643475004751
"p1228": 0.000779014039187793
"p1229": 0.0021375844167085337
"p1230": 0.0001542974666990315
"p1231": 0.0005964914261413778
"p1232": 3.7633528463178407E-05
"p1233": 0
"p1234": 1.8816764231589203E-05
"p1235": 0
"p1236": 1.5053411385271363E-05
"p1237": 0
"p1238": 7.5267056926356815E-06
"p1239": 0
"p1240": 2.2580117077907045E-05
"p1241": 0
"p1242": 1.1290058538953523E-05
"p1243": 0
"p1244": 2.2580117077907045E-05
"p1245": 0
"p1246": 0
"p1247": 0
"p1248": 0.00087121618392258
"p1249": 0.002954231984359505
"p1250": 0.0003368200797454468
"p1251": 0.0024894579078392513
"p1252": 0.0014677076100639576
"p1253": 0.004540485209082475
"p1254": 0.0005645029269476761
"p1255": 0.004134043101680148
"p1256": 0.00040079707813285
"p1257": 0.0014206656994849845
"p1258": 6.962202765688005E-05
"p1259": 0.00047982748790552463
"p1260": 0.00026155302281908986
"p1261": 0.0008354643318825608
"p1262": 3.7633528463178407E-05
"p1263": 0.0003669269025159894
"p1264": 0.0015900165775692876
"p1265": 0.003123582862443808
"p1266": 0.0007507888928404091
"p1267": 0.00085428109611415
"p1268": 0.001537329637720838
"p1269": 0.0023351604411402205
"p1270": 0.0009803534164657974
"p1271": 0.0008806245660383747
"p1272": 0.0008919146245773282
"p1273": 0.002321988706178108
"p1274": 0.0002521446407032953
"p1275": 0.000165587525237985
