"p1213": 0.00020133937727800444
"p1214": 0.00313675459740592
"p1215": 0.007844709008149538
"p1216": 0.00013548070246744226
"p1217": 0.0001204272910821709
"p1218": 0.0016822187223040747
"p1219": 0.000920139770924712
"p1220": 0.00041773216594128033
"p1221": 0.0002464996114338186
"p1222": 0.002688915608694097
"p1223": 0.0013472803189817871
"p1224": 3.575185204001949E-05
"p1225": 1.6935087808430286E-05
"p1226": 0.0007018653058382772
"p1227": 0.0006096631611034902
"p1228": 5.456861627160869E-05
"p1229": 0.0001298356731979655
"p1230": 0.0008091208619583357
"p1231": 0.0005739113090634708
"p1232": 0
"p1233": 0
"p1234": 3.0106822770542726E-05
"p1235": 0
"p1236": 1.1290058538953523E-05
"p1237": 7.5267056926356815E-06
"p1238": 0.00011666393823585308
"p1239": 1.1290058538953523E-05
"p1240": 0
"p1241": 0
"p1242": 0
"p1243": 0
"p1244": 0
"p1245": 3.7633528463178407E-06
"p1246": 2.2580117077907045E-05
"p1247": 0
"p1248": 0.001036803709160565
"p1249": 0.0038743717552842164
"p1250": 0.006181307050077055
"p1251": 0.014272515669660413
"p1252": 0.003221430036448072
"p1253": 0.00864630316441524
"p1254": 0.010132827538710788
"p1255": 0.021392779254893766
"p1256": 0.0002107477593937991
"p1257": 0.0008241742733436071
"p1258": 0.0036579789666209422
"p1259": 0.0096925152556916
"p1260": 0.00017123255450746176
"p1261": 0.001347280318981787
"p1262": 0.0026362286688456473
"p1263": 0.00515955675230176
"p1264": 0.00013548070246744229
"p1265": 0.0002747247577812024
"p1266": 0.0025534349062266547
"p1267": 0.004420057918000304
"p1268": 0.0005701479562171528
"p1269": 0.0006416516602971918
"p1270": 0.0058520136760242415
"p1271": 0.00610039496388122
"p1272": 3.387017561686057E-05
"p1273": 6.209532196424436E-05
"p1274": 0.0007846590684572697
"p1275": 0.002555316582649814
