"p1213": 0.009444133967834622
"p1214": 0.0010236319741984527
"p1215": 0.0014564175515250045
"p1216": 1.8816764231589204E-06
"p1217": 4.139688130949625E-05
"p1218": 1.8816764231589204E-06
"p1219": 0
"p1220": 3.198849919370165E-05
"p1221": 3.3870175616860565E-05
"p1222": 1.8816764231589204E-06
"p1223": 4.327855773265517E-05
"p1224": 0.00019193099516220987
"p1225": 0.00019381267158536877
"p1226": 9.972885042742278E-05
"p1227": 0.00012419064392848873
"p1228": 0.0002897781691664738
"p1229": 0.0002897781691664738
"p1230": 0.00016746920166114393
"p1231": 0.00022015614150959365
"p1232": 0.00015617914312219037
"p1233": 0.00028225146347383805
"p1234": 2.6343469924224887E-05
"p1235": 4.327855773265517E-05
"p1236": 0.00014488908458323683
"p1237": 0.0002446179350106597
"p1238": 1.3171734962112444E-05
"p1239": 8.091208619583358E-05
"p1240": 0.0009878801221584331
"p1241": 0.0009464832408489371
"p1242": 0.000543804486292928
"p1243": 0.00021262943581695798
"p1244": 0.0009333115058868244
"p1245": 0.0009257848001941887
"p1246": 0.0006341249546045561
"p1247": 0.00042337719521075713
"p1248": 8.27937626189925E-05
"p1249": 0.0005720296326403117
"p1250": 1.693508780843028E-05
"p1251": 0.00012419064392848875
"p1252": 0.00010537387969689954
"p1253": 0.0005739113090634706
"p1254": 1.8816764231589203E-05
"p1255": 0.00021262943581695798
"p1256": 0.001584371548299811
"p1257": 0.006011956171992751
"p1258": 0.0005155793399455442
"p1259": 0.0031800331551385752
"p1260": 0.0016276501060324662
"p1261": 0.005074881313259609
"p1262": 0.0005795563383329475
"p1263": 0.00395528384148005
"p1264": 0.0004045604309791678
"p1265": 0.001830871159733629
"p1266": 9.596549758110492E-05
"p1267": 0.00022015614150959367
"p1268": 0.00032364834478333426
"p1269": 0.001170402735204848
"p1270": 7.338538050319788E-05
"p1271": 0.00042337719521075713
"p1272": 0.004538603532659316
"p1273": 0.01118844801210294
"p1274": 0.0017104438686514588
"p1275": 0.003955283841480051
