"p1213": 0.01816382251275306
"p1214": 0.0022467216492517506
"p1215": 0.0029372968965510745
"p1216": 0.0006999836294151183
"p1217": 0.00041020546024864466
"p1218": 0.00048735419359816046
"p1219": 0.0005080526342529085
"p1220": 7.5267056926356815E-06
"p1221": 3.0106822770542722E-05
"p1222": 0
"p1223": 0
"p1224": 0.0002559079935496132
"p1225": 0.00027848811062752024
"p1226": 0.00013548070246744229
"p1227": 0.000141125731736919
"p1228": 0.00033117505047597
"p1229": 0.0002446179350106597
"p1230": 0.00010913723254321737
"p1231": 0.0002088660829706401
"p1232": 0.001537329637720838
"p1233": 0.0009427198880026192
"p1234": 0.0012324980571690927
"p1235": 0.0006153081903729669
"p1236": 1.8816764231589203E-05
"p1237": 7.150370408003896E-05
"p1238": 0
"p1239": 0
"p1240": 0.0013322269075965155
"p1241": 0.001224971351476457
"p1242": 0.0006736401594908935
"p1243": 0.00023144620004854718
"p1244": 0.0013679787596365346
"p1245": 0.0008505177432678317
"p1246": 0.00048735419359816035
"p1247": 0.000259671346395931
"p1248": 0.0032665902706038854
"p1249": 0.007214347406391299
"p1250": 0.0013397536132891512
"p1251": 0.007383698284475604
"p1252": 1.3171734962112442E-05
"p1253": 8.279376261899248E-05
"p1254": 0
"p1255": 0
"p1256": 0.002314462000485472
"p1257": 0.008301956378977156
"p1258": 0.0007150370408003897
"p1259": 0.0038480282853599924
"p1260": 0.0018967298345441913
"p1261": 0.005535892036933544
"p1262": 0.0005042892814065907
"p1263": 0.002510156348494
"p1264": 0.004707954410743619
"p1265": 0.0061963604614623255
"p1266": 0.0031405179502522387
"p1267": 0.005374067864541878
"p1268": 2.0698440654748128E-05
"p1269": 0.00014677076100639576
"p1270": 0
"p1271": 0
"p1272": 0.007682884835757872
"p1273": 0.016391283322137355
"p1274": 0.002841331398969969
"p1275": 0.005336434336078698
