"p1213": 0
"p1214": 0.006062761435418042
"p1215": 0.0014940510799881829
"p1216": 0.00018628596589273307
"p1217": 0
"p1218": 0.0020190388020495213
"p1219": 0.00032364834478333426
"p1220": 0.0005475678391392458
"p1221": 0
"p1222": 0.0012795399677480654
"p1223": 0.00025778966997277205
"p1224": 0.0016878637515735516
"p1225": 5.080526342529084E-05
"p1226": 0.012106706106604493
"p1227": 0.006224585607809708
"p1228": 0.0015410929905671556
"p1229": 0.0002314462000485472
"p1230": 0.006711939801407871
"p1231": 0.004694782675781507
"p1232": 0
"p1233": 0
"p1234": 1.1290058538953523E-05
"p1235": 0
"p1236": 0
"p1237": 0
"p1238": 0
"p1239": 0
"p1240": 0
"p1241": 0
"p1242": 9.032046831162817E-05
"p1243": 0
"p1244": 0
"p1245": 0
"p1246": 3.3870175616860565E-05
"p1247": 0
"p1248": 0.00011478226181269414
"p1249": 0
"p1250": 0.0002690797285117256
"p1251": 2.0698440654748124E-05
"p1252": 0.0003424651090149235
"p1253": 0
"p1254": 0.0005174610163687031
"p1255": 5.833196911792653E-05
"p1256": 0.0014601809043713221
"p1257": 6.209532196424438E-05
"p1258": 0.004504733357042455
"p1259": 0.0025628432883424497
"p1260": 0.0025797783761508796
"p1261": 0.0004158504895181215
"p1262": 0.0049676257571395505
"p1263": 0.004440756358655052
"p1264": 4.516023415581409E-05
"p1265": 0
"p1266": 0.0009370748587331421
"p1267": 0.00019193099516220984
"p1268": 0.0002107477593937991
"p1269": 0
"p1270": 0.00042525887163391595
"p1271": 0.00015053411385271363
"p1272": 0.00033117505047596993
"p1273": 5.645029269476761E-06
"p1274": 0.006591512510325699
"p1275": 0.002190271356556983
