"p1213": 0
"p1214": 0.002916598455896327
"p1215": 0.000496762575713955
"p1216": 0.00011478226181269414
"p1217": 0
"p1218": 0.0006077814846803313
"p1219": 6.585867481056221E-05
"p1220": 0.0003349384033222878
"p1221": 0
"p1222": 0.000543804486292928
"p1223": 7.714873334951574E-05
"p1224": 0.001326581878327039
"p1225": 6.209532196424438E-05
"p1226": 0.005460624980007187
"p1227": 0.0030031555713616364
"p1228": 0.0017668941613462258
"p1229": 0.0003180033155138575
"p1230": 0.0037577078170483637
"p1231": 0.0035112082056145454
"p1232": 0.00018628596589273307
"p1233": 0
"p1234": 0.0020698440654748117
"p1235": 0.00034058343259176454
"p1236": 0.0005362777806002921
"p1237": 0
"p1238": 0.0012682499092091118
"p1239": 0.00025778966997277205
"p1240": 0.001676573693034598
"p1241": 5.080526342529084E-05
"p1242": 0.012953460497026009
"p1243": 0.006792851887603703
"p1244": 0.0015298029320282023
"p1245": 0.00022768284720222937
"p1246": 0.007364881520244015
"p1247": 0.005133213282377536
"p1248": 0
"p1249": 0
"p1250": 5.268693984844977E-05
"p1251": 3.7633528463178407E-06
"p1252": 5.268693984844976E-05
"p1253": 0
"p1254": 6.0213645541085445E-05
"p1255": 1.1290058538953523E-05
"p1256": 0.00023709122931802394
"p1257": 0
"p1258": 0.0010518571205458363
"p1259": 0.00046853742936657115
"p1260": 0.0006529417188361452
"p1261": 7.33853805031979E-05
"p1262": 0.0015429746669903147
"p1263": 0.0011177157953563988
"p1264": 4.516023415581409E-05
"p1265": 0
"p1266": 0.0004723007822128891
"p1267": 0.00012042729108217089
"p1268": 0.00016558752523798502
"p1269": 0
"p1270": 0.0003274116976296521
"p1271": 0.00011478226181269414
"p1272": 0.00015617914312219037
"p1273": 5.645029269476761E-06
"p1274": 0.003191323213677529
"p1275": 0.0005889647204487422
