"p1213": 0
"p1214": 0.007901159300844307
"p1215": 0.0022711834427528175
"p1216": 4.139688130949625E-05
"p1217": 0
"p1218": 6.585867481056221E-05
"p1219": 3.7633528463178407E-06
"p1220": 0
"p1221": 0
"p1222": 0
"p1223": 0
"p1224": 0.00011290058538953522
"p1225": 2.4461793501065966E-05
"p1226": 0.0010988990311248093
"p1227": 0.00030294990412858613
"p1228": 1.3171734962112444E-05
"p1229": 0
"p1230": 0.00012042729108217089
"p1231": 9.408382115794602E-06
"p1232": 0.00013171734962112442
"p1233": 0
"p1234": 0.0002916598455896327
"p1235": 0.0001110189089663763
"p1236": 0
"p1237": 0
"p1238": 3.575185204001949E-05
"p1239": 3.7633528463178407E-06
"p1240": 0.00023332787647170616
"p1241": 3.0106822770542726E-05
"p1242": 0.0043617259488823775
"p1243": 0.000613426513949808
"p1244": 9.972885042742278E-05
"p1245": 3.7633528463178407E-06
"p1246": 0.0009709450343500028
"p1247": 0.00012983567319796552
"p1248": 0.00036880857893914845
"p1249": 0
"p1250": 0.000588964720448742
"p1251": 8.843879188846926E-05
"p1252": 0
"p1253": 0
"p1254": 2.2580117077907045E-05
"p1255": 0
"p1256": 0.0034886280885366382
"p1257": 0.000427140548057075
"p1258": 0.010638998496540536
"p1259": 0.007193648965736551
"p1260": 0.00059272807329506
"p1261": 2.2580117077907045E-05
"p1262": 0.002227904885020161
"p1263": 0.0010763189140469026
"p1264": 0.0005475678391392458
"p1265": 0
"p1266": 0.001313410143364926
"p1267": 0.0002653163756654078
"p1268": 0
"p1269": 0
"p1270": 0.00016746920166114393
"p1271": 1.8816764231589203E-05
"p1272": 0.003221430036448072
"p1273": 0.00028225146347383805
"p1274": 0.021676912394790762
"p1275": 0.012210198309878236
