"p1213": 0
"p1214": 0.007965136299231712
"p1215": 0.001797000984116769
"p1216": 5.080526342529084E-05
"p1217": 0
"p1218": 0.00040456043097916787
"p1219": 0.00010349220327374062
"p1220": 7.526705692635681E-05
"p1221": 2.4461793501065966E-05
"p1222": 0.0006717584830677345
"p1223": 0.00019757602443168663
"p1224": 0
"p1225": 0
"p1226": 7.526705692635683E-05
"p1227": 5.645029269476761E-06
"p1228": 4.139688130949625E-05
"p1229": 0
"p1230": 0.00010725555612005847
"p1231": 1.3171734962112442E-05
"p1232": 0.00010725555612005844
"p1233": 5.645029269476761E-06
"p1234": 0.0016841003987272337
"p1235": 0.0001693508780843028
"p1236": 0.00020886608297064017
"p1237": 2.8225146347383805E-05
"p1238": 0.002060435683359018
"p1239": 0.0003518734911307181
"p1240": 1.5053411385271363E-05
"p1241": 0
"p1242": 0.001160994353089054
"p1243": 0.00010349220327374063
"p1244": 8.279376261899248E-05
"p1245": 0
"p1246": 0.0007940674505730644
"p1247": 7.150370408003895E-05
"p1248": 0.0013773871417523294
"p1249": 6.209532196424438E-05
"p1250": 0.0044595731228866415
"p1251": 0.0028338046932773336
"p1252": 0.002412309174489736
"p1253": 0.0003876253431707376
"p1254": 0.0044614547993098
"p1255": 0.004403122830191874
"p1256": 0.0002427362585875007
"p1257": 0
"p1258": 0.0025063929956476816
"p1259": 0.0006830485416066881
"p1260": 0.00034811013828440026
"p1261": 0
"p1262": 0.0011948645287059145
"p1263": 0.00035751852040019475
"p1264": 0.0013886772002912832
"p1265": 5.080526342529084E-05
"p1266": 0.007641487954448375
"p1267": 0.00474182458636048
"p1268": 0.001597543283261923
"p1269": 0.0002314462000485472
"p1270": 0.006072169817533836
"p1271": 0.004913057140867942
"p1272": 0.00034246510901492347
"p1273": 0
"p1274": 0.007285851110471338
"p1275": 0.0028018161940836315
