"p1213": 0.0006096631611034902
"p1214": 0.0034641662950355727
"p1215": 0.0085428109611415
"p1216": 0.00012042729108217089
"p1217": 9.032046831162818E-05
"p1218": 0.00033682007974544673
"p1219": 0.0003424651090149235
"p1220": 0
"p1221": 0
"p1222": 0
"p1223": 0
"p1224": 4.8923587002131926E-05
"p1225": 3.7633528463178407E-05
"p1226": 0.0002559079935496132
"p1227": 0.0002559079935496132
"p1228": 1.8816764231589203E-05
"p1229": 5.4568616271608685E-05
"p1230": 6.962202765688005E-05
"p1231": 9.784717400426388E-05
"p1232": 0.00026343469924224885
"p1233": 0.0001919309951622099
"p1234": 0.0011553493238195772
"p1235": 0.0009464832408489367
"p1236": 0
"p1237": 3.3870175616860565E-05
"p1238": 5.645029269476761E-06
"p1239": 2.2580117077907045E-05
"p1240": 7.150370408003896E-05
"p1241": 5.833196911792653E-05
"p1242": 0.0013303452311733564
"p1243": 0.00120239123439855
"p1244": 0.00011666393823585305
"p1245": 0.0001298356731979655
"p1246": 0.0007357354814551379
"p1247": 0.0006209532196424438
"p1248": 0.000590846396871901
"p1249": 0.0024781678493002984
"p1250": 0.001633295135301943
"p1251": 0.0056694910629778265
"p1252": 0
"p1253": 6.774035123372113E-05
"p1254": 1.1290058538953523E-05
"p1255": 4.516023415581409E-05
"p1256": 0.00025778966997277205
"p1257": 0.0014545358751018454
"p1258": 0.001855332953234695
"p1259": 0.007494717193441979
"p1260": 0.00019193099516220984
"p1261": 0.0008317009790362427
"p1262": 0.0007620789513793629
"p1263": 0.002909071750203691
"p1264": 0.0007263270993393431
"p1265": 0.0016558752523798499
"p1266": 0.003116056156751172
"p1267": 0.005812498471137906
"p1268": 0
"p1269": 8.091208619583358E-05
"p1270": 1.1290058538953523E-05
"p1271": 7.526705692635681E-05
"p1272": 0.00048735419359816046
"p1273": 0.0017537224263841139
"p1274": 0.006595275863172018
"p1275": 0.01551630378536846
