"p1213": 0.009564561258916792
"p1214": 0.0008298193026130838
"p1215": 0.0009126130652320764
"p1216": 0.0006623501009519399
"p1217": 0.0014752343157565936
"p1218": 0.00011478226181269412
"p1219": 0.0005400411334466102
"p1220": 2.8225146347383808E-05
"p1221": 0.00012983567319796552
"p1222": 0
"p1223": 0
"p1224": 0.008710280162802644
"p1225": 0.0193210535129958
"p1226": 0.004465218152156119
"p1227": 0.009773427341887436
"p1228": 0.0027735910477362487
"p1229": 0.0051445033409164885
"p1230": 0.0011666393823585306
"p1231": 0.0010800822668932202
"p1232": 1.5053411385271363E-05
"p1233": 0
"p1234": 0
"p1235": 3.7633528463178407E-06
"p1236": 0
"p1237": 0
"p1238": 0
"p1239": 0
"p1240": 0.0001542974666990315
"p1241": 0
"p1242": 0.00010537387969689956
"p1243": 1.5053411385271363E-05
"p1244": 0.00013548070246744226
"p1245": 0
"p1246": 4.516023415581409E-05
"p1247": 0
"p1248": 0.00018440428946957422
"p1249": 0.0011384142360111467
"p1250": 6.021364554108545E-05
"p1251": 0.00033493840332228785
"p1252": 0
"p1253": 2.2580117077907045E-05
"p1254": 0
"p1255": 0
"p1256": 0.005232942132804957
"p1257": 0.013619573950824266
"p1258": 0.0019193099516220985
"p1259": 0.01183574470166961
"p1260": 0.0015994249596850826
"p1261": 0.0041716766301433264
"p1262": 0.00041208713667180354
"p1263": 0.0021620462102095992
"p1264": 0.00044219395944234633
"p1265": 0.0009013230066931227
"p1266": 7.903040977267466E-05
"p1267": 0.0002690797285117256
"p1268": 5.645029269476761E-06
"p1269": 3.198849919370165E-05
"p1270": 0
"p1271": 0
"p1272": 0.00702429808765225
"p1273": 0.011024742163288115
"p1274": 0.004023024192713772
"p1275": 0.0031800331551385752
