"p1213": 2.2580117077907045E-05
"p1214": 0.018508169298191143
"p1215": 0.005050419519758542
"p1216": 0.00021451111224011688
"p1217": 0
"p1218": 0.002261775060637022
"p1219": 0.00044031228301918735
"p1220": 0.0006962202765688003
"p1221": 0
"p1222": 0.001738669014998842
"p1223": 0.0005833196911792653
"p1224": 0.002188389680133824
"p1225": 6.962202765688006E-05
"p1226": 0.015570872401640068
"p1227": 0.008113788736661265
"p1228": 0.002425480909451848
"p1229": 0.0003180033155138575
"p1230": 0.01227229363184248
"p1231": 0.007285851110471342
"p1232": 0
"p1233": 0
"p1234": 1.8816764231589203E-05
"p1235": 0
"p1236": 3.7633528463178407E-06
"p1237": 0
"p1238": 1.5053411385271363E-05
"p1239": 0
"p1240": 3.7633528463178407E-06
"p1241": 0
"p1242": 0.00018064093662325633
"p1243": 3.7633528463178407E-06
"p1244": 3.7633528463178407E-06
"p1245": 0
"p1246": 0.00026343469924224885
"p1247": 3.7633528463178407E-06
"p1248": 0.00013736237889060116
"p1249": 0
"p1250": 0.00034434678543808234
"p1251": 2.4461793501065963E-05
"p1252": 0.0006774035123372113
"p1253": 0
"p1254": 0.0012381430864385698
"p1255": 0.00012419064392848875
"p1256": 0.0022297865614433207
"p1257": 0.00011854561465901199
"p1258": 0.006550115629016202
"p1259": 0.0038141581097431315
"p1260": 0.005172728487263871
"p1261": 0.000829819302613084
"p1262": 0.01152526809184839
"p1263": 0.01019492286067503
"p1264": 5.080526342529085E-05
"p1265": 0
"p1266": 0.0012061545872448678
"p1267": 0.00022015614150959365
"p1268": 0.0002991865512822684
"p1269": 0
"p1270": 0.0012513148214006817
"p1271": 0.00023520955289486504
"p1272": 0.0005042892814065906
"p1273": 5.645029269476761E-06
"p1274": 0.009948423249241214
"p1275": 0.0035695401747324724
