"p1213": 0.008832589130307973
"p1214": 0.000683048541606688
"p1215": 0.0008185292440741303
"p1216": 0.003424651090149235
"p1217": 0.006806023622565815
"p1218": 0.0016615202816493268
"p1219": 0.0037125475828925503
"p1220": 0.0038160397861662903
"p1221": 0.005908463968719011
"p1222": 0.0026211752574603767
"p1223": 0.00507299963683645
"p1224": 0.002463114437915027
"p1225": 0.006678069625791009
"p1226": 0.0006679951302214167
"p1227": 0.0012814216441712249
"p1228": 0.001418784023061826
"p1229": 0.0028864916331257837
"p1230": 0.00038009863747810193
"p1231": 0.0007921857741499056
"p1232": 8.655711546531033E-05
"p1233": 0
"p1234": 4.8923587002131926E-05
"p1235": 7.5267056926356815E-06
"p1236": 0.00011666393823585305
"p1237": 0
"p1238": 8.279376261899248E-05
"p1239": 7.5267056926356815E-06
"p1240": 3.0106822770542726E-05
"p1241": 0
"p1242": 1.5053411385271363E-05
"p1243": 0
"p1244": 7.150370408003898E-05
"p1245": 0
"p1246": 3.7633528463178407E-06
"p1247": 3.7633528463178407E-06
"p1248": 0.0014281924051776204
"p1249": 0.004316565714726563
"p1250": 0.0005005259285602728
"p1251": 0.0038292115211284025
"p1252": 0.003962810547172686
"p1253": 0.009163764180783943
"p1254": 0.0015749631661840164
"p1255": 0.008832589130307973
"p1256": 0.0005833196911792653
"p1257": 0.001996458684971614
"p1258": 9.220214473478711E-05
"p1259": 0.0006830485416066879
"p1260": 0.0007827773920341108
"p1261": 0.001956943480085277
"p1262": 0.00014300740816007793
"p1263": 0.0008185292440741304
"p1264": 0.0027585376363509773
"p1265": 0.004453928093617165
"p1266": 0.001277658291324907
"p1267": 0.0013228185254807213
"p1268": 0.004453928093617164
"p1269": 0.005372186188118718
"p1270": 0.0030539608347869276
"p1271": 0.0020980692118221962
"p1272": 0.0012776582913249068
"p1273": 0.003053960834786928
"p1274": 0.0003443467854380824
"p1275": 0.0002408545821643418
