"p1213": 0
"p1214": 0.0011666393823585306
"p1215": 0.0009954068278510688
"p1216": 0.0027735910477362483
"p1217": 0.0003895070195938965
"p1218": 0.0022128514736348905
"p1219": 0.004988324197794297
"p1220": 7.526705692635681E-05
"p1221": 4.327855773265517E-05
"p1222": 3.7633528463178407E-06
"p1223": 7.5267056926356815E-06
"p1224": 0.008936081333581713
"p1225": 0.00010161052685058169
"p1226": 0.0052536405734597055
"p1227": 0.00813825053016233
"p1228": 0.002545908200534019
"p1229": 0
"p1230": 0.001578726519030334
"p1231": 0.0017160888979209353
"p1232": 0
"p1233": 0
"p1234": 2.2580117077907045E-05
"p1235": 0
"p1236": 0
"p1237": 0
"p1238": 0
"p1239": 0
"p1240": 0
"p1241": 0
"p1242": 3.387017561686057E-05
"p1243": 0
"p1244": 0
"p1245": 0
"p1246": 7.903040977267465E-05
"p1247": 0
"p1248": 0.002525209759879271
"p1249": 0.0007620789513793626
"p1250": 0.001465825933640799
"p1251": 0.004764404703438386
"p1252": 4.516023415581409E-05
"p1253": 3.3870175616860565E-05
"p1254": 3.7633528463178407E-06
"p1255": 7.5267056926356815E-06
"p1256": 0.0033700824738776263
"p1257": 6.0213645541085445E-05
"p1258": 0.0014978144328345005
"p1259": 0.003682440760122008
"p1260": 0.0015072228149502953
"p1261": 7.526705692635681E-05
"p1262": 0.0006943386001456416
"p1263": 0.0014601809043713221
"p1264": 0.0015711998133376985
"p1265": 1.6935087808430282E-05
"p1266": 0.002259893384213863
"p1267": 0.0015392113141439968
"p1268": 2.2580117077907045E-05
"p1269": 1.6935087808430282E-05
"p1270": 1.8816764231589204E-06
"p1271": 3.7633528463178407E-06
"p1272": 0.004011734134174818
"p1273": 1.8816764231589204E-06
"p1274": 0.0035657768218861543
"p1275": 0.0025967134639593094
