"p1213": 0.004134043101680148
"p1214": 0.0004798274879055247
"p1215": 0.0003669269025159895
"p1216": 0.0017386690149988424
"p1217": 0.004576237061122495
"p1218": 0.00066235010095194
"p1219": 0.0033286855925681296
"p1220": 0.0026362286688456477
"p1221": 0.005569762212550405
"p1222": 0.0013510436718281048
"p1223": 0.0054004113344661014
"p1224": 0.0006002547789876956
"p1225": 0.0028018161940836324
"p1226": 0.00012607232035164766
"p1227": 0.0006717584830677347
"p1228": 0.0005776746619097885
"p1229": 0.0017311423093062067
"p1230": 0.00010725555612005845
"p1231": 0.0006567050716824633
"p1232": 0.0038649633731684223
"p1233": 0.00726891602266291
"p1234": 0.0017781842198851797
"p1235": 0.003827329844705244
"p1236": 0.004724889498552048
"p1237": 0.006965966118534325
"p1238": 0.0029561136607826636
"p1239": 0.005295037454769202
"p1240": 0.0029053083973573724
"p1241": 0.007381816608052444
"p1242": 0.0007376171578782968
"p1243": 0.0013886772002912834
"p1244": 0.001998340361394774
"p1245": 0.0036786774072756893
"p1246": 0.00048735419359816035
"p1247": 0.0008749795367688979
"p1248": 0.00042525887163391606
"p1249": 0.0013660970832133762
"p1250": 0.00011101890896637629
"p1251": 0.0009013230066931227
"p1252": 0.0015523830491061092
"p1253": 0.0036165820853114447
"p1254": 0.0005306327513308156
"p1255": 0.003055842511210087
"p1256": 8.655711546531033E-05
"p1257": 0.00041208713667180354
"p1258": 9.408382115794602E-06
"p1259": 5.645029269476761E-05
"p1260": 0.00014300740816007793
"p1261": 0.0005268693984844978
"p1262": 2.2580117077907045E-05
"p1263": 0.00020698440654748124
"p1264": 0.0015900165775692876
"p1265": 0.001537329637720838
"p1266": 0.0008919146245773282
"p1267": 0.0005456861627160869
"p1268": 0.003123582862443808
"p1269": 0.00233516044114022
"p1270": 0.002321988706178108
"p1271": 0.001234379733592252
"p1272": 0.0007507888928404092
"p1273": 0.0009803534164657976
"p1274": 0.0002521446407032953
"p1275": 8.091208619583355E-05
