"p1213": 0
"p1214": 0.0018252261304641528
"p1215": 0.00158625322472297
"p1216": 0.00027660643420436126
"p1217": 0
"p1218": 0.00011854561465901196
"p1219": 0.00012230896750532982
"p1220": 0.0002201561415095937
"p1221": 3.3870175616860565E-05
"p1222": 8.843879188846925E-05
"p1223": 0.000141125731736919
"p1224": 0.0009558916229647316
"p1225": 5.645029269476761E-06
"p1226": 0.001443245816562892
"p1227": 0.00038574366674757867
"p1228": 0.0009803534164657974
"p1229": 1.6935087808430282E-05
"p1230": 0.0014451274929860507
"p1231": 0.0005607395741013582
"p1232": 0
"p1233": 0
"p1234": 0
"p1235": 0
"p1236": 0
"p1237": 0
"p1238": 0
"p1239": 0
"p1240": 0
"p1241": 0
"p1242": 0
"p1243": 0
"p1244": 0
"p1245": 0
"p1246": 0
"p1247": 0
"p1248": 0.001605069988954559
"p1249": 0
"p1250": 0.0005720296326403118
"p1251": 0.0006491783659898276
"p1252": 0.0011214791482027163
"p1253": 0.0002991865512822683
"p1254": 0.00045536569440445874
"p1255": 0.0008580444489604676
"p1256": 0.010672868672157398
"p1257": 0.00021451111224011688
"p1258": 0.0063600663102771505
"p1259": 0.011235489922681915
"p1260": 0.007282087757625022
"p1261": 0.001151585970973259
"p1262": 0.004713599440013095
"p1263": 0.010731200641275324
"p1264": 0.0004327855773265517
"p1265": 0
"p1266": 0.0001392440553137601
"p1267": 9.032046831162818E-05
"p1268": 0.00012419064392848873
"p1269": 0
"p1270": 8.655711546531035E-05
"p1271": 0.00011478226181269414
"p1272": 0.0024123091744897357
"p1273": 0
"p1274": 0.002052908977666382
"p1275": 0.002045382271973746
