"p1213": 0
"p1214": 0.003539433351961929
"p1215": 0.0005325144277539745
"p1216": 0.0013886772002912832
"p1217": 5.080526342529084E-05
"p1218": 0.006911397502262714
"p1219": 0.004254470392762319
"p1220": 0.001597543283261923
"p1221": 0.0002314462000485472
"p1222": 0.005014667667718523
"p1223": 0.004373016007421331
"p1224": 0.00034246510901492347
"p1225": 0
"p1226": 0.006587749157479381
"p1227": 0.0024424159972602786
"p1228": 0.0004647740765202534
"p1229": 0
"p1230": 0.002645637050961442
"p1231": 0.0006247165724887617
"p1232": 0
"p1233": 0
"p1234": 5.645029269476761E-05
"p1235": 0
"p1236": 0
"p1237": 0
"p1238": 2.2580117077907045E-05
"p1239": 0
"p1240": 0
"p1241": 0
"p1242": 3.387017561686057E-05
"p1243": 0
"p1244": 0
"p1245": 0
"p1246": 2.2580117077907045E-05
"p1247": 0
"p1248": 0.001317173496211244
"p1249": 6.209532196424438E-05
"p1250": 0.0031762698022922576
"p1251": 0.0020547906540895407
"p1252": 0.0026004768168056275
"p1253": 0.0004158504895181215
"p1254": 0.004429466300116099
"p1255": 0.004241298657800206
"p1256": 0.0002220378179327526
"p1257": 0
"p1258": 0.0015241579027587251
"p1259": 0.0005456861627160869
"p1260": 0.0003180033155138575
"p1261": 0
"p1262": 0.0009050863595394408
"p1263": 0.0003349384033222878
"p1264": 0.0003123582862443808
"p1265": 5.645029269476761E-06
"p1266": 0.004617633942431991
"p1267": 0.0017066805158051407
"p1268": 0.0004214955187875982
"p1269": 3.198849919370165E-05
"p1270": 0.004216836864299141
"p1271": 0.0015900165775692876
"p1272": 3.575185204001948E-05
"p1273": 0
"p1274": 0.0030106822770542725
"p1275": 0.0006284799253350795
