"p1213": 4.516023415581409E-05
"p1214": 0.005488850126354571
"p1215": 0.002468759467184504
"p1216": 0.0005419228098697691
"p1217": 0
"p1218": 0.0002653163756654077
"p1219": 0.0002577896699727721
"p1220": 0.0005946097497182189
"p1221": 0.0002577896699727721
"p1222": 0.0003669269025159895
"p1223": 0.0005080526342529086
"p1224": 0.004961980727870073
"p1225": 0.00019193099516220984
"p1226": 0.0028676748688941938
"p1227": 0.005946097497182188
"p1228": 0.004457691446463483
"p1229": 0.0008900329481541692
"p1230": 0.003496154794229274
"p1231": 0.007729926746336845
"p1232": 0.0015147495206429306
"p1233": 0
"p1234": 0.0007545522456867271
"p1235": 0.000686811894453006
"p1236": 0.0011497042945501001
"p1237": 0.0002201561415095937
"p1238": 0.0006981019529919595
"p1239": 0.0009822350928889564
"p1240": 0.010185514478559237
"p1241": 0.00014300740816007796
"p1242": 0.0072519809348544784
"p1243": 0.010680395377850035
"p1244": 0.007376171578782968
"p1245": 0.000543804486292928
"p1246": 0.007814602185378999
"p1247": 0.009886327927276969
"p1248": 6.774035123372114E-05
"p1249": 0
"p1250": 2.2580117077907045E-05
"p1251": 9.408382115794602E-06
"p1252": 0.00011666393823585305
"p1253": 5.6450292694767617E-05
"p1254": 0.00010349220327374062
"p1255": 0.00016370584881482606
"p1256": 0.001349161995404946
"p1257": 3.9515204886337324E-05
"p1258": 0.0005231060456381798
"p1259": 0.0013566887010975817
"p1260": 0.0029636403664753
"p1261": 0.00040079707813285
"p1262": 0.0015937799304156055
"p1263": 0.004041840956945361
"p1264": 0.0003518734911307181
"p1265": 0
"p1266": 0.00017123255450746173
"p1267": 0.0001486524374295547
"p1268": 0.0003443467854380824
"p1269": 3.3870175616860565E-05
"p1270": 0.00031423996266753966
"p1271": 0.00024273625858750068
"p1272": 0.0019004931873905099
"p1273": 5.645029269476761E-06
"p1274": 0.0030671325697490407
"p1275": 0.0012569598506701589
