"p1213": 0.020310815311577392
"p1214": 0.0037802879341262705
"p1215": 0.0037802879341262722
"p1216": 2.0698440654748124E-05
"p1217": 6.774035123372113E-05
"p1218": 1.8816764231589204E-06
"p1219": 3.7633528463178407E-06
"p1220": 0.00010725555612005845
"p1221": 9.596549758110492E-05
"p1222": 1.3171734962112444E-05
"p1223": 0.0001223089675053298
"p1224": 0.0003405834325917646
"p1225": 0.0002671980520885667
"p1226": 0.00017499590735377957
"p1227": 0.00019004931873905096
"p1228": 0.0007997124798425411
"p1229": 0.0005438044862929281
"p1230": 0.0005343961041771335
"p1231": 0.0005400411334466102
"p1232": 0.00020886608297064017
"p1233": 0.00028225146347383805
"p1234": 3.7633528463178407E-05
"p1235": 4.516023415581409E-05
"p1236": 0.0003180033155138576
"p1237": 0.000329293374052811
"p1238": 5.080526342529084E-05
"p1239": 0.000141125731736919
"p1240": 0.001584371548299811
"p1241": 0.0011835744701669609
"p1242": 0.0008843879188846927
"p1243": 0.0002878964927433148
"p1244": 0.002066080712628495
"p1245": 0.0012927117027101784
"p1246": 0.0014225473759081437
"p1247": 0.0006228348960656026
"p1248": 0.00012419064392848875
"p1249": 0.0008128842148046537
"p1250": 3.575185204001949E-05
"p1251": 0.00016558752523798497
"p1252": 0.00036128187324651267
"p1253": 0.0012663682327859532
"p1254": 7.150370408003898E-05
"p1255": 0.0003857436667475787
"p1256": 0.0026305836395761704
"p1257": 0.008467543904215143
"p1258": 0.0008110025383814947
"p1259": 0.00470607273432046
"p1260": 0.004156623218758056
"p1261": 0.010061323834630747
"p1262": 0.0016314134588787839
"p1263": 0.008202227528549735
"p1264": 0.00059272807329506
"p1265": 0.0020416189191274285
"p1266": 0.00013359902604428333
"p1267": 0.00028225146347383805
"p1268": 0.0009107313888089175
"p1269": 0.0019475350979694822
"p1270": 0.00016558752523798497
"p1271": 0.0005607395741013582
"p1272": 0.006627264362365718
"p1273": 0.014406114695704693
"p1274": 0.002609885198921423
"p1275": 0.005281865719807089
