"p1213": 0
"p1214": 0.0017443140442683191
"p1215": 0.0024555877322223908
"p1216": 2.8225146347383805E-05
"p1217": 0
"p1218": 3.7633528463178407E-05
"p1219": 4.516023415581409E-05
"p1220": 0
"p1221": 0
"p1222": 0
"p1223": 0
"p1224": 0.0004911175464444782
"p1225": 5.645029269476761E-06
"p1226": 0.000611544837526649
"p1227": 0.00044219395944234633
"p1228": 6.962202765688005E-05
"p1229": 0
"p1230": 3.951520488633733E-05
"p1231": 1.1290058538953523E-05
"p1232": 0.0002201561415095937
"p1233": 3.3870175616860565E-05
"p1234": 8.843879188846925E-05
"p1235": 0.000141125731736919
"p1236": 3.3870175616860565E-05
"p1237": 0
"p1238": 1.8816764231589204E-06
"p1239": 3.7633528463178407E-06
"p1240": 0.0018816764231589203
"p1241": 1.8816764231589203E-05
"p1242": 0.002641873698115124
"p1243": 0.0009370748587331421
"p1244": 0.0004007970781328501
"p1245": 3.7633528463178407E-06
"p1246": 0.000521224369215021
"p1247": 0.0001561791431221904
"p1248": 0.00035751852040019486
"p1249": 0.00013548070246744226
"p1250": 0.0001298356731979655
"p1251": 0.0002878964927433148
"p1252": 2.2580117077907045E-05
"p1253": 0
"p1254": 0
"p1255": 0
"p1256": 0.007086393409616495
"p1257": 0.0007432621871477736
"p1258": 0.0038950701959389647
"p1259": 0.009319943323906133
"p1260": 0.0014338374344470973
"p1261": 5.268693984844977E-05
"p1262": 0.0007752506863414751
"p1263": 0.0011327692067416698
"p1264": 0.0008335826554594017
"p1265": 0.00016370584881482606
"p1266": 0.00037069025536230727
"p1267": 0.0006228348960656026
"p1268": 0.00015806081954534932
"p1269": 0
"p1270": 9.408382115794602E-06
"p1271": 1.8816764231589203E-05
"p1272": 0.012994857378335504
"p1273": 0.0004911175464444781
"p1274": 0.009077207065318633
"p1275": 0.01429321411031516
