"p1213": 7.903040977267465E-05
"p1214": 0.028612771690554546
"p1215": 0.010375563797298289
"p1216": 3.7633528463178407E-06
"p1217": 0
"p1218": 8.843879188846924E-05
"p1219": 3.7633528463178407E-06
"p1220": 0.00012795399677480656
"p1221": 0
"p1222": 0.00021639278866327578
"p1223": 3.7633528463178407E-06
"p1224": 6.585867481056221E-05
"p1225": 0
"p1226": 0.0007056286586845951
"p1227": 0.0001693508780843028
"p1228": 0.00015429746669903146
"p1229": 2.4461793501065966E-05
"p1230": 0.001738669014998842
"p1231": 0.0005136976635223853
"p1232": 4.704191057897301E-05
"p1233": 0
"p1234": 0.0004704191057897301
"p1235": 9.408382115794602E-05
"p1236": 0.00018440428946957422
"p1237": 0
"p1238": 0.0006209532196424436
"p1239": 0.00011101890896637629
"p1240": 0.00012042729108217089
"p1241": 5.645029269476761E-06
"p1242": 0.0033907809145323747
"p1243": 0.0004327855773265517
"p1244": 0.0002239194943559115
"p1245": 2.8225146347383805E-05
"p1246": 0.004632687353817261
"p1247": 0.0008072391855351769
"p1248": 0.00013359902604428335
"p1249": 0
"p1250": 0.0009314298294636656
"p1251": 9.972885042742278E-05
"p1252": 0.0007282087757625021
"p1253": 0
"p1254": 0.0013943222295607599
"p1255": 0.0003387017561686057
"p1256": 0.00237091229318024
"p1257": 0.00011854561465901199
"p1258": 0.009180699268592375
"p1259": 0.005042892814065906
"p1260": 0.004869778583135285
"p1261": 0.000733853805031979
"p1262": 0.011160222865755558
"p1263": 0.00976213728334848
"p1264": 0.00021827446508643474
"p1265": 0
"p1266": 0.002459351085068709
"p1267": 0.0004760641350592069
"p1268": 0.0007093920115309128
"p1269": 0
"p1270": 0.002448061026529755
"p1271": 0.0006585867481056221
"p1272": 0.002192153032980142
"p1273": 6.962202765688006E-05
"p1274": 0.018295539862374186
"p1275": 0.009558916229647317
