"p1213": 0
"p1214": 0.0062020054907318024
"p1215": 0.0010970173547016505
"p1216": 0.0005099343106760674
"p1217": 0
"p1218": 0.001089490649009015
"p1219": 0.00028601481632015586
"p1220": 0
"p1221": 0
"p1222": 2.2580117077907045E-05
"p1223": 0
"p1224": 0.004516023415581409
"p1225": 0.0005833196911792654
"p1226": 0.012748357766901685
"p1227": 0.00953257275972309
"p1228": 0.0009314298294636655
"p1229": 4.139688130949625E-05
"p1230": 0.004346672537497107
"p1231": 0.002182744650864347
"p1232": 0.0006397699838740328
"p1233": 0
"p1234": 0.001956943480085277
"p1235": 0.0006040181318340133
"p1236": 0
"p1237": 0
"p1238": 0.00013924405531376012
"p1239": 1.8816764231589203E-05
"p1240": 0.004416294565153986
"p1241": 0.0003838619903244198
"p1242": 0.028114127438417437
"p1243": 0.016133493652164585
"p1244": 0.0004929992228676371
"p1245": 0
"p1246": 0.009523164377607297
"p1247": 0.003947757135787415
"p1248": 0.00015429746669903146
"p1249": 0
"p1250": 0.000259671346395931
"p1251": 2.6343469924224884E-05
"p1252": 0
"p1253": 0
"p1254": 0
"p1255": 0
"p1256": 0.0019682335386242305
"p1257": 0.00022015614150959367
"p1258": 0.0051445033409164885
"p1259": 0.0036504522609283056
"p1260": 0.0002897781691664737
"p1261": 1.1290058538953523E-05
"p1262": 0.001441364140139733
"p1263": 0.0005513311919855637
"p1264": 0.0002107477593937991
"p1265": 0
"p1266": 0.0006416516602971917
"p1267": 0.00013359902604428333
"p1268": 0
"p1269": 0
"p1270": 3.3870175616860565E-05
"p1271": 3.7633528463178407E-06
"p1272": 0.00044783898871182307
"p1273": 3.9515204886337324E-05
"p1274": 0.01106802072102077
"p1275": 0.002380320675296034
