"p1213": 0.00016370584881482606
"p1214": 0.0013566887010975815
"p1215": 0.00404184095694536
"p1216": 0.0007112736879540719
"p1217": 0.0016558752523798499
"p1218": 0.0027039690200793684
"p1219": 0.005464388332853506
"p1220": 0
"p1221": 8.091208619583358E-05
"p1222": 1.1290058538953523E-05
"p1223": 7.526705692635681E-05
"p1224": 0.00048735419359816046
"p1225": 0.0017537224263841139
"p1226": 0.005678899445093623
"p1227": 0.013841611768757024
"p1228": 0.0001486524374295547
"p1229": 0.0005739113090634708
"p1230": 0.0017198522507672531
"p1231": 0.003492391441382956
"p1232": 0
"p1233": 0
"p1234": 2.2580117077907045E-05
"p1235": 0
"p1236": 0
"p1237": 0
"p1238": 0
"p1239": 0
"p1240": 0
"p1241": 0
"p1242": 3.387017561686057E-05
"p1243": 0
"p1244": 0
"p1245": 0
"p1246": 7.903040977267465E-05
"p1247": 0
"p1248": 0.0006567050716824632
"p1249": 0.002715259078618322
"p1250": 0.0013604520539438995
"p1251": 0.00557728891824304
"p1252": 0
"p1253": 6.774035123372113E-05
"p1254": 1.1290058538953523E-05
"p1255": 4.516023415581409E-05
"p1256": 0.00022015614150959367
"p1257": 0.00132470020190388
"p1258": 0.00141125731736919
"p1259": 0.00548885012635457
"p1260": 0.00019004931873905094
"p1261": 0.0008241742733436071
"p1262": 0.0007507888928404093
"p1263": 0.0024687594671845034
"p1264": 0.00035187349113071807
"p1265": 0.00034434678543808245
"p1266": 0.0019004931873905099
"p1267": 0.0025534349062266547
"p1268": 0
"p1269": 3.3870175616860565E-05
"p1270": 5.645029269476761E-06
"p1271": 2.2580117077907045E-05
"p1272": 0.00017123255450746173
"p1273": 0.0003142399626675396
"p1274": 0.0030671325697490407
"p1275": 0.006008192819146432
