"p1213": 0.0003424651090149235
"p1214": 0.00822857099847396
"p1215": 0.017405506914220013
"p1216": 1.3171734962112444E-05
"p1217": 0.00011854561465901196
"p1218": 0.00012042729108217089
"p1219": 8.655711546531033E-05
"p1220": 0
"p1221": 0
"p1222": 0
"p1223": 0
"p1224": 0.0003913886960170555
"p1225": 0.00020133937727800447
"p1226": 0.0012588415270933177
"p1227": 0.0009878801221584331
"p1228": 5.8331969117926534E-05
"p1229": 3.575185204001949E-05
"p1230": 0.0002634346992422488
"p1231": 0.0002615530228190899
"p1232": 5.456861627160869E-05
"p1233": 0.0001806409366232564
"p1234": 0.0003518734911307182
"p1235": 0.00030294990412858613
"p1236": 0
"p1237": 0
"p1238": 5.645029269476761E-06
"p1239": 2.8225146347383805E-05
"p1240": 0.0005024076049834317
"p1241": 0.00028036978705067917
"p1242": 0.004126516395987513
"p1243": 0.002519564730609794
"p1244": 0.00011854561465901196
"p1245": 0.00010349220327374062
"p1246": 0.0013943222295607596
"p1247": 0.0007150370408003897
"p1248": 4.704191057897301E-05
"p1249": 0.000826055949766766
"p1250": 0.0003932703724402144
"p1251": 0.0009765900636194795
"p1252": 0
"p1253": 0
"p1254": 0
"p1255": 2.2580117077907045E-05
"p1256": 0.002218496502904367
"p1257": 0.007191767289313393
"p1258": 0.006706294772138393
"p1259": 0.020254365018882618
"p1260": 0.00036316354966967166
"p1261": 0.0012607232035164765
"p1262": 0.0019550618036621187
"p1263": 0.005693952856478893
"p1264": 7.33853805031979E-05
"p1265": 0.0008072391855351766
"p1266": 0.0010499754441226775
"p1267": 0.0018045276898094047
"p1268": 0
"p1269": 0
"p1270": 2.8225146347383808E-05
"p1271": 0.00012983567319796552
"p1272": 0.0021206493289001034
"p1273": 0.004826500025402631
"p1274": 0.016763855253922825
"p1275": 0.02925065999800542
