"p1213": 0.013026845877529204
"p1214": 0.002273065119175976
"p1215": 0.0021564011809401228
"p1216": 0.0004835908407518426
"p1217": 0.0019362450394305288
"p1218": 0.00012607232035164763
"p1219": 0.00027660643420436126
"p1220": 0.0006623501009519399
"p1221": 0.0014752343157565936
"p1222": 0.00011478226181269412
"p1223": 0.0005400411334466102
"p1224": 0.005313854219000791
"p1225": 0.012473633009120485
"p1226": 0.0022580117077907044
"p1227": 0.004890477023790035
"p1228": 0.00472300782212889
"p1229": 0.007887987565882194
"p1230": 0.002890254985972102
"p1231": 0.005247995544190229
"p1232": 1.8816764231589203E-05
"p1233": 0
"p1234": 0
"p1235": 0
"p1236": 1.5053411385271363E-05
"p1237": 0
"p1238": 0
"p1239": 3.7633528463178407E-06
"p1240": 0.00011666393823585305
"p1241": 0
"p1242": 6.397699838740328E-05
"p1243": 7.5267056926356815E-06
"p1244": 0.00015429746669903146
"p1245": 0
"p1246": 8.655711546531033E-05
"p1247": 7.5267056926356815E-06
"p1248": 4.704191057897301E-05
"p1249": 0.0002690797285117256
"p1250": 0
"p1251": 0.0001674692016611439
"p1252": 0.00018440428946957422
"p1253": 0.001160994353089054
"p1254": 6.021364554108545E-05
"p1255": 0.00033493840332228785
"p1256": 0.001943771745123164
"p1257": 0.006062761435418041
"p1258": 0.0005833196911792653
"p1259": 0.004436993005808734
"p1260": 0.004478389887118231
"p1261": 0.010418842355030941
"p1262": 0.0016859820751503928
"p1263": 0.009139302387282878
"p1264": 0.00031612163909069865
"p1265": 0.00099352515142791
"p1266": 6.962202765688005E-05
"p1267": 6.021364554108545E-05
"p1268": 0.00044219395944234633
"p1269": 0.0008787428896152157
"p1270": 7.903040977267466E-05
"p1271": 0.0002690797285117256
"p1272": 0.003691849142237802
"p1273": 0.006695004713599439
"p1274": 0.0015523830491061094
"p1275": 0.0015279212556050434
