"p1213": 0.01607516168304666
"p1214": 0.0018252261304641528
"p1215": 0.0017838292491546563
"p1216": 0.00010725555612005845
"p1217": 9.596549758110492E-05
"p1218": 1.3171734962112444E-05
"p1219": 0.0001223089675053298
"p1220": 0
"p1221": 0
"p1222": 0
"p1223": 0
"p1224": 0.0009521282701184136
"p1225": 0.0006736401594908936
"p1226": 0.0006228348960656027
"p1227": 0.0006491783659898275
"p1228": 0.00021827446508643474
"p1229": 0.00021827446508643474
"p1230": 9.22021447347871E-05
"p1231": 9.032046831162818E-05
"p1232": 0.0003180033155138576
"p1233": 0.000329293374052811
"p1234": 5.080526342529084E-05
"p1235": 0.000141125731736919
"p1236": 5.645029269476761E-06
"p1237": 2.8225146347383805E-05
"p1238": 0
"p1239": 0
"p1240": 0.0028225146347383807
"p1241": 0.0021131226232074677
"p1242": 0.0018854397760052382
"p1243": 0.0008580444489604674
"p1244": 0.00106314717908479
"p1245": 0.0006755218359140524
"p1246": 0.0004102054602486446
"p1247": 0.00011478226181269414
"p1248": 0.00036128187324651267
"p1249": 0.0012663682327859532
"p1250": 7.150370408003898E-05
"p1251": 0.0003857436667475787
"p1252": 0
"p1253": 2.2580117077907045E-05
"p1254": 0
"p1255": 0
"p1256": 0.005534010360510386
"p1257": 0.015478670256905283
"p1258": 0.0020491456248200647
"p1259": 0.011235489922681915
"p1260": 0.0016238867531861484
"p1261": 0.004877305288827922
"p1262": 0.0004610107236739355
"p1263": 0.002045382271973747
"p1264": 0.0009107313888089175
"p1265": 0.0019475350979694822
"p1266": 0.00016558752523798497
"p1267": 0.0005607395741013582
"p1268": 2.8225146347383808E-05
"p1269": 0.00012983567319796552
"p1270": 0
"p1271": 0
"p1272": 0.0120972977244887
"p1273": 0.023268810648783216
"p1274": 0.006017601201262228
"p1275": 0.010731200641275324
