"p1213": 2.0698440654748124E-05
"p1214": 0.0006077814846803312
"p1215": 0.002942941925820551
"p1216": 4.3278557732655166E-05
"p1217": 0.00013171734962112442
"p1218": 0.000141125731736919
"p1219": 0.0002182744650864348
"p1220": 0
"p1221": 0
"p1222": 5.645029269476761E-06
"p1223": 3.3870175616860565E-05
"p1224": 0.00032364834478333426
"p1225": 0.00023332787647170616
"p1226": 0.002402900792373941
"p1227": 0.002084897476860083
"p1228": 0.00010161052685058169
"p1229": 9.972885042742278E-05
"p1230": 0.000541922809869769
"p1231": 0.00042902222448023387
"p1232": 0
"p1233": 0
"p1234": 0
"p1235": 0
"p1236": 0
"p1237": 0
"p1238": 0
"p1239": 0
"p1240": 0
"p1241": 0
"p1242": 0
"p1243": 0
"p1244": 0
"p1245": 0
"p1246": 0
"p1247": 0
"p1248": 5.080526342529086E-05
"p1249": 0.0011120707660869217
"p1250": 0.00044407563586550526
"p1251": 0.0013755054653291706
"p1252": 0
"p1253": 0
"p1254": 2.8225146347383808E-05
"p1255": 0.00018064093662325633
"p1256": 0.002066080712628494
"p1257": 0.007513533957673568
"p1258": 0.010881734755128037
"p1259": 0.031034489247160083
"p1260": 0.00026343469924224885
"p1261": 0.0009502465936952548
"p1262": 0.001990813655702138
"p1263": 0.00496762575713955
"p1264": 7.5267056926356815E-06
"p1265": 6.774035123372113E-05
"p1266": 0.00011290058538953523
"p1267": 0.0001599424959685082
"p1268": 0
"p1269": 0
"p1270": 0
"p1271": 0
"p1272": 0.00017311423093062064
"p1273": 0.00038386199032441974
"p1274": 0.0028225146347383807
"p1275": 0.006472966895666685
