"p1213": 7.5267056926356815E-06
"p1214": 0.005534010360510387
"p1215": 0.004004207428482183
"p1216": 0.0037012575243535965
"p1217": 0.000543804486292928
"p1218": 0.0043372641553813115
"p1219": 0.007167305495812329
"p1220": 6.39769983874033E-05
"p1221": 4.327855773265517E-05
"p1222": 3.7633528463178407E-06
"p1223": 7.5267056926356815E-06
"p1224": 0.010354865356643539
"p1225": 0.00014300740816007796
"p1226": 0.006898225767300602
"p1227": 0.009764018959771636
"p1228": 0.004517905092004568
"p1229": 0
"p1230": 0.0037558261406252045
"p1231": 0.003601528673926173
"p1232": 0
"p1233": 0
"p1234": 0.00015053411385271365
"p1235": 7.5267056926356815E-06
"p1236": 0
"p1237": 0
"p1238": 0
"p1239": 0
"p1240": 0
"p1241": 0
"p1242": 0.00013171734962112442
"p1243": 7.5267056926356815E-06
"p1244": 0
"p1245": 0
"p1246": 0.00019569434800852773
"p1247": 3.7633528463178407E-06
"p1248": 0.004773813085554181
"p1249": 0.0014771159921797524
"p1250": 0.0030991210689427415
"p1251": 0.009764018959771638
"p1252": 3.3870175616860565E-05
"p1253": 3.3870175616860565E-05
"p1254": 3.7633528463178407E-06
"p1255": 7.5267056926356815E-06
"p1256": 0.005232942132804957
"p1257": 0.00011478226181269412
"p1258": 0.0024141908509128945
"p1259": 0.005534010360510385
"p1260": 0.0037558261406252045
"p1261": 0.00019569434800852773
"p1262": 0.0016671653109188035
"p1263": 0.004004207428482183
"p1264": 0.0026851522558477793
"p1265": 1.6935087808430282E-05
"p1266": 0.005483205097085094
"p1267": 0.0036015286739261745
"p1268": 1.6935087808430282E-05
"p1269": 1.6935087808430282E-05
"p1270": 1.8816764231589204E-06
"p1271": 3.7633528463178407E-06
"p1272": 0.005483205097085094
"p1273": 1.8816764231589204E-06
"p1274": 0.005605514064590423
"p1275": 0.004004207428482182
