"p1213": 0.0012908300262870192
"p1214": 0.0100726138931697
"p1215": 0.019543091330928547
"p1216": 0.0003085949333980629
"p1217": 0.00015429746669903143
"p1218": 0.0009295481530405068
"p1219": 0.000684930218029847
"p1220": 0
"p1221": 1.8816764231589203E-05
"p1222": 7.5267056926356815E-06
"p1223": 2.0698440654748124E-05
"p1224": 8.279376261899247E-05
"p1225": 3.7633528463178407E-05
"p1226": 0.000333056726899129
"p1227": 0.0003180033155138575
"p1228": 7.150370408003898E-05
"p1229": 0.00014488908458323683
"p1230": 0.00039327037244021434
"p1231": 0.000284133139896997
"p1232": 0.00039515204886337327
"p1233": 0.0002220378179327526
"p1234": 0.0023784389988728756
"p1235": 0.0012757766149017477
"p1236": 0
"p1237": 4.139688130949625E-05
"p1238": 1.8816764231589203E-05
"p1239": 5.080526342529084E-05
"p1240": 0.00011854561465901199
"p1241": 7.150370408003898E-05
"p1242": 0.0018195811011946757
"p1243": 0.0012908300262870194
"p1244": 0.00014488908458323686
"p1245": 0.00017875926020009746
"p1246": 0.001757485779230431
"p1247": 0.0008975596538468049
"p1248": 0.0015881349011461288
"p1249": 0.004700427705050983
"p1250": 0.003985390664250594
"p1251": 0.010230674712715049
"p1252": 0
"p1253": 7.903040977267465E-05
"p1254": 1.3171734962112442E-05
"p1255": 4.327855773265517E-05
"p1256": 0.0006134265139498081
"p1257": 0.0023351604411402196
"p1258": 0.002766064342043613
"p1259": 0.0100726138931697
"p1260": 0.00039327037244021434
"p1261": 0.001757485779230431
"p1262": 0.002252366678521228
"p1263": 0.006401463191586646
"p1264": 0.0013792688181754884
"p1265": 0.0024612327614918672
"p1266": 0.006986664559189073
"p1267": 0.009080970418164951
"p1268": 0
"p1269": 8.091208619583358E-05
"p1270": 2.0698440654748128E-05
"p1271": 0.00010349220327374062
"p1272": 0.0007225637464930253
"p1273": 0.002256130031367545
"p1274": 0.010034980364706526
"p1275": 0.01954309133092855
