"p1213": 0.0012023912343985498
"p1214": 0.007494717193441979
"p1215": 0.015516303785368458
"p1216": 8.467543904215141E-05
"p1217": 6.585867481056221E-05
"p1218": 0.0004120871366718036
"p1219": 0.00030294990412858613
"p1220": 0.0003481101382844003
"p1221": 0.00017311423093062064
"p1222": 0.0010217502977752939
"p1223": 0.0007507888928404092
"p1224": 5.645029269476761E-06
"p1225": 0
"p1226": 3.0106822770542726E-05
"p1227": 8.091208619583358E-05
"p1228": 1.8816764231589203E-05
"p1229": 0.00011666393823585303
"p1230": 0.0001919309951622099
"p1231": 0.0001542974666990315
"p1232": 0.00013548070246744226
"p1233": 0.0001204272910821709
"p1234": 0.0017123255450746176
"p1235": 0.000920139770924712
"p1236": 0.00041773216594128033
"p1237": 0.0002464996114338186
"p1238": 0.0027717093713130895
"p1239": 0.0013472803189817871
"p1240": 3.575185204001949E-05
"p1241": 1.6935087808430286E-05
"p1242": 0.0007018653058382772
"p1243": 0.0006096631611034902
"p1244": 5.456861627160869E-05
"p1245": 0.0001298356731979655
"p1246": 0.0008317009790362428
"p1247": 0.0005739113090634708
"p1248": 0.0005249877220613389
"p1249": 0.0021469927988243278
"p1250": 0.002451824379376073
"p1251": 0.007421331812938782
"p1252": 0.0018685046881968077
"p1253": 0.005526483654817749
"p1254": 0.004756877997745751
"p1255": 0.01240589265788676
"p1256": 9.220214473478709E-05
"p1257": 0.0004214955187875981
"p1258": 0.0007714873334951574
"p1259": 0.0034641662950355727
"p1260": 6.962202765688006E-05
"p1261": 0.0007357354814551379
"p1262": 0.0007620789513793628
"p1263": 0.0023389237939865385
"p1264": 0.0005626212505245172
"p1265": 0.0018233444540409938
"p1266": 0.005716532973556801
"p1267": 0.010048152099668634
"p1268": 0.0014921694035650236
"p1269": 0.002705850696502527
"p1270": 0.00967558016788317
"p1271": 0.011826336319553817
"p1272": 0.00014677076100639576
"p1273": 0.0004647740765202533
"p1274": 0.0036353988495430346
"p1275": 0.0085428109611415
