"p1213": 0.001066910531931108
"p1214": 1.5053411385271363E-05
"p1215": 6.397699838740328E-05
"p1216": 0.00106314717908479
"p1217": 0.003353147386069196
"p1218": 0.00042525887163391606
"p1219": 0.0023257520590244255
"p1220": 0.0011704027352048482
"p1221": 0.0030539608347869276
"p1222": 0.0005099343106760674
"p1223": 0.002903426720934214
"p1224": 0.0004214955187875982
"p1225": 0.0021375844167085337
"p1226": 8.843879188846926E-05
"p1227": 0.0004892358700213193
"p1228": 0.00028789649274331484
"p1229": 0.0009408382115794603
"p1230": 3.3870175616860565E-05
"p1231": 0.00034246510901492347
"p1232": 0.0027227857843109575
"p1233": 0.005778628295521044
"p1234": 0.0011666393823585306
"p1235": 0.002903426720934214
"p1236": 0.0022881185305612464
"p1237": 0.004021142516290613
"p1238": 0.00120239123439855
"p1239": 0.003449112883650301
"p1240": 0.0022034430915190955
"p1241": 0.006179425373653894
"p1242": 0.0005550945448318816
"p1243": 0.0010669105319311076
"p1244": 0.0009408382115794603
"p1245": 0.0024123091744897357
"p1246": 0.00017123255450746176
"p1247": 0.000611544837526649
"p1248": 0.00020510273012432228
"p1249": 0.0007921857741499054
"p1250": 5.833196911792653E-05
"p1251": 0.0004892358700213193
"p1252": 0.0004064421074023268
"p1253": 0.0014582992279481633
"p1254": 0.00010537387969689954
"p1255": 0.001066910531931108
"p1256": 5.080526342529084E-05
"p1257": 0.000259671346395931
"p1258": 3.7633528463178407E-06
"p1259": 1.5053411385271361E-05
"p1260": 3.387017561686057E-05
"p1261": 0.00017123255450746176
"p1262": 5.645029269476761E-06
"p1263": 6.397699838740328E-05
"p1264": 0.0009483649172720959
"p1265": 0.0011515859709732592
"p1266": 0.0005362777806002923
"p1267": 0.00034246510901492347
"p1268": 0.0011515859709732592
"p1269": 0.0011986278815522323
"p1270": 0.0008053575091120179
"p1271": 0.0006115448375266492
"p1272": 0.0005362777806002923
"p1273": 0.000805357509112018
"p1274": 0.00019004931873905096
"p1275": 6.397699838740328E-05
