"p1213": 0
"p1214": 0.00042525887163391606
"p1215": 0.00016558752523798497
"p1216": 0.000306713256974904
"p1217": 0.00013548070246744226
"p1218": 0.00013548070246744229
"p1219": 0.00024273625858750074
"p1220": 2.2580117077907045E-05
"p1221": 0
"p1222": 0
"p1223": 0
"p1224": 0.005513311919855637
"p1225": 0.0005889647204487421
"p1226": 0.0033079871519133817
"p1227": 0.007534232398328318
"p1228": 0.001134650883164829
"p1229": 4.8923587002131926E-05
"p1230": 0.0006548233952593041
"p1231": 0.0009747083871963206
"p1232": 0.0008166475676509714
"p1233": 0.00016370584881482606
"p1234": 0.00034246510901492347
"p1235": 0.0006040181318340134
"p1236": 0.00015806081954534932
"p1237": 0
"p1238": 9.408382115794602E-06
"p1239": 1.8816764231589203E-05
"p1240": 0.012533846654661568
"p1241": 0.0004911175464444781
"p1242": 0.008390395170865626
"p1243": 0.013811504945986475
"p1244": 0.002271183442752817
"p1245": 0
"p1246": 0.0017518407499609548
"p1247": 0.0014827610214492293
"p1248": 4.8923587002131926E-05
"p1249": 0
"p1250": 1.1290058538953523E-05
"p1251": 6.39769983874033E-05
"p1252": 0
"p1253": 0
"p1254": 0
"p1255": 0
"p1256": 0.0016257684296093072
"p1257": 0.00015429746669903146
"p1258": 0.0007338538050319788
"p1259": 0.001964470185777913
"p1260": 0.00033117505047597004
"p1261": 3.7633528463178407E-06
"p1262": 0.00013171734962112442
"p1263": 0.0001768775837769385
"p1264": 0.00025026296428013644
"p1265": 3.3870175616860565E-05
"p1266": 9.408382115794602E-05
"p1267": 0.0001787592602000974
"p1268": 3.7633528463178407E-05
"p1269": 0
"p1270": 1.8816764231589204E-06
"p1271": 3.7633528463178407E-06
"p1272": 0.0027491292542351823
"p1273": 2.4461793501065963E-05
"p1274": 0.0036655056723135767
"p1275": 0.0016746920166114388
