"p1213": 2.2580117077907045E-05
"p1214": 0.011060494015328135
"p1215": 0.002171454592325394
"p1216": 0.00013359902604428335
"p1217": 0
"p1218": 0.0008580444489604676
"p1219": 9.596549758110495E-05
"p1220": 0.0005852013676024241
"p1221": 0
"p1222": 0.001136532559587988
"p1223": 0.00031423996266753966
"p1224": 0.0019456534215463233
"p1225": 0.0001016105268505817
"p1226": 0.007596327720292562
"p1227": 0.0043128023618802455
"p1228": 0.003251536859218614
"p1229": 0.0005231060456381798
"p1230": 0.007707346629258939
"p1231": 0.006871882297376378
"p1232": 0.00021451111224011688
"p1233": 0
"p1234": 0.002329515411870743
"p1235": 0.00045912904725077655
"p1236": 0.0006774035123372111
"p1237": 0
"p1238": 0.0019757602443168662
"p1239": 0.0006228348960656026
"p1240": 0.0021770996215948702
"p1241": 6.962202765688006E-05
"p1242": 0.01705551509951246
"p1243": 0.009065917006779679
"p1244": 0.0023991374395276235
"p1245": 0.00031423996266753966
"p1246": 0.0149235757120734
"p1247": 0.008969951509198574
"p1248": 3.7633528463178407E-06
"p1249": 0
"p1250": 9.032046831162818E-05
"p1251": 5.645029269476761E-06
"p1252": 0.00018252261304641527
"p1253": 0
"p1254": 0.00028789649274331473
"p1255": 2.6343469924224884E-05
"p1256": 0.0004892358700213193
"p1257": 1.6935087808430286E-05
"p1258": 0.0018289894833104705
"p1259": 0.000846754390421514
"p1260": 0.0017367873385756834
"p1261": 0.00021451111224011693
"p1262": 0.004399359477345557
"p1263": 0.0033117505047596993
"p1264": 5.080526342529085E-05
"p1265": 0
"p1266": 0.0005118159870992264
"p1267": 0.00012607232035164766
"p1268": 0.0002107477593937991
"p1269": 0
"p1270": 0.0006416516602971917
"p1271": 0.00013359902604428333
"p1272": 0.00020133937727800444
"p1273": 5.645029269476761E-06
"p1274": 0.004858488524596333
"p1275": 0.0009634183286573672
