"p1213": 0
"p1214": 0.002273065119175976
"p1215": 0.0032007315957933236
"p1216": 0.0002747247577812024
"p1217": 5.645029269476761E-06
"p1218": 0.000353755167553877
"p1219": 0.00027660643420436126
"p1220": 0
"p1221": 0
"p1222": 0
"p1223": 0
"p1224": 0.00021827446508643477
"p1225": 0
"p1226": 0.00025778966997277205
"p1227": 0.0001674692016611439
"p1228": 9.220214473478711E-05
"p1229": 0
"p1230": 6.774035123372114E-05
"p1231": 6.021364554108545E-05
"p1232": 0.0007921857741499054
"p1233": 1.6935087808430282E-05
"p1234": 0.001322818525480721
"p1235": 0.0005400411334466102
"p1236": 2.2580117077907045E-05
"p1237": 1.6935087808430282E-05
"p1238": 1.8816764231589204E-06
"p1239": 3.7633528463178407E-06
"p1240": 0.0011628760295122127
"p1241": 1.8816764231589204E-06
"p1242": 0.0014470091694092097
"p1243": 0.0003349384033222878
"p1244": 0.0006002547789876957
"p1245": 3.7633528463178407E-06
"p1246": 0.0006943386001456418
"p1247": 0.00026907972851172553
"p1248": 0.0025233280834561123
"p1249": 0.0006830485416066881
"p1250": 0.001584371548299811
"p1251": 0.004890477023790035
"p1252": 4.516023415581409E-05
"p1253": 3.3870175616860565E-05
"p1254": 3.7633528463178407E-06
"p1255": 7.5267056926356815E-06
"p1256": 0.004574355384699336
"p1257": 6.0213645541085445E-05
"p1258": 0.002258011707790704
"p1259": 0.004436993005808734
"p1260": 0.001774420867038862
"p1261": 7.526705692635681E-05
"p1262": 0.000895677977423646
"p1263": 0.0015279212556050434
"p1264": 0.002971167072167935
"p1265": 0.0003895070195938965
"p1266": 0.002585423405420356
"p1267": 0.005247995544190229
"p1268": 7.526705692635681E-05
"p1269": 4.327855773265517E-05
"p1270": 3.7633528463178407E-06
"p1271": 7.5267056926356815E-06
"p1272": 0.009865629486622217
"p1273": 0.00010161052685058169
"p1274": 0.006011956171992751
"p1275": 0.009139302387282878
