"p1213": 3.7633528463178407E-06
"p1214": 0.0036542156137746237
"p1215": 0.0025252097598792707
"p1216": 0.00029354152201279153
"p1217": 3.7633528463178407E-05
"p1218": 0.000333056726899129
"p1219": 0.0001862859658927331
"p1220": 2.8225146347383805E-05
"p1221": 0
"p1222": 1.8816764231589204E-06
"p1223": 3.7633528463178407E-06
"p1224": 0.0022015614150959367
"p1225": 1.8816764231589203E-05
"p1226": 0.004248825363492843
"p1227": 0.001456417551525004
"p1228": 0.0006679951302214167
"p1229": 3.7633528463178407E-06
"p1230": 0.001319055172634403
"p1231": 0.0002784881106275202
"p1232": 0
"p1233": 0
"p1234": 1.1290058538953523E-05
"p1235": 3.7633528463178407E-06
"p1236": 0
"p1237": 0
"p1238": 0
"p1239": 0
"p1240": 0
"p1241": 0
"p1242": 0.00016182417239166716
"p1243": 1.8816764231589203E-05
"p1244": 0
"p1245": 0
"p1246": 4.139688130949625E-05
"p1247": 0
"p1248": 0.0015975432832619233
"p1249": 0.0005833196911792653
"p1250": 0.0009596549758110494
"p1251": 0.0014564175515250043
"p1252": 0.00015241579027587253
"p1253": 0
"p1254": 9.408382115794602E-06
"p1255": 1.8816764231589203E-05
"p1256": 0.024055351393663636
"p1257": 0.0022787101484454523
"p1258": 0.016795843753116525
"p1259": 0.031988499193701656
"p1260": 0.007280206081201863
"p1261": 0.00011666393823585305
"p1262": 0.004896122053059511
"p1263": 0.006456031807858255
"p1264": 0.0006096631611034902
"p1265": 0
"p1266": 0.0006981019529919596
"p1267": 0.0002784881106275202
"p1268": 0
"p1269": 0
"p1270": 0
"p1271": 0
"p1272": 0.006224585607809708
"p1273": 0
"p1274": 0.008260559497667661
"p1275": 0.006456031807858255
