"p1213": 0
"p1214": 0.003650452260928306
"p1215": 0.0005513311919855637
"p1216": 0.0005475678391392458
"p1217": 0
"p1218": 0.0012795399677480654
"p1219": 0.00025778966997277205
"p1220": 0
"p1221": 0
"p1222": 0.00016746920166114393
"p1223": 1.8816764231589203E-05
"p1224": 0.003221430036448072
"p1225": 0.00028225146347383805
"p1226": 0.019426427392692694
"p1227": 0.01094571175351544
"p1228": 0.0002559079935496132
"p1229": 0
"p1230": 0.003306105475490223
"p1231": 0.0011177157953563986
"p1232": 0
"p1233": 0
"p1234": 0
"p1235": 0
"p1236": 0
"p1237": 0
"p1238": 0
"p1239": 0
"p1240": 0
"p1241": 0
"p1242": 5.645029269476761E-05
"p1243": 0
"p1244": 0
"p1245": 0
"p1246": 7.903040977267465E-05
"p1247": 0
"p1248": 0.0003424651090149235
"p1249": 0
"p1250": 0.0004948808992907962
"p1251": 5.833196911792653E-05
"p1252": 0
"p1253": 0
"p1254": 2.2580117077907045E-05
"p1255": 0
"p1256": 0.0035733035275787896
"p1257": 0.00045536569440445885
"p1258": 0.00840356690582774
"p1259": 0.0062020054907318024
"p1260": 0.000611544837526649
"p1261": 2.2580117077907045E-05
"p1262": 0.0019362450394305292
"p1263": 0.0010970173547016505
"p1264": 0.0002107477593937991
"p1265": 0
"p1266": 0.00044783898871182296
"p1267": 0.00015053411385271363
"p1268": 0
"p1269": 0
"p1270": 3.9515204886337324E-05
"p1271": 3.7633528463178407E-06
"p1272": 0.0006416516602971917
"p1273": 3.3870175616860565E-05
"p1274": 0.011068020721020769
"p1275": 0.0036786774072756897
