"p1213": 0
"p1214": 0.01183574470166961
"p1215": 0.0021620462102095992
"p1216": 0.001766894161346226
"p1217": 6.962202765688006E-05
"p1218": 0.008992531626276482
"p1219": 0.0055415370662030205
"p1220": 0.0024330076151444836
"p1221": 0.0003180033155138575
"p1222": 0.009493057554836754
"p1223": 0.006625382685942559
"p1224": 0.0004647740765202533
"p1225": 0
"p1226": 0.00786352577238113
"p1227": 0.0030671325697490394
"p1228": 0.0006002547789876957
"p1229": 0
"p1230": 0.004051249339061156
"p1231": 0.0009653000050805262
"p1232": 3.7633528463178407E-06
"p1233": 0
"p1234": 0.00013548070246744226
"p1235": 3.7633528463178407E-06
"p1236": 3.7633528463178407E-06
"p1237": 0
"p1238": 0.00022203781793275263
"p1239": 3.7633528463178407E-06
"p1240": 0
"p1241": 0
"p1242": 4.516023415581409E-05
"p1243": 0
"p1244": 3.7633528463178407E-06
"p1245": 0
"p1246": 7.526705692635681E-05
"p1247": 0
"p1248": 0.0019494167743926416
"p1249": 0.00011854561465901199
"p1250": 0.004675965911549917
"p1251": 0.0030445524526711326
"p1252": 0.005140739988070171
"p1253": 0.000829819302613084
"p1254": 0.010014281924051776
"p1255": 0.009564561258916792
"p1256": 0.0003594001968233538
"p1257": 0
"p1258": 0.002145111122401169
"p1259": 0.0008298193026130838
"p1260": 0.0006943386001456418
"p1261": 0
"p1262": 0.00224860332567491
"p1263": 0.0009126130652320763
"p1264": 0.0004421939594423463
"p1265": 5.645029269476761E-06
"p1266": 0.00702429808765225
"p1267": 0.002811224576199427
"p1268": 0.0009013230066931227
"p1269": 3.198849919370165E-05
"p1270": 0.011024742163288116
"p1271": 0.004523550121274045
"p1272": 7.903040977267465E-05
"p1273": 0
"p1274": 0.004023024192713771
"p1275": 0.0009276664766173478
