"p1213": 5.833196911792652E-05
"p1214": 0.0005042892814065906
"p1215": 0.0010725555612005847
"p1216": 0.0002897781691664738
"p1217": 0.0012362614100154107
"p1218": 0.0012851849970175423
"p1219": 0.004429466300116099
"p1220": 0.0005080526342529085
"p1221": 0.0020698440654748126
"p1222": 0.0014507725222555276
"p1223": 0.004453928093617165
"p1224": 4.139688130949624E-05
"p1225": 0.00023144620004854718
"p1226": 0.00047982748790552463
"p1227": 0.0023163436769086305
"p1228": 4.327855773265517E-05
"p1229": 0.00031423996266753966
"p1230": 0.00030483158055174517
"p1231": 0.0010029335335437046
"p1232": 0.00038386199032441974
"p1233": 0.0014112573173691901
"p1234": 0.003546960057654566
"p1235": 0.007383698284475603
"p1236": 0.0007018653058382772
"p1237": 0.0017612491320767492
"p1238": 0.0032007315957933236
"p1239": 0.0058237885296768595
"p1240": 0.00010161052685058169
"p1241": 0.00034246510901492347
"p1242": 0.0026663354916161897
"p1243": 0.006864355591683741
"p1244": 6.585867481056221E-05
"p1245": 0.0004534840179812998
"p1246": 0.001110189089663763
"p1247": 0.0025063929956476816
"p1248": 5.833196911792652E-05
"p1249": 0.00022580117077907044
"p1250": 0.0002389729057411829
"p1251": 0.0009690633579268438
"p1252": 0.00015617914312219037
"p1253": 0.0007263270993393432
"p1254": 0.00044783898871182307
"p1255": 0.001938126715853688
"p1256": 0
"p1257": 1.1290058538953523E-05
"p1258": 5.456861627160869E-05
"p1259": 0.00026719805208856665
"p1260": 5.645029269476761E-06
"p1261": 5.268693984844976E-05
"p1262": 3.763352846317841E-05
"p1263": 0.0001749959073537796
"p1264": 0.00016182417239166713
"p1265": 0.0001580608195453493
"p1266": 0.0012757766149017477
"p1267": 0.0012870666734407015
"p1268": 0.0003688085789391484
"p1269": 0.0002671980520885667
"p1270": 0.0015599097547987452
"p1271": 0.0015298029320282023
"p1272": 3.010682277054273E-05
"p1273": 1.5053411385271363E-05
"p1274": 0.0006774035123372115
"p1275": 0.000826055949766766
