"p1213": 0.00014488908458323683
"p1214": 0.0009577732993878904
"p1215": 0.003099121068942742
"p1216": 0.0003951520488633733
"p1217": 0.0014225473759081437
"p1218": 0.0032421284771028203
"p1219": 0.007078866703923858
"p1220": 0.0007244454229161843
"p1221": 0.001772539190615703
"p1222": 0.00292788851443528
"p1223": 0.005477560067815619
"p1224": 0.00010161052685058169
"p1225": 0.00034246510901492347
"p1226": 0.002310698647639154
"p1227": 0.006358184633853992
"p1228": 6.585867481056221E-05
"p1229": 0.0004647740765202534
"p1230": 0.0009314298294636655
"p1231": 0.0022053247679422548
"p1232": 0
"p1233": 0
"p1234": 5.645029269476761E-05
"p1235": 0
"p1236": 0
"p1237": 0
"p1238": 2.2580117077907045E-05
"p1239": 0
"p1240": 0
"p1241": 0
"p1242": 3.387017561686057E-05
"p1243": 0
"p1244": 0
"p1245": 0
"p1246": 2.2580117077907045E-05
"p1247": 0
"p1248": 0.0002954231984359505
"p1249": 0.0013792688181754886
"p1250": 0.0010085785628131813
"p1251": 0.003951520488633732
"p1252": 0.0006642317773750989
"p1253": 0.0029824571307068884
"p1254": 0.0016332951353019427
"p1255": 0.006416516602971918
"p1256": 3.7633528463178407E-05
"p1257": 0.0002220378179327526
"p1258": 0.0004459573122886641
"p1259": 0.0016088333418008767
"p1260": 4.139688130949625E-05
"p1261": 0.0003180033155138575
"p1262": 0.0002784881106275202
"p1263": 0.0009144947416552352
"p1264": 0.00020322105370116337
"p1265": 0.0003123582862443808
"p1266": 0.002105595917514832
"p1267": 0.0036278721438503985
"p1268": 0.0003650452260928305
"p1269": 0.0004214955187875982
"p1270": 0.00214322944597801
"p1271": 0.0029297701908584392
"p1272": 3.3870175616860565E-05
"p1273": 3.575185204001948E-05
"p1274": 0.001089490649009015
"p1275": 0.0024179542037592126
