"p1213": 0.0001768775837769385
"p1214": 0.0019983403613947734
"p1215": 0.005232942132804957
"p1216": 9.408382115794602E-06
"p1217": 0.0002464996114338186
"p1218": 0.00043843060659602847
"p1219": 0.001787592602000974
"p1220": 4.7041910578973015E-05
"p1221": 0.0006567050716824631
"p1222": 0.0003744536082086252
"p1223": 0.0010066968863900222
"p1224": 0.000496762575713955
"p1225": 0.0017217339271904122
"p1226": 0.004952572345754279
"p1227": 0.01221960669199403
"p1228": 0.0007338538050319788
"p1229": 0.0017160888979209348
"p1230": 0.003441586177957665
"p1231": 0.006905752472993237
"p1232": 0
"p1233": 0
"p1234": 1.1290058538953523E-05
"p1235": 0
"p1236": 0
"p1237": 0
"p1238": 0
"p1239": 0
"p1240": 0
"p1241": 0
"p1242": 9.032046831162814E-05
"p1243": 0
"p1244": 0
"p1245": 0
"p1246": 3.3870175616860565E-05
"p1247": 0
"p1248": 0
"p1249": 0.000165587525237985
"p1250": 3.9515204886337324E-05
"p1251": 0.00019945770085484557
"p1252": 3.7633528463178407E-06
"p1253": 0.00044407563586550526
"p1254": 8.843879188846926E-05
"p1255": 0.00038198031390126086
"p1256": 0.00032176666836017544
"p1257": 0.0015222762263355665
"p1258": 0.0014225473759081437
"p1259": 0.0053703045116955585
"p1260": 0.0006792851887603702
"p1261": 0.0029617586900521405
"p1262": 0.0017932376312704509
"p1263": 0.00697349282422696
"p1264": 1.8816764231589203E-05
"p1265": 4.516023415581409E-05
"p1266": 0.0002766064342043613
"p1267": 0.0008128842148046535
"p1268": 5.080526342529085E-05
"p1269": 0.0002107477593937991
"p1270": 0.0002013393772780045
"p1271": 0.0003236483447833343
"p1272": 0.00022580117077907044
"p1273": 0.00033117505047596993
"p1274": 0.0028394497225468105
"p1275": 0.005251758897036547
