"p1213": 0
"p1214": 0.005488850126354571
"p1215": 0.006008192819146433
"p1216": 0.00024085458216434178
"p1217": 0
"p1218": 0.00042714054805707494
"p1219": 0.0002577896699727721
"p1220": 0.0005438044862929281
"p1221": 1.5053411385271363E-05
"p1222": 0.0010537387969689954
"p1223": 0.0006868118944530059
"p1224": 8.091208619583358E-05
"p1225": 0
"p1226": 3.010682277054273E-05
"p1227": 9.408382115794602E-06
"p1228": 0.00014865243742955472
"p1229": 0
"p1230": 0.00019004931873905096
"p1231": 0.0001486524374295547
"p1232": 0.0008693345074994212
"p1233": 5.645029269476761E-06
"p1234": 0.0017706575141925441
"p1235": 0.0005080526342529085
"p1236": 0.0010988990311248097
"p1237": 3.7633528463178407E-05
"p1238": 0.0029674037193216174
"p1239": 0.0009822350928889564
"p1240": 0.00059272807329506
"p1241": 0
"p1242": 0.000683048541606688
"p1243": 0.00016370584881482604
"p1244": 0.0005739113090634708
"p1245": 0
"p1246": 0.0008241742733436071
"p1247": 0.0002427362585875007
"p1248": 0.004261997098454955
"p1249": 0.00023144620004854718
"p1250": 0.002419835880182371
"p1251": 0.005946097497182189
"p1252": 0.005968677614260096
"p1253": 0.0013303452311733566
"p1254": 0.004248825363492842
"p1255": 0.010680395377850031
"p1256": 0.0024649961143381853
"p1257": 0
"p1258": 0.00094083821157946
"p1259": 0.001356688701097581
"p1260": 0.001719852250767253
"p1261": 7.903040977267465E-05
"p1262": 0.0007507888928404091
"p1263": 0.0012569598506701586
"p1264": 0.005902818939449533
"p1265": 0.00014300740816007796
"p1266": 0.005078644666105926
"p1267": 0.007729926746336843
"p1268": 0.0061098033459970145
"p1269": 0.0005870830440255832
"p1270": 0.009336878411714563
"p1271": 0.009886327927276967
"p1272": 0.006075933170380155
"p1273": 0
"p1274": 0.0030539608347869276
"p1275": 0.00404184095694536
