"p1213": 0.00983175931100536
"p1214": 0.0008881512717310103
"p1215": 0.0011478226181269413
"p1216": 0.0015072228149502953
"p1217": 0.0009427198880026192
"p1218": 0.0011873378230132787
"p1219": 0.0006153081903729669
"p1220": 1.8816764231589203E-05
"p1221": 7.150370408003896E-05
"p1222": 0
"p1223": 0
"p1224": 0.0013359902604428333
"p1225": 0.001224971351476457
"p1226": 0.00066235010095194
"p1227": 0.00023144620004854718
"p1228": 0.0013265818783270386
"p1229": 0.0008505177432678317
"p1230": 0.0004760641350592068
"p1231": 0.000259671346395931
"p1232": 5.2686939848449775E-05
"p1233": 0
"p1234": 5.6450292694767617E-05
"p1235": 1.8816764231589203E-05
"p1236": 0
"p1237": 0
"p1238": 0
"p1239": 0
"p1240": 7.5267056926356815E-06
"p1241": 0
"p1242": 1.1290058538953523E-05
"p1243": 0
"p1244": 4.139688130949625E-05
"p1245": 0
"p1246": 1.1290058538953523E-05
"p1247": 3.7633528463178407E-06
"p1248": 0.006139910168767559
"p1249": 0.012086007665949748
"p1250": 0.0032891703876817926
"p1251": 0.013032490906798682
"p1252": 2.6343469924224884E-05
"p1253": 0.00021074775939379904
"p1254": 0
"p1255": 0
"p1256": 0.007927502770768532
"p1257": 0.019987166966794055
"p1258": 0.002871438221740512
"p1259": 0.00847130725706146
"p1260": 0.004841553436787903
"p1261": 0.01021373962490662
"p1262": 0.0016596386052261677
"p1263": 0.004167913277297009
"p1264": 0.002833804693277334
"p1265": 0.003176269802292258
"p1266": 0.0019155465987757807
"p1267": 0.001089490649009015
"p1268": 1.8816764231589207E-05
"p1269": 7.33853805031979E-05
"p1270": 0
"p1271": 0
"p1272": 0.0024725228200308215
"p1273": 0.00618695207934653
"p1274": 0.0008730978603457391
"p1275": 0.001159112676665895
