"p1213": 0.0007131553643772307
"p1214": 0.006203887167154962
"p1215": 0.012974158937680757
"p1216": 1.8816764231589203E-05
"p1217": 4.704191057897301E-05
"p1218": 0.00023144620004854718
"p1219": 0.0002897781691664738
"p1220": 5.456861627160869E-05
"p1221": 0.00018440428946957422
"p1222": 0.00034058343259176464
"p1223": 0.00030294990412858613
"p1224": 0.00015994249596850823
"p1225": 0.00012042729108217089
"p1226": 0.002194034709403301
"p1227": 0.0012682499092091125
"p1228": 0.00042714054805707494
"p1229": 0.00021262943581695798
"p1230": 0.003008800600631114
"p1231": 0.0016295317824556249
"p1232": 0
"p1233": 0
"p1234": 3.7633528463178407E-06
"p1235": 0
"p1236": 0
"p1237": 3.7633528463178407E-06
"p1238": 1.1290058538953523E-05
"p1239": 0
"p1240": 0
"p1241": 0
"p1242": 3.0106822770542726E-05
"p1243": 0
"p1244": 1.1290058538953523E-05
"p1245": 7.5267056926356815E-06
"p1246": 0.00012419064392848875
"p1247": 1.1290058538953523E-05
"p1248": 9.408382115794602E-06
"p1249": 0.0004628924000970944
"p1250": 0.0006548233952593043
"p1251": 0.002231668237866479
"p1252": 0.00010725555612005845
"p1253": 0.0018967298345441918
"p1254": 0.0009728267107731617
"p1255": 0.0021733362687485526
"p1256": 0.0012362614100154103
"p1257": 0.004576237061122494
"p1258": 0.00913177568159024
"p1259": 0.022627158988486017
"p1260": 0.0032985787697975876
"p1261": 0.008638776458722602
"p1262": 0.011884668288671742
"p1263": 0.024911514166200948
"p1264": 0
"p1265": 3.7633528463178407E-06
"p1266": 0.00024838128785697745
"p1267": 0.0007808957156109519
"p1268": 7.5267056926356815E-06
"p1269": 0.00021262943581695803
"p1270": 0.0005532128684087226
"p1271": 0.0008599261253836267
"p1272": 0.00016935087808430283
"p1273": 0.0003368200797454468
"p1274": 0.003187559860831211
"p1275": 0.006399581515163488
