"p1213": 0
"p1214": 0.024362064650638546
"p1215": 0.0069603210892648475
"p1216": 0.0001505341138527136
"p1217": 2.4461793501065966E-05
"p1218": 0.0014394824637165742
"p1219": 0.0004892358700213194
"p1220": 1.8816764231589203E-05
"p1221": 0
"p1222": 2.8225146347383805E-05
"p1223": 0
"p1224": 3.7633528463178407E-05
"p1225": 0
"p1226": 0.000637888307450874
"p1227": 0.00011854561465901197
"p1228": 0.00014488908458323683
"p1229": 0
"p1230": 0.0006567050716824632
"p1231": 9.408382115794603E-05
"p1232": 0.0002333278764717061
"p1233": 2.8225146347383805E-05
"p1234": 0.0035676584983093135
"p1235": 0.0007225637464930254
"p1236": 4.139688130949625E-05
"p1237": 0
"p1238": 6.585867481056221E-05
"p1239": 3.7633528463178407E-06
"p1240": 7.150370408003898E-05
"p1241": 1.8816764231589204E-06
"p1242": 0.0030765409518648352
"p1243": 0.0002897781691664737
"p1244": 0.00017875926020009746
"p1245": 3.7633528463178407E-06
"p1246": 0.002628701963153012
"p1247": 0.0002483812878569775
"p1248": 0.004017379163444295
"p1249": 0.000733853805031979
"p1250": 0.007765678598376864
"p1251": 0.008130723824469693
"p1252": 7.903040977267465E-05
"p1253": 0
"p1254": 4.892358700213193E-05
"p1255": 7.5267056926356815E-06
"p1256": 0.0022693017663296573
"p1257": 6.585867481056221E-05
"p1258": 0.009090378800280744
"p1259": 0.004615752266008831
"p1260": 0.0017047988393819814
"p1261": 5.2686939848449775E-05
"p1262": 0.0061963604614623255
"p1263": 0.0029674037193216174
"p1264": 0.0022260232085970022
"p1265": 0.0003180033155138575
"p1266": 0.010926894989283852
"p1267": 0.007137198673041786
"p1268": 8.091208619583358E-05
"p1269": 0
"p1270": 0.00011666393823585305
"p1271": 7.5267056926356815E-06
"p1272": 0.0022034430915190955
"p1273": 6.962202765688006E-05
"p1274": 0.02112746287922836
"p1275": 0.01054679635180575
