"p1213": 0.0008298193026130839
"p1214": 0.007603854425985198
"p1215": 0.0144700916940921
"p1216": 9.408382115794602E-06
"p1217": 0.0002747247577812024
"p1218": 0.0006096631611034901
"p1219": 0.0019757602443168662
"p1220": 9.220214473478709E-05
"p1221": 0.0008505177432678317
"p1222": 0.0007507888928404092
"p1223": 0.00132470020190388
"p1224": 0.0006792851887603702
"p1225": 0.0022410766199822737
"p1226": 0.0069979546177280265
"p1227": 0.015064701443810318
"p1228": 0.0013472803189817867
"p1229": 0.002671980520885667
"p1230": 0.006922687560801668
"p1231": 0.010687922083542668
"p1232": 0
"p1233": 0
"p1234": 1.8816764231589203E-05
"p1235": 0
"p1236": 0
"p1237": 3.7633528463178407E-06
"p1238": 1.5053411385271363E-05
"p1239": 0
"p1240": 3.7633528463178407E-06
"p1241": 3.7633528463178407E-06
"p1242": 0.00017687758377693847
"p1243": 3.7633528463178407E-06
"p1244": 3.7633528463178407E-06
"p1245": 3.7633528463178407E-06
"p1246": 0.00023709122931802397
"p1247": 3.7633528463178407E-06
"p1248": 0
"p1249": 0.00018816764231589203
"p1250": 4.704191057897301E-05
"p1251": 0.0002709614049348845
"p1252": 3.7633528463178407E-06
"p1253": 0.0009615366522342083
"p1254": 0.0002446179350106597
"p1255": 0.0008298193026130838
"p1256": 0.0005569762212550405
"p1257": 0.0023483321761023327
"p1258": 0.0022241415321738434
"p1259": 0.007603854425985197
"p1260": 0.0020246838313189982
"p1261": 0.005957387555721141
"p1262": 0.0052668123084218185
"p1263": 0.014470091694092097
"p1264": 1.8816764231589203E-05
"p1265": 5.080526342529085E-05
"p1266": 0.00037445360820862524
"p1267": 0.0010123419156594991
"p1268": 5.080526342529085E-05
"p1269": 0.0003650452260928306
"p1270": 0.0005042892814065906
"p1271": 0.0008655711546531033
"p1272": 0.0003744536082086252
"p1273": 0.0005042892814065906
"p1274": 0.004837790083941584
"p1275": 0.007615144484524152
