"p1213": 0.00038198031390126086
"p1214": 0.005370304511695559
"p1215": 0.006973492824226959
"p1216": 0
"p1217": 0.0001844042894695742
"p1218": 0.00015241579027587256
"p1219": 0.0007470255399940914
"p1220": 7.150370408003898E-05
"p1221": 0.0007997124798425413
"p1222": 0.00036316354966967155
"p1223": 0.0008015941562656999
"p1224": 0.0005249877220613389
"p1225": 0.002047263948396905
"p1226": 0.0026832705794246204
"p1227": 0.008429910375751963
"p1228": 0.0013792688181754886
"p1229": 0.0037200742885851856
"p1230": 0.0037915779926652247
"p1231": 0.00915059244582183
"p1232": 9.408382115794602E-06
"p1233": 0.0002747247577812024
"p1234": 0.0006679951302214167
"p1235": 0.00200398539066425
"p1236": 9.220214473478709E-05
"p1237": 0.0008317009790362426
"p1238": 0.0008222925969204483
"p1239": 0.0015298029320282023
"p1240": 0.0006679951302214168
"p1241": 0.0022297865614433203
"p1242": 0.008025349944772796
"p1243": 0.016411981762792106
"p1244": 0.0013021200848259726
"p1245": 0.002645637050961442
"p1246": 0.008798718954691113
"p1247": 0.012883838469369129
"p1248": 0
"p1249": 3.7633528463178407E-06
"p1250": 9.408382115794602E-06
"p1251": 8.655711546531035E-05
"p1252": 3.7633528463178407E-06
"p1253": 0.00025026296428013644
"p1254": 6.585867481056222E-05
"p1255": 0.0001768775837769385
"p1256": 0.00014488908458323686
"p1257": 0.0005061709578297496
"p1258": 0.0005569762212550406
"p1259": 0.001998340361394773
"p1260": 0.0008072391855351768
"p1261": 0.0019400083922768469
"p1262": 0.0018308711597336293
"p1263": 0.005232942132804957
"p1264": 1.8816764231589203E-05
"p1265": 5.080526342529085E-05
"p1266": 0.00022580117077907047
"p1267": 0.00037821696105494294
"p1268": 4.516023415581409E-05
"p1269": 0.0002107477593937991
"p1270": 0.00033117505047597
"p1271": 0.0003989154017096911
"p1272": 0.00027660643420436126
"p1273": 0.00020133937727800444
"p1274": 0.002839449722546811
"p1275": 0.002416072527336054
