"p1213": 0
"p1214": 0.0008881512717310103
"p1215": 0.0006040181318340135
"p1216": 0.0008166475676509714
"p1217": 0.00016370584881482606
"p1218": 0.000353755167553877
"p1219": 0.0006153081903729669
"p1220": 0.00015806081954534932
"p1221": 0
"p1222": 9.408382115794602E-06
"p1223": 1.8816764231589203E-05
"p1224": 0.01186961487728647
"p1225": 0.0004911175464444781
"p1226": 0.00794820121142328
"p1227": 0.013032490906798682
"p1228": 0.0019306000101610525
"p1229": 0
"p1230": 0.001362333730367058
"p1231": 0.001089490649009015
"p1232": 0
"p1233": 0
"p1234": 0
"p1235": 0
"p1236": 0
"p1237": 0
"p1238": 0
"p1239": 0
"p1240": 0
"p1241": 0
"p1242": 5.645029269476761E-05
"p1243": 0
"p1244": 0
"p1245": 0
"p1246": 7.903040977267465E-05
"p1247": 0
"p1248": 0.00027660643420436126
"p1249": 0.00013548070246744226
"p1250": 0.00011666393823585305
"p1251": 0.00023144620004854718
"p1252": 2.2580117077907045E-05
"p1253": 0
"p1254": 0
"p1255": 0
"p1256": 0.0058840021752179445
"p1257": 0.0008222925969204481
"p1258": 0.0029617586900521405
"p1259": 0.00847130725706146
"p1260": 0.001275776614901748
"p1261": 5.268693984844977E-05
"p1262": 0.0006171898667961258
"p1263": 0.001159112676665895
"p1264": 0.00035187349113071807
"p1265": 3.3870175616860565E-05
"p1266": 0.00011290058538953522
"p1267": 0.000259671346395931
"p1268": 3.7633528463178407E-05
"p1269": 0
"p1270": 1.8816764231589204E-06
"p1271": 3.7633528463178407E-06
"p1272": 0.005517075272701954
"p1273": 1.8816764231589203E-05
"p1274": 0.005761693207712613
"p1275": 0.004167913277297009
