"p1213": 7.5267056926356815E-06
"p1214": 0.003682440760122008
"p1215": 0.0014601809043713223
"p1216": 0.0030106822770542725
"p1217": 0.0008900329481541692
"p1218": 0.0026625721387698725
"p1219": 0.006789088534757385
"p1220": 3.3870175616860565E-05
"p1221": 3.3870175616860565E-05
"p1222": 3.7633528463178407E-06
"p1223": 7.5267056926356815E-06
"p1224": 0.004824618348979471
"p1225": 0.00010161052685058167
"p1226": 0.002645637050961442
"p1227": 0.004892358700213192
"p1228": 0.003091594363250106
"p1229": 0.0001505341138527136
"p1230": 0.0018346345125799474
"p1231": 0.0032214300364480715
"p1232": 0.003927058695132667
"p1233": 0.000543804486292928
"p1234": 0.004596935501777242
"p1235": 0.007511652281250412
"p1236": 6.39769983874033E-05
"p1237": 4.327855773265517E-05
"p1238": 3.7633528463178407E-06
"p1239": 7.5267056926356815E-06
"p1240": 0.011623115265852652
"p1241": 0.00014300740816007796
"p1242": 0.007903040977267467
"p1243": 0.011278768480414569
"p1244": 0.005584815623935676
"p1245": 0
"p1246": 0.004711717763589937
"p1247": 0.004766286379861545
"p1248": 0.001911783245929463
"p1249": 0.00040079707813285
"p1250": 0.0012682499092091125
"p1251": 0.003471693000728208
"p1252": 0
"p1253": 0
"p1254": 0
"p1255": 0
"p1256": 0.0015730814897608573
"p1257": 1.3171734962112442E-05
"p1258": 0.0005550945448318814
"p1259": 0.0011666393823585306
"p1260": 0.0012400247628617284
"p1261": 4.5160234155814084E-05
"p1262": 0.0004403122830191873
"p1263": 0.000995406827851069
"p1264": 0.0015711998133376985
"p1265": 2.2580117077907045E-05
"p1266": 0.004011734134174818
"p1267": 0.0015523830491061094
"p1268": 1.6935087808430282E-05
"p1269": 1.6935087808430282E-05
"p1270": 1.8816764231589204E-06
"p1271": 3.7633528463178407E-06
"p1272": 0.002259893384213863
"p1273": 1.8816764231589204E-06
"p1274": 0.0035657768218861547
"p1275": 0.001390558876714442
