"p1213": 0.004241298657800206
"p1214": 0.0005456861627160869
"p1215": 0.00033493840332228785
"p1216": 0.0003424651090149234
"p1217": 0.0010311586798910882
"p1218": 6.021364554108545E-05
"p1219": 0.00029354152201279153
"p1220": 0
"p1221": 2.2580117077907045E-05
"p1222": 0
"p1223": 0
"p1224": 0.004162268248027533
"p1225": 0.011195974717795577
"p1226": 0.001815817748348358
"p1227": 0.00828125793832241
"p1228": 0.0013359902604428333
"p1229": 0.003740772729239934
"p1230": 0.00041585048951812135
"p1231": 0.0016276501060324662
"p1232": 0.0007112736879540719
"p1233": 0.001674692016611439
"p1234": 0.0001373623788906012
"p1235": 0.0005268693984844977
"p1236": 2.8225146347383808E-05
"p1237": 0.00012983567319796552
"p1238": 0
"p1239": 0
"p1240": 0.010213739624906619
"p1241": 0.021330683932929525
"p1242": 0.004873541935981604
"p1243": 0.010157289332211855
"p1244": 0.0038423832560905155
"p1245": 0.006614092627403604
"p1246": 0.001439482463716574
"p1247": 0.0013152918197880852
"p1248": 5.268693984844977E-05
"p1249": 0.00022956452362538825
"p1250": 1.3171734962112444E-05
"p1251": 0.00014488908458323686
"p1252": 0
"p1253": 0
"p1254": 0
"p1255": 0
"p1256": 0.001776302543462021
"p1257": 0.004630805677394103
"p1258": 0.0005814380147561064
"p1259": 0.003539433351961929
"p1260": 0.00038386199032441974
"p1261": 0.001328463554750198
"p1262": 9.22021447347871E-05
"p1263": 0.0005325144277539745
"p1264": 0.0003123582862443808
"p1265": 0.0004214955187875981
"p1266": 3.575185204001948E-05
"p1267": 0.00016558752523798497
"p1268": 5.645029269476761E-06
"p1269": 3.198849919370165E-05
"p1270": 0
"p1271": 0
"p1272": 0.00461763394243199
"p1273": 0.004216836864299141
"p1274": 0.0030106822770542725
"p1275": 0.0016709286637651211
