"p1213": 0
"p1214": 0.0019644701857779133
"p1215": 0.0001768775837769385
"p1216": 0.0015862532247229698
"p1217": 0.0003180033155138575
"p1218": 0.0028714382217405123
"p1219": 0.0031630980673301454
"p1220": 6.774035123372113E-05
"p1221": 0
"p1222": 4.892358700213193E-05
"p1223": 7.5267056926356815E-06
"p1224": 0.0011948645287059142
"p1225": 3.9515204886337324E-05
"p1226": 0.005622449152398854
"p1227": 0.002767946018466772
"p1228": 0.000684930218029847
"p1229": 2.2580117077907045E-05
"p1230": 0.002169572915902235
"p1231": 0.0011195974717795576
"p1232": 0.0014695892864871167
"p1233": 0.00022768284720222937
"p1234": 0.004907412111598466
"p1235": 0.004371134330998172
"p1236": 8.091208619583358E-05
"p1237": 0
"p1238": 7.903040977267466E-05
"p1239": 7.5267056926356815E-06
"p1240": 0.0017085621922282995
"p1241": 5.080526342529084E-05
"p1242": 0.014929220741342874
"p1243": 0.007549285809713588
"p1244": 0.0005626212505245172
"p1245": 0
"p1246": 0.00482838170182579
"p1247": 0.0017800658963083383
"p1248": 0.0005569762212550404
"p1249": 7.33853805031979E-05
"p1250": 0.0011440592652806236
"p1251": 0.0010179869449289758
"p1252": 0
"p1253": 0
"p1254": 0
"p1255": 0
"p1256": 0.00023897290574118288
"p1257": 0
"p1258": 0.0011572310002427358
"p1259": 0.00042525887163391595
"p1260": 0.0001467707610063958
"p1261": 0
"p1262": 0.0005212243692150209
"p1263": 0.00016558752523798497
"p1264": 0.00025026296428013644
"p1265": 3.7633528463178407E-05
"p1266": 0.0027491292542351823
"p1267": 0.0005475678391392458
"p1268": 3.3870175616860565E-05
"p1269": 0
"p1270": 2.4461793501065966E-05
"p1271": 3.7633528463178407E-06
"p1272": 9.408382115794602E-05
"p1273": 1.8816764231589204E-06
"p1274": 0.0036655056723135767
"p1275": 0.0006265982489119205
