"p1213": 0.00018064093662325636
"p1214": 0.002909071750203691
"p1215": 0.004228126922838095
"p1216": 0.00045536569440445874
"p1217": 0.0017556041028072727
"p1218": 0.0021131226232074672
"p1219": 0.0059272807329506
"p1220": 0.0013397536132891512
"p1221": 0.003688085789391484
"p1222": 0.003481101382844003
"p1223": 0.008094971972429676
"p1224": 8.091208619583355E-05
"p1225": 0.00037069025536230727
"p1226": 0.0006905752472993237
"p1227": 0.0030539608347869276
"p1228": 6.585867481056221E-05
"p1229": 0.0005946097497182189
"p1230": 0.0006585867481056222
"p1231": 0.0018553329532346953
"p1232": 0.0005268693984844977
"p1233": 0.001808291042655722
"p1234": 0.0051877818986491445
"p1235": 0.009303008236097702
"p1236": 0.0012663682327859532
"p1237": 0.002653163756654077
"p1238": 0.007044996528306998
"p1239": 0.009873156192314856
"p1240": 0.00014112573173691902
"p1241": 0.0004647740765202533
"p1242": 0.0035356699991156114
"p1243": 0.00824926943912871
"p1244": 9.220214473478711E-05
"p1245": 0.0005814380147561065
"p1246": 0.002461232761491868
"p1247": 0.003912005283747395
"p1248": 0.00013359902604428333
"p1249": 0.0004553656944044586
"p1250": 0.0004779458114823658
"p1251": 0.0016201234003398303
"p1252": 0.0008015941562657
"p1253": 0.0019306000101610523
"p1254": 0.0017556041028072727
"p1255": 0.004909293788021623
"p1256": 1.1290058538953523E-05
"p1257": 5.0805263425290837E-05
"p1258": 9.22021447347871E-05
"p1259": 0.00043843060659602847
"p1260": 9.408382115794602E-06
"p1261": 0.00019945770085484557
"p1262": 0.00015806081954534932
"p1263": 0.0005475678391392459
"p1264": 0.00024085458216434178
"p1265": 0.0002013393772780045
"p1266": 0.00217898129801803
"p1267": 0.0017800658963083383
"p1268": 0.0007978308034193822
"p1269": 0.00034622846186124133
"p1270": 0.004664675853010964
"p1271": 0.003142399626675397
"p1272": 4.704191057897301E-05
"p1273": 1.6935087808430286E-05
"p1274": 0.0009427198880026194
"p1275": 0.0010104602392363403
