"p1213": 3.7633528463178407E-06
"p1214": 0.004214955187875982
"p1215": 0.003656097290197782
"p1216": 0.0010273953270447706
"p1217": 1.6935087808430282E-05
"p1218": 0.0024649961143381857
"p1219": 0.0009615366522342083
"p1220": 5.080526342529084E-05
"p1221": 2.0698440654748124E-05
"p1222": 1.5053411385271363E-05
"p1223": 3.7633528463178407E-06
"p1224": 0.0012306163807459338
"p1225": 1.8816764231589204E-06
"p1226": 0.001889203128851556
"p1227": 0.0004440756358655052
"p1228": 0.0008730978603457389
"p1229": 3.7633528463178407E-06
"p1230": 0.0016728103401882802
"p1231": 0.0004327855773265517
"p1232": 0
"p1233": 0
"p1234": 0.00013171734962112442
"p1235": 1.8816764231589203E-05
"p1236": 0
"p1237": 0
"p1238": 0
"p1239": 0
"p1240": 0
"p1241": 0
"p1242": 3.0106822770542726E-05
"p1243": 0
"p1244": 0
"p1245": 0
"p1246": 5.2686939848449775E-05
"p1247": 3.7633528463178407E-06
"p1248": 0.008444963787137235
"p1249": 0.00202092047847268
"p1250": 0.007157897113696533
"p1251": 0.01682030554661759
"p1252": 0.00011290058538953522
"p1253": 9.784717400426385E-05
"p1254": 1.1290058538953523E-05
"p1255": 1.5053411385271363E-05
"p1256": 0.015469261874789484
"p1257": 0.00025778966997277205
"p1258": 0.009184462621438691
"p1259": 0.015286739261743067
"p1260": 0.00819093747001078
"p1261": 0.00019569434800852773
"p1262": 0.005357132776733447
"p1263": 0.007611381131677834
"p1264": 0.0020867791532832424
"p1265": 0
"p1266": 0.004653385794472009
"p1267": 0.003063369216902722
"p1268": 7.33853805031979E-05
"p1269": 0
"p1270": 1.8816764231589207E-05
"p1271": 0
"p1272": 0.004245062010646524
"p1273": 0
"p1274": 0.0035958836446566963
"p1275": 0.0034453495308039827
