"p1213": 0.0027585376363509773
"p1214": 4.8923587002131926E-05
"p1215": 0.00016558752523798497
"p1216": 0.0006924569237224828
"p1217": 0.0006717584830677346
"p1218": 0.000404560430979168
"p1219": 0.00017311423093062066
"p1220": 0.0008411093611520374
"p1221": 0.0007150370408003897
"p1222": 0.0006228348960656026
"p1223": 0.0004120871366718036
"p1224": 0.000472300782212889
"p1225": 0.0005833196911792653
"p1226": 0.0001844042894695742
"p1227": 5.833196911792652E-05
"p1228": 0.00031423996266753966
"p1229": 0.0004534840179812998
"p1230": 5.268693984844976E-05
"p1231": 0.00011666393823585304
"p1232": 0
"p1233": 0
"p1234": 0
"p1235": 0
"p1236": 0
"p1237": 0
"p1238": 0
"p1239": 0
"p1240": 0
"p1241": 0
"p1242": 0
"p1243": 0
"p1244": 0
"p1245": 0
"p1246": 0
"p1247": 0
"p1248": 0.0033192772104523355
"p1249": 0.008484478992023573
"p1250": 0.001435719110870256
"p1251": 0.005366541158849242
"p1252": 0.003533788322692452
"p1253": 0.008264322850513978
"p1254": 0.0016935087808430283
"p1255": 0.00756810257394518
"p1256": 0.0022994085891002007
"p1257": 0.007167305495812327
"p1258": 0.0005739113090634708
"p1259": 0.0014714709629102755
"p1260": 0.0010255136506216115
"p1261": 0.002982457130706888
"p1262": 0.0001919309951622099
"p1263": 0.0009747083871963208
"p1264": 0.000965300005080526
"p1265": 0.002446179350106596
"p1266": 0.00037257193178546626
"p1267": 0.0006134265139498081
"p1268": 0.0009464832408489368
"p1269": 0.0017367873385756834
"p1270": 0.0004647740765202533
"p1271": 0.00045724737082761767
"p1272": 0.0004290222244802339
"p1273": 0.0017160888979209355
"p1274": 8.091208619583357E-05
"p1275": 0.00010725555612005847
