"p1213": 0
"p1214": 0.009233386208440822
"p1215": 0.002024683831318998
"p1216": 0.0001204272910821709
"p1217": 5.645029269476761E-06
"p1218": 0.002542144847687702
"p1219": 0.00034811013828440026
"p1220": 0.00025778966997277205
"p1221": 2.8225146347383805E-05
"p1222": 0.0039044785780547597
"p1223": 0.0007545522456867272
"p1224": 1.6935087808430286E-05
"p1225": 0
"p1226": 0.0012569598506701586
"p1227": 0.00011854561465901199
"p1228": 0.0001298356731979655
"p1229": 0
"p1230": 0.0013849138474449653
"p1231": 9.784717400426384E-05
"p1232": 0
"p1233": 0
"p1234": 3.0106822770542726E-05
"p1235": 0
"p1236": 7.5267056926356815E-06
"p1237": 0
"p1238": 0.00016182417239166716
"p1239": 1.1290058538953523E-05
"p1240": 0
"p1241": 0
"p1242": 0
"p1243": 0
"p1244": 3.7633528463178407E-06
"p1245": 0
"p1246": 2.2580117077907045E-05
"p1247": 0
"p1248": 0.0037031392007767544
"p1249": 0.00018816764231589203
"p1250": 0.013521726776820005
"p1251": 0.008567272754642564
"p1252": 0.007600091073138879
"p1253": 0.0011628760295122125
"p1254": 0.019031275343829323
"p1255": 0.01605258156596875
"p1256": 0.0008241742733436071
"p1257": 0
"p1258": 0.00998605677770439
"p1259": 0.0038913068430926475
"p1260": 0.001347280318981787
"p1261": 0
"p1262": 0.006275390871235
"p1263": 0.001877913070312602
"p1264": 0.0002747247577812024
"p1265": 0
"p1266": 0.005084289695375403
"p1267": 0.0025289731127255883
"p1268": 0.0006529417188361453
"p1269": 3.7633528463178407E-06
"p1270": 0.009402737086525125
"p1271": 0.004209310158606505
"p1272": 6.209532196424436E-05
"p1273": 0
"p1274": 0.0026757438737319847
"p1275": 0.0007903040977267465
