"p1213": 3.3870175616860565E-05
"p1214": 0.008373460083057196
"p1215": 0.0056337392109378085
"p1216": 0.0014865243742955467
"p1217": 0
"p1218": 0.0007150370408003896
"p1219": 0.0006679951302214168
"p1220": 0.001040567062006883
"p1221": 0.0002201561415095937
"p1222": 0.0005701479562171528
"p1223": 0.0009615366522342083
"p1224": 0.009368866910908265
"p1225": 0.00014300740816007796
"p1226": 0.006583985804633062
"p1227": 0.009739557166270573
"p1228": 0.006010074495569592
"p1229": 0.000543804486292928
"p1230": 0.006506837071283547
"p1231": 0.00823233435132028
"p1232": 0
"p1233": 0
"p1234": 1.8816764231589203E-05
"p1235": 0
"p1236": 0
"p1237": 0
"p1238": 1.5053411385271363E-05
"p1239": 3.7633528463178407E-06
"p1240": 0
"p1241": 0
"p1242": 0.00018064093662325633
"p1243": 7.5267056926356815E-06
"p1244": 0
"p1245": 0
"p1246": 0.00026343469924224885
"p1247": 7.5267056926356815E-06
"p1248": 0.00022580117077907044
"p1249": 0
"p1250": 6.774035123372114E-05
"p1251": 0.00019004931873905096
"p1252": 0.0005550945448318816
"p1253": 0.0003424651090149235
"p1254": 0.00039891540170969113
"p1255": 0.0004440756358655052
"p1256": 0.004691019322935189
"p1257": 0.00023144620004854718
"p1258": 0.002109359270361149
"p1259": 0.005934807438643235
"p1260": 0.00754928580971359
"p1261": 0.0014771159921797524
"p1262": 0.004517905092004567
"p1263": 0.012025794020408659
"p1264": 0.0007959491269962233
"p1265": 0
"p1266": 0.0004214955187875981
"p1267": 0.0002427362585875007
"p1268": 0.000613426513949808
"p1269": 3.3870175616860565E-05
"p1270": 0.0005889647204487421
"p1271": 0.00043278557732655173
"p1272": 0.004961980727870073
"p1273": 5.645029269476761E-06
"p1274": 0.005138858311647011
"p1275": 0.004028669221983248
