"p1213": 0
"p1214": 0.003891306843092647
"p1215": 0.0007903040977267466
"p1216": 0.0001919309951622099
"p1217": 2.8225146347383805E-05
"p1218": 0.0020698440654748126
"p1219": 0.000353755167553877
"p1220": 3.3870175616860565E-05
"p1221": 0
"p1222": 2.4461793501065966E-05
"p1223": 3.7633528463178407E-06
"p1224": 5.833196911792653E-05
"p1225": 1.8816764231589204E-06
"p1226": 0.0025082746720708404
"p1227": 0.00020133937727800447
"p1228": 0.0001298356731979655
"p1229": 3.7633528463178407E-06
"p1230": 0.0013472803189817865
"p1231": 0.00015429746669903146
"p1232": 0
"p1233": 0
"p1234": 0
"p1235": 0
"p1236": 0
"p1237": 0
"p1238": 0
"p1239": 0
"p1240": 0
"p1241": 0
"p1242": 0
"p1243": 0
"p1244": 0
"p1245": 0
"p1246": 0
"p1247": 0
"p1248": 0.0038235664918589256
"p1249": 0.0006623501009519399
"p1250": 0.00847130725706146
"p1251": 0.008096853648852834
"p1252": 0.0001486524374295547
"p1253": 0
"p1254": 0.00012795399677480656
"p1255": 1.5053411385271363E-05
"p1256": 0.003020090659170067
"p1257": 9.032046831162818E-05
"p1258": 0.018543921150231162
"p1259": 0.009233386208440822
"p1260": 0.0013849138474449655
"p1261": 2.2580117077907045E-05
"p1262": 0.006275390871235001
"p1263": 0.002606121846075105
"p1264": 0.00014865243742955467
"p1265": 3.7633528463178407E-06
"p1266": 0.0020886608297064012
"p1267": 0.0010913723254321738
"p1268": 0
"p1269": 0
"p1270": 0
"p1271": 0
"p1272": 0.00023520955289486501
"p1273": 0
"p1274": 0.004975152462832185
"p1275": 0.0020246838313189982
