"p1213": 0
"p1214": 0.0029881021599763653
"p1215": 0.0005118159870992264
"p1216": 0.00010725555612005844
"p1217": 5.645029269476761E-06
"p1218": 0.0016841003987272337
"p1219": 0.0001693508780843028
"p1220": 0.00020886608297064017
"p1221": 2.8225146347383805E-05
"p1222": 0.002060435683359018
"p1223": 0.0003518734911307181
"p1224": 1.5053411385271363E-05
"p1225": 0
"p1226": 0.001160994353089054
"p1227": 0.00010349220327374063
"p1228": 8.279376261899248E-05
"p1229": 0
"p1230": 0.0007940674505730644
"p1231": 7.150370408003895E-05
"p1232": 0
"p1233": 0
"p1234": 0
"p1235": 0
"p1236": 0
"p1237": 0
"p1238": 0
"p1239": 0
"p1240": 0
"p1241": 0
"p1242": 0
"p1243": 0
"p1244": 0
"p1245": 0
"p1246": 0
"p1247": 0
"p1248": 0.00271902243146464
"p1249": 0.00011290058538953522
"p1250": 0.010019926953321252
"p1251": 0.006299852664736067
"p1252": 0.004207428482183345
"p1253": 0.0006623501009519399
"p1254": 0.009370748587331425
"p1255": 0.00861055131237522
"p1256": 0.000564502926947676
"p1257": 0
"p1258": 0.008110025383814945
"p1259": 0.0029881021599763653
"p1260": 0.0007940674505730645
"p1261": 0
"p1262": 0.003541315028385088
"p1263": 0.0009634183286573673
"p1264": 0.00018064093662325633
"p1265": 0
"p1266": 0.00305019748194061
"p1267": 0.0014996961092576594
"p1268": 0.00020886608297064014
"p1269": 3.7633528463178407E-06
"p1270": 0.002621175257460376
"p1271": 0.0013303452311733566
"p1272": 2.0698440654748124E-05
"p1273": 0
"p1274": 0.001862859658927331
"p1275": 0.0005118159870992264
