"p1213": 0
"p1214": 0.0014432458165628919
"p1215": 0.00015429746669903143
"p1216": 0.0003349384033222878
"p1217": 0
"p1218": 0.000543804486292928
"p1219": 7.714873334951574E-05
"p1220": 0
"p1221": 0
"p1222": 2.2580117077907045E-05
"p1223": 0
"p1224": 0.0027359575192730697
"p1225": 0.00035751852040019486
"p1226": 0.00855974604894993
"p1227": 0.005882120498794785
"p1228": 0.0005024076049834317
"p1229": 2.2580117077907045E-05
"p1230": 0.0018101727190788816
"p1231": 0.0009370748587331424
"p1232": 0.0005362777806002921
"p1233": 0
"p1234": 0.0012682499092091118
"p1235": 0.00025778966997277205
"p1236": 0
"p1237": 0
"p1238": 0.00016746920166114393
"p1239": 1.8816764231589203E-05
"p1240": 0.0031988499193701643
"p1241": 0.0002784881106275202
"p1242": 0.020510273012432235
"p1243": 0.011751069262627457
"p1244": 0.0002559079935496132
"p1245": 0
"p1246": 0.004036195927675883
"p1247": 0.0015109861677966132
"p1248": 5.268693984844976E-05
"p1249": 0
"p1250": 6.0213645541085445E-05
"p1251": 1.1290058538953523E-05
"p1252": 0
"p1253": 0
"p1254": 0
"p1255": 0
"p1256": 0.0007959491269962232
"p1257": 7.33853805031979E-05
"p1258": 0.0023012902655233595
"p1259": 0.0014432458165628919
"p1260": 9.4083821157946E-05
"p1261": 0
"p1262": 0.0004610107236739355
"p1263": 0.00015429746669903143
"p1264": 0.00016558752523798502
"p1265": 0
"p1266": 0.0003274116976296521
"p1267": 0.00011478226181269414
"p1268": 0
"p1269": 0
"p1270": 3.9515204886337324E-05
"p1271": 3.7633528463178407E-06
"p1272": 0.0003274116976296521
"p1273": 3.9515204886337324E-05
"p1274": 0.006215177225693915
"p1275": 0.0012343797335922517
