"p1276": 0.005812498471137906
"p1277": 7.526705692635681E-05
"p1278": 0.01551630378536846
"p1279": 0.004361725948882378
