"p1276": 0.009222096149901871
"p1277": 0.011276886803991413
"p1278": 0.00726891602266291
"p1279": 0.0036730323780062124
