"p1276": 0.002312580324062313
"p1277": 0.003161216390906988
"p1278": 0.021294932080889506
"p1279": 1
