"p1276": 0.005374067864541877
"p1277": 0
"p1278": 0.005336434336078698
"p1279": 0.0019362450394305292
