"p1276": 0.0004290222244802338
"p1277": 0
"p1278": 0.00496762575713955
"p1279": 0.001445127492986051
