"p1276": 0.0018045276898094043
"p1277": 0.0001298356731979655
"p1278": 0.02925065999800543
"p1279": 0.008554101019680453
