"p1276": 0.00011478226181269414
"p1277": 0
"p1278": 0.003208258301485959
"p1279": 0.0005268693984844977
