"p1276": 0.0005607395741013583
"p1277": 0
"p1278": 0.010731200641275324
"p1279": 0.0014451274929860507
