"p1276": 0.0030727775990185163
"p1277": 0
"p1278": 0.0032854070348354754
"p1279": 0.0020848974768600836
