"p1276": 0.001089490649009015
"p1277": 0
"p1278": 0.001159112676665895
"p1279": 0.0006849302180298468
