"p1276": 0.004694782675781507
"p1277": 0
"p1278": 0.0044407563586550515
"p1279": 0.0017480773971146372
