"p1276": 0.0002615530228190899
"p1277": 0.0007150370408003899
"p1278": 0.005693952856478893
"p1279": 0.008554101019680453
