"p1276": 7.903040977267465E-05
"p1277": 0
"p1278": 0.001087608972585856
"p1279": 0.00013171734962112445
