"p1276": 9.408382115794602E-06
"p1277": 0.00012983567319796552
"p1278": 0.0010763189140469026
"p1279": 0.0015937799304156055
