"p1276": 0.00022768284720222934
"p1277": 0
"p1278": 0.005406056363735578
"p1279": 0.0019193099516220985
