"p1276": 0.0024085458216434176
"p1277": 0.00027284308135804345
"p1278": 0.01790603284278029
"p1279": 0.009536336112569408
