"p1276": 0.00915059244582183
"p1277": 0.012883838469369132
"p1278": 0.005232942132804958
"p1279": 0.0037689978755873176
