"p1276": 0.0009370748587331423
"p1277": 0.001510986167796613
"p1278": 0.00015429746669903146
"p1279": 0.0002145111122401169
