"p1276": 4.704191057897302E-05
"p1277": 0
"p1278": 0.003082185981134312
"p1279": 0.0005212243692150209
