"p1276": 0.009080970418164951
"p1277": 0.00010349220327374062
"p1278": 0.01954309133092855
"p1279": 0.009041455213278614
