"p1276": 0.0014996961092576596
"p1277": 0.0013303452311733566
"p1278": 0.0005118159870992264
"p1279": 0.0002239194943559115
