"p1276": 0.003981627311404275
"p1277": 0.005797445059752633
"p1278": 0.0014056122880997135
"p1279": 0.0009351931823099835
