"p1276": 0.004102054602486447
"p1277": 0.006027009583378023
"p1278": 0.002271183442752817
"p1279": 0.0015937799304156055
