"p1276": 0.002959877013628983
"p1277": 0.00042337719521075713
"p1278": 1
"p1279": 0.014195366936310901
