"p1276": 0.0003932703724402144
"p1277": 0.0011365325595879877
"p1278": 0.006975374500650118
"p1279": 0.008096853648852837
