"p1276": 0.009677461844306328
"p1277": 3.7633528463178407E-06
"p1278": 0.01297415893768076
"p1279": 0.007383698284475606
