"p1276": 0.001844042894695742
"p1277": 0.0038856618138231706
"p1278": 0.0005080526342529086
"p1279": 0.0005212243692150209
