"p1276": 0.00028225146347383805
"p1277": 0.0005607395741013583
"p1278": 0.00528186571980709
"p1279": 0.0060796965232264725
