"p1276": 0.00501843102056484
"p1277": 0.007553049162559907
"p1278": 0.0020623173597821764
"p1279": 0.0018835580995820794
