"p1276": 0.000780895715610952
"p1277": 0.0008599261253836267
"p1278": 0.006399581515163489
"p1279": 0.007383698284475603
