"p1276": 7.526705692635681E-05
"p1277": 0.0001129005853895352
"p1278": 0.0022693017663296578
"p1279": 0.004267642127724431
