"p1276": 0.003466047971458732
"p1277": 0
"p1278": 0.004228126922838095
"p1279": 0.0009107313888089175
