"p1276": 0.010048152099668636
"p1277": 0.011826336319553819
"p1278": 0.008542810961141498
"p1279": 0.004361725948882378
