"p1276": 0.0006228348960656026
"p1277": 1.8816764231589203E-05
"p1278": 0.014293214110315157
"p1279": 0.0015655547840682216
