"p1276": 0.0005136976635223853
"p1277": 0.0008072391855351768
"p1278": 0.00976213728334848
"p1279": 0.01020056788994451
