"p1276": 0.0005814380147561064
"p1277": 0.00087121618392258
"p1278": 0.012193263222069805
"p1279": 0.014195366936310898
