"p1276": 0.0006134265139498081
"p1277": 0.0004572473708276176
"p1278": 0.00010725555612005845
"p1279": 0.0001034922032737406
