"p1276": 0.0007150370408003899
"p1277": 0
"p1278": 0.010780124228277455
"p1279": 0.00437489768384449
