"p1276": 0.0010800822668932202
"p1277": 0
"p1278": 0.0021620462102095997
"p1279": 0.0006774035123372113
