"p1276": 0.0002333278764717061
"p1277": 0.0004911175464444782
"p1278": 0.005249877220613389
"p1279": 0.008512704138370955
