"p1276": 0.0003669269025159895
"p1277": 0
"p1278": 0.0007263270993393433
"p1279": 0.0002163927886632758
