"p1276": 0.005705242915017847
"p1277": 0.008356524995248764
"p1278": 0.0029429419258205523
"p1279": 0.001445127492986051
