"p1276": 0.005842605293908447
"p1277": 0
"p1278": 0.005050419519758543
"p1279": 0.004961980727870073
