"p1276": 0.00569959788574837
"p1277": 0
"p1278": 0.004781339791246815
"p1279": 0.00461951561885515
