"p1276": 0.0028055795469299504
"p1277": 0
"p1278": 0.002630583639576171
"p1279": 0.0021319393874390563
