"p1276": 0.000827937626189925
"p1277": 0.0016295317824556246
"p1278": 0.013713657771982215
"p1279": 0.015130560118620885
