"p1276": 0.0003518734911307181
"p1277": 0.0005795563383329475
"p1278": 0.008237979380589754
"p1279": 0.009536336112569408
