"p1276": 0.0002784881106275202
"p1277": 0
"p1278": 0.006456031807858257
"p1279": 0.0020152754492032032
