"p1276": 0.008040403356158068
"p1277": 0.01197875210982969
"p1278": 0.0048076832611710415
"p1279": 0.0027340758428499113
