"p1276": 0.0029749304250142527
"p1277": 0.0035413150283850883
"p1278": 0.0010725555612005847
"p1279": 0.0006284799253350794
