"p1276": 0.006905752472993238
"p1277": 0
"p1278": 0.00697349282422696
"p1279": 0.0037689978755873176
