"p1276": 7.5267056926356815E-06
"p1277": 7.903040977267465E-05
"p1278": 0.000707510335107754
"p1279": 0.0004760641350592069
