"p1276": 0.0020830158004369248
"p1277": 0.0018045276898094043
"p1278": 0.017375400091449472
"p1279": 0.015130560118620887
