"p1276": 0.0010913723254321738
"p1277": 0
"p1278": 0.0020246838313189987
"p1279": 0.0006040181318340134
