"p1276": 9.032046831162817E-05
"p1277": 4.704191057897302E-05
"p1278": 0.0018967298345441918
"p1279": 0.0014620625807944807
