"p1276": 0.00011854561465901197
"p1277": 0.0002784881106275202
"p1278": 0.0034058343259176457
"p1279": 0.00463645070666358
