"p1276": 0.00022015614150959365
"p1277": 0.0004233771952107571
"p1278": 0.003955283841480051
"p1279": 0.0036391622023893523
