"p1276": 0.012605350358741607
"p1277": 1
"p1278": 0.010281479976140344
"p1279": 0.008096853648852835
