"p1276": 0.0001129005853895352
"p1277": 0
"p1278": 0.005041011137642747
"p1279": 0.0018026460133862459
