"p1276": 0.005629975858091491
"p1277": 0.005558472154011452
"p1278": 0.0030991210689427415
"p1279": 0.0012701315856322713
