"p1276": 0.008396040200135105
"p1277": 6.962202765688005E-05
"p1278": 0.017405506914220017
"p1279": 0.008554101019680453
