"p1276": 0.008232334351320278
"p1277": 7.5267056926356815E-06
"p1278": 0.01202579402040866
"p1279": 0.005244232191343911
