"p1276": 0.004534840179812999
"p1277": 7.5267056926356815E-06
"p1278": 0.007844709008149538
"p1279": 0.0018647413353504898
