"p1276": 0.0028131062526225857
"p1277": 0
"p1278": 0.0021714545923253938
"p1279": 0.0018365161890031062
