"p1276": 0.004066302750446426
"p1277": 0.007532350721905159
"p1278": 0.0014187840230618256
"p1279": 0.0014620625807944807
