"p1276": 0.0001599424959685082
"p1277": 0
"p1278": 0.006472966895666685
"p1279": 0.0014451274929860507
