"p1276": 0.0027528926070815
"p1277": 0
"p1278": 0.0023182253533317893
"p1279": 0.0019193099516220985
