"p1276": 0.0010499754441226777
"p1277": 1.8816764231589203E-05
"p1278": 0.020126411022107812
"p1279": 0.0046364507066635795
