"p1276": 0.0035112082056145454
"p1277": 0.005133213282377535
"p1278": 0.0011177157953563988
"p1279": 0.0006905752472993237
