"p1276": 0.0005400411334466101
"p1277": 0.0006228348960656026
"p1278": 0.008202227528549735
"p1279": 0.006079696523226473
