"p1276": 0.0021827446508643476
"p1277": 0.003947757135787415
"p1278": 0.0005513311919855637
"p1279": 0.0006491783659898276
