"p1276": 0.0005607395741013582
"p1277": 1.1290058538953523E-05
"p1278": 0.015311201055244134
"p1279": 0.004267642127724431
