"p1276": 0.0010255136506216115
"p1277": 0.0001580608195453493
"p1278": 0.021989270681035143
"p1279": 0.003673032378006213
