"p1276": 0.007729926746336845
"p1277": 0.009886327927276967
"p1278": 0.00404184095694536
"p1279": 0.002237313267135956
