"p1276": 0.00012983567319796552
"p1277": 0
"p1278": 0.0022053247679422543
"p1279": 0.000521224369215021
