"p1276": 0.00728585111047134
"p1277": 3.7633528463178407E-06
"p1278": 0.010194922860675032
"p1279": 0.004961980727870073
