"p1276": 0.00782777392034111
"p1277": 0.0005400411334466101
"p1278": 0.010375563797298287
"p1279": 0.010200567889944506
