"p1276": 0.001625768429609307
"p1277": 0.0015505013726829502
"p1278": 0.01580796363095809
"p1279": 0.0141953669363109
