"p1276": 0.0004760641350592069
"p1277": 0.0006585867481056221
"p1278": 0.009558916229647316
"p1279": 0.01020056788994451
