"p1276": 0.000707510335107754
"p1277": 0.0010499754441226777
"p1278": 0.011197856394218737
"p1279": 0.011214791482027165
