"p1276": 0.0030633692169027217
"p1277": 0
"p1278": 0.0034453495308039827
"p1279": 0.0022994085891002007
