"p1276": 9.032046831162817E-05
"p1277": 0.00011478226181269414
"p1278": 0.0020453822719737466
"p1279": 0.001445127492986051
