"p1276": 7.903040977267465E-05
"p1277": 0.0004290222244802338
"p1278": 0.0024725228200308215
"p1279": 0.0036730323780062124
