"p1276": 0.0002032210537011634
"p1277": 0.00037445360820862513
"p1278": 0.004551775267621428
"p1279": 0.005404174687312421
