"p1276": 0.0020152754492032037
"p1277": 0.003430296119418712
"p1278": 0.0004967625757139549
"p1279": 0.0006905752472993237
