"p1276": 0.0044351113293855755
"p1277": 0.007551167486136748
"p1278": 0.0014940510799881829
"p1279": 0.001748077397114637
