"p1276": 0.0013604520539438993
"p1277": 0.0026475187273846006
"p1278": 0.010571258145306817
"p1279": 0.014195366936310896
