"p1276": 0.00037445360820862513
"p1277": 0
"p1278": 0.00913177568159024
"p1279": 0.0014620625807944807
