"p1276": 0.00047041910578973014
"p1277": 0
"p1278": 0.010388735532260402
"p1279": 0.004267642127724431
