"p1276": 0.0005231060456381798
"p1277": 0.00013736237889060116
"p1278": 0.004199901776490711
"p1279": 0.0027340758428499113
