"p1276": 0.004420057918000304
"p1277": 0.00610039496388122
"p1278": 0.002555316582649814
"p1279": 0.0018647413353504903
