"p1276": 0.00014112573173691902
"p1277": 0
"p1278": 0.0063054976940055425
"p1279": 0.0019193099516220985
