"p1276": 0.0016295317824556246
"p1277": 1.1290058538953523E-05
"p1278": 0.02491151416620095
"p1279": 0.0073836982844756064
