"p1276": 0.0018572146296578543
"p1277": 0.0010255136506216115
"p1278": 0.013478448219087348
"p1279": 0.008096853648852835
