"p1276": 0.01068792208354267
"p1277": 3.7633528463178407E-06
"p1278": 0.0144700916940921
"p1279": 0.00843931875786776
