"p1276": 0.007349828108858746
"p1277": 0.010940066724245965
"p1278": 0.00402678754556009
"p1279": 0.005404174687312419
