"p1276": 1
"p1277": 0.0006247165724887616
"p1278": 0.023016666008079917
"p1279": 0.015130560118620883
