"p1276": 0.0039891540170969115
"p1277": 7.33853805031979E-05
"p1278": 0.006408989897279283
"p1279": 0.004357962596036059
