"p1276": 0.00011478226181269414
"p1277": 0.00014112573173691902
"p1278": 0.0031800331551385752
"p1279": 0.00461951561885515
