"p1276": 0.0009747083871963207
"p1277": 0.001482761021449229
"p1278": 0.00017687758377693853
"p1279": 0.00024461793501065964
