"p1276": 0.007137198673041785
"p1277": 7.5267056926356815E-06
"p1278": 0.010546796351805748
"p1279": 0.004551775267621429
