"p1276": 0.00035563684397703593
"p1277": 0.0002653163756654078
"p1278": 0.007043114851883839
"p1279": 0.00540417468731242
