"p1276": 0.0008825062424615334
"p1277": 0
"p1278": 0.010973936899862825
"p1279": 0.00437489768384449
