"p1276": 0.0011177157953563984
"p1277": 0
"p1278": 0.0010970173547016507
"p1279": 0.0006491783659898275
