"p1276": 0.0008072391855351768
"p1277": 1.1290058538953523E-05
"p1278": 0.017339648239409453
"p1279": 0.004619515618855149
