"p1276": 0.002732194166426752
"p1277": 0.004201783452913869
"p1278": 0.0008128842148046535
"p1279": 0.0007507888928404093
