"p1276": 0.0004233771952107571
"p1277": 0
"p1278": 0.007728045069913686
"p1279": 0.00047606413505920693
