"p1276": 0.0016577569288030087
"p1277": 0
"p1278": 0.004768168056284704
"p1279": 0.001627650106032466
