"p1276": 0.0015505013726829502
"p1277": 7.903040977267465E-05
"p1278": 0.02636416836487964
"p1279": 0.008512704138370956
