"p1276": 0.007752506863414753
"p1277": 0.006281035900504478
"p1278": 0.007011126352690136
"p1279": 0.0026061218460751052
