"p1276": 0.0028789649274331484
"p1277": 0.002128176034592739
"p1278": 0.0017970009841167692
"p1279": 0.0007997124798425413
