"p1276": 0.0008110025383814947
"p1277": 0
"p1278": 0.010273953270447705
"p1279": 0.004267642127724431
