"p1276": 0.0002653163756654078
"p1277": 1.8816764231589203E-05
"p1278": 0.012210198309878234
"p1279": 0.0015937799304156057
