"p1276": 0.00015617914312219042
"p1277": 0
"p1278": 0.002237313267135956
"p1279": 0.0005268693984844977
