"p1276": 0.0011365325595879877
"p1277": 0
"p1278": 0.013873600267950719
"p1279": 0.0027340758428499117
