"p1276": 0.006871882297376377
"p1277": 0.008969951509198576
"p1278": 0.003311750504759701
"p1279": 0.0018365161890031064
