"p1276": 0.004105817955332764
"p1277": 7.33853805031979E-05
"p1278": 0.0069603210892648475
"p1279": 0.004551775267621429
