"p1276": 0.0005550945448318814
"p1277": 0.0007997124798425411
"p1278": 0.005985612702068526
"p1279": 0.0071315536437723094
