"p1276": 0.00474182458636048
"p1277": 0.004913057140867942
"p1278": 0.002801816194083632
"p1279": 0.0007997124798425413
