"p1276": 0.006472966895666687
"p1277": 0.008937963010004872
"p1278": 0.0036335171731198745
"p1279": 0.0016276501060324658
