"p1276": 0.0006397699838740328
"p1277": 1.8816764231589203E-05
"p1278": 0.017495827382531644
"p1279": 0.00435796259603606
