"p1276": 0.001627650106032466
"p1277": 0.0013152918197880854
"p1278": 0.0005325144277539745
"p1279": 0.00028977816916647367
