"p1276": 0.0008636894782299444
"p1277": 1.1290058538953523E-05
"p1278": 0.022382541053475365
"p1279": 0.00713155364377231
