"p1276": 1.1290058538953523E-05
"p1277": 0.00015617914312219042
"p1278": 0.00113276920674167
"p1279": 0.0015655547840682216
