"p1276": 0.002528973112725589
"p1277": 0.004209310158606505
"p1278": 0.0007903040977267465
"p1279": 0.0006040181318340134
