"p1276": 7.903040977267466E-05
"p1277": 0.00022768284720222934
"p1278": 0.0026512820802309187
"p1279": 0.00435796259603606
