"p1276": 0.00524799554419023
"p1277": 7.5267056926356815E-06
"p1278": 0.009139302387282878
"p1279": 0.0021940347094033014
