"p1276": 0.006486138630628798
"p1277": 3.7633528463178407E-06
"p1278": 0.00899253162627648
"p1279": 0.00437489768384449
