"p1276": 0.004969507433562708
"p1277": 1.6935087808430282E-05
"p1278": 0.008283139614745569
"p1279": 0.005244232191343911
