"p1276": 4.516023415581409E-05
"p1277": 0.00011666393823585305
"p1278": 0.0003857436667475786
"p1279": 0.0006284799253350795
