"p1276": 0.00021262943581695798
"p1277": 3.7633528463178407E-06
"p1278": 0.0032778803291428392
"p1279": 0.0014620625807944812
