"p1276": 0.001706680515805141
"p1277": 0.0015900165775692876
"p1278": 0.0006284799253350795
"p1279": 0.0002897781691664737
