"p1276": 0.00451602341558141
"p1277": 0.0003895070195938965
"p1278": 0.0037802879341262722
"p1279": 0.0060796965232264725
