"p1276": 1.6935087808430282E-05
"p1277": 0.0001542974666990315
"p1278": 0.00127201326205543
"p1279": 0.0018647413353504896
