"p1276": 0.0002088660829706401
"p1277": 0.000259671346395931
"p1278": 0.002510156348494
"p1279": 0.0019362450394305288
