"p1276": 0.00629420763546659
"p1277": 0
"p1278": 0.005633739210937808
"p1279": 0.005244232191343911
