"p1276": 3.0106822770542726E-05
"p1277": 9.784717400426385E-05
"p1278": 0.0007489072164172504
"p1279": 0.0016276501060324658
