"p1276": 0.0034923914413829563
"p1277": 0
"p1278": 0.0024687594671845034
"p1279": 0.002237313267135956
