"p1276": 0.0010462120912763597
"p1277": 0.0020830158004369248
"p1278": 0.00028225146347383805
"p1279": 0.0004045604309791678
