"p1276": 0.0015410929905671556
"p1277": 0.0002314462000485472
"p1278": 0.00819093747001078
"p1279": 0.005404174687312419
