"p1276": 0.00034246510901492347
"p1277": 0.0006115448375266492
"p1278": 6.397699838740328E-05
"p1279": 0.0001580608195453493
