"p1276": 0.00153356628487452
"p1277": 0.002702087343656209
"p1278": 0.011634405324391608
"p1279": 0.015130560118620878
