"p1276": 0.0006416516602971918
"p1277": 0.0015147495206429308
"p1278": 0.00011854561465901199
"p1279": 0.00021639278866327584
