"p1276": 0.002807461223353109
"p1277": 0
"p1278": 0.002525209759879271
"p1279": 0.0020152754492032032
