"p1276": 0.0024442976736834374
"p1277": 0.004130279748833831
"p1278": 0.0006040181318340134
"p1279": 0.0006849302180298468
