"p1276": 0.0025534349062266547
"p1277": 2.2580117077907045E-05
"p1278": 0.006008192819146434
"p1279": 0.0022373132671359565
