"p1276": 0.00024273625858750068
"p1277": 0.00043278557732655173
"p1278": 0.004028669221983248
"p1279": 0.005244232191343912
