"p1276": 0.00043278557732655173
"p1277": 3.7633528463178407E-06
"p1278": 0.007611381131677832
"p1279": 0.0022994085891002007
