"p1276": 6.021364554108546E-05
"p1277": 0.00026907972851172564
"p1278": 0.0015279212556050434
"p1279": 0.0021940347094033014
