"p1276": 0.00034622846186124133
"p1277": 3.7633528463178407E-05
"p1278": 0.008565391078219407
"p1279": 0.0018365161890031062
