"p1276": 9.784717400426387E-05
"p1277": 0.0006209532196424437
"p1278": 0.002909071750203691
"p1279": 0.0043617259488823775
