"p1276": 7.150370408003896E-05
"p1277": 0
"p1278": 0.0009634183286573673
"p1279": 0.00022391949435591154
