"p1276": 0.0005080526342529086
"p1277": 0
"p1278": 0.010904314872205945
"p1279": 0.00435796259603606
