"p1276": 0.00012042729108217092
"p1277": 0.00021262943581695798
"p1278": 0.001512867844219772
"p1279": 0.002734075842849911
