"p1276": 0.004162268248027533
"p1277": 0
"p1278": 0.006804141946142657
"p1279": 0.0046364507066635795
