"p1276": 0.001509104491373454
"p1277": 0.0032534185356417732
"p1278": 0.000496762575713955
"p1279": 0.000476064135059207
