"p1276": 0.00016558752523798497
"p1277": 0
"p1278": 0.0016709286637651213
"p1279": 0.0002897781691664737
