"p1276": 0.0005739113090634708
"p1277": 0
"p1278": 0.00515955675230176
"p1279": 0.0018647413353504896
