"p1276": 0.0006247165724887616
"p1277": 0
"p1278": 0.0003349384033222878
"p1279": 0.0002897781691664738
