"p1276": 0.0002427362585875007
"p1277": 3.7633528463178407E-06
"p1278": 0.002995628865669001
"p1279": 0.0007507888928404093
