"p1276": 0.00011478226181269414
"p1277": 3.7633528463178407E-06
"p1278": 0.001234379733592252
"p1279": 0.0002145111122401169
