"p1276": 0.0010029335335437046
"p1277": 0.002506392995647682
"p1278": 0.0001749959073537796
"p1279": 0.0006284799253350794
