"p1276": 0.0023934924102581466
"p1277": 0.004109581308179082
"p1278": 0.0005475678391392458
"p1279": 0.0009351931823099835
