"p1276": 0.0020039853906642503
"p1277": 0.003985390664250593
"p1278": 0.0005550945448318816
"p1279": 0.0005268693984844978
