"p1276": 0.00022015614150959365
"p1277": 0.00023520955289486504
"p1278": 0.0035695401747324715
"p1279": 0.004961980727870072
