"p1276": 0.0007921857741499056
"p1277": 3.7633528463178407E-06
"p1278": 0.0008185292440741305
"p1279": 0.00039703372528653215
