"p1276": 0.002811224576199427
"p1277": 0.004523550121274044
"p1278": 0.0009276664766173478
"p1279": 0.0006774035123372113
