"p1276": 0.0006209532196424437
"p1277": 0
"p1278": 0.0059573875557211425
"p1279": 0.0016276501060324662
