"p1276": 0.0010951356782784914
"p1277": 0
"p1278": 0.0005607395741013582
"p1279": 0.0004610107236739355
