"p1276": 8.655711546531035E-05
"p1277": 0.00011101890896637629
"p1278": 0.0024781678493002984
"p1279": 0.00437489768384449
