"p1276": 6.774035123372114E-05
"p1277": 0.0004647740765202534
"p1278": 0.0011741660880511663
"p1279": 0.0026061218460751044
