"p1276": 0.0001373623788906012
"p1277": 0.00017875926020009743
"p1278": 0.0007978308034193823
"p1279": 0.0009351931823099835
