"p1276": 1.3171734962112444E-05
"p1277": 7.150370408003896E-05
"p1278": 0.0003575185204001948
"p1279": 0.0007997124798425412
