"p1276": 0.000259671346395931
"p1277": 3.7633528463178407E-06
"p1278": 0.004167913277297009
"p1279": 0.000684930218029847
