"p1276": 0.0001542974666990315
"p1277": 0
"p1278": 0.0026061218460751044
"p1279": 0.0006040181318340134
