"p1276": 0.004941282287215325
"p1277": 0.007968899652078029
"p1278": 0.0016841003987272335
"p1279": 0.0019362450394305288
