"p1276": 0.0002483812878569775
"p1277": 0
"p1278": 0.0058219068532536986
"p1279": 0.002084897476860083
