"p1276": 0.0005964914261413778
"p1277": 0
"p1278": 0.0003669269025159894
"p1279": 0.00023144620004854715
