"p1276": 0.00010725555612005845
"p1277": 0.00028413313989699703
"p1278": 0.0019418900687000055
"p1279": 0.003673032378006212
