"p1276": 0.008059220120389657
"p1277": 0.011561019943888409
"p1278": 0.004468981505002436
"p1279": 0.0060796965232264725
