"p1276": 0.0010913723254321738
"p1277": 0.0023276337354475843
"p1278": 0.0004798274879055247
"p1279": 0.0004760641350592069
