"p1276": 9.408382115794603E-05
"p1277": 0.0002483812878569775
"p1278": 0.0029674037193216174
"p1279": 0.004551775267621428
