"p1276": 0.00015053411385271363
"p1277": 3.7633528463178407E-06
"p1278": 0.0036786774072756897
"p1279": 0.0006491783659898275
