"p1276": 0.0030182089827469087
"p1277": 0
"p1278": 0.0021564011809401223
"p1279": 0.0021940347094033014
