"p1276": 0.00013359902604428335
"p1277": 3.7633528463178407E-06
"p1278": 0.002380320675296034
"p1279": 0.0006491783659898275
