"p1276": 0.0009653000050805263
"p1277": 0
"p1278": 0.0009126130652320763
"p1279": 0.0006774035123372113
