"p1276": 0.0008110025383814947
"p1277": 0
"p1278": 0.0008015941562657
"p1279": 0.0005268693984844978
