"p1276": 5.456861627160869E-05
"p1277": 0.00016558752523798497
"p1278": 0.0006077814846803312
"p1279": 0.001270131585632271
