"p1276": 0.0008015941562657001
"p1277": 0
"p1278": 0.000969063357926844
"p1279": 0.0004045604309791678
