"p1276": 0.002393492410258147
"p1277": 0
"p1278": 0.0019193099516220987
"p1279": 0.0015655547840682216
