"p1276": 0.002942941925820551
"p1277": 0
"p1278": 0.0029034267209342136
"p1279": 0.0022994085891002007
