"p1276": 0.0031743881258690983
"p1277": 0.006100394963881222
"p1278": 0.0014564175515250043
"p1279": 0.0036391622023893523
