"p1276": 0.00026907972851172564
"p1277": 0
"p1278": 0.003180033155138575
"p1279": 0.0006774035123372113
