"p1276": 0.0005475678391392458
"p1277": 3.7633528463178407E-06
"p1278": 0.0006265982489119206
"p1279": 0.00024461793501065964
