"p1276": 0.00011101890896637629
"p1277": 0
"p1278": 0.0053082091897313135
"p1279": 0.0019193099516220985
