"p1276": 0.0017800658963083385
"p1277": 0.003142399626675397
"p1278": 0.0010104602392363403
"p1279": 0.0009107313888089173
