"p1276": 0.00012607232035164763
"p1277": 0.00013359902604428335
"p1278": 0.0009634183286573673
"p1279": 0.0018365161890031062
