"p1276": 0.005244232191343911
"p1277": 0.006871882297376376
"p1278": 0.003200731595793323
"p1279": 0.002194034709403301
