"p1276": 0.00039891540170969113
"p1277": 3.198849919370165E-05
"p1278": 0.0052122436921502105
"p1279": 0.001748077397114637
