"p1276": 0.004418176241577145
"p1277": 0.007511652281250411
"p1278": 0.0015862532247229695
"p1279": 0.0014451274929860507
