"p1276": 0.00023709122931802394
"p1277": 0.0005362777806002922
"p1278": 0.0057805099719442045
"p1279": 0.008554101019680451
