"p1276": 0.0005795563383329474
"p1277": 0.0006454150131435096
"p1278": 0.006461676837127734
"p1279": 0.007383698284475604
