"p1276": 0.0015523830491061092
"p1277": 3.7633528463178407E-06
"p1278": 0.0013905588767144418
"p1279": 0.0009540099465415727
