"p1276": 5.080526342529086E-05
"p1277": 0.00017123255450746173
"p1278": 0.0009878801221584333
"p1279": 0.0009107313888089174
