"p1276": 0.0004704191057897301
"p1277": 0.0006416516602971918
"p1278": 0.000165587525237985
"p1279": 0.0001034922032737406
