"p1276": 0.00017875926020009743
"p1277": 3.7633528463178407E-06
"p1278": 0.001674692016611439
"p1279": 0.0002446179350106596
