"p1276": 0.000378216961054943
"p1277": 0.00039891540170969113
"p1278": 0.0024160725273360537
"p1279": 0.0037689978755873176
