"p1276": 0.001716088897920935
"p1277": 0
"p1278": 0.0014601809043713223
"p1279": 0.0009540099465415727
