"p1276": 0.00023520955289486504
"p1277": 3.7633528463178407E-06
"p1278": 0.0070148897055364555
"p1279": 0.0021319393874390563
