"p1276": 0.0022053247679422548
"p1277": 0
"p1278": 0.0009144947416552353
"p1279": 0.0012701315856322713
