"p1276": 0.0014131389937923492
"p1277": 2.2580117077907045E-05
"p1278": 0.0020905425061295605
"p1279": 0.0009351931823099835
