"p1276": 3.0106822770542722E-05
"p1277": 0
"p1278": 0.0016125966946471944
"p1279": 0.000521224369215021
