"p1276": 0.0010123419156594991
"p1277": 0.0008655711546531031
"p1278": 0.007615144484524152
"p1279": 0.00843931875786776
