"p1276": 0.0013867955238681244
"p1277": 0
"p1278": 0.001224971351476457
"p1279": 0.0007507888928404092
