"p1276": 0.0007507888928404091
"p1277": 0.0017160888979209348
"p1278": 0.004310920685457086
"p1279": 0.008096853648852834
