"p1276": 0.0033569107389155137
"p1277": 3.7633528463178407E-06
"p1278": 0.003656097290197782
"p1279": 0.0022994085891002007
