"p1276": 0.0013228185254807213
"p1277": 0.0020980692118221962
"p1278": 0.0002408545821643418
"p1279": 0.00039703372528653204
