"p1276": 0.0012870666734407015
"p1277": 0.001529802932028202
"p1278": 0.000826055949766766
"p1279": 0.0006284799253350794
