"p1276": 2.2580117077907045E-05
"p1277": 3.0106822770542722E-05
"p1278": 0.000590846396871901
"p1279": 0.001445127492986051
