"p1276": 0.002316343676908631
"p1277": 1.6935087808430282E-05
"p1278": 0.002937296896551075
"p1279": 0.0019362450394305288
