"p1276": 0.0004647740765202534
"p1277": 0
"p1278": 0.0031292278917132844
"p1279": 0.0007997124798425413
