"p1276": 9.784717400426385E-05
"p1277": 0
"p1278": 0.0018779130703126022
"p1279": 0.0006040181318340134
