"p1276": 0.0006567050716824632
"p1277": 3.7633528463178407E-06
"p1278": 0.010940066724245965
"p1279": 0.004619515618855149
