"p1276": 0.0013529253482512638
"p1277": 3.7633528463178407E-06
"p1278": 0.002297526912677042
"p1279": 0.0007507888928404093
