"p1276": 0.001539211314143997
"p1277": 3.7633528463178407E-06
"p1278": 0.0025967134639593103
"p1279": 0.0009540099465415726
