"p1276": 0.00015429746669903146
"p1277": 0.0005739113090634708
"p1278": 0.002338923793986538
"p1279": 0.004361725948882378
