"p1276": 0.0008128842148046536
"p1277": 0.0003236483447833343
"p1278": 0.005251758897036547
"p1279": 0.0037689978755873167
