"p1276": 0.00024085458216434178
"p1277": 3.7633528463178407E-05
"p1278": 0.0034566395893429374
"p1279": 0.0006905752472993237
