"p1276": 0.0007827773920341109
"p1277": 0.001702917162958823
"p1278": 0.00023332787647170608
"p1279": 0.0002163927886632758
