"p1276": 0.0001486524374295547
"p1277": 0.0002427362585875007
"p1278": 0.0012569598506701589
"p1279": 0.002237313267135956
