"p1276": 0.000897559653846805
"p1277": 0
"p1278": 0.011843271407362245
"p1279": 0.004551775267621429
