"p1276": 0.005806853441868429
"p1277": 0
"p1278": 0.005153911723032283
"p1279": 0.00463645070666358
