"p1276": 0.0036278721438503985
"p1277": 0.002929770190858439
"p1278": 0.0024179542037592126
"p1279": 0.0012701315856322713
