"p1276": 0.00011666393823585305
"p1277": 0
"p1278": 0.0009747083871963207
"p1279": 0.0001034922032737406
