"p1276": 0.00017123255450746173
"p1277": 0
"p1278": 0.0017763025434620208
"p1279": 0.0002163927886632758
