"p1276": 0.003221430036448071
"p1277": 0.004766286379861545
"p1278": 0.0009954068278510688
"p1279": 0.0009540099465415728
