"p1276": 0.0008881512717310102
"p1277": 3.198849919370165E-05
"p1278": 0.013167971609266128
"p1279": 0.004961980727870073
