"p1276": 0.000378216961054943
"p1277": 0.00024085458216434178
"p1278": 0.0017142072214977764
"p1279": 0.001883558099582079
