"p1276": 0.004382424389537126
"p1277": 0.006164371962268623
"p1278": 0.002455587732222391
"p1279": 0.0015655547840682218
