"p1276": 0.0004929992228676371
"p1277": 0.00134163528971231
"p1278": 0.00010913723254321738
"p1279": 0.00013171734962112442
