"p1276": 0.001983286950009502
"p1277": 0.0017687758377693853
"p1278": 0.0006905752472993238
"p1279": 0.0004610107236739354
