"p1276": 0.00019193099516220984
"p1277": 0.00015053411385271363
"p1278": 0.0021902713565569833
"p1279": 0.001748077397114637
