"p1276": 0.00012042729108217089
"p1277": 0.00011478226181269414
"p1278": 0.0005889647204487422
"p1279": 0.0006905752472993238
