"p1276": 0.0011195974717795574
"p1277": 0.0017800658963083383
"p1278": 0.000165587525237985
"p1279": 0.00024461793501065964
