"p1276": 0.0024668777907613446
"p1277": 0.0003180033155138575
"p1278": 0.019441480804077968
"p1279": 0.010200567889944506
