"p1276": 0.0006567050716824633
"p1277": 0.000874979536768898
"p1278": 0.00020698440654748124
"p1279": 0.00023144620004854715
