"p1276": 0.0011835744701669607
"p1277": 3.7633528463178407E-06
"p1278": 0.0011478226181269413
"p1279": 0.000684930218029847
