"p1276": 0.00871592519207212
"p1277": 0.000543804486292928
"p1278": 0.01098146360555546
"p1279": 0.011214791482027163
