"p1276": 0.0005456861627160869
"p1277": 0.001234379733592252
"p1278": 8.091208619583357E-05
"p1279": 0.00023144620004854718
