"p1276": 0.00085428109611415
"p1277": 0.0008806245660383747
"p1278": 0.000165587525237985
"p1279": 0.00023144620004854718
