"p1276": 0.0036015286739261732
"p1277": 3.7633528463178407E-06
"p1278": 0.004004207428482183
"p1279": 0.002703969020079368
