"p1276": 0.000284133139896997
"p1277": 0.000897559653846805
"p1278": 0.006401463191586647
"p1279": 0.00904145521327861
