"p1276": 0.00033305672689912887
"p1277": 0.0007752506863414753
"p1278": 2.4461793501065966E-05
"p1279": 0.00010349220327374062
