"p1276": 0.0002559079935496132
"p1277": 0
"p1278": 0.004325974096842358
"p1279": 0.0015937799304156053
