"p1276": 0.0018553329532346955
"p1277": 0.003912005283747396
"p1278": 0.0005475678391392458
"p1279": 0.0009107313888089177
