"p1276": 0.0014451274929860507
"p1277": 0
"p1278": 0.0017838292491546566
"p1279": 0.0014451274929860507
