"p126": 0
"p127": 0
"p128": 0
"p129": 0
"p130": 0
"p131": 0
"p132": 3.9515204886337324E-05
"p133": 0
"p134": 0
"p135": 0
"p136": 0.00019945770085484557
"p137": 3.387017561686057E-05
"p138": 0
"p139": 0
"p140": 0.0009351931823099834
"p141": 0.0002220378179327526
"p142": 2.8225146347383805E-05
"p143": 0
"p144": 7.5267056926356815E-06
"p145": 0
"p146": 0
"p147": 0
"p148": 0.00020886608297064017
"p149": 2.2580117077907045E-05
"p150": 0
"p151": 0
"p152": 0.0001749959073537796
"p153": 2.8225146347383805E-05
"p154": 0
"p155": 0
"p156": 0.00042714054805707494
"p157": 4.1396881309496255E-05
"p158": 0
"p159": 0
"p160": 0.0004403122830191874
"p161": 9.032046831162818E-05
"p162": 5.645029269476761E-06
"p163": 0
"p164": 0.0005852013676024243
"p165": 0.00011666393823585308
"p166": 1.1290058538953523E-05
"p167": 0
"p168": 0.004578118737545654
"p169": 0.0012230896750532983
"p170": 0.00015429746669903146
"p171": 7.5267056926356815E-06
"p172": 0.007750625186991595
"p173": 0.002378438998872875
"p174": 0.00039327037244021434
"p175": 4.1396881309496255E-05
"p176": 0.000822292596920448
"p177": 0.00022015614150959367
"p178": 2.0698440654748128E-05
"p179": 0
"p180": 0.0007846590684572697
"p181": 0.00017311423093062066
"p182": 2.2580117077907045E-05
"p183": 0
"p184": 0.0035093265291913866
"p185": 0.0011233608246258757
"p186": 0.00018064093662325633
"p187": 7.5267056926356815E-06
"p188": 0.006322432781813972
