"p126": 0
"p127": 0
"p128": 0.0002709614049348845
"p129": 5.833196911792653E-05
"p130": 0
"p131": 0
"p132": 0.0010499754441226773
"p133": 0.00034622846186124133
"p134": 6.209532196424438E-05
"p135": 0
"p136": 3.198849919370165E-05
"p137": 1.8816764231589204E-06
"p138": 0
"p139": 0
"p140": 0.0006642317773750989
"p141": 0.0001768775837769385
"p142": 9.408382115794602E-06
"p143": 0
"p144": 0
"p145": 0
"p146": 0
"p147": 0
"p148": 1.8816764231589203E-05
"p149": 0
"p150": 0
"p151": 0
"p152": 0
"p153": 0
"p154": 0
"p155": 0
"p156": 0
"p157": 0
"p158": 0
"p159": 0
"p160": 0.00016746920166114395
"p161": 5.645029269476761E-06
"p162": 0
"p163": 0
"p164": 0.0012099179400911855
"p165": 0.0004214955187875982
"p166": 3.575185204001949E-05
"p167": 0
"p168": 7.5267056926356815E-06
"p169": 1.8816764231589204E-06
"p170": 0
"p171": 0
"p172": 0.00022203781793275258
"p173": 6.585867481056221E-05
"p174": 7.5267056926356815E-06
"p175": 0
"p176": 0.000284133139896997
"p177": 3.198849919370165E-05
"p178": 0
"p179": 0
"p180": 0.0008222925969204481
"p181": 0.00023709122931802392
"p182": 1.8816764231589203E-05
"p183": 0
"p184": 2.2580117077907045E-05
"p185": 3.7633528463178407E-06
"p186": 0
"p187": 0
"p188": 0.00018252261304641527
