"p126": 0
"p127": 0
"p128": 0.00010537387969689955
"p129": 1.5053411385271363E-05
"p130": 0
"p131": 0
"p132": 0
"p133": 0
"p134": 0
"p135": 0
"p136": 0.0001749959073537796
"p137": 2.8225146347383805E-05
"p138": 0
"p139": 0
"p140": 1.8816764231589203E-05
"p141": 0
"p142": 0
"p143": 0
"p144": 0
"p145": 0
"p146": 0
"p147": 0
"p148": 0
"p149": 0
"p150": 0
"p151": 0
"p152": 5.645029269476761E-06
"p153": 0
"p154": 0
"p155": 0
"p156": 0
"p157": 0
"p158": 0
"p159": 0
"p160": 0.0005720296326403118
"p161": 0.00011666393823585307
"p162": 1.1290058538953523E-05
"p163": 0
"p164": 8.091208619583359E-05
"p165": 3.7633528463178407E-06
"p166": 0
"p167": 0
"p168": 0.003612818732465126
"p169": 0.0009634183286573671
"p170": 0.00015241579027587253
"p171": 2.2580117077907045E-05
"p172": 0.002671980520885667
"p173": 0.0005494495155624049
"p174": 2.6343469924224884E-05
"p175": 0
"p176": 0.00013171734962112442
"p177": 2.2580117077907045E-05
"p178": 0
"p179": 0
"p180": 0
"p181": 0
"p182": 0
"p183": 0
"p184": 0.0005757929854866297
"p185": 0.0001279539967748066
"p186": 1.3171734962112442E-05
"p187": 0
"p188": 0.0003725719317854662
