"p126": 0
"p127": 0
"p128": 7.526705692635681E-05
"p129": 1.3171734962112444E-05
"p130": 0
"p131": 0
"p132": 0
"p133": 0
"p134": 0
"p135": 0
"p136": 0.00018816764231589203
"p137": 2.2580117077907045E-05
"p138": 0
"p139": 0
"p140": 3.575185204001949E-05
"p141": 1.1290058538953523E-05
"p142": 0
"p143": 0
"p144": 0
"p145": 0
"p146": 0
"p147": 0
"p148": 0
"p149": 0
"p150": 0
"p151": 0
"p152": 1.6935087808430286E-05
"p153": 0
"p154": 0
"p155": 0
"p156": 0
"p157": 0
"p158": 0
"p159": 0
"p160": 0.00040079707813285006
"p161": 7.33853805031979E-05
"p162": 0
"p163": 0
"p164": 9.220214473478711E-05
"p165": 9.408382115794602E-06
"p166": 0
"p167": 0
"p168": 0.0033700824738776263
"p169": 0.0010104602392363403
"p170": 0.00022015614150959365
"p171": 3.387017561686057E-05
"p172": 0.002639992021691966
"p173": 0.0007432621871477734
"p174": 0.00012230896750532982
"p175": 0
"p176": 0.0001467707610063958
"p177": 1.5053411385271365E-05
"p178": 0
"p179": 0
"p180": 0
"p181": 0
"p182": 0
"p183": 0
"p184": 0.0007470255399940913
"p185": 0.0001994577008548455
"p186": 1.3171734962112442E-05
"p187": 0
"p188": 0.0005776746619097885
