"p126": 0
"p127": 0
"p128": 8.467543904215143E-05
"p129": 1.3171734962112444E-05
"p130": 0
"p131": 0
"p132": 0
"p133": 0
"p134": 0
"p135": 0
"p136": 0.00019945770085484557
"p137": 3.387017561686057E-05
"p138": 0
"p139": 0
"p140": 2.0698440654748124E-05
"p141": 1.8816764231589204E-06
"p142": 0
"p143": 0
"p144": 0
"p145": 0
"p146": 0
"p147": 0
"p148": 0
"p149": 0
"p150": 0
"p151": 0
"p152": 5.645029269476761E-06
"p153": 0
"p154": 0
"p155": 0
"p156": 0
"p157": 0
"p158": 0
"p159": 0
"p160": 0.0004403122830191874
"p161": 9.032046831162818E-05
"p162": 5.645029269476761E-06
"p163": 0
"p164": 3.575185204001949E-05
"p165": 3.7633528463178407E-06
"p166": 0
"p167": 0
"p168": 0.002655045433077237
"p169": 0.0007752506863414751
"p170": 0.00010725555612005845
"p171": 0
"p172": 0.0009446015644257779
"p173": 0.00020322105370116337
"p174": 2.446179350106597E-05
"p175": 0
"p176": 4.7041910578973E-05
"p177": 3.7633528463178407E-06
"p178": 0
"p179": 0
"p180": 0
"p181": 0
"p182": 0
"p183": 0
"p184": 0.00047794581148236575
"p185": 0.00012230896750532982
"p186": 1.3171734962112442E-05
"p187": 0
"p188": 8.655711546531033E-05
