"p126": 0
"p127": 0
"p128": 7.338538050319788E-05
"p129": 9.408382115794602E-06
"p130": 0
"p131": 0
"p132": 0
"p133": 0
"p134": 0
"p135": 0
"p136": 0.0010292770034679292
"p137": 0.000353755167553877
"p138": 5.080526342529086E-05
"p139": 0
"p140": 0.00038950701959389653
"p141": 6.774035123372113E-05
"p142": 0
"p143": 0
"p144": 0.0002182744650864348
"p145": 2.6343469924224887E-05
"p146": 0
"p147": 0
"p148": 3.575185204001949E-05
"p149": 3.7633528463178407E-06
"p150": 0
"p151": 0
"p152": 0.0010066968863900222
"p153": 0.0003443467854380824
"p154": 6.209532196424438E-05
"p155": 0
"p156": 0.0007131553643772308
"p157": 0.00019757602443168663
"p158": 5.645029269476761E-06
"p159": 0
"p160": 2.2580117077907045E-05
"p161": 5.645029269476761E-06
"p162": 0
"p163": 0
"p164": 0
"p165": 0
"p166": 0
"p167": 0
"p168": 0.0005720296326403118
"p169": 0.0001938126715853688
"p170": 1.8816764231589204E-06
"p171": 0
"p172": 0.00011854561465901199
"p173": 0
"p174": 0
"p175": 0
"p176": 6.962202765688005E-05
"p177": 1.3171734962112444E-05
"p178": 3.7633528463178407E-06
"p179": 0
"p180": 0
"p181": 0
"p182": 0
"p183": 0
"p184": 0.0005833196911792654
"p185": 0.00015429746669903146
"p186": 1.8816764231589204E-06
"p187": 0
"p188": 0.00018064093662325636
