"p126": 0
"p127": 0
"p128": 0.0002464996114338186
"p129": 6.021364554108545E-05
"p130": 5.645029269476761E-06
"p131": 0
"p132": 0.0012343797335922517
"p133": 0.0003838619903244198
"p134": 5.080526342529085E-05
"p135": 0
"p136": 2.0698440654748124E-05
"p137": 1.8816764231589204E-06
"p138": 0
"p139": 0
"p140": 0.00032176666836017544
"p141": 6.585867481056221E-05
"p142": 1.8816764231589204E-06
"p143": 0
"p144": 0.00038950701959389653
"p145": 9.972885042742277E-05
"p146": 9.408382115794602E-06
"p147": 0
"p148": 0.0014244290523313028
"p149": 0.00044219395944234633
"p150": 6.585867481056221E-05
"p151": 0
"p152": 3.198849919370165E-05
"p153": 1.8816764231589204E-06
"p154": 0
"p155": 0
"p156": 0.0007696056570719984
"p157": 0.00018252261304641527
"p158": 1.6935087808430282E-05
"p159": 0
"p160": 3.387017561686057E-05
"p161": 3.7633528463178407E-06
"p162": 0
"p163": 0
"p164": 0.000660468424528781
"p165": 0.00016935087808430283
"p166": 1.8816764231589204E-06
"p167": 0
"p168": 1.8816764231589204E-06
"p169": 0
"p170": 0
"p171": 0
"p172": 3.951520488633733E-05
"p173": 1.5053411385271363E-05
"p174": 1.8816764231589204E-06
"p175": 0
"p176": 3.3870175616860565E-05
"p177": 5.645029269476761E-06
"p178": 0
"p179": 0
"p180": 0.0005532128684087226
"p181": 0.00012230896750532982
"p182": 1.8816764231589204E-06
"p183": 0
"p184": 3.7633528463178407E-06
"p185": 0
"p186": 0
"p187": 0
"p188": 0.00013736237889060122
