"p126": 0
"p127": 0
"p128": 0.0011948645287059142
"p129": 0.0002897781691664737
"p130": 2.2580117077907045E-05
"p131": 1.8816764231589204E-06
"p132": 0
"p133": 0
"p134": 0
"p135": 0
"p136": 0.0003650452260928306
"p137": 7.903040977267465E-05
"p138": 1.8816764231589204E-06
"p139": 0
"p140": 0.0002878964927433148
"p141": 3.387017561686057E-05
"p142": 0
"p143": 0
"p144": 0.0006661134537982577
"p145": 0.00014488908458323686
"p146": 1.5053411385271363E-05
"p147": 0
"p148": 7.338538050319791E-05
"p149": 0
"p150": 0
"p151": 0
"p152": 0.0003029499041285862
"p153": 8.091208619583358E-05
"p154": 1.3171734962112442E-05
"p155": 0
"p156": 0.0005381594570234512
"p157": 0.0001731142309306207
"p158": 2.2580117077907045E-05
"p159": 0
"p160": 0.004124634719564355
"p161": 0.0012870666734407013
"p162": 0.00019004931873905094
"p163": 1.3171734962112444E-05
"p164": 9.408382115794602E-06
"p165": 0
"p166": 0
"p167": 0
"p168": 0.0020002220378179322
"p169": 0.0007677239806488394
"p170": 0.00013359902604428335
"p171": 3.7633528463178407E-06
"p172": 0.0027867627826983618
"p173": 0.000660468424528781
"p174": 9.4083821157946E-05
"p175": 5.645029269476761E-06
"p176": 0.0038856618138231706
"p177": 0.001332226907596516
"p178": 0.00023144620004854718
"p179": 1.5053411385271365E-05
"p180": 0.00010725555612005847
"p181": 1.6935087808430282E-05
"p182": 0
"p183": 0
"p184": 0.002250485002098069
"p185": 0.0008542810961141498
"p186": 0.00018628596589273307
"p187": 3.7633528463178407E-06
"p188": 0.0038574366674757887
