"p126": 0
"p127": 0
"p128": 9.408382115794602E-06
"p129": 0
"p130": 0
"p131": 0
"p132": 0
"p133": 0
"p134": 0
"p135": 0
"p136": 0.0003029499041285862
"p137": 8.091208619583358E-05
"p138": 1.3171734962112442E-05
"p139": 0
"p140": 4.327855773265517E-05
"p141": 1.1290058538953523E-05
"p142": 0
"p143": 0
"p144": 7.526705692635681E-05
"p145": 1.3171734962112444E-05
"p146": 0
"p147": 0
"p148": 0
"p149": 0
"p150": 0
"p151": 0
"p152": 0.0001938126715853688
"p153": 2.2580117077907045E-05
"p154": 0
"p155": 0
"p156": 3.575185204001949E-05
"p157": 1.1290058538953523E-05
"p158": 0
"p159": 0
"p160": 0.0002051027301243223
"p161": 2.0698440654748124E-05
"p162": 0
"p163": 0
"p164": 3.7633528463178407E-06
"p165": 0
"p166": 0
"p167": 0
"p168": 0.002037855566281111
"p169": 0.0006284799253350793
"p170": 0.00012419064392848875
"p171": 1.6935087808430286E-05
"p172": 0.0014338374344470969
"p173": 0.00036880857893914845
"p174": 4.7041910578973015E-05
"p175": 0
"p176": 0.00033117505047597
"p177": 6.774035123372113E-05
"p178": 0
"p179": 0
"p180": 8.843879188846926E-05
"p181": 9.408382115794602E-06
"p182": 0
"p183": 0
"p184": 0.001860977982504172
"p185": 0.0005870830440255831
"p186": 0.00010725555612005845
"p187": 1.6935087808430286E-05
"p188": 0.0018797947467357615
