"p126": 0
"p127": 0
"p128": 7.5267056926356815E-06
"p129": 0
"p130": 0
"p131": 0
"p132": 0.00020886608297064017
"p133": 2.2580117077907045E-05
"p134": 0
"p135": 0
"p136": 0.0001749959073537796
"p137": 2.8225146347383805E-05
"p138": 0
"p139": 0
"p140": 0.00042149551878759814
"p141": 4.1396881309496255E-05
"p142": 0
"p143": 0
"p144": 0
"p145": 0
"p146": 0
"p147": 0
"p148": 0
"p149": 0
"p150": 0
"p151": 0
"p152": 0
"p153": 0
"p154": 0
"p155": 0
"p156": 3.951520488633733E-05
"p157": 0
"p158": 0
"p159": 0
"p160": 0.0009878801221584331
"p161": 0.00023897290574118285
"p162": 2.0698440654748128E-05
"p163": 0
"p164": 0.0011177157953563988
"p165": 0.0002069844065474812
"p166": 2.2580117077907045E-05
"p167": 0
"p168": 0.0069772561770732764
"p169": 0.0020736074183211307
"p170": 0.0003123582862443808
"p171": 1.5053411385271363E-05
"p172": 0.011931710199250715
"p173": 0.003682440760122007
"p174": 0.0007169187172235485
"p175": 8.27937626189925E-05
"p176": 0.00024461793501065964
"p177": 6.774035123372114E-05
"p178": 5.645029269476761E-06
"p179": 0
"p180": 0.00028601481632015586
"p181": 7.150370408003898E-05
"p182": 1.1290058538953523E-05
"p183": 0
"p184": 0.0009972885042742279
"p185": 0.00022580117077907047
"p186": 2.2580117077907045E-05
"p187": 0
"p188": 0.0024781678493002984
