"p126": 0
"p127": 0
"p128": 2.4461793501065963E-05
"p129": 1.8816764231589204E-06
"p130": 0
"p131": 0
"p132": 0.00017123255450746176
"p133": 2.6343469924224884E-05
"p134": 0
"p135": 0
"p136": 3.7633528463178407E-06
"p137": 0
"p138": 0
"p139": 0
"p140": 0.00013359902604428335
"p141": 2.6343469924224884E-05
"p142": 0
"p143": 0
"p144": 0
"p145": 0
"p146": 0
"p147": 0
"p148": 5.645029269476761E-06
"p149": 0
"p150": 0
"p151": 0
"p152": 0
"p153": 0
"p154": 0
"p155": 0
"p156": 0
"p157": 0
"p158": 0
"p159": 0
"p160": 0.0018289894833104707
"p161": 0.0004403122830191873
"p162": 4.892358700213193E-05
"p163": 0
"p164": 0.0033418573275302427
"p165": 0.0009314298294636656
"p166": 0.00015241579027587253
"p167": 2.2580117077907045E-05
"p168": 0.0003970337252865322
"p169": 6.39769983874033E-05
"p170": 0
"p171": 0
"p172": 0.0022109697972117312
"p173": 0.000517461016368703
"p174": 3.0106822770542726E-05
"p175": 0
"p176": 0.00017123255450746176
"p177": 2.2580117077907045E-05
"p178": 0
"p179": 0
"p180": 0.0005381594570234513
"p181": 0.00012607232035164768
"p182": 1.3171734962112442E-05
"p183": 0
"p184": 2.2580117077907045E-05
"p185": 0
"p186": 0
"p187": 0
"p188": 0.00011666393823585305
