"p126": 4.516023415581409E-05
"p127": 0
"p128": 2.8225146347383805E-05
"p129": 9.408382115794602E-06
"p130": 0
"p131": 0
"p132": 0
"p133": 0
"p134": 0
"p135": 0
"p136": 1.6935087808430282E-05
"p137": 1.8816764231589204E-06
"p138": 0
"p139": 0
"p140": 3.7633528463178407E-06
"p141": 0
"p142": 0
"p143": 0
"p144": 0
"p145": 0
"p146": 0
"p147": 0
"p148": 0
"p149": 0
"p150": 0
"p151": 0
"p152": 0
"p153": 0
"p154": 0
"p155": 0
"p156": 0
"p157": 0
"p158": 0
"p159": 0
"p160": 9.22021447347871E-05
"p161": 3.575185204001949E-05
"p162": 0
"p163": 0
"p164": 2.0698440654748124E-05
"p165": 5.645029269476761E-06
"p166": 0
"p167": 0
"p168": 0.0006209532196424437
"p169": 0.0002013393772780045
"p170": 5.645029269476761E-05
"p171": 1.1290058538953523E-05
"p172": 0.0004647740765202533
"p173": 0.00013171734962112445
"p174": 1.6935087808430286E-05
"p175": 0
"p176": 1.5053411385271363E-05
"p177": 3.7633528463178407E-06
"p178": 0
"p179": 0
"p180": 0
"p181": 0
"p182": 0
"p183": 0
"p184": 0.00010161052685058171
"p185": 2.2580117077907045E-05
"p186": 0
"p187": 0
"p188": 7.150370408003898E-05
