"p126": 0
"p127": 0
"p128": 1.3171734962112444E-05
"p129": 0
"p130": 0
"p131": 0
"p132": 0
"p133": 0
"p134": 0
"p135": 0
"p136": 0.00036504522609283053
"p137": 7.903040977267466E-05
"p138": 1.8816764231589204E-06
"p139": 0
"p140": 1.6935087808430282E-05
"p141": 0
"p142": 0
"p143": 0
"p144": 5.456861627160869E-05
"p145": 3.7633528463178407E-06
"p146": 0
"p147": 0
"p148": 0
"p149": 0
"p150": 0
"p151": 0
"p152": 0.0002427362585875007
"p153": 3.7633528463178407E-05
"p154": 0
"p155": 0
"p156": 2.6343469924224887E-05
"p157": 1.8816764231589204E-06
"p158": 0
"p159": 0
"p160": 7.338538050319788E-05
"p161": 9.408382115794602E-06
"p162": 0
"p163": 0
"p164": 0
"p165": 0
"p166": 0
"p167": 0
"p168": 0.0013717421124828527
"p169": 0.0004610107236739355
"p170": 5.080526342529086E-05
"p171": 0
"p172": 0.00045724737082761756
"p173": 6.774035123372113E-05
"p174": 0
"p175": 0
"p176": 0.0002107477593937991
"p177": 2.6343469924224887E-05
"p178": 0
"p179": 0
"p180": 3.575185204001949E-05
"p181": 3.7633528463178407E-06
"p182": 0
"p183": 0
"p184": 0.0014771159921797526
"p185": 0.00046853742936657115
"p186": 6.39769983874033E-05
"p187": 0
"p188": 0.0007300904521856611
