"p126": 3.7633528463178407E-06
"p127": 0
"p128": 0.00034999181470755914
"p129": 6.021364554108546E-05
"p130": 0
"p131": 0
"p132": 0.0004647740765202533
"p133": 0.00010913723254321738
"p134": 1.1290058538953523E-05
"p135": 0
"p136": 0.001136532559587988
"p137": 0.0002878964927433148
"p138": 3.0106822770542726E-05
"p139": 0
"p140": 0.0023426871468328558
"p141": 0.0006886935708761648
"p142": 9.22021447347871E-05
"p143": 1.1290058538953523E-05
"p144": 0
"p145": 0
"p146": 0
"p147": 0
"p148": 3.7633528463178407E-06
"p149": 0
"p150": 0
"p151": 0
"p152": 0
"p153": 0
"p154": 0
"p155": 0
"p156": 5.645029269476761E-06
"p157": 0
"p158": 0
"p159": 0
"p160": 7.338538050319788E-05
"p161": 9.408382115794602E-06
"p162": 0
"p163": 0
"p164": 0.00020886608297064014
"p165": 2.0698440654748124E-05
"p166": 0
"p167": 0
"p168": 0.0009577732993878904
"p169": 0.00018816764231589203
"p170": 1.8816764231589203E-05
"p171": 0
"p172": 0.0021564011809401228
"p173": 0.0005306327513308156
"p174": 7.150370408003896E-05
"p175": 1.1290058538953523E-05
"p176": 0.00010349220327374062
"p177": 1.5053411385271363E-05
"p178": 0
"p179": 0
"p180": 0.0002615530228190899
"p181": 5.833196911792653E-05
"p182": 0
"p183": 0
"p184": 0.00025402631712645424
"p185": 3.575185204001949E-05
"p186": 0
"p187": 0
"p188": 0.0009408382115794603
