"p126": 0
"p127": 0
"p128": 5.645029269476761E-05
"p129": 1.3171734962112442E-05
"p130": 0
"p131": 0
"p132": 0.00017123255450746173
"p133": 2.4461793501065963E-05
"p134": 0
"p135": 0
"p136": 0
"p137": 0
"p138": 0
"p139": 0
"p140": 0.00010913723254321738
"p141": 3.575185204001949E-05
"p142": 7.5267056926356815E-06
"p143": 0
"p144": 0
"p145": 0
"p146": 0
"p147": 0
"p148": 1.6935087808430286E-05
"p149": 0
"p150": 0
"p151": 0
"p152": 0
"p153": 0
"p154": 0
"p155": 0
"p156": 0
"p157": 0
"p158": 0
"p159": 0
"p160": 0.0014338374344470973
"p161": 0.00035940019682335374
"p162": 4.327855773265517E-05
"p163": 0
"p164": 0.0030577241876332457
"p165": 0.0009747083871963208
"p166": 0.00022015614150959365
"p167": 3.387017561686057E-05
"p168": 0.00039515204886337327
"p169": 7.903040977267465E-05
"p170": 0
"p171": 0
"p172": 0.0021394660931316925
"p173": 0.0006265982489119205
"p174": 7.526705692635681E-05
"p175": 0
"p176": 0.0002671980520885667
"p177": 6.585867481056221E-05
"p178": 1.1290058538953523E-05
"p179": 0
"p180": 0.0006265982489119205
"p181": 0.00018816764231589203
"p182": 1.3171734962112442E-05
"p183": 0
"p184": 9.408382115794602E-05
"p185": 1.8816764231589203E-05
"p186": 0
"p187": 0
"p188": 0.00016935087808430286
