"p126": 0
"p127": 0
"p128": 0.000611544837526649
"p129": 0.00015241579027587253
"p130": 1.3171734962112442E-05
"p131": 0
"p132": 3.3870175616860565E-05
"p133": 1.8816764231589204E-06
"p134": 0
"p135": 0
"p136": 0.00044595731228866414
"p137": 0.00019381267158536877
"p138": 4.892358700213193E-05
"p139": 0
"p140": 0.0009596549758110494
"p141": 0.00025402631712645424
"p142": 9.408382115794602E-06
"p143": 0
"p144": 1.6935087808430286E-05
"p145": 0
"p146": 0
"p147": 0
"p148": 1.8816764231589204E-06
"p149": 0
"p150": 0
"p151": 0
"p152": 0
"p153": 0
"p154": 0
"p155": 0
"p156": 0
"p157": 0
"p158": 0
"p159": 0
"p160": 0.0007282087757625021
"p161": 0.00018816764231589203
"p162": 9.408382115794602E-06
"p163": 0
"p164": 0
"p165": 0
"p166": 0
"p167": 0
"p168": 0.00048735419359816035
"p169": 0.00023520955289486504
"p170": 2.6343469924224887E-05
"p171": 0
"p172": 0.0003895070195938966
"p173": 7.33853805031979E-05
"p174": 7.5267056926356815E-06
"p175": 0
"p176": 0.0006002547789876956
"p177": 0.00014112573173691905
"p178": 7.5267056926356815E-06
"p179": 0
"p180": 5.645029269476761E-06
"p181": 0
"p182": 0
"p183": 0
"p184": 0.00024085458216434178
"p185": 0.00010161052685058169
"p186": 1.1290058538953523E-05
"p187": 0
"p188": 0.00048170916432868356
