"p126": 0
"p127": 0
"p128": 1.8816764231589204E-06
"p129": 0
"p130": 0
"p131": 0
"p132": 9.032046831162818E-05
"p133": 1.3171734962112444E-05
"p134": 0
"p135": 0
"p136": 2.4461793501065966E-05
"p137": 1.8816764231589204E-06
"p138": 0
"p139": 0
"p140": 0.00018816764231589203
"p141": 3.387017561686057E-05
"p142": 0
"p143": 0
"p144": 0
"p145": 0
"p146": 0
"p147": 0
"p148": 0
"p149": 0
"p150": 0
"p151": 0
"p152": 0
"p153": 0
"p154": 0
"p155": 0
"p156": 5.645029269476761E-06
"p157": 0
"p158": 0
"p159": 0
"p160": 8.467543904215141E-05
"p161": 1.5053411385271363E-05
"p162": 1.8816764231589204E-06
"p163": 0
"p164": 0.00047606413505920693
"p165": 9.408382115794603E-05
"p166": 5.645029269476761E-06
"p167": 0
"p168": 0.0006265982489119205
"p169": 0.00015617914312219042
"p170": 1.5053411385271363E-05
"p171": 0
"p172": 0.0030558425112100864
"p173": 0.0008806245660383747
"p174": 0.00011478226181269412
"p175": 0
"p176": 7.5267056926356815E-06
"p177": 1.8816764231589204E-06
"p178": 0
"p179": 0
"p180": 4.7041910578973E-05
"p181": 3.7633528463178407E-06
"p182": 0
"p183": 0
"p184": 7.714873334951574E-05
"p185": 1.5053411385271363E-05
"p186": 0
"p187": 0
"p188": 0.0005212243692150209
