"p126": 0
"p127": 0
"p128": 0.001554264725529268
"p129": 0.0005720296326403119
"p130": 8.655711546531032E-05
"p131": 5.645029269476761E-06
"p132": 0.003800986374781018
"p133": 0.0015486196962597911
"p134": 0.0003462284618612414
"p135": 1.6935087808430282E-05
"p136": 0.0003612818732465127
"p137": 0.0001016105268505817
"p138": 1.8816764231589203E-05
"p139": 0
"p140": 0.0023332787647170616
"p141": 0.000780895715610952
"p142": 9.22021447347871E-05
"p143": 0
"p144": 5.645029269476761E-06
"p145": 0
"p146": 0
"p147": 0
"p148": 7.338538050319788E-05
"p149": 5.645029269476761E-06
"p150": 0
"p151": 0
"p152": 0
"p153": 0
"p154": 0
"p155": 0
"p156": 0
"p157": 0
"p158": 0
"p159": 0
"p160": 0.0016182417239166713
"p161": 0.0004309039009033927
"p162": 6.962202765688005E-05
"p163": 5.645029269476761E-06
"p164": 0.005532128684087228
"p165": 0.0019832869500095015
"p166": 0.00027660643420436126
"p167": 1.8816764231589203E-05
"p168": 0.0002502629642801364
"p169": 8.091208619583357E-05
"p170": 1.5053411385271365E-05
"p171": 0
"p172": 0.0009558916229647312
"p173": 0.0002897781691664738
"p174": 3.3870175616860565E-05
"p175": 0
"p176": 0.0010292770034679292
"p177": 0.0001637058488148261
"p178": 1.5053411385271363E-05
"p179": 0
"p180": 0.0029824571307068893
"p181": 0.0007752506863414753
"p182": 7.150370408003898E-05
"p183": 1.8816764231589204E-06
"p184": 0.00011478226181269412
"p185": 2.0698440654748124E-05
"p186": 1.8816764231589204E-06
"p187": 0
"p188": 0.0006698768066445756
