"p126": 0.0002784881106275202
"p127": 7.5267056926356815E-06
"p128": 0
"p129": 0
"p130": 0
"p131": 0
"p132": 0
"p133": 0
"p134": 0
"p135": 0
"p136": 3.010682277054273E-05
"p137": 3.7633528463178407E-06
"p138": 0
"p139": 0
"p140": 5.645029269476761E-06
"p141": 0
"p142": 0
"p143": 0
"p144": 2.8225146347383805E-05
"p145": 9.408382115794602E-06
"p146": 0
"p147": 0
"p148": 0
"p149": 0
"p150": 0
"p151": 0
"p152": 1.6935087808430282E-05
"p153": 1.8816764231589204E-06
"p154": 0
"p155": 0
"p156": 3.7633528463178407E-06
"p157": 0
"p158": 0
"p159": 0
"p160": 3.9515204886337324E-05
"p161": 9.408382115794602E-06
"p162": 0
"p163": 0
"p164": 0
"p165": 0
"p166": 0
"p167": 0
"p168": 0.000376335284631784
"p169": 0.00010725555612005845
"p170": 2.6343469924224884E-05
"p171": 5.645029269476761E-06
"p172": 0.00016182417239166716
"p173": 3.387017561686057E-05
"p174": 5.645029269476761E-06
"p175": 0
"p176": 6.774035123372112E-05
"p177": 3.0106822770542726E-05
"p178": 0
"p179": 0
"p180": 2.0698440654748124E-05
"p181": 5.645029269476761E-06
"p182": 0
"p183": 0
"p184": 0.0003161216390906986
"p185": 0.00011290058538953522
"p186": 3.0106822770542726E-05
"p187": 5.645029269476761E-06
"p188": 0.00036880857893914845
