"p126": 0
"p127": 0
"p128": 0.0003180033155138576
"p129": 4.1396881309496255E-05
"p130": 3.7633528463178407E-06
"p131": 0
"p132": 0
"p133": 0
"p134": 0
"p135": 0
"p136": 0.0010142235920826582
"p137": 0.00022580117077907044
"p138": 2.8225146347383805E-05
"p139": 0
"p140": 0.00014300740816007793
"p141": 1.5053411385271365E-05
"p142": 0
"p143": 0
"p144": 0
"p145": 0
"p146": 0
"p147": 0
"p148": 0
"p149": 0
"p150": 0
"p151": 0
"p152": 7.338538050319788E-05
"p153": 5.645029269476761E-06
"p154": 0
"p155": 0
"p156": 0
"p157": 0
"p158": 0
"p159": 0
"p160": 0.0009878801221584331
"p161": 0.00023897290574118288
"p162": 2.0698440654748124E-05
"p163": 0
"p164": 0.00010537387969689952
"p165": 1.8816764231589207E-05
"p166": 0
"p167": 0
"p168": 0.009630419933727355
"p169": 0.003458521265766095
"p170": 0.000658586748105622
"p171": 3.575185204001948E-05
"p172": 0.0041904933943749155
"p173": 0.0013265818783270386
"p174": 0.0001862859658927331
"p175": 1.1290058538953523E-05
"p176": 0.00022768284720222937
"p177": 3.575185204001949E-05
"p178": 0
"p179": 0
"p180": 3.7633528463178407E-06
"p181": 0
"p182": 0
"p183": 0
"p184": 0.002762300989197296
"p185": 0.0007206820700698665
"p186": 8.091208619583358E-05
"p187": 1.8816764231589204E-06
"p188": 0.0006792851887603702
