"p126": 0
"p127": 0
"p128": 0.00015994249596850825
"p129": 2.8225146347383805E-05
"p130": 0
"p131": 0
"p132": 0.0004327855773265517
"p133": 4.1396881309496255E-05
"p134": 0
"p135": 0
"p136": 1.6935087808430282E-05
"p137": 1.8816764231589204E-06
"p138": 0
"p139": 0
"p140": 0.00029354152201279153
"p141": 8.843879188846925E-05
"p142": 1.5053411385271363E-05
"p143": 0
"p144": 0
"p145": 0
"p146": 0
"p147": 0
"p148": 3.951520488633733E-05
"p149": 0
"p150": 0
"p151": 0
"p152": 0
"p153": 0
"p154": 0
"p155": 0
"p156": 0
"p157": 0
"p158": 0
"p159": 0
"p160": 0.005658201004438875
"p161": 0.0017480773971146368
"p162": 0.00028225146347383805
"p163": 1.5053411385271363E-05
"p164": 0.008949253068543826
"p165": 0.0028620298396247173
"p166": 0.0005814380147561064
"p167": 8.27937626189925E-05
"p168": 0.0019306000101610523
"p169": 0.0004892358700213193
"p170": 5.268693984844977E-05
"p171": 0
"p172": 0.005682662797939941
"p173": 0.0015975432832619233
"p174": 0.00020698440654748124
"p175": 0
"p176": 0.0007959491269962232
"p177": 0.00019757602443168666
"p178": 2.2580117077907045E-05
"p179": 0
"p180": 0.0018854397760052386
"p181": 0.0004873541935981604
"p182": 3.951520488633733E-05
"p183": 0
"p184": 0.0002916598455896326
"p185": 4.1396881309496255E-05
"p186": 0
"p187": 0
"p188": 0.000402678754556009
