"p126": 0
"p127": 0
"p128": 0.0002860148163201559
"p129": 6.774035123372113E-05
"p130": 5.645029269476761E-06
"p131": 0
"p132": 0.0004045604309791679
"p133": 7.338538050319788E-05
"p134": 0
"p135": 0
"p136": 0.000920139770924712
"p137": 0.00023709122931802394
"p138": 3.0106822770542726E-05
"p139": 0
"p140": 0.0021168859760537853
"p141": 0.0006886935708761648
"p142": 0.0001392440553137601
"p143": 1.6935087808430286E-05
"p144": 0
"p145": 0
"p146": 0
"p147": 0
"p148": 5.645029269476761E-06
"p149": 1.8816764231589204E-06
"p150": 0
"p151": 0
"p152": 0
"p153": 0
"p154": 0
"p155": 0
"p156": 1.3171734962112444E-05
"p157": 0
"p158": 0
"p159": 0
"p160": 4.8923587002131926E-05
"p161": 5.645029269476761E-06
"p162": 0
"p163": 0
"p164": 0.00011478226181269414
"p165": 2.0698440654748124E-05
"p166": 1.8816764231589204E-06
"p167": 1.8816764231589204E-06
"p168": 0.0007470255399940914
"p169": 0.0001542974666990315
"p170": 1.3171734962112442E-05
"p171": 0
"p172": 0.0020453822719737466
"p173": 0.0006567050716824633
"p174": 0.0001486524374295547
"p175": 1.6935087808430286E-05
"p176": 9.972885042742278E-05
"p177": 2.2580117077907045E-05
"p178": 1.8816764231589204E-06
"p179": 0
"p180": 0.00022203781793275255
"p181": 3.575185204001949E-05
"p182": 1.8816764231589204E-06
"p183": 1.8816764231589204E-06
"p184": 0.0004760641350592068
"p185": 9.596549758110493E-05
"p186": 1.1290058538953523E-05
"p187": 0
"p188": 0.0009351931823099834
