"p126": 0
"p127": 0
"p128": 7.714873334951574E-05
"p129": 1.5053411385271363E-05
"p130": 1.8816764231589204E-06
"p131": 0
"p132": 0.0003838619903244198
"p133": 7.714873334951574E-05
"p134": 5.645029269476761E-06
"p135": 0
"p136": 0.00040456043097916787
"p137": 0.0001016105268505817
"p138": 9.408382115794602E-06
"p139": 0
"p140": 0.0017330239857293657
"p141": 0.000521224369215021
"p142": 7.338538050319788E-05
"p143": 0
"p144": 0
"p145": 0
"p146": 0
"p147": 0
"p148": 5.645029269476761E-06
"p149": 0
"p150": 0
"p151": 0
"p152": 0
"p153": 0
"p154": 0
"p155": 0
"p156": 5.645029269476761E-06
"p157": 0
"p158": 0
"p159": 0
"p160": 7.5267056926356815E-06
"p161": 0
"p162": 0
"p163": 0
"p164": 0.00010913723254321738
"p165": 2.2580117077907045E-05
"p166": 0
"p167": 0
"p168": 0.00022203781793275258
"p169": 5.456861627160869E-05
"p170": 5.645029269476761E-06
"p171": 0
"p172": 0.0015448563434134737
"p173": 0.00043843060659602847
"p174": 4.139688130949625E-05
"p175": 0
"p176": 1.5053411385271363E-05
"p177": 1.8816764231589204E-06
"p178": 0
"p179": 0
"p180": 0.00017123255450746173
"p181": 3.951520488633733E-05
"p182": 0
"p183": 0
"p184": 9.03204683116282E-05
"p185": 1.6935087808430286E-05
"p186": 0
"p187": 0
"p188": 0.0008467543904215141
