"p126": 0.00030106822770542725
"p127": 7.5267056926356815E-06
"p128": 3.010682277054273E-05
"p129": 3.7633528463178407E-06
"p130": 0
"p131": 0
"p132": 0
"p133": 0
"p134": 0
"p135": 0
"p136": 0
"p137": 0
"p138": 0
"p139": 0
"p140": 5.645029269476761E-06
"p141": 0
"p142": 0
"p143": 0
"p144": 1.5053411385271363E-05
"p145": 0
"p146": 0
"p147": 0
"p148": 5.645029269476761E-06
"p149": 5.645029269476761E-06
"p150": 0
"p151": 0
"p152": 0
"p153": 0
"p154": 0
"p155": 0
"p156": 2.8225146347383805E-05
"p157": 5.645029269476761E-06
"p158": 0
"p159": 0
"p160": 0.0003180033155138575
"p161": 8.843879188846925E-05
"p162": 2.2580117077907045E-05
"p163": 5.645029269476761E-06
"p164": 0
"p165": 0
"p166": 0
"p167": 0
"p168": 6.021364554108545E-05
"p169": 1.8816764231589203E-05
"p170": 3.7633528463178407E-06
"p171": 0
"p172": 0.0002107477593937991
"p173": 6.021364554108546E-05
"p174": 5.645029269476761E-06
"p175": 0
"p176": 0.0002671980520885667
"p177": 8.655711546531033E-05
"p178": 2.6343469924224887E-05
"p179": 5.645029269476761E-06
"p180": 9.408382115794602E-06
"p181": 3.7633528463178407E-06
"p182": 0
"p183": 0
"p184": 5.833196911792653E-05
"p185": 2.6343469924224887E-05
"p186": 3.7633528463178407E-06
"p187": 0
"p188": 0.0003895070195938965
