"p126": 0
"p127": 0
"p128": 0.002971167072167934
"p129": 0.00099352515142791
"p130": 0.00017123255450746173
"p131": 1.3171734962112444E-05
"p132": 9.408382115794602E-06
"p133": 0
"p134": 0
"p135": 0
"p136": 0.0014488908458323681
"p137": 0.0006077814846803313
"p138": 0.0001279539967748066
"p139": 3.7633528463178407E-06
"p140": 0.0024593510850687093
"p141": 0.0006397699838740329
"p142": 8.843879188846925E-05
"p143": 5.645029269476761E-06
"p144": 0.002472522820030821
"p145": 0.0009728267107731619
"p146": 0.0001975760244316866
"p147": 1.3171734962112444E-05
"p148": 0.0001298356731979655
"p149": 1.6935087808430282E-05
"p150": 0
"p151": 0
"p152": 0.0016314134588787839
"p153": 0.0007018653058382772
"p154": 0.00017311423093062066
"p155": 3.7633528463178407E-06
"p156": 0.0036636239958904183
"p157": 0.0012663682327859534
"p158": 0.00016182417239166716
"p159": 5.645029269476761E-06
"p160": 0.0022787101484454527
"p161": 0.0006303616017582383
"p162": 4.139688130949625E-05
"p163": 1.8816764231589204E-06
"p164": 0
"p165": 0
"p166": 0
"p167": 0
"p168": 0.0008561627725373085
"p169": 0.0003217666683601754
"p170": 3.7633528463178407E-06
"p171": 0
"p172": 0.000918258094501553
"p173": 0.00017311423093062066
"p174": 1.8816764231589203E-05
"p175": 0
"p176": 0.002049145624820064
"p177": 0.00046289240009709436
"p178": 3.763352846317841E-05
"p179": 1.8816764231589204E-06
"p180": 3.0106822770542726E-05
"p181": 5.645029269476761E-06
"p182": 0
"p183": 0
"p184": 0.0005833196911792654
"p185": 0.00018064093662325633
"p186": 5.645029269476761E-06
"p187": 0
"p188": 0.0011083074132406038
