"p126": 0
"p127": 0
"p128": 0.0007677239806488394
"p129": 0.0002051027301243223
"p130": 2.0698440654748124E-05
"p131": 0
"p132": 0.00010349220327374062
"p133": 1.8816764231589207E-05
"p134": 0
"p135": 0
"p136": 0.004115226337448558
"p137": 0.0016558752523798499
"p138": 0.00036504522609283053
"p139": 1.6935087808430282E-05
"p140": 0.0028526214575089236
"p141": 0.0010010518571205457
"p142": 0.0001317173496211244
"p143": 5.645029269476761E-06
"p144": 5.080526342529086E-05
"p145": 0
"p146": 0
"p147": 0
"p148": 0
"p149": 0
"p150": 0
"p151": 0
"p152": 5.268693984844977E-05
"p153": 5.645029269476761E-06
"p154": 0
"p155": 0
"p156": 3.7633528463178407E-06
"p157": 0
"p158": 0
"p159": 0
"p160": 0.0003292933740528111
"p161": 7.338538050319788E-05
"p162": 5.645029269476761E-06
"p163": 0
"p164": 1.8816764231589204E-06
"p165": 0
"p166": 0
"p167": 0
"p168": 0.0058181435004073835
"p169": 0.0020623173597821764
"p170": 0.00028789649274331484
"p171": 1.8816764231589203E-05
"p172": 0.0017104438686514583
"p173": 0.00041020546024864466
"p174": 6.021364554108546E-05
"p175": 5.645029269476761E-06
"p176": 0.0005268693984844976
"p177": 0.00013359902604428333
"p178": 9.408382115794602E-06
"p179": 0
"p180": 3.7633528463178407E-06
"p181": 0
"p182": 0
"p183": 0
"p184": 0.003104766098212219
"p185": 0.0007978308034193823
"p186": 7.526705692635683E-05
"p187": 1.8816764231589204E-06
"p188": 0.0013002384084028137
