"p126": 3.7633528463178407E-06
"p127": 0
"p128": 0.00013359902604428333
"p129": 1.8816764231589203E-05
"p130": 0
"p131": 0
"p132": 0.0002709614049348845
"p133": 4.516023415581409E-05
"p134": 0
"p135": 0
"p136": 0.0009389565351563012
"p137": 0.00021451111224011693
"p138": 1.8816764231589203E-05
"p139": 0
"p140": 0.0019701152150473893
"p141": 0.0005701479562171529
"p142": 8.655711546531033E-05
"p143": 1.1290058538953523E-05
"p144": 0.00038009863747810193
"p145": 6.774035123372114E-05
"p146": 0
"p147": 0
"p148": 0.0004835908407518426
"p149": 0.00010913723254321738
"p150": 1.1290058538953523E-05
"p151": 0
"p152": 0.001136532559587988
"p153": 0.0002878964927433148
"p154": 3.0106822770542726E-05
"p155": 0
"p156": 0.002406664145220259
"p157": 0.0006999836294151184
"p158": 9.22021447347871E-05
"p159": 1.1290058538953523E-05
"p160": 9.408382115794602E-06
"p161": 0
"p162": 0
"p163": 0
"p164": 3.9515204886337324E-05
"p165": 9.408382115794602E-06
"p166": 0
"p167": 0
"p168": 0.0002483812878569775
"p169": 2.6343469924224887E-05
"p170": 0
"p171": 0
"p172": 0.0007790140391877931
"p173": 0.00017311423093062064
"p174": 7.5267056926356815E-06
"p175": 0
"p176": 1.8816764231589203E-05
"p177": 0
"p178": 0
"p179": 0
"p180": 0.00015429746669903146
"p181": 3.575185204001949E-05
"p182": 0
"p183": 0
"p184": 8.843879188846926E-05
"p185": 1.5053411385271363E-05
"p186": 0
"p187": 0
"p188": 0.0003932703724402144
