"p126": 3.575185204001949E-05
"p127": 1.8816764231589204E-06
"p128": 0
"p129": 0
"p130": 0
"p131": 0
"p132": 9.408382115794602E-06
"p133": 0
"p134": 0
"p135": 0
"p136": 3.0106822770542726E-05
"p137": 5.645029269476761E-06
"p138": 0
"p139": 0
"p140": 0.00014112573173691902
"p141": 3.575185204001949E-05
"p142": 5.645029269476761E-06
"p143": 0
"p144": 2.2580117077907045E-05
"p145": 5.645029269476761E-06
"p146": 0
"p147": 0
"p148": 4.704191057897301E-05
"p149": 1.8816764231589204E-06
"p150": 0
"p151": 0
"p152": 5.268693984844977E-05
"p153": 1.1290058538953523E-05
"p154": 0
"p155": 0
"p156": 0.00023520955289486504
"p157": 7.150370408003898E-05
"p158": 5.645029269476761E-06
"p159": 0
"p160": 0
"p161": 0
"p162": 0
"p163": 0
"p164": 0
"p165": 0
"p166": 0
"p167": 0
"p168": 1.8816764231589204E-06
"p169": 0
"p170": 0
"p171": 0
"p172": 4.516023415581409E-05
"p173": 7.5267056926356815E-06
"p174": 0
"p175": 0
"p176": 1.8816764231589204E-06
"p177": 1.8816764231589204E-06
"p178": 0
"p179": 0
"p180": 1.3171734962112444E-05
"p181": 3.7633528463178407E-06
"p182": 3.7633528463178407E-06
"p183": 0
"p184": 1.8816764231589204E-06
"p185": 0
"p186": 0
"p187": 0
"p188": 6.39769983874033E-05
