"p126": 0
"p127": 0
"p128": 0.0030972393925195827
"p129": 0.0010142235920826582
"p130": 0.00019757602443168663
"p131": 1.8816764231589203E-05
"p132": 5.645029269476761E-06
"p133": 0
"p134": 0
"p135": 0
"p136": 0.0021225310053232618
"p137": 0.0006134265139498081
"p138": 0.00010725555612005845
"p139": 2.2580117077907045E-05
"p140": 0.004803919908324725
"p141": 0.001396203905983919
"p142": 0.0001956943480085277
"p143": 7.5267056926356815E-06
"p144": 0.002346450499679174
"p145": 0.0008298193026130839
"p146": 0.0001749959073537796
"p147": 1.8816764231589203E-05
"p148": 0.0001204272910821709
"p149": 3.7633528463178407E-06
"p150": 0
"p151": 0
"p152": 0.0020322105370116344
"p153": 0.0006284799253350795
"p154": 0.00010537387969689955
"p155": 2.2580117077907045E-05
"p156": 0.005483205097085096
"p157": 0.0018835580995820791
"p158": 0.0003198849919370165
"p159": 7.5267056926356815E-06
"p160": 0.002286236854138088
"p161": 0.0006190715432192848
"p162": 7.150370408003898E-05
"p163": 0
"p164": 0
"p165": 0
"p166": 0
"p167": 0
"p168": 0.0009446015644257779
"p169": 0.0002747247577812024
"p170": 1.5053411385271365E-05
"p171": 0
"p172": 0.0016013066361082414
"p173": 0.00030671325697490405
"p174": 1.8816764231589203E-05
"p175": 0
"p176": 0.001290830026287019
"p177": 0.0002653163756654078
"p178": 2.8225146347383805E-05
"p179": 0
"p180": 3.7633528463178407E-06
"p181": 3.7633528463178407E-06
"p182": 0
"p183": 0
"p184": 0.00039138869601705546
"p185": 0.00010537387969689955
"p186": 0
"p187": 0
"p188": 0.000805357509112018
