"p126": 0
"p127": 0
"p128": 0.0007714873334951573
"p129": 0.00018816764231589203
"p130": 2.8225146347383805E-05
"p131": 0
"p132": 0
"p133": 0
"p134": 0
"p135": 0
"p136": 0.00023709122931802394
"p137": 3.7633528463178407E-05
"p138": 0
"p139": 0
"p140": 0.0002201561415095937
"p141": 4.516023415581409E-05
"p142": 0
"p143": 0
"p144": 0.00032176666836017533
"p145": 2.6343469924224887E-05
"p146": 0
"p147": 0
"p148": 1.5053411385271366E-05
"p149": 0
"p150": 0
"p151": 0
"p152": 0.00018816764231589203
"p153": 2.2580117077907045E-05
"p154": 0
"p155": 0
"p156": 0.0003838619903244198
"p157": 0.00011101890896637629
"p158": 1.5053411385271363E-05
"p159": 0
"p160": 0.004730534527821527
"p161": 0.001437600787293415
"p162": 0.0002408545821643418
"p163": 1.8816764231589203E-05
"p164": 5.645029269476761E-06
"p165": 0
"p166": 0
"p167": 0
"p168": 0.0029410602493973935
"p169": 0.0007921857741499054
"p170": 0.00012230896750532982
"p171": 2.2580117077907045E-05
"p172": 0.005959269232144301
"p173": 0.0016031883125314
"p174": 0.00020322105370116337
"p175": 7.5267056926356815E-06
"p176": 0.0032816436819891573
"p177": 0.0010687922083542666
"p178": 0.0002032210537011634
"p179": 1.8816764231589203E-05
"p180": 0.00011666393823585305
"p181": 3.7633528463178407E-06
"p182": 0
"p183": 0
"p184": 0.002404782468797101
"p185": 0.0007056286586845953
"p186": 0.00010537387969689955
"p187": 2.2580117077907045E-05
"p188": 0.005663846033708352
