"p126": 0
"p127": 0
"p128": 8.467543904215141E-05
"p129": 1.5053411385271363E-05
"p130": 1.8816764231589204E-06
"p131": 0
"p132": 0.00042337719521075724
"p133": 6.774035123372113E-05
"p134": 0
"p135": 0
"p136": 0.0015298029320282023
"p137": 0.00045724737082761767
"p138": 7.903040977267465E-05
"p139": 5.645029269476761E-06
"p140": 0.004666557529434122
"p141": 0.0016746920166114392
"p142": 0.0003029499041285862
"p143": 1.6935087808430282E-05
"p144": 0.0003085949333980629
"p145": 8.279376261899251E-05
"p146": 1.1290058538953523E-05
"p147": 0
"p148": 0.000916376418078394
"p149": 0.0002276828472022294
"p150": 2.0698440654748124E-05
"p151": 0
"p152": 0.0017574857792304315
"p153": 0.0006322432781813972
"p154": 9.972885042742277E-05
"p155": 5.645029269476761E-06
"p156": 0.004792629849785772
"p157": 0.0019644701857779124
"p158": 0.0003970337252865322
"p159": 1.6935087808430282E-05
"p160": 2.2580117077907045E-05
"p161": 5.645029269476761E-06
"p162": 0
"p163": 0
"p164": 0.00010913723254321738
"p165": 4.139688130949624E-05
"p166": 5.645029269476761E-06
"p167": 0
"p168": 0.0008411093611520374
"p169": 0.00015241579027587256
"p170": 1.3171734962112442E-05
"p171": 0
"p172": 0.0030690142461721995
"p173": 0.0009257848001941887
"p174": 4.139688130949625E-05
"p175": 1.8816764231589204E-06
"p176": 8.467543904215141E-05
"p177": 1.1290058538953523E-05
"p178": 0
"p179": 0
"p180": 0.00037821696105494305
"p181": 9.972885042742276E-05
"p182": 9.408382115794602E-06
"p183": 0
"p184": 0.000756433922109886
"p185": 9.972885042742278E-05
"p186": 1.5053411385271363E-05
"p187": 0
"p188": 0.002549671553380337
