"p126": 0
"p127": 0
"p128": 0.0002916598455896326
"p129": 8.279376261899251E-05
"p130": 1.1290058538953523E-05
"p131": 0
"p132": 0.0008712161839225799
"p133": 0.00022391949435591154
"p134": 2.0698440654748124E-05
"p135": 0
"p136": 0.0017574857792304315
"p137": 0.0006322432781813972
"p138": 9.972885042742277E-05
"p139": 5.645029269476761E-06
"p140": 0.004901767082328989
"p141": 0.0019682335386242305
"p142": 0.0003970337252865322
"p143": 1.6935087808430282E-05
"p144": 0
"p145": 0
"p146": 0
"p147": 0
"p148": 5.080526342529086E-05
"p149": 0
"p150": 0
"p151": 0
"p152": 5.645029269476761E-06
"p153": 0
"p154": 0
"p155": 0
"p156": 5.080526342529085E-05
"p157": 5.645029269476761E-06
"p158": 0
"p159": 0
"p160": 5.8331969117926534E-05
"p161": 5.645029269476761E-06
"p162": 0
"p163": 0
"p164": 0.00033117505047597004
"p165": 7.338538050319788E-05
"p166": 5.645029269476761E-06
"p167": 0
"p168": 0.0017744208670388616
"p169": 0.000472300782212889
"p170": 7.714873334951573E-05
"p171": 5.645029269476761E-06
"p172": 0.005835078588215813
"p173": 0.0020679623890516533
"p174": 0.00028225146347383805
"p175": 1.8816764231589203E-05
"p176": 0.0001298356731979655
"p177": 1.8816764231589203E-05
"p178": 0
"p179": 0
"p180": 0.0005306327513308154
"p181": 0.00013359902604428333
"p182": 9.408382115794602E-06
"p183": 0
"p184": 0.0010462120912763597
"p185": 0.00015806081954534932
"p186": 1.5053411385271363E-05
"p187": 0
"p188": 0.00322707506571755
