"p126": 0
"p127": 0
"p128": 0.0001373623788906012
"p129": 2.2580117077907045E-05
"p130": 0
"p131": 0
"p132": 1.6935087808430286E-05
"p133": 0
"p134": 0
"p135": 0
"p136": 5.645029269476761E-05
"p137": 1.1290058538953523E-05
"p138": 0
"p139": 0
"p140": 0.0001279539967748066
"p141": 2.6343469924224887E-05
"p142": 0
"p143": 0
"p144": 5.645029269476761E-06
"p145": 0
"p146": 0
"p147": 0
"p148": 0
"p149": 0
"p150": 0
"p151": 0
"p152": 0
"p153": 0
"p154": 0
"p155": 0
"p156": 0
"p157": 0
"p158": 0
"p159": 0
"p160": 0.0020924241825527197
"p161": 0.0006341249546045562
"p162": 9.972885042742278E-05
"p163": 0
"p164": 7.150370408003896E-05
"p165": 9.408382115794602E-06
"p166": 0
"p167": 0
"p168": 0.0005852013676024242
"p169": 0.000141125731736919
"p170": 7.5267056926356815E-06
"p171": 0
"p172": 0.0014470091694092095
"p173": 0.00032364834478333426
"p174": 3.387017561686057E-05
"p175": 0
"p176": 0.00040079707813285006
"p177": 0.0001016105268505817
"p178": 1.3171734962112442E-05
"p179": 0
"p180": 0
"p181": 0
"p182": 0
"p183": 0
"p184": 7.714873334951574E-05
"p185": 2.0698440654748124E-05
"p186": 0
"p187": 0
"p188": 8.843879188846926E-05
