"p126": 3.387017561686057E-05
"p127": 0
"p128": 0.00023709122931802392
"p129": 8.27937626189925E-05
"p130": 2.6343469924224887E-05
"p131": 5.645029269476761E-06
"p132": 9.408382115794602E-06
"p133": 3.7633528463178407E-06
"p134": 0
"p135": 0
"p136": 5.833196911792653E-05
"p137": 2.6343469924224887E-05
"p138": 3.7633528463178407E-06
"p139": 0
"p140": 0.0003838619903244198
"p141": 0.00013736237889060116
"p142": 1.6935087808430286E-05
"p143": 0
"p144": 0
"p145": 0
"p146": 0
"p147": 0
"p148": 1.8816764231589204E-06
"p149": 1.8816764231589204E-06
"p150": 0
"p151": 0
"p152": 0
"p153": 0
"p154": 0
"p155": 0
"p156": 0
"p157": 0
"p158": 0
"p159": 0
"p160": 0.0003123582862443808
"p161": 9.972885042742276E-05
"p162": 3.3870175616860565E-05
"p163": 5.645029269476761E-06
"p164": 0
"p165": 0
"p166": 0
"p167": 0
"p168": 4.8923587002131926E-05
"p169": 1.8816764231589203E-05
"p170": 3.7633528463178407E-06
"p171": 0
"p172": 0.00015994249596850825
"p173": 4.327855773265516E-05
"p174": 7.5267056926356815E-06
"p175": 1.8816764231589204E-06
"p176": 0.0001279539967748066
"p177": 4.3278557732655166E-05
"p178": 1.3171734962112442E-05
"p179": 0
"p180": 0
"p181": 0
"p182": 0
"p183": 0
"p184": 1.1290058538953523E-05
"p185": 0
"p186": 0
"p187": 0
"p188": 9.596549758110493E-05
