"p126": 0
"p127": 0
"p128": 5.456861627160869E-05
"p129": 3.7633528463178407E-06
"p130": 0
"p131": 0
"p132": 0
"p133": 0
"p134": 0
"p135": 0
"p136": 0.000237091229318024
"p137": 3.7633528463178407E-05
"p138": 0
"p139": 0
"p140": 2.6343469924224887E-05
"p141": 1.8816764231589204E-06
"p142": 0
"p143": 0
"p144": 0
"p145": 0
"p146": 0
"p147": 0
"p148": 0
"p149": 0
"p150": 0
"p151": 0
"p152": 2.2580117077907045E-05
"p153": 0
"p154": 0
"p155": 0
"p156": 0
"p157": 0
"p158": 0
"p159": 0
"p160": 0.00023520955289486504
"p161": 2.6343469924224887E-05
"p162": 0
"p163": 0
"p164": 3.575185204001949E-05
"p165": 3.7633528463178407E-06
"p166": 0
"p167": 0
"p168": 0.002256130031367545
"p169": 0.0007131553643772308
"p170": 9.784717400426384E-05
"p171": 0
"p172": 0.0008881512717310103
"p173": 0.00021639278866327584
"p174": 5.645029269476761E-06
"p175": 0
"p176": 5.645029269476761E-05
"p177": 7.5267056926356815E-06
"p178": 0
"p179": 0
"p180": 0
"p181": 0
"p182": 0
"p183": 0
"p184": 0.0007827773920341108
"p185": 0.00021827446508643477
"p186": 1.8816764231589203E-05
"p187": 0
"p188": 0.0002483812878569775
