"p126": 1.1290058538953523E-05
"p127": 0
"p128": 0.00014300740816007796
"p129": 2.2580117077907045E-05
"p130": 5.645029269476761E-06
"p131": 0
"p132": 0.0002860148163201559
"p133": 9.22021447347871E-05
"p134": 2.6343469924224884E-05
"p135": 5.645029269476761E-06
"p136": 1.1290058538953523E-05
"p137": 0
"p138": 0
"p139": 0
"p140": 0.00012607232035164766
"p141": 4.8923587002131926E-05
"p142": 5.645029269476761E-06
"p143": 0
"p144": 0.00019945770085484557
"p145": 5.080526342529085E-05
"p146": 1.1290058538953523E-05
"p147": 0
"p148": 0.0002690797285117256
"p149": 0.00010913723254321738
"p150": 3.0106822770542726E-05
"p151": 5.645029269476761E-06
"p152": 1.5053411385271363E-05
"p153": 0
"p154": 0
"p155": 0
"p156": 0.0002897781691664738
"p157": 0.00011666393823585307
"p158": 1.6935087808430286E-05
"p159": 0
"p160": 3.0106822770542726E-05
"p161": 0
"p162": 0
"p163": 0
"p164": 0.00013736237889060116
"p165": 4.516023415581409E-05
"p166": 1.1290058538953523E-05
"p167": 0
"p168": 0
"p169": 0
"p170": 0
"p171": 0
"p172": 1.8816764231589204E-06
"p173": 1.8816764231589204E-06
"p174": 1.8816764231589204E-06
"p175": 1.8816764231589204E-06
"p176": 1.3171734962112444E-05
"p177": 1.8816764231589204E-06
"p178": 1.8816764231589204E-06
"p179": 0
"p180": 6.774035123372113E-05
"p181": 2.2580117077907045E-05
"p182": 1.1290058538953523E-05
"p183": 0
"p184": 0
"p185": 0
"p186": 0
"p187": 0
"p188": 2.8225146347383805E-05
