"p126": 1.1290058538953523E-05
"p127": 0
"p128": 2.8225146347383805E-05
"p129": 5.645029269476761E-06
"p130": 0
"p131": 0
"p132": 0.00013548070246744229
"p133": 3.575185204001949E-05
"p134": 5.645029269476761E-06
"p135": 0
"p136": 1.8816764231589204E-06
"p137": 0
"p138": 0
"p139": 0
"p140": 2.2580117077907045E-05
"p141": 5.645029269476761E-06
"p142": 0
"p143": 0
"p144": 5.645029269476761E-05
"p145": 1.1290058538953523E-05
"p146": 0
"p147": 0
"p148": 0.0001862859658927331
"p149": 5.2686939848449775E-05
"p150": 5.645029269476761E-06
"p151": 0
"p152": 1.8816764231589204E-06
"p153": 0
"p154": 0
"p155": 0
"p156": 0.00010537387969689954
"p157": 2.0698440654748124E-05
"p158": 0
"p159": 0
"p160": 1.8816764231589204E-06
"p161": 0
"p162": 0
"p163": 0
"p164": 4.516023415581409E-05
"p165": 7.5267056926356815E-06
"p166": 0
"p167": 0
"p168": 0
"p169": 0
"p170": 0
"p171": 0
"p172": 1.8816764231589204E-06
"p173": 1.8816764231589204E-06
"p174": 1.8816764231589204E-06
"p175": 0
"p176": 3.7633528463178407E-06
"p177": 1.8816764231589204E-06
"p178": 0
"p179": 0
"p180": 6.209532196424438E-05
"p181": 1.5053411385271363E-05
"p182": 0
"p183": 0
"p184": 0
"p185": 0
"p186": 0
"p187": 0
"p188": 1.3171734962112444E-05
