"p126": 0
"p127": 0
"p128": 0.00019757602443168663
"p129": 2.2580117077907045E-05
"p130": 0
"p131": 0
"p132": 0
"p133": 0
"p134": 0
"p135": 0
"p136": 0.0005136976635223853
"p137": 4.7041910578973015E-05
"p138": 0
"p139": 0
"p140": 0.00010161052685058171
"p141": 2.2580117077907045E-05
"p142": 0
"p143": 0
"p144": 0
"p145": 0
"p146": 0
"p147": 0
"p148": 0
"p149": 0
"p150": 0
"p151": 0
"p152": 3.951520488633733E-05
"p153": 0
"p154": 0
"p155": 0
"p156": 0
"p157": 0
"p158": 0
"p159": 0
"p160": 0.0009333115058868245
"p161": 0.00018816764231589203
"p162": 2.2580117077907045E-05
"p163": 0
"p164": 0.0001844042894695742
"p165": 1.8816764231589203E-05
"p166": 0
"p167": 0
"p168": 0.010829047815279587
"p169": 0.0032063766250628
"p170": 0.0006040181318340133
"p171": 8.27937626189925E-05
"p172": 0.008616196341644695
"p173": 0.0025816600525740384
"p174": 0.0004440756358655052
"p175": 1.5053411385271363E-05
"p176": 0.0002747247577812024
"p177": 7.150370408003898E-05
"p178": 1.1290058538953523E-05
"p179": 0
"p180": 3.7633528463178407E-06
"p181": 0
"p182": 0
"p183": 0
"p184": 0.002359622234641286
"p185": 0.0005475678391392458
"p186": 3.951520488633733E-05
"p187": 0
"p188": 0.0013604520539438993
