"p126": 0
"p127": 0
"p128": 0.0001279539967748066
"p129": 1.1290058538953523E-05
"p130": 0
"p131": 0
"p132": 9.408382115794602E-06
"p133": 5.645029269476761E-06
"p134": 0
"p135": 0
"p136": 5.456861627160869E-05
"p137": 9.408382115794602E-06
"p138": 0
"p139": 0
"p140": 0.00014488908458323683
"p141": 4.704191057897301E-05
"p142": 7.5267056926356815E-06
"p143": 0
"p144": 1.6935087808430286E-05
"p145": 0
"p146": 0
"p147": 0
"p148": 0
"p149": 0
"p150": 0
"p151": 0
"p152": 0
"p153": 0
"p154": 0
"p155": 0
"p156": 0
"p157": 0
"p158": 0
"p159": 0
"p160": 0.002306935294792836
"p161": 0.0006679951302214168
"p162": 0.00014112573173691902
"p163": 1.1290058538953523E-05
"p164": 5.64502926947676E-05
"p165": 3.7633528463178407E-06
"p166": 0
"p167": 0
"p168": 0.0012306163807459338
"p169": 0.0003838619903244197
"p170": 7.903040977267465E-05
"p171": 2.2580117077907045E-05
"p172": 0.003358792415338673
"p173": 0.0010123419156594991
"p174": 0.00013548070246744226
"p175": 0
"p176": 0.00047418245863604794
"p177": 0.000141125731736919
"p178": 1.3171734962112442E-05
"p179": 0
"p180": 0
"p181": 0
"p182": 0
"p183": 0
"p184": 0.00028789649274331484
"p185": 6.585867481056221E-05
"p186": 0
"p187": 0
"p188": 0.0004365489301728695
