"p126": 8.655711546531033E-05
"p127": 0
"p128": 1.8816764231589204E-06
"p129": 0
"p130": 0
"p131": 0
"p132": 1.6935087808430286E-05
"p133": 0
"p134": 0
"p135": 0
"p136": 0
"p137": 0
"p138": 0
"p139": 0
"p140": 0
"p141": 0
"p142": 0
"p143": 0
"p144": 0
"p145": 0
"p146": 0
"p147": 0
"p148": 1.6935087808430286E-05
"p149": 0
"p150": 0
"p151": 0
"p152": 0
"p153": 0
"p154": 0
"p155": 0
"p156": 9.408382115794602E-06
"p157": 0
"p158": 0
"p159": 0
"p160": 2.8225146347383805E-05
"p161": 5.645029269476761E-06
"p162": 0
"p163": 0
"p164": 0.00015241579027587256
"p165": 3.575185204001949E-05
"p166": 5.645029269476761E-06
"p167": 0
"p168": 1.8816764231589204E-06
"p169": 0
"p170": 0
"p171": 0
"p172": 2.2580117077907045E-05
"p173": 5.645029269476761E-06
"p174": 0
"p175": 0
"p176": 5.833196911792653E-05
"p177": 1.1290058538953523E-05
"p178": 0
"p179": 0
"p180": 0.0002013393772780045
"p181": 5.2686939848449775E-05
"p182": 5.645029269476761E-06
"p183": 0
"p184": 1.8816764231589204E-06
"p185": 0
"p186": 0
"p187": 0
"p188": 0.00010537387969689954
