"p126": 6.021364554108545E-05
"p127": 0
"p128": 8.655711546531033E-05
"p129": 3.575185204001948E-05
"p130": 5.645029269476761E-06
"p131": 0
"p132": 8.091208619583357E-05
"p133": 3.198849919370165E-05
"p134": 0
"p135": 0
"p136": 0.00019945770085484557
"p137": 4.516023415581409E-05
"p138": 1.1290058538953523E-05
"p139": 0
"p140": 0.00044031228301918735
"p141": 0.00017123255450746173
"p142": 4.139688130949625E-05
"p143": 5.645029269476761E-06
"p144": 0
"p145": 0
"p146": 0
"p147": 0
"p148": 1.8816764231589204E-06
"p149": 1.8816764231589204E-06
"p150": 0
"p151": 0
"p152": 0
"p153": 0
"p154": 0
"p155": 0
"p156": 0
"p157": 0
"p158": 0
"p159": 0
"p160": 2.2580117077907045E-05
"p161": 5.645029269476761E-06
"p162": 0
"p163": 0
"p164": 3.387017561686057E-05
"p165": 1.1290058538953523E-05
"p166": 1.8816764231589204E-06
"p167": 1.8816764231589204E-06
"p168": 0.0001373623788906012
"p169": 1.8816764231589203E-05
"p170": 5.645029269476761E-06
"p171": 0
"p172": 0.00041020546024864466
"p173": 0.00013548070246744226
"p174": 3.7633528463178407E-05
"p175": 5.645029269476761E-06
"p176": 9.408382115794602E-06
"p177": 7.5267056926356815E-06
"p178": 1.8816764231589204E-06
"p179": 0
"p180": 4.139688130949624E-05
"p181": 1.1290058538953523E-05
"p182": 1.8816764231589204E-06
"p183": 1.8816764231589204E-06
"p184": 5.6450292694767617E-05
"p185": 3.7633528463178407E-06
"p186": 0
"p187": 0
"p188": 0.00016935087808430283
