"p126": 0
"p127": 0
"p128": 0.00041773216594128044
"p129": 6.774035123372113E-05
"p130": 0
"p131": 0
"p132": 5.645029269476761E-06
"p133": 0
"p134": 0
"p135": 0
"p136": 0.004348554213920265
"p137": 0.001578726519030334
"p138": 0.0002935415220127916
"p139": 1.6935087808430282E-05
"p140": 0.0018986115109673502
"p141": 0.0005080526342529086
"p142": 7.903040977267465E-05
"p143": 5.645029269476761E-06
"p144": 0.0008128842148046535
"p145": 0.00020886608297064017
"p146": 2.0698440654748124E-05
"p147": 0
"p148": 0.00010349220327374062
"p149": 1.8816764231589207E-05
"p150": 0
"p151": 0
"p152": 0.003979745634981116
"p153": 0.0016445851938408963
"p154": 0.00036504522609283053
"p155": 1.6935087808430282E-05
"p156": 0.0028940183388184194
"p157": 0.0010085785628131813
"p158": 0.0001317173496211244
"p159": 5.645029269476761E-06
"p160": 0.00010913723254321738
"p161": 4.139688130949624E-05
"p162": 5.645029269476761E-06
"p163": 0
"p164": 0
"p165": 0
"p166": 0
"p167": 0
"p168": 0.003095357716096424
"p169": 0.0009370748587331423
"p170": 4.327855773265517E-05
"p171": 1.8816764231589204E-06
"p172": 0.0007884224213035876
"p173": 0.00011854561465901199
"p174": 1.1290058538953523E-05
"p175": 0
"p176": 0.00037821696105494305
"p177": 9.972885042742276E-05
"p178": 9.408382115794602E-06
"p179": 0
"p180": 0
"p181": 0
"p182": 0
"p183": 0
"p184": 0.002568488317611926
"p185": 0.0006209532196424437
"p186": 4.1396881309496255E-05
"p187": 1.8816764231589204E-06
"p188": 0.0007865407448804287
