"p126": 0
"p127": 0
"p128": 0.0006134265139498081
"p129": 0.00016370584881482606
"p130": 1.3171734962112442E-05
"p131": 0
"p132": 0
"p133": 0
"p134": 0
"p135": 0
"p136": 0.00042714054805707494
"p137": 0.00019193099516220984
"p138": 3.763352846317841E-05
"p139": 0
"p140": 0.0005532128684087226
"p141": 0.0001204272910821709
"p142": 3.7633528463178407E-06
"p143": 0
"p144": 0.0005776746619097885
"p145": 0.00015241579027587253
"p146": 1.3171734962112442E-05
"p147": 0
"p148": 3.575185204001949E-05
"p149": 1.8816764231589204E-06
"p150": 0
"p151": 0
"p152": 0.00044595731228866414
"p153": 0.00019381267158536877
"p154": 4.892358700213193E-05
"p155": 0
"p156": 0.0009427198880026192
"p157": 0.0002521446407032953
"p158": 9.408382115794602E-06
"p159": 0
"p160": 0.0003424651090149235
"p161": 7.903040977267465E-05
"p162": 1.8816764231589204E-06
"p163": 0
"p164": 0
"p165": 0
"p166": 0
"p167": 0
"p168": 0.00023520955289486504
"p169": 0.00011666393823585304
"p170": 0
"p171": 0
"p172": 0.00015806081954534927
"p173": 1.5053411385271363E-05
"p174": 3.7633528463178407E-06
"p175": 0
"p176": 0.0004459573122886641
"p177": 9.408382115794603E-05
"p178": 1.8816764231589204E-06
"p179": 0
"p180": 5.645029269476761E-06
"p181": 0
"p182": 0
"p183": 0
"p184": 0.00014488908458323686
"p185": 6.397699838740328E-05
"p186": 0
"p187": 0
"p188": 0.00025026296428013644
