"p126": 0
"p127": 0
"p128": 5.645029269476761E-05
"p129": 1.1290058538953523E-05
"p130": 0
"p131": 0
"p132": 0.0002878964927433148
"p133": 8.091208619583358E-05
"p134": 1.3171734962112442E-05
"p135": 0
"p136": 0
"p137": 0
"p138": 0
"p139": 0
"p140": 4.139688130949625E-05
"p141": 1.1290058538953523E-05
"p142": 0
"p143": 0
"p144": 5.645029269476761E-05
"p145": 1.3171734962112442E-05
"p146": 0
"p147": 0
"p148": 0.0001768775837769385
"p149": 2.4461793501065963E-05
"p150": 0
"p151": 0
"p152": 0
"p153": 0
"p154": 0
"p155": 0
"p156": 0.00010913723254321738
"p157": 3.575185204001949E-05
"p158": 7.5267056926356815E-06
"p159": 0
"p160": 0.0008655711546531033
"p161": 0.00021262943581695798
"p162": 2.4461793501065966E-05
"p163": 0
"p164": 0.0018534512768115367
"p165": 0.0006171898667961258
"p166": 0.00012419064392848875
"p167": 1.6935087808430286E-05
"p168": 0.00023520955289486507
"p169": 3.9515204886337324E-05
"p170": 0
"p171": 0
"p172": 0.0008712161839225803
"p173": 0.0002427362585875007
"p174": 2.0698440654748124E-05
"p175": 0
"p176": 0.0008392276847288785
"p177": 0.00022015614150959365
"p178": 3.0106822770542726E-05
"p179": 0
"p180": 0.0016107150182240355
"p181": 0.0005513311919855636
"p182": 0.00010725555612005845
"p183": 1.6935087808430286E-05
"p184": 0.0002709614049348845
"p185": 5.833196911792654E-05
"p186": 0
"p187": 0
"p188": 0.001439482463716574
