"p126": 0
"p127": 0
"p128": 0.0006679951302214168
"p129": 0.00018064093662325636
"p130": 2.4461793501065966E-05
"p131": 0
"p132": 0.001302120084825973
"p133": 0.00046101072367393553
"p134": 0.00010725555612005847
"p135": 1.6935087808430286E-05
"p136": 0.0002107477593937991
"p137": 3.9515204886337324E-05
"p138": 0
"p139": 0
"p140": 0.0008185292440741303
"p141": 0.00023709122931802397
"p142": 2.0698440654748124E-05
"p143": 0
"p144": 0.0007827773920341109
"p145": 0.0002088660829706401
"p146": 3.0106822770542726E-05
"p147": 0
"p148": 0.001258841527093318
"p149": 0.00043278557732655173
"p150": 9.4083821157946E-05
"p151": 1.6935087808430286E-05
"p152": 0.0002709614049348845
"p153": 5.833196911792654E-05
"p154": 0
"p155": 0
"p156": 0.0014263107287544616
"p157": 0.0004384306065960285
"p158": 5.456861627160869E-05
"p159": 0
"p160": 0.00027848811062752024
"p161": 4.3278557732655166E-05
"p162": 0
"p163": 0
"p164": 0.0007564339221098859
"p165": 0.000259671346395931
"p166": 4.1396881309496255E-05
"p167": 0
"p168": 3.763352846317841E-05
"p169": 5.645029269476761E-06
"p170": 0
"p171": 0
"p172": 8.091208619583357E-05
"p173": 1.6935087808430286E-05
"p174": 5.645029269476761E-06
"p175": 1.8816764231589204E-06
"p176": 0.0002201561415095937
"p177": 3.198849919370165E-05
"p178": 1.8816764231589204E-06
"p179": 0
"p180": 0.0004309039009033928
"p181": 0.00014112573173691902
"p182": 2.4461793501065963E-05
"p183": 0
"p184": 1.3171734962112444E-05
"p185": 5.645029269476761E-06
"p186": 0
"p187": 0
"p188": 0.00010537387969689955
