"p126": 0
"p127": 0
"p128": 0.0009803534164657974
"p129": 0.00028225146347383805
"p130": 5.456861627160869E-05
"p131": 5.645029269476761E-06
"p132": 5.64502926947676E-05
"p133": 3.7633528463178407E-06
"p134": 0
"p135": 0
"p136": 0.0006322432781813973
"p137": 0.00020886608297064017
"p138": 3.9515204886337324E-05
"p139": 1.1290058538953523E-05
"p140": 0.0020867791532832424
"p141": 0.0006774035123372113
"p142": 9.596549758110493E-05
"p143": 0
"p144": 1.3171734962112444E-05
"p145": 0
"p146": 0
"p147": 0
"p148": 1.8816764231589204E-06
"p149": 1.8816764231589204E-06
"p150": 0
"p151": 0
"p152": 0
"p153": 0
"p154": 0
"p155": 0
"p156": 0
"p157": 0
"p158": 0
"p159": 0
"p160": 0.001317173496211244
"p161": 0.00040079707813285006
"p162": 9.784717400426385E-05
"p163": 5.645029269476761E-06
"p164": 0
"p165": 0
"p166": 0
"p167": 0
"p168": 0.000611544837526649
"p169": 0.00022203781793275258
"p170": 3.9515204886337324E-05
"p171": 1.1290058538953523E-05
"p172": 0.0013134101433649264
"p173": 0.0003349384033222878
"p174": 4.516023415581409E-05
"p175": 1.8816764231589204E-06
"p176": 0.000541922809869769
"p177": 0.00014300740816007793
"p178": 2.6343469924224884E-05
"p179": 0
"p180": 0
"p181": 0
"p182": 0
"p183": 0
"p184": 0.0002860148163201559
"p185": 8.279376261899251E-05
"p186": 0
"p187": 0
"p188": 0.0006341249546045561
