"p126": 0
"p127": 0
"p128": 1.8816764231589203E-05
"p129": 0
"p130": 0
"p131": 0
"p132": 0.00035940019682335374
"p133": 7.903040977267466E-05
"p134": 1.8816764231589204E-06
"p135": 0
"p136": 0
"p137": 0
"p138": 0
"p139": 0
"p140": 5.2686939848449775E-05
"p141": 5.645029269476761E-06
"p142": 0
"p143": 0
"p144": 2.6343469924224887E-05
"p145": 1.8816764231589204E-06
"p146": 0
"p147": 0
"p148": 0.0002464996114338186
"p149": 3.7633528463178407E-05
"p150": 0
"p151": 0
"p152": 0
"p153": 0
"p154": 0
"p155": 0
"p156": 9.784717400426385E-05
"p157": 3.7633528463178407E-05
"p158": 3.7633528463178407E-06
"p159": 0
"p160": 0.0002671980520885667
"p161": 3.387017561686057E-05
"p162": 0
"p163": 0
"p164": 0.001366097083213376
"p165": 0.0004610107236739355
"p166": 5.080526342529086E-05
"p167": 0
"p168": 1.8816764231589203E-05
"p169": 1.8816764231589204E-06
"p170": 0
"p171": 0
"p172": 0.00030859493339806287
"p173": 7.714873334951572E-05
"p174": 3.7633528463178407E-06
"p175": 0
"p176": 0.0002897781691664738
"p177": 5.833196911792653E-05
"p178": 0
"p179": 0
"p180": 0.001486524374295547
"p181": 0.0004704191057897301
"p182": 6.39769983874033E-05
"p183": 0
"p184": 3.198849919370165E-05
"p185": 1.8816764231589204E-06
"p186": 0
"p187": 0
"p188": 0.0006642317773750989
