"p126": 0
"p127": 0
"p128": 0.0005306327513308156
"p129": 0.00011290058538953525
"p130": 1.1290058538953523E-05
"p131": 0
"p132": 1.3171734962112444E-05
"p133": 0
"p134": 0
"p135": 0
"p136": 0.0049299922286763715
"p137": 0.0015448563434134733
"p138": 0.00029354152201279153
"p139": 4.1396881309496255E-05
"p140": 0.00407759280898538
"p141": 0.00118545614659012
"p142": 0.00018440428946957417
"p143": 7.5267056926356815E-06
"p144": 0.0006021364554108545
"p145": 0.00014677076100639576
"p146": 2.2580117077907045E-05
"p147": 0
"p148": 0.0001749959073537796
"p149": 1.8816764231589203E-05
"p150": 0
"p151": 0
"p152": 0.004079474485408539
"p153": 0.0013642154067902172
"p154": 0.00026907972851172564
"p155": 4.1396881309496255E-05
"p156": 0.0049544540221774375
"p157": 0.0016427035174177377
"p158": 0.0002973048748591094
"p159": 7.5267056926356815E-06
"p160": 9.220214473478709E-05
"p161": 3.575185204001949E-05
"p162": 0
"p163": 0
"p164": 0
"p165": 0
"p166": 0
"p167": 0
"p168": 0.0031649797437533042
"p169": 0.0008730978603457389
"p170": 8.655711546531035E-05
"p171": 0
"p172": 0.0014902877271418646
"p173": 0.0002766064342043613
"p174": 7.5267056926356815E-06
"p175": 0
"p176": 0.0002615530228190899
"p177": 7.338538050319788E-05
"p178": 0
"p179": 0
"p180": 0
"p181": 0
"p182": 0
"p183": 0
"p184": 0.001625768429609307
"p185": 0.0003499918147075592
"p186": 2.8225146347383805E-05
"p187": 0
"p188": 0.000637888307450874
