"p126": 0
"p127": 0
"p128": 0
"p129": 0
"p130": 0
"p131": 0
"p132": 1.8816764231589203E-05
"p133": 0
"p134": 0
"p135": 0
"p136": 1.8816764231589203E-05
"p137": 0
"p138": 0
"p139": 0
"p140": 0.00035940019682335374
"p141": 7.903040977267466E-05
"p142": 1.8816764231589204E-06
"p143": 0
"p144": 0
"p145": 0
"p146": 0
"p147": 0
"p148": 6.209532196424438E-05
"p149": 3.7633528463178407E-06
"p150": 0
"p151": 0
"p152": 2.6343469924224887E-05
"p153": 1.8816764231589204E-06
"p154": 0
"p155": 0
"p156": 0.000235209552894865
"p157": 3.7633528463178407E-05
"p158": 0
"p159": 0
"p160": 7.5267056926356815E-06
"p161": 0
"p162": 0
"p163": 0
"p164": 7.338538050319788E-05
"p165": 9.408382115794602E-06
"p166": 0
"p167": 0
"p168": 0.0002747247577812024
"p169": 3.387017561686057E-05
"p170": 0
"p171": 0
"p172": 0.001509104491373454
"p173": 0.00048735419359816035
"p174": 5.080526342529086E-05
"p175": 0
"p176": 5.8331969117926534E-05
"p177": 5.645029269476761E-06
"p178": 0
"p179": 0
"p180": 0.0002464996114338186
"p181": 3.010682277054273E-05
"p182": 0
"p183": 0
"p184": 0.0002991865512822683
"p185": 5.833196911792653E-05
"p186": 0
"p187": 0
"p188": 0.001815817748348358
