"p126": 0
"p127": 0
"p128": 0.0010575021498153132
"p129": 0.00034811013828440026
"p130": 6.209532196424438E-05
"p131": 0
"p132": 6.774035123372113E-05
"p133": 9.408382115794602E-06
"p134": 0
"p135": 0
"p136": 0.0003518734911307181
"p137": 8.467543904215141E-05
"p138": 3.7633528463178407E-06
"p139": 0
"p140": 0.0010424487384300418
"p141": 0.00023520955289486501
"p142": 2.6343469924224887E-05
"p143": 0
"p144": 5.645029269476761E-06
"p145": 0
"p146": 0
"p147": 0
"p148": 5.645029269476761E-06
"p149": 0
"p150": 0
"p151": 0
"p152": 0
"p153": 0
"p154": 0
"p155": 0
"p156": 0
"p157": 0
"p158": 0
"p159": 0
"p160": 0.0012287347043227748
"p161": 0.00036504522609283053
"p162": 3.763352846317841E-05
"p163": 0
"p164": 3.7633528463178407E-06
"p165": 0
"p166": 0
"p167": 0
"p168": 0.00026155302281908997
"p169": 5.6450292694767617E-05
"p170": 3.7633528463178407E-06
"p171": 0
"p172": 0.00042714054805707494
"p173": 0.00010349220327374062
"p174": 9.408382115794602E-06
"p175": 0
"p176": 0.0006999836294151184
"p177": 0.00016935087808430283
"p178": 1.3171734962112442E-05
"p179": 0
"p180": 1.5053411385271363E-05
"p181": 5.645029269476761E-06
"p182": 0
"p183": 0
"p184": 9.032046831162818E-05
"p185": 2.0698440654748124E-05
"p186": 0
"p187": 0
"p188": 0.00022956452362538827
