"p126": 0
"p127": 0
"p128": 1.8816764231589204E-06
"p129": 0
"p130": 0
"p131": 0
"p132": 0
"p133": 0
"p134": 0
"p135": 0
"p136": 0.00018628596589273313
"p137": 2.6343469924224887E-05
"p138": 1.8816764231589204E-06
"p139": 0
"p140": 1.3171734962112442E-05
"p141": 1.8816764231589204E-06
"p142": 0
"p143": 0
"p144": 8.467543904215143E-05
"p145": 1.3171734962112444E-05
"p146": 0
"p147": 0
"p148": 0
"p149": 0
"p150": 0
"p151": 0
"p152": 0.00019945770085484557
"p153": 3.387017561686057E-05
"p154": 0
"p155": 0
"p156": 2.0698440654748124E-05
"p157": 1.8816764231589204E-06
"p158": 0
"p159": 0
"p160": 0.0001373623788906012
"p161": 1.8816764231589203E-05
"p162": 0
"p163": 0
"p164": 0
"p165": 0
"p166": 0
"p167": 0
"p168": 0.0015298029320282023
"p169": 0.000447838988711823
"p170": 5.080526342529085E-05
"p171": 0
"p172": 0.0002897781691664737
"p173": 5.456861627160869E-05
"p174": 5.645029269476761E-06
"p175": 0
"p176": 0.0003650452260928306
"p177": 7.714873334951574E-05
"p178": 5.645029269476761E-06
"p179": 0
"p180": 3.575185204001949E-05
"p181": 3.7633528463178407E-06
"p182": 0
"p183": 0
"p184": 0.0015975432832619236
"p185": 0.0004817091643286836
"p186": 6.774035123372113E-05
"p187": 0
"p188": 0.0007451438635709326
