"p126": 0
"p127": 0
"p128": 3.9515204886337324E-05
"p129": 9.408382115794602E-06
"p130": 0
"p131": 0
"p132": 0
"p133": 0
"p134": 0
"p135": 0
"p136": 0.00029165984558963265
"p137": 9.22021447347871E-05
"p138": 2.6343469924224884E-05
"p139": 5.645029269476761E-06
"p140": 0.00015053411385271363
"p141": 3.387017561686057E-05
"p142": 5.645029269476761E-06
"p143": 0
"p144": 6.962202765688005E-05
"p145": 3.198849919370165E-05
"p146": 0
"p147": 0
"p148": 2.0698440654748124E-05
"p149": 5.645029269476761E-06
"p150": 0
"p151": 0
"p152": 0.0002860148163201559
"p153": 0.00010913723254321738
"p154": 3.0106822770542726E-05
"p155": 5.645029269476761E-06
"p156": 0.00036316354966967166
"p157": 0.00011854561465901199
"p158": 1.6935087808430286E-05
"p159": 0
"p160": 1.8816764231589204E-06
"p161": 1.8816764231589204E-06
"p162": 1.8816764231589204E-06
"p163": 1.8816764231589204E-06
"p164": 0
"p165": 0
"p166": 0
"p167": 0
"p168": 0.00013736237889060116
"p169": 4.516023415581409E-05
"p170": 1.1290058538953523E-05
"p171": 0
"p172": 1.6935087808430282E-05
"p173": 0
"p174": 0
"p175": 0
"p176": 2.6343469924224884E-05
"p177": 7.5267056926356815E-06
"p178": 1.8816764231589204E-06
"p179": 1.8816764231589204E-06
"p180": 0
"p181": 0
"p182": 0
"p183": 0
"p184": 6.774035123372113E-05
"p185": 2.2580117077907045E-05
"p186": 1.1290058538953523E-05
"p187": 0
"p188": 1.3171734962112442E-05
