"p126": 0
"p127": 0
"p128": 0.0008392276847288785
"p129": 0.0002032210537011634
"p130": 1.8816764231589203E-05
"p131": 0
"p132": 0.0015448563434134737
"p133": 0.00048170916432868367
"p134": 8.655711546531033E-05
"p135": 1.1290058538953523E-05
"p136": 0.00017687758377693853
"p137": 2.8225146347383808E-05
"p138": 0
"p139": 0
"p140": 0.0008222925969204481
"p141": 0.00018064093662325633
"p142": 3.7633528463178407E-06
"p143": 0
"p144": 0.001014223592082658
"p145": 0.0002690797285117256
"p146": 3.0106822770542726E-05
"p147": 0
"p148": 0.0015335662848745197
"p149": 0.0004854725171750014
"p150": 8.091208619583357E-05
"p151": 1.1290058538953523E-05
"p152": 0.00023709122931802392
"p153": 3.575185204001949E-05
"p154": 0
"p155": 0
"p156": 0.0014752343157565934
"p157": 0.00038009863747810193
"p158": 2.6343469924224884E-05
"p159": 0
"p160": 0.00024273625858750068
"p161": 2.6343469924224887E-05
"p162": 0
"p163": 0
"p164": 0.0007601972749562039
"p165": 0.00017311423093062064
"p166": 7.5267056926356815E-06
"p167": 0
"p168": 1.5053411385271363E-05
"p169": 1.8816764231589204E-06
"p170": 0
"p171": 0
"p172": 6.585867481056218E-05
"p173": 1.1290058538953523E-05
"p174": 3.7633528463178407E-06
"p175": 0
"p176": 9.784717400426387E-05
"p177": 1.5053411385271363E-05
"p178": 0
"p179": 0
"p180": 0.0003612818732465127
"p181": 8.091208619583358E-05
"p182": 1.8816764231589204E-06
"p183": 0
"p184": 9.408382115794602E-06
"p185": 1.8816764231589204E-06
"p186": 0
"p187": 0
"p188": 0.00014677076100639576
