"p126": 0
"p127": 0
"p128": 0.00020886608297064017
"p129": 2.6343469924224887E-05
"p130": 0
"p131": 0
"p132": 3.575185204001949E-05
"p133": 3.7633528463178407E-06
"p134": 0
"p135": 0
"p136": 0.001040567062006883
"p137": 0.0003443467854380824
"p138": 6.209532196424438E-05
"p139": 0
"p140": 0.0006943386001456416
"p141": 0.00019004931873905096
"p142": 5.645029269476761E-06
"p143": 0
"p144": 7.5267056926356815E-06
"p145": 0
"p146": 0
"p147": 0
"p148": 0
"p149": 0
"p150": 0
"p151": 0
"p152": 1.6935087808430286E-05
"p153": 0
"p154": 0
"p155": 0
"p156": 0
"p157": 0
"p158": 0
"p159": 0
"p160": 4.892358700213193E-05
"p161": 5.645029269476761E-06
"p162": 0
"p163": 0
"p164": 0
"p165": 0
"p166": 0
"p167": 0
"p168": 0.0012099179400911855
"p169": 0.0004214955187875982
"p170": 3.575185204001949E-05
"p171": 0
"p172": 0.00023897290574118288
"p173": 2.6343469924224887E-05
"p174": 0
"p175": 0
"p176": 0.00011290058538953522
"p177": 2.0698440654748124E-05
"p178": 3.7633528463178407E-06
"p179": 0
"p180": 0
"p181": 0
"p182": 0
"p183": 0
"p184": 0.0008222925969204481
"p185": 0.00023709122931802392
"p186": 1.8816764231589203E-05
"p187": 0
"p188": 0.00040079707813285006
