"p126": 0
"p127": 0
"p128": 0
"p129": 0
"p130": 0
"p131": 0
"p132": 1.3171734962112444E-05
"p133": 0
"p134": 0
"p135": 0
"p136": 5.645029269476761E-05
"p137": 1.1290058538953523E-05
"p138": 0
"p139": 0
"p140": 0.0002878964927433148
"p141": 8.091208619583358E-05
"p142": 1.3171734962112442E-05
"p143": 0
"p144": 0
"p145": 0
"p146": 0
"p147": 0
"p148": 8.091208619583357E-05
"p149": 1.5053411385271363E-05
"p150": 0
"p151": 0
"p152": 5.645029269476761E-05
"p153": 1.3171734962112442E-05
"p154": 0
"p155": 0
"p156": 0.0001674692016611439
"p157": 1.8816764231589203E-05
"p158": 0
"p159": 0
"p160": 0.00010913723254321737
"p161": 2.2580117077907045E-05
"p162": 0
"p163": 0
"p164": 0.0002088660829706401
"p165": 2.0698440654748124E-05
"p166": 0
"p167": 0
"p168": 0.0010029335335437046
"p169": 0.00022768284720222937
"p170": 2.4461793501065966E-05
"p171": 0
"p172": 0.00236903061675708
"p173": 0.0007394988343014556
"p174": 0.00014112573173691902
"p175": 1.6935087808430286E-05
"p176": 0.0003029499041285862
"p177": 7.33853805031979E-05
"p178": 5.645029269476761E-06
"p179": 0
"p180": 0.0004196138423644393
"p181": 7.714873334951574E-05
"p182": 0
"p183": 0
"p184": 0.0009803534164657974
"p185": 0.0002483812878569775
"p186": 3.0106822770542726E-05
"p187": 0
"p188": 0.002519564730609794
