"p126": 0
"p127": 0
"p128": 0.0009483649172720959
"p129": 0.00028601481632015586
"p130": 6.209532196424436E-05
"p131": 5.645029269476761E-06
"p132": 0
"p133": 0
"p134": 0
"p135": 0
"p136": 0.0005964914261413778
"p137": 0.00021074775939379907
"p138": 4.516023415581409E-05
"p139": 1.1290058538953523E-05
"p140": 0.0014526541986786864
"p141": 0.0004403122830191873
"p142": 5.080526342529085E-05
"p143": 0
"p144": 0.0009577732993878904
"p145": 0.00028225146347383805
"p146": 5.456861627160869E-05
"p147": 5.645029269476761E-06
"p148": 5.833196911792653E-05
"p149": 5.645029269476761E-06
"p150": 0
"p151": 0
"p152": 0.0006322432781813973
"p153": 0.00020886608297064017
"p154": 3.9515204886337324E-05
"p155": 1.1290058538953523E-05
"p156": 0.0020736074183211302
"p157": 0.0006736401594908935
"p158": 9.596549758110493E-05
"p159": 0
"p160": 0.0005532128684087226
"p161": 0.00015994249596850823
"p162": 3.575185204001949E-05
"p163": 0
"p164": 0
"p165": 0
"p166": 0
"p167": 0
"p168": 0.00025026296428013644
"p169": 0.00010537387969689952
"p170": 5.645029269476761E-06
"p171": 0
"p172": 0.0003725719317854662
"p173": 6.585867481056222E-05
"p174": 5.645029269476761E-06
"p175": 1.8816764231589204E-06
"p176": 0.0004007970781328501
"p177": 0.00010537387969689954
"p178": 2.6343469924224884E-05
"p179": 0
"p180": 0
"p181": 0
"p182": 0
"p183": 0
"p184": 9.408382115794602E-05
"p185": 4.516023415581409E-05
"p186": 0
"p187": 0
"p188": 0.0002728430813580435
