"p126": 0
"p127": 0
"p128": 1.6935087808430282E-05
"p129": 3.7633528463178407E-06
"p130": 0
"p131": 0
"p132": 0.0001844042894695742
"p133": 2.6343469924224887E-05
"p134": 1.8816764231589204E-06
"p135": 0
"p136": 1.8816764231589204E-06
"p137": 0
"p138": 0
"p139": 0
"p140": 1.8816764231589203E-05
"p141": 0
"p142": 0
"p143": 0
"p144": 1.6935087808430286E-05
"p145": 1.8816764231589204E-06
"p146": 0
"p147": 0
"p148": 0.0002051027301243223
"p149": 3.387017561686057E-05
"p150": 0
"p151": 0
"p152": 7.5267056926356815E-06
"p153": 0
"p154": 0
"p155": 0
"p156": 0.00010913723254321738
"p157": 2.4461793501065963E-05
"p158": 0
"p159": 0
"p160": 0.00026343469924224885
"p161": 6.021364554108545E-05
"p162": 5.645029269476761E-06
"p163": 0
"p164": 0.0015185128734892487
"p165": 0.000447838988711823
"p166": 5.080526342529085E-05
"p167": 0
"p168": 2.0698440654748124E-05
"p169": 1.8816764231589204E-06
"p170": 0
"p171": 0
"p172": 0.0003217666683601754
"p173": 6.585867481056221E-05
"p174": 1.8816764231589204E-06
"p175": 0
"p176": 0.00040644210740232675
"p177": 0.00010349220327374062
"p178": 9.408382115794602E-06
"p179": 0
"p180": 0.001633295135301943
"p181": 0.0004911175464444782
"p182": 6.774035123372113E-05
"p183": 0
"p184": 3.387017561686057E-05
"p185": 1.8816764231589204E-06
"p186": 0
"p187": 0
"p188": 0.0007752506863414751
