"p126": 0.00034999181470755914
"p127": 4.1396881309496255E-05
"p128": 0
"p129": 0
"p130": 0
"p131": 0
"p132": 0
"p133": 0
"p134": 0
"p135": 0
"p136": 7.5267056926356815E-06
"p137": 0
"p138": 0
"p139": 0
"p140": 3.010682277054273E-05
"p141": 3.7633528463178407E-06
"p142": 0
"p143": 0
"p144": 0
"p145": 0
"p146": 0
"p147": 0
"p148": 3.0106822770542726E-05
"p149": 1.1290058538953523E-05
"p150": 0
"p151": 0
"p152": 3.7633528463178407E-06
"p153": 0
"p154": 0
"p155": 0
"p156": 1.5053411385271363E-05
"p157": 0
"p158": 0
"p159": 0
"p160": 2.0698440654748124E-05
"p161": 5.645029269476761E-06
"p162": 0
"p163": 0
"p164": 3.9515204886337324E-05
"p165": 9.408382115794602E-06
"p166": 0
"p167": 0
"p168": 0.0001749959073537796
"p169": 2.2580117077907045E-05
"p170": 5.645029269476761E-06
"p171": 0
"p172": 0.00043466725374971055
"p173": 0.0001298356731979655
"p174": 3.198849919370165E-05
"p175": 5.645029269476761E-06
"p176": 9.596549758110492E-05
"p177": 4.139688130949625E-05
"p178": 5.645029269476761E-06
"p179": 0
"p180": 8.843879188846925E-05
"p181": 3.575185204001949E-05
"p182": 0
"p183": 0
"p184": 0.00020698440654748124
"p185": 4.516023415581409E-05
"p186": 1.1290058538953523E-05
"p187": 0
"p188": 0.0004929992228676371
