"p126": 0
"p127": 0
"p128": 0.0007733690099183163
"p129": 0.000212629435816958
"p130": 2.0698440654748128E-05
"p131": 0
"p132": 0.0007583155985330449
"p133": 0.00016558752523798497
"p134": 2.2580117077907045E-05
"p135": 0
"p136": 0.00325906356491125
"p137": 0.0010894906490090152
"p138": 0.00018064093662325633
"p139": 7.5267056926356815E-06
"p140": 0.005007140962025888
"p141": 0.0017631308084999082
"p142": 0.00036316354966967166
"p143": 4.1396881309496255E-05
"p144": 0
"p145": 0
"p146": 0
"p147": 0
"p148": 1.1290058538953523E-05
"p149": 0
"p150": 0
"p151": 0
"p152": 0
"p153": 0
"p154": 0
"p155": 0
"p156": 2.0698440654748124E-05
"p157": 0
"p158": 0
"p159": 0
"p160": 0.00023520955289486507
"p161": 2.6343469924224887E-05
"p162": 0
"p163": 0
"p164": 0.0004102054602486447
"p165": 7.33853805031979E-05
"p166": 0
"p167": 0
"p168": 0.00404372263336852
"p169": 0.0010292770034679294
"p170": 0.00013171734962112442
"p171": 7.5267056926356815E-06
"p172": 0.006952794383572211
"p173": 0.002054790654089541
"p174": 0.000353755167553877
"p175": 4.1396881309496255E-05
"p176": 0.00031988499193701646
"p177": 6.774035123372114E-05
"p178": 5.645029269476761E-06
"p179": 0
"p180": 0.0004892358700213192
"p181": 0.00013736237889060116
"p182": 1.1290058538953523E-05
"p183": 0
"p184": 0.0014507725222555274
"p185": 0.00028225146347383805
"p186": 2.2580117077907045E-05
"p187": 0
"p188": 0.0025590799354961316
