"p126": 2.2580117077907045E-05
"p127": 0
"p128": 1.5053411385271363E-05
"p129": 0
"p130": 0
"p131": 0
"p132": 5.645029269476761E-06
"p133": 5.645029269476761E-06
"p134": 0
"p135": 0
"p136": 0
"p137": 0
"p138": 0
"p139": 0
"p140": 2.8225146347383805E-05
"p141": 5.645029269476761E-06
"p142": 0
"p143": 0
"p144": 0
"p145": 0
"p146": 0
"p147": 0
"p148": 0
"p149": 0
"p150": 0
"p151": 0
"p152": 0
"p153": 0
"p154": 0
"p155": 0
"p156": 0
"p157": 0
"p158": 0
"p159": 0
"p160": 0.0005231060456381798
"p161": 0.0001561791431221904
"p162": 4.892358700213193E-05
"p163": 1.1290058538953523E-05
"p164": 9.408382115794602E-06
"p165": 3.7633528463178407E-06
"p166": 0
"p167": 0
"p168": 0.00010725555612005845
"p169": 4.516023415581409E-05
"p170": 7.5267056926356815E-06
"p171": 0
"p172": 0.000541922809869769
"p173": 0.00017875926020009743
"p174": 2.2580117077907045E-05
"p175": 0
"p176": 9.220214473478709E-05
"p177": 2.2580117077907045E-05
"p178": 0
"p179": 0
"p180": 0
"p181": 0
"p182": 0
"p183": 0
"p184": 1.1290058538953523E-05
"p185": 0
"p186": 0
"p187": 0
"p188": 6.39769983874033E-05
