"p126": 0
"p127": 0
"p128": 1.3171734962112444E-05
"p129": 1.8816764231589204E-06
"p130": 0
"p131": 0
"p132": 0.00013359902604428335
"p133": 1.8816764231589203E-05
"p134": 0
"p135": 0
"p136": 0.0002615530228190899
"p137": 6.209532196424436E-05
"p138": 5.645029269476761E-06
"p139": 0
"p140": 0.0013491619954049457
"p141": 0.00040832378382548573
"p142": 5.080526342529085E-05
"p143": 0
"p144": 7.903040977267466E-05
"p145": 1.5053411385271363E-05
"p146": 1.8816764231589204E-06
"p147": 0
"p148": 0.0004045604309791679
"p149": 8.091208619583358E-05
"p150": 5.645029269476761E-06
"p151": 0
"p152": 0.00040456043097916787
"p153": 0.0001016105268505817
"p154": 9.408382115794602E-06
"p155": 0
"p156": 0.0017424323678451603
"p157": 0.0005268693984844977
"p158": 7.338538050319788E-05
"p159": 0
"p160": 0
"p161": 0
"p162": 0
"p163": 0
"p164": 2.0698440654748124E-05
"p165": 5.645029269476761E-06
"p166": 0
"p167": 0
"p168": 3.575185204001949E-05
"p169": 3.7633528463178407E-06
"p170": 0
"p171": 0
"p172": 0.000660468424528781
"p173": 0.00016935087808430283
"p174": 1.8816764231589204E-06
"p175": 0
"p176": 7.5267056926356815E-06
"p177": 0
"p178": 0
"p179": 0
"p180": 0.0001279539967748066
"p181": 3.575185204001949E-05
"p182": 0
"p183": 0
"p184": 3.198849919370165E-05
"p185": 5.645029269476761E-06
"p186": 0
"p187": 0
"p188": 0.0005588578976781994
