"p126": 3.7633528463178407E-06
"p127": 0
"p128": 1.3171734962112444E-05
"p129": 0
"p130": 0
"p131": 0
"p132": 0
"p133": 0
"p134": 0
"p135": 0
"p136": 0.0001844042894695742
"p137": 2.6343469924224884E-05
"p138": 1.8816764231589204E-06
"p139": 0
"p140": 1.1290058538953523E-05
"p141": 0
"p142": 0
"p143": 0
"p144": 0.00010537387969689955
"p145": 1.5053411385271363E-05
"p146": 0
"p147": 0
"p148": 0
"p149": 0
"p150": 0
"p151": 0
"p152": 0.0001749959073537796
"p153": 2.8225146347383805E-05
"p154": 0
"p155": 0
"p156": 1.8816764231589203E-05
"p157": 0
"p158": 0
"p159": 0
"p160": 0.00028601481632015586
"p161": 4.516023415581409E-05
"p162": 0
"p163": 0
"p164": 3.7633528463178407E-06
"p165": 0
"p166": 0
"p167": 0
"p168": 0.0021902713565569833
"p169": 0.0005946097497182188
"p170": 9.22021447347871E-05
"p171": 1.1290058538953523E-05
"p172": 0.0011835744701669609
"p173": 0.00022768284720222934
"p174": 7.5267056926356815E-06
"p175": 0
"p176": 0.00041396881309496247
"p177": 0.00010537387969689954
"p178": 1.1290058538953523E-05
"p179": 0
"p180": 7.714873334951573E-05
"p181": 3.7633528463178407E-06
"p182": 0
"p183": 0
"p184": 0.001909901569506304
"p185": 0.0005532128684087226
"p186": 8.27937626189925E-05
"p187": 1.1290058538953523E-05
"p188": 0.0019193099516220985
