"p126": 0
"p127": 0
"p128": 0.00022015614150959367
"p129": 3.387017561686057E-05
"p130": 0
"p131": 0
"p132": 0.0010236319741984525
"p133": 0.000353755167553877
"p134": 5.080526342529086E-05
"p135": 0
"p136": 1.8816764231589203E-05
"p137": 1.8816764231589204E-06
"p138": 0
"p139": 0
"p140": 0.0003048315805517451
"p141": 7.903040977267465E-05
"p142": 3.7633528463178407E-06
"p143": 0
"p144": 0.0002709614049348845
"p145": 5.833196911792653E-05
"p146": 0
"p147": 0
"p148": 0.0010179869449289758
"p149": 0.00034622846186124133
"p150": 6.209532196424438E-05
"p151": 0
"p152": 3.198849919370165E-05
"p153": 1.8816764231589204E-06
"p154": 0
"p155": 0
"p156": 0.0006472966895666687
"p157": 0.0001749959073537796
"p158": 9.408382115794602E-06
"p159": 0
"p160": 9.972885042742277E-05
"p161": 0
"p162": 0
"p163": 0
"p164": 0.0005720296326403118
"p165": 0.0001938126715853688
"p166": 1.8816764231589204E-06
"p167": 0
"p168": 5.645029269476761E-06
"p169": 1.8816764231589204E-06
"p170": 0
"p171": 0
"p172": 5.080526342529086E-05
"p173": 1.5053411385271363E-05
"p174": 3.7633528463178407E-06
"p175": 0
"p176": 0.00014865243742955472
"p177": 3.7633528463178407E-06
"p178": 0
"p179": 0
"p180": 0.0005889647204487421
"p181": 0.00015429746669903146
"p182": 1.8816764231589204E-06
"p183": 0
"p184": 5.645029269476761E-06
"p185": 1.8816764231589204E-06
"p186": 0
"p187": 0
"p188": 0.00010537387969689954
