"p126": 0
"p127": 0
"p128": 0.00011478226181269414
"p129": 1.5053411385271363E-05
"p130": 0
"p131": 0
"p132": 1.1290058538953523E-05
"p133": 0
"p134": 0
"p135": 0
"p136": 5.645029269476762E-05
"p137": 1.3171734962112442E-05
"p138": 0
"p139": 0
"p140": 0.00015053411385271363
"p141": 2.6343469924224884E-05
"p142": 0
"p143": 0
"p144": 5.645029269476761E-06
"p145": 0
"p146": 0
"p147": 0
"p148": 0
"p149": 0
"p150": 0
"p151": 0
"p152": 0
"p153": 0
"p154": 0
"p155": 0
"p156": 0
"p157": 0
"p158": 0
"p159": 0
"p160": 0.00273595751927307
"p161": 0.0007489072164172503
"p162": 0.00012607232035164766
"p163": 2.2580117077907045E-05
"p164": 8.467543904215141E-05
"p165": 3.7633528463178407E-06
"p166": 0
"p167": 0
"p168": 0.0010499754441226775
"p169": 0.0002483812878569775
"p170": 2.6343469924224887E-05
"p171": 0
"p172": 0.003441586177957665
"p173": 0.0007827773920341108
"p174": 4.516023415581409E-05
"p175": 0
"p176": 0.0004817091643286836
"p177": 0.00011478226181269415
"p178": 1.3171734962112442E-05
"p179": 0
"p180": 0
"p181": 0
"p182": 0
"p183": 0
"p184": 9.220214473478711E-05
"p185": 1.3171734962112444E-05
"p186": 0
"p187": 0
"p188": 0.0001956943480085277
