"p126": 0
"p127": 0
"p128": 0.0007827773920341109
"p129": 0.0002088660829706401
"p130": 3.0106822770542726E-05
"p131": 0
"p132": 0.0012795399677480656
"p133": 0.0004309039009033928
"p134": 9.4083821157946E-05
"p135": 1.6935087808430286E-05
"p136": 0.0002709614049348845
"p137": 5.833196911792654E-05
"p138": 0
"p139": 0
"p140": 0.001439482463716574
"p141": 0.0004421939594423463
"p142": 5.456861627160869E-05
"p143": 0
"p144": 0
"p145": 0
"p146": 0
"p147": 0
"p148": 1.5053411385271363E-05
"p149": 1.8816764231589204E-06
"p150": 0
"p151": 0
"p152": 0
"p153": 0
"p154": 0
"p155": 0
"p156": 0
"p157": 0
"p158": 0
"p159": 0
"p160": 0.0006924569237224828
"p161": 0.00015053411385271365
"p162": 1.3171734962112442E-05
"p163": 0
"p164": 0.0017687758377693853
"p165": 0.0006002547789876956
"p166": 0.00013736237889060116
"p167": 1.6935087808430286E-05
"p168": 0.00013736237889060116
"p169": 2.6343469924224887E-05
"p170": 0
"p171": 0
"p172": 0.0006999836294151185
"p173": 0.00018440428946957417
"p174": 2.6343469924224884E-05
"p175": 1.8816764231589204E-06
"p176": 0.00041396881309496247
"p177": 8.655711546531035E-05
"p178": 1.3171734962112444E-05
"p179": 0
"p180": 0.0006510600424129865
"p181": 0.0001975760244316866
"p182": 2.4461793501065963E-05
"p183": 0
"p184": 0.00010725555612005845
"p185": 2.4461793501065966E-05
"p186": 0
"p187": 0
"p188": 0.0002483812878569775
