"p126": 3.7633528463178407E-06
"p127": 0
"p128": 0
"p129": 0
"p130": 0
"p131": 0
"p132": 0.00010913723254321737
"p133": 1.5053411385271363E-05
"p134": 0
"p135": 0
"p136": 2.8225146347383805E-05
"p137": 1.8816764231589204E-06
"p138": 0
"p139": 0
"p140": 0.00016182417239166716
"p141": 2.6343469924224884E-05
"p142": 0
"p143": 0
"p144": 0
"p145": 0
"p146": 0
"p147": 0
"p148": 0
"p149": 0
"p150": 0
"p151": 0
"p152": 0
"p153": 0
"p154": 0
"p155": 0
"p156": 5.645029269476761E-06
"p157": 0
"p158": 0
"p159": 0
"p160": 0.00041773216594128033
"p161": 6.962202765688005E-05
"p162": 0
"p163": 0
"p164": 0.0006529417188361454
"p165": 0.0001204272910821709
"p166": 1.1290058538953523E-05
"p167": 0
"p168": 0.0020378555662811104
"p169": 0.0004704191057897301
"p170": 4.892358700213193E-05
"p171": 0
"p172": 0.004405004506615032
"p173": 0.0011722844116280073
"p174": 0.00016370584881482606
"p175": 2.2580117077907045E-05
"p176": 8.843879188846926E-05
"p177": 1.5053411385271363E-05
"p178": 0
"p179": 0
"p180": 0.00013171734962112442
"p181": 2.2580117077907045E-05
"p182": 0
"p183": 0
"p184": 0.000190049318739051
"p185": 2.2580117077907045E-05
"p186": 0
"p187": 0
"p188": 0.0007940674505730644
