"p126": 0
"p127": 0
"p128": 0.00018816764231589203
"p129": 3.387017561686057E-05
"p130": 0
"p131": 0
"p132": 0.0009333115058868244
"p133": 0.0002220378179327526
"p134": 2.8225146347383805E-05
"p135": 0
"p136": 1.3171734962112444E-05
"p137": 0
"p138": 0
"p139": 0
"p140": 0.00011478226181269415
"p141": 2.2580117077907045E-05
"p142": 0
"p143": 0
"p144": 0.00015994249596850825
"p145": 2.8225146347383805E-05
"p146": 0
"p147": 0
"p148": 0.0004384306065960284
"p149": 4.1396881309496255E-05
"p150": 0
"p151": 0
"p152": 1.6935087808430282E-05
"p153": 1.8816764231589204E-06
"p154": 0
"p155": 0
"p156": 0.00029354152201279153
"p157": 8.843879188846925E-05
"p158": 1.5053411385271363E-05
"p159": 0
"p160": 0.0037915779926652247
"p161": 0.0010744372376237437
"p162": 0.00014300740816007796
"p163": 7.5267056926356815E-06
"p164": 0.006185070402923372
"p165": 0.001988931979278979
"p166": 0.00034434678543808245
"p167": 4.1396881309496255E-05
"p168": 0.0011195974717795576
"p169": 0.00023144620004854723
"p170": 2.2580117077907045E-05
"p171": 0
"p172": 0.0027039690200793684
"p173": 0.0006472966895666686
"p174": 6.021364554108546E-05
"p175": 0
"p176": 0.0027284308135804344
"p177": 0.0009182580945015531
"p178": 0.00016182417239166713
"p179": 7.5267056926356815E-06
"p180": 0.004188611717951757
"p181": 0.0014376007872934154
"p182": 0.00028225146347383805
"p183": 4.1396881309496255E-05
"p184": 0.0011478226181269413
"p185": 0.0002991865512822683
"p186": 3.0106822770542726E-05
"p187": 0
"p188": 0.003428414442995553
