"p126": 0
"p127": 0
"p128": 0.00015429746669903146
"p129": 2.2580117077907045E-05
"p130": 1.8816764231589204E-06
"p131": 0
"p132": 0.0009747083871963208
"p133": 0.000212629435816958
"p134": 2.6343469924224884E-05
"p135": 0
"p136": 3.010682277054273E-05
"p137": 3.7633528463178407E-06
"p138": 0
"p139": 0
"p140": 0.00041585048951812135
"p141": 0.00015994249596850823
"p142": 2.2580117077907045E-05
"p143": 0
"p144": 0
"p145": 0
"p146": 0
"p147": 0
"p148": 7.338538050319788E-05
"p149": 5.645029269476761E-06
"p150": 0
"p151": 0
"p152": 0
"p153": 0
"p154": 0
"p155": 0
"p156": 0
"p157": 0
"p158": 0
"p159": 0
"p160": 0.002828159664007857
"p161": 0.0009239031237710299
"p162": 0.00015053411385271363
"p163": 1.1290058538953523E-05
"p164": 0.009035810184009138
"p165": 0.003272235299873362
"p166": 0.0006284799253350793
"p167": 3.575185204001948E-05
"p168": 0.0005757929854866297
"p169": 0.0001674692016611439
"p170": 3.198849919370165E-05
"p171": 0
"p172": 0.0032477735063722968
"p173": 0.0010292770034679296
"p174": 0.00011854561465901199
"p175": 0
"p176": 0.0004986442521371139
"p177": 8.467543904215143E-05
"p178": 1.8816764231589204E-06
"p179": 0
"p180": 0.0026324653159993305
"p181": 0.0007037469822614361
"p182": 7.903040977267466E-05
"p183": 1.8816764231589204E-06
"p184": 8.27937626189925E-05
"p185": 3.7633528463178407E-06
"p186": 0
"p187": 0
"p188": 0.0002784881106275202
