"p126": 2.2580117077907045E-05
"p127": 0
"p128": 0.00011290058538953522
"p129": 3.387017561686057E-05
"p130": 5.645029269476761E-06
"p131": 0
"p132": 7.5267056926356815E-06
"p133": 0
"p134": 0
"p135": 0
"p136": 6.962202765688005E-05
"p137": 1.8816764231589203E-05
"p138": 0
"p139": 0
"p140": 0.00012607232035164763
"p141": 2.0698440654748124E-05
"p142": 0
"p143": 0
"p144": 0
"p145": 0
"p146": 0
"p147": 0
"p148": 1.8816764231589204E-06
"p149": 0
"p150": 0
"p151": 0
"p152": 0
"p153": 0
"p154": 0
"p155": 0
"p156": 0
"p157": 0
"p158": 0
"p159": 0
"p160": 8.655711546531035E-05
"p161": 9.408382115794602E-06
"p162": 0
"p163": 0
"p164": 0
"p165": 0
"p166": 0
"p167": 0
"p168": 3.9515204886337324E-05
"p169": 7.5267056926356815E-06
"p170": 0
"p171": 0
"p172": 1.1290058538953523E-05
"p173": 1.8816764231589204E-06
"p174": 1.8816764231589204E-06
"p175": 0
"p176": 9.972885042742278E-05
"p177": 3.9515204886337324E-05
"p178": 5.645029269476761E-06
"p179": 0
"p180": 0
"p181": 0
"p182": 0
"p183": 0
"p184": 1.8816764231589203E-05
"p185": 3.7633528463178407E-06
"p186": 0
"p187": 0
"p188": 3.7633528463178407E-05
