"p126": 1.1290058538953523E-05
"p127": 0
"p128": 0.00024273625858750077
"p129": 7.33853805031979E-05
"p130": 2.2580117077907045E-05
"p131": 5.645029269476761E-06
"p132": 0
"p133": 0
"p134": 0
"p135": 0
"p136": 5.080526342529084E-05
"p137": 1.8816764231589203E-05
"p138": 3.7633528463178407E-06
"p139": 0
"p140": 0.00019945770085484557
"p141": 6.021364554108546E-05
"p142": 5.645029269476761E-06
"p143": 0
"p144": 0.00023709122931802392
"p145": 8.27937626189925E-05
"p146": 2.6343469924224887E-05
"p147": 5.645029269476761E-06
"p148": 1.1290058538953523E-05
"p149": 5.645029269476761E-06
"p150": 0
"p151": 0
"p152": 5.833196911792653E-05
"p153": 2.6343469924224887E-05
"p154": 3.7633528463178407E-06
"p155": 0
"p156": 0.0003838619903244198
"p157": 0.00013736237889060116
"p158": 1.6935087808430286E-05
"p159": 0
"p160": 0.0001279539967748066
"p161": 4.516023415581409E-05
"p162": 1.1290058538953523E-05
"p163": 0
"p164": 0
"p165": 0
"p166": 0
"p167": 0
"p168": 9.408382115794602E-06
"p169": 0
"p170": 0
"p171": 0
"p172": 1.8816764231589203E-05
"p173": 1.8816764231589204E-06
"p174": 1.8816764231589204E-06
"p175": 1.8816764231589204E-06
"p176": 6.962202765688005E-05
"p177": 2.4461793501065966E-05
"p178": 1.3171734962112442E-05
"p179": 0
"p180": 0
"p181": 0
"p182": 0
"p183": 0
"p184": 0
"p185": 0
"p186": 0
"p187": 0
"p188": 3.7633528463178407E-05
