"p126": 0
"p127": 0
"p128": 0.0001975760244316866
"p129": 2.0698440654748124E-05
"p130": 0
"p131": 0
"p132": 3.7633528463178407E-06
"p133": 0
"p134": 0
"p135": 0
"p136": 0.0014582992279481635
"p137": 0.000472300782212889
"p138": 0.00010725555612005847
"p139": 1.6935087808430286E-05
"p140": 0.001177929440897484
"p141": 0.0003255300212064933
"p142": 4.7041910578973015E-05
"p143": 0
"p144": 0.000329293374052811
"p145": 6.962202765688005E-05
"p146": 0
"p147": 0
"p148": 8.843879188846926E-05
"p149": 9.408382115794602E-06
"p150": 0
"p151": 0
"p152": 0.0014959327564113415
"p153": 0.0004666557529434122
"p154": 9.4083821157946E-05
"p155": 1.6935087808430286E-05
"p156": 0.001821462777617835
"p157": 0.0005513311919855637
"p158": 9.22021447347871E-05
"p159": 0
"p160": 3.387017561686057E-05
"p161": 1.1290058538953523E-05
"p162": 1.8816764231589204E-06
"p163": 1.8816764231589204E-06
"p164": 0
"p165": 0
"p166": 0
"p167": 0
"p168": 0.0007846590684572697
"p169": 0.000259671346395931
"p170": 4.1396881309496255E-05
"p171": 0
"p172": 0.0003405834325917646
"p173": 5.456861627160869E-05
"p174": 0
"p175": 0
"p176": 9.22021447347871E-05
"p177": 2.0698440654748124E-05
"p178": 1.8816764231589204E-06
"p179": 1.8816764231589204E-06
"p180": 0
"p181": 0
"p182": 0
"p183": 0
"p184": 0.00047418245863604794
"p185": 0.00014300740816007796
"p186": 2.4461793501065963E-05
"p187": 0
"p188": 0.00021827446508643474
