"p126": 4.516023415581409E-05
"p127": 0
"p128": 6.0213645541085445E-05
"p129": 2.6343469924224887E-05
"p130": 0
"p131": 0
"p132": 2.0698440654748124E-05
"p133": 5.645029269476761E-06
"p134": 0
"p135": 0
"p136": 0.0002860148163201559
"p137": 0.00010913723254321738
"p138": 3.0106822770542726E-05
"p139": 5.645029269476761E-06
"p140": 0.0003405834325917646
"p141": 0.00010725555612005845
"p142": 1.6935087808430286E-05
"p143": 0
"p144": 1.8816764231589204E-06
"p145": 1.8816764231589204E-06
"p146": 0
"p147": 0
"p148": 0
"p149": 0
"p150": 0
"p151": 0
"p152": 0
"p153": 0
"p154": 0
"p155": 0
"p156": 0
"p157": 0
"p158": 0
"p159": 0
"p160": 3.387017561686057E-05
"p161": 1.1290058538953523E-05
"p162": 1.8816764231589204E-06
"p163": 1.8816764231589204E-06
"p164": 0
"p165": 0
"p166": 0
"p167": 0
"p168": 0.0003612818732465127
"p169": 0.00011854561465901196
"p170": 3.7633528463178407E-05
"p171": 5.645029269476761E-06
"p172": 0.00012419064392848875
"p173": 2.4461793501065966E-05
"p174": 0
"p175": 0
"p176": 4.139688130949624E-05
"p177": 1.1290058538953523E-05
"p178": 1.8816764231589204E-06
"p179": 1.8816764231589204E-06
"p180": 0
"p181": 0
"p182": 0
"p183": 0
"p184": 0.00013548070246744226
"p185": 4.139688130949624E-05
"p186": 1.1290058538953523E-05
"p187": 0
"p188": 7.903040977267466E-05
