"p126": 0
"p127": 0
"p128": 0.002771709371313089
"p129": 0.0008730978603457391
"p130": 0.00013548070246744226
"p131": 7.5267056926356815E-06
"p132": 0.0039703372528653216
"p133": 0.001398085582407078
"p134": 0.0002860148163201559
"p135": 4.1396881309496255E-05
"p136": 0.0009558916229647316
"p137": 0.0002201561415095937
"p138": 2.2580117077907045E-05
"p139": 0
"p140": 0.002425480909451848
"p141": 0.0006171898667961261
"p142": 6.021364554108546E-05
"p143": 0
"p144": 0.0025082746720708404
"p145": 0.0008843879188846927
"p146": 0.00016182417239166713
"p147": 7.5267056926356815E-06
"p148": 0.0029636403664752994
"p149": 0.0011252425010490343
"p150": 0.00025402631712645424
"p151": 4.1396881309496255E-05
"p152": 0.0011252425010490343
"p153": 0.0002991865512822683
"p154": 3.0106822770542726E-05
"p155": 0
"p156": 0.0033870175616860566
"p157": 0.001061265502661631
"p158": 0.0001467707610063958
"p159": 0
"p160": 0.0014865243742955465
"p161": 0.00028036978705067917
"p162": 7.5267056926356815E-06
"p163": 0
"p164": 0.0028601481632015593
"p165": 0.0008580444489604675
"p166": 8.655711546531035E-05
"p167": 0
"p168": 0.00020886608297064017
"p169": 3.1988499193701654E-05
"p170": 0
"p171": 0
"p172": 0.00036692690251598946
"p173": 6.209532196424438E-05
"p174": 1.1290058538953523E-05
"p175": 0
"p176": 0.00073197212860882
"p177": 9.032046831162818E-05
"p178": 0
"p179": 0
"p180": 0.0013905588767144416
"p181": 0.00034434678543808245
"p182": 2.8225146347383805E-05
"p183": 0
"p184": 5.833196911792653E-05
"p185": 2.0698440654748124E-05
"p186": 0
"p187": 0
"p188": 0.00033493840332228785
