"p126": 0
"p127": 0
"p128": 0
"p129": 0
"p130": 0
"p131": 0
"p132": 8.091208619583357E-05
"p133": 1.5053411385271363E-05
"p134": 0
"p135": 0
"p136": 5.645029269476761E-05
"p137": 1.3171734962112442E-05
"p138": 0
"p139": 0
"p140": 0.00016182417239166716
"p141": 1.8816764231589203E-05
"p142": 0
"p143": 0
"p144": 0
"p145": 0
"p146": 0
"p147": 0
"p148": 0
"p149": 0
"p150": 0
"p151": 0
"p152": 0
"p153": 0
"p154": 0
"p155": 0
"p156": 1.6935087808430286E-05
"p157": 0
"p158": 0
"p159": 0
"p160": 0.0003292933740528111
"p161": 7.33853805031979E-05
"p162": 5.645029269476761E-06
"p163": 0
"p164": 0.0004929992228676371
"p165": 8.279376261899248E-05
"p166": 0
"p167": 0
"p168": 0.001625768429609307
"p169": 0.0003913886960170554
"p170": 4.327855773265517E-05
"p171": 0
"p172": 0.0041716766301433264
"p173": 0.0012889483498638604
"p174": 0.00027660643420436126
"p175": 3.387017561686057E-05
"p176": 7.903040977267465E-05
"p177": 2.0698440654748128E-05
"p178": 0
"p179": 0
"p180": 0.00015053411385271363
"p181": 1.5053411385271365E-05
"p182": 0
"p183": 0
"p184": 0.00033682007974544673
"p185": 7.714873334951573E-05
"p186": 1.1290058538953523E-05
"p187": 0
"p188": 0.0008956779774236462
