"p126": 3.7633528463178407E-06
"p127": 0
"p128": 2.4461793501065963E-05
"p129": 1.8816764231589204E-06
"p130": 0
"p131": 0
"p132": 0.00017499590735377957
"p133": 2.4461793501065963E-05
"p134": 1.8816764231589204E-06
"p135": 0
"p136": 0
"p137": 0
"p138": 0
"p139": 0
"p140": 3.0106822770542726E-05
"p141": 0
"p142": 0
"p143": 0
"p144": 2.4461793501065963E-05
"p145": 1.8816764231589204E-06
"p146": 0
"p147": 0
"p148": 0.00017123255450746176
"p149": 2.6343469924224884E-05
"p150": 0
"p151": 0
"p152": 3.7633528463178407E-06
"p153": 0
"p154": 0
"p155": 0
"p156": 0.00013359902604428335
"p157": 2.6343469924224884E-05
"p158": 0
"p159": 0
"p160": 0.0010010518571205455
"p161": 0.0002220378179327526
"p162": 1.8816764231589203E-05
"p163": 0
"p164": 0.0020660807126284945
"p165": 0.0005833196911792653
"p166": 9.22021447347871E-05
"p167": 1.1290058538953523E-05
"p168": 0.00018252261304641527
"p169": 2.8225146347383808E-05
"p170": 0
"p171": 0
"p172": 0.0008655711546531033
"p173": 0.00018252261304641527
"p174": 3.7633528463178407E-06
"p175": 0
"p176": 0.001038685385583724
"p177": 0.0002709614049348845
"p178": 3.0106822770542726E-05
"p179": 0
"p180": 0.0017349056621525243
"p181": 0.0005325144277539745
"p182": 8.27937626189925E-05
"p183": 1.1290058538953523E-05
"p184": 0.00023709122931802392
"p185": 3.575185204001949E-05
"p186": 0
"p187": 0
"p188": 0.00148087934502607
