"p126": 0
"p127": 0
"p128": 0.00026719805208856665
"p129": 4.516023415581409E-05
"p130": 0
"p131": 0
"p132": 3.7633528463178407E-06
"p133": 0
"p134": 0
"p135": 0
"p136": 0.0016652836344956442
"p137": 0.0004929992228676371
"p138": 8.655711546531033E-05
"p139": 1.1290058538953523E-05
"p140": 0.0010631471790847901
"p141": 0.0002145111122401169
"p142": 7.5267056926356815E-06
"p143": 0
"p144": 0.00040644210740232675
"p145": 0.00010537387969689954
"p146": 1.1290058538953523E-05
"p147": 0
"p148": 7.714873334951573E-05
"p149": 3.7633528463178407E-06
"p150": 0
"p151": 0
"p152": 0.0016953904572661873
"p153": 0.0005042892814065907
"p154": 8.091208619583357E-05
"p155": 1.1290058538953523E-05
"p156": 0.001885439776005238
"p157": 0.0004102054602486446
"p158": 1.8816764231589203E-05
"p159": 0
"p160": 3.9515204886337324E-05
"p161": 9.408382115794602E-06
"p162": 0
"p163": 0
"p164": 0
"p165": 0
"p166": 0
"p167": 0
"p168": 0.0007733690099183164
"p169": 0.00017499590735377957
"p170": 7.5267056926356815E-06
"p171": 0
"p172": 0.00019381267158536877
"p173": 1.8816764231589207E-05
"p174": 0
"p175": 0
"p176": 0.00015429746669903146
"p177": 3.575185204001949E-05
"p178": 0
"p179": 0
"p180": 0
"p181": 0
"p182": 0
"p183": 0
"p184": 0.00037633528463178407
"p185": 8.091208619583357E-05
"p186": 1.8816764231589204E-06
"p187": 0
"p188": 0.00011666393823585305
