"p126": 0
"p127": 0
"p128": 0.0003481101382844003
"p129": 7.33853805031979E-05
"p130": 5.645029269476761E-06
"p131": 0
"p132": 3.575185204001949E-05
"p133": 3.7633528463178407E-06
"p134": 0
"p135": 0
"p136": 0.0013924405531376013
"p137": 0.0004327855773265517
"p138": 6.585867481056221E-05
"p139": 0
"p140": 0.0007112736879540721
"p141": 0.00015429746669903143
"p142": 1.8816764231589203E-05
"p143": 0
"p144": 5.645029269476761E-06
"p145": 0
"p146": 0
"p147": 0
"p148": 0
"p149": 0
"p150": 0
"p151": 0
"p152": 5.645029269476761E-06
"p153": 0
"p154": 0
"p155": 0
"p156": 0
"p157": 0
"p158": 0
"p159": 0
"p160": 0.00010913723254321738
"p161": 2.2580117077907045E-05
"p162": 0
"p163": 0
"p164": 0
"p165": 0
"p166": 0
"p167": 0
"p168": 0.0014846426978723881
"p169": 0.0004214955187875981
"p170": 4.139688130949625E-05
"p171": 0
"p172": 0.0002333278764717061
"p173": 4.892358700213193E-05
"p174": 5.645029269476761E-06
"p175": 0
"p176": 0.00017123255450746173
"p177": 3.951520488633733E-05
"p178": 0
"p179": 0
"p180": 0
"p181": 0
"p182": 0
"p183": 0
"p184": 0.0007846590684572699
"p185": 0.00019004931873905094
"p186": 1.3171734962112442E-05
"p187": 0
"p188": 0.00012607232035164766
