"p126": 0
"p127": 0
"p128": 0.00010537387969689952
"p129": 2.2580117077907045E-05
"p130": 0
"p131": 0
"p132": 0.00020133937727800442
"p133": 2.0698440654748124E-05
"p134": 0
"p135": 0
"p136": 0.0007865407448804288
"p137": 0.00019569434800852773
"p138": 2.4461793501065966E-05
"p139": 0
"p140": 0.0017781842198851799
"p141": 0.0005776746619097886
"p142": 0.00012419064392848873
"p143": 1.6935087808430286E-05
"p144": 0.0003029499041285862
"p145": 7.33853805031979E-05
"p146": 5.645029269476761E-06
"p147": 0
"p148": 0.00041773216594128033
"p149": 7.903040977267466E-05
"p150": 0
"p151": 0
"p152": 0.0009239031237710298
"p153": 0.00023709122931802394
"p154": 3.0106822770542726E-05
"p155": 0
"p156": 0.002150756151670646
"p157": 0.0007037469822614361
"p158": 0.0001392440553137601
"p159": 1.6935087808430286E-05
"p160": 9.408382115794602E-06
"p161": 0
"p162": 0
"p163": 0
"p164": 3.387017561686057E-05
"p165": 1.1290058538953523E-05
"p166": 1.8816764231589204E-06
"p167": 1.8816764231589204E-06
"p168": 0.00029730487485910944
"p169": 4.3278557732655166E-05
"p170": 0
"p171": 0
"p172": 0.0007959491269962233
"p173": 0.0002653163756654078
"p174": 4.1396881309496255E-05
"p175": 0
"p176": 2.0698440654748124E-05
"p177": 1.8816764231589204E-06
"p178": 1.8816764231589204E-06
"p179": 0
"p180": 9.22021447347871E-05
"p181": 2.0698440654748124E-05
"p182": 1.8816764231589204E-06
"p183": 1.8816764231589204E-06
"p184": 0.00021262943581695798
"p185": 3.010682277054273E-05
"p186": 0
"p187": 0
"p188": 0.00046101072367393553
