"p126": 0
"p127": 0
"p128": 0.00041396881309496247
"p129": 8.843879188846926E-05
"p130": 5.645029269476761E-06
"p131": 0
"p132": 0.0005438044862929281
"p133": 0.00011290058538953525
"p134": 1.1290058538953523E-05
"p135": 0
"p136": 0.0034246510901492343
"p137": 0.0010104602392363403
"p138": 0.0001467707610063958
"p139": 7.5267056926356815E-06
"p140": 0.005336434336078699
"p141": 0.0017574857792304315
"p142": 0.0003349384033222878
"p143": 4.1396881309496255E-05
"p144": 0.0008110025383814945
"p145": 0.00022015614150959367
"p146": 2.0698440654748128E-05
"p147": 0
"p148": 0.0007771323627646341
"p149": 0.00016558752523798497
"p150": 2.2580117077907045E-05
"p151": 0
"p152": 0.0032665902706038863
"p153": 0.0010894906490090152
"p154": 0.00018064093662325633
"p155": 7.5267056926356815E-06
"p156": 0.005052301196181702
"p157": 0.0017781842198851794
"p158": 0.00036316354966967166
"p159": 4.1396881309496255E-05
"p160": 4.7041910578973E-05
"p161": 1.8816764231589204E-06
"p162": 0
"p163": 0
"p164": 9.220214473478709E-05
"p165": 3.575185204001949E-05
"p166": 0
"p167": 0
"p168": 0.0016295317824556246
"p169": 0.0002916598455896327
"p170": 7.5267056926356815E-06
"p171": 0
"p172": 0.003074659275441676
"p173": 0.0008881512717310102
"p174": 8.655711546531035E-05
"p175": 0
"p176": 8.655711546531032E-05
"p177": 0
"p178": 0
"p179": 0
"p180": 0.0002615530228190899
"p181": 7.338538050319788E-05
"p182": 0
"p183": 0
"p184": 0.0007300904521856611
"p185": 9.032046831162818E-05
"p186": 0
"p187": 0
"p188": 0.0014752343157565931
