"p126": 0
"p127": 0
"p128": 7.5267056926356815E-06
"p129": 0
"p130": 0
"p131": 0
"p132": 7.338538050319788E-05
"p133": 9.408382115794602E-06
"p134": 0
"p135": 0
"p136": 0.00022768284720222932
"p137": 3.387017561686057E-05
"p138": 0
"p139": 0
"p140": 0.001155349323819577
"p141": 0.00038009863747810193
"p142": 5.080526342529086E-05
"p143": 0
"p144": 5.8331969117926534E-05
"p145": 5.645029269476761E-06
"p146": 0
"p147": 0
"p148": 0.0002540263171264543
"p149": 3.010682277054273E-05
"p150": 0
"p151": 0
"p152": 0.00028036978705067917
"p153": 5.833196911792653E-05
"p154": 0
"p155": 0
"p156": 0.001345398642558628
"p157": 0.00045912904725077655
"p158": 6.774035123372113E-05
"p159": 0
"p160": 0
"p161": 0
"p162": 0
"p163": 0
"p164": 2.2580117077907045E-05
"p165": 5.645029269476761E-06
"p166": 0
"p167": 0
"p168": 9.972885042742277E-05
"p169": 0
"p170": 0
"p171": 0
"p172": 0.0005833196911792652
"p173": 0.0001938126715853688
"p174": 1.8816764231589204E-06
"p175": 0
"p176": 1.3171734962112442E-05
"p177": 1.8816764231589204E-06
"p178": 0
"p179": 0
"p180": 6.962202765688005E-05
"p181": 1.3171734962112444E-05
"p182": 3.7633528463178407E-06
"p183": 0
"p184": 0.00014677076100639582
"p185": 1.8816764231589204E-06
"p186": 0
"p187": 0
"p188": 0.0006058998082571724
