"p126": 0
"p127": 0
"p128": 0.001014223592082658
"p129": 0.0002690797285117256
"p130": 3.0106822770542726E-05
"p131": 0
"p132": 0.0015410929905671556
"p133": 0.0004854725171750014
"p134": 8.091208619583357E-05
"p135": 1.1290058538953523E-05
"p136": 0.00023709122931802392
"p137": 3.575185204001949E-05
"p138": 0
"p139": 0
"p140": 0.00148087934502607
"p141": 0.00038009863747810193
"p142": 2.6343469924224884E-05
"p143": 0
"p144": 0
"p145": 0
"p146": 0
"p147": 0
"p148": 9.408382115794602E-06
"p149": 0
"p150": 0
"p151": 0
"p152": 0
"p153": 0
"p154": 0
"p155": 0
"p156": 0
"p157": 0
"p158": 0
"p159": 0
"p160": 0.00087121618392258
"p161": 0.00017687758377693853
"p162": 1.8816764231589203E-05
"p163": 0
"p164": 0.0018948481581210327
"p165": 0.0004929992228676371
"p166": 7.150370408003896E-05
"p167": 1.1290058538953523E-05
"p168": 0.00016935087808430283
"p169": 3.010682277054273E-05
"p170": 0
"p171": 0
"p172": 0.0007357354814551379
"p173": 0.0001467707610063958
"p174": 7.5267056926356815E-06
"p175": 0
"p176": 0.00024461793501065964
"p177": 3.575185204001949E-05
"p178": 0
"p179": 0
"p180": 0.0006755218359140525
"p181": 0.00015994249596850825
"p182": 1.3171734962112442E-05
"p183": 0
"p184": 3.198849919370165E-05
"p185": 1.8816764231589204E-06
"p186": 0
"p187": 0
"p188": 0.00024461793501065964
