"p126": 0
"p127": 0
"p128": 0.00016935087808430283
"p129": 2.6343469924224887E-05
"p130": 1.8816764231589204E-06
"p131": 0
"p132": 0.001505341138527136
"p133": 0.0003575185204001948
"p134": 2.2580117077907045E-05
"p135": 1.8816764231589204E-06
"p136": 1.6935087808430286E-05
"p137": 0
"p138": 0
"p139": 0
"p140": 0.00018628596589273313
"p141": 3.0106822770542726E-05
"p142": 0
"p143": 0
"p144": 0.00015429746669903146
"p145": 2.2580117077907045E-05
"p146": 1.8816764231589204E-06
"p147": 0
"p148": 0.0009803534164657976
"p149": 0.000212629435816958
"p150": 2.6343469924224884E-05
"p151": 0
"p152": 3.010682277054273E-05
"p153": 3.7633528463178407E-06
"p154": 0
"p155": 0
"p156": 0.00041585048951812135
"p157": 0.00015994249596850823
"p158": 2.2580117077907045E-05
"p159": 0
"p160": 0.001693508780843028
"p161": 0.00045536569440445874
"p162": 7.714873334951573E-05
"p163": 5.645029269476761E-06
"p164": 0.005771101589828411
"p165": 0.001958825156508436
"p166": 0.0003085949333980629
"p167": 1.6935087808430282E-05
"p168": 0.00027284308135804345
"p169": 7.714873334951573E-05
"p170": 1.3171734962112444E-05
"p171": 0
"p172": 0.0012362614100154103
"p173": 0.0002991865512822684
"p174": 3.0106822770542726E-05
"p175": 0
"p176": 0.0017461957206914777
"p177": 0.0005983731025645368
"p178": 8.843879188846925E-05
"p179": 5.645029269476761E-06
"p180": 0.005631857534514649
"p181": 0.0020378555662811104
"p182": 0.0003913886960170554
"p183": 1.8816764231589203E-05
"p184": 0.00039891540170969113
"p185": 0.0001016105268505817
"p186": 1.8816764231589203E-05
"p187": 0
"p188": 0.0023408054704096974
