"p126": 0
"p127": 0
"p128": 0.0013811504945986472
"p129": 0.00041208713667180354
"p130": 7.150370408003898E-05
"p131": 5.645029269476761E-06
"p132": 0.004105817955332765
"p133": 0.0015091044913734543
"p134": 0.000284133139896997
"p135": 1.6935087808430282E-05
"p136": 0.00023709122931802397
"p137": 7.33853805031979E-05
"p138": 1.3171734962112444E-05
"p139": 0
"p140": 0.001198627881552232
"p141": 0.0003048315805517451
"p142": 3.0106822770542726E-05
"p143": 0
"p144": 0.001554264725529268
"p145": 0.0005720296326403119
"p146": 8.655711546531032E-05
"p147": 5.645029269476761E-06
"p148": 0.0036880857893914834
"p149": 0.0015373296377208378
"p150": 0.0003462284618612414
"p151": 1.6935087808430282E-05
"p152": 0.0003612818732465127
"p153": 0.0001016105268505817
"p154": 1.8816764231589203E-05
"p155": 0
"p156": 0.0022749467955991347
"p157": 0.0007714873334951573
"p158": 9.22021447347871E-05
"p159": 0
"p160": 0.0007978308034193822
"p161": 0.00014865243742955472
"p162": 1.3171734962112442E-05
"p163": 0
"p164": 0.0030050372477847965
"p165": 0.0009220214473478709
"p166": 4.139688130949625E-05
"p167": 1.8816764231589204E-06
"p168": 8.27937626189925E-05
"p169": 1.8816764231589203E-05
"p170": 1.8816764231589204E-06
"p171": 0
"p172": 0.00021639278866327584
"p173": 6.397699838740328E-05
"p174": 7.5267056926356815E-06
"p175": 0
"p176": 0.0007507888928404092
"p177": 0.00010537387969689955
"p178": 1.5053411385271363E-05
"p179": 0
"p180": 0.0024800495257234568
"p181": 0.0006040181318340133
"p182": 3.763352846317841E-05
"p183": 1.8816764231589204E-06
"p184": 6.962202765688005E-05
"p185": 1.6935087808430286E-05
"p186": 1.8816764231589204E-06
"p187": 0
"p188": 0.0005061709578297496
