"p126": 1.1290058538953523E-05
"p127": 0
"p128": 9.408382115794602E-06
"p129": 0
"p130": 0
"p131": 0
"p132": 0
"p133": 0
"p134": 0
"p135": 0
"p136": 0.00013548070246744229
"p137": 3.575185204001949E-05
"p138": 5.645029269476761E-06
"p139": 0
"p140": 1.6935087808430286E-05
"p141": 0
"p142": 0
"p143": 0
"p144": 4.139688130949625E-05
"p145": 1.8816764231589204E-06
"p146": 0
"p147": 0
"p148": 5.645029269476761E-06
"p149": 0
"p150": 0
"p151": 0
"p152": 0.00018252261304641527
"p153": 5.2686939848449775E-05
"p154": 5.645029269476761E-06
"p155": 0
"p156": 9.596549758110492E-05
"p157": 2.4461793501065963E-05
"p158": 0
"p159": 0
"p160": 0
"p161": 0
"p162": 0
"p163": 0
"p164": 0
"p165": 0
"p166": 0
"p167": 0
"p168": 4.516023415581409E-05
"p169": 7.5267056926356815E-06
"p170": 0
"p171": 0
"p172": 0
"p173": 0
"p174": 0
"p175": 0
"p176": 1.3171734962112444E-05
"p177": 3.7633528463178407E-06
"p178": 3.7633528463178407E-06
"p179": 0
"p180": 0
"p181": 0
"p182": 0
"p183": 0
"p184": 6.209532196424438E-05
"p185": 1.5053411385271363E-05
"p186": 0
"p187": 0
"p188": 3.7633528463178407E-06
