"p126": 0
"p127": 0
"p128": 2.6343469924224887E-05
"p129": 1.8816764231589204E-06
"p130": 0
"p131": 0
"p132": 0.00024085458216434183
"p133": 3.7633528463178407E-05
"p134": 0
"p135": 0
"p136": 0
"p137": 0
"p138": 0
"p139": 0
"p140": 9.784717400426385E-05
"p141": 3.7633528463178407E-05
"p142": 3.7633528463178407E-06
"p143": 0
"p144": 0
"p145": 0
"p146": 0
"p147": 0
"p148": 2.2580117077907045E-05
"p149": 0
"p150": 0
"p151": 0
"p152": 0
"p153": 0
"p154": 0
"p155": 0
"p156": 0
"p157": 0
"p158": 0
"p159": 0
"p160": 0.00039327037244021434
"p161": 6.39769983874033E-05
"p162": 0
"p163": 0
"p164": 0.0022655384134833392
"p165": 0.0007150370408003897
"p166": 9.784717400426384E-05
"p167": 0
"p168": 3.387017561686057E-05
"p169": 1.8816764231589204E-06
"p170": 0
"p171": 0
"p172": 0.0008730978603457389
"p173": 0.00023144620004854715
"p174": 1.3171734962112444E-05
"p175": 0
"p176": 0.00016558752523798497
"p177": 2.8225146347383808E-05
"p178": 0
"p179": 0
"p180": 0.0007714873334951572
"p181": 0.00021827446508643477
"p182": 1.8816764231589203E-05
"p183": 0
"p184": 1.6935087808430282E-05
"p185": 1.8816764231589204E-06
"p186": 0
"p187": 0
"p188": 0.0001129005853895352
