"p126": 0
"p127": 0
"p128": 0.00013359902604428335
"p129": 1.8816764231589203E-05
"p130": 0
"p131": 0
"p132": 0
"p133": 0
"p134": 0
"p135": 0
"p136": 0.0012456697921312053
"p137": 0.0003838619903244198
"p138": 5.080526342529085E-05
"p139": 0
"p140": 0.0002878964927433148
"p141": 5.456861627160869E-05
"p142": 5.645029269476761E-06
"p143": 0
"p144": 0.0003688085789391484
"p145": 7.714873334951574E-05
"p146": 5.645029269476761E-06
"p147": 0
"p148": 3.575185204001949E-05
"p149": 3.7633528463178407E-06
"p150": 0
"p151": 0
"p152": 0.0013811504945986477
"p153": 0.0004327855773265517
"p154": 6.585867481056221E-05
"p155": 0
"p156": 0.0007319721286088202
"p157": 0.0001599424959685082
"p158": 1.8816764231589203E-05
"p159": 0
"p160": 2.0698440654748124E-05
"p161": 5.645029269476761E-06
"p162": 0
"p163": 0
"p164": 0
"p165": 0
"p166": 0
"p167": 0
"p168": 0.0006623501009519399
"p169": 0.00016935087808430283
"p170": 1.8816764231589204E-06
"p171": 0
"p172": 1.5053411385271363E-05
"p173": 1.8816764231589204E-06
"p174": 0
"p175": 0
"p176": 0.0001279539967748066
"p177": 3.575185204001949E-05
"p178": 0
"p179": 0
"p180": 0
"p181": 0
"p182": 0
"p183": 0
"p184": 0.0005419228098697691
"p185": 0.00011666393823585305
"p186": 1.8816764231589204E-06
"p187": 0
"p188": 5.2686939848449775E-05
