"p126": 0.00013548070246744226
"p127": 0
"p128": 7.5267056926356815E-06
"p129": 0
"p130": 0
"p131": 0
"p132": 3.010682277054273E-05
"p133": 3.7633528463178407E-06
"p134": 0
"p135": 0
"p136": 0
"p137": 0
"p138": 0
"p139": 0
"p140": 0
"p141": 0
"p142": 0
"p143": 0
"p144": 3.7633528463178407E-06
"p145": 0
"p146": 0
"p147": 0
"p148": 2.0698440654748124E-05
"p149": 5.645029269476761E-06
"p150": 0
"p151": 0
"p152": 0
"p153": 0
"p154": 0
"p155": 0
"p156": 2.4461793501065963E-05
"p157": 5.645029269476761E-06
"p158": 0
"p159": 0
"p160": 0.00016558752523798497
"p161": 2.2580117077907045E-05
"p162": 5.645029269476761E-06
"p163": 0
"p164": 0.0003706902553623073
"p165": 0.00010725555612005845
"p166": 2.6343469924224884E-05
"p167": 5.645029269476761E-06
"p168": 1.1290058538953523E-05
"p169": 0
"p170": 0
"p171": 0
"p172": 0.00012607232035164766
"p173": 4.8923587002131926E-05
"p174": 5.645029269476761E-06
"p175": 0
"p176": 0.00020698440654748124
"p177": 5.080526342529085E-05
"p178": 1.1290058538953523E-05
"p179": 0
"p180": 0.0002973048748591094
"p181": 0.00011101890896637629
"p182": 3.0106822770542726E-05
"p183": 5.645029269476761E-06
"p184": 1.5053411385271363E-05
"p185": 0
"p186": 0
"p187": 0
"p188": 0.0002897781691664738
