"p126": 0
"p127": 0
"p128": 0.0003876253431707376
"p129": 0.00010537387969689954
"p130": 1.1290058538953523E-05
"p131": 0
"p132": 7.714873334951573E-05
"p133": 3.7633528463178407E-06
"p134": 0
"p135": 0
"p136": 0.0017066805158051407
"p137": 0.0005042892814065907
"p138": 8.091208619583357E-05
"p139": 1.1290058538953523E-05
"p140": 0.0018101727190788814
"p141": 0.0003989154017096911
"p142": 1.8816764231589203E-05
"p143": 0
"p144": 3.7633528463178407E-06
"p145": 0
"p146": 0
"p147": 0
"p148": 0
"p149": 0
"p150": 0
"p151": 0
"p152": 5.645029269476761E-06
"p153": 0
"p154": 0
"p155": 0
"p156": 0
"p157": 0
"p158": 0
"p159": 0
"p160": 0.00020510273012432228
"p161": 2.0698440654748124E-05
"p162": 0
"p163": 0
"p164": 3.7633528463178407E-06
"p165": 0
"p166": 0
"p167": 0
"p168": 0.0020002220378179322
"p169": 0.0005061709578297496
"p170": 7.150370408003896E-05
"p171": 1.1290058538953523E-05
"p172": 0.0009239031237710299
"p173": 0.0001561791431221904
"p174": 7.5267056926356815E-06
"p175": 0
"p176": 0.0002615530228190899
"p177": 5.833196911792653E-05
"p178": 0
"p179": 0
"p180": 0
"p181": 0
"p182": 0
"p183": 0
"p184": 0.0007188003936467076
"p185": 0.00015994249596850823
"p186": 1.3171734962112442E-05
"p187": 0
"p188": 0.00045536569440445874
