"p126": 0
"p127": 0
"p128": 0.0005833196911792653
"p129": 0.00014677076100639576
"p130": 2.2580117077907045E-05
"p131": 0
"p132": 0.0001749959073537796
"p133": 1.8816764231589203E-05
"p134": 0
"p135": 0
"p136": 0.004128398072410671
"p137": 0.0013642154067902172
"p138": 0.00026907972851172564
"p139": 4.1396881309496255E-05
"p140": 0.004830263378248948
"p141": 0.0016276501060324662
"p142": 0.0002973048748591094
"p143": 7.5267056926356815E-06
"p144": 1.1290058538953523E-05
"p145": 0
"p146": 0
"p147": 0
"p148": 0
"p149": 0
"p150": 0
"p151": 0
"p152": 2.0698440654748124E-05
"p153": 0
"p154": 0
"p155": 0
"p156": 0
"p157": 0
"p158": 0
"p159": 0
"p160": 0.00040079707813285006
"p161": 7.33853805031979E-05
"p162": 0
"p163": 0
"p164": 9.408382115794602E-06
"p165": 0
"p166": 0
"p167": 0
"p168": 0.006762745064833161
"p169": 0.001977641920740025
"p170": 0.0003349384033222878
"p171": 4.1396881309496255E-05
"p172": 0.004098291249640129
"p173": 0.000999170180697387
"p174": 0.0001467707610063958
"p175": 7.5267056926356815E-06
"p176": 0.0004854725171750013
"p177": 0.00013736237889060116
"p178": 1.1290058538953523E-05
"p179": 0
"p180": 3.7633528463178407E-06
"p181": 0
"p182": 0
"p183": 0
"p184": 0.0025233280834561123
"p185": 0.0005588578976781994
"p186": 3.951520488633733E-05
"p187": 0
"p188": 0.0017988826605399276
