"p126": 3.7633528463178407E-06
"p127": 0
"p128": 0.00015806081954534932
"p129": 2.4461793501065963E-05
"p130": 1.8816764231589204E-06
"p131": 0
"p132": 0
"p133": 0
"p134": 0
"p135": 0
"p136": 2.6343469924224887E-05
"p137": 1.8816764231589204E-06
"p138": 0
"p139": 0
"p140": 4.139688130949625E-05
"p141": 0
"p142": 0
"p143": 0
"p144": 0.00011478226181269414
"p145": 1.5053411385271363E-05
"p146": 0
"p147": 0
"p148": 1.1290058538953523E-05
"p149": 0
"p150": 0
"p151": 0
"p152": 5.645029269476762E-05
"p153": 1.3171734962112442E-05
"p154": 0
"p155": 0
"p156": 0.00015053411385271363
"p157": 2.6343469924224884E-05
"p158": 0
"p159": 0
"p160": 0.0017499590735377954
"p161": 0.0005024076049834317
"p162": 7.903040977267465E-05
"p163": 1.1290058538953523E-05
"p164": 5.645029269476761E-06
"p165": 0
"p166": 0
"p167": 0
"p168": 0.0005118159870992264
"p169": 0.00010913723254321738
"p170": 1.3171734962112444E-05
"p171": 0
"p172": 0.0015166311970660894
"p173": 0.0003180033155138575
"p174": 1.1290058538953523E-05
"p175": 0
"p176": 0.001415020670215508
"p177": 0.0004196138423644393
"p178": 6.962202765688005E-05
"p179": 1.1290058538953523E-05
"p180": 7.903040977267465E-05
"p181": 3.7633528463178407E-06
"p182": 0
"p183": 0
"p184": 0.0005946097497182188
"p185": 0.00015053411385271363
"p186": 1.3171734962112444E-05
"p187": 0
"p188": 0.0021582828573632816
