"p126": 0
"p127": 0
"p128": 0.0006604684245287809
"p129": 0.00014488908458323686
"p130": 1.5053411385271363E-05
"p131": 0
"p132": 7.338538050319791E-05
"p133": 0
"p134": 0
"p135": 0
"p136": 0.0003029499041285862
"p137": 8.091208619583358E-05
"p138": 1.3171734962112442E-05
"p139": 0
"p140": 0.0005381594570234512
"p141": 0.0001731142309306207
"p142": 2.2580117077907045E-05
"p143": 0
"p144": 7.338538050319788E-05
"p145": 5.645029269476761E-06
"p146": 0
"p147": 0
"p148": 0
"p149": 0
"p150": 0
"p151": 0
"p152": 0
"p153": 0
"p154": 0
"p155": 0
"p156": 0
"p157": 0
"p158": 0
"p159": 0
"p160": 0.006536943894054091
"p161": 0.0022053247679422548
"p162": 0.0003838619903244197
"p163": 2.8225146347383808E-05
"p164": 0.00011290058538953522
"p165": 1.6935087808430282E-05
"p166": 0
"p167": 0
"p168": 0.00327788032914284
"p169": 0.0013077651140954497
"p170": 0.0002860148163201559
"p171": 7.5267056926356815E-06
"p172": 0.005641265916630443
"p173": 0.0017650124849230672
"p174": 0.00023709122931802394
"p175": 1.1290058538953523E-05
"p176": 0.0019324816865842111
"p177": 0.0004929992228676371
"p178": 4.516023415581409E-05
"p179": 1.8816764231589204E-06
"p180": 3.7633528463178407E-06
"p181": 0
"p182": 0
"p183": 0
"p184": 0.0008185292440741302
"p185": 0.0002258011707790704
"p186": 3.575185204001949E-05
"p187": 0
"p188": 0.0007394988343014556
