"p126": 0
"p127": 0
"p128": 0
"p129": 0
"p130": 0
"p131": 0
"p132": 6.209532196424438E-05
"p133": 3.7633528463178407E-06
"p134": 0
"p135": 0
"p136": 2.6343469924224887E-05
"p137": 1.8816764231589204E-06
"p138": 0
"p139": 0
"p140": 0.0002295645236253883
"p141": 3.7633528463178407E-05
"p142": 0
"p143": 0
"p144": 0
"p145": 0
"p146": 0
"p147": 0
"p148": 0
"p149": 0
"p150": 0
"p151": 0
"p152": 0
"p153": 0
"p154": 0
"p155": 0
"p156": 2.2580117077907045E-05
"p157": 0
"p158": 0
"p159": 0
"p160": 5.8331969117926534E-05
"p161": 5.645029269476761E-06
"p162": 0
"p163": 0
"p164": 0.00027096140493488457
"p165": 3.010682277054273E-05
"p166": 0
"p167": 0
"p168": 0.0004045604309791678
"p169": 6.39769983874033E-05
"p170": 0
"p171": 0
"p172": 0.002647518727384601
"p173": 0.0008392276847288785
"p174": 0.0001034922032737406
"p175": 0
"p176": 7.5267056926356815E-06
"p177": 0
"p178": 0
"p179": 0
"p180": 6.209532196424438E-05
"p181": 7.5267056926356815E-06
"p182": 0
"p183": 0
"p184": 0.00017123255450746176
"p185": 2.8225146347383808E-05
"p186": 0
"p187": 0
"p188": 0.0008279376261899248
