"p126": 0
"p127": 0
"p128": 6.962202765688006E-05
"p129": 1.8816764231589204E-06
"p130": 0
"p131": 0
"p132": 0
"p133": 0
"p134": 0
"p135": 0
"p136": 0.0015881349011461288
"p137": 0.0003688085789391484
"p138": 2.4461793501065966E-05
"p139": 1.8816764231589204E-06
"p140": 0.00010725555612005845
"p141": 3.7633528463178407E-06
"p142": 0
"p143": 0
"p144": 0.0003180033155138576
"p145": 4.1396881309496255E-05
"p146": 3.7633528463178407E-06
"p147": 0
"p148": 0
"p149": 0
"p150": 0
"p151": 0
"p152": 0.0010198686213521348
"p153": 0.00022580117077907044
"p154": 2.8225146347383805E-05
"p155": 0
"p156": 0.00014300740816007793
"p157": 1.5053411385271365E-05
"p158": 0
"p159": 0
"p160": 0.0004177321659412804
"p161": 6.962202765688006E-05
"p162": 0
"p163": 0
"p164": 5.645029269476761E-06
"p165": 0
"p166": 0
"p167": 0
"p168": 0.00604770802403277
"p169": 0.0020322105370116335
"p170": 0.0003180033155138575
"p171": 1.6935087808430282E-05
"p172": 0.0022373132671359556
"p173": 0.0005381594570234513
"p174": 8.467543904215141E-05
"p175": 5.645029269476761E-06
"p176": 0.0007714873334951572
"p177": 0.00020886608297064017
"p178": 2.0698440654748124E-05
"p179": 0
"p180": 0.00010349220327374062
"p181": 1.8816764231589207E-05
"p182": 0
"p183": 0
"p184": 0.00601195617199275
"p185": 0.0021564011809401228
"p186": 0.0004120871366718036
"p187": 1.8816764231589203E-05
"p188": 0.00303326239413218
