"p126": 0
"p127": 0
"p128": 5.080526342529086E-05
"p129": 5.645029269476761E-06
"p130": 0
"p131": 0
"p132": 0.0002446179350106597
"p133": 3.010682277054273E-05
"p134": 0
"p135": 0
"p136": 0.00028036978705067917
"p137": 5.833196911792653E-05
"p138": 0
"p139": 0
"p140": 0.0013679787596365353
"p141": 0.00045160234155814093
"p142": 6.774035123372113E-05
"p143": 0
"p144": 0
"p145": 0
"p146": 0
"p147": 0
"p148": 7.5267056926356815E-06
"p149": 0
"p150": 0
"p151": 0
"p152": 0
"p153": 0
"p154": 0
"p155": 0
"p156": 1.6935087808430286E-05
"p157": 0
"p158": 0
"p159": 0
"p160": 7.5267056926356815E-06
"p161": 0
"p162": 0
"p163": 0
"p164": 4.892358700213193E-05
"p165": 5.645029269476761E-06
"p166": 0
"p167": 0
"p168": 0.00016935087808430283
"p169": 5.645029269476761E-06
"p170": 0
"p171": 0
"p172": 0.0012738949384785891
"p173": 0.00044031228301918745
"p174": 3.575185204001949E-05
"p175": 0
"p176": 2.0698440654748124E-05
"p177": 1.8816764231589204E-06
"p178": 0
"p179": 0
"p180": 0.00011290058538953522
"p181": 2.0698440654748124E-05
"p182": 3.7633528463178407E-06
"p183": 0
"p184": 0.0002878964927433148
"p185": 3.0106822770542726E-05
"p186": 0
"p187": 0
"p188": 0.0008956779774236462
