"p126": 0
"p127": 0
"p128": 0.0013096467905186085
"p129": 0.00040832378382548573
"p130": 7.33853805031979E-05
"p131": 1.1290058538953523E-05
"p132": 5.645029269476761E-06
"p133": 0
"p134": 0
"p135": 0
"p136": 0.00042714054805707494
"p137": 0.00010161052685058171
"p138": 1.3171734962112444E-05
"p139": 0
"p140": 0.0013736237889060117
"p141": 0.0003029499041285862
"p142": 1.1290058538953523E-05
"p143": 0
"p144": 0.0012437881157080462
"p145": 0.00038386199032441974
"p146": 6.774035123372113E-05
"p147": 1.1290058538953523E-05
"p148": 8.279376261899248E-05
"p149": 3.7633528463178407E-06
"p150": 0
"p151": 0
"p152": 0.0005513311919855637
"p153": 0.00013736237889060116
"p154": 1.3171734962112444E-05
"p155": 0
"p156": 0.0021413477695548513
"p157": 0.0005343961041771334
"p158": 3.387017561686057E-05
"p159": 0
"p160": 0.0006962202765688004
"p161": 0.0001712325545074617
"p162": 7.5267056926356815E-06
"p163": 0
"p164": 0
"p165": 0
"p166": 0
"p167": 0
"p168": 8.655711546531035E-05
"p169": 5.645029269476761E-06
"p170": 0
"p171": 0
"p172": 0.00023332787647170608
"p173": 3.010682277054273E-05
"p174": 3.7633528463178407E-06
"p175": 0
"p176": 0.00036692690251598946
"p177": 7.714873334951573E-05
"p178": 1.8816764231589204E-06
"p179": 0
"p180": 3.7633528463178407E-06
"p181": 3.7633528463178407E-06
"p182": 0
"p183": 0
"p184": 2.8225146347383805E-05
"p185": 5.645029269476761E-06
"p186": 0
"p187": 0
"p188": 0.00021262943581695798
