"p126": 0.0004233771952107571
"p127": 1.8816764231589203E-05
"p128": 0
"p129": 0
"p130": 0
"p131": 0
"p132": 0
"p133": 0
"p134": 0
"p135": 0
"p136": 1.8816764231589204E-06
"p137": 0
"p138": 0
"p139": 0
"p140": 1.6935087808430286E-05
"p141": 0
"p142": 0
"p143": 0
"p144": 0
"p145": 0
"p146": 0
"p147": 0
"p148": 1.5053411385271363E-05
"p149": 0
"p150": 0
"p151": 0
"p152": 0
"p153": 0
"p154": 0
"p155": 0
"p156": 1.1290058538953523E-05
"p157": 0
"p158": 0
"p159": 0
"p160": 0
"p161": 0
"p162": 0
"p163": 0
"p164": 9.408382115794602E-06
"p165": 0
"p166": 0
"p167": 0
"p168": 3.0106822770542726E-05
"p169": 5.645029269476761E-06
"p170": 0
"p171": 0
"p172": 0.00015806081954534932
"p173": 3.575185204001949E-05
"p174": 5.645029269476761E-06
"p175": 0
"p176": 2.2580117077907045E-05
"p177": 5.645029269476761E-06
"p178": 0
"p179": 0
"p180": 4.5160234155814084E-05
"p181": 1.8816764231589204E-06
"p182": 0
"p183": 0
"p184": 5.4568616271608685E-05
"p185": 1.1290058538953523E-05
"p186": 0
"p187": 0
"p188": 0.0002521446407032953
