"p126": 2.2580117077907045E-05
"p127": 0
"p128": 8.27937626189925E-05
"p129": 2.4461793501065963E-05
"p130": 5.645029269476761E-06
"p131": 0
"p132": 0
"p133": 0
"p134": 0
"p135": 0
"p136": 5.2686939848449775E-05
"p137": 1.1290058538953523E-05
"p138": 0
"p139": 0
"p140": 3.3870175616860565E-05
"p141": 5.645029269476761E-06
"p142": 0
"p143": 0
"p144": 0.00011290058538953522
"p145": 3.387017561686057E-05
"p146": 5.645029269476761E-06
"p147": 0
"p148": 9.408382115794602E-06
"p149": 0
"p150": 0
"p151": 0
"p152": 6.962202765688005E-05
"p153": 1.8816764231589203E-05
"p154": 0
"p155": 0
"p156": 0.00012607232035164763
"p157": 2.0698440654748124E-05
"p158": 0
"p159": 0
"p160": 3.9515204886337324E-05
"p161": 7.5267056926356815E-06
"p162": 0
"p163": 0
"p164": 0
"p165": 0
"p166": 0
"p167": 0
"p168": 5.645029269476761E-06
"p169": 0
"p170": 0
"p171": 0
"p172": 1.8816764231589204E-06
"p173": 1.8816764231589204E-06
"p174": 1.8816764231589204E-06
"p175": 0
"p176": 6.39769983874033E-05
"p177": 1.6935087808430286E-05
"p178": 0
"p179": 0
"p180": 0
"p181": 0
"p182": 0
"p183": 0
"p184": 0
"p185": 0
"p186": 0
"p187": 0
"p188": 1.3171734962112444E-05
