"p126": 0
"p127": 0
"p128": 0.002414190850912895
"p129": 0.0008298193026130839
"p130": 0.0001749959073537796
"p131": 1.8816764231589203E-05
"p132": 0.00011666393823585305
"p133": 3.7633528463178407E-06
"p134": 0
"p135": 0
"p136": 0.0020322105370116344
"p137": 0.0006284799253350795
"p138": 0.00010537387969689955
"p139": 2.2580117077907045E-05
"p140": 0.005517075272701956
"p141": 0.0018910848052747149
"p142": 0.0003198849919370165
"p143": 7.5267056926356815E-06
"p144": 2.0698440654748124E-05
"p145": 0
"p146": 0
"p147": 0
"p148": 3.7633528463178407E-06
"p149": 0
"p150": 0
"p151": 0
"p152": 0
"p153": 0
"p154": 0
"p155": 0
"p156": 0
"p157": 0
"p158": 0
"p159": 0
"p160": 0.004696664352204665
"p161": 0.0014056122880997137
"p162": 0.0002464996114338185
"p163": 1.8816764231589203E-05
"p164": 5.645029269476761E-06
"p165": 0
"p166": 0
"p167": 0
"p168": 0.002327633735447584
"p169": 0.00066235010095194
"p170": 9.972885042742278E-05
"p171": 2.2580117077907045E-05
"p172": 0.005167083457994395
"p173": 0.0013359902604428335
"p174": 0.00019193099516220987
"p175": 7.5267056926356815E-06
"p176": 0.0016841003987272337
"p177": 0.000380098637478102
"p178": 3.951520488633733E-05
"p179": 0
"p180": 3.7633528463178407E-06
"p181": 3.7633528463178407E-06
"p182": 0
"p183": 0
"p184": 0.0009709450343500031
"p185": 0.00021262943581695803
"p186": 0
"p187": 0
"p188": 0.0015711998133376983
