"p126": 6.021364554108545E-05
"p127": 0
"p128": 0
"p129": 0
"p130": 0
"p131": 0
"p132": 3.0106822770542726E-05
"p133": 1.1290058538953523E-05
"p134": 0
"p135": 0
"p136": 3.7633528463178407E-06
"p137": 0
"p138": 0
"p139": 0
"p140": 1.5053411385271363E-05
"p141": 0
"p142": 0
"p143": 0
"p144": 0
"p145": 0
"p146": 0
"p147": 0
"p148": 0
"p149": 0
"p150": 0
"p151": 0
"p152": 0
"p153": 0
"p154": 0
"p155": 0
"p156": 0
"p157": 0
"p158": 0
"p159": 0
"p160": 0.00010913723254321738
"p161": 4.139688130949625E-05
"p162": 5.645029269476761E-06
"p163": 0
"p164": 0.00011290058538953522
"p165": 4.139688130949624E-05
"p166": 0
"p167": 0
"p168": 0.0003368200797454468
"p169": 6.39769983874033E-05
"p170": 1.6935087808430286E-05
"p171": 0
"p172": 0.0008241742733436071
"p173": 0.00028036978705067917
"p174": 6.774035123372113E-05
"p175": 1.1290058538953523E-05
"p176": 7.5267056926356815E-06
"p177": 5.645029269476761E-06
"p178": 0
"p179": 0
"p180": 1.5053411385271363E-05
"p181": 3.7633528463178407E-06
"p182": 0
"p183": 0
"p184": 5.2686939848449775E-05
"p185": 3.7633528463178407E-06
"p186": 0
"p187": 0
"p188": 0.00013359902604428333
