"p126": 0
"p127": 0
"p128": 3.7633528463178407E-06
"p129": 0
"p130": 0
"p131": 0
"p132": 2.0698440654748124E-05
"p133": 5.645029269476761E-06
"p134": 0
"p135": 0
"p136": 0
"p137": 0
"p138": 0
"p139": 0
"p140": 2.4461793501065963E-05
"p141": 5.645029269476761E-06
"p142": 0
"p143": 0
"p144": 0
"p145": 0
"p146": 0
"p147": 0
"p148": 0
"p149": 0
"p150": 0
"p151": 0
"p152": 0
"p153": 0
"p154": 0
"p155": 0
"p156": 0
"p157": 0
"p158": 0
"p159": 0
"p160": 0.00033305672689912887
"p161": 6.962202765688006E-05
"p162": 1.6935087808430286E-05
"p163": 0
"p164": 0.0006021364554108546
"p165": 0.00019945770085484557
"p166": 5.645029269476761E-05
"p167": 1.1290058538953523E-05
"p168": 1.8816764231589203E-05
"p169": 0
"p170": 0
"p171": 0
"p172": 0.0003857436667475787
"p173": 0.00015053411385271363
"p174": 2.2580117077907045E-05
"p175": 0
"p176": 4.7041910578973015E-05
"p177": 3.7633528463178407E-06
"p178": 0
"p179": 0
"p180": 9.596549758110495E-05
"p181": 2.2580117077907045E-05
"p182": 0
"p183": 0
"p184": 7.5267056926356815E-06
"p185": 0
"p186": 0
"p187": 0
"p188": 3.0106822770542726E-05
