"p126": 0
"p127": 0
"p128": 0
"p129": 0
"p130": 0
"p131": 0
"p132": 1.8816764231589204E-06
"p133": 0
"p134": 0
"p135": 0
"p136": 1.8816764231589203E-05
"p137": 3.7633528463178407E-06
"p138": 0
"p139": 0
"p140": 0.0001844042894695742
"p141": 2.6343469924224887E-05
"p142": 1.8816764231589204E-06
"p143": 0
"p144": 1.8816764231589204E-06
"p145": 0
"p146": 0
"p147": 0
"p148": 9.032046831162818E-05
"p149": 1.3171734962112444E-05
"p150": 0
"p151": 0
"p152": 2.4461793501065966E-05
"p153": 1.8816764231589204E-06
"p154": 0
"p155": 0
"p156": 0.00018816764231589203
"p157": 3.387017561686057E-05
"p158": 0
"p159": 0
"p160": 1.3171734962112444E-05
"p161": 1.8816764231589204E-06
"p162": 0
"p163": 0
"p164": 0.0001373623788906012
"p165": 1.8816764231589203E-05
"p166": 0
"p167": 0
"p168": 0.0002784881106275202
"p169": 6.209532196424436E-05
"p170": 5.645029269476761E-06
"p171": 0
"p172": 0.0016332951353019425
"p173": 0.0004723007822128891
"p174": 5.080526342529085E-05
"p175": 0
"p176": 7.903040977267466E-05
"p177": 1.5053411385271363E-05
"p178": 1.8816764231589204E-06
"p179": 0
"p180": 0.00040079707813285006
"p181": 8.091208619583358E-05
"p182": 5.645029269476761E-06
"p183": 0
"p184": 0.0004233771952107571
"p185": 0.00010537387969689954
"p186": 9.408382115794602E-06
"p187": 0
"p188": 0.0019569434800852776
