"p126": 0
"p127": 0
"p128": 0.00038950701959389653
"p129": 9.972885042742277E-05
"p130": 9.408382115794602E-06
"p131": 0
"p132": 0.0014300740816007794
"p133": 0.00044219395944234633
"p134": 6.585867481056221E-05
"p135": 0
"p136": 3.198849919370165E-05
"p137": 1.8816764231589204E-06
"p138": 0
"p139": 0
"p140": 0.0007752506863414751
"p141": 0.00018252261304641527
"p142": 1.6935087808430282E-05
"p143": 0
"p144": 0
"p145": 0
"p146": 0
"p147": 0
"p148": 1.1290058538953523E-05
"p149": 0
"p150": 0
"p151": 0
"p152": 0
"p153": 0
"p154": 0
"p155": 0
"p156": 0
"p157": 0
"p158": 0
"p159": 0
"p160": 0.0002051027301243223
"p161": 5.2686939848449775E-05
"p162": 5.645029269476761E-06
"p163": 0
"p164": 0.0014714709629102757
"p165": 0.0004214955187875981
"p166": 4.139688130949625E-05
"p167": 0
"p168": 2.2580117077907045E-05
"p169": 1.8816764231589204E-06
"p170": 0
"p171": 0
"p172": 0.0002766064342043613
"p173": 7.150370408003898E-05
"p174": 3.7633528463178407E-06
"p175": 0
"p176": 9.220214473478711E-05
"p177": 1.6935087808430286E-05
"p178": 0
"p179": 0
"p180": 0.0007959491269962233
"p181": 0.0001956943480085277
"p182": 1.3171734962112442E-05
"p183": 0
"p184": 3.7633528463178407E-06
"p185": 0
"p186": 0
"p187": 0
"p188": 0.0001825226130464152
