"p126": 0
"p127": 0
"p128": 0.0001674692016611439
"p129": 2.6343469924224887E-05
"p130": 1.8816764231589204E-06
"p131": 0
"p132": 0
"p133": 0
"p134": 0
"p135": 0
"p136": 1.8816764231589203E-05
"p137": 0
"p138": 0
"p139": 0
"p140": 3.198849919370165E-05
"p141": 1.8816764231589204E-06
"p142": 0
"p143": 0
"p144": 0.0001373623788906012
"p145": 2.2580117077907045E-05
"p146": 0
"p147": 0
"p148": 1.6935087808430286E-05
"p149": 0
"p150": 0
"p151": 0
"p152": 5.645029269476761E-05
"p153": 1.1290058538953523E-05
"p154": 0
"p155": 0
"p156": 0.0001279539967748066
"p157": 2.6343469924224887E-05
"p158": 0
"p159": 0
"p160": 0.0012287347043227748
"p161": 0.0003669269025159895
"p162": 4.7041910578973015E-05
"p163": 0
"p164": 3.7633528463178407E-06
"p165": 0
"p166": 0
"p167": 0
"p168": 0.00030671325697490405
"p169": 8.091208619583358E-05
"p170": 3.7633528463178407E-06
"p171": 0
"p172": 0.00048170916432868367
"p173": 9.596549758110493E-05
"p174": 7.5267056926356815E-06
"p175": 0
"p176": 0.001226853027899616
"p177": 0.00038574366674757867
"p178": 6.39769983874033E-05
"p179": 0
"p180": 6.774035123372113E-05
"p181": 9.408382115794602E-06
"p182": 0
"p183": 0
"p184": 0.00038762534317073765
"p185": 9.596549758110493E-05
"p186": 3.7633528463178407E-06
"p187": 0
"p188": 0.0010556204733921542
