"p126": 0
"p127": 0
"p128": 0.000989761798581592
"p129": 0.00031423996266753966
"p130": 4.7041910578973015E-05
"p131": 0
"p132": 3.7633528463178407E-06
"p133": 0
"p134": 0
"p135": 0
"p136": 0.00026155302281908997
"p137": 6.962202765688005E-05
"p138": 3.7633528463178407E-06
"p139": 0
"p140": 0.00047982748790552474
"p141": 9.596549758110493E-05
"p142": 7.5267056926356815E-06
"p143": 0
"p144": 0.0010462120912763597
"p145": 0.00034811013828440026
"p146": 6.209532196424438E-05
"p147": 0
"p148": 7.338538050319788E-05
"p149": 9.408382115794602E-06
"p150": 0
"p151": 0
"p152": 0.0003518734911307181
"p153": 8.467543904215141E-05
"p154": 3.7633528463178407E-06
"p155": 0
"p156": 0.0010368037091605651
"p157": 0.00023520955289486501
"p158": 2.6343469924224887E-05
"p159": 0
"p160": 0.0005757929854866296
"p161": 0.0001580608195453493
"p162": 1.8816764231589204E-06
"p163": 0
"p164": 0
"p165": 0
"p166": 0
"p167": 0
"p168": 8.655711546531033E-05
"p169": 1.1290058538953523E-05
"p170": 0
"p171": 0
"p172": 5.456861627160869E-05
"p173": 1.6935087808430286E-05
"p174": 1.8816764231589204E-06
"p175": 0
"p176": 0.0004986442521371138
"p177": 0.00010537387969689955
"p178": 1.8816764231589204E-06
"p179": 0
"p180": 1.5053411385271363E-05
"p181": 5.645029269476761E-06
"p182": 0
"p183": 0
"p184": 4.8923587002131926E-05
"p185": 1.1290058538953523E-05
"p186": 0
"p187": 0
"p188": 0.00016182417239166716
