"p126": 0
"p127": 0
"p128": 0.0025082746720708404
"p129": 0.0008843879188846927
"p130": 0.00016182417239166713
"p131": 7.5267056926356815E-06
"p132": 0.003027617364862703
"p133": 0.0011252425010490343
"p134": 0.00025402631712645424
"p135": 4.1396881309496255E-05
"p136": 0.0011252425010490343
"p137": 0.0002991865512822683
"p138": 3.0106822770542726E-05
"p139": 0
"p140": 0.0034208877373029176
"p141": 0.0010687922083542668
"p142": 0.0001467707610063958
"p143": 0
"p144": 0
"p145": 0
"p146": 0
"p147": 0
"p148": 2.4461793501065963E-05
"p149": 0
"p150": 0
"p151": 0
"p152": 0
"p153": 0
"p154": 0
"p155": 0
"p156": 0
"p157": 0
"p158": 0
"p159": 0
"p160": 0.0034735746771513668
"p161": 0.0009088497123857587
"p162": 0.00012042729108217089
"p163": 7.5267056926356815E-06
"p164": 0.005934807438643237
"p165": 0.0018722680410431258
"p166": 0.0003274116976296522
"p167": 4.1396881309496255E-05
"p168": 0.0008429910375751964
"p169": 0.00021074775939379907
"p170": 2.2580117077907045E-05
"p171": 0
"p172": 0.002286236854138088
"p173": 0.0005381594570234513
"p174": 7.150370408003898E-05
"p175": 0
"p176": 0.001273894938478589
"p177": 0.00025402631712645424
"p178": 2.2580117077907045E-05
"p179": 0
"p180": 0.0019230733044684166
"p181": 0.000496762575713955
"p182": 3.951520488633733E-05
"p183": 0
"p184": 0.00032553002120649314
"p185": 6.209532196424438E-05
"p186": 0
"p187": 0
"p188": 0.0006472966895666686
