"p126": 2.6343469924224884E-05
"p127": 0
"p128": 2.0698440654748124E-05
"p129": 5.645029269476761E-06
"p130": 0
"p131": 0
"p132": 3.9515204886337324E-05
"p133": 9.408382115794602E-06
"p134": 0
"p135": 0
"p136": 0.00015241579027587256
"p137": 2.2580117077907045E-05
"p138": 5.645029269476761E-06
"p139": 0
"p140": 0.0003499918147075592
"p141": 0.00011478226181269415
"p142": 3.198849919370165E-05
"p143": 5.645029269476761E-06
"p144": 9.596549758110492E-05
"p145": 4.139688130949625E-05
"p146": 5.645029269476761E-06
"p147": 0
"p148": 9.032046831162815E-05
"p149": 3.7633528463178407E-05
"p150": 0
"p151": 0
"p152": 0.00019945770085484557
"p153": 4.516023415581409E-05
"p154": 1.1290058538953523E-05
"p155": 0
"p156": 0.00046289240009709436
"p157": 0.00018252261304641527
"p158": 4.139688130949625E-05
"p159": 5.645029269476761E-06
"p160": 0
"p161": 0
"p162": 0
"p163": 0
"p164": 1.8816764231589204E-06
"p165": 1.8816764231589204E-06
"p166": 1.8816764231589204E-06
"p167": 1.8816764231589204E-06
"p168": 3.0106822770542726E-05
"p169": 0
"p170": 0
"p171": 0
"p172": 0.00013736237889060116
"p173": 4.516023415581409E-05
"p174": 1.1290058538953523E-05
"p175": 0
"p176": 1.8816764231589204E-06
"p177": 1.8816764231589204E-06
"p178": 1.8816764231589204E-06
"p179": 0
"p180": 2.6343469924224884E-05
"p181": 7.5267056926356815E-06
"p182": 1.8816764231589204E-06
"p183": 1.8816764231589204E-06
"p184": 1.1290058538953523E-05
"p185": 0
"p186": 0
"p187": 0
"p188": 6.962202765688005E-05
