"p126": 0
"p127": 0
"p128": 0.00031612163909069865
"p129": 6.39769983874033E-05
"p130": 0
"p131": 0
"p132": 8.843879188846926E-05
"p133": 9.408382115794602E-06
"p134": 0
"p135": 0
"p136": 0.001510986167796613
"p137": 0.0004666557529434122
"p138": 9.4083821157946E-05
"p139": 1.6935087808430286E-05
"p140": 0.0017574857792304317
"p141": 0.0005362777806002923
"p142": 9.22021447347871E-05
"p143": 0
"p144": 5.645029269476761E-06
"p145": 1.8816764231589204E-06
"p146": 0
"p147": 0
"p148": 0
"p149": 0
"p150": 0
"p151": 0
"p152": 1.3171734962112444E-05
"p153": 0
"p154": 0
"p155": 0
"p156": 0
"p157": 0
"p158": 0
"p159": 0
"p160": 0.00011101890896637629
"p161": 2.0698440654748124E-05
"p162": 1.8816764231589204E-06
"p163": 1.8816764231589204E-06
"p164": 3.7633528463178407E-06
"p165": 0
"p166": 0
"p167": 0
"p168": 0.001849687923965219
"p169": 0.0006002547789876956
"p170": 0.00013736237889060116
"p171": 1.6935087808430286E-05
"p172": 0.0009295481530405066
"p173": 0.00020698440654748126
"p174": 3.0106822770542726E-05
"p175": 0
"p176": 0.00022203781793275255
"p177": 3.575185204001949E-05
"p178": 1.8816764231589204E-06
"p179": 1.8816764231589204E-06
"p180": 0
"p181": 0
"p182": 0
"p183": 0
"p184": 0.0007884224213035875
"p185": 0.00021074775939379907
"p186": 2.4461793501065963E-05
"p187": 0
"p188": 0.00073197212860882
