"p126": 0
"p127": 0
"p128": 1.1290058538953523E-05
"p129": 0
"p130": 0
"p131": 0
"p132": 0.00036880857893914845
"p133": 4.1396881309496255E-05
"p134": 3.7633528463178407E-06
"p135": 0
"p136": 0.00018440428946957422
"p137": 2.6343469924224887E-05
"p138": 1.8816764231589204E-06
"p139": 0
"p140": 0.0009107313888089176
"p141": 0.00021451111224011693
"p142": 2.6343469924224884E-05
"p143": 0
"p144": 0
"p145": 0
"p146": 0
"p147": 0
"p148": 0
"p149": 0
"p150": 0
"p151": 0
"p152": 0
"p153": 0
"p154": 0
"p155": 0
"p156": 7.338538050319788E-05
"p157": 5.645029269476761E-06
"p158": 0
"p159": 0
"p160": 0.0003274116976296521
"p161": 8.279376261899251E-05
"p162": 1.1290058538953523E-05
"p163": 0
"p164": 0.0010932540018553324
"p165": 0.0002577896699727721
"p166": 2.0698440654748124E-05
"p167": 0
"p168": 0.003185678184408052
"p169": 0.0010255136506216115
"p170": 0.00017123255450746173
"p171": 1.1290058538953523E-05
"p172": 0.010430132413569895
"p173": 0.003776524581279953
"p174": 0.0006849302180298468
"p175": 3.575185204001948E-05
"p176": 4.516023415581409E-05
"p177": 7.5267056926356815E-06
"p178": 0
"p179": 0
"p180": 0.00025967134639593104
"p181": 3.575185204001949E-05
"p182": 0
"p183": 0
"p184": 0.0005475678391392458
"p185": 8.467543904215143E-05
"p186": 1.8816764231589204E-06
"p187": 0
"p188": 0.002818751281892064
