"p126": 3.575185204001949E-05
"p127": 1.8816764231589204E-06
"p128": 0
"p129": 0
"p130": 0
"p131": 0
"p132": 1.3171734962112444E-05
"p133": 0
"p134": 0
"p135": 0
"p136": 2.4461793501065963E-05
"p137": 1.8816764231589204E-06
"p138": 0
"p139": 0
"p140": 0.00017499590735377957
"p141": 2.4461793501065963E-05
"p142": 1.8816764231589204E-06
"p143": 0
"p144": 0
"p145": 0
"p146": 0
"p147": 0
"p148": 0.00010913723254321737
"p149": 1.5053411385271363E-05
"p150": 0
"p151": 0
"p152": 2.8225146347383805E-05
"p153": 1.8816764231589204E-06
"p154": 0
"p155": 0
"p156": 0.00016182417239166716
"p157": 2.6343469924224884E-05
"p158": 0
"p159": 0
"p160": 0.00013736237889060116
"p161": 1.8816764231589203E-05
"p162": 0
"p163": 0
"p164": 0.0002897781691664737
"p165": 4.516023415581409E-05
"p166": 0
"p167": 0
"p168": 0.0011064257368174452
"p169": 0.00023332787647170614
"p170": 1.8816764231589203E-05
"p171": 0
"p172": 0.0025101563484939996
"p173": 0.0006717584830677346
"p174": 9.22021447347871E-05
"p175": 1.1290058538953523E-05
"p176": 0.0003838619903244198
"p177": 6.774035123372114E-05
"p178": 0
"p179": 0
"p180": 0.0004911175464444782
"p181": 0.00010913723254321738
"p182": 1.1290058538953523E-05
"p183": 0
"p184": 0.001160994353089054
"p185": 0.0002897781691664737
"p186": 3.0106822770542726E-05
"p187": 0
"p188": 0.0026343469924224885
