"p126": 0
"p127": 0
"p128": 0.0001768775837769385
"p129": 2.634346992422489E-05
"p130": 0
"p131": 0
"p132": 1.1290058538953523E-05
"p133": 0
"p134": 0
"p135": 0
"p136": 5.268693984844977E-05
"p137": 1.1290058538953523E-05
"p138": 0
"p139": 0
"p140": 0.00012419064392848873
"p141": 3.9515204886337324E-05
"p142": 3.7633528463178407E-06
"p143": 0
"p144": 2.2580117077907045E-05
"p145": 0
"p146": 0
"p147": 0
"p148": 0
"p149": 0
"p150": 0
"p151": 0
"p152": 0
"p153": 0
"p154": 0
"p155": 0
"p156": 0
"p157": 0
"p158": 0
"p159": 0
"p160": 0.001386795523868124
"p161": 0.00034999181470755925
"p162": 2.2580117077907045E-05
"p163": 0
"p164": 3.3870175616860565E-05
"p165": 1.8816764231589204E-06
"p166": 0
"p167": 0
"p168": 0.0008862695953078513
"p169": 0.00036504522609283053
"p170": 7.526705692635683E-05
"p171": 0
"p172": 0.0012908300262870194
"p173": 0.0003161216390906986
"p174": 1.3171734962112444E-05
"p175": 0
"p176": 0.0005569762212550404
"p177": 0.00014300740816007793
"p178": 7.5267056926356815E-06
"p179": 0
"p180": 0
"p181": 0
"p182": 0
"p183": 0
"p184": 0.00023144620004854718
"p185": 7.714873334951574E-05
"p186": 1.1290058538953523E-05
"p187": 0
"p188": 0.0002954231984359505
