"p126": 0
"p127": 0
"p128": 0.0002860148163201559
"p129": 6.209532196424436E-05
"p130": 1.8816764231589204E-06
"p131": 0
"p132": 0
"p133": 0
"p134": 0
"p135": 0
"p136": 7.33853805031979E-05
"p137": 1.6935087808430282E-05
"p138": 0
"p139": 0
"p140": 6.962202765688005E-05
"p141": 5.645029269476761E-06
"p142": 0
"p143": 0
"p144": 0.00018252261304641527
"p145": 2.634346992422489E-05
"p146": 0
"p147": 0
"p148": 1.1290058538953523E-05
"p149": 0
"p150": 0
"p151": 0
"p152": 5.268693984844977E-05
"p153": 1.1290058538953523E-05
"p154": 0
"p155": 0
"p156": 0.00012419064392848873
"p157": 3.9515204886337324E-05
"p158": 3.7633528463178407E-06
"p159": 0
"p160": 0.0008128842148046535
"p161": 0.00021827446508643474
"p162": 1.3171734962112442E-05
"p163": 0
"p164": 0
"p165": 0
"p166": 0
"p167": 0
"p168": 0.0005701479562171528
"p169": 0.00024461793501065964
"p170": 3.763352846317841E-05
"p171": 0
"p172": 0.0006134265139498081
"p173": 0.00011854561465901199
"p174": 3.7633528463178407E-06
"p175": 0
"p176": 0.0009126130652320763
"p177": 0.00023709122931802392
"p178": 1.5053411385271363E-05
"p179": 0
"p180": 3.3870175616860565E-05
"p181": 1.8816764231589204E-06
"p182": 0
"p183": 0
"p184": 0.0005814380147561064
"p185": 0.00023332787647170614
"p186": 4.892358700213193E-05
"p187": 0
"p188": 0.0009765900636194797
