"p126": 8.091208619583358E-05
"p127": 1.8816764231589204E-06
"p128": 2.2580117077907045E-05
"p129": 5.645029269476761E-06
"p130": 0
"p131": 0
"p132": 4.3278557732655166E-05
"p133": 1.8816764231589204E-06
"p134": 0
"p135": 0
"p136": 5.268693984844977E-05
"p137": 1.1290058538953523E-05
"p138": 0
"p139": 0
"p140": 0.00022956452362538825
"p141": 6.585867481056221E-05
"p142": 5.645029269476761E-06
"p143": 0
"p144": 0
"p145": 0
"p146": 0
"p147": 0
"p148": 1.8816764231589204E-06
"p149": 0
"p150": 0
"p151": 0
"p152": 0
"p153": 0
"p154": 0
"p155": 0
"p156": 0
"p157": 0
"p158": 0
"p159": 0
"p160": 0
"p161": 0
"p162": 0
"p163": 0
"p164": 9.408382115794602E-06
"p165": 0
"p166": 0
"p167": 0
"p168": 9.408382115794602E-06
"p169": 0
"p170": 0
"p171": 0
"p172": 0.00013171734962112442
"p173": 2.2580117077907045E-05
"p174": 0
"p175": 0
"p176": 1.8816764231589204E-06
"p177": 1.8816764231589204E-06
"p178": 0
"p179": 0
"p180": 1.5053411385271363E-05
"p181": 3.7633528463178407E-06
"p182": 3.7633528463178407E-06
"p183": 0
"p184": 2.4461793501065963E-05
"p185": 5.645029269476761E-06
"p186": 0
"p187": 0
"p188": 0.00012419064392848873
