"p126": 0
"p127": 0
"p128": 0.0002464996114338186
"p129": 6.962202765688006E-05
"p130": 1.3171734962112442E-05
"p131": 0
"p132": 0
"p133": 0
"p134": 0
"p135": 0
"p136": 5.2686939848449775E-05
"p137": 1.1290058538953523E-05
"p138": 0
"p139": 0
"p140": 8.467543904215141E-05
"p141": 2.2580117077907045E-05
"p142": 0
"p143": 0
"p144": 0.00013359902604428333
"p145": 1.1290058538953523E-05
"p146": 0
"p147": 0
"p148": 9.408382115794602E-06
"p149": 5.645029269476761E-06
"p150": 0
"p151": 0
"p152": 5.456861627160869E-05
"p153": 9.408382115794602E-06
"p154": 0
"p155": 0
"p156": 0.00014488908458323683
"p157": 4.704191057897301E-05
"p158": 7.5267056926356815E-06
"p159": 0
"p160": 0.0013265818783270388
"p161": 0.0003838619903244197
"p162": 7.33853805031979E-05
"p163": 5.645029269476761E-06
"p164": 0
"p165": 0
"p166": 0
"p167": 0
"p168": 0.0008034758326888591
"p169": 0.0002690797285117256
"p170": 5.080526342529086E-05
"p171": 1.1290058538953523E-05
"p172": 0.001717970574344094
"p173": 0.00048359084075184255
"p174": 5.080526342529085E-05
"p175": 0
"p176": 0.0012381430864385698
"p177": 0.00037445360820862513
"p178": 6.774035123372113E-05
"p179": 5.645029269476761E-06
"p180": 5.64502926947676E-05
"p181": 3.7633528463178407E-06
"p182": 0
"p183": 0
"p184": 0.0007169187172235487
"p185": 0.00023709122931802397
"p186": 3.9515204886337324E-05
"p187": 1.1290058538953523E-05
"p188": 0.002130057711015898
