"p126": 0
"p127": 0
"p128": 3.198849919370165E-05
"p129": 0
"p130": 0
"p131": 0
"p132": 0
"p133": 0
"p134": 0
"p135": 0
"p136": 0.0010142235920826582
"p137": 0.00022580117077907044
"p138": 2.8225146347383805E-05
"p139": 0
"p140": 0.00010725555612005847
"p141": 2.2580117077907045E-05
"p142": 0
"p143": 0
"p144": 0.00019757602443168663
"p145": 2.2580117077907045E-05
"p146": 0
"p147": 0
"p148": 0
"p149": 0
"p150": 0
"p151": 0
"p152": 0.000519342692791862
"p153": 4.7041910578973015E-05
"p154": 0
"p155": 0
"p156": 0.00010161052685058171
"p157": 2.2580117077907045E-05
"p158": 0
"p159": 0
"p160": 0.0005720296326403118
"p161": 0.00011666393823585308
"p162": 1.1290058538953523E-05
"p163": 0
"p164": 1.3171734962112444E-05
"p165": 0
"p166": 0
"p167": 0
"p168": 0.007351709785281904
"p169": 0.0021469927988243278
"p170": 0.00035187349113071807
"p171": 4.1396881309496255E-05
"p172": 0.005174610163687031
"p173": 0.0013943222295607599
"p174": 0.00019193099516220984
"p175": 7.5267056926356815E-06
"p176": 0.0006096631611034902
"p177": 0.00015429746669903146
"p178": 2.2580117077907045E-05
"p179": 0
"p180": 0.0001749959073537796
"p181": 1.8816764231589203E-05
"p182": 0
"p183": 0
"p184": 0.00538723959950399
"p185": 0.0016803370458809159
"p186": 0.0002973048748591094
"p187": 4.1396881309496255E-05
"p188": 0.00514262166449333
