"p126": 0
"p127": 0
"p128": 0.0026080035224982636
"p129": 0.0009841167693121155
"p130": 0.0001975760244316866
"p131": 1.3171734962112444E-05
"p132": 0.00010725555612005847
"p133": 1.6935087808430282E-05
"p134": 0
"p135": 0
"p136": 0.0016314134588787839
"p137": 0.0007018653058382772
"p138": 0.00017311423093062066
"p139": 3.7633528463178407E-06
"p140": 0.0037219559650083457
"p141": 0.001275776614901748
"p142": 0.00016182417239166716
"p143": 5.645029269476761E-06
"p144": 5.080526342529085E-05
"p145": 5.645029269476761E-06
"p146": 0
"p147": 0
"p148": 2.2580117077907045E-05
"p149": 0
"p150": 0
"p151": 0
"p152": 1.8816764231589204E-06
"p153": 0
"p154": 0
"p155": 0
"p156": 3.7633528463178407E-06
"p157": 0
"p158": 0
"p159": 0
"p160": 0.004181085012259122
"p161": 0.0013566887010975817
"p162": 0.0001862859658927331
"p163": 1.5053411385271365E-05
"p164": 5.645029269476761E-06
"p165": 0
"p166": 0
"p167": 0
"p168": 0.001731142309306207
"p169": 0.0007451438635709322
"p170": 0.00010913723254321738
"p171": 3.7633528463178407E-06
"p172": 0.00230129026552336
"p173": 0.0006096631611034902
"p174": 8.843879188846925E-05
"p175": 5.645029269476761E-06
"p176": 0.0024047824687971
"p177": 0.0005645029269476761
"p178": 4.892358700213193E-05
"p179": 1.8816764231589204E-06
"p180": 3.3870175616860565E-05
"p181": 5.645029269476761E-06
"p182": 0
"p183": 0
"p184": 0.0007808957156109518
"p185": 0.0002540263171264543
"p186": 2.8225146347383805E-05
"p187": 0
"p188": 0.0015787265190303343
