"p126": 0
"p127": 0
"p128": 0.0012550781742469998
"p129": 0.00038386199032441974
"p130": 6.774035123372113E-05
"p131": 1.1290058538953523E-05
"p132": 7.903040977267465E-05
"p133": 3.7633528463178407E-06
"p134": 0
"p135": 0
"p136": 0.0005513311919855637
"p137": 0.00013736237889060116
"p138": 1.3171734962112444E-05
"p139": 0
"p140": 0.002146992798824328
"p141": 0.0005343961041771334
"p142": 3.387017561686057E-05
"p143": 0
"p144": 5.645029269476761E-06
"p145": 0
"p146": 0
"p147": 0
"p148": 3.7633528463178407E-06
"p149": 0
"p150": 0
"p151": 0
"p152": 0
"p153": 0
"p154": 0
"p155": 0
"p156": 0
"p157": 0
"p158": 0
"p159": 0
"p160": 0.0016031883125313998
"p161": 0.0004177321659412803
"p162": 5.833196911792653E-05
"p163": 1.1290058538953523E-05
"p164": 5.645029269476761E-06
"p165": 0
"p166": 0
"p167": 0
"p168": 0.0004798274879055248
"p169": 0.00010725555612005847
"p170": 1.3171734962112444E-05
"p171": 0
"p172": 0.0013566887010975815
"p173": 0.00026343469924224885
"p174": 1.5053411385271363E-05
"p175": 0
"p176": 0.0006585867481056221
"p177": 0.0001561791431221904
"p178": 1.3171734962112442E-05
"p179": 0
"p180": 3.7633528463178407E-06
"p181": 3.7633528463178407E-06
"p182": 0
"p183": 0
"p184": 7.714873334951574E-05
"p185": 5.645029269476761E-06
"p186": 0
"p187": 0
"p188": 0.000378216961054943
