"p126": 1.1290058538953523E-05
"p127": 0
"p128": 0.00019945770085484557
"p129": 5.080526342529085E-05
"p130": 1.1290058538953523E-05
"p131": 0
"p132": 0.0002671980520885667
"p133": 0.00010725555612005845
"p134": 3.0106822770542726E-05
"p135": 5.645029269476761E-06
"p136": 1.5053411385271363E-05
"p137": 0
"p138": 0
"p139": 0
"p140": 0.0002897781691664738
"p141": 0.00011666393823585307
"p142": 1.6935087808430286E-05
"p143": 0
"p144": 0
"p145": 0
"p146": 0
"p147": 0
"p148": 1.8816764231589204E-06
"p149": 1.8816764231589204E-06
"p150": 0
"p151": 0
"p152": 0
"p153": 0
"p154": 0
"p155": 0
"p156": 0
"p157": 0
"p158": 0
"p159": 0
"p160": 0.00013359902604428335
"p161": 1.8816764231589203E-05
"p162": 5.645029269476761E-06
"p163": 0
"p164": 0.0003612818732465127
"p165": 0.00011854561465901196
"p166": 3.7633528463178407E-05
"p167": 5.645029269476761E-06
"p168": 3.7633528463178407E-06
"p169": 0
"p170": 0
"p171": 0
"p172": 9.784717400426385E-05
"p173": 3.575185204001948E-05
"p174": 7.5267056926356815E-06
"p175": 1.8816764231589204E-06
"p176": 5.2686939848449775E-05
"p177": 5.645029269476761E-06
"p178": 1.8816764231589204E-06
"p179": 0
"p180": 0.0001298356731979655
"p181": 4.139688130949624E-05
"p182": 1.1290058538953523E-05
"p183": 0
"p184": 7.5267056926356815E-06
"p185": 0
"p186": 0
"p187": 0
"p188": 5.833196911792653E-05
