"p126": 1.1290058538953523E-05
"p127": 0
"p128": 5.645029269476761E-05
"p129": 1.1290058538953523E-05
"p130": 0
"p131": 0
"p132": 0.00018440428946957417
"p133": 5.2686939848449775E-05
"p134": 5.645029269476761E-06
"p135": 0
"p136": 1.8816764231589204E-06
"p137": 0
"p138": 0
"p139": 0
"p140": 0.00010537387969689954
"p141": 2.0698440654748124E-05
"p142": 0
"p143": 0
"p144": 0
"p145": 0
"p146": 0
"p147": 0
"p148": 1.8816764231589204E-06
"p149": 0
"p150": 0
"p151": 0
"p152": 0
"p153": 0
"p154": 0
"p155": 0
"p156": 0
"p157": 0
"p158": 0
"p159": 0
"p160": 7.5267056926356815E-06
"p161": 0
"p162": 0
"p163": 0
"p164": 0.00012607232035164768
"p165": 1.6935087808430286E-05
"p166": 0
"p167": 0
"p168": 1.8816764231589204E-06
"p169": 0
"p170": 0
"p171": 0
"p172": 1.1290058538953523E-05
"p173": 1.8816764231589204E-06
"p174": 1.8816764231589204E-06
"p175": 0
"p176": 2.6343469924224884E-05
"p177": 7.5267056926356815E-06
"p178": 0
"p179": 0
"p180": 0.00011666393823585307
"p181": 4.139688130949624E-05
"p182": 5.645029269476761E-06
"p183": 0
"p184": 0
"p185": 0
"p186": 0
"p187": 0
"p188": 2.6343469924224887E-05
