"p126": 0
"p127": 0
"p128": 1.6935087808430286E-05
"p129": 1.8816764231589204E-06
"p130": 0
"p131": 0
"p132": 0.0002051027301243223
"p133": 3.387017561686057E-05
"p134": 0
"p135": 0
"p136": 7.5267056926356815E-06
"p137": 0
"p138": 0
"p139": 0
"p140": 0.00010913723254321738
"p141": 2.4461793501065963E-05
"p142": 0
"p143": 0
"p144": 0
"p145": 0
"p146": 0
"p147": 0
"p148": 5.645029269476761E-06
"p149": 0
"p150": 0
"p151": 0
"p152": 0
"p153": 0
"p154": 0
"p155": 0
"p156": 0
"p157": 0
"p158": 0
"p159": 0
"p160": 0.0005946097497182189
"p161": 0.00015241579027587256
"p162": 1.5053411385271363E-05
"p163": 0
"p164": 0.0026795072265783032
"p165": 0.0007846590684572697
"p166": 0.00010725555612005845
"p167": 0
"p168": 5.456861627160869E-05
"p169": 3.7633528463178407E-06
"p170": 0
"p171": 0
"p172": 0.0010292770034679296
"p173": 0.00023897290574118285
"p174": 1.8816764231589203E-05
"p175": 0
"p176": 7.526705692635683E-05
"p177": 1.5053411385271363E-05
"p178": 0
"p179": 0
"p180": 0.0004760641350592068
"p181": 0.00012230896750532982
"p182": 1.3171734962112442E-05
"p183": 0
"p184": 1.8816764231589204E-06
"p185": 0
"p186": 0
"p187": 0
"p188": 5.2686939848449775E-05
