"p126": 0
"p127": 0
"p128": 0
"p129": 0
"p130": 0
"p131": 0
"p132": 9.784717400426388E-05
"p133": 1.8816764231589204E-06
"p134": 0
"p135": 0
"p136": 0.0001862859658927331
"p137": 2.6343469924224887E-05
"p138": 1.8816764231589204E-06
"p139": 0
"p140": 0.0015109861677966127
"p141": 0.0003575185204001948
"p142": 2.2580117077907045E-05
"p143": 1.8816764231589204E-06
"p144": 1.1290058538953523E-05
"p145": 0
"p146": 0
"p147": 0
"p148": 0.00036880857893914845
"p149": 4.1396881309496255E-05
"p150": 3.7633528463178407E-06
"p151": 0
"p152": 0.00018440428946957422
"p153": 2.6343469924224887E-05
"p154": 1.8816764231589204E-06
"p155": 0
"p156": 0.0009163764180783944
"p157": 0.00021451111224011693
"p158": 2.6343469924224884E-05
"p159": 0
"p160": 8.467543904215141E-05
"p161": 1.5053411385271363E-05
"p162": 1.8816764231589204E-06
"p163": 0
"p164": 0.0004233771952107572
"p165": 6.962202765688006E-05
"p166": 0
"p167": 0
"p168": 0.0018722680410431256
"p169": 0.0005042892814065907
"p170": 8.46754390421514E-05
"p171": 5.645029269476761E-06
"p172": 0.0063807647509319014
"p173": 0.0021281760345927387
"p174": 0.0003274116976296521
"p175": 1.6935087808430282E-05
"p176": 0.0003085949333980629
"p177": 8.279376261899251E-05
"p178": 1.1290058538953523E-05
"p179": 0
"p180": 0.0008749795367688979
"p181": 0.0002276828472022294
"p182": 2.0698440654748124E-05
"p183": 0
"p184": 0.0019870503028558196
"p185": 0.0006585867481056221
"p186": 0.0001016105268505817
"p187": 5.645029269476761E-06
"p188": 0.006770271770525794
