"p126": 0
"p127": 0
"p128": 0.00031612163909069854
"p129": 2.6343469924224887E-05
"p130": 0
"p131": 0
"p132": 1.5053411385271366E-05
"p133": 0
"p134": 0
"p135": 0
"p136": 0.00018816764231589203
"p137": 2.2580117077907045E-05
"p138": 0
"p139": 0
"p140": 0.0003838619903244198
"p141": 0.00011101890896637629
"p142": 1.5053411385271363E-05
"p143": 0
"p144": 3.951520488633733E-05
"p145": 0
"p146": 0
"p147": 0
"p148": 0
"p149": 0
"p150": 0
"p151": 0
"p152": 0
"p153": 0
"p154": 0
"p155": 0
"p156": 0
"p157": 0
"p158": 0
"p159": 0
"p160": 0.00700736299984382
"p161": 0.0021714545923253933
"p162": 0.00042149551878759814
"p163": 3.7633528463178407E-05
"p164": 0.00012230896750532982
"p165": 3.7633528463178407E-06
"p166": 0
"p167": 0
"p168": 0.004365489301728696
"p169": 0.0011986278815522323
"p170": 0.0002051027301243223
"p171": 4.516023415581409E-05
"p172": 0.010383090502990924
"p173": 0.0031725064494459395
"p174": 0.0005005259285602728
"p175": 1.5053411385271363E-05
"p176": 0.0014526541986786864
"p177": 0.0003763352846317841
"p178": 3.951520488633733E-05
"p179": 0
"p180": 0
"p181": 0
"p182": 0
"p183": 0
"p184": 0.0009765900636194795
"p185": 0.00018440428946957422
"p186": 0
"p187": 0
"p188": 0.0010066968863900224
