"p126": 2.6343469924224884E-05
"p127": 0
"p128": 0.00025214464070329537
"p129": 6.0213645541085445E-05
"p130": 5.645029269476761E-06
"p131": 0
"p132": 0.000942719888002619
"p133": 0.0002163927886632758
"p134": 1.8816764231589207E-05
"p135": 0
"p136": 0.0023332787647170608
"p137": 0.0008843879188846927
"p138": 0.00017123255450746176
"p139": 3.575185204001948E-05
"p140": 0.006918924207955351
"p141": 0.002756655959927818
"p142": 0.0006115448375266492
"p143": 6.962202765688005E-05
"p144": 0.001627650106032466
"p145": 0.00044972066513498195
"p146": 7.714873334951572E-05
"p147": 5.645029269476761E-06
"p148": 0.0038706084024378988
"p149": 0.0010725555612005845
"p150": 0.00014112573173691902
"p151": 7.5267056926356815E-06
"p152": 0.007487190487749346
"p153": 0.0028112245761994273
"p154": 0.0005795563383329475
"p155": 7.150370408003898E-05
"p156": 0.017273789564598893
"p157": 0.007129671967349151
"p158": 0.0016596386052261677
"p159": 0.00020510273012432233
"p160": 2.8225146347383805E-05
"p161": 5.645029269476761E-06
"p162": 0
"p163": 0
"p164": 0.000165587525237985
"p165": 2.2580117077907045E-05
"p166": 5.645029269476761E-06
"p167": 0
"p168": 0.0004421939594423463
"p169": 0.00014300740816007793
"p170": 2.6343469924224887E-05
"p171": 1.8816764231589204E-06
"p172": 0.0022862368541380885
"p173": 0.0007300904521856613
"p174": 0.00011854561465901199
"p175": 1.8816764231589204E-06
"p176": 0.00027284308135804345
"p177": 7.903040977267465E-05
"p178": 1.6935087808430286E-05
"p179": 0
"p180": 0.0015279212556050434
"p181": 0.0004892358700213193
"p182": 7.338538050319791E-05
"p183": 1.3171734962112444E-05
"p184": 0.002005867067087409
"p185": 0.0005381594570234513
"p186": 6.209532196424438E-05
"p187": 5.645029269476761E-06
"p188": 0.007361118167397698
