"p126": 0
"p127": 0
"p128": 0.0001938126715853688
"p129": 1.5053411385271363E-05
"p130": 0
"p131": 0
"p132": 0
"p133": 0
"p134": 0
"p135": 0
"p136": 0.0043485542139202644
"p137": 0.0015787265190303345
"p138": 0.00029354152201279153
"p139": 1.6935087808430282E-05
"p140": 0.000850517743267832
"p141": 0.0002559079935496132
"p142": 3.3870175616860565E-05
"p143": 0
"p144": 0.002173336268748553
"p145": 0.0005306327513308156
"p146": 5.456861627160869E-05
"p147": 3.7633528463178407E-06
"p148": 0
"p149": 0
"p150": 0
"p151": 0
"p152": 0.005432399833659804
"p153": 0.0016652836344956442
"p154": 0.0003104766098212219
"p155": 4.139688130949625E-05
"p156": 0.0012663682327859534
"p157": 0.0003895070195938966
"p158": 6.39769983874033E-05
"p159": 1.1290058538953523E-05
"p160": 0.0018289894833104703
"p161": 0.0004403122830191874
"p162": 4.8923587002131926E-05
"p163": 0
"p164": 4.516023415581409E-05
"p165": 0
"p166": 0
"p167": 0
"p168": 0.021500034811013834
"p169": 0.008226689322050802
"p170": 0.0018703863646199674
"p171": 0.00025214464070329537
"p172": 0.0064390967200498245
"p173": 0.0021074775939379908
"p174": 0.0003688085789391484
"p175": 2.6343469924224887E-05
"p176": 0.004749351292053116
"p177": 0.0015561464019524273
"p178": 0.0002671980520885667
"p179": 1.5053411385271363E-05
"p180": 0.0005513311919855637
"p181": 0.00012607232035164768
"p182": 1.1290058538953523E-05
"p183": 0
"p184": 0.037817932752647984
"p185": 0.016135375328587748
"p186": 0.003985390664250595
"p187": 0.0004986442521371142
"p188": 0.014353427755856248
