"p126": 5.645029269476761E-06
"p127": 0
"p128": 3.9515204886337324E-05
"p129": 1.6935087808430282E-05
"p130": 0
"p131": 0
"p132": 0.0003424651090149236
"p133": 4.8923587002131926E-05
"p134": 0
"p135": 0
"p136": 0.001392440553137601
"p137": 0.00043278557732655173
"p138": 6.585867481056221E-05
"p139": 0
"p140": 0.003565776821886154
"p141": 0.001531684608451361
"p142": 0.00035375516755387705
"p143": 1.6935087808430282E-05
"p144": 0.000284133139896997
"p145": 5.456861627160869E-05
"p146": 0
"p147": 0
"p148": 0.002481931202146616
"p149": 0.000541922809869769
"p150": 6.39769983874033E-05
"p151": 3.7633528463178407E-06
"p152": 0.0017236156036135708
"p153": 0.0005042892814065907
"p154": 8.091208619583358E-05
"p155": 1.1290058538953523E-05
"p156": 0.003121701186020648
"p157": 0.0011591126766658949
"p158": 0.0002408545821643418
"p159": 4.139688130949625E-05
"p160": 0.0020924241825527193
"p161": 0.0006341249546045562
"p162": 9.972885042742277E-05
"p163": 0
"p164": 0.002792407811967838
"p165": 0.0007489072164172503
"p166": 0.00012607232035164768
"p167": 2.2580117077907045E-05
"p168": 0.01790038781351081
"p169": 0.00676274506483316
"p170": 0.0014357191108702563
"p171": 0.00016558752523798502
"p172": 0.028370035431967054
"p173": 0.012108587783027654
"p174": 0.0029749304250142536
"p175": 0.00034434678543808245
"p176": 0.005889647204487421
"p177": 0.0020585540069358588
"p178": 0.00036692690251598946
"p179": 2.8225146347383808E-05
"p180": 0.006388291456624536
"p181": 0.002054790654089541
"p182": 0.00039327037244021434
"p183": 3.7633528463178407E-05
"p184": 0.02548542547526443
"p185": 0.010034980364706524
"p186": 0.0022486033256749107
"p187": 0.0002333278764717061
"p188": 0.03902973236916233
