"p126": 0.0016728103401882806
"p127": 0.00021639278866327586
"p128": 0.0006981019529919595
"p129": 0.0001486524374295547
"p130": 1.3171734962112444E-05
"p131": 0
"p132": 0.001302120084825973
"p133": 0.00024273625858750074
"p134": 7.5267056926356815E-06
"p135": 0
"p136": 0.0019211916280452576
"p137": 0.0006435333367203508
"p138": 8.843879188846925E-05
"p139": 7.5267056926356815E-06
"p140": 0.005120041547415422
"p141": 0.0018666230117736489
"p142": 0.0003104766098212219
"p143": 1.1290058538953523E-05
"p144": 0
"p145": 0
"p146": 0
"p147": 0
"p148": 0.00010725555612005848
"p149": 0
"p150": 0
"p151": 0
"p152": 1.1290058538953523E-05
"p153": 0
"p154": 0
"p155": 0
"p156": 9.972885042742278E-05
"p157": 1.3171734962112444E-05
"p158": 0
"p159": 0
"p160": 9.972885042742277E-05
"p161": 0
"p162": 0
"p163": 0
"p164": 0.0002784881106275202
"p165": 4.3278557732655166E-05
"p166": 0
"p167": 0
"p168": 0.0006981019529919595
"p169": 0.00024838128785697745
"p170": 4.1396881309496255E-05
"p171": 5.645029269476761E-06
"p172": 0.0024480610265297555
"p173": 0.0009144947416552353
"p174": 0.00014488908458323686
"p175": 7.5267056926356815E-06
"p176": 0.00011478226181269415
"p177": 2.8225146347383805E-05
"p178": 0
"p179": 0
"p180": 0.0007188003936467076
"p181": 0.00018816764231589203
"p182": 2.4461793501065963E-05
"p183": 0
"p184": 0.0007188003936467075
"p185": 0.00018816764231589203
"p186": 3.3870175616860565E-05
"p187": 1.8816764231589204E-06
"p188": 0.0034265327665723936
