"p126": 0.00010913723254321738
"p127": 0
"p128": 0.001162876029512213
"p129": 0.0003631635496696716
"p130": 4.7041910578973E-05
"p131": 0
"p132": 0.0016953904572661873
"p133": 0.0005042892814065906
"p134": 7.714873334951573E-05
"p135": 1.1290058538953523E-05
"p136": 0.0059874943784916845
"p137": 0.00224860332567491
"p138": 0.00045912904725077655
"p139": 5.833196911792652E-05
"p140": 0.011179039629987146
"p141": 0.004890477023790033
"p142": 0.001110189089663763
"p143": 0.00010349220327374062
"p144": 0.0037633528463178415
"p145": 0.0012080362636680269
"p146": 0.00018252261304641527
"p147": 1.3171734962112444E-05
"p148": 0.0047230078221288906
"p149": 0.001422547375908144
"p150": 0.00022956452362538827
"p151": 1.8816764231589203E-05
"p152": 0.014558530485980572
"p153": 0.0053759495409650354
"p154": 0.0011177157953563988
"p155": 0.00013924405531376012
"p156": 0.02297903247961674
"p157": 0.009692515255691602
"p158": 0.002419835880182372
"p159": 0.0002860148163201559
"p160": 9.4083821157946E-05
"p161": 2.4461793501065963E-05
"p162": 5.645029269476761E-06
"p163": 0
"p164": 0.0003180033155138576
"p165": 8.843879188846926E-05
"p166": 2.2580117077907045E-05
"p167": 5.645029269476761E-06
"p168": 0.0018101727190788812
"p169": 0.000588964720448742
"p170": 0.00010725555612005845
"p171": 1.8816764231589204E-06
"p172": 0.005044774490489065
"p173": 0.00202280215489584
"p174": 0.00037633528463178407
"p175": 1.1290058538953523E-05
"p176": 0.0004158504895181214
"p177": 0.00013359902604428335
"p178": 1.1290058538953523E-05
"p179": 0
"p180": 0.0015203945499124077
"p181": 0.0005268693984844977
"p182": 0.00010537387969689955
"p183": 7.5267056926356815E-06
"p184": 0.002555316582649814
"p185": 0.0007150370408003898
"p186": 9.784717400426387E-05
"p187": 5.645029269476761E-06
"p188": 0.0062208222549633915
