"p126": 0
"p127": 0
"p128": 0.0014507725222555274
"p129": 0.00042525887163391595
"p130": 6.962202765688005E-05
"p131": 5.645029269476761E-06
"p132": 0.0031329912445596016
"p133": 0.0008354643318825608
"p134": 0.00011854561465901199
"p135": 7.5267056926356815E-06
"p136": 0.004309039009033928
"p137": 0.0016295317824556253
"p138": 0.0002973048748591094
"p139": 1.8816764231589203E-05
"p140": 0.011773649379705365
"p141": 0.004790748173362611
"p142": 0.0010988990311248097
"p143": 0.00012607232035164766
"p144": 0
"p145": 0
"p146": 0
"p147": 0
"p148": 0.00018064093662325636
"p149": 1.6935087808430282E-05
"p150": 0
"p151": 0
"p152": 2.0698440654748124E-05
"p153": 0
"p154": 0
"p155": 0
"p156": 0.0002577896699727721
"p157": 3.575185204001949E-05
"p158": 0
"p159": 0
"p160": 0.0001674692016611439
"p161": 5.645029269476761E-06
"p162": 0
"p163": 0
"p164": 0.0006981019529919595
"p165": 0.00015053411385271363
"p166": 1.3171734962112442E-05
"p167": 0
"p168": 0.0023615039110644444
"p169": 0.0009050863595394408
"p170": 0.00014112573173691902
"p171": 1.1290058538953523E-05
"p172": 0.006883172355915332
"p173": 0.0026230569338835342
"p174": 0.0004986442521371139
"p175": 3.951520488633733E-05
"p176": 0.00031423996266753966
"p177": 7.526705692635681E-05
"p178": 5.645029269476761E-06
"p179": 0
"p180": 0.001956943480085277
"p181": 0.0005852013676024242
"p182": 0.00010725555612005845
"p183": 1.3171734962112444E-05
"p184": 0.003490509764959797
"p185": 0.0010951356782784917
"p186": 0.00022768284720222937
"p187": 1.8816764231589207E-05
"p188": 0.010110247421632879
