"p126": 7.5267056926356815E-06
"p127": 0
"p128": 0.009007585037661752
"p129": 0.0035563684397703597
"p130": 0.0008110025383814947
"p131": 0.00010913723254321738
"p132": 0.012424709422118355
"p133": 0.0056995978857483694
"p134": 0.0015373296377208378
"p135": 0.00019004931873905096
"p136": 0.004839671760364744
"p137": 0.0015429746669903149
"p138": 0.00021074775939379907
"p139": 7.5267056926356815E-06
"p140": 0.012037084078947616
"p141": 0.004041840956945361
"p142": 0.000684930218029847
"p143": 5.2686939848449775E-05
"p144": 4.327855773265517E-05
"p145": 5.645029269476761E-06
"p146": 0
"p147": 0
"p148": 0.0003688085789391484
"p149": 6.962202765688006E-05
"p150": 5.645029269476761E-06
"p151": 0
"p152": 0
"p153": 0
"p154": 0
"p155": 0
"p156": 8.27937626189925E-05
"p157": 1.1290058538953523E-05
"p158": 0
"p159": 0
"p160": 0.005699597885748369
"p161": 0.0021827446508643476
"p162": 0.0004986442521371139
"p163": 6.774035123372112E-05
"p164": 0.012752121119748007
"p165": 0.0057259413556725956
"p166": 0.001396203905983919
"p167": 0.00013548070246744226
"p168": 0.0023483321761023322
"p169": 0.0007357354814551379
"p170": 0.00011854561465901199
"p171": 9.408382115794602E-06
"p172": 0.005285629072653408
"p173": 0.0016916271044198697
"p174": 0.00026343469924224885
"p175": 1.5053411385271365E-05
"p176": 0.005063591254720654
"p177": 0.0016088333418008771
"p178": 0.00027848811062752024
"p179": 1.8816764231589203E-05
"p180": 0.009271019736904001
"p181": 0.003637280525966193
"p182": 0.0006943386001456416
"p183": 3.010682277054273E-05
"p184": 0.001531684608451361
"p185": 0.00045912904725077655
"p186": 4.516023415581409E-05
"p187": 1.8816764231589204E-06
"p188": 0.004028669221983248
