"p126": 0
"p127": 0
"p128": 0.00350368149992191
"p129": 0.001087608972585856
"p130": 0.00018064093662325633
"p131": 1.8816764231589203E-05
"p132": 0.0007507888928404092
"p133": 0.00013359902604428335
"p134": 1.1290058538953523E-05
"p135": 0
"p136": 0.015469261874789485
"p137": 0.0062942076354665895
"p138": 0.001608833341800877
"p139": 0.0001919309951622099
"p140": 0.012296755425343546
"p141": 0.004487798269234025
"p142": 0.0008806245660383747
"p143": 8.091208619583358E-05
"p144": 0.00022768284720222937
"p145": 1.6935087808430282E-05
"p146": 0
"p147": 0
"p148": 0
"p149": 0
"p150": 0
"p151": 0
"p152": 0.00016370584881482606
"p153": 2.6343469924224887E-05
"p154": 0
"p155": 0
"p156": 7.5267056926356815E-06
"p157": 0
"p158": 0
"p159": 0
"p160": 0.0013171734962112442
"p161": 0.00040079707813285
"p162": 9.784717400426385E-05
"p163": 5.645029269476761E-06
"p164": 1.1290058538953523E-05
"p165": 0
"p166": 0
"p167": 0
"p168": 0.013943222295607603
"p169": 0.006124856757382287
"p170": 0.0015166311970660898
"p171": 0.00013359902604428335
"p172": 0.006132383463074922
"p173": 0.002152637828093805
"p174": 0.0004459573122886641
"p175": 3.0106822770542733E-05
"p176": 0.0024781678493002984
"p177": 0.0008185292440741304
"p178": 0.00016182417239166713
"p179": 1.8816764231589203E-05
"p180": 2.2580117077907045E-05
"p181": 0
"p182": 0
"p183": 0
"p184": 0.010708620524197417
"p185": 0.0038028680512041785
"p186": 0.000733853805031979
"p187": 4.327855773265517E-05
"p188": 0.005016549344141682
