"p126": 5.645029269476761E-06
"p127": 0
"p128": 0
"p129": 0
"p130": 0
"p131": 0
"p132": 0.00020510273012432236
"p133": 5.645029269476761E-06
"p134": 0
"p135": 0
"p136": 0.00035187349113071807
"p137": 8.467543904215141E-05
"p138": 3.7633528463178407E-06
"p139": 0
"p140": 0.0014281924051776204
"p141": 0.0006585867481056221
"p142": 0.00016935087808430283
"p143": 3.7633528463178407E-06
"p144": 9.032046831162818E-05
"p145": 1.1290058538953523E-05
"p146": 0
"p147": 0
"p148": 0.0017179705743440943
"p149": 0.00031423996266753966
"p150": 3.575185204001949E-05
"p151": 1.8816764231589204E-06
"p152": 0.000545686162716087
"p153": 0.00013736237889060116
"p154": 1.3171734962112444E-05
"p155": 0
"p156": 0.0015034594621039774
"p157": 0.0005362777806002923
"p158": 9.596549758110495E-05
"p159": 2.2580117077907045E-05
"p160": 0.001228734704322775
"p161": 0.0003650452260928306
"p162": 3.763352846317841E-05
"p163": 0
"p164": 0.0016370584881482606
"p165": 0.0004177321659412803
"p166": 5.833196911792653E-05
"p167": 1.1290058538953523E-05
"p168": 0.006503073718437228
"p169": 0.002239194943559115
"p170": 0.00044031228301918735
"p171": 3.575185204001948E-05
"p172": 0.014759869863258574
"p173": 0.006282917576927634
"p174": 0.0014319557580239385
"p175": 0.0001467707610063958
"p176": 0.0038837801374000114
"p177": 0.0012908300262870192
"p178": 0.00017687758377693853
"p179": 1.5053411385271365E-05
"p180": 0.004749351292053116
"p181": 0.0014131389937923492
"p182": 0.00023709122931802392
"p183": 1.8816764231589203E-05
"p184": 0.01255642677173948
"p185": 0.004354199243189742
"p186": 0.0007564339221098859
"p187": 4.3278557732655166E-05
"p188": 0.025039468162975757
