"p126": 3.387017561686057E-05
"p127": 0
"p128": 0.0014263107287544618
"p129": 0.00042714054805707494
"p130": 7.714873334951572E-05
"p131": 5.645029269476761E-06
"p132": 0.003195086566523847
"p133": 0.0009050863595394407
"p134": 0.00012983567319796552
"p135": 7.5267056926356815E-06
"p136": 0.005987494378491685
"p137": 0.0022486033256749103
"p138": 0.0004591290472507766
"p139": 5.833196911792652E-05
"p140": 0.013728711183367489
"p141": 0.0056337392109378085
"p142": 0.0013096467905186085
"p143": 0.00016182417239166719
"p144": 0
"p145": 0
"p146": 0
"p147": 0
"p148": 0.000259671346395931
"p149": 5.080526342529086E-05
"p150": 0
"p151": 0
"p152": 3.198849919370165E-05
"p153": 5.645029269476761E-06
"p154": 0
"p155": 0
"p156": 0.00034622846186124133
"p157": 5.833196911792654E-05
"p158": 5.645029269476761E-06
"p159": 0
"p160": 0.0002671980520885667
"p161": 3.3870175616860565E-05
"p162": 0
"p163": 0
"p164": 0.0008712161839225803
"p165": 0.000212629435816958
"p166": 2.4461793501065966E-05
"p167": 0
"p168": 0.002288118530561247
"p169": 0.0007752506863414752
"p170": 0.0001542974666990315
"p171": 1.5053411385271365E-05
"p172": 0.007349828108858744
"p173": 0.0026870339322709385
"p174": 0.0005456861627160869
"p175": 5.080526342529085E-05
"p176": 0.0004346672537497106
"p177": 0.00010537387969689954
"p178": 1.6935087808430286E-05
"p179": 0
"p180": 0.002086779153283243
"p181": 0.0006021364554108545
"p182": 8.467543904215141E-05
"p183": 1.3171734962112444E-05
"p184": 0.0035488417340777244
"p185": 0.0010951356782784919
"p186": 0.0001844042894695742
"p187": 3.575185204001948E-05
"p188": 0.011075547426713406
