"p126": 0
"p127": 0
"p128": 0.007801430450416883
"p129": 0.003212021654332277
"p130": 0.0008166475676509715
"p131": 0.00010349220327374062
"p132": 0.00043090390090339274
"p133": 5.833196911792653E-05
"p134": 5.645029269476761E-06
"p135": 0
"p136": 0.003037025746978497
"p137": 0.0010085785628131813
"p138": 0.0001599424959685082
"p139": 7.5267056926356815E-06
"p140": 0.00888903942300274
"p141": 0.003108529451058536
"p142": 0.000519342692791862
"p143": 3.9515204886337324E-05
"p144": 0.0002577896699727721
"p145": 3.575185204001949E-05
"p146": 0
"p147": 0
"p148": 0.00011666393823585307
"p149": 1.6935087808430282E-05
"p150": 0
"p151": 0
"p152": 1.3171734962112444E-05
"p153": 0
"p154": 0
"p155": 0
"p156": 3.951520488633733E-05
"p157": 9.408382115794602E-06
"p158": 0
"p159": 0
"p160": 0.005199071957188096
"p161": 0.001964470185777913
"p162": 0.00041773216594128033
"p163": 3.3870175616860565E-05
"p164": 1.3171734962112444E-05
"p165": 1.8816764231589204E-06
"p166": 0
"p167": 0
"p168": 0.0016182417239166717
"p169": 0.0005325144277539745
"p170": 6.209532196424438E-05
"p171": 0
"p172": 0.003164979743753304
"p173": 0.0010763189140469023
"p174": 0.00016370584881482604
"p175": 1.3171734962112444E-05
"p176": 0.00866511992864683
"p177": 0.0032251933892943887
"p178": 0.0007112736879540719
"p179": 7.526705692635681E-05
"p180": 0.00011101890896637629
"p181": 2.6343469924224887E-05
"p182": 0
"p183": 0
"p184": 0.002173336268748553
"p185": 0.000754552245686727
"p186": 0.0001561791431221904
"p187": 7.5267056926356815E-06
"p188": 0.005078644666105927
