"p126": 0
"p127": 0
"p128": 0.000282251463473838
"p129": 6.58586748105622E-05
"p130": 3.7633528463178407E-06
"p131": 0
"p132": 0.001407493964522872
"p133": 0.0006510600424129864
"p134": 0.00016935087808430283
"p135": 3.7633528463178407E-06
"p136": 6.962202765688005E-05
"p137": 1.8816764231589203E-05
"p138": 0
"p139": 0
"p140": 0.0003274116976296522
"p141": 7.526705692635681E-05
"p142": 0
"p143": 0
"p144": 0.0005099343106760673
"p145": 0.0001110189089663763
"p146": 9.408382115794602E-06
"p147": 0
"p148": 0.001947535097969483
"p149": 0.0005795563383329474
"p150": 9.408382115794602E-05
"p151": 2.2580117077907045E-05
"p152": 5.833196911792654E-05
"p153": 2.6343469924224887E-05
"p154": 3.7633528463178407E-06
"p155": 0
"p156": 0.0014846426978723883
"p157": 0.0004986442521371139
"p158": 8.279376261899251E-05
"p159": 1.8816764231589204E-06
"p160": 0.005409819716581896
"p161": 0.0019400083922768473
"p162": 0.00039891540170969113
"p163": 3.575185204001948E-05
"p164": 0.011869614877286471
"p165": 0.005317617571847109
"p166": 0.0012927117027101784
"p167": 0.00012983567319796552
"p168": 0.0016634019580724858
"p169": 0.0004779458114823658
"p170": 4.8923587002131926E-05
"p171": 0
"p172": 0.005616804123129377
"p173": 0.0015467380198366327
"p174": 0.00018252261304641527
"p175": 5.645029269476761E-06
"p176": 0.010305941769641407
"p177": 0.003691849142237802
"p178": 0.0006661134537982577
"p179": 4.3278557732655166E-05
"p180": 0.01697083966047031
"p181": 0.007921857741499054
"p182": 0.0021620462102095997
"p183": 0.0002483812878569775
"p184": 0.0044482830643476886
"p185": 0.0014169023466386673
"p186": 0.00012230896750532982
"p187": 1.8816764231589204E-06
"p188": 0.014430576489205761
