"p126": 8.279376261899248E-05
"p127": 5.645029269476761E-06
"p128": 0.0006679951302214168
"p129": 0.00016370584881482606
"p130": 7.5267056926356815E-06
"p131": 0
"p132": 0
"p133": 0
"p134": 0
"p135": 0
"p136": 0.004066302750446426
"p137": 0.0015787265190303343
"p138": 0.00032176666836017544
"p139": 1.1290058538953523E-05
"p140": 0.001958825156508436
"p141": 0.0006924569237224825
"p142": 7.150370408003898E-05
"p143": 1.8816764231589204E-06
"p144": 0.0022053247679422548
"p145": 0.0005964914261413778
"p146": 6.962202765688005E-05
"p147": 0
"p148": 0.00034434678543808245
"p149": 2.8225146347383805E-05
"p150": 0
"p151": 0
"p152": 0.010945711753515441
"p153": 0.00413027974883383
"p154": 0.0009126130652320764
"p155": 4.139688130949624E-05
"p156": 0.00744014857717037
"p157": 0.002414190850912895
"p158": 0.0003594001968233538
"p159": 1.5053411385271365E-05
"p160": 0.00012795399677480656
"p161": 4.516023415581409E-05
"p162": 1.1290058538953523E-05
"p163": 0
"p164": 0
"p165": 0
"p166": 0
"p167": 0
"p168": 0.001650230223110373
"p169": 0.0006736401594908936
"p170": 9.596549758110493E-05
"p171": 0
"p172": 0.00031423996266753966
"p173": 8.843879188846925E-05
"p174": 9.408382115794602E-06
"p175": 0
"p176": 0.0007206820700698664
"p177": 0.00023520955289486504
"p178": 4.139688130949624E-05
"p179": 0
"p180": 0
"p181": 0
"p182": 0
"p183": 0
"p184": 0.002502629642801364
"p185": 0.0009050863595394407
"p186": 0.0001486524374295547
"p187": 0
"p188": 0.0005381594570234512
