"p126": 3.7633528463178407E-06
"p127": 0
"p128": 0.008800600631114272
"p129": 0.0036485705845051464
"p130": 0.0008693345074994212
"p131": 0.00011854561465901199
"p132": 0.00040079707813285006
"p133": 6.962202765688006E-05
"p134": 5.645029269476761E-06
"p135": 0
"p136": 0.004960099051446914
"p137": 0.0017763025434620208
"p138": 0.00038762534317073754
"p139": 3.387017561686057E-05
"p140": 0.010044388746822319
"p141": 0.0035620134690398353
"p142": 0.0006792851887603702
"p143": 7.526705692635681E-05
"p144": 0.00034622846186124133
"p145": 5.833196911792654E-05
"p146": 5.645029269476761E-06
"p147": 0
"p148": 9.596549758110495E-05
"p149": 1.6935087808430282E-05
"p150": 0
"p151": 0
"p152": 1.3171734962112444E-05
"p153": 1.8816764231589204E-06
"p154": 0
"p155": 0
"p156": 0.00011290058538953522
"p157": 2.0698440654748124E-05
"p158": 0
"p159": 0
"p160": 0.005409819716581896
"p161": 0.001940008392276847
"p162": 0.00039891540170969113
"p163": 3.575185204001948E-05
"p164": 1.3171734962112444E-05
"p165": 1.8816764231589204E-06
"p166": 0
"p167": 0
"p168": 0.0022937635598307233
"p169": 0.0007639606278025217
"p170": 0.00015241579027587253
"p171": 1.3171734962112444E-05
"p172": 0.002884609956702625
"p173": 0.0008636894782299445
"p174": 0.00016935087808430283
"p175": 1.5053411385271365E-05
"p176": 0.009387683675139855
"p177": 0.0035036814999219097
"p178": 0.0007263270993393433
"p179": 7.526705692635681E-05
"p180": 0.00011101890896637629
"p181": 2.6343469924224887E-05
"p182": 0
"p183": 0
"p184": 0.00252709143630243
"p185": 0.0008185292440741305
"p186": 0.00017311423093062064
"p187": 1.5053411385271365E-05
"p188": 0.0048998854059058294
