"p126": 0
"p127": 0
"p128": 0.014233000464774074
"p129": 0.006373238045239263
"p130": 0.0017292606328830477
"p131": 0.0002559079935496132
"p132": 0.0005645029269476761
"p133": 9.972885042742278E-05
"p134": 1.1290058538953523E-05
"p135": 0
"p136": 0.010123419156594992
"p137": 0.004357962596036059
"p138": 0.0010932540018553328
"p139": 0.00011478226181269412
"p140": 0.015092926590157702
"p141": 0.0054737967149692986
"p142": 0.0009859984457352743
"p143": 6.39769983874033E-05
"p144": 0.0005720296326403118
"p145": 0.00010725555612005847
"p146": 5.645029269476761E-06
"p147": 0
"p148": 0.00018064093662325636
"p149": 3.3870175616860565E-05
"p150": 0
"p151": 0
"p152": 2.8225146347383805E-05
"p153": 1.8816764231589204E-06
"p154": 0
"p155": 0
"p156": 9.784717400426385E-05
"p157": 2.0698440654748124E-05
"p158": 0
"p159": 0
"p160": 0.012221488368417188
"p161": 0.004467099828579277
"p162": 0.0008806245660383748
"p163": 6.585867481056221E-05
"p164": 2.6343469924224887E-05
"p165": 3.7633528463178407E-06
"p166": 0
"p167": 0
"p168": 0.0062396390191949815
"p169": 0.0022900002069844057
"p170": 0.00042902222448023387
"p171": 3.010682277054273E-05
"p172": 0.006433451690780349
"p173": 0.001979523597163184
"p174": 0.0002615530228190899
"p175": 9.408382115794602E-06
"p176": 0.018786657408818665
"p177": 0.0071992939950060305
"p178": 0.0016615202816493266
"p179": 0.00021827446508643477
"p180": 0.00018816764231589203
"p181": 4.139688130949625E-05
"p182": 0
"p183": 0
"p184": 0.007880460860189559
"p185": 0.0028770832510099887
"p186": 0.0006830485416066881
"p187": 7.714873334951573E-05
"p188": 0.009400855410101968
