"p126": 1.8816764231589203E-05
"p127": 0
"p128": 0.01044142247210885
"p129": 0.00475687799774575
"p130": 0.0012795399677480658
"p131": 0.00016370584881482606
"p132": 0.0005870830440255832
"p133": 0.000118545614659012
"p134": 5.645029269476761E-06
"p135": 0
"p136": 0.008921027922196442
"p137": 0.0031649797437533042
"p138": 0.0005983731025645368
"p139": 3.7633528463178407E-05
"p140": 0.016513592289642685
"p141": 0.005940452467912712
"p142": 0.0012117996165143447
"p143": 0.0001448890845832369
"p144": 0.00024461793501065964
"p145": 5.2686939848449775E-05
"p146": 5.645029269476761E-06
"p147": 0
"p148": 0.00012419064392848875
"p149": 1.6935087808430282E-05
"p150": 0
"p151": 0
"p152": 1.6935087808430282E-05
"p153": 1.8816764231589204E-06
"p154": 0
"p155": 0
"p156": 0.00010913723254321737
"p157": 1.5053411385271363E-05
"p158": 0
"p159": 0
"p160": 0.010302178416795088
"p161": 0.004649622441625692
"p162": 0.0011459409417037825
"p163": 0.00011666393823585305
"p164": 2.6343469924224887E-05
"p165": 1.8816764231589204E-06
"p166": 0
"p167": 0
"p168": 0.005643147593053602
"p169": 0.0020848974768600836
"p170": 0.00040456043097916787
"p171": 3.010682277054273E-05
"p172": 0.008066746826082294
"p173": 0.0028112245761994265
"p174": 0.0006040181318340134
"p175": 7.150370408003898E-05
"p176": 0.008672646634339462
"p177": 0.003435941148688188
"p178": 0.0006642317773750989
"p179": 3.010682277054273E-05
"p180": 9.408382115794603E-05
"p181": 2.6343469924224887E-05
"p182": 0
"p183": 0
"p184": 0.0036523339373514636
"p185": 0.0011158341189332398
"p186": 0.00013548070246744226
"p187": 1.8816764231589204E-06
"p188": 0.006237757342771821
