"p126": 0.0002464996114338186
"p127": 7.5267056926356815E-06
"p128": 0.003323040563298653
"p129": 0.0010894906490090147
"p130": 0.00018252261304641527
"p131": 1.3171734962112444E-05
"p132": 0.004039959280522203
"p133": 0.0012494331449775231
"p134": 0.00019945770085484554
"p135": 1.8816764231589203E-05
"p136": 0.011608061854467382
"p137": 0.0042996306269181325
"p138": 0.0009013230066931229
"p139": 0.00011101890896637632
"p140": 0.018447955652650058
"p141": 0.007784495362608454
"p142": 0.0019287183337378935
"p143": 0.00022768284720222937
"p144": 0
"p145": 0
"p146": 0
"p147": 0
"p148": 0.0002878964927433148
"p149": 3.3870175616860565E-05
"p150": 0
"p151": 0
"p152": 4.327855773265517E-05
"p153": 5.645029269476761E-06
"p154": 0
"p155": 0
"p156": 0.00024461793501065964
"p157": 5.2686939848449775E-05
"p158": 5.645029269476761E-06
"p159": 0
"p160": 0.0008128842148046535
"p161": 0.00021827446508643474
"p162": 1.3171734962112442E-05
"p163": 0
"p164": 0.0013378719368659924
"p165": 0.0003838619903244197
"p166": 7.33853805031979E-05
"p167": 5.645029269476761E-06
"p168": 0.007020534734805932
"p169": 0.002504511319224523
"p170": 0.0005381594570234513
"p171": 6.962202765688005E-05
"p172": 0.014942392476304992
"p173": 0.006326196134660291
"p174": 0.0014639442572176402
"p175": 0.0001373623788906012
"p176": 0.0012117996165143447
"p177": 0.000378216961054943
"p178": 4.516023415581409E-05
"p179": 0
"p180": 0.0025270914363024304
"p181": 0.0008486360668446732
"p182": 0.00016182417239166713
"p183": 1.8816764231589203E-05
"p184": 0.005818143500407382
"p185": 0.0017405506914220015
"p186": 0.00027848811062752024
"p187": 1.8816764231589203E-05
"p188": 0.010902433195782782
