"p126": 1.3171734962112442E-05
"p127": 0
"p128": 9.22021447347871E-05
"p129": 5.645029269476761E-06
"p130": 0
"p131": 0
"p132": 0
"p133": 0
"p134": 0
"p135": 0
"p136": 0.0015298029320282023
"p137": 0.00045724737082761767
"p138": 7.903040977267463E-05
"p139": 5.645029269476761E-06
"p140": 0.00016182417239166713
"p141": 2.8225146347383808E-05
"p142": 0
"p143": 0
"p144": 0.0013416352897123102
"p145": 0.00033117505047596993
"p146": 2.6343469924224887E-05
"p147": 1.8816764231589204E-06
"p148": 0
"p149": 0
"p150": 0
"p151": 0
"p152": 0.003772761228433635
"p153": 0.001087608972585856
"p154": 0.00015241579027587256
"p155": 7.5267056926356815E-06
"p156": 0.00066235010095194
"p157": 0.0001279539967748066
"p158": 1.1290058538953523E-05
"p159": 0
"p160": 0.0010010518571205455
"p161": 0.00022203781793275258
"p162": 1.8816764231589207E-05
"p163": 0
"p164": 1.6935087808430286E-05
"p165": 0
"p166": 0
"p167": 0
"p168": 0.007989598092732777
"p169": 0.0030276173648627024
"p170": 0.0006472966895666687
"p171": 7.33853805031979E-05
"p172": 0.002440534320837119
"p173": 0.0008241742733436071
"p174": 0.00015429746669903146
"p175": 3.010682277054273E-05
"p176": 0.003324922239721812
"p177": 0.0009728267107731619
"p178": 0.00013548070246744229
"p179": 7.5267056926356815E-06
"p180": 0.00033682007974544673
"p181": 6.021364554108546E-05
"p182": 5.645029269476761E-06
"p183": 0
"p184": 0.019744430708206556
"p185": 0.00791621271222958
"p186": 0.0018026460133862463
"p187": 0.00021262943581695803
"p188": 0.008597379577413107
