"p126": 3.387017561686057E-05
"p127": 0
"p128": 0.0022994085891002007
"p129": 0.0008523994196909912
"p130": 0.00016182417239166713
"p131": 7.5267056926356815E-06
"p132": 0.00033305672689912887
"p133": 5.080526342529086E-05
"p134": 0
"p135": 0
"p136": 0.0009201397709247122
"p137": 0.00023709122931802397
"p138": 3.0106822770542726E-05
"p139": 0
"p140": 0.002084897476860084
"p141": 0.0006924569237224828
"p142": 0.0001373623788906012
"p143": 1.3171734962112444E-05
"p144": 0.0002784881106275202
"p145": 7.714873334951574E-05
"p146": 5.645029269476761E-06
"p147": 0
"p148": 0
"p149": 0
"p150": 0
"p151": 0
"p152": 9.408382115794602E-06
"p153": 0
"p154": 0
"p155": 0
"p156": 1.8816764231589203E-05
"p157": 0
"p158": 0
"p159": 0
"p160": 0.01986862135213504
"p161": 0.008949253068543826
"p162": 0.002320107029754948
"p163": 0.0002766064342043613
"p164": 0.0006134265139498081
"p165": 0.0001204272910821709
"p166": 5.645029269476761E-06
"p167": 0
"p168": 0.01428756908104568
"p169": 0.005088053048221721
"p170": 0.0009634183286573672
"p171": 6.585867481056221E-05
"p172": 0.02435830129779223
"p173": 0.00861055131237522
"p174": 0.0017725391906157032
"p175": 0.00021451111224011693
"p176": 0.006542588923323566
"p177": 0.0026757438737319843
"p178": 0.0005588578976781994
"p179": 2.6343469924224887E-05
"p180": 3.0106822770542726E-05
"p181": 3.7633528463178407E-06
"p182": 0
"p183": 0
"p184": 0.0026926789615404146
"p185": 0.000850517743267832
"p186": 0.00012042729108217092
"p187": 5.645029269476761E-06
"p188": 0.004376779360267648
