"p126": 0
"p127": 0
"p128": 5.080526342529086E-05
"p129": 5.645029269476761E-06
"p130": 0
"p131": 0
"p132": 0.0012814216441712246
"p133": 0.0002709614049348845
"p134": 2.6343469924224887E-05
"p135": 1.8816764231589204E-06
"p136": 0.0004271405480570749
"p137": 0.00010161052685058169
"p138": 1.3171734962112444E-05
"p139": 0
"p140": 0.0017650124849230668
"p141": 0.0005475678391392459
"p142": 0.00010349220327374062
"p143": 2.2580117077907045E-05
"p144": 0
"p145": 0
"p146": 0
"p147": 0
"p148": 0
"p149": 0
"p150": 0
"p151": 0
"p152": 1.6935087808430286E-05
"p153": 0
"p154": 0
"p155": 0
"p156": 0.00019569434800852773
"p157": 4.892358700213193E-05
"p158": 5.645029269476761E-06
"p159": 0
"p160": 0.0016182417239166715
"p161": 0.00043090390090339274
"p162": 6.962202765688005E-05
"p163": 5.645029269476761E-06
"p164": 0.0038931885195158072
"p165": 0.0009690633579268438
"p166": 0.00012607232035164766
"p167": 7.5267056926356815E-06
"p168": 0.006371356368816104
"p169": 0.00238784738098867
"p170": 0.00041020546024864466
"p171": 2.4461793501065966E-05
"p172": 0.017907914519203448
"p173": 0.007009244676266978
"p174": 0.0014978144328345005
"p175": 0.00015994249596850823
"p176": 0.00011101890896637629
"p177": 1.6935087808430286E-05
"p178": 0
"p179": 0
"p180": 0.0005456861627160869
"p181": 9.22021447347871E-05
"p182": 1.1290058538953523E-05
"p183": 0
"p184": 0.002241076619982274
"p185": 0.0007037469822614362
"p186": 0.00013548070246744226
"p187": 1.3171734962112444E-05
"p188": 0.00749659886986514
