"p126": 3.7633528463178407E-06
"p127": 0
"p128": 0.005191545251495462
"p129": 0.00200398539066425
"p130": 0.00041961384236443916
"p131": 5.64502926947676E-05
"p132": 0.011064257368174454
"p133": 0.004581882090391971
"p134": 0.001108307413240604
"p135": 0.00014677076100639582
"p136": 0.001748077397114637
"p137": 0.0005249877220613388
"p138": 8.843879188846926E-05
"p139": 1.8816764231589204E-06
"p140": 0.0070148897055364555
"p141": 0.00237091229318024
"p142": 0.0003913886960170554
"p143": 2.8225146347383808E-05
"p144": 3.198849919370165E-05
"p145": 5.645029269476761E-06
"p146": 0
"p147": 0
"p148": 0.0004421939594423462
"p149": 7.526705692635681E-05
"p150": 5.645029269476761E-06
"p151": 0
"p152": 0
"p153": 0
"p154": 0
"p155": 0
"p156": 9.408382115794602E-05
"p157": 1.6935087808430282E-05
"p158": 0
"p159": 0
"p160": 0.002007748743510568
"p161": 0.0007037469822614361
"p162": 0.00014865243742955475
"p163": 1.5053411385271365E-05
"p164": 0.006747691653447889
"p165": 0.002429244262298166
"p166": 0.0005042892814065906
"p167": 4.516023415581409E-05
"p168": 0.00059272807329506
"p169": 0.00018064093662325636
"p170": 3.198849919370165E-05
"p171": 1.8816764231589204E-06
"p172": 0.0018101727190788814
"p173": 0.0005136976635223852
"p174": 6.209532196424438E-05
"p175": 1.8816764231589204E-06
"p176": 0.003339975651107083
"p177": 0.00106314717908479
"p178": 0.0001825226130464153
"p179": 3.3870175616860565E-05
"p180": 0.010622063408732106
"p181": 0.003983508987827435
"p182": 0.0008335826554594016
"p183": 8.655711546531033E-05
"p184": 0.000568266279793994
"p185": 0.00018440428946957417
"p186": 4.516023415581409E-05
"p187": 3.7633528463178407E-06
"p188": 0.0030407890998248154
