"p126": 0
"p127": 0
"p128": 0.00038198031390126086
"p129": 8.279376261899248E-05
"p130": 9.408382115794602E-06
"p131": 0
"p132": 0.0020867791532832424
"p133": 0.000594609749718219
"p134": 0.00010161052685058171
"p135": 2.2580117077907045E-05
"p136": 5.080526342529084E-05
"p137": 1.8816764231589203E-05
"p138": 3.7633528463178407E-06
"p139": 0
"p140": 0.001255078174247
"p141": 0.00039515204886337327
"p142": 5.645029269476761E-05
"p143": 1.8816764231589204E-06
"p144": 1.6935087808430286E-05
"p145": 0
"p146": 0
"p147": 0
"p148": 0.00019569434800852773
"p149": 4.892358700213193E-05
"p150": 5.645029269476761E-06
"p151": 0
"p152": 0
"p153": 0
"p154": 0
"p155": 0
"p156": 0
"p157": 0
"p158": 0
"p159": 0
"p160": 0.005693952856478891
"p161": 0.0021206493289001034
"p162": 0.00036880857893914834
"p163": 2.4461793501065966E-05
"p164": 0.01451713360467107
"p165": 0.00557728891824304
"p166": 0.0012738949384785891
"p167": 0.00013924405531376012
"p168": 0.0014131389937923494
"p169": 0.0004516023415581409
"p170": 4.892358700213192E-05
"p171": 0
"p172": 0.008318891466785588
"p173": 0.0026964423143867326
"p174": 0.0003725719317854663
"p175": 2.2580117077907045E-05
"p176": 0.0019625885093547536
"p177": 0.0006058998082571724
"p178": 0.0001204272910821709
"p179": 1.3171734962112444E-05
"p180": 0.007116500232387037
"p181": 0.0028168696054689034
"p182": 0.0007338538050319789
"p183": 9.4083821157946E-05
"p184": 0.00035751852040019486
"p185": 0.00012230896750532982
"p186": 1.5053411385271365E-05
"p187": 0
"p188": 0.0013792688181754886
