"p126": 0
"p127": 0
"p128": 0.015448563434134735
"p129": 0.0075342323983283175
"p130": 0.002273065119175976
"p131": 0.0004064421074023268
"p132": 0.0008110025383814948
"p133": 0.00015994249596850825
"p134": 1.1290058538953523E-05
"p135": 0
"p136": 0.015469261874789489
"p137": 0.0062942076354665895
"p138": 0.0016088333418008767
"p139": 0.00019193099516220987
"p140": 0.022284693879471098
"p141": 0.008002769827694888
"p142": 0.0015410929905671558
"p143": 0.0001298356731979655
"p144": 0.0002897781691664737
"p145": 6.021364554108546E-05
"p146": 5.645029269476761E-06
"p147": 0
"p148": 0.0002032210537011634
"p149": 3.3870175616860565E-05
"p150": 0
"p151": 0
"p152": 2.4461793501065963E-05
"p153": 1.8816764231589204E-06
"p154": 0
"p155": 0
"p156": 7.903040977267466E-05
"p157": 1.5053411385271363E-05
"p158": 0
"p159": 0
"p160": 0.019520511213850636
"p161": 0.009080970418164951
"p162": 0.0025026296428013644
"p163": 0.000308594933398063
"p164": 4.516023415581409E-05
"p165": 3.7633528463178407E-06
"p166": 0
"p167": 0
"p168": 0.013258292077577755
"p169": 0.005505785214163
"p170": 0.0013453986425586279
"p171": 0.0001279539967748066
"p172": 0.014133271614346654
"p173": 0.004625160648124627
"p174": 0.0008429910375751963
"p175": 6.39769983874033E-05
"p176": 0.015036476297462933
"p177": 0.005993139407761161
"p178": 0.0012663682327859532
"p179": 9.784717400426385E-05
"p180": 0.0001448890845832369
"p181": 4.139688130949625E-05
"p182": 0
"p183": 0
"p184": 0.008636894782299445
"p185": 0.0025778966997277203
"p186": 0.00040079707813285
"p187": 3.198849919370165E-05
"p188": 0.01003874371755284
