"p126": 0
"p127": 0
"p128": 0.0008655711546531033
"p129": 0.00020886608297064014
"p130": 1.8816764231589203E-05
"p131": 0
"p132": 0.003178151478715417
"p133": 0.0009483649172720959
"p134": 0.0001392440553137601
"p135": 7.5267056926356815E-06
"p136": 0.00015241579027587256
"p137": 2.2580117077907045E-05
"p138": 5.645029269476761E-06
"p139": 0
"p140": 0.001537329637720838
"p141": 0.0004835908407518425
"p142": 8.467543904215141E-05
"p143": 1.3171734962112444E-05
"p144": 1.6935087808430286E-05
"p145": 0
"p146": 0
"p147": 0
"p148": 0.00029730487485910944
"p149": 6.021364554108546E-05
"p150": 5.645029269476761E-06
"p151": 0
"p152": 0
"p153": 0
"p154": 0
"p155": 0
"p156": 0
"p157": 0
"p158": 0
"p159": 0
"p160": 0.00706004993969227
"p161": 0.002656927109500395
"p162": 0.0005513311919855637
"p163": 7.150370408003896E-05
"p164": 0.017055515099512458
"p165": 0.0067345199184857775
"p166": 0.0015467380198366327
"p167": 0.0001919309951622099
"p168": 0.002305053618369677
"p169": 0.0006830485416066881
"p170": 0.00011101890896637629
"p171": 1.8816764231589204E-06
"p172": 0.008591734548143631
"p173": 0.0027604193127741365
"p174": 0.0004233771952107571
"p175": 2.8225146347383808E-05
"p176": 0.0022316682378664796
"p177": 0.0007696056570719984
"p178": 0.00014865243742955472
"p179": 2.8225146347383808E-05
"p180": 0.007645251307294694
"p181": 0.0030483158055174507
"p182": 0.00073197212860882
"p183": 8.467543904215141E-05
"p184": 0.00034999181470755914
"p185": 0.00011666393823585304
"p186": 2.4461793501065966E-05
"p187": 1.8816764231589204E-06
"p188": 0.001625768429609307
