"p126": 0
"p127": 0
"p128": 0.0012550781742469996
"p129": 0.000404560430979168
"p130": 6.585867481056221E-05
"p131": 0
"p132": 0.0034811013828440025
"p133": 0.001507222814950295
"p134": 0.00035375516755387705
"p135": 1.6935087808430282E-05
"p136": 0.0001825226130464153
"p137": 5.268693984844976E-05
"p138": 5.645029269476761E-06
"p139": 0
"p140": 0.0006585867481056221
"p141": 0.0001674692016611439
"p142": 1.1290058538953523E-05
"p143": 0
"p144": 0.0016201234003398303
"p145": 0.00047982748790552474
"p146": 7.526705692635681E-05
"p147": 1.1290058538953523E-05
"p148": 0.003563895145462994
"p149": 0.001198627881552232
"p150": 0.00023520955289486504
"p151": 4.139688130949625E-05
"p152": 0.0002860148163201559
"p153": 0.00010913723254321738
"p154": 3.0106822770542726E-05
"p155": 5.645029269476761E-06
"p156": 0.0024179542037592126
"p157": 0.0007940674505730643
"p158": 0.00015053411385271363
"p159": 9.408382115794602E-06
"p160": 0.013595112157323203
"p161": 0.005377831217388194
"p162": 0.0012193263222069802
"p163": 0.0001542974666990315
"p164": 0.023607512404951823
"p165": 0.010578784850999452
"p166": 0.002700205667233051
"p167": 0.0003161216390906987
"p168": 0.006074051493956995
"p169": 0.001953180127238959
"p170": 0.0003123582862443808
"p171": 1.1290058538953523E-05
"p172": 0.00935945852879247
"p173": 0.0026174119046140578
"p174": 0.0003518734911307181
"p175": 1.6935087808430286E-05
"p176": 0.018814882555166047
"p177": 0.007711109982105257
"p178": 0.0018120543955020406
"p179": 0.00022203781793275258
"p180": 0.027400972074040207
"p181": 0.013085177846647134
"p182": 0.0037144292593157087
"p183": 0.0005908463968719011
"p184": 0.010941948400669125
"p185": 0.0039044785780547597
"p186": 0.000780895715610952
"p187": 3.010682277054273E-05
"p188": 0.019620240064278066
