"p126": 0
"p127": 0
"p128": 0.010904314872205945
"p129": 0.0045875271196614475
"p130": 0.0011609943530890537
"p131": 0.00017311423093062066
"p132": 6.39769983874033E-05
"p133": 1.1290058538953523E-05
"p134": 0
"p135": 0
"p136": 0.0057673382369820905
"p137": 0.0023257520590244255
"p138": 0.0005739113090634708
"p139": 7.338538050319788E-05
"p140": 0.007359236490974538
"p141": 0.0023652672639107625
"p142": 0.00040456043097916787
"p143": 3.198849919370165E-05
"p144": 0.017554159351649567
"p145": 0.00785976241953481
"p146": 0.0021093592703611496
"p147": 0.0003010682277054273
"p148": 0.0007451438635709325
"p149": 0.00013359902604428335
"p150": 1.1290058538953523E-05
"p151": 0
"p152": 0.012799163030326978
"p153": 0.005464388332853504
"p154": 0.0013397536132891512
"p155": 0.00013359902604428335
"p156": 0.01711949209789986
"p157": 0.006136146815921241
"p158": 0.0010800822668932204
"p159": 6.39769983874033E-05
"p160": 0.00615496358015283
"p161": 0.0020641990362053357
"p162": 0.00031800331551385747
"p163": 1.5053411385271363E-05
"p164": 0
"p165": 0
"p166": 0
"p167": 0
"p168": 0.0025327364655719064
"p169": 0.0008373460083057198
"p170": 0.00013171734962112445
"p171": 9.408382115794602E-06
"p172": 0.0022523666785212275
"p173": 0.0006755218359140525
"p174": 9.596549758110495E-05
"p175": 9.408382115794602E-06
"p176": 0.013312860693849364
"p177": 0.004864133553865809
"p178": 0.0009295481530405067
"p179": 7.33853805031979E-05
"p180": 0.00015053411385271363
"p181": 3.3870175616860565E-05
"p182": 0
"p183": 0
"p184": 0.00503912946121959
"p185": 0.0016935087808430285
"p186": 0.0002973048748591094
"p187": 1.5053411385271365E-05
"p188": 0.0061530819037296704
