"p126": 0
"p127": 0
"p128": 0.0016031883125314
"p129": 0.00047982748790552474
"p130": 7.526705692635681E-05
"p131": 1.1290058538953523E-05
"p132": 0.0034415861779576646
"p133": 0.0011911011758595964
"p134": 0.0002408545821643418
"p135": 4.139688130949625E-05
"p136": 0.0002860148163201559
"p137": 0.00010913723254321738
"p138": 3.0106822770542726E-05
"p139": 5.645029269476761E-06
"p140": 0.0024179542037592126
"p141": 0.0007940674505730643
"p142": 0.00015053411385271363
"p143": 9.408382115794602E-06
"p144": 5.080526342529084E-05
"p145": 0
"p146": 0
"p147": 0
"p148": 0.0003594001968233538
"p149": 8.655711546531033E-05
"p150": 5.645029269476761E-06
"p151": 0
"p152": 0
"p153": 0
"p154": 0
"p155": 0
"p156": 0
"p157": 0
"p158": 0
"p159": 0
"p160": 0.02476474340519455
"p161": 0.010029335335437047
"p162": 0.0024254809094518483
"p163": 0.0003104766098212219
"p164": 0.03938348753671621
"p165": 0.018425375535572153
"p166": 0.0052065986628807345
"p167": 0.0008072391855351771
"p168": 0.01359699383374636
"p169": 0.00489612205305951
"p170": 0.0010179869449289762
"p171": 3.951520488633733E-05
"p172": 0.02500183463451258
"p173": 0.008215399263511848
"p174": 0.0014018489352533958
"p175": 9.408382115794602E-05
"p176": 0.007855999066688494
"p177": 0.002560961611919291
"p178": 0.0004760641350592069
"p179": 4.8923587002131926E-05
"p180": 0.012797281353903817
"p181": 0.005118159870992263
"p182": 0.001134650883164829
"p183": 9.408382115794602E-05
"p184": 0.0029372968965510745
"p185": 0.0007507888928404093
"p186": 6.021364554108545E-05
"p187": 1.8816764231589204E-06
"p188": 0.0037200742885851856
