"p126": 0.0002314462000485472
"p127": 2.6343469924224887E-05
"p128": 0.0007733690099183164
"p129": 0.0002408545821643418
"p130": 3.0106822770542726E-05
"p131": 0
"p132": 0.0002088660829706401
"p133": 0
"p134": 0
"p135": 0
"p136": 0.00027096140493488446
"p137": 5.833196911792653E-05
"p138": 0
"p139": 0
"p140": 0.0008091208619583357
"p141": 0.0002483812878569775
"p142": 4.139688130949625E-05
"p143": 0
"p144": 6.021364554108545E-05
"p145": 1.6935087808430286E-05
"p146": 0
"p147": 0
"p148": 0
"p149": 0
"p150": 0
"p151": 0
"p152": 0
"p153": 0
"p154": 0
"p155": 0
"p156": 0
"p157": 0
"p158": 0
"p159": 0
"p160": 0.009560797906070477
"p161": 0.004088882867524334
"p162": 0.0009483649172720958
"p163": 4.139688130949625E-05
"p164": 0.0003142399626675397
"p165": 4.516023415581409E-05
"p166": 0
"p167": 0
"p168": 0.004713599440013095
"p169": 0.0015091044913734541
"p170": 0.00014300740816007793
"p171": 1.8816764231589204E-06
"p172": 0.010798940992509045
"p173": 0.0036843224365451666
"p174": 0.0004196138423644392
"p175": 1.6935087808430286E-05
"p176": 0.002779236077005725
"p177": 0.0010518571205458366
"p178": 0.00021262943581695803
"p179": 9.408382115794602E-06
"p180": 1.5053411385271363E-05
"p181": 0
"p182": 0
"p183": 0
"p184": 0.0006510600424129865
"p185": 0.0001580608195453493
"p186": 1.8816764231589203E-05
"p187": 0
"p188": 0.0016445851938408965
