"p126": 0
"p127": 0
"p128": 0.0022166148264812086
"p129": 0.0005249877220613388
"p130": 6.39769983874033E-05
"p131": 3.7633528463178407E-06
"p132": 0
"p133": 0
"p134": 0
"p135": 0
"p136": 0.0041283980724106705
"p137": 0.001364215406790217
"p138": 0.00026907972851172564
"p139": 4.139688130949625E-05
"p140": 0.0009728267107731619
"p141": 0.0003443467854380824
"p142": 5.833196911792654E-05
"p143": 1.1290058538953523E-05
"p144": 0
"p145": 0
"p146": 0
"p147": 0
"p148": 0
"p149": 0
"p150": 0
"p151": 0
"p152": 0.00037633528463178407
"p153": 8.655711546531033E-05
"p154": 5.645029269476761E-06
"p155": 0
"p156": 3.3870175616860565E-05
"p157": 0
"p158": 0
"p159": 0
"p160": 0.0070073629998438185
"p161": 0.0021714545923253938
"p162": 0.00042149551878759814
"p163": 3.7633528463178407E-05
"p164": 0.0009107313888089175
"p165": 0.00019757602443168666
"p166": 1.6935087808430286E-05
"p167": 0
"p168": 0.05876287301882996
"p169": 0.02593702781682257
"p170": 0.006999836294151188
"p171": 0.0010198686213521357
"p172": 0.028010635235143688
"p173": 0.009700041961384234
"p174": 0.0019023748638136687
"p175": 0.00017311423093062064
"p176": 0.0016671653109188035
"p177": 0.0004854725171750014
"p178": 8.655711546531035E-05
"p179": 2.2580117077907045E-05
"p180": 4.8923587002131926E-05
"p181": 0
"p182": 0
"p183": 0
"p184": 0.018361398537184746
"p185": 0.006742046624178413
"p186": 0.001373623788906012
"p187": 0.000118545614659012
"p188": 0.006237757342771821
