"p126": 0
"p127": 0
"p128": 0.0005155793399455441
"p129": 0.0001110189089663763
"p130": 9.408382115794602E-06
"p131": 0
"p132": 0.0019343633630073708
"p133": 0.0005889647204487421
"p134": 9.972885042742278E-05
"p135": 2.2580117077907045E-05
"p136": 5.833196911792654E-05
"p137": 2.6343469924224887E-05
"p138": 3.7633528463178407E-06
"p139": 0
"p140": 0.0014846426978723883
"p141": 0.0004986442521371139
"p142": 8.279376261899251E-05
"p143": 1.8816764231589204E-06
"p144": 1.1290058538953523E-05
"p145": 0
"p146": 0
"p147": 0
"p148": 0.0001204272910821709
"p149": 2.8225146347383808E-05
"p150": 0
"p151": 0
"p152": 0
"p153": 0
"p154": 0
"p155": 0
"p156": 0
"p157": 0
"p158": 0
"p159": 0
"p160": 0.012221488368417186
"p161": 0.004467099828579277
"p162": 0.0008806245660383746
"p163": 6.585867481056221E-05
"p164": 0.02241829290551538
"p165": 0.010313468475334046
"p166": 0.002775472724159408
"p167": 0.00032929337405281106
"p168": 0.004963862404293232
"p169": 0.0015900165775692878
"p170": 0.00015053411385271363
"p171": 1.8816764231589204E-06
"p172": 0.017362228356487364
"p173": 0.005842605293908449
"p174": 0.0007959491269962234
"p175": 5.080526342529086E-05
"p176": 0.0034246510901492343
"p177": 0.0009182580945015531
"p178": 0.00014300740816007798
"p179": 9.408382115794602E-06
"p180": 0.006871882297376378
"p181": 0.002732194166426752
"p182": 0.0006115448375266492
"p183": 4.327855773265517E-05
"p184": 0.0010687922083542668
"p185": 0.00027284308135804345
"p186": 1.6935087808430286E-05
"p187": 0
"p188": 0.002536499818418225
