"p126": 0.00030106822770542725
"p127": 3.198849919370165E-05
"p128": 0.001798882660539928
"p129": 0.0004967625757139549
"p130": 4.704191057897301E-05
"p131": 0
"p132": 0.00034434678543808245
"p133": 2.8225146347383805E-05
"p134": 0
"p135": 0
"p136": 0.008463780551368826
"p137": 0.0031311095681364437
"p138": 0.0006642317773750989
"p139": 3.0106822770542726E-05
"p140": 0.006185070402923372
"p141": 0.002011512096356886
"p142": 0.00025967134639593104
"p143": 9.408382115794602E-06
"p144": 0.00014300740816007796
"p145": 0
"p146": 0
"p147": 0
"p148": 0
"p149": 0
"p150": 0
"p151": 0
"p152": 9.972885042742278E-05
"p153": 1.8816764231589203E-05
"p154": 0
"p155": 0
"p156": 7.5267056926356815E-06
"p157": 0
"p158": 0
"p159": 0
"p160": 0.0005532128684087226
"p161": 0.00015994249596850823
"p162": 3.575185204001949E-05
"p163": 0
"p164": 0
"p165": 0
"p166": 0
"p167": 0
"p168": 0.005564117183280927
"p169": 0.002273065119175976
"p170": 0.0004779458114823658
"p171": 1.3171734962112444E-05
"p172": 0.0020152754492032037
"p173": 0.000637888307450874
"p174": 0.0001448890845832369
"p175": 7.5267056926356815E-06
"p176": 0.0012155629693606624
"p177": 0.000378216961054943
"p178": 4.704191057897301E-05
"p179": 0
"p180": 0
"p181": 0
"p182": 0
"p183": 0
"p184": 0.004730534527821525
"p185": 0.0016445851938408963
"p186": 0.0002935415220127916
"p187": 9.408382115794602E-06
"p188": 0.0019324816865842107
