"p126": 1.1290058538953523E-05
"p127": 0
"p128": 0.0035431967048082467
"p129": 0.0011440592652806236
"p130": 0.000188167642315892
"p131": 1.8816764231589203E-05
"p132": 0.0005983731025645366
"p133": 0.00011666393823585308
"p134": 1.1290058538953523E-05
"p135": 0
"p136": 0.018060330309479324
"p137": 0.007336656373896632
"p138": 0.001776302543462021
"p139": 0.00019569434800852773
"p140": 0.013062597729569227
"p141": 0.004760641350592069
"p142": 0.001065028855507949
"p143": 0.00014300740816007798
"p144": 0.0002878964927433148
"p145": 3.3870175616860565E-05
"p146": 0
"p147": 0
"p148": 0
"p149": 0
"p150": 0
"p151": 0
"p152": 0.0002615530228190899
"p153": 5.456861627160869E-05
"p154": 5.645029269476761E-06
"p155": 0
"p156": 2.6343469924224887E-05
"p157": 3.7633528463178407E-06
"p158": 0
"p159": 0
"p160": 0.001326581878327039
"p161": 0.0003838619903244197
"p162": 7.33853805031979E-05
"p163": 5.645029269476761E-06
"p164": 1.1290058538953523E-05
"p165": 0
"p166": 0
"p167": 0
"p168": 0.015091044913734543
"p169": 0.006335604516776086
"p170": 0.0014714709629102761
"p171": 0.00013924405531376012
"p172": 0.005415464745851373
"p173": 0.0018308711597336293
"p174": 0.0004214955187875982
"p175": 5.8331969117926534E-05
"p176": 0.002504511319224523
"p177": 0.0008486360668446732
"p178": 0.00016182417239166713
"p179": 1.8816764231589203E-05
"p180": 2.2580117077907045E-05
"p181": 0
"p182": 0
"p183": 0
"p184": 0.011788702791090637
"p185": 0.004280813862686544
"p186": 0.0007545522456867271
"p187": 3.010682277054273E-05
"p188": 0.004736179557091003
