"p126": 0
"p127": 0
"p128": 0.002624938610306694
"p129": 0.0009653000050805262
"p130": 0.00019945770085484554
"p131": 3.0106822770542726E-05
"p132": 0.0005362777806002922
"p133": 8.467543904215139E-05
"p134": 0
"p135": 0
"p136": 0.0015109861677966127
"p137": 0.00046665575294341233
"p138": 9.408382115794602E-05
"p139": 1.6935087808430282E-05
"p140": 0.0030238540120163856
"p141": 0.0010386853855837241
"p142": 0.0002032210537011634
"p143": 2.0698440654748128E-05
"p144": 0.0003594001968233538
"p145": 8.655711546531033E-05
"p146": 5.645029269476761E-06
"p147": 0
"p148": 0
"p149": 0
"p150": 0
"p151": 0
"p152": 1.6935087808430282E-05
"p153": 0
"p154": 0
"p155": 0
"p156": 3.3870175616860565E-05
"p157": 0
"p158": 0
"p159": 0
"p160": 0.033495722008651946
"p161": 0.015796673572419137
"p162": 0.004504733357042455
"p163": 0.000711273687954072
"p164": 0.0008561627725373088
"p165": 0.0001637058488148261
"p166": 1.1290058538953523E-05
"p167": 0
"p168": 0.02787515453267625
"p169": 0.011305111950338795
"p170": 0.0028018161940836324
"p171": 0.0003180033155138576
"p172": 0.03589297777175641
"p173": 0.01235696907088463
"p174": 0.0023050536183696776
"p175": 0.00019004931873905096
"p176": 0.011862088171593836
"p177": 0.004754996321322591
"p178": 0.0010518571205458366
"p179": 8.843879188846926E-05
"p180": 4.516023415581409E-05
"p181": 7.5267056926356815E-06
"p182": 0
"p183": 0
"p184": 0.006875645650222696
"p185": 0.0020096304199337268
"p186": 0.0002860148163201559
"p187": 2.4461793501065966E-05
"p188": 0.00709392011530913
