"p126": 0
"p127": 0
"p128": 0.001153467647396418
"p129": 0.0005080526342529085
"p130": 0.00012419064392848873
"p131": 3.7633528463178407E-06
"p132": 0
"p133": 0
"p134": 0
"p135": 0
"p136": 0.00044595731228866414
"p137": 0.00019381267158536877
"p138": 4.892358700213193E-05
"p139": 0
"p140": 0.0005118159870992264
"p141": 0.00012042729108217089
"p142": 0
"p143": 0
"p144": 0.001247551468554364
"p145": 0.00039327037244021434
"p146": 6.021364554108546E-05
"p147": 1.1290058538953523E-05
"p148": 0.00046289240009709436
"p149": 5.080526342529086E-05
"p150": 0
"p151": 0
"p152": 0.0006303616017582384
"p153": 0.00020886608297064014
"p154": 3.951520488633734E-05
"p155": 1.1290058538953523E-05
"p156": 0.0016558752523798499
"p157": 0.0005626212505245172
"p158": 9.03204683116282E-05
"p159": 1.8816764231589204E-06
"p160": 0.010302178416795088
"p161": 0.004649622441625693
"p162": 0.0011459409417037825
"p163": 0.00011666393823585305
"p164": 6.209532196424438E-05
"p165": 5.645029269476761E-06
"p166": 0
"p167": 0
"p168": 0.004045604309791679
"p169": 0.001343516966135469
"p170": 0.00021074775939379907
"p171": 1.3171734962112444E-05
"p172": 0.009080970418164951
"p173": 0.0029297701908584392
"p174": 0.0005080526342529086
"p175": 3.575185204001948E-05
"p176": 0.015224643939778829
"p177": 0.007080748380347017
"p178": 0.0019607068329315952
"p179": 0.00023520955289486504
"p180": 0.0006849302180298469
"p181": 0.00011854561465901197
"p182": 5.645029269476761E-06
"p183": 0
"p184": 0.008584207842450998
"p185": 0.0028149879290457445
"p186": 0.0003838619903244197
"p187": 1.5053411385271363E-05
"p188": 0.01899928684463562
