"p126": 0
"p127": 0
"p128": 0.0003142399626675397
"p129": 4.8923587002131926E-05
"p130": 0
"p131": 0
"p132": 0
"p133": 0
"p134": 0
"p135": 0
"p136": 0.004115226337448559
"p137": 0.0016558752523798499
"p138": 0.00036504522609283053
"p139": 1.6935087808430282E-05
"p140": 0.0008373460083057196
"p141": 0.00028789649274331484
"p142": 4.516023415581409E-05
"p143": 0
"p144": 0.002290000206984406
"p145": 0.0005249877220613388
"p146": 6.39769983874033E-05
"p147": 3.7633528463178407E-06
"p148": 0
"p149": 0
"p150": 0
"p151": 0
"p152": 0.004273287156993908
"p153": 0.001371742112482853
"p154": 0.00026343469924224885
"p155": 4.139688130949625E-05
"p156": 0.0009954068278510688
"p157": 0.0003443467854380824
"p158": 5.833196911792654E-05
"p159": 1.1290058538953523E-05
"p160": 0.00273595751927307
"p161": 0.0007489072164172503
"p162": 0.00012607232035164768
"p163": 2.2580117077907045E-05
"p164": 7.338538050319788E-05
"p165": 0
"p166": 0
"p167": 0
"p168": 0.033094924930519104
"p169": 0.013963920736262353
"p170": 0.0034114793551871243
"p171": 0.00039703372528653236
"p172": 0.01293276205637126
"p173": 0.00432221074399604
"p174": 0.0008599261253836267
"p175": 9.4083821157946E-05
"p176": 0.00568266279793994
"p177": 0.0019042565402368275
"p178": 0.00038198031390126086
"p179": 3.7633528463178407E-05
"p180": 0.0008862695953078515
"p181": 0.00019757602443168666
"p182": 1.6935087808430286E-05
"p183": 0
"p184": 0.04331995461396469
"p185": 0.019102779047909368
"p186": 0.0051219232238385835
"p187": 0.0007564339221098862
"p188": 0.02209464456073204
