"p126": 0.001544856343413474
"p127": 0.0002314462000485472
"p128": 1.3171734962112442E-05
"p129": 0
"p130": 0
"p131": 0
"p132": 0.0005249877220613388
"p133": 6.774035123372114E-05
"p134": 1.8816764231589204E-06
"p135": 0
"p136": 0.0001768775837769385
"p137": 2.8225146347383808E-05
"p138": 0
"p139": 0
"p140": 0.0007865407448804287
"p141": 0.00019945770085484557
"p142": 2.2580117077907045E-05
"p143": 0
"p144": 0
"p145": 0
"p146": 0
"p147": 0
"p148": 0
"p149": 0
"p150": 0
"p151": 0
"p152": 0
"p153": 0
"p154": 0
"p155": 0
"p156": 5.080526342529086E-05
"p157": 1.1290058538953523E-05
"p158": 0
"p159": 0
"p160": 0.0007978308034193822
"p161": 0.0001486524374295547
"p162": 1.3171734962112444E-05
"p163": 0
"p164": 0.001670928663765121
"p165": 0.0002860148163201559
"p166": 7.5267056926356815E-06
"p167": 0
"p168": 0.0026004768168056275
"p169": 0.0008862695953078515
"p170": 0.00012983567319796552
"p171": 1.3171734962112444E-05
"p172": 0.007400633372284034
"p173": 0.002717140755041481
"p174": 0.00044972066513498195
"p175": 1.8816764231589203E-05
"p176": 2.822514634738381E-05
"p177": 1.8816764231589204E-06
"p178": 0
"p179": 0
"p180": 0.00017875926020009743
"p181": 1.6935087808430282E-05
"p182": 0
"p183": 0
"p184": 0.00042337719521075713
"p185": 0.00011290058538953522
"p186": 2.6343469924224887E-05
"p187": 1.8816764231589204E-06
"p188": 0.0021225310053232618
