"p126": 0
"p127": 0
"p128": 0.0005701479562171528
"p129": 0.00015241579027587253
"p130": 1.5053411385271363E-05
"p131": 0
"p132": 0.0017349056621525243
"p133": 0.000427140548057075
"p134": 4.8923587002131926E-05
"p135": 0
"p136": 0.006858710562414266
"p137": 0.0027002056672330507
"p138": 0.0006002547789876957
"p139": 7.150370408003898E-05
"p140": 0.014748579804719619
"p141": 0.006156845256575987
"p142": 0.0015091044913734543
"p143": 0.0002088660829706402
"p144": 0.002647518727384601
"p145": 0.0008881512717310104
"p146": 0.0001505341138527136
"p147": 1.1290058538953523E-05
"p148": 0.005554708801165134
"p149": 0.0017198522507672533
"p150": 0.0002784881106275202
"p151": 1.5053411385271363E-05
"p152": 0.014048596175304507
"p153": 0.005934807438643237
"p154": 0.0012776582913249074
"p155": 9.596549758110493E-05
"p156": 0.026695343415355614
"p157": 0.01183386302524645
"p158": 0.0030483158055174516
"p159": 0.00040079707813285017
"p160": 6.39769983874033E-05
"p161": 1.1290058538953523E-05
"p162": 0
"p163": 0
"p164": 0.0003330567268991289
"p165": 6.962202765688006E-05
"p166": 1.6935087808430286E-05
"p167": 0
"p168": 0.0027039690200793684
"p169": 0.0008674528310762622
"p170": 0.00012419064392848875
"p171": 1.3171734962112444E-05
"p172": 0.007776968656915819
"p173": 0.002581660052574039
"p174": 0.0003669269025159894
"p175": 1.5053411385271363E-05
"p176": 0.0004929992228676371
"p177": 0.00013359902604428335
"p178": 2.2580117077907045E-05
"p179": 0
"p180": 0.002568488317611926
"p181": 0.000874979536768898
"p182": 0.00016182417239166716
"p183": 2.6343469924224887E-05
"p184": 0.006429688337934032
"p185": 0.001953180127238959
"p186": 0.000308594933398063
"p187": 2.2580117077907045E-05
"p188": 0.015260395791818851
