"p126": 0.00039891540170969113
"p127": 3.7633528463178407E-05
"p128": 0.003618463761734603
"p129": 0.0013040017612491316
"p130": 0.0002559079935496132
"p131": 1.1290058538953523E-05
"p132": 0.00018064093662325633
"p133": 1.6935087808430282E-05
"p134": 0
"p135": 0
"p136": 0.0013792688181754886
"p137": 0.0004196138423644392
"p138": 4.704191057897301E-05
"p139": 0
"p140": 0.003562013469039836
"p141": 0.0011083074132406038
"p142": 0.00011854561465901199
"p143": 7.5267056926356815E-06
"p144": 9.972885042742278E-05
"p145": 1.3171734962112444E-05
"p146": 0
"p147": 0
"p148": 4.3278557732655166E-05
"p149": 0
"p150": 0
"p151": 0
"p152": 7.5267056926356815E-06
"p153": 0
"p154": 0
"p155": 0
"p156": 3.575185204001949E-05
"p157": 9.408382115794602E-06
"p158": 0
"p159": 0
"p160": 0.001953180127238959
"p161": 0.0006981019529919595
"p162": 0.00013171734962112442
"p163": 7.5267056926356815E-06
"p164": 1.8816764231589204E-06
"p165": 0
"p166": 0
"p167": 0
"p168": 0.00043654893017286954
"p169": 0.00013359902604428333
"p170": 1.6935087808430286E-05
"p171": 0
"p172": 0.000920139770924712
"p173": 0.0003104766098212219
"p174": 4.516023415581409E-05
"p175": 5.645029269476761E-06
"p176": 0.0031254645388669668
"p177": 0.001081963943316379
"p178": 0.00019381267158536877
"p179": 1.8816764231589204E-06
"p180": 3.0106822770542726E-05
"p181": 5.645029269476761E-06
"p182": 0
"p183": 0
"p184": 0.0004798274879055247
"p185": 0.00016182417239166713
"p186": 3.1988499193701654E-05
"p187": 0
"p188": 0.0013416352897123102
