"p126": 0
"p127": 0
"p128": 0.003330567268991289
"p129": 0.0012456697921312053
"p130": 0.0002483812878569775
"p131": 1.6935087808430282E-05
"p132": 0
"p133": 0
"p134": 0
"p135": 0
"p136": 0.0010292770034679294
"p137": 0.000353755167553877
"p138": 5.080526342529086E-05
"p139": 0
"p140": 0.0013096467905186083
"p141": 0.00038574366674757867
"p142": 4.516023415581409E-05
"p143": 0
"p144": 0.003936467077248462
"p145": 0.001255078174247
"p146": 0.0002239194943559115
"p147": 3.0106822770542726E-05
"p148": 0.0004741824586360479
"p149": 8.467543904215139E-05
"p150": 0
"p151": 0
"p152": 0.0014752343157565934
"p153": 0.000472300782212889
"p154": 0.00010725555612005847
"p155": 1.6935087808430282E-05
"p156": 0.0031969682429470055
"p157": 0.001021750297775294
"p158": 0.00019004931873905096
"p159": 2.0698440654748128E-05
"p160": 0.014449393253437347
"p161": 0.005620567475975695
"p162": 0.0012814216441712246
"p163": 0.0001768775837769385
"p164": 6.39769983874033E-05
"p165": 1.1290058538953523E-05
"p166": 0
"p167": 0
"p168": 0.00734041972674295
"p169": 0.0027246674607341163
"p170": 0.000617189866796126
"p171": 7.52670569263568E-05
"p172": 0.008522112520486751
"p173": 0.002572251670458244
"p174": 0.0004158504895181214
"p175": 3.198849919370165E-05
"p176": 0.02392739739688883
"p177": 0.01029841506394877
"p178": 0.002623056933883535
"p179": 0.000355636843977036
"p180": 0.0005645029269476761
"p181": 9.972885042742278E-05
"p182": 1.1290058538953523E-05
"p183": 0
"p184": 0.015102334972273495
"p185": 0.0062810359005044765
"p186": 0.0014733526393334348
"p187": 0.00014677076100639582
"p188": 0.018942836551940855
