"p126": 0.002643755374538283
"p127": 0.00034999181470755925
"p128": 0
"p129": 0
"p130": 0
"p131": 0
"p132": 7.5267056926356815E-06
"p133": 0
"p134": 0
"p135": 0
"p136": 2.0698440654748124E-05
"p137": 1.8816764231589204E-06
"p138": 0
"p139": 0
"p140": 0.00023520955289486504
"p141": 7.33853805031979E-05
"p142": 1.3171734962112444E-05
"p143": 0
"p144": 1.3171734962112442E-05
"p145": 0
"p146": 0
"p147": 0
"p148": 0.0006265982489119204
"p149": 6.774035123372114E-05
"p150": 1.8816764231589204E-06
"p151": 0
"p152": 0.0001768775837769385
"p153": 2.8225146347383808E-05
"p154": 0
"p155": 0
"p156": 0.0008373460083057197
"p157": 0.0002107477593937991
"p158": 2.2580117077907045E-05
"p159": 0
"p160": 3.387017561686057E-05
"p161": 3.7633528463178407E-06
"p162": 0
"p163": 0
"p164": 0.0002427362585875007
"p165": 2.6343469924224887E-05
"p166": 0
"p167": 0
"p168": 0.00042902222448023387
"p169": 0.00013171734962112442
"p170": 2.6343469924224887E-05
"p171": 1.8816764231589204E-06
"p172": 0.001915546598775781
"p173": 0.0006510600424129864
"p174": 0.00012607232035164766
"p175": 1.8816764231589204E-06
"p176": 0.0007940674505730643
"p177": 0.0001486524374295547
"p178": 1.3171734962112444E-05
"p179": 0
"p180": 0.0015147495206429306
"p181": 0.00028225146347383805
"p182": 7.5267056926356815E-06
"p183": 0
"p184": 0.0026061218460751044
"p185": 0.0008730978603457391
"p186": 0.00012983567319796552
"p187": 1.3171734962112444E-05
"p188": 0.007615144484524152
