"p126": 0.0008806245660383748
"p127": 6.209532196424438E-05
"p128": 0.00021827446508643474
"p129": 7.150370408003898E-05
"p130": 1.3171734962112444E-05
"p131": 0
"p132": 0
"p133": 0
"p134": 0
"p135": 0
"p136": 1.8816764231589203E-05
"p137": 1.8816764231589204E-06
"p138": 0
"p139": 0
"p140": 8.467543904215143E-05
"p141": 3.575185204001949E-05
"p142": 0
"p143": 0
"p144": 0.0007319721286088202
"p145": 0.0001919309951622099
"p146": 2.2580117077907045E-05
"p147": 0
"p148": 0.00012419064392848875
"p149": 0
"p150": 0
"p151": 0
"p152": 0.00021074775939379904
"p153": 3.9515204886337324E-05
"p154": 0
"p155": 0
"p156": 0.0005908463968719009
"p157": 0.00017875926020009743
"p158": 2.4461793501065963E-05
"p159": 0
"p160": 0.0016031883125314002
"p161": 0.0005532128684087226
"p162": 0.00010537387969689955
"p163": 1.8816764231589204E-06
"p164": 5.645029269476761E-06
"p165": 0
"p166": 0
"p167": 0
"p168": 0.00032176666836017533
"p169": 0.00011478226181269415
"p170": 2.0698440654748128E-05
"p171": 0
"p172": 0.0006661134537982578
"p173": 0.0001975760244316866
"p174": 3.0106822770542726E-05
"p175": 1.8816764231589204E-06
"p176": 0.005631857534514648
"p177": 0.0020867791532832424
"p178": 0.0004214955187875981
"p179": 1.8816764231589203E-05
"p180": 0.00018064093662325633
"p181": 1.6935087808430282E-05
"p182": 0
"p183": 0
"p184": 0.0018082910426557223
"p185": 0.0005607395741013583
"p186": 6.774035123372113E-05
"p187": 0
"p188": 0.00437489768384449
