"p126": 8.843879188846926E-05
"p127": 1.1290058538953523E-05
"p128": 0
"p129": 0
"p130": 0
"p131": 0
"p132": 0.00010913723254321738
"p133": 5.645029269476761E-06
"p134": 0
"p135": 0
"p136": 0.0002615530228190899
"p137": 6.209532196424438E-05
"p138": 5.645029269476761E-06
"p139": 0
"p140": 0.0014695892864871167
"p141": 0.00045160234155814093
"p142": 7.903040977267463E-05
"p143": 5.645029269476761E-06
"p144": 0.00011478226181269415
"p145": 5.645029269476761E-06
"p146": 0
"p147": 0
"p148": 0.0015448563434134735
"p149": 0.0003819803139012608
"p150": 2.6343469924224887E-05
"p151": 1.8816764231589204E-06
"p152": 0.0009558916229647316
"p153": 0.0002145111122401169
"p154": 1.8816764231589203E-05
"p155": 0
"p156": 0.0032383651242565018
"p157": 0.000969063357926844
"p158": 0.00014488908458323686
"p159": 7.5267056926356815E-06
"p160": 0.00026343469924224885
"p161": 6.0213645541085445E-05
"p162": 5.645029269476761E-06
"p163": 0
"p164": 0.0010179869449289758
"p165": 0.00022203781793275258
"p166": 1.8816764231589207E-05
"p167": 0
"p168": 0.0025929501111129918
"p169": 0.0009728267107731619
"p170": 0.00018064093662325636
"p171": 3.7633528463178407E-05
"p172": 0.00805357509112018
"p173": 0.003095357716096424
"p174": 0.0006585867481056222
"p175": 7.150370408003896E-05
"p176": 0.0016332951353019427
"p177": 0.00044972066513498195
"p178": 7.714873334951572E-05
"p179": 5.645029269476761E-06
"p180": 0.003650452260928305
"p181": 0.0010330403563142472
"p182": 0.00014112573173691902
"p183": 7.5267056926356815E-06
"p184": 0.008126960471623378
"p185": 0.003023854012016385
"p186": 0.0006077814846803313
"p187": 7.150370408003898E-05
"p188": 0.02016216287414784
