"p126": 0
"p127": 0
"p128": 0.001157231000242736
"p129": 0.00036316354966967166
"p130": 3.763352846317841E-05
"p131": 0
"p132": 0.0014996961092576594
"p133": 0.00040079707813285
"p134": 5.645029269476761E-05
"p135": 1.1290058538953523E-05
"p136": 0.0049600990514469135
"p137": 0.0017763025434620208
"p138": 0.00038762534317073754
"p139": 3.3870175616860565E-05
"p140": 0.010864799667319607
"p141": 0.004845316789634219
"p142": 0.0011760477644743254
"p143": 0.00013171734962112445
"p144": 0.0038367382268210378
"p145": 0.0012814216441712246
"p146": 0.00017687758377693853
"p147": 1.5053411385271365E-05
"p148": 0.004884831994520557
"p149": 0.0013980855824070777
"p150": 0.00023332787647170608
"p151": 1.8816764231589203E-05
"p152": 0.011491397916231529
"p153": 0.0040926462203706515
"p154": 0.0007470255399940913
"p155": 4.3278557732655166E-05
"p156": 0.0222019001168521
"p157": 0.009398973733678807
"p158": 0.002340805470409697
"p159": 0.00026907972851172564
"p160": 8.655711546531035E-05
"p161": 9.408382115794602E-06
"p162": 0
"p163": 0
"p164": 0.0003123582862443808
"p165": 9.972885042742278E-05
"p166": 3.3870175616860565E-05
"p167": 5.645029269476761E-06
"p168": 0.0022561300313675456
"p169": 0.0007639606278025218
"p170": 0.00013359902604428333
"p171": 7.5267056926356815E-06
"p172": 0.005475678391392459
"p173": 0.002290000206984406
"p174": 0.00047418245863604805
"p175": 1.3171734962112442E-05
"p176": 0.00031988499193701646
"p177": 9.972885042742278E-05
"p178": 5.645029269476761E-06
"p179": 0
"p180": 0.0016276501060324662
"p181": 0.0005795563383329474
"p182": 0.00012795399677480656
"p183": 7.5267056926356815E-06
"p184": 0.002241076619982274
"p185": 0.0006397699838740328
"p186": 9.22021447347871E-05
"p187": 5.645029269476761E-06
"p188": 0.0053401976889250165
