"p126": 0
"p127": 0
"p128": 0.003479219706420844
"p129": 0.001134650883164829
"p130": 0.0002069844065474812
"p131": 3.0106822770542726E-05
"p132": 0.0004741824586360479
"p133": 8.467543904215139E-05
"p134": 0
"p135": 0
"p136": 0.001458299227948163
"p137": 0.000472300782212889
"p138": 0.00010725555612005847
"p139": 1.6935087808430282E-05
"p140": 0.003163098067330145
"p141": 0.001021750297775294
"p142": 0.00019004931873905096
"p143": 2.0698440654748128E-05
"p144": 0.0005927280732950598
"p145": 0.0001373623788906012
"p146": 1.6935087808430286E-05
"p147": 0
"p148": 0
"p149": 0
"p150": 0
"p151": 0
"p152": 1.6935087808430282E-05
"p153": 0
"p154": 0
"p155": 0
"p156": 3.3870175616860565E-05
"p157": 0
"p158": 0
"p159": 0
"p160": 0.02476474340519455
"p161": 0.010029335335437047
"p162": 0.002425480909451848
"p163": 0.00031047660982122196
"p164": 0.000590846396871901
"p165": 0.00010349220327374063
"p166": 1.1290058538953523E-05
"p167": 0
"p168": 0.015591570842294816
"p169": 0.0062321123135023445
"p170": 0.001433837434447097
"p171": 0.0001373623788906012
"p172": 0.02070220400759444
"p173": 0.007037469822614363
"p174": 0.0011628760295122125
"p175": 6.39769983874033E-05
"p176": 0.01441740475424365
"p177": 0.0056638460337083505
"p178": 0.001441364140139733
"p179": 0.00021639278866327584
"p180": 3.763352846317841E-05
"p181": 7.5267056926356815E-06
"p182": 0
"p183": 0
"p184": 0.00577110158982841
"p185": 0.002186508003710665
"p186": 0.0005475678391392458
"p187": 7.52670569263568E-05
"p188": 0.006089104905342266
