"p126": 0
"p127": 0
"p128": 0.005646910945899921
"p129": 0.0022655384134833405
"p130": 0.0005136976635223852
"p131": 6.962202765688005E-05
"p132": 0.013132219757226107
"p133": 0.005592342329628312
"p134": 0.001416902346638667
"p135": 0.0002088660829706402
"p136": 0.0017029171629588226
"p137": 0.0006040181318340135
"p138": 0.0001204272910821709
"p139": 1.8816764231589204E-06
"p140": 0.004036195927675884
"p141": 0.0011760477644743254
"p142": 0.0001542974666990315
"p143": 5.645029269476761E-06
"p144": 0.011177157953563988
"p145": 0.00482838170182579
"p146": 0.0010725555612005847
"p147": 9.4083821157946E-05
"p148": 0.021366435784969547
"p149": 0.009509992642645185
"p150": 0.002559079935496132
"p151": 0.0003594001968233539
"p152": 0.005072999636836449
"p153": 0.0019437717451231647
"p154": 0.00037821696105494305
"p155": 1.1290058538953523E-05
"p156": 0.011976870433406528
"p157": 0.00414721483664226
"p158": 0.0007037469822614362
"p159": 4.139688130949625E-05
"p160": 0.002402900792373941
"p161": 0.000799712479842541
"p162": 0.0001204272910821709
"p163": 1.3171734962112444E-05
"p164": 0.007536114074751478
"p165": 0.0025233280834561123
"p166": 0.0003669269025159894
"p167": 1.5053411385271363E-05
"p168": 0.0004083237838254858
"p169": 0.00011854561465901199
"p170": 1.8816764231589203E-05
"p171": 1.8816764231589204E-06
"p172": 0.000686811894453006
"p173": 0.00021451111224011696
"p174": 4.1396881309496255E-05
"p175": 3.7633528463178407E-06
"p176": 0.00592351738010428
"p177": 0.001909901569506304
"p178": 0.0003180033155138576
"p179": 2.2580117077907045E-05
"p180": 0.014812556803107026
"p181": 0.005428636480813487
"p182": 0.0010085785628131815
"p183": 7.33853805031979E-05
"p184": 0.0008825062424615337
"p185": 0.000212629435816958
"p186": 2.8225146347383805E-05
"p187": 1.8816764231589204E-06
"p188": 0.0033136321811828586
