"p126": 0.00019004931873905096
"p127": 1.3171734962112444E-05
"p128": 0.0014263107287544614
"p129": 0.0005118159870992264
"p130": 0.0001016105268505817
"p131": 1.8816764231589204E-06
"p132": 5.645029269476761E-06
"p133": 0
"p134": 0
"p135": 0
"p136": 0.0002991865512822683
"p137": 0.00010913723254321738
"p138": 1.8816764231589203E-05
"p139": 0
"p140": 0.0006510600424129864
"p141": 0.0002069844065474812
"p142": 3.0106822770542726E-05
"p143": 1.8816764231589204E-06
"p144": 0.005046656166912224
"p145": 0.0018572146296578541
"p146": 0.00037633528463178407
"p147": 1.8816764231589203E-05
"p148": 0.0002239194943559115
"p149": 1.6935087808430282E-05
"p150": 0
"p151": 0
"p152": 0.0017236156036135712
"p153": 0.0005249877220613388
"p154": 6.021364554108545E-05
"p155": 0
"p156": 0.004316565714726563
"p157": 0.0013660970832133762
"p158": 0.0001580608195453493
"p159": 1.3171734962112444E-05
"p160": 0.00037445360820862513
"p161": 9.784717400426387E-05
"p162": 9.408382115794602E-06
"p163": 0
"p164": 0
"p165": 0
"p166": 0
"p167": 0
"p168": 4.892358700213193E-05
"p169": 2.2580117077907045E-05
"p170": 3.7633528463178407E-06
"p171": 0
"p172": 9.220214473478711E-05
"p173": 3.1988499193701654E-05
"p174": 5.645029269476761E-06
"p175": 0
"p176": 0.0021074775939379908
"p177": 0.0007244454229161844
"p178": 0.00010349220327374062
"p179": 0
"p180": 2.6343469924224887E-05
"p181": 5.645029269476761E-06
"p182": 0
"p183": 0
"p184": 0.0002935415220127916
"p185": 9.22021447347871E-05
"p186": 1.8816764231589203E-05
"p187": 0
"p188": 0.0008561627725373086
