"p126": 8.091208619583358E-05
"p127": 3.7633528463178407E-06
"p128": 0.004201783452913869
"p129": 0.0013679787596365355
"p130": 0.00019569434800852773
"p131": 7.5267056926356815E-06
"p132": 0.0062020054907318024
"p133": 0.0026776255501551435
"p134": 0.0006303616017582384
"p135": 2.8225146347383808E-05
"p136": 0.001845924571118901
"p137": 0.0006002547789876956
"p138": 3.575185204001949E-05
"p139": 1.8816764231589204E-06
"p140": 0.0060439446711864535
"p141": 0.0018252261304641526
"p142": 0.00012042729108217092
"p143": 1.8816764231589204E-06
"p144": 1.6935087808430286E-05
"p145": 0
"p146": 0
"p147": 0
"p148": 0.00016746920166114393
"p149": 1.8816764231589203E-05
"p150": 0
"p151": 0
"p152": 0
"p153": 0
"p154": 0
"p155": 0
"p156": 3.198849919370165E-05
"p157": 9.408382115794602E-06
"p158": 0
"p159": 0
"p160": 0.0020340922134347928
"p161": 0.0007150370408003897
"p162": 0.00012230896750532982
"p163": 7.5267056926356815E-06
"p164": 0.005010904314872206
"p165": 0.002199679738672778
"p166": 0.00046853742936657115
"p167": 1.3171734962112444E-05
"p168": 0.0007489072164172503
"p169": 0.00029354152201279164
"p170": 9.408382115794602E-06
"p171": 0
"p172": 0.0020999508882453546
"p173": 0.0007451438635709325
"p174": 3.0106822770542726E-05
"p175": 0
"p176": 0.0016427035174177373
"p177": 0.0004045604309791678
"p178": 5.645029269476761E-05
"p179": 0
"p180": 0.004066302750446427
"p181": 0.0015599097547987447
"p182": 0.0002935415220127916
"p183": 9.408382115794602E-06
"p184": 0.00040644210740232686
"p185": 0.00012042729108217092
"p186": 2.0698440654748124E-05
"p187": 0
"p188": 0.0018045276898094047
