"p126": 0
"p127": 0
"p128": 0
"p129": 0
"p130": 0
"p131": 0
"p132": 6.021364554108546E-05
"p133": 5.645029269476761E-06
"p134": 0
"p135": 0
"p136": 0.00026155302281908997
"p137": 6.962202765688005E-05
"p138": 3.7633528463178407E-06
"p139": 0
"p140": 0.00134163528971231
"p141": 0.0005739113090634708
"p142": 0.00012419064392848873
"p143": 3.7633528463178407E-06
"p144": 5.080526342529086E-05
"p145": 5.645029269476761E-06
"p146": 0
"p147": 0
"p148": 0.0013999672588302368
"p149": 0.0002709614049348845
"p150": 2.6343469924224887E-05
"p151": 1.8816764231589204E-06
"p152": 0.00044407563586550515
"p153": 0.00010161052685058169
"p154": 1.3171734962112444E-05
"p155": 0
"p156": 0.0019099015695063038
"p157": 0.000590846396871901
"p158": 0.00010913723254321738
"p159": 2.2580117077907045E-05
"p160": 0.0002051027301243223
"p161": 5.268693984844977E-05
"p162": 5.645029269476761E-06
"p163": 0
"p164": 0.0008881512717310103
"p165": 0.0001768775837769385
"p166": 1.8816764231589207E-05
"p167": 0
"p168": 0.0022693017663296578
"p169": 0.0007940674505730644
"p170": 0.0001693508780843028
"p171": 1.5053411385271365E-05
"p172": 0.007457083664978803
"p173": 0.0028394497225468105
"p174": 0.0006190715432192848
"p175": 7.52670569263568E-05
"p176": 0.001578726519030334
"p177": 0.00042525887163391595
"p178": 6.962202765688005E-05
"p179": 5.645029269476761E-06
"p180": 0.003466047971458731
"p181": 0.0009088497123857585
"p182": 0.00011854561465901199
"p183": 7.5267056926356815E-06
"p184": 0.006597157539595174
"p185": 0.002472522820030821
"p186": 0.0004120871366718036
"p187": 2.6343469924224887E-05
"p188": 0.018227799511140463
