"p126": 0
"p127": 0
"p128": 0.004265760451301273
"p129": 0.0014112573173691906
"p130": 0.00025590799354961323
"p131": 1.5053411385271363E-05
"p132": 0.0005513311919855637
"p133": 0.00012607232035164768
"p134": 1.1290058538953523E-05
"p135": 0
"p136": 0.0232876274130148
"p137": 0.010349220327374063
"p138": 0.0027284308135804352
"p139": 0.00036692690251598957
"p140": 0.010893024813666989
"p141": 0.004196138423644393
"p142": 0.0008260559497667661
"p143": 5.8331969117926534E-05
"p144": 0.0003499918147075592
"p145": 6.774035123372113E-05
"p146": 0
"p147": 0
"p148": 0
"p149": 0
"p150": 0
"p151": 0
"p152": 0.0006002547789876955
"p153": 0.0001091372325432174
"p154": 5.645029269476761E-06
"p155": 0
"p156": 2.6343469924224887E-05
"p157": 3.7633528463178407E-06
"p158": 0
"p159": 0
"p160": 0.0014338374344470973
"p161": 0.00035940019682335374
"p162": 4.327855773265517E-05
"p163": 0
"p164": 1.5053411385271363E-05
"p165": 0
"p166": 0
"p167": 0
"p168": 0.018146887424944632
"p169": 0.006612210950980448
"p170": 0.0012720132620554305
"p171": 9.408382115794607E-05
"p172": 0.004786984820516293
"p173": 0.0015749631661840166
"p174": 0.0002333278764717061
"p175": 1.6935087808430286E-05
"p176": 0.003387017561686057
"p177": 0.0010800822668932204
"p178": 0.00019569434800852773
"p179": 2.6343469924224887E-05
"p180": 3.0106822770542726E-05
"p181": 0
"p182": 0
"p183": 0
"p184": 0.02633970657137857
"p185": 0.009925843132163308
"p186": 0.002301290265523361
"p187": 0.00029354152201279164
"p188": 0.006230230637079186
