"p126": 0
"p127": 0
"p128": 0.007419450136515622
"p129": 0.0035017998234987504
"p130": 0.0009389565351563012
"p131": 0.00010725555612005847
"p132": 6.209532196424438E-05
"p133": 5.645029269476761E-06
"p134": 0
"p135": 0
"p136": 0.003037025746978497
"p137": 0.0010085785628131815
"p138": 0.00015994249596850825
"p139": 7.5267056926356815E-06
"p140": 0.007504125575557774
"p141": 0.002551553229803496
"p142": 0.0004610107236739355
"p143": 3.3870175616860565E-05
"p144": 0.01284808661732911
"p145": 0.006094749934611743
"p146": 0.0017556041028072727
"p147": 0.00022580117077907044
"p148": 0.000846754390421514
"p149": 0.00013548070246744226
"p150": 5.645029269476761E-06
"p151": 0
"p152": 0.007746861834145277
"p153": 0.0024649961143381857
"p154": 0.00030671325697490405
"p155": 9.408382115794602E-06
"p156": 0.018271078068873122
"p157": 0.006668661243675215
"p158": 0.0010988990311248095
"p159": 8.279376261899251E-05
"p160": 0.004403122830191874
"p161": 0.001962588509354754
"p162": 0.000425258871633916
"p163": 1.3171734962112442E-05
"p164": 0
"p165": 0
"p166": 0
"p167": 0
"p168": 0.0012851849970175425
"p169": 0.0004459573122886642
"p170": 6.209532196424436E-05
"p171": 0
"p172": 0.0023520955289486503
"p173": 0.0007601972749562037
"p174": 0.00015053411385271363
"p175": 9.408382115794602E-06
"p176": 0.00487918696525108
"p177": 0.001977641920740025
"p178": 0.000380098637478102
"p179": 1.5053411385271363E-05
"p180": 6.39769983874033E-05
"p181": 2.2580117077907045E-05
"p182": 0
"p183": 0
"p184": 0.0013585703775207403
"p185": 0.0003424651090149235
"p186": 3.9515204886337324E-05
"p187": 0
"p188": 0.003227075065717548
