"p126": 5.645029269476761E-06
"p127": 0
"p128": 9.032046831162818E-05
"p129": 1.1290058538953523E-05
"p130": 0
"p131": 0
"p132": 0.0016502302231103732
"p133": 0.00031423996266753966
"p134": 3.575185204001949E-05
"p135": 1.8816764231589204E-06
"p136": 0.0005513311919855637
"p137": 0.00013736237889060116
"p138": 1.3171734962112444E-05
"p139": 0
"p140": 0.0014902877271418652
"p141": 0.0005456861627160869
"p142": 0.00010161052685058171
"p143": 2.2580117077907045E-05
"p144": 0
"p145": 0
"p146": 0
"p147": 0
"p148": 0
"p149": 0
"p150": 0
"p151": 0
"p152": 1.1290058538953523E-05
"p153": 0
"p154": 0
"p155": 0
"p156": 0.0001204272910821709
"p157": 2.8225146347383808E-05
"p158": 0
"p159": 0
"p160": 0.004181085012259121
"p161": 0.0013566887010975815
"p162": 0.00018628596589273313
"p163": 1.5053411385271365E-05
"p164": 0.005424873127967168
"p165": 0.0015335662848745201
"p166": 0.00025778966997277205
"p167": 1.8816764231589203E-05
"p168": 0.014853953684416516
"p169": 0.005244232191343911
"p170": 0.0009972885042742279
"p171": 6.585867481056221E-05
"p172": 0.03136566429763605
"p173": 0.013292162253194614
"p174": 0.003257181888488091
"p175": 0.0003650452260928306
"p176": 0.0008147658912278124
"p177": 0.00024461793501065964
"p178": 2.2580117077907045E-05
"p179": 0
"p180": 0.0011704027352048485
"p181": 0.0002766064342043613
"p182": 3.7633528463178407E-05
"p183": 1.1290058538953523E-05
"p184": 0.004085119514678015
"p185": 0.001081963943316379
"p186": 0.00015429746669903146
"p187": 9.408382115794602E-06
"p188": 0.008580444489604678
