"p126": 0
"p127": 0
"p128": 0.004928110552253214
"p129": 0.0016445851938408965
"p130": 0.0003255300212064932
"p131": 3.7633528463178407E-05
"p132": 0.0008862695953078515
"p133": 0.00019757602443168666
"p134": 1.6935087808430286E-05
"p135": 0
"p136": 0.029250659998005423
"p137": 0.013154799874304015
"p138": 0.0037219559650083452
"p139": 0.0005946097497182191
"p140": 0.01760120126222854
"p141": 0.00644850510216562
"p142": 0.0013660970832133762
"p143": 0.0001298356731979655
"p144": 0.0003274116976296521
"p145": 5.080526342529086E-05
"p146": 0
"p147": 0
"p148": 0
"p149": 0
"p150": 0
"p151": 0
"p152": 0.00031423996266753966
"p153": 6.209532196424438E-05
"p154": 5.645029269476761E-06
"p155": 0
"p156": 1.8816764231589203E-05
"p157": 3.7633528463178407E-06
"p158": 0
"p159": 0
"p160": 0.002306935294792836
"p161": 0.0006679951302214167
"p162": 0.00014112573173691905
"p163": 1.1290058538953523E-05
"p164": 2.4461793501065963E-05
"p165": 0
"p166": 0
"p167": 0
"p168": 0.03178527814000049
"p169": 0.014071176292382411
"p170": 0.003693730818660962
"p171": 0.0004290222244802339
"p172": 0.010740609023391119
"p173": 0.003368200797454467
"p174": 0.000568266279793994
"p175": 4.327855773265517E-05
"p176": 0.003808513080473655
"p177": 0.0013040017612491318
"p178": 0.00027848811062752024
"p179": 3.7633528463178407E-05
"p180": 4.8923587002131926E-05
"p181": 0
"p182": 0
"p183": 0
"p184": 0.023058062889389417
"p185": 0.008429910375751967
"p186": 0.0016765736930345982
"p187": 0.0001335990260442834
"p188": 0.007325366315357678
