"p126": 7.5267056926356815E-06
"p127": 0
"p128": 0.004850961818903697
"p129": 0.001932481686584211
"p130": 0.00043090390090339274
"p131": 5.64502926947676E-05
"p132": 0.00890973786365749
"p133": 0.004056894368330633
"p134": 0.0009671816815036851
"p135": 8.27937626189925E-05
"p136": 0.0019211916280452584
"p137": 0.0006435333367203508
"p138": 8.843879188846925E-05
"p139": 7.5267056926356815E-06
"p140": 0.005099343106760675
"p141": 0.0016220050767629896
"p142": 0.00024085458216434178
"p143": 1.5053411385271363E-05
"p144": 0.011241134951951393
"p145": 0.004455809770040323
"p146": 0.0010104602392363403
"p147": 0.00013736237889060122
"p148": 0.015851242188690752
"p149": 0.007283969434048182
"p150": 0.0019851686264326616
"p151": 0.0002483812878569775
"p152": 0.006111685022420174
"p153": 0.0019155465987757809
"p154": 0.00024461793501065964
"p155": 7.5267056926356815E-06
"p156": 0.01381150494598648
"p157": 0.004557420296890905
"p158": 0.0007282087757625022
"p159": 5.2686939848449775E-05
"p160": 0.0016031883125314
"p161": 0.0005532128684087226
"p162": 0.00010537387969689952
"p163": 1.8816764231589204E-06
"p164": 0.004749351292053116
"p165": 0.001981405273586343
"p166": 0.00037445360820862513
"p167": 1.1290058538953523E-05
"p168": 0.00036880857893914834
"p169": 0.00010913723254321738
"p170": 1.8816764231589203E-05
"p171": 1.8816764231589204E-06
"p172": 0.0008317009790362428
"p173": 0.0002032210537011634
"p174": 3.387017561686057E-05
"p175": 1.8816764231589204E-06
"p176": 0.0024480610265297555
"p177": 0.0007319721286088201
"p178": 0.0001034922032737406
"p179": 5.645029269476761E-06
"p180": 0.00594421582075903
"p181": 0.002355858881794968
"p182": 0.0004346672537497106
"p183": 1.8816764231589207E-05
"p184": 0.0004327855773265518
"p185": 0.0001392440553137601
"p186": 2.4461793501065963E-05
"p187": 1.8816764231589204E-06
"p188": 0.0020698440654748126
