"p126": 0.002506392995647682
"p127": 0.00043843060659602847
"p128": 0
"p129": 0
"p130": 0
"p131": 0
"p132": 0.00012419064392848875
"p133": 0
"p134": 0
"p135": 0
"p136": 3.198849919370165E-05
"p137": 1.8816764231589204E-06
"p138": 0
"p139": 0
"p140": 0.00031988499193701646
"p141": 0.00010161052685058171
"p142": 1.8816764231589203E-05
"p143": 0
"p144": 3.9515204886337324E-05
"p145": 1.8816764231589204E-06
"p146": 0
"p147": 0
"p148": 0.0008618078018067854
"p149": 0.0001016105268505817
"p150": 7.5267056926356815E-06
"p151": 0
"p152": 0.00023709122931802392
"p153": 3.575185204001948E-05
"p154": 0
"p155": 0
"p156": 0.0009257848001941888
"p157": 0.0002878964927433148
"p158": 3.0106822770542726E-05
"p159": 0
"p160": 0.0005757929854866297
"p161": 0.0001580608195453493
"p162": 1.8816764231589204E-06
"p163": 0
"p164": 0.0006962202765688005
"p165": 0.00017123255450746173
"p166": 7.5267056926356815E-06
"p167": 0
"p168": 0.0020566723305127
"p169": 0.0006040181318340134
"p170": 9.784717400426387E-05
"p171": 1.8816764231589204E-06
"p172": 0.005374067864541876
"p173": 0.0021902713565569833
"p174": 0.0003612818732465128
"p175": 1.1290058538953523E-05
"p176": 0.0021883896801338245
"p177": 0.0006153081903729669
"p178": 3.951520488633733E-05
"p179": 1.8816764231589204E-06
"p180": 0.002391610733834988
"p181": 0.0006228348960656026
"p182": 6.962202765688005E-05
"p183": 0
"p184": 0.006529417188361454
"p185": 0.002084897476860084
"p186": 0.0002935415220127916
"p187": 1.3171734962112444E-05
"p188": 0.013049425994607115
