"p126": 0
"p127": 0
"p128": 0.0019531801272389595
"p129": 0.0006228348960656027
"p130": 9.972885042742277E-05
"p131": 0
"p132": 0.002570369994035085
"p133": 0.000733853805031979
"p134": 0.00012230896750532982
"p135": 2.2580117077907045E-05
"p136": 0.013120929698687151
"p137": 0.005231060456381799
"p138": 0.0012136812929375036
"p139": 0.00015241579027587258
"p140": 0.020005983731025644
"p141": 0.009028283478316499
"p142": 0.002384084028142352
"p143": 0.0003180033155138576
"p144": 0.005778628295521045
"p145": 0.002032210537011634
"p146": 0.00036692690251598946
"p147": 2.8225146347383808E-05
"p148": 0.0065444705997467255
"p149": 0.0020359738898579516
"p150": 0.00038574366674757867
"p151": 3.7633528463178407E-05
"p152": 0.022399476141283795
"p153": 0.009009466714084913
"p154": 0.0021037142410916736
"p155": 0.00022203781793275263
"p156": 0.03274305143938838
"p157": 0.014394824637165744
"p158": 0.003910123607324237
"p159": 0.0006115448375266493
"p160": 0.00018440428946957417
"p161": 3.575185204001949E-05
"p162": 5.645029269476761E-06
"p163": 0
"p164": 0.0005231060456381798
"p165": 0.0001561791431221904
"p166": 4.892358700213193E-05
"p167": 1.1290058538953523E-05
"p168": 0.006597157539595175
"p169": 0.002237313267135957
"p170": 0.0003913886960170554
"p171": 1.8816764231589203E-05
"p172": 0.012086007665949748
"p173": 0.004922465522983737
"p174": 0.0010876089725858564
"p175": 4.1396881309496255E-05
"p176": 0.0006303616017582384
"p177": 0.0001919309951622099
"p178": 1.6935087808430286E-05
"p179": 0
"p180": 0.0026268202867298527
"p181": 0.0009370748587331423
"p182": 0.00019945770085484557
"p183": 1.5053411385271363E-05
"p184": 0.005797445059752633
"p185": 0.00172549728003673
"p186": 0.00025402631712645424
"p187": 1.6935087808430286E-05
"p188": 0.01068980375996583
