"p126": 0
"p127": 0
"p128": 0.01019304118425187
"p129": 0.0047662863798615465
"p130": 0.0013755054653291708
"p131": 0.0001825226130464153
"p132": 0.0006849302180298469
"p133": 0.00011854561465901197
"p134": 5.645029269476761E-06
"p135": 0
"p136": 0.006183188726500213
"p137": 0.0019531801272389595
"p138": 0.00025026296428013644
"p139": 9.408382115794602E-06
"p140": 0.015617914312219042
"p141": 0.0056262125052451714
"p142": 0.0009653000050805262
"p143": 7.714873334951574E-05
"p144": 0.00015053411385271363
"p145": 2.6343469924224887E-05
"p146": 0
"p147": 0
"p148": 0.00016182417239166716
"p149": 1.6935087808430282E-05
"p150": 0
"p151": 0
"p152": 1.3171734962112444E-05
"p153": 0
"p154": 0
"p155": 0
"p156": 3.951520488633733E-05
"p157": 9.408382115794602E-06
"p158": 0
"p159": 0
"p160": 0.010185514478559235
"p161": 0.004830263378248948
"p162": 0.0012776582913249068
"p163": 0.00012607232035164768
"p164": 2.8225146347383805E-05
"p165": 1.8816764231589204E-06
"p166": 0
"p167": 0
"p168": 0.00409640957321697
"p169": 0.001509104491373454
"p170": 0.00023709122931802397
"p171": 7.5267056926356815E-06
"p172": 0.008337708231017177
"p173": 0.0030765409518648352
"p174": 0.0005588578976781993
"p175": 3.7633528463178407E-05
"p176": 0.008350879965979286
"p177": 0.0033399756511070834
"p178": 0.0006999836294151185
"p179": 4.327855773265517E-05
"p180": 9.784717400426387E-05
"p181": 2.6343469924224887E-05
"p182": 0
"p183": 0
"p184": 0.0028074612233531084
"p185": 0.0006661134537982578
"p186": 6.021364554108546E-05
"p187": 0
"p188": 0.0065689323932477915
