"p126": 0.00027284308135804345
"p127": 2.4461793501065966E-05
"p128": 0.005639384240207285
"p129": 0.002385965704565511
"p130": 0.000568266279793994
"p131": 2.8225146347383808E-05
"p132": 0.00030671325697490405
"p133": 4.516023415581409E-05
"p134": 0
"p135": 0
"p136": 0.0032816436819891573
"p137": 0.001017986944928976
"p138": 9.596549758110495E-05
"p139": 1.8816764231589204E-06
"p140": 0.007854117390265336
"p141": 0.002568488317611926
"p142": 0.00028413313989699703
"p143": 9.408382115794602E-06
"p144": 9.032046831162818E-05
"p145": 1.8816764231589203E-05
"p146": 0
"p147": 0
"p148": 7.714873334951574E-05
"p149": 0
"p150": 0
"p151": 0
"p152": 9.408382115794602E-06
"p153": 0
"p154": 0
"p155": 0
"p156": 3.951520488633733E-05
"p157": 9.408382115794602E-06
"p158": 0
"p159": 0
"p160": 0.004403122830191874
"p161": 0.0019625885093547536
"p162": 0.000425258871633916
"p163": 1.3171734962112444E-05
"p164": 7.5267056926356815E-06
"p165": 0
"p166": 0
"p167": 0
"p168": 0.00148087934502607
"p169": 0.0005193426927918621
"p170": 5.080526342529085E-05
"p171": 0
"p172": 0.0030389074234016566
"p173": 0.0011591126766658949
"p174": 0.0001448890845832369
"p175": 7.5267056926356815E-06
"p176": 0.0039703372528653216
"p177": 0.001537329637720838
"p178": 0.00028789649274331484
"p179": 9.408382115794602E-06
"p180": 3.575185204001949E-05
"p181": 5.645029269476761E-06
"p182": 0
"p183": 0
"p184": 0.000878742889615216
"p185": 0.00020886608297064014
"p186": 2.6343469924224887E-05
"p187": 0
"p188": 0.002572251670458244
