"p126": 0
"p127": 0
"p128": 0.002570369994035085
"p129": 0.0007978308034193823
"p130": 0.00012795399677480656
"p131": 7.5267056926356815E-06
"p132": 0.000259671346395931
"p133": 5.080526342529086E-05
"p134": 0
"p135": 0
"p136": 0.0007865407448804289
"p137": 0.0001956943480085277
"p138": 2.4461793501065966E-05
"p139": 0
"p140": 0.0020397372427042692
"p141": 0.0005946097497182188
"p142": 9.596549758110493E-05
"p143": 1.3171734962112444E-05
"p144": 0.00029730487485910944
"p145": 6.021364554108546E-05
"p146": 5.645029269476761E-06
"p147": 0
"p148": 0
"p149": 0
"p150": 0
"p151": 0
"p152": 5.645029269476761E-06
"p153": 0
"p154": 0
"p155": 0
"p156": 1.1290058538953523E-05
"p157": 0
"p158": 0
"p159": 0
"p160": 0.013595112157323203
"p161": 0.005377831217388195
"p162": 0.0012193263222069802
"p163": 0.0001542974666990315
"p164": 0.00041396881309496247
"p165": 7.150370408003898E-05
"p166": 5.645029269476761E-06
"p167": 0
"p168": 0.007058168263269111
"p169": 0.002453706055799232
"p170": 0.0005136976635223853
"p171": 4.516023415581409E-05
"p172": 0.012592178623779496
"p173": 0.004254470392762318
"p174": 0.0008015941562656999
"p175": 8.843879188846925E-05
"p176": 0.006708176448561551
"p177": 0.002626820286729853
"p178": 0.0006077814846803313
"p179": 6.774035123372113E-05
"p180": 1.8816764231589203E-05
"p181": 3.7633528463178407E-06
"p182": 0
"p183": 0
"p184": 0.0016332951353019427
"p185": 0.0005964914261413778
"p186": 0.0001561791431221904
"p187": 1.8816764231589207E-05
"p188": 0.0029071900737805316
