"p126": 0
"p127": 0
"p128": 0.007526705692635682
"p129": 0.0027528926070815004
"p130": 0.0005400411334466101
"p131": 3.7633528463178407E-05
"p132": 0.011327692067416704
"p133": 0.005255522249882865
"p134": 0.0014865243742955472
"p135": 0.00019004931873905096
"p136": 0.003281643681989157
"p137": 0.001017986944928976
"p138": 9.596549758110495E-05
"p139": 1.8816764231589204E-06
"p140": 0.0124134193635794
"p141": 0.004226245246414935
"p142": 0.0006134265139498081
"p143": 4.516023415581409E-05
"p144": 2.0698440654748124E-05
"p145": 0
"p146": 0
"p147": 0
"p148": 0.00031235828624438084
"p149": 4.327855773265517E-05
"p150": 0
"p151": 0
"p152": 0
"p153": 0
"p154": 0
"p155": 0
"p156": 3.198849919370165E-05
"p157": 9.408382115794602E-06
"p158": 0
"p159": 0
"p160": 0.005199071957188096
"p161": 0.0019644701857779124
"p162": 0.0004177321659412803
"p163": 3.387017561686057E-05
"p164": 0.011824454643130658
"p165": 0.005534010360510385
"p166": 0.0014281924051776208
"p167": 0.00013359902604428335
"p168": 0.0017179705743440945
"p169": 0.00059272807329506
"p170": 5.8331969117926534E-05
"p171": 0
"p172": 0.005112514841722787
"p173": 0.0017217339271904117
"p174": 0.000212629435816958
"p175": 7.5267056926356815E-06
"p176": 0.004564947002583539
"p177": 0.0013529253482512636
"p178": 0.00023144620004854718
"p179": 1.5053411385271363E-05
"p180": 0.008599261253836265
"p181": 0.0034095976787639638
"p182": 0.000711273687954072
"p183": 4.327855773265517E-05
"p184": 0.0011835744701669609
"p185": 0.00030671325697490405
"p186": 3.1988499193701654E-05
"p187": 0
"p188": 0.004175439982989644
