"p126": 0
"p127": 0
"p128": 0.002751010930658342
"p129": 0.0007752506863414752
"p130": 0.00011290058538953522
"p131": 7.5267056926356815E-06
"p132": 0.00038762534317073765
"p133": 6.021364554108546E-05
"p134": 5.645029269476761E-06
"p135": 0
"p136": 0.010522334558304685
"p137": 0.00413027974883383
"p138": 0.000970945034350003
"p139": 0.00011101890896637629
"p140": 0.006185070402923371
"p141": 0.0023257520590244255
"p142": 0.0004346672537497106
"p143": 3.76335284631784E-05
"p144": 0.00018064093662325636
"p145": 1.6935087808430282E-05
"p146": 0
"p147": 0
"p148": 0
"p149": 0
"p150": 0
"p151": 0
"p152": 0.0002709614049348845
"p153": 3.575185204001949E-05
"p154": 0
"p155": 0
"p156": 7.5267056926356815E-06
"p157": 0
"p158": 0
"p159": 0
"p160": 0.0006924569237224827
"p161": 0.00015053411385271363
"p162": 1.3171734962112442E-05
"p163": 0
"p164": 5.645029269476761E-06
"p165": 0
"p166": 0
"p167": 0
"p168": 0.006762745064833161
"p169": 0.0024612327614918677
"p170": 0.00047794581148236575
"p171": 3.3870175616860565E-05
"p172": 0.002374675646026557
"p173": 0.0009276664766173479
"p174": 0.00015241579027587256
"p175": 1.6935087808430282E-05
"p176": 0.0019456534215463238
"p177": 0.0005852013676024242
"p178": 0.00010725555612005845
"p179": 1.3171734962112444E-05
"p180": 1.1290058538953523E-05
"p181": 0
"p182": 0
"p183": 0
"p184": 0.010629590114424742
"p185": 0.0038913068430926475
"p186": 0.0008486360668446731
"p187": 8.279376261899248E-05
"p188": 0.00315557136163751
