"p126": 0.00031988499193701646
"p127": 3.763352846317841E-05
"p128": 0.0007075103351077539
"p129": 0.0001016105268505817
"p130": 7.5267056926356815E-06
"p131": 0
"p132": 0
"p133": 0
"p134": 0
"p135": 0
"p136": 0.0011252425010490343
"p137": 0.0002991865512822683
"p138": 3.0106822770542726E-05
"p139": 0
"p140": 0.00010913723254321737
"p141": 9.408382115794602E-06
"p142": 0
"p143": 0
"p144": 0
"p145": 0
"p146": 0
"p147": 0
"p148": 0
"p149": 0
"p150": 0
"p151": 0
"p152": 6.021364554108545E-05
"p153": 1.6935087808430286E-05
"p154": 0
"p155": 0
"p156": 0
"p157": 0
"p158": 0
"p159": 0
"p160": 0.002286236854138088
"p161": 0.0006190715432192849
"p162": 7.150370408003898E-05
"p163": 0
"p164": 0.00034434678543808245
"p165": 2.8225146347383805E-05
"p166": 0
"p167": 0
"p168": 0.013536780188205276
"p169": 0.005131331605954376
"p170": 0.0010970173547016505
"p171": 4.327855773265517E-05
"p172": 0.008136368853739173
"p173": 0.002624938610306694
"p174": 0.0004045604309791678
"p175": 1.6935087808430286E-05
"p176": 0.0006228348960656026
"p177": 0.0001467707610063958
"p178": 5.645029269476761E-06
"p179": 0
"p180": 0
"p181": 0
"p182": 0
"p183": 0
"p184": 0.003449112883650301
"p185": 0.0011647577059353718
"p186": 0.00022580117077907047
"p187": 9.408382115794602E-06
"p188": 0.001522276226335566
