"p126": 0
"p127": 0
"p128": 0.0012343797335922515
"p129": 0.00040267875455600894
"p130": 6.585867481056221E-05
"p131": 1.1290058538953523E-05
"p132": 0.00046289240009709436
"p133": 5.080526342529086E-05
"p134": 0
"p135": 0
"p136": 0.0006322432781813972
"p137": 0.00020886608297064014
"p138": 3.951520488633734E-05
"p139": 1.1290058538953523E-05
"p140": 0.0016596386052261677
"p141": 0.0005626212505245172
"p142": 9.03204683116282E-05
"p143": 1.8816764231589204E-06
"p144": 0.0001204272910821709
"p145": 2.8225146347383808E-05
"p146": 0
"p147": 0
"p148": 0
"p149": 0
"p150": 0
"p151": 0
"p152": 3.7633528463178407E-06
"p153": 0
"p154": 0
"p155": 0
"p156": 7.5267056926356815E-06
"p157": 0
"p158": 0
"p159": 0
"p160": 0.01952051121385064
"p161": 0.009080970418164951
"p162": 0.002502629642801364
"p163": 0.000308594933398063
"p164": 0.0007131553643772308
"p165": 0.0001204272910821709
"p166": 5.645029269476761E-06
"p167": 0
"p168": 0.010228793036291893
"p169": 0.003437822825111348
"p170": 0.0004911175464444782
"p171": 2.2580117077907045E-05
"p172": 0.0234343981740212
"p173": 0.008390395170865627
"p174": 0.0014206656994849847
"p175": 0.00010725555612005847
"p176": 0.006345012898891879
"p177": 0.0024706411436076626
"p178": 0.000541922809869769
"p179": 3.763352846317841E-05
"p180": 3.3870175616860565E-05
"p181": 3.7633528463178407E-06
"p182": 0
"p183": 0
"p184": 0.0024687594671845034
"p185": 0.0007018653058382773
"p186": 9.784717400426387E-05
"p187": 5.645029269476761E-06
"p188": 0.004352317566766583
