"p126": 0.0009182580945015532
"p127": 8.843879188846926E-05
"p128": 3.9515204886337324E-05
"p129": 1.8816764231589204E-06
"p130": 0
"p131": 0
"p132": 0.0008110025383814946
"p133": 0.0001016105268505817
"p134": 7.5267056926356815E-06
"p135": 0
"p136": 0.00023709122931802392
"p137": 3.575185204001948E-05
"p138": 0
"p139": 0
"p140": 0.0008655711546531036
"p141": 0.0002709614049348845
"p142": 3.0106822770542726E-05
"p143": 0
"p144": 0
"p145": 0
"p146": 0
"p147": 0
"p148": 0
"p149": 0
"p150": 0
"p151": 0
"p152": 0
"p153": 0
"p154": 0
"p155": 0
"p156": 6.021364554108545E-05
"p157": 1.6935087808430286E-05
"p158": 0
"p159": 0
"p160": 0.0022787101484454527
"p161": 0.0006303616017582383
"p162": 4.139688130949625E-05
"p163": 1.8816764231589204E-06
"p164": 0.0025967134639593103
"p165": 0.000641651660297192
"p166": 7.150370408003898E-05
"p167": 0
"p168": 0.0071428437023112615
"p169": 0.002312580324062313
"p170": 0.0003424651090149235
"p171": 1.5053411385271363E-05
"p172": 0.014773041598220687
"p173": 0.005782391648367363
"p174": 0.001160994353089054
"p175": 4.327855773265517E-05
"p176": 0.0004459573122886642
"p177": 0.00012607232035164766
"p178": 0
"p179": 0
"p180": 0.0006548233952593044
"p181": 0.0001467707610063958
"p182": 5.645029269476761E-06
"p183": 0
"p184": 0.0013830321710218065
"p185": 0.0003123582862443808
"p186": 4.3278557732655166E-05
"p187": 0
"p188": 0.0036598606430441006
