"p126": 0.0008279376261899252
"p127": 6.39769983874033E-05
"p128": 7.5267056926356815E-06
"p129": 0
"p130": 0
"p131": 0
"p132": 0
"p133": 0
"p134": 0
"p135": 0
"p136": 0.00023709122931802397
"p137": 7.33853805031979E-05
"p138": 1.3171734962112444E-05
"p139": 0
"p140": 9.408382115794602E-06
"p141": 1.8816764231589204E-06
"p142": 0
"p143": 0
"p144": 0.0005249877220613388
"p145": 6.774035123372114E-05
"p146": 1.8816764231589204E-06
"p147": 0
"p148": 0
"p149": 0
"p150": 0
"p151": 0
"p152": 0.001038685385583724
"p153": 0.00023144620004854723
"p154": 2.2580117077907045E-05
"p155": 0
"p156": 8.091208619583358E-05
"p157": 7.5267056926356815E-06
"p158": 0
"p159": 0
"p160": 0.0002427362585875007
"p161": 2.6343469924224887E-05
"p162": 0
"p163": 0
"p164": 0
"p165": 0
"p166": 0
"p167": 0
"p168": 0.0019023748638136682
"p169": 0.0006510600424129865
"p170": 0.00012607232035164766
"p171": 1.8816764231589204E-06
"p172": 0.0003424651090149235
"p173": 9.784717400426387E-05
"p174": 2.446179350106597E-05
"p175": 1.8816764231589204E-06
"p176": 0.0013623337303670581
"p177": 0.0002766064342043613
"p178": 7.5267056926356815E-06
"p179": 0
"p180": 0.00015806081954534932
"p181": 5.645029269476761E-06
"p182": 0
"p183": 0
"p184": 0.007327247991780835
"p185": 0.0025628432883424497
"p186": 0.0004892358700213193
"p187": 1.8816764231589203E-05
"p188": 0.002973048748591094
