"p126": 0
"p127": 0
"p128": 0.0011384142360111467
"p129": 0.00025402631712645424
"p130": 2.6343469924224887E-05
"p131": 1.8816764231589204E-06
"p132": 0
"p133": 0
"p134": 0
"p135": 0
"p136": 0.002122531005323262
"p137": 0.0006134265139498082
"p138": 0.00010725555612005848
"p139": 2.2580117077907045E-05
"p140": 0.0002671980520885667
"p141": 5.833196911792653E-05
"p142": 9.408382115794602E-06
"p143": 0
"p144": 0
"p145": 0
"p146": 0
"p147": 0
"p148": 0
"p149": 0
"p150": 0
"p151": 0
"p152": 0.00020133937727800447
"p153": 4.892358700213193E-05
"p154": 5.645029269476761E-06
"p155": 0
"p156": 1.1290058538953523E-05
"p157": 0
"p158": 0
"p159": 0
"p160": 0.003473574677151367
"p161": 0.0009088497123857585
"p162": 0.0001204272910821709
"p163": 7.5267056926356815E-06
"p164": 0.00039327037244021434
"p165": 6.021364554108546E-05
"p166": 5.645029269476761E-06
"p167": 0
"p168": 0.016536172406720596
"p169": 0.006177543697230736
"p170": 0.0013491619954049457
"p171": 0.00013924405531376012
"p172": 0.008286902967591884
"p173": 0.0031160561567511722
"p174": 0.0005588578976781994
"p175": 4.8923587002131926E-05
"p176": 0.0005343961041771334
"p177": 9.22021447347871E-05
"p178": 1.1290058538953523E-05
"p179": 0
"p180": 1.1290058538953523E-05
"p181": 0
"p182": 0
"p183": 0
"p184": 0.007929384447191693
"p185": 0.0030727775990185167
"p186": 0.0007714873334951573
"p187": 9.4083821157946E-05
"p188": 0.001791355954847292
