"p126": 0
"p127": 0
"p128": 0.004519786768427727
"p129": 0.0018421612182725829
"p130": 0.00046477407652025334
"p131": 6.585867481056221E-05
"p132": 3.198849919370165E-05
"p133": 5.645029269476761E-06
"p134": 0
"p135": 0
"p136": 0.0013152918197880856
"p137": 0.0005061709578297494
"p138": 0.00010913723254321737
"p139": 7.5267056926356815E-06
"p140": 0.0031010027453659003
"p141": 0.00099352515142791
"p142": 0.00017123255450746176
"p143": 1.3171734962112444E-05
"p144": 0.01030782344606457
"p145": 0.004286458891956019
"p146": 0.0010782005904700614
"p147": 0.0001279539967748066
"p148": 0.0005475678391392458
"p149": 7.526705692635683E-05
"p150": 5.645029269476761E-06
"p151": 0
"p152": 0.003949638812210573
"p153": 0.0013096467905186087
"p154": 0.00019945770085484557
"p155": 7.5267056926356815E-06
"p156": 0.010638998496540536
"p157": 0.003759589493471522
"p158": 0.0006171898667961258
"p159": 4.5160234155814084E-05
"p160": 0.0020340922134347928
"p161": 0.0007150370408003898
"p162": 0.00012230896750532982
"p163": 7.5267056926356815E-06
"p164": 0
"p165": 0
"p166": 0
"p167": 0
"p168": 0.0005456861627160869
"p169": 0.00018816764231589203
"p170": 2.0698440654748124E-05
"p171": 0
"p172": 0.0008768612131920568
"p173": 0.00029542319843595046
"p174": 6.0213645541085445E-05
"p175": 7.5267056926356815E-06
"p176": 0.005946097497182188
"p177": 0.0021658095630559173
"p178": 0.00038574366674757867
"p179": 2.0698440654748124E-05
"p180": 9.22021447347871E-05
"p181": 2.2580117077907045E-05
"p182": 0
"p183": 0
"p184": 0.0013943222295607599
"p185": 0.00044031228301918735
"p186": 6.962202765688005E-05
"p187": 0
"p188": 0.003338093974683924
