"p126": 0
"p127": 0
"p128": 0.013322269075965155
"p129": 0.005605514064590424
"p130": 0.001420665699484985
"p131": 0.00018440428946957422
"p132": 0.017614372997190653
"p133": 0.008557864372526772
"p134": 0.0025760150233045623
"p135": 0.00045536569440445874
"p136": 0.008463780551368824
"p137": 0.003131109568136444
"p138": 0.0006642317773750989
"p139": 3.010682277054273E-05
"p140": 0.017110083715784062
"p141": 0.005863303734563196
"p142": 0.001042448738430042
"p143": 7.714873334951573E-05
"p144": 4.327855773265517E-05
"p145": 5.645029269476761E-06
"p146": 0
"p147": 0
"p148": 0.0004929992228676371
"p149": 9.408382115794602E-05
"p150": 5.645029269476761E-06
"p151": 0
"p152": 0
"p153": 0
"p154": 0
"p155": 0
"p156": 6.021364554108545E-05
"p157": 1.1290058538953523E-05
"p158": 0
"p159": 0
"p160": 0.01230616380745934
"p161": 0.004830263378248948
"p162": 0.0011459409417037827
"p163": 0.00013171734962112442
"p164": 0.023404291351250654
"p165": 0.010808349374624842
"p166": 0.002931651867281599
"p167": 0.00034999181470755925
"p168": 0.005323262601116584
"p169": 0.0018590963060810134
"p170": 0.00036692690251598946
"p171": 1.1290058538953523E-05
"p172": 0.008083681913890722
"p173": 0.0025063929956476816
"p174": 0.0004064421074023268
"p175": 2.0698440654748128E-05
"p176": 0.009986056777704392
"p177": 0.003221430036448071
"p178": 0.00059272807329506
"p179": 5.456861627160869E-05
"p180": 0.015764685073225437
"p181": 0.006228348960656026
"p182": 0.001302120084825973
"p183": 9.784717400426385E-05
"p184": 0.0033794908559934204
"p185": 0.0009107313888089175
"p186": 8.655711546531035E-05
"p187": 3.7633528463178407E-06
"p188": 0.006183188726500212
