"p126": 0
"p127": 0
"p128": 0.0014620625807944812
"p129": 0.0002973048748591094
"p130": 3.575185204001949E-05
"p131": 1.8816764231589204E-06
"p132": 0
"p133": 0
"p134": 0
"p135": 0
"p136": 0.002032210537011634
"p137": 0.0006284799253350795
"p138": 0.00010537387969689955
"p139": 2.2580117077907045E-05
"p140": 0.0002841331398969969
"p141": 8.27937626189925E-05
"p142": 9.408382115794602E-06
"p143": 0
"p144": 0
"p145": 0
"p146": 0
"p147": 0
"p148": 0
"p149": 0
"p150": 0
"p151": 0
"p152": 0.00012419064392848875
"p153": 2.8225146347383808E-05
"p154": 0
"p155": 0
"p156": 7.5267056926356815E-06
"p157": 0
"p158": 0
"p159": 0
"p160": 0.004696664352204666
"p161": 0.0014056122880997137
"p162": 0.0002464996114338185
"p163": 1.8816764231589203E-05
"p164": 0.0007620789513793628
"p165": 0.00013359902604428335
"p166": 1.1290058538953523E-05
"p167": 0
"p168": 0.02855443972143662
"p169": 0.011897840023633853
"p170": 0.002982457130706889
"p171": 0.00033117505047597
"p172": 0.018017051751746664
"p173": 0.006410871573702442
"p174": 0.001253196497823841
"p175": 0.00010537387969689954
"p176": 0.0011158341189332398
"p177": 0.0002766064342043613
"p178": 3.7633528463178407E-05
"p179": 1.1290058538953523E-05
"p180": 2.2580117077907045E-05
"p181": 0
"p182": 0
"p183": 0
"p184": 0.008584207842450994
"p185": 0.0030671325697490402
"p186": 0.0006341249546045561
"p187": 4.327855773265517E-05
"p188": 0.003943993782941096
