"p126": 0
"p127": 0
"p128": 0.0011384142360111467
"p129": 0.00036880857893914845
"p130": 5.080526342529085E-05
"p131": 0
"p132": 0.003906360254477919
"p133": 0.0014639442572176404
"p134": 0.000282251463473838
"p135": 1.6935087808430282E-05
"p136": 0.00013548070246744226
"p137": 3.575185204001949E-05
"p138": 5.645029269476761E-06
"p139": 0
"p140": 0.0005513311919855638
"p141": 0.00014865243742955472
"p142": 1.1290058538953523E-05
"p143": 0
"p144": 0.0015956616068387645
"p145": 0.00047982748790552463
"p146": 8.091208619583357E-05
"p147": 1.1290058538953523E-05
"p148": 0.004929992228676372
"p149": 0.0015523830491061092
"p150": 0.00028225146347383805
"p151": 4.139688130949625E-05
"p152": 0.00029165984558963265
"p153": 9.22021447347871E-05
"p154": 2.6343469924224884E-05
"p155": 5.645029269476761E-06
"p156": 0.0023050536183696776
"p157": 0.0007300904521856612
"p158": 0.00013171734962112442
"p159": 9.408382115794602E-06
"p160": 0.007060049939692269
"p161": 0.002656927109500395
"p162": 0.0005513311919855637
"p163": 7.150370408003898E-05
"p164": 0.017599319585805386
"p165": 0.006871882297376377
"p166": 0.0015580280783755863
"p167": 0.00021262943581695803
"p168": 0.0019456534215463233
"p169": 0.0006454150131435099
"p170": 0.00012419064392848873
"p171": 1.8816764231589204E-06
"p172": 0.004271405480570749
"p173": 0.0011704027352048485
"p174": 0.00014865243742955472
"p175": 5.645029269476761E-06
"p176": 0.013640272391479013
"p177": 0.0057428764434810245
"p178": 0.0012268530278996162
"p179": 0.00011666393823585307
"p180": 0.028710618864558807
"p181": 0.012390839246501492
"p182": 0.003174388125869099
"p183": 0.00042525887163391606
"p184": 0.005406056363735578
"p185": 0.0020228021548958394
"p186": 0.000380098637478102
"p187": 1.1290058538953523E-05
"p188": 0.012347560688768836
