"p126": 7.150370408003898E-05
"p127": 3.7633528463178407E-06
"p128": 0.0015222762263355665
"p129": 0.00048359084075184244
"p130": 8.655711546531035E-05
"p131": 1.8816764231589204E-06
"p132": 0.0034980364706524323
"p133": 0.0014978144328345008
"p134": 0.0003198849919370165
"p135": 1.1290058538953523E-05
"p136": 0.0005061709578297496
"p137": 0.0001637058488148261
"p138": 9.408382115794602E-06
"p139": 0
"p140": 0.0017405506914220017
"p141": 0.0005155793399455441
"p142": 3.951520488633733E-05
"p143": 0
"p144": 0.005430518157236645
"p145": 0.0018195811011946757
"p146": 0.0002709614049348845
"p147": 1.3171734962112444E-05
"p148": 0.008347116613132971
"p149": 0.0036259904674272392
"p150": 0.0008712161839225801
"p151": 3.9515204886337324E-05
"p152": 0.002361503911064445
"p153": 0.0008034758326888591
"p154": 3.7633528463178407E-05
"p155": 1.8816764231589204E-06
"p156": 0.007172950525081805
"p157": 0.0022335499142896384
"p158": 0.00012042729108217092
"p159": 1.8816764231589204E-06
"p160": 0.00037445360820862513
"p161": 9.784717400426385E-05
"p162": 9.408382115794602E-06
"p163": 0
"p164": 0.001584371548299811
"p165": 0.0006679951302214167
"p166": 9.596549758110493E-05
"p167": 0
"p168": 6.962202765688005E-05
"p169": 1.6935087808430282E-05
"p170": 3.7633528463178407E-06
"p171": 0
"p172": 0.000212629435816958
"p173": 4.327855773265517E-05
"p174": 9.408382115794602E-06
"p175": 0
"p176": 0.0006510600424129864
"p177": 0.00015053411385271363
"p178": 1.3171734962112444E-05
"p179": 0
"p180": 0.002263656737060181
"p181": 0.0008712161839225803
"p182": 0.0001486524374295547
"p183": 0
"p184": 0.00010161052685058169
"p185": 4.3278557732655166E-05
"p186": 1.5053411385271363E-05
"p187": 0
"p188": 0.0009370748587331422
