"p126": 0.0002690797285117256
"p127": 3.0106822770542726E-05
"p128": 1.6935087808430282E-05
"p129": 0
"p130": 0
"p131": 0
"p132": 0.0002784881106275202
"p133": 5.6450292694767617E-05
"p134": 0
"p135": 0
"p136": 0.0004045604309791679
"p137": 0.00010161052685058171
"p138": 9.408382115794602E-06
"p139": 0
"p140": 0.0016069516653777183
"p141": 0.0006021364554108546
"p142": 9.972885042742277E-05
"p143": 5.645029269476761E-06
"p144": 0.0001674692016611439
"p145": 9.408382115794602E-06
"p146": 0
"p147": 0
"p148": 0.001674692016611439
"p149": 0.0003462284618612413
"p150": 3.198849919370165E-05
"p151": 1.8816764231589204E-06
"p152": 0.0011647577059353716
"p153": 0.0002878964927433148
"p154": 3.0106822770542726E-05
"p155": 0
"p156": 0.002816869605468904
"p157": 0.001017986944928976
"p158": 0.00017875926020009743
"p159": 7.5267056926356815E-06
"p160": 0.0012287347043227752
"p161": 0.00036692690251598946
"p162": 4.7041910578973E-05
"p163": 0
"p164": 0.0017838292491546561
"p165": 0.0005024076049834317
"p166": 7.903040977267466E-05
"p167": 1.1290058538953523E-05
"p168": 0.007291496139740818
"p169": 0.0026588087859235545
"p170": 0.0005325144277539746
"p171": 6.021364554108545E-05
"p172": 0.014308267521700434
"p173": 0.0059931394077611605
"p174": 0.0012964750555564963
"p175": 0.00010537387969689954
"p176": 0.0038367382268210395
"p177": 0.0012212079986301395
"p178": 0.00018252261304641527
"p179": 1.3171734962112444E-05
"p180": 0.004551775267621429
"p181": 0.001422547375908144
"p182": 0.0002333278764717061
"p183": 1.8816764231589203E-05
"p184": 0.01570070807483804
"p185": 0.00575228482559682
"p186": 0.0011722844116280075
"p187": 0.00013924405531376012
"p188": 0.02606121846075106
