"p126": 0
"p127": 0
"p128": 0.0013886772002912832
"p129": 0.00038574366674757867
"p130": 6.209532196424438E-05
"p131": 1.1290058538953523E-05
"p132": 0.0003443467854380824
"p133": 5.080526342529086E-05
"p134": 0
"p135": 0
"p136": 0.0005964914261413777
"p137": 0.0002107477593937991
"p138": 4.516023415581409E-05
"p139": 1.1290058538953523E-05
"p140": 0.0014488908458323688
"p141": 0.0004440756358655052
"p142": 6.39769983874033E-05
"p143": 1.8816764231589204E-06
"p144": 0.00019569434800852773
"p145": 4.892358700213193E-05
"p146": 5.645029269476761E-06
"p147": 0
"p148": 0
"p149": 0
"p150": 0
"p151": 0
"p152": 5.645029269476761E-06
"p153": 0
"p154": 0
"p155": 0
"p156": 1.1290058538953523E-05
"p157": 0
"p158": 0
"p159": 0
"p160": 0.01230616380745934
"p161": 0.004830263378248948
"p162": 0.0011459409417037825
"p163": 0.00013171734962112442
"p164": 0.00044407563586550526
"p165": 6.021364554108546E-05
"p166": 5.645029269476761E-06
"p167": 0
"p168": 0.004553656944044586
"p169": 0.001465825933640799
"p170": 0.00020886608297064014
"p171": 7.5267056926356815E-06
"p172": 0.011617470236583174
"p173": 0.003960928870749527
"p174": 0.0006341249546045562
"p175": 4.5160234155814084E-05
"p176": 0.006106039993150697
"p177": 0.0023069352947928364
"p178": 0.0005852013676024242
"p179": 7.52670569263568E-05
"p180": 1.8816764231589203E-05
"p181": 3.7633528463178407E-06
"p182": 0
"p183": 0
"p184": 0.001885439776005238
"p185": 0.0007884224213035876
"p186": 0.0001862859658927331
"p187": 1.8816764231589203E-05
"p188": 0.002703969020079368
