"p126": 0.0010537387969689954
"p127": 9.596549758110493E-05
"p128": 0.0002973048748591094
"p129": 9.97288504274228E-05
"p130": 1.8816764231589203E-05
"p131": 0
"p132": 0
"p133": 0
"p134": 0
"p135": 0
"p136": 3.198849919370165E-05
"p137": 1.8816764231589204E-06
"p138": 0
"p139": 0
"p140": 0.0001561791431221904
"p141": 5.456861627160869E-05
"p142": 0
"p143": 0
"p144": 0.0008335826554594018
"p145": 0.00025778966997277205
"p146": 3.0106822770542726E-05
"p147": 0
"p148": 0.0002088660829706401
"p149": 0
"p150": 0
"p151": 0
"p152": 0.00027096140493488446
"p153": 5.833196911792653E-05
"p154": 0
"p155": 0
"p156": 0.0008091208619583357
"p157": 0.0002483812878569775
"p158": 4.139688130949625E-05
"p159": 0
"p160": 0.003940230430094779
"p161": 0.0016615202816493268
"p162": 0.0003274116976296521
"p163": 1.1290058538953523E-05
"p164": 2.2580117077907045E-05
"p165": 0
"p166": 0
"p167": 0
"p168": 0.001157231000242736
"p169": 0.00035187349113071807
"p170": 3.7633528463178407E-05
"p171": 0
"p172": 0.0027961711648141555
"p173": 0.0008712161839225801
"p174": 0.00011666393823585307
"p175": 1.8816764231589204E-06
"p176": 0.008326418172478221
"p177": 0.003563895145462995
"p178": 0.0008523994196909908
"p179": 3.9515204886337324E-05
"p180": 0.00030671325697490405
"p181": 4.516023415581409E-05
"p182": 0
"p183": 0
"p184": 0.004261997098454954
"p185": 0.001351043671828105
"p186": 0.00012983567319796555
"p187": 1.8816764231589204E-06
"p188": 0.009613484845918927
