"p126": 0
"p127": 0
"p128": 0.0001975760244316866
"p129": 5.268693984844977E-05
"p130": 5.645029269476761E-06
"p131": 0
"p132": 0.0008110025383814945
"p133": 0.00017499590735377957
"p134": 1.8816764231589207E-05
"p135": 0
"p136": 0.0018816764231589201
"p137": 0.0006981019529919595
"p138": 0.0001561791431221904
"p139": 1.5053411385271365E-05
"p140": 0.005895292233756897
"p141": 0.0023897290574118285
"p142": 0.0005795563383329475
"p143": 7.33853805031979E-05
"p144": 0.001578726519030334
"p145": 0.00042525887163391595
"p146": 6.962202765688005E-05
"p147": 5.645029269476761E-06
"p148": 0.0036222271145809216
"p149": 0.0009163764180783942
"p150": 0.00011854561465901199
"p151": 7.5267056926356815E-06
"p152": 0.005840723617485289
"p153": 0.002242958296405433
"p154": 0.0003989154017096912
"p155": 2.4461793501065966E-05
"p156": 0.015296147643858867
"p157": 0.00630926104685186
"p158": 0.0014225473759081437
"p159": 0.0001561791431221904
"p160": 7.5267056926356815E-06
"p161": 0
"p162": 0
"p163": 0
"p164": 0.00013359902604428335
"p165": 1.8816764231589203E-05
"p166": 5.645029269476761E-06
"p167": 0
"p168": 0.0007037469822614362
"p169": 0.00024838128785697745
"p170": 4.1396881309496255E-05
"p171": 5.645029269476761E-06
"p172": 0.0025082746720708404
"p173": 0.0008881512717310106
"p174": 0.00013924405531376012
"p175": 7.5267056926356815E-06
"p176": 0.00020322105370116337
"p177": 5.833196911792653E-05
"p178": 5.645029269476761E-06
"p179": 0
"p180": 0.0014959327564113417
"p181": 0.0005080526342529084
"p182": 9.596549758110495E-05
"p183": 1.3171734962112444E-05
"p184": 0.002242958296405433
"p185": 0.0006736401594908935
"p186": 0.0001091372325432174
"p187": 7.5267056926356815E-06
"p188": 0.006740164947755253
