"p126": 0
"p127": 0
"p128": 0.003942112106517938
"p129": 0.0014677076100639579
"p130": 0.0002690797285117256
"p131": 1.8816764231589203E-05
"p132": 0.009167527533630261
"p133": 0.0037031392007767553
"p134": 0.0009182580945015532
"p135": 0.00011101890896637629
"p136": 0.0010142235920826582
"p137": 0.0003180033155138575
"p138": 3.575185204001948E-05
"p139": 0
"p140": 0.006802260269719498
"p141": 0.0022824735012917704
"p142": 0.0003387017561686057
"p143": 2.2580117077907045E-05
"p144": 2.0698440654748124E-05
"p145": 0
"p146": 0
"p147": 0
"p148": 0.0003744536082086252
"p149": 5.2686939848449775E-05
"p150": 0
"p151": 0
"p152": 0
"p153": 0
"p154": 0
"p155": 0
"p156": 3.198849919370165E-05
"p157": 9.408382115794602E-06
"p158": 0
"p159": 0
"p160": 0.0020322105370116335
"p161": 0.0007903040977267465
"p162": 0.0001279539967748066
"p163": 1.1290058538953523E-05
"p164": 0.006077814846803313
"p165": 0.0022711834427528166
"p166": 0.0004553656944044587
"p167": 3.3870175616860565E-05
"p168": 0.00043278557732655173
"p169": 0.00015053411385271363
"p170": 1.5053411385271365E-05
"p171": 0
"p172": 0.0017010354865356636
"p173": 0.0005080526342529086
"p174": 5.456861627160869E-05
"p175": 1.8816764231589204E-06
"p176": 0.0032722352998733623
"p177": 0.0010499754441226773
"p178": 0.00021827446508643474
"p179": 1.8816764231589207E-05
"p180": 0.009543862818262045
"p181": 0.0036147004088882854
"p182": 0.000807239185535177
"p183": 8.279376261899248E-05
"p184": 0.0004553656944044588
"p185": 0.00013736237889060116
"p186": 2.8225146347383805E-05
"p187": 0
"p188": 0.0028601481632015585
