"p126": 0
"p127": 0
"p128": 0.0014658259336407988
"p129": 0.00040079707813285
"p130": 5.645029269476761E-05
"p131": 1.1290058538953523E-05
"p132": 3.387017561686057E-05
"p133": 0
"p134": 0
"p135": 0
"p136": 0.010123419156594992
"p137": 0.00435796259603606
"p138": 0.0010932540018553328
"p139": 0.00011478226181269414
"p140": 0.005684544474363098
"p141": 0.002115004299630626
"p142": 0.00043090390090339274
"p143": 4.5160234155814084E-05
"p144": 0.004184848365105439
"p145": 0.0012701315856322713
"p146": 0.00022203781793275255
"p147": 1.8816764231589203E-05
"p148": 0.0007507888928404092
"p149": 0.00013359902604428335
"p150": 1.1290058538953523E-05
"p151": 0
"p152": 0.01949416774392642
"p153": 0.00798583473988646
"p154": 0.0020510273012432235
"p155": 0.00023520955289486504
"p156": 0.014737289746180663
"p157": 0.005319499248270269
"p158": 0.0010368037091605651
"p159": 8.655711546531035E-05
"p160": 0.0003123582862443808
"p161": 9.972885042742278E-05
"p162": 3.3870175616860565E-05
"p163": 5.645029269476761E-06
"p164": 0
"p165": 0
"p166": 0
"p167": 0
"p168": 0.0056393842402072845
"p169": 0.0023897290574118294
"p170": 0.0004835908407518426
"p171": 1.3171734962112442E-05
"p172": 0.001981405273586343
"p173": 0.0006303616017582384
"p174": 0.0001204272910821709
"p175": 7.5267056926356815E-06
"p176": 0.0016276501060324662
"p177": 0.0005795563383329474
"p178": 0.00012795399677480656
"p179": 7.5267056926356815E-06
"p180": 0
"p181": 0
"p182": 0
"p183": 0
"p184": 0.006025127906954864
"p185": 0.002222259855750685
"p186": 0.0003989154017096912
"p187": 1.5053411385271363E-05
"p188": 0.0017763025434620208
