"p126": 0.0010029335335437048
"p127": 8.655711546531035E-05
"p128": 0.0019512984508158002
"p129": 0.0005588578976781993
"p130": 3.951520488633733E-05
"p131": 1.8816764231589204E-06
"p132": 0.0020924241825527193
"p133": 0.000519342692791862
"p134": 4.704191057897301E-05
"p135": 0
"p136": 0.004839671760364743
"p137": 0.0015429746669903147
"p138": 0.00021074775939379907
"p139": 7.5267056926356815E-06
"p140": 0.00930865326536718
"p141": 0.003652333937351464
"p142": 0.0007075103351077541
"p143": 3.0106822770542726E-05
"p144": 0
"p145": 0
"p146": 0
"p147": 0
"p148": 0.00014300740816007796
"p149": 0
"p150": 0
"p151": 0
"p152": 1.6935087808430286E-05
"p153": 0
"p154": 0
"p155": 0
"p156": 9.032046831162818E-05
"p157": 1.8816764231589203E-05
"p158": 0
"p159": 0
"p160": 0.0003424651090149235
"p161": 7.903040977267465E-05
"p162": 1.8816764231589204E-06
"p163": 0
"p164": 0.0005532128684087226
"p165": 0.00015994249596850823
"p166": 3.575185204001949E-05
"p167": 0
"p168": 0.0023878473809886697
"p169": 0.0007884224213035877
"p170": 0.00013171734962112442
"p171": 7.5267056926356815E-06
"p172": 0.005947979173605348
"p173": 0.0024010191159507827
"p174": 0.0004986442521371139
"p175": 1.3171734962112444E-05
"p176": 0.0005889647204487421
"p177": 0.00016935087808430283
"p178": 0
"p179": 0
"p180": 0.0012155629693606624
"p181": 0.000378216961054943
"p182": 4.704191057897301E-05
"p183": 0
"p184": 0.0017574857792304315
"p185": 0.00041208713667180343
"p186": 5.645029269476761E-05
"p187": 0
"p188": 0.004866015230288968
