"p126": 0
"p127": 0
"p128": 0.00020886608297064014
"p129": 5.8331969117926534E-05
"p130": 3.7633528463178407E-06
"p131": 0
"p132": 0.0013284635547501976
"p133": 0.000568266279793994
"p134": 0.00012419064392848873
"p135": 3.7633528463178407E-06
"p136": 5.2686939848449775E-05
"p137": 1.1290058538953523E-05
"p138": 0
"p139": 0
"p140": 0.00022580117077907044
"p141": 5.080526342529085E-05
"p142": 0
"p143": 0
"p144": 0.000398915401709691
"p145": 8.279376261899248E-05
"p146": 9.408382115794602E-06
"p147": 0
"p148": 0.002231668237866479
"p149": 0.0006378883074508741
"p150": 0.00010725555612005848
"p151": 2.2580117077907045E-05
"p152": 5.080526342529084E-05
"p153": 1.8816764231589203E-05
"p154": 3.7633528463178407E-06
"p155": 0
"p156": 0.001255078174247
"p157": 0.00039515204886337327
"p158": 5.645029269476761E-05
"p159": 1.8816764231589204E-06
"p160": 0.002007748743510568
"p161": 0.0007037469822614362
"p162": 0.0001486524374295547
"p163": 1.5053411385271365E-05
"p164": 0.006749573329871048
"p165": 0.002594831787536151
"p166": 0.0005814380147561063
"p167": 7.52670569263568E-05
"p168": 0.00035187349113071807
"p169": 0.00011666393823585305
"p170": 2.0698440654748124E-05
"p171": 0
"p172": 0.00202280215489584
"p173": 0.0005325144277539744
"p174": 5.6450292694767617E-05
"p175": 0
"p176": 0.005861422058140036
"p177": 0.0021808629744411888
"p178": 0.0003725719317854662
"p179": 2.6343469924224887E-05
"p180": 0.014893468889302857
"p181": 0.006113566698843333
"p182": 0.001469589286487117
"p183": 0.00016370584881482606
"p184": 0.0014620625807944814
"p185": 0.0004760641350592069
"p186": 4.7041910578973E-05
"p187": 0
"p188": 0.00788046086018956
