"p126": 0.0008956779774236462
"p127": 6.774035123372114E-05
"p128": 3.198849919370165E-05
"p129": 3.7633528463178407E-06
"p130": 0
"p131": 0
"p132": 0.00022391949435591148
"p133": 2.6343469924224887E-05
"p134": 0
"p135": 0
"p136": 0.00040079707813285006
"p137": 0.0001279539967748066
"p138": 2.6343469924224887E-05
"p139": 1.8816764231589204E-06
"p140": 0.001716088897920935
"p141": 0.0006040181318340135
"p142": 0.00012042729108217089
"p143": 1.8816764231589204E-06
"p144": 0.0007940674505730643
"p145": 0.0001486524374295547
"p146": 1.3171734962112444E-05
"p147": 0
"p148": 0.0016163600474935124
"p149": 0.00028225146347383805
"p150": 7.5267056926356815E-06
"p151": 0
"p152": 0.0025383814948413833
"p153": 0.0008674528310762622
"p154": 0.00012983567319796552
"p155": 1.3171734962112444E-05
"p156": 0.006960321089264847
"p157": 0.0026136485517677405
"p158": 0.0004421939594423463
"p159": 1.8816764231589203E-05
"p160": 1.8816764231589204E-06
"p161": 0
"p162": 0
"p163": 0
"p164": 3.0106822770542726E-05
"p165": 0
"p166": 0
"p167": 0
"p168": 4.7041910578973E-05
"p169": 9.408382115794602E-06
"p170": 0
"p171": 0
"p172": 0.00041396881309496247
"p173": 0.00011478226181269415
"p174": 1.1290058538953523E-05
"p175": 0
"p176": 8.655711546531035E-05
"p177": 2.6343469924224887E-05
"p178": 0
"p179": 0
"p180": 0.0005532128684087226
"p181": 0.00017123255450746176
"p182": 2.4461793501065963E-05
"p183": 0
"p184": 0.00039515204886337327
"p185": 8.27937626189925E-05
"p186": 7.5267056926356815E-06
"p187": 0
"p188": 0.002246721649251751
