"p126": 0.00014488908458323686
"p127": 9.408382115794602E-06
"p128": 0.0017875926020009742
"p129": 0.0005739113090634708
"p130": 8.091208619583358E-05
"p131": 7.5267056926356815E-06
"p132": 0.0042394169813770475
"p133": 0.0015203945499124077
"p134": 0.00029354152201279164
"p135": 1.1290058538953523E-05
"p136": 0.0005061709578297496
"p137": 0.00016370584881482606
"p138": 9.408382115794602E-06
"p139": 0
"p140": 0.0026230569338835347
"p141": 0.0007583155985330449
"p142": 4.139688130949625E-05
"p143": 0
"p144": 1.1290058538953523E-05
"p145": 0
"p146": 0
"p147": 0
"p148": 0.00014300740816007796
"p149": 1.3171734962112444E-05
"p150": 0
"p151": 0
"p152": 0
"p153": 0
"p154": 0
"p155": 0
"p156": 3.198849919370165E-05
"p157": 9.408382115794602E-06
"p158": 0
"p159": 0
"p160": 0.0006341249546045562
"p161": 0.00023144620004854718
"p162": 3.951520488633733E-05
"p163": 5.645029269476761E-06
"p164": 0.0021977980622496186
"p165": 0.0007827773920341108
"p166": 0.00014488908458323686
"p167": 7.5267056926356815E-06
"p168": 0.00014488908458323686
"p169": 5.645029269476761E-05
"p170": 3.7633528463178407E-06
"p171": 0
"p172": 0.0005776746619097886
"p173": 0.0001787592602000974
"p174": 5.645029269476761E-06
"p175": 0
"p176": 0.0007169187172235485
"p177": 0.0001956943480085277
"p178": 3.3870175616860565E-05
"p179": 1.8816764231589204E-06
"p180": 0.0033399756511070834
"p181": 0.0011534676473964182
"p182": 0.00021262943581695798
"p183": 1.8816764231589204E-06
"p184": 0.00011854561465901196
"p185": 5.080526342529086E-05
"p186": 1.3171734962112442E-05
"p187": 0
"p188": 0.0009540099465415727
