"p126": 0
"p127": 0
"p128": 0.0016897454279967104
"p129": 0.000427140548057075
"p130": 4.8923587002131926E-05
"p131": 0
"p132": 4.516023415581409E-05
"p133": 0
"p134": 0
"p135": 0
"p136": 0.016400691704253154
"p137": 0.006800378593296339
"p138": 0.0017066805158051414
"p139": 0.0002464996114338186
"p140": 0.005319499248270268
"p141": 0.0018440428946957417
"p142": 0.00035187349113071807
"p143": 2.6343469924224887E-05
"p144": 0.005033484431950112
"p145": 0.0015994249596850826
"p146": 0.0002671980520885667
"p147": 1.5053411385271363E-05
"p148": 0.0005513311919855637
"p149": 0.00012607232035164768
"p150": 1.1290058538953523E-05
"p151": 0
"p152": 0.029149049471154848
"p153": 0.012885720145792293
"p154": 0.0033380939746839263
"p155": 0.0004309039009033929
"p156": 0.012735186031939575
"p157": 0.004913057140867941
"p158": 0.000965300005080526
"p159": 6.962202765688005E-05
"p160": 0.0003330567268991289
"p161": 6.962202765688006E-05
"p162": 1.6935087808430286E-05
"p163": 0
"p164": 0
"p165": 0
"p166": 0
"p167": 0
"p168": 0.00861431466522154
"p169": 0.0028563848103552417
"p170": 0.0004346672537497107
"p171": 2.2580117077907055E-05
"p172": 0.0018365161890031064
"p173": 0.0005249877220613389
"p174": 5.456861627160869E-05
"p175": 5.645029269476761E-06
"p176": 0.002568488317611926
"p177": 0.000874979536768898
"p178": 0.00016182417239166716
"p179": 2.6343469924224887E-05
"p180": 0
"p181": 0
"p182": 0
"p183": 0
"p184": 0.018141242395675158
"p185": 0.006461676837127736
"p186": 0.0012061545872448685
"p187": 8.655711546531035E-05
"p188": 0.0037652345227410003
