"p126": 0.0004892358700213193
"p127": 3.198849919370165E-05
"p128": 3.010682277054273E-05
"p129": 1.8816764231589204E-06
"p130": 0
"p131": 0
"p132": 0.00031988499193701646
"p133": 0.00010161052685058171
"p134": 1.8816764231589203E-05
"p135": 0
"p136": 1.8816764231589204E-06
"p137": 0
"p138": 0
"p139": 0
"p140": 0.00014112573173691902
"p141": 5.080526342529084E-05
"p142": 0
"p143": 0
"p144": 0.00024461793501065964
"p145": 3.575185204001948E-05
"p146": 0
"p147": 0
"p148": 0.001129005853895352
"p149": 0.0002878964927433148
"p150": 3.0106822770542726E-05
"p151": 0
"p152": 1.5053411385271363E-05
"p153": 0
"p154": 0
"p155": 0
"p156": 0.0007451438635709324
"p157": 0.00024085458216434183
"p158": 4.139688130949625E-05
"p159": 0
"p160": 0.0017988826605399276
"p161": 0.0005607395741013581
"p162": 9.596549758110495E-05
"p163": 1.8816764231589204E-06
"p164": 0.0044162945651539855
"p165": 0.0018327528361567888
"p166": 0.0003575185204001949
"p167": 1.1290058538953523E-05
"p168": 0.0005475678391392459
"p169": 0.000165587525237985
"p170": 9.408382115794602E-06
"p171": 0
"p172": 0.0018402795418494243
"p173": 0.0004986442521371138
"p174": 3.951520488633733E-05
"p175": 0
"p176": 0.005622449152398855
"p177": 0.0018496879239652186
"p178": 0.0002709614049348845
"p179": 1.3171734962112444E-05
"p180": 0.009178817592169214
"p181": 0.003992917369943228
"p182": 0.000946483240848937
"p183": 3.9515204886337324E-05
"p184": 0.002384084028142352
"p185": 0.0008034758326888591
"p186": 3.7633528463178407E-05
"p187": 1.8816764231589204E-06
"p188": 0.007276442728355547
