"p126": 0
"p127": 0
"p128": 0.003091594363250106
"p129": 0.0013359902604428335
"p130": 0.0003085949333980629
"p131": 1.6935087808430282E-05
"p132": 0
"p133": 0
"p134": 0
"p135": 0
"p136": 0.0010405670620068828
"p137": 0.0003443467854380824
"p138": 6.209532196424438E-05
"p139": 0
"p140": 0.0013717421124828527
"p141": 0.00041396881309496247
"p142": 5.645029269476761E-05
"p143": 0
"p144": 0.002747247577812024
"p145": 0.0009728267107731618
"p146": 0.00019381267158536877
"p147": 3.0106822770542726E-05
"p148": 0.0005362777806002922
"p149": 8.467543904215139E-05
"p150": 0
"p151": 0
"p152": 0.0015166311970660896
"p153": 0.00046665575294341233
"p154": 9.408382115794602E-05
"p155": 1.6935087808430282E-05
"p156": 0.0030351440705553385
"p157": 0.0010386853855837241
"p158": 0.0002032210537011634
"p159": 2.0698440654748128E-05
"p160": 0.019868621352135032
"p161": 0.008949253068543824
"p162": 0.002320107029754948
"p163": 0.00027660643420436136
"p164": 9.032046831162818E-05
"p165": 1.1290058538953523E-05
"p166": 0
"p167": 0
"p168": 0.014229237111927757
"p169": 0.00534960607104081
"p170": 0.0011609943530890541
"p171": 0.0001204272910821709
"p172": 0.016474077084756348
"p173": 0.005212243692150209
"p174": 0.000920139770924712
"p175": 8.279376261899251E-05
"p176": 0.02414002683270579
"p177": 0.011538439826810503
"p178": 0.0032778803291428392
"p179": 0.0005287510749076567
"p180": 0.0008110025383814948
"p181": 0.00015994249596850825
"p182": 1.1290058538953523E-05
"p183": 0
"p184": 0.021195203230462083
"p185": 0.00840356690582774
"p186": 0.00203973724270427
"p187": 0.0002314462000485472
"p188": 0.02686657596986307
