"p126": 5.645029269476761E-06
"p127": 0
"p128": 0.0034679296478818903
"p129": 0.0011760477644743251
"p130": 0.00017687758377693853
"p131": 1.5053411385271365E-05
"p132": 0.004203665129337029
"p133": 0.0012155629693606624
"p134": 0.00019193099516220987
"p135": 1.8816764231589203E-05
"p136": 0.008921027922196442
"p137": 0.003164979743753304
"p138": 0.0005983731025645368
"p139": 3.7633528463178407E-05
"p140": 0.0177498536996581
"p141": 0.007530469045482
"p142": 0.0018760313938894439
"p143": 0.00022580117077907047
"p144": 0
"p145": 0
"p146": 0
"p147": 0
"p148": 0.00022768284720222937
"p149": 1.6935087808430282E-05
"p150": 0
"p151": 0
"p152": 2.0698440654748124E-05
"p153": 0
"p154": 0
"p155": 0
"p156": 0.00015053411385271363
"p157": 2.6343469924224887E-05
"p158": 0
"p159": 0
"p160": 0.0007282087757625021
"p161": 0.00018816764231589206
"p162": 9.408382115794602E-06
"p163": 0
"p164": 0.001328463554750198
"p165": 0.00040079707813285
"p166": 9.784717400426385E-05
"p167": 5.645029269476761E-06
"p168": 0.006439096720049825
"p169": 0.002331397088293902
"p170": 0.0004760641350592069
"p171": 3.387017561686057E-05
"p172": 0.014389179607896265
"p173": 0.006252810754157093
"p174": 0.001520394549912408
"p175": 0.00013359902604428335
"p176": 0.001087608972585856
"p177": 0.00033493840332228785
"p178": 2.8225146347383805E-05
"p179": 0
"p180": 0.002500747966378205
"p181": 0.0008185292440741304
"p182": 0.00016182417239166713
"p183": 1.8816764231589203E-05
"p184": 0.00512380490026174
"p185": 0.0014451274929860507
"p186": 0.00023709122931802397
"p187": 1.5053411385271363E-05
"p188": 0.010494109411957298
