"p126": 0
"p127": 0
"p128": 0.0015448563434134737
"p129": 0.00047982748790552463
"p130": 8.091208619583357E-05
"p131": 1.1290058538953523E-05
"p132": 0.0044727448578487546
"p133": 0.0014319557580239383
"p134": 0.0002653163756654078
"p135": 4.139688130949625E-05
"p136": 0.00029165984558963265
"p137": 9.22021447347871E-05
"p138": 2.6343469924224884E-05
"p139": 5.645029269476761E-06
"p140": 0.0023050536183696776
"p141": 0.0007300904521856612
"p142": 0.00013171734962112442
"p143": 9.408382115794602E-06
"p144": 5.080526342529084E-05
"p145": 0
"p146": 0
"p147": 0
"p148": 0.0005927280732950598
"p149": 0.0001373623788906012
"p150": 1.6935087808430286E-05
"p151": 0
"p152": 0
"p153": 0
"p154": 0
"p155": 0
"p156": 0
"p157": 0
"p158": 0
"p159": 0
"p160": 0.013898062061451787
"p161": 0.005622449152398854
"p162": 0.001157231000242736
"p163": 9.596549758110493E-05
"p164": 0.03006730756565639
"p165": 0.012097297724488702
"p166": 0.002935415220127916
"p167": 0.0003706902553623074
"p168": 0.005535892036933544
"p169": 0.002079252447590607
"p170": 0.00039138869601705546
"p171": 1.1290058538953523E-05
"p172": 0.01372306615409801
"p173": 0.004536721856236156
"p174": 0.0007338538050319788
"p175": 4.139688130949625E-05
"p176": 0.006435333367203509
"p177": 0.0023201070297549486
"p178": 0.0004986442521371139
"p179": 7.526705692635683E-05
"p180": 0.01655687084737534
"p181": 0.0066235010095194
"p182": 0.001727378956459889
"p183": 0.00026155302281908997
"p184": 0.0013265818783270383
"p185": 0.0004327855773265517
"p186": 9.784717400426387E-05
"p187": 1.8816764231589204E-06
"p188": 0.0025233280834561123
