"p126": 0.0009483649172720959
"p127": 9.22021447347871E-05
"p128": 9.220214473478709E-05
"p129": 0
"p130": 0
"p131": 0
"p132": 0
"p133": 0
"p134": 0
"p135": 0
"p136": 0.0003612818732465127
"p137": 0.00010161052685058171
"p138": 1.8816764231589203E-05
"p139": 0
"p140": 1.5053411385271363E-05
"p141": 3.7633528463178407E-06
"p142": 0
"p143": 0
"p144": 0.0007413805107246145
"p145": 0.0001016105268505817
"p146": 7.5267056926356815E-06
"p147": 0
"p148": 0
"p149": 0
"p150": 0
"p151": 0
"p152": 0.00120239123439855
"p153": 0.00031612163909069865
"p154": 3.0106822770542726E-05
"p155": 0
"p156": 0.00010913723254321737
"p157": 9.408382115794602E-06
"p158": 0
"p159": 0
"p160": 0.0006962202765688005
"p161": 0.00017123255450746173
"p162": 7.5267056926356815E-06
"p163": 0
"p164": 0
"p165": 0
"p166": 0
"p167": 0
"p168": 0.005024076049834318
"p169": 0.00191742827519894
"p170": 0.00035940019682335385
"p171": 1.1290058538953523E-05
"p172": 0.0022015614150959367
"p173": 0.000754552245686727
"p174": 8.091208619583358E-05
"p175": 1.8816764231589204E-06
"p176": 0.0020980692118221962
"p177": 0.0006002547789876956
"p178": 6.962202765688005E-05
"p179": 0
"p180": 0.00034434678543808245
"p181": 2.8225146347383805E-05
"p182": 0
"p183": 0
"p184": 0.011894076670787538
"p185": 0.004499088327772979
"p186": 0.0009878801221584331
"p187": 4.139688130949624E-05
"p188": 0.0075530491625599066
