"p126": 0.000613426513949808
"p127": 4.1396881309496255E-05
"p128": 0.0005513311919855637
"p129": 0.0001580608195453493
"p130": 1.8816764231589204E-06
"p131": 0
"p132": 0.0006679951302214168
"p133": 0.00016370584881482606
"p134": 7.5267056926356815E-06
"p135": 0
"p136": 0.001748077397114637
"p137": 0.0005249877220613388
"p138": 8.843879188846926E-05
"p139": 1.8816764231589204E-06
"p140": 0.004363607625305537
"p141": 0.0018553329532346955
"p142": 0.00032364834478333437
"p143": 1.1290058538953523E-05
"p144": 0.002173336268748553
"p145": 0.0006153081903729669
"p146": 3.951520488633733E-05
"p147": 1.8816764231589204E-06
"p148": 0.0024988662899550467
"p149": 0.0006190715432192848
"p150": 6.962202765688005E-05
"p151": 0
"p152": 0.00632807781108345
"p153": 0.002054790654089541
"p154": 0.0002935415220127916
"p155": 1.3171734962112444E-05
"p156": 0.012114232812297135
"p157": 0.00477569476197734
"p158": 0.0009765900636194797
"p159": 4.139688130949624E-05
"p160": 3.9515204886337324E-05
"p161": 7.5267056926356815E-06
"p162": 0
"p163": 0
"p164": 0.00012795399677480656
"p165": 4.516023415581409E-05
"p166": 1.1290058538953523E-05
"p167": 0
"p168": 0.0004120871366718036
"p169": 9.972885042742278E-05
"p170": 9.408382115794602E-06
"p171": 0
"p172": 0.001676573693034598
"p173": 0.0006679951302214167
"p174": 9.596549758110493E-05
"p175": 0
"p176": 0.0001580608195453493
"p177": 4.3278557732655166E-05
"p178": 0
"p179": 0
"p180": 0.0007206820700698664
"p181": 0.00023520955289486504
"p182": 4.139688130949624E-05
"p183": 0
"p184": 0.0006058998082571724
"p185": 0.0001298356731979655
"p186": 1.3171734962112444E-05
"p187": 0
"p188": 0.0023652672639107625
