"p126": 0.00038762534317073765
"p127": 1.8816764231589207E-05
"p128": 1.8816764231589207E-05
"p129": 1.8816764231589204E-06
"p130": 0
"p131": 0
"p132": 0.00023520955289486504
"p133": 7.33853805031979E-05
"p134": 1.3171734962112444E-05
"p135": 0
"p136": 1.8816764231589204E-06
"p137": 0
"p138": 0
"p139": 0
"p140": 7.526705692635681E-05
"p141": 3.387017561686057E-05
"p142": 0
"p143": 0
"p144": 0.00017123255450746173
"p145": 2.8225146347383808E-05
"p146": 0
"p147": 0
"p148": 0.0009577732993878904
"p149": 0.0002107477593937991
"p150": 2.2580117077907045E-05
"p151": 0
"p152": 1.1290058538953523E-05
"p153": 0
"p154": 0
"p155": 0
"p156": 0.0005268693984844977
"p157": 0.00017123255450746176
"p158": 2.4461793501065963E-05
"p159": 0
"p160": 0.0004139688130949625
"p161": 0.0001298356731979655
"p162": 2.6343469924224887E-05
"p163": 1.8816764231589204E-06
"p164": 0.001840279541849424
"p165": 0.000637888307450874
"p166": 0.00012607232035164766
"p167": 1.8816764231589204E-06
"p168": 5.45686162716087E-05
"p169": 2.2580117077907045E-05
"p170": 0
"p171": 0
"p172": 0.0004158504895181214
"p173": 0.00011290058538953522
"p174": 5.645029269476761E-06
"p175": 0
"p176": 0.002402900792373941
"p177": 0.0007865407448804288
"p178": 0.00012042729108217092
"p179": 1.3171734962112444E-05
"p180": 0.006486138630628799
"p181": 0.0023972557631044646
"p182": 0.00047794581148236575
"p183": 1.8816764231589203E-05
"p184": 0.0006491783659898275
"p185": 0.00021451111224011696
"p186": 1.1290058538953523E-05
"p187": 0
"p188": 0.0031386362738290794
