"p126": 8.843879188846925E-05
"p127": 5.645029269476761E-06
"p128": 0.00017123255450746173
"p129": 2.8225146347383808E-05
"p130": 0
"p131": 0
"p132": 0.0009069680359625996
"p133": 0.00019945770085484557
"p134": 2.2580117077907045E-05
"p135": 0
"p136": 1.1290058538953523E-05
"p137": 0
"p138": 0
"p139": 0
"p140": 0.0005268693984844977
"p141": 0.00017123255450746176
"p142": 2.4461793501065963E-05
"p143": 0
"p144": 0
"p145": 0
"p146": 0
"p147": 0
"p148": 5.080526342529086E-05
"p149": 1.1290058538953523E-05
"p150": 0
"p151": 0
"p152": 0
"p153": 0
"p154": 0
"p155": 0
"p156": 0
"p157": 0
"p158": 0
"p159": 0
"p160": 0.002402900792373941
"p161": 0.0007997124798425412
"p162": 0.00012042729108217092
"p163": 1.3171734962112444E-05
"p164": 0.0062697458419655235
"p165": 0.002239194943559115
"p166": 0.0004327855773265517
"p167": 1.8816764231589203E-05
"p168": 0.0006454150131435097
"p169": 0.00021451111224011696
"p170": 1.1290058538953523E-05
"p171": 0
"p172": 0.0031386362738290794
"p173": 0.0009013230066931228
"p174": 4.139688130949625E-05
"p175": 0
"p176": 0.00040079707813285
"p177": 0.00011101890896637632
"p178": 2.6343469924224887E-05
"p179": 1.8816764231589204E-06
"p180": 0.00207360741832113
"p181": 0.0007432621871477736
"p182": 0.00016935087808430283
"p183": 1.8816764231589204E-06
"p184": 5.833196911792654E-05
"p185": 2.0698440654748124E-05
"p186": 0
"p187": 0
"p188": 0.00044972066513498195
