"p126": 0.00022768284720222934
"p127": 7.5267056926356815E-06
"p128": 0.00015053411385271365
"p129": 9.408382115794602E-06
"p130": 0
"p131": 0
"p132": 0.001556146401952427
"p133": 0.0003462284618612413
"p134": 3.198849919370165E-05
"p135": 1.8816764231589204E-06
"p136": 0.001136532559587988
"p137": 0.0002878964927433148
"p138": 3.0106822770542726E-05
"p139": 0
"p140": 0.0025628432883424493
"p141": 0.0009464832408489372
"p142": 0.00017311423093062064
"p143": 7.5267056926356815E-06
"p144": 0
"p145": 0
"p146": 0
"p147": 0
"p148": 0
"p149": 0
"p150": 0
"p151": 0
"p152": 2.8225146347383808E-05
"p153": 0
"p154": 0
"p155": 0
"p156": 0.0002784881106275202
"p157": 7.714873334951574E-05
"p158": 5.645029269476761E-06
"p159": 0
"p160": 0.004124634719564355
"p161": 0.0012870666734407015
"p162": 0.00019004931873905094
"p163": 1.3171734962112444E-05
"p164": 0.0052668123084218185
"p165": 0.0015429746669903149
"p166": 0.0002521446407032953
"p167": 1.8816764231589203E-05
"p168": 0.018348226802222638
"p169": 0.0066799513022141686
"p170": 0.0014112573173691904
"p171": 0.00018064093662325633
"p172": 0.03241752141818189
"p173": 0.013580058745937934
"p174": 0.003270353623450204
"p175": 0.0003612818732465128
"p176": 0.0008862695953078517
"p177": 0.00025778966997277205
"p178": 3.387017561686057E-05
"p179": 0
"p180": 0.0014018489352533956
"p181": 0.0004120871366718036
"p182": 6.0213645541085445E-05
"p183": 1.1290058538953523E-05
"p184": 0.00461951561885515
"p185": 0.0014432458165628919
"p186": 0.00023897290574118293
"p187": 1.3171734962112444E-05
"p188": 0.008625604723760491
