"p126": 0
"p127": 0
"p128": 6.021364554108546E-05
"p129": 5.645029269476761E-06
"p130": 0
"p131": 0
"p132": 0
"p133": 0
"p134": 0
"p135": 0
"p136": 0.0014488908458323685
"p137": 0.0006077814846803312
"p138": 0.00012795399677480656
"p139": 3.7633528463178407E-06
"p140": 0.00016370584881482606
"p141": 4.139688130949625E-05
"p142": 0
"p143": 0
"p144": 0.0012249713514764571
"p145": 0.00025402631712645424
"p146": 2.6343469924224887E-05
"p147": 1.8816764231589204E-06
"p148": 0
"p149": 0
"p150": 0
"p151": 0
"p152": 0.002305053618369677
"p153": 0.0006567050716824633
"p154": 0.00011290058538953522
"p155": 2.2580117077907045E-05
"p156": 0.0002784881106275202
"p157": 5.833196911792653E-05
"p158": 9.408382115794602E-06
"p159": 0
"p160": 0.00087121618392258
"p161": 0.0001768775837769385
"p162": 1.8816764231589207E-05
"p163": 0
"p164": 1.6935087808430286E-05
"p165": 0
"p166": 0
"p167": 0
"p168": 0.007347946432435585
"p169": 0.0027717093713130895
"p170": 0.0006153081903729669
"p171": 7.52670569263568E-05
"p172": 0.002385965704565511
"p173": 0.0008222925969204481
"p174": 0.00016935087808430286
"p175": 1.3171734962112444E-05
"p176": 0.00308406765755747
"p177": 0.0008486360668446731
"p178": 0.00011290058538953522
"p179": 7.5267056926356815E-06
"p180": 0.00038762534317073765
"p181": 6.021364554108546E-05
"p182": 5.645029269476761E-06
"p183": 0
"p184": 0.017102557010091432
"p185": 0.006777798476218432
"p186": 0.0015486196962597916
"p187": 0.00016370584881482606
"p188": 0.008234216027743435
