"p126": 5.645029269476761E-06
"p127": 0
"p128": 0.00027284308135804345
"p129": 5.456861627160869E-05
"p130": 0
"p131": 0
"p132": 0.0023916107338349877
"p133": 0.000541922809869769
"p134": 6.39769983874033E-05
"p135": 3.7633528463178407E-06
"p136": 0.0017066805158051405
"p137": 0.0005042892814065907
"p138": 8.091208619583358E-05
"p139": 1.1290058538953523E-05
"p140": 0.0029993922185153187
"p141": 0.0011515859709732592
"p142": 0.0002464996114338186
"p143": 4.139688130949625E-05
"p144": 0
"p145": 0
"p146": 0
"p147": 0
"p148": 0
"p149": 0
"p150": 0
"p151": 0
"p152": 5.080526342529084E-05
"p153": 0
"p154": 0
"p155": 0
"p156": 0.0003594001968233538
"p157": 8.655711546531033E-05
"p158": 5.645029269476761E-06
"p159": 0
"p160": 0.00653694389405409
"p161": 0.0022053247679422548
"p162": 0.00038386199032441974
"p163": 2.8225146347383808E-05
"p164": 0.0077487435105684345
"p165": 0.002321988706178108
"p166": 0.0004327855773265517
"p167": 3.7633528463178407E-05
"p168": 0.033266157485026565
"p169": 0.012957223849872333
"p170": 0.0029786937778605717
"p171": 0.0003255300212064933
"p172": 0.052848764020841446
"p173": 0.02294704398042304
"p174": 0.006030772936224342
"p175": 0.0008712161839225805
"p176": 0.0012776582913249068
"p177": 0.000402678754556009
"p178": 6.774035123372114E-05
"p179": 0
"p180": 0.0017330239857293655
"p181": 0.0004854725171750014
"p182": 8.655711546531035E-05
"p183": 2.2580117077907045E-05
"p184": 0.009923961455740149
"p185": 0.003157453038060668
"p186": 0.0005607395741013582
"p187": 5.6450292694767617E-05
"p188": 0.015121151736505087
