"p126": 0
"p127": 0
"p128": 0.0010217502977752937
"p129": 0.0004158504895181213
"p130": 9.032046831162817E-05
"p131": 3.7633528463178407E-06
"p132": 0
"p133": 0
"p134": 0
"p135": 0
"p136": 0.0004271405480570749
"p137": 0.00019193099516220984
"p138": 3.763352846317841E-05
"p139": 0
"p140": 0.000376335284631784
"p141": 8.655711546531033E-05
"p142": 0
"p143": 0
"p144": 0.00153356628487452
"p145": 0.0004290222244802338
"p146": 6.774035123372114E-05
"p147": 1.1290058538953523E-05
"p148": 0.0003443467854380824
"p149": 5.080526342529086E-05
"p150": 0
"p151": 0
"p152": 0.0006021364554108545
"p153": 0.0002107477593937991
"p154": 4.516023415581409E-05
"p155": 1.1290058538953523E-05
"p156": 0.0014601809043713221
"p157": 0.0004440756358655052
"p158": 6.39769983874033E-05
"p159": 1.8816764231589204E-06
"p160": 0.005699597885748371
"p161": 0.0021827446508643476
"p162": 0.0004986442521371139
"p163": 6.774035123372112E-05
"p164": 3.198849919370165E-05
"p165": 5.645029269476761E-06
"p166": 0
"p167": 0
"p168": 0.0017160888979209355
"p169": 0.000611544837526649
"p170": 0.00011666393823585304
"p171": 7.5267056926356815E-06
"p172": 0.0035130898820377038
"p173": 0.0010612655026616313
"p174": 0.0001825226130464153
"p175": 1.3171734962112444E-05
"p176": 0.012703197532745873
"p177": 0.0052047169864575735
"p178": 0.0012701315856322713
"p179": 0.00014488908458323686
"p180": 0.00043090390090339274
"p181": 5.833196911792653E-05
"p182": 5.645029269476761E-06
"p183": 0
"p184": 0.004749351292053114
"p185": 0.0016916271044198695
"p186": 0.000284133139896997
"p187": 1.8816764231589203E-05
"p188": 0.011231726569835598
