"p126": 0
"p127": 0
"p128": 0.0020209204784726806
"p129": 0.000496762575713955
"p130": 5.456861627160869E-05
"p131": 3.7633528463178407E-06
"p132": 0
"p133": 0
"p134": 0
"p135": 0
"p136": 0.0049299922286763715
"p137": 0.0015448563434134737
"p138": 0.00029354152201279164
"p139": 4.139688130949625E-05
"p140": 0.0011929828522827556
"p141": 0.00037257193178546626
"p142": 6.39769983874033E-05
"p143": 1.1290058538953523E-05
"p144": 0
"p145": 0
"p146": 0
"p147": 0
"p148": 0
"p149": 0
"p150": 0
"p151": 0
"p152": 0.0006096631611034901
"p153": 0.0001373623788906012
"p154": 1.6935087808430286E-05
"p155": 0
"p156": 3.3870175616860565E-05
"p157": 0
"p158": 0
"p159": 0
"p160": 0.005658201004438874
"p161": 0.001748077397114637
"p162": 0.00028225146347383805
"p163": 1.5053411385271363E-05
"p164": 0.0005663846033708351
"p165": 0.00012607232035164768
"p166": 1.1290058538953523E-05
"p167": 0
"p168": 0.03905607583908656
"p169": 0.015774093455341233
"p170": 0.0037426544056630936
"p171": 0.00044407563586550537
"p172": 0.015166311970660902
"p173": 0.00556223550685777
"p174": 0.0010217502977752937
"p175": 6.962202765688005E-05
"p176": 0.0010782005904700614
"p177": 0.00024461793501065964
"p178": 3.387017561686057E-05
"p179": 0
"p180": 3.0106822770542726E-05
"p181": 0
"p182": 0
"p183": 0
"p184": 0.020053025641604612
"p185": 0.007769441951223183
"p186": 0.0019607068329315957
"p187": 0.00029165984558963276
"p188": 0.004672202558703599
