"p126": 4.8923587002131926E-05
"p127": 0
"p128": 0.00022203781793275258
"p129": 3.9515204886337324E-05
"p130": 0
"p131": 0
"p132": 0
"p133": 0
"p134": 0
"p135": 0
"p136": 0.0017574857792304313
"p137": 0.0006322432781813972
"p138": 9.972885042742277E-05
"p139": 5.645029269476761E-06
"p140": 0.00022956452362538827
"p141": 4.516023415581409E-05
"p142": 0
"p143": 0
"p144": 0.0014771159921797526
"p145": 0.00031235828624438073
"p146": 3.198849919370165E-05
"p147": 1.8816764231589204E-06
"p148": 0
"p149": 0
"p150": 0
"p151": 0
"p152": 0.0035507234105008824
"p153": 0.001160994353089054
"p154": 0.0001862859658927331
"p155": 7.5267056926356815E-06
"p156": 0.000709392011530913
"p157": 0.00016558752523798497
"p158": 2.2580117077907045E-05
"p159": 0
"p160": 0.001749959073537796
"p161": 0.0005024076049834317
"p162": 7.903040977267466E-05
"p163": 1.1290058538953523E-05
"p164": 3.387017561686057E-05
"p165": 0
"p166": 0
"p167": 0
"p168": 0.014185958554195105
"p169": 0.005829433558946336
"p170": 0.0012268530278996162
"p171": 8.655711546531033E-05
"p172": 0.006732638242062617
"p173": 0.002340805470409697
"p174": 0.0004892358700213193
"p175": 6.585867481056221E-05
"p176": 0.0040550126919074725
"p177": 0.0013171734962112442
"p178": 0.00022203781793275258
"p179": 1.8816764231589203E-05
"p180": 0.0005983731025645366
"p181": 0.00011666393823585308
"p182": 1.1290058538953523E-05
"p183": 0
"p184": 0.02591444769974466
"p185": 0.01069168543638899
"p186": 0.0025967134639593107
"p187": 0.0002766064342043613
"p188": 0.015830543748036
