"p126": 0.00014865243742955472
"p127": 9.408382115794602E-06
"p128": 0.0031235828624438084
"p129": 0.0013566887010975817
"p130": 0.00029165984558963265
"p131": 1.1290058538953523E-05
"p132": 2.2580117077907045E-05
"p133": 0
"p134": 0
"p135": 0
"p136": 0.0010142235920826582
"p137": 0.0003180033155138575
"p138": 3.575185204001949E-05
"p139": 0
"p140": 0.0025515532298034964
"p141": 0.000826055949766766
"p142": 0.00010725555612005847
"p143": 1.8816764231589204E-06
"p144": 0.007492835517018821
"p145": 0.0032440101535259787
"p146": 0.0007903040977267464
"p147": 3.9515204886337324E-05
"p148": 0.0003838619903244198
"p149": 4.516023415581409E-05
"p150": 0
"p151": 0
"p152": 0.004137806454526466
"p153": 0.001302120084825973
"p154": 0.00011666393823585308
"p155": 1.8816764231589204E-06
"p156": 0.009429080556449351
"p157": 0.003193204890100688
"p158": 0.000355636843977036
"p159": 1.5053411385271365E-05
"p160": 0.0014658259336407986
"p161": 0.0006265982489119205
"p162": 9.408382115794602E-05
"p163": 0
"p164": 0
"p165": 0
"p166": 0
"p167": 0
"p168": 0.00020886608297064014
"p169": 6.209532196424438E-05
"p170": 5.645029269476761E-06
"p171": 0
"p172": 0.00041396881309496247
"p173": 0.00012419064392848873
"p174": 1.8816764231589203E-05
"p175": 0
"p176": 0.0022410766199822737
"p177": 0.0008599261253836267
"p178": 0.00014300740816007796
"p179": 0
"p180": 2.0698440654748124E-05
"p181": 5.645029269476761E-06
"p182": 0
"p183": 0
"p184": 0.00037633528463178407
"p185": 0.00010161052685058169
"p186": 2.0698440654748124E-05
"p187": 0
"p188": 0.0012324980571690927
