"p126": 0
"p127": 0
"p128": 0.0025139197013403173
"p129": 0.000733853805031979
"p130": 0.00012230896750532982
"p131": 2.2580117077907045E-05
"p132": 7.338538050319788E-05
"p133": 0
"p134": 0
"p135": 0
"p136": 0.0232876274130148
"p137": 0.010349220327374065
"p138": 0.002728430813580435
"p139": 0.00036692690251598957
"p140": 0.010025571982590728
"p141": 0.003530024969846134
"p142": 0.0007451438635709325
"p143": 8.467543904215141E-05
"p144": 0.00583884194106213
"p145": 0.0018854397760052382
"p146": 0.00037445360820862513
"p147": 3.7633528463178407E-05
"p148": 0.0008862695953078515
"p149": 0.00019757602443168666
"p150": 1.6935087808430286E-05
"p151": 0
"p152": 0.035757497069288983
"p153": 0.01606763497735403
"p154": 0.004514141739158251
"p155": 0.0007131553643772311
"p156": 0.02060435683359018
"p157": 0.007353591461705061
"p158": 0.0014978144328345008
"p159": 0.0001298356731979655
"p160": 0.0005231060456381798
"p161": 0.0001561791431221904
"p162": 4.892358700213193E-05
"p163": 1.1290058538953523E-05
"p164": 0
"p165": 0
"p166": 0
"p167": 0
"p168": 0.01444562990059104
"p169": 0.005884002175217947
"p170": 0.001305883437672291
"p171": 5.080526342529086E-05
"p172": 0.003780287934126272
"p173": 0.0010612655026616313
"p174": 0.00015806081954534932
"p175": 9.408382115794602E-06
"p176": 0.0026268202867298527
"p177": 0.0009370748587331423
"p178": 0.00019945770085484557
"p179": 1.5053411385271363E-05
"p180": 0
"p181": 0
"p182": 0
"p183": 0
"p184": 0.013798333211024364
"p185": 0.005097461430337516
"p186": 0.0009615366522342085
"p187": 5.833196911792654E-05
"p188": 0.002835686369700493
