"p126": 0
"p127": 0
"p128": 0.01362898233294006
"p129": 0.006506837071283547
"p130": 0.0018271078068873119
"p131": 0.0002559079935496132
"p132": 9.032046831162818E-05
"p133": 1.1290058538953523E-05
"p134": 0
"p135": 0
"p136": 0.010522334558304683
"p137": 0.00413027974883383
"p138": 0.0009709450343500028
"p139": 0.00011101890896637632
"p140": 0.013245120342615643
"p141": 0.004384306065960284
"p142": 0.0008110025383814947
"p143": 7.338538050319791E-05
"p144": 0.018779130703126028
"p145": 0.009244676266979775
"p146": 0.0027773544005825664
"p147": 0.0004911175464444782
"p148": 0.0010142235920826582
"p149": 0.00019381267158536883
"p150": 1.1290058538953523E-05
"p151": 0
"p152": 0.019016221932444052
"p153": 0.0076810031593347134
"p154": 0.0019324816865842111
"p155": 0.0002258011707790704
"p156": 0.02528220442156326
"p157": 0.00892855462788908
"p158": 0.0016596386052261677
"p159": 0.0001298356731979655
"p160": 0.009560797906070475
"p161": 0.004088882867524334
"p162": 0.0009483649172720961
"p163": 4.1396881309496255E-05
"p164": 0
"p165": 0
"p166": 0
"p167": 0
"p168": 0.005088053048221721
"p169": 0.0018873214524283968
"p170": 0.00037069025536230727
"p171": 1.1290058538953523E-05
"p172": 0.0045216684448508866
"p173": 0.001349161995404946
"p174": 0.00021074775939379904
"p175": 1.3171734962112442E-05
"p176": 0.009684988549998965
"p177": 0.0038517916382063097
"p178": 0.0007658423042256806
"p179": 4.704191057897301E-05
"p180": 9.972885042742278E-05
"p181": 3.3870175616860565E-05
"p182": 0
"p183": 0
"p184": 0.004318447391149723
"p185": 0.0013491619954049464
"p186": 0.00022203781793275263
"p187": 1.3171734962112444E-05
"p188": 0.0051445033409164885
