"p126": 0
"p127": 0
"p128": 1.6935087808430282E-05
"p129": 0
"p130": 0
"p131": 0
"p132": 0.0002107477593937991
"p133": 1.5053411385271363E-05
"p134": 0
"p135": 0
"p136": 0.0012456697921312053
"p137": 0.0003838619903244198
"p138": 5.080526342529085E-05
"p139": 0
"p140": 0.003981627311404275
"p141": 0.0014827610214492295
"p142": 0.000282251463473838
"p143": 1.6935087808430282E-05
"p144": 0.0002671980520885667
"p145": 6.209532196424438E-05
"p146": 0
"p147": 0
"p148": 0.0023652672639107634
"p149": 0.0005475678391392459
"p150": 5.456861627160869E-05
"p151": 3.7633528463178407E-06
"p152": 0.0017160888979209355
"p153": 0.0004929992228676371
"p154": 8.655711546531033E-05
"p155": 1.1290058538953523E-05
"p156": 0.004563065326160382
"p157": 0.0015034594621039772
"p158": 0.00028789649274331484
"p159": 4.139688130949625E-05
"p160": 0.0005946097497182188
"p161": 0.00015241579027587253
"p162": 1.5053411385271363E-05
"p163": 0
"p164": 0.0018741497174662846
"p165": 0.0004403122830191874
"p166": 4.8923587002131926E-05
"p167": 0
"p168": 0.008478833962754095
"p169": 0.0031273462152901256
"p170": 0.000641651660297192
"p171": 7.33853805031979E-05
"p172": 0.01940008392276847
"p173": 0.007487190487749345
"p174": 0.0016502302231103736
"p175": 0.00021262943581695803
"p176": 0.002658808785923554
"p177": 0.0008881512717310104
"p178": 0.0001505341138527136
"p179": 1.1290058538953523E-05
"p180": 0.005270575661268137
"p181": 0.0016765736930345978
"p182": 0.0002784881106275202
"p183": 1.5053411385271363E-05
"p184": 0.01682971392873339
"p185": 0.00692268756080167
"p186": 0.0014338374344470977
"p187": 0.00011854561465901197
"p188": 0.0343819916039598
