"p126": 0
"p127": 0
"p128": 0.0041283980724106705
"p129": 0.0015354479612976792
"p130": 0.00034811013828440026
"p131": 3.3870175616860565E-05
"p132": 0.008390395170865626
"p133": 0.003923295342286349
"p134": 0.0010368037091605651
"p135": 0.00011478226181269414
"p136": 0.0013792688181754886
"p137": 0.0004196138423644392
"p138": 4.7041910578973E-05
"p139": 0
"p140": 0.005020312696987999
"p141": 0.0014940510799881827
"p142": 0.00018252261304641527
"p143": 5.645029269476761E-06
"p144": 0.009406500439371442
"p145": 0.003479219706420844
"p146": 0.0006567050716824632
"p147": 4.3278557732655166E-05
"p148": 0.0144381031948984
"p149": 0.006719466507100506
"p150": 0.001887321452428397
"p151": 0.00023332787647170614
"p152": 0.004254470392762319
"p153": 0.0013679787596365353
"p154": 0.00012230896750532982
"p155": 1.8816764231589204E-06
"p156": 0.014184076877771942
"p157": 0.0048697785831352865
"p158": 0.0006548233952593044
"p159": 4.516023415581409E-05
"p160": 0.0019531801272389595
"p161": 0.0006981019529919596
"p162": 0.00013171734962112442
"p163": 7.5267056926356815E-06
"p164": 0.005009022638449047
"p165": 0.002226023208597003
"p166": 0.00047418245863604805
"p167": 1.3171734962112442E-05
"p168": 0.0003594001968233538
"p169": 8.467543904215141E-05
"p170": 5.645029269476761E-06
"p171": 0
"p172": 0.0008900329481541693
"p173": 0.0002032210537011634
"p174": 3.0106822770542726E-05
"p175": 1.8816764231589204E-06
"p176": 0.002150756151670646
"p177": 0.0006585867481056222
"p178": 9.784717400426385E-05
"p179": 5.645029269476761E-06
"p180": 0.005005259285602729
"p181": 0.002032210537011634
"p182": 0.00039138869601705546
"p183": 1.5053411385271363E-05
"p184": 0.0003349384033222878
"p185": 8.655711546531033E-05
"p186": 1.5053411385271363E-05
"p187": 0
"p188": 0.0021112409467843084
