"p126": 5.645029269476761E-06
"p127": 0
"p128": 0.005184018545802826
"p129": 0.0018797947467357613
"p130": 0.00036692690251598946
"p131": 2.8225146347383808E-05
"p132": 0.005633739210937808
"p133": 0.0017951193076936097
"p134": 0.00033682007974544673
"p135": 3.7633528463178407E-05
"p136": 0.018060330309479324
"p137": 0.007336656373896631
"p138": 0.001776302543462021
"p139": 0.00019569434800852776
"p140": 0.02691173620401888
"p141": 0.011929828522827557
"p142": 0.0032759986527196804
"p143": 0.0005193426927918621
"p144": 0
"p145": 0
"p146": 0
"p147": 0
"p148": 0.0003274116976296521
"p149": 5.080526342529086E-05
"p150": 0
"p151": 0
"p152": 4.327855773265517E-05
"p153": 5.645029269476761E-06
"p154": 0
"p155": 0
"p156": 0.0002897781691664737
"p157": 6.021364554108546E-05
"p158": 5.645029269476761E-06
"p159": 0
"p160": 0.0013867955238681241
"p161": 0.00034999181470755925
"p162": 2.2580117077907045E-05
"p163": 0
"p164": 0.002325752059024425
"p165": 0.0006679951302214167
"p166": 0.00014112573173691905
"p167": 1.1290058538953523E-05
"p168": 0.016195588974128827
"p169": 0.006075933170380154
"p170": 0.001343516966135469
"p171": 0.00013548070246744229
"p172": 0.02756467792285503
"p173": 0.011954290316328622
"p174": 0.0030558425112100877
"p175": 0.00034999181470755925
"p176": 0.001757485779230431
"p177": 0.0005513311919855637
"p178": 8.467543904215141E-05
"p179": 0
"p180": 0.003846146608936833
"p181": 0.0013040017612491318
"p182": 0.00027848811062752024
"p183": 3.7633528463178407E-05
"p184": 0.012129286223682404
"p185": 0.0037765245812799537
"p186": 0.0006661134537982578
"p187": 6.209532196424438E-05
"p188": 0.01827107806887312
