"p126": 0.0003161216390906986
"p127": 2.8225146347383808E-05
"p128": 0.0011497042945501005
"p129": 0.00023709122931802397
"p130": 7.5267056926356815E-06
"p131": 0
"p132": 0.00015806081954534932
"p133": 5.645029269476761E-06
"p134": 0
"p135": 0
"p136": 0.004907412111598464
"p137": 0.0016728103401882802
"p138": 0.0003029499041285862
"p139": 1.1290058538953523E-05
"p140": 0.0023934924102581466
"p141": 0.0008185292440741305
"p142": 0.00010537387969689954
"p143": 7.5267056926356815E-06
"p144": 0.00010725555612005848
"p145": 0
"p146": 0
"p147": 0
"p148": 0
"p149": 0
"p150": 0
"p151": 0
"p152": 0.00010725555612005845
"p153": 1.3171734962112444E-05
"p154": 0
"p155": 0
"p156": 3.7633528463178407E-06
"p157": 0
"p158": 0
"p159": 0
"p160": 0.0002784881106275202
"p161": 4.3278557732655166E-05
"p162": 0
"p163": 0
"p164": 0
"p165": 0
"p166": 0
"p167": 0
"p168": 0.0023615039110644444
"p169": 0.0007921857741499055
"p170": 0.0001467707610063958
"p171": 7.5267056926356815E-06
"p172": 0.0006303616017582384
"p173": 0.00026343469924224885
"p174": 3.951520488633733E-05
"p175": 5.645029269476761E-06
"p176": 0.0007188003936467076
"p177": 0.00018816764231589203
"p178": 2.4461793501065963E-05
"p179": 0
"p180": 0
"p181": 0
"p182": 0
"p183": 0
"p184": 0.0035130898820377046
"p185": 0.0011892194994364378
"p186": 0.00021262943581695798
"p187": 1.8816764231589204E-06
"p188": 0.0005889647204487421
