"p126": 0
"p127": 0
"p128": 0.00022768284720222937
"p129": 4.516023415581409E-05
"p130": 0
"p131": 0
"p132": 0.0021846263272875064
"p133": 0.0005136976635223853
"p134": 5.456861627160869E-05
"p135": 3.7633528463178407E-06
"p136": 0.0016652836344956447
"p137": 0.0004929992228676371
"p138": 8.655711546531033E-05
"p139": 1.1290058538953523E-05
"p140": 0.004105817955332765
"p141": 0.0013830321710218063
"p142": 0.0002709614049348845
"p143": 4.139688130949625E-05
"p144": 0
"p145": 0
"p146": 0
"p147": 0
"p148": 0
"p149": 0
"p150": 0
"p151": 0
"p152": 5.080526342529084E-05
"p153": 0
"p154": 0
"p155": 0
"p156": 0.0005927280732950598
"p157": 0.0001373623788906012
"p158": 1.6935087808430286E-05
"p159": 0
"p160": 0.0028281596640078576
"p161": 0.00092390312377103
"p162": 0.0001505341138527136
"p163": 1.1290058538953523E-05
"p164": 0.00622270393138655
"p165": 0.0018685046881968083
"p166": 0.00029354152201279153
"p167": 1.5053411385271363E-05
"p168": 0.017064923481628254
"p169": 0.006811668651835293
"p170": 0.0013698604360596943
"p171": 9.784717400426387E-05
"p172": 0.036007760033569106
"p173": 0.014556648809557409
"p174": 0.003428414442995554
"p175": 0.00041208713667180365
"p176": 0.0003330567268991289
"p177": 6.021364554108546E-05
"p178": 0
"p179": 0
"p180": 0.0011252425010490343
"p181": 0.00024461793501065964
"p182": 3.387017561686057E-05
"p183": 0
"p184": 0.0074627286942482805
"p185": 0.0026494004038077595
"p186": 0.000568266279793994
"p187": 7.714873334951573E-05
"p188": 0.017473247265453736
