"p126": 0
"p127": 0
"p128": 0.0024348892915676424
"p129": 0.0008542810961141498
"p130": 0.0001505341138527136
"p131": 1.1290058538953523E-05
"p132": 0.004786984820516294
"p133": 0.0015316846084513613
"p134": 0.0002671980520885667
"p135": 1.5053411385271363E-05
"p136": 0.011083074132406043
"p137": 0.004694782675781507
"p138": 0.0010368037091605651
"p139": 8.467543904215141E-05
"p140": 0.021865080037106657
"p141": 0.009653000050805261
"p142": 0.0025063929956476824
"p143": 0.00033682007974544673
"p144": 0
"p145": 0
"p146": 0
"p147": 0
"p148": 0.0003499918147075592
"p149": 6.774035123372113E-05
"p150": 0
"p151": 0
"p152": 5.456861627160869E-05
"p153": 5.645029269476761E-06
"p154": 0
"p155": 0
"p156": 0.0005720296326403118
"p157": 0.00010725555612005847
"p158": 5.645029269476761E-06
"p159": 0
"p160": 0.0003932703724402144
"p161": 6.39769983874033E-05
"p162": 0
"p163": 0
"p164": 0.0014488908458323688
"p165": 0.00035940019682335374
"p166": 4.327855773265517E-05
"p167": 0
"p168": 0.006856828885991107
"p169": 0.0025101563484939996
"p170": 0.00041585048951812146
"p171": 2.4461793501065966E-05
"p172": 0.016193707297705674
"p173": 0.005917872350834805
"p174": 0.0011346508831648289
"p175": 8.655711546531035E-05
"p176": 0.0007978308034193824
"p177": 0.00019381267158536877
"p178": 2.2580117077907045E-05
"p179": 0
"p180": 0.0034171243844566
"p181": 0.0010800822668932204
"p182": 0.00019569434800852773
"p183": 2.6343469924224887E-05
"p184": 0.010170461067173965
"p185": 0.003377609179570262
"p186": 0.0006924569237224828
"p187": 7.714873334951574E-05
"p188": 0.02219625508758263
