"p126": 1.3171734962112442E-05
"p127": 0
"p128": 0.0013021200848259728
"p129": 0.0004290222244802338
"p130": 7.903040977267463E-05
"p131": 5.645029269476761E-06
"p132": 0
"p133": 0
"p134": 0
"p135": 0
"p136": 0.00022768284720222932
"p137": 3.387017561686057E-05
"p138": 0
"p139": 0
"p140": 0.00045724737082761767
"p141": 0.00012419064392848873
"p142": 1.6935087808430286E-05
"p143": 0
"p144": 0.0028563848103552412
"p145": 0.0008580444489604676
"p146": 0.00013359902604428333
"p147": 7.5267056926356815E-06
"p148": 0.000259671346395931
"p149": 5.080526342529086E-05
"p150": 0
"p151": 0
"p152": 0.0007921857741499057
"p153": 0.0001956943480085277
"p154": 2.4461793501065966E-05
"p155": 0
"p156": 0.0020510273012432226
"p157": 0.0005946097497182188
"p158": 9.596549758110493E-05
"p159": 1.3171734962112444E-05
"p160": 0.005987494378491684
"p161": 0.002312580324062313
"p162": 0.0005024076049834318
"p163": 5.833196911792653E-05
"p164": 3.198849919370165E-05
"p165": 5.645029269476761E-06
"p166": 0
"p167": 0
"p168": 0.0021469927988243278
"p169": 0.0007696056570719985
"p170": 0.00016182417239166713
"p171": 1.5053411385271365E-05
"p172": 0.0036523339373514645
"p173": 0.001134650883164829
"p174": 0.000188167642315892
"p175": 3.575185204001948E-05
"p176": 0.013734356212636963
"p177": 0.005684544474363098
"p178": 0.001322818525480721
"p179": 0.00016370584881482606
"p180": 0.00040079707813285006
"p181": 6.962202765688006E-05
"p182": 5.645029269476761E-06
"p183": 0
"p184": 0.00683236709249004
"p185": 0.0024932212606855694
"p186": 0.0005400411334466102
"p187": 4.8923587002131926E-05
"p188": 0.012038965755370772
