"p126": 0
"p127": 0
"p128": 0.0007940674505730644
"p129": 0.00017499590735377957
"p130": 1.8816764231589207E-05
"p131": 0
"p132": 1.6935087808430286E-05
"p133": 0
"p134": 0
"p135": 0
"p136": 0.005767338236982092
"p137": 0.0023257520590244255
"p138": 0.0005739113090634708
"p139": 7.33853805031979E-05
"p140": 0.0020002220378179322
"p141": 0.000733853805031979
"p142": 0.00015806081954534932
"p143": 1.3171734962112444E-05
"p144": 0.003240246800679661
"p145": 0.0008561627725373088
"p146": 0.00011290058538953522
"p147": 7.5267056926356815E-06
"p148": 0.00038762534317073765
"p149": 6.021364554108546E-05
"p150": 5.645029269476761E-06
"p151": 0
"p152": 0.013907470443567584
"p153": 0.005477560067815617
"p154": 0.0012720132620554303
"p155": 0.00013548070246744229
"p156": 0.007733690099183163
"p157": 0.0029768121014374124
"p158": 0.0005494495155624049
"p159": 4.8923587002131926E-05
"p160": 0.00013359902604428335
"p161": 1.8816764231589203E-05
"p162": 5.645029269476761E-06
"p163": 0
"p164": 0
"p165": 0
"p166": 0
"p167": 0
"p168": 0.002564724964765608
"p169": 0.000895677977423646
"p170": 0.00014112573173691902
"p171": 7.5267056926356815E-06
"p172": 0.0006698768066445757
"p173": 0.00022956452362538827
"p174": 3.951520488633733E-05
"p175": 5.645029269476761E-06
"p176": 0.0014959327564113417
"p177": 0.0005080526342529084
"p178": 9.596549758110495E-05
"p179": 1.3171734962112444E-05
"p180": 0
"p181": 0
"p182": 0
"p183": 0
"p184": 0.007193648965736554
"p185": 0.002540263171264542
"p186": 0.0004365489301728696
"p187": 2.0698440654748124E-05
"p188": 0.002007748743510568
