"p126": 0
"p127": 0
"p128": 0.00899064994985332
"p129": 0.0038630816967452635
"p130": 0.0008712161839225801
"p131": 8.279376261899248E-05
"p132": 0.017189114125556744
"p133": 0.007682884835757872
"p134": 0.002103714241091673
"p135": 0.00030671325697490405
"p136": 0.004066302750446427
"p137": 0.0015787265190303343
"p138": 0.0003217666683601754
"p139": 1.1290058538953523E-05
"p140": 0.01087232637301224
"p141": 0.003814158109743132
"p142": 0.00066235010095194
"p143": 4.139688130949625E-05
"p144": 5.456861627160869E-05
"p145": 5.645029269476761E-06
"p146": 0
"p147": 0
"p148": 0.0007526705692635681
"p149": 0.00014112573173691902
"p150": 5.645029269476761E-06
"p151": 0
"p152": 0
"p153": 0
"p154": 0
"p155": 0
"p156": 7.150370408003898E-05
"p157": 1.6935087808430282E-05
"p158": 0
"p159": 0
"p160": 0.005693952856478893
"p161": 0.0021206493289001034
"p162": 0.0003688085789391484
"p163": 2.4461793501065966E-05
"p164": 0.014884060507187068
"p165": 0.00542110977512085
"p166": 0.001044330414853201
"p167": 7.526705692635683E-05
"p168": 0.0016295317824556249
"p169": 0.0005776746619097885
"p170": 8.467543904215143E-05
"p171": 1.8816764231589204E-06
"p172": 0.00318944153725437
"p173": 0.0009257848001941888
"p174": 0.00011854561465901199
"p175": 3.7633528463178407E-06
"p176": 0.009028283478316499
"p177": 0.003087831010403788
"p178": 0.0006341249546045562
"p179": 7.526705692635681E-05
"p180": 0.021040905763763055
"p181": 0.008183410764318147
"p182": 0.0019136649223526225
"p183": 0.00025214464070329537
"p184": 0.0017744208670388616
"p185": 0.0005362777806002923
"p186": 0.00011854561465901199
"p187": 3.7633528463178407E-06
"p188": 0.004973270786409026
