"p126": 1.5053411385271363E-05
"p127": 0
"p128": 0.00024461793501065964
"p129": 3.575185204001948E-05
"p130": 0
"p131": 0
"p132": 0.0010687922083542668
"p133": 0.0002709614049348845
"p134": 3.0106822770542726E-05
"p135": 0
"p136": 1.5053411385271363E-05
"p137": 0
"p138": 0
"p139": 0
"p140": 0.0007451438635709324
"p141": 0.00024085458216434183
"p142": 4.139688130949625E-05
"p143": 0
"p144": 0
"p145": 0
"p146": 0
"p147": 0
"p148": 6.021364554108545E-05
"p149": 1.6935087808430286E-05
"p150": 0
"p151": 0
"p152": 0
"p153": 0
"p154": 0
"p155": 0
"p156": 0
"p157": 0
"p158": 0
"p159": 0
"p160": 0.00615496358015283
"p161": 0.0020641990362053357
"p162": 0.0003180033155138575
"p163": 1.5053411385271363E-05
"p164": 0.010729318964852167
"p165": 0.0046063438838930375
"p166": 0.0010537387969689954
"p167": 4.139688130949625E-05
"p168": 0.002568488317611926
"p169": 0.0008787428896152159
"p170": 4.1396881309496255E-05
"p171": 1.8816764231589204E-06
"p172": 0.008098735325275993
"p173": 0.002544026524110861
"p174": 0.00014112573173691902
"p175": 1.8816764231589204E-06
"p176": 0.0012136812929375036
"p177": 0.000284133139896997
"p178": 4.3278557732655166E-05
"p179": 0
"p180": 0.0029354152201279157
"p181": 0.0011120707660869221
"p182": 0.00022580117077907047
"p183": 9.408382115794602E-06
"p184": 0.0003274116976296522
"p185": 7.714873334951574E-05
"p186": 5.645029269476761E-06
"p187": 0
"p188": 0.0010763189140469026
