"p126": 3.7633528463178407E-06
"p127": 0
"p128": 0.0020961875353990374
"p129": 0.0008072391855351768
"p130": 0.00016182417239166713
"p131": 3.3870175616860565E-05
"p132": 0.00629232595904343
"p133": 0.002559079935496131
"p134": 0.0005833196911792654
"p135": 6.962202765688005E-05
"p136": 0.00040079707813285
"p137": 0.0001279539967748066
"p138": 2.634346992422489E-05
"p139": 1.8816764231589204E-06
"p140": 0.0020641990362053357
"p141": 0.0006040181318340135
"p142": 7.33853805031979E-05
"p143": 5.645029269476761E-06
"p144": 0.006448505102165621
"p145": 0.002506392995647681
"p146": 0.0005343961041771334
"p147": 6.962202765688005E-05
"p148": 0.014206656994849853
"p149": 0.005857658705293719
"p150": 0.0014169023466386673
"p151": 0.00018440428946957422
"p152": 0.0022448399728285918
"p153": 0.0006736401594908936
"p154": 0.00011101890896637629
"p155": 1.8816764231589204E-06
"p156": 0.00802158659192648
"p157": 0.0026625721387698725
"p158": 0.0004158504895181214
"p159": 2.8225146347383808E-05
"p160": 0.0004139688130949624
"p161": 0.0001298356731979655
"p162": 2.6343469924224887E-05
"p163": 1.8816764231589204E-06
"p164": 0.002246721649251751
"p165": 0.0007093920115309131
"p166": 0.00011854561465901199
"p167": 1.8816764231589204E-06
"p168": 6.962202765688005E-05
"p169": 3.575185204001949E-05
"p170": 9.408382115794602E-06
"p171": 1.8816764231589204E-06
"p172": 0.00029730487485910944
"p173": 0.00010725555612005848
"p174": 2.4461793501065966E-05
"p175": 1.8816764231589204E-06
"p176": 0.0019475350979694824
"p177": 0.0005494495155624048
"p178": 6.774035123372113E-05
"p179": 5.645029269476761E-06
"p180": 0.0072162290828144595
"p181": 0.00257977837615088
"p182": 0.00044031228301918735
"p183": 2.8225146347383808E-05
"p184": 0.00028789649274331484
"p185": 9.408382115794602E-05
"p186": 2.0698440654748124E-05
"p187": 1.8816764231589204E-06
"p188": 0.0019607068329315952
