"p126": 1.5053411385271363E-05
"p127": 0
"p128": 0.0003857436667475787
"p129": 0.00010161052685058171
"p130": 9.408382115794602E-06
"p131": 0
"p132": 0.0015956616068387645
"p133": 0.0006021364554108546
"p134": 9.972885042742277E-05
"p135": 5.645029269476761E-06
"p136": 5.268693984844977E-05
"p137": 1.1290058538953523E-05
"p138": 0
"p139": 0
"p140": 0.0004421939594423463
"p141": 0.00013548070246744229
"p142": 1.6935087808430286E-05
"p143": 0
"p144": 0.0010951356782784917
"p145": 0.0002766064342043613
"p146": 3.0106822770542726E-05
"p147": 0
"p148": 0.0031066477746353777
"p149": 0.0010537387969689956
"p150": 0.00017875926020009743
"p151": 7.5267056926356815E-06
"p152": 0.00019945770085484557
"p153": 4.516023415581409E-05
"p154": 1.1290058538953523E-05
"p155": 0
"p156": 0.001605069988954559
"p157": 0.0005513311919855637
"p158": 0.00011478226181269415
"p159": 1.3171734962112444E-05
"p160": 0.0059874943784916845
"p161": 0.002312580324062313
"p162": 0.0005024076049834318
"p163": 5.833196911792652E-05
"p164": 0.011758595968320096
"p165": 0.005123804900261741
"p166": 0.0011515859709732594
"p167": 8.467543904215141E-05
"p168": 0.002177099621594871
"p169": 0.0006962202765688005
"p170": 9.032046831162817E-05
"p171": 7.5267056926356815E-06
"p172": 0.005599869035320947
"p173": 0.0016539935759566913
"p174": 0.00023709122931802394
"p175": 1.5053411385271363E-05
"p176": 0.012274175308265637
"p177": 0.004800156555478406
"p178": 0.001065028855507949
"p179": 0.00013736237889060122
"p180": 0.01867752017627545
"p181": 0.008672646634339467
"p182": 0.0023106986476391545
"p183": 0.00026907972851172564
"p184": 0.006265982489119205
"p185": 0.0019475350979694826
"p186": 0.00024461793501065964
"p187": 7.5267056926356815E-06
"p188": 0.014112573173691908
