"p126": 7.5267056926356815E-06
"p127": 0
"p128": 0.007361118167397696
"p129": 0.0033456206803765603
"p130": 0.0007997124798425412
"p131": 7.150370408003898E-05
"p132": 5.645029269476761E-05
"p133": 5.645029269476761E-06
"p134": 0
"p135": 0
"p136": 0.004309039009033928
"p137": 0.001629531782455625
"p138": 0.0002973048748591094
"p139": 1.8816764231589203E-05
"p140": 0.00781083883253268
"p141": 0.0026700988444625083
"p142": 0.0005042892814065906
"p143": 5.833196911792653E-05
"p144": 0.013190551726344035
"p145": 0.006058998082571724
"p146": 0.0016539935759566913
"p147": 0.00021451111224011693
"p148": 0.0007112736879540719
"p149": 0.00013548070246744226
"p150": 5.645029269476761E-06
"p151": 0
"p152": 0.011186566335679781
"p153": 0.003936467077248461
"p154": 0.0007338538050319789
"p155": 4.704191057897301E-05
"p156": 0.019083962283677775
"p157": 0.006853065533144789
"p158": 0.0013999672588302368
"p159": 0.00017123255450746176
"p160": 0.0039402304300947795
"p161": 0.0016615202816493268
"p162": 0.0003274116976296522
"p163": 1.1290058538953523E-05
"p164": 0
"p165": 0
"p166": 0
"p167": 0
"p168": 0.001390558876714442
"p169": 0.0005136976635223853
"p170": 7.526705692635681E-05
"p171": 1.8816764231589204E-06
"p172": 0.0016389401645714196
"p173": 0.0005061709578297496
"p174": 0.00011290058538953522
"p175": 3.7633528463178407E-06
"p176": 0.005622449152398855
"p177": 0.0022241415321738434
"p178": 0.00041208713667180354
"p179": 1.8816764231589207E-05
"p180": 6.39769983874033E-05
"p181": 2.2580117077907045E-05
"p182": 0
"p183": 0
"p184": 0.0017142072214977764
"p185": 0.0005325144277539745
"p186": 7.33853805031979E-05
"p187": 1.8816764231589204E-06
"p188": 0.0030182089827469087
