"p126": 0
"p127": 0
"p128": 0.0001731142309306207
"p129": 5.645029269476761E-06
"p130": 0
"p131": 0
"p132": 0
"p133": 0
"p134": 0
"p135": 0
"p136": 0.0016314134588787837
"p137": 0.0007018653058382774
"p138": 0.00017311423093062066
"p139": 3.7633528463178407E-06
"p140": 0.0002051027301243223
"p141": 5.268693984844976E-05
"p142": 0
"p143": 0
"p144": 0.001512867844219772
"p145": 0.0002973048748591094
"p146": 3.575185204001949E-05
"p147": 1.8816764231589204E-06
"p148": 0
"p149": 0
"p150": 0
"p151": 0
"p152": 0.0020604356833590176
"p153": 0.0006190715432192849
"p154": 9.972885042742281E-05
"p155": 2.2580117077907045E-05
"p156": 0.0002803697870506791
"p157": 8.27937626189925E-05
"p158": 9.408382115794602E-06
"p159": 0
"p160": 0.0016031883125314
"p161": 0.0004177321659412803
"p162": 5.833196911792653E-05
"p163": 1.1290058538953523E-05
"p164": 3.387017561686057E-05
"p165": 0
"p166": 0
"p167": 0
"p168": 0.01399967258830237
"p169": 0.0058407236174852885
"p170": 0.001351043671828105
"p171": 0.00012983567319796552
"p172": 0.007118381908810195
"p173": 0.0024856945549929332
"p174": 0.0004779458114823658
"p175": 4.704191057897301E-05
"p176": 0.004049367662637997
"p177": 0.0012851849970175427
"p178": 0.0002258011707790704
"p179": 1.8816764231589203E-05
"p180": 0.0007507888928404092
"p181": 0.00013359902604428335
"p182": 1.1290058538953523E-05
"p183": 0
"p184": 0.022683609281180787
"p185": 0.009321825000329291
"p186": 0.002333278764717061
"p187": 0.00025026296428013644
"p188": 0.015378941406477857
