"p126": 0
"p127": 0
"p128": 0.0016615202816493264
"p129": 0.0005042892814065906
"p130": 7.714873334951573E-05
"p131": 1.1290058538953523E-05
"p132": 3.387017561686057E-05
"p133": 0
"p134": 0
"p135": 0
"p136": 0.011083074132406045
"p137": 0.004694782675781506
"p138": 0.0010368037091605653
"p139": 8.467543904215141E-05
"p140": 0.0058350785882158125
"p141": 0.002081134124013766
"p142": 0.0004309039009033928
"p143": 6.39769983874033E-05
"p144": 0.004226245246414935
"p145": 0.0013171734962112442
"p146": 0.00021827446508643474
"p147": 1.8816764231589203E-05
"p148": 0.0005983731025645366
"p149": 0.00011666393823585308
"p150": 1.1290058538953523E-05
"p151": 0
"p152": 0.02265726581125657
"p153": 0.00922585950274819
"p154": 0.0022693017663296586
"p155": 0.0002559079935496132
"p156": 0.015207708851970396
"p157": 0.0055170752727019545
"p158": 0.001253196497823841
"p159": 0.00016935087808430286
"p160": 0.0003180033155138576
"p161": 8.843879188846926E-05
"p162": 2.2580117077907045E-05
"p163": 5.645029269476761E-06
"p164": 0
"p165": 0
"p166": 0
"p167": 0
"p168": 0.0051746101636870314
"p169": 0.0021018325646685143
"p170": 0.00038574366674757867
"p171": 1.1290058538953523E-05
"p172": 0.0011704027352048482
"p173": 0.00036880857893914834
"p174": 8.655711546531033E-05
"p175": 1.8816764231589204E-06
"p176": 0.0015203945499124077
"p177": 0.0005268693984844977
"p178": 0.00010537387969689955
"p179": 7.5267056926356815E-06
"p180": 0
"p181": 0
"p182": 0
"p183": 0
"p184": 0.0070958017917322905
"p185": 0.0026192935810372174
"p186": 0.0004553656944044588
"p187": 1.8816764231589207E-05
"p188": 0.0015994249596850822
