"p126": 7.33853805031979E-05
"p127": 3.7633528463178407E-06
"p128": 0.00038574366674757867
"p129": 0.00012607232035164766
"p130": 2.6343469924224887E-05
"p131": 1.8816764231589204E-06
"p132": 0.0016427035174177373
"p133": 0.0005908463968719011
"p134": 0.00012042729108217089
"p135": 1.8816764231589204E-06
"p136": 5.268693984844978E-05
"p137": 2.2580117077907045E-05
"p138": 0
"p139": 0
"p140": 0.00041961384236443927
"p141": 0.00012419064392848873
"p142": 5.645029269476761E-06
"p143": 0
"p144": 0.0023408054704096965
"p145": 0.000780895715610952
"p146": 0.00012042729108217092
"p147": 1.3171734962112444E-05
"p148": 0.00587647546952531
"p149": 0.002135702740285375
"p150": 0.000425258871633916
"p151": 1.8816764231589203E-05
"p152": 0.0006435333367203508
"p153": 0.00021451111224011696
"p154": 1.1290058538953523E-05
"p155": 0
"p156": 0.0031010027453659003
"p157": 0.0009069680359625996
"p158": 4.139688130949625E-05
"p159": 0
"p160": 4.7041910578973E-05
"p161": 9.408382115794602E-06
"p162": 0
"p163": 0
"p164": 0.0004120871366718036
"p165": 0.00011478226181269415
"p166": 1.1290058538953523E-05
"p167": 0
"p168": 7.5267056926356815E-06
"p169": 5.645029269476761E-06
"p170": 1.8816764231589204E-06
"p171": 0
"p172": 5.833196911792653E-05
"p173": 2.4461793501065963E-05
"p174": 5.645029269476761E-06
"p175": 0
"p176": 0.0004083237838254857
"p177": 9.220214473478709E-05
"p178": 7.5267056926356815E-06
"p179": 0
"p180": 0.002207206444365414
"p181": 0.0007545522456867272
"p182": 0.00010913723254321737
"p183": 0
"p184": 6.774035123372114E-05
"p185": 3.0106822770542726E-05
"p186": 1.3171734962112442E-05
"p187": 0
"p188": 0.0006491783659898275
