"p126": 0.00032364834478333426
"p127": 3.951520488633733E-05
"p128": 0.00045536569440445874
"p129": 6.774035123372114E-05
"p130": 1.8816764231589204E-06
"p131": 0
"p132": 0
"p133": 0
"p134": 0
"p135": 0
"p136": 0.0009558916229647316
"p137": 0.0002201561415095937
"p138": 2.2580117077907045E-05
"p139": 0
"p140": 8.091208619583358E-05
"p141": 7.5267056926356815E-06
"p142": 0
"p143": 0
"p144": 0
"p145": 0
"p146": 0
"p147": 0
"p148": 0
"p149": 0
"p150": 0
"p151": 0
"p152": 5.080526342529086E-05
"p153": 1.1290058538953523E-05
"p154": 0
"p155": 0
"p156": 0
"p157": 0
"p158": 0
"p159": 0
"p160": 0.0014865243742955472
"p161": 0.0002803697870506791
"p162": 7.5267056926356815E-06
"p163": 0
"p164": 0.00015806081954534932
"p165": 5.645029269476761E-06
"p166": 0
"p167": 0
"p168": 0.00712967196734915
"p169": 0.0024010191159507823
"p170": 0.0004440756358655052
"p171": 1.8816764231589203E-05
"p172": 0.0030088006006311133
"p173": 0.0010763189140469023
"p174": 0.00014488908458323686
"p175": 1.3171734962112444E-05
"p176": 0.00017875926020009743
"p177": 1.6935087808430282E-05
"p178": 0
"p179": 0
"p180": 0
"p181": 0
"p182": 0
"p183": 0
"p184": 0.0021488744752474866
"p185": 0.0007583155985330448
"p186": 0.00016935087808430283
"p187": 1.8816764231589204E-06
"p188": 0.00027660643420436126
