"p126": 1.8816764231589203E-05
"p127": 0
"p128": 9.784717400426388E-05
"p129": 5.645029269476761E-06
"p130": 0
"p131": 0
"p132": 0.0013416352897123102
"p133": 0.00033117505047596993
"p134": 2.6343469924224887E-05
"p135": 1.8816764231589204E-06
"p136": 0.0009389565351563011
"p137": 0.0002145111122401169
"p138": 1.8816764231589203E-05
"p139": 0
"p140": 0.002952350307936346
"p141": 0.0009088497123857584
"p142": 0.0001392440553137601
"p143": 7.5267056926356815E-06
"p144": 0
"p145": 0
"p146": 0
"p147": 0
"p148": 0
"p149": 0
"p150": 0
"p151": 0
"p152": 1.6935087808430286E-05
"p153": 0
"p154": 0
"p155": 0
"p156": 0.00029730487485910944
"p157": 6.021364554108546E-05
"p158": 5.645029269476761E-06
"p159": 0
"p160": 0.0016935087808430283
"p161": 0.00045536569440445874
"p162": 7.714873334951572E-05
"p163": 5.645029269476761E-06
"p164": 0.004179203335835963
"p165": 0.0011515859709732594
"p166": 0.0001486524374295547
"p167": 7.5267056926356815E-06
"p168": 0.00812696047162338
"p169": 0.0029692853957447767
"p170": 0.0005964914261413778
"p171": 7.33853805031979E-05
"p172": 0.020314578664423714
"p173": 0.008042285032581227
"p174": 0.0017894742784241337
"p175": 0.000212629435816958
"p176": 0.0001674692016611439
"p177": 2.6343469924224887E-05
"p178": 0
"p179": 0
"p180": 0.000707510335107754
"p181": 0.0001298356731979655
"p182": 1.1290058538953523E-05
"p183": 0
"p184": 0.002427362585875007
"p185": 0.0008317009790362428
"p186": 0.0001561791431221904
"p187": 3.010682277054273E-05
"p188": 0.007974544681347506
