"p126": 0
"p127": 0
"p128": 0.0016709286637651211
"p129": 0.0006153081903729668
"p130": 0.0001373623788906012
"p131": 1.5053411385271365E-05
"p132": 0.0052630489555755
"p133": 0.0021639278866327585
"p134": 0.0005419228098697689
"p135": 7.33853805031979E-05
"p136": 0.00029918655128226827
"p137": 0.00010913723254321738
"p138": 1.8816764231589207E-05
"p139": 0
"p140": 0.0019155465987757809
"p141": 0.0005343961041771333
"p142": 5.6450292694767617E-05
"p143": 0
"p144": 0.005197190280764937
"p145": 0.001988931979278979
"p146": 0.00035940019682335374
"p147": 2.4461793501065966E-05
"p148": 0.012127404547259246
"p149": 0.004926228875830054
"p150": 0.0012005095579753911
"p151": 0.00013548070246744229
"p152": 0.0013698604360596943
"p153": 0.00043843060659602847
"p154": 4.7041910578973E-05
"p155": 0
"p156": 0.007739335128452641
"p157": 0.002594831787536151
"p158": 0.00036316354966967166
"p159": 2.2580117077907045E-05
"p160": 0.0006341249546045561
"p161": 0.00023144620004854718
"p162": 3.951520488633733E-05
"p163": 5.645029269476761E-06
"p164": 0.0024123091744897357
"p165": 0.0008618078018067856
"p166": 0.00013924405531376012
"p167": 7.5267056926356815E-06
"p168": 8.655711546531032E-05
"p169": 2.4461793501065963E-05
"p170": 3.7633528463178407E-06
"p171": 0
"p172": 0.0003085949333980629
"p173": 9.220214473478709E-05
"p174": 2.0698440654748124E-05
"p175": 1.8816764231589204E-06
"p176": 0.0021714545923253938
"p177": 0.0006830485416066881
"p178": 0.00011478226181269415
"p179": 7.5267056926356815E-06
"p180": 0.006493665336321435
"p181": 0.002389729057411829
"p182": 0.00042149551878759814
"p183": 2.0698440654748124E-05
"p184": 0.0002295645236253883
"p185": 5.833196911792653E-05
"p186": 1.3171734962112442E-05
"p187": 0
"p188": 0.0018609779825041722
