"p126": 0
"p127": 0
"p128": 0.001066910531931108
"p129": 0.0002766064342043613
"p130": 3.0106822770542726E-05
"p131": 0
"p132": 0.0028526214575089236
"p133": 0.0009822350928889566
"p134": 0.00017311423093062064
"p135": 7.5267056926356815E-06
"p136": 0.00019945770085484557
"p137": 4.516023415581409E-05
"p138": 1.1290058538953523E-05
"p139": 0
"p140": 0.001605069988954559
"p141": 0.0005513311919855637
"p142": 0.00011478226181269415
"p143": 1.3171734962112444E-05
"p144": 2.8225146347383808E-05
"p145": 0
"p146": 0
"p147": 0
"p148": 0.0002784881106275202
"p149": 7.714873334951574E-05
"p150": 5.645029269476761E-06
"p151": 0
"p152": 0
"p153": 0
"p154": 0
"p155": 0
"p156": 0
"p157": 0
"p158": 0
"p159": 0
"p160": 0.01444939325343735
"p161": 0.005620567475975695
"p162": 0.0012814216441712246
"p163": 0.0001768775837769385
"p164": 0.024211530536785836
"p165": 0.01090055151935963
"p166": 0.0028112245761994278
"p167": 0.00032176666836017544
"p168": 0.007108973526694401
"p169": 0.002227904885020162
"p170": 0.00031235828624438073
"p171": 1.5053411385271363E-05
"p172": 0.017202285860518855
"p173": 0.005652555975169399
"p174": 0.0009276664766173479
"p175": 6.585867481056221E-05
"p176": 0.0038612000203221046
"p177": 0.0012626048799396355
"p178": 0.00023332787647170616
"p179": 1.3171734962112444E-05
"p180": 0.007135316996618627
"p181": 0.002935415220127916
"p182": 0.0006228348960656027
"p183": 3.198849919370165E-05
"p184": 0.0012720132620554305
"p185": 0.00035751852040019486
"p186": 2.0698440654748124E-05
"p187": 0
"p188": 0.0025741333468814027
