"p126": 0.0003556368439770359
"p127": 4.51602341558141E-05
"p128": 0.0006811668651835292
"p129": 0.00018064093662325636
"p130": 2.2580117077907045E-05
"p131": 0
"p132": 0.00012419064392848875
"p133": 0
"p134": 0
"p135": 0
"p136": 0.00021074775939379904
"p137": 3.9515204886337324E-05
"p138": 0
"p139": 0
"p140": 0.0005908463968719009
"p141": 0.00017875926020009743
"p142": 2.4461793501065963E-05
"p143": 0
"p144": 5.080526342529086E-05
"p145": 1.1290058538953523E-05
"p146": 0
"p147": 0
"p148": 0
"p149": 0
"p150": 0
"p151": 0
"p152": 0
"p153": 0
"p154": 0
"p155": 0
"p156": 0
"p157": 0
"p158": 0
"p159": 0
"p160": 0.005411701393005055
"p161": 0.0019494167743926412
"p162": 0.00038198031390126075
"p163": 1.8816764231589203E-05
"p164": 0.00018252261304641527
"p165": 1.6935087808430282E-05
"p166": 0
"p167": 0
"p168": 0.0017988826605399278
"p169": 0.0005362777806002923
"p170": 6.209532196424438E-05
"p171": 0
"p172": 0.004405004506615033
"p173": 0.0013773871417523296
"p174": 0.0001580608195453493
"p175": 1.3171734962112444E-05
"p176": 0.0018835580995820791
"p177": 0.0006679951302214168
"p178": 0.0001486524374295547
"p179": 1.8816764231589204E-06
"p180": 3.7633528463178407E-06
"p181": 0
"p182": 0
"p183": 0
"p184": 0.0002878964927433148
"p185": 0.00010725555612005845
"p186": 2.0698440654748124E-05
"p187": 0
"p188": 0.0006642317773750989
