"p126": 4.8923587002131926E-05
"p127": 0
"p128": 0.0014545358751018454
"p129": 0.000568266279793994
"p130": 9.972885042742277E-05
"p131": 5.645029269476761E-06
"p132": 0
"p133": 0
"p134": 0
"p135": 0
"p136": 0.0002803697870506791
"p137": 5.833196911792653E-05
"p138": 0
"p139": 0
"p140": 0.0006435333367203508
"p141": 0.00018064093662325636
"p142": 1.6935087808430286E-05
"p143": 0
"p144": 0.0025534349062266547
"p145": 0.00092390312377103
"p146": 0.0001674692016611439
"p147": 7.5267056926356815E-06
"p148": 0.00033305672689912887
"p149": 5.080526342529086E-05
"p150": 0
"p151": 0
"p152": 0.0009295481530405068
"p153": 0.00023709122931802397
"p154": 3.0106822770542726E-05
"p155": 0
"p156": 0.002103714241091673
"p157": 0.0006924569237224828
"p158": 0.0001373623788906012
"p159": 1.3171734962112444E-05
"p160": 0.009594668081687338
"p161": 0.004194256747221233
"p162": 0.0009540099465415727
"p163": 7.338538050319788E-05
"p164": 5.645029269476761E-05
"p165": 5.645029269476761E-06
"p166": 0
"p167": 0
"p168": 0.005261167279152342
"p169": 0.001938126715853688
"p170": 0.00033305672689912887
"p171": 1.8816764231589203E-05
"p172": 0.008889039423002738
"p173": 0.0029222434851658035
"p174": 0.0005569762212550404
"p175": 6.021364554108545E-05
"p176": 0.015855005541537064
"p177": 0.007274561051932388
"p178": 0.001923073304468417
"p179": 0.0002295645236253883
"p180": 0.0005870830440255832
"p181": 0.000118545614659012
"p182": 5.645029269476761E-06
"p183": 0
"p184": 0.0118131645845917
"p185": 0.004186730041528598
"p186": 0.0007921857741499054
"p187": 5.268693984844977E-05
"p188": 0.01983475117651818
