"p126": 0.00012230896750532985
"p127": 9.408382115794602E-06
"p128": 0.00022391949435591148
"p129": 2.6343469924224887E-05
"p130": 0
"p131": 0
"p132": 0
"p133": 0
"p134": 0
"p135": 0
"p136": 0.001702917162958823
"p137": 0.0006040181318340135
"p138": 0.00012042729108217089
"p139": 1.8816764231589204E-06
"p140": 0.0003217666683601754
"p141": 9.596549758110493E-05
"p142": 2.446179350106597E-05
"p143": 1.8816764231589204E-06
"p144": 0.00146394425721764
"p145": 0.0002766064342043613
"p146": 7.5267056926356815E-06
"p147": 0
"p148": 0.00015806081954534932
"p149": 5.645029269476761E-06
"p150": 0
"p151": 0
"p152": 0.006657371185136261
"p153": 0.0022975269126770414
"p154": 0.00043654893017286954
"p155": 1.8816764231589203E-05
"p156": 0.0029504686315131867
"p157": 0.0010593838262384723
"p158": 0.00014488908458323686
"p159": 1.3171734962112444E-05
"p160": 3.0106822770542726E-05
"p161": 0
"p162": 0
"p163": 0
"p164": 0
"p165": 0
"p166": 0
"p167": 0
"p168": 0.0004177321659412803
"p169": 0.00011478226181269415
"p170": 1.1290058538953523E-05
"p171": 0
"p172": 3.575185204001949E-05
"p173": 7.5267056926356815E-06
"p174": 0
"p175": 0
"p176": 0.0005532128684087226
"p177": 0.00017123255450746176
"p178": 2.4461793501065963E-05
"p179": 0
"p180": 0
"p181": 0
"p182": 0
"p183": 0
"p184": 0.0023313970882939024
"p185": 0.0007790140391877931
"p186": 0.00010913723254321737
"p187": 0
"p188": 0.00034811013828440026
