"p126": 0
"p127": 0
"p128": 0.009803534164657976
"p129": 0.004075711132562222
"p130": 0.0010066968863900224
"p131": 0.00014112573173691905
"p132": 0.015941562657002376
"p133": 0.007605736102408355
"p134": 0.0021093592703611496
"p135": 0.0002897781691664738
"p136": 0.004907412111598464
"p137": 0.0016728103401882802
"p138": 0.0003029499041285862
"p139": 1.1290058538953523E-05
"p140": 0.008273731232629773
"p141": 0.002468759467184503
"p142": 0.00035751852040019486
"p143": 1.6935087808430286E-05
"p144": 0.016169245504204604
"p145": 0.00679849691687318
"p146": 0.0016671653109188035
"p147": 0.0002107477593937991
"p148": 0.021644923895597065
"p149": 0.010533624616843639
"p150": 0.0031386362738290794
"p151": 0.000547567839139246
"p152": 0.01047529264772571
"p153": 0.0038028680512041777
"p154": 0.000780895715610952
"p155": 3.010682277054273E-05
"p156": 0.019170519399143084
"p157": 0.006418398279395077
"p158": 0.0011007807075479686
"p159": 7.714873334951573E-05
"p160": 0.005411701393005054
"p161": 0.0019494167743926418
"p162": 0.00038198031390126086
"p163": 1.8816764231589203E-05
"p164": 0.011338982125955655
"p165": 0.004805801584747884
"p166": 0.0010876089725858564
"p167": 4.1396881309496255E-05
"p168": 0.0014564175515250043
"p169": 0.00040456043097916787
"p170": 2.8225146347383805E-05
"p171": 1.8816764231589204E-06
"p172": 0.001571199813337698
"p173": 0.0004139688130949625
"p174": 5.268693984844977E-05
"p175": 3.7633528463178407E-06
"p176": 0.00522729710353548
"p177": 0.0016464668702640553
"p178": 0.0002653163756654078
"p179": 1.6935087808430286E-05
"p180": 0.01016293436148133
"p181": 0.00402678754556009
"p182": 0.0007940674505730643
"p183": 4.704191057897301E-05
"p184": 0.0009803534164657974
"p185": 0.00027284308135804345
"p186": 2.6343469924224887E-05
"p187": 1.8816764231589204E-06
"p188": 0.0033268039161449712
