"p126": 0
"p127": 0
"p128": 0.0028695565453173534
"p129": 0.0008448727139983552
"p130": 0.00012419064392848875
"p131": 7.5267056926356815E-06
"p132": 0.00033682007974544673
"p133": 6.021364554108546E-05
"p134": 5.645029269476761E-06
"p135": 0
"p136": 0.013120929698687155
"p137": 0.005231060456381799
"p138": 0.0012136812929375036
"p139": 0.00015241579027587258
"p140": 0.0071560154372733754
"p141": 0.0026475187273846006
"p142": 0.000566384603370835
"p143": 6.774035123372113E-05
"p144": 0.000259671346395931
"p145": 5.080526342529086E-05
"p146": 0
"p147": 0
"p148": 0
"p149": 0
"p150": 0
"p151": 0
"p152": 0.00035940019682335385
"p153": 6.021364554108546E-05
"p154": 5.645029269476761E-06
"p155": 0
"p156": 1.8816764231589203E-05
"p157": 3.7633528463178407E-06
"p158": 0
"p159": 0
"p160": 0.0008655711546531035
"p161": 0.000212629435816958
"p162": 2.4461793501065966E-05
"p163": 0
"p164": 5.645029269476761E-06
"p165": 0
"p166": 0
"p167": 0
"p168": 0.007477782105633551
"p169": 0.0026174119046140586
"p170": 0.0005249877220613389
"p171": 4.704191057897301E-05
"p172": 0.0018496879239652186
"p173": 0.0006209532196424438
"p174": 0.0001486524374295547
"p175": 1.8816764231589207E-05
"p176": 0.0020754890947442895
"p177": 0.0006021364554108545
"p178": 8.467543904215141E-05
"p179": 1.3171734962112444E-05
"p180": 1.1290058538953523E-05
"p181": 0
"p182": 0
"p183": 0
"p184": 0.011598653472351587
"p185": 0.004169794953720167
"p186": 0.0008561627725373087
"p187": 8.843879188846925E-05
"p188": 0.0027942894883909966
