"p126": 0
"p127": 0
"p128": 0.0011948645287059145
"p129": 0.0002973048748591094
"p130": 2.6343469924224887E-05
"p131": 1.8816764231589204E-06
"p132": 0
"p133": 0
"p134": 0
"p135": 0
"p136": 0.0034246510901492348
"p137": 0.0010104602392363403
"p138": 0.0001467707610063958
"p139": 7.5267056926356815E-06
"p140": 0.0006341249546045562
"p141": 0.0001279539967748066
"p142": 1.1290058538953523E-05
"p143": 0
"p144": 0
"p145": 0
"p146": 0
"p147": 0
"p148": 0
"p149": 0
"p150": 0
"p151": 0
"p152": 0.0003029499041285862
"p153": 6.021364554108546E-05
"p154": 5.645029269476761E-06
"p155": 0
"p156": 1.1290058538953523E-05
"p157": 0
"p158": 0
"p159": 0
"p160": 0.003791577992665225
"p161": 0.0010744372376237435
"p162": 0.00014300740816007796
"p163": 7.5267056926356815E-06
"p164": 0.0003424651090149235
"p165": 6.021364554108546E-05
"p166": 5.645029269476761E-06
"p167": 0
"p168": 0.01987050302855821
"p169": 0.007586919338176769
"p170": 0.0016728103401882806
"p171": 0.00019945770085484557
"p172": 0.008894684452272216
"p173": 0.0032139033307554362
"p174": 0.0006981019529919595
"p175": 8.655711546531033E-05
"p176": 0.0006792851887603701
"p177": 0.0001298356731979655
"p178": 1.1290058538953523E-05
"p179": 0
"p180": 1.1290058538953523E-05
"p181": 0
"p182": 0
"p183": 0
"p184": 0.008230452674897118
"p185": 0.0031687430965996223
"p186": 0.0007470255399940913
"p187": 8.655711546531033E-05
"p188": 0.001749959073537796
