"p126": 0
"p127": 0
"p128": 0.0009257848001941887
"p129": 0.0002163927886632758
"p130": 1.8816764231589207E-05
"p131": 0
"p132": 1.6935087808430286E-05
"p133": 0
"p134": 0
"p135": 0
"p136": 0.006858710562414266
"p137": 0.0027002056672330507
"p138": 0.0006002547789876957
"p139": 7.150370408003898E-05
"p140": 0.0022504850020980687
"p141": 0.0007620789513793627
"p142": 0.0001467707610063958
"p143": 2.8225146347383808E-05
"p144": 0.003545078381231406
"p145": 0.0010123419156594991
"p146": 0.00013548070246744229
"p147": 7.5267056926356815E-06
"p148": 0.00033682007974544673
"p149": 6.021364554108546E-05
"p150": 5.645029269476761E-06
"p151": 0
"p152": 0.01676197357749967
"p153": 0.006640436097327831
"p154": 0.001542974666990315
"p155": 0.0001919309951622099
"p156": 0.008285021291168728
"p157": 0.0030897126868269474
"p158": 0.0006830485416066881
"p159": 8.467543904215141E-05
"p160": 0.000165587525237985
"p161": 2.2580117077907045E-05
"p162": 5.645029269476761E-06
"p163": 0
"p164": 0
"p165": 0
"p166": 0
"p167": 0
"p168": 0.0023106986476391545
"p169": 0.0007188003936467077
"p170": 0.00011854561465901199
"p171": 1.8816764231589204E-06
"p172": 0.00034434678543808245
"p173": 0.00011666393823585305
"p174": 2.4461793501065966E-05
"p175": 1.8816764231589204E-06
"p176": 0.0015279212556050434
"p177": 0.0004892358700213193
"p178": 7.338538050319791E-05
"p179": 1.3171734962112444E-05
"p180": 0
"p181": 0
"p182": 0
"p183": 0
"p184": 0.007788258715454773
"p185": 0.002675743873731985
"p186": 0.000447838988711823
"p187": 2.8225146347383808E-05
"p188": 0.0014959327564113417
