"p126": 1.8816764231589204E-06
"p127": 0
"p128": 0.00024838128785697745
"p129": 6.209532196424438E-05
"p130": 5.645029269476761E-06
"p131": 0
"p132": 0.00146394425721764
"p133": 0.00045160234155814093
"p134": 7.903040977267463E-05
"p135": 5.645029269476761E-06
"p136": 3.0106822770542726E-05
"p137": 5.645029269476761E-06
"p138": 0
"p139": 0
"p140": 0.00030106822770542725
"p141": 9.596549758110495E-05
"p142": 1.6935087808430286E-05
"p143": 0
"p144": 0.0008825062424615336
"p145": 0.00020886608297064014
"p146": 1.8816764231589203E-05
"p147": 0
"p148": 0.0034641662950355727
"p149": 0.0010085785628131813
"p150": 0.00014488908458323686
"p151": 7.5267056926356815E-06
"p152": 0.00015241579027587256
"p153": 2.2580117077907045E-05
"p154": 5.645029269476761E-06
"p155": 0
"p156": 0.001537329637720838
"p157": 0.0004835908407518425
"p158": 8.467543904215141E-05
"p159": 1.3171734962112444E-05
"p160": 0.0023426871468328553
"p161": 0.0008862695953078514
"p162": 0.00017123255450746176
"p163": 3.575185204001948E-05
"p164": 0.007394988343014558
"p165": 0.0028789649274331484
"p166": 0.0006303616017582385
"p167": 7.150370408003896E-05
"p168": 0.00042902222448023387
"p169": 0.000141125731736919
"p170": 2.634346992422489E-05
"p171": 1.8816764231589204E-06
"p172": 0.002111240946784309
"p173": 0.0005870830440255831
"p174": 6.774035123372113E-05
"p175": 5.645029269476761E-06
"p176": 0.007050641557576475
"p177": 0.0027002056672330503
"p178": 0.0005626212505245172
"p179": 6.962202765688005E-05
"p180": 0.01698401139543242
"p181": 0.00709392011530913
"p182": 0.0016765736930345982
"p183": 0.00020510273012432236
"p184": 0.002290000206984406
"p185": 0.0006943386001456417
"p186": 0.00011101890896637629
"p187": 1.8816764231589204E-06
"p188": 0.008189055793587623
