"p126": 3.7633528463178407E-06
"p127": 0
"p128": 0.0051125148417227855
"p129": 0.0020529089776663823
"p130": 0.0004610107236739355
"p131": 5.64502926947676E-05
"p132": 3.198849919370165E-05
"p133": 5.645029269476761E-06
"p134": 0
"p135": 0
"p136": 0.0018816764231589203
"p137": 0.0006981019529919595
"p138": 0.0001561791431221904
"p139": 1.5053411385271365E-05
"p140": 0.003452876236496618
"p141": 0.0011083074132406045
"p142": 0.0001862859658927331
"p143": 3.3870175616860565E-05
"p144": 0.011269360098298776
"p145": 0.0046477407652025324
"p146": 0.001110189089663763
"p147": 0.0001486524374295547
"p148": 0.000496762575713955
"p149": 8.655711546531035E-05
"p150": 5.645029269476761E-06
"p151": 0
"p152": 0.006307379370428702
"p153": 0.0022523666785212275
"p154": 0.0004929992228676371
"p155": 4.3278557732655166E-05
"p156": 0.011579836708119998
"p157": 0.004058776044753792
"p158": 0.000779014039187793
"p159": 8.655711546531033E-05
"p160": 0.001798882660539928
"p161": 0.0005607395741013582
"p162": 9.596549758110493E-05
"p163": 1.8816764231589204E-06
"p164": 0
"p165": 0
"p166": 0
"p167": 0
"p168": 0.0005475678391392459
"p169": 0.00018064093662325636
"p170": 3.198849919370165E-05
"p171": 1.8816764231589204E-06
"p172": 0.0005795563383329477
"p173": 0.00019757602443168663
"p174": 4.892358700213193E-05
"p175": 3.7633528463178407E-06
"p176": 0.006442860072896142
"p177": 0.002305053618369678
"p178": 0.0004102054602486447
"p179": 2.8225146347383808E-05
"p180": 9.22021447347871E-05
"p181": 2.2580117077907045E-05
"p182": 0
"p183": 0
"p184": 0.001558028078375586
"p185": 0.0004760641350592069
"p186": 6.39769983874033E-05
"p187": 1.8816764231589204E-06
"p188": 0.0029636403664753
