"p126": 3.387017561686057E-05
"p127": 0
"p128": 0.0013867955238681244
"p129": 0.00031235828624438073
"p130": 3.198849919370165E-05
"p131": 1.8816764231589204E-06
"p132": 0
"p133": 0
"p134": 0
"p135": 0
"p136": 0.00325906356491125
"p137": 0.0010894906490090147
"p138": 0.00018064093662325633
"p139": 7.5267056926356815E-06
"p140": 0.0006736401594908936
"p141": 0.00016558752523798497
"p142": 2.2580117077907045E-05
"p143": 0
"p144": 0
"p145": 0
"p146": 0
"p147": 0
"p148": 0
"p149": 0
"p150": 0
"p151": 0
"p152": 0.00028789649274331484
"p153": 7.714873334951574E-05
"p154": 5.645029269476761E-06
"p155": 0
"p156": 1.8816764231589203E-05
"p157": 0
"p158": 0
"p159": 0
"p160": 0.004730534527821526
"p161": 0.0014376007872934152
"p162": 0.00024085458216434178
"p163": 1.8816764231589203E-05
"p164": 0.0006096631611034902
"p165": 0.00011666393823585308
"p166": 1.1290058538953523E-05
"p167": 0
"p168": 0.03208446469128277
"p169": 0.013098349581609249
"p170": 0.003119819509597491
"p171": 0.00033117505047597004
"p172": 0.01835763518433843
"p173": 0.006504955394860388
"p174": 0.0014582992279481635
"p175": 0.0002013393772780045
"p176": 0.0013228185254807211
"p177": 0.0003951520488633733
"p178": 6.0213645541085445E-05
"p179": 1.1290058538953523E-05
"p180": 2.2580117077907045E-05
"p181": 0
"p182": 0
"p183": 0
"p184": 0.008945489715697509
"p185": 0.003403952649494487
"p186": 0.0006642317773750989
"p187": 3.198849919370165E-05
"p188": 0.0038724900788610576
