"p189": 3.7633528463178407E-05
"p190": 1.8816764231589204E-06
"p191": 0
"p192": 0.0027114957257720037
"p193": 0.0009314298294636656
"p194": 0.00016370584881482604
"p195": 1.3171734962112444E-05
"p196": 9.408382115794602E-06
"p197": 0
"p198": 0
"p199": 0
"p200": 0.0013416352897123098
"p201": 0.0005739113090634706
"p202": 0.00012419064392848875
"p203": 3.7633528463178407E-06
"p204": 0.0022730651191759767
"p205": 0.0006077814846803313
"p206": 8.843879188846925E-05
"p207": 5.645029269476761E-06
"p208": 0.0021055959175148315
"p209": 0.0008919146245773284
"p210": 0.00019004931873905096
"p211": 1.3171734962112444E-05
"p212": 9.972885042742278E-05
"p213": 1.5053411385271363E-05
"p214": 0
"p215": 0
"p216": 0.0014281924051776202
"p217": 0.000658586748105622
"p218": 0.00016935087808430283
"p219": 3.7633528463178407E-06
"p220": 0.003093476039673265
"p221": 0.0011402959124343058
"p222": 0.00015617914312219037
"p223": 5.645029269476761E-06
"p224": 0.002188389680133825
"p225": 0.0006153081903729669
"p226": 3.9515204886337324E-05
"p227": 1.8816764231589204E-06
"p228": 0
"p229": 0
"p230": 0
"p231": 0
"p232": 0.0008354643318825605
"p233": 0.00031988499193701646
"p234": 3.7633528463178407E-06
"p235": 0
"p236": 0.000897559653846805
"p237": 0.0001693508780843028
"p238": 1.8816764231589203E-05
"p239": 0
"p240": 0.0018986115109673506
"p241": 0.0004421939594423463
"p242": 3.575185204001949E-05
"p243": 1.8816764231589204E-06
"p244": 2.4461793501065963E-05
"p245": 5.645029269476761E-06
"p246": 0
"p247": 0
"p248": 0.0005588578976781994
"p249": 0.0001731142309306207
"p250": 5.645029269476761E-06
"p251": 0
