"p189": 3.7633528463178407E-06
"p190": 1.8816764231589204E-06
"p191": 0
"p192": 0.00033682007974544673
"p193": 0.00011478226181269415
"p194": 1.1290058538953523E-05
"p195": 0
"p196": 0
"p197": 0
"p198": 0
"p199": 0
"p200": 0.00022580117077907044
"p201": 5.080526342529085E-05
"p202": 0
"p203": 0
"p204": 0.0001674692016611439
"p205": 0.0001016105268505817
"p206": 1.6935087808430286E-05
"p207": 0
"p208": 0.00031988499193701646
"p209": 0.00010913723254321738
"p210": 1.1290058538953523E-05
"p211": 0
"p212": 1.1290058538953523E-05
"p213": 0
"p214": 0
"p215": 0
"p216": 0.0003274116976296522
"p217": 7.526705692635681E-05
"p218": 0
"p219": 0
"p220": 0.0003481101382844003
"p221": 0.00014112573173691902
"p222": 1.6935087808430286E-05
"p223": 0
"p224": 0.0001580608195453493
"p225": 4.327855773265517E-05
"p226": 0
"p227": 0
"p228": 0
"p229": 0
"p230": 0
"p231": 0
"p232": 3.575185204001949E-05
"p233": 5.645029269476761E-06
"p234": 5.645029269476761E-06
"p235": 0
"p236": 6.0213645541085445E-05
"p237": 3.0106822770542722E-05
"p238": 3.7633528463178407E-06
"p239": 0
"p240": 0.0002239194943559115
"p241": 6.021364554108545E-05
"p242": 0
"p243": 0
"p244": 0
"p245": 0
"p246": 0
"p247": 0
"p248": 5.456861627160869E-05
"p249": 5.645029269476761E-06
"p250": 5.645029269476761E-06
"p251": 0
