"p189": 5.645029269476761E-06
"p190": 0
"p191": 0
"p192": 3.0106822770542726E-05
"p193": 0
"p194": 0
"p195": 0
"p196": 9.784717400426385E-05
"p197": 2.2580117077907045E-05
"p198": 0
"p199": 0
"p200": 0
"p201": 0
"p202": 0
"p203": 0
"p204": 2.6343469924224884E-05
"p205": 1.1290058538953523E-05
"p206": 1.1290058538953523E-05
"p207": 0
"p208": 0
"p209": 0
"p210": 0
"p211": 0
"p212": 9.408382115794602E-06
"p213": 0
"p214": 0
"p215": 0
"p216": 0
"p217": 0
"p218": 0
"p219": 0
"p220": 0
"p221": 0
"p222": 0
"p223": 0
"p224": 0.0004929992228676371
"p225": 0.00013359902604428335
"p226": 2.2580117077907045E-05
"p227": 0
"p228": 0.0006792851887603701
"p229": 0.0002051027301243223
"p230": 1.6935087808430282E-05
"p231": 0
"p232": 0.00016935087808430283
"p233": 6.209532196424438E-05
"p234": 0
"p235": 0
"p236": 0.00019004931873905096
"p237": 6.021364554108546E-05
"p238": 0
"p239": 0
"p240": 0.0001542974666990315
"p241": 4.704191057897301E-05
"p242": 1.1290058538953523E-05
"p243": 0
"p244": 0.0004158504895181214
"p245": 0.0001204272910821709
"p246": 5.645029269476761E-06
"p247": 0
"p248": 4.516023415581409E-05
"p249": 2.2580117077907045E-05
"p250": 0
"p251": 0
