"p189": 0.00011666393823585307
"p190": 1.6935087808430286E-05
"p191": 0
"p192": 0.00010537387969689954
"p193": 2.4461793501065963E-05
"p194": 0
"p195": 0
"p196": 0.00034999181470755914
"p197": 0.000141125731736919
"p198": 2.2580117077907045E-05
"p199": 0
"p200": 9.408382115794602E-06
"p201": 0
"p202": 0
"p203": 0
"p204": 2.6343469924224884E-05
"p205": 1.1290058538953523E-05
"p206": 1.1290058538953523E-05
"p207": 0
"p208": 0.00012607232035164766
"p209": 2.6343469924224884E-05
"p210": 0
"p211": 0
"p212": 0.00021639278866327584
"p213": 7.338538050319788E-05
"p214": 1.5053411385271363E-05
"p215": 0
"p216": 2.4461793501065963E-05
"p217": 5.645029269476761E-06
"p218": 0
"p219": 0
"p220": 0.00010913723254321738
"p221": 2.6343469924224887E-05
"p222": 7.5267056926356815E-06
"p223": 7.5267056926356815E-06
"p224": 0.0015279212556050432
"p225": 0.0004892358700213193
"p226": 7.338538050319791E-05
"p227": 1.3171734962112444E-05
"p228": 0.0015693181369145393
"p229": 0.0005456861627160869
"p230": 0.00011101890896637629
"p231": 7.5267056926356815E-06
"p232": 0.0005833196911792652
"p233": 0.00017499590735377957
"p234": 2.4461793501065963E-05
"p235": 0
"p236": 0.00029354152201279153
"p237": 0.000118545614659012
"p238": 1.3171734962112444E-05
"p239": 0
"p240": 0.001317173496211244
"p241": 0.0004779458114823658
"p242": 8.843879188846926E-05
"p243": 1.3171734962112444E-05
"p244": 0.0013058834376722906
"p245": 0.000519342692791862
"p246": 0.00011101890896637629
"p247": 7.5267056926356815E-06
"p248": 0.000752670569263568
"p249": 0.00024085458216434178
"p250": 4.139688130949625E-05
"p251": 0
