"p189": 0.0007827773920341108
"p190": 9.032046831162817E-05
"p191": 1.8816764231589204E-06
"p192": 0
"p193": 0
"p194": 0
"p195": 0
"p196": 4.704191057897301E-05
"p197": 5.645029269476761E-06
"p198": 0
"p199": 0
"p200": 1.1290058538953523E-05
"p201": 0
"p202": 0
"p203": 0
"p204": 9.784717400426388E-05
"p205": 2.2580117077907045E-05
"p206": 0
"p207": 0
"p208": 0
"p209": 0
"p210": 0
"p211": 0
"p212": 0
"p213": 0
"p214": 0
"p215": 0
"p216": 0
"p217": 0
"p218": 0
"p219": 0
"p220": 0
"p221": 0
"p222": 0
"p223": 0
"p224": 4.516023415581409E-05
"p225": 7.5267056926356815E-06
"p226": 0
"p227": 0
"p228": 0.00024461793501065964
"p229": 6.774035123372114E-05
"p230": 5.645029269476761E-06
"p231": 0
"p232": 0.00034999181470755914
"p233": 6.39769983874033E-05
"p234": 0
"p235": 0
"p236": 0.0017574857792304315
"p237": 0.0005080526342529085
"p238": 6.774035123372114E-05
"p239": 0
"p240": 1.8816764231589204E-06
"p241": 1.8816764231589204E-06
"p242": 0
"p243": 0
"p244": 1.6935087808430286E-05
"p245": 3.7633528463178407E-06
"p246": 0
"p247": 0
"p248": 6.585867481056221E-05
"p249": 1.3171734962112442E-05
"p250": 0
"p251": 0
