"p189": 1.5053411385271365E-05
"p190": 0
"p191": 0
"p192": 0.0003800986374781019
"p193": 0.00010161052685058171
"p194": 1.1290058538953523E-05
"p195": 0
"p196": 9.408382115794602E-06
"p197": 0
"p198": 0
"p199": 0
"p200": 0.004105817955332765
"p201": 0.0013830321710218063
"p202": 0.00027096140493488457
"p203": 4.1396881309496255E-05
"p204": 0.0034566395893429374
"p205": 0.0010593838262384723
"p206": 0.0001768775837769385
"p207": 7.5267056926356815E-06
"p208": 0.0003236483447833343
"p209": 0.00011290058538953522
"p210": 2.2580117077907045E-05
"p211": 0
"p212": 0.00010349220327374062
"p213": 1.5053411385271363E-05
"p214": 0
"p215": 0
"p216": 0.0029504686315131867
"p217": 0.0011515859709732592
"p218": 0.0002464996114338186
"p219": 4.1396881309496255E-05
"p220": 0.0036617423194672595
"p221": 0.0013736237889060122
"p222": 0.0002784881106275202
"p223": 7.5267056926356815E-06
"p224": 6.774035123372113E-05
"p225": 3.010682277054273E-05
"p226": 0
"p227": 0
"p228": 0
"p229": 0
"p230": 0
"p231": 0
"p232": 0.0029222434851658035
"p233": 0.0008523994196909908
"p234": 8.467543904215143E-05
"p235": 0
"p236": 0.001388677200291283
"p237": 0.0002728430813580435
"p238": 7.5267056926356815E-06
"p239": 0
"p240": 0.00019945770085484554
"p241": 6.397699838740328E-05
"p242": 0
"p243": 0
"p244": 0
"p245": 0
"p246": 0
"p247": 0
"p248": 0.0013943222295607596
"p249": 0.0003274116976296521
"p250": 2.6343469924224884E-05
"p251": 0
