"p189": 0.0004421939594423463
"p190": 5.456861627160869E-05
"p191": 0
"p192": 0.00012419064392848873
"p193": 2.6343469924224884E-05
"p194": 0
"p195": 0
"p196": 0.00046289240009709436
"p197": 0.00015241579027587253
"p198": 2.2580117077907045E-05
"p199": 0
"p200": 9.408382115794602E-06
"p201": 0
"p202": 0
"p203": 0
"p204": 3.7633528463178407E-05
"p205": 1.1290058538953523E-05
"p206": 1.1290058538953523E-05
"p207": 0
"p208": 0.0001392440553137601
"p209": 2.6343469924224884E-05
"p210": 0
"p211": 0
"p212": 0.0003029499041285862
"p213": 9.596549758110493E-05
"p214": 1.5053411385271363E-05
"p215": 0
"p216": 2.8225146347383805E-05
"p217": 5.645029269476761E-06
"p218": 0
"p219": 0
"p220": 0.00016558752523798497
"p221": 3.7633528463178407E-05
"p222": 7.5267056926356815E-06
"p223": 7.5267056926356815E-06
"p224": 0.002075489094744289
"p225": 0.0006021364554108545
"p226": 8.467543904215141E-05
"p227": 1.3171734962112444E-05
"p228": 0.002734075842849911
"p229": 0.0009107313888089176
"p230": 0.00017499590735377957
"p231": 1.8816764231589203E-05
"p232": 0.0006510600424129865
"p233": 0.0001825226130464153
"p234": 2.4461793501065963E-05
"p235": 0
"p236": 0.0005814380147561064
"p237": 0.0001844042894695742
"p238": 1.6935087808430282E-05
"p239": 0
"p240": 0.0017499590735377956
"p241": 0.0006134265139498081
"p242": 0.0001110189089663763
"p243": 1.3171734962112444E-05
"p244": 0.001979523597163184
"p245": 0.0007790140391877931
"p246": 0.00016370584881482606
"p247": 1.8816764231589203E-05
"p248": 0.0008166475676509714
"p249": 0.0002483812878569775
"p250": 4.139688130949625E-05
"p251": 0
