"p189": 3.575185204001949E-05
"p190": 3.7633528463178407E-06
"p191": 0
"p192": 0.0002464996114338185
"p193": 6.209532196424438E-05
"p194": 0
"p195": 0
"p196": 0
"p197": 0
"p198": 0
"p199": 0
"p200": 0.0031630980673301454
"p201": 0.0010217502977752939
"p202": 0.00019004931873905096
"p203": 2.0698440654748128E-05
"p204": 0.0009935251514279096
"p205": 0.0002860148163201559
"p206": 5.2686939848449775E-05
"p207": 1.1290058538953523E-05
"p208": 0.00030671325697490405
"p209": 0.0001223089675053298
"p210": 1.1290058538953523E-05
"p211": 0
"p212": 3.3870175616860565E-05
"p213": 5.645029269476761E-06
"p214": 0
"p215": 0
"p216": 0.002984338807130048
"p217": 0.0010311586798910884
"p218": 0.0002032210537011634
"p219": 2.0698440654748128E-05
"p220": 0.0013660970832133756
"p221": 0.00043090390090339285
"p222": 8.091208619583358E-05
"p223": 1.1290058538953523E-05
"p224": 4.139688130949625E-05
"p225": 1.1290058538953523E-05
"p226": 1.8816764231589204E-06
"p227": 1.8816764231589204E-06
"p228": 0
"p229": 0
"p230": 0
"p231": 0
"p232": 0.0016916271044198695
"p233": 0.0004666557529434123
"p234": 4.8923587002131926E-05
"p235": 0
"p236": 0.0003029499041285862
"p237": 9.4083821157946E-05
"p238": 2.6343469924224884E-05
"p239": 0
"p240": 0.000188167642315892
"p241": 4.704191057897301E-05
"p242": 1.8816764231589204E-06
"p243": 1.8816764231589204E-06
"p244": 0
"p245": 0
"p246": 0
"p247": 0
"p248": 0.0008994413302699639
"p249": 0.000259671346395931
"p250": 2.6343469924224887E-05
"p251": 0
