"p189": 2.8225146347383805E-05
"p190": 3.7633528463178407E-06
"p191": 1.8816764231589204E-06
"p192": 0.001017986944928976
"p193": 0.0003706902553623074
"p194": 7.903040977267465E-05
"p195": 7.5267056926356815E-06
"p196": 9.408382115794602E-06
"p197": 3.7633528463178407E-06
"p198": 0
"p199": 0
"p200": 0.0014846426978723881
"p201": 0.0004986442521371138
"p202": 8.279376261899251E-05
"p203": 1.8816764231589204E-06
"p204": 0.0009163764180783941
"p205": 0.0003819803139012609
"p206": 9.22021447347871E-05
"p207": 1.1290058538953523E-05
"p208": 1.3171734962112442E-05
"p209": 7.5267056926356815E-06
"p210": 0
"p211": 0
"p212": 1.8816764231589204E-06
"p213": 1.8816764231589204E-06
"p214": 0
"p215": 0
"p216": 0
"p217": 0
"p218": 0
"p219": 0
"p220": 0
"p221": 0
"p222": 0
"p223": 0
"p224": 0.0016276501060324662
"p225": 0.0005795563383329474
"p226": 0.0001279539967748066
"p227": 7.5267056926356815E-06
"p228": 0
"p229": 0
"p230": 0
"p231": 0
"p232": 0.0014808793450260703
"p233": 0.00042902222448023387
"p234": 6.209532196424438E-05
"p235": 5.645029269476761E-06
"p236": 0.0007263270993393432
"p237": 0.00030671325697490405
"p238": 8.467543904215141E-05
"p239": 1.3171734962112442E-05
"p240": 0.0005400411334466102
"p241": 0.0001731142309306207
"p242": 2.8225146347383808E-05
"p243": 0
"p244": 0
"p245": 0
"p246": 0
"p247": 0
"p248": 0.00030106822770542725
"p249": 8.27937626189925E-05
"p250": 3.7633528463178407E-06
"p251": 3.7633528463178407E-06
