"p189": 0.000306713256974904
"p190": 2.2580117077907045E-05
"p191": 0
"p192": 0.0006397699838740329
"p193": 0.00023709122931802397
"p194": 4.516023415581409E-05
"p195": 0
"p196": 3.198849919370165E-05
"p197": 7.5267056926356815E-06
"p198": 0
"p199": 0
"p200": 0.0002051027301243223
"p201": 5.2686939848449775E-05
"p202": 0
"p203": 0
"p204": 0.0003913886960170554
"p205": 7.150370408003898E-05
"p206": 7.5267056926356815E-06
"p207": 0
"p208": 0
"p209": 0
"p210": 0
"p211": 0
"p212": 5.645029269476761E-06
"p213": 0
"p214": 0
"p215": 0
"p216": 0
"p217": 0
"p218": 0
"p219": 0
"p220": 0
"p221": 0
"p222": 0
"p223": 0
"p224": 0.0008147658912278123
"p225": 0.00024461793501065964
"p226": 2.258011707790705E-05
"p227": 0
"p228": 3.7633528463178407E-06
"p229": 0
"p230": 0
"p231": 0
"p232": 0.00017123255450746173
"p233": 3.387017561686057E-05
"p234": 0
"p235": 0
"p236": 0.0002051027301243223
"p237": 4.704191057897301E-05
"p238": 3.7633528463178407E-06
"p239": 0
"p240": 0.0005494495155624048
"p241": 0.00012607232035164766
"p242": 1.1290058538953523E-05
"p243": 0
"p244": 9.408382115794602E-06
"p245": 5.645029269476761E-06
"p246": 0
"p247": 0
"p248": 5.645029269476761E-05
"p249": 1.5053411385271363E-05
"p250": 0
"p251": 0
