"p189": 0.00013171734962112442
"p190": 1.6935087808430286E-05
"p191": 0
"p192": 0.00014300740816007793
"p193": 3.575185204001949E-05
"p194": 0
"p195": 0
"p196": 0
"p197": 0
"p198": 0
"p199": 0
"p200": 0.00038386199032441974
"p201": 0.00011101890896637629
"p202": 1.5053411385271363E-05
"p203": 0
"p204": 8.467543904215143E-05
"p205": 1.1290058538953523E-05
"p206": 0
"p207": 0
"p208": 0
"p209": 0
"p210": 0
"p211": 0
"p212": 0
"p213": 0
"p214": 0
"p215": 0
"p216": 2.2580117077907045E-05
"p217": 3.7633528463178407E-06
"p218": 0
"p219": 0
"p220": 0
"p221": 0
"p222": 0
"p223": 0
"p224": 0.00048547251717500153
"p225": 0.00013736237889060116
"p226": 1.1290058538953523E-05
"p227": 0
"p228": 3.3870175616860565E-05
"p229": 5.645029269476761E-06
"p230": 0
"p231": 0
"p232": 0.0069396226486101
"p233": 0.0021996797386727774
"p234": 0.0004158504895181214
"p235": 4.139688130949625E-05
"p236": 0.002282473501291771
"p237": 0.0006510600424129864
"p238": 0.00012795399677480661
"p239": 2.2580117077907045E-05
"p240": 9.596549758110492E-05
"p241": 3.3870175616860565E-05
"p242": 0
"p243": 0
"p244": 0
"p245": 0
"p246": 0
"p247": 0
"p248": 0.0010763189140469023
"p249": 0.0003123582862443808
"p250": 4.139688130949625E-05
"p251": 0
