"p189": 3.7633528463178407E-06
"p190": 3.7633528463178407E-06
"p191": 0
"p192": 0.0001505341138527136
"p193": 3.951520488633733E-05
"p194": 0
"p195": 0
"p196": 0
"p197": 0
"p198": 0
"p199": 0
"p200": 0.0023050536183696776
"p201": 0.0007300904521856612
"p202": 0.00013171734962112442
"p203": 9.408382115794602E-06
"p204": 0.0006228348960656025
"p205": 0.00022203781793275258
"p206": 5.2686939848449775E-05
"p207": 1.1290058538953523E-05
"p208": 0.00019757602443168663
"p209": 6.962202765688005E-05
"p210": 0
"p211": 0
"p212": 3.3870175616860565E-05
"p213": 5.645029269476761E-06
"p214": 0
"p215": 0
"p216": 0.002389729057411829
"p217": 0.0007865407448804287
"p218": 0.00015053411385271363
"p219": 9.408382115794602E-06
"p220": 0.0008505177432678318
"p221": 0.0003180033155138576
"p222": 8.091208619583358E-05
"p223": 1.1290058538953523E-05
"p224": 2.6343469924224887E-05
"p225": 7.5267056926356815E-06
"p226": 1.8816764231589204E-06
"p227": 1.8816764231589204E-06
"p228": 0
"p229": 0
"p230": 0
"p231": 0
"p232": 0.0011440592652806236
"p233": 0.0003217666683601754
"p234": 4.3278557732655166E-05
"p235": 0
"p236": 0.0001956943480085277
"p237": 8.46754390421514E-05
"p238": 2.6343469924224884E-05
"p239": 0
"p240": 0.00010349220327374062
"p241": 2.0698440654748124E-05
"p242": 1.8816764231589204E-06
"p243": 1.8816764231589204E-06
"p244": 0
"p245": 0
"p246": 0
"p247": 0
"p248": 0.0006679951302214167
"p249": 0.00020322105370116337
"p250": 2.6343469924224887E-05
"p251": 0
