"p189": 0.0008241742733436071
"p190": 0.00015241579027587253
"p191": 1.6935087808430286E-05
"p192": 0
"p193": 0
"p194": 0
"p195": 0
"p196": 2.6343469924224887E-05
"p197": 1.1290058538953524E-05
"p198": 0
"p199": 0
"p200": 0.0001279539967748066
"p201": 2.6343469924224884E-05
"p202": 0
"p203": 0
"p204": 0.00046289240009709436
"p205": 0.00015241579027587253
"p206": 2.2580117077907045E-05
"p207": 0
"p208": 3.7633528463178407E-06
"p209": 0
"p210": 0
"p211": 0
"p212": 0.00015241579027587253
"p213": 4.139688130949625E-05
"p214": 0
"p215": 0
"p216": 0.00015053411385271363
"p217": 2.6343469924224884E-05
"p218": 0
"p219": 0
"p220": 0.0002991865512822683
"p221": 9.032046831162818E-05
"p222": 1.5053411385271363E-05
"p223": 0
"p224": 0.00017123255450746173
"p225": 3.951520488633733E-05
"p226": 0
"p227": 0
"p228": 0.00026155302281908986
"p229": 5.833196911792653E-05
"p230": 0
"p231": 0
"p232": 0.0025778966997277216
"p233": 0.0006905752472993237
"p234": 9.784717400426385E-05
"p235": 1.3171734962112444E-05
"p236": 0.0029993922185153183
"p237": 0.0009859984457352743
"p238": 0.00018064093662325636
"p239": 1.8816764231589203E-05
"p240": 0.00046289240009709436
"p241": 0.0001298356731979655
"p242": 9.408382115794602E-06
"p243": 0
"p244": 0.00033117505047597004
"p245": 0.0001223089675053298
"p246": 1.1290058538953523E-05
"p247": 0
"p248": 0.002290000206984406
"p249": 0.0007357354814551379
"p250": 0.00013736237889060116
"p251": 1.3171734962112444E-05
