"p189": 3.3870175616860565E-05
"p190": 1.8816764231589204E-06
"p191": 0
"p192": 0.0013228185254807211
"p193": 0.00040644210740232675
"p194": 7.150370408003898E-05
"p195": 5.645029269476761E-06
"p196": 0.0037388910528167747
"p197": 0.0014131389937923494
"p198": 0.00027284308135804345
"p199": 1.6935087808430282E-05
"p200": 0.00023520955289486504
"p201": 7.33853805031979E-05
"p202": 1.3171734962112444E-05
"p203": 0
"p204": 0.0010499754441226773
"p205": 0.0002747247577812024
"p206": 3.0106822770542726E-05
"p207": 0
"p208": 0.0014244290523313025
"p209": 0.0005419228098697691
"p210": 8.655711546531032E-05
"p211": 5.645029269476761E-06
"p212": 0.0031329912445596025
"p213": 0.0014112573173691904
"p214": 0.0003349384033222878
"p215": 1.6935087808430282E-05
"p216": 0.0003198849919370165
"p217": 0.0001016105268505817
"p218": 1.8816764231589203E-05
"p219": 0
"p220": 0.0018271078068873119
"p221": 0.0006717584830677346
"p222": 8.655711546531033E-05
"p223": 0
"p224": 0.0007940674505730643
"p225": 0.00014865243742955472
"p226": 1.3171734962112442E-05
"p227": 0
"p228": 0.0028940183388184194
"p229": 0.0009050863595394406
"p230": 3.9515204886337324E-05
"p231": 1.8816764231589204E-06
"p232": 8.27937626189925E-05
"p233": 1.8816764231589203E-05
"p234": 1.8816764231589204E-06
"p235": 0
"p236": 0.00019569434800852773
"p237": 6.0213645541085445E-05
"p238": 7.5267056926356815E-06
"p239": 0
"p240": 0.0007188003936467076
"p241": 0.00010349220327374062
"p242": 1.5053411385271363E-05
"p243": 0
"p244": 0.00230129026552336
"p245": 0.0005776746619097885
"p246": 3.575185204001949E-05
"p247": 1.8816764231589204E-06
"p248": 6.774035123372113E-05
"p249": 1.5053411385271363E-05
"p250": 1.8816764231589204E-06
"p251": 0
