"p189": 5.833196911792653E-05
"p190": 0
"p191": 0
"p192": 0.00022203781793275263
"p193": 5.2686939848449775E-05
"p194": 5.645029269476761E-06
"p195": 0
"p196": 1.1290058538953523E-05
"p197": 0
"p198": 0
"p199": 0
"p200": 0.001371742112482853
"p201": 0.00041396881309496247
"p202": 5.645029269476761E-05
"p203": 0
"p204": 0.0005249877220613388
"p205": 0.0001561791431221904
"p206": 1.6935087808430286E-05
"p207": 0
"p208": 1.8816764231589196E-05
"p209": 0
"p210": 0
"p211": 0
"p212": 0
"p213": 0
"p214": 0
"p215": 0
"p216": 1.1290058538953523E-05
"p217": 0
"p218": 0
"p219": 0
"p220": 0
"p221": 0
"p222": 0
"p223": 0
"p224": 9.972885042742278E-05
"p225": 2.2580117077907045E-05
"p226": 1.8816764231589204E-06
"p227": 0
"p228": 0
"p229": 0
"p230": 0
"p231": 0
"p232": 0.00139432222956076
"p233": 0.00038009863747810193
"p234": 2.8225146347383808E-05
"p235": 0
"p236": 0.00023144620004854718
"p237": 7.714873334951572E-05
"p238": 5.645029269476761E-06
"p239": 0
"p240": 0.0001110189089663763
"p241": 3.7633528463178407E-05
"p242": 5.645029269476761E-06
"p243": 0
"p244": 0
"p245": 0
"p246": 0
"p247": 0
"p248": 0.001036803709160565
"p249": 0.0002690797285117256
"p250": 1.6935087808430286E-05
"p251": 0
