"p189": 0.0001618241723916671
"p190": 1.8816764231589203E-05
"p191": 0
"p192": 6.774035123372114E-05
"p193": 1.8816764231589204E-06
"p194": 0
"p195": 0
"p196": 0
"p197": 0
"p198": 0
"p199": 0
"p200": 0.0015109861677966127
"p201": 0.0003575185204001948
"p202": 2.2580117077907045E-05
"p203": 1.8816764231589204E-06
"p204": 0.00010725555612005845
"p205": 3.7633528463178407E-06
"p206": 0
"p207": 0
"p208": 0.000284133139896997
"p209": 3.7633528463178407E-05
"p210": 3.7633528463178407E-06
"p211": 0
"p212": 0
"p213": 0
"p214": 0
"p215": 0
"p216": 0.0009351931823099835
"p217": 0.0002220378179327526
"p218": 2.8225146347383805E-05
"p219": 0
"p220": 0.00013359902604428333
"p221": 1.3171734962112444E-05
"p222": 0
"p223": 0
"p224": 0.0003838619903244198
"p225": 6.774035123372113E-05
"p226": 0
"p227": 0
"p228": 5.645029269476761E-06
"p229": 0
"p230": 0
"p231": 0
"p232": 0.005643147593053604
"p233": 0.0019306000101610519
"p234": 0.00030671325697490405
"p235": 1.6935087808430282E-05
"p236": 0.0021300577110158975
"p237": 0.0005268693984844977
"p238": 8.467543904215141E-05
"p239": 5.645029269476761E-06
"p240": 0.0006171898667961257
"p241": 0.00019004931873905094
"p242": 2.0698440654748124E-05
"p243": 0
"p244": 7.338538050319788E-05
"p245": 1.5053411385271363E-05
"p246": 0
"p247": 0
"p248": 0.005336434336078698
"p249": 0.0020096304199337263
"p250": 0.00039891540170969113
"p251": 1.8816764231589203E-05
