"p189": 9.408382115794602E-06
"p190": 1.8816764231589204E-06
"p191": 0
"p192": 0.0003405834325917646
"p193": 0.0001016105268505817
"p194": 1.6935087808430286E-05
"p195": 0
"p196": 0.00034811013828440026
"p197": 0.00011666393823585305
"p198": 1.1290058538953523E-05
"p199": 0
"p200": 0.00014112573173691902
"p201": 5.080526342529084E-05
"p202": 0
"p203": 0
"p204": 0.00016558752523798497
"p205": 5.080526342529086E-05
"p206": 0
"p207": 0
"p208": 0
"p209": 0
"p210": 0
"p211": 0
"p212": 1.5053411385271363E-05
"p213": 0
"p214": 0
"p215": 0
"p216": 0
"p217": 0
"p218": 0
"p219": 0
"p220": 0
"p221": 0
"p222": 0
"p223": 0
"p224": 0.0002032210537011634
"p225": 5.833196911792653E-05
"p226": 5.645029269476761E-06
"p227": 0
"p228": 0.00032929337405281106
"p229": 0.00010349220327374062
"p230": 5.645029269476761E-06
"p231": 0
"p232": 3.387017561686057E-05
"p233": 1.6935087808430286E-05
"p234": 5.645029269476761E-06
"p235": 0
"p236": 2.8225146347383808E-05
"p237": 1.3171734962112442E-05
"p238": 3.7633528463178407E-06
"p239": 0
"p240": 0.00024461793501065964
"p241": 9.220214473478709E-05
"p242": 1.1290058538953523E-05
"p243": 0
"p244": 0.0003612818732465127
"p245": 0.00011666393823585305
"p246": 5.645029269476761E-06
"p247": 0
"p248": 5.080526342529084E-05
"p249": 2.8225146347383805E-05
"p250": 5.645029269476761E-06
"p251": 0
