"p189": 8.091208619583358E-05
"p190": 1.8816764231589204E-06
"p191": 0
"p192": 0.00034058343259176464
"p193": 7.526705692635681E-05
"p194": 5.645029269476761E-06
"p195": 0
"p196": 0.0003895070195938965
"p197": 0.00010161052685058171
"p198": 1.1290058538953523E-05
"p199": 0
"p200": 0.002952350307936345
"p201": 0.0009088497123857587
"p202": 0.0001392440553137601
"p203": 7.5267056926356815E-06
"p204": 0.004331619126111835
"p205": 0.001558028078375586
"p206": 0.00031235828624438073
"p207": 4.1396881309496255E-05
"p208": 0.0006058998082571723
"p209": 0.00019004931873905094
"p210": 2.0698440654748128E-05
"p211": 0
"p212": 0.000427140548057075
"p213": 0.0001279539967748066
"p214": 2.2580117077907045E-05
"p215": 0
"p216": 0.0025703699940350854
"p217": 0.0009464832408489372
"p218": 0.00017311423093062066
"p219": 7.5267056926356815E-06
"p220": 0.003454757912919778
"p221": 0.0014432458165628916
"p222": 0.0003292933740528111
"p223": 4.1396881309496255E-05
"p224": 3.9515204886337324E-05
"p225": 1.8816764231589204E-06
"p226": 0
"p227": 0
"p228": 6.774035123372113E-05
"p229": 3.010682277054273E-05
"p230": 0
"p231": 0
"p232": 0.001503459462103977
"p233": 0.00028789649274331484
"p234": 7.5267056926356815E-06
"p235": 0
"p236": 0.002852621457508923
"p237": 0.0008674528310762623
"p238": 8.467543904215143E-05
"p239": 0
"p240": 6.774035123372114E-05
"p241": 0
"p242": 0
"p243": 0
"p244": 0.00019945770085484554
"p245": 6.397699838740328E-05
"p246": 0
"p247": 0
"p248": 0.0006378883074508741
"p249": 8.279376261899251E-05
"p250": 0
"p251": 0
