"p189": 2.4461793501065963E-05
"p190": 0
"p191": 0
"p192": 3.7633528463178407E-06
"p193": 0
"p194": 0
"p195": 0
"p196": 0
"p197": 0
"p198": 0
"p199": 0
"p200": 0.00018628596589273313
"p201": 3.0106822770542726E-05
"p202": 0
"p203": 0
"p204": 0
"p205": 0
"p206": 0
"p207": 0
"p208": 4.139688130949625E-05
"p209": 0
"p210": 0
"p211": 0
"p212": 0
"p213": 0
"p214": 0
"p215": 0
"p216": 0.00012607232035164768
"p217": 2.2580117077907045E-05
"p218": 0
"p219": 0
"p220": 1.1290058538953523E-05
"p221": 0
"p222": 0
"p223": 0
"p224": 1.8816764231589203E-05
"p225": 0
"p226": 0
"p227": 0
"p228": 0
"p229": 0
"p230": 0
"p231": 0
"p232": 0.0006642317773750989
"p233": 0.00016935087808430283
"p234": 1.1290058538953523E-05
"p235": 0
"p236": 0.00013171734962112442
"p237": 7.903040977267465E-05
"p238": 1.6935087808430286E-05
"p239": 0
"p240": 6.774035123372113E-05
"p241": 0
"p242": 0
"p243": 0
"p244": 1.1290058538953523E-05
"p245": 0
"p246": 0
"p247": 0
"p248": 0.0008693345074994213
"p249": 0.00021639278866327584
"p250": 1.1290058538953523E-05
"p251": 0
