"p189": 6.021364554108545E-05
"p190": 1.8816764231589203E-05
"p191": 0
"p192": 0.0003180033155138576
"p193": 9.032046831162817E-05
"p194": 9.408382115794602E-06
"p195": 0
"p196": 0.0002145111122401169
"p197": 6.962202765688005E-05
"p198": 0
"p199": 0
"p200": 0.0016050699889545586
"p201": 0.0005513311919855637
"p202": 0.00011478226181269414
"p203": 1.3171734962112444E-05
"p204": 0.0013623337303670581
"p205": 0.00048735419359816035
"p206": 9.596549758110493E-05
"p207": 7.5267056926356815E-06
"p208": 0
"p209": 0
"p210": 0
"p211": 0
"p212": 5.645029269476761E-06
"p213": 5.645029269476761E-06
"p214": 0
"p215": 0
"p216": 0
"p217": 0
"p218": 0
"p219": 0
"p220": 1.3171734962112442E-05
"p221": 7.5267056926356815E-06
"p222": 0
"p223": 0
"p224": 6.962202765688006E-05
"p225": 1.3171734962112444E-05
"p226": 3.7633528463178407E-06
"p227": 0
"p228": 9.220214473478709E-05
"p229": 2.0698440654748124E-05
"p230": 1.8816764231589204E-06
"p231": 1.8816764231589204E-06
"p232": 0.0018271078068873116
"p233": 0.0005739113090634708
"p234": 0.00010913723254321737
"p235": 1.3171734962112444E-05
"p236": 0.0017217339271904122
"p237": 0.0005983731025645366
"p238": 0.0001298356731979655
"p239": 7.5267056926356815E-06
"p240": 9.22021447347871E-05
"p241": 3.387017561686057E-05
"p242": 5.645029269476761E-06
"p243": 0
"p244": 0.000188167642315892
"p245": 4.704191057897301E-05
"p246": 1.8816764231589204E-06
"p247": 1.8816764231589204E-06
"p248": 0.00047982748790552474
"p249": 0.00014112573173691902
"p250": 2.2580117077907045E-05
"p251": 0
