"p189": 2.4461793501065966E-05
"p190": 1.3171734962112442E-05
"p191": 0
"p192": 0.00012419064392848875
"p193": 3.575185204001949E-05
"p194": 0
"p195": 0
"p196": 0.0001505341138527136
"p197": 3.951520488633733E-05
"p198": 0
"p199": 0
"p200": 0.001537329637720838
"p201": 0.0004835908407518426
"p202": 8.467543904215141E-05
"p203": 1.3171734962112444E-05
"p204": 0.001317173496211244
"p205": 0.000472300782212889
"p206": 9.408382115794602E-05
"p207": 7.5267056926356815E-06
"p208": 0.00033117505047597004
"p209": 9.596549758110492E-05
"p210": 9.408382115794602E-06
"p211": 0
"p212": 0.0002201561415095937
"p213": 7.526705692635681E-05
"p214": 0
"p215": 0
"p216": 0.0016163600474935122
"p217": 0.0005513311919855637
"p218": 0.00011478226181269414
"p219": 1.3171734962112444E-05
"p220": 0.0013284635547501978
"p221": 0.0004911175464444782
"p222": 9.596549758110493E-05
"p223": 7.5267056926356815E-06
"p224": 1.3171734962112444E-05
"p225": 3.7633528463178407E-06
"p226": 3.7633528463178407E-06
"p227": 0
"p228": 2.6343469924224887E-05
"p229": 7.5267056926356815E-06
"p230": 1.8816764231589204E-06
"p231": 1.8816764231589204E-06
"p232": 0.0006096631611034901
"p233": 0.0001749959073537796
"p234": 2.4461793501065963E-05
"p235": 0
"p236": 0.0007357354814551379
"p237": 0.00023520955289486504
"p238": 4.139688130949624E-05
"p239": 0
"p240": 2.0698440654748124E-05
"p241": 5.645029269476761E-06
"p242": 5.645029269476761E-06
"p243": 0
"p244": 0.00010349220327374062
"p245": 2.0698440654748124E-05
"p246": 1.8816764231589204E-06
"p247": 1.8816764231589204E-06
"p248": 0.00024838128785697745
"p249": 9.408382115794602E-05
"p250": 2.2580117077907045E-05
"p251": 0
