"p189": 0.001016105268505817
"p190": 0.0001317173496211244
"p191": 5.645029269476761E-06
"p192": 0
"p193": 0
"p194": 0
"p195": 0
"p196": 0
"p197": 0
"p198": 0
"p199": 0
"p200": 0.00010725555612005847
"p201": 3.7633528463178407E-06
"p202": 0
"p203": 0
"p204": 9.408382115794602E-06
"p205": 1.8816764231589204E-06
"p206": 0
"p207": 0
"p208": 4.1396881309496255E-05
"p209": 5.645029269476761E-06
"p210": 0
"p211": 0
"p212": 0
"p213": 0
"p214": 0
"p215": 0
"p216": 0.00010161052685058171
"p217": 2.2580117077907045E-05
"p218": 0
"p219": 0
"p220": 7.5267056926356815E-06
"p221": 0
"p222": 0
"p223": 0
"p224": 8.843879188846926E-05
"p225": 1.5053411385271363E-05
"p226": 0
"p227": 0
"p228": 0
"p229": 0
"p230": 0
"p231": 0
"p232": 0.001085727296162697
"p233": 0.00030859493339806287
"p234": 3.387017561686057E-05
"p235": 0
"p236": 0.00013171734962112442
"p237": 1.5053411385271363E-05
"p238": 0
"p239": 0
"p240": 0.0001844042894695742
"p241": 5.6450292694767617E-05
"p242": 5.645029269476761E-06
"p243": 0
"p244": 0
"p245": 0
"p246": 0
"p247": 0
"p248": 0.0009370748587331423
"p249": 0.0003029499041285862
"p250": 4.516023415581409E-05
"p251": 0
