"p189": 0.00023897290574118285
"p190": 1.8816764231589203E-05
"p191": 0
"p192": 3.7633528463178407E-06
"p193": 0
"p194": 0
"p195": 0
"p196": 0.00015241579027587253
"p197": 4.139688130949625E-05
"p198": 0
"p199": 0
"p200": 0.00015053411385271363
"p201": 2.6343469924224884E-05
"p202": 0
"p203": 0
"p204": 0.0003048315805517451
"p205": 9.032046831162818E-05
"p206": 1.5053411385271363E-05
"p207": 0
"p208": 0
"p209": 0
"p210": 0
"p211": 0
"p212": 0
"p213": 0
"p214": 0
"p215": 0
"p216": 0
"p217": 0
"p218": 0
"p219": 0
"p220": 2.2580117077907045E-05
"p221": 3.7633528463178407E-06
"p222": 0
"p223": 0
"p224": 0.0005268693984844976
"p225": 0.00013359902604428333
"p226": 9.408382115794602E-06
"p227": 0
"p228": 0.0005080526342529085
"p229": 0.0001430074081600779
"p230": 1.1290058538953523E-05
"p231": 0
"p232": 0.004295867274071816
"p233": 0.0012757766149017477
"p234": 0.00023520955289486504
"p235": 2.6343469924224887E-05
"p236": 0.004815209966863678
"p237": 0.001625768429609307
"p238": 0.0003161216390906986
"p239": 3.7633528463178407E-05
"p240": 8.655711546531032E-05
"p241": 3.198849919370165E-05
"p242": 0
"p243": 0
"p244": 9.972885042742277E-05
"p245": 3.7633528463178407E-05
"p246": 0
"p247": 0
"p248": 0.0005400411334466102
"p249": 0.00010913723254321738
"p250": 0
"p251": 0
