"p189": 5.833196911792653E-05
"p190": 0
"p191": 0
"p192": 0.00015806081954534927
"p193": 1.8816764231589203E-05
"p194": 0
"p195": 0
"p196": 0
"p197": 0
"p198": 0
"p199": 0
"p200": 0.00042149551878759814
"p201": 4.1396881309496255E-05
"p202": 0
"p203": 0
"p204": 9.784717400426385E-05
"p205": 2.2580117077907045E-05
"p206": 0
"p207": 0
"p208": 0
"p209": 0
"p210": 0
"p211": 0
"p212": 0
"p213": 0
"p214": 0
"p215": 0
"p216": 3.3870175616860565E-05
"p217": 0
"p218": 0
"p219": 0
"p220": 0
"p221": 0
"p222": 0
"p223": 0
"p224": 0.0006096631611034903
"p225": 0.00015429746669903143
"p226": 2.2580117077907045E-05
"p227": 0
"p228": 0.00010913723254321736
"p229": 1.5053411385271363E-05
"p230": 0
"p231": 0
"p232": 0.00888715774657958
"p233": 0.002839449722546811
"p234": 0.0005569762212550404
"p235": 8.27937626189925E-05
"p236": 0.006990427912035392
"p237": 0.002256130031367545
"p238": 0.0004177321659412803
"p239": 1.5053411385271363E-05
"p240": 0.00015053411385271363
"p241": 6.021364554108545E-05
"p242": 1.1290058538953523E-05
"p243": 0
"p244": 3.7633528463178407E-06
"p245": 0
"p246": 0
"p247": 0
"p248": 0.0019362450394305292
"p249": 0.0005042892814065907
"p250": 3.7633528463178407E-05
"p251": 0
