"p189": 8.655711546531035E-05
"p190": 3.7633528463178407E-06
"p191": 0
"p192": 0.0008674528310762623
"p193": 0.0003123582862443808
"p194": 5.645029269476761E-05
"p195": 0
"p196": 3.9515204886337324E-05
"p197": 7.5267056926356815E-06
"p198": 0
"p199": 0
"p200": 0.0005118159870992264
"p201": 0.00012042729108217089
"p202": 0
"p203": 0
"p204": 0.0007112736879540719
"p205": 0.00021827446508643482
"p206": 2.4461793501065966E-05
"p207": 0
"p208": 1.1290058538953523E-05
"p209": 0
"p210": 0
"p211": 0
"p212": 9.408382115794602E-06
"p213": 0
"p214": 0
"p215": 0
"p216": 0
"p217": 0
"p218": 0
"p219": 0
"p220": 0
"p221": 0
"p222": 0
"p223": 0
"p224": 0.001087608972585856
"p225": 0.00033493840332228785
"p226": 2.8225146347383808E-05
"p227": 0
"p228": 3.7633528463178407E-06
"p229": 0
"p230": 0
"p231": 0
"p232": 0.00030671325697490405
"p233": 5.6450292694767617E-05
"p234": 5.645029269476761E-06
"p235": 0
"p236": 0.00033117505047597
"p237": 0.00011290058538953519
"p238": 1.3171734962112442E-05
"p239": 0
"p240": 0.0008505177432678319
"p241": 0.00024085458216434175
"p242": 1.6935087808430286E-05
"p243": 0
"p244": 9.408382115794602E-06
"p245": 5.645029269476761E-06
"p246": 0
"p247": 0
"p248": 0.00020698440654748126
"p249": 4.892358700213193E-05
"p250": 5.645029269476761E-06
"p251": 0
