"p189": 0.00017499590735377965
"p190": 1.3171734962112442E-05
"p191": 0
"p192": 7.5267056926356815E-06
"p193": 0
"p194": 0
"p195": 0
"p196": 0.0001693508780843028
"p197": 1.8816764231589203E-05
"p198": 0
"p199": 0
"p200": 0.00016182417239166716
"p201": 2.6343469924224884E-05
"p202": 0
"p203": 0
"p204": 0.00033870175616860566
"p205": 3.7633528463178407E-05
"p206": 0
"p207": 0
"p208": 0
"p209": 0
"p210": 0
"p211": 0
"p212": 0
"p213": 0
"p214": 0
"p215": 0
"p216": 0
"p217": 0
"p218": 0
"p219": 0
"p220": 3.3870175616860565E-05
"p221": 0
"p222": 0
"p223": 0
"p224": 0.0007714873334951572
"p225": 0.00020886608297064017
"p226": 2.0698440654748128E-05
"p227": 0
"p228": 0.0007188003936467076
"p229": 0.0001693508780843028
"p230": 2.2580117077907045E-05
"p231": 0
"p232": 0.005910345645142168
"p233": 0.0018666230117736489
"p234": 0.00029730487485910934
"p235": 1.5053411385271363E-05
"p236": 0.009455424026373574
"p237": 0.003185678184408052
"p238": 0.0006585867481056222
"p239": 8.27937626189925E-05
"p240": 0.0001844042894695742
"p241": 5.645029269476761E-05
"p242": 5.645029269476761E-06
"p243": 0
"p244": 0.00016182417239166713
"p245": 6.021364554108545E-05
"p246": 1.1290058538953523E-05
"p247": 0
"p248": 0.0008091208619583357
"p249": 0.0001919309951622099
"p250": 2.2580117077907045E-05
"p251": 0
