"p189": 0.00016182417239166716
"p190": 1.8816764231589204E-06
"p191": 0
"p192": 1.5053411385271363E-05
"p193": 1.8816764231589204E-06
"p194": 0
"p195": 0
"p196": 0.00010349220327374062
"p197": 1.5053411385271363E-05
"p198": 0
"p199": 0
"p200": 0.00045724737082761756
"p201": 0.00012419064392848875
"p202": 1.6935087808430286E-05
"p203": 0
"p204": 0.0011515859709732594
"p205": 0.0003706902553623074
"p206": 4.516023415581409E-05
"p207": 0
"p208": 0.00012419064392848875
"p209": 1.8816764231589203E-05
"p210": 0
"p211": 0
"p212": 0.00026907972851172564
"p213": 5.6450292694767617E-05
"p214": 5.645029269476761E-06
"p215": 0
"p216": 0.0006435333367203508
"p217": 0.00018064093662325636
"p218": 1.6935087808430286E-05
"p219": 0
"p220": 0.001204272910821709
"p221": 0.0004083237838254858
"p222": 5.645029269476761E-05
"p223": 0
"p224": 1.8816764231589204E-06
"p225": 1.8816764231589204E-06
"p226": 0
"p227": 0
"p228": 9.408382115794602E-06
"p229": 7.5267056926356815E-06
"p230": 1.8816764231589204E-06
"p231": 0
"p232": 0.00011478226181269415
"p233": 2.8225146347383805E-05
"p234": 0
"p235": 0
"p236": 0.0006529417188361454
"p237": 0.0001787592602000974
"p238": 0
"p239": 0
"p240": 1.8816764231589203E-05
"p241": 1.3171734962112442E-05
"p242": 0
"p243": 0
"p244": 9.22021447347871E-05
"p245": 3.387017561686057E-05
"p246": 5.645029269476761E-06
"p247": 0
"p248": 0.00014112573173691902
"p249": 4.327855773265517E-05
"p250": 0
"p251": 0
