"p189": 6.585867481056221E-05
"p190": 1.1290058538953523E-05
"p191": 0
"p192": 0.000566384603370835
"p193": 0.0001204272910821709
"p194": 1.1290058538953523E-05
"p195": 0
"p196": 0.0010800822668932204
"p197": 0.000355636843977036
"p198": 6.39769983874033E-05
"p199": 1.1290058538953523E-05
"p200": 8.091208619583358E-05
"p201": 7.5267056926356815E-06
"p202": 0
"p203": 0
"p204": 0.000308594933398063
"p205": 6.774035123372113E-05
"p206": 3.7633528463178407E-06
"p207": 0
"p208": 0.0005889647204487421
"p209": 0.0001580608195453493
"p210": 2.2580117077907045E-05
"p211": 0
"p212": 0.0008317009790362428
"p213": 0.00032553002120649325
"p214": 5.833196911792653E-05
"p215": 1.1290058538953523E-05
"p216": 0.00010913723254321738
"p217": 9.408382115794602E-06
"p218": 0
"p219": 0
"p220": 0.00039891540170969113
"p221": 0.00013359902604428335
"p222": 1.5053411385271363E-05
"p223": 0
"p224": 0.00017875926020009743
"p225": 1.6935087808430286E-05
"p226": 0
"p227": 0
"p228": 0.0006698768066445756
"p229": 0.00014677076100639576
"p230": 5.645029269476761E-06
"p231": 0
"p232": 3.7633528463178407E-06
"p233": 0
"p234": 0
"p235": 0
"p236": 4.327855773265516E-05
"p237": 1.3171734962112444E-05
"p238": 3.7633528463178407E-06
"p239": 0
"p240": 6.021364554108545E-05
"p241": 7.5267056926356815E-06
"p242": 0
"p243": 0
"p244": 0.0003142399626675397
"p245": 6.021364554108546E-05
"p246": 0
"p247": 0
"p248": 0
"p249": 0
"p250": 0
"p251": 0
