"p189": 0.00041208713667180354
"p190": 4.516023415581409E-05
"p191": 0
"p192": 0.00013171734962112442
"p193": 6.021364554108545E-05
"p194": 1.1290058538953523E-05
"p195": 0
"p196": 0
"p197": 0
"p198": 0
"p199": 0
"p200": 0.0009728267107731618
"p201": 0.00034434678543808245
"p202": 5.833196911792653E-05
"p203": 1.1290058538953523E-05
"p204": 0.0005739113090634706
"p205": 0.00011478226181269415
"p206": 0
"p207": 0
"p208": 3.7633528463178407E-06
"p209": 0
"p210": 0
"p211": 0
"p212": 0
"p213": 0
"p214": 0
"p215": 0
"p216": 0
"p217": 0
"p218": 0
"p219": 0
"p220": 0
"p221": 0
"p222": 0
"p223": 0
"p224": 0.00014677076100639582
"p225": 1.5053411385271363E-05
"p226": 0
"p227": 0
"p228": 0
"p229": 0
"p230": 0
"p231": 0
"p232": 0.0014225473759081437
"p233": 0.00033682007974544673
"p234": 4.704191057897301E-05
"p235": 1.1290058538953523E-05
"p236": 0.0004704191057897301
"p237": 6.585867481056221E-05
"p238": 0
"p239": 0
"p240": 9.596549758110495E-05
"p241": 3.387017561686057E-05
"p242": 0
"p243": 0
"p244": 0
"p245": 0
"p246": 0
"p247": 0
"p248": 0.0006962202765688005
"p249": 0.00016746920166114393
"p250": 1.1290058538953523E-05
"p251": 0
