"p189": 5.8331969117926534E-05
"p190": 0
"p191": 0
"p192": 1.5053411385271363E-05
"p193": 0
"p194": 0
"p195": 0
"p196": 0.00010349220327374062
"p197": 2.2580117077907045E-05
"p198": 0
"p199": 0
"p200": 3.7633528463178407E-06
"p201": 0
"p202": 0
"p203": 0
"p204": 6.774035123372114E-05
"p205": 1.1290058538953523E-05
"p206": 0
"p207": 0
"p208": 0
"p209": 0
"p210": 0
"p211": 0
"p212": 0
"p213": 0
"p214": 0
"p215": 0
"p216": 0
"p217": 0
"p218": 0
"p219": 0
"p220": 0
"p221": 0
"p222": 0
"p223": 0
"p224": 0.0010782005904700614
"p225": 0.00024461793501065964
"p226": 3.387017561686057E-05
"p227": 0
"p228": 0.002022802154895839
"p229": 0.0005964914261413778
"p230": 0.00010537387969689955
"p231": 2.2580117077907045E-05
"p232": 0.0001768775837769385
"p233": 1.6935087808430286E-05
"p234": 0
"p235": 0
"p236": 0.0006548233952593043
"p237": 0.00018064093662325636
"p238": 1.8816764231589203E-05
"p239": 0
"p240": 0.00018252261304641527
"p241": 2.2580117077907045E-05
"p242": 0
"p243": 0
"p244": 0.0005099343106760674
"p245": 0.00013359902604428335
"p246": 1.1290058538953523E-05
"p247": 0
"p248": 1.6935087808430282E-05
"p249": 0
"p250": 0
"p251": 0
