"p189": 0.0001392440553137601
"p190": 1.1290058538953523E-05
"p191": 0
"p192": 0.0009370748587331424
"p193": 0.0003142399626675397
"p194": 5.456861627160869E-05
"p195": 1.1290058538953523E-05
"p196": 5.645029269476761E-06
"p197": 0
"p198": 0
"p199": 0
"p200": 0.0002671980520885667
"p201": 5.833196911792653E-05
"p202": 9.408382115794602E-06
"p203": 0
"p204": 0.000611544837526649
"p205": 0.00012042729108217089
"p206": 3.7633528463178407E-06
"p207": 0
"p208": 0.0006811668651835292
"p209": 0.0002615530228190899
"p210": 4.8923587002131926E-05
"p211": 1.1290058538953523E-05
"p212": 3.0106822770542726E-05
"p213": 3.7633528463178407E-06
"p214": 0
"p215": 0
"p216": 0.000284133139896997
"p217": 8.279376261899248E-05
"p218": 9.408382115794602E-06
"p219": 0
"p220": 0.0007018653058382772
"p221": 0.00019004931873905096
"p222": 1.5053411385271363E-05
"p223": 0
"p224": 0.0006228348960656026
"p225": 0.00014677076100639576
"p226": 5.645029269476761E-06
"p227": 0
"p228": 0
"p229": 0
"p230": 0
"p231": 0
"p232": 6.585867481056221E-05
"p233": 1.8816764231589204E-06
"p234": 0
"p235": 0
"p236": 0.0001486524374295547
"p237": 2.2580117077907045E-05
"p238": 3.7633528463178407E-06
"p239": 0
"p240": 0.0003180033155138575
"p241": 5.645029269476761E-05
"p242": 0
"p243": 0
"p244": 3.7633528463178407E-06
"p245": 3.7633528463178407E-06
"p246": 0
"p247": 0
"p248": 9.408382115794602E-06
"p249": 1.8816764231589204E-06
"p250": 0
"p251": 0
