"p189": 0.0002088660829706402
"p190": 1.3171734962112442E-05
"p191": 0
"p192": 0.0005757929854866296
"p193": 0.00018252261304641524
"p194": 2.0698440654748128E-05
"p195": 0
"p196": 0.0004158504895181214
"p197": 0.0001279539967748066
"p198": 2.2580117077907045E-05
"p199": 0
"p200": 0.0025628432883424497
"p201": 0.0009464832408489372
"p202": 0.00017311423093062066
"p203": 7.5267056926356815E-06
"p204": 0.0034622846186124134
"p205": 0.001431955758023938
"p206": 0.0003292933740528111
"p207": 4.1396881309496255E-05
"p208": 0
"p209": 0
"p210": 0
"p211": 0
"p212": 1.1290058538953523E-05
"p213": 0
"p214": 0
"p215": 0
"p216": 0
"p217": 0
"p218": 0
"p219": 0
"p220": 1.5053411385271363E-05
"p221": 0
"p222": 0
"p223": 0
"p224": 0.0002107477593937991
"p225": 2.6343469924224887E-05
"p226": 0
"p227": 0
"p228": 0.0003368200797454468
"p229": 6.774035123372113E-05
"p230": 0
"p231": 0
"p232": 0.0036259904674272397
"p233": 0.000965300005080526
"p234": 0.00012419064392848875
"p235": 7.5267056926356815E-06
"p236": 0.006004429466300116
"p237": 0.0018892031288515558
"p238": 0.0003292933740528111
"p239": 4.1396881309496255E-05
"p240": 0.00024085458216434183
"p241": 5.645029269476761E-05
"p242": 5.645029269476761E-06
"p243": 0
"p244": 0.00031235828624438084
"p245": 0.00011666393823585303
"p246": 1.1290058538953523E-05
"p247": 0
"p248": 0.0011929828522827554
"p249": 0.0002408545821643418
"p250": 2.2580117077907045E-05
"p251": 0
