"p189": 0.00019757602443168663
"p190": 5.645029269476761E-06
"p191": 0
"p192": 3.7633528463178407E-06
"p193": 0
"p194": 0
"p195": 0
"p196": 0
"p197": 0
"p198": 0
"p199": 0
"p200": 0.00028789649274331484
"p201": 3.387017561686057E-05
"p202": 0
"p203": 0
"p204": 9.408382115794602E-06
"p205": 1.8816764231589204E-06
"p206": 0
"p207": 0
"p208": 8.279376261899248E-05
"p209": 5.645029269476761E-06
"p210": 0
"p211": 0
"p212": 0
"p213": 0
"p214": 0
"p215": 0
"p216": 0.00022580117077907044
"p217": 4.516023415581409E-05
"p218": 0
"p219": 0
"p220": 1.8816764231589203E-05
"p221": 0
"p222": 0
"p223": 0
"p224": 0.00010349220327374062
"p225": 1.5053411385271363E-05
"p226": 0
"p227": 0
"p228": 0
"p229": 0
"p230": 0
"p231": 0
"p232": 0.0016464668702640551
"p233": 0.00045912904725077655
"p234": 4.516023415581409E-05
"p235": 0
"p236": 0.00026343469924224885
"p237": 9.408382115794602E-05
"p238": 1.6935087808430286E-05
"p239": 0
"p240": 0.00024085458216434183
"p241": 5.6450292694767617E-05
"p242": 5.645029269476761E-06
"p243": 0
"p244": 1.1290058538953523E-05
"p245": 0
"p246": 0
"p247": 0
"p248": 0.0016765736930345978
"p249": 0.0004779458114823658
"p250": 5.645029269476761E-05
"p251": 0
