"p189": 0.0005343961041771334
"p190": 3.387017561686057E-05
"p191": 0
"p192": 0.0006736401594908935
"p193": 0.0001768775837769385
"p194": 2.6343469924224884E-05
"p195": 0
"p196": 0
"p197": 0
"p198": 0
"p199": 0
"p200": 0.00022956452362538822
"p201": 3.7633528463178407E-05
"p202": 0
"p203": 0
"p204": 0.0001825226130464153
"p205": 4.516023415581409E-05
"p206": 0
"p207": 0
"p208": 0.00024838128785697745
"p209": 2.258011707790705E-05
"p210": 0
"p211": 0
"p212": 1.1290058538953523E-05
"p213": 0
"p214": 0
"p215": 0
"p216": 0.00016182417239166713
"p217": 1.8816764231589203E-05
"p218": 0
"p219": 0
"p220": 0.00030483158055174506
"p221": 9.032046831162818E-05
"p222": 1.5053411385271363E-05
"p223": 0
"p224": 0.004055012691907474
"p225": 0.001317173496211244
"p226": 0.0002220378179327526
"p227": 1.8816764231589203E-05
"p228": 5.645029269476761E-06
"p229": 0
"p230": 0
"p231": 0
"p232": 0.0025440265241108606
"p233": 0.0007244454229161843
"p234": 0.00011854561465901199
"p235": 2.2580117077907045E-05
"p236": 0.005133213282377536
"p237": 0.0014244290523313025
"p238": 0.00019569434800852773
"p239": 7.5267056926356815E-06
"p240": 0.00245746940864555
"p241": 0.0009050863595394406
"p242": 0.00018252261304641527
"p243": 1.8816764231589203E-05
"p244": 6.39769983874033E-05
"p245": 3.7633528463178407E-06
"p246": 0
"p247": 0
"p248": 0.0018289894833104705
"p249": 0.0006171898667961258
"p250": 0.00010161052685058171
"p251": 2.2580117077907045E-05
