"p189": 0.0001505341138527136
"p190": 1.1290058538953523E-05
"p191": 0
"p192": 4.1396881309496255E-05
"p193": 5.645029269476761E-06
"p194": 0
"p195": 0
"p196": 0
"p197": 0
"p198": 0
"p199": 0
"p200": 0.00010725555612005847
"p201": 2.2580117077907045E-05
"p202": 0
"p203": 0
"p204": 7.5267056926356815E-06
"p205": 0
"p206": 0
"p207": 0
"p208": 0
"p209": 0
"p210": 0
"p211": 0
"p212": 0
"p213": 0
"p214": 0
"p215": 0
"p216": 0
"p217": 0
"p218": 0
"p219": 0
"p220": 0
"p221": 0
"p222": 0
"p223": 0
"p224": 0.00024461793501065964
"p225": 6.774035123372114E-05
"p226": 5.645029269476761E-06
"p227": 0
"p228": 0
"p229": 0
"p230": 0
"p231": 0
"p232": 0.0016295317824556246
"p233": 0.0004873541935981603
"p234": 6.774035123372114E-05
"p235": 0
"p236": 0.0003706902553623073
"p237": 4.327855773265517E-05
"p238": 0
"p239": 0
"p240": 1.6935087808430286E-05
"p241": 3.7633528463178407E-06
"p242": 0
"p243": 0
"p244": 0
"p245": 0
"p246": 0
"p247": 0
"p248": 0.00034811013828440026
"p249": 8.467543904215143E-05
"p250": 1.1290058538953523E-05
"p251": 0
