"p189": 9.784717400426385E-05
"p190": 1.1290058538953523E-05
"p191": 0
"p192": 8.655711546531033E-05
"p193": 1.5053411385271363E-05
"p194": 0
"p195": 0
"p196": 0
"p197": 0
"p198": 0
"p199": 0
"p200": 0.0008505177432678319
"p201": 0.0002559079935496132
"p202": 3.387017561686057E-05
"p203": 0
"p204": 0.0001298356731979655
"p205": 1.5053411385271363E-05
"p206": 0
"p207": 0
"p208": 0.00018816764231589203
"p209": 5.6450292694767617E-05
"p210": 5.645029269476761E-06
"p211": 0
"p212": 0
"p213": 0
"p214": 0
"p215": 0
"p216": 0.000826055949766766
"p217": 0.00028789649274331484
"p218": 4.516023415581409E-05
"p219": 0
"p220": 0.00026343469924224885
"p221": 3.010682277054273E-05
"p222": 0
"p223": 0
"p224": 7.5267056926356815E-06
"p225": 5.645029269476761E-06
"p226": 0
"p227": 0
"p228": 0
"p229": 0
"p230": 0
"p231": 0
"p232": 0.0005099343106760674
"p233": 0.00013548070246744223
"p234": 0
"p235": 0
"p236": 1.1290058538953523E-05
"p237": 1.8816764231589204E-06
"p238": 0
"p239": 0
"p240": 7.150370408003898E-05
"p241": 2.8225146347383805E-05
"p242": 0
"p243": 0
"p244": 0
"p245": 0
"p246": 0
"p247": 0
"p248": 0.0003725719317854663
"p249": 7.150370408003898E-05
"p250": 0
"p251": 0
