"p189": 0.00025778966997277205
"p190": 1.8816764231589203E-05
"p191": 0
"p192": 0.00011101890896637629
"p193": 1.8816764231589203E-05
"p194": 0
"p195": 0
"p196": 0.0002333278764717061
"p197": 5.2686939848449775E-05
"p198": 5.645029269476761E-06
"p199": 0
"p200": 0.0006435333367203508
"p201": 0.00018064093662325636
"p202": 1.6935087808430286E-05
"p203": 0
"p204": 0.0012061545872448678
"p205": 0.00039891540170969113
"p206": 5.645029269476761E-05
"p207": 0
"p208": 0
"p209": 0
"p210": 0
"p211": 0
"p212": 1.8816764231589196E-05
"p213": 0
"p214": 0
"p215": 0
"p216": 0
"p217": 0
"p218": 0
"p219": 0
"p220": 1.1290058538953523E-05
"p221": 0
"p222": 0
"p223": 0
"p224": 2.0698440654748124E-05
"p225": 1.8816764231589204E-06
"p226": 0
"p227": 0
"p228": 9.972885042742278E-05
"p229": 2.2580117077907045E-05
"p230": 1.8816764231589204E-06
"p231": 0
"p232": 0.00034622846186124133
"p233": 8.27937626189925E-05
"p234": 5.645029269476761E-06
"p235": 0
"p236": 0.0012964750555564959
"p237": 0.00038198031390126086
"p238": 2.8225146347383808E-05
"p239": 0
"p240": 2.634346992422488E-05
"p241": 1.5053411385271363E-05
"p242": 0
"p243": 0
"p244": 0.0001110189089663763
"p245": 3.7633528463178407E-05
"p246": 5.645029269476761E-06
"p247": 0
"p248": 0.0003349384033222878
"p249": 0.0001129005853895352
"p250": 1.1290058538953523E-05
"p251": 0
