"p189": 3.7633528463178407E-06
"p190": 0
"p191": 0
"p192": 6.209532196424438E-05
"p193": 0
"p194": 0
"p195": 0
"p196": 1.1290058538953523E-05
"p197": 0
"p198": 0
"p199": 0
"p200": 0.0006585867481056222
"p201": 0.0001674692016611439
"p202": 1.1290058538953523E-05
"p203": 0
"p204": 0.00028036978705067917
"p205": 0.00012983567319796552
"p206": 1.6935087808430286E-05
"p207": 0
"p208": 1.3171734962112439E-05
"p209": 0
"p210": 0
"p211": 0
"p212": 0
"p213": 0
"p214": 0
"p215": 0
"p216": 1.1290058538953523E-05
"p217": 0
"p218": 0
"p219": 0
"p220": 0
"p221": 0
"p222": 0
"p223": 0
"p224": 2.0698440654748124E-05
"p225": 1.8816764231589204E-06
"p226": 1.8816764231589204E-06
"p227": 0
"p228": 0
"p229": 0
"p230": 0
"p231": 0
"p232": 0.0004647740765202534
"p233": 0.00011478226181269414
"p234": 5.645029269476761E-06
"p235": 0
"p236": 0.00010913723254321737
"p237": 6.0213645541085445E-05
"p238": 5.645029269476761E-06
"p239": 0
"p240": 2.8225146347383805E-05
"p241": 5.645029269476761E-06
"p242": 5.645029269476761E-06
"p243": 0
"p244": 0
"p245": 0
"p246": 0
"p247": 0
"p248": 0.0005005259285602728
"p249": 0.00013359902604428335
"p250": 5.645029269476761E-06
"p251": 0
