"p189": 0.00035563684397703593
"p190": 2.8225146347383805E-05
"p191": 0
"p192": 4.5160234155814084E-05
"p193": 3.7633528463178407E-06
"p194": 0
"p195": 0
"p196": 0.00012042729108217092
"p197": 2.258011707790705E-05
"p198": 0
"p199": 0
"p200": 0.0006341249546045562
"p201": 0.0001279539967748066
"p202": 1.1290058538953523E-05
"p203": 0
"p204": 0.001153467647396418
"p205": 0.00037257193178546626
"p206": 6.39769983874033E-05
"p207": 1.1290058538953523E-05
"p208": 0.00020510273012432236
"p209": 3.575185204001949E-05
"p210": 0
"p211": 0
"p212": 0.00015053411385271363
"p213": 6.021364554108545E-05
"p214": 1.1290058538953523E-05
"p215": 0
"p216": 0.0006792851887603702
"p217": 0.00016558752523798497
"p218": 2.2580117077907045E-05
"p219": 0
"p220": 0.001017986944928976
"p221": 0.0003725719317854662
"p222": 5.833196911792653E-05
"p223": 1.1290058538953523E-05
"p224": 1.8816764231589204E-06
"p225": 0
"p226": 0
"p227": 0
"p228": 1.5053411385271363E-05
"p229": 3.7633528463178407E-06
"p230": 0
"p231": 0
"p232": 0.00018252261304641527
"p233": 1.6935087808430286E-05
"p234": 0
"p235": 0
"p236": 0.0006774035123372113
"p237": 0.00014677076100639576
"p238": 5.645029269476761E-06
"p239": 0
"p240": 1.1290058538953523E-05
"p241": 0
"p242": 0
"p243": 0
"p244": 0.00010349220327374062
"p245": 3.387017561686057E-05
"p246": 0
"p247": 0
"p248": 5.2686939848449775E-05
"p249": 7.5267056926356815E-06
"p250": 0
"p251": 0
