"p189": 9.408382115794602E-06
"p190": 0
"p191": 0
"p192": 0.0003857436667475788
"p193": 6.585867481056221E-05
"p194": 0
"p195": 0
"p196": 5.645029269476761E-06
"p197": 0
"p198": 0
"p199": 0
"p200": 0.003981627311404276
"p201": 0.0014827610214492293
"p202": 0.00028225146347383805
"p203": 1.6935087808430282E-05
"p204": 0.0017913559548472918
"p205": 0.000496762575713955
"p206": 7.903040977267465E-05
"p207": 5.645029269476761E-06
"p208": 0.000658586748105622
"p209": 0.00019004931873905094
"p210": 2.0698440654748124E-05
"p211": 0
"p212": 7.338538050319788E-05
"p213": 1.5053411385271363E-05
"p214": 0
"p215": 0
"p216": 0.0034302961194187112
"p217": 0.0015203945499124077
"p218": 0.000353755167553877
"p219": 1.6935087808430282E-05
"p220": 0.0025082746720708413
"p221": 0.0009182580945015531
"p222": 0.00012607232035164766
"p223": 5.645029269476761E-06
"p224": 9.596549758110492E-05
"p225": 4.139688130949624E-05
"p226": 5.645029269476761E-06
"p227": 0
"p228": 0
"p229": 0
"p230": 0
"p231": 0
"p232": 0.0029843388071300477
"p233": 0.000920139770924712
"p234": 4.139688130949625E-05
"p235": 1.8816764231589204E-06
"p236": 0.0007884224213035876
"p237": 0.00011854561465901199
"p238": 1.1290058538953523E-05
"p239": 0
"p240": 0.00033117505047597004
"p241": 9.596549758110495E-05
"p242": 9.408382115794602E-06
"p243": 0
"p244": 0
"p245": 0
"p246": 0
"p247": 0
"p248": 0.002395374086681306
"p249": 0.0005946097497182189
"p250": 3.951520488633733E-05
"p251": 1.8816764231589204E-06
