"p189": 3.951520488633733E-05
"p190": 3.7633528463178407E-06
"p191": 0
"p192": 0.0025440265241108606
"p193": 0.0009013230066931228
"p194": 0.00017875926020009743
"p195": 1.8816764231589203E-05
"p196": 5.645029269476761E-06
"p197": 0
"p198": 0
"p199": 0
"p200": 0.0017650124849230668
"p201": 0.0005475678391392458
"p202": 0.00010349220327374062
"p203": 2.2580117077907045E-05
"p204": 0.0040324325748295675
"p205": 0.0012212079986301393
"p206": 0.00018816764231589206
"p207": 7.5267056926356815E-06
"p208": 0.0016521118995335318
"p209": 0.000683048541606688
"p210": 0.0001561791431221904
"p211": 1.8816764231589203E-05
"p212": 6.774035123372113E-05
"p213": 3.7633528463178407E-06
"p214": 0
"p215": 0
"p216": 0.0014902877271418648
"p217": 0.000545686162716087
"p218": 0.00010161052685058171
"p219": 2.2580117077907045E-05
"p220": 0.004021142516290614
"p221": 0.0015467380198366325
"p222": 0.00030106822770542725
"p223": 7.5267056926356815E-06
"p224": 0.0020980692118221962
"p225": 0.0006002547789876957
"p226": 6.962202765688006E-05
"p227": 0
"p228": 0
"p229": 0
"p230": 0
"p231": 0
"p232": 0.0008768612131920569
"p233": 0.0002671980520885667
"p234": 1.5053411385271365E-05
"p235": 0
"p236": 0.0014921694035650239
"p237": 0.0003010682277054273
"p238": 1.8816764231589203E-05
"p239": 0
"p240": 0.0010970173547016505
"p241": 0.00024461793501065964
"p242": 2.6343469924224884E-05
"p243": 0
"p244": 3.7633528463178407E-06
"p245": 3.7633528463178407E-06
"p246": 0
"p247": 0
"p248": 0.00033870175616860566
"p249": 9.784717400426387E-05
"p250": 0
"p251": 0
