"p189": 2.4461793501065963E-05
"p190": 9.408382115794602E-06
"p191": 0
"p192": 0.00019193099516220984
"p193": 6.39769983874033E-05
"p194": 0
"p195": 0
"p196": 3.3870175616860565E-05
"p197": 5.645029269476761E-06
"p198": 0
"p199": 0
"p200": 0.0024179542037592126
"p201": 0.0007940674505730644
"p202": 0.00015053411385271363
"p203": 9.408382115794602E-06
"p204": 0.0008260559497667659
"p205": 0.00030671325697490405
"p206": 8.091208619583358E-05
"p207": 1.1290058538953523E-05
"p208": 5.645029269476761E-06
"p209": 5.645029269476761E-06
"p210": 0
"p211": 0
"p212": 0
"p213": 0
"p214": 0
"p215": 0
"p216": 1.3171734962112442E-05
"p217": 7.5267056926356815E-06
"p218": 0
"p219": 0
"p220": 0
"p221": 0
"p222": 0
"p223": 0
"p224": 9.220214473478709E-05
"p225": 2.0698440654748124E-05
"p226": 1.8816764231589204E-06
"p227": 1.8816764231589204E-06
"p228": 0
"p229": 0
"p230": 0
"p231": 0
"p232": 0.002978693777860571
"p233": 0.0009295481530405066
"p234": 0.00017499590735377957
"p235": 9.408382115794602E-06
"p236": 0.0005720296326403118
"p237": 0.00022768284720222934
"p238": 7.33853805031979E-05
"p239": 1.1290058538953523E-05
"p240": 0.000188167642315892
"p241": 4.704191057897301E-05
"p242": 1.8816764231589204E-06
"p243": 1.8816764231589204E-06
"p244": 0
"p245": 0
"p246": 0
"p247": 0
"p248": 0.0009144947416552351
"p249": 0.0002464996114338186
"p250": 2.6343469924224887E-05
"p251": 0
