"p189": 7.5267056926356815E-06
"p190": 0
"p191": 0
"p192": 0.0005964914261413777
"p193": 0.00014112573173691902
"p194": 1.5053411385271363E-05
"p195": 0
"p196": 6.774035123372114E-05
"p197": 0
"p198": 0
"p199": 0
"p200": 0.00028789649274331484
"p201": 8.091208619583358E-05
"p202": 1.3171734962112442E-05
"p203": 0
"p204": 0.00046289240009709447
"p205": 0.00015241579027587253
"p206": 2.2580117077907045E-05
"p207": 0
"p208": 6.774035123372113E-05
"p209": 5.645029269476761E-06
"p210": 0
"p211": 0
"p212": 0
"p213": 0
"p214": 0
"p215": 0
"p216": 0
"p217": 0
"p218": 0
"p219": 0
"p220": 0
"p221": 0
"p222": 0
"p223": 0
"p224": 0.005889647204487422
"p225": 0.002058554006935859
"p226": 0.0003669269025159894
"p227": 2.8225146347383808E-05
"p228": 8.27937626189925E-05
"p229": 1.5053411385271363E-05
"p230": 0
"p231": 0
"p232": 0.0029881021599763666
"p233": 0.0012362614100154107
"p234": 0.0002784881106275202
"p235": 7.5267056926356815E-06
"p236": 0.004931873905099529
"p237": 0.0016107150182240355
"p238": 0.00023144620004854718
"p239": 1.1290058538953523E-05
"p240": 0.0018064093662325637
"p241": 0.000472300782212889
"p242": 4.327855773265517E-05
"p243": 1.8816764231589204E-06
"p244": 3.7633528463178407E-06
"p245": 0
"p246": 0
"p247": 0
"p248": 0.000777132362764634
"p249": 0.00022015614150959365
"p250": 3.575185204001949E-05
"p251": 0
