"p189": 2.8225146347383805E-05
"p190": 3.7633528463178407E-06
"p191": 0
"p192": 0.00039138869601705546
"p193": 0.00010537387969689954
"p194": 1.6935087808430286E-05
"p195": 0
"p196": 0.0011045440603942862
"p197": 0.0003575185204001949
"p198": 4.516023415581409E-05
"p199": 0
"p200": 8.467543904215143E-05
"p201": 3.575185204001949E-05
"p202": 0
"p203": 0
"p204": 0.0001956943480085277
"p205": 6.021364554108545E-05
"p206": 1.8816764231589204E-06
"p207": 0
"p208": 0.0005343961041771334
"p209": 0.00014488908458323686
"p210": 1.6935087808430286E-05
"p211": 0
"p212": 0.0010725555612005845
"p213": 0.00037069025536230727
"p214": 5.645029269476761E-05
"p215": 0
"p216": 0.0001561791431221904
"p217": 5.456861627160869E-05
"p218": 0
"p219": 0
"p220": 0.0004083237838254858
"p221": 0.00010913723254321737
"p222": 7.5267056926356815E-06
"p223": 0
"p224": 0.00011478226181269415
"p225": 2.8225146347383805E-05
"p226": 0
"p227": 0
"p228": 0.0006529417188361454
"p229": 0.0001787592602000974
"p230": 0
"p231": 0
"p232": 5.645029269476761E-06
"p233": 5.645029269476761E-06
"p234": 5.645029269476761E-06
"p235": 0
"p236": 2.2580117077907045E-05
"p237": 1.5053411385271363E-05
"p238": 5.645029269476761E-06
"p239": 0
"p240": 0.00015053411385271363
"p241": 4.704191057897301E-05
"p242": 0
"p243": 0
"p244": 0.0005720296326403117
"p245": 0.00013359902604428335
"p246": 0
"p247": 0
"p248": 5.645029269476761E-06
"p249": 5.645029269476761E-06
"p250": 5.645029269476761E-06
"p251": 0
