"p189": 6.021364554108545E-05
"p190": 7.5267056926356815E-06
"p191": 1.8816764231589204E-06
"p192": 0.0015674364604913804
"p193": 0.0005701479562171528
"p194": 0.0001110189089663763
"p195": 1.3171734962112444E-05
"p196": 0.0015486196962597914
"p197": 0.000613426513949808
"p198": 0.00013359902604428333
"p199": 1.8816764231589203E-05
"p200": 0.0008091208619583356
"p201": 0.0002483812878569775
"p202": 4.139688130949625E-05
"p203": 0
"p204": 0.0008881512717310104
"p205": 0.0003255300212064933
"p206": 4.704191057897301E-05
"p207": 0
"p208": 0
"p209": 0
"p210": 0
"p211": 0
"p212": 1.8816764231589203E-05
"p213": 9.408382115794602E-06
"p214": 0
"p215": 0
"p216": 0
"p217": 0
"p218": 0
"p219": 0
"p220": 0
"p221": 0
"p222": 0
"p223": 0
"p224": 0.0019456534215463233
"p225": 0.0005852013676024242
"p226": 0.00010725555612005845
"p227": 1.3171734962112444E-05
"p228": 0.002658808785923554
"p229": 0.0008599261253836267
"p230": 0.00017123255450746176
"p231": 1.8816764231589203E-05
"p232": 0.0005626212505245172
"p233": 0.00015617914312219037
"p234": 2.8225146347383805E-05
"p235": 3.7633528463178407E-06
"p236": 0.0005042892814065907
"p237": 0.0001486524374295547
"p238": 2.2580117077907045E-05
"p239": 1.8816764231589204E-06
"p240": 0.0005362777806002922
"p241": 0.0001580608195453493
"p242": 2.4461793501065963E-05
"p243": 0
"p244": 0.00099352515142791
"p245": 0.0003010682277054273
"p246": 3.7633528463178407E-05
"p247": 0
"p248": 9.596549758110493E-05
"p249": 3.010682277054273E-05
"p250": 3.7633528463178407E-06
"p251": 3.7633528463178407E-06
