"p189": 0.00023709122931802394
"p190": 2.6343469924224887E-05
"p191": 0
"p192": 0.001123360824625875
"p193": 0.0002784881106275202
"p194": 2.0698440654748124E-05
"p195": 1.8816764231589204E-06
"p196": 0
"p197": 0
"p198": 0
"p199": 0
"p200": 0.00035940019682335385
"p201": 7.903040977267465E-05
"p202": 1.8816764231589204E-06
"p203": 0
"p204": 0.0002671980520885667
"p205": 3.387017561686057E-05
"p206": 0
"p207": 0
"p208": 0.0005964914261413777
"p209": 0.00014112573173691902
"p210": 1.5053411385271363E-05
"p211": 0
"p212": 6.774035123372114E-05
"p213": 0
"p214": 0
"p215": 0
"p216": 0.00028789649274331484
"p217": 8.091208619583358E-05
"p218": 1.3171734962112442E-05
"p219": 0
"p220": 0.00046289240009709447
"p221": 0.00015241579027587253
"p222": 2.2580117077907045E-05
"p223": 0
"p224": 0.0038367382268210395
"p225": 0.0012212079986301393
"p226": 0.00018252261304641527
"p227": 1.3171734962112444E-05
"p228": 9.408382115794602E-06
"p229": 0
"p230": 0
"p231": 0
"p232": 0.0018835580995820791
"p233": 0.0007319721286088199
"p234": 0.0001298356731979655
"p235": 3.7633528463178407E-06
"p236": 0.002606121846075106
"p237": 0.0006284799253350795
"p238": 9.4083821157946E-05
"p239": 5.645029269476761E-06
"p240": 0.0034265327665723945
"p241": 0.001234379733592252
"p242": 0.00022203781793275258
"p243": 1.5053411385271365E-05
"p244": 7.714873334951573E-05
"p245": 1.5053411385271363E-05
"p246": 0
"p247": 0
"p248": 0.0020133937727800453
"p249": 0.000805357509112018
"p250": 0.00018252261304641527
"p251": 3.7633528463178407E-06
