"p189": 0.0005757929854866297
"p190": 7.526705692635681E-05
"p191": 0
"p192": 0
"p193": 0
"p194": 0
"p195": 0
"p196": 9.596549758110495E-05
"p197": 1.8816764231589204E-06
"p198": 0
"p199": 0
"p200": 0.00018440428946957417
"p201": 2.6343469924224887E-05
"p202": 1.8816764231589204E-06
"p203": 0
"p204": 0.001433837434447097
"p205": 0.0003462284618612413
"p206": 2.0698440654748124E-05
"p207": 1.8816764231589204E-06
"p208": 1.1290058538953523E-05
"p209": 0
"p210": 0
"p211": 0
"p212": 0.00033493840332228785
"p213": 3.7633528463178407E-05
"p214": 3.7633528463178407E-06
"p215": 0
"p216": 0.0001749959073537796
"p217": 2.4461793501065966E-05
"p218": 1.8816764231589204E-06
"p219": 0
"p220": 0.000831700979036243
"p221": 0.00021074775939379907
"p222": 2.6343469924224884E-05
"p223": 0
"p224": 7.903040977267465E-05
"p225": 1.5053411385271363E-05
"p226": 1.8816764231589204E-06
"p227": 0
"p228": 0.00038950701959389653
"p229": 6.774035123372113E-05
"p230": 0
"p231": 0
"p232": 0.0018101727190788812
"p233": 0.0004986442521371139
"p234": 8.46754390421514E-05
"p235": 5.645029269476761E-06
"p236": 0.005912227321565329
"p237": 0.002017157125626362
"p238": 0.0003161216390906986
"p239": 1.6935087808430282E-05
"p240": 0.00028977816916647367
"p241": 8.279376261899251E-05
"p242": 1.1290058538953523E-05
"p243": 0
"p244": 0.0006905752472993235
"p245": 0.0002051027301243223
"p246": 2.0698440654748124E-05
"p247": 0
"p248": 0.0018346345125799474
"p249": 0.0006284799253350794
"p250": 0.0001016105268505817
"p251": 5.645029269476761E-06
