"p189": 0.00019945770085484557
"p190": 2.2580117077907045E-05
"p191": 0
"p192": 0.0006868118944530059
"p193": 0.0002145111122401169
"p194": 3.387017561686057E-05
"p195": 0
"p196": 3.7633528463178407E-06
"p197": 0
"p198": 0
"p199": 0
"p200": 0.00016370584881482606
"p201": 4.1396881309496255E-05
"p202": 0
"p203": 0
"p204": 0.00023520955289486501
"p205": 3.951520488633733E-05
"p206": 1.8816764231589204E-06
"p207": 0
"p208": 0.0006284799253350793
"p209": 0.00023709122931802397
"p210": 4.516023415581409E-05
"p211": 0
"p212": 3.7633528463178407E-05
"p213": 7.5267056926356815E-06
"p214": 0
"p215": 0
"p216": 0.0002051027301243223
"p217": 5.2686939848449775E-05
"p218": 0
"p219": 0
"p220": 0.0003913886960170554
"p221": 7.150370408003898E-05
"p222": 7.5267056926356815E-06
"p223": 0
"p224": 0.0004459573122886641
"p225": 0.00012607232035164766
"p226": 0
"p227": 0
"p228": 0
"p229": 0
"p230": 0
"p231": 0
"p232": 6.39769983874033E-05
"p233": 9.408382115794602E-06
"p234": 0
"p235": 0
"p236": 3.0106822770542726E-05
"p237": 1.3171734962112444E-05
"p238": 1.8816764231589204E-06
"p239": 0
"p240": 0.00035563684397703593
"p241": 6.585867481056221E-05
"p242": 0
"p243": 0
"p244": 9.408382115794602E-06
"p245": 5.645029269476761E-06
"p246": 0
"p247": 0
"p248": 2.2580117077907045E-05
"p249": 5.645029269476761E-06
"p250": 0
"p251": 0
