"p189": 0.000353755167553877
"p190": 4.516023415581409E-05
"p191": 0
"p192": 6.962202765688006E-05
"p193": 1.1290058538953523E-05
"p194": 0
"p195": 0
"p196": 0
"p197": 0
"p198": 0
"p199": 0
"p200": 0.00010161052685058171
"p201": 2.2580117077907045E-05
"p202": 0
"p203": 0
"p204": 1.8816764231589203E-05
"p205": 0
"p206": 0
"p207": 0
"p208": 0
"p209": 0
"p210": 0
"p211": 0
"p212": 0
"p213": 0
"p214": 0
"p215": 0
"p216": 0
"p217": 0
"p218": 0
"p219": 0
"p220": 0
"p221": 0
"p222": 0
"p223": 0
"p224": 0.0002747247577812024
"p225": 7.150370408003898E-05
"p226": 1.1290058538953523E-05
"p227": 0
"p228": 0
"p229": 0
"p230": 0
"p231": 0
"p232": 0.00228247350129177
"p233": 0.0006341249546045561
"p234": 0.00010537387969689955
"p235": 2.2580117077907045E-05
"p236": 0.0009991701806973867
"p237": 0.0001749959073537796
"p238": 0
"p239": 0
"p240": 7.5267056926356815E-06
"p241": 0
"p242": 0
"p243": 0
"p244": 0
"p245": 0
"p246": 0
"p247": 0
"p248": 0.0005306327513308154
"p249": 0.00013548070246744229
"p250": 1.1290058538953523E-05
"p251": 0
