"p189": 0.0004102054602486446
"p190": 1.8816764231589203E-05
"p191": 0
"p192": 3.0106822770542726E-05
"p193": 0
"p194": 0
"p195": 0
"p196": 0
"p197": 0
"p198": 0
"p199": 0
"p200": 0.0009107313888089175
"p201": 0.00021451111224011693
"p202": 2.6343469924224884E-05
"p203": 0
"p204": 9.784717400426385E-05
"p205": 2.2580117077907045E-05
"p206": 0
"p207": 0
"p208": 0.00015806081954534927
"p209": 1.8816764231589203E-05
"p210": 0
"p211": 0
"p212": 0
"p213": 0
"p214": 0
"p215": 0
"p216": 0.00042149551878759814
"p217": 4.1396881309496255E-05
"p218": 0
"p219": 0
"p220": 9.784717400426385E-05
"p221": 2.2580117077907045E-05
"p222": 0
"p223": 0
"p224": 0.00041396881309496247
"p225": 0.00010537387969689955
"p226": 1.1290058538953523E-05
"p227": 0
"p228": 9.408382115794602E-06
"p229": 0
"p230": 0
"p231": 0
"p232": 0.006365711339546629
"p233": 0.0019757602443168662
"p234": 0.0003292933740528111
"p235": 4.1396881309496255E-05
"p236": 0.004493443298503503
"p237": 0.0012644865563627944
"p238": 0.00018440428946957417
"p239": 7.5267056926356815E-06
"p240": 0.00032364834478333426
"p241": 0.00012042729108217089
"p242": 2.2580117077907045E-05
"p243": 0
"p244": 0.00010349220327374062
"p245": 1.5053411385271363E-05
"p246": 0
"p247": 0
"p248": 0.004094527896793811
"p249": 0.001445127492986051
"p250": 0.00027284308135804345
"p251": 4.1396881309496255E-05
