"p189": 2.0698440654748124E-05
"p190": 0
"p191": 0
"p192": 1.8816764231589203E-05
"p193": 0
"p194": 0
"p195": 0
"p196": 0.000165587525237985
"p197": 3.0106822770542726E-05
"p198": 0
"p199": 0
"p200": 0
"p201": 0
"p202": 0
"p203": 0
"p204": 1.6935087808430286E-05
"p205": 1.6935087808430286E-05
"p206": 0
"p207": 0
"p208": 3.0106822770542726E-05
"p209": 0
"p210": 0
"p211": 0
"p212": 0.00010537387969689955
"p213": 2.2580117077907045E-05
"p214": 0
"p215": 0
"p216": 0
"p217": 0
"p218": 0
"p219": 0
"p220": 2.6343469924224884E-05
"p221": 1.1290058538953523E-05
"p222": 1.1290058538953523E-05
"p223": 0
"p224": 0.00027284308135804345
"p225": 7.903040977267466E-05
"p226": 1.6935087808430286E-05
"p227": 0
"p228": 0.0004403122830191874
"p229": 0.00014112573173691902
"p230": 1.1290058538953523E-05
"p231": 0
"p232": 7.526705692635681E-05
"p233": 3.387017561686057E-05
"p234": 0
"p235": 0
"p236": 4.327855773265517E-05
"p237": 2.2580117077907045E-05
"p238": 0
"p239": 0
"p240": 0.0003706902553623073
"p241": 0.0001016105268505817
"p242": 1.6935087808430286E-05
"p243": 0
"p244": 0.0005287510749076567
"p245": 0.00016558752523798497
"p246": 1.1290058538953523E-05
"p247": 0
"p248": 0.00014112573173691902
"p249": 5.080526342529084E-05
"p250": 0
"p251": 0
