"p189": 8.843879188846926E-05
"p190": 0
"p191": 0
"p192": 0.00012042729108217092
"p193": 2.258011707790705E-05
"p194": 0
"p195": 0
"p196": 0
"p197": 0
"p198": 0
"p199": 0
"p200": 0.0011929828522827554
"p201": 0.00037257193178546626
"p202": 6.39769983874033E-05
"p203": 1.1290058538953523E-05
"p204": 0.00040832378382548573
"p205": 6.962202765688005E-05
"p206": 0
"p207": 0
"p208": 0.00015053411385271363
"p209": 6.021364554108545E-05
"p210": 1.1290058538953523E-05
"p211": 0
"p212": 0
"p213": 0
"p214": 0
"p215": 0
"p216": 0.0009671816815036851
"p217": 0.00034434678543808245
"p218": 5.833196911792653E-05
"p219": 1.1290058538953523E-05
"p220": 0.0006247165724887617
"p221": 0.00012230896750532982
"p222": 0
"p223": 0
"p224": 1.5053411385271363E-05
"p225": 3.7633528463178407E-06
"p226": 0
"p227": 0
"p228": 0
"p229": 0
"p230": 0
"p231": 0
"p232": 0.0006886935708761648
"p233": 0.00014865243742955467
"p234": 5.645029269476761E-06
"p235": 0
"p236": 0.00011290058538953522
"p237": 9.408382115794602E-06
"p238": 0
"p239": 0
"p240": 0.00010349220327374062
"p241": 3.387017561686057E-05
"p242": 0
"p243": 0
"p244": 0
"p245": 0
"p246": 0
"p247": 0
"p248": 0.0003217666683601754
"p249": 5.833196911792654E-05
"p250": 0
"p251": 0
