"p189": 7.150370408003898E-05
"p190": 5.645029269476761E-06
"p191": 0
"p192": 0
"p193": 0
"p194": 0
"p195": 0
"p196": 5.645029269476761E-06
"p197": 0
"p198": 0
"p199": 0
"p200": 1.8816764231589203E-05
"p201": 0
"p202": 0
"p203": 0
"p204": 0.000165587525237985
"p205": 3.0106822770542726E-05
"p206": 0
"p207": 0
"p208": 0
"p209": 0
"p210": 0
"p211": 0
"p212": 5.4568616271608685E-05
"p213": 0
"p214": 0
"p215": 0
"p216": 3.0106822770542726E-05
"p217": 0
"p218": 0
"p219": 0
"p220": 9.408382115794602E-05
"p221": 2.2580117077907045E-05
"p222": 0
"p223": 0
"p224": 7.5267056926356815E-06
"p225": 0
"p226": 0
"p227": 0
"p228": 1.8816764231589203E-05
"p229": 0
"p230": 0
"p231": 0
"p232": 0.0003292933740528111
"p233": 9.596549758110495E-05
"p234": 1.6935087808430286E-05
"p235": 0
"p236": 0.0004478389887118231
"p237": 0.00014677076100639576
"p238": 1.1290058538953523E-05
"p239": 0
"p240": 8.467543904215141E-05
"p241": 1.1290058538953523E-05
"p242": 0
"p243": 0
"p244": 7.903040977267466E-05
"p245": 0
"p246": 0
"p247": 0
"p248": 0.000472300782212889
"p249": 0.00013548070246744229
"p250": 1.6935087808430286E-05
"p251": 0
