"p189": 0.0008655711546531033
"p190": 8.27937626189925E-05
"p191": 1.8816764231589204E-06
"p192": 3.7633528463178407E-05
"p193": 7.5267056926356815E-06
"p194": 0
"p195": 0
"p196": 0.00017123255450746176
"p197": 5.2686939848449775E-05
"p198": 5.645029269476761E-06
"p199": 0
"p200": 0.0002295645236253883
"p201": 4.516023415581409E-05
"p202": 0
"p203": 0
"p204": 0.0009333115058868244
"p205": 0.00030106822770542725
"p206": 4.516023415581409E-05
"p207": 0
"p208": 0
"p209": 0
"p210": 0
"p211": 0
"p212": 5.645029269476761E-06
"p213": 0
"p214": 0
"p215": 0
"p216": 0
"p217": 0
"p218": 0
"p219": 0
"p220": 0
"p221": 0
"p222": 0
"p223": 0
"p224": 7.5267056926356815E-06
"p225": 0
"p226": 0
"p227": 0
"p228": 7.903040977267465E-05
"p229": 2.0698440654748124E-05
"p230": 0
"p231": 0
"p232": 0.00012042729108217089
"p233": 1.8816764231589207E-05
"p234": 0
"p235": 0
"p236": 0.001017986944928976
"p237": 0.0002860148163201559
"p238": 2.258011707790705E-05
"p239": 0
"p240": 7.5267056926356815E-06
"p241": 1.8816764231589204E-06
"p242": 0
"p243": 0
"p244": 8.655711546531032E-05
"p245": 3.198849919370165E-05
"p246": 0
"p247": 0
"p248": 6.585867481056221E-05
"p249": 1.3171734962112442E-05
"p250": 0
"p251": 0
