"p189": 3.951520488633733E-05
"p190": 1.8816764231589204E-06
"p191": 0
"p192": 0.0014244290523313025
"p193": 0.0005419228098697691
"p194": 8.655711546531032E-05
"p195": 5.645029269476761E-06
"p196": 0.003245891829949137
"p197": 0.0014225473759081437
"p198": 0.0003349384033222878
"p199": 1.6935087808430282E-05
"p200": 0.0003198849919370165
"p201": 0.0001016105268505817
"p202": 1.8816764231589203E-05
"p203": 0
"p204": 0.0018779130703126027
"p205": 0.0006811668651835292
"p206": 8.655711546531033E-05
"p207": 0
"p208": 5.645029269476761E-06
"p209": 0
"p210": 0
"p211": 0
"p212": 6.774035123372113E-05
"p213": 5.645029269476761E-06
"p214": 0
"p215": 0
"p216": 0
"p217": 0
"p218": 0
"p219": 0
"p220": 0
"p221": 0
"p222": 0
"p223": 0
"p224": 0.001578726519030334
"p225": 0.00042525887163391595
"p226": 6.962202765688005E-05
"p227": 5.645029269476761E-06
"p228": 0.005136976635223854
"p229": 0.0018892031288515556
"p230": 0.00026343469924224885
"p231": 1.8816764231589203E-05
"p232": 0.0002483812878569775
"p233": 8.091208619583357E-05
"p234": 1.5053411385271365E-05
"p235": 0
"p236": 0.0008279376261899248
"p237": 0.00025967134639593104
"p238": 3.3870175616860565E-05
"p239": 0
"p240": 0.0009916434750047508
"p241": 0.00016182417239166716
"p242": 1.5053411385271363E-05
"p243": 0
"p244": 0.0027886444591215206
"p245": 0.0007451438635709325
"p246": 6.962202765688006E-05
"p247": 1.8816764231589204E-06
"p248": 0.0001129005853895352
"p249": 1.8816764231589203E-05
"p250": 1.8816764231589204E-06
"p251": 0
