"p189": 2.8225146347383805E-05
"p190": 0
"p191": 0
"p192": 0.00024838128785697745
"p193": 2.258011707790705E-05
"p194": 0
"p195": 0
"p196": 1.1290058538953523E-05
"p197": 0
"p198": 0
"p199": 0
"p200": 0.00016182417239166713
"p201": 1.8816764231589203E-05
"p202": 0
"p203": 0
"p204": 0.00030483158055174506
"p205": 9.032046831162818E-05
"p206": 1.5053411385271363E-05
"p207": 0
"p208": 3.3870175616860565E-05
"p209": 0
"p210": 0
"p211": 0
"p212": 0
"p213": 0
"p214": 0
"p215": 0
"p216": 0
"p217": 0
"p218": 0
"p219": 0
"p220": 0
"p221": 0
"p222": 0
"p223": 0
"p224": 0.005682662797939941
"p225": 0.0019042565402368273
"p226": 0.0003819803139012608
"p227": 3.7633528463178407E-05
"p228": 6.962202765688006E-05
"p229": 3.7633528463178407E-06
"p230": 0
"p231": 0
"p232": 0.0035789485568482665
"p233": 0.001065028855507949
"p234": 0.00019757602443168663
"p235": 4.516023415581409E-05
"p236": 0.008269967879783456
"p237": 0.0027039690200793684
"p238": 0.00047418245863604794
"p239": 1.5053411385271363E-05
"p240": 0.0011986278815522323
"p241": 0.000355636843977036
"p242": 3.7633528463178407E-05
"p243": 0
"p244": 0
"p245": 0
"p246": 0
"p247": 0
"p248": 0.0007808957156109522
"p249": 0.00016182417239166719
"p250": 0
"p251": 0
