"p189": 0.0006886935708761649
"p190": 9.596549758110493E-05
"p191": 0
"p192": 0.0004158504895181214
"p193": 0.0001298356731979655
"p194": 1.8816764231589203E-05
"p195": 0
"p196": 0
"p197": 0
"p198": 0
"p199": 0
"p200": 0.00012419064392848875
"p201": 3.951520488633733E-05
"p202": 3.7633528463178407E-06
"p203": 0
"p204": 8.091208619583358E-05
"p205": 1.6935087808430286E-05
"p206": 1.1290058538953523E-05
"p207": 0
"p208": 0.00024085458216434178
"p209": 6.39769983874033E-05
"p210": 7.5267056926356815E-06
"p211": 0
"p212": 1.3171734962112442E-05
"p213": 5.645029269476761E-06
"p214": 0
"p215": 0
"p216": 0.00014488908458323686
"p217": 4.704191057897301E-05
"p218": 7.5267056926356815E-06
"p219": 0
"p220": 0.00023709122931802392
"p221": 4.892358700213193E-05
"p222": 7.5267056926356815E-06
"p223": 7.5267056926356815E-06
"p224": 0.0025045113192245227
"p225": 0.0008486360668446732
"p226": 0.00016182417239166713
"p227": 1.8816764231589203E-05
"p228": 5.645029269476761E-06
"p229": 0
"p230": 0
"p231": 0
"p232": 0.0017913559548472923
"p233": 0.0005080526342529085
"p234": 6.962202765688006E-05
"p235": 1.8816764231589204E-06
"p236": 0.001478997668602911
"p237": 0.0004384306065960284
"p238": 6.39769983874033E-05
"p239": 1.1290058538953523E-05
"p240": 0.0018459245711189003
"p241": 0.0006886935708761649
"p242": 0.0001467707610063958
"p243": 1.8816764231589203E-05
"p244": 3.575185204001949E-05
"p245": 7.5267056926356815E-06
"p246": 0
"p247": 0
"p248": 0.0017857109255778156
"p249": 0.0006077814846803313
"p250": 9.784717400426388E-05
"p251": 1.8816764231589204E-06
