"p189": 9.408382115794602E-06
"p190": 1.8816764231589204E-06
"p191": 0
"p192": 0.00033117505047596993
"p193": 0.00010913723254321738
"p194": 1.1290058538953523E-05
"p195": 0
"p196": 7.5267056926356815E-06
"p197": 0
"p198": 0
"p199": 0
"p200": 0.0003274116976296522
"p201": 7.526705692635681E-05
"p202": 0
"p203": 0
"p204": 0.0003537551675538771
"p205": 0.0001467707610063958
"p206": 1.6935087808430286E-05
"p207": 0
"p208": 1.1290058538953523E-05
"p209": 0
"p210": 0
"p211": 0
"p212": 3.7633528463178407E-06
"p213": 0
"p214": 0
"p215": 0
"p216": 0
"p217": 0
"p218": 0
"p219": 0
"p220": 0
"p221": 0
"p222": 0
"p223": 0
"p224": 0.00031988499193701646
"p225": 9.972885042742276E-05
"p226": 5.645029269476761E-06
"p227": 0
"p228": 0
"p229": 0
"p230": 0
"p231": 0
"p232": 0.00014488908458323686
"p233": 2.6343469924224887E-05
"p234": 5.645029269476761E-06
"p235": 0
"p236": 0.0001298356731979655
"p237": 6.58586748105622E-05
"p238": 9.408382115794602E-06
"p239": 0
"p240": 0.0003612818732465127
"p241": 0.00011854561465901199
"p242": 5.645029269476761E-06
"p243": 0
"p244": 0
"p245": 0
"p246": 0
"p247": 0
"p248": 0.0001542974666990315
"p249": 3.5751852040019496E-05
"p250": 5.645029269476761E-06
"p251": 0
