"p189": 5.456861627160869E-05
"p190": 7.5267056926356815E-06
"p191": 1.8816764231589204E-06
"p192": 0.001783829249154656
"p193": 0.0006529417188361454
"p194": 0.0001373623788906012
"p195": 1.8816764231589203E-05
"p196": 5.645029269476761E-06
"p197": 0
"p198": 0
"p199": 0
"p200": 0.0014488908458323685
"p201": 0.00044407563586550526
"p202": 6.39769983874033E-05
"p203": 1.8816764231589204E-06
"p204": 0.0012230896750532979
"p205": 0.0003970337252865322
"p206": 6.774035123372114E-05
"p207": 1.1290058538953523E-05
"p208": 0.0013980855824070777
"p209": 0.000543804486292928
"p210": 0.00012419064392848873
"p211": 1.8816764231589203E-05
"p212": 4.139688130949625E-05
"p213": 9.408382115794602E-06
"p214": 0
"p215": 0
"p216": 0.0016596386052261677
"p217": 0.0005626212505245173
"p218": 9.03204683116282E-05
"p219": 1.8816764231589204E-06
"p220": 0.0014940510799881822
"p221": 0.0005475678391392458
"p222": 0.00010349220327374062
"p223": 1.1290058538953523E-05
"p224": 0.0012155629693606626
"p225": 0.00037821696105494294
"p226": 4.704191057897301E-05
"p227": 0
"p228": 0
"p229": 0
"p230": 0
"p231": 0
"p232": 0.0004817091643286836
"p233": 9.4083821157946E-05
"p234": 5.645029269476761E-06
"p235": 3.7633528463178407E-06
"p236": 0.0003424651090149234
"p237": 0.00010349220327374059
"p238": 2.8225146347383798E-05
"p239": 1.8816764231589204E-06
"p240": 0.0006943386001456417
"p241": 0.0002069844065474812
"p242": 2.8225146347383808E-05
"p243": 0
"p244": 3.7633528463178407E-06
"p245": 3.7633528463178407E-06
"p246": 0
"p247": 0
"p248": 0.0002145111122401169
"p249": 6.021364554108546E-05
"p250": 3.7633528463178407E-06
"p251": 3.7633528463178407E-06
