"p189": 0.0001768775837769385
"p190": 9.408382115794602E-06
"p191": 0
"p192": 3.198849919370165E-05
"p193": 1.8816764231589204E-06
"p194": 0
"p195": 0
"p196": 0.0002671980520885667
"p197": 3.387017561686057E-05
"p198": 0
"p199": 0
"p200": 0
"p201": 0
"p202": 0
"p203": 0
"p204": 1.6935087808430286E-05
"p205": 1.6935087808430286E-05
"p206": 0
"p207": 0
"p208": 3.575185204001949E-05
"p209": 0
"p210": 0
"p211": 0
"p212": 0.00020698440654748124
"p213": 4.516023415581409E-05
"p214": 0
"p215": 0
"p216": 5.645029269476761E-06
"p217": 0
"p218": 0
"p219": 0
"p220": 6.209532196424438E-05
"p221": 1.6935087808430286E-05
"p222": 1.1290058538953523E-05
"p223": 0
"p224": 0.00043466725374971066
"p225": 0.00010537387969689954
"p226": 1.6935087808430286E-05
"p227": 0
"p228": 0.0014187840230618259
"p229": 0.00043090390090339274
"p230": 4.516023415581409E-05
"p231": 0
"p232": 8.467543904215143E-05
"p233": 3.575185204001949E-05
"p234": 0
"p235": 0
"p236": 0.00019381267158536877
"p237": 5.456861627160869E-05
"p238": 1.8816764231589204E-06
"p239": 0
"p240": 0.0005776746619097885
"p241": 0.0001467707610063958
"p242": 1.6935087808430286E-05
"p243": 0
"p244": 0.001360452053943899
"p245": 0.0004346672537497106
"p246": 5.645029269476761E-05
"p247": 0
"p248": 0.0001561791431221904
"p249": 5.456861627160869E-05
"p250": 0
"p251": 0
