"p189": 0.0002069844065474812
"p190": 1.3171734962112442E-05
"p191": 0
"p192": 0.00027284308135804345
"p193": 8.279376261899251E-05
"p194": 1.1290058538953523E-05
"p195": 0
"p196": 0.0006905752472993235
"p197": 0.00020133937727800444
"p198": 2.0698440654748124E-05
"p199": 0
"p200": 0.001606951665377718
"p201": 0.0006021364554108546
"p202": 9.972885042742277E-05
"p203": 5.645029269476761E-06
"p204": 0.004137806454526467
"p205": 0.001781947572731497
"p206": 0.00038009863747810193
"p207": 1.6935087808430282E-05
"p208": 0
"p209": 0
"p210": 0
"p211": 0
"p212": 5.080526342529086E-05
"p213": 0
"p214": 0
"p215": 0
"p216": 5.645029269476761E-06
"p217": 0
"p218": 0
"p219": 0
"p220": 4.516023415581409E-05
"p221": 5.645029269476761E-06
"p222": 0
"p223": 0
"p224": 5.8331969117926534E-05
"p225": 5.645029269476761E-06
"p226": 0
"p227": 0
"p228": 0.00030483158055174517
"p229": 7.338538050319788E-05
"p230": 5.645029269476761E-06
"p231": 0
"p232": 0.0017330239857293657
"p233": 0.0004666557529434122
"p234": 7.714873334951573E-05
"p235": 5.645029269476761E-06
"p236": 0.0054079380401587385
"p237": 0.0019663518622010717
"p238": 0.0002690797285117256
"p239": 1.8816764231589203E-05
"p240": 0.00012419064392848873
"p241": 1.8816764231589203E-05
"p242": 0
"p243": 0
"p244": 0.0004666557529434121
"p245": 0.0001298356731979655
"p246": 9.408382115794602E-06
"p247": 0
"p248": 0.0010085785628131813
"p249": 0.0001561791431221904
"p250": 1.5053411385271363E-05
"p251": 0
