"p189": 0.0001862859658927331
"p190": 4.139688130949625E-05
"p191": 5.645029269476761E-06
"p192": 0
"p193": 0
"p194": 0
"p195": 0
"p196": 1.5053411385271365E-05
"p197": 1.1290058538953524E-05
"p198": 0
"p199": 0
"p200": 0.00010913723254321738
"p201": 2.4461793501065963E-05
"p202": 0
"p203": 0
"p204": 0.00034999181470755914
"p205": 0.000141125731736919
"p206": 2.2580117077907045E-05
"p207": 0
"p208": 3.7633528463178407E-06
"p209": 0
"p210": 0
"p211": 0
"p212": 9.032046831162818E-05
"p213": 3.0106822770542726E-05
"p214": 0
"p215": 0
"p216": 0.00013359902604428335
"p217": 2.6343469924224884E-05
"p218": 0
"p219": 0
"p220": 0.00021827446508643474
"p221": 6.774035123372114E-05
"p222": 1.5053411385271363E-05
"p223": 0
"p224": 0.0001279539967748066
"p225": 3.575185204001949E-05
"p226": 0
"p227": 0
"p228": 0.00015429746669903143
"p229": 3.575185204001949E-05
"p230": 0
"p231": 0
"p232": 0.0019701152150473898
"p233": 0.0005701479562171529
"p234": 8.655711546531033E-05
"p235": 1.3171734962112444E-05
"p236": 0.0017668941613462256
"p237": 0.0006040181318340134
"p238": 0.00011666393823585305
"p239": 7.5267056926356815E-06
"p240": 0.00033117505047597004
"p241": 9.596549758110492E-05
"p242": 9.408382115794602E-06
"p243": 0
"p244": 0.00022203781793275258
"p245": 6.962202765688005E-05
"p246": 0
"p247": 0
"p248": 0.0017913559548472916
"p249": 0.0005927280732950598
"p250": 0.00011478226181269414
"p251": 1.3171734962112444E-05
