"p189": 1.6935087808430286E-05
"p190": 0
"p191": 0
"p192": 7.5267056926356815E-06
"p193": 0
"p194": 0
"p195": 0
"p196": 2.0698440654748124E-05
"p197": 0
"p198": 0
"p199": 0
"p200": 0.0003010682277054273
"p201": 9.596549758110495E-05
"p202": 1.6935087808430286E-05
"p203": 0
"p204": 0.00035751852040019486
"p205": 0.00012607232035164766
"p206": 1.1290058538953523E-05
"p207": 0
"p208": 8.467543904215141E-05
"p209": 1.1290058538953523E-05
"p210": 0
"p211": 0
"p212": 9.220214473478709E-05
"p213": 0
"p214": 0
"p215": 0
"p216": 0.0004421939594423463
"p217": 0.00013548070246744229
"p218": 1.6935087808430286E-05
"p219": 0
"p220": 0.0003932703724402144
"p221": 0.00014488908458323686
"p222": 1.1290058538953523E-05
"p223": 0
"p224": 1.8816764231589204E-06
"p225": 1.8816764231589204E-06
"p226": 0
"p227": 0
"p228": 1.8816764231589204E-06
"p229": 1.8816764231589204E-06
"p230": 1.8816764231589204E-06
"p231": 0
"p232": 8.655711546531035E-05
"p233": 2.6343469924224887E-05
"p234": 0
"p235": 0
"p236": 0.0001580608195453493
"p237": 4.327855773265517E-05
"p238": 0
"p239": 0
"p240": 1.3171734962112442E-05
"p241": 1.3171734962112442E-05
"p242": 0
"p243": 0
"p244": 2.0698440654748124E-05
"p245": 5.645029269476761E-06
"p246": 5.645029269476761E-06
"p247": 0
"p248": 0.00012795399677480656
"p249": 4.139688130949625E-05
"p250": 0
"p251": 0
