"p189": 0.00018252261304641527
"p190": 1.6935087808430282E-05
"p191": 0
"p192": 0.00016746920166114393
"p193": 2.6343469924224887E-05
"p194": 1.8816764231589204E-06
"p195": 0
"p196": 0.0014281924051776204
"p197": 0.0003462284618612413
"p198": 2.0698440654748124E-05
"p199": 1.8816764231589204E-06
"p200": 1.6935087808430286E-05
"p201": 0
"p202": 0
"p203": 0
"p204": 0.000165587525237985
"p205": 3.0106822770542726E-05
"p206": 0
"p207": 0
"p208": 0.00014488908458323686
"p209": 2.0698440654748128E-05
"p210": 1.8816764231589204E-06
"p211": 0
"p212": 0.0008900329481541693
"p213": 0.00020886608297064017
"p214": 2.6343469924224884E-05
"p215": 0
"p216": 3.010682277054273E-05
"p217": 3.7633528463178407E-06
"p218": 0
"p219": 0
"p220": 0.00034999181470755914
"p221": 0.000141125731736919
"p222": 2.2580117077907045E-05
"p223": 0
"p224": 0.0016332951353019427
"p225": 0.00044972066513498195
"p226": 7.714873334951573E-05
"p227": 5.645029269476761E-06
"p228": 0.0053665411588492435
"p229": 0.0018572146296578541
"p230": 0.0002973048748591094
"p231": 1.6935087808430282E-05
"p232": 0.0002709614049348845
"p233": 7.714873334951573E-05
"p234": 1.3171734962112444E-05
"p235": 0
"p236": 0.0010932540018553326
"p237": 0.00026907972851172564
"p238": 3.0106822770542726E-05
"p239": 0
"p240": 0.0016144783710703536
"p241": 0.000568266279793994
"p242": 8.843879188846925E-05
"p243": 5.645029269476761E-06
"p244": 0.004950690669331119
"p245": 0.0018892031288515554
"p246": 0.000378216961054943
"p247": 1.8816764231589203E-05
"p248": 0.00035751852040019486
"p249": 0.0001016105268505817
"p250": 1.8816764231589203E-05
"p251": 0
