"p189": 0.00025402631712645424
"p190": 9.408382115794602E-06
"p191": 0
"p192": 0.00021639278866327584
"p193": 2.8225146347383805E-05
"p194": 0
"p195": 0
"p196": 0
"p197": 0
"p198": 0
"p199": 0
"p200": 6.962202765688005E-05
"p201": 5.645029269476761E-06
"p202": 0
"p203": 0
"p204": 2.6343469924224887E-05
"p205": 1.8816764231589207E-05
"p206": 0
"p207": 0
"p208": 0.00012230896750532982
"p209": 2.2580117077907045E-05
"p210": 0
"p211": 0
"p212": 2.2580117077907045E-05
"p213": 0
"p214": 0
"p215": 0
"p216": 8.467543904215141E-05
"p217": 2.2580117077907045E-05
"p218": 0
"p219": 0
"p220": 8.091208619583358E-05
"p221": 1.6935087808430286E-05
"p222": 1.1290058538953523E-05
"p223": 0
"p224": 0.0012117996165143445
"p225": 0.00037821696105494305
"p226": 4.516023415581409E-05
"p227": 0
"p228": 3.7633528463178407E-06
"p229": 0
"p230": 0
"p231": 0
"p232": 0.0004459573122886641
"p233": 9.784717400426387E-05
"p234": 0
"p235": 0
"p236": 0.00040079707813285006
"p237": 0.00013548070246744229
"p238": 1.8816764231589203E-05
"p239": 0
"p240": 0.0010800822668932202
"p241": 0.000355636843977036
"p242": 5.645029269476761E-05
"p243": 0
"p244": 3.9515204886337324E-05
"p245": 7.5267056926356815E-06
"p246": 0
"p247": 0
"p248": 0.00059272807329506
"p249": 0.00014112573173691902
"p250": 0
"p251": 0
