"p189": 5.080526342529085E-05
"p190": 3.7633528463178407E-06
"p191": 0
"p192": 0.0005343961041771334
"p193": 0.00014488908458323686
"p194": 1.6935087808430286E-05
"p195": 0
"p196": 0.0010857272961626969
"p197": 0.00037069025536230727
"p198": 5.645029269476761E-05
"p199": 0
"p200": 0.0001561791431221904
"p201": 5.456861627160869E-05
"p202": 0
"p203": 0
"p204": 0.00041396881309496247
"p205": 0.00011478226181269412
"p206": 7.5267056926356815E-06
"p207": 0
"p208": 0
"p209": 0
"p210": 0
"p211": 0
"p212": 2.0698440654748124E-05
"p213": 0
"p214": 0
"p215": 0
"p216": 0
"p217": 0
"p218": 0
"p219": 0
"p220": 0
"p221": 0
"p222": 0
"p223": 0
"p224": 0.0003142399626675397
"p225": 7.526705692635681E-05
"p226": 5.645029269476761E-06
"p227": 0
"p228": 0.0012550781742469998
"p229": 0.00036880857893914845
"p230": 2.8225146347383808E-05
"p231": 0
"p232": 4.327855773265517E-05
"p233": 1.8816764231589203E-05
"p234": 5.645029269476761E-06
"p235": 0
"p236": 0.00015241579027587256
"p237": 5.080526342529085E-05
"p238": 7.5267056926356815E-06
"p239": 0
"p240": 0.0003104766098212218
"p241": 0.00010537387969689952
"p242": 1.1290058538953523E-05
"p243": 0
"p244": 0.0009069680359625994
"p245": 0.00025778966997277205
"p246": 1.6935087808430286E-05
"p247": 0
"p248": 5.080526342529084E-05
"p249": 2.8225146347383805E-05
"p250": 5.645029269476761E-06
"p251": 0
