"p189": 0.0005626212505245172
"p190": 9.22021447347871E-05
"p191": 0
"p192": 2.2580117077907045E-05
"p193": 7.5267056926356815E-06
"p194": 0
"p195": 0
"p196": 0
"p197": 0
"p198": 0
"p199": 0
"p200": 0.0005381594570234511
"p201": 0.0001731142309306207
"p202": 2.2580117077907045E-05
"p203": 0
"p204": 4.327855773265517E-05
"p205": 5.645029269476761E-06
"p206": 0
"p207": 0
"p208": 0.00014300740816007793
"p209": 3.575185204001949E-05
"p210": 0
"p211": 0
"p212": 0
"p213": 0
"p214": 0
"p215": 0
"p216": 0.000378216961054943
"p217": 0.00011101890896637629
"p218": 1.5053411385271363E-05
"p219": 0
"p220": 8.467543904215143E-05
"p221": 1.1290058538953523E-05
"p222": 0
"p223": 0
"p224": 0.00026155302281908986
"p225": 5.833196911792653E-05
"p226": 0
"p227": 0
"p228": 0
"p229": 0
"p230": 0
"p231": 0
"p232": 0.004228126922838095
"p233": 0.0012814216441712244
"p234": 0.0002201561415095937
"p235": 2.0698440654748128E-05
"p236": 0.0012343797335922515
"p237": 0.00032929337405281106
"p238": 5.2686939848449775E-05
"p239": 1.1290058538953523E-05
"p240": 0.0003085949333980629
"p241": 0.00011666393823585303
"p242": 1.1290058538953523E-05
"p243": 0
"p244": 3.3870175616860565E-05
"p245": 5.645029269476761E-06
"p246": 0
"p247": 0
"p248": 0.0035620134690398358
"p249": 0.001221207998630139
"p250": 0.00023332787647170614
"p251": 2.0698440654748128E-05
