"p189": 0.00015429746669903143
"p190": 1.8816764231589203E-05
"p191": 1.8816764231589204E-06
"p192": 0.0014545358751018454
"p193": 0.0005513311919855637
"p194": 0.00012419064392848873
"p195": 1.8816764231589203E-05
"p196": 3.575185204001949E-05
"p197": 7.5267056926356815E-06
"p198": 0
"p199": 0
"p200": 0.0016596386052261677
"p201": 0.0005626212505245173
"p202": 9.03204683116282E-05
"p203": 1.8816764231589204E-06
"p204": 0.0015034594621039768
"p205": 0.0005513311919855637
"p206": 0.00010725555612005845
"p207": 1.1290058538953523E-05
"p208": 1.3171734962112442E-05
"p209": 7.5267056926356815E-06
"p210": 0
"p211": 0
"p212": 5.645029269476761E-06
"p213": 1.8816764231589204E-06
"p214": 0
"p215": 0
"p216": 0
"p217": 0
"p218": 0
"p219": 0
"p220": 0
"p221": 0
"p222": 0
"p223": 0
"p224": 0.0024781678493002975
"p225": 0.0008185292440741304
"p226": 0.00016182417239166716
"p227": 1.8816764231589203E-05
"p228": 5.645029269476761E-06
"p229": 0
"p230": 0
"p231": 0
"p232": 0.0017123255450746174
"p233": 0.00047982748790552474
"p234": 6.962202765688006E-05
"p235": 5.645029269476761E-06
"p236": 0.00128894834986386
"p237": 0.0003989154017096911
"p238": 9.22021447347871E-05
"p239": 1.3171734962112442E-05
"p240": 0.0009841167693121155
"p241": 0.0002991865512822684
"p242": 3.951520488633733E-05
"p243": 0
"p244": 3.7633528463178407E-06
"p245": 3.7633528463178407E-06
"p246": 0
"p247": 0
"p248": 0.00033305672689912887
"p249": 8.467543904215141E-05
"p250": 3.7633528463178407E-06
"p251": 3.7633528463178407E-06
