"p189": 0.00038009863747810193
"p190": 2.6343469924224884E-05
"p191": 0
"p192": 0.0001768775837769385
"p193": 3.387017561686057E-05
"p194": 0
"p195": 0
"p196": 0.0008298193026130839
"p197": 0.00021074775939379907
"p198": 2.6343469924224884E-05
"p199": 0
"p200": 1.1290058538953523E-05
"p201": 0
"p202": 0
"p203": 0
"p204": 8.655711546531035E-05
"p205": 2.2580117077907045E-05
"p206": 0
"p207": 0
"p208": 0.0001467707610063958
"p209": 2.6343469924224884E-05
"p210": 0
"p211": 0
"p212": 0.00034622846186124133
"p213": 3.7633528463178407E-05
"p214": 0
"p215": 0
"p216": 1.5053411385271363E-05
"p217": 0
"p218": 0
"p219": 0
"p220": 0.00021827446508643471
"p221": 6.774035123372114E-05
"p222": 1.5053411385271363E-05
"p223": 0
"p224": 0.0033249222397218115
"p225": 0.000972826710773162
"p226": 0.00013548070246744226
"p227": 7.5267056926356815E-06
"p228": 0.005374067864541879
"p229": 0.0018346345125799474
"p230": 0.0003217666683601754
"p231": 4.1396881309496255E-05
"p232": 0.0009483649172720959
"p233": 0.00021074775939379907
"p234": 2.2580117077907045E-05
"p235": 0
"p236": 0.002169572915902235
"p237": 0.0005419228098697691
"p238": 6.021364554108546E-05
"p239": 0
"p240": 0.002139466093131692
"p241": 0.0007865407448804288
"p242": 0.00015429746669903146
"p243": 7.5267056926356815E-06
"p244": 0.003161216390906986
"p245": 0.0012306163807459338
"p246": 0.0002577896699727721
"p247": 4.1396881309496255E-05
"p248": 0.0008881512717310104
"p249": 0.00027096140493488457
"p250": 3.0106822770542726E-05
"p251": 0
