"p189": 0.0010687922083542668
"p190": 0.0001467707610063958
"p191": 0
"p192": 2.0698440654748124E-05
"p193": 1.8816764231589204E-06
"p194": 0
"p195": 0
"p196": 0.00013359902604428333
"p197": 1.3171734962112444E-05
"p198": 0
"p199": 0
"p200": 0
"p201": 0
"p202": 0
"p203": 0
"p204": 1.1290058538953523E-05
"p205": 0
"p206": 0
"p207": 0
"p208": 1.5053411385271363E-05
"p209": 0
"p210": 0
"p211": 0
"p212": 9.784717400426387E-05
"p213": 2.2580117077907045E-05
"p214": 0
"p215": 0
"p216": 3.7633528463178407E-06
"p217": 0
"p218": 0
"p219": 0
"p220": 6.774035123372114E-05
"p221": 1.1290058538953523E-05
"p222": 0
"p223": 0
"p224": 0.0006792851887603701
"p225": 0.00012983567319796552
"p226": 1.1290058538953523E-05
"p227": 0
"p228": 0.001529802932028202
"p229": 0.0004421939594423462
"p230": 6.962202765688005E-05
"p231": 1.1290058538953523E-05
"p232": 8.467543904215143E-05
"p233": 7.5267056926356815E-06
"p234": 0
"p235": 0
"p236": 0.0003405834325917646
"p237": 6.962202765688005E-05
"p238": 3.7633528463178407E-06
"p239": 0
"p240": 0.0006096631611034902
"p241": 0.00015994249596850823
"p242": 2.2580117077907045E-05
"p243": 0
"p244": 0.0009653000050805264
"p245": 0.00034999181470755925
"p246": 5.833196911792653E-05
"p247": 1.1290058538953523E-05
"p248": 0.00010913723254321738
"p249": 9.408382115794602E-06
"p250": 0
"p251": 0
