"p189": 4.327855773265516E-05
"p190": 5.645029269476761E-06
"p191": 0
"p192": 7.33853805031979E-05
"p193": 1.1290058538953523E-05
"p194": 0
"p195": 0
"p196": 7.338538050319791E-05
"p197": 0
"p198": 0
"p199": 0
"p200": 0.0004421939594423463
"p201": 0.00013548070246744229
"p202": 1.6935087808430286E-05
"p203": 0
"p204": 0.00039891540170969113
"p205": 0.0001392440553137601
"p206": 1.1290058538953523E-05
"p207": 0
"p208": 0
"p209": 0
"p210": 0
"p211": 0
"p212": 1.3171734962112439E-05
"p213": 0
"p214": 0
"p215": 0
"p216": 0
"p217": 0
"p218": 0
"p219": 0
"p220": 1.1290058538953523E-05
"p221": 0
"p222": 0
"p223": 0
"p224": 1.3171734962112442E-05
"p225": 1.8816764231589204E-06
"p226": 0
"p227": 0
"p228": 2.0698440654748124E-05
"p229": 1.8816764231589204E-06
"p230": 1.8816764231589204E-06
"p231": 0
"p232": 0.00022580117077907044
"p233": 6.39769983874033E-05
"p234": 5.645029269476761E-06
"p235": 0
"p236": 0.00033493840332228785
"p237": 0.00010913723254321738
"p238": 5.645029269476761E-06
"p239": 0
"p240": 1.8816764231589203E-05
"p241": 1.3171734962112442E-05
"p242": 0
"p243": 0
"p244": 2.8225146347383805E-05
"p245": 5.645029269476761E-06
"p246": 5.645029269476761E-06
"p247": 0
"p248": 0.0002747247577812024
"p249": 9.972885042742276E-05
"p250": 1.1290058538953523E-05
"p251": 0
