"p189": 5.645029269476761E-06
"p190": 0
"p191": 0
"p192": 6.397699838740331E-05
"p193": 1.1290058538953523E-05
"p194": 0
"p195": 0
"p196": 1.1290058538953523E-05
"p197": 0
"p198": 0
"p199": 0
"p200": 4.139688130949625E-05
"p201": 1.1290058538953523E-05
"p202": 0
"p203": 0
"p204": 3.7633528463178407E-05
"p205": 1.1290058538953523E-05
"p206": 1.1290058538953523E-05
"p207": 0
"p208": 9.408382115794602E-06
"p209": 0
"p210": 0
"p211": 0
"p212": 0
"p213": 0
"p214": 0
"p215": 0
"p216": 0
"p217": 0
"p218": 0
"p219": 0
"p220": 0
"p221": 0
"p222": 0
"p223": 0
"p224": 0.0006303616017582384
"p225": 0.0001919309951622099
"p226": 1.6935087808430282E-05
"p227": 0
"p228": 7.5267056926356815E-06
"p229": 0
"p230": 0
"p231": 0
"p232": 0.0004892358700213193
"p233": 9.784717400426388E-05
"p234": 0
"p235": 0
"p236": 0.0004290222244802338
"p237": 0.0001825226130464153
"p238": 2.2580117077907045E-05
"p239": 0
"p240": 0.00035563684397703593
"p241": 0.00010349220327374063
"p242": 5.645029269476761E-06
"p243": 0
"p244": 0
"p245": 0
"p246": 0
"p247": 0
"p248": 0.0001862859658927331
"p249": 4.516023415581409E-05
"p250": 0
"p251": 0
