"p189": 0.00013359902604428335
"p190": 1.3171734962112442E-05
"p191": 0
"p192": 1.1290058538953523E-05
"p193": 0
"p194": 0
"p195": 0
"p196": 0.00033493840332228785
"p197": 3.7633528463178407E-05
"p198": 3.7633528463178407E-06
"p199": 0
"p200": 0.0001749959073537796
"p201": 2.4461793501065966E-05
"p202": 1.8816764231589204E-06
"p203": 0
"p204": 0.000831700979036243
"p205": 0.00021074775939379907
"p206": 2.6343469924224884E-05
"p207": 0
"p208": 0
"p209": 0
"p210": 0
"p211": 0
"p212": 0
"p213": 0
"p214": 0
"p215": 0
"p216": 0
"p217": 0
"p218": 0
"p219": 0
"p220": 6.774035123372113E-05
"p221": 5.645029269476761E-06
"p222": 0
"p223": 0
"p224": 0.0003085949333980629
"p225": 8.279376261899251E-05
"p226": 1.1290058538953523E-05
"p227": 0
"p228": 0.0008975596538468049
"p229": 0.00023520955289486507
"p230": 2.0698440654748124E-05
"p231": 0
"p232": 0.002993747189245842
"p233": 0.0009897617985815922
"p234": 0.00017123255450746173
"p235": 1.1290058538953523E-05
"p236": 0.009267256384057681
"p237": 0.003488628088536638
"p238": 0.0006548233952593041
"p239": 3.575185204001948E-05
"p240": 3.9515204886337324E-05
"p241": 7.5267056926356815E-06
"p242": 0
"p243": 0
"p244": 0.00024085458216434183
"p245": 3.575185204001949E-05
"p246": 0
"p247": 0
"p248": 0.0005400411334466103
"p249": 8.467543904215143E-05
"p250": 1.8816764231589204E-06
"p251": 0
