"p189": 6.774035123372113E-05
"p190": 3.7633528463178407E-06
"p191": 0
"p192": 0.001719852250767253
"p193": 0.000683048541606688
"p194": 0.0001561791431221904
"p195": 1.8816764231589203E-05
"p196": 6.39769983874033E-05
"p197": 3.7633528463178407E-06
"p198": 0
"p199": 0
"p200": 0.0014902877271418648
"p201": 0.000545686162716087
"p202": 0.00010161052685058171
"p203": 2.2580117077907045E-05
"p204": 0.00404560430979168
"p205": 0.0015542647255292683
"p206": 0.00030106822770542725
"p207": 7.5267056926356815E-06
"p208": 1.5053411385271363E-05
"p209": 0
"p210": 0
"p211": 0
"p212": 3.7633528463178407E-06
"p213": 0
"p214": 0
"p215": 0
"p216": 0
"p217": 0
"p218": 0
"p219": 0
"p220": 0
"p221": 0
"p222": 0
"p223": 0
"p224": 0.0040493676626379965
"p225": 0.0012851849970175425
"p226": 0.00022580117077907044
"p227": 1.8816764231589203E-05
"p228": 5.645029269476761E-06
"p229": 0
"p230": 0
"p231": 0
"p232": 0.0020547906540895407
"p233": 0.0006058998082571725
"p234": 9.596549758110495E-05
"p235": 2.2580117077907045E-05
"p236": 0.004491561622080344
"p237": 0.0012023912343985502
"p238": 0.0001844042894695742
"p239": 7.5267056926356815E-06
"p240": 0.0014093756409460309
"p241": 0.00035563684397703593
"p242": 3.7633528463178407E-05
"p243": 0
"p244": 3.7633528463178407E-06
"p245": 3.7633528463178407E-06
"p246": 0
"p247": 0
"p248": 0.0007583155985330448
"p249": 0.00018816764231589203
"p250": 0
"p251": 0
