"p189": 1.8816764231589203E-05
"p190": 0
"p191": 0
"p192": 0.0001467707610063958
"p193": 2.6343469924224884E-05
"p194": 0
"p195": 0
"p196": 0.00034622846186124133
"p197": 3.7633528463178407E-05
"p198": 0
"p199": 0
"p200": 1.5053411385271363E-05
"p201": 0
"p202": 0
"p203": 0
"p204": 0.00021827446508643471
"p205": 6.774035123372114E-05
"p206": 1.5053411385271363E-05
"p207": 0
"p208": 0
"p209": 0
"p210": 0
"p211": 0
"p212": 3.3870175616860565E-05
"p213": 0
"p214": 0
"p215": 0
"p216": 0
"p217": 0
"p218": 0
"p219": 0
"p220": 0
"p221": 0
"p222": 0
"p223": 0
"p224": 0.004749351292053117
"p225": 0.001556146401952427
"p226": 0.0002671980520885667
"p227": 1.5053411385271363E-05
"p228": 0.007317839609665043
"p229": 0.002523328083456112
"p230": 0.0005343961041771333
"p231": 8.27937626189925E-05
"p232": 0.0015806081954534929
"p233": 0.0004403122830191874
"p234": 5.268693984844977E-05
"p235": 0
"p236": 0.00414909651306542
"p237": 0.0012776582913249068
"p238": 0.0001956943480085277
"p239": 0
"p240": 0.0006585867481056222
"p241": 0.00016370584881482606
"p242": 2.2580117077907045E-05
"p243": 0
"p244": 0.0015918982539924469
"p245": 0.00046101072367393553
"p246": 3.7633528463178407E-05
"p247": 0
"p248": 0.00020886608297064017
"p249": 4.1396881309496255E-05
"p250": 0
"p251": 0
