"p189": 2.8225146347383805E-05
"p190": 3.7633528463178407E-06
"p191": 0
"p192": 0.0023765573224497154
"p193": 0.0007752506863414753
"p194": 0.0001279539967748066
"p195": 7.5267056926356815E-06
"p196": 0.0033042237990670645
"p197": 0.001253196497823841
"p198": 0.00026343469924224885
"p199": 4.1396881309496255E-05
"p200": 0.0007865407448804287
"p201": 0.00019945770085484554
"p202": 2.2580117077907045E-05
"p203": 0
"p204": 0.0018986115109673504
"p205": 0.0005118159870992265
"p206": 6.021364554108546E-05
"p207": 0
"p208": 0.0019418900687000055
"p209": 0.0007526705692635681
"p210": 0.00015429746669903146
"p211": 7.5267056926356815E-06
"p212": 0.0020999508882453555
"p213": 0.0009408382115794601
"p214": 0.0002314462000485472
"p215": 4.1396881309496255E-05
"p216": 0.0008655711546531033
"p217": 0.00027096140493488457
"p218": 3.0106822770542726E-05
"p219": 0
"p220": 0.0022937635598307233
"p221": 0.0008241742733436072
"p222": 0.00013548070246744226
"p223": 0
"p224": 0.0013623337303670581
"p225": 0.0002766064342043613
"p226": 7.5267056926356815E-06
"p227": 0
"p228": 0.00264940040380776
"p229": 0.0008373460083057195
"p230": 8.467543904215143E-05
"p231": 0
"p232": 0.0001938126715853688
"p233": 2.6343469924224887E-05
"p234": 0
"p235": 0
"p236": 0.0003405834325917646
"p237": 6.0213645541085445E-05
"p238": 1.1290058538953523E-05
"p239": 0
"p240": 0.0006341249546045561
"p241": 8.279376261899251E-05
"p242": 0
"p243": 0
"p244": 0.0012023912343985498
"p245": 0.0003236483447833343
"p246": 2.6343469924224884E-05
"p247": 0
"p248": 4.516023415581409E-05
"p249": 1.5053411385271363E-05
"p250": 0
"p251": 0
