"p189": 0.00022391949435591156
"p190": 2.2580117077907045E-05
"p191": 0
"p192": 6.209532196424438E-05
"p193": 1.1290058538953523E-05
"p194": 0
"p195": 0
"p196": 7.5267056926356815E-06
"p197": 0
"p198": 0
"p199": 0
"p200": 3.575185204001949E-05
"p201": 1.1290058538953523E-05
"p202": 0
"p203": 0
"p204": 8.467543904215143E-05
"p205": 1.1290058538953523E-05
"p206": 0
"p207": 0
"p208": 0
"p209": 0
"p210": 0
"p211": 0
"p212": 0
"p213": 0
"p214": 0
"p215": 0
"p216": 0
"p217": 0
"p218": 0
"p219": 0
"p220": 0
"p221": 0
"p222": 0
"p223": 0
"p224": 0.001667165310918803
"p225": 0.0004854725171750014
"p226": 8.655711546531035E-05
"p227": 2.2580117077907045E-05
"p228": 3.198849919370165E-05
"p229": 3.7633528463178407E-06
"p230": 0
"p231": 0
"p232": 0.000615308190372967
"p233": 0.00014865243742955472
"p234": 1.8816764231589203E-05
"p235": 0
"p236": 0.0012513148214006822
"p237": 0.00027660643420436126
"p238": 1.8816764231589203E-05
"p239": 0
"p240": 0.0004760641350592069
"p241": 0.0001279539967748066
"p242": 1.1290058538953523E-05
"p243": 0
"p244": 0
"p245": 0
"p246": 0
"p247": 0
"p248": 6.39769983874033E-05
"p249": 7.5267056926356815E-06
"p250": 0
"p251": 0
