"p189": 3.7633528463178407E-06
"p190": 1.8816764231589204E-06
"p191": 0
"p192": 0.00024461793501065964
"p193": 7.903040977267466E-05
"p194": 1.6935087808430286E-05
"p195": 0
"p196": 0.00034999181470755914
"p197": 0.00012042729108217089
"p198": 1.1290058538953523E-05
"p199": 0
"p200": 7.526705692635681E-05
"p201": 3.387017561686057E-05
"p202": 0
"p203": 0
"p204": 4.892358700213193E-05
"p205": 2.8225146347383805E-05
"p206": 0
"p207": 0
"p208": 0.0003405834325917646
"p209": 0.0001016105268505817
"p210": 1.6935087808430286E-05
"p211": 0
"p212": 0.0003405834325917646
"p213": 0.00011666393823585305
"p214": 1.1290058538953523E-05
"p215": 0
"p216": 0.00014112573173691902
"p217": 5.080526342529084E-05
"p218": 0
"p219": 0
"p220": 0.0001599424959685082
"p221": 4.5160234155814084E-05
"p222": 0
"p223": 0
"p224": 8.655711546531035E-05
"p225": 2.6343469924224887E-05
"p226": 0
"p227": 0
"p228": 0.0001580608195453493
"p229": 4.327855773265517E-05
"p230": 0
"p231": 0
"p232": 5.645029269476761E-06
"p233": 5.645029269476761E-06
"p234": 5.645029269476761E-06
"p235": 0
"p236": 3.7633528463178407E-06
"p237": 3.7633528463178407E-06
"p238": 3.7633528463178407E-06
"p239": 0
"p240": 0.00013171734962112442
"p241": 4.516023415581409E-05
"p242": 0
"p243": 0
"p244": 0.00022015614150959367
"p245": 5.64502926947676E-05
"p246": 0
"p247": 0
"p248": 5.645029269476761E-06
"p249": 5.645029269476761E-06
"p250": 5.645029269476761E-06
"p251": 0
