"p189": 0.0005833196911792654
"p190": 6.962202765688006E-05
"p191": 0
"p192": 0
"p193": 0
"p194": 0
"p195": 0
"p196": 5.645029269476761E-06
"p197": 0
"p198": 0
"p199": 0
"p200": 3.198849919370165E-05
"p201": 1.8816764231589204E-06
"p202": 0
"p203": 0
"p204": 0.0002671980520885667
"p205": 3.387017561686057E-05
"p206": 0
"p207": 0
"p208": 0
"p209": 0
"p210": 0
"p211": 0
"p212": 0.00010161052685058171
"p213": 5.645029269476761E-06
"p214": 0
"p215": 0
"p216": 4.139688130949624E-05
"p217": 0
"p218": 0
"p219": 0
"p220": 0.00018440428946957417
"p221": 4.516023415581409E-05
"p222": 0
"p223": 0
"p224": 1.5053411385271363E-05
"p225": 1.8816764231589204E-06
"p226": 0
"p227": 0
"p228": 0.00010349220327374062
"p229": 1.5053411385271363E-05
"p230": 0
"p231": 0
"p232": 0.0005005259285602729
"p233": 0.00012419064392848875
"p234": 1.6935087808430286E-05
"p235": 0
"p236": 0.0014658259336407988
"p237": 0.00044407563586550526
"p238": 4.516023415581409E-05
"p239": 0
"p240": 0.00012419064392848875
"p241": 1.8816764231589203E-05
"p242": 0
"p243": 0
"p244": 0.0002521446407032953
"p245": 5.6450292694767617E-05
"p246": 5.645029269476761E-06
"p247": 0
"p248": 0.0006868118944530059
"p249": 0.00018252261304641527
"p250": 1.6935087808430286E-05
"p251": 0
