"p189": 2.4461793501065963E-05
"p190": 3.7633528463178407E-06
"p191": 1.8816764231589204E-06
"p192": 0.0011534676473964182
"p193": 0.00043654893017286954
"p194": 8.843879188846926E-05
"p195": 1.3171734962112444E-05
"p196": 0.0009803534164657976
"p197": 0.0003763352846317841
"p198": 8.091208619583357E-05
"p199": 7.5267056926356815E-06
"p200": 0.0007451438635709324
"p201": 0.00024085458216434178
"p202": 4.139688130949625E-05
"p203": 0
"p204": 0.0005795563383329475
"p205": 0.00020698440654748126
"p206": 3.198849919370165E-05
"p207": 0
"p208": 0
"p209": 0
"p210": 0
"p211": 0
"p212": 1.5053411385271363E-05
"p213": 9.408382115794602E-06
"p214": 0
"p215": 0
"p216": 0
"p217": 0
"p218": 0
"p219": 0
"p220": 0
"p221": 0
"p222": 0
"p223": 0
"p224": 0.0014959327564113417
"p225": 0.0005080526342529085
"p226": 9.596549758110495E-05
"p227": 1.3171734962112444E-05
"p228": 0.0016483485466872144
"p229": 0.0005833196911792653
"p230": 0.0001298356731979655
"p231": 7.5267056926356815E-06
"p232": 0.0005024076049834317
"p233": 0.0001486524374295547
"p234": 2.8225146347383805E-05
"p235": 3.7633528463178407E-06
"p236": 0.0002615530228190899
"p237": 9.784717400426385E-05
"p238": 1.5053411385271363E-05
"p239": 1.8816764231589204E-06
"p240": 0.0003706902553623073
"p241": 0.00013171734962112442
"p242": 2.4461793501065963E-05
"p243": 0
"p244": 0.0005381594570234513
"p245": 0.00017123255450746176
"p246": 2.6343469924224887E-05
"p247": 0
"p248": 8.843879188846925E-05
"p249": 3.010682277054273E-05
"p250": 3.7633528463178407E-06
"p251": 3.7633528463178407E-06
