"p189": 0.00011854561465901199
"p190": 1.6935087808430286E-05
"p191": 0
"p192": 1.1290058538953523E-05
"p193": 7.5267056926356815E-06
"p194": 0
"p195": 0
"p196": 0
"p197": 0
"p198": 0
"p199": 0
"p200": 0.00041585048951812124
"p201": 0.00015994249596850823
"p202": 2.2580117077907045E-05
"p203": 0
"p204": 3.575185204001949E-05
"p205": 5.645029269476761E-06
"p206": 0
"p207": 0
"p208": 8.467543904215141E-05
"p209": 2.4461793501065963E-05
"p210": 0
"p211": 0
"p212": 0
"p213": 0
"p214": 0
"p215": 0
"p216": 0.0002935415220127916
"p217": 8.843879188846925E-05
"p218": 1.5053411385271363E-05
"p219": 0
"p220": 6.774035123372114E-05
"p221": 1.1290058538953523E-05
"p222": 0
"p223": 0
"p224": 0.00015429746669903143
"p225": 3.575185204001949E-05
"p226": 0
"p227": 0
"p228": 0
"p229": 0
"p230": 0
"p231": 0
"p232": 0.0029975105420921608
"p233": 0.0009050863595394408
"p234": 0.00015617914312219037
"p235": 9.408382115794602E-06
"p236": 0.0008091208619583355
"p237": 0.0002615530228190899
"p238": 5.2686939848449775E-05
"p239": 1.1290058538953523E-05
"p240": 0.00019945770085484557
"p241": 6.39769983874033E-05
"p242": 0
"p243": 0
"p244": 3.3870175616860565E-05
"p245": 5.645029269476761E-06
"p246": 0
"p247": 0
"p248": 0.0028413313989699702
"p249": 0.0009521282701184137
"p250": 0.00018064093662325636
"p251": 9.408382115794602E-06
