"p189": 2.0698440654748124E-05
"p190": 0
"p191": 0
"p192": 0.00013171734962112442
"p193": 2.4461793501065963E-05
"p194": 0
"p195": 0
"p196": 0
"p197": 0
"p198": 0
"p199": 0
"p200": 5.2686939848449775E-05
"p201": 5.645029269476761E-06
"p202": 0
"p203": 0
"p204": 1.6935087808430286E-05
"p205": 1.6935087808430286E-05
"p206": 0
"p207": 0
"p208": 7.150370408003898E-05
"p209": 1.1290058538953523E-05
"p210": 0
"p211": 0
"p212": 1.1290058538953523E-05
"p213": 0
"p214": 0
"p215": 0
"p216": 4.139688130949625E-05
"p217": 1.1290058538953523E-05
"p218": 0
"p219": 0
"p220": 3.7633528463178407E-05
"p221": 1.1290058538953523E-05
"p222": 1.1290058538953523E-05
"p223": 0
"p224": 0.00041585048951812146
"p225": 0.00013359902604428335
"p226": 1.1290058538953523E-05
"p227": 0
"p228": 0
"p229": 0
"p230": 0
"p231": 0
"p232": 0.000259671346395931
"p233": 5.2686939848449775E-05
"p234": 0
"p235": 0
"p236": 0.0001674692016611439
"p237": 9.596549758110493E-05
"p238": 1.6935087808430286E-05
"p239": 0
"p240": 0.0004666557529434123
"p241": 0.00014300740816007793
"p242": 1.1290058538953523E-05
"p243": 0
"p244": 7.5267056926356815E-06
"p245": 0
"p246": 0
"p247": 0
"p248": 0.0003913886960170554
"p249": 9.032046831162818E-05
"p250": 0
"p251": 0
