"p189": 0.0006623501009519401
"p190": 6.209532196424438E-05
"p191": 0
"p192": 0.00017123255450746176
"p193": 2.8225146347383808E-05
"p194": 0
"p195": 0
"p196": 0.00013171734962112442
"p197": 6.021364554108545E-05
"p198": 1.1290058538953523E-05
"p199": 0
"p200": 0.0006736401594908935
"p201": 0.00016558752523798497
"p202": 2.2580117077907045E-05
"p203": 0
"p204": 0.0009784717400426386
"p205": 0.00036504522609283053
"p206": 5.833196911792653E-05
"p207": 1.1290058538953523E-05
"p208": 0
"p209": 0
"p210": 0
"p211": 0
"p212": 3.7633528463178407E-06
"p213": 0
"p214": 0
"p215": 0
"p216": 0
"p217": 0
"p218": 0
"p219": 0
"p220": 0
"p221": 0
"p222": 0
"p223": 0
"p224": 5.645029269476761E-05
"p225": 7.5267056926356815E-06
"p226": 0
"p227": 0
"p228": 0.00014677076100639582
"p229": 1.5053411385271363E-05
"p230": 0
"p231": 0
"p232": 0.0006040181318340135
"p233": 9.972885042742278E-05
"p234": 1.1290058538953523E-05
"p235": 0
"p236": 0.0014093756409460313
"p237": 0.0003387017561686057
"p238": 4.704191057897301E-05
"p239": 1.1290058538953523E-05
"p240": 2.4461793501065963E-05
"p241": 3.7633528463178407E-06
"p242": 0
"p243": 0
"p244": 9.596549758110495E-05
"p245": 3.387017561686057E-05
"p246": 0
"p247": 0
"p248": 0.00022203781793275258
"p249": 2.8225146347383805E-05
"p250": 0
"p251": 0
