"p189": 0.00011666393823585305
"p190": 1.1290058538953523E-05
"p191": 0
"p192": 0.0005889647204487421
"p193": 0.0001580608195453493
"p194": 2.2580117077907045E-05
"p195": 0
"p196": 0.0008392276847288785
"p197": 0.00032553002120649325
"p198": 5.833196911792653E-05
"p199": 1.1290058538953523E-05
"p200": 0.00010913723254321738
"p201": 9.408382115794602E-06
"p202": 0
"p203": 0
"p204": 0.00039891540170969113
"p205": 0.00013359902604428335
"p206": 1.5053411385271363E-05
"p207": 0
"p208": 0
"p209": 0
"p210": 0
"p211": 0
"p212": 3.7633528463178407E-06
"p213": 0
"p214": 0
"p215": 0
"p216": 0
"p217": 0
"p218": 0
"p219": 0
"p220": 0
"p221": 0
"p222": 0
"p223": 0
"p224": 0.0005343961041771334
"p225": 9.22021447347871E-05
"p226": 1.1290058538953523E-05
"p227": 0
"p228": 0.001296475055556496
"p229": 0.0003180033155138576
"p230": 4.704191057897301E-05
"p231": 1.1290058538953523E-05
"p232": 6.774035123372113E-05
"p233": 7.5267056926356815E-06
"p234": 0
"p235": 0
"p236": 0.0002671980520885667
"p237": 5.8331969117926534E-05
"p238": 7.5267056926356815E-06
"p239": 0
"p240": 0.0002220378179327526
"p241": 2.8225146347383805E-05
"p242": 0
"p243": 0
"p244": 0.0006774035123372113
"p245": 0.0001693508780843028
"p246": 1.1290058538953523E-05
"p247": 0
"p248": 1.6935087808430282E-05
"p249": 0
"p250": 0
"p251": 0
