"p189": 0.0007470255399940913
"p190": 9.408382115794602E-05
"p191": 1.1290058538953523E-05
"p192": 0
"p193": 0
"p194": 0
"p195": 0
"p196": 3.7633528463178407E-05
"p197": 0
"p198": 0
"p199": 0
"p200": 0.000188167642315892
"p201": 3.387017561686057E-05
"p202": 0
"p203": 0
"p204": 0.0008317009790362428
"p205": 0.00021074775939379907
"p206": 2.6343469924224884E-05
"p207": 0
"p208": 7.5267056926356815E-06
"p209": 0
"p210": 0
"p211": 0
"p212": 0.0001693508780843028
"p213": 1.8816764231589203E-05
"p214": 0
"p215": 0
"p216": 0.00016182417239166716
"p217": 2.6343469924224884E-05
"p218": 0
"p219": 0
"p220": 0.00033870175616860566
"p221": 3.7633528463178407E-05
"p222": 0
"p223": 0
"p224": 0.0003650452260928306
"p225": 7.714873334951573E-05
"p226": 5.645029269476761E-06
"p227": 0
"p228": 0.0004233771952107571
"p229": 0.00010537387969689955
"p230": 1.1290058538953523E-05
"p231": 0
"p232": 0.004032432574829567
"p233": 0.0011177157953563988
"p234": 0.0001467707610063958
"p235": 7.5267056926356815E-06
"p236": 0.006589630833902542
"p237": 0.0021695729159022345
"p238": 0.00037069025536230727
"p239": 4.1396881309496255E-05
"p240": 0.0006171898667961258
"p241": 0.00019004931873905094
"p242": 2.0698440654748128E-05
"p243": 0
"p244": 0.00042714054805707494
"p245": 0.00013548070246744226
"p246": 2.2580117077907045E-05
"p247": 0
"p248": 0.0027905261355446786
"p249": 0.0009803534164657976
"p250": 0.00017311423093062066
"p251": 7.5267056926356815E-06
