"p189": 7.33853805031979E-05
"p190": 0
"p191": 0
"p192": 0.0003123582862443808
"p193": 0.00011290058538953522
"p194": 2.2580117077907045E-05
"p195": 0
"p196": 0.00010349220327374062
"p197": 1.5053411385271363E-05
"p198": 0
"p199": 0
"p200": 0.0029993922185153187
"p201": 0.0011515859709732592
"p202": 0.0002464996114338186
"p203": 4.1396881309496255E-05
"p204": 0.0035902386153872203
"p205": 0.0013623337303670584
"p206": 0.0002784881106275202
"p207": 7.5267056926356815E-06
"p208": 1.1290058538953523E-05
"p209": 0
"p210": 0
"p211": 0
"p212": 0
"p213": 0
"p214": 0
"p215": 0
"p216": 1.5053411385271363E-05
"p217": 0
"p218": 0
"p219": 0
"p220": 0
"p221": 0
"p222": 0
"p223": 0
"p224": 0.00033117505047597
"p225": 6.774035123372113E-05
"p226": 0
"p227": 0
"p228": 5.645029269476761E-06
"p229": 0
"p230": 0
"p231": 0
"p232": 0.005917872350834807
"p233": 0.0018233444540409936
"p234": 0.0003104766098212218
"p235": 4.1396881309496255E-05
"p236": 0.0036749140544293716
"p237": 0.0009389565351563013
"p238": 0.00013924405531376012
"p239": 7.5267056926356815E-06
"p240": 0.000308594933398063
"p241": 0.00011666393823585303
"p242": 1.1290058538953523E-05
"p243": 0
"p244": 3.7633528463178407E-06
"p245": 0
"p246": 0
"p247": 0
"p248": 0.002075489094744289
"p249": 0.0005155793399455443
"p250": 3.7633528463178407E-05
"p251": 0
