"p189": 0.00017311423093062066
"p190": 1.1290058538953523E-05
"p191": 0
"p192": 0.0002220378179327526
"p193": 4.327855773265517E-05
"p194": 0
"p195": 0
"p196": 0.0008618078018067855
"p197": 0.0002954231984359505
"p198": 4.516023415581409E-05
"p199": 0
"p200": 1.5053411385271363E-05
"p201": 3.7633528463178407E-06
"p202": 0
"p203": 0
"p204": 0.0002803697870506791
"p205": 6.397699838740331E-05
"p206": 7.5267056926356815E-06
"p207": 0
"p208": 0
"p209": 0
"p210": 0
"p211": 0
"p212": 5.645029269476761E-06
"p213": 0
"p214": 0
"p215": 0
"p216": 0
"p217": 0
"p218": 0
"p219": 0
"p220": 0
"p221": 0
"p222": 0
"p223": 0
"p224": 0.00011101890896637629
"p225": 1.6935087808430286E-05
"p226": 0
"p227": 0
"p228": 0.0009822350928889564
"p229": 0.0002784881106275202
"p230": 2.258011707790705E-05
"p231": 0
"p232": 9.408382115794602E-06
"p233": 1.8816764231589204E-06
"p234": 0
"p235": 0
"p236": 0.0001279539967748066
"p237": 3.7633528463178407E-05
"p238": 3.7633528463178407E-06
"p239": 0
"p240": 7.150370408003896E-05
"p241": 1.3171734962112442E-05
"p242": 0
"p243": 0
"p244": 0.0006096631611034902
"p245": 0.0001467707610063958
"p246": 1.1290058538953523E-05
"p247": 0
"p248": 0
"p249": 0
"p250": 0
"p251": 0
