"p189": 0.0016728103401882804
"p190": 0.0002973048748591094
"p191": 7.5267056926356815E-06
"p192": 1.1290058538953523E-05
"p193": 0
"p194": 0
"p195": 0
"p196": 0
"p197": 0
"p198": 0
"p199": 0
"p200": 0.0001430074081600779
"p201": 1.5053411385271363E-05
"p202": 0
"p203": 0
"p204": 7.5267056926356815E-06
"p205": 0
"p206": 0
"p207": 0
"p208": 6.962202765688006E-05
"p209": 1.1290058538953523E-05
"p210": 0
"p211": 0
"p212": 0
"p213": 0
"p214": 0
"p215": 0
"p216": 9.596549758110495E-05
"p217": 2.2580117077907045E-05
"p218": 0
"p219": 0
"p220": 1.8816764231589203E-05
"p221": 0
"p222": 0
"p223": 0
"p224": 0.00013171734962112445
"p225": 2.258011707790705E-05
"p226": 0
"p227": 0
"p228": 0
"p229": 0
"p230": 0
"p231": 0
"p232": 0.0016521118995335316
"p233": 0.00045912904725077655
"p234": 6.962202765688005E-05
"p235": 1.1290058538953523E-05
"p236": 0.00046853742936657115
"p237": 7.33853805031979E-05
"p238": 0
"p239": 0
"p240": 0.00015053411385271363
"p241": 6.021364554108545E-05
"p242": 1.1290058538953523E-05
"p243": 0
"p244": 0
"p245": 0
"p246": 0
"p247": 0
"p248": 0.001113952442510081
"p249": 0.0003706902553623073
"p250": 5.833196911792653E-05
"p251": 1.1290058538953523E-05
