"p189": 0.00012230896750532982
"p190": 1.8816764231589204E-06
"p191": 0
"p192": 7.903040977267465E-05
"p193": 1.5053411385271363E-05
"p194": 1.8816764231589204E-06
"p195": 0
"p196": 0.0003913886960170555
"p197": 6.585867481056221E-05
"p198": 0
"p199": 0
"p200": 0.0014695892864871167
"p201": 0.0004516023415581409
"p202": 7.903040977267465E-05
"p203": 5.645029269476761E-06
"p204": 0.00423565362853073
"p205": 0.0015693181369145395
"p206": 0.0002916598455896326
"p207": 1.6935087808430282E-05
"p208": 0.00028977816916647367
"p209": 8.279376261899251E-05
"p210": 1.1290058538953523E-05
"p211": 0
"p212": 0.0007319721286088198
"p213": 0.0002051027301243223
"p214": 2.0698440654748124E-05
"p215": 0
"p216": 0.001606951665377718
"p217": 0.0006021364554108546
"p218": 9.972885042742277E-05
"p219": 5.645029269476761E-06
"p220": 0.004023024192713773
"p221": 0.0017763025434620202
"p222": 0.00038009863747810193
"p223": 1.6935087808430282E-05
"p224": 2.2580117077907045E-05
"p225": 5.645029269476761E-06
"p226": 0
"p227": 0
"p228": 9.596549758110492E-05
"p229": 4.139688130949624E-05
"p230": 5.645029269476761E-06
"p231": 0
"p232": 0.0008373460083057195
"p233": 0.00015241579027587256
"p234": 1.3171734962112442E-05
"p235": 0
"p236": 0.002957995337205823
"p237": 0.0009088497123857584
"p238": 3.9515204886337324E-05
"p239": 1.8816764231589204E-06
"p240": 8.467543904215141E-05
"p241": 1.1290058538953523E-05
"p242": 0
"p243": 0
"p244": 0.00033117505047597004
"p245": 9.596549758110495E-05
"p246": 9.408382115794602E-06
"p247": 0
"p248": 0.0007244454229161845
"p249": 9.784717400426387E-05
"p250": 1.5053411385271363E-05
"p251": 0
