"p189": 0.00013736237889060116
"p190": 1.6935087808430286E-05
"p191": 0
"p192": 0.00031988499193701646
"p193": 0.00011854561465901196
"p194": 1.8816764231589203E-05
"p195": 0
"p196": 0
"p197": 0
"p198": 0
"p199": 0
"p200": 9.784717400426385E-05
"p201": 3.7633528463178407E-05
"p202": 3.7633528463178407E-06
"p203": 0
"p204": 6.209532196424438E-05
"p205": 1.6935087808430286E-05
"p206": 1.1290058538953523E-05
"p207": 0
"p208": 0.0001956943480085277
"p209": 5.268693984844977E-05
"p210": 7.5267056926356815E-06
"p211": 0
"p212": 5.645029269476761E-06
"p213": 5.645029269476761E-06
"p214": 0
"p215": 0
"p216": 0.00010913723254321737
"p217": 3.575185204001949E-05
"p218": 7.5267056926356815E-06
"p219": 0
"p220": 0.00016558752523798497
"p221": 3.7633528463178407E-05
"p222": 7.5267056926356815E-06
"p223": 7.5267056926356815E-06
"p224": 0.0015203945499124077
"p225": 0.0005268693984844977
"p226": 0.00010537387969689952
"p227": 7.5267056926356815E-06
"p228": 0
"p229": 0
"p230": 0
"p231": 0
"p232": 0.001537329637720838
"p233": 0.0004534840179812998
"p234": 6.209532196424438E-05
"p235": 1.8816764231589204E-06
"p236": 0.0008636894782299443
"p237": 0.00032176666836017544
"p238": 6.021364554108546E-05
"p239": 1.1290058538953523E-05
"p240": 0.0013209368490575617
"p241": 0.0004911175464444781
"p242": 0.0001016105268505817
"p243": 7.5267056926356815E-06
"p244": 9.408382115794602E-06
"p245": 3.7633528463178407E-06
"p246": 0
"p247": 0
"p248": 0.0015843715482998107
"p249": 0.0005362777806002923
"p250": 9.032046831162818E-05
"p251": 1.8816764231589204E-06
