"p189": 4.7041910578973015E-05
"p190": 0
"p191": 0
"p192": 7.526705692635681E-05
"p193": 5.645029269476761E-06
"p194": 0
"p195": 0
"p196": 0
"p197": 0
"p198": 0
"p199": 0
"p200": 0.0002201561415095937
"p201": 4.516023415581409E-05
"p202": 0
"p203": 0
"p204": 1.8816764231589203E-05
"p205": 0
"p206": 0
"p207": 0
"p208": 0
"p209": 0
"p210": 0
"p211": 0
"p212": 0
"p213": 0
"p214": 0
"p215": 0
"p216": 9.408382115794602E-06
"p217": 0
"p218": 0
"p219": 0
"p220": 0
"p221": 0
"p222": 0
"p223": 0
"p224": 0.00031988499193701646
"p225": 6.774035123372114E-05
"p226": 5.645029269476761E-06
"p227": 0
"p228": 1.1290058538953523E-05
"p229": 0
"p230": 0
"p231": 0
"p232": 0.0025778966997277207
"p233": 0.0006999836294151183
"p234": 8.467543904215141E-05
"p235": 0
"p236": 0.0007037469822614361
"p237": 0.00020510273012432236
"p238": 2.2580117077907045E-05
"p239": 0
"p240": 2.4461793501065966E-05
"p241": 3.7633528463178407E-06
"p242": 0
"p243": 0
"p244": 0
"p245": 0
"p246": 0
"p247": 0
"p248": 0.000844872713998355
"p249": 0.00021639278866327586
"p250": 1.6935087808430286E-05
"p251": 0
