"p189": 9.408382115794602E-06
"p190": 3.7633528463178407E-06
"p191": 1.8816764231589204E-06
"p192": 0.001112070766086922
"p193": 0.00041020546024864466
"p194": 8.655711546531035E-05
"p195": 7.5267056926356815E-06
"p196": 0
"p197": 0
"p198": 0
"p199": 0
"p200": 0.0012550781742469998
"p201": 0.00039515204886337327
"p202": 5.645029269476761E-05
"p203": 1.8816764231589204E-06
"p204": 0.0006868118944530059
"p205": 0.0002860148163201559
"p206": 6.39769983874033E-05
"p207": 1.1290058538953523E-05
"p208": 0.000972826710773162
"p209": 0.00036316354966967166
"p210": 7.903040977267465E-05
"p211": 7.5267056926356815E-06
"p212": 1.1290058538953523E-05
"p213": 5.645029269476761E-06
"p214": 0
"p215": 0
"p216": 0.0014846426978723881
"p217": 0.0004986442521371138
"p218": 8.279376261899251E-05
"p219": 1.8816764231589204E-06
"p220": 0.0009069680359625994
"p221": 0.0003782169610549431
"p222": 8.843879188846926E-05
"p223": 1.1290058538953523E-05
"p224": 0.0007206820700698665
"p225": 0.00023520955289486504
"p226": 4.139688130949624E-05
"p227": 0
"p228": 0
"p229": 0
"p230": 0
"p231": 0
"p232": 0.00042902222448023376
"p233": 9.220214473478709E-05
"p234": 5.645029269476761E-06
"p235": 3.7633528463178407E-06
"p236": 0.00020322105370116337
"p237": 8.46754390421514E-05
"p238": 2.4461793501065963E-05
"p239": 1.8816764231589204E-06
"p240": 0.00046853742936657115
"p241": 0.00015241579027587253
"p242": 2.8225146347383808E-05
"p243": 0
"p244": 0
"p245": 0
"p246": 0
"p247": 0
"p248": 0.0002051027301243223
"p249": 5.833196911792653E-05
"p250": 3.7633528463178407E-06
"p251": 3.7633528463178407E-06
