"p189": 0.0020980692118221953
"p190": 0.0003913886960170554
"p191": 4.1396881309496255E-05
"p192": 0
"p193": 0
"p194": 0
"p195": 0
"p196": 1.1290058538953523E-05
"p197": 0
"p198": 0
"p199": 0
"p200": 2.0698440654748124E-05
"p201": 1.8816764231589204E-06
"p202": 0
"p203": 0
"p204": 0.00013359902604428333
"p205": 1.3171734962112444E-05
"p206": 0
"p207": 0
"p208": 0
"p209": 0
"p210": 0
"p211": 0
"p212": 7.33853805031979E-05
"p213": 1.1290058538953523E-05
"p214": 0
"p215": 0
"p216": 1.8816764231589203E-05
"p217": 0
"p218": 0
"p219": 0
"p220": 9.220214473478709E-05
"p221": 2.2580117077907045E-05
"p222": 0
"p223": 0
"p224": 4.7041910578973E-05
"p225": 3.7633528463178407E-06
"p226": 0
"p227": 0
"p228": 0.00013171734962112445
"p229": 2.258011707790705E-05
"p230": 0
"p231": 0
"p232": 0.0007507888928404092
"p233": 0.0001373623788906012
"p234": 1.1290058538953523E-05
"p235": 0
"p236": 0.0016107150182240355
"p237": 0.00045912904725077655
"p238": 6.962202765688005E-05
"p239": 1.1290058538953523E-05
"p240": 0.00020886608297064017
"p241": 3.575185204001949E-05
"p242": 0
"p243": 0
"p244": 0.00015053411385271363
"p245": 6.021364554108545E-05
"p246": 1.1290058538953523E-05
"p247": 0
"p248": 0.0006999836294151183
"p249": 0.0001674692016611439
"p250": 2.2580117077907045E-05
"p251": 0
