"p189": 0.001913664922352622
"p190": 0.0003198849919370165
"p191": 7.5267056926356815E-06
"p192": 0.00011666393823585305
"p193": 1.3171734962112444E-05
"p194": 0
"p195": 0
"p196": 0
"p197": 0
"p198": 0
"p199": 0
"p200": 2.6343469924224887E-05
"p201": 1.8816764231589204E-06
"p202": 0
"p203": 0
"p204": 1.8816764231589203E-05
"p205": 0
"p206": 0
"p207": 0
"p208": 5.645029269476761E-05
"p209": 1.1290058538953523E-05
"p210": 0
"p211": 0
"p212": 7.5267056926356815E-06
"p213": 0
"p214": 0
"p215": 0
"p216": 3.575185204001949E-05
"p217": 1.1290058538953523E-05
"p218": 0
"p219": 0
"p220": 8.467543904215143E-05
"p221": 1.1290058538953523E-05
"p222": 0
"p223": 0
"p224": 0.0013228185254807207
"p225": 0.0003951520488633732
"p226": 6.0213645541085445E-05
"p227": 1.1290058538953523E-05
"p228": 5.645029269476761E-06
"p229": 0
"p230": 0
"p231": 0
"p232": 0.0003405834325917646
"p233": 6.39769983874033E-05
"p234": 9.408382115794602E-06
"p235": 0
"p236": 0.0006962202765688005
"p237": 0.00012607232035164766
"p238": 3.7633528463178407E-06
"p239": 0
"p240": 0.0008015941562657001
"p241": 0.0002803697870506791
"p242": 4.8923587002131926E-05
"p243": 1.1290058538953523E-05
"p244": 2.6343469924224887E-05
"p245": 3.7633528463178407E-06
"p246": 0
"p247": 0
"p248": 0.0003104766098212219
"p249": 9.032046831162818E-05
"p250": 9.408382115794602E-06
"p251": 0
