"p189": 0.00025402631712645424
"p190": 3.198849919370165E-05
"p191": 0
"p192": 0.000423377195210757
"p193": 0.00011666393823585305
"p194": 9.408382115794602E-06
"p195": 0
"p196": 0.0003123582862443808
"p197": 0.0001223089675053298
"p198": 1.1290058538953523E-05
"p199": 0
"p200": 0.0020848974768600836
"p201": 0.0006924569237224829
"p202": 0.00013736237889060116
"p203": 1.3171734962112444E-05
"p204": 0.002028447184165316
"p205": 0.000760197274956204
"p206": 0.00014865243742955472
"p207": 1.8816764231589203E-05
"p208": 0
"p209": 0
"p210": 0
"p211": 0
"p212": 9.408382115794602E-06
"p213": 5.645029269476761E-06
"p214": 0
"p215": 0
"p216": 0
"p217": 0
"p218": 0
"p219": 0
"p220": 1.3171734962112442E-05
"p221": 7.5267056926356815E-06
"p222": 0
"p223": 0
"p224": 0.00011290058538953522
"p225": 2.0698440654748124E-05
"p226": 3.7633528463178407E-06
"p227": 0
"p228": 0.00022203781793275258
"p229": 3.575185204001949E-05
"p230": 1.8816764231589204E-06
"p231": 1.8816764231589204E-06
"p232": 0.00233516044114022
"p233": 0.0006585867481056221
"p234": 0.00012042729108217089
"p235": 1.3171734962112444E-05
"p236": 0.002826277987584698
"p237": 0.0008956779774236461
"p238": 0.00017123255450746176
"p239": 1.8816764231589203E-05
"p240": 0.00011101890896637629
"p241": 3.7633528463178407E-05
"p242": 5.645029269476761E-06
"p243": 0
"p244": 0.00025026296428013644
"p245": 7.338538050319788E-05
"p246": 1.8816764231589204E-06
"p247": 1.8816764231589204E-06
"p248": 0.0006435333367203507
"p249": 0.00016746920166114393
"p250": 2.2580117077907045E-05
"p251": 0
