"p189": 1.1290058538953523E-05
"p190": 0
"p191": 0
"p192": 0.00010349220327374062
"p193": 1.5053411385271363E-05
"p194": 0
"p195": 0
"p196": 0
"p197": 0
"p198": 0
"p199": 0
"p200": 0.0013096467905186085
"p201": 0.0003857436667475788
"p202": 4.516023415581409E-05
"p203": 0
"p204": 0.0002559079935496131
"p205": 9.408382115794602E-05
"p206": 1.6935087808430286E-05
"p207": 0
"p208": 0.0002577896699727721
"p209": 5.6450292694767617E-05
"p210": 5.645029269476761E-06
"p211": 0
"p212": 1.1290058538953523E-05
"p213": 0
"p214": 0
"p215": 0
"p216": 0.0013604520539438993
"p217": 0.00041396881309496247
"p218": 5.645029269476761E-05
"p219": 0
"p220": 0.0005456861627160869
"p221": 0.000165587525237985
"p222": 1.6935087808430286E-05
"p223": 0
"p224": 9.408382115794602E-06
"p225": 7.5267056926356815E-06
"p226": 1.8816764231589204E-06
"p227": 0
"p228": 0
"p229": 0
"p230": 0
"p231": 0
"p232": 0.0006830485416066882
"p233": 0.0001787592602000974
"p234": 0
"p235": 0
"p236": 6.962202765688005E-05
"p237": 3.0106822770542726E-05
"p238": 0
"p239": 0
"p240": 9.22021447347871E-05
"p241": 3.387017561686057E-05
"p242": 5.645029269476761E-06
"p243": 0
"p244": 0
"p245": 0
"p246": 0
"p247": 0
"p248": 0.000611544837526649
"p249": 0.00012795399677480656
"p250": 0
"p251": 0
