"p189": 3.7633528463178407E-05
"p190": 0
"p191": 0
"p192": 0.0001392440553137601
"p193": 2.6343469924224884E-05
"p194": 0
"p195": 0
"p196": 0.0003085949333980629
"p197": 9.596549758110493E-05
"p198": 1.5053411385271363E-05
"p199": 0
"p200": 2.8225146347383805E-05
"p201": 5.645029269476761E-06
"p202": 0
"p203": 0
"p204": 0.00016558752523798497
"p205": 3.7633528463178407E-05
"p206": 7.5267056926356815E-06
"p207": 7.5267056926356815E-06
"p208": 0
"p209": 0
"p210": 0
"p211": 0
"p212": 2.2580117077907045E-05
"p213": 3.7633528463178407E-06
"p214": 0
"p215": 0
"p216": 0
"p217": 0
"p218": 0
"p219": 0
"p220": 0
"p221": 0
"p222": 0
"p223": 0
"p224": 0.0033870175616860566
"p225": 0.0010800822668932202
"p226": 0.00019569434800852773
"p227": 2.6343469924224887E-05
"p228": 0.004164149924450691
"p229": 0.0014432458165628916
"p230": 0.0003010682277054272
"p231": 3.7633528463178407E-05
"p232": 0.0013660970832133762
"p233": 0.00039891540170969113
"p234": 6.585867481056221E-05
"p235": 0
"p236": 0.001390558876714442
"p237": 0.0004704191057897301
"p238": 7.150370408003898E-05
"p239": 0
"p240": 0.0004214955187875982
"p241": 9.784717400426385E-05
"p242": 0
"p243": 0
"p244": 0.0008072391855351768
"p245": 0.00026907972851172564
"p246": 4.139688130949625E-05
"p247": 0
"p248": 8.27937626189925E-05
"p249": 2.4461793501065973E-05
"p250": 0
"p251": 0
