"p189": 2.6343469924224887E-05
"p190": 7.5267056926356815E-06
"p191": 1.8816764231589204E-06
"p192": 0.0015956616068387643
"p193": 0.0005099343106760674
"p194": 8.279376261899248E-05
"p195": 1.3171734962112444E-05
"p196": 0.0019268366573147338
"p197": 0.0006943386001456417
"p198": 0.00014677076100639576
"p199": 1.8816764231589203E-05
"p200": 0.0005908463968719009
"p201": 0.00017875926020009743
"p202": 2.4461793501065963E-05
"p203": 0
"p204": 0.0005475678391392458
"p205": 0.00018628596589273313
"p206": 2.0698440654748124E-05
"p207": 0
"p208": 0.0015674364604913804
"p209": 0.0005701479562171528
"p210": 0.0001110189089663763
"p211": 1.3171734962112444E-05
"p212": 0.0014978144328345003
"p213": 0.0006077814846803313
"p214": 0.00013359902604428333
"p215": 1.8816764231589203E-05
"p216": 0.0008091208619583356
"p217": 0.0002483812878569775
"p218": 4.139688130949625E-05
"p219": 0
"p220": 0.0008787428896152158
"p221": 0.00032176666836017544
"p222": 4.3278557732655166E-05
"p223": 0
"p224": 0.0007188003936467076
"p225": 0.00018816764231589203
"p226": 2.4461793501065963E-05
"p227": 0
"p228": 0.0012626048799396355
"p229": 0.00037821696105494294
"p230": 4.704191057897301E-05
"p231": 0
"p232": 7.526705692635681E-05
"p233": 9.408382115794602E-06
"p234": 3.7633528463178407E-06
"p235": 3.7633528463178407E-06
"p236": 5.8331969117926514E-05
"p237": 1.3171734962112444E-05
"p238": 5.645029269476761E-06
"p239": 1.8816764231589204E-06
"p240": 0.0002973048748591094
"p241": 0.00010349220327374062
"p242": 2.4461793501065963E-05
"p243": 0
"p244": 0.000686811894453006
"p245": 0.00020886608297064017
"p246": 2.6343469924224887E-05
"p247": 0
"p248": 2.0698440654748124E-05
"p249": 5.645029269476761E-06
"p250": 3.7633528463178407E-06
"p251": 3.7633528463178407E-06
