"p189": 0.0012795399677480658
"p190": 0.00016182417239166716
"p191": 5.645029269476761E-06
"p192": 9.032046831162818E-05
"p193": 3.7633528463178407E-06
"p194": 0
"p195": 0
"p196": 0
"p197": 0
"p198": 0
"p199": 0
"p200": 1.6935087808430282E-05
"p201": 0
"p202": 0
"p203": 0
"p204": 9.408382115794602E-06
"p205": 1.8816764231589204E-06
"p206": 0
"p207": 0
"p208": 5.2686939848449775E-05
"p209": 1.1290058538953523E-05
"p210": 0
"p211": 0
"p212": 1.1290058538953523E-05
"p213": 0
"p214": 0
"p215": 0
"p216": 4.327855773265517E-05
"p217": 1.1290058538953523E-05
"p218": 0
"p219": 0
"p220": 4.327855773265517E-05
"p221": 5.645029269476761E-06
"p222": 0
"p223": 0
"p224": 0.0008862695953078515
"p225": 0.0002577896699727721
"p226": 3.387017561686057E-05
"p227": 0
"p228": 3.7633528463178407E-06
"p229": 0
"p230": 0
"p231": 0
"p232": 0.0001994577008548456
"p233": 5.080526342529086E-05
"p234": 0
"p235": 0
"p236": 0.00024085458216434178
"p237": 3.951520488633733E-05
"p238": 1.8816764231589204E-06
"p239": 0
"p240": 0.0007225637464930253
"p241": 0.0002464996114338186
"p242": 4.516023415581409E-05
"p243": 0
"p244": 3.198849919370165E-05
"p245": 7.5267056926356815E-06
"p246": 0
"p247": 0
"p248": 0.0002220378179327526
"p249": 5.833196911792653E-05
"p250": 0
"p251": 0
