"p189": 3.0106822770542726E-05
"p190": 3.7633528463178407E-06
"p191": 0
"p192": 0.0009446015644257779
"p193": 0.00031612163909069865
"p194": 4.516023415581409E-05
"p195": 0
"p196": 3.7633528463178407E-06
"p197": 0
"p198": 0
"p199": 0
"p200": 0.0003763352846317842
"p201": 8.655711546531033E-05
"p202": 0
"p203": 0
"p204": 0.0003951520488633733
"p205": 0.00014112573173691902
"p206": 1.8816764231589203E-05
"p207": 0
"p208": 0.0008448727139983551
"p209": 0.0003123582862443808
"p210": 5.645029269476761E-05
"p211": 0
"p212": 4.892358700213193E-05
"p213": 7.5267056926356815E-06
"p214": 0
"p215": 0
"p216": 0.0005118159870992264
"p217": 0.00012042729108217089
"p218": 0
"p219": 0
"p220": 0.0007056286586845951
"p221": 0.00021262943581695803
"p222": 2.4461793501065966E-05
"p223": 0
"p224": 0.0005889647204487421
"p225": 0.00016935087808430283
"p226": 0
"p227": 0
"p228": 0
"p229": 0
"p230": 0
"p231": 0
"p232": 9.972885042742278E-05
"p233": 1.5053411385271363E-05
"p234": 5.645029269476761E-06
"p235": 0
"p236": 9.032046831162818E-05
"p237": 4.327855773265516E-05
"p238": 5.645029269476761E-06
"p239": 0
"p240": 0.0005494495155624046
"p241": 0.00012607232035164766
"p242": 0
"p243": 0
"p244": 9.408382115794602E-06
"p245": 5.645029269476761E-06
"p246": 0
"p247": 0
"p248": 7.714873334951573E-05
"p249": 1.1290058538953523E-05
"p250": 5.645029269476761E-06
"p251": 0
