"p189": 0.00013359902604428333
"p190": 1.1290058538953523E-05
"p191": 0
"p192": 0.00015241579027587256
"p193": 2.6343469924224887E-05
"p194": 0
"p195": 0
"p196": 0.0008467543904215143
"p197": 0.0002559079935496132
"p198": 3.387017561686057E-05
"p199": 0
"p200": 9.408382115794602E-06
"p201": 1.8816764231589204E-06
"p202": 0
"p203": 0
"p204": 0.00015429746669903146
"p205": 3.198849919370165E-05
"p206": 1.8816764231589204E-06
"p207": 0
"p208": 0.0002220378179327526
"p209": 4.327855773265517E-05
"p210": 0
"p211": 0
"p212": 0.0008561627725373087
"p213": 0.0002954231984359505
"p214": 4.516023415581409E-05
"p215": 0
"p216": 1.5053411385271363E-05
"p217": 3.7633528463178407E-06
"p218": 0
"p219": 0
"p220": 0.0002803697870506791
"p221": 6.397699838740331E-05
"p222": 7.5267056926356815E-06
"p223": 0
"p224": 2.822514634738381E-05
"p225": 1.8816764231589204E-06
"p226": 0
"p227": 0
"p228": 0.0005099343106760674
"p229": 0.00013548070246744223
"p230": 0
"p231": 0
"p232": 0
"p233": 0
"p234": 0
"p235": 0
"p236": 1.8816764231589203E-05
"p237": 1.1290058538953523E-05
"p238": 1.8816764231589204E-06
"p239": 0
"p240": 1.8816764231589203E-05
"p241": 1.8816764231589204E-06
"p242": 0
"p243": 0
"p244": 0.0003819803139012609
"p245": 7.714873334951574E-05
"p246": 0
"p247": 0
"p248": 0
"p249": 0
"p250": 0
"p251": 0
