"p189": 0.0001561791431221904
"p190": 2.0698440654748124E-05
"p191": 0
"p192": 0.00028977816916647367
"p193": 0.00011666393823585303
"p194": 1.1290058538953523E-05
"p195": 0
"p196": 3.3870175616860565E-05
"p197": 5.645029269476761E-06
"p198": 0
"p199": 0
"p200": 0.003023854012016385
"p201": 0.0010386853855837241
"p202": 0.0002032210537011634
"p203": 2.0698440654748128E-05
"p204": 0.0013077651140954492
"p205": 0.0004120871366718036
"p206": 8.091208619583358E-05
"p207": 1.1290058538953523E-05
"p208": 9.408382115794602E-06
"p209": 5.645029269476761E-06
"p210": 0
"p211": 0
"p212": 0
"p213": 0
"p214": 0
"p215": 0
"p216": 1.3171734962112442E-05
"p217": 7.5267056926356815E-06
"p218": 0
"p219": 0
"p220": 0
"p221": 0
"p222": 0
"p223": 0
"p224": 0.00022203781793275258
"p225": 3.575185204001949E-05
"p226": 1.8816764231589204E-06
"p227": 1.8816764231589204E-06
"p228": 0
"p229": 0
"p230": 0
"p231": 0
"p232": 0.004058776044753791
"p233": 0.0012193263222069802
"p234": 0.0002163927886632759
"p235": 2.0698440654748128E-05
"p236": 0.0010048152099668634
"p237": 0.0002897781691664737
"p238": 7.33853805031979E-05
"p239": 1.1290058538953523E-05
"p240": 0.00025026296428013644
"p241": 7.338538050319788E-05
"p242": 1.8816764231589204E-06
"p243": 1.8816764231589204E-06
"p244": 0
"p245": 0
"p246": 0
"p247": 0
"p248": 0.0013811504945986472
"p249": 0.0003744536082086252
"p250": 3.7633528463178407E-05
"p251": 0
