"p189": 0.0024687594671845034
"p190": 0.00044219395944234633
"p191": 1.8816764231589203E-05
"p192": 0
"p193": 0
"p194": 0
"p195": 0
"p196": 0
"p197": 0
"p198": 0
"p199": 0
"p200": 1.3171734962112442E-05
"p201": 1.8816764231589204E-06
"p202": 0
"p203": 0
"p204": 0.00010725555612005847
"p205": 3.7633528463178407E-06
"p206": 0
"p207": 0
"p208": 0
"p209": 0
"p210": 0
"p211": 0
"p212": 4.704191057897301E-05
"p213": 5.645029269476761E-06
"p214": 0
"p215": 0
"p216": 1.1290058538953523E-05
"p217": 0
"p218": 0
"p219": 0
"p220": 9.220214473478711E-05
"p221": 2.2580117077907045E-05
"p222": 0
"p223": 0
"p224": 7.5267056926356815E-06
"p225": 1.8816764231589204E-06
"p226": 0
"p227": 0
"p228": 8.843879188846926E-05
"p229": 1.5053411385271363E-05
"p230": 0
"p231": 0
"p232": 0.0001768775837769385
"p233": 2.822514634738381E-05
"p234": 0
"p235": 0
"p236": 0.0011214791482027165
"p237": 0.0003161216390906986
"p238": 3.387017561686057E-05
"p239": 0
"p240": 3.951520488633733E-05
"p241": 7.5267056926356815E-06
"p242": 0
"p243": 0
"p244": 0.0001844042894695742
"p245": 5.6450292694767617E-05
"p246": 5.645029269476761E-06
"p247": 0
"p248": 0.00024273625858750074
"p249": 4.7041910578973015E-05
"p250": 0
"p251": 0
