"p189": 2.0698440654748124E-05
"p190": 5.645029269476761E-06
"p191": 0
"p192": 8.467543904215141E-05
"p193": 2.4461793501065963E-05
"p194": 0
"p195": 0
"p196": 0
"p197": 0
"p198": 0
"p199": 0
"p200": 0.0002935415220127916
"p201": 8.843879188846925E-05
"p202": 1.5053411385271363E-05
"p203": 0
"p204": 6.774035123372114E-05
"p205": 1.1290058538953523E-05
"p206": 0
"p207": 0
"p208": 0
"p209": 0
"p210": 0
"p211": 0
"p212": 0
"p213": 0
"p214": 0
"p215": 0
"p216": 2.2580117077907045E-05
"p217": 3.7633528463178407E-06
"p218": 0
"p219": 0
"p220": 0
"p221": 0
"p222": 0
"p223": 0
"p224": 0.0002615530228190899
"p225": 7.338538050319788E-05
"p226": 0
"p227": 0
"p228": 3.3870175616860565E-05
"p229": 5.645029269476761E-06
"p230": 0
"p231": 0
"p232": 0.005330789306809222
"p233": 0.0017123255450746176
"p234": 0.0003217666683601754
"p235": 1.88167642315892E-05
"p236": 0.0014131389937923492
"p237": 0.0004892358700213193
"p238": 0.00012795399677480661
"p239": 2.2580117077907045E-05
"p240": 0.00010349220327374062
"p241": 3.3870175616860565E-05
"p242": 0
"p243": 0
"p244": 0
"p245": 0
"p246": 0
"p247": 0
"p248": 0.000707510335107754
"p249": 0.00021639278866327584
"p250": 3.0106822770542726E-05
"p251": 0
