"p189": 0.0006491783659898276
"p190": 6.209532196424438E-05
"p191": 0
"p192": 0
"p193": 0
"p194": 0
"p195": 0
"p196": 7.33853805031979E-05
"p197": 1.1290058538953523E-05
"p198": 0
"p199": 0
"p200": 1.8816764231589203E-05
"p201": 0
"p202": 0
"p203": 0
"p204": 9.784717400426385E-05
"p205": 2.2580117077907045E-05
"p206": 0
"p207": 0
"p208": 0
"p209": 0
"p210": 0
"p211": 0
"p212": 0
"p213": 0
"p214": 0
"p215": 0
"p216": 0
"p217": 0
"p218": 0
"p219": 0
"p220": 0
"p221": 0
"p222": 0
"p223": 0
"p224": 0.00022768284720222937
"p225": 3.575185204001949E-05
"p226": 0
"p227": 0
"p228": 0.0002747247577812024
"p229": 7.150370408003898E-05
"p230": 1.1290058538953523E-05
"p231": 0
"p232": 0.0012324980571690929
"p233": 0.000259671346395931
"p234": 3.387017561686057E-05
"p235": 0
"p236": 0.0022749467955991347
"p237": 0.0006567050716824632
"p238": 0.00010537387969689955
"p239": 2.2580117077907045E-05
"p240": 1.6935087808430286E-05
"p241": 3.7633528463178407E-06
"p242": 0
"p243": 0
"p244": 7.5267056926356815E-06
"p245": 0
"p246": 0
"p247": 0
"p248": 0.00019004931873905096
"p249": 2.2580117077907045E-05
"p250": 0
"p251": 0
