"p189": 4.327855773265517E-05
"p190": 1.8816764231589204E-06
"p191": 0
"p192": 0.0022410766199822737
"p193": 0.0009032046831162818
"p194": 0.00019004931873905096
"p195": 1.3171734962112444E-05
"p196": 7.714873334951573E-05
"p197": 1.5053411385271363E-05
"p198": 0
"p199": 0
"p200": 0.0014281924051776202
"p201": 0.000658586748105622
"p202": 0.00016935087808430283
"p203": 3.7633528463178407E-06
"p204": 0.0031442813030985567
"p205": 0.0011497042945501005
"p206": 0.00015617914312219037
"p207": 5.645029269476761E-06
"p208": 4.516023415581409E-05
"p209": 5.645029269476761E-06
"p210": 0
"p211": 0
"p212": 2.2580117077907045E-05
"p213": 0
"p214": 0
"p215": 0
"p216": 1.8816764231589204E-06
"p217": 0
"p218": 0
"p219": 0
"p220": 3.7633528463178407E-06
"p221": 0
"p222": 0
"p223": 0
"p224": 0.0038837801374000122
"p225": 0.0012908300262870194
"p226": 0.00017687758377693853
"p227": 1.5053411385271365E-05
"p228": 5.645029269476761E-06
"p229": 0
"p230": 0
"p231": 0
"p232": 0.001633295135301943
"p233": 0.0007169187172235485
"p234": 0.00010537387969689954
"p235": 3.7633528463178407E-06
"p236": 0.0021601645337864413
"p237": 0.0005776746619097885
"p238": 8.843879188846925E-05
"p239": 5.645029269476761E-06
"p240": 0.0022467216492517506
"p241": 0.0005400411334466102
"p242": 4.7041910578973015E-05
"p243": 1.8816764231589204E-06
"p244": 2.8225146347383805E-05
"p245": 5.645029269476761E-06
"p246": 0
"p247": 0
"p248": 0.0007489072164172503
"p249": 0.0002464996114338186
"p250": 2.8225146347383805E-05
"p251": 0
