"p189": 2.4461793501065963E-05
"p190": 0
"p191": 0
"p192": 3.575185204001949E-05
"p193": 0
"p194": 0
"p195": 0
"p196": 0.0002051027301243223
"p197": 4.516023415581409E-05
"p198": 0
"p199": 0
"p200": 5.645029269476761E-06
"p201": 0
"p202": 0
"p203": 0
"p204": 6.209532196424438E-05
"p205": 1.6935087808430286E-05
"p206": 1.1290058538953523E-05
"p207": 0
"p208": 0
"p209": 0
"p210": 0
"p211": 0
"p212": 9.408382115794602E-06
"p213": 0
"p214": 0
"p215": 0
"p216": 0
"p217": 0
"p218": 0
"p219": 0
"p220": 0
"p221": 0
"p222": 0
"p223": 0
"p224": 0.0007978308034193823
"p225": 0.0001938126715853688
"p226": 2.2580117077907045E-05
"p227": 0
"p228": 0.0021488744752474866
"p229": 0.0006454150131435097
"p230": 8.467543904215141E-05
"p231": 0
"p232": 0.00019381267158536883
"p233": 6.774035123372114E-05
"p234": 0
"p235": 0
"p236": 0.0005475678391392458
"p237": 0.00015053411385271363
"p238": 9.408382115794602E-06
"p239": 0
"p240": 0.00021451111224011696
"p241": 6.021364554108545E-05
"p242": 1.1290058538953523E-05
"p243": 0
"p244": 0.0007225637464930252
"p245": 0.00019945770085484557
"p246": 1.6935087808430286E-05
"p247": 0
"p248": 4.516023415581409E-05
"p249": 2.2580117077907045E-05
"p250": 0
"p251": 0
