"p189": 1.8816764231589203E-05
"p190": 0
"p191": 0
"p192": 0.0001956943480085277
"p193": 5.268693984844977E-05
"p194": 7.5267056926356815E-06
"p195": 0
"p196": 5.645029269476761E-06
"p197": 5.645029269476761E-06
"p198": 0
"p199": 0
"p200": 0.00010913723254321737
"p201": 3.575185204001949E-05
"p202": 7.5267056926356815E-06
"p203": 0
"p204": 0.00016558752523798497
"p205": 3.7633528463178407E-05
"p206": 7.5267056926356815E-06
"p207": 7.5267056926356815E-06
"p208": 2.2580117077907045E-05
"p209": 3.7633528463178407E-06
"p210": 0
"p211": 0
"p212": 0
"p213": 0
"p214": 0
"p215": 0
"p216": 0
"p217": 0
"p218": 0
"p219": 0
"p220": 0
"p221": 0
"p222": 0
"p223": 0
"p224": 0.0026268202867298527
"p225": 0.0009370748587331423
"p226": 0.00019945770085484557
"p227": 1.5053411385271363E-05
"p228": 9.408382115794602E-06
"p229": 3.7633528463178407E-06
"p230": 0
"p231": 0
"p232": 0.002916598455896326
"p233": 0.00092390312377103
"p234": 0.0001448890845832369
"p235": 3.7633528463178407E-06
"p236": 0.0016634019580724858
"p237": 0.0006510600424129865
"p238": 0.00015994249596850823
"p239": 2.2580117077907045E-05
"p240": 0.00042525887163391606
"p241": 0.00015241579027587256
"p242": 2.2580117077907045E-05
"p243": 0
"p244": 0
"p245": 0
"p246": 0
"p247": 0
"p248": 0.00019569434800852773
"p249": 6.209532196424438E-05
"p250": 7.5267056926356815E-06
"p251": 0
