"p189": 0.0006190715432192848
"p190": 3.763352846317841E-05
"p191": 1.8816764231589204E-06
"p192": 7.5267056926356815E-06
"p193": 1.8816764231589204E-06
"p194": 0
"p195": 0
"p196": 8.655711546531033E-05
"p197": 1.5053411385271363E-05
"p198": 0
"p199": 0
"p200": 0.00016182417239166713
"p201": 2.822514634738381E-05
"p202": 0
"p203": 0
"p204": 0.0008862695953078516
"p205": 0.00026343469924224885
"p206": 3.387017561686057E-05
"p207": 0
"p208": 3.951520488633733E-05
"p209": 7.5267056926356815E-06
"p210": 0
"p211": 0
"p212": 0.00018816764231589203
"p213": 5.6450292694767617E-05
"p214": 5.645029269476761E-06
"p215": 0
"p216": 0.0002295645236253883
"p217": 4.516023415581409E-05
"p218": 0
"p219": 0
"p220": 0.0009370748587331423
"p221": 0.0003048315805517451
"p222": 4.516023415581409E-05
"p223": 0
"p224": 0
"p225": 0
"p226": 0
"p227": 0
"p228": 7.5267056926356815E-06
"p229": 5.645029269476761E-06
"p230": 0
"p231": 0
"p232": 2.822514634738381E-05
"p233": 1.8816764231589204E-06
"p234": 0
"p235": 0
"p236": 0.0005099343106760674
"p237": 0.00013548070246744223
"p238": 0
"p239": 0
"p240": 5.645029269476761E-06
"p241": 0
"p242": 0
"p243": 0
"p244": 7.150370408003898E-05
"p245": 2.8225146347383805E-05
"p246": 0
"p247": 0
"p248": 1.3171734962112442E-05
"p249": 1.8816764231589204E-06
"p250": 0
"p251": 0
