"p189": 0.00012230896750532982
"p190": 0
"p191": 0
"p192": 5.833196911792653E-05
"p193": 1.1290058538953523E-05
"p194": 0
"p195": 0
"p196": 1.1290058538953523E-05
"p197": 0
"p198": 0
"p199": 0
"p200": 4.327855773265517E-05
"p201": 1.1290058538953523E-05
"p202": 0
"p203": 0
"p204": 4.327855773265517E-05
"p205": 5.645029269476761E-06
"p206": 0
"p207": 0
"p208": 0
"p209": 0
"p210": 0
"p211": 0
"p212": 0
"p213": 0
"p214": 0
"p215": 0
"p216": 0
"p217": 0
"p218": 0
"p219": 0
"p220": 0
"p221": 0
"p222": 0
"p223": 0
"p224": 0.001277658291324907
"p225": 0.00040267875455600894
"p226": 6.774035123372114E-05
"p227": 0
"p228": 3.575185204001949E-05
"p229": 7.5267056926356815E-06
"p230": 0
"p231": 0
"p232": 0.0003594001968233538
"p233": 8.655711546531033E-05
"p234": 0
"p235": 0
"p236": 0.0005814380147561064
"p237": 0.00010725555612005845
"p238": 9.408382115794602E-06
"p239": 0
"p240": 0.0002973048748591094
"p241": 6.962202765688006E-05
"p242": 1.1290058538953523E-05
"p243": 0
"p244": 0
"p245": 0
"p246": 0
"p247": 0
"p248": 5.080526342529084E-05
"p249": 1.5053411385271363E-05
"p250": 0
"p251": 0
