"p189": 2.0698440654748128E-05
"p190": 0
"p191": 0
"p192": 0.0006171898667961257
"p193": 0.00018628596589273307
"p194": 2.0698440654748124E-05
"p195": 0
"p196": 7.338538050319788E-05
"p197": 1.5053411385271363E-05
"p198": 0
"p199": 0
"p200": 0.003565776821886153
"p201": 0.001531684608451361
"p202": 0.000353755167553877
"p203": 1.6935087808430282E-05
"p204": 0.002472522820030822
"p205": 0.0009126130652320764
"p206": 0.00012607232035164766
"p207": 5.645029269476761E-06
"p208": 5.080526342529086E-05
"p209": 0
"p210": 0
"p211": 0
"p212": 0
"p213": 0
"p214": 0
"p215": 0
"p216": 4.704191057897301E-05
"p217": 5.645029269476761E-06
"p218": 0
"p219": 0
"p220": 3.7633528463178407E-06
"p221": 0
"p222": 0
"p223": 0
"p224": 0.0003029499041285863
"p225": 7.338538050319788E-05
"p226": 5.645029269476761E-06
"p227": 0
"p228": 1.8816764231589204E-06
"p229": 0
"p230": 0
"p231": 0
"p232": 0.00542299145154401
"p233": 0.0019682335386242305
"p234": 0.0002747247577812024
"p235": 1.8816764231589203E-05
"p236": 0.0016652836344956444
"p237": 0.00040079707813285006
"p238": 6.021364554108546E-05
"p239": 5.645029269476761E-06
"p240": 0.00046289240009709425
"p241": 0.0001298356731979655
"p242": 9.408382115794602E-06
"p243": 0
"p244": 3.7633528463178407E-06
"p245": 0
"p246": 0
"p247": 0
"p248": 0.002916598455896327
"p249": 0.0007677239806488396
"p250": 7.33853805031979E-05
"p251": 1.8816764231589204E-06
