"p189": 4.704191057897301E-05
"p190": 3.7633528463178407E-06
"p191": 0
"p192": 0.0019418900687000055
"p193": 0.0007526705692635681
"p194": 0.00015429746669903146
"p195": 7.5267056926356815E-06
"p196": 0.0021639278866327585
"p197": 0.0009408382115794601
"p198": 0.0002314462000485472
"p199": 4.1396881309496255E-05
"p200": 0.0008655711546531033
"p201": 0.00027096140493488457
"p202": 3.0106822770542726E-05
"p203": 0
"p204": 0.0023182253533317893
"p205": 0.0008317009790362428
"p206": 0.00013548070246744226
"p207": 0
"p208": 0
"p209": 0
"p210": 0
"p211": 0
"p212": 1.8816764231589203E-05
"p213": 0
"p214": 0
"p215": 0
"p216": 0
"p217": 0
"p218": 0
"p219": 0
"p220": 0
"p221": 0
"p222": 0
"p223": 0
"p224": 0.00308406765755747
"p225": 0.0008486360668446732
"p226": 0.00011290058538953522
"p227": 7.5267056926356815E-06
"p228": 0.0051501483701859654
"p229": 0.0017179705743440943
"p230": 0.0003029499041285862
"p231": 4.1396881309496255E-05
"p232": 0.0007394988343014557
"p233": 0.0001844042894695742
"p234": 2.2580117077907045E-05
"p235": 0
"p236": 0.0018534512768115362
"p237": 0.00045348401798129986
"p238": 7.150370408003898E-05
"p239": 0
"p240": 0.001061265502661631
"p241": 0.000212629435816958
"p242": 2.2580117077907045E-05
"p243": 0
"p244": 0.0016483485466872142
"p245": 0.00047230078221288907
"p246": 3.7633528463178407E-05
"p247": 0
"p248": 0.00023144620004854723
"p249": 5.6450292694767617E-05
"p250": 0
"p251": 0
