"p189": 0.0002314462000485472
"p190": 1.8816764231589203E-05
"p191": 0
"p192": 0
"p193": 0
"p194": 0
"p195": 0
"p196": 9.032046831162818E-05
"p197": 5.645029269476761E-06
"p198": 0
"p199": 0
"p200": 4.139688130949624E-05
"p201": 0
"p202": 0
"p203": 0
"p204": 0.00018252261304641527
"p205": 4.516023415581409E-05
"p206": 0
"p207": 0
"p208": 0
"p209": 0
"p210": 0
"p211": 0
"p212": 0
"p213": 0
"p214": 0
"p215": 0
"p216": 0
"p217": 0
"p218": 0
"p219": 0
"p220": 9.408382115794602E-06
"p221": 0
"p222": 0
"p223": 0
"p224": 0.0001298356731979655
"p225": 1.8816764231589203E-05
"p226": 0
"p227": 0
"p228": 0.0003349384033222878
"p229": 6.774035123372114E-05
"p230": 5.645029269476761E-06
"p231": 0
"p232": 0.0009389565351563011
"p233": 0.00023709122931802394
"p234": 2.2580117077907045E-05
"p235": 0
"p236": 0.0023106986476391536
"p237": 0.000686811894453006
"p238": 8.467543904215141E-05
"p239": 0
"p240": 7.5267056926356815E-06
"p241": 1.8816764231589204E-06
"p242": 0
"p243": 0
"p244": 2.6343469924224887E-05
"p245": 3.7633528463178407E-06
"p246": 0
"p247": 0
"p248": 0.0002483812878569775
"p249": 7.150370408003896E-05
"p250": 1.1290058538953523E-05
"p251": 0
