"p189": 5.645029269476761E-06
"p190": 0
"p191": 0
"p192": 0.00014488908458323686
"p193": 2.0698440654748128E-05
"p194": 1.8816764231589204E-06
"p195": 0
"p196": 0.0008900329481541693
"p197": 0.00020886608297064017
"p198": 2.6343469924224884E-05
"p199": 0
"p200": 3.010682277054273E-05
"p201": 3.7633528463178407E-06
"p202": 0
"p203": 0
"p204": 0.00034999181470755914
"p205": 0.000141125731736919
"p206": 2.2580117077907045E-05
"p207": 0
"p208": 0
"p209": 0
"p210": 0
"p211": 0
"p212": 6.774035123372113E-05
"p213": 5.645029269476761E-06
"p214": 0
"p215": 0
"p216": 0
"p217": 0
"p218": 0
"p219": 0
"p220": 0
"p221": 0
"p222": 0
"p223": 0
"p224": 0.0026588087859235545
"p225": 0.0008881512717310104
"p226": 0.00015053411385271363
"p227": 1.1290058538953523E-05
"p228": 0.008113788736661267
"p229": 0.003052079158363768
"p230": 0.0006040181318340133
"p231": 3.575185204001948E-05
"p232": 0.0005325144277539745
"p233": 0.0001674692016611439
"p234": 3.198849919370165E-05
"p235": 0
"p236": 0.0026738621973088255
"p237": 0.0009032046831162818
"p238": 0.00011290058538953522
"p239": 0
"p240": 0.0004911175464444783
"p241": 8.467543904215143E-05
"p242": 1.8816764231589204E-06
"p243": 0
"p244": 0.002464996114338186
"p245": 0.0006774035123372113
"p246": 7.714873334951574E-05
"p247": 1.8816764231589204E-06
"p248": 8.27937626189925E-05
"p249": 3.7633528463178407E-06
"p250": 0
"p251": 0
