"p189": 0.00011478226181269414
"p190": 1.1290058538953523E-05
"p191": 0
"p192": 0.0002464996114338185
"p193": 6.39769983874033E-05
"p194": 7.5267056926356815E-06
"p195": 0
"p196": 1.3171734962112442E-05
"p197": 5.645029269476761E-06
"p198": 0
"p199": 0
"p200": 0.00014488908458323686
"p201": 4.704191057897301E-05
"p202": 7.5267056926356815E-06
"p203": 0
"p204": 0.00023709122931802392
"p205": 4.892358700213193E-05
"p206": 7.5267056926356815E-06
"p207": 7.5267056926356815E-06
"p208": 2.2580117077907045E-05
"p209": 3.7633528463178407E-06
"p210": 0
"p211": 0
"p212": 0
"p213": 0
"p214": 0
"p215": 0
"p216": 0
"p217": 0
"p218": 0
"p219": 0
"p220": 0
"p221": 0
"p222": 0
"p223": 0
"p224": 0.003808513080473655
"p225": 0.0013040017612491318
"p226": 0.0002784881106275202
"p227": 3.7633528463178407E-05
"p228": 4.1396881309496255E-05
"p229": 7.5267056926356815E-06
"p230": 0
"p231": 0
"p232": 0.0033512657096460377
"p233": 0.0010443304148532008
"p234": 0.00015994249596850825
"p235": 3.7633528463178407E-06
"p236": 0.002760419312774136
"p237": 0.0008994413302699639
"p238": 0.00017875926020009743
"p239": 2.2580117077907045E-05
"p240": 0.0007507888928404092
"p241": 0.00024085458216434183
"p242": 3.3870175616860565E-05
"p243": 0
"p244": 0
"p245": 0
"p246": 0
"p247": 0
"p248": 0.00024461793501065964
"p249": 6.962202765688006E-05
"p250": 7.5267056926356815E-06
"p251": 0
