"p189": 1.5053411385271363E-05
"p190": 0
"p191": 0
"p192": 0.00012607232035164766
"p193": 2.6343469924224884E-05
"p194": 0
"p195": 0
"p196": 0.00021639278866327584
"p197": 7.338538050319788E-05
"p198": 1.5053411385271363E-05
"p199": 0
"p200": 2.4461793501065963E-05
"p201": 5.645029269476761E-06
"p202": 0
"p203": 0
"p204": 0.00010913723254321738
"p205": 2.6343469924224887E-05
"p206": 7.5267056926356815E-06
"p207": 7.5267056926356815E-06
"p208": 0
"p209": 0
"p210": 0
"p211": 0
"p212": 2.2580117077907045E-05
"p213": 3.7633528463178407E-06
"p214": 0
"p215": 0
"p216": 0
"p217": 0
"p218": 0
"p219": 0
"p220": 0
"p221": 0
"p222": 0
"p223": 0
"p224": 0.002568488317611926
"p225": 0.0008749795367688979
"p226": 0.00016182417239166716
"p227": 2.6343469924224887E-05
"p228": 0.0026625721387698725
"p229": 0.0009765900636194795
"p230": 0.00020698440654748124
"p231": 1.5053411385271363E-05
"p232": 0.0012419064392848872
"p233": 0.0003838619903244198
"p234": 6.585867481056221E-05
"p235": 0
"p236": 0.0008467543904215143
"p237": 0.000308594933398063
"p238": 5.268693984844977E-05
"p239": 0
"p240": 0.0002897781691664737
"p241": 7.714873334951574E-05
"p242": 0
"p243": 0
"p244": 0.0004534840179812998
"p245": 0.00017499590735377957
"p246": 3.0106822770542726E-05
"p247": 0
"p248": 7.526705692635681E-05
"p249": 2.4461793501065973E-05
"p250": 0
"p251": 0
