"p189": 3.9515204886337324E-05
"p190": 5.645029269476761E-06
"p191": 0
"p192": 3.7633528463178407E-06
"p193": 0
"p194": 0
"p195": 0
"p196": 9.032046831162818E-05
"p197": 3.0106822770542726E-05
"p198": 0
"p199": 0
"p200": 0.00013359902604428335
"p201": 2.6343469924224884E-05
"p202": 0
"p203": 0
"p204": 0.00021827446508643474
"p205": 6.774035123372114E-05
"p206": 1.5053411385271363E-05
"p207": 0
"p208": 0
"p209": 0
"p210": 0
"p211": 0
"p212": 0
"p213": 0
"p214": 0
"p215": 0
"p216": 0
"p217": 0
"p218": 0
"p219": 0
"p220": 2.2580117077907045E-05
"p221": 3.7633528463178407E-06
"p222": 0
"p223": 0
"p224": 0.00037821696105494305
"p225": 9.972885042742278E-05
"p226": 9.408382115794602E-06
"p227": 0
"p228": 0.000284133139896997
"p229": 7.903040977267463E-05
"p230": 0
"p231": 0
"p232": 0.0033531473860691965
"p233": 0.0010556204733921542
"p234": 0.00020133937727800444
"p235": 2.6343469924224887E-05
"p236": 0.003121701186020649
"p237": 0.0011026623839711274
"p238": 0.00022203781793275258
"p239": 1.5053411385271363E-05
"p240": 7.150370408003898E-05
"p241": 2.8225146347383805E-05
"p242": 0
"p243": 0
"p244": 0.00010725555612005847
"p245": 3.7633528463178407E-05
"p246": 0
"p247": 0
"p248": 0.00040644210740232675
"p249": 8.843879188846925E-05
"p250": 0
"p251": 0
