"p189": 1.3171734962112442E-05
"p190": 0
"p191": 0
"p192": 0.000284133139896997
"p193": 3.7633528463178407E-05
"p194": 3.7633528463178407E-06
"p195": 0
"p196": 0
"p197": 0
"p198": 0
"p199": 0
"p200": 0.0009351931823099835
"p201": 0.0002220378179327526
"p202": 2.8225146347383805E-05
"p203": 0
"p204": 0.00013359902604428333
"p205": 1.3171734962112444E-05
"p206": 0
"p207": 0
"p208": 0
"p209": 0
"p210": 0
"p211": 0
"p212": 0
"p213": 0
"p214": 0
"p215": 0
"p216": 6.774035123372113E-05
"p217": 5.645029269476761E-06
"p218": 0
"p219": 0
"p220": 0
"p221": 0
"p222": 0
"p223": 0
"p224": 0.0008222925969204483
"p225": 0.0002201561415095937
"p226": 2.0698440654748124E-05
"p227": 0
"p228": 7.526705692635681E-05
"p229": 1.5053411385271363E-05
"p230": 0
"p231": 0
"p232": 0.008714043515648962
"p233": 0.003240246800679661
"p234": 0.000634124954604556
"p235": 3.575185204001948E-05
"p236": 0.003765234522741
"p237": 0.001228734704322775
"p238": 0.00018064093662325636
"p239": 1.1290058538953523E-05
"p240": 0.00020886608297064017
"p241": 3.575185204001949E-05
"p242": 0
"p243": 0
"p244": 3.7633528463178407E-06
"p245": 0
"p246": 0
"p247": 0
"p248": 0.002594831787536152
"p249": 0.0006943386001456416
"p250": 7.903040977267466E-05
"p251": 1.8816764231589204E-06
