"p189": 2.6343469924224884E-05
"p190": 5.645029269476761E-06
"p191": 0
"p192": 0
"p193": 0
"p194": 0
"p195": 0
"p196": 4.327855773265517E-05
"p197": 0
"p198": 0
"p199": 0
"p200": 3.0106822770542726E-05
"p201": 0
"p202": 0
"p203": 0
"p204": 8.655711546531035E-05
"p205": 2.2580117077907045E-05
"p206": 0
"p207": 0
"p208": 0
"p209": 0
"p210": 0
"p211": 0
"p212": 0
"p213": 0
"p214": 0
"p215": 0
"p216": 0
"p217": 0
"p218": 0
"p219": 0
"p220": 9.408382115794602E-06
"p221": 0
"p222": 0
"p223": 0
"p224": 8.467543904215141E-05
"p225": 1.1290058538953523E-05
"p226": 0
"p227": 0
"p228": 0.00010161052685058169
"p229": 0
"p230": 0
"p231": 0
"p232": 0.0006171898667961258
"p233": 0.0001731142309306207
"p234": 2.2580117077907045E-05
"p235": 0
"p236": 0.0007357354814551377
"p237": 0.00023332787647170616
"p238": 1.6935087808430282E-05
"p239": 0
"p240": 5.645029269476761E-06
"p241": 0
"p242": 0
"p243": 0
"p244": 1.3171734962112444E-05
"p245": 0
"p246": 0
"p247": 0
"p248": 0.00018816764231589203
"p249": 5.833196911792653E-05
"p250": 1.1290058538953523E-05
"p251": 0
