"p189": 0.000780895715610952
"p190": 9.22021447347871E-05
"p191": 0
"p192": 1.3171734962112442E-05
"p193": 1.8816764231589204E-06
"p194": 0
"p195": 0
"p196": 0.00010725555612005847
"p197": 3.7633528463178407E-06
"p198": 0
"p199": 0
"p200": 0
"p201": 0
"p202": 0
"p203": 0
"p204": 0
"p205": 0
"p206": 0
"p207": 0
"p208": 5.645029269476761E-06
"p209": 0
"p210": 0
"p211": 0
"p212": 0.00010349220327374063
"p213": 2.2580117077907045E-05
"p214": 0
"p215": 0
"p216": 5.645029269476761E-06
"p217": 0
"p218": 0
"p219": 0
"p220": 3.5751852040019496E-05
"p221": 5.645029269476761E-06
"p222": 0
"p223": 0
"p224": 0.00016746920166114393
"p225": 2.6343469924224887E-05
"p226": 0
"p227": 0
"p228": 0.0010819639433163792
"p229": 0.00030859493339806287
"p230": 3.387017561686057E-05
"p231": 0
"p232": 9.408382115794602E-06
"p233": 1.8816764231589204E-06
"p234": 0
"p235": 0
"p236": 0.0001580608195453493
"p237": 3.198849919370165E-05
"p238": 1.8816764231589204E-06
"p239": 0
"p240": 0.00023520955289486504
"p241": 4.516023415581409E-05
"p242": 0
"p243": 0
"p244": 0.0009615366522342083
"p245": 0.00031047660982122185
"p246": 4.516023415581409E-05
"p247": 0
"p248": 1.5053411385271363E-05
"p249": 3.7633528463178407E-06
"p250": 0
"p251": 0
