"p189": 9.408382115794602E-06
"p190": 3.7633528463178407E-06
"p191": 1.8816764231589204E-06
"p192": 0.0011497042945501003
"p193": 0.00040644210740232686
"p194": 7.150370408003898E-05
"p195": 1.3171734962112444E-05
"p196": 0.001130887530318511
"p197": 0.00041396881309496247
"p198": 8.843879188846926E-05
"p199": 7.5267056926356815E-06
"p200": 0.0005268693984844977
"p201": 0.00017123255450746176
"p202": 2.4461793501065963E-05
"p203": 0
"p204": 0.00029165984558963265
"p205": 0.00012230896750532982
"p206": 1.6935087808430286E-05
"p207": 0
"p208": 0.0011534676473964182
"p209": 0.00043654893017286954
"p210": 8.843879188846926E-05
"p211": 1.3171734962112444E-05
"p212": 0.0009370748587331423
"p213": 0.0003706902553623073
"p214": 8.091208619583357E-05
"p215": 7.5267056926356815E-06
"p216": 0.0007451438635709324
"p217": 0.00024085458216434178
"p218": 4.139688130949625E-05
"p219": 0
"p220": 0.0005701479562171529
"p221": 0.00020322105370116343
"p222": 2.8225146347383805E-05
"p223": 0
"p224": 0.0005532128684087225
"p225": 0.00017123255450746176
"p226": 2.4461793501065963E-05
"p227": 0
"p228": 0.0007282087757625021
"p229": 0.00023520955289486504
"p230": 4.139688130949624E-05
"p231": 0
"p232": 7.150370408003898E-05
"p233": 9.408382115794602E-06
"p234": 3.7633528463178407E-06
"p235": 3.7633528463178407E-06
"p236": 1.8816764231589203E-05
"p237": 3.7633528463178407E-06
"p238": 1.8816764231589204E-06
"p239": 1.8816764231589204E-06
"p240": 0.00024461793501065964
"p241": 9.596549758110493E-05
"p242": 2.4461793501065963E-05
"p243": 0
"p244": 0.0004610107236739354
"p245": 0.00015053411385271363
"p246": 2.6343469924224887E-05
"p247": 0
"p248": 2.0698440654748124E-05
"p249": 5.645029269476761E-06
"p250": 3.7633528463178407E-06
"p251": 3.7633528463178407E-06
