"p189": 0.00033305672689912887
"p190": 3.387017561686057E-05
"p191": 0
"p192": 0.0006924569237224828
"p193": 0.0002615530228190899
"p194": 4.8923587002131926E-05
"p195": 1.1290058538953523E-05
"p196": 2.6343469924224887E-05
"p197": 3.7633528463178407E-06
"p198": 0
"p199": 0
"p200": 0.000284133139896997
"p201": 8.279376261899248E-05
"p202": 9.408382115794602E-06
"p203": 0
"p204": 0.0007018653058382772
"p205": 0.00019004931873905096
"p206": 1.5053411385271363E-05
"p207": 0
"p208": 0
"p209": 0
"p210": 0
"p211": 0
"p212": 3.7633528463178407E-06
"p213": 0
"p214": 0
"p215": 0
"p216": 0
"p217": 0
"p218": 0
"p219": 0
"p220": 0
"p221": 0
"p222": 0
"p223": 0
"p224": 0.0011158341189332398
"p225": 0.0002766064342043613
"p226": 3.7633528463178407E-05
"p227": 1.1290058538953523E-05
"p228": 5.645029269476761E-06
"p229": 0
"p230": 0
"p231": 0
"p232": 0.00030294990412858624
"p233": 6.021364554108545E-05
"p234": 9.408382115794602E-06
"p235": 0
"p236": 0.0006058998082571724
"p237": 0.00010349220327374062
"p238": 7.5267056926356815E-06
"p239": 0
"p240": 0.0006642317773750989
"p241": 0.000165587525237985
"p242": 1.1290058538953523E-05
"p243": 0
"p244": 3.7633528463178407E-06
"p245": 3.7633528463178407E-06
"p246": 0
"p247": 0
"p248": 4.7041910578973015E-05
"p249": 1.8816764231589204E-06
"p250": 0
"p251": 0
