"p189": 3.7633528463178407E-06
"p190": 0
"p191": 0
"p192": 2.0698440654748124E-05
"p193": 0
"p194": 0
"p195": 0
"p196": 0
"p197": 0
"p198": 0
"p199": 0
"p200": 0.0005513311919855638
"p201": 0.0001486524374295547
"p202": 1.1290058538953523E-05
"p203": 0
"p204": 0.00012607232035164766
"p205": 7.903040977267465E-05
"p206": 1.6935087808430286E-05
"p207": 0
"p208": 8.091208619583355E-05
"p209": 0
"p210": 0
"p211": 0
"p212": 1.1290058538953523E-05
"p213": 0
"p214": 0
"p215": 0
"p216": 0.0006585867481056222
"p217": 0.0001674692016611439
"p218": 1.1290058538953523E-05
"p219": 0
"p220": 0.0002860148163201559
"p221": 0.00013548070246744226
"p222": 1.6935087808430286E-05
"p223": 0
"p224": 1.8816764231589204E-06
"p225": 1.8816764231589204E-06
"p226": 1.8816764231589204E-06
"p227": 0
"p228": 0
"p229": 0
"p230": 0
"p231": 0
"p232": 0.00018816764231589203
"p233": 4.327855773265517E-05
"p234": 0
"p235": 0
"p236": 5.833196911792653E-05
"p237": 2.8225146347383805E-05
"p238": 0
"p239": 0
"p240": 2.0698440654748124E-05
"p241": 5.645029269476761E-06
"p242": 5.645029269476761E-06
"p243": 0
"p244": 0
"p245": 0
"p246": 0
"p247": 0
"p248": 0.0002690797285117256
"p249": 5.64502926947676E-05
"p250": 0
"p251": 0
