"p189": 5.8331969117926534E-05
"p190": 0
"p191": 0
"p192": 0.00012042729108217089
"p193": 2.2580117077907045E-05
"p194": 0
"p195": 0
"p196": 2.2580117077907045E-05
"p197": 0
"p198": 0
"p199": 0
"p200": 8.467543904215141E-05
"p201": 2.2580117077907045E-05
"p202": 0
"p203": 0
"p204": 8.091208619583358E-05
"p205": 1.6935087808430286E-05
"p206": 1.1290058538953523E-05
"p207": 0
"p208": 9.408382115794602E-06
"p209": 0
"p210": 0
"p211": 0
"p212": 0
"p213": 0
"p214": 0
"p215": 0
"p216": 0
"p217": 0
"p218": 0
"p219": 0
"p220": 0
"p221": 0
"p222": 0
"p223": 0
"p224": 0.001757485779230431
"p225": 0.0005513311919855637
"p226": 8.467543904215141E-05
"p227": 0
"p228": 4.3278557732655166E-05
"p229": 7.5267056926356815E-06
"p230": 0
"p231": 0
"p232": 0.0008185292440741304
"p233": 0.0001731142309306207
"p234": 0
"p235": 0
"p236": 0.0009728267107731619
"p237": 0.0002897781691664737
"p238": 3.198849919370165E-05
"p239": 0
"p240": 0.0006153081903729669
"p241": 0.00016935087808430288
"p242": 1.6935087808430286E-05
"p243": 0
"p244": 0
"p245": 0
"p246": 0
"p247": 0
"p248": 0.00023332787647170608
"p249": 5.833196911792653E-05
"p250": 0
"p251": 0
