"p189": 0.0001467707610063958
"p190": 2.6343469924224884E-05
"p191": 0
"p192": 0.00016558752523798497
"p193": 3.951520488633733E-05
"p194": 0
"p195": 0
"p196": 0.0002464996114338185
"p197": 6.209532196424438E-05
"p198": 0
"p199": 0
"p200": 0.0020397372427042692
"p201": 0.0005946097497182188
"p202": 9.596549758110492E-05
"p203": 1.3171734962112444E-05
"p204": 0.0021733362687485526
"p205": 0.0007696056570719985
"p206": 0.00015241579027587256
"p207": 1.8816764231589203E-05
"p208": 0.0004591290472507765
"p209": 0.0001298356731979655
"p210": 9.408382115794602E-06
"p211": 0
"p212": 0.0003292933740528111
"p213": 0.00012795399677480656
"p214": 1.1290058538953523E-05
"p215": 0
"p216": 0.002096187535399037
"p217": 0.0006924569237224829
"p218": 0.00013736237889060116
"p219": 1.3171734962112444E-05
"p220": 0.0020171571256263625
"p221": 0.0007714873334951576
"p222": 0.00014865243742955472
"p223": 1.8816764231589203E-05
"p224": 1.5053411385271363E-05
"p225": 3.7633528463178407E-06
"p226": 3.7633528463178407E-06
"p227": 0
"p228": 4.139688130949625E-05
"p229": 1.1290058538953523E-05
"p230": 1.8816764231589204E-06
"p231": 1.8816764231589204E-06
"p232": 0.000779014039187793
"p233": 0.0001919309951622099
"p234": 2.4461793501065963E-05
"p235": 0
"p236": 0.0012776582913249068
"p237": 0.00037821696105494294
"p238": 4.704191057897301E-05
"p239": 0
"p240": 2.8225146347383805E-05
"p241": 5.645029269476761E-06
"p242": 5.645029269476761E-06
"p243": 0
"p244": 0.000188167642315892
"p245": 4.704191057897301E-05
"p246": 1.8816764231589204E-06
"p247": 1.8816764231589204E-06
"p248": 0.0002973048748591094
"p249": 0.0001016105268505817
"p250": 2.2580117077907045E-05
"p251": 0
