"p189": 5.080526342529086E-05
"p190": 0
"p191": 0
"p192": 5.645029269476761E-06
"p193": 0
"p194": 0
"p195": 0
"p196": 0.0001091372325432174
"p197": 2.2580117077907045E-05
"p198": 0
"p199": 0
"p200": 5.645029269476761E-06
"p201": 0
"p202": 0
"p203": 0
"p204": 3.5751852040019496E-05
"p205": 5.645029269476761E-06
"p206": 0
"p207": 0
"p208": 0
"p209": 0
"p210": 0
"p211": 0
"p212": 0
"p213": 0
"p214": 0
"p215": 0
"p216": 0
"p217": 0
"p218": 0
"p219": 0
"p220": 0
"p221": 0
"p222": 0
"p223": 0
"p224": 0.00033305672689912887
"p225": 6.0213645541085445E-05
"p226": 0
"p227": 0
"p228": 0.0016502302231103728
"p229": 0.000494880899290796
"p230": 6.774035123372114E-05
"p231": 0
"p232": 2.4461793501065966E-05
"p233": 5.645029269476761E-06
"p234": 0
"p235": 0
"p236": 0.00039327037244021434
"p237": 9.032046831162818E-05
"p238": 9.408382115794602E-06
"p239": 0
"p240": 6.585867481056221E-05
"p241": 1.3171734962112442E-05
"p242": 0
"p243": 0
"p244": 0.00034811013828440026
"p245": 8.467543904215143E-05
"p246": 1.1290058538953523E-05
"p247": 0
"p248": 0
"p249": 0
"p250": 0
"p251": 0
