"p189": 9.596549758110495E-05
"p190": 7.5267056926356815E-06
"p191": 0
"p192": 8.843879188846925E-05
"p193": 1.5053411385271363E-05
"p194": 0
"p195": 0
"p196": 0
"p197": 0
"p198": 0
"p199": 0
"p200": 0.004036195927675883
"p201": 0.0011760477644743254
"p202": 0.00015429746669903146
"p203": 5.645029269476761E-06
"p204": 0.0005193426927918621
"p205": 0.00019193099516220984
"p206": 3.198849919370165E-05
"p207": 5.645029269476761E-06
"p208": 0.0007150370408003897
"p209": 8.279376261899251E-05
"p210": 0
"p211": 0
"p212": 7.33853805031979E-05
"p213": 0
"p214": 0
"p215": 0
"p216": 0.011497042945501005
"p217": 0.0034340594722650298
"p218": 0.0005174610163687031
"p219": 2.8225146347383815E-05
"p220": 0.0024104274980665764
"p221": 0.0009239031237710299
"p222": 0.00013924405531376012
"p223": 1.1290058538953523E-05
"p224": 1.3171734962112444E-05
"p225": 1.8816764231589204E-06
"p226": 1.8816764231589204E-06
"p227": 0
"p228": 0
"p229": 0
"p230": 0
"p231": 0
"p232": 0.0010744372376237437
"p233": 0.0002389729057411829
"p234": 2.0698440654748128E-05
"p235": 0
"p236": 0.00012419064392848873
"p237": 4.139688130949624E-05
"p238": 5.645029269476761E-06
"p239": 0
"p240": 0.0002446179350106596
"p241": 9.596549758110493E-05
"p242": 2.4461793501065963E-05
"p243": 0
"p244": 0
"p245": 0
"p246": 0
"p247": 0
"p248": 0.006115448375266491
"p249": 0.0017518407499609546
"p250": 0.00017499590735377962
"p251": 0
