"p189": 0.00037069025536230727
"p190": 4.8923587002131926E-05
"p191": 0
"p192": 0.004420057918000304
"p193": 0.0017875926020009746
"p194": 0.0003349384033222878
"p195": 1.8816764231589207E-05
"p196": 5.645029269476761E-06
"p197": 0
"p198": 0
"p199": 0
"p200": 0.006802260269719497
"p201": 0.0022824735012917704
"p202": 0.00033870175616860566
"p203": 2.2580117077907045E-05
"p204": 0.002242958296405433
"p205": 0.0007583155985330449
"p206": 8.843879188846926E-05
"p207": 5.645029269476761E-06
"p208": 0.006853065533144788
"p209": 0.0027547742835046587
"p210": 0.0005795563383329474
"p211": 4.139688130949625E-05
"p212": 0.00010725555612005845
"p213": 5.645029269476761E-06
"p214": 0
"p215": 0
"p216": 0.01645149696767844
"p217": 0.005628094181668331
"p218": 0.000805357509112018
"p219": 5.8331969117926534E-05
"p220": 0.005573525565396722
"p221": 0.0018986115109673502
"p222": 0.0002314462000485472
"p223": 1.3171734962112444E-05
"p224": 0.0022410766199822737
"p225": 0.0008599261253836267
"p226": 0.00014300740816007796
"p227": 0
"p228": 0
"p229": 0
"p230": 0
"p231": 0
"p232": 0.00217898129801803
"p233": 0.0006868118944530061
"p234": 9.596549758110493E-05
"p235": 0
"p236": 0.0006585867481056221
"p237": 0.00021262943581695803
"p238": 3.575185204001949E-05
"p239": 0
"p240": 0.005765456560558931
"p241": 0.0019343633630073702
"p242": 0.00026719805208856665
"p243": 0
"p244": 0
"p245": 0
"p246": 0
"p247": 0
"p248": 0.0037878146398189066
"p249": 0.0010782005904700614
"p250": 0.00014300740816007796
"p251": 0
