"p189": 0.0012945933791333373
"p190": 0.00020886608297064017
"p191": 2.4461793501065966E-05
"p192": 0.0006303616017582383
"p193": 9.596549758110495E-05
"p194": 3.7633528463178407E-06
"p195": 0
"p196": 0
"p197": 0
"p198": 0
"p199": 0
"p200": 0.005517075272701956
"p201": 0.0018910848052747153
"p202": 0.00031988499193701646
"p203": 7.5267056926356815E-06
"p204": 0.0007018653058382772
"p205": 0.00019004931873905096
"p206": 1.5053411385271363E-05
"p207": 0
"p208": 0
"p209": 0
"p210": 0
"p211": 0
"p212": 0
"p213": 0
"p214": 0
"p215": 0
"p216": 0.0005362777806002923
"p217": 0.0001279539967748066
"p218": 5.645029269476761E-06
"p219": 0
"p220": 3.387017561686057E-05
"p221": 0
"p222": 0
"p223": 0
"p224": 0.0016841003987272337
"p225": 0.0003800986374781019
"p226": 3.9515204886337324E-05
"p227": 0
"p228": 0.00011854561465901199
"p229": 5.645029269476761E-06
"p230": 0
"p231": 0
"p232": 0.03883403802115381
"p233": 0.013764463035407506
"p234": 0.00263246531599933
"p235": 0.0002013393772780045
"p236": 0.012746476090478527
"p237": 0.004593172148930924
"p238": 0.0010499754441226775
"p239": 0.00015994249596850823
"p240": 0.0006642317773750989
"p241": 0.000165587525237985
"p242": 1.1290058538953523E-05
"p243": 0
"p244": 0
"p245": 0
"p246": 0
"p247": 0
"p248": 0.018282368127412074
"p249": 0.006369474692392946
"p250": 0.0011327692067416703
"p251": 5.645029269476761E-05
