"p189": 0.00955138952395468
"p190": 0.001768775837769385
"p191": 0.00014112573173691905
"p192": 0.0021413477695548517
"p193": 0.0008110025383814948
"p194": 0.00012607232035164768
"p195": 5.645029269476761E-06
"p196": 0
"p197": 0
"p198": 0
"p199": 0
"p200": 0.0006943386001456417
"p201": 0.00019004931873905096
"p202": 5.645029269476761E-06
"p203": 0
"p204": 0.0005249877220613389
"p205": 0.0001561791431221904
"p206": 1.6935087808430286E-05
"p207": 0
"p208": 0.0035469600576545656
"p209": 0.0012419064392848874
"p210": 0.00022768284720222937
"p211": 7.5267056926356815E-06
"p212": 5.645029269476761E-05
"p213": 0
"p214": 0
"p215": 0
"p216": 0.0017781842198851797
"p217": 0.0005362777806002923
"p218": 9.22021447347871E-05
"p219": 0
"p220": 0.0013378719368659921
"p221": 0.0004120871366718036
"p222": 8.091208619583358E-05
"p223": 1.1290058538953523E-05
"p224": 0.006542588923323566
"p225": 0.0026757438737319843
"p226": 0.0005588578976781993
"p227": 2.6343469924224884E-05
"p228": 5.645029269476761E-06
"p229": 0
"p230": 0
"p231": 0
"p232": 0.007468373723517754
"p233": 0.0027472475778120235
"p234": 0.0005005259285602729
"p235": 3.7633528463178407E-05
"p236": 0.005353369423887128
"p237": 0.0018986115109673506
"p238": 0.00040456043097916787
"p239": 5.080526342529084E-05
"p240": 0.011926065169981237
"p241": 0.004920583846560576
"p242": 0.0011101890896637629
"p243": 8.655711546531035E-05
"p244": 4.516023415581409E-05
"p245": 5.645029269476761E-06
"p246": 0
"p247": 0
"p248": 0.017783723875274958
"p249": 0.006461676837127732
"p250": 0.0012776582913249068
"p251": 0.00011290058538953522
