"p189": 0.000684930218029847
"p190": 9.784717400426387E-05
"p191": 3.7633528463178407E-06
"p192": 0.007458965341401961
"p193": 0.0028902549859721014
"p194": 0.0006284799253350794
"p195": 7.338538050319788E-05
"p196": 0.008145777235854967
"p197": 0.003368200797454467
"p198": 0.0006792851887603702
"p199": 4.139688130949625E-05
"p200": 0.0035620134690398366
"p201": 0.001108307413240604
"p202": 0.00011854561465901197
"p203": 7.5267056926356815E-06
"p204": 0.0021526378280938047
"p205": 0.0007808957156109519
"p206": 0.00010725555612005847
"p207": 9.408382115794602E-06
"p208": 0.014532187016056342
"p209": 0.005803090089022111
"p210": 0.0013830321710218067
"p211": 0.00018252261304641527
"p212": 0.01173037082197271
"p213": 0.004879186965251081
"p214": 0.001138414236011147
"p215": 0.0001091372325432174
"p216": 0.010275834946870864
"p217": 0.003343739003953401
"p218": 0.00033305672689912887
"p219": 9.408382115794602E-06
"p220": 0.0054060563637355775
"p221": 0.0017800658963083385
"p222": 0.00019569434800852773
"p223": 1.1290058538953523E-05
"p224": 0.0031254645388669663
"p225": 0.0010819639433163792
"p226": 0.00019381267158536877
"p227": 1.8816764231589204E-06
"p228": 0.004824618348979472
"p229": 0.0018760313938894436
"p230": 0.00033870175616860566
"p231": 9.408382115794602E-06
"p232": 0.0006811668651835292
"p233": 0.00016935087808430283
"p234": 2.8225146347383805E-05
"p235": 1.8816764231589204E-06
"p236": 0.00040079707813285006
"p237": 0.0001016105268505817
"p238": 1.6935087808430286E-05
"p239": 0
"p240": 0.005654437651592556
"p241": 0.0016690469873419625
"p242": 0.00023144620004854718
"p243": 5.645029269476761E-06
"p244": 0.008817535718922702
"p245": 0.003159334714483827
"p246": 0.0005118159870992264
"p247": 1.3171734962112444E-05
"p248": 0.0009182580945015532
"p249": 0.0002709614049348845
"p250": 5.268693984844976E-05
"p251": 1.8816764231589204E-06
