"p189": 0.0018478062475420598
"p190": 0.00025402631712645424
"p191": 1.6935087808430282E-05
"p192": 0.003366319121031309
"p193": 0.0011440592652806236
"p194": 0.00021074775939379907
"p195": 1.3171734962112444E-05
"p196": 0
"p197": 0
"p198": 0
"p199": 0
"p200": 0.0020002220378179322
"p201": 0.000733853805031979
"p202": 0.00015806081954534932
"p203": 1.3171734962112444E-05
"p204": 0.0018478062475420598
"p205": 0.000617189866796126
"p206": 0.00012230896750532982
"p207": 3.0106822770542726E-05
"p208": 0.006461676837127732
"p209": 0.0021639278866327585
"p210": 0.00041208713667180354
"p211": 4.704191057897301E-05
"p212": 1.6935087808430282E-05
"p213": 0
"p214": 0
"p215": 0
"p216": 0.007188003936467076
"p217": 0.0026080035224982636
"p218": 0.0005193426927918621
"p219": 5.2686939848449775E-05
"p220": 0.005857658705293719
"p221": 0.002047263948396905
"p222": 0.00039515204886337327
"p223": 6.0213645541085445E-05
"p224": 0.0012136812929375038
"p225": 0.000284133139896997
"p226": 4.327855773265517E-05
"p227": 0
"p228": 0
"p229": 0
"p230": 0
"p231": 0
"p232": 0.0006096631611034902
"p233": 0.0001862859658927331
"p234": 3.575185204001949E-05
"p235": 1.8816764231589204E-06
"p236": 0.0003518734911307181
"p237": 0.00012419064392848873
"p238": 3.010682277054273E-05
"p239": 1.8816764231589204E-06
"p240": 0.006179425373653895
"p241": 0.0019324816865842116
"p242": 0.0003424651090149235
"p243": 2.2580117077907045E-05
"p244": 0
"p245": 0
"p246": 0
"p247": 0
"p248": 0.0020924241825527193
"p249": 0.0006322432781813973
"p250": 7.526705692635681E-05
"p251": 1.8816764231589204E-06
