"p189": 0.001110189089663763
"p190": 0.00015241579027587256
"p191": 7.5267056926356815E-06
"p192": 0.005537773713356702
"p193": 0.0022241415321738434
"p194": 0.0005287510749076566
"p195": 6.585867481056221E-05
"p196": 0.006689359684329962
"p197": 0.0028375680461236517
"p198": 0.0006040181318340134
"p199": 3.7633528463178407E-05
"p200": 0.002393492410258147
"p201": 0.0008185292440741303
"p202": 0.00010537387969689954
"p203": 7.5267056926356815E-06
"p204": 0.0017631308084999082
"p205": 0.00066235010095194
"p206": 0.00010725555612005847
"p207": 9.408382115794602E-06
"p208": 0.01181504626101486
"p209": 0.004790748173362612
"p210": 0.0012324980571690927
"p211": 0.0001862859658927331
"p212": 0.01012718250944131
"p213": 0.004205546805760187
"p214": 0.0010236319741984525
"p215": 0.00010537387969689954
"p216": 0.008102498678122311
"p217": 0.002568488317611926
"p218": 0.0002935415220127916
"p219": 9.408382115794602E-06
"p220": 0.004610107236739355
"p221": 0.0014714709629102757
"p222": 0.0001862859658927331
"p223": 1.1290058538953523E-05
"p224": 0.0018835580995820791
"p225": 0.0006679951302214167
"p226": 0.00014865243742955472
"p227": 1.8816764231589204E-06
"p228": 0.0036335171731198754
"p229": 0.0013905588767144418
"p230": 0.00026343469924224885
"p231": 9.408382115794602E-06
"p232": 0.0004252588716339159
"p233": 0.00012795399677480656
"p234": 2.2580117077907045E-05
"p235": 1.8816764231589204E-06
"p236": 0.00035563684397703593
"p237": 9.032046831162818E-05
"p238": 1.1290058538953523E-05
"p239": 0
"p240": 0.004771931409131022
"p241": 0.0013284635547501976
"p242": 0.00019004931873905096
"p243": 5.645029269476761E-06
"p244": 0.007795785421147407
"p245": 0.0029128351030500085
"p246": 0.0005099343106760674
"p247": 1.3171734962112444E-05
"p248": 0.0007564339221098861
"p249": 0.00022580117077907044
"p250": 3.575185204001949E-05
"p251": 1.8816764231589204E-06
