"p189": 0.0011177157953563988
"p190": 0.00018252261304641527
"p191": 9.408382115794602E-06
"p192": 0.00671005812498471
"p193": 0.00273595751927307
"p194": 0.0005325144277539744
"p195": 3.0106822770542726E-05
"p196": 5.645029269476761E-06
"p197": 0
"p198": 0
"p199": 0
"p200": 0.008889039423002742
"p201": 0.0031085294510585365
"p202": 0.000519342692791862
"p203": 3.951520488633733E-05
"p204": 0.005359014453156605
"p205": 0.00198705030285582
"p206": 0.00039327037244021434
"p207": 5.4568616271608685E-05
"p208": 0.009577732993878907
"p209": 0.003861200020322104
"p210": 0.0008580444489604677
"p211": 7.526705692635681E-05
"p212": 0.00010161052685058169
"p213": 5.645029269476761E-06
"p214": 0
"p215": 0
"p216": 0.020478284513238534
"p217": 0.007364881520244016
"p218": 0.001236261410015411
"p219": 9.784717400426387E-05
"p220": 0.011325810390993542
"p221": 0.004327855773265518
"p222": 0.0009257848001941889
"p223": 0.00013171734962112445
"p224": 0.003970337252865322
"p225": 0.0015373296377208378
"p226": 0.0002878964927433148
"p227": 9.408382115794602E-06
"p228": 0
"p229": 0
"p230": 0
"p231": 0
"p232": 0.0030182089827469082
"p233": 0.0010198686213521348
"p234": 0.00015429746669903146
"p235": 1.8816764231589204E-06
"p236": 0.0016201234003398305
"p237": 0.0005645029269476762
"p238": 0.00012230896750532982
"p239": 1.8816764231589204E-06
"p240": 0.00852587587333307
"p241": 0.0030257356884395435
"p242": 0.0004835908407518426
"p243": 1.3171734962112444E-05
"p244": 0
"p245": 0
"p246": 0
"p247": 0
"p248": 0.004662794176587805
"p249": 0.0014037306116765546
"p250": 0.0001956943480085277
"p251": 1.8816764231589204E-06
