"p189": 0.004913057140867942
"p190": 0.0006548233952593044
"p191": 4.516023415581409E-05
"p192": 0.0009728267107731619
"p193": 0.0002314462000485472
"p194": 2.6343469924224887E-05
"p195": 0
"p196": 0.0031254645388669663
"p197": 0.0011497042945501005
"p198": 0.00015617914312219037
"p199": 5.645029269476761E-06
"p200": 0.00012607232035164766
"p201": 2.0698440654748124E-05
"p202": 0
"p203": 0
"p204": 0.00035375516755387705
"p205": 0.0001467707610063958
"p206": 1.6935087808430286E-05
"p207": 0
"p208": 0.0020190388020495218
"p209": 0.00048359084075184255
"p210": 3.3870175616860565E-05
"p211": 0
"p212": 0.0044840349163877075
"p213": 0.0016351768117251018
"p214": 0.000306713256974904
"p215": 7.5267056926356815E-06
"p216": 0.0003838619903244198
"p217": 0.0001373623788906012
"p218": 1.6935087808430286E-05
"p219": 0
"p220": 0.0009163764180783942
"p221": 0.00038198031390126086
"p222": 9.22021447347871E-05
"p223": 1.1290058538953523E-05
"p224": 0.009387683675139855
"p225": 0.0035036814999219097
"p226": 0.0007263270993393434
"p227": 7.526705692635681E-05
"p228": 0.010834692844549064
"p229": 0.004327855773265516
"p230": 0.00085428109611415
"p231": 4.139688130949625E-05
"p232": 0.004058776044753792
"p233": 0.0011967462051290733
"p234": 0.0001204272910821709
"p235": 7.5267056926356815E-06
"p236": 0.002321988706178107
"p237": 0.0007714873334951572
"p238": 0.00010349220327374063
"p239": 9.408382115794602E-06
"p240": 0.017294488005253635
"p241": 0.006642317773750989
"p242": 0.0015015777856808184
"p243": 0.00018252261304641527
"p244": 0.016965194631200827
"p245": 0.0071748322015049645
"p246": 0.0016295317824556253
"p247": 0.00012983567319796552
"p248": 0.010670986995734238
"p249": 0.0034265327665723945
"p250": 0.00033305672689912887
"p251": 9.408382115794602E-06
