"p189": 0.0012795399677480658
"p190": 0.00018628596589273313
"p191": 1.1290058538953523E-05
"p192": 0.003091594363250106
"p193": 0.0011986278815522323
"p194": 0.00025967134639593104
"p195": 3.0106822770542726E-05
"p196": 0.00019193099516220987
"p197": 3.3870175616860565E-05
"p198": 0
"p199": 0
"p200": 0.0021168859760537853
"p201": 0.0006886935708761649
"p202": 0.0001392440553137601
"p203": 1.6935087808430282E-05
"p204": 0.002028447184165316
"p205": 0.000760197274956204
"p206": 0.00014865243742955472
"p207": 1.8816764231589203E-05
"p208": 0.0004911175464444782
"p209": 0.00011478226181269414
"p210": 5.645029269476761E-06
"p211": 0
"p212": 0
"p213": 0
"p214": 0
"p215": 0
"p216": 2.6343469924224887E-05
"p217": 0
"p218": 0
"p219": 0
"p220": 4.139688130949625E-05
"p221": 0
"p222": 0
"p223": 0
"p224": 0.024140026832705788
"p225": 0.011538439826810498
"p226": 0.003277880329142839
"p227": 0.0005287510749076566
"p228": 0.00023709122931802397
"p229": 4.892358700213193E-05
"p230": 5.645029269476761E-06
"p231": 0
"p232": 0.0317344728765752
"p233": 0.013181143344228239
"p234": 0.003181914831561735
"p235": 0.00036692690251598946
"p236": 0.02209840791357836
"p237": 0.008172120705779192
"p238": 0.0015881349011461288
"p239": 0.00014677076100639576
"p240": 0.011926065169981237
"p241": 0.004920583846560577
"p242": 0.001110189089663763
"p243": 8.655711546531036E-05
"p244": 1.5053411385271363E-05
"p245": 3.7633528463178407E-06
"p246": 0
"p247": 0
"p248": 0.009304889912520863
"p249": 0.002982457130706889
"p250": 0.0004741824586360479
"p251": 3.951520488633733E-05
