"p189": 0.0031706247730227803
"p190": 0.0007545522456867271
"p191": 8.467543904215141E-05
"p192": 0.00019004931873905096
"p193": 3.9515204886337324E-05
"p194": 0
"p195": 0
"p196": 0.0012061545872448678
"p197": 0.0002897781691664737
"p198": 2.8225146347383805E-05
"p199": 1.8816764231589204E-06
"p200": 0.0019701152150473893
"p201": 0.0005701479562171529
"p202": 8.655711546531033E-05
"p203": 1.1290058538953523E-05
"p204": 0.004331619126111834
"p205": 0.0015580280783755861
"p206": 0.00031235828624438073
"p207": 4.139688130949625E-05
"p208": 0
"p209": 0
"p210": 0
"p211": 0
"p212": 0
"p213": 0
"p214": 0
"p215": 0
"p216": 5.645029269476761E-05
"p217": 0
"p218": 0
"p219": 0
"p220": 0.000660468424528781
"p221": 0.0001486524374295547
"p222": 1.6935087808430286E-05
"p223": 0
"p224": 0.001746195720691478
"p225": 0.0005983731025645366
"p226": 8.843879188846925E-05
"p227": 5.645029269476761E-06
"p228": 0.0029674037193216174
"p229": 0.0009784717400426386
"p230": 0.0001674692016611439
"p231": 7.5267056926356815E-06
"p232": 0.017407388590643176
"p233": 0.007080748380347017
"p234": 0.0014470091694092102
"p235": 0.00011854561465901197
"p236": 0.02702840014225474
"p237": 0.011073665750290246
"p238": 0.0025816600525740384
"p239": 0.00030294990412858624
"p240": 0.00023520955289486507
"p241": 4.51602341558141E-05
"p242": 0
"p243": 0
"p244": 0.0006454150131435097
"p245": 0.00015994249596850823
"p246": 2.2580117077907045E-05
"p247": 0
"p248": 0.008002769827694888
"p249": 0.002786762782698361
"p250": 0.000568266279793994
"p251": 7.526705692635683E-05
