"p189": 0.0016351768117251015
"p190": 0.00029730487485910944
"p191": 2.0698440654748128E-05
"p192": 0.006021364554108544
"p193": 0.0020284471841653167
"p194": 0.00038386199032441974
"p195": 3.9515204886337324E-05
"p196": 5.268693984844977E-05
"p197": 0
"p198": 0
"p199": 0
"p200": 0.007504125575557776
"p201": 0.0025515532298034955
"p202": 0.0004610107236739355
"p203": 3.3870175616860565E-05
"p204": 0.005359014453156603
"p205": 0.001987050302855819
"p206": 0.0003932703724402144
"p207": 5.4568616271608685E-05
"p208": 0.0006134265139498081
"p209": 9.784717400426385E-05
"p210": 5.645029269476761E-06
"p211": 0
"p212": 2.0698440654748124E-05
"p213": 0
"p214": 0
"p215": 0
"p216": 3.3870175616860565E-05
"p217": 1.8816764231589204E-06
"p218": 0
"p219": 0
"p220": 0.00011290058538953523
"p221": 4.139688130949624E-05
"p222": 0
"p223": 0
"p224": 0.00456494700258354
"p225": 0.0013529253482512638
"p226": 0.00023144620004854718
"p227": 1.5053411385271363E-05
"p228": 0
"p229": 0
"p230": 0
"p231": 0
"p232": 0.003912005283747395
"p233": 0.0012193263222069802
"p234": 0.00021827446508643474
"p235": 1.6935087808430282E-05
"p236": 0.002325752059024425
"p237": 0.0008072391855351768
"p238": 0.0001580608195453493
"p239": 1.3171734962112444E-05
"p240": 0.010415079002184625
"p241": 0.003347502356799719
"p242": 0.0005852013676024241
"p243": 3.9515204886337324E-05
"p244": 0
"p245": 0
"p246": 0
"p247": 0
"p248": 0.005091816401068039
"p249": 0.0016314134588787837
"p250": 0.0002464996114338185
"p251": 1.3171734962112444E-05
