"p189": 7.150370408003898E-05
"p190": 2.446179350106597E-05
"p191": 1.8816764231589204E-06
"p192": 0.0002333278764717061
"p193": 3.3870175616860565E-05
"p194": 0
"p195": 0
"p196": 0
"p197": 0
"p198": 0
"p199": 0
"p200": 0.0024254809094518483
"p201": 0.000617189866796126
"p202": 6.021364554108545E-05
"p203": 0
"p204": 0.00030859493339806287
"p205": 6.774035123372114E-05
"p206": 3.7633528463178407E-06
"p207": 0
"p208": 0
"p209": 0
"p210": 0
"p211": 0
"p212": 0
"p213": 0
"p214": 0
"p215": 0
"p216": 0.000212629435816958
"p217": 3.3870175616860565E-05
"p218": 0
"p219": 0
"p220": 0
"p221": 0
"p222": 0
"p223": 0
"p224": 0.00073197212860882
"p225": 9.03204683116282E-05
"p226": 0
"p227": 0
"p228": 7.33853805031979E-05
"p229": 0
"p230": 0
"p231": 0
"p232": 0.01246610630342785
"p233": 0.003616582085311445
"p234": 0.0005306327513308157
"p235": 2.8225146347383815E-05
"p236": 0.002606121846075104
"p237": 0.0009765900636194797
"p238": 0.0001448890845832369
"p239": 1.1290058538953523E-05
"p240": 6.021364554108545E-05
"p241": 7.5267056926356815E-06
"p242": 0
"p243": 0
"p244": 0
"p245": 0
"p246": 0
"p247": 0
"p248": 0.007219992435660778
"p249": 0.001955061803662118
"p250": 0.0002653163756654078
"p251": 5.645029269476761E-06
