"p189": 0.0016991538101125052
"p190": 0.00023709122931802397
"p191": 1.3171734962112442E-05
"p192": 0.0052536405734597055
"p193": 0.0022053247679422548
"p194": 0.00045724737082761767
"p195": 2.6343469924224884E-05
"p196": 5.645029269476761E-06
"p197": 0
"p198": 0
"p199": 0
"p200": 0.006185070402923371
"p201": 0.0023257520590244255
"p202": 0.00043466725374971066
"p203": 3.7633528463178407E-05
"p204": 0.004615752266008832
"p205": 0.0017029171629588228
"p206": 0.00036128187324651267
"p207": 4.892358700213192E-05
"p208": 0.007914331035806419
"p209": 0.0031875598608312114
"p210": 0.0007432621871477736
"p211": 7.150370408003898E-05
"p212": 7.33853805031979E-05
"p213": 5.645029269476761E-06
"p214": 0
"p215": 0
"p216": 0.01607139833020034
"p217": 0.005795563383329475
"p218": 0.0011290058538953524
"p219": 0.00010725555612005845
"p220": 0.009903263015085399
"p221": 0.003656097290197782
"p222": 0.000827937626189925
"p223": 0.00012607232035164768
"p224": 0.0027792360770057256
"p225": 0.0010518571205458366
"p226": 0.00021262943581695803
"p227": 9.408382115794602E-06
"p228": 0
"p229": 0
"p230": 0
"p231": 0
"p232": 0.001815817748348358
"p233": 0.0006792851887603702
"p234": 0.00012230896750532982
"p235": 1.8816764231589204E-06
"p236": 0.0013134101433649266
"p237": 0.0004327855773265517
"p238": 9.784717400426385E-05
"p239": 1.8816764231589204E-06
"p240": 0.007487190487749345
"p241": 0.00276982769488993
"p242": 0.0004817091643286836
"p243": 1.3171734962112444E-05
"p244": 0
"p245": 0
"p246": 0
"p247": 0
"p248": 0.003703139200776755
"p249": 0.0010763189140469026
"p250": 0.00015617914312219042
"p251": 1.8816764231589204E-06
