"p189": 0.003232720094987025
"p190": 0.000355636843977036
"p191": 1.5053411385271365E-05
"p192": 0.0017085621922282995
"p193": 0.0006209532196424437
"p194": 8.27937626189925E-05
"p195": 0
"p196": 0
"p197": 0
"p198": 0
"p199": 0
"p200": 0.0006642317773750989
"p201": 0.00017687758377693853
"p202": 9.408382115794602E-06
"p203": 0
"p204": 0.0004139688130949626
"p205": 0.00011478226181269412
"p206": 7.5267056926356815E-06
"p207": 0
"p208": 0.0023389237939865377
"p209": 0.0007526705692635682
"p210": 0.00010913723254321738
"p211": 0
"p212": 8.091208619583358E-05
"p213": 0
"p214": 0
"p215": 0
"p216": 0.0014470091694092097
"p217": 0.00044219395944234633
"p218": 5.456861627160869E-05
"p219": 0
"p220": 0.0009032046831162816
"p221": 0.0003255300212064932
"p222": 4.704191057897301E-05
"p223": 0
"p224": 0.005622449152398855
"p225": 0.002224141532173844
"p226": 0.0004120871366718036
"p227": 1.8816764231589207E-05
"p228": 5.645029269476761E-06
"p229": 0
"p230": 0
"p231": 0
"p232": 0.008320773143208747
"p233": 0.0026926789615404146
"p234": 0.00038762534317073765
"p235": 2.2580117077907045E-05
"p236": 0.002572251670458244
"p237": 0.0008298193026130839
"p238": 9.784717400426387E-05
"p239": 5.645029269476761E-06
"p240": 0.010187396154982398
"p241": 0.0040249058691369305
"p242": 0.0007959491269962232
"p243": 4.139688130949625E-05
"p244": 6.962202765688006E-05
"p245": 5.645029269476761E-06
"p246": 0
"p247": 0
"p248": 0.018289894833104708
"p249": 0.006170016991538099
"p250": 0.0008787428896152158
"p251": 5.8331969117926534E-05
