"p189": 0.008642539811568924
"p190": 0.001998340361394774
"p191": 0.00025214464070329537
"p192": 0.00034999181470755925
"p193": 6.209532196424436E-05
"p194": 1.8816764231589204E-06
"p195": 0
"p196": 0.00044972066513498195
"p197": 9.784717400426385E-05
"p198": 1.1290058538953523E-05
"p199": 0
"p200": 0.005835078588215811
"p201": 0.0020811341240137655
"p202": 0.0004309039009033927
"p203": 6.39769983874033E-05
"p204": 0.00780707547968636
"p205": 0.002848858104662606
"p206": 0.0006021364554108544
"p207": 6.774035123372114E-05
"p208": 0
"p209": 0
"p210": 0
"p211": 0
"p212": 0.00017499590735377957
"p213": 3.3870175616860565E-05
"p214": 0
"p215": 0
"p216": 3.575185204001949E-05
"p217": 5.645029269476761E-06
"p218": 0
"p219": 0
"p220": 0.000472300782212889
"p221": 6.585867481056221E-05
"p222": 5.645029269476761E-06
"p223": 0
"p224": 0.00016558752523798497
"p225": 2.8225146347383805E-05
"p226": 0
"p227": 0
"p228": 0.0002671980520885667
"p229": 6.585867481056221E-05
"p230": 1.1290058538953523E-05
"p231": 0
"p232": 0.0022260232085970022
"p233": 0.0006623501009519401
"p234": 0.00012230896750532985
"p235": 1.3171734962112444E-05
"p236": 0.005118159870992264
"p237": 0.0014677076100639579
"p238": 0.00025214464070329537
"p239": 1.8816764231589203E-05
"p240": 0.0002145111122401169
"p241": 6.021364554108545E-05
"p242": 1.1290058538953523E-05
"p243": 0
"p244": 0.00042149551878759814
"p245": 9.784717400426385E-05
"p246": 0
"p247": 0
"p248": 0.00432221074399604
"p249": 0.0011233608246258757
"p250": 0.00015241579027587256
"p251": 2.822514634738381E-05
