"p189": 0.010682277054273192
"p190": 0.0026155302281909
"p191": 0.000284133139896997
"p192": 2.0698440654748124E-05
"p193": 0
"p194": 0
"p195": 0
"p196": 0.0002408545821643418
"p197": 5.080526342529086E-05
"p198": 0
"p199": 0
"p200": 0.0010424487384300418
"p201": 0.00023520955289486507
"p202": 2.6343469924224887E-05
"p203": 0
"p204": 0.0031442813030985554
"p205": 0.0011497042945501005
"p206": 0.00015617914312219037
"p207": 5.645029269476761E-06
"p208": 0.00013548070246744223
"p209": 1.8816764231589204E-06
"p210": 0
"p211": 0
"p212": 0.0008674528310762622
"p213": 0.00011290058538953522
"p214": 3.7633528463178407E-06
"p215": 0
"p216": 0.002197798062249619
"p217": 0.0005343961041771334
"p218": 3.3870175616860565E-05
"p219": 0
"p220": 0.004461454799309801
"p221": 0.001653993575956691
"p222": 0.000306713256974904
"p223": 7.5267056926356815E-06
"p224": 0.0006999836294151185
"p225": 0.00016935087808430283
"p226": 1.3171734962112442E-05
"p227": 0
"p228": 0.000658586748105622
"p229": 0.00015617914312219037
"p230": 1.3171734962112442E-05
"p231": 0
"p232": 0.012372022482269903
"p233": 0.004241298657800206
"p234": 0.0007790140391877932
"p235": 7.714873334951573E-05
"p236": 0.012134931252951875
"p237": 0.00473994290993732
"p238": 0.0008825062424615337
"p239": 4.5160234155814084E-05
"p240": 0.0022467216492517515
"p241": 0.0005400411334466101
"p242": 4.7041910578973015E-05
"p243": 1.8816764231589204E-06
"p244": 0.001437600787293415
"p245": 0.00035563684397703593
"p246": 3.7633528463178407E-05
"p247": 0
"p248": 0.024900224107662003
"p249": 0.008702753457110008
"p250": 0.001704798839381982
"p251": 0.0001844042894695742
