"p189": 0.0010066968863900226
"p190": 0.00015053411385271363
"p191": 9.408382115794602E-06
"p192": 0.010633353467271059
"p193": 0.005184018545802825
"p194": 0.0014771159921797526
"p195": 0.0002107477593937991
"p196": 3.387017561686057E-05
"p197": 5.645029269476761E-06
"p198": 0
"p199": 0
"p200": 0.011773649379705365
"p201": 0.004790748173362612
"p202": 0.0010988990311248095
"p203": 0.00012607232035164766
"p204": 0.009193871003554486
"p205": 0.003292933740528111
"p206": 0.0006510600424129864
"p207": 6.774035123372113E-05
"p208": 0.012040847431793934
"p209": 0.00603077293622434
"p210": 0.0018252261304641526
"p211": 0.0003481101382844003
"p212": 0.00030859493339806287
"p213": 6.39769983874033E-05
"p214": 5.645029269476761E-06
"p215": 0
"p216": 0.022755112985260832
"p217": 0.009485530849144119
"p218": 0.0023050536183696776
"p219": 0.0002747247577812024
"p220": 0.013856665180142294
"p221": 0.005385357923080829
"p222": 0.0010518571205458366
"p223": 9.22021447347871E-05
"p224": 0.008326418172478223
"p225": 0.0035638951454629955
"p226": 0.0008523994196909908
"p227": 3.951520488633733E-05
"p228": 0
"p229": 0
"p230": 0
"p231": 0
"p232": 0.00552460197839459
"p233": 0.002071725741897971
"p234": 0.00041396881309496236
"p235": 1.1290058538953523E-05
"p236": 0.003998562399212705
"p237": 0.0012381430864385698
"p238": 0.00019193099516220984
"p239": 1.1290058538953523E-05
"p240": 0.010187396154982398
"p241": 0.0040249058691369305
"p242": 0.0007959491269962233
"p243": 4.1396881309496255E-05
"p244": 3.575185204001949E-05
"p245": 1.1290058538953523E-05
"p246": 0
"p247": 0
"p248": 0.00610039496388122
"p249": 0.0018534512768115365
"p250": 0.0002991865512822684
"p251": 1.3171734962112444E-05
