"p189": 0.0024311259387213248
"p190": 0.0004610107236739354
"p191": 4.892358700213193E-05
"p192": 0.0009333115058868245
"p193": 0.0002690797285117256
"p194": 2.6343469924224884E-05
"p195": 0
"p196": 6.774035123372114E-05
"p197": 5.645029269476761E-06
"p198": 0
"p199": 0
"p200": 0.01760120126222854
"p201": 0.006448505102165621
"p202": 0.0013660970832133762
"p203": 0.00012983567319796552
"p204": 0.006807905298988975
"p205": 0.0025477898769571783
"p206": 0.0006058998082571724
"p207": 9.408382115794603E-05
"p208": 0.0002427362585875007
"p209": 1.6935087808430282E-05
"p210": 0
"p211": 0
"p212": 0
"p213": 0
"p214": 0
"p215": 0
"p216": 0.0004327855773265517
"p217": 6.774035123372113E-05
"p218": 5.645029269476761E-06
"p219": 0
"p220": 2.6343469924224887E-05
"p221": 3.7633528463178407E-06
"p222": 0
"p223": 0
"p224": 0.00047418245863604794
"p225": 0.000141125731736919
"p226": 1.3171734962112442E-05
"p227": 0
"p228": 0
"p229": 0
"p230": 0
"p231": 0
"p232": 0.013011792466143934
"p233": 0.004719244469282572
"p234": 0.0009991701806973867
"p235": 7.526705692635681E-05
"p236": 0.004327855773265517
"p237": 0.0014978144328345005
"p238": 0.0003518734911307181
"p239": 5.456861627160869E-05
"p240": 0.0007507888928404092
"p241": 0.00024085458216434183
"p242": 3.387017561686057E-05
"p243": 0
"p244": 0
"p245": 0
"p246": 0
"p247": 0
"p248": 0.01732647650444734
"p249": 0.005974322643529572
"p250": 0.001061265502661631
"p251": 4.8923587002131926E-05
