"p189": 0.003121701186020649
"p190": 0.0005550945448318816
"p191": 5.080526342529085E-05
"p192": 3.9515204886337324E-05
"p193": 0
"p194": 0
"p195": 0
"p196": 0
"p197": 0
"p198": 0
"p199": 0
"p200": 0.002459351085068709
"p201": 0.0006397699838740329
"p202": 8.843879188846924E-05
"p203": 5.645029269476761E-06
"p204": 0.000235209552894865
"p205": 3.951520488633733E-05
"p206": 1.8816764231589204E-06
"p207": 0
"p208": 0.0005287510749076567
"p209": 0.0001016105268505817
"p210": 0
"p211": 0
"p212": 0
"p213": 0
"p214": 0
"p215": 0
"p216": 0.005323262601116586
"p217": 0.0015015777856808186
"p218": 0.00020133937727800444
"p219": 7.5267056926356815E-06
"p220": 0.000637888307450874
"p221": 0.00012042729108217089
"p222": 3.7633528463178407E-06
"p223": 0
"p224": 0.00024461793501065964
"p225": 3.575185204001949E-05
"p226": 0
"p227": 0
"p228": 0
"p229": 0
"p230": 0
"p231": 0
"p232": 0.008480715639177256
"p233": 0.0026155302281908994
"p234": 0.00043654893017286954
"p235": 3.198849919370165E-05
"p236": 0.00202092047847268
"p237": 0.0006698768066445757
"p238": 0.0001298356731979655
"p239": 3.198849919370165E-05
"p240": 0.0010612655026616309
"p241": 0.00021262943581695798
"p242": 2.2580117077907045E-05
"p243": 0
"p244": 7.33853805031979E-05
"p245": 0
"p246": 0
"p247": 0
"p248": 0.02279839154299348
"p249": 0.007539877427597796
"p250": 0.0013962039059839191
"p251": 0.00012042729108217089
