"p189": 0.0020190388020495213
"p190": 0.00031423996266753966
"p191": 1.6935087808430282E-05
"p192": 0.007624552866639944
"p193": 0.0030897126868269474
"p194": 0.0006585867481056221
"p195": 5.833196911792653E-05
"p196": 6.39769983874033E-05
"p197": 5.645029269476761E-06
"p198": 0
"p199": 0
"p200": 0.01561791431221904
"p201": 0.005626212505245172
"p202": 0.000965300005080526
"p203": 7.714873334951573E-05
"p204": 0.009129894005167082
"p205": 0.00348486473569032
"p206": 0.0007489072164172503
"p207": 0.00010537387969689955
"p208": 0.00048359084075184255
"p209": 8.655711546531033E-05
"p210": 5.645029269476761E-06
"p211": 0
"p212": 3.7633528463178407E-05
"p213": 0
"p214": 0
"p215": 0
"p216": 3.9515204886337324E-05
"p217": 1.8816764231589204E-06
"p218": 0
"p219": 0
"p220": 0.0001392440553137601
"p221": 3.575185204001949E-05
"p222": 0
"p223": 0
"p224": 0.008350879965979288
"p225": 0.0033399756511070834
"p226": 0.0006999836294151185
"p227": 4.3278557732655166E-05
"p228": 1.8816764231589204E-06
"p229": 0
"p230": 0
"p231": 0
"p232": 0.010439540795685692
"p233": 0.0037144292593157087
"p234": 0.0006190715432192848
"p235": 3.9515204886337324E-05
"p236": 0.006205768843578118
"p237": 0.0023219887061781074
"p238": 0.0004873541935981604
"p239": 6.585867481056221E-05
"p240": 0.012052137490332883
"p241": 0.0044464013879245284
"p242": 0.0007639606278025218
"p243": 2.634346992422489E-05
"p244": 3.7633528463178407E-06
"p245": 0
"p246": 0
"p247": 0
"p248": 0.01002180862974441
"p249": 0.003055842511210086
"p250": 0.00044972066513498195
"p251": 2.4461793501065966E-05
