"p189": 0.002472522820030821
"p190": 0.00044031228301918735
"p191": 1.8816764231589207E-05
"p192": 0.0011421775888574648
"p193": 0.00037633528463178407
"p194": 6.39769983874033E-05
"p195": 0
"p196": 0.0013378719368659921
"p197": 0.0004177321659412803
"p198": 6.774035123372114E-05
"p199": 1.1290058538953523E-05
"p200": 0.013728711183367485
"p201": 0.0056337392109378085
"p202": 0.0013096467905186087
"p203": 0.00016182417239166719
"p204": 0.01510045329585034
"p205": 0.007060049939692269
"p206": 0.0018873214524283972
"p207": 0.0002559079935496132
"p208": 0.003356910738915514
"p209": 0.0012174446457838216
"p210": 0.00022203781793275258
"p211": 1.5053411385271365E-05
"p212": 0.002730312490003593
"p213": 0.0009220214473478709
"p214": 0.00017875926020009743
"p215": 1.8816764231589203E-05
"p216": 0.02382578687003825
"p217": 0.009882564574430652
"p218": 0.002357740558218128
"p219": 0.00027096140493488457
"p220": 0.01917616442841256
"p221": 0.009120485623051289
"p222": 0.0025233280834561123
"p223": 0.00043466725374971066
"p224": 0.0001298356731979655
"p225": 3.387017561686057E-05
"p226": 5.645029269476761E-06
"p227": 0
"p228": 0.0002671980520885667
"p229": 8.655711546531033E-05
"p230": 2.6343469924224887E-05
"p231": 5.645029269476761E-06
"p232": 0.0068944624144542865
"p233": 0.0023859657045655113
"p234": 0.00043090390090339274
"p235": 1.8816764231589203E-05
"p236": 0.010670986995734242
"p237": 0.004401241153768716
"p238": 0.0009954068278510693
"p239": 3.951520488633733E-05
"p240": 0.00046665575294341233
"p241": 0.00014300740816007796
"p242": 1.1290058538953523E-05
"p243": 0
"p244": 0.001320936849057562
"p245": 0.0004911175464444782
"p246": 0.0001016105268505817
"p247": 7.5267056926356815E-06
"p248": 0.007699819923566303
"p249": 0.002244839972828592
"p250": 0.00032553002120649325
"p251": 1.6935087808430286E-05
