"p189": 0.0171590073027862
"p190": 0.004485916592810866
"p191": 0.0006548233952593044
"p192": 0
"p193": 0
"p194": 0
"p195": 0
"p196": 0.00016370584881482606
"p197": 5.080526342529086E-05
"p198": 0
"p199": 0
"p200": 0.0007112736879540719
"p201": 0.00015429746669903143
"p202": 1.8816764231589207E-05
"p203": 0
"p204": 0.0024725228200308215
"p205": 0.0009126130652320763
"p206": 0.00012607232035164768
"p207": 5.645029269476761E-06
"p208": 0.00015241579027587256
"p209": 1.8816764231589204E-06
"p210": 0
"p211": 0
"p212": 0.0007808957156109518
"p213": 0.00010537387969689955
"p214": 3.7633528463178407E-06
"p215": 0
"p216": 0.0018609779825041726
"p217": 0.00039891540170969113
"p218": 1.8816764231589203E-05
"p219": 0
"p220": 0.004021142516290614
"p221": 0.001467707610063958
"p222": 0.000284133139896997
"p223": 7.5267056926356815E-06
"p224": 0.00040079707813285006
"p225": 0.0001016105268505817
"p226": 1.3171734962112442E-05
"p227": 0
"p228": 0.00048170916432868367
"p229": 0.00011478226181269415
"p230": 1.3171734962112442E-05
"p231": 0
"p232": 0.008529639226179388
"p233": 0.003087831010403789
"p234": 0.0006472966895666686
"p235": 6.962202765688005E-05
"p236": 0.009692515255691599
"p237": 0.003816039786166291
"p238": 0.0007733690099183163
"p239": 4.139688130949625E-05
"p240": 0.0018064093662325635
"p241": 0.000472300782212889
"p242": 4.3278557732655166E-05
"p243": 1.8816764231589204E-06
"p244": 0.001198627881552232
"p245": 0.00035563684397703593
"p246": 3.7633528463178407E-05
"p247": 0
"p248": 0.01981217105944028
"p249": 0.007013008029113295
"p250": 0.0014978144328345008
"p251": 0.00018816764231589203
