"p189": 0.00425258871633916
"p190": 0.0008147658912278125
"p191": 4.8923587002131926E-05
"p192": 0.0029730487485910943
"p193": 0.0011195974717795576
"p194": 0.00022203781793275258
"p195": 1.5053411385271365E-05
"p196": 0.0022504850020980682
"p197": 0.0008015941562657001
"p198": 0.00015994249596850823
"p199": 1.8816764231589203E-05
"p200": 0.018447955652650054
"p201": 0.007784495362608455
"p202": 0.0019287183337378937
"p203": 0.0002276828472022294
"p204": 0.01611844024077931
"p205": 0.007752506863414751
"p206": 0.0021752179451717123
"p207": 0.0003763352846317842
"p208": 0
"p209": 0
"p210": 0
"p211": 0
"p212": 0.00023144620004854718
"p213": 3.3870175616860565E-05
"p214": 0
"p215": 0
"p216": 4.7041910578973E-05
"p217": 5.645029269476761E-06
"p218": 0
"p219": 0
"p220": 0.00039703372528653215
"p221": 6.774035123372113E-05
"p222": 5.645029269476761E-06
"p223": 0
"p224": 0.0009126130652320765
"p225": 0.000237091229318024
"p226": 1.5053411385271363E-05
"p227": 0
"p228": 0.0012456697921312053
"p229": 0.00037445360820862513
"p230": 6.774035123372114E-05
"p231": 5.645029269476761E-06
"p232": 0.017234274359712556
"p233": 0.006614092627403605
"p234": 0.001469589286487117
"p235": 0.0001486524374295547
"p236": 0.021140634614190475
"p237": 0.009410263792217762
"p238": 0.0024217175566055315
"p239": 0.00027660643420436136
"p240": 0.0010800822668932202
"p241": 0.000355636843977036
"p242": 5.645029269476761E-05
"p243": 0
"p244": 0.001860977982504172
"p245": 0.000688693570876165
"p246": 0.0001467707610063958
"p247": 1.8816764231589203E-05
"p248": 0.014820083508799658
"p249": 0.0047173627928594145
"p250": 0.0008373460083057195
"p251": 7.526705692635681E-05
