"p189": 0.003492391441382956
"p190": 0.0007376171578782967
"p191": 5.080526342529084E-05
"p192": 0.0002615530228190899
"p193": 4.516023415581409E-05
"p194": 0
"p195": 0
"p196": 0.0012268530278996162
"p197": 0.0002991865512822684
"p198": 3.198849919370165E-05
"p199": 1.8816764231589204E-06
"p200": 0.0023426871468328558
"p201": 0.0006886935708761649
"p202": 9.220214473478709E-05
"p203": 1.1290058538953523E-05
"p204": 0.0034622846186124134
"p205": 0.001431955758023938
"p206": 0.0003292933740528111
"p207": 4.139688130949625E-05
"p208": 0
"p209": 0
"p210": 0
"p211": 0
"p212": 0
"p213": 0
"p214": 0
"p215": 0
"p216": 6.774035123372114E-05
"p217": 0
"p218": 0
"p219": 0
"p220": 0.0004911175464444782
"p221": 0.00011478226181269414
"p222": 5.645029269476761E-06
"p223": 0
"p224": 0.0038856618138231706
"p225": 0.001332226907596516
"p226": 0.0002314462000485472
"p227": 1.5053411385271365E-05
"p228": 0.0034190060608797574
"p229": 0.0010913723254321738
"p230": 0.0002032210537011634
"p231": 1.8816764231589203E-05
"p232": 0.03455322415846726
"p233": 0.013877363620797039
"p234": 0.003232720094987026
"p235": 0.0003706902553623073
"p236": 0.0358854510660638
"p237": 0.016411981762792106
"p238": 0.004341027508227631
"p239": 0.0006548233952593044
"p240": 0.0007225637464930253
"p241": 0.0002464996114338185
"p242": 4.516023415581409E-05
"p243": 0
"p244": 0.0008279376261899249
"p245": 0.0002803697870506791
"p246": 4.892358700213194E-05
"p247": 1.1290058538953523E-05
"p248": 0.01202767569683182
"p249": 0.003977863958557959
"p250": 0.0007206820700698665
"p251": 6.962202765688006E-05
