"p189": 0.000922021447347871
"p190": 0.00015994249596850823
"p191": 2.8225146347383808E-05
"p192": 0.003701257524353596
"p193": 0.001275776614901748
"p194": 0.00023709122931802394
"p195": 3.0106822770542726E-05
"p196": 0.00020886608297064017
"p197": 3.3870175616860565E-05
"p198": 0
"p199": 0
"p200": 0.0017781842198851799
"p201": 0.0005776746619097885
"p202": 0.00012419064392848875
"p203": 1.6935087808430282E-05
"p204": 0.002173336268748553
"p205": 0.0007696056570719984
"p206": 0.00015241579027587256
"p207": 1.8816764231589203E-05
"p208": 0.000660468424528781
"p209": 0.0001486524374295547
"p210": 1.6935087808430286E-05
"p211": 0
"p212": 0
"p213": 0
"p214": 0
"p215": 0
"p216": 2.2580117077907045E-05
"p217": 0
"p218": 0
"p219": 0
"p220": 3.3870175616860565E-05
"p221": 0
"p222": 0
"p223": 0
"p224": 0.01881488255516605
"p225": 0.007711109982105255
"p226": 0.0018120543955020406
"p227": 0.0002220378179327526
"p228": 0.00020510273012432233
"p229": 4.327855773265517E-05
"p230": 5.645029269476761E-06
"p231": 0
"p232": 0.016622729522185905
"p233": 0.006770271770525797
"p234": 0.001510986167796613
"p235": 0.0001542974666990315
"p236": 0.013939458942761286
"p237": 0.005138858311647012
"p238": 0.0008636894782299445
"p239": 4.704191057897301E-05
"p240": 0.014014725999687639
"p241": 0.0054625066564303465
"p242": 0.0013359902604428333
"p243": 0.00018628596589273313
"p244": 1.8816764231589203E-05
"p245": 3.7633528463178407E-06
"p246": 0
"p247": 0
"p248": 0.006192597108616008
"p249": 0.0022749467955991342
"p250": 0.0005475678391392458
"p251": 7.52670569263568E-05
