"p189": 0.004256352069185478
"p190": 0.0008053575091120179
"p191": 4.704191057897301E-05
"p192": 0.0003725719317854662
"p193": 9.972885042742278E-05
"p194": 1.3171734962112442E-05
"p195": 0
"p196": 0.0004854725171750015
"p197": 0.00012607232035164766
"p198": 1.3171734962112442E-05
"p199": 0
"p200": 0.007156015437273374
"p201": 0.002647518727384601
"p202": 0.0005663846033708351
"p203": 6.774035123372113E-05
"p204": 0.007568102573945179
"p205": 0.0030765409518648352
"p206": 0.0006303616017582384
"p207": 4.139688130949625E-05
"p208": 0.0017687758377693849
"p209": 0.00046853742936657115
"p210": 4.3278557732655166E-05
"p211": 1.8816764231589204E-06
"p212": 0.0013980855824070777
"p213": 0.00036692690251598946
"p214": 3.7633528463178407E-05
"p215": 0
"p216": 0.017354701650794727
"p217": 0.006275390871234999
"p218": 0.00139432222956076
"p219": 0.00018816764231589203
"p220": 0.012930880379948103
"p221": 0.005133213282377535
"p222": 0.0011327692067416703
"p223": 0.0001110189089663763
"p224": 5.645029269476761E-05
"p225": 2.2580117077907045E-05
"p226": 5.645029269476761E-06
"p227": 0
"p228": 9.220214473478709E-05
"p229": 2.2580117077907045E-05
"p230": 0
"p231": 0
"p232": 0.0021357027402853744
"p233": 0.0007112736879540719
"p234": 0.00015053411385271363
"p235": 1.8816764231589204E-06
"p236": 0.0038348565503978794
"p237": 0.0014281924051776204
"p238": 0.0002653163756654078
"p239": 9.408382115794602E-06
"p240": 0.00035563684397703593
"p241": 0.00010349220327374062
"p242": 5.645029269476761E-06
"p243": 0
"p244": 0.000425258871633916
"p245": 0.00015241579027587256
"p246": 2.2580117077907045E-05
"p247": 0
"p248": 0.005182136869379667
"p249": 0.001366097083213376
"p250": 0.00019004931873905096
"p251": 5.645029269476761E-06
