"p189": 0.0001580608195453493
"p190": 1.3171734962112444E-05
"p191": 0
"p192": 0.0003499918147075592
"p193": 7.33853805031979E-05
"p194": 1.8816764231589204E-06
"p195": 0
"p196": 0
"p197": 0
"p198": 0
"p199": 0
"p200": 0.01087232637301224
"p201": 0.003814158109743132
"p202": 0.00066235010095194
"p203": 4.139688130949625E-05
"p204": 0.0017499590735377958
"p205": 0.0006190715432192848
"p206": 6.962202765688006E-05
"p207": 5.645029269476761E-06
"p208": 0.0012193263222069805
"p209": 0.0002427362585875007
"p210": 2.6343469924224884E-05
"p211": 0
"p212": 0.00011854561465901199
"p213": 5.645029269476761E-06
"p214": 0
"p215": 0
"p216": 0.022352434230704814
"p217": 0.007643369630871536
"p218": 0.0013849138474449655
"p219": 9.972885042742278E-05
"p220": 0.0048265000254026314
"p221": 0.0015956616068387643
"p222": 0.00023332787647170614
"p223": 1.3171734962112444E-05
"p224": 6.962202765688005E-05
"p225": 2.4461793501065966E-05
"p226": 1.3171734962112442E-05
"p227": 0
"p228": 0
"p229": 0
"p230": 0
"p231": 0
"p232": 0.0043617259488823775
"p233": 0.0015203945499124077
"p234": 0.0002276828472022294
"p235": 0
"p236": 0.0006228348960656025
"p237": 0.0001938126715853688
"p238": 2.6343469924224887E-05
"p239": 0
"p240": 0.00046853742936657126
"p241": 0.00015241579027587256
"p242": 2.8225146347383808E-05
"p243": 0
"p244": 0
"p245": 0
"p246": 0
"p247": 0
"p248": 0.009457305702796733
"p249": 0.0029278885144352804
"p250": 0.000380098637478102
"p251": 0
