"p189": 0.0038160397861662903
"p190": 0.0008429910375751964
"p191": 8.279376261899248E-05
"p192": 0.0007432621871477736
"p193": 0.00013924405531376012
"p194": 1.5053411385271363E-05
"p195": 0
"p196": 0.0008091208619583357
"p197": 0.00013548070246744229
"p198": 1.1290058538953523E-05
"p199": 0
"p200": 0.0078108388325326805
"p201": 0.002670098844462508
"p202": 0.0005042892814065906
"p203": 5.833196911792652E-05
"p204": 0.009193871003554486
"p205": 0.003292933740528111
"p206": 0.0006510600424129864
"p207": 6.774035123372113E-05
"p208": 0
"p209": 0
"p210": 0
"p211": 0
"p212": 0.00021262943581695798
"p213": 3.3870175616860565E-05
"p214": 0
"p215": 0
"p216": 4.892358700213193E-05
"p217": 5.645029269476761E-06
"p218": 0
"p219": 0
"p220": 0.0006134265139498081
"p221": 9.784717400426385E-05
"p222": 5.645029269476761E-06
"p223": 0
"p224": 0.00028413313989699703
"p225": 3.198849919370165E-05
"p226": 0
"p227": 0
"p228": 0.0004139688130949624
"p229": 8.655711546531035E-05
"p230": 1.3171734962112444E-05
"p231": 0
"p232": 0.0039327037244021425
"p233": 0.0012174446457838212
"p234": 0.0002314462000485472
"p235": 1.8816764231589203E-05
"p236": 0.006358184633853992
"p237": 0.001971996891470548
"p238": 0.0003405834325917647
"p239": 2.4461793501065966E-05
"p240": 0.0003104766098212219
"p241": 0.00010537387969689955
"p242": 1.1290058538953523E-05
"p243": 0
"p244": 0.0005362777806002922
"p245": 0.0001580608195453493
"p246": 2.4461793501065963E-05
"p247": 0
"p248": 0.006529417188361456
"p249": 0.0019117832459294628
"p250": 0.0002502629642801364
"p251": 3.3870175616860565E-05
