"p189": 0.0011252425010490341
"p190": 0.00013359902604428335
"p191": 7.5267056926356815E-06
"p192": 0.003488628088536639
"p193": 0.0012833033205943837
"p194": 0.00024085458216434178
"p195": 7.5267056926356815E-06
"p196": 8.091208619583358E-05
"p197": 0
"p198": 0
"p199": 0
"p200": 0.002086779153283243
"p201": 0.0006774035123372113
"p202": 9.596549758110493E-05
"p203": 0
"p204": 0.0015034594621039774
"p205": 0.0005513311919855638
"p206": 0.00010725555612005845
"p207": 1.1290058538953523E-05
"p208": 0.000519342692791862
"p209": 0.0001279539967748066
"p210": 5.645029269476761E-06
"p211": 0
"p212": 0
"p213": 0
"p214": 0
"p215": 0
"p216": 1.6935087808430286E-05
"p217": 0
"p218": 0
"p219": 0
"p220": 3.387017561686057E-05
"p221": 0
"p222": 0
"p223": 0
"p224": 0.015036476297462931
"p225": 0.005993139407761161
"p226": 0.0012663682327859534
"p227": 9.784717400426387E-05
"p228": 6.585867481056221E-05
"p229": 5.645029269476761E-06
"p230": 0
"p231": 0
"p232": 0.02551741397445813
"p233": 0.009041455213278614
"p234": 0.0015109861677966132
"p235": 0.00011478226181269415
"p236": 0.014931102417766035
"p237": 0.0056149224467062185
"p238": 0.001181692793743802
"p239": 0.00017123255450746173
"p240": 0.010324758533872996
"p241": 0.0039947990463663876
"p242": 0.0007526705692635681
"p243": 2.8225146347383808E-05
"p244": 3.7633528463178407E-06
"p245": 0
"p246": 0
"p247": 0
"p248": 0.00822292596920448
"p249": 0.002549671553380337
"p250": 0.00040079707813285
"p251": 2.8225146347383805E-05
