"p189": 0.0006792851887603704
"p190": 9.596549758110493E-05
"p191": 5.645029269476761E-06
"p192": 0.0006792851887603704
"p193": 0.00016746920166114387
"p194": 1.3171734962112442E-05
"p195": 0
"p196": 0
"p197": 0
"p198": 0
"p199": 0
"p200": 0.0150929265901577
"p201": 0.0054737967149693
"p202": 0.0009859984457352745
"p203": 6.397699838740331E-05
"p204": 0.004578118737545653
"p205": 0.0016539935759566908
"p206": 0.0003236483447833343
"p207": 4.892358700213192E-05
"p208": 0.0016125966946471948
"p209": 0.0003669269025159895
"p210": 3.7633528463178407E-05
"p211": 0
"p212": 0.00011854561465901199
"p213": 5.645029269476761E-06
"p214": 0
"p215": 0
"p216": 0.02863158845478613
"p217": 0.010174224420020285
"p218": 0.0019945770085484558
"p219": 0.00016746920166114393
"p220": 0.009816705899620089
"p221": 0.0036862041129683246
"p222": 0.0008599261253836267
"p223": 0.00012607232035164766
"p224": 0.0001279539967748066
"p225": 4.327855773265517E-05
"p226": 1.3171734962112442E-05
"p227": 0
"p228": 0
"p229": 0
"p230": 0
"p231": 0
"p232": 0.006826722063220564
"p233": 0.0024706411436076626
"p234": 0.0004158504895181214
"p235": 9.408382115794602E-06
"p236": 0.0014902877271418646
"p237": 0.0005306327513308156
"p238": 0.00011290058538953522
"p239": 1.8816764231589204E-06
"p240": 0.0005400411334466101
"p241": 0.00017311423093062064
"p242": 2.8225146347383808E-05
"p243": 0
"p244": 0
"p245": 0
"p246": 0
"p247": 0
"p248": 0.012979803966950233
"p249": 0.004261997098454955
"p250": 0.0006265982489119205
"p251": 1.3171734962112444E-05
