"p189": 0.0011214791482027165
"p190": 0.0001279539967748066
"p191": 3.7633528463178407E-06
"p192": 0.011002162046210207
"p193": 0.004376779360267648
"p194": 0.001040567062006883
"p195": 0.00014300740816007796
"p196": 0.00922021447347871
"p197": 0.003891306843092647
"p198": 0.0008806245660383748
"p199": 8.467543904215141E-05
"p200": 0.007854117390265333
"p201": 0.0025684883176119266
"p202": 0.0002841331398969969
"p203": 9.408382115794602E-06
"p204": 0.004416294565153986
"p205": 0.0014714709629102757
"p206": 0.0001862859658927331
"p207": 1.1290058538953523E-05
"p208": 6.585867481056221E-05
"p209": 5.645029269476761E-06
"p210": 0
"p211": 0
"p212": 0.0005212243692150209
"p213": 8.655711546531033E-05
"p214": 5.645029269476761E-06
"p215": 0
"p216": 0
"p217": 0
"p218": 0
"p219": 0
"p220": 0.00011290058538953522
"p221": 3.198849919370165E-05
"p222": 0
"p223": 0
"p224": 0.008665119928646828
"p225": 0.00322519338929439
"p226": 0.000711273687954072
"p227": 7.52670569263568E-05
"p228": 0.01073872734696796
"p229": 0.004335382478958152
"p230": 0.00092390312377103
"p231": 6.209532196424438E-05
"p232": 0.004075711132562222
"p233": 0.0013040017612491316
"p234": 0.0001467707610063958
"p235": 9.408382115794602E-06
"p236": 0.002457469408645549
"p237": 0.0008655711546531035
"p238": 9.408382115794602E-05
"p239": 7.5267056926356815E-06
"p240": 0.010415079002184625
"p241": 0.0033475023567997196
"p242": 0.0005852013676024242
"p243": 3.951520488633733E-05
"p244": 0.01259970532947213
"p245": 0.004642095735933056
"p246": 0.0007997124798425411
"p247": 2.634346992422489E-05
"p248": 0.0031837965079848938
"p249": 0.0008730978603457391
"p250": 9.972885042742278E-05
"p251": 1.8816764231589204E-06
