"p189": 0.007148488731580739
"p190": 0.0014488908458323688
"p191": 0.00017123255450746176
"p192": 0.0035845935861177434
"p193": 0.0015523830491061094
"p194": 0.00033493840332228785
"p195": 1.6935087808430282E-05
"p196": 0
"p197": 0
"p198": 0
"p199": 0
"p200": 0.001367978759636535
"p201": 0.0004516023415581409
"p202": 6.774035123372113E-05
"p203": 0
"p204": 0.0012061545872448678
"p205": 0.00039891540170969113
"p206": 5.645029269476761E-05
"p207": 0
"p208": 0.003324922239721812
"p209": 0.0012287347043227748
"p210": 0.00025402631712645424
"p211": 3.0106822770542726E-05
"p212": 0.00019193099516220987
"p213": 3.3870175616860565E-05
"p214": 0
"p215": 0
"p216": 0.0021319393874390568
"p217": 0.0006886935708761649
"p218": 0.0001392440553137601
"p219": 1.6935087808430282E-05
"p220": 0.002047263948396905
"p221": 0.000760197274956204
"p222": 0.00014865243742955472
"p223": 1.8816764231589203E-05
"p224": 0.015855005541537067
"p225": 0.007274561051932386
"p226": 0.0019230733044684168
"p227": 0.0002295645236253883
"p228": 3.387017561686057E-05
"p229": 5.645029269476761E-06
"p230": 0
"p231": 0
"p232": 0.01575527669110964
"p233": 0.00611733005168965
"p234": 0.0013115284669417678
"p235": 0.00013548070246744226
"p236": 0.012055900843179205
"p237": 0.004094527896793811
"p238": 0.0007601972749562039
"p239": 7.714873334951573E-05
"p240": 0.018111135572904613
"p241": 0.00864630316441524
"p242": 0.002402900792373941
"p243": 0.00038574366674757883
"p244": 0.00021827446508643477
"p245": 4.7041910578973015E-05
"p246": 5.645029269476761E-06
"p247": 0
"p248": 0.02585611573062673
"p249": 0.01051104449976573
"p250": 0.002470641143607662
"p251": 0.00028036978705067917
