"p189": 0.0015730814897608578
"p190": 0.0002314462000485472
"p191": 1.3171734962112442E-05
"p192": 0.004632687353817262
"p193": 0.0017593674556535906
"p194": 0.0003951520488633732
"p195": 6.209532196424438E-05
"p196": 0.006802260269719496
"p197": 0.0025534349062266547
"p198": 0.0005645029269476761
"p199": 6.774035123372114E-05
"p200": 0.001958825156508436
"p201": 0.0006924569237224828
"p202": 7.150370408003898E-05
"p203": 1.8816764231589204E-06
"p204": 0.0017499590735377958
"p205": 0.0006190715432192847
"p206": 6.962202765688006E-05
"p207": 5.645029269476761E-06
"p208": 3.575185204001949E-05
"p209": 5.645029269476761E-06
"p210": 0
"p211": 0
"p212": 0.0004835908407518425
"p213": 6.585867481056221E-05
"p214": 5.645029269476761E-06
"p215": 0
"p216": 0
"p217": 0
"p218": 0
"p219": 0
"p220": 9.784717400426388E-05
"p221": 2.8225146347383805E-05
"p222": 0
"p223": 0
"p224": 0.0019625885093547536
"p225": 0.0006058998082571725
"p226": 0.0001204272910821709
"p227": 1.3171734962112444E-05
"p228": 0.004830263378248948
"p229": 0.001390558876714442
"p230": 0.00024461793501065964
"p231": 1.8816764231589203E-05
"p232": 0.0005325144277539744
"p233": 0.0001580608195453493
"p234": 2.8225146347383805E-05
"p235": 1.8816764231589204E-06
"p236": 0.0006585867481056222
"p237": 0.00019381267158536877
"p238": 1.8816764231589203E-05
"p239": 0
"p240": 0.004058776044753791
"p241": 0.0010763189140469026
"p242": 0.0001467707610063958
"p243": 2.6343469924224887E-05
"p244": 0.009429080556449351
"p245": 0.0031329912445596016
"p246": 0.0005870830440255832
"p247": 4.51602341558141E-05
"p248": 0.0005249877220613388
"p249": 0.0001862859658927331
"p250": 4.892358700213193E-05
"p251": 3.7633528463178407E-06
