"p189": 0.0027152590786183226
"p190": 0.0004214955187875982
"p191": 2.8225146347383808E-05
"p192": 0.0012362614100154105
"p193": 0.00039327037244021434
"p194": 5.080526342529085E-05
"p195": 0
"p196": 0.0041603865716043735
"p197": 0.0015505013726829504
"p198": 0.0002916598455896326
"p199": 1.6935087808430282E-05
"p200": 0.00014112573173691902
"p201": 3.575185204001949E-05
"p202": 5.645029269476761E-06
"p203": 0
"p204": 0.00035751852040019486
"p205": 0.00012607232035164768
"p206": 1.1290058538953523E-05
"p207": 0
"p208": 0.0018760313938894436
"p209": 0.0005513311919855638
"p210": 8.091208619583357E-05
"p211": 1.1290058538953523E-05
"p212": 0.004952572345754278
"p213": 0.001687863751573551
"p214": 0.0003236483447833343
"p215": 4.139688130949625E-05
"p216": 0.0003499918147075592
"p217": 0.00011478226181269415
"p218": 3.198849919370165E-05
"p219": 5.645029269476761E-06
"p220": 0.001317173496211244
"p221": 0.000472300782212889
"p222": 9.408382115794602E-05
"p223": 7.5267056926356815E-06
"p224": 0.007050641557576474
"p225": 0.00270020566723305
"p226": 0.0005626212505245172
"p227": 6.962202765688005E-05
"p228": 0.015209590528393558
"p229": 0.00596115090856746
"p230": 0.0013228185254807211
"p231": 0.0001731142309306207
"p232": 0.0019625885093547536
"p233": 0.0006454150131435098
"p234": 0.00012419064392848873
"p235": 1.8816764231589204E-06
"p236": 0.0026494004038077595
"p237": 0.0007733690099183163
"p238": 0.00010725555612005847
"p239": 5.645029269476761E-06
"p240": 0.013790806505331727
"p241": 0.005955505879297983
"p242": 0.0013002384084028142
"p243": 0.0001373623788906012
"p244": 0.023074997977197836
"p245": 0.01011024742163288
"p246": 0.002576015023304562
"p247": 0.0003405834325917646
"p248": 0.005780509971944204
"p249": 0.002310698647639154
"p250": 0.0003819803139012609
"p251": 1.1290058538953523E-05
