"p189": 0.0001637058488148261
"p190": 3.198849919370165E-05
"p191": 1.8816764231589204E-06
"p192": 0.0004610107236739355
"p193": 6.021364554108546E-05
"p194": 0
"p195": 0
"p196": 7.33853805031979E-05
"p197": 0
"p198": 0
"p199": 0
"p200": 0.008273731232629774
"p201": 0.002468759467184504
"p202": 0.0003575185204001948
"p203": 1.6935087808430286E-05
"p204": 0.0017631308084999082
"p205": 0.00066235010095194
"p206": 0.00010725555612005845
"p207": 9.408382115794602E-06
"p208": 8.27937626189925E-05
"p209": 0
"p210": 0
"p211": 0
"p212": 0
"p213": 0
"p214": 0
"p215": 0
"p216": 0.0003725719317854662
"p217": 4.5160234155814084E-05
"p218": 0
"p219": 0
"p220": 0
"p221": 0
"p222": 0
"p223": 0
"p224": 0.00022015614150959367
"p225": 3.198849919370165E-05
"p226": 1.8816764231589204E-06
"p227": 0
"p228": 0
"p229": 0
"p230": 0
"p231": 0
"p232": 0.004638332383086739
"p233": 0.0012889483498638604
"p234": 0.00018816764231589206
"p235": 1.1290058538953523E-05
"p236": 0.0009013230066931229
"p237": 0.0003499918147075592
"p238": 4.3278557732655166E-05
"p239": 1.8816764231589204E-06
"p240": 0.0002973048748591094
"p241": 0.00010349220327374062
"p242": 2.4461793501065963E-05
"p243": 0
"p244": 0
"p245": 0
"p246": 0
"p247": 0
"p248": 0.009161882504360784
"p249": 0.00264940040380776
"p250": 0.0003180033155138576
"p251": 5.645029269476761E-06
