"p189": 0.005524601978394591
"p190": 0.0010386853855837241
"p191": 8.655711546531035E-05
"p192": 0.0001731142309306207
"p193": 3.3870175616860565E-05
"p194": 0
"p195": 0
"p196": 0
"p197": 0
"p198": 0
"p199": 0
"p200": 0.003721955965008345
"p201": 0.0012757766149017482
"p202": 0.00016182417239166716
"p203": 5.645029269476761E-06
"p204": 0.0003913886960170555
"p205": 7.150370408003898E-05
"p206": 7.5267056926356815E-06
"p207": 0
"p208": 0.0007376171578782969
"p209": 9.596549758110495E-05
"p210": 3.7633528463178407E-06
"p211": 0
"p212": 0
"p213": 0
"p214": 0
"p215": 0
"p216": 0.005995021084184321
"p217": 0.001990813655702138
"p218": 0.00032553002120649325
"p219": 7.5267056926356815E-06
"p220": 0.000752670569263568
"p221": 0.00019004931873905096
"p222": 1.5053411385271363E-05
"p223": 0
"p224": 0.000658586748105622
"p225": 0.00015617914312219037
"p226": 1.3171734962112442E-05
"p227": 0
"p228": 0
"p229": 0
"p230": 0
"p231": 0
"p232": 0.019121595812140946
"p233": 0.006779680152641591
"p234": 0.0011986278815522323
"p235": 6.397699838740331E-05
"p236": 0.005530247007664068
"p237": 0.0019475350979694826
"p238": 0.00038009863747810193
"p239": 5.080526342529084E-05
"p240": 0.0014093756409460313
"p241": 0.00035563684397703593
"p242": 3.7633528463178407E-05
"p243": 0
"p244": 0.00011854561465901199
"p245": 5.645029269476761E-06
"p246": 0
"p247": 0
"p248": 0.035695401747324725
"p249": 0.012960987202718648
"p250": 0.0025364998184182253
"p251": 0.00018816764231589203
