"p189": 0.0017631308084999084
"p190": 0.0003029499041285862
"p191": 3.010682277054273E-05
"p192": 0.0011835744701669607
"p193": 0.0002916598455896327
"p194": 2.6343469924224884E-05
"p195": 0
"p196": 0.00011854561465901199
"p197": 5.645029269476761E-06
"p198": 0
"p199": 0
"p200": 0.022284693879471094
"p201": 0.008002769827694888
"p202": 0.0015410929905671558
"p203": 0.0001298356731979655
"p204": 0.007872934154496924
"p205": 0.0029730487485910935
"p206": 0.0006774035123372113
"p207": 9.972885042742278E-05
"p208": 0.0002502629642801364
"p209": 1.6935087808430282E-05
"p210": 0
"p211": 0
"p212": 0
"p213": 0
"p214": 0
"p215": 0
"p216": 0.0005231060456381798
"p217": 8.843879188846926E-05
"p218": 5.645029269476761E-06
"p219": 0
"p220": 2.6343469924224887E-05
"p221": 3.7633528463178407E-06
"p222": 0
"p223": 0
"p224": 0.000541922809869769
"p225": 0.00014300740816007793
"p226": 2.6343469924224884E-05
"p227": 0
"p228": 0
"p229": 0
"p230": 0
"p231": 0
"p232": 0.01790226948993397
"p233": 0.006439096720049826
"p234": 0.001230616380745934
"p235": 7.526705692635681E-05
"p236": 0.005238587162074435
"p237": 0.0018365161890031062
"p238": 0.00042902222448023387
"p239": 6.021364554108546E-05
"p240": 0.0009841167693121153
"p241": 0.0002991865512822683
"p242": 3.951520488633734E-05
"p243": 0
"p244": 0
"p245": 0
"p246": 0
"p247": 0
"p248": 0.02161858042567284
"p249": 0.007154133760850216
"p250": 0.0011402959124343058
"p251": 4.892358700213193E-05
