"p189": 0.004132161425256988
"p190": 0.0008222925969204483
"p191": 6.021364554108546E-05
"p192": 0.0018308711597336295
"p193": 0.0004610107236739355
"p194": 4.7041910578973015E-05
"p195": 1.8816764231589204E-06
"p196": 0.0012117996165143445
"p197": 0.0002916598455896327
"p198": 2.6343469924224884E-05
"p199": 0
"p200": 0.016513592289642685
"p201": 0.005940452467912711
"p202": 0.0012117996165143445
"p203": 0.0001448890845832369
"p204": 0.011952408639905463
"p205": 0.004749351292053115
"p206": 0.0009784717400426386
"p207": 9.032046831162818E-05
"p208": 0
"p209": 0
"p210": 0
"p211": 0
"p212": 0.0002502629642801364
"p213": 1.6935087808430282E-05
"p214": 0
"p215": 0
"p216": 6.585867481056221E-05
"p217": 5.645029269476761E-06
"p218": 0
"p219": 0
"p220": 0.00048359084075184255
"p221": 8.655711546531033E-05
"p222": 5.645029269476761E-06
"p223": 0
"p224": 0.0006002547789876956
"p225": 0.00014112573173691902
"p226": 7.5267056926356815E-06
"p227": 0
"p228": 0.000541922809869769
"p229": 0.00014300740816007793
"p230": 2.6343469924224884E-05
"p231": 0
"p232": 0.011515859709732592
"p233": 0.003866845049591581
"p234": 0.0007677239806488396
"p235": 7.714873334951573E-05
"p236": 0.012038965755370775
"p237": 0.0046552674708951695
"p238": 0.0009540099465415727
"p239": 6.39769983874033E-05
"p240": 0.0008505177432678318
"p241": 0.00024085458216434178
"p242": 1.6935087808430282E-05
"p243": 0
"p244": 0.0009841167693121153
"p245": 0.0002991865512822683
"p246": 3.951520488633734E-05
"p247": 0
"p248": 0.012616640417280563
"p249": 0.0037953413455115424
"p250": 0.0006115448375266492
"p251": 3.951520488633733E-05
