"p189": 0.002169572915902235
"p190": 0.00039703372528653225
"p191": 1.5053411385271363E-05
"p192": 0.0006604684245287812
"p193": 0.0001674692016611439
"p194": 1.3171734962112442E-05
"p195": 0
"p196": 0.0006792851887603704
"p197": 0.00016746920166114387
"p198": 1.3171734962112442E-05
"p199": 0
"p200": 0.010044388746822317
"p201": 0.0035620134690398353
"p202": 0.0006792851887603702
"p203": 7.526705692635681E-05
"p204": 0.009244676266979775
"p205": 0.003748299434932569
"p206": 0.0007056286586845951
"p207": 4.5160234155814084E-05
"p208": 0.002207206444365414
"p209": 0.0005362777806002922
"p210": 4.7041910578973015E-05
"p211": 1.8816764231589204E-06
"p212": 0.0016408218409945787
"p213": 0.0003669269025159895
"p214": 3.7633528463178407E-05
"p215": 0
"p216": 0.02179733968587294
"p217": 0.007780732009762136
"p218": 0.0015862532247229702
"p219": 0.0001844042894695742
"p220": 0.015062819767387159
"p221": 0.005897173910180057
"p222": 0.001251314821400682
"p223": 0.00011478226181269415
"p224": 9.972885042742277E-05
"p225": 3.9515204886337324E-05
"p226": 5.645029269476761E-06
"p227": 0
"p228": 0.0001279539967748066
"p229": 4.327855773265517E-05
"p230": 1.3171734962112442E-05
"p231": 0
"p232": 0.003601528673926173
"p233": 0.0011553493238195772
"p234": 0.0001956943480085277
"p235": 1.8816764231589204E-06
"p236": 0.005048537843335383
"p237": 0.0019136649223526218
"p238": 0.0003405834325917646
"p239": 9.408382115794602E-06
"p240": 0.00036128187324651267
"p241": 0.00011854561465901196
"p242": 5.645029269476761E-06
"p243": 0
"p244": 0.0005400411334466101
"p245": 0.00017311423093062064
"p246": 2.8225146347383808E-05
"p247": 0
"p248": 0.00616813531511494
"p249": 0.0017273789564598888
"p250": 0.00023144620004854718
"p251": 5.645029269476761E-06
