"p189": 0.006013837848415908
"p190": 0.0013416352897123104
"p191": 0.00012230896750532982
"p192": 0.0001016105268505817
"p193": 1.8816764231589204E-06
"p194": 0
"p195": 0
"p196": 0.0006115448375266492
"p197": 0.00010537387969689955
"p198": 3.7633528463178407E-06
"p199": 0
"p200": 0.0018101727190788818
"p201": 0.00039891540170969113
"p202": 1.8816764231589203E-05
"p203": 0
"p204": 0.003590238615387221
"p205": 0.0013623337303670586
"p206": 0.0002784881106275202
"p207": 7.5267056926356815E-06
"p208": 0
"p209": 0
"p210": 0
"p211": 0
"p212": 0
"p213": 0
"p214": 0
"p215": 0
"p216": 5.080526342529085E-05
"p217": 0
"p218": 0
"p219": 0
"p220": 0.0004760641350592069
"p221": 0.00011666393823585307
"p222": 5.645029269476761E-06
"p223": 0
"p224": 0.0019324816865842111
"p225": 0.0004929992228676371
"p226": 4.516023415581409E-05
"p227": 1.8816764231589204E-06
"p228": 0.0014808793450260703
"p229": 0.00037633528463178407
"p230": 3.9515204886337324E-05
"p231": 0
"p232": 0.020468876131122735
"p233": 0.007244454229161845
"p234": 0.0016220050767629893
"p235": 0.00022015614150959367
"p236": 0.019317290160149478
"p237": 0.007585037661753608
"p238": 0.0016107150182240358
"p239": 0.00014112573173691902
"p240": 0.0002973048748591094
"p241": 6.962202765688006E-05
"p242": 1.1290058538953523E-05
"p243": 0
"p244": 0.0005325144277539745
"p245": 0.00014488908458323686
"p246": 1.1290058538953523E-05
"p247": 0
"p248": 0.007916212712229578
"p249": 0.0025063929956476816
"p250": 0.000449720665134982
"p251": 3.198849919370165E-05
