"p189": 0.0008636894782299444
"p190": 0.0001542974666990315
"p191": 2.8225146347383805E-05
"p192": 0.001908019893083145
"p193": 0.0007037469822614361
"p194": 0.00014300740816007796
"p195": 7.5267056926356815E-06
"p196": 0.0002483812878569775
"p197": 6.585867481056221E-05
"p198": 5.645029269476761E-06
"p199": 0
"p200": 0.020005983731025644
"p201": 0.0090282834783165
"p202": 0.002384084028142352
"p203": 0.0003180033155138576
"p204": 0.007568102573945178
"p205": 0.003076540951864834
"p206": 0.0006303616017582384
"p207": 4.139688130949625E-05
"p208": 0.0002653163756654078
"p209": 5.080526342529086E-05
"p210": 0
"p211": 0
"p212": 0
"p213": 0
"p214": 0
"p215": 0
"p216": 0.0006962202765688006
"p217": 0.00011666393823585307
"p218": 5.645029269476761E-06
"p219": 0
"p220": 2.2580117077907045E-05
"p221": 3.7633528463178407E-06
"p222": 0
"p223": 0
"p224": 0.0008392276847288784
"p225": 0.00022015614150959362
"p226": 3.0106822770542726E-05
"p227": 0
"p228": 9.408382115794602E-06
"p229": 0
"p230": 0
"p231": 0
"p232": 0.016585095993722727
"p233": 0.005897173910180057
"p234": 0.0010575021498153135
"p235": 7.150370408003898E-05
"p236": 0.004468981505002435
"p237": 0.001469589286487117
"p238": 0.00020510273012432228
"p239": 1.3171734962112442E-05
"p240": 0.001749959073537796
"p241": 0.0006134265139498081
"p242": 0.0001110189089663763
"p243": 1.3171734962112444E-05
"p244": 1.8816764231589203E-05
"p245": 0
"p246": 0
"p247": 0
"p248": 0.02578837537939301
"p249": 0.009600313110956814
"p250": 0.0021469927988243286
"p251": 0.0002577896699727721
