"p189": 0.0002013393772780045
"p190": 2.6343469924224887E-05
"p191": 0
"p192": 0.0017612491320767494
"p193": 0.0005249877220613388
"p194": 6.774035123372114E-05
"p195": 5.645029269476761E-06
"p196": 0.002402900792373941
"p197": 0.0007545522456867272
"p198": 0.00011290058538953522
"p199": 5.645029269476761E-06
"p200": 0.0004196138423644392
"p201": 0.00012419064392848875
"p202": 5.645029269476761E-06
"p203": 0
"p204": 0.0002521446407032953
"p205": 0.00011666393823585305
"p206": 0
"p207": 0
"p208": 0.005509548567009319
"p209": 0.0018346345125799472
"p210": 0.00031235828624438073
"p211": 2.2580117077907045E-05
"p212": 0.005187781898649144
"p213": 0.0016784553694577568
"p214": 0.0002709614049348845
"p215": 1.6935087808430286E-05
"p216": 0.0023445688232560146
"p217": 0.000707510335107754
"p218": 5.0805263425290837E-05
"p219": 0
"p220": 0.0013115284669417675
"p221": 0.000472300782212889
"p222": 2.0698440654748124E-05
"p223": 0
"p224": 0.0004083237838254857
"p225": 9.220214473478709E-05
"p226": 7.5267056926356815E-06
"p227": 0
"p228": 0.000758315598533045
"p229": 0.00018064093662325636
"p230": 1.8816764231589203E-05
"p231": 0
"p232": 4.516023415581409E-05
"p233": 1.5053411385271363E-05
"p234": 7.5267056926356815E-06
"p235": 0
"p236": 3.0106822770542726E-05
"p237": 1.5053411385271363E-05
"p238": 7.5267056926356815E-06
"p239": 0
"p240": 0.0024235992330286886
"p241": 0.000730090452185661
"p242": 5.268693984844977E-05
"p243": 0
"p244": 0.004181085012259121
"p245": 0.0012061545872448678
"p246": 0.0001486524374295547
"p247": 0
"p248": 0.00019945770085484557
"p249": 7.526705692635681E-05
"p250": 2.6343469924224887E-05
"p251": 0
