"p189": 0.001061265502661631
"p190": 0.00014488908458323686
"p191": 1.3171734962112444E-05
"p192": 5.645029269476761E-06
"p193": 0
"p194": 0
"p195": 0
"p196": 0
"p197": 0
"p198": 0
"p199": 0
"p200": 0.001198627881552232
"p201": 0.0003048315805517451
"p202": 3.0106822770542726E-05
"p203": 0
"p204": 0.00015429746669903143
"p205": 3.198849919370165E-05
"p206": 1.8816764231589204E-06
"p207": 0
"p208": 0.00028789649274331473
"p209": 3.3870175616860565E-05
"p210": 0
"p211": 0
"p212": 0
"p213": 0
"p214": 0
"p215": 0
"p216": 0.0026456370509614427
"p217": 0.0006510600424129864
"p218": 6.021364554108545E-05
"p219": 0
"p220": 0.0003236483447833343
"p221": 6.774035123372114E-05
"p222": 3.7633528463178407E-06
"p223": 0
"p224": 9.784717400426387E-05
"p225": 1.5053411385271363E-05
"p226": 0
"p227": 0
"p228": 0
"p229": 0
"p230": 0
"p231": 0
"p232": 0.004510378386311934
"p233": 0.0012607232035164767
"p234": 0.00015994249596850823
"p235": 5.645029269476761E-06
"p236": 0.0005588578976781994
"p237": 0.00019757602443168663
"p238": 3.198849919370165E-05
"p239": 5.645029269476761E-06
"p240": 0.0006341249546045561
"p241": 8.279376261899251E-05
"p242": 0
"p243": 0
"p244": 7.33853805031979E-05
"p245": 0
"p246": 0
"p247": 0
"p248": 0.014387297931473107
"p249": 0.004239416981377048
"p250": 0.0006190715432192849
"p251": 2.8225146347383815E-05
