"p189": 0.0006472966895666686
"p190": 0.00010537387969689955
"p191": 7.5267056926356815E-06
"p192": 0.00022956452362538825
"p193": 3.198849919370165E-05
"p194": 0
"p195": 0
"p196": 0
"p197": 0
"p198": 0
"p199": 0
"p200": 0.00735923649097454
"p201": 0.0023652672639107625
"p202": 0.00040456043097916787
"p203": 3.198849919370165E-05
"p204": 0.0018478062475420598
"p205": 0.000617189866796126
"p206": 0.00012230896750532982
"p207": 3.0106822770542726E-05
"p208": 0.0012569598506701586
"p209": 0.00024461793501065964
"p210": 2.2580117077907045E-05
"p211": 0
"p212": 7.33853805031979E-05
"p213": 0
"p214": 0
"p215": 0
"p216": 0.01787404434358659
"p217": 0.005836960264638971
"p218": 0.001085727296162697
"p219": 9.972885042742278E-05
"p220": 0.005878357145948468
"p221": 0.002167691239479076
"p222": 0.00045912904725077655
"p223": 6.0213645541085445E-05
"p224": 5.268693984844977E-05
"p225": 5.645029269476761E-06
"p226": 1.8816764231589204E-06
"p227": 0
"p228": 0
"p229": 0
"p230": 0
"p231": 0
"p232": 0.002470641143607662
"p233": 0.0006228348960656026
"p234": 8.467543904215141E-05
"p235": 0
"p236": 0.00039891540170969113
"p237": 0.0001392440553137601
"p238": 3.010682277054273E-05
"p239": 1.8816764231589204E-06
"p240": 0.00037069025536230727
"p241": 0.00013171734962112442
"p242": 2.4461793501065963E-05
"p243": 0
"p244": 0
"p245": 0
"p246": 0
"p247": 0
"p248": 0.010456475883494123
"p249": 0.0032364834478333425
"p250": 0.00045536569440445874
"p251": 2.2580117077907045E-05
