"p189": 0.0028752015745868303
"p190": 0.0004948808992907961
"p191": 1.8816764231589203E-05
"p192": 0
"p193": 0
"p194": 0
"p195": 0
"p196": 7.5267056926356815E-06
"p197": 0
"p198": 0
"p199": 0
"p200": 0.0003217666683601754
"p201": 6.585867481056222E-05
"p202": 1.8816764231589204E-06
"p203": 0
"p204": 0.0010499754441226773
"p205": 0.0002747247577812024
"p206": 3.0106822770542726E-05
"p207": 0
"p208": 6.021364554108544E-05
"p209": 0
"p210": 0
"p211": 0
"p212": 0.00031423996266753966
"p213": 3.3870175616860565E-05
"p214": 0
"p215": 0
"p216": 0.000822292596920448
"p217": 0.0001806409366232564
"p218": 3.7633528463178407E-06
"p219": 0
"p220": 0.0021037142410916723
"p221": 0.0005456861627160869
"p222": 6.021364554108545E-05
"p223": 0
"p224": 3.3870175616860565E-05
"p225": 5.645029269476761E-06
"p226": 0
"p227": 0
"p228": 9.784717400426387E-05
"p229": 1.5053411385271363E-05
"p230": 0
"p231": 0
"p232": 0.0022598933842138636
"p233": 0.0006284799253350793
"p234": 7.338538050319788E-05
"p235": 5.645029269476761E-06
"p236": 0.0027886444591215197
"p237": 0.0008467543904215143
"p238": 0.00011854561465901199
"p239": 5.645029269476761E-06
"p240": 0.0007188003936467076
"p241": 0.00010349220327374062
"p242": 1.5053411385271363E-05
"p243": 0
"p244": 0.0006962202765688004
"p245": 8.279376261899251E-05
"p246": 0
"p247": 0
"p248": 0.008164594000086556
"p249": 0.0025214464070329535
"p250": 0.0003594001968233539
"p251": 2.2580117077907045E-05
