"p189": 0.0005852013676024243
"p190": 8.091208619583358E-05
"p191": 5.645029269476761E-06
"p192": 0.0013152918197880852
"p193": 0.0004177321659412803
"p194": 6.774035123372114E-05
"p195": 1.1290058538953523E-05
"p196": 3.951520488633733E-05
"p197": 0
"p198": 0
"p199": 0
"p200": 0.021865080037106657
"p201": 0.009653000050805261
"p202": 0.002506392995647682
"p203": 0.00033682007974544684
"p204": 0.00780707547968636
"p205": 0.002848858104662605
"p206": 0.0006021364554108545
"p207": 6.774035123372113E-05
"p208": 0.002600476816805628
"p209": 0.000899441330269964
"p210": 0.00017875926020009743
"p211": 1.8816764231589203E-05
"p212": 0.0003274116976296522
"p213": 6.962202765688006E-05
"p214": 5.645029269476761E-06
"p215": 0
"p216": 0.03358416080054042
"p217": 0.014562293838826887
"p218": 0.003951520488633733
"p219": 0.0006190715432192849
"p220": 0.011984397139099167
"p221": 0.004696664352204665
"p222": 0.0009596549758110494
"p223": 8.843879188846926E-05
"p224": 0.0002671980520885667
"p225": 8.655711546531033E-05
"p226": 2.6343469924224887E-05
"p227": 5.645029269476761E-06
"p228": 0
"p229": 0
"p230": 0
"p231": 0
"p232": 0.013677905919942198
"p233": 0.00554530041904934
"p234": 0.0012513148214006826
"p235": 4.892358700213193E-05
"p236": 0.0036297538202735573
"p237": 0.0010706738847774259
"p238": 0.00016370584881482606
"p239": 9.408382115794602E-06
"p240": 0.001320936849057562
"p241": 0.0004911175464444782
"p242": 0.0001016105268505817
"p243": 7.5267056926356815E-06
"p244": 0
"p245": 0
"p246": 0
"p247": 0
"p248": 0.016268974354632027
"p249": 0.005812498471137906
"p250": 0.001065028855507949
"p251": 5.268693984844978E-05
