"p189": 0.008394158523711946
"p190": 0.001919309951622099
"p191": 0.00022580117077907047
"p192": 1.6935087808430282E-05
"p193": 0
"p194": 0
"p195": 0
"p196": 0.00015241579027587256
"p197": 9.408382115794602E-06
"p198": 0
"p199": 0
"p200": 0.0013491619954049457
"p201": 0.00040832378382548573
"p202": 5.080526342529085E-05
"p203": 0
"p204": 0.00423565362853073
"p205": 0.0015693181369145397
"p206": 0.0002916598455896326
"p207": 1.6935087808430282E-05
"p208": 0.00022956452362538827
"p209": 5.6450292694767617E-05
"p210": 0
"p211": 0
"p212": 0.0013359902604428333
"p213": 0.00032364834478333426
"p214": 2.8225146347383805E-05
"p215": 1.8816764231589204E-06
"p216": 0.002026565507742157
"p217": 0.0005701479562171529
"p218": 8.655711546531033E-05
"p219": 1.1290058538953523E-05
"p220": 0.0048509618189036974
"p221": 0.00168974542799671
"p222": 0.0003292933740528111
"p223": 4.139688130949625E-05
"p224": 0.0004064421074023268
"p225": 0.0001034922032737406
"p226": 9.408382115794602E-06
"p227": 0
"p228": 0.001066910531931108
"p229": 0.0002709614049348845
"p230": 3.0106822770542726E-05
"p231": 0
"p232": 0.008542810961141501
"p233": 0.0031762698022922576
"p234": 0.0006529417188361455
"p235": 7.150370408003898E-05
"p236": 0.01660579443437748
"p237": 0.00643157001435719
"p238": 0.0013924405531376015
"p239": 0.0001731142309306207
"p240": 0.0016144783710703538
"p241": 0.000568266279793994
"p242": 8.843879188846925E-05
"p243": 5.645029269476761E-06
"p244": 0.002357740558218127
"p245": 0.0008467543904215143
"p246": 0.00015994249596850823
"p247": 7.5267056926356815E-06
"p248": 0.01758991120368959
"p249": 0.007287732786894499
"p250": 0.0015147495206429312
"p251": 0.00013924405531376012
