"p189": 0.00681543200468161
"p190": 0.001204272910821709
"p191": 8.467543904215141E-05
"p192": 0.001492169403565024
"p193": 0.0004403122830191873
"p194": 7.903040977267466E-05
"p195": 5.645029269476761E-06
"p196": 0
"p197": 0
"p198": 0
"p199": 0
"p200": 0.0003895070195938965
"p201": 6.774035123372113E-05
"p202": 0
"p203": 0
"p204": 0.0002559079935496131
"p205": 9.408382115794602E-05
"p206": 1.6935087808430286E-05
"p207": 0
"p208": 0.0032421284771028194
"p209": 0.0009314298294636657
"p210": 0.0001486524374295547
"p211": 7.5267056926356815E-06
"p212": 1.1290058538953523E-05
"p213": 0
"p214": 0
"p215": 0
"p216": 0.0011892194994364373
"p217": 0.0003255300212064932
"p218": 4.7041910578973015E-05
"p219": 0
"p220": 0.0010048152099668634
"p221": 0.0002860148163201559
"p222": 5.2686939848449775E-05
"p223": 1.1290058538953523E-05
"p224": 0.0038612000203221046
"p225": 0.0012626048799396355
"p226": 0.00023332787647170614
"p227": 1.3171734962112444E-05
"p228": 0
"p229": 0
"p230": 0
"p231": 0
"p232": 0.002320107029754949
"p233": 0.0008034758326888591
"p234": 0.00016182417239166713
"p235": 1.3171734962112444E-05
"p236": 0.001979523597163184
"p237": 0.0006435333367203508
"p238": 0.00012419064392848875
"p239": 3.198849919370165E-05
"p240": 0.009346286793830358
"p241": 0.0032233117128712303
"p242": 0.0006265982489119205
"p243": 6.209532196424438E-05
"p244": 5.645029269476761E-06
"p245": 0
"p246": 0
"p247": 0
"p248": 0.007974544681347506
"p249": 0.0029354152201279153
"p250": 0.0005889647204487421
"p251": 5.833196911792653E-05
