"p189": 0.0007997124798425413
"p190": 0.00012607232035164768
"p191": 1.1290058538953523E-05
"p192": 0.003339975651107084
"p193": 0.0009803534164657976
"p194": 0.0001505341138527136
"p195": 7.5267056926356815E-06
"p196": 4.704191057897301E-05
"p197": 0
"p198": 0
"p199": 0
"p200": 0.0014526541986786862
"p201": 0.0004403122830191874
"p202": 5.080526342529086E-05
"p203": 0
"p204": 0.001223089675053298
"p205": 0.0003970337252865322
"p206": 6.774035123372113E-05
"p207": 1.1290058538953523E-05
"p208": 0.00046101072367393553
"p209": 8.843879188846928E-05
"p210": 5.645029269476761E-06
"p211": 0
"p212": 0
"p213": 0
"p214": 0
"p215": 0
"p216": 5.645029269476761E-06
"p217": 0
"p218": 0
"p219": 0
"p220": 1.1290058538953523E-05
"p221": 0
"p222": 0
"p223": 0
"p224": 0.00998605677770439
"p225": 0.003221430036448071
"p226": 0.00059272807329506
"p227": 5.456861627160869E-05
"p228": 5.268693984844977E-05
"p229": 0
"p230": 0
"p231": 0
"p232": 0.011115062631599743
"p233": 0.0036335171731198754
"p234": 0.0006378883074508741
"p235": 4.8923587002131926E-05
"p236": 0.007396870019437716
"p237": 0.0026494004038077595
"p238": 0.0005099343106760674
"p239": 6.774035123372113E-05
"p240": 0.008582326166027837
"p241": 0.002743484224965706
"p242": 0.0005099343106760674
"p243": 3.7633528463178407E-05
"p244": 0
"p245": 0
"p246": 0
"p247": 0
"p248": 0.0036410438788125107
"p249": 0.0011271241774721932
"p250": 0.00020886608297064014
"p251": 1.6935087808430286E-05
