"p189": 0.0005061709578297496
"p190": 3.010682277054273E-05
"p191": 0
"p192": 0.0004948808992907961
"p193": 6.209532196424438E-05
"p194": 3.7633528463178407E-06
"p195": 0
"p196": 0
"p197": 0
"p198": 0
"p199": 0
"p200": 0.0034208877373029176
"p201": 0.0010687922083542668
"p202": 0.0001467707610063958
"p203": 0
"p204": 0.00039891540170969113
"p205": 0.00013359902604428335
"p206": 1.5053411385271363E-05
"p207": 0
"p208": 0
"p209": 0
"p210": 0
"p211": 0
"p212": 0
"p213": 0
"p214": 0
"p215": 0
"p216": 0.00030106822770542725
"p217": 6.209532196424438E-05
"p218": 0
"p219": 0
"p220": 1.5053411385271363E-05
"p221": 0
"p222": 0
"p223": 0
"p224": 0.001290830026287019
"p225": 0.0002653163756654078
"p226": 2.8225146347383805E-05
"p227": 0
"p228": 0.00011854561465901199
"p229": 5.645029269476761E-06
"p230": 0
"p231": 0
"p232": 0.02820632958315222
"p233": 0.00957396964103259
"p234": 0.0016728103401882804
"p235": 0.00010537387969689955
"p236": 0.00604958970045593
"p237": 0.0019663518622010717
"p238": 0.00028789649274331484
"p239": 1.8816764231589203E-05
"p240": 0.0003180033155138575
"p241": 5.645029269476761E-05
"p242": 0
"p243": 0
"p244": 0
"p245": 0
"p246": 0
"p247": 0
"p248": 0.014078702998075043
"p249": 0.004659030823741487
"p250": 0.000780895715610952
"p251": 3.575185204001949E-05
