"p189": 0.002250485002098069
"p190": 0.00012042729108217092
"p191": 1.8816764231589204E-06
"p192": 0.0007263270993393433
"p193": 0.00017875926020009746
"p194": 1.6935087808430282E-05
"p195": 0
"p196": 0.0018609779825041724
"p197": 0.0006811668651835292
"p198": 8.655711546531033E-05
"p199": 0
"p200": 0.00010537387969689954
"p201": 2.0698440654748124E-05
"p202": 0
"p203": 0
"p204": 0.00016558752523798497
"p205": 5.080526342529086E-05
"p206": 0
"p207": 0
"p208": 0.0014187840230618259
"p209": 0.00034999181470755914
"p210": 2.6343469924224884E-05
"p211": 0
"p212": 0.002579778376150879
"p213": 0.0008580444489604677
"p214": 0.00013548070246744226
"p215": 0
"p216": 0.0002897781691664737
"p217": 0.00011666393823585307
"p218": 1.6935087808430286E-05
"p219": 0
"p220": 0.0005795563383329475
"p221": 0.00020698440654748124
"p222": 3.198849919370165E-05
"p223": 0
"p224": 0.006442860072896144
"p225": 0.0023050536183696776
"p226": 0.00041020546024864466
"p227": 2.8225146347383805E-05
"p228": 0.0061342651394980805
"p229": 0.0024123091744897357
"p230": 0.00044595731228866414
"p231": 1.8816764231589207E-05
"p232": 0.002957995337205823
"p233": 0.0008015941562657001
"p234": 4.1396881309496255E-05
"p235": 0
"p236": 0.001134650883164829
"p237": 0.00033870175616860566
"p238": 2.0698440654748124E-05
"p239": 0
"p240": 0.012789754648211181
"p241": 0.004674084235126757
"p242": 0.0009069680359625995
"p243": 6.774035123372113E-05
"p244": 0.01052986126399732
"p245": 0.004239416981377047
"p246": 0.0008448727139983552
"p247": 4.139688130949625E-05
"p248": 0.008337708231017177
"p249": 0.0024856945549929332
"p250": 0.0001392440553137601
"p251": 1.8816764231589204E-06
