"p189": 0.000378216961054943
"p190": 3.575185204001949E-05
"p191": 0
"p192": 0.0012644865563627944
"p193": 0.000284133139896997
"p194": 1.1290058538953523E-05
"p195": 0
"p196": 0.004032432574829567
"p197": 0.0012117996165143445
"p198": 0.00018816764231589203
"p199": 7.5267056926356815E-06
"p200": 0.00019945770085484554
"p201": 6.021364554108546E-05
"p202": 5.645029269476761E-06
"p203": 0
"p204": 0.000686811894453006
"p205": 0.0002860148163201559
"p206": 6.39769983874033E-05
"p207": 1.1290058538953523E-05
"p208": 1.6935087808430286E-05
"p209": 0
"p210": 0
"p211": 0
"p212": 0.00046101072367393553
"p213": 8.843879188846928E-05
"p214": 5.645029269476761E-06
"p215": 0
"p216": 0
"p217": 0
"p218": 0
"p219": 0
"p220": 0
"p221": 0
"p222": 0
"p223": 0
"p224": 0.009028283478316499
"p225": 0.0030878310104037873
"p226": 0.0006341249546045562
"p227": 7.526705692635681E-05
"p228": 0.01319619675561351
"p229": 0.0044407563586550515
"p230": 0.0008881512717310106
"p231": 9.220214473478709E-05
"p232": 0.0035036814999219092
"p233": 0.0011365325595879877
"p234": 0.0001373623788906012
"p235": 1.8816764231589204E-06
"p236": 0.0029316518672815976
"p237": 0.0009859984457352743
"p238": 9.596549758110495E-05
"p239": 5.645029269476761E-06
"p240": 0.004058776044753791
"p241": 0.0010763189140469023
"p242": 0.00014677076100639576
"p243": 2.634346992422489E-05
"p244": 0.009839286016697996
"p245": 0.003285407034835475
"p246": 0.000660468424528781
"p247": 5.45686162716087E-05
"p248": 0.0005757929854866296
"p249": 0.0001938126715853688
"p250": 2.8225146347383808E-05
"p251": 1.8816764231589204E-06
