"p189": 0.008019704915503318
"p190": 0.0016013066361082412
"p191": 0.00014112573173691902
"p192": 0.00010725555612005845
"p193": 3.3870175616860565E-05
"p194": 0
"p195": 0
"p196": 0
"p197": 0
"p198": 0
"p199": 0
"p200": 0.0028526214575089236
"p201": 0.0010010518571205455
"p202": 0.00013171734962112442
"p203": 5.645029269476761E-06
"p204": 0.0002483812878569775
"p205": 2.6343469924224887E-05
"p206": 0
"p207": 0
"p208": 0.0006679951302214168
"p209": 8.843879188846926E-05
"p210": 3.7633528463178407E-06
"p211": 0
"p212": 0
"p213": 0
"p214": 0
"p215": 0
"p216": 0.00533267098323238
"p217": 0.0017330239857293657
"p218": 0.0003029499041285862
"p219": 7.5267056926356815E-06
"p220": 0.0006322432781813973
"p221": 0.00011478226181269412
"p222": 0
"p223": 0
"p224": 0.00048170916432868367
"p225": 0.00011478226181269415
"p226": 1.3171734962112442E-05
"p227": 0
"p228": 0
"p229": 0
"p230": 0
"p231": 0
"p232": 0.013391891103622036
"p233": 0.005065472931143814
"p234": 0.00099352515142791
"p235": 5.833196911792654E-05
"p236": 0.004700427705050983
"p237": 0.0015749631661840164
"p238": 0.00034058343259176454
"p239": 4.5160234155814084E-05
"p240": 0.001198627881552232
"p241": 0.00035563684397703593
"p242": 3.7633528463178407E-05
"p243": 0
"p244": 6.774035123372114E-05
"p245": 5.645029269476761E-06
"p246": 0
"p247": 0
"p248": 0.028511161163703974
"p249": 0.010573139821729974
"p250": 0.0022881185305612477
"p251": 0.00019381267158536877
