"p189": 0.0009182580945015531
"p190": 4.139688130949625E-05
"p191": 0
"p192": 0.0003104766098212219
"p193": 6.585867481056222E-05
"p194": 1.8816764231589204E-06
"p195": 0
"p196": 0.0010424487384300416
"p197": 0.0002747247577812024
"p198": 3.0106822770542726E-05
"p199": 0
"p200": 2.2580117077907045E-05
"p201": 5.645029269476761E-06
"p202": 0
"p203": 0
"p204": 4.892358700213193E-05
"p205": 2.8225146347383805E-05
"p206": 0
"p207": 0
"p208": 0.0007865407448804286
"p209": 0.00017311423093062072
"p210": 3.7633528463178407E-06
"p211": 0
"p212": 0.00212629435816958
"p213": 0.0005419228098697691
"p214": 6.021364554108545E-05
"p215": 0
"p216": 0.00012607232035164766
"p217": 4.8923587002131926E-05
"p218": 5.645029269476761E-06
"p219": 0
"p220": 0.00029165984558963265
"p221": 0.00012230896750532982
"p222": 1.6935087808430286E-05
"p223": 0
"p224": 0.0019475350979694822
"p225": 0.0005494495155624046
"p226": 6.774035123372114E-05
"p227": 5.645029269476761E-06
"p228": 0.0027152590786183217
"p229": 0.0008166475676509714
"p230": 0.00011854561465901199
"p231": 5.645029269476761E-06
"p232": 0.00043090390090339274
"p233": 0.00012419064392848875
"p234": 5.645029269476761E-06
"p235": 0
"p236": 0.00024273625858750074
"p237": 0.00010725555612005845
"p238": 0
"p239": 0
"p240": 0.006523772159091976
"p241": 0.0020641990362053357
"p242": 0.0003180033155138575
"p243": 2.2580117077907045E-05
"p244": 0.007458965341401962
"p245": 0.002359622234641286
"p246": 0.0003725719317854662
"p247": 1.6935087808430286E-05
"p248": 0.0023690306167570806
"p249": 0.000707510335107754
"p250": 5.0805263425290837E-05
"p251": 0
