"p189": 0.0010800822668932202
"p190": 0.00017687758377693853
"p191": 1.1290058538953523E-05
"p192": 0.004389951095229761
"p193": 0.0014451274929860507
"p194": 0.0002502629642801364
"p195": 1.8816764231589207E-05
"p196": 0
"p197": 0
"p198": 0
"p199": 0
"p200": 0.003101002745365901
"p201": 0.00099352515142791
"p202": 0.00017123255450746173
"p203": 1.3171734962112444E-05
"p204": 0.0022090881207885724
"p205": 0.0008015941562657002
"p206": 0.0001486524374295547
"p207": 3.575185204001949E-05
"p208": 0.008175884058625509
"p209": 0.00271902243146464
"p210": 0.000517461016368703
"p211": 5.268693984844977E-05
"p212": 7.33853805031979E-05
"p213": 0
"p214": 0
"p215": 0
"p216": 0.010080140598862336
"p217": 0.003430296119418712
"p218": 0.0006190715432192848
"p219": 4.704191057897301E-05
"p220": 0.006871882297376378
"p221": 0.002540263171264542
"p222": 0.0004911175464444782
"p223": 6.585867481056221E-05
"p224": 0.0016427035174177375
"p225": 0.0004045604309791679
"p226": 5.645029269476761E-05
"p227": 0
"p228": 0
"p229": 0
"p230": 0
"p231": 0
"p232": 0.000874979536768898
"p233": 0.0002521446407032953
"p234": 4.516023415581409E-05
"p235": 1.8816764231589204E-06
"p236": 0.00045536569440445874
"p237": 0.0001712325545074617
"p238": 4.327855773265517E-05
"p239": 1.8816764231589204E-06
"p240": 0.0075718659267914965
"p241": 0.0023483321761023327
"p242": 0.00038574366674757867
"p243": 2.2580117077907045E-05
"p244": 0
"p245": 0
"p246": 0
"p247": 0
"p248": 0.0030370257469784978
"p249": 0.0010085785628131813
"p250": 0.00011666393823585305
"p251": 1.8816764231589204E-06
