"p189": 0.0009069680359625998
"p190": 0.00011854561465901199
"p191": 9.408382115794602E-06
"p192": 0.009073443712472314
"p193": 0.0038743717552842164
"p194": 0.0009577732993878904
"p195": 0.00013548070246744226
"p196": 3.198849919370165E-05
"p197": 5.645029269476761E-06
"p198": 0
"p199": 0
"p200": 0.005895292233756897
"p201": 0.002389729057411829
"p202": 0.0005795563383329474
"p203": 7.338538050319788E-05
"p204": 0.005791800030483156
"p205": 0.001983286950009502
"p206": 0.0003669269025159894
"p207": 3.198849919370165E-05
"p208": 0.012400247628617286
"p209": 0.005720296326403117
"p210": 0.0015298029320282025
"p211": 0.00021639278866327584
"p212": 0.00028789649274331484
"p213": 5.8331969117926534E-05
"p214": 5.645029269476761E-06
"p215": 0
"p216": 0.013884890326489673
"p217": 0.006025127906954863
"p218": 0.0014187840230618259
"p219": 0.00015053411385271365
"p220": 0.010887379784397515
"p221": 0.004329737449688675
"p222": 0.0007884224213035877
"p223": 4.704191057897301E-05
"p224": 0.005622449152398854
"p225": 0.0018496879239652188
"p226": 0.0002709614049348845
"p227": 1.3171734962112444E-05
"p228": 0
"p229": 0
"p230": 0
"p231": 0
"p232": 0.002602358493228786
"p233": 0.0008486360668446732
"p234": 0.00013548070246744226
"p235": 9.408382115794602E-06
"p236": 0.0020190388020495213
"p237": 0.0006021364554108545
"p238": 7.714873334951574E-05
"p239": 7.5267056926356815E-06
"p240": 0.012789754648211183
"p241": 0.0046740842351267586
"p242": 0.0009069680359625996
"p243": 6.774035123372114E-05
"p244": 5.833196911792653E-05
"p245": 1.1290058538953523E-05
"p246": 0
"p247": 0
"p248": 0.005731586384942072
"p249": 0.0018685046881968081
"p250": 0.0003085949333980629
"p251": 1.5053411385271365E-05
