"p189": 0.0002954231984359505
"p190": 3.198849919370165E-05
"p191": 0
"p192": 0.003957165517903209
"p193": 0.001294593379133337
"p194": 0.00021074775939379904
"p195": 1.5053411385271363E-05
"p196": 0.003678677407275688
"p197": 0.0011986278815522323
"p198": 0.00019193099516220987
"p199": 1.1290058538953523E-05
"p200": 0.0017405506914220012
"p201": 0.0005155793399455442
"p202": 3.9515204886337324E-05
"p203": 0
"p204": 0.0011026623839711274
"p205": 0.00035940019682335374
"p206": 2.0698440654748124E-05
"p207": 0
"p208": 2.2580117077907045E-05
"p209": 0
"p210": 0
"p211": 0
"p212": 0.00037069025536230727
"p213": 4.5160234155814084E-05
"p214": 0
"p215": 0
"p216": 0
"p217": 0
"p218": 0
"p219": 0
"p220": 3.198849919370165E-05
"p221": 2.0698440654748124E-05
"p222": 0
"p223": 0
"p224": 0.0021714545923253938
"p225": 0.000683048541606688
"p226": 0.00011478226181269414
"p227": 7.5267056926356815E-06
"p228": 0.0024518243793760727
"p229": 0.0007319721286088201
"p230": 0.00010537387969689954
"p231": 5.645029269476761E-06
"p232": 0.0006981019529919595
"p233": 0.0002201561415095937
"p234": 1.8816764231589203E-05
"p235": 0
"p236": 0.000282251463473838
"p237": 0.0001373623788906012
"p238": 7.5267056926356815E-06
"p239": 0
"p240": 0.003819803139012609
"p241": 0.0011252425010490343
"p242": 0.00011478226181269414
"p243": 5.645029269476761E-06
"p244": 0.0059084639687190105
"p245": 0.0017725391906157028
"p246": 0.0002502629642801364
"p247": 5.645029269476761E-06
"p248": 0.0005325144277539745
"p249": 0.00018440428946957417
"p250": 3.198849919370165E-05
"p251": 0
