"p189": 0.01482196518522282
"p190": 0.0036636239958904183
"p191": 0.00046665575294341233
"p192": 0
"p193": 0
"p194": 0
"p195": 0
"p196": 5.2686939848449775E-05
"p197": 0
"p198": 0
"p199": 0
"p200": 0.00028789649274331484
"p201": 5.456861627160869E-05
"p202": 5.645029269476761E-06
"p203": 0
"p204": 0.001791355954847292
"p205": 0.0004967625757139549
"p206": 7.903040977267466E-05
"p207": 5.645029269476761E-06
"p208": 1.3171734962112444E-05
"p209": 0
"p210": 0
"p211": 0
"p212": 0.0005438044862929279
"p213": 0.00013171734962112442
"p214": 0
"p215": 0
"p216": 0.001085727296162697
"p217": 0.0002145111122401169
"p218": 7.5267056926356815E-06
"p219": 0
"p220": 0.0038329748739747214
"p221": 0.001130887530318511
"p222": 0.0001825226130464153
"p223": 7.5267056926356815E-06
"p224": 7.526705692635681E-05
"p225": 1.5053411385271363E-05
"p226": 0
"p227": 0
"p228": 0.00017123255450746176
"p229": 2.2580117077907045E-05
"p230": 0
"p231": 0
"p232": 0.00249133958426241
"p233": 0.0008354643318825607
"p234": 0.0001561791431221904
"p235": 3.0106822770542733E-05
"p236": 0.005522720301971431
"p237": 0.0018609779825041724
"p238": 0.000353755167553877
"p239": 2.6343469924224887E-05
"p240": 0.0004911175464444782
"p241": 8.467543904215143E-05
"p242": 1.8816764231589204E-06
"p243": 0
"p244": 0.0006585867481056221
"p245": 0.0001637058488148261
"p246": 2.2580117077907045E-05
"p247": 0
"p248": 0.008380986788749831
"p249": 0.0028394497225468105
"p250": 0.0005362777806002923
"p251": 7.526705692635681E-05
