"p189": 0.0020359738898579516
"p190": 0.00038009863747810193
"p191": 4.51602341558141E-05
"p192": 0.002865793192471036
"p193": 0.0008599261253836267
"p194": 0.00014300740816007793
"p195": 7.5267056926356815E-06
"p196": 1.1290058538953523E-05
"p197": 0
"p198": 0
"p199": 0
"p200": 0.001177929440897484
"p201": 0.0003255300212064932
"p202": 4.7041910578973015E-05
"p203": 0
"p204": 0.0009935251514279098
"p205": 0.0002860148163201559
"p206": 5.2686939848449775E-05
"p207": 1.1290058538953523E-05
"p208": 0.00039327037244021434
"p209": 7.150370408003899E-05
"p210": 5.645029269476761E-06
"p211": 0
"p212": 0
"p213": 0
"p214": 0
"p215": 0
"p216": 1.1290058538953523E-05
"p217": 0
"p218": 0
"p219": 0
"p220": 1.1290058538953523E-05
"p221": 0
"p222": 0
"p223": 0
"p224": 0.007855999066688494
"p225": 0.002560961611919291
"p226": 0.0004760641350592069
"p227": 4.892358700213193E-05
"p228": 5.645029269476761E-06
"p229": 0
"p230": 0
"p231": 0
"p232": 0.007912449359383261
"p233": 0.0027641826656204533
"p234": 0.0005381594570234512
"p235": 5.456861627160869E-05
"p236": 0.006202005490731802
"p237": 0.0021037142410916727
"p238": 0.00040832378382548573
"p239": 6.209532196424436E-05
"p240": 0.0064710852192435275
"p241": 0.002171454592325394
"p242": 0.0004309039009033928
"p243": 3.198849919370165E-05
"p244": 0
"p245": 0
"p246": 0
"p247": 0
"p248": 0.002124412681746421
"p249": 0.0007225637464930254
"p250": 0.00016935087808430283
"p251": 1.6935087808430286E-05
