"p189": 0.002974930425014252
"p190": 0.0007639606278025217
"p191": 9.4083821157946E-05
"p192": 3.951520488633733E-05
"p193": 0
"p194": 0
"p195": 0
"p196": 0.0004685374293665712
"p197": 8.467543904215141E-05
"p198": 0
"p199": 0
"p200": 0.0013736237889060117
"p201": 0.0003029499041285862
"p202": 1.1290058538953523E-05
"p203": 0
"p204": 0.004032432574829567
"p205": 0.001221207998630139
"p206": 0.00018816764231589203
"p207": 7.5267056926356815E-06
"p208": 0
"p209": 0
"p210": 0
"p211": 0
"p212": 0
"p213": 0
"p214": 0
"p215": 0
"p216": 1.6935087808430286E-05
"p217": 0
"p218": 0
"p219": 0
"p220": 0.00046101072367393553
"p221": 8.843879188846928E-05
"p222": 5.645029269476761E-06
"p223": 0
"p224": 0.0010292770034679294
"p225": 0.0001637058488148261
"p226": 1.5053411385271363E-05
"p227": 0
"p228": 0.0014018489352533954
"p229": 0.0002709614049348845
"p230": 2.2580117077907045E-05
"p231": 0
"p232": 0.011397314095073581
"p233": 0.0037689978755873176
"p234": 0.000711273687954072
"p235": 7.714873334951573E-05
"p236": 0.014835136920184934
"p237": 0.005031602755526952
"p238": 0.0009464832408489371
"p239": 9.220214473478709E-05
"p240": 7.150370408003896E-05
"p241": 1.3171734962112442E-05
"p242": 0
"p243": 0
"p244": 0.00024085458216434183
"p245": 2.8225146347383808E-05
"p246": 0
"p247": 0
"p248": 0.0044614547993098
"p249": 0.0011911011758595966
"p250": 0.0001580608195453493
"p251": 2.8225146347383808E-05
