"p189": 0.0005870830440255833
"p190": 4.892358700213193E-05
"p191": 1.8816764231589204E-06
"p192": 0.0021714545923253938
"p193": 0.000641651660297192
"p194": 8.655711546531033E-05
"p195": 1.1290058538953523E-05
"p196": 0.0035582501161935186
"p197": 0.0014187840230618256
"p198": 0.0003236483447833343
"p199": 4.139688130949625E-05
"p200": 0.0004403122830191874
"p201": 0.00017123255450746173
"p202": 4.139688130949625E-05
"p203": 5.645029269476761E-06
"p204": 0.0013623337303670584
"p205": 0.00048735419359816035
"p206": 9.596549758110493E-05
"p207": 7.5267056926356815E-06
"p208": 6.774035123372114E-05
"p209": 0
"p210": 0
"p211": 0
"p212": 0.0004911175464444782
"p213": 0.00011478226181269414
"p214": 5.645029269476761E-06
"p215": 0
"p216": 0
"p217": 0
"p218": 0
"p219": 0
"p220": 0
"p221": 0
"p222": 0
"p223": 0
"p224": 0.023927397396888834
"p225": 0.010298415063948773
"p226": 0.002623056933883535
"p227": 0.000355636843977036
"p228": 0.028706855511712495
"p229": 0.01372118447767485
"p230": 0.003895070195938966
"p231": 0.0006247165724887617
"p232": 0.015028949591770301
"p233": 0.005680781121516781
"p234": 0.0010631471790847901
"p235": 3.951520488633733E-05
"p236": 0.011489516239808368
"p237": 0.00418108501225912
"p238": 0.000709392011530913
"p239": 4.516023415581409E-05
"p240": 0.009346286793830358
"p241": 0.0032233117128712303
"p242": 0.0006265982489119204
"p243": 6.209532196424438E-05
"p244": 0.012838678235213313
"p245": 0.005289392425499725
"p246": 0.0011986278815522323
"p247": 9.22021447347871E-05
"p248": 0.003285407034835475
"p249": 0.0009558916229647315
"p250": 6.962202765688006E-05
"p251": 1.8816764231589204E-06
