"p189": 0.0021977980622496186
"p190": 0.0004628924000970944
"p191": 5.456861627160869E-05
"p192": 0.0005268693984844978
"p193": 8.843879188846926E-05
"p194": 3.7633528463178407E-06
"p195": 0
"p196": 0
"p197": 0
"p198": 0
"p199": 0
"p200": 0.004830263378248949
"p201": 0.001627650106032466
"p202": 0.0002973048748591094
"p203": 7.5267056926356815E-06
"p204": 0.0005739113090634708
"p205": 0.00011478226181269412
"p206": 0
"p207": 0
"p208": 0
"p209": 0
"p210": 0
"p211": 0
"p212": 0
"p213": 0
"p214": 0
"p215": 0
"p216": 0.000496762575713955
"p217": 0.00011666393823585307
"p218": 5.645029269476761E-06
"p219": 0
"p220": 3.0106822770542726E-05
"p221": 0
"p222": 0
"p223": 0
"p224": 0.0014526541986786866
"p225": 0.00037633528463178407
"p226": 3.9515204886337324E-05
"p227": 0
"p228": 6.774035123372114E-05
"p229": 5.645029269476761E-06
"p230": 0
"p231": 0
"p232": 0.029792582807875192
"p233": 0.010783887581123773
"p234": 0.002271183442752817
"p235": 0.00020133937727800447
"p236": 0.010861036314473289
"p237": 0.0038950701959389643
"p238": 0.0009126130652320763
"p239": 0.00014865243742955472
"p240": 0.00047606413505920693
"p241": 0.0001279539967748066
"p242": 1.1290058538953523E-05
"p243": 0
"p244": 0
"p245": 0
"p246": 0
"p247": 0
"p248": 0.014042951146035022
"p249": 0.005242350514920752
"p250": 0.0010480937676995187
"p251": 5.645029269476761E-05
