"p189": 0.00041396881309496247
"p190": 6.39769983874033E-05
"p191": 1.8816764231589204E-06
"p192": 0.0033719641503007847
"p193": 0.0010763189140469026
"p194": 0.00017499590735377957
"p195": 1.1290058538953523E-05
"p196": 5.268693984844977E-05
"p197": 0
"p198": 0
"p199": 0
"p200": 0.005020312696987999
"p201": 0.0014940510799881827
"p202": 0.00018252261304641527
"p203": 5.645029269476761E-06
"p204": 0.002152637828093805
"p205": 0.000780895715610952
"p206": 0.00010725555612005845
"p207": 9.408382115794602E-06
"p208": 0.00034999181470755914
"p209": 4.5160234155814084E-05
"p210": 0
"p211": 0
"p212": 2.0698440654748124E-05
"p213": 0
"p214": 0
"p215": 0
"p216": 2.2580117077907045E-05
"p217": 0
"p218": 0
"p219": 0
"p220": 3.198849919370165E-05
"p221": 2.0698440654748124E-05
"p222": 0
"p223": 0
"p224": 0.0021507561516706454
"p225": 0.0006585867481056221
"p226": 9.784717400426385E-05
"p227": 5.645029269476761E-06
"p228": 0
"p229": 0
"p230": 0
"p231": 0
"p232": 0.002519564730609794
"p233": 0.0007112736879540719
"p234": 9.784717400426387E-05
"p235": 5.645029269476761E-06
"p236": 0.000970945034350003
"p237": 0.0003857436667475787
"p238": 5.080526342529085E-05
"p239": 1.8816764231589204E-06
"p240": 0.005654437651592557
"p241": 0.001669046987341962
"p242": 0.00023144620004854718
"p243": 5.645029269476761E-06
"p244": 0
"p245": 0
"p246": 0
"p247": 0
"p248": 0.0036165820853114455
"p249": 0.00106314717908479
"p250": 0.00011290058538953519
"p251": 0
