"p189": 0.0007470255399940914
"p190": 0.00016935087808430283
"p191": 1.8816764231589204E-06
"p192": 3.951520488633733E-05
"p193": 0
"p194": 0
"p195": 0
"p196": 0.0002502629642801364
"p197": 3.3870175616860565E-05
"p198": 0
"p199": 0
"p200": 0.000822292596920448
"p201": 0.0001806409366232564
"p202": 3.7633528463178407E-06
"p203": 0
"p204": 0.0018986115109673502
"p205": 0.0005118159870992264
"p206": 6.021364554108545E-05
"p207": 0
"p208": 0
"p209": 0
"p210": 0
"p211": 0
"p212": 0
"p213": 0
"p214": 0
"p215": 0
"p216": 0
"p217": 0
"p218": 0
"p219": 0
"p220": 0.000212629435816958
"p221": 3.3870175616860565E-05
"p222": 0
"p223": 0
"p224": 0.0007507888928404092
"p225": 0.00010537387969689955
"p226": 1.5053411385271363E-05
"p227": 0
"p228": 0.000803475832688859
"p229": 9.03204683116282E-05
"p230": 0
"p231": 0
"p232": 0.00758315598533045
"p233": 0.0023727939696033986
"p234": 0.0003594001968233539
"p235": 2.2580117077907045E-05
"p236": 0.00660656592171097
"p237": 0.0021488744752474866
"p238": 0.0002991865512822683
"p239": 1.6935087808430286E-05
"p240": 1.8816764231589203E-05
"p241": 1.8816764231589204E-06
"p242": 0
"p243": 0
"p244": 6.209532196424438E-05
"p245": 7.5267056926356815E-06
"p246": 0
"p247": 0
"p248": 0.002942941925820551
"p249": 0.0007338538050319789
"p250": 7.33853805031979E-05
"p251": 5.645029269476761E-06
