"p189": 0.0019193099516220985
"p190": 0.00028789649274331484
"p191": 2.0698440654748124E-05
"p192": 0.010125300833018153
"p193": 0.005084289695375403
"p194": 0.0015429746669903149
"p195": 0.00029730487485910944
"p196": 0.00021827446508643477
"p197": 4.7041910578973015E-05
"p198": 5.645029269476761E-06
"p199": 0
"p200": 0.01774985369965809
"p201": 0.007530469045482
"p202": 0.0018760313938894436
"p203": 0.00022580117077907047
"p204": 0.011952408639905465
"p205": 0.004749351292053116
"p206": 0.0009784717400426386
"p207": 9.032046831162818E-05
"p208": 0.00039703372528653215
"p209": 6.774035123372113E-05
"p210": 5.645029269476761E-06
"p211": 0
"p212": 9.032046831162818E-05
"p213": 1.6935087808430282E-05
"p214": 0
"p215": 0
"p216": 3.198849919370165E-05
"p217": 1.8816764231589204E-06
"p218": 0
"p219": 0
"p220": 7.903040977267465E-05
"p221": 2.6343469924224887E-05
"p222": 0
"p223": 0
"p224": 0.015224643939778827
"p225": 0.007080748380347017
"p226": 0.001960706832931595
"p227": 0.00023520955289486507
"p228": 1.8816764231589203E-05
"p229": 1.8816764231589204E-06
"p230": 0
"p231": 0
"p232": 0.014948037505574463
"p233": 0.006205768843578118
"p234": 0.0014789976686029117
"p235": 0.00014300740816007793
"p236": 0.010580666527422612
"p237": 0.0036259904674272392
"p238": 0.0006698768066445757
"p239": 5.833196911792653E-05
"p240": 0.014404233019281537
"p241": 0.005848250323177924
"p242": 0.0012531964978238408
"p243": 9.032046831162818E-05
"p244": 5.080526342529086E-05
"p245": 1.5053411385271363E-05
"p246": 0
"p247": 0
"p248": 0.011679565558547421
"p249": 0.0036956124950841204
"p250": 0.0006077814846803312
"p251": 4.704191057897301E-05
