"p189": 0.005532128684087226
"p190": 0.001083845619739538
"p191": 9.032046831162817E-05
"p192": 3.575185204001949E-05
"p193": 0
"p194": 0
"p195": 0
"p196": 0
"p197": 0
"p198": 0
"p199": 0
"p200": 0.0018986115109673506
"p201": 0.0005080526342529084
"p202": 7.903040977267466E-05
"p203": 5.645029269476761E-06
"p204": 0.0001298356731979655
"p205": 1.5053411385271363E-05
"p206": 0
"p207": 0
"p208": 0.00041396881309496236
"p209": 9.784717400426385E-05
"p210": 0
"p211": 0
"p212": 0
"p213": 0
"p214": 0
"p215": 0
"p216": 0.004521668444850886
"p217": 0.0012738949384785891
"p218": 0.00019004931873905096
"p219": 7.5267056926356815E-06
"p220": 0.0004196138423644392
"p221": 6.962202765688005E-05
"p222": 0
"p223": 0
"p224": 0.00017123255450746176
"p225": 2.2580117077907045E-05
"p226": 0
"p227": 0
"p228": 0
"p229": 0
"p230": 0
"p231": 0
"p232": 0.006124856757382285
"p233": 0.002028447184165316
"p234": 0.000378216961054943
"p235": 2.6343469924224887E-05
"p236": 0.0018101727190788816
"p237": 0.0005663846033708351
"p238": 0.00010349220327374062
"p239": 2.634346992422489E-05
"p240": 0.0006585867481056221
"p241": 0.0001637058488148261
"p242": 2.2580117077907045E-05
"p243": 0
"p244": 5.645029269476761E-06
"p245": 0
"p246": 0
"p247": 0
"p248": 0.01663590125714802
"p249": 0.005776746619097887
"p250": 0.0011647577059353718
"p251": 0.00012042729108217089
