"p189": 0.0017349056621525248
"p190": 0.00019004931873905096
"p191": 7.5267056926356815E-06
"p192": 0.008810009013230067
"p193": 0.003575185204001949
"p194": 0.0009201397709247122
"p195": 0.00014112573173691905
"p196": 0.007825892243917951
"p197": 0.0033362122982607658
"p198": 0.0007903040977267465
"p199": 8.091208619583358E-05
"p200": 0.00618507040292337
"p201": 0.002011512096356886
"p202": 0.00025967134639593104
"p203": 9.408382115794602E-06
"p204": 0.003650452260928305
"p205": 0.0012324980571690929
"p206": 0.0001768775837769385
"p207": 1.1290058538953523E-05
"p208": 5.268693984844977E-05
"p209": 5.645029269476761E-06
"p210": 0
"p211": 0
"p212": 0.0004346672537497106
"p213": 6.585867481056221E-05
"p214": 5.645029269476761E-06
"p215": 0
"p216": 0
"p217": 0
"p218": 0
"p219": 0
"p220": 0.0001110189089663763
"p221": 2.2580117077907045E-05
"p222": 0
"p223": 0
"p224": 0.006106039993150697
"p225": 0.0023069352947928364
"p226": 0.0005852013676024242
"p227": 7.52670569263568E-05
"p228": 0.00873286027988055
"p229": 0.0034660479714587315
"p230": 0.0007658423042256806
"p231": 5.645029269476761E-05
"p232": 0.0028055795469299504
"p233": 0.0008354643318825608
"p234": 0.0001204272910821709
"p235": 9.408382115794602E-06
"p236": 0.0021131226232074672
"p237": 0.0006491783659898275
"p238": 8.843879188846928E-05
"p239": 7.5267056926356815E-06
"p240": 0.008582326166027837
"p241": 0.002743484224965706
"p242": 0.0005099343106760674
"p243": 3.7633528463178407E-05
"p244": 0.010889261460820672
"p245": 0.00419990177649071
"p246": 0.0007884224213035876
"p247": 2.8225146347383805E-05
"p248": 0.002487576231416092
"p249": 0.0007846590684572697
"p250": 7.526705692635681E-05
"p251": 1.8816764231589204E-06
