"p189": 0.0032120216543322765
"p190": 0.0007056286586845952
"p191": 8.467543904215141E-05
"p192": 0.00013548070246744229
"p193": 9.408382115794602E-06
"p194": 0
"p195": 0
"p196": 0
"p197": 0
"p198": 0
"p199": 0
"p200": 0.004666557529434123
"p201": 0.0016746920166114394
"p202": 0.00030294990412858613
"p203": 1.6935087808430282E-05
"p204": 0.0008862695953078513
"p205": 0.00026343469924224885
"p206": 3.3870175616860565E-05
"p207": 0
"p208": 0.0012682499092091122
"p209": 0.00032364834478333426
"p210": 2.8225146347383805E-05
"p211": 1.8816764231589204E-06
"p212": 0
"p213": 0
"p214": 0
"p215": 0
"p216": 0.005889647204487421
"p217": 0.001889203128851556
"p218": 0.00035187349113071807
"p219": 4.139688130949625E-05
"p220": 0.0012268530278996162
"p221": 0.00038950701959389653
"p222": 6.39769983874033E-05
"p223": 1.1290058538953523E-05
"p224": 0.0010386853855837244
"p225": 0.0002709614049348845
"p226": 3.0106822770542726E-05
"p227": 0
"p228": 2.8225146347383808E-05
"p229": 0
"p230": 0
"p231": 0
"p232": 0.019546854683774866
"p233": 0.007479663782056709
"p234": 0.0016577569288030091
"p235": 0.00021262943581695803
"p236": 0.005846368646754765
"p237": 0.0019287183337378935
"p238": 0.0003443467854380824
"p239": 2.6343469924224887E-05
"p240": 0.0021394660931316925
"p241": 0.0007865407448804287
"p242": 0.00015429746669903146
"p243": 7.5267056926356815E-06
"p244": 0.0002483812878569775
"p245": 6.585867481056221E-05
"p246": 5.645029269476761E-06
"p247": 0
"p248": 0.03450430057146512
"p249": 0.014543477074595298
"p250": 0.003518734911307182
"p251": 0.0004309039009033929
