"p189": 0.0026268202867298527
"p190": 0.00044595731228866414
"p191": 2.8225146347383808E-05
"p192": 0.0003876253431707376
"p193": 0.0001034922032737406
"p194": 9.408382115794602E-06
"p195": 0
"p196": 0.0009972885042742279
"p197": 0.00025967134639593104
"p198": 3.0106822770542726E-05
"p199": 0
"p200": 0.00691892420795535
"p201": 0.0027566559599278184
"p202": 0.0006115448375266493
"p203": 6.962202765688005E-05
"p204": 0.012304282131036183
"p205": 0.005221652074266004
"p206": 0.0012663682327859534
"p207": 0.00017123255450746176
"p208": 0.0016031883125314002
"p209": 0.000568266279793994
"p210": 8.843879188846925E-05
"p211": 5.645029269476761E-06
"p212": 0.0025816600525740384
"p213": 0.0008825062424615336
"p214": 0.00015994249596850823
"p215": 7.5267056926356815E-06
"p216": 0.014430576489205765
"p217": 0.0062076505200012785
"p218": 0.001354807024674423
"p219": 0.00011666393823585307
"p220": 0.01863235994211964
"p221": 0.008567272754642564
"p222": 0.0022373132671359565
"p223": 0.0002954231984359505
"p224": 5.8331969117926534E-05
"p225": 1.1290058538953523E-05
"p226": 0
"p227": 0
"p228": 0.0002069844065474812
"p229": 5.080526342529085E-05
"p230": 1.1290058538953523E-05
"p231": 0
"p232": 0.002711495725772005
"p233": 0.0008542810961141498
"p234": 0.00012419064392848875
"p235": 1.3171734962112444E-05
"p236": 0.007261389316970274
"p237": 0.0023652672639107634
"p238": 0.0003236483447833343
"p239": 1.3171734962112444E-05
"p240": 0.0003706902553623074
"p241": 0.0001016105268505817
"p242": 1.6935087808430286E-05
"p243": 0
"p244": 0.001317173496211244
"p245": 0.00047794581148236575
"p246": 8.843879188846925E-05
"p247": 1.3171734962112444E-05
"p248": 0.007139080349464944
"p249": 0.002133821063862216
"p250": 0.0003142399626675397
"p251": 2.2580117077907045E-05
