"p189": 0.0016878637515735514
"p190": 0.00034246510901492347
"p191": 3.951520488633733E-05
"p192": 0.00030106822770542725
"p193": 6.39769983874033E-05
"p194": 0
"p195": 0
"p196": 0
"p197": 0
"p198": 0
"p199": 0
"p200": 0.00407759280898538
"p201": 0.0011854561465901197
"p202": 0.0001844042894695742
"p203": 7.5267056926356815E-06
"p204": 0.00040832378382548573
"p205": 6.962202765688005E-05
"p206": 0
"p207": 0
"p208": 0
"p209": 0
"p210": 0
"p211": 0
"p212": 0
"p213": 0
"p214": 0
"p215": 0
"p216": 0.00040456043097916787
"p217": 7.150370408003899E-05
"p218": 5.645029269476761E-06
"p219": 0
"p220": 1.1290058538953523E-05
"p221": 0
"p222": 0
"p223": 0
"p224": 0.0007959491269962232
"p225": 0.00019757602443168663
"p226": 2.2580117077907045E-05
"p227": 0
"p228": 5.645029269476761E-06
"p229": 0
"p230": 0
"p231": 0
"p232": 0.015134323471467197
"p233": 0.004960099051446914
"p234": 0.0009634183286573672
"p235": 0.00010349220327374062
"p236": 0.0053401976889250165
"p237": 0.001727378956459889
"p238": 0.0003763352846317841
"p239": 5.645029269476761E-05
"p240": 0.00018252261304641527
"p241": 2.2580117077907045E-05
"p242": 0
"p243": 0
"p244": 0
"p245": 0
"p246": 0
"p247": 0
"p248": 0.00856162772537309
"p249": 0.0028563848103552412
"p250": 0.0005833196911792653
"p251": 4.892358700213193E-05
