"p189": 0.001418784023061826
"p190": 0.0002276828472022294
"p191": 9.408382115794602E-06
"p192": 0.0001016105268505817
"p193": 1.8816764231589204E-06
"p194": 0
"p195": 0
"p196": 0.0005118159870992264
"p197": 6.209532196424438E-05
"p198": 3.7633528463178407E-06
"p199": 0
"p200": 0.0014808793450260703
"p201": 0.0003800986374781019
"p202": 2.6343469924224884E-05
"p203": 0
"p204": 0.0023182253533317898
"p205": 0.0008317009790362428
"p206": 0.00013548070246744226
"p207": 0
"p208": 0
"p209": 0
"p210": 0
"p211": 0
"p212": 0
"p213": 0
"p214": 0
"p215": 0
"p216": 2.2580117077907045E-05
"p217": 0
"p218": 0
"p219": 0
"p220": 0.00029354152201279153
"p221": 6.209532196424438E-05
"p222": 0
"p223": 0
"p224": 0.002049145624820064
"p225": 0.00046289240009709436
"p226": 3.7633528463178407E-05
"p227": 1.8816764231589204E-06
"p228": 0.0013190551726344028
"p229": 0.0002653163756654078
"p230": 2.8225146347383805E-05
"p231": 0
"p232": 0.019554381389467503
"p233": 0.006410871573702443
"p234": 0.0010443304148532008
"p235": 7.338538050319788E-05
"p236": 0.013030609230375521
"p237": 0.004896122053059511
"p238": 0.0008825062424615337
"p239": 4.8923587002131926E-05
"p240": 0.00035563684397703593
"p241": 6.585867481056221E-05
"p242": 0
"p243": 0
"p244": 0.00032929337405281106
"p245": 5.645029269476761E-05
"p246": 0
"p247": 0
"p248": 0.00773933512845264
"p249": 0.002267420089906499
"p250": 0.0003650452260928306
"p251": 2.2580117077907045E-05
