"p189": 0.0002766064342043613
"p190": 3.575185204001949E-05
"p191": 0
"p192": 0.005155793399455442
"p193": 0.0019117832459294632
"p194": 0.00036316354966967166
"p195": 2.8225146347383805E-05
"p196": 0.0047230078221288906
"p197": 0.0019080198930831456
"p198": 0.00035751852040019486
"p199": 1.8816764231589207E-05
"p200": 0.0026230569338835347
"p201": 0.0007583155985330448
"p202": 4.1396881309496255E-05
"p203": 0
"p204": 0.0011026623839711274
"p205": 0.0003594001968233538
"p206": 2.0698440654748124E-05
"p207": 0
"p208": 0.010674750348580557
"p209": 0.00402678754556009
"p210": 0.0008128842148046535
"p211": 6.774035123372113E-05
"p212": 0.007101446821001766
"p213": 0.0028921366623952606
"p214": 0.0006058998082571723
"p215": 4.139688130949625E-05
"p216": 0.008032876650465431
"p217": 0.0024348892915676424
"p218": 0.0001392440553137601
"p219": 1.8816764231589204E-06
"p220": 0.003249655182795455
"p221": 0.0010010518571205453
"p222": 6.209532196424438E-05
"p223": 1.8816764231589204E-06
"p224": 0.002107477593937991
"p225": 0.0007244454229161844
"p226": 0.00010349220327374062
"p227": 0
"p228": 0.0024405343208371197
"p229": 0.0009333115058868247
"p230": 0.00015053411385271363
"p231": 0
"p232": 0.00045536569440445874
"p233": 8.091208619583358E-05
"p234": 1.1290058538953523E-05
"p235": 0
"p236": 0.00014112573173691902
"p237": 2.8225146347383805E-05
"p238": 9.408382115794602E-06
"p239": 0
"p240": 0.004030550898406407
"p241": 0.0011497042945501003
"p242": 0.000141125731736919
"p243": 0
"p244": 0.0057842733247905195
"p245": 0.0019456534215463238
"p246": 0.00027284308135804345
"p247": 0
"p248": 0.0006548233952593045
"p249": 0.00015994249596850823
"p250": 3.0106822770542722E-05
"p251": 0
