"p189": 0.0033813725324165797
"p190": 0.0007169187172235485
"p191": 6.021364554108546E-05
"p192": 0.0001016105268505817
"p193": 1.8816764231589204E-06
"p194": 0
"p195": 0
"p196": 0.00073197212860882
"p197": 0.00011290058538953522
"p198": 3.7633528463178407E-06
"p199": 0
"p200": 0.002146992798824328
"p201": 0.0005343961041771334
"p202": 3.3870175616860565E-05
"p203": 0
"p204": 0.00404560430979168
"p205": 0.0015542647255292683
"p206": 0.00030106822770542725
"p207": 7.5267056926356815E-06
"p208": 0
"p209": 0
"p210": 0
"p211": 0
"p212": 0
"p213": 0
"p214": 0
"p215": 0
"p216": 5.080526342529086E-05
"p217": 0
"p218": 0
"p219": 0
"p220": 0.000519342692791862
"p221": 0.0001279539967748066
"p222": 5.645029269476761E-06
"p223": 0
"p224": 0.0024047824687971
"p225": 0.000564502926947676
"p226": 4.892358700213193E-05
"p227": 1.8816764231589204E-06
"p228": 0.0017405506914220015
"p229": 0.0003800986374781019
"p230": 3.9515204886337324E-05
"p231": 0
"p232": 0.027094258817065293
"p233": 0.00939709205725565
"p234": 0.0018892031288515558
"p235": 0.0002220378179327526
"p236": 0.023123921564199974
"p237": 0.008947371392120667
"p238": 0.0018327528361567883
"p239": 0.00015053411385271363
"p240": 0.0005494495155624049
"p241": 0.00012607232035164763
"p242": 1.1290058538953523E-05
"p243": 0
"p244": 0.00073197212860882
"p245": 0.00018252261304641527
"p246": 1.1290058538953523E-05
"p247": 0
"p248": 0.010260781535485593
"p249": 0.0031104111274816958
"p250": 0.0005061709578297496
"p251": 3.387017561686057E-05
