"p189": 0.0024367709679908017
"p190": 0.0003594001968233538
"p191": 1.5053411385271365E-05
"p192": 7.714873334951573E-05
"p193": 0
"p194": 0
"p195": 0
"p196": 0
"p197": 0
"p198": 0
"p199": 0
"p200": 0.0023332787647170616
"p201": 0.000780895715610952
"p202": 9.220214473478711E-05
"p203": 0
"p204": 0.0002803697870506791
"p205": 6.39769983874033E-05
"p206": 7.5267056926356815E-06
"p207": 0
"p208": 0.0005626212505245172
"p209": 6.209532196424438E-05
"p210": 3.7633528463178407E-06
"p211": 0
"p212": 0
"p213": 0
"p214": 0
"p215": 0
"p216": 0.0036598606430441006
"p217": 0.001108307413240604
"p218": 0.0001467707610063958
"p219": 0
"p220": 0.00043090390090339274
"p221": 0.00013359902604428335
"p222": 1.5053411385271363E-05
"p223": 0
"p224": 0.0003669269025159895
"p225": 7.714873334951573E-05
"p226": 1.8816764231589204E-06
"p227": 0
"p228": 0
"p229": 0
"p230": 0
"p231": 0
"p232": 0.01357629539309161
"p233": 0.0046609125001646455
"p234": 0.0007884224213035878
"p235": 4.139688130949625E-05
"p236": 0.0021394660931316925
"p237": 0.0007131553643772308
"p238": 7.903040977267466E-05
"p239": 5.645029269476761E-06
"p240": 0.0010970173547016505
"p241": 0.00024461793501065964
"p242": 2.6343469924224884E-05
"p243": 0
"p244": 0.00011854561465901199
"p245": 5.645029269476761E-06
"p246": 0
"p247": 0
"p248": 0.027491292542351838
"p249": 0.009455424026373574
"p250": 0.0016746920166114394
"p251": 9.972885042742278E-05
