"p189": 0.00040456043097916787
"p190": 4.704191057897301E-05
"p191": 0
"p192": 0.0021244126817464206
"p193": 0.0007131553643772308
"p194": 0.00010913723254321738
"p195": 0
"p196": 8.091208619583358E-05
"p197": 0
"p198": 0
"p199": 0
"p200": 0.0014394824637165742
"p201": 0.00044219395944234633
"p202": 5.456861627160869E-05
"p203": 0
"p204": 0.0008881512717310103
"p205": 0.0003255300212064932
"p206": 4.704191057897301E-05
"p207": 0
"p208": 0.00029354152201279153
"p209": 6.209532196424438E-05
"p210": 0
"p211": 0
"p212": 0
"p213": 0
"p214": 0
"p215": 0
"p216": 7.5267056926356815E-06
"p217": 0
"p218": 0
"p219": 0
"p220": 1.5053411385271363E-05
"p221": 0
"p222": 0
"p223": 0
"p224": 0.009684988549998965
"p225": 0.0038517916382063097
"p226": 0.0007658423042256805
"p227": 4.704191057897301E-05
"p228": 7.150370408003898E-05
"p229": 5.645029269476761E-06
"p230": 0
"p231": 0
"p232": 0.019629648446393855
"p233": 0.006582104128209904
"p234": 0.0009069680359625996
"p235": 5.8331969117926534E-05
"p236": 0.007026179764075409
"p237": 0.002423599233028689
"p238": 0.00028789649274331484
"p239": 1.8816764231589203E-05
"p240": 0.007487190487749344
"p241": 0.002769827694889931
"p242": 0.0004817091643286836
"p243": 1.3171734962112444E-05
"p244": 3.7633528463178407E-06
"p245": 0
"p246": 0
"p247": 0
"p248": 0.006858710562414266
"p249": 0.0020416189191274285
"p250": 0.00031047660982122185
"p251": 2.2580117077907045E-05
