"p189": 0.0005174610163687031
"p190": 3.0106822770542722E-05
"p191": 0
"p192": 0.001968233538624231
"p193": 0.00048359084075184255
"p194": 3.3870175616860565E-05
"p195": 0
"p196": 0.004068184426869586
"p197": 0.0015354479612976792
"p198": 0.00030106822770542725
"p199": 7.5267056926356815E-06
"p200": 0.0003838619903244198
"p201": 0.0001373623788906012
"p202": 1.6935087808430286E-05
"p203": 0
"p204": 0.0009163764180783942
"p205": 0.00038198031390126086
"p206": 9.22021447347871E-05
"p207": 1.1290058538953523E-05
"p208": 5.080526342529086E-05
"p209": 0
"p210": 0
"p211": 0
"p212": 0.000519342692791862
"p213": 0.0001279539967748066
"p214": 5.645029269476761E-06
"p215": 0
"p216": 0
"p217": 0
"p218": 0
"p219": 0
"p220": 0
"p221": 0
"p222": 0
"p223": 0
"p224": 0.01878665740881866
"p225": 0.0071992939950060305
"p226": 0.0016615202816493268
"p227": 0.00021827446508643477
"p228": 0.01910842407717884
"p229": 0.00777508698049266
"p230": 0.0017047988393819823
"p231": 0.00014300740816007796
"p232": 0.011773649379705365
"p233": 0.0037972230219347008
"p234": 0.00040456043097916776
"p235": 1.6935087808430282E-05
"p236": 0.00679473356402686
"p237": 0.0023276337354475843
"p238": 0.0002766064342043613
"p239": 1.8816764231589203E-05
"p240": 0.008189055793587622
"p241": 0.002634346992422489
"p242": 0.0004798274879055247
"p243": 3.387017561686057E-05
"p244": 0.01115081448363976
"p245": 0.004389951095229761
"p246": 0.0008561627725373088
"p247": 3.3870175616860565E-05
"p248": 0.0027547742835046596
"p249": 0.0006999836294151185
"p250": 4.7041910578973015E-05
"p251": 0
