"p189": 0.0020547906540895407
"p190": 0.0002991865512822683
"p191": 2.6343469924224887E-05
"p192": 0.0031160561567511727
"p193": 0.001136532559587988
"p194": 0.00022203781793275258
"p195": 7.5267056926356815E-06
"p196": 5.645029269476761E-05
"p197": 0
"p198": 0
"p199": 0
"p200": 0.0017574857792304317
"p201": 0.0005362777806002923
"p202": 9.22021447347871E-05
"p203": 0
"p204": 0.0013077651140954495
"p205": 0.0004120871366718036
"p206": 8.091208619583358E-05
"p207": 1.1290058538953523E-05
"p208": 0.0004760641350592069
"p209": 0.00011666393823585307
"p210": 5.645029269476761E-06
"p211": 0
"p212": 0
"p213": 0
"p214": 0
"p215": 0
"p216": 2.0698440654748124E-05
"p217": 0
"p218": 0
"p219": 0
"p220": 3.0106822770542726E-05
"p221": 0
"p222": 0
"p223": 0
"p224": 0.011862088171593838
"p225": 0.004754996321322592
"p226": 0.0010518571205458366
"p227": 8.843879188846926E-05
"p228": 4.704191057897301E-05
"p229": 5.645029269476761E-06
"p230": 0
"p231": 0
"p232": 0.019238259750376806
"p233": 0.00693585929576378
"p234": 0.0013642154067902172
"p235": 0.00012419064392848875
"p236": 0.0126561556221669
"p237": 0.0045668286790067
"p238": 0.0010443304148532008
"p239": 0.0001599424959685082
"p240": 0.008441200434290917
"p241": 0.0034434678543808247
"p242": 0.000711273687954072
"p243": 3.0106822770542722E-05
"p244": 3.7633528463178407E-06
"p245": 0
"p246": 0
"p247": 0
"p248": 0.006043944671186453
"p249": 0.0020585540069358588
"p250": 0.00035751852040019486
"p251": 2.6343469924224884E-05
