"p189": 0.0005701479562171528
"p190": 0.0001110189089663763
"p191": 2.2580117077907045E-05
"p192": 0.0011497042945501003
"p193": 0.0002897781691664737
"p194": 2.8225146347383805E-05
"p195": 1.8816764231589204E-06
"p196": 0
"p197": 0
"p198": 0
"p199": 0
"p200": 0.005336434336078698
"p201": 0.0017574857792304315
"p202": 0.0003349384033222879
"p203": 4.139688130949625E-05
"p204": 0.0011534676473964182
"p205": 0.00037257193178546626
"p206": 6.39769983874033E-05
"p207": 1.1290058538953523E-05
"p208": 0
"p209": 0
"p210": 0
"p211": 0
"p212": 0
"p213": 0
"p214": 0
"p215": 0
"p216": 0.0006830485416066882
"p217": 0.0001486524374295547
"p218": 1.6935087808430286E-05
"p219": 0
"p220": 3.3870175616860565E-05
"p221": 0
"p222": 0
"p223": 0
"p224": 0.0027284308135804344
"p225": 0.0009182580945015532
"p226": 0.00016182417239166713
"p227": 7.5267056926356815E-06
"p228": 0.0002577896699727721
"p229": 6.585867481056221E-05
"p230": 5.645029269476761E-06
"p231": 0
"p232": 0.03434059472265031
"p233": 0.013835966739487544
"p234": 0.003212021654332278
"p235": 0.0003725719317854663
"p236": 0.011532794797541025
"p237": 0.004341027508227629
"p238": 0.0007978308034193824
"p239": 4.892358700213193E-05
"p240": 0.0006096631611034902
"p241": 0.00015994249596850823
"p242": 2.2580117077907045E-05
"p243": 0
"p244": 1.8816764231589203E-05
"p245": 0
"p246": 0
"p247": 0
"p248": 0.020117002639992023
"p249": 0.007662186395103125
"p250": 0.0018553329532346955
"p251": 0.00026155302281908997
