"p189": 0.00113276920674167
"p190": 0.00012983567319796552
"p191": 5.645029269476761E-06
"p192": 0.012208316633455077
"p193": 0.0055659988597040865
"p194": 0.0015185128734892487
"p195": 0.00021639278866327586
"p196": 0.011425539241420965
"p197": 0.005848250323177925
"p198": 0.001797000984116769
"p199": 0.00034622846186124144
"p200": 0.00930865326536718
"p201": 0.0036523339373514645
"p202": 0.0007075103351077541
"p203": 3.010682277054273E-05
"p204": 0.007310312903972405
"p205": 0.0028131062526225857
"p206": 0.0005061709578297497
"p207": 3.387017561686057E-05
"p208": 4.7041910578973E-05
"p209": 5.645029269476761E-06
"p210": 0
"p211": 0
"p212": 0.0004873541935981603
"p213": 8.467543904215141E-05
"p214": 5.645029269476761E-06
"p215": 0
"p216": 0
"p217": 0
"p218": 0
"p219": 0
"p220": 6.39769983874033E-05
"p221": 2.2580117077907045E-05
"p222": 0
"p223": 0
"p224": 0.012703197532745873
"p225": 0.005204716986457574
"p226": 0.0012701315856322715
"p227": 0.00014488908458323686
"p228": 0.018656821735620693
"p229": 0.008627486400183652
"p230": 0.00235397720537181
"p231": 0.00027660643420436136
"p232": 0.005912227321565328
"p233": 0.0021206493289001034
"p234": 0.0003706902553623073
"p235": 1.1290058538953523E-05
"p236": 0.00426952380414759
"p237": 0.0014488908458323685
"p238": 0.00022580117077907047
"p239": 1.3171734962112444E-05
"p240": 0.011903485052903333
"p241": 0.003979745634981117
"p242": 0.0007489072164172504
"p243": 6.774035123372113E-05
"p244": 0.015102334972273493
"p245": 0.006089104905342267
"p246": 0.0012945933791333368
"p247": 9.032046831162818E-05
"p248": 0.0037859329633957483
"p249": 0.0011158341189332398
"p250": 0.00010537387969689955
"p251": 3.7633528463178407E-06
