"p189": 0.0026249386103066935
"p190": 0.00036316354966967166
"p191": 2.2580117077907045E-05
"p192": 0.00045724737082761767
"p193": 9.596549758110493E-05
"p194": 7.5267056926356815E-06
"p195": 0
"p196": 0.00226553841348334
"p197": 0.0006077814846803313
"p198": 8.843879188846924E-05
"p199": 5.645029269476761E-06
"p200": 3.3870175616860565E-05
"p201": 5.645029269476761E-06
"p202": 0
"p203": 0
"p204": 0.0001674692016611439
"p205": 0.0001016105268505817
"p206": 1.6935087808430286E-05
"p207": 0
"p208": 0.0012814216441712246
"p209": 0.000284133139896997
"p210": 1.1290058538953523E-05
"p211": 0
"p212": 0.004474626534271913
"p213": 0.0013002384084028137
"p214": 0.00019381267158536877
"p215": 7.5267056926356815E-06
"p216": 0.00019945770085484554
"p217": 6.021364554108546E-05
"p218": 5.645029269476761E-06
"p219": 0
"p220": 0.000686811894453006
"p221": 0.0002860148163201559
"p222": 6.39769983874033E-05
"p223": 1.1290058538953523E-05
"p224": 0.0033399756511070834
"p225": 0.00106314717908479
"p226": 0.00018252261304641524
"p227": 3.3870175616860565E-05
"p228": 0.00644662342574246
"p229": 0.0021262943581695803
"p230": 0.0003932703724402144
"p231": 3.198849919370165E-05
"p232": 0.000686811894453006
"p233": 0.00021827446508643474
"p234": 3.010682277054273E-05
"p235": 1.8816764231589204E-06
"p236": 0.000684930218029847
"p237": 0.0002559079935496131
"p238": 2.6343469924224887E-05
"p239": 5.645029269476761E-06
"p240": 0.009669935138613691
"p241": 0.003266590270603885
"p242": 0.0006303616017582384
"p243": 7.33853805031979E-05
"p244": 0.015047766356001888
"p245": 0.005362777806002922
"p246": 0.0011045440603942862
"p247": 0.00010913723254321738
"p248": 0.003456639589342936
"p249": 0.0011384142360111465
"p250": 0.0001373623788906012
"p251": 1.8816764231589204E-06
