"p189": 0.006557642334708839
"p190": 0.0011064257368174452
"p191": 7.714873334951573E-05
"p192": 0.0006604684245287812
"p193": 0.00015241579027587253
"p194": 1.8816764231589207E-05
"p195": 0
"p196": 0.002468759467184504
"p197": 0.0009126130652320763
"p198": 0.00012607232035164768
"p199": 5.645029269476761E-06
"p200": 9.032046831162818E-05
"p201": 1.8816764231589203E-05
"p202": 0
"p203": 0
"p204": 0.00028036978705067917
"p205": 0.00012983567319796552
"p206": 1.6935087808430286E-05
"p207": 0
"p208": 0.0016935087808430285
"p209": 0.000353755167553877
"p210": 1.8816764231589203E-05
"p211": 0
"p212": 0.004041840956945361
"p213": 0.0014601809043713223
"p214": 0.000284133139896997
"p215": 7.5267056926356815E-06
"p216": 0.0003405834325917646
"p217": 0.00010725555612005845
"p218": 1.6935087808430286E-05
"p219": 0
"p220": 0.0008260559497667659
"p221": 0.00030671325697490405
"p222": 8.091208619583358E-05
"p223": 1.1290058538953523E-05
"p224": 0.006708176448561552
"p225": 0.0026268202867298527
"p226": 0.0006077814846803314
"p227": 6.774035123372113E-05
"p228": 0.008638776458722602
"p229": 0.003545078381231406
"p230": 0.0007451438635709325
"p231": 3.7633528463178407E-05
"p232": 0.0026851522558477784
"p233": 0.0008787428896152155
"p234": 0.00010725555612005844
"p235": 7.5267056926356815E-06
"p236": 0.0019287183337378933
"p237": 0.0006585867481056221
"p238": 0.00010349220327374063
"p239": 9.408382115794602E-06
"p240": 0.01401472599968764
"p241": 0.005462506656430346
"p242": 0.001335990260442833
"p243": 0.0001862859658927331
"p244": 0.014515251928247914
"p245": 0.006224585607809708
"p246": 0.0014808793450260705
"p247": 0.00012607232035164766
"p248": 0.00839980355298142
"p249": 0.002634346992422489
"p250": 0.0002935415220127916
"p251": 9.408382115794602E-06
