"p189": 0.0007658423042256805
"p190": 0.00010913723254321737
"p191": 0
"p192": 3.198849919370165E-05
"p193": 5.645029269476761E-06
"p194": 0
"p195": 0
"p196": 8.843879188846925E-05
"p197": 1.5053411385271363E-05
"p198": 0
"p199": 0
"p200": 0.0020641990362053352
"p201": 0.0006040181318340133
"p202": 7.338538050319788E-05
"p203": 5.645029269476761E-06
"p204": 0.0024706411436076626
"p205": 0.0007827773920341109
"p206": 0.00011290058538953522
"p207": 5.645029269476761E-06
"p208": 0.0007188003936467076
"p209": 0.00010349220327374062
"p210": 1.5053411385271363E-05
"p211": 0
"p212": 0.0007771323627646341
"p213": 8.279376261899251E-05
"p214": 0
"p215": 0
"p216": 0.007125908614502831
"p217": 0.0022918818834075654
"p218": 0.0003537551675538771
"p219": 2.2580117077907045E-05
"p220": 0.0059385707914895525
"p221": 0.001998340361394774
"p222": 0.00028601481632015586
"p223": 1.6935087808430286E-05
"p224": 3.7633528463178407E-06
"p225": 1.8816764231589204E-06
"p226": 0
"p227": 0
"p228": 1.3171734962112444E-05
"p229": 1.8816764231589204E-06
"p230": 1.8816764231589204E-06
"p231": 0
"p232": 0.00043090390090339274
"p233": 9.408382115794602E-05
"p234": 7.5267056926356815E-06
"p235": 0
"p236": 0.0007658423042256806
"p237": 0.0001825226130464153
"p238": 1.8816764231589203E-05
"p239": 0
"p240": 0.00013171734962112442
"p241": 4.516023415581409E-05
"p242": 0
"p243": 0
"p244": 0.0002446179350106596
"p245": 9.596549758110493E-05
"p246": 2.4461793501065963E-05
"p247": 0
"p248": 0.0024913395842624106
"p249": 0.000730090452185661
"p250": 5.268693984844977E-05
"p251": 0
