"p189": 0.0010142235920826584
"p190": 0.00013359902604428335
"p191": 9.408382115794602E-06
"p192": 0.00015806081954534932
"p193": 1.8816764231589207E-05
"p194": 0
"p195": 0
"p196": 0
"p197": 0
"p198": 0
"p199": 0
"p200": 0.005319499248270267
"p201": 0.001844042894695742
"p202": 0.00035187349113071807
"p203": 2.6343469924224887E-05
"p204": 0.001653993575956691
"p205": 0.0005136976635223853
"p206": 9.596549758110492E-05
"p207": 2.4461793501065966E-05
"p208": 0.0008185292440741304
"p209": 0.00019569434800852773
"p210": 2.2580117077907045E-05
"p211": 0
"p212": 5.645029269476761E-06
"p213": 0
"p214": 0
"p215": 0
"p216": 0.012972277261257598
"p217": 0.00439183277165292
"p218": 0.0008806245660383747
"p219": 9.972885042742278E-05
"p220": 0.004943163963638484
"p221": 0.0016521118995335322
"p222": 0.0003631635496696717
"p223": 5.456861627160869E-05
"p224": 4.7041910578973015E-05
"p225": 3.7633528463178407E-06
"p226": 0
"p227": 0
"p228": 0
"p229": 0
"p230": 0
"p231": 0
"p232": 0.001797000984116769
"p233": 0.00044972066513498195
"p234": 6.962202765688005E-05
"p235": 0
"p236": 0.00031423996266753966
"p237": 0.00010349220327374062
"p238": 2.4461793501065966E-05
"p239": 1.8816764231589204E-06
"p240": 0.00028977816916647367
"p241": 7.714873334951574E-05
"p242": 0
"p243": 0
"p244": 0
"p245": 0
"p246": 0
"p247": 0
"p248": 0.00810814370739179
"p249": 0.002463114437915027
"p250": 0.00039138869601705546
"p251": 2.2580117077907045E-05
