"p189": 0.0058106167947147465
"p190": 0.001296475055556496
"p191": 0.00016935087808430286
"p192": 0.00018816764231589203
"p193": 4.3278557732655166E-05
"p194": 0
"p195": 0
"p196": 0
"p197": 0
"p198": 0
"p199": 0
"p200": 0.004901767082328988
"p201": 0.001968233538624231
"p202": 0.0003970337252865322
"p203": 1.6935087808430282E-05
"p204": 0.0009333115058868243
"p205": 0.00030106822770542725
"p206": 4.516023415581409E-05
"p207": 0
"p208": 0.001294593379133337
"p209": 0.0002991865512822684
"p210": 3.198849919370165E-05
"p211": 1.8816764231589204E-06
"p212": 0
"p213": 0
"p214": 0
"p215": 0
"p216": 0.005278102366960772
"p217": 0.0017932376312704509
"p218": 0.00035751852040019497
"p219": 4.139688130949625E-05
"p220": 0.001019868621352135
"p221": 0.00036504522609283053
"p222": 5.833196911792654E-05
"p223": 1.1290058538953523E-05
"p224": 0.001415020670215508
"p225": 0.0004196138423644392
"p226": 6.962202765688006E-05
"p227": 1.1290058538953523E-05
"p228": 3.951520488633733E-05
"p229": 0
"p230": 0
"p231": 0
"p232": 0.03094228710242529
"p233": 0.013023082524682893
"p234": 0.0031649797437533042
"p235": 0.00036504522609283064
"p236": 0.010511044499765731
"p237": 0.0036391622023893523
"p238": 0.0007169187172235487
"p239": 7.714873334951572E-05
"p240": 0.0024574694086455496
"p241": 0.0009050863595394407
"p242": 0.00018252261304641527
"p243": 1.8816764231589203E-05
"p244": 0.0003274116976296522
"p245": 6.962202765688006E-05
"p246": 5.645029269476761E-06
"p247": 0
"p248": 0.042793085215480184
"p249": 0.01822215448187099
"p250": 0.004694782675781506
"p251": 0.00066235010095194
