"p189": 0.001889203128851556
"p190": 0.0002954231984359505
"p191": 9.408382115794602E-06
"p192": 0.001601306636108241
"p193": 0.0003857436667475786
"p194": 3.575185204001949E-05
"p195": 1.8816764231589204E-06
"p196": 0.0009032046831162818
"p197": 0.00018064093662325636
"p198": 1.5053411385271363E-05
"p199": 0
"p200": 0.012037084078947616
"p201": 0.004041840956945362
"p202": 0.0006849302180298469
"p203": 5.268693984844977E-05
"p204": 0.007310312903972405
"p205": 0.0028131062526225857
"p206": 0.0005061709578297496
"p207": 3.3870175616860565E-05
"p208": 0
"p209": 0
"p210": 0
"p211": 0
"p212": 0.00013736237889060116
"p213": 0
"p214": 0
"p215": 0
"p216": 3.3870175616860565E-05
"p217": 0
"p218": 0
"p219": 0
"p220": 0.0003142399626675397
"p221": 4.516023415581409E-05
"p222": 0
"p223": 0
"p224": 0.0004459573122886641
"p225": 9.408382115794602E-05
"p226": 1.8816764231589204E-06
"p227": 0
"p228": 0.00040079707813285
"p229": 0.00010537387969689952
"p230": 2.6343469924224884E-05
"p231": 0
"p232": 0.00820787255781921
"p233": 0.002664453815193031
"p234": 0.00041585048951812135
"p235": 2.0698440654748124E-05
"p236": 0.006192597108616007
"p237": 0.002338923793986538
"p238": 0.00042149551878759814
"p239": 1.5053411385271365E-05
"p240": 0.0005494495155624046
"p241": 0.00012607232035164766
"p242": 0
"p243": 0
"p244": 0.0006943386001456416
"p245": 0.00020698440654748124
"p246": 2.8225146347383808E-05
"p247": 0
"p248": 0.009199516032823962
"p249": 0.0026588087859235545
"p250": 0.00040832378382548573
"p251": 2.2580117077907045E-05
