"p189": 0.0008204109204972892
"p190": 4.327855773265517E-05
"p191": 0
"p192": 0.0016427035174177377
"p193": 0.000353755167553877
"p194": 1.8816764231589203E-05
"p195": 0
"p196": 0.0036109370560419695
"p197": 0.0013548070246744229
"p198": 0.0002784881106275202
"p199": 7.5267056926356815E-06
"p200": 0.0003405834325917646
"p201": 0.00010725555612005845
"p202": 1.6935087808430286E-05
"p203": 0
"p204": 0.0008260559497667659
"p205": 0.00030671325697490405
"p206": 8.091208619583358E-05
"p207": 1.1290058538953523E-05
"p208": 5.080526342529085E-05
"p209": 0
"p210": 0
"p211": 0
"p212": 0.0004760641350592069
"p213": 0.00011666393823585307
"p214": 5.645029269476761E-06
"p215": 0
"p216": 0
"p217": 0
"p218": 0
"p219": 0
"p220": 0
"p221": 0
"p222": 0
"p223": 0
"p224": 0.014417404754243647
"p225": 0.0056638460337083505
"p226": 0.001441364140139733
"p227": 0.00021639278866327584
"p228": 0.0159039291285392
"p229": 0.006506837071283548
"p230": 0.0014865243742955472
"p231": 0.00013359902604428335
"p232": 0.008877749364463786
"p233": 0.002779236077005725
"p234": 0.0003594001968233537
"p235": 1.6935087808430282E-05
"p236": 0.0056939528564788925
"p237": 0.0018609779825041724
"p238": 0.00026719805208856665
"p239": 1.8816764231589203E-05
"p240": 0.006471085219243527
"p241": 0.0021714545923253938
"p242": 0.0004309039009033928
"p243": 3.198849919370165E-05
"p244": 0.009218332797055551
"p245": 0.0038141581097431315
"p246": 0.0008091208619583357
"p247": 3.575185204001948E-05
"p248": 0.002096187535399037
"p249": 0.0006435333367203508
"p250": 3.951520488633733E-05
"p251": 0
