"p189": 0.0006397699838740328
"p190": 4.3278557732655166E-05
"p191": 0
"p192": 0.0008749795367688979
"p193": 0.00018064093662325636
"p194": 1.5053411385271363E-05
"p195": 0
"p196": 0.00011854561465901199
"p197": 5.645029269476761E-06
"p198": 0
"p199": 0
"p200": 0.017110083715784062
"p201": 0.005863303734563196
"p202": 0.001042448738430042
"p203": 7.714873334951574E-05
"p204": 0.003650452260928306
"p205": 0.0012324980571690929
"p206": 0.00017687758377693853
"p207": 1.1290058538953523E-05
"p208": 0.00013736237889060116
"p209": 0
"p210": 0
"p211": 0
"p212": 0
"p213": 0
"p214": 0
"p215": 0
"p216": 0.0003405834325917646
"p217": 4.516023415581409E-05
"p218": 0
"p219": 0
"p220": 7.5267056926356815E-06
"p221": 0
"p222": 0
"p223": 0
"p224": 0.00040079707813285
"p225": 0.00010537387969689952
"p226": 2.6343469924224884E-05
"p227": 0
"p228": 0
"p229": 0
"p230": 0
"p231": 0
"p232": 0.01208224431310343
"p233": 0.004188611717951757
"p234": 0.0007150370408003898
"p235": 2.8225146347383805E-05
"p236": 0.0025402631712645425
"p237": 0.0008204109204972893
"p238": 0.0001279539967748066
"p239": 7.5267056926356815E-06
"p240": 0.0006943386001456416
"p241": 0.00020698440654748124
"p242": 2.8225146347383808E-05
"p243": 0
"p244": 0
"p245": 0
"p246": 0
"p247": 0
"p248": 0.016588859346569045
"p249": 0.0053025641604618375
"p250": 0.0008222925969204481
"p251": 3.575185204001949E-05
