"p189": 0.0006134265139498083
"p190": 7.526705692635683E-05
"p191": 3.7633528463178407E-06
"p192": 0.005637502563784126
"p193": 0.0023163436769086314
"p194": 0.0005249877220613388
"p195": 6.774035123372113E-05
"p196": 0.011071784073867087
"p197": 0.004788866496939452
"p198": 0.0011967462051290735
"p199": 0.00017123255450746176
"p200": 0.0017160888979209357
"p201": 0.0006040181318340135
"p202": 0.0001204272910821709
"p203": 1.8816764231589204E-06
"p204": 0.002470641143607662
"p205": 0.0007827773920341109
"p206": 0.00011290058538953522
"p207": 5.645029269476761E-06
"p208": 0.01096264684132387
"p209": 0.00495069066933112
"p210": 0.0011421775888574646
"p211": 0.00011478226181269414
"p212": 0.015341307878014684
"p213": 0.007110855203117561
"p214": 0.0019324816865842114
"p215": 0.0002747247577812024
"p216": 0.005434281510082963
"p217": 0.0022297865614433203
"p218": 0.00038009863747810193
"p219": 1.1290058538953523E-05
"p220": 0.005829433558946336
"p221": 0.00231822535333179
"p222": 0.0003838619903244198
"p223": 1.8816764231589207E-05
"p224": 0.002402900792373941
"p225": 0.0007865407448804286
"p226": 0.0001204272910821709
"p227": 1.3171734962112444E-05
"p228": 0.007039351499037522
"p229": 0.0023201070297549494
"p230": 0.0003236483447833343
"p231": 1.3171734962112444E-05
"p232": 0.00040644210740232686
"p233": 0.00011666393823585305
"p234": 1.8816764231589203E-05
"p235": 1.8816764231589204E-06
"p236": 0.0004628924000970945
"p237": 0.00014112573173691897
"p238": 2.2580117077907045E-05
"p239": 1.8816764231589204E-06
"p240": 0.006523772159091976
"p241": 0.0020641990362053357
"p242": 0.0003180033155138576
"p243": 2.2580117077907045E-05
"p244": 0.014296977463161482
"p245": 0.005261167279152343
"p246": 0.0009916434750047512
"p247": 6.774035123372114E-05
"p248": 0.0009144947416552355
"p249": 0.00022391949435591154
"p250": 3.387017561686057E-05
"p251": 1.8816764231589204E-06
