"p189": 0.001960706832931595
"p190": 0.0003462284618612414
"p191": 2.8225146347383808E-05
"p192": 0.00044972066513498195
"p193": 9.784717400426385E-05
"p194": 1.1290058538953523E-05
"p195": 0
"p196": 5.645029269476761E-06
"p197": 0
"p198": 0
"p199": 0
"p200": 0.01002557198259073
"p201": 0.0035300249698461345
"p202": 0.0007451438635709325
"p203": 8.467543904215141E-05
"p204": 0.0039458754593642556
"p205": 0.0013416352897123102
"p206": 0.0002916598455896327
"p207": 4.3278557732655166E-05
"p208": 0.00017499590735377957
"p209": 3.3870175616860565E-05
"p210": 0
"p211": 0
"p212": 0
"p213": 0
"p214": 0
"p215": 0
"p216": 0.0004929992228676371
"p217": 6.774035123372114E-05
"p218": 5.645029269476761E-06
"p219": 0
"p220": 1.5053411385271363E-05
"p221": 3.7633528463178407E-06
"p222": 0
"p223": 0
"p224": 0.0002671980520885667
"p225": 6.585867481056221E-05
"p226": 1.1290058538953523E-05
"p227": 0
"p228": 0
"p229": 0
"p230": 0
"p231": 0
"p232": 0.005658201004438873
"p233": 0.001582489871876652
"p234": 0.0002559079935496132
"p235": 1.8816764231589203E-05
"p236": 0.0015392113141439968
"p237": 0.0004365489301728695
"p238": 0.0001016105268505817
"p239": 1.3171734962112444E-05
"p240": 0.00042149551878759814
"p241": 9.784717400426385E-05
"p242": 0
"p243": 0
"p244": 0
"p245": 0
"p246": 0
"p247": 0
"p248": 0.011167749571448194
"p249": 0.003496154794229274
"p250": 0.0006115448375266492
"p251": 4.51602341558141E-05
