"p189": 0.0002201561415095937
"p190": 1.8816764231589203E-05
"p191": 0
"p192": 0.001396203905983919
"p193": 0.00034999181470755914
"p194": 2.6343469924224884E-05
"p195": 0
"p196": 0.0023652672639107625
"p197": 0.0008185292440741304
"p198": 0.00013548070246744226
"p199": 0
"p200": 0.0002897781691664737
"p201": 0.00011666393823585307
"p202": 1.6935087808430286E-05
"p203": 0
"p204": 0.0005795563383329475
"p205": 0.00020698440654748124
"p206": 3.198849919370165E-05
"p207": 0
"p208": 2.2580117077907045E-05
"p209": 0
"p210": 0
"p211": 0
"p212": 0.00029354152201279153
"p213": 6.209532196424438E-05
"p214": 0
"p215": 0
"p216": 0
"p217": 0
"p218": 0
"p219": 0
"p220": 0
"p221": 0
"p222": 0
"p223": 0
"p224": 0.013312860693849363
"p225": 0.004864133553865809
"p226": 0.0009295481530405067
"p227": 7.338538050319788E-05
"p228": 0.0104207240314541
"p229": 0.004173558306566485
"p230": 0.0008222925969204481
"p231": 4.704191057897301E-05
"p232": 0.00900946671408491
"p233": 0.002713377402195163
"p234": 0.0001467707610063958
"p235": 1.8816764231589204E-06
"p236": 0.0037652345227409986
"p237": 0.0012117996165143447
"p238": 6.585867481056221E-05
"p239": 1.8816764231589204E-06
"p240": 0.006179425373653895
"p241": 0.0019324816865842111
"p242": 0.00034246510901492347
"p243": 2.2580117077907045E-05
"p244": 0.0077111099821052555
"p245": 0.002863911516047877
"p246": 0.0005042892814065906
"p247": 1.3171734962112444E-05
"p248": 0.0021319393874390563
"p249": 0.000496762575713955
"p250": 3.387017561686057E-05
"p251": 0
