"p189": 0.0013792688181754884
"p190": 0.0001580608195453493
"p191": 1.3171734962112444E-05
"p192": 0.0009032046831162818
"p193": 0.0002314462000485472
"p194": 2.6343469924224887E-05
"p195": 0
"p196": 0
"p197": 0
"p198": 0
"p199": 0
"p200": 0.0003048315805517451
"p201": 7.903040977267465E-05
"p202": 3.7633528463178407E-06
"p203": 0
"p204": 0.0001956943480085277
"p205": 6.021364554108545E-05
"p206": 1.8816764231589204E-06
"p207": 0
"p208": 0.0018741497174662844
"p209": 0.00045536569440445874
"p210": 4.51602341558141E-05
"p211": 0
"p212": 4.704191057897301E-05
"p213": 0
"p214": 0
"p215": 0
"p216": 0.0008185292440741303
"p217": 0.00023709122931802397
"p218": 2.0698440654748128E-05
"p219": 0
"p220": 0.0005475678391392458
"p221": 0.0001862859658927331
"p222": 2.0698440654748124E-05
"p223": 0
"p224": 0.0024480610265297555
"p225": 0.00073197212860882
"p226": 0.00010349220327374062
"p227": 5.645029269476761E-06
"p228": 0
"p229": 0
"p230": 0
"p231": 0
"p232": 0.0021469927988243278
"p233": 0.000568266279793994
"p234": 5.6450292694767617E-05
"p235": 0
"p236": 0.0007282087757625022
"p237": 0.0002747247577812023
"p238": 3.198849919370165E-05
"p239": 5.645029269476761E-06
"p240": 0.006806023622565816
"p241": 0.0021093592703611496
"p242": 0.00033117505047597
"p243": 1.6935087808430286E-05
"p244": 5.268693984844977E-05
"p245": 0
"p246": 0
"p247": 0
"p248": 0.00770546495283578
"p249": 0.0022937635598307238
"p250": 0.0002878964927433148
"p251": 1.1290058538953523E-05
