"p189": 0.00025590799354961323
"p190": 3.3870175616860565E-05
"p191": 0
"p192": 0.0022053247679422548
"p193": 0.0006811668651835294
"p194": 9.784717400426387E-05
"p195": 5.645029269476761E-06
"p196": 0
"p197": 0
"p198": 0
"p199": 0
"p200": 0.0019155465987757804
"p201": 0.0005343961041771334
"p202": 5.6450292694767617E-05
"p203": 0
"p204": 0.0007037469822614364
"p205": 0.0002803697870506791
"p206": 3.198849919370165E-05
"p207": 5.645029269476761E-06
"p208": 0.00470795441074362
"p209": 0.001512867844219772
"p210": 0.0002521446407032953
"p211": 1.6935087808430286E-05
"p212": 7.33853805031979E-05
"p213": 0
"p214": 0
"p215": 0
"p216": 0.006913279178685873
"p217": 0.0020848974768600836
"p218": 0.0002653163756654078
"p219": 1.1290058538953523E-05
"p220": 0.002816869605468904
"p221": 0.0010593838262384723
"p222": 0.00013924405531376012
"p223": 1.1290058538953523E-05
"p224": 0.0006510600424129865
"p225": 0.00015053411385271363
"p226": 1.3171734962112442E-05
"p227": 0
"p228": 0
"p229": 0
"p230": 0
"p231": 0
"p232": 0.00044407563586550515
"p233": 0.00010161052685058169
"p234": 1.5053411385271363E-05
"p235": 0
"p236": 0.00014488908458323683
"p237": 5.268693984844976E-05
"p238": 1.3171734962112444E-05
"p239": 0
"p240": 0.0040305508984064065
"p241": 0.0011497042945501001
"p242": 0.00014112573173691902
"p243": 0
"p244": 0
"p245": 0
"p246": 0
"p247": 0
"p248": 0.0021150042996306265
"p249": 0.0006510600424129865
"p250": 6.0213645541085445E-05
"p251": 0
