"p189": 0.0010368037091605653
"p190": 0.0001373623788906012
"p191": 7.5267056926356815E-06
"p192": 0.0020039853906642503
"p193": 0.0007037469822614361
"p194": 0.00013924405531376012
"p195": 2.634346992422489E-05
"p196": 0.004470863181425594
"p197": 0.0015975432832619238
"p198": 0.00032176666836017533
"p199": 2.6343469924224887E-05
"p200": 0.00032176666836017533
"p201": 9.596549758110493E-05
"p202": 2.446179350106597E-05
"p203": 1.8816764231589204E-06
"p204": 0.0005193426927918621
"p205": 0.00019193099516220984
"p206": 3.198849919370165E-05
"p207": 5.645029269476761E-06
"p208": 0.006006311142723274
"p209": 0.0022354315907127968
"p210": 0.0004835908407518425
"p211": 7.338538050319788E-05
"p212": 0.009052745271817568
"p213": 0.0032364834478333425
"p214": 0.0006886935708761648
"p215": 8.27937626189925E-05
"p216": 0.00242171755660553
"p217": 0.0008241742733436073
"p218": 9.032046831162818E-05
"p219": 1.8816764231589204E-06
"p220": 0.0023144620004854717
"p221": 0.0007696056570719985
"p222": 7.714873334951573E-05
"p223": 5.645029269476761E-06
"p224": 0.00040079707813285006
"p225": 0.00011101890896637629
"p226": 2.6343469924224887E-05
"p227": 1.8816764231589204E-06
"p228": 0.0017029171629588233
"p229": 0.0004440756358655052
"p230": 6.962202765688005E-05
"p231": 0
"p232": 6.397699838740328E-05
"p233": 3.198849919370165E-05
"p234": 9.408382115794602E-06
"p235": 1.8816764231589204E-06
"p236": 8.279376261899248E-05
"p237": 3.575185204001949E-05
"p238": 5.645029269476761E-06
"p239": 0
"p240": 0.002673862197308826
"p241": 0.000660468424528781
"p242": 6.774035123372114E-05
"p243": 5.645029269476761E-06
"p244": 0.00695467605999537
"p245": 0.0022297865614433203
"p246": 0.000378216961054943
"p247": 2.2580117077907045E-05
"p248": 0.00030671325697490405
"p249": 0.00011666393823585308
"p250": 2.6343469924224887E-05
"p251": 1.8816764231589204E-06
