"p189": 0.004222481893568617
"p190": 0.0008072391855351768
"p191": 8.655711546531033E-05
"p192": 0.0035224982641534983
"p193": 0.0013152918197880856
"p194": 0.0002577896699727721
"p195": 1.6935087808430282E-05
"p196": 0
"p197": 0
"p198": 0
"p199": 0
"p200": 0.001155349323819577
"p201": 0.0003800986374781019
"p202": 5.080526342529086E-05
"p203": 0
"p204": 0.0011515859709732592
"p205": 0.00037069025536230727
"p206": 4.516023415581409E-05
"p207": 0
"p208": 0.0042206002171454576
"p209": 0.0014074939645228727
"p210": 0.0002540263171264543
"p211": 3.0106822770542726E-05
"p212": 0.00020886608297064017
"p213": 3.3870175616860565E-05
"p214": 0
"p215": 0
"p216": 0.0018007643369630866
"p217": 0.0005776746619097885
"p218": 0.00012419064392848875
"p219": 1.6935087808430282E-05
"p220": 0.0022072064443654136
"p221": 0.0007696056570719984
"p222": 0.00015241579027587256
"p223": 1.8816764231589203E-05
"p224": 0.012274175308265637
"p225": 0.004800156555478406
"p226": 0.0010650288555079488
"p227": 0.00013736237889060122
"p228": 3.198849919370165E-05
"p229": 5.645029269476761E-06
"p230": 0
"p231": 0
"p232": 0.007511652281250411
"p233": 0.0027924078119678374
"p234": 0.0006209532196424436
"p235": 7.52670569263568E-05
"p236": 0.006900107443723762
"p237": 0.0021902713565569833
"p238": 0.00037821696105494294
"p239": 3.198849919370165E-05
"p240": 0.019104660724332517
"p241": 0.00826432285051398
"p242": 0.002066080712628495
"p243": 0.0002709614049348845
"p244": 0.0001919309951622099
"p245": 4.1396881309496255E-05
"p246": 5.645029269476761E-06
"p247": 0
"p248": 0.016396928351406832
"p249": 0.006881290679492173
"p250": 0.0015580280783755861
"p251": 0.00016370584881482612
