"p189": 0.0005757929854866296
"p190": 8.279376261899251E-05
"p191": 3.7633528463178407E-06
"p192": 0.002978693777860571
"p193": 0.0009803534164657974
"p194": 0.0001731142309306207
"p195": 3.198849919370165E-05
"p196": 0.005494495155624047
"p197": 0.0018986115109673508
"p198": 0.0003612818732465127
"p199": 3.198849919370165E-05
"p200": 0.0006510600424129864
"p201": 0.0002069844065474812
"p202": 3.010682277054273E-05
"p203": 1.8816764231589204E-06
"p204": 0.0007037469822614361
"p205": 0.00028036978705067906
"p206": 3.198849919370165E-05
"p207": 5.645029269476761E-06
"p208": 0.008256796144821344
"p209": 0.002937296896551074
"p210": 0.000613426513949808
"p211": 7.33853805031979E-05
"p212": 0.010744372376237437
"p213": 0.0037915779926652243
"p214": 0.0007940674505730643
"p215": 8.843879188846925E-05
"p216": 0.0034039526494944864
"p217": 0.0011177157953563984
"p218": 0.0001373623788906012
"p219": 1.8816764231589204E-06
"p220": 0.0028657931924710354
"p221": 0.0009822350928889564
"p222": 9.596549758110495E-05
"p223": 5.645029269476761E-06
"p224": 0.0007169187172235488
"p225": 0.0001956943480085277
"p226": 3.3870175616860565E-05
"p227": 1.8816764231589204E-06
"p228": 0.0021319393874390563
"p229": 0.0005645029269476762
"p230": 8.279376261899248E-05
"p231": 0
"p232": 9.972885042742278E-05
"p233": 4.704191057897301E-05
"p234": 1.6935087808430286E-05
"p235": 1.8816764231589204E-06
"p236": 0.00010349220327374062
"p237": 4.8923587002131926E-05
"p238": 1.3171734962112442E-05
"p239": 0
"p240": 0.0038198031390126084
"p241": 0.0011252425010490343
"p242": 0.00011478226181269414
"p243": 5.645029269476761E-06
"p244": 0.008320773143208745
"p245": 0.002632465315999329
"p246": 0.00042149551878759814
"p247": 2.2580117077907045E-05
"p248": 0.00039891540170969113
"p249": 0.00016182417239166713
"p250": 4.7041910578973015E-05
"p251": 1.8816764231589204E-06
