"p189": 0.0008636894782299445
"p190": 0.00011854561465901199
"p191": 3.7633528463178407E-06
"p192": 0.006081578199649631
"p193": 0.0021507561516706454
"p194": 0.00044031228301918735
"p195": 5.64502926947676E-05
"p196": 0.00793126612361485
"p197": 0.0028469764282394463
"p198": 0.0006002547789876956
"p199": 6.774035123372113E-05
"p200": 0.0025515532298034955
"p201": 0.0008260559497667661
"p202": 0.00010725555612005847
"p203": 1.8816764231589204E-06
"p204": 0.0022429582964054325
"p205": 0.0007583155985330448
"p206": 8.843879188846926E-05
"p207": 5.645029269476761E-06
"p208": 4.892358700213193E-05
"p209": 5.645029269476761E-06
"p210": 0
"p211": 0
"p212": 0.0006341249546045561
"p213": 9.784717400426385E-05
"p214": 5.645029269476761E-06
"p215": 0
"p216": 0
"p217": 0
"p218": 0
"p219": 0
"p220": 9.784717400426388E-05
"p221": 3.7633528463178407E-05
"p222": 0
"p223": 0
"p224": 0.0032722352998733615
"p225": 0.0010499754441226773
"p226": 0.00021827446508643474
"p227": 1.8816764231589203E-05
"p228": 0.005970559290683255
"p229": 0.0018252261304641524
"p230": 0.000333056726899129
"p231": 2.4461793501065966E-05
"p232": 0.00101046023923634
"p233": 0.00034622846186124133
"p234": 4.704191057897301E-05
"p235": 1.8816764231589204E-06
"p236": 0.000805357509112018
"p237": 0.0002954231984359505
"p238": 2.6343469924224884E-05
"p239": 0
"p240": 0.006042062994763293
"p241": 0.0018007643369630864
"p242": 0.00023897290574118288
"p243": 3.198849919370165E-05
"p244": 0.011628760295122128
"p245": 0.0038329748739747206
"p246": 0.0006924569237224825
"p247": 5.080526342529086E-05
"p248": 0.0008956779774236461
"p249": 0.00032929337405281106
"p250": 7.526705692635681E-05
"p251": 3.7633528463178407E-06
