"p189": 0.003919531989440031
"p190": 0.0006228348960656026
"p191": 4.704191057897301E-05
"p192": 0.0018986115109673508
"p193": 0.0005249877220613388
"p194": 8.46754390421514E-05
"p195": 5.645029269476761E-06
"p196": 0
"p197": 0
"p198": 0
"p199": 0
"p200": 0.0005532128684087226
"p201": 0.00012042729108217089
"p202": 3.7633528463178407E-06
"p203": 0
"p204": 0.00039515204886337327
"p205": 0.00014112573173691902
"p206": 1.8816764231589203E-05
"p207": 0
"p208": 0.00378216961054943
"p209": 0.0010687922083542668
"p210": 0.00015617914312219037
"p211": 7.5267056926356815E-06
"p212": 4.704191057897301E-05
"p213": 0
"p214": 0
"p215": 0
"p216": 0.001458299227948163
"p217": 0.0004403122830191874
"p218": 5.080526342529086E-05
"p219": 0
"p220": 0.0012343797335922517
"p221": 0.0003970337252865322
"p222": 6.774035123372113E-05
"p223": 1.1290058538953523E-05
"p224": 0.0050635912547206535
"p225": 0.001608833341800877
"p226": 0.0002784881106275202
"p227": 1.8816764231589207E-05
"p228": 0
"p229": 0
"p230": 0
"p231": 0
"p232": 0.0035582501161935177
"p233": 0.0010838456197395385
"p234": 0.00017499590735377957
"p235": 1.3171734962112444E-05
"p236": 0.0023464504996791734
"p237": 0.0008222925969204484
"p238": 0.00015053411385271363
"p239": 3.7633528463178407E-05
"p240": 0.011903485052903331
"p241": 0.003979745634981117
"p242": 0.0007489072164172504
"p243": 6.774035123372113E-05
"p244": 5.268693984844977E-05
"p245": 0
"p246": 0
"p247": 0
"p248": 0.011284413509684049
"p249": 0.0038743717552842173
"p250": 0.0006981019529919593
"p251": 5.268693984844977E-05
