"p189": 0.0008128842148046537
"p190": 0.00011101890896637629
"p191": 5.645029269476761E-06
"p192": 0.0009521282701184136
"p193": 0.00019757602443168663
"p194": 7.5267056926356815E-06
"p195": 0
"p196": 0.0034434678543808247
"p197": 0.0010537387969689954
"p198": 0.00017687758377693853
"p199": 7.5267056926356815E-06
"p200": 0.00015053411385271363
"p201": 3.387017561686057E-05
"p202": 5.645029269476761E-06
"p203": 0
"p204": 0.0006228348960656025
"p205": 0.00022203781793275258
"p206": 5.2686939848449775E-05
"p207": 1.1290058538953523E-05
"p208": 2.2580117077907045E-05
"p209": 0
"p210": 0
"p211": 0
"p212": 0.00039327037244021434
"p213": 7.150370408003899E-05
"p214": 5.645029269476761E-06
"p215": 0
"p216": 0
"p217": 0
"p218": 0
"p219": 0
"p220": 0
"p221": 0
"p222": 0
"p223": 0
"p224": 0.006435333367203509
"p225": 0.0023201070297549486
"p226": 0.0004986442521371139
"p227": 7.526705692635681E-05
"p228": 0.011064257368174454
"p229": 0.003774642904856794
"p230": 0.0007714873334951573
"p231": 8.655711546531033E-05
"p232": 0.0024631144379150265
"p233": 0.0008298193026130841
"p234": 9.032046831162818E-05
"p235": 1.8816764231589204E-06
"p236": 0.00231822535333179
"p237": 0.000758315598533045
"p238": 7.714873334951573E-05
"p239": 5.645029269476761E-06
"p240": 0.002555316582649813
"p241": 0.0006774035123372113
"p242": 9.972885042742277E-05
"p243": 2.0698440654748124E-05
"p244": 0.007592564367446244
"p245": 0.0026644538151930305
"p246": 0.0005720296326403118
"p247": 4.892358700213193E-05
"p248": 0.00027096140493488446
"p249": 9.220214473478709E-05
"p250": 2.2580117077907045E-05
"p251": 1.8816764231589204E-06
