"p189": 0.005142621664493329
"p190": 0.0010518571205458363
"p191": 4.139688130949624E-05
"p192": 2.0698440654748124E-05
"p193": 0
"p194": 0
"p195": 0
"p196": 8.843879188846925E-05
"p197": 0
"p198": 0
"p199": 0
"p200": 0.0007752506863414753
"p201": 0.00018252261304641527
"p202": 1.6935087808430282E-05
"p203": 0
"p204": 0.0018779130703126025
"p205": 0.0006811668651835292
"p206": 8.655711546531033E-05
"p207": 0
"p208": 0.00013548070246744223
"p209": 1.8816764231589204E-06
"p210": 0
"p211": 0
"p212": 0.0005795563383329475
"p213": 6.209532196424438E-05
"p214": 3.7633528463178407E-06
"p215": 0
"p216": 0.0015034594621039772
"p217": 0.0003800986374781019
"p218": 2.6343469924224884E-05
"p219": 0
"p220": 0.0025327364655719064
"p221": 0.0008712161839225801
"p222": 0.00013548070246744226
"p223": 0
"p224": 0.0004986442521371138
"p225": 0.00010537387969689955
"p226": 1.8816764231589204E-06
"p227": 0
"p228": 0.0003669269025159895
"p229": 7.714873334951573E-05
"p230": 1.8816764231589204E-06
"p231": 0
"p232": 0.008597379577413109
"p233": 0.0028074612233531093
"p234": 0.0004384306065960284
"p235": 2.8225146347383805E-05
"p236": 0.006772153446948954
"p237": 0.0026287019631530116
"p238": 0.00044783898871182307
"p239": 1.8816764231589207E-05
"p240": 0.0018986115109673506
"p241": 0.0004421939594423462
"p242": 3.575185204001949E-05
"p243": 1.8816764231589204E-06
"p244": 0.0011252425010490341
"p245": 0.00024461793501065964
"p246": 2.6343469924224884E-05
"p247": 0
"p248": 0.018600371442925933
"p249": 0.0061286201102286044
"p250": 0.0010161052685058172
"p251": 6.774035123372113E-05
