"p189": 0.0011685210587816896
"p190": 0.00021262943581695798
"p191": 1.8816764231589204E-06
"p192": 0.0005833196911792653
"p193": 0.00010349220327374062
"p194": 1.5053411385271363E-05
"p195": 0
"p196": 0.0005231060456381798
"p197": 6.021364554108546E-05
"p198": 0
"p199": 0
"p200": 0.005099343106760674
"p201": 0.0016220050767629891
"p202": 0.00024085458216434178
"p203": 1.5053411385271363E-05
"p204": 0.004258233745608636
"p205": 0.0014225473759081437
"p206": 0.00020698440654748124
"p207": 1.1290058538953523E-05
"p208": 0
"p209": 0
"p210": 0
"p211": 0
"p212": 8.27937626189925E-05
"p213": 0
"p214": 0
"p215": 0
"p216": 2.2580117077907045E-05
"p217": 0
"p218": 0
"p219": 0
"p220": 0.00034999181470755914
"p221": 4.5160234155814084E-05
"p222": 0
"p223": 0
"p224": 0.0001486524374295547
"p225": 3.7633528463178407E-06
"p226": 0
"p227": 0
"p228": 0.00022015614150959367
"p229": 3.198849919370165E-05
"p230": 1.8816764231589204E-06
"p231": 0
"p232": 0.002702087343656209
"p233": 0.0008204109204972894
"p234": 0.00012607232035164766
"p235": 7.5267056926356815E-06
"p236": 0.0026625721387698717
"p237": 0.0008317009790362429
"p238": 0.00010537387969689954
"p239": 5.645029269476761E-06
"p240": 0.00015053411385271363
"p241": 4.704191057897301E-05
"p242": 0
"p243": 0
"p244": 0.0002973048748591094
"p245": 0.00010349220327374062
"p246": 2.4461793501065963E-05
"p247": 0
"p248": 0.004122753043141195
"p249": 0.0011986278815522323
"p250": 0.0001204272910821709
"p251": 5.645029269476761E-06
