"p189": 0.007528587369058841
"p190": 0.0016916271044198695
"p191": 0.0001844042894695742
"p192": 0
"p193": 0
"p194": 0
"p195": 0
"p196": 5.8331969117926534E-05
"p197": 0
"p198": 0
"p199": 0
"p200": 0.00047982748790552474
"p201": 9.596549758110493E-05
"p202": 7.5267056926356815E-06
"p203": 0
"p204": 0.002273065119175976
"p205": 0.0006077814846803313
"p206": 8.843879188846924E-05
"p207": 5.645029269476761E-06
"p208": 6.021364554108544E-05
"p209": 0
"p210": 0
"p211": 0
"p212": 0.000684930218029847
"p213": 0.00013548070246744229
"p214": 0
"p215": 0
"p216": 0.001390558876714442
"p217": 0.0003029499041285862
"p218": 1.1290058538953523E-05
"p219": 0
"p220": 0.004474626534271914
"p221": 0.0013096467905186085
"p222": 0.00019381267158536877
"p223": 7.5267056926356815E-06
"p224": 9.22021447347871E-05
"p225": 1.6935087808430286E-05
"p226": 0
"p227": 0
"p228": 0.00024461793501065964
"p229": 3.575185204001949E-05
"p230": 0
"p231": 0
"p232": 0.003832974873974721
"p233": 0.0011986278815522323
"p234": 0.0001956943480085277
"p235": 3.575185204001948E-05
"p236": 0.006760863388409999
"p237": 0.002218496502904367
"p238": 0.00039891540170969113
"p239": 3.198849919370165E-05
"p240": 0.0009916434750047508
"p241": 0.00016182417239166716
"p242": 1.5053411385271363E-05
"p243": 0
"p244": 0.0011233608246258753
"p245": 0.00021262943581695798
"p246": 2.2580117077907045E-05
"p247": 0
"p248": 0.012020148991139186
"p249": 0.003957165517903209
"p250": 0.0007075103351077541
"p251": 7.526705692635681E-05
