"p189": 0.004280813862686543
"p190": 0.000709392011530913
"p191": 4.139688130949625E-05
"p192": 0.0002709614049348845
"p193": 5.456861627160869E-05
"p194": 5.645029269476761E-06
"p195": 0
"p196": 0.001791355954847292
"p197": 0.0004967625757139549
"p198": 7.903040977267466E-05
"p199": 5.645029269476761E-06
"p200": 1.6935087808430286E-05
"p201": 0
"p202": 0
"p203": 0
"p204": 0.00012607232035164766
"p205": 7.903040977267465E-05
"p206": 1.6935087808430286E-05
"p207": 0
"p208": 0.0009747083871963208
"p209": 0.00019757602443168663
"p210": 7.5267056926356815E-06
"p211": 0
"p212": 0.0038198031390126092
"p213": 0.0011252425010490343
"p214": 0.0001825226130464153
"p215": 7.5267056926356815E-06
"p216": 0.00015053411385271363
"p217": 3.387017561686057E-05
"p218": 5.645029269476761E-06
"p219": 0
"p220": 0.0006228348960656025
"p221": 0.00022203781793275258
"p222": 5.2686939848449775E-05
"p223": 1.1290058538953523E-05
"p224": 0.002231668237866479
"p225": 0.0007696056570719983
"p226": 0.0001486524374295547
"p227": 2.8225146347383808E-05
"p228": 0.005225415427112322
"p229": 0.0017763025434620208
"p230": 0.0003481101382844002
"p231": 2.6343469924224887E-05
"p232": 0.00035187349113071807
"p233": 0.00010725555612005844
"p234": 2.446179350106597E-05
"p235": 1.8816764231589204E-06
"p236": 0.0005118159870992264
"p237": 0.00017311423093062066
"p238": 2.6343469924224887E-05
"p239": 5.645029269476761E-06
"p240": 0.006913279178685872
"p241": 0.002448061026529755
"p242": 0.0004986442521371138
"p243": 7.338538050319788E-05
"p244": 0.01242470942211835
"p245": 0.004564947002583541
"p246": 0.0009728267107731618
"p247": 0.0001034922032737406
"p248": 0.0024631144379150265
"p249": 0.0008467543904215144
"p250": 9.032046831162818E-05
"p251": 1.8816764231589204E-06
