"p189": 0.0016276501060324662
"p190": 0.0003010682277054273
"p191": 3.387017561686057E-05
"p192": 0.002120649328900103
"p193": 0.0007790140391877931
"p194": 0.00015994249596850823
"p195": 1.8816764231589203E-05
"p196": 0.0003274116976296522
"p197": 6.962202765688006E-05
"p198": 5.645029269476761E-06
"p199": 0
"p200": 0.026911736204018884
"p201": 0.011929828522827557
"p202": 0.0032759986527196804
"p203": 0.0005193426927918621
"p204": 0.01009331233382445
"p205": 0.004058776044753791
"p206": 0.0008843879188846926
"p207": 8.655711546531035E-05
"p208": 0.00023144620004854718
"p209": 3.3870175616860565E-05
"p210": 0
"p211": 0
"p212": 0
"p213": 0
"p214": 0
"p215": 0
"p216": 0.0004290222244802338
"p217": 6.962202765688006E-05
"p218": 5.645029269476761E-06
"p219": 0
"p220": 1.5053411385271363E-05
"p221": 3.7633528463178407E-06
"p222": 0
"p223": 0
"p224": 0.0012381430864385698
"p225": 0.00037445360820862513
"p226": 6.774035123372114E-05
"p227": 5.645029269476761E-06
"p228": 1.3171734962112444E-05
"p229": 0
"p230": 0
"p231": 0
"p232": 0.029378613994780232
"p233": 0.012690025797783763
"p234": 0.0032835253584123166
"p235": 0.00037069025536230727
"p236": 0.00901134839050807
"p237": 0.0029918655128226834
"p238": 0.0005118159870992262
"p239": 4.516023415581409E-05
"p240": 0.0018459245711189007
"p241": 0.000688693570876165
"p242": 0.0001467707610063958
"p243": 1.8816764231589203E-05
"p244": 2.6343469924224887E-05
"p245": 0
"p246": 0
"p247": 0
"p248": 0.025929501111129925
"p249": 0.009404618762948286
"p250": 0.001866623011773649
"p251": 0.00014112573173691905
