"p189": 0.0071748322015049645
"p190": 0.0015203945499124077
"p191": 0.00012607232035164766
"p192": 0.0013529253482512634
"p193": 0.00037069025536230727
"p194": 4.3278557732655166E-05
"p195": 1.8816764231589204E-06
"p196": 0.0009333115058868245
"p197": 0.0002690797285117256
"p198": 2.6343469924224884E-05
"p199": 0
"p200": 0.013062597729569228
"p201": 0.004760641350592069
"p202": 0.001065028855507949
"p203": 0.00014300740816007798
"p204": 0.01009331233382445
"p205": 0.004058776044753791
"p206": 0.0008843879188846926
"p207": 8.655711546531035E-05
"p208": 0
"p209": 0
"p210": 0
"p211": 0
"p212": 0.0002427362585875007
"p213": 1.6935087808430282E-05
"p214": 0
"p215": 0
"p216": 5.268693984844977E-05
"p217": 5.645029269476761E-06
"p218": 0
"p219": 0
"p220": 0.00040644210740232675
"p221": 6.585867481056221E-05
"p222": 5.645029269476761E-06
"p223": 0
"p224": 0.0005569762212550405
"p225": 0.00014300740816007793
"p226": 7.5267056926356815E-06
"p227": 0
"p228": 0.00047418245863604794
"p229": 0.000141125731736919
"p230": 1.3171734962112442E-05
"p231": 0
"p232": 0.00793314780003801
"p233": 0.0027077323729256864
"p234": 0.0006209532196424437
"p235": 7.714873334951573E-05
"p236": 0.0099032630150854
"p237": 0.0038273298447052445
"p238": 0.0007959491269962231
"p239": 5.833196911792654E-05
"p240": 0.0006153081903729669
"p241": 0.00016935087808430283
"p242": 1.6935087808430282E-05
"p243": 0
"p244": 0.0007507888928404092
"p245": 0.00024085458216434183
"p246": 3.387017561686057E-05
"p247": 0
"p248": 0.010151644302942376
"p249": 0.0030483158055174507
"p250": 0.0005287510749076567
"p251": 3.7633528463178407E-05
