"p189": 0.004625160648124627
"p190": 0.0007338538050319789
"p191": 5.2686939848449775E-05
"p192": 0.0015655547840682216
"p193": 0.0004911175464444782
"p194": 7.338538050319788E-05
"p195": 0
"p196": 0.004051249339061156
"p197": 0.0017574857792304317
"p198": 0.00038009863747810193
"p199": 1.6935087808430282E-05
"p200": 0.00022956452362538825
"p201": 6.585867481056221E-05
"p202": 5.645029269476761E-06
"p203": 0
"p204": 0.00039891540170969113
"p205": 0.0001392440553137601
"p206": 1.1290058538953523E-05
"p207": 0
"p208": 0.0022053247679422543
"p209": 0.000641651660297192
"p210": 8.655711546531033E-05
"p211": 1.1290058538953523E-05
"p212": 0.0037915779926652243
"p213": 0.0014488908458323685
"p214": 0.0003180033155138575
"p215": 4.139688130949625E-05
"p216": 0.0004403122830191874
"p217": 0.00017123255450746173
"p218": 4.139688130949625E-05
"p219": 5.645029269476761E-06
"p220": 0.0013623337303670584
"p221": 0.00048735419359816035
"p222": 9.596549758110493E-05
"p223": 7.5267056926356815E-06
"p224": 0.013734356212636958
"p225": 0.0056845444743631
"p226": 0.001322818525480721
"p227": 0.0001637058488148261
"p228": 0.01919874454549047
"p229": 0.008757322073381616
"p230": 0.0022805918248686116
"p231": 0.0002690797285117256
"p232": 0.006329959487506608
"p233": 0.002158282857363281
"p234": 0.00031988499193701646
"p235": 1.1290058538953523E-05
"p236": 0.00496386240429323
"p237": 0.0015392113141439968
"p238": 0.0002013393772780045
"p239": 1.1290058538953523E-05
"p240": 0.019104660724332524
"p241": 0.00826432285051398
"p242": 0.002066080712628495
"p243": 0.00027096140493488457
"p244": 0.02033715878150162
"p245": 0.009856221104506426
"p246": 0.0027773544005825664
"p247": 0.00044783898871182307
"p248": 0.01248304139123628
"p249": 0.004704191057897301
"p250": 0.0008279376261899249
"p251": 3.010682277054273E-05
