"p189": 0.0015260395791818844
"p190": 0.00023332787647170614
"p191": 3.7633528463178407E-05
"p192": 0.010018045276898093
"p193": 0.00472300782212889
"p194": 0.001296475055556496
"p195": 0.000190049318739051
"p196": 0.0001919309951622099
"p197": 4.1396881309496255E-05
"p198": 5.645029269476761E-06
"p199": 0
"p200": 0.010864799667319607
"p201": 0.004845316789634219
"p202": 0.0011760477644743254
"p203": 0.00013171734962112442
"p204": 0.009244676266979775
"p205": 0.003748299434932569
"p206": 0.0007056286586845952
"p207": 4.516023415581409E-05
"p208": 0.000660468424528781
"p209": 0.00011478226181269415
"p210": 5.645029269476761E-06
"p211": 0
"p212": 9.596549758110495E-05
"p213": 1.6935087808430282E-05
"p214": 0
"p215": 0
"p216": 3.575185204001949E-05
"p217": 1.8816764231589204E-06
"p218": 0
"p219": 0
"p220": 8.279376261899248E-05
"p221": 3.198849919370165E-05
"p222": 0
"p223": 0
"p224": 0.010305941769641409
"p225": 0.003691849142237802
"p226": 0.0006661134537982577
"p227": 4.327855773265517E-05
"p228": 1.3171734962112444E-05
"p229": 1.8816764231589204E-06
"p230": 0
"p231": 0
"p232": 0.0065557606582856785
"p233": 0.0023483321761023327
"p234": 0.00042902222448023387
"p235": 3.010682277054273E-05
"p236": 0.005357132776733446
"p237": 0.0017330239857293655
"p238": 0.0002239194943559115
"p239": 9.408382115794602E-06
"p240": 0.017294488005253635
"p241": 0.0066423177737509895
"p242": 0.0015015777856808184
"p243": 0.0001825226130464153
"p244": 7.714873334951574E-05
"p245": 1.5053411385271363E-05
"p246": 0
"p247": 0
"p248": 0.008687700045724734
"p249": 0.003087831010403788
"p250": 0.0006886935708761649
"p251": 7.714873334951573E-05
