"p189": 0.0004534840179812998
"p190": 5.456861627160869E-05
"p191": 0
"p192": 0.008006533180541207
"p193": 0.002991865512822683
"p194": 0.0006002547789876956
"p195": 5.268693984844977E-05
"p196": 0.005483205097085094
"p197": 0.0022598933842138628
"p198": 0.0004591290472507766
"p199": 3.198849919370165E-05
"p200": 0.006043944671186453
"p201": 0.0018252261304641528
"p202": 0.0001204272910821709
"p203": 1.8816764231589204E-06
"p204": 0.0027416025485425466
"p205": 0.0008185292440741305
"p206": 6.209532196424438E-05
"p207": 1.8816764231589204E-06
"p208": 3.3870175616860565E-05
"p209": 0
"p210": 0
"p211": 0
"p212": 0.0003518734911307181
"p213": 4.516023415581409E-05
"p214": 0
"p215": 0
"p216": 0
"p217": 0
"p218": 0
"p219": 0
"p220": 6.39769983874033E-05
"p221": 2.0698440654748124E-05
"p222": 0
"p223": 0
"p224": 0.005946097497182188
"p225": 0.0021658095630559173
"p226": 0.00038574366674757867
"p227": 2.0698440654748124E-05
"p228": 0.005411701393005054
"p229": 0.002169572915902235
"p230": 0.00040832378382548573
"p231": 1.5053411385271365E-05
"p232": 0.0030727775990185167
"p233": 0.000920139770924712
"p234": 3.7633528463178407E-05
"p235": 0
"p236": 0.0011007807075479686
"p237": 0.00041396881309496247
"p238": 1.3171734962112444E-05
"p239": 0
"p240": 0.0075718659267914965
"p241": 0.0023483321761023322
"p242": 0.00038574366674757867
"p243": 2.2580117077907045E-05
"p244": 0.008582326166027837
"p245": 0.0030407890998248154
"p246": 0.0004892358700213193
"p247": 1.3171734962112444E-05
"p248": 0.002393492410258146
"p249": 0.0005908463968719009
"p250": 6.39769983874033E-05
"p251": 0
