"p189": 0.01115645951290924
"p190": 0.0027453659013888655
"p191": 0.00030671325697490405
"p192": 3.9515204886337324E-05
"p193": 1.6935087808430282E-05
"p194": 0
"p195": 0
"p196": 0.00019945770085484557
"p197": 4.3278557732655166E-05
"p198": 0
"p199": 0
"p200": 0.0017330239857293653
"p201": 0.000521224369215021
"p202": 7.338538050319788E-05
"p203": 0
"p204": 0.004137806454526466
"p205": 0.0017819475727314975
"p206": 0.00038009863747810193
"p207": 1.6935087808430282E-05
"p208": 0.00030671325697490405
"p209": 4.516023415581409E-05
"p210": 0
"p211": 0
"p212": 0.001317173496211244
"p213": 0.0002991865512822684
"p214": 3.198849919370165E-05
"p215": 1.8816764231589204E-06
"p216": 0.0023765573224497163
"p217": 0.0006886935708761649
"p218": 9.220214473478709E-05
"p219": 1.1290058538953523E-05
"p220": 0.0036956124950841196
"p221": 0.0014620625807944812
"p222": 0.0003236483447833343
"p223": 4.139688130949625E-05
"p224": 0.0012268530278996162
"p225": 0.0003857436667475787
"p226": 6.39769983874033E-05
"p227": 0
"p228": 0.0014376007872934147
"p229": 0.0004196138423644392
"p230": 6.962202765688006E-05
"p231": 1.1290058538953523E-05
"p232": 0.018609779825041722
"p233": 0.00723504584704605
"p234": 0.0015467380198366325
"p235": 0.00017499590735377962
"p236": 0.02222824358677633
"p237": 0.009775309018310592
"p238": 0.0024348892915676433
"p239": 0.0002803697870506791
"p240": 0.003426532766572394
"p241": 0.0012343797335922517
"p242": 0.00022203781793275258
"p243": 1.5053411385271365E-05
"p244": 0.0025873050818435153
"p245": 0.0009276664766173476
"p246": 0.00018252261304641527
"p247": 1.8816764231589203E-05
"p248": 0.027976765059526836
"p249": 0.011258070039759824
"p250": 0.002560961611919291
"p251": 0.0002822514634738381
