"p189": 0.0004421939594423463
"p190": 6.585867481056221E-05
"p191": 5.645029269476761E-06
"p192": 0.0009690633579268442
"p193": 0.00025967134639593104
"p194": 3.0106822770542726E-05
"p195": 0
"p196": 2.8225146347383808E-05
"p197": 0
"p198": 0
"p199": 0
"p200": 0.014748579804719617
"p201": 0.006156845256575987
"p202": 0.0015091044913734543
"p203": 0.0002088660829706402
"p204": 0.004751232968476274
"p205": 0.0016746920166114396
"p206": 0.00032741169762965207
"p207": 2.6343469924224887E-05
"p208": 0.0023633855874876037
"p209": 0.0008222925969204481
"p210": 0.00015429746669903146
"p211": 7.5267056926356815E-06
"p212": 0.0002483812878569775
"p213": 6.585867481056221E-05
"p214": 5.645029269476761E-06
"p215": 0
"p216": 0.025295376156525374
"p217": 0.011148932807216606
"p218": 0.0028432130753931286
"p219": 0.0003631635496696717
"p220": 0.009199516032823962
"p221": 0.003701257524353596
"p222": 0.0007413805107246147
"p223": 4.892358700213193E-05
"p224": 0.0002069844065474812
"p225": 5.080526342529085E-05
"p226": 1.1290058538953523E-05
"p227": 0
"p228": 0
"p229": 0
"p230": 0
"p231": 0
"p232": 0.00816083064724024
"p233": 0.0026550454330772372
"p234": 0.0003913886960170555
"p235": 2.0698440654748134E-05
"p236": 0.0018026460133862459
"p237": 0.0005118159870992264
"p238": 5.456861627160869E-05
"p239": 5.645029269476761E-06
"p240": 0.001317173496211244
"p241": 0.00047794581148236575
"p242": 8.843879188846925E-05
"p243": 1.3171734962112444E-05
"p244": 0
"p245": 0
"p246": 0
"p247": 0
"p248": 0.018399032065647927
"p249": 0.006461676837127735
"p250": 0.0011948645287059147
"p251": 8.091208619583358E-05
