"p189": 0.0008937963010004872
"p190": 0.0001486524374295547
"p191": 0
"p192": 0.0004666557529434122
"p193": 0.00010537387969689955
"p194": 1.8816764231589204E-06
"p195": 0
"p196": 0.0003499918147075592
"p197": 7.33853805031979E-05
"p198": 1.8816764231589204E-06
"p199": 0
"p200": 0.007014889705536455
"p201": 0.00237091229318024
"p202": 0.00039138869601705546
"p203": 2.8225146347383805E-05
"p204": 0.005268693984844977
"p205": 0.002122531005323262
"p206": 0.00035940019682335374
"p207": 1.8816764231589207E-05
"p208": 0.0018892031288515558
"p209": 0.0004421939594423462
"p210": 3.575185204001949E-05
"p211": 1.8816764231589204E-06
"p212": 0.001247551468554364
"p213": 0.0002427362585875007
"p214": 2.6343469924224884E-05
"p215": 0
"p216": 0.016221932444053056
"p217": 0.005430518157236645
"p218": 0.0009220214473478711
"p219": 6.774035123372113E-05
"p220": 0.009417790497910397
"p221": 0.0035638951454629955
"p222": 0.0006642317773750989
"p223": 4.3278557732655166E-05
"p224": 6.39769983874033E-05
"p225": 1.6935087808430286E-05
"p226": 0
"p227": 0
"p228": 6.962202765688005E-05
"p229": 2.4461793501065966E-05
"p230": 1.3171734962112442E-05
"p231": 0
"p232": 0.0024612327614918685
"p233": 0.0007696056570719985
"p234": 0.00010349220327374062
"p235": 0
"p236": 0.002534618141995065
"p237": 0.0009351931823099836
"p238": 0.00015053411385271363
"p239": 0
"p240": 0.0002239194943559115
"p241": 6.021364554108545E-05
"p242": 0
"p243": 0
"p244": 0.00046853742936657126
"p245": 0.00015241579027587256
"p246": 2.8225146347383808E-05
"p247": 0
"p248": 0.004399359477345556
"p249": 0.001179811117320643
"p250": 0.000141125731736919
"p251": 0
