"p189": 0.0041415698073727835
"p190": 0.0008618078018067856
"p191": 8.655711546531033E-05
"p192": 0.0014564175515250045
"p193": 0.0005343961041771334
"p194": 8.843879188846925E-05
"p195": 5.645029269476761E-06
"p196": 0.00212629435816958
"p197": 0.0007639606278025217
"p198": 0.0001486524374295547
"p199": 7.5267056926356815E-06
"p200": 0.011179039629987148
"p201": 0.004890477023790033
"p202": 0.001110189089663763
"p203": 0.00010349220327374062
"p204": 0.015100453295850337
"p205": 0.007060049939692269
"p206": 0.0018873214524283972
"p207": 0.0002559079935496132
"p208": 0
"p209": 0
"p210": 0
"p211": 0
"p212": 0.0002653163756654078
"p213": 5.080526342529086E-05
"p214": 0
"p215": 0
"p216": 5.833196911792653E-05
"p217": 5.645029269476761E-06
"p218": 0
"p219": 0
"p220": 0.000660468424528781
"p221": 0.00011478226181269415
"p222": 5.645029269476761E-06
"p223": 0
"p224": 0.0002897781691664737
"p225": 5.833196911792653E-05
"p226": 0
"p227": 0
"p228": 0.0008486360668446731
"p229": 0.00022015614150959362
"p230": 3.0106822770542726E-05
"p231": 0
"p232": 0.0071070918502712434
"p233": 0.0025778966997277203
"p234": 0.0004196138423644392
"p235": 2.6343469924224887E-05
"p236": 0.013820913328102272
"p237": 0.00493187390509953
"p238": 0.000878742889615216
"p239": 5.8331969117926534E-05
"p240": 0.0005776746619097885
"p241": 0.0001467707610063958
"p242": 1.6935087808430286E-05
"p243": 0
"p244": 0.001768775837769385
"p245": 0.0006134265139498081
"p246": 0.0001110189089663763
"p247": 1.3171734962112444E-05
"p248": 0.01096452851774703
"p249": 0.0035902386153872194
"p250": 0.0006943386001456417
"p251": 7.526705692635681E-05
