"p189": 0.005537773713356704
"p190": 0.001019868621352135
"p191": 7.33853805031979E-05
"p192": 6.774035123372113E-05
"p193": 1.5053411385271363E-05
"p194": 0
"p195": 0
"p196": 0.00015806081954534932
"p197": 1.8816764231589207E-05
"p198": 0
"p199": 0
"p200": 0.002250485002098069
"p201": 0.0007620789513793627
"p202": 0.0001467707610063958
"p203": 2.8225146347383808E-05
"p204": 0.004751232968476274
"p205": 0.0016746920166114394
"p206": 0.00032741169762965207
"p207": 2.6343469924224887E-05
"p208": 0.00048547251717500153
"p209": 8.467543904215143E-05
"p210": 1.8816764231589204E-06
"p211": 0
"p212": 0.0008185292440741304
"p213": 0.00019569434800852773
"p214": 2.2580117077907045E-05
"p215": 0
"p216": 0.007440148577170372
"p217": 0.0026061218460751044
"p218": 0.000521224369215021
"p219": 7.526705692635681E-05
"p220": 0.010272071594024549
"p221": 0.003599646997503015
"p222": 0.0007338538050319789
"p223": 8.27937626189925E-05
"p224": 2.4461793501065966E-05
"p225": 5.645029269476761E-06
"p226": 0
"p227": 0
"p228": 4.7041910578973015E-05
"p229": 3.7633528463178407E-06
"p230": 0
"p231": 0
"p232": 0.00043090390090339285
"p233": 0.00012230896750532982
"p234": 2.6343469924224887E-05
"p235": 1.8816764231589204E-06
"p236": 0.0017311423093062071
"p237": 0.00045348401798129976
"p238": 6.962202765688005E-05
"p239": 0
"p240": 0.0001542974666990315
"p241": 4.704191057897301E-05
"p242": 1.1290058538953523E-05
"p243": 0
"p244": 0.00028977816916647367
"p245": 7.714873334951574E-05
"p246": 0
"p247": 0
"p248": 0.00278864445912152
"p249": 0.0006755218359140525
"p250": 6.774035123372114E-05
"p251": 5.645029269476761E-06
