"p189": 0.0007075103351077541
"p190": 9.596549758110493E-05
"p191": 0
"p192": 0.005362777806002923
"p193": 0.0021432294459780106
"p194": 0.00043466725374971066
"p195": 3.198849919370165E-05
"p196": 6.962202765688006E-05
"p197": 5.645029269476761E-06
"p198": 0
"p199": 0
"p200": 0.012413419363579398
"p201": 0.004226245246414935
"p202": 0.000613426513949808
"p203": 4.51602341558141E-05
"p204": 0.0044162945651539855
"p205": 0.0014714709629102757
"p206": 0.00018628596589273313
"p207": 1.1290058538953523E-05
"p208": 0.0003142399626675397
"p209": 4.516023415581409E-05
"p210": 0
"p211": 0
"p212": 3.7633528463178407E-05
"p213": 0
"p214": 0
"p215": 0
"p216": 2.6343469924224887E-05
"p217": 0
"p218": 0
"p219": 0
"p220": 7.150370408003898E-05
"p221": 2.0698440654748124E-05
"p222": 0
"p223": 0
"p224": 0.00487918696525108
"p225": 0.0019776419207400246
"p226": 0.00038009863747810193
"p227": 1.5053411385271365E-05
"p228": 1.8816764231589204E-06
"p229": 0
"p230": 0
"p231": 0
"p232": 0.007697938247143147
"p233": 0.0025854234054203565
"p234": 0.00034058343259176454
"p235": 1.3171734962112442E-05
"p236": 0.0028356863697004925
"p237": 0.0010518571205458366
"p238": 0.0001279539967748066
"p239": 7.5267056926356815E-06
"p240": 0.00852587587333307
"p241": 0.003025735688439544
"p242": 0.00048359084075184255
"p243": 1.3171734962112444E-05
"p244": 3.7633528463178407E-06
"p245": 0
"p246": 0
"p247": 0
"p248": 0.008358406671671925
"p249": 0.0025026296428013635
"p250": 0.00038009863747810193
"p251": 2.2580117077907045E-05
