"p189": 0.002453706055799232
"p190": 0.0004271405480570749
"p191": 2.0698440654748124E-05
"p192": 8.467543904215141E-05
"p193": 1.6935087808430286E-05
"p194": 0
"p195": 0
"p196": 0.00022956452362538825
"p197": 3.198849919370165E-05
"p198": 0
"p199": 0
"p200": 0.0034528762364966184
"p201": 0.001108307413240604
"p202": 0.0001862859658927331
"p203": 3.3870175616860565E-05
"p204": 0.0057918000304831565
"p205": 0.0019832869500095024
"p206": 0.0003669269025159894
"p207": 3.198849919370165E-05
"p208": 0.000985998445735274
"p209": 0.00016182417239166716
"p210": 1.5053411385271363E-05
"p211": 0
"p212": 0.001319055172634403
"p213": 0.00024461793501065964
"p214": 2.2580117077907045E-05
"p215": 0
"p216": 0.01056184976319102
"p217": 0.0036090553796188102
"p218": 0.0006905752472993238
"p219": 7.526705692635681E-05
"p220": 0.012302400454613024
"p221": 0.004373016007421331
"p222": 0.0008523994196909909
"p223": 8.843879188846925E-05
"p224": 2.6343469924224887E-05
"p225": 7.5267056926356815E-06
"p226": 0
"p227": 0
"p228": 5.268693984844977E-05
"p229": 5.645029269476761E-06
"p230": 1.8816764231589204E-06
"p231": 0
"p232": 0.0007620789513793629
"p233": 0.00020886608297064014
"p234": 3.3870175616860565E-05
"p235": 1.8816764231589204E-06
"p236": 0.0021601645337864404
"p237": 0.0005739113090634708
"p238": 8.279376261899248E-05
"p239": 0
"p240": 0.00024461793501065964
"p241": 9.220214473478711E-05
"p242": 1.1290058538953523E-05
"p243": 0
"p244": 0.00037069025536230727
"p245": 0.00013171734962112442
"p246": 2.4461793501065963E-05
"p247": 0
"p248": 0.0039646922235958455
"p249": 0.0011402959124343056
"p250": 0.00011478226181269414
"p251": 5.645029269476761E-06
