"p189": 0.00059272807329506
"p190": 0.00012042729108217092
"p191": 1.1290058538953523E-05
"p192": 0.000378216961054943
"p193": 6.774035123372113E-05
"p194": 0
"p195": 0
"p196": 0
"p197": 0
"p198": 0
"p199": 0
"p200": 0.004803919908324724
"p201": 0.001396203905983919
"p202": 0.0001956943480085277
"p203": 7.5267056926356815E-06
"p204": 0.000611544837526649
"p205": 0.00012042729108217089
"p206": 3.7633528463178407E-06
"p207": 0
"p208": 0
"p209": 0
"p210": 0
"p211": 0
"p212": 0
"p213": 0
"p214": 0
"p215": 0
"p216": 0.0004666557529434122
"p217": 8.843879188846928E-05
"p218": 5.645029269476761E-06
"p219": 0
"p220": 1.1290058538953523E-05
"p221": 0
"p222": 0
"p223": 0
"p224": 0.001273894938478589
"p225": 0.00025402631712645424
"p226": 2.2580117077907045E-05
"p227": 0
"p228": 7.33853805031979E-05
"p229": 0
"p230": 0
"p231": 0
"p232": 0.02077182603525133
"p233": 0.00655199730543936
"p234": 0.0011798111173206432
"p235": 0.00010349220327374062
"p236": 0.006418398279395078
"p237": 0.0022824735012917704
"p238": 0.0004779458114823658
"p239": 6.209532196424438E-05
"p240": 0.00022203781793275263
"p241": 2.8225146347383808E-05
"p242": 0
"p243": 0
"p244": 0
"p245": 0
"p246": 0
"p247": 0
"p248": 0.012101061077335018
"p249": 0.0037934596690883835
"p250": 0.0007018653058382773
"p251": 5.45686162716087E-05
