"p189": 0.00021639278866327584
"p190": 3.0106822770542726E-05
"p191": 1.8816764231589204E-06
"p192": 0.0016690469873419619
"p193": 0.0004214955187875982
"p194": 4.51602341558141E-05
"p195": 0
"p196": 4.704191057897301E-05
"p197": 0
"p198": 0
"p199": 0
"p200": 0.0008185292440741303
"p201": 0.00023709122931802397
"p202": 2.0698440654748128E-05
"p203": 0
"p204": 0.0005475678391392458
"p205": 0.0001862859658927331
"p206": 2.0698440654748124E-05
"p207": 0
"p208": 0.000212629435816958
"p209": 3.3870175616860565E-05
"p210": 0
"p211": 0
"p212": 0
"p213": 0
"p214": 0
"p215": 0
"p216": 0
"p217": 0
"p218": 0
"p219": 0
"p220": 0
"p221": 0
"p222": 0
"p223": 0
"p224": 0.005227297103535481
"p225": 0.0016464668702640551
"p226": 0.0002653163756654078
"p227": 1.6935087808430286E-05
"p228": 5.268693984844977E-05
"p229": 0
"p230": 0
"p231": 0
"p232": 0.007353591461705061
"p233": 0.0021394660931316925
"p234": 0.0002653163756654078
"p235": 1.1290058538953523E-05
"p236": 0.003020090659170066
"p237": 0.0011139524425100807
"p238": 0.0001448890845832369
"p239": 1.1290058538953523E-05
"p240": 0.004771931409131022
"p241": 0.0013284635547501978
"p242": 0.00019004931873905094
"p243": 5.645029269476761E-06
"p244": 0
"p245": 0
"p246": 0
"p247": 0
"p248": 0.002536499818418225
"p249": 0.0006661134537982578
"p250": 7.526705692635681E-05
"p251": 0
