"p189": 0.0009389565351563013
"p190": 0.0001016105268505817
"p191": 5.645029269476761E-06
"p192": 0.0004854725171750015
"p193": 0.00012607232035164766
"p194": 1.3171734962112442E-05
"p195": 0
"p196": 0
"p197": 0
"p198": 0
"p199": 0
"p200": 0.01089302481366699
"p201": 0.004196138423644393
"p202": 0.000826055949766766
"p203": 5.833196911792654E-05
"p204": 0.0039458754593642556
"p205": 0.0013416352897123102
"p206": 0.0002916598455896326
"p207": 4.327855773265516E-05
"p208": 0.0013980855824070777
"p209": 0.00036692690251598946
"p210": 3.7633528463178407E-05
"p211": 0
"p212": 6.774035123372114E-05
"p213": 5.645029269476761E-06
"p214": 0
"p215": 0
"p216": 0.022813444954378755
"p217": 0.008174002382202351
"p218": 0.001772539190615703
"p219": 0.00017311423093062064
"p220": 0.008542810961141501
"p221": 0.0032157850071785955
"p222": 0.0007620789513793627
"p223": 0.00012042729108217092
"p224": 9.220214473478709E-05
"p225": 2.2580117077907045E-05
"p226": 0
"p227": 0
"p228": 0
"p229": 0
"p230": 0
"p231": 0
"p232": 0.004436993005808733
"p233": 0.0016464668702640553
"p234": 0.0003142399626675397
"p235": 9.408382115794602E-06
"p236": 0.0011948645287059145
"p237": 0.00040267875455600894
"p238": 9.408382115794602E-05
"p239": 1.8816764231589204E-06
"p240": 0.000425258871633916
"p241": 0.00015241579027587256
"p242": 2.2580117077907045E-05
"p243": 0
"p244": 0
"p245": 0
"p246": 0
"p247": 0
"p248": 0.011034150545403909
"p249": 0.0037012575243535965
"p250": 0.0006021364554108545
"p251": 1.3171734962112444E-05
