"p189": 0.000946483240848937
"p190": 0.00012419064392848875
"p191": 9.408382115794602E-06
"p192": 0.008565391078219405
"p193": 0.003917650313016873
"p194": 0.0009370748587331424
"p195": 0.00010161052685058169
"p196": 0.012232778426956145
"p197": 0.005825670206100017
"p198": 0.001635176811725102
"p199": 0.00024085458216434183
"p200": 0.004363607625305536
"p201": 0.0018553329532346955
"p202": 0.0003236483447833343
"p203": 1.1290058538953523E-05
"p204": 0.005268693984844977
"p205": 0.002122531005323262
"p206": 0.0003594001968233538
"p207": 1.8816764231589207E-05
"p208": 5.833196911792653E-05
"p209": 5.645029269476761E-06
"p210": 0
"p211": 0
"p212": 0.000756433922109886
"p213": 0.00013171734962112442
"p214": 5.645029269476761E-06
"p215": 0
"p216": 0
"p217": 0
"p218": 0
"p219": 0
"p220": 6.0213645541085445E-05
"p221": 2.8225146347383805E-05
"p222": 0
"p223": 0
"p224": 0.005861422058140036
"p225": 0.0021808629744411888
"p226": 0.0003725719317854662
"p227": 2.6343469924224887E-05
"p228": 0.012870666734407017
"p229": 0.004596935501777243
"p230": 0.0008222925969204481
"p231": 5.268693984844977E-05
"p232": 0.0016841003987272335
"p233": 0.0005833196911792653
"p234": 8.467543904215143E-05
"p235": 1.8816764231589204E-06
"p236": 0.0019663518622010713
"p237": 0.000615308190372967
"p238": 7.526705692635681E-05
"p239": 1.8816764231589204E-06
"p240": 0.009669935138613691
"p241": 0.0032665902706038854
"p242": 0.0006303616017582383
"p243": 7.33853805031979E-05
"p244": 0.019460297568309557
"p245": 0.007609499455254675
"p246": 0.0017480773971146374
"p247": 0.00021639278866327586
"p248": 0.0018007643369630864
"p249": 0.0005494495155624049
"p250": 0.00012419064392848875
"p251": 3.7633528463178407E-06
