"p189": 0.0001486524374295547
"p190": 5.645029269476761E-06
"p191": 0
"p192": 0.0007865407448804286
"p193": 0.00017311423093062072
"p194": 3.7633528463178407E-06
"p195": 0
"p196": 0.0019211916280452571
"p197": 0.0005080526342529085
"p198": 6.021364554108545E-05
"p199": 0
"p200": 0.00012607232035164766
"p201": 4.8923587002131926E-05
"p202": 5.645029269476761E-06
"p203": 0
"p204": 0.00029165984558963265
"p205": 0.00012230896750532982
"p206": 1.6935087808430286E-05
"p207": 0
"p208": 0
"p209": 0
"p210": 0
"p211": 0
"p212": 0.000212629435816958
"p213": 3.3870175616860565E-05
"p214": 0
"p215": 0
"p216": 0
"p217": 0
"p218": 0
"p219": 0
"p220": 0
"p221": 0
"p222": 0
"p223": 0
"p224": 0.005923517380104281
"p225": 0.001909901569506304
"p226": 0.00031800331551385747
"p227": 2.2580117077907045E-05
"p228": 0.005818143500407383
"p229": 0.0018252261304641524
"p230": 0.000284133139896997
"p231": 1.6935087808430286E-05
"p232": 0.0024047824687971
"p233": 0.0007206820700698665
"p234": 5.0805263425290837E-05
"p235": 0
"p236": 0.0013510436718281046
"p237": 0.0004779458114823658
"p238": 2.0698440654748124E-05
"p239": 0
"p240": 0.002673862197308826
"p241": 0.0006604684245287809
"p242": 6.774035123372113E-05
"p243": 5.645029269476761E-06
"p244": 0.005152030046609125
"p245": 0.0014789976686029112
"p246": 0.0002239194943559115
"p247": 5.645029269476761E-06
"p248": 0.000378216961054943
"p249": 0.00011478226181269415
"p250": 5.645029269476761E-06
"p251": 0
