"p189": 0.0013510436718281048
"p190": 0.00026343469924224885
"p191": 2.8225146347383808E-05
"p192": 0.001204272910821709
"p193": 0.0002991865512822684
"p194": 3.198849919370165E-05
"p195": 1.8816764231589204E-06
"p196": 0
"p197": 0
"p198": 0
"p199": 0
"p200": 0.005007140962025886
"p201": 0.001763130808499908
"p202": 0.00036316354966967166
"p203": 4.139688130949625E-05
"p204": 0.0009784717400426386
"p205": 0.00036504522609283053
"p206": 5.833196911792654E-05
"p207": 1.1290058538953523E-05
"p208": 0
"p209": 0
"p210": 0
"p211": 0
"p212": 0
"p213": 0
"p214": 0
"p215": 0
"p216": 0.000517461016368703
"p217": 0.00011478226181269414
"p218": 5.645029269476761E-06
"p219": 0
"p220": 4.139688130949625E-05
"p221": 0
"p222": 0
"p223": 0
"p224": 0.003281643681989157
"p225": 0.0010687922083542668
"p226": 0.0002032210537011634
"p227": 1.8816764231589203E-05
"p228": 0.0003405834325917646
"p229": 6.962202765688006E-05
"p230": 5.645029269476761E-06
"p231": 0
"p232": 0.05415841081136008
"p233": 0.023460741643945425
"p234": 0.006170016991538101
"p235": 0.0008862695953078518
"p236": 0.018767840644587076
"p237": 0.0069283325900711444
"p238": 0.0013585703775207407
"p239": 0.00013171734962112442
"p240": 0.0008015941562657001
"p241": 0.0002803697870506791
"p242": 4.892358700213194E-05
"p243": 1.1290058538953523E-05
"p244": 2.6343469924224887E-05
"p245": 0
"p246": 0
"p247": 0
"p248": 0.021110527791419927
"p249": 0.007833418949610586
"p250": 0.0016201234003398305
"p251": 0.00013171734962112445
