"p189": 0.0010650288555079488
"p190": 0.00022015614150959367
"p191": 1.6935087808430282E-05
"p192": 0.0007470255399940913
"p193": 0.00013548070246744229
"p194": 1.1290058538953523E-05
"p195": 0
"p196": 7.33853805031979E-05
"p197": 0
"p198": 0
"p199": 0
"p200": 0.01324512034261564
"p201": 0.004384306065960285
"p202": 0.0008110025383814946
"p203": 7.33853805031979E-05
"p204": 0.004615752266008831
"p205": 0.0017029171629588228
"p206": 0.0003612818732465127
"p207": 4.8923587002131926E-05
"p208": 0.00021262943581695798
"p209": 3.3870175616860565E-05
"p210": 0
"p211": 0
"p212": 0
"p213": 0
"p214": 0
"p215": 0
"p216": 0.0006472966895666686
"p217": 9.972885042742277E-05
"p218": 5.645029269476761E-06
"p219": 0
"p220": 1.5053411385271363E-05
"p221": 3.7633528463178407E-06
"p222": 0
"p223": 0
"p224": 0.0004139688130949624
"p225": 8.655711546531035E-05
"p226": 1.3171734962112444E-05
"p227": 0
"p228": 0
"p229": 0
"p230": 0
"p231": 0
"p232": 0.00831889146678559
"p233": 0.0024179542037592126
"p234": 0.0004158504895181214
"p235": 3.0106822770542726E-05
"p236": 0.0019889319792789784
"p237": 0.0006661134537982577
"p238": 0.0001392440553137601
"p239": 1.3171734962112444E-05
"p240": 0.0005362777806002922
"p241": 0.0001580608195453493
"p242": 2.4461793501065963E-05
"p243": 0
"p244": 0
"p245": 0
"p246": 0
"p247": 0
"p248": 0.01523217064547146
"p249": 0.004788866496939453
"p250": 0.0007677239806488396
"p251": 5.080526342529086E-05
