"p189": 0.006849302180298472
"p190": 0.0011007807075479683
"p191": 8.279376261899251E-05
"p192": 0.0027453659013888646
"p193": 0.0010217502977752939
"p194": 0.00015241579027587253
"p195": 5.645029269476761E-06
"p196": 0
"p197": 0
"p198": 0
"p199": 0
"p200": 0.0009596549758110494
"p201": 0.0002540263171264543
"p202": 9.408382115794602E-06
"p203": 0
"p204": 0.0007112736879540719
"p205": 0.00021827446508643477
"p206": 2.4461793501065963E-05
"p207": 0
"p208": 0.0039044785780547597
"p209": 0.0013830321710218065
"p210": 0.0002464996114338186
"p211": 7.5267056926356815E-06
"p212": 8.091208619583358E-05
"p213": 0
"p214": 0
"p215": 0
"p216": 0.002103714241091673
"p217": 0.0006774035123372113
"p218": 9.596549758110493E-05
"p219": 0
"p220": 0.001537329637720838
"p221": 0.0005513311919855638
"p222": 0.00010725555612005845
"p223": 1.1290058538953523E-05
"p224": 0.008672646634339462
"p225": 0.0034359411486881886
"p226": 0.0006642317773750989
"p227": 3.0106822770542726E-05
"p228": 5.645029269476761E-06
"p229": 0
"p230": 0
"p231": 0
"p232": 0.011030387192557592
"p233": 0.003737009376393616
"p234": 0.0006002547789876956
"p235": 3.951520488633733E-05
"p236": 0.006271627518388681
"p237": 0.0022373132671359565
"p238": 0.00044407563586550515
"p239": 5.64502926947676E-05
"p240": 0.014404233019281537
"p241": 0.005848250323177924
"p242": 0.001253196497823841
"p243": 9.032046831162818E-05
"p244": 6.39769983874033E-05
"p245": 5.645029269476761E-06
"p246": 0
"p247": 0
"p248": 0.022756994661683988
"p249": 0.008164594000086555
"p250": 0.0013830321710218065
"p251": 0.00010349220327374062
