"p189": 0.007060049939692269
"p190": 0.0018007643369630868
"p191": 0.00026155302281908997
"p192": 1.3171734962112444E-05
"p193": 0
"p194": 0
"p195": 0
"p196": 0.00037445360820862513
"p197": 8.091208619583358E-05
"p198": 0
"p199": 0
"p200": 0.0010631471790847901
"p201": 0.0002145111122401169
"p202": 7.5267056926356815E-06
"p203": 0
"p204": 0.003456639589342937
"p205": 0.001059383826238472
"p206": 0.00017687758377693853
"p207": 7.5267056926356815E-06
"p208": 0
"p209": 0
"p210": 0
"p211": 0
"p212": 0
"p213": 0
"p214": 0
"p215": 0
"p216": 2.2580117077907045E-05
"p217": 0
"p218": 0
"p219": 0
"p220": 0.00039327037244021434
"p221": 7.150370408003899E-05
"p222": 5.645029269476761E-06
"p223": 0
"p224": 0.0004986442521371139
"p225": 8.467543904215143E-05
"p226": 1.8816764231589204E-06
"p227": 0
"p228": 0.0008523994196909908
"p229": 0.00021451111224011696
"p230": 2.2580117077907045E-05
"p231": 0
"p232": 0.007889869242305352
"p233": 0.002694560637963574
"p234": 0.0005362777806002923
"p235": 7.714873334951574E-05
"p236": 0.012345679012345677
"p237": 0.004145333160219102
"p238": 0.0008166475676509715
"p239": 8.655711546531033E-05
"p240": 6.585867481056221E-05
"p241": 1.3171734962112442E-05
"p242": 0
"p243": 0
"p244": 0.00019945770085484557
"p245": 2.2580117077907045E-05
"p246": 0
"p247": 0
"p248": 0.0027491292542351823
"p249": 0.0007300904521856611
"p250": 0.00010537387969689954
"p251": 2.258011707790705E-05
