"p189": 0.0004986442521371139
"p190": 7.150370408003898E-05
"p191": 5.645029269476761E-06
"p192": 0.0018195811011946761
"p193": 0.0005513311919855638
"p194": 8.091208619583357E-05
"p195": 1.1290058538953523E-05
"p196": 0.004433229652962416
"p197": 0.001556146401952427
"p198": 0.00030671325697490405
"p199": 4.139688130949625E-05
"p200": 0.0003499918147075592
"p201": 0.00011478226181269415
"p202": 3.198849919370165E-05
"p203": 5.645029269476761E-06
"p204": 0.001317173496211244
"p205": 0.000472300782212889
"p206": 9.408382115794602E-05
"p207": 7.5267056926356815E-06
"p208": 5.645029269476761E-05
"p209": 0
"p210": 0
"p211": 0
"p212": 0.000660468424528781
"p213": 0.0001486524374295547
"p214": 1.6935087808430286E-05
"p215": 0
"p216": 0
"p217": 0
"p218": 0
"p219": 0
"p220": 0
"p221": 0
"p222": 0
"p223": 0
"p224": 0.013640272391479014
"p225": 0.0057428764434810245
"p226": 0.001226853027899616
"p227": 0.00011666393823585307
"p228": 0.02325752059024426
"p229": 0.009511874319068343
"p230": 0.0022730651191759763
"p231": 0.0002822514634738381
"p232": 0.005893410557333738
"p233": 0.0023633855874876037
"p234": 0.0003932703724402144
"p235": 1.1290058538953523E-05
"p236": 0.007046878204730158
"p237": 0.0026042401696519456
"p238": 0.00040644210740232686
"p239": 1.8816764231589207E-05
"p240": 0.006913279178685875
"p241": 0.0024480610265297546
"p242": 0.0004986442521371139
"p243": 7.33853805031979E-05
"p244": 0.01607704335946982
"p245": 0.006390173133047694
"p246": 0.0016163600474935127
"p247": 0.0002314462000485472
"p248": 0.0013397536132891508
"p249": 0.00043654893017286954
"p250": 9.784717400426387E-05
"p251": 1.8816764231589204E-06
