"p189": 0.0006698768066445757
"p190": 8.655711546531035E-05
"p191": 3.7633528463178407E-06
"p192": 0.009893854632969603
"p193": 0.0043240924204191985
"p194": 0.0010951356782784917
"p195": 0.00015053411385271365
"p196": 0.012590296947356337
"p197": 0.006143673521613874
"p198": 0.001733023985729366
"p199": 0.00024461793501065964
"p200": 0.005120041547415422
"p201": 0.0018666230117736489
"p202": 0.0003104766098212219
"p203": 1.1290058538953523E-05
"p204": 0.004258233745608636
"p205": 0.001422547375908144
"p206": 0.00020698440654748126
"p207": 1.1290058538953523E-05
"p208": 0.015535120549600052
"p209": 0.007031824793344886
"p210": 0.0018628596589273314
"p211": 0.00025967134639593104
"p212": 0.013770108064676982
"p213": 0.0069603210892648475
"p214": 0.0021187676524769446
"p215": 0.00040456043097916787
"p216": 0.011888431641518059
"p217": 0.004572473708276177
"p218": 0.0008279376261899249
"p219": 3.010682277054273E-05
"p220": 0.008134487177316014
"p221": 0.003084067657557471
"p222": 0.0005306327513308157
"p223": 3.387017561686057E-05
"p224": 0.005631857534514648
"p225": 0.002086779153283243
"p226": 0.0004214955187875981
"p227": 1.8816764231589203E-05
"p228": 0.01009707568667077
"p229": 0.004290222244802339
"p230": 0.0009954068278510693
"p231": 3.951520488633733E-05
"p232": 0.0015072228149502955
"p233": 0.00041396881309496247
"p234": 3.0106822770542726E-05
"p235": 1.8816764231589204E-06
"p236": 0.0009878801221584331
"p237": 0.0002860148163201559
"p238": 2.8225146347383808E-05
"p239": 1.8816764231589204E-06
"p240": 0.0068060236225658145
"p241": 0.0021093592703611496
"p242": 0.00033117505047597
"p243": 1.6935087808430286E-05
"p244": 0.010686040407119509
"p245": 0.004216836864299141
"p246": 0.0008298193026130839
"p247": 4.1396881309496255E-05
"p248": 0.001206154587244868
"p249": 0.0003161216390906986
"p250": 3.575185204001949E-05
"p251": 1.8816764231589204E-06
