"p189": 0.0030520791583637692
"p190": 0.0004271405480570749
"p191": 2.822514634738381E-05
"p192": 0.006160608609422307
"p193": 0.0025346181419950656
"p194": 0.000568266279793994
"p195": 5.456861627160869E-05
"p196": 4.516023415581409E-05
"p197": 5.645029269476761E-06
"p198": 0
"p199": 0
"p200": 0.012296755425343546
"p201": 0.004487798269234024
"p202": 0.0008806245660383748
"p203": 8.091208619583357E-05
"p204": 0.007872934154496924
"p205": 0.0029730487485910935
"p206": 0.0006774035123372112
"p207": 9.972885042742278E-05
"p208": 0.00040644210740232675
"p209": 6.585867481056221E-05
"p210": 5.645029269476761E-06
"p211": 0
"p212": 2.8225146347383805E-05
"p213": 0
"p214": 0
"p215": 0
"p216": 2.6343469924224884E-05
"p217": 1.8816764231589204E-06
"p218": 0
"p219": 0
"p220": 0.0001373623788906012
"p221": 2.6343469924224887E-05
"p222": 0
"p223": 0
"p224": 0.006345012898891879
"p225": 0.002470641143607662
"p226": 0.000541922809869769
"p227": 3.7633528463178407E-05
"p228": 1.8816764231589204E-06
"p229": 0
"p230": 0
"p231": 0
"p232": 0.0072538626112776386
"p233": 0.0026437553745382826
"p234": 0.0005400411334466101
"p235": 4.516023415581409E-05
"p236": 0.005103106459606993
"p237": 0.0017386690149988424
"p238": 0.00040456043097916787
"p239": 6.021364554108546E-05
"p240": 0.010324758533872998
"p241": 0.003994799046366388
"p242": 0.0007526705692635681
"p243": 2.8225146347383805E-05
"p244": 3.7633528463178407E-06
"p245": 0
"p246": 0
"p247": 0
"p248": 0.007590682691023084
"p249": 0.0023840840281423525
"p250": 0.0003650452260928306
"p251": 2.2580117077907045E-05
