"p189": 0.0029523503079363464
"p190": 0.00048735419359816035
"p191": 4.1396881309496255E-05
"p192": 0.004860370201019491
"p193": 0.0017349056621525246
"p194": 0.00034811013828440026
"p195": 3.951520488633733E-05
"p196": 5.645029269476761E-06
"p197": 0
"p198": 0
"p199": 0
"p200": 0.005684544474363098
"p201": 0.0021150042996306265
"p202": 0.00043090390090339274
"p203": 4.51602341558141E-05
"p204": 0.004578118737545653
"p205": 0.0016539935759566908
"p206": 0.0003236483447833343
"p207": 4.8923587002131926E-05
"p208": 0.000472300782212889
"p209": 6.585867481056221E-05
"p210": 5.645029269476761E-06
"p211": 0
"p212": 1.1290058538953523E-05
"p213": 0
"p214": 0
"p215": 0
"p216": 2.0698440654748128E-05
"p217": 1.8816764231589204E-06
"p218": 0
"p219": 0
"p220": 0.00011290058538953523
"p221": 3.198849919370165E-05
"p222": 0
"p223": 0
"p224": 0.0034246510901492343
"p225": 0.0009182580945015532
"p226": 0.00014300740816007796
"p227": 9.408382115794602E-06
"p228": 0
"p229": 0
"p230": 0
"p231": 0
"p232": 0.00242171755660553
"p233": 0.0007432621871477737
"p234": 0.0001392440553137601
"p235": 1.1290058538953523E-05
"p236": 0.001830871159733629
"p237": 0.0005475678391392458
"p238": 0.00011290058538953522
"p239": 1.3171734962112444E-05
"p240": 0.008189055793587623
"p241": 0.002634346992422489
"p242": 0.00047982748790552474
"p243": 3.3870175616860565E-05
"p244": 0
"p245": 0
"p246": 0
"p247": 0
"p248": 0.003185678184408052
"p249": 0.0009991701806973867
"p250": 0.0001749959073537796
"p251": 1.3171734962112444E-05
