"p252": 6.209532196424438E-05
"p253": 2.0698440654748124E-05
"p254": 1.8816764231589204E-06
"p255": 0
"p256": 0.0010951356782784914
"p257": 0.0002935415220127916
"p258": 2.8225146347383808E-05
"p259": 1.8816764231589204E-06
"p260": 0
"p261": 0
"p262": 0
"p263": 0
"p264": 0.0012249713514764571
"p265": 0.00025402631712645424
"p266": 2.6343469924224887E-05
"p267": 1.8816764231589204E-06
"p268": 0.0005287510749076565
"p269": 0.00010161052685058169
"p270": 0
"p271": 0
"p272": 0.000876861213192057
"p273": 0.0002446179350106596
"p274": 2.8225146347383808E-05
"p275": 1.8816764231589204E-06
"p276": 5.645029269476761E-06
"p277": 0
"p278": 0
"p279": 0
"p280": 0.001512867844219772
"p281": 0.0002973048748591094
"p282": 3.575185204001949E-05
"p283": 1.8816764231589204E-06
"p284": 0.0007244454229161843
"p285": 9.596549758110495E-05
"p286": 3.7633528463178407E-06
"p287": 0
"p288": 0.0008110025383814946
"p289": 0.0001016105268505817
"p290": 7.5267056926356815E-06
"p291": 0
"p292": 0
"p293": 0
"p294": 0
"p295": 0
"p296": 0.00039138869601705535
"p297": 7.714873334951574E-05
"p298": 1.8816764231589204E-06
"p299": 0
"p300": 0.00018440428946957414
"p301": 1.3171734962112444E-05
"p302": 0
"p303": 0
"p304": 0.0005118159870992264
"p305": 6.209532196424438E-05
"p306": 3.7633528463178407E-06
"p307": 0
"p308": 0
"p309": 0
"p310": 0
"p311": 0
"p312": 0.0001900493187390509
"p313": 3.9515204886337324E-05
"p314": 0
