"p252": 0.00010725555612005845
"p253": 5.456861627160869E-05
"p254": 3.7633528463178407E-06
"p255": 0
"p256": 0.00127201326205543
"p257": 0.00041396881309496247
"p258": 7.150370408003898E-05
"p259": 1.1290058538953523E-05
"p260": 5.645029269476761E-06
"p261": 0
"p262": 0
"p263": 0
"p264": 0.00039891540170969113
"p265": 8.27937626189925E-05
"p266": 9.408382115794602E-06
"p267": 0
"p268": 0.0012814216441712246
"p269": 0.0002841331398969969
"p270": 1.1290058538953523E-05
"p271": 0
"p272": 0.001196746205129073
"p273": 0.0003857436667475787
"p274": 6.585867481056221E-05
"p275": 1.1290058538953523E-05
"p276": 7.714873334951573E-05
"p277": 3.7633528463178407E-06
"p278": 0
"p279": 0
"p280": 0.0005099343106760674
"p281": 0.00011101890896637629
"p282": 9.408382115794602E-06
"p283": 0
"p284": 0.0020133937727800444
"p285": 0.00048359084075184255
"p286": 3.387017561686057E-05
"p287": 0
"p288": 0.0006679951302214167
"p289": 0.00016370584881482604
"p290": 7.5267056926356815E-06
"p291": 0
"p292": 0
"p293": 0
"p294": 0
"p295": 0
"p296": 7.714873334951574E-05
"p297": 5.645029269476761E-06
"p298": 0
"p299": 0
"p300": 0.00021827446508643471
"p301": 3.198849919370165E-05
"p302": 3.7633528463178407E-06
"p303": 0
"p304": 0.0003499918147075592
"p305": 7.33853805031979E-05
"p306": 1.8816764231589204E-06
"p307": 0
"p308": 3.7633528463178407E-06
"p309": 3.7633528463178407E-06
"p310": 0
"p311": 0
"p312": 2.8225146347383805E-05
"p313": 5.645029269476761E-06
"p314": 0
