"p252": 0.00040079707813285
"p253": 7.33853805031979E-05
"p254": 7.5267056926356815E-06
"p255": 0
"p256": 0.0002728430813580435
"p257": 3.7633528463178407E-05
"p258": 3.7633528463178407E-06
"p259": 0
"p260": 0
"p261": 0
"p262": 0
"p263": 0
"p264": 5.456861627160869E-05
"p265": 3.7633528463178407E-06
"p266": 0
"p267": 0
"p268": 8.279376261899248E-05
"p269": 5.645029269476761E-06
"p270": 0
"p271": 0
"p272": 0.00014300740816007796
"p273": 1.8816764231589203E-05
"p274": 0
"p275": 0
"p276": 0
"p277": 0
"p278": 0
"p279": 0
"p280": 7.526705692635681E-05
"p281": 1.3171734962112444E-05
"p282": 0
"p283": 0
"p284": 0.00014300740816007796
"p285": 3.575185204001949E-05
"p286": 0
"p287": 0
"p288": 0.0015561464019524269
"p289": 0.0003462284618612414
"p290": 3.198849919370165E-05
"p291": 1.8816764231589204E-06
"p292": 0
"p293": 0
"p294": 0
"p295": 0
"p296": 0.0014376007872934152
"p297": 0.0002860148163201559
"p298": 2.8225146347383808E-05
"p299": 1.8816764231589204E-06
"p300": 0.0006491783659898275
"p301": 0.0001129005853895352
"p302": 0
"p303": 0
"p304": 0.001226853027899616
"p305": 0.0002991865512822683
"p306": 3.198849919370165E-05
"p307": 1.8816764231589204E-06
"p308": 5.645029269476761E-06
"p309": 0
"p310": 0
"p311": 0
"p312": 0.001601306636108241
"p313": 0.00030106822770542725
"p314": 3.575185204001949E-05
