"p252": 0.0003292933740528111
"p253": 0.00010161052685058169
"p254": 3.7633528463178407E-06
"p255": 0
"p256": 2.2580117077907045E-05
"p257": 0
"p258": 0
"p259": 0
"p260": 0
"p261": 0
"p262": 0
"p263": 0
"p264": 1.6935087808430282E-05
"p265": 0
"p266": 0
"p267": 0
"p268": 2.2580117077907045E-05
"p269": 3.7633528463178407E-06
"p270": 0
"p271": 0
"p272": 0
"p273": 0
"p274": 0
"p275": 0
"p276": 0
"p277": 0
"p278": 0
"p279": 0
"p280": 0
"p281": 0
"p282": 0
"p283": 0
"p284": 0
"p285": 0
"p286": 0
"p287": 0
"p288": 0.0008862695953078516
"p289": 0.00019757602443168663
"p290": 1.6935087808430286E-05
"p291": 0
"p292": 1.6935087808430286E-05
"p293": 0
"p294": 0
"p295": 0
"p296": 0.0004064421074023268
"p297": 8.843879188846926E-05
"p298": 5.645029269476761E-06
"p299": 0
"p300": 0.0010085785628131813
"p301": 0.00022203781793275263
"p302": 1.1290058538953523E-05
"p303": 0
"p304": 6.774035123372113E-05
"p305": 5.645029269476761E-06
"p306": 0
"p307": 0
"p308": 0
"p309": 0
"p310": 0
"p311": 0
"p312": 3.951520488633733E-05
"p313": 0
"p314": 0
