"p252": 0.0005852013676024242
"p253": 0.0001938126715853688
"p254": 1.1290058538953523E-05
"p255": 0
"p256": 0
"p257": 0
"p258": 0
"p259": 0
"p260": 1.3171734962112444E-05
"p261": 0
"p262": 0
"p263": 0
"p264": 1.6935087808430282E-05
"p265": 1.8816764231589204E-06
"p266": 0
"p267": 0
"p268": 0.00014488908458323686
"p269": 2.0698440654748124E-05
"p270": 1.8816764231589204E-06
"p271": 0
"p272": 0
"p273": 0
"p274": 0
"p275": 0
"p276": 0.0001016105268505817
"p277": 1.5053411385271363E-05
"p278": 0
"p279": 0
"p280": 2.4461793501065963E-05
"p281": 1.8816764231589204E-06
"p282": 0
"p283": 0
"p284": 0.0001467707610063958
"p285": 2.6343469924224884E-05
"p286": 0
"p287": 0
"p288": 0.00013359902604428333
"p289": 1.8816764231589203E-05
"p290": 0
"p291": 0
"p292": 0.0002747247577812024
"p293": 4.516023415581409E-05
"p294": 0
"p295": 0
"p296": 0.0010386853855837241
"p297": 0.00022768284720222934
"p298": 1.8816764231589203E-05
"p299": 0
"p300": 0.0023897290574118285
"p301": 0.0006491783659898275
"p302": 8.655711546531033E-05
"p303": 1.1290058538953523E-05
"p304": 0.00039138869601705546
"p305": 6.585867481056221E-05
"p306": 0
"p307": 0
"p308": 0.00046289240009709447
"p309": 0.00010537387969689954
"p310": 1.1290058538953523E-05
"p311": 0
"p312": 0.0011177157953563986
"p313": 0.0002784881106275202
"p314": 3.0106822770542726E-05
