"p252": 0.0007470255399940912
"p253": 0.0002088660829706402
"p254": 1.6935087808430286E-05
"p255": 0
"p256": 7.5267056926356815E-06
"p257": 0
"p258": 0
"p259": 0
"p260": 0.0001505341138527136
"p261": 1.8816764231589203E-05
"p262": 0
"p263": 0
"p264": 0.00011478226181269414
"p265": 1.5053411385271363E-05
"p266": 0
"p267": 0
"p268": 0.00024838128785697745
"p269": 2.258011707790705E-05
"p270": 0
"p271": 0
"p272": 0
"p273": 0
"p274": 0
"p275": 0
"p276": 0
"p277": 0
"p278": 0
"p279": 0
"p280": 0
"p281": 0
"p282": 0
"p283": 0
"p284": 2.2580117077907045E-05
"p285": 0
"p286": 0
"p287": 0
"p288": 0.00087121618392258
"p289": 0.0002239194943559115
"p290": 2.0698440654748128E-05
"p291": 0
"p292": 0.0008825062424615336
"p293": 0.00018064093662325633
"p294": 2.2580117077907045E-05
"p295": 0
"p296": 0.005919754027257963
"p297": 0.0018365161890031064
"p298": 0.0002973048748591094
"p299": 1.5053411385271363E-05
"p300": 0.009186344297861847
"p301": 0.0028093428997762685
"p302": 0.0005080526342529086
"p303": 6.021364554108545E-05
"p304": 0.00017123255450746173
"p305": 5.2686939848449775E-05
"p306": 5.645029269476761E-06
"p307": 0
"p308": 0.0001392440553137601
"p309": 6.021364554108545E-05
"p310": 1.1290058538953523E-05
"p311": 0
"p312": 0.0005475678391392458
"p313": 0.00011478226181269416
"p314": 1.1290058538953523E-05
