"p252": 0.0003706902553623073
"p253": 0.00012607232035164766
"p254": 5.645029269476761E-06
"p255": 0
"p256": 0.00035563684397703593
"p257": 5.833196911792653E-05
"p258": 0
"p259": 0
"p260": 0.00043654893017286954
"p261": 0.00010537387969689954
"p262": 1.1290058538953523E-05
"p263": 0
"p264": 0.0010951356782784917
"p265": 0.00027660643420436126
"p266": 3.0106822770542726E-05
"p267": 0
"p268": 0.0022053247679422543
"p269": 0.0006416516602971917
"p270": 8.655711546531033E-05
"p271": 1.1290058538953523E-05
"p272": 0
"p273": 0
"p274": 0
"p275": 0
"p276": 3.7633528463178407E-06
"p277": 0
"p278": 0
"p279": 0
"p280": 0
"p281": 0
"p282": 0
"p283": 0
"p284": 5.645029269476761E-06
"p285": 0
"p286": 0
"p287": 0
"p288": 7.338538050319788E-05
"p289": 9.408382115794602E-06
"p290": 0
"p291": 0
"p292": 0.00020510273012432228
"p293": 2.0698440654748124E-05
"p294": 0
"p295": 0
"p296": 0.0008994413302699641
"p297": 0.00018628596589273313
"p298": 1.8816764231589203E-05
"p299": 0
"p300": 0.0020115120963568856
"p301": 0.0004892358700213193
"p302": 6.585867481056221E-05
"p303": 1.1290058538953523E-05
"p304": 0.00010349220327374062
"p305": 1.5053411385271363E-05
"p306": 0
"p307": 0
"p308": 0.0002464996114338185
"p309": 6.209532196424438E-05
"p310": 0
"p311": 0
"p312": 0.0002314462000485472
"p313": 3.198849919370165E-05
"p314": 0
