"p252": 0.0004214955187875982
"p253": 0.00012607232035164768
"p254": 5.645029269476761E-06
"p255": 0
"p256": 0
"p257": 0
"p258": 0
"p259": 0
"p260": 0.0001016105268505817
"p261": 1.5053411385271363E-05
"p262": 0
"p263": 0
"p264": 2.4461793501065963E-05
"p265": 1.8816764231589204E-06
"p266": 0
"p267": 0
"p268": 0.0001467707610063958
"p269": 2.6343469924224884E-05
"p270": 0
"p271": 0
"p272": 0
"p273": 0
"p274": 0
"p275": 0
"p276": 0
"p277": 0
"p278": 0
"p279": 0
"p280": 0
"p281": 0
"p282": 0
"p283": 0
"p284": 5.645029269476761E-06
"p285": 0
"p286": 0
"p287": 0
"p288": 0.0004233771952107571
"p289": 6.774035123372114E-05
"p290": 0
"p291": 0
"p292": 0.0006209532196424438
"p293": 0.00011666393823585307
"p294": 1.1290058538953523E-05
"p295": 0
"p296": 0.001938126715853688
"p297": 0.00045724737082761767
"p298": 4.892358700213193E-05
"p299": 0
"p300": 0.004107699631755923
"p301": 0.001083845619739538
"p302": 0.00015241579027587253
"p303": 2.2580117077907045E-05
"p304": 8.655711546531033E-05
"p305": 1.5053411385271363E-05
"p306": 0
"p307": 0
"p308": 0.00012042729108217092
"p309": 2.2580117077907045E-05
"p310": 0
"p311": 0
"p312": 0.00017123255450746176
"p313": 1.8816764231589203E-05
"p314": 0
