"p252": 9.596549758110492E-05
"p253": 5.833196911792653E-05
"p254": 0
"p255": 0
"p256": 0.0002521446407032953
"p257": 4.516023415581409E-05
"p258": 0
"p259": 0
"p260": 3.7633528463178407E-06
"p261": 0
"p262": 0
"p263": 0
"p264": 0.0015956616068387643
"p265": 0.0004798274879055247
"p266": 8.091208619583357E-05
"p267": 1.1290058538953523E-05
"p268": 0.0009747083871963206
"p269": 0.00019757602443168663
"p270": 7.5267056926356815E-06
"p271": 0
"p272": 0.0003819803139012608
"p273": 0.0001016105268505817
"p274": 1.1290058538953523E-05
"p275": 0
"p276": 7.33853805031979E-05
"p277": 3.7633528463178407E-06
"p278": 0
"p279": 0
"p280": 0.0016144783710703536
"p281": 0.00047982748790552474
"p282": 7.526705692635681E-05
"p283": 1.1290058538953523E-05
"p284": 0.001768775837769385
"p285": 0.0003650452260928306
"p286": 1.8816764231589203E-05
"p287": 0
"p288": 3.9515204886337324E-05
"p289": 9.408382115794602E-06
"p290": 0
"p291": 0
"p292": 0
"p293": 0
"p294": 0
"p295": 0
"p296": 0.0007357354814551379
"p297": 0.0001674692016611439
"p298": 7.5267056926356815E-06
"p299": 0
"p300": 0.0001768775837769385
"p301": 1.8816764231589207E-05
"p302": 0
"p303": 0
"p304": 0.0001505341138527136
"p305": 3.951520488633733E-05
"p306": 0
"p307": 0
"p308": 0
"p309": 0
"p310": 0
"p311": 0
"p312": 0.0003594001968233538
"p313": 7.714873334951573E-05
"p314": 1.8816764231589204E-06
