"p252": 0.0018854397760052384
"p253": 0.0006811668651835292
"p254": 8.655711546531033E-05
"p255": 0
"p256": 1.8816764231589204E-06
"p257": 0
"p258": 0
"p259": 0
"p260": 1.1290058538953523E-05
"p261": 0
"p262": 0
"p263": 0
"p264": 0
"p265": 0
"p266": 0
"p267": 0
"p268": 0
"p269": 0
"p270": 0
"p271": 0
"p272": 0
"p273": 0
"p274": 0
"p275": 0
"p276": 7.5267056926356815E-06
"p277": 0
"p278": 0
"p279": 0
"p280": 0
"p281": 0
"p282": 0
"p283": 0
"p284": 3.7633528463178407E-06
"p285": 0
"p286": 0
"p287": 0
"p288": 0.00010913723254321738
"p289": 5.645029269476761E-06
"p290": 0
"p291": 0
"p292": 0.0002784881106275202
"p293": 5.6450292694767617E-05
"p294": 0
"p295": 0
"p296": 1.3171734962112442E-05
"p297": 0
"p298": 0
"p299": 0
"p300": 6.021364554108546E-05
"p301": 0
"p302": 0
"p303": 0
"p304": 0.00015241579027587256
"p305": 9.408382115794602E-06
"p306": 0
"p307": 0
"p308": 0.00019945770085484554
"p309": 4.3278557732655166E-05
"p310": 0
"p311": 0
"p312": 3.9515204886337324E-05
"p313": 1.8816764231589204E-06
"p314": 0
