"p252": 7.903040977267465E-05
"p253": 3.0106822770542726E-05
"p254": 5.645029269476761E-06
"p255": 0
"p256": 0.002321988706178107
"p257": 0.0007300904521856612
"p258": 0.00012230896750532982
"p259": 7.5267056926356815E-06
"p260": 0.00318944153725437
"p261": 0.001130887530318511
"p262": 0.00021639278866327584
"p263": 3.0106822770542726E-05
"p264": 0.0007319721286088201
"p265": 0.0001919309951622099
"p266": 2.2580117077907045E-05
"p267": 0
"p268": 0.001874149717466284
"p269": 0.00045536569440445874
"p270": 4.516023415581409E-05
"p271": 0
"p272": 0.0019795235971631843
"p273": 0.0007413805107246148
"p274": 0.0001486524374295547
"p275": 7.5267056926356815E-06
"p276": 0.0019136649223526218
"p277": 0.0007733690099183163
"p278": 0.00017875926020009743
"p279": 3.0106822770542726E-05
"p280": 0.0008335826554594018
"p281": 0.0002577896699727721
"p282": 3.0106822770542726E-05
"p283": 0
"p284": 0.002321988706178107
"p285": 0.0007489072164172503
"p286": 0.00010913723254321738
"p287": 0
"p288": 0.0013021200848259728
"p289": 0.00024273625858750068
"p290": 7.5267056926356815E-06
"p291": 0
"p292": 0.0025590799354961316
"p293": 0.0006642317773750988
"p294": 5.645029269476761E-05
"p295": 0
"p296": 0.00017875926020009743
"p297": 2.4461793501065963E-05
"p298": 0
"p299": 0
"p300": 0.0003123582862443808
"p301": 5.456861627160868E-05
"p302": 7.5267056926356815E-06
"p303": 0
"p304": 0.0005231060456381798
"p305": 6.021364554108546E-05
"p306": 0
"p307": 0
"p308": 0.0009351931823099833
"p309": 0.00022203781793275258
"p310": 1.5053411385271363E-05
"p311": 0
"p312": 4.704191057897301E-05
"p313": 1.3171734962112444E-05
"p314": 0
