"p252": 0.0009257848001941885
"p253": 0.0002653163756654077
"p254": 1.6935087808430286E-05
"p255": 0
"p256": 0.0006472966895666684
"p257": 0.00019381267158536877
"p258": 2.0698440654748128E-05
"p259": 0
"p260": 0.0005155793399455443
"p261": 0.00013548070246744226
"p262": 2.2580117077907045E-05
"p263": 0
"p264": 0.002553434906226655
"p265": 0.0009239031237710301
"p266": 0.0001674692016611439
"p267": 7.5267056926356815E-06
"p268": 0.003324922239721812
"p269": 0.0012287347043227748
"p270": 0.00025402631712645424
"p271": 3.0106822770542726E-05
"p272": 0
"p273": 0
"p274": 0
"p275": 0
"p276": 7.5267056926356815E-06
"p277": 0
"p278": 0
"p279": 0
"p280": 0
"p281": 0
"p282": 0
"p283": 0
"p284": 7.5267056926356815E-06
"p285": 0
"p286": 0
"p287": 0
"p288": 0.0002446179350106597
"p289": 3.0106822770542726E-05
"p290": 0
"p291": 0
"p292": 0.00041020546024864466
"p293": 7.33853805031979E-05
"p294": 0
"p295": 0
"p296": 0.003693730818660961
"p297": 0.0009577732993878903
"p298": 0.0001298356731979655
"p299": 7.5267056926356815E-06
"p300": 0.006109803345997016
"p301": 0.0016859820751503926
"p302": 0.00025402631712645424
"p303": 3.0106822770542726E-05
"p304": 0.00023332787647170616
"p305": 5.2686939848449775E-05
"p306": 5.645029269476761E-06
"p307": 0
"p308": 0.0003161216390906987
"p309": 0.0001223089675053298
"p310": 1.1290058538953523E-05
"p311": 0
"p312": 0.0008806245660383748
"p313": 0.00015241579027587256
"p314": 1.1290058538953523E-05
