"p252": 0.0011402959124343053
"p253": 0.000353755167553877
"p254": 4.516023415581409E-05
"p255": 0
"p256": 7.338538050319788E-05
"p257": 1.5053411385271363E-05
"p258": 0
"p259": 0
"p260": 0.00011854561465901199
"p261": 1.5053411385271363E-05
"p262": 0
"p263": 0
"p264": 0.00027848811062752024
"p265": 7.714873334951574E-05
"p266": 5.645029269476761E-06
"p267": 0
"p268": 0.0004911175464444782
"p269": 0.00011478226181269414
"p270": 5.645029269476761E-06
"p271": 0
"p272": 0
"p273": 0
"p274": 0
"p275": 0
"p276": 0
"p277": 0
"p278": 0
"p279": 0
"p280": 0
"p281": 0
"p282": 0
"p283": 0
"p284": 0
"p285": 0
"p286": 0
"p287": 0
"p288": 3.575185204001949E-05
"p289": 3.7633528463178407E-06
"p290": 0
"p291": 0
"p292": 8.843879188846926E-05
"p293": 9.408382115794602E-06
"p294": 0
"p295": 0
"p296": 0.00042714054805707494
"p297": 6.585867481056221E-05
"p298": 5.645029269476761E-06
"p299": 0
"p300": 0.0011233608246258755
"p301": 0.00019945770085484554
"p302": 1.6935087808430286E-05
"p303": 0
"p304": 1.1290058538953523E-05
"p305": 0
"p306": 0
"p307": 0
"p308": 3.387017561686057E-05
"p309": 5.645029269476761E-06
"p310": 0
"p311": 0
"p312": 6.774035123372114E-05
"p313": 0
"p314": 0
