"p252": 5.2686939848449775E-05
"p253": 1.8816764231589203E-05
"p254": 1.8816764231589204E-06
"p255": 0
"p256": 0.0010217502977752937
"p257": 0.00028789649274331484
"p258": 2.4461793501065966E-05
"p259": 1.8816764231589204E-06
"p260": 0.0010951356782784914
"p261": 0.0002935415220127916
"p262": 2.8225146347383808E-05
"p263": 1.8816764231589204E-06
"p264": 0.0005249877220613388
"p265": 6.774035123372114E-05
"p266": 1.8816764231589204E-06
"p267": 0
"p268": 0.00028789649274331484
"p269": 3.3870175616860565E-05
"p270": 0
"p271": 0
"p272": 0.0010499754441226773
"p273": 0.000259671346395931
"p274": 2.8225146347383808E-05
"p275": 1.8816764231589204E-06
"p276": 0.00085428109611415
"p277": 0.0002446179350106596
"p278": 2.8225146347383808E-05
"p279": 1.8816764231589204E-06
"p280": 0.0007413805107246145
"p281": 0.0001016105268505817
"p282": 7.5267056926356815E-06
"p283": 0
"p284": 0.0005494495155624048
"p285": 6.209532196424438E-05
"p286": 3.7633528463178407E-06
"p287": 0
"p288": 0.0005249877220613388
"p289": 6.774035123372113E-05
"p290": 1.8816764231589204E-06
"p291": 0
"p292": 0.0008110025383814946
"p293": 0.0001016105268505817
"p294": 7.5267056926356815E-06
"p295": 0
"p296": 5.080526342529086E-05
"p297": 1.6935087808430286E-05
"p298": 0
"p299": 0
"p300": 2.8225146347383805E-05
"p301": 1.3171734962112444E-05
"p302": 0
"p303": 0
"p304": 0.00025026296428013644
"p305": 3.3870175616860565E-05
"p306": 0
"p307": 0
"p308": 0.0004948808992907961
"p309": 6.209532196424438E-05
"p310": 3.7633528463178407E-06
"p311": 0
"p312": 2.4461793501065966E-05
"p313": 9.408382115794602E-06
"p314": 0
