"p252": 0.00011854561465901199
"p253": 7.714873334951574E-05
"p254": 1.1290058538953523E-05
"p255": 0
"p256": 9.972885042742277E-05
"p257": 1.5053411385271363E-05
"p258": 0
"p259": 0
"p260": 1.1290058538953523E-05
"p261": 0
"p262": 0
"p263": 0
"p264": 5.645029269476762E-05
"p265": 1.3171734962112442E-05
"p266": 0
"p267": 0
"p268": 0.00013924405531376012
"p269": 2.6343469924224884E-05
"p270": 0
"p271": 0
"p272": 5.645029269476761E-06
"p273": 0
"p274": 0
"p275": 0
"p276": 0
"p277": 0
"p278": 0
"p279": 0
"p280": 0
"p281": 0
"p282": 0
"p283": 0
"p284": 0
"p285": 0
"p286": 0
"p287": 0
"p288": 0.002570369994035085
"p289": 0.0007338538050319789
"p290": 0.00012230896750532982
"p291": 2.2580117077907045E-05
"p292": 7.903040977267466E-05
"p293": 3.7633528463178407E-06
"p294": 0
"p295": 0
"p296": 0.0009765900636194795
"p297": 0.00020322105370116337
"p298": 1.8816764231589203E-05
"p299": 0
"p300": 0.0032327200949870257
"p301": 0.0007169187172235485
"p302": 4.516023415581409E-05
"p303": 0
"p304": 0.0004854725171750014
"p305": 0.00012607232035164766
"p306": 1.3171734962112442E-05
"p307": 0
"p308": 0
"p309": 0
"p310": 0
"p311": 0
"p312": 8.655711546531035E-05
"p313": 1.3171734962112444E-05
"p314": 0
