"p252": 0.0007056286586845952
"p253": 0.0002069844065474812
"p254": 2.8225146347383808E-05
"p255": 0
"p256": 3.575185204001949E-05
"p257": 3.7633528463178407E-06
"p258": 0
"p259": 0
"p260": 7.33853805031979E-05
"p261": 3.7633528463178407E-06
"p262": 0
"p263": 0
"p264": 0.00029730487485910944
"p265": 6.021364554108546E-05
"p266": 5.645029269476761E-06
"p267": 0
"p268": 0.000660468424528781
"p269": 0.0001486524374295547
"p270": 1.6935087808430286E-05
"p271": 0
"p272": 7.338538050319788E-05
"p273": 1.5053411385271363E-05
"p274": 0
"p275": 0
"p276": 0.00011854561465901199
"p277": 1.5053411385271363E-05
"p278": 0
"p279": 0
"p280": 0.00027848811062752024
"p281": 7.714873334951574E-05
"p282": 5.645029269476761E-06
"p283": 0
"p284": 0.0004911175464444782
"p285": 0.00011478226181269414
"p286": 5.645029269476761E-06
"p287": 0
"p288": 5.645029269476761E-06
"p289": 0
"p290": 0
"p291": 0
"p292": 2.0698440654748124E-05
"p293": 5.645029269476761E-06
"p294": 0
"p295": 0
"p296": 0.00016370584881482606
"p297": 5.645029269476761E-06
"p298": 0
"p299": 0
"p300": 0.0004685374293665712
"p301": 3.387017561686057E-05
"p302": 0
"p303": 0
"p304": 1.1290058538953523E-05
"p305": 0
"p306": 0
"p307": 0
"p308": 3.387017561686057E-05
"p309": 5.645029269476761E-06
"p310": 0
"p311": 0
"p312": 6.774035123372114E-05
"p313": 0
"p314": 0
