"p252": 0.0002803697870506791
"p253": 6.397699838740331E-05
"p254": 7.5267056926356815E-06
"p255": 0
"p256": 8.091208619583358E-05
"p257": 1.3171734962112442E-05
"p258": 0
"p259": 0
"p260": 0.000284133139896997
"p261": 3.7633528463178407E-05
"p262": 3.7633528463178407E-06
"p263": 0
"p264": 1.3171734962112444E-05
"p265": 0
"p266": 0
"p267": 0
"p268": 4.139688130949625E-05
"p269": 0
"p270": 0
"p271": 0
"p272": 9.784717400426387E-05
"p273": 1.5053411385271363E-05
"p274": 0
"p275": 0
"p276": 0.0001505341138527136
"p277": 1.8816764231589203E-05
"p278": 0
"p279": 0
"p280": 2.8225146347383805E-05
"p281": 9.408382115794602E-06
"p282": 0
"p283": 0
"p284": 8.467543904215141E-05
"p285": 2.4461793501065963E-05
"p286": 0
"p287": 0
"p288": 0.00134163528971231
"p289": 0.00033117505047596993
"p290": 2.6343469924224887E-05
"p291": 1.8816764231589204E-06
"p292": 0.0015617914312219035
"p293": 0.0003462284618612414
"p294": 3.198849919370165E-05
"p295": 1.8816764231589204E-06
"p296": 0.0005532128684087225
"p297": 7.150370408003898E-05
"p298": 1.8816764231589204E-06
"p299": 0
"p300": 0.0002860148163201559
"p301": 3.3870175616860565E-05
"p302": 0
"p303": 0
"p304": 0.0012061545872448678
"p305": 0.0002897781691664738
"p306": 2.8225146347383808E-05
"p307": 1.8816764231589204E-06
"p308": 0.0012324980571690927
"p309": 0.0002991865512822683
"p310": 3.198849919370165E-05
"p311": 1.8816764231589204E-06
"p312": 0.0007489072164172503
"p313": 0.0001016105268505817
"p314": 7.5267056926356815E-06
