"p252": 3.3870175616860565E-05
"p253": 3.0106822770542722E-05
"p254": 0
"p255": 0
"p256": 2.0698440654748124E-05
"p257": 1.8816764231589204E-06
"p258": 0
"p259": 0
"p260": 0.0001561791431221904
"p261": 2.6343469924224884E-05
"p262": 0
"p263": 0
"p264": 3.7633528463178407E-06
"p265": 0
"p266": 0
"p267": 0
"p268": 0.00012607232035164768
"p269": 2.6343469924224884E-05
"p270": 0
"p271": 0
"p272": 0
"p273": 0
"p274": 0
"p275": 0
"p276": 5.645029269476761E-06
"p277": 0
"p278": 0
"p279": 0
"p280": 0
"p281": 0
"p282": 0
"p283": 0
"p284": 0
"p285": 0
"p286": 0
"p287": 0
"p288": 0.0017349056621525248
"p289": 0.00042714054805707494
"p290": 4.892358700213193E-05
"p291": 0
"p292": 0.0030878310104037886
"p293": 0.00087121618392258
"p294": 0.00014112573173691902
"p295": 2.2580117077907045E-05
"p296": 0.00040079707813285006
"p297": 6.39769983874033E-05
"p298": 0
"p299": 0
"p300": 0.0021131226232074677
"p301": 0.00047982748790552463
"p302": 3.0106822770542726E-05
"p303": 0
"p304": 0.00015806081954534932
"p305": 1.8816764231589203E-05
"p306": 0
"p307": 0
"p308": 0.0005381594570234513
"p309": 0.0001373623788906012
"p310": 1.3171734962112442E-05
"p311": 0
"p312": 2.0698440654748128E-05
"p313": 0
"p314": 0
