"p252": 5.833196911792653E-05
"p253": 7.5267056926356815E-06
"p254": 0
"p255": 0
"p256": 0.00014300740816007796
"p257": 1.8816764231589203E-05
"p258": 0
"p259": 0
"p260": 0
"p261": 0
"p262": 0
"p263": 0
"p264": 7.526705692635681E-05
"p265": 1.3171734962112444E-05
"p266": 0
"p267": 0
"p268": 0.00014300740816007796
"p269": 3.575185204001949E-05
"p270": 0
"p271": 0
"p272": 1.1290058538953523E-05
"p273": 0
"p274": 0
"p275": 0
"p276": 0
"p277": 0
"p278": 0
"p279": 0
"p280": 0
"p281": 0
"p282": 0
"p283": 0
"p284": 0
"p285": 0
"p286": 0
"p287": 0
"p288": 0.0023916107338349877
"p289": 0.000541922809869769
"p290": 6.39769983874033E-05
"p291": 3.76335284631784E-06
"p292": 5.645029269476761E-06
"p293": 0
"p294": 0
"p295": 0
"p296": 0.0026418736981151246
"p297": 0.0005362777806002922
"p298": 6.397699838740328E-05
"p299": 3.76335284631784E-06
"p300": 0.0012720132620554303
"p301": 0.00017123255450746176
"p302": 3.7633528463178407E-06
"p303": 0
"p304": 0.000611544837526649
"p305": 0.00010537387969689955
"p306": 3.7633528463178407E-06
"p307": 0
"p308": 0
"p309": 0
"p310": 0
"p311": 0
"p312": 0.0003274116976296522
"p313": 2.0698440654748124E-05
"p314": 0
