"p252": 0.0004158504895181214
"p253": 0.0001486524374295547
"p254": 3.575185204001949E-05
"p255": 0
"p256": 0.00010349220327374062
"p257": 1.5053411385271363E-05
"p258": 0
"p259": 0
"p260": 1.5053411385271363E-05
"p261": 0
"p262": 0
"p263": 0
"p264": 0.0003594001968233538
"p265": 8.655711546531035E-05
"p266": 5.645029269476761E-06
"p267": 0
"p268": 0.0004760641350592069
"p269": 0.00011666393823585305
"p270": 5.645029269476761E-06
"p271": 0
"p272": 0
"p273": 0
"p274": 0
"p275": 0
"p276": 0
"p277": 0
"p278": 0
"p279": 0
"p280": 0
"p281": 0
"p282": 0
"p283": 0
"p284": 0
"p285": 0
"p286": 0
"p287": 0
"p288": 8.843879188846926E-05
"p289": 9.408382115794602E-06
"p290": 0
"p291": 0
"p292": 0
"p293": 0
"p294": 0
"p295": 0
"p296": 0.001066910531931108
"p297": 0.00018816764231589206
"p298": 1.6935087808430286E-05
"p299": 0
"p300": 0.0005118159870992264
"p301": 7.714873334951573E-05
"p302": 5.645029269476761E-06
"p303": 0
"p304": 3.387017561686057E-05
"p305": 5.645029269476761E-06
"p306": 0
"p307": 0
"p308": 0
"p309": 0
"p310": 0
"p311": 0
"p312": 0.00013548070246744226
"p313": 5.645029269476761E-06
"p314": 0
