"p252": 9.032046831162818E-05
"p253": 5.2686939848449775E-05
"p254": 1.1290058538953523E-05
"p255": 0
"p256": 9.784717400426387E-05
"p257": 1.5053411385271363E-05
"p258": 0
"p259": 0
"p260": 0
"p261": 0
"p262": 0
"p263": 0
"p264": 0.00015994249596850823
"p265": 2.8225146347383805E-05
"p266": 0
"p267": 0
"p268": 1.5053411385271363E-05
"p269": 0
"p270": 0
"p271": 0
"p272": 0
"p273": 0
"p274": 0
"p275": 0
"p276": 0
"p277": 0
"p278": 0
"p279": 0
"p280": 5.645029269476761E-06
"p281": 0
"p282": 0
"p283": 0
"p284": 0
"p285": 0
"p286": 0
"p287": 0
"p288": 0.0005438044862929281
"p289": 0.00011290058538953523
"p290": 1.1290058538953523E-05
"p291": 0
"p292": 7.714873334951574E-05
"p293": 3.7633528463178407E-06
"p294": 0
"p295": 0
"p296": 0.00338137253241658
"p297": 0.0009032046831162818
"p298": 0.00014112573173691902
"p299": 2.2580117077907045E-05
"p300": 0.0024988662899550463
"p301": 0.0004911175464444782
"p302": 2.6343469924224884E-05
"p303": 0
"p304": 0.00012042729108217092
"p305": 2.2580117077907045E-05
"p306": 0
"p307": 0
"p308": 0
"p309": 0
"p310": 0
"p311": 0
"p312": 0.0005701479562171528
"p313": 0.0001392440553137601
"p314": 1.3171734962112442E-05
