"p252": 9.032046831162818E-05
"p253": 3.575185204001949E-05
"p254": 3.7633528463178407E-06
"p255": 0
"p256": 5.645029269476761E-06
"p257": 0
"p258": 0
"p259": 0
"p260": 3.387017561686057E-05
"p261": 0
"p262": 0
"p263": 0
"p264": 0
"p265": 0
"p266": 0
"p267": 0
"p268": 2.2580117077907045E-05
"p269": 3.7633528463178407E-06
"p270": 0
"p271": 0
"p272": 0
"p273": 0
"p274": 0
"p275": 0
"p276": 0
"p277": 0
"p278": 0
"p279": 0
"p280": 0
"p281": 0
"p282": 0
"p283": 0
"p284": 0
"p285": 0
"p286": 0
"p287": 0
"p288": 0.0005513311919855637
"p289": 0.00012607232035164768
"p290": 1.1290058538953523E-05
"p291": 0
"p292": 0.0011497042945501003
"p293": 0.0002577896699727721
"p294": 2.2580117077907045E-05
"p295": 0
"p296": 0.00011666393823585305
"p297": 2.8225146347383805E-05
"p298": 0
"p299": 0
"p300": 0.0005005259285602729
"p301": 9.596549758110495E-05
"p302": 0
"p303": 0
"p304": 5.645029269476761E-06
"p305": 0
"p306": 0
"p307": 0
"p308": 0.00010161052685058169
"p309": 5.645029269476761E-06
"p310": 0
"p311": 0
"p312": 0
"p313": 0
"p314": 0
