"p252": 4.51602341558141E-05
"p253": 2.6343469924224887E-05
"p254": 3.7633528463178407E-06
"p255": 0
"p256": 0.0009803534164657974
"p257": 0.0002577896699727721
"p258": 3.0106822770542726E-05
"p259": 0
"p260": 0.001437600787293415
"p261": 0.00046101072367393553
"p262": 7.526705692635681E-05
"p263": 1.1290058538953523E-05
"p264": 0.00024461793501065964
"p265": 3.575185204001949E-05
"p266": 0
"p267": 0
"p268": 0.0014187840230618256
"p269": 0.0003499918147075592
"p270": 2.6343469924224884E-05
"p271": 0
"p272": 0
"p273": 0
"p274": 0
"p275": 0
"p276": 9.408382115794602E-06
"p277": 0
"p278": 0
"p279": 0
"p280": 0
"p281": 0
"p282": 0
"p283": 0
"p284": 0
"p285": 0
"p286": 0
"p287": 0
"p288": 0.0008110025383814947
"p289": 0.0001749959073537796
"p290": 1.8816764231589203E-05
"p291": 0
"p292": 0.0017593674556535906
"p293": 0.0004572473708276176
"p294": 6.585867481056221E-05
"p295": 1.1290058538953523E-05
"p296": 0.000165587525237985
"p297": 3.010682277054273E-05
"p298": 0
"p299": 0
"p300": 0.0007018653058382773
"p301": 0.00014112573173691902
"p302": 7.5267056926356815E-06
"p303": 0
"p304": 0.00022956452362538827
"p305": 3.198849919370165E-05
"p306": 0
"p307": 0
"p308": 0.0006905752472993238
"p309": 0.00017123255450746176
"p310": 1.3171734962112442E-05
"p311": 0
"p312": 3.0106822770542726E-05
"p313": 1.8816764231589204E-06
"p314": 0
