"p252": 0.00017499590735377957
"p253": 0.0001110189089663763
"p254": 1.1290058538953523E-05
"p255": 0
"p256": 0.0003631635496696716
"p257": 0.0001016105268505817
"p258": 1.1290058538953523E-05
"p259": 0
"p260": 7.33853805031979E-05
"p261": 3.7633528463178407E-06
"p262": 0
"p263": 0
"p264": 0.00162012340033983
"p265": 0.00047982748790552474
"p266": 7.526705692635681E-05
"p267": 1.1290058538953523E-05
"p268": 0.001693508780843028
"p269": 0.000353755167553877
"p270": 1.8816764231589203E-05
"p271": 0
"p272": 3.7633528463178407E-06
"p273": 0
"p274": 0
"p275": 0
"p276": 0
"p277": 0
"p278": 0
"p279": 0
"p280": 5.645029269476761E-06
"p281": 0
"p282": 0
"p283": 0
"p284": 0
"p285": 0
"p286": 0
"p287": 0
"p288": 0.00020133937727800442
"p289": 2.0698440654748124E-05
"p290": 0
"p291": 0
"p292": 3.7633528463178407E-06
"p293": 0
"p294": 0
"p295": 0
"p296": 0.0018703863646199667
"p297": 0.0004704191057897301
"p298": 6.585867481056221E-05
"p299": 1.1290058538953523E-05
"p300": 0.0008674528310762623
"p301": 0.00014300740816007796
"p302": 7.5267056926356815E-06
"p303": 0
"p304": 0.0002464996114338185
"p305": 6.209532196424438E-05
"p306": 0
"p307": 0
"p308": 0
"p309": 0
"p310": 0
"p311": 0
"p312": 0.0007300904521856612
"p313": 0.00017123255450746176
"p314": 1.3171734962112442E-05
