"p252": 0.000895677977423646
"p253": 0.0003255300212064933
"p254": 4.704191057897301E-05
"p255": 0
"p256": 5.645029269476761E-06
"p257": 0
"p258": 0
"p259": 0
"p260": 6.774035123372113E-05
"p261": 5.645029269476761E-06
"p262": 0
"p263": 0
"p264": 0
"p265": 0
"p266": 0
"p267": 0
"p268": 9.408382115794602E-06
"p269": 0
"p270": 0
"p271": 0
"p272": 5.645029269476761E-06
"p273": 0
"p274": 0
"p275": 0
"p276": 3.387017561686057E-05
"p277": 0
"p278": 0
"p279": 0
"p280": 0
"p281": 0
"p282": 0
"p283": 0
"p284": 2.2580117077907045E-05
"p285": 3.7633528463178407E-06
"p286": 0
"p287": 0
"p288": 0.00033682007974544673
"p289": 6.021364554108546E-05
"p290": 5.645029269476761E-06
"p291": 0
"p292": 0.0007959491269962233
"p293": 0.00015994249596850823
"p294": 1.6935087808430286E-05
"p295": 0
"p296": 5.645029269476761E-05
"p297": 1.1290058538953523E-05
"p298": 0
"p299": 0
"p300": 0.00021639278866327586
"p301": 3.3870175616860565E-05
"p302": 0
"p303": 0
"p304": 0.0002483812878569775
"p305": 6.585867481056221E-05
"p306": 5.645029269476761E-06
"p307": 0
"p308": 0.0004214955187875982
"p309": 8.091208619583358E-05
"p310": 5.645029269476761E-06
"p311": 0
"p312": 6.021364554108545E-05
"p313": 1.6935087808430286E-05
"p314": 0
