"p252": 0.0003725719317854663
"p253": 7.150370408003898E-05
"p254": 0
"p255": 0
"p256": 8.655711546531033E-05
"p257": 1.3171734962112442E-05
"p258": 0
"p259": 0
"p260": 0.0001016105268505817
"p261": 1.5053411385271363E-05
"p262": 0
"p263": 0
"p264": 0.0013416352897123102
"p265": 0.00033117505047596993
"p266": 2.6343469924224887E-05
"p267": 1.8816764231589204E-06
"p268": 0.001268249909209112
"p269": 0.0003236483447833343
"p270": 2.8225146347383808E-05
"p271": 1.8816764231589204E-06
"p272": 0.00033493840332228785
"p273": 3.7633528463178407E-05
"p274": 3.7633528463178407E-06
"p275": 0
"p276": 0.00016182417239166713
"p277": 1.8816764231589203E-05
"p278": 0
"p279": 0
"p280": 0.001482761021449229
"p281": 0.0003123582862443808
"p282": 3.198849919370165E-05
"p283": 1.8816764231589204E-06
"p284": 0.001317173496211244
"p285": 0.0002991865512822683
"p286": 3.198849919370165E-05
"p287": 1.8816764231589204E-06
"p288": 1.5053411385271363E-05
"p289": 0
"p290": 0
"p291": 0
"p292": 3.010682277054273E-05
"p293": 1.1290058538953523E-05
"p294": 0
"p295": 0
"p296": 0.0005532128684087225
"p297": 7.150370408003898E-05
"p298": 1.8816764231589204E-06
"p299": 0
"p300": 0.0008185292440741303
"p301": 0.0001016105268505817
"p302": 7.5267056926356815E-06
"p303": 0
"p304": 4.327855773265516E-05
"p305": 0
"p306": 0
"p307": 0
"p308": 9.032046831162818E-05
"p309": 3.0106822770542726E-05
"p310": 0
"p311": 0
"p312": 0.00024461793501065964
"p313": 3.3870175616860565E-05
"p314": 0
