"p252": 0.0015015777856808184
"p253": 0.0004723007822128891
"p254": 5.645029269476761E-05
"p255": 0
"p256": 0
"p257": 0
"p258": 0
"p259": 0
"p260": 2.6343469924224887E-05
"p261": 0
"p262": 0
"p263": 0
"p264": 0.0001373623788906012
"p265": 2.2580117077907045E-05
"p266": 0
"p267": 0
"p268": 0.0005964914261413777
"p269": 0.00014112573173691902
"p270": 1.5053411385271363E-05
"p271": 0
"p272": 7.5267056926356815E-06
"p273": 0
"p274": 0
"p275": 0
"p276": 0.0001505341138527136
"p277": 1.8816764231589203E-05
"p278": 0
"p279": 0
"p280": 0.00011478226181269414
"p281": 1.5053411385271363E-05
"p282": 0
"p283": 0
"p284": 0.00024838128785697745
"p285": 2.258011707790705E-05
"p286": 0
"p287": 0
"p288": 0.00038386199032441974
"p289": 7.714873334951573E-05
"p290": 5.645029269476761E-06
"p291": 0
"p292": 0.000474182458636048
"p293": 0.00010913723254321738
"p294": 1.1290058538953523E-05
"p295": 0
"p296": 0.003849909961783151
"p297": 0.0010443304148532008
"p298": 0.00014112573173691902
"p299": 7.5267056926356815E-06
"p300": 0.006299852664736068
"p301": 0.0019061382166599865
"p302": 0.00029542319843595046
"p303": 3.0106822770542726E-05
"p304": 0.0006905752472993236
"p305": 0.00020133937727800447
"p306": 2.0698440654748128E-05
"p307": 0
"p308": 0.0005343961041771335
"p309": 0.00014300740816007796
"p310": 2.2580117077907045E-05
"p311": 0
"p312": 0.002732194166426752
"p313": 0.0009464832408489371
"p314": 0.0001674692016611439
