"p252": 0.0014771159921797518
"p253": 0.0004534840179812998
"p254": 8.091208619583358E-05
"p255": 1.1290058538953523E-05
"p256": 0
"p257": 0
"p258": 0
"p259": 0
"p260": 0
"p261": 0
"p262": 0
"p263": 0
"p264": 7.338538050319788E-05
"p265": 5.645029269476761E-06
"p266": 0
"p267": 0
"p268": 0
"p269": 0
"p270": 0
"p271": 0
"p272": 1.1290058538953523E-05
"p273": 0
"p274": 0
"p275": 0
"p276": 0
"p277": 0
"p278": 0
"p279": 0
"p280": 3.951520488633733E-05
"p281": 0
"p282": 0
"p283": 0
"p284": 0
"p285": 0
"p286": 0
"p287": 0
"p288": 7.714873334951574E-05
"p289": 3.7633528463178407E-06
"p290": 0
"p291": 0
"p292": 0
"p293": 0
"p294": 0
"p295": 0
"p296": 0.0008580444489604676
"p297": 0.000165587525237985
"p298": 1.6935087808430286E-05
"p299": 0
"p300": 0.000472300782212889
"p301": 7.714873334951573E-05
"p302": 5.645029269476761E-06
"p303": 0
"p304": 0.00010349220327374062
"p305": 1.5053411385271363E-05
"p306": 0
"p307": 0
"p308": 1.5053411385271363E-05
"p309": 0
"p310": 0
"p311": 0
"p312": 0.00046665575294341216
"p313": 9.22021447347871E-05
"p314": 5.645029269476761E-06
