"p252": 0.00041396881309496247
"p253": 0.00011478226181269412
"p254": 7.5267056926356815E-06
"p255": 0
"p256": 0.00012607232035164766
"p257": 2.2580117077907045E-05
"p258": 0
"p259": 0
"p260": 0.0005946097497182188
"p261": 0.00014112573173691902
"p262": 1.5053411385271363E-05
"p263": 0
"p264": 1.1290058538953523E-05
"p265": 0
"p266": 0
"p267": 0
"p268": 7.150370408003898E-05
"p269": 1.1290058538953523E-05
"p270": 0
"p271": 0
"p272": 9.972885042742277E-05
"p273": 1.5053411385271363E-05
"p274": 0
"p275": 0
"p276": 0.0002559079935496132
"p277": 2.258011707790705E-05
"p278": 0
"p279": 0
"p280": 1.5053411385271363E-05
"p281": 0
"p282": 0
"p283": 0
"p284": 0.0001956943480085277
"p285": 5.2686939848449775E-05
"p286": 7.5267056926356815E-06
"p287": 0
"p288": 0.0031950865665238463
"p289": 0.0009050863595394407
"p290": 0.0001298356731979655
"p291": 7.5267056926356815E-06
"p292": 0.0050974614303375175
"p293": 0.001605069988954559
"p294": 0.00025778966997277205
"p295": 3.0106822770542726E-05
"p296": 0.0008768612131920569
"p297": 0.0002032210537011634
"p298": 2.2580117077907045E-05
"p299": 0
"p300": 0.0021093592703611496
"p301": 0.0004798274879055247
"p302": 4.516023415581409E-05
"p303": 0
"p304": 0.00212629435816958
"p305": 0.0007639606278025217
"p306": 0.0001486524374295547
"p307": 7.5267056926356815E-06
"p308": 0.0027002056672330503
"p309": 0.0009653000050805259
"p310": 0.00019381267158536877
"p311": 3.0106822770542726E-05
"p312": 0.0008561627725373088
"p313": 0.0002577896699727721
"p314": 3.0106822770542726E-05
