"p252": 0.0003029499041285862
"p253": 0.00013924405531376012
"p254": 1.6935087808430286E-05
"p255": 0
"p256": 0.0017085621922282995
"p257": 0.0006548233952593044
"p258": 0.0001448890845832369
"p259": 1.8816764231589203E-05
"p260": 8.091208619583358E-05
"p261": 3.7633528463178407E-06
"p262": 0
"p263": 0
"p264": 0.001247551468554364
"p265": 0.00039327037244021434
"p266": 6.0213645541085445E-05
"p267": 1.1290058538953523E-05
"p268": 0.0039044785780547606
"p269": 0.0013830321710218063
"p270": 0.0002464996114338186
"p271": 7.5267056926356815E-06
"p272": 7.5267056926356815E-06
"p273": 0
"p274": 0
"p275": 0
"p276": 3.7633528463178407E-06
"p277": 0
"p278": 0
"p279": 0
"p280": 0
"p281": 0
"p282": 0
"p283": 0
"p284": 0
"p285": 0
"p286": 0
"p287": 0
"p288": 0.004203665129337029
"p289": 0.0012155629693606624
"p290": 0.0001919309951622099
"p291": 1.8816764231589203E-05
"p292": 5.645029269476761E-06
"p293": 0
"p294": 0
"p295": 0
"p296": 0.002000222037817932
"p297": 0.000498644252137114
"p298": 6.585867481056221E-05
"p299": 1.1290058538953523E-05
"p300": 0.004435111329385576
"p301": 0.001130887530318511
"p302": 0.00015994249596850823
"p303": 7.5267056926356815E-06
"p304": 0.0012117996165143447
"p305": 0.0002916598455896327
"p306": 2.6343469924224884E-05
"p307": 0
"p308": 9.408382115794602E-06
"p309": 3.7633528463178407E-06
"p310": 0
"p311": 0
"p312": 0.000496762575713955
"p313": 0.0001110189089663763
"p314": 0
