"p252": 0.00011101890896637629
"p253": 2.6343469924224887E-05
"p254": 1.8816764231589204E-06
"p255": 0
"p256": 0.000899441330269964
"p257": 0.0002446179350106596
"p258": 2.8225146347383808E-05
"p259": 1.8816764231589204E-06
"p260": 5.645029269476761E-06
"p261": 0
"p262": 0
"p263": 0
"p264": 0.001512867844219772
"p265": 0.0002973048748591094
"p266": 3.575185204001949E-05
"p267": 1.8816764231589204E-06
"p268": 0.0007376171578782967
"p269": 9.596549758110495E-05
"p270": 3.7633528463178407E-06
"p271": 0
"p272": 5.645029269476761E-06
"p273": 0
"p274": 0
"p275": 0
"p276": 0
"p277": 0
"p278": 0
"p279": 0
"p280": 0
"p281": 0
"p282": 0
"p283": 0
"p284": 0
"p285": 0
"p286": 0
"p287": 0
"p288": 0.001650230223110373
"p289": 0.0003142399626675397
"p290": 3.575185204001949E-05
"p291": 1.8816764231589204E-06
"p292": 0
"p293": 0
"p294": 0
"p295": 0
"p296": 0.00127201326205543
"p297": 0.0002803697870506791
"p298": 2.8225146347383808E-05
"p299": 1.8816764231589204E-06
"p300": 0.0005494495155624046
"p301": 7.714873334951573E-05
"p302": 0
"p303": 0
"p304": 0.00073197212860882
"p305": 0.00011290058538953522
"p306": 3.7633528463178407E-06
"p307": 0
"p308": 0
"p309": 0
"p310": 0
"p311": 0
"p312": 0.000427140548057075
"p313": 5.645029269476761E-05
"p314": 0
