"p252": 0.00252709143630243
"p253": 0.0009446015644257781
"p254": 0.00017875926020009746
"p255": 1.8816764231589203E-05
"p256": 0
"p257": 0
"p258": 0
"p259": 0
"p260": 0
"p261": 0
"p262": 0
"p263": 0
"p264": 5.645029269476761E-06
"p265": 0
"p266": 0
"p267": 0
"p268": 6.774035123372113E-05
"p269": 5.645029269476761E-06
"p270": 0
"p271": 0
"p272": 0
"p273": 0
"p274": 0
"p275": 0
"p276": 1.1290058538953523E-05
"p277": 0
"p278": 0
"p279": 0
"p280": 5.645029269476761E-06
"p281": 0
"p282": 0
"p283": 0
"p284": 3.387017561686057E-05
"p285": 0
"p286": 0
"p287": 0
"p288": 3.575185204001949E-05
"p289": 3.7633528463178407E-06
"p290": 0
"p291": 0
"p292": 7.714873334951574E-05
"p293": 3.7633528463178407E-06
"p294": 0
"p295": 0
"p296": 0.0003763352846317841
"p297": 6.585867481056221E-05
"p298": 5.645029269476761E-06
"p299": 0
"p300": 0.0009257848001941888
"p301": 0.0001768775837769385
"p302": 1.6935087808430286E-05
"p303": 0
"p304": 7.338538050319788E-05
"p305": 1.5053411385271363E-05
"p306": 0
"p307": 0
"p308": 0.00011854561465901199
"p309": 1.5053411385271363E-05
"p310": 0
"p311": 0
"p312": 0.000284133139896997
"p313": 7.714873334951574E-05
"p314": 5.645029269476761E-06
