"p252": 0.0023558588817949684
"p253": 0.0005870830440255833
"p254": 3.575185204001949E-05
"p255": 1.8816764231589204E-06
"p256": 1.8816764231589204E-06
"p257": 0
"p258": 0
"p259": 0
"p260": 1.3171734962112444E-05
"p261": 0
"p262": 0
"p263": 0
"p264": 0.00011478226181269415
"p265": 5.645029269476761E-06
"p266": 0
"p267": 0
"p268": 0.00022956452362538827
"p269": 5.6450292694767617E-05
"p270": 0
"p271": 0
"p272": 9.596549758110493E-05
"p273": 1.8816764231589204E-06
"p274": 0
"p275": 0
"p276": 3.7633528463178407E-05
"p277": 0
"p278": 0
"p279": 0
"p280": 0.0001731142309306207
"p281": 9.408382115794602E-06
"p282": 0
"p283": 0
"p284": 0.0003518734911307182
"p285": 4.516023415581409E-05
"p286": 0
"p287": 0
"p288": 0
"p289": 0
"p290": 0
"p291": 0
"p292": 0
"p293": 0
"p294": 0
"p295": 0
"p296": 7.5267056926356815E-06
"p297": 0
"p298": 0
"p299": 0
"p300": 0.00012419064392848875
"p301": 0
"p302": 0
"p303": 0
"p304": 5.645029269476761E-06
"p305": 0
"p306": 0
"p307": 0
"p308": 1.5053411385271363E-05
"p309": 1.1290058538953523E-05
"p310": 0
"p311": 0
"p312": 1.8816764231589204E-06
"p313": 0
"p314": 0
