"p252": 0.0004685374293665711
"p253": 0.00015994249596850825
"p254": 3.3870175616860565E-05
"p255": 1.8816764231589204E-06
"p256": 0.00025967134639593104
"p257": 6.39769983874033E-05
"p258": 5.645029269476761E-06
"p259": 0
"p260": 1.6935087808430286E-05
"p261": 0
"p262": 0
"p263": 0
"p264": 0.00012042729108217089
"p265": 2.8225146347383808E-05
"p266": 0
"p267": 0
"p268": 0.000519342692791862
"p269": 0.0001279539967748066
"p270": 5.645029269476761E-06
"p271": 0
"p272": 0
"p273": 0
"p274": 0
"p275": 0
"p276": 0
"p277": 0
"p278": 0
"p279": 0
"p280": 0
"p281": 0
"p282": 0
"p283": 0
"p284": 0
"p285": 0
"p286": 0
"p287": 0
"p288": 0.0007507888928404092
"p289": 0.00013359902604428335
"p290": 1.1290058538953523E-05
"p291": 0
"p292": 0
"p293": 0
"p294": 0
"p295": 0
"p296": 0.00033682007974544673
"p297": 6.209532196424438E-05
"p298": 5.645029269476761E-06
"p299": 0
"p300": 0.0005776746619097885
"p301": 9.972885042742278E-05
"p302": 5.645029269476761E-06
"p303": 0
"p304": 0.00011854561465901196
"p305": 5.645029269476761E-06
"p306": 0
"p307": 0
"p308": 5.645029269476761E-06
"p309": 0
"p310": 0
"p311": 0
"p312": 2.8225146347383805E-05
"p313": 1.8816764231589204E-06
"p314": 0
