"p252": 0.00019757602443168663
"p253": 0.00011478226181269415
"p254": 1.5053411385271363E-05
"p255": 0
"p256": 0.0012080362636680267
"p257": 0.0003857436667475787
"p258": 6.585867481056221E-05
"p259": 1.1290058538953523E-05
"p260": 7.33853805031979E-05
"p261": 3.7633528463178407E-06
"p262": 0
"p263": 0
"p264": 0.0005099343106760674
"p265": 0.00011101890896637629
"p266": 9.408382115794602E-06
"p267": 0
"p268": 0.0020190388020495213
"p269": 0.00048359084075184255
"p270": 3.387017561686057E-05
"p271": 0
"p272": 5.645029269476761E-06
"p273": 0
"p274": 0
"p275": 0
"p276": 3.7633528463178407E-06
"p277": 0
"p278": 0
"p279": 0
"p280": 0
"p281": 0
"p282": 0
"p283": 0
"p284": 0
"p285": 0
"p286": 0
"p287": 0
"p288": 0.0014996961092576594
"p289": 0.00040079707813285
"p290": 5.645029269476761E-05
"p291": 1.1290058538953523E-05
"p292": 5.645029269476761E-06
"p293": 0
"p294": 0
"p295": 0
"p296": 0.00044783898871182307
"p297": 8.843879188846926E-05
"p298": 9.408382115794602E-06
"p299": 0
"p300": 0.001277658291324907
"p301": 0.0002502629642801364
"p302": 1.5053411385271363E-05
"p303": 0
"p304": 0.0006792851887603702
"p305": 0.0001674692016611439
"p306": 1.3171734962112442E-05
"p307": 0
"p308": 3.7633528463178407E-06
"p309": 3.7633528463178407E-06
"p310": 0
"p311": 0
"p312": 7.150370408003898E-05
"p313": 5.645029269476761E-06
"p314": 0
