"p252": 0.0002239194943559115
"p253": 0.00011666393823585305
"p254": 1.1290058538953523E-05
"p255": 0
"p256": 0.00039703372528653225
"p257": 0.00012042729108217089
"p258": 2.2580117077907045E-05
"p259": 0
"p260": 0.00011854561465901199
"p261": 1.5053411385271363E-05
"p262": 0
"p263": 0
"p264": 0.0027472475778120235
"p265": 0.0009728267107731617
"p266": 0.00019381267158536877
"p267": 3.0106822770542726E-05
"p268": 0.0035469600576545656
"p269": 0.0012419064392848874
"p270": 0.00022768284720222932
"p271": 7.5267056926356815E-06
"p272": 7.5267056926356815E-06
"p273": 0
"p274": 0
"p275": 0
"p276": 0
"p277": 0
"p278": 0
"p279": 0
"p280": 7.5267056926356815E-06
"p281": 0
"p282": 0
"p283": 0
"p284": 0
"p285": 0
"p286": 0
"p287": 0
"p288": 0.0004045604309791679
"p289": 7.33853805031979E-05
"p290": 0
"p291": 0
"p292": 5.645029269476761E-06
"p293": 0
"p294": 0
"p295": 0
"p296": 0.006010074495569594
"p297": 0.001642703517417737
"p298": 0.0002464996114338186
"p299": 3.0106822770542726E-05
"p300": 0.003654215613774623
"p301": 0.0008806245660383746
"p302": 0.00012230896750532982
"p303": 7.5267056926356815E-06
"p304": 0.00031235828624438084
"p305": 0.0001223089675053298
"p306": 1.1290058538953523E-05
"p307": 0
"p308": 3.7633528463178407E-06
"p309": 0
"p310": 0
"p311": 0
"p312": 0.0016332951353019425
"p313": 0.00038386199032441974
"p314": 2.6343469924224884E-05
