"p252": 0.005874593793102149
"p253": 0.002258011707790704
"p254": 0.0004233771952107571
"p255": 1.8816764231589203E-05
"p256": 0
"p257": 0
"p258": 0
"p259": 0
"p260": 0
"p261": 0
"p262": 0
"p263": 0
"p264": 1.8816764231589204E-06
"p265": 0
"p266": 0
"p267": 0
"p268": 1.1290058538953523E-05
"p269": 0
"p270": 0
"p271": 0
"p272": 0
"p273": 0
"p274": 0
"p275": 0
"p276": 3.7633528463178407E-06
"p277": 0
"p278": 0
"p279": 0
"p280": 0
"p281": 0
"p282": 0
"p283": 0
"p284": 7.5267056926356815E-06
"p285": 0
"p286": 0
"p287": 0
"p288": 1.8816764231589204E-06
"p289": 0
"p290": 0
"p291": 0
"p292": 1.3171734962112444E-05
"p293": 0
"p294": 0
"p295": 0
"p296": 0.00012042729108217092
"p297": 5.645029269476761E-06
"p298": 0
"p299": 0
"p300": 0.00029165984558963265
"p301": 5.6450292694767617E-05
"p302": 0
"p303": 0
"p304": 9.596549758110493E-05
"p305": 1.8816764231589204E-06
"p306": 0
"p307": 0
"p308": 3.7633528463178407E-05
"p309": 0
"p310": 0
"p311": 0
"p312": 0.00017499590735377962
"p313": 9.408382115794602E-06
"p314": 0
