"p252": 8.655711546531033E-05
"p253": 2.4461793501065963E-05
"p254": 1.8816764231589204E-06
"p255": 0
"p256": 0.0010499754441226773
"p257": 0.000259671346395931
"p258": 2.8225146347383808E-05
"p259": 1.8816764231589204E-06
"p260": 0.000876861213192057
"p261": 0.0002446179350106596
"p262": 2.8225146347383808E-05
"p263": 1.8816764231589204E-06
"p264": 0.0007413805107246145
"p265": 0.0001016105268505817
"p266": 7.5267056926356815E-06
"p267": 0
"p268": 0.0005626212505245172
"p269": 6.209532196424438E-05
"p270": 3.7633528463178407E-06
"p271": 0
"p272": 0
"p273": 0
"p274": 0
"p275": 0
"p276": 5.645029269476761E-06
"p277": 0
"p278": 0
"p279": 0
"p280": 0
"p281": 0
"p282": 0
"p283": 0
"p284": 0
"p285": 0
"p286": 0
"p287": 0
"p288": 0.0012814216441712249
"p289": 0.0002709614049348845
"p290": 2.6343469924224887E-05
"p291": 1.8816764231589204E-06
"p292": 0.001650230223110373
"p293": 0.0003142399626675397
"p294": 3.575185204001949E-05
"p295": 1.8816764231589204E-06
"p296": 0.000423377195210757
"p297": 7.714873334951574E-05
"p298": 1.8816764231589204E-06
"p299": 0
"p300": 0.0002239194943559115
"p301": 4.327855773265517E-05
"p302": 0
"p303": 0
"p304": 0.0004685374293665712
"p305": 8.467543904215141E-05
"p306": 0
"p307": 0
"p308": 0.0007150370408003896
"p309": 0.00011290058538953522
"p310": 3.7633528463178407E-06
"p311": 0
"p312": 0.00014865243742955475
"p313": 9.408382115794602E-06
"p314": 0
