"p252": 0.0005814380147561064
"p253": 0.00015994249596850823
"p254": 1.1290058538953523E-05
"p255": 0
"p256": 0.00015053411385271363
"p257": 9.408382115794602E-06
"p258": 0
"p259": 0
"p260": 0.000188167642315892
"p261": 4.3278557732655166E-05
"p262": 0
"p263": 0
"p264": 3.9515204886337324E-05
"p265": 1.8816764231589204E-06
"p266": 0
"p267": 0
"p268": 0.00013548070246744226
"p269": 1.8816764231589204E-06
"p270": 0
"p271": 0
"p272": 0
"p273": 0
"p274": 0
"p275": 0
"p276": 0
"p277": 0
"p278": 0
"p279": 0
"p280": 0
"p281": 0
"p282": 0
"p283": 0
"p284": 0
"p285": 0
"p286": 0
"p287": 0
"p288": 6.021364554108546E-05
"p289": 5.645029269476761E-06
"p290": 0
"p291": 0
"p292": 0.0002051027301243223
"p293": 5.645029269476761E-06
"p294": 0
"p295": 0
"p296": 7.5267056926356815E-06
"p297": 0
"p298": 0
"p299": 0
"p300": 9.408382115794602E-06
"p301": 5.645029269476761E-06
"p302": 0
"p303": 0
"p304": 5.8331969117926534E-05
"p305": 0
"p306": 0
"p307": 0
"p308": 0.00023520955289486504
"p309": 5.080526342529086E-05
"p310": 0
"p311": 0
"p312": 5.645029269476761E-06
"p313": 0
"p314": 0
