"p252": 0.0003650452260928306
"p253": 0.0001467707610063958
"p254": 1.6935087808430286E-05
"p255": 0
"p256": 0.0001279539967748066
"p257": 2.0698440654748124E-05
"p258": 1.8816764231589204E-06
"p259": 0
"p260": 0
"p261": 0
"p262": 0
"p263": 0
"p264": 2.6343469924224887E-05
"p265": 1.8816764231589204E-06
"p266": 0
"p267": 0
"p268": 3.575185204001949E-05
"p269": 0
"p270": 0
"p271": 0
"p272": 9.972885042742277E-05
"p273": 1.5053411385271363E-05
"p274": 0
"p275": 0
"p276": 1.1290058538953523E-05
"p277": 0
"p278": 0
"p279": 0
"p280": 5.645029269476762E-05
"p281": 1.3171734962112442E-05
"p282": 0
"p283": 0
"p284": 0.00013924405531376012
"p285": 2.6343469924224884E-05
"p286": 0
"p287": 0
"p288": 0.001695390457266187
"p289": 0.0005042892814065907
"p290": 7.714873334951573E-05
"p291": 1.1290058538953523E-05
"p292": 5.645029269476761E-06
"p293": 0
"p294": 0
"p295": 0
"p296": 0.00047418245863604794
"p297": 9.032046831162818E-05
"p298": 9.408382115794602E-06
"p299": 0
"p300": 0.0014131389937923492
"p301": 0.0002991865512822683
"p302": 1.1290058538953523E-05
"p303": 0
"p304": 0.0013378719368659924
"p305": 0.00041773216594128033
"p306": 6.774035123372113E-05
"p307": 1.1290058538953523E-05
"p308": 7.33853805031979E-05
"p309": 3.7633528463178407E-06
"p310": 0
"p311": 0
"p312": 0.0005532128684087225
"p313": 0.00012419064392848873
"p314": 9.408382115794602E-06
