"p252": 0.00018252261304641524
"p253": 4.1396881309496255E-05
"p254": 1.1290058538953523E-05
"p255": 1.8816764231589204E-06
"p256": 0.00026343469924224885
"p257": 5.456861627160869E-05
"p258": 5.645029269476761E-06
"p259": 0
"p260": 0.0005419228098697691
"p261": 0.00013171734962112442
"p262": 1.6935087808430286E-05
"p263": 0
"p264": 5.080526342529086E-05
"p265": 1.1290058538953523E-05
"p266": 0
"p267": 0
"p268": 0.000212629435816958
"p269": 3.3870175616860565E-05
"p270": 0
"p271": 0
"p272": 0.00024273625858750074
"p273": 6.585867481056221E-05
"p274": 5.645029269476761E-06
"p275": 0
"p276": 0.00031988499193701646
"p277": 7.526705692635683E-05
"p278": 5.645029269476761E-06
"p279": 0
"p280": 6.021364554108545E-05
"p281": 1.6935087808430286E-05
"p282": 0
"p283": 0
"p284": 0.00029165984558963265
"p285": 6.209532196424438E-05
"p286": 0
"p287": 0
"p288": 0.0001580608195453493
"p289": 5.645029269476761E-06
"p290": 0
"p291": 0
"p292": 0.00045724737082761767
"p293": 3.387017561686057E-05
"p294": 0
"p295": 0
"p296": 1.1290058538953523E-05
"p297": 1.8816764231589204E-06
"p298": 0
"p299": 0
"p300": 2.2580117077907045E-05
"p301": 5.645029269476761E-06
"p302": 0
"p303": 0
"p304": 7.338538050319791E-05
"p305": 0
"p306": 0
"p307": 0
"p308": 0.0001298356731979655
"p309": 5.645029269476761E-06
"p310": 0
"p311": 0
"p312": 5.645029269476761E-06
"p313": 1.8816764231589204E-06
"p314": 0
