"p252": 0.0010480937676995185
"p253": 0.00031988499193701646
"p254": 4.516023415581409E-05
"p255": 0
"p256": 0
"p257": 0
"p258": 0
"p259": 0
"p260": 3.7633528463178407E-06
"p261": 0
"p262": 0
"p263": 0
"p264": 8.467543904215141E-05
"p265": 1.3171734962112442E-05
"p266": 0
"p267": 0
"p268": 0.000284133139896997
"p269": 3.7633528463178407E-05
"p270": 3.7633528463178407E-06
"p271": 0
"p272": 3.7633528463178407E-06
"p273": 0
"p274": 0
"p275": 0
"p276": 4.516023415581409E-05
"p277": 7.5267056926356815E-06
"p278": 0
"p279": 0
"p280": 0.00010537387969689955
"p281": 1.5053411385271363E-05
"p282": 0
"p283": 0
"p284": 0.0001580608195453493
"p285": 1.8816764231589203E-05
"p286": 0
"p287": 0
"p288": 9.032046831162818E-05
"p289": 1.3171734962112442E-05
"p290": 0
"p291": 0
"p292": 0.00010913723254321738
"p293": 1.5053411385271363E-05
"p294": 0
"p295": 0
"p296": 0.0016878637515735514
"p297": 0.000378216961054943
"p298": 2.8225146347383808E-05
"p299": 1.8816764231589204E-06
"p300": 0.0017461957206914777
"p301": 0.00037633528463178407
"p302": 3.198849919370165E-05
"p303": 1.8816764231589204E-06
"p304": 0.00033493840332228785
"p305": 3.7633528463178407E-05
"p306": 3.7633528463178407E-06
"p307": 0
"p308": 0.00016935087808430283
"p309": 1.8816764231589203E-05
"p310": 0
"p311": 0
"p312": 0.0016502302231103728
"p313": 0.0003424651090149235
"p314": 3.198849919370165E-05
