"p252": 0.00024085458216434183
"p253": 7.338538050319788E-05
"p254": 1.1290058538953523E-05
"p255": 1.8816764231589204E-06
"p256": 0.00024273625858750074
"p257": 6.585867481056221E-05
"p258": 5.645029269476761E-06
"p259": 0
"p260": 0.00031988499193701646
"p261": 7.526705692635683E-05
"p262": 5.645029269476761E-06
"p263": 0
"p264": 6.021364554108545E-05
"p265": 1.6935087808430286E-05
"p266": 0
"p267": 0
"p268": 0.0002935415220127916
"p269": 6.209532196424438E-05
"p270": 0
"p271": 0
"p272": 0
"p273": 0
"p274": 0
"p275": 0
"p276": 0
"p277": 0
"p278": 0
"p279": 0
"p280": 0
"p281": 0
"p282": 0
"p283": 0
"p284": 0
"p285": 0
"p286": 0
"p287": 0
"p288": 0.00038762534317073765
"p289": 6.021364554108546E-05
"p290": 5.645029269476761E-06
"p291": 0
"p292": 0.000999170180697387
"p293": 0.00018252261304641527
"p294": 1.6935087808430286E-05
"p295": 0
"p296": 6.209532196424438E-05
"p297": 1.3171734962112444E-05
"p298": 0
"p299": 0
"p300": 0.00021639278866327584
"p301": 3.9515204886337324E-05
"p302": 0
"p303": 0
"p304": 7.338538050319791E-05
"p305": 0
"p306": 0
"p307": 0
"p308": 0.0001298356731979655
"p309": 5.645029269476761E-06
"p310": 0
"p311": 0
"p312": 5.645029269476761E-06
"p313": 1.8816764231589204E-06
"p314": 0
