"p252": 0.0006190715432192848
"p253": 0.00014488908458323686
"p254": 1.1290058538953523E-05
"p255": 0
"p256": 0.00031800331551385763
"p257": 3.7633528463178407E-05
"p258": 3.7633528463178407E-06
"p259": 0
"p260": 0.00015053411385271363
"p261": 1.8816764231589203E-05
"p262": 0
"p263": 0
"p264": 0.0014771159921797522
"p265": 0.0003123582862443808
"p266": 3.198849919370165E-05
"p267": 1.8816764231589204E-06
"p268": 0.001294593379133337
"p269": 0.0002991865512822683
"p270": 3.198849919370165E-05
"p271": 1.8816764231589204E-06
"p272": 0
"p273": 0
"p274": 0
"p275": 0
"p276": 0
"p277": 0
"p278": 0
"p279": 0
"p280": 0
"p281": 0
"p282": 0
"p283": 0
"p284": 5.645029269476761E-06
"p285": 0
"p286": 0
"p287": 0
"p288": 6.209532196424438E-05
"p289": 3.7633528463178407E-06
"p290": 0
"p291": 0
"p292": 8.091208619583357E-05
"p293": 1.5053411385271363E-05
"p294": 0
"p295": 0
"p296": 0.001510986167796613
"p297": 0.0003029499041285862
"p298": 2.8225146347383808E-05
"p299": 1.8816764231589204E-06
"p300": 0.0017556041028072727
"p301": 0.0003180033155138576
"p302": 3.575185204001949E-05
"p303": 1.8816764231589204E-06
"p304": 9.032046831162818E-05
"p305": 5.645029269476761E-06
"p306": 0
"p307": 0
"p308": 0.00015241579027587253
"p309": 4.139688130949625E-05
"p310": 0
"p311": 0
"p312": 0.000568266279793994
"p313": 9.596549758110495E-05
"p314": 0
