"p252": 3.387017561686057E-05
"p253": 5.645029269476761E-06
"p254": 0
"p255": 0
"p256": 9.784717400426387E-05
"p257": 1.5053411385271363E-05
"p258": 0
"p259": 0
"p260": 0.0001505341138527136
"p261": 1.8816764231589203E-05
"p262": 0
"p263": 0
"p264": 2.8225146347383805E-05
"p265": 9.408382115794602E-06
"p266": 0
"p267": 0
"p268": 8.467543904215141E-05
"p269": 2.4461793501065963E-05
"p270": 0
"p271": 0
"p272": 0
"p273": 0
"p274": 0
"p275": 0
"p276": 1.1290058538953523E-05
"p277": 0
"p278": 0
"p279": 0
"p280": 0
"p281": 0
"p282": 0
"p283": 0
"p284": 0
"p285": 0
"p286": 0
"p287": 0
"p288": 0.0021846263272875064
"p289": 0.0005136976635223853
"p290": 5.456861627160868E-05
"p291": 3.76335284631784E-06
"p292": 0.002374675646026558
"p293": 0.000541922809869769
"p294": 6.39769983874033E-05
"p295": 3.76335284631784E-06
"p296": 0.0011534676473964182
"p297": 0.000165587525237985
"p298": 9.408382115794602E-06
"p299": 0
"p300": 0.000780895715610952
"p301": 9.220214473478709E-05
"p302": 3.7633528463178407E-06
"p303": 0
"p304": 0.00037445360820862524
"p305": 8.091208619583358E-05
"p306": 0
"p307": 0
"p308": 0.0006397699838740329
"p309": 0.00010537387969689955
"p310": 3.7633528463178407E-06
"p311": 0
"p312": 0.00013359902604428335
"p313": 0
"p314": 0
