"p252": 0.00029730487485910944
"p253": 0.00013548070246744226
"p254": 1.6935087808430286E-05
"p255": 0
"p256": 1.3171734962112444E-05
"p257": 0
"p258": 0
"p259": 0
"p260": 0
"p261": 0
"p262": 0
"p263": 0
"p264": 0.00015429746669903146
"p265": 2.2580117077907045E-05
"p266": 1.8816764231589204E-06
"p267": 0
"p268": 5.645029269476761E-06
"p269": 0
"p270": 0
"p271": 0
"p272": 9.784717400426387E-05
"p273": 1.5053411385271363E-05
"p274": 0
"p275": 0
"p276": 0
"p277": 0
"p278": 0
"p279": 0
"p280": 0.00015994249596850823
"p281": 2.8225146347383805E-05
"p282": 0
"p283": 0
"p284": 1.5053411385271363E-05
"p285": 0
"p286": 0
"p287": 0
"p288": 0.0002709614049348845
"p289": 4.516023415581409E-05
"p290": 0
"p291": 0
"p292": 3.7633528463178407E-06
"p293": 0
"p294": 0
"p295": 0
"p296": 0.002094305858975878
"p297": 0.0005776746619097885
"p298": 8.655711546531033E-05
"p299": 1.1290058538953523E-05
"p300": 0.0010838456197395383
"p301": 0.00021074775939379904
"p302": 7.5267056926356815E-06
"p303": 0
"p304": 0.00038950701959389653
"p305": 0.0001016105268505817
"p306": 1.1290058538953523E-05
"p307": 0
"p308": 7.33853805031979E-05
"p309": 3.7633528463178407E-06
"p310": 0
"p311": 0
"p312": 0.0017988826605399278
"p313": 0.0005249877220613388
"p314": 7.714873334951573E-05
