"p252": 0.0001674692016611439
"p253": 7.338538050319788E-05
"p254": 5.645029269476761E-06
"p255": 0
"p256": 0.002591068434689834
"p257": 0.0008900329481541693
"p258": 0.00016746920166114393
"p259": 1.8816764231589203E-05
"p260": 5.645029269476761E-06
"p261": 0
"p262": 0
"p263": 0
"p264": 0.0015335662848745195
"p265": 0.0004290222244802338
"p266": 6.774035123372113E-05
"p267": 1.1290058538953523E-05
"p268": 0.0037821696105494306
"p269": 0.0010687922083542668
"p270": 0.0001561791431221904
"p271": 7.5267056926356815E-06
"p272": 0.0016634019580724856
"p273": 0.0006548233952593044
"p274": 0.0001448890845832369
"p275": 1.8816764231589203E-05
"p276": 8.46754390421514E-05
"p277": 3.7633528463178407E-06
"p278": 0
"p279": 0
"p280": 0.001247551468554364
"p281": 0.00039327037244021434
"p282": 6.0213645541085445E-05
"p283": 1.1290058538953523E-05
"p284": 0.00388754349024633
"p285": 0.0013792688181754886
"p286": 0.0002464996114338186
"p287": 7.5267056926356815E-06
"p288": 0.0020924241825527197
"p289": 0.000519342692791862
"p290": 4.704191057897301E-05
"p291": 0
"p292": 0
"p293": 0
"p294": 0
"p295": 0
"p296": 0.000777132362764634
"p297": 0.00017311423093062066
"p298": 9.408382115794602E-06
"p299": 0
"p300": 0.00135857037752074
"p301": 0.0002559079935496132
"p302": 1.5053411385271363E-05
"p303": 0
"p304": 0.0009032046831162818
"p305": 0.00018064093662325633
"p306": 1.5053411385271363E-05
"p307": 0
"p308": 9.408382115794602E-06
"p309": 3.7633528463178407E-06
"p310": 0
"p311": 0
"p312": 0.0002464996114338186
"p313": 5.833196911792653E-05
"p314": 0
