"p252": 0.0001129005853895352
"p253": 5.080526342529084E-05
"p254": 3.0106822770542726E-05
"p255": 0
"p256": 7.33853805031979E-05
"p257": 3.7633528463178407E-06
"p258": 0
"p259": 0
"p260": 0
"p261": 0
"p262": 0
"p263": 0
"p264": 0.00059272807329506
"p265": 0.0001373623788906012
"p266": 1.6935087808430286E-05
"p267": 0
"p268": 0.00039327037244021434
"p269": 7.150370408003898E-05
"p270": 5.645029269476761E-06
"p271": 0
"p272": 0.00010349220327374062
"p273": 1.5053411385271363E-05
"p274": 0
"p275": 0
"p276": 1.5053411385271363E-05
"p277": 0
"p278": 0
"p279": 0
"p280": 0.0003594001968233538
"p281": 8.655711546531035E-05
"p282": 5.645029269476761E-06
"p283": 0
"p284": 0.0004760641350592069
"p285": 0.00011666393823585305
"p286": 5.645029269476761E-06
"p287": 0
"p288": 2.0698440654748124E-05
"p289": 5.645029269476761E-06
"p290": 0
"p291": 0
"p292": 0
"p293": 0
"p294": 0
"p295": 0
"p296": 0.00047418245863604794
"p297": 3.387017561686057E-05
"p298": 0
"p299": 0
"p300": 0.00016370584881482606
"p301": 5.645029269476761E-06
"p302": 0
"p303": 0
"p304": 3.387017561686057E-05
"p305": 5.645029269476761E-06
"p306": 0
"p307": 0
"p308": 0
"p309": 0
"p310": 0
"p311": 0
"p312": 0.00013548070246744226
"p313": 5.645029269476761E-06
"p314": 0
