"p252": 0.00027284308135804345
"p253": 3.198849919370165E-05
"p254": 0
"p255": 0
"p256": 3.7633528463178407E-06
"p257": 0
"p258": 0
"p259": 0
"p260": 0
"p261": 0
"p262": 0
"p263": 0
"p264": 0.0003180033155138576
"p265": 4.1396881309496255E-05
"p266": 3.7633528463178407E-06
"p267": 0
"p268": 4.139688130949625E-05
"p269": 5.645029269476761E-06
"p270": 0
"p271": 0
"p272": 4.516023415581409E-05
"p273": 7.5267056926356815E-06
"p274": 0
"p275": 0
"p276": 0
"p277": 0
"p278": 0
"p279": 0
"p280": 0.0001975760244316866
"p281": 2.2580117077907045E-05
"p282": 0
"p283": 0
"p284": 6.962202765688006E-05
"p285": 1.1290058538953523E-05
"p286": 0
"p287": 0
"p288": 0.00010913723254321738
"p289": 1.5053411385271363E-05
"p290": 0
"p291": 0
"p292": 0
"p293": 0
"p294": 0
"p295": 0
"p296": 0.0028488581046626064
"p297": 0.000615308190372967
"p298": 6.021364554108546E-05
"p299": 3.7633528463178407E-06
"p300": 0.0005475678391392458
"p301": 0.00010913723254321737
"p302": 0
"p303": 0
"p304": 0.00016935087808430283
"p305": 1.8816764231589203E-05
"p306": 0
"p307": 0
"p308": 1.1290058538953523E-05
"p309": 0
"p310": 0
"p311": 0
"p312": 0.0027152590786183226
"p313": 0.0005833196911792653
"p314": 6.774035123372114E-05
