"p252": 0.0015994249596850817
"p253": 0.0005739113090634708
"p254": 0.00010725555612005845
"p255": 1.1290058538953523E-05
"p256": 5.080526342529085E-05
"p257": 5.645029269476761E-06
"p258": 0
"p259": 0
"p260": 0
"p261": 0
"p262": 0
"p263": 0
"p264": 2.2580117077907045E-05
"p265": 0
"p266": 0
"p267": 0
"p268": 9.408382115794602E-06
"p269": 0
"p270": 0
"p271": 0
"p272": 2.2580117077907045E-05
"p273": 0
"p274": 0
"p275": 0
"p276": 0
"p277": 0
"p278": 0
"p279": 0
"p280": 1.6935087808430282E-05
"p281": 0
"p282": 0
"p283": 0
"p284": 2.2580117077907045E-05
"p285": 3.7633528463178407E-06
"p286": 0
"p287": 0
"p288": 0.0005983731025645366
"p289": 0.00011666393823585308
"p290": 1.1290058538953523E-05
"p291": 0
"p292": 0
"p293": 0
"p294": 0
"p295": 0
"p296": 0.0002747247577812024
"p297": 5.456861627160869E-05
"p298": 5.645029269476761E-06
"p299": 0
"p300": 0.0005325144277539745
"p301": 9.408382115794603E-05
"p302": 5.645029269476761E-06
"p303": 0
"p304": 0.0003274116976296521
"p305": 6.962202765688006E-05
"p306": 5.645029269476761E-06
"p307": 0
"p308": 1.6935087808430286E-05
"p309": 0
"p310": 0
"p311": 0
"p312": 0.0001599424959685082
"p313": 2.8225146347383808E-05
"p314": 0
