"p252": 0.00011101890896637629
"p253": 6.0213645541085445E-05
"p254": 0
"p255": 0
"p256": 0.00042714054805707494
"p257": 0.00010537387969689955
"p258": 1.1290058538953523E-05
"p259": 0
"p260": 9.408382115794602E-06
"p261": 0
"p262": 0
"p263": 0
"p264": 0.003936467077248462
"p265": 0.0012550781742469998
"p266": 0.0002239194943559115
"p267": 3.0106822770542726E-05
"p268": 0.0032421284771028194
"p269": 0.0009314298294636656
"p270": 0.00014865243742955472
"p271": 7.5267056926356815E-06
"p272": 0.0004120871366718036
"p273": 0.00012042729108217089
"p274": 2.2580117077907045E-05
"p275": 0
"p276": 0.00011854561465901199
"p277": 1.5053411385271363E-05
"p278": 0
"p279": 0
"p280": 0.00271902243146464
"p281": 0.0009728267107731617
"p282": 0.00019381267158536877
"p283": 3.0106822770542726E-05
"p284": 0.003618463761734605
"p285": 0.001253196497823841
"p286": 0.00022768284720222932
"p287": 7.5267056926356815E-06
"p288": 8.091208619583358E-05
"p289": 3.1988499193701654E-05
"p290": 0
"p291": 0
"p292": 0
"p293": 0
"p294": 0
"p295": 0
"p296": 0.0028206329583152214
"p297": 0.0006792851887603701
"p298": 5.645029269476761E-05
"p299": 0
"p300": 0.0012701315856322708
"p301": 0.00022768284720222937
"p302": 7.5267056926356815E-06
"p303": 0
"p304": 0.0002145111122401169
"p305": 6.962202765688005E-05
"p306": 0
"p307": 0
"p308": 0
"p309": 0
"p310": 0
"p311": 0
"p312": 0.0011007807075479683
"p313": 0.00022580117077907044
"p314": 1.5053411385271363E-05
