"p252": 4.8923587002131926E-05
"p253": 5.645029269476761E-06
"p254": 0
"p255": 0
"p256": 0.00015053411385271363
"p257": 1.8816764231589203E-05
"p258": 0
"p259": 0
"p260": 1.1290058538953523E-05
"p261": 0
"p262": 0
"p263": 0
"p264": 0.002290000206984406
"p265": 0.0005249877220613388
"p266": 6.39769983874033E-05
"p267": 3.7633528463178407E-06
"p268": 0.0006679951302214166
"p269": 8.843879188846926E-05
"p270": 3.7633528463178407E-06
"p271": 0
"p272": 0
"p273": 0
"p274": 0
"p275": 0
"p276": 0
"p277": 0
"p278": 0
"p279": 0
"p280": 5.645029269476761E-06
"p281": 0
"p282": 0
"p283": 0
"p284": 0
"p285": 0
"p286": 0
"p287": 0
"p288": 8.091208619583357E-05
"p289": 1.5053411385271363E-05
"p290": 0
"p291": 0
"p292": 0
"p293": 0
"p294": 0
"p295": 0
"p296": 0.0027641826656204533
"p297": 0.0005532128684087225
"p298": 6.39769983874033E-05
"p299": 3.7633528463178407E-06
"p300": 0.0004346672537497106
"p301": 3.76335284631784E-05
"p302": 0
"p303": 0
"p304": 0.00015241579027587253
"p305": 4.139688130949625E-05
"p306": 0
"p307": 0
"p308": 0
"p309": 0
"p310": 0
"p311": 0
"p312": 0.001155349323819577
"p313": 0.00017123255450746176
"p314": 3.7633528463178407E-06
