"p252": 0.00036692690251598946
"p253": 8.843879188846926E-05
"p254": 1.1290058538953523E-05
"p255": 0
"p256": 3.7633528463178407E-06
"p257": 0
"p258": 0
"p259": 0
"p260": 4.516023415581409E-05
"p261": 7.5267056926356815E-06
"p262": 0
"p263": 0
"p264": 0.00010537387969689955
"p265": 1.5053411385271363E-05
"p266": 0
"p267": 0
"p268": 0.0001580608195453493
"p269": 1.8816764231589203E-05
"p270": 0
"p271": 0
"p272": 0
"p273": 0
"p274": 0
"p275": 0
"p276": 0
"p277": 0
"p278": 0
"p279": 0
"p280": 0
"p281": 0
"p282": 0
"p283": 0
"p284": 1.1290058538953523E-05
"p285": 0
"p286": 0
"p287": 0
"p288": 0.0003688085789391484
"p289": 4.1396881309496255E-05
"p290": 3.7633528463178407E-06
"p291": 0
"p292": 0.0002088660829706401
"p293": 2.2580117077907045E-05
"p294": 0
"p295": 0
"p296": 0.0028432130753931295
"p297": 0.0005983731025645366
"p298": 6.021364554108544E-05
"p299": 3.76335284631784E-06
"p300": 0.0029015450445110556
"p301": 0.0006002547789876956
"p302": 6.774035123372113E-05
"p303": 3.76335284631784E-06
"p304": 4.704191057897301E-05
"p305": 5.645029269476761E-06
"p306": 0
"p307": 0
"p308": 7.33853805031979E-05
"p309": 1.1290058538953523E-05
"p310": 0
"p311": 0
"p312": 0.0004911175464444782
"p313": 9.220214473478711E-05
"p314": 0
