"p252": 2.8225146347383805E-05
"p253": 1.3171734962112444E-05
"p254": 3.7633528463178407E-06
"p255": 0
"p256": 0.0007921857741499054
"p257": 0.00019757602443168666
"p258": 1.8816764231589203E-05
"p259": 0
"p260": 0.0014808793450260703
"p261": 0.00046853742936657115
"p262": 8.091208619583357E-05
"p263": 1.1290058538953523E-05
"p264": 0.00017123255450746176
"p265": 2.8225146347383808E-05
"p266": 0
"p267": 0
"p268": 0.0007865407448804288
"p269": 0.00017311423093062066
"p270": 3.7633528463178407E-06
"p271": 0
"p272": 0.0009803534164657974
"p273": 0.0002577896699727721
"p274": 3.0106822770542726E-05
"p275": 0
"p276": 0.0014300740816007792
"p277": 0.00046101072367393553
"p278": 7.526705692635681E-05
"p279": 1.1290058538953523E-05
"p280": 0.00024461793501065964
"p281": 3.575185204001949E-05
"p282": 0
"p283": 0
"p284": 0.001413138993792349
"p285": 0.0003499918147075592
"p286": 2.6343469924224884E-05
"p287": 0
"p288": 0.0002239194943559115
"p289": 2.6343469924224887E-05
"p290": 0
"p291": 0
"p292": 0.0007225637464930256
"p293": 0.00016558752523798497
"p294": 7.5267056926356815E-06
"p295": 0
"p296": 1.5053411385271363E-05
"p297": 1.8816764231589204E-06
"p298": 0
"p299": 0
"p300": 6.774035123372112E-05
"p301": 1.3171734962112444E-05
"p302": 3.7633528463178407E-06
"p303": 0
"p304": 8.843879188846925E-05
"p305": 1.5053411385271363E-05
"p306": 0
"p307": 0
"p308": 0.00034246510901492347
"p309": 7.714873334951574E-05
"p310": 1.8816764231589204E-06
"p311": 0
"p312": 9.408382115794602E-06
"p313": 1.8816764231589204E-06
"p314": 0
