"p252": 4.327855773265517E-05
"p253": 5.645029269476761E-06
"p254": 0
"p255": 0
"p256": 4.516023415581409E-05
"p257": 7.5267056926356815E-06
"p258": 0
"p259": 0
"p260": 0
"p261": 0
"p262": 0
"p263": 0
"p264": 0.0001975760244316866
"p265": 2.2580117077907045E-05
"p266": 0
"p267": 0
"p268": 6.962202765688006E-05
"p269": 1.1290058538953523E-05
"p270": 0
"p271": 0
"p272": 0
"p273": 0
"p274": 0
"p275": 0
"p276": 0
"p277": 0
"p278": 0
"p279": 0
"p280": 1.1290058538953523E-05
"p281": 0
"p282": 0
"p283": 0
"p284": 0
"p285": 0
"p286": 0
"p287": 0
"p288": 0.0002088660829706401
"p289": 2.2580117077907045E-05
"p290": 0
"p291": 0
"p292": 1.1290058538953523E-05
"p293": 0
"p294": 0
"p295": 0
"p296": 0.0047587596741689095
"p297": 0.0010330403563142472
"p298": 0.0001279539967748066
"p299": 7.5267056926356815E-06
"p300": 0.0010932540018553328
"p301": 0.0001373623788906012
"p302": 3.7633528463178407E-06
"p303": 0
"p304": 7.33853805031979E-05
"p305": 1.1290058538953523E-05
"p306": 0
"p307": 0
"p308": 0
"p309": 0
"p310": 0
"p311": 0
"p312": 0.0009464832408489366
"p313": 0.0001373623788906012
"p314": 3.7633528463178407E-06
