"p252": 0.002997510542092161
"p253": 0.0008279376261899249
"p254": 8.091208619583358E-05
"p255": 1.8816764231589204E-06
"p256": 7.903040977267465E-05
"p257": 1.8816764231589204E-06
"p258": 0
"p259": 0
"p260": 2.6343469924224887E-05
"p261": 0
"p262": 0
"p263": 0
"p264": 0.0001674692016611439
"p265": 9.408382115794602E-06
"p266": 0
"p267": 0
"p268": 0.00030671325697490405
"p269": 4.516023415581409E-05
"p270": 0
"p271": 0
"p272": 0
"p273": 0
"p274": 0
"p275": 0
"p276": 0
"p277": 0
"p278": 0
"p279": 0
"p280": 0
"p281": 0
"p282": 0
"p283": 0
"p284": 0
"p285": 0
"p286": 0
"p287": 0
"p288": 1.8816764231589203E-05
"p289": 0
"p290": 0
"p291": 0
"p292": 1.3171734962112444E-05
"p293": 0
"p294": 0
"p295": 0
"p296": 7.150370408003898E-05
"p297": 5.645029269476761E-06
"p298": 0
"p299": 0
"p300": 0.0002521446407032953
"p301": 5.645029269476761E-06
"p302": 0
"p303": 0
"p304": 5.645029269476761E-06
"p305": 0
"p306": 0
"p307": 0
"p308": 2.6343469924224887E-05
"p309": 1.1290058538953523E-05
"p310": 0
"p311": 0
"p312": 5.8331969117926534E-05
"p313": 0
"p314": 0
