"p252": 6.397699838740328E-05
"p253": 3.575185204001949E-05
"p254": 0
"p255": 0
"p256": 9.972885042742277E-05
"p257": 1.5053411385271363E-05
"p258": 0
"p259": 0
"p260": 0.0002559079935496132
"p261": 2.258011707790705E-05
"p262": 0
"p263": 0
"p264": 1.5053411385271363E-05
"p265": 0
"p266": 0
"p267": 0
"p268": 0.0001956943480085277
"p269": 5.2686939848449775E-05
"p270": 7.5267056926356815E-06
"p271": 0
"p272": 0
"p273": 0
"p274": 0
"p275": 0
"p276": 2.2580117077907045E-05
"p277": 0
"p278": 0
"p279": 0
"p280": 0
"p281": 0
"p282": 0
"p283": 0
"p284": 0
"p285": 0
"p286": 0
"p287": 0
"p288": 0.004786984820516294
"p289": 0.0015316846084513613
"p290": 0.0002671980520885667
"p291": 1.5053411385271363E-05
"p292": 0.006943386001456418
"p293": 0.002199679738672778
"p294": 0.0004177321659412803
"p295": 6.021364554108545E-05
"p296": 0.001571199813337698
"p297": 0.0004384306065960285
"p298": 5.268693984844977E-05
"p299": 0
"p300": 0.004171676630143327
"p301": 0.001157231000242736
"p302": 0.0001542974666990315
"p303": 0
"p304": 0.00044972066513498195
"p305": 9.784717400426387E-05
"p306": 1.1290058538953523E-05
"p307": 0
"p308": 0.0011967462051290735
"p309": 0.0003330567268991289
"p310": 2.6343469924224884E-05
"p311": 0
"p312": 0.00013171734962112442
"p313": 2.2580117077907045E-05
"p314": 0
