"p252": 0.00012607232035164766
"p253": 4.8923587002131926E-05
"p254": 5.645029269476761E-06
"p255": 0
"p256": 0.0019795235971631843
"p257": 0.0007413805107246148
"p258": 0.0001486524374295547
"p259": 7.5267056926356815E-06
"p260": 0.0019550618036621183
"p261": 0.0007733690099183163
"p262": 0.00017875926020009743
"p263": 3.0106822770542726E-05
"p264": 0.0008335826554594018
"p265": 0.0002577896699727721
"p266": 3.0106822770542726E-05
"p267": 0
"p268": 0.0023389237939865377
"p269": 0.0007526705692635681
"p270": 0.00010913723254321738
"p271": 0
"p272": 0
"p273": 0
"p274": 0
"p275": 0
"p276": 1.1290058538953523E-05
"p277": 0
"p278": 0
"p279": 0
"p280": 0
"p281": 0
"p282": 0
"p283": 0
"p284": 0
"p285": 0
"p286": 0
"p287": 0
"p288": 0.0031329912445596016
"p289": 0.0008354643318825608
"p290": 0.00011854561465901197
"p291": 7.5267056926356815E-06
"p292": 0.005221652074266007
"p293": 0.0015316846084513613
"p294": 0.00023897290574118285
"p295": 3.0106822770542726E-05
"p296": 0.0007639606278025217
"p297": 0.0001938126715853688
"p298": 2.2580117077907045E-05
"p299": 0
"p300": 0.0018666230117736484
"p301": 0.00042337719521075713
"p302": 5.2686939848449775E-05
"p303": 0
"p304": 0.0008091208619583358
"p305": 0.00013548070246744229
"p306": 1.1290058538953523E-05
"p307": 0
"p308": 0.0013040017612491316
"p309": 0.0003518734911307181
"p310": 2.6343469924224884E-05
"p311": 0
"p312": 0.0001561791431221904
"p313": 3.575185204001949E-05
"p314": 0
