"p252": 0.000259671346395931
"p253": 8.467543904215141E-05
"p254": 3.3870175616860565E-05
"p255": 1.8816764231589204E-06
"p256": 0.00041208713667180354
"p257": 9.408382115794603E-05
"p258": 1.1290058538953523E-05
"p259": 0
"p260": 0
"p261": 0
"p262": 0
"p263": 0
"p264": 0.0001956943480085277
"p265": 4.892358700213193E-05
"p266": 5.645029269476761E-06
"p267": 0
"p268": 0.0004610107236739354
"p269": 8.843879188846926E-05
"p270": 5.645029269476761E-06
"p271": 0
"p272": 0.00025967134639593104
"p273": 6.39769983874033E-05
"p274": 5.645029269476761E-06
"p275": 0
"p276": 1.6935087808430286E-05
"p277": 0
"p278": 0
"p279": 0
"p280": 0.00012042729108217089
"p281": 2.8225146347383808E-05
"p282": 0
"p283": 0
"p284": 0.0005174610163687031
"p285": 0.0001279539967748066
"p286": 5.645029269476761E-06
"p287": 0
"p288": 0.00034434678543808245
"p289": 2.8225146347383805E-05
"p290": 0
"p291": 0
"p292": 0
"p293": 0
"p294": 0
"p295": 0
"p296": 0.00013548070246744226
"p297": 7.5267056926356815E-06
"p298": 0
"p299": 0
"p300": 0.00016935087808430283
"p301": 1.1290058538953523E-05
"p302": 0
"p303": 0
"p304": 0.00011854561465901196
"p305": 5.645029269476761E-06
"p306": 0
"p307": 0
"p308": 5.645029269476761E-06
"p309": 0
"p310": 0
"p311": 0
"p312": 2.8225146347383805E-05
"p313": 1.8816764231589204E-06
"p314": 0
