"p252": 0.0001731142309306207
"p253": 8.467543904215141E-05
"p254": 1.1290058538953523E-05
"p255": 0
"p256": 0.00018064093662325633
"p257": 1.5053411385271365E-05
"p258": 0
"p259": 0
"p260": 1.1290058538953523E-05
"p261": 0
"p262": 0
"p263": 0
"p264": 0.00013359902604428335
"p265": 1.1290058538953523E-05
"p266": 0
"p267": 0
"p268": 0.00024085458216434178
"p269": 6.39769983874033E-05
"p270": 7.5267056926356815E-06
"p271": 0
"p272": 2.2580117077907045E-05
"p273": 0
"p274": 0
"p275": 0
"p276": 0
"p277": 0
"p278": 0
"p279": 0
"p280": 0
"p281": 0
"p282": 0
"p283": 0
"p284": 0
"p285": 0
"p286": 0
"p287": 0
"p288": 0.005633739210937809
"p289": 0.0017951193076936097
"p290": 0.00033682007974544673
"p291": 3.7633528463178407E-05
"p292": 8.655711546531035E-05
"p293": 3.7633528463178407E-06
"p294": 0
"p295": 0
"p296": 0.003234601771410184
"p297": 0.0008486360668446732
"p298": 0.00012607232035164766
"p299": 2.2580117077907045E-05
"p300": 0.008012178209810684
"p301": 0.0024499427029529143
"p302": 0.0003989154017096911
"p303": 1.5053411385271363E-05
"p304": 0.0009333115058868243
"p305": 0.00026907972851172564
"p306": 2.6343469924224884E-05
"p307": 0
"p308": 0
"p309": 0
"p310": 0
"p311": 0
"p312": 0.0005381594570234513
"p313": 0.0001016105268505817
"p314": 0
