"p252": 0.00073197212860882
"p253": 0.0002201561415095937
"p254": 2.4461793501065966E-05
"p255": 0
"p256": 0.0004798274879055247
"p257": 0.000118545614659012
"p258": 1.5053411385271363E-05
"p259": 0
"p260": 0
"p261": 0
"p262": 0
"p263": 0
"p264": 0.00018252261304641524
"p265": 2.6343469924224887E-05
"p266": 0
"p267": 0
"p268": 0.00012230896750532982
"p269": 2.2580117077907045E-05
"p270": 0
"p271": 0
"p272": 0.00018064093662325633
"p273": 1.5053411385271365E-05
"p274": 0
"p275": 0
"p276": 1.1290058538953523E-05
"p277": 0
"p278": 0
"p279": 0
"p280": 0.00013359902604428335
"p281": 1.1290058538953523E-05
"p282": 0
"p283": 0
"p284": 0.00024085458216434178
"p285": 6.39769983874033E-05
"p286": 7.5267056926356815E-06
"p287": 0
"p288": 0.004039959280522203
"p289": 0.0012494331449775231
"p290": 0.00019945770085484557
"p291": 1.8816764231589203E-05
"p292": 5.645029269476761E-06
"p293": 0
"p294": 0
"p295": 0
"p296": 0.0021902713565569824
"p297": 0.0005550945448318813
"p298": 7.714873334951573E-05
"p299": 1.1290058538953523E-05
"p300": 0.004732416204244685
"p301": 0.0012381430864385693
"p302": 0.0001637058488148261
"p303": 7.5267056926356815E-06
"p304": 0.002250485002098069
"p305": 0.0008015941562657001
"p306": 0.00015994249596850823
"p307": 1.8816764231589203E-05
"p308": 8.091208619583358E-05
"p309": 3.7633528463178407E-06
"p310": 0
"p311": 0
"p312": 0.001524157902758725
"p313": 0.0004421939594423463
"p314": 6.0213645541085445E-05
