"p252": 0.00016558752523798497
"p253": 5.080526342529086E-05
"p254": 0
"p255": 0
"p256": 1.6935087808430282E-05
"p257": 1.8816764231589204E-06
"p258": 0
"p259": 0
"p260": 0.00014488908458323686
"p261": 2.0698440654748124E-05
"p262": 1.8816764231589204E-06
"p263": 0
"p264": 0
"p265": 0
"p266": 0
"p267": 0
"p268": 3.0106822770542726E-05
"p269": 0
"p270": 0
"p271": 0
"p272": 2.0698440654748124E-05
"p273": 1.8816764231589204E-06
"p274": 0
"p275": 0
"p276": 0.0001561791431221904
"p277": 2.6343469924224884E-05
"p278": 0
"p279": 0
"p280": 3.7633528463178407E-06
"p281": 0
"p282": 0
"p283": 0
"p284": 0.00012607232035164768
"p285": 2.6343469924224884E-05
"p286": 0
"p287": 0
"p288": 0.0009427198880026192
"p289": 0.00021639278866327584
"p290": 1.8816764231589203E-05
"p291": 0
"p292": 0.0019757602443168662
"p293": 0.0005663846033708349
"p294": 8.655711546531033E-05
"p295": 1.1290058538953523E-05
"p296": 0.0001768775837769385
"p297": 2.8225146347383808E-05
"p298": 0
"p299": 0
"p300": 0.0008298193026130839
"p301": 0.00017499590735377957
"p302": 3.7633528463178407E-06
"p303": 0
"p304": 0.0009972885042742277
"p305": 0.000259671346395931
"p306": 3.0106822770542726E-05
"p307": 0
"p308": 0.0016013066361082408
"p309": 0.0005042892814065906
"p310": 7.714873334951573E-05
"p311": 1.1290058538953523E-05
"p312": 0.00024461793501065964
"p313": 3.575185204001949E-05
"p314": 0
