"p252": 0.0005663846033708349
"p253": 0.00016746920166114393
"p254": 1.6935087808430286E-05
"p255": 0
"p256": 2.2580117077907045E-05
"p257": 0
"p258": 0
"p259": 0
"p260": 0
"p261": 0
"p262": 0
"p263": 0
"p264": 0.0006661134537982578
"p265": 0.0001448890845832369
"p266": 1.5053411385271363E-05
"p267": 0
"p268": 5.268693984844976E-05
"p269": 1.1290058538953523E-05
"p270": 0
"p271": 0
"p272": 0.00014300740816007793
"p273": 1.8816764231589203E-05
"p274": 0
"p275": 0
"p276": 0
"p277": 0
"p278": 0
"p279": 0
"p280": 0.0003217666683601754
"p281": 2.6343469924224887E-05
"p282": 0
"p283": 0
"p284": 5.645029269476761E-05
"p285": 1.1290058538953523E-05
"p286": 0
"p287": 0
"p288": 0.0004647740765202534
"p289": 0.00010913723254321738
"p290": 1.1290058538953523E-05
"p291": 0
"p292": 9.408382115794602E-06
"p293": 0
"p294": 0
"p295": 0
"p296": 0.006017601201262228
"p297": 0.0017405506914220015
"p298": 0.0002653163756654077
"p299": 3.0106822770542726E-05
"p300": 0.004145333160219102
"p301": 0.0011026623839711274
"p302": 0.0001561791431221904
"p303": 7.5267056926356815E-06
"p304": 0.0004158504895181215
"p305": 0.0001279539967748066
"p306": 2.2580117077907045E-05
"p307": 0
"p308": 0.00011854561465901199
"p309": 1.5053411385271363E-05
"p310": 0
"p311": 0
"p312": 0.0035827119096945833
"p313": 0.0011685210587816894
"p314": 0.00020886608297064014
