"p252": 1.5053411385271363E-05
"p253": 1.8816764231589204E-06
"p254": 0
"p255": 0
"p256": 0.0001016105268505817
"p257": 1.5053411385271363E-05
"p258": 0
"p259": 0
"p260": 0
"p261": 0
"p262": 0
"p263": 0
"p264": 0.002173336268748553
"p265": 0.0005306327513308156
"p266": 5.456861627160869E-05
"p267": 3.7633528463178407E-06
"p268": 0.0004139688130949625
"p269": 9.784717400426385E-05
"p270": 0
"p271": 0
"p272": 0.00016182417239166713
"p273": 1.8816764231589203E-05
"p274": 0
"p275": 0
"p276": 1.1290058538953523E-05
"p277": 0
"p278": 0
"p279": 0
"p280": 0.002273065119175976
"p281": 0.0005249877220613388
"p282": 6.39769983874033E-05
"p283": 3.7633528463178407E-06
"p284": 0.0007131553643772307
"p285": 8.843879188846926E-05
"p286": 3.7633528463178407E-06
"p287": 0
"p288": 3.010682277054273E-05
"p289": 1.1290058538953523E-05
"p290": 0
"p291": 0
"p292": 0
"p293": 0
"p294": 0
"p295": 0
"p296": 0.0011911011758595968
"p297": 0.000165587525237985
"p298": 9.408382115794602E-06
"p299": 0
"p300": 0.00016746920166114387
"p301": 0
"p302": 0
"p303": 0
"p304": 9.032046831162818E-05
"p305": 3.0106822770542726E-05
"p306": 0
"p307": 0
"p308": 0
"p309": 0
"p310": 0
"p311": 0
"p312": 0.0006924569237224828
"p313": 9.22021447347871E-05
"p314": 3.7633528463178407E-06
