"p252": 0.00013359902604428335
"p253": 5.833196911792653E-05
"p254": 1.1290058538953523E-05
"p255": 0
"p256": 0.00014300740816007793
"p257": 1.8816764231589203E-05
"p258": 0
"p259": 0
"p260": 0
"p261": 0
"p262": 0
"p263": 0
"p264": 0.0003217666683601754
"p265": 2.6343469924224887E-05
"p266": 0
"p267": 0
"p268": 5.645029269476761E-05
"p269": 1.1290058538953523E-05
"p270": 0
"p271": 0
"p272": 0
"p273": 0
"p274": 0
"p275": 0
"p276": 0
"p277": 0
"p278": 0
"p279": 0
"p280": 2.2580117077907045E-05
"p281": 0
"p282": 0
"p283": 0
"p284": 0
"p285": 0
"p286": 0
"p287": 0
"p288": 0.000758315598533045
"p289": 0.00016558752523798497
"p290": 2.2580117077907045E-05
"p291": 0
"p292": 0.00012419064392848873
"p293": 1.5053411385271363E-05
"p294": 0
"p295": 0
"p296": 0.008490124021293049
"p297": 0.0025101563484939996
"p298": 0.00044031228301918735
"p299": 6.021364554108545E-05
"p300": 0.006871882297376378
"p301": 0.002077370771167448
"p302": 0.0003499918147075592
"p303": 1.5053411385271363E-05
"p304": 0.0001317173496211244
"p305": 6.021364554108545E-05
"p306": 1.1290058538953523E-05
"p307": 0
"p308": 3.7633528463178407E-06
"p309": 0
"p310": 0
"p311": 0
"p312": 0.001448890845832369
"p313": 0.00036504522609283053
"p314": 2.6343469924224884E-05
