"p252": 0.0002239194943559115
"p253": 6.021364554108545E-05
"p254": 0
"p255": 0
"p256": 0.0001298356731979655
"p257": 1.8816764231589203E-05
"p258": 0
"p259": 0
"p260": 0.0002559079935496132
"p261": 4.516023415581409E-05
"p262": 0
"p263": 0
"p264": 0.0008825062424615336
"p265": 0.00020886608297064017
"p266": 1.8816764231589203E-05
"p267": 0
"p268": 0.0018760313938894434
"p269": 0.0005513311919855637
"p270": 8.091208619583357E-05
"p271": 1.1290058538953523E-05
"p272": 0.0003876253431707376
"p273": 6.585867481056221E-05
"p274": 0
"p275": 0
"p276": 0.00045536569440445874
"p277": 0.00010537387969689954
"p278": 1.1290058538953523E-05
"p279": 0
"p280": 0.0011007807075479686
"p281": 0.00027660643420436126
"p282": 3.0106822770542726E-05
"p283": 0
"p284": 0.0022693017663296578
"p285": 0.0006529417188361453
"p286": 8.655711546531033E-05
"p287": 1.1290058538953523E-05
"p288": 9.408382115794602E-06
"p289": 0
"p290": 0
"p291": 0
"p292": 3.9515204886337324E-05
"p293": 9.408382115794602E-06
"p294": 0
"p295": 0
"p296": 0.00022956452362538827
"p297": 2.6343469924224887E-05
"p298": 0
"p299": 0
"p300": 0.0007413805107246147
"p301": 0.00016558752523798497
"p302": 7.5267056926356815E-06
"p303": 0
"p304": 2.0698440654748124E-05
"p305": 0
"p306": 0
"p307": 0
"p308": 0.0001505341138527136
"p309": 3.951520488633733E-05
"p310": 0
"p311": 0
"p312": 7.714873334951574E-05
"p313": 1.5053411385271363E-05
"p314": 0
