"p252": 0.000566384603370835
"p253": 0.00013171734962112442
"p254": 0
"p255": 0
"p256": 0.0003612818732465128
"p257": 7.526705692635681E-05
"p258": 5.645029269476761E-06
"p259": 0
"p260": 0.00043654893017286954
"p261": 0.00010537387969689955
"p262": 1.1290058538953523E-05
"p263": 0
"p264": 0.0028563848103552404
"p265": 0.0008580444489604677
"p266": 0.00013359902604428335
"p267": 7.5267056926356815E-06
"p268": 0.0042206002171454576
"p269": 0.0014074939645228723
"p270": 0.00025402631712645424
"p271": 3.0106822770542726E-05
"p272": 0.0006792851887603701
"p273": 0.00020133937727800447
"p274": 2.0698440654748128E-05
"p275": 0
"p276": 0.0005306327513308156
"p277": 0.00013548070246744226
"p278": 2.2580117077907045E-05
"p279": 0
"p280": 0.0025628432883424497
"p281": 0.0009239031237710301
"p282": 0.0001674692016611439
"p283": 7.5267056926356815E-06
"p284": 0.0033475023567997183
"p285": 0.0012400247628617284
"p286": 0.00025402631712645424
"p287": 3.0106822770542726E-05
"p288": 4.3278557732655166E-05
"p289": 1.8816764231589204E-06
"p290": 0
"p291": 0
"p292": 8.091208619583358E-05
"p293": 3.1988499193701654E-05
"p294": 0
"p295": 0
"p296": 0.001431955758023938
"p297": 0.00025402631712645424
"p298": 7.5267056926356815E-06
"p299": 0
"p300": 0.0027453659013888646
"p301": 0.0006886935708761649
"p302": 5.645029269476761E-05
"p303": 0
"p304": 7.338538050319791E-05
"p305": 0
"p306": 0
"p307": 0
"p308": 0.0002145111122401169
"p309": 6.962202765688005E-05
"p310": 0
"p311": 0
"p312": 0.000519342692791862
"p313": 6.021364554108546E-05
"p314": 0
