"p252": 0.009649236697958946
"p253": 0.003193204890100688
"p254": 0.00059272807329506
"p255": 4.51602341558141E-05
"p256": 0.0007319721286088198
"p257": 0.00017499590735377957
"p258": 2.634346992422488E-05
"p259": 0
"p260": 0.0002559079935496131
"p261": 2.2580117077907042E-05
"p262": 0
"p263": 0
"p264": 0.004226245246414936
"p265": 0.001317173496211244
"p266": 0.00021827446508643474
"p267": 1.8816764231589203E-05
"p268": 0.002600476816805628
"p269": 0.0008994413302699638
"p270": 0.00017875926020009743
"p271": 1.8816764231589203E-05
"p272": 0
"p273": 0
"p274": 0
"p275": 0
"p276": 1.1290058538953523E-05
"p277": 0
"p278": 0
"p279": 0
"p280": 5.645029269476761E-06
"p281": 0
"p282": 0
"p283": 0
"p284": 6.39769983874033E-05
"p285": 3.7633528463178407E-06
"p286": 0
"p287": 0
"p288": 0.0002408545821643418
"p289": 3.76335284631784E-05
"p290": 0
"p291": 0
"p292": 0.00017123255450746173
"p293": 2.4461793501065963E-05
"p294": 0
"p295": 0
"p296": 0.0029090717502036926
"p297": 0.0007714873334951572
"p298": 0.00011666393823585304
"p299": 2.258011707790704E-05
"p300": 0.0022900002069844065
"p301": 0.0006604684245287809
"p302": 9.972885042742276E-05
"p303": 2.258011707790704E-05
"p304": 0.0002051027301243223
"p305": 4.516023415581408E-05
"p306": 0
"p307": 0
"p308": 0.000308594933398063
"p309": 9.596549758110493E-05
"p310": 1.505341138527136E-05
"p311": 0
"p312": 0.005127568253108059
"p313": 0.0014150206702155078
"p314": 0.0001956943480085277
