"p252": 0.0002728430813580435
"p253": 0.00013548070246744226
"p254": 0
"p255": 0
"p256": 0.0009521282701184136
"p257": 0.0002577896699727721
"p258": 3.0106822770542726E-05
"p259": 0
"p260": 0.002120649328900103
"p261": 0.0007884224213035878
"p262": 0.00015429746669903146
"p263": 7.5267056926356815E-06
"p264": 0.00019945770085484557
"p265": 5.080526342529085E-05
"p266": 1.1290058538953523E-05
"p267": 0
"p268": 0.001153467647396418
"p269": 0.00043654893017286954
"p270": 8.843879188846926E-05
"p271": 1.3171734962112444E-05
"p272": 2.8225146347383808E-05
"p273": 0
"p274": 0
"p275": 0
"p276": 0.00024273625858750074
"p277": 6.585867481056221E-05
"p278": 5.645029269476761E-06
"p279": 0
"p280": 0
"p281": 0
"p282": 0
"p283": 0
"p284": 0
"p285": 0
"p286": 0
"p287": 0
"p288": 0.013132219757226107
"p289": 0.005592342329628311
"p290": 0.001416902346638667
"p291": 0.00020886608297064017
"p292": 0.019934480026945613
"p293": 0.00940085541010197
"p294": 0.002551553229803497
"p295": 0.0003349384033222879
"p296": 0.007820247214648473
"p297": 0.0025910684346898342
"p298": 0.0003857436667475786
"p299": 2.069844065474812E-05
"p300": 0.01535071626013048
"p301": 0.005594224006051471
"p302": 0.0010876089725858564
"p303": 8.091208619583358E-05
"p304": 0.004470863181425594
"p305": 0.0015975432832619236
"p306": 0.00032176666836017533
"p307": 2.6343469924224887E-05
"p308": 0.00796701797565487
"p309": 0.0033606740917618318
"p310": 0.000709392011530913
"p311": 4.327855773265517E-05
"p312": 0.0017631308084999082
"p313": 0.0005061709578297496
"p314": 5.45686162716087E-05
