"p252": 0.005693952856478893
"p253": 0.0017988826605399278
"p254": 0.0003217666683601754
"p255": 2.8225146347383808E-05
"p256": 0.0005946097497182188
"p257": 0.00014112573173691902
"p258": 1.5053411385271363E-05
"p259": 0
"p260": 6.774035123372114E-05
"p261": 5.645029269476761E-06
"p262": 0
"p263": 0
"p264": 0.005778628295521046
"p265": 0.002032210537011634
"p266": 0.0003669269025159894
"p267": 2.8225146347383808E-05
"p268": 0.001768775837769385
"p269": 0.0004685374293665711
"p270": 4.327855773265517E-05
"p271": 1.8816764231589204E-06
"p272": 6.774035123372114E-05
"p273": 0
"p274": 0
"p275": 0
"p276": 0
"p277": 0
"p278": 0
"p279": 0
"p280": 8.27937626189925E-05
"p281": 1.5053411385271363E-05
"p282": 0
"p283": 0
"p284": 3.7633528463178407E-06
"p285": 0
"p286": 0
"p287": 0
"p288": 0.00028789649274331484
"p289": 8.091208619583358E-05
"p290": 1.3171734962112442E-05
"p291": 0
"p292": 0
"p293": 0
"p294": 0
"p295": 0
"p296": 0.002957995337205823
"p297": 0.0012249713514764571
"p298": 0.00027848811062752013
"p299": 7.5267056926356815E-06
"p300": 0.000773369009918316
"p301": 0.0002182744650864347
"p302": 3.575185204001948E-05
"p303": 0
"p304": 0.00046289240009709436
"p305": 0.00015241579027587253
"p306": 2.2580117077907045E-05
"p307": 0
"p308": 0
"p309": 0
"p310": 0
"p311": 0
"p312": 0.004909293788021623
"p313": 0.0016107150182240355
"p314": 0.00023144620004854718
