"p252": 0.010023690306167569
"p253": 0.0033418573275302422
"p254": 0.0006661134537982578
"p255": 5.45686162716087E-05
"p256": 0.0001768775837769385
"p257": 4.3278557732655166E-05
"p258": 0
"p259": 0
"p260": 0.0008768612131920569
"p261": 0.00024461793501065964
"p262": 2.8225146347383805E-05
"p263": 1.8816764231589204E-06
"p264": 0.0012437881157080465
"p265": 0.00038386199032441974
"p266": 6.774035123372114E-05
"p267": 1.1290058538953523E-05
"p268": 0.0016521118995335318
"p269": 0.0006830485416066881
"p270": 0.00015617914312219037
"p271": 1.8816764231589203E-05
"p272": 0
"p273": 0
"p274": 0
"p275": 0
"p276": 0
"p277": 0
"p278": 0
"p279": 0
"p280": 3.951520488633733E-05
"p281": 0
"p282": 0
"p283": 0
"p284": 0.000259671346395931
"p285": 6.397699838740328E-05
"p286": 5.645029269476761E-06
"p287": 0
"p288": 0.0038009863747810193
"p289": 0.0015486196962597914
"p290": 0.00034622846186124133
"p291": 1.6935087808430282E-05
"p292": 0.0031160561567511722
"p293": 0.0011214791482027165
"p294": 0.0002483812878569775
"p295": 4.139688130949624E-05
"p296": 0.02539322333052964
"p297": 0.010721792259159531
"p298": 0.0026945606379635743
"p299": 0.00033493840332228785
"p300": 0.027594784745625572
"p301": 0.012626048799396359
"p302": 0.003524379940576659
"p303": 0.0005739113090634708
"p304": 0.0008618078018067856
"p305": 0.0002954231984359505
"p306": 4.516023415581409E-05
"p307": 0
"p308": 0.0008618078018067857
"p309": 0.0003255300212064932
"p310": 5.833196911792653E-05
"p311": 1.1290058538953523E-05
"p312": 0.009316179971059818
"p313": 0.0033098688283365414
"p314": 0.0006774035123372113
