"p252": 0.006335604516776085
"p253": 0.0021902713565569833
"p254": 0.00041020546024864466
"p255": 6.0213645541085445E-05
"p256": 0.000611544837526649
"p257": 0.00018252261304641527
"p258": 2.0698440654748124E-05
"p259": 0
"p260": 0
"p261": 0
"p262": 0
"p263": 0
"p264": 0.00021827446508643471
"p265": 2.6343469924224887E-05
"p266": 0
"p267": 0
"p268": 0.0002577896699727721
"p269": 5.645029269476761E-05
"p270": 5.645029269476761E-06
"p271": 0
"p272": 0.0004120871366718036
"p273": 0.00012042729108217089
"p274": 2.2580117077907045E-05
"p275": 0
"p276": 1.1290058538953521E-05
"p277": 0
"p278": 0
"p279": 0
"p280": 0.0003349384033222878
"p281": 6.962202765688005E-05
"p282": 0
"p283": 0
"p284": 0.0003104766098212219
"p285": 0.0001223089675053298
"p286": 1.1290058538953523E-05
"p287": 0
"p288": 0.002852621457508923
"p289": 0.0009822350928889566
"p290": 0.00017311423093062066
"p291": 7.5267056926356815E-06
"p292": 0
"p293": 0
"p294": 0
"p295": 0
"p296": 0.0038047497276273374
"p297": 0.0009728267107731617
"p298": 0.00012419064392848875
"p299": 7.5267056926356815E-06
"p300": 0.0014244290523313025
"p301": 0.0002728430813580434
"p302": 2.258011707790704E-05
"p303": 0
"p304": 0.003558250116193519
"p305": 0.0014187840230618259
"p306": 0.00032364834478333426
"p307": 4.139688130949624E-05
"p308": 1.505341138527136E-05
"p309": 0
"p310": 0
"p311": 0
"p312": 0.006130501786651764
"p313": 0.0018703863646199665
"p314": 0.00032364834478333426
