"p252": 0.0017236156036135705
"p253": 0.0005419228098697689
"p254": 8.27937626189925E-05
"p255": 5.645029269476761E-06
"p256": 1.1290058538953521E-05
"p257": 0
"p258": 0
"p259": 0
"p260": 0
"p261": 0
"p262": 0
"p263": 0
"p264": 0.0003499918147075592
"p265": 6.774035123372113E-05
"p266": 0
"p267": 0
"p268": 0.00017499590735377957
"p269": 3.387017561686056E-05
"p270": 0
"p271": 0
"p272": 1.1290058538953521E-05
"p273": 0
"p274": 0
"p275": 0
"p276": 0
"p277": 0
"p278": 0
"p279": 0
"p280": 0.0003274116976296521
"p281": 5.080526342529086E-05
"p282": 0
"p283": 0
"p284": 0.0002427362585875007
"p285": 1.6935087808430282E-05
"p286": 0
"p287": 0
"p288": 5.6450292694767605E-06
"p289": 5.6450292694767605E-06
"p290": 0
"p291": 0
"p292": 0
"p293": 0
"p294": 0
"p295": 0
"p296": 0.00025402631712645424
"p297": 0
"p298": 0
"p299": 0
"p300": 8.467543904215139E-05
"p301": 0
"p302": 0
"p303": 0
"p304": 5.6450292694767605E-06
"p305": 5.6450292694767605E-06
"p306": 0
"p307": 0
"p308": 0
"p309": 0
"p310": 0
"p311": 0
"p312": 9.784717400426385E-05
"p313": 0
"p314": 0
