"p252": 0.007933147800038008
"p253": 0.0029448236022437103
"p254": 0.0005099343106760674
"p255": 1.3171734962112444E-05
"p256": 1.6935087808430282E-05
"p257": 0
"p258": 0
"p259": 0
"p260": 1.1290058538953521E-05
"p261": 0
"p262": 0
"p263": 0
"p264": 0.000259671346395931
"p265": 5.080526342529084E-05
"p266": 0
"p267": 0
"p268": 0.0002653163756654078
"p269": 5.080526342529084E-05
"p270": 0
"p271": 0
"p272": 6.774035123372113E-05
"p273": 0
"p274": 0
"p275": 0
"p276": 1.1290058538953521E-05
"p277": 0
"p278": 0
"p279": 0
"p280": 0.0002878964927433148
"p281": 3.3870175616860565E-05
"p282": 0
"p283": 0
"p284": 0.00023144620004854718
"p285": 3.3870175616860565E-05
"p286": 0
"p287": 0
"p288": 5.6450292694767605E-06
"p289": 0
"p290": 0
"p291": 0
"p292": 5.6450292694767605E-06
"p293": 5.6450292694767605E-06
"p294": 0
"p295": 0
"p296": 0.00012419064392848873
"p297": 0
"p298": 0
"p299": 0
"p300": 0.0002088660829706401
"p301": 0
"p302": 0
"p303": 0
"p304": 1.1290058538953523E-05
"p305": 0
"p306": 0
"p307": 0
"p308": 5.6450292694767605E-06
"p309": 5.6450292694767605E-06
"p310": 0
"p311": 0
"p312": 4.139688130949624E-05
"p313": 0
"p314": 0
