"p252": 0.008429910375751963
"p253": 0.0026644538151930305
"p254": 0.00042149551878759814
"p255": 2.2580117077907045E-05
"p256": 0.0012889483498638608
"p257": 0.00041396881309496247
"p258": 6.585867481056221E-05
"p259": 0
"p260": 0.0014376007872934154
"p261": 0.00046101072367393553
"p262": 7.526705692635681E-05
"p263": 1.1290058538953523E-05
"p264": 0.011269360098298773
"p265": 0.004647740765202534
"p266": 0.001110189089663763
"p267": 0.00014865243742955472
"p268": 0.012400247628617283
"p269": 0.005720296326403118
"p270": 0.0015298029320282023
"p271": 0.00021639278866327584
"p272": 0.003161216390906987
"p273": 0.001398085582407078
"p274": 0.0003349384033222878
"p275": 1.6935087808430282E-05
"p276": 0.0022881185305612473
"p277": 0.0009257848001941888
"p278": 0.00022015614150959367
"p279": 4.139688130949624E-05
"p280": 0.016088333418008773
"p281": 0.007376171578782969
"p282": 0.001981405273586343
"p283": 0.00025402631712645424
"p284": 0.013916878825683376
"p285": 0.0070525232339996346
"p286": 0.0021564011809401228
"p287": 0.0004102054602486447
"p288": 0.0001844042894695742
"p289": 5.2686939848449775E-05
"p290": 5.645029269476761E-06
"p291": 0
"p292": 0.00026719805208856665
"p293": 0.00010725555612005848
"p294": 3.0106822770542726E-05
"p295": 5.645029269476761E-06
"p296": 0.005368422835272401
"p297": 0.0018007643369630868
"p298": 0.0003029499041285862
"p299": 1.1290058538953523E-05
"p300": 0.00815894897081708
"p301": 0.0033832542088397394
"p302": 0.0007470255399940916
"p303": 2.8225146347383808E-05
"p304": 0.00034811013828440026
"p305": 0.00011666393823585305
"p306": 1.1290058538953523E-05
"p307": 0
"p308": 0.0009803534164657976
"p309": 0.00037633528463178407
"p310": 8.091208619583357E-05
"p311": 7.5267056926356815E-06
"p312": 0.004341027508227629
"p313": 0.0013247002019038802
"p314": 0.00018628596589273313
