"p252": 0.000848636066844673
"p253": 0.00030483158055174506
"p254": 4.139688130949625E-05
"p255": 5.645029269476761E-06
"p256": 0.0026531637566540776
"p257": 0.0009032046831162818
"p258": 0.0001749959073537796
"p259": 1.8816764231589203E-05
"p260": 0.0017085621922282995
"p261": 0.0006792851887603702
"p262": 0.00015241579027587256
"p263": 1.8816764231589203E-05
"p264": 0.0022053247679422548
"p265": 0.0005964914261413778
"p266": 6.962202765688005E-05
"p267": 0
"p268": 0.00121932632220698
"p269": 0.0002427362585875007
"p270": 2.634346992422488E-05
"p271": 0
"p272": 5.645029269476761E-06
"p273": 0
"p274": 0
"p275": 0
"p276": 6.774035123372113E-05
"p277": 3.7633528463178407E-06
"p278": 0
"p279": 0
"p280": 0
"p281": 0
"p282": 0
"p283": 0
"p284": 3.7633528463178407E-06
"p285": 3.7633528463178407E-06
"p286": 0
"p287": 0
"p288": 0.002086779153283243
"p289": 0.0005946097497182188
"p290": 0.00010161052685058169
"p291": 2.258011707790704E-05
"p292": 0.0019343633630073704
"p293": 0.0005889647204487421
"p294": 9.972885042742276E-05
"p295": 2.258011707790704E-05
"p296": 0.0009822350928889564
"p297": 0.0002728430813580434
"p298": 1.5053411385271361E-05
"p299": 0
"p300": 0.0004233771952107571
"p301": 0.00010349220327374062
"p302": 0
"p303": 0
"p304": 0.004032432574829567
"p305": 0.0012117996165143443
"p306": 0.00018816764231589203
"p307": 7.5267056926356815E-06
"p308": 0.0040380776040990435
"p309": 0.0015279212556050432
"p310": 0.0003010682277054273
"p311": 7.5267056926356815E-06
"p312": 0.0014902877271418648
"p313": 0.0003048315805517451
"p314": 1.8816764231589203E-05
