"p252": 0.0006096631611034902
"p253": 0.000237091229318024
"p254": 3.0106822770542726E-05
"p255": 0
"p256": 0.007773205304069499
"p257": 0.003422769413726076
"p258": 0.0009032046831162818
"p259": 0.00013548070246744229
"p260": 0.00986374781019906
"p261": 0.004835908407518425
"p262": 0.0013867955238681244
"p263": 0.0002051027301243223
"p264": 0.0050466561669122246
"p265": 0.0018572146296578543
"p266": 0.00037633528463178407
"p267": 1.88167642315892E-05
"p268": 0.004707954410743619
"p269": 0.001512867844219772
"p270": 0.00025214464070329537
"p271": 1.6935087808430286E-05
"p272": 0.01003874371755284
"p273": 0.004982679168524821
"p274": 0.001482761021449229
"p275": 0.0002295645236253883
"p276": 0.009208924414939756
"p277": 0.00498644252137114
"p278": 0.0016690469873419623
"p279": 0.0003669269025159895
"p280": 0.00906403533035652
"p281": 0.0038969518723621244
"p282": 0.0009257848001941889
"p283": 3.951520488633732E-05
"p284": 0.0073140762568187235
"p285": 0.002926006838012121
"p286": 0.0006077814846803313
"p287": 4.1396881309496255E-05
"p288": 0.004239416981377047
"p289": 0.0015203945499124077
"p290": 0.00029354152201279164
"p291": 1.1290058538953523E-05
"p292": 0.007703583276412622
"p293": 0.003281643681989157
"p294": 0.0007470255399940916
"p295": 2.8225146347383808E-05
"p296": 0.0013886772002912832
"p297": 0.0003913886960170554
"p298": 2.6343469924224884E-05
"p299": 1.8816764231589204E-06
"p300": 0.000895677977423646
"p301": 0.00024461793501065964
"p302": 2.4461793501065966E-05
"p303": 1.8816764231589204E-06
"p304": 0.003678677407275689
"p305": 0.001198627881552232
"p306": 0.0001919309951622099
"p307": 1.1290058538953523E-05
"p308": 0.005853895352447402
"p309": 0.0024123091744897357
"p310": 0.0004835908407518425
"p311": 3.198849919370165E-05
"p312": 0.0009013230066931228
"p313": 0.0002728430813580435
"p314": 2.4461793501065966E-05
