"p252": 0.012375785835116218
"p253": 0.004738061233514162
"p254": 0.0009859984457352743
"p255": 0.00013171734962112445
"p256": 3.387017561686057E-05
"p257": 5.645029269476761E-06
"p258": 0
"p259": 0
"p260": 0
"p261": 0
"p262": 0
"p263": 0
"p264": 1.6935087808430286E-05
"p265": 0
"p266": 0
"p267": 0
"p268": 1.1290058538953523E-05
"p269": 0
"p270": 0
"p271": 0
"p272": 7.5267056926356815E-06
"p273": 0
"p274": 0
"p275": 0
"p276": 0
"p277": 0
"p278": 0
"p279": 0
"p280": 1.3171734962112444E-05
"p281": 0
"p282": 0
"p283": 0
"p284": 1.3171734962112442E-05
"p285": 7.5267056926356815E-06
"p286": 0
"p287": 0
"p288": 0.0005870830440255831
"p289": 0.00011854561465901197
"p290": 5.645029269476761E-06
"p291": 0
"p292": 0
"p293": 0
"p294": 0
"p295": 0
"p296": 0.00040267875455600894
"p297": 5.268693984844976E-05
"p298": 0
"p299": 0
"p300": 0.0007658423042256808
"p301": 0.00011478226181269414
"p302": 5.645029269476761E-06
"p303": 0
"p304": 0.00021827446508643474
"p305": 4.7041910578973015E-05
"p306": 5.645029269476761E-06
"p307": 0
"p308": 2.2580117077907045E-05
"p309": 0
"p310": 0
"p311": 0
"p312": 0.0001787592602000974
"p313": 2.6343469924224887E-05
"p314": 0
