"p252": 0.0013510436718281046
"p253": 0.0004835908407518425
"p254": 2.0698440654748124E-05
"p255": 0
"p256": 0.0003725719317854663
"p257": 9.972885042742278E-05
"p258": 9.408382115794602E-06
"p259": 0
"p260": 0.0014131389937923492
"p261": 0.0005419228098697689
"p262": 8.655711546531035E-05
"p263": 5.645029269476761E-06
"p264": 5.645029269476761E-05
"p265": 1.1290058538953523E-05
"p266": 0
"p267": 0
"p268": 0.00034058343259176464
"p269": 0.0001016105268505817
"p270": 1.6935087808430286E-05
"p271": 0
"p272": 0.0009803534164657976
"p273": 0.0002577896699727721
"p274": 3.0106822770542726E-05
"p275": 0
"p276": 0.002338923793986538
"p277": 0.0008486360668446731
"p278": 0.00015994249596850823
"p279": 7.5267056926356815E-06
"p280": 0.00019945770085484557
"p281": 5.080526342529085E-05
"p282": 1.1290058538953523E-05
"p283": 0
"p284": 0.001153467647396418
"p285": 0.00043654893017286954
"p286": 8.843879188846926E-05
"p287": 1.3171734962112444E-05
"p288": 0.006292325959043429
"p289": 0.0025590799354961316
"p290": 0.0005833196911792652
"p291": 6.962202765688006E-05
"p292": 0.011468817799153624
"p293": 0.0051708468108407155
"p294": 0.0011986278815522325
"p295": 9.408382115794602E-05
"p296": 0.0026418736981151246
"p297": 0.0008486360668446731
"p298": 0.00012419064392848875
"p299": 1.317173496211244E-05
"p300": 0.006090986581765427
"p301": 0.0019042565402368275
"p302": 0.000308594933398063
"p303": 2.2580117077907045E-05
"p304": 0.011071784073867089
"p305": 0.0047888664969394515
"p306": 0.001196746205129073
"p307": 0.00017123255450746173
"p308": 0.01518701041131565
"p309": 0.007415686783669306
"p310": 0.0020736074183211307
"p311": 0.00028413313989699703
"p312": 0.00695467605999537
"p313": 0.0023031719419465187
"p314": 0.0003180033155138576
