"p252": 0.002220378179327526
"p253": 0.0007018653058382773
"p254": 9.972885042742278E-05
"p255": 5.645029269476761E-06
"p256": 0.0002201561415095937
"p257": 5.080526342529084E-05
"p258": 0
"p259": 0
"p260": 0
"p261": 0
"p262": 0
"p263": 0
"p264": 0.00018064093662325636
"p265": 1.6935087808430282E-05
"p266": 0
"p267": 0
"p268": 0.00021262943581695798
"p269": 3.387017561686056E-05
"p270": 0
"p271": 0
"p272": 0.00013548070246744223
"p273": 3.3870175616860565E-05
"p274": 0
"p275": 0
"p276": 0
"p277": 0
"p278": 0
"p279": 0
"p280": 0.00022768284720222937
"p281": 1.6935087808430282E-05
"p282": 0
"p283": 0
"p284": 0.0002464996114338186
"p285": 1.6935087808430282E-05
"p286": 0
"p287": 0
"p288": 0.0002088660829706401
"p289": 0
"p290": 0
"p291": 0
"p292": 0
"p293": 0
"p294": 0
"p295": 0
"p296": 4.8923587002131926E-05
"p297": 5.6450292694767605E-06
"p298": 0
"p299": 0
"p300": 8.65571154653103E-05
"p301": 5.6450292694767605E-06
"p302": 0
"p303": 0
"p304": 8.091208619583357E-05
"p305": 0
"p306": 0
"p307": 0
"p308": 0
"p309": 0
"p310": 0
"p311": 0
"p312": 2.2580117077907045E-05
"p313": 3.7633528463178407E-06
"p314": 0
