"p252": 0.004544248561928792
"p253": 0.0014978144328345008
"p254": 0.0002483812878569775
"p255": 1.6935087808430286E-05
"p256": 0.00013548070246744223
"p257": 3.3870175616860565E-05
"p258": 0
"p259": 0
"p260": 0
"p261": 0
"p262": 0
"p263": 0
"p264": 0.00022768284720222937
"p265": 1.6935087808430282E-05
"p266": 0
"p267": 0
"p268": 0.00025026296428013644
"p269": 1.6935087808430282E-05
"p270": 0
"p271": 0
"p272": 0
"p273": 0
"p274": 0
"p275": 0
"p276": 0
"p277": 0
"p278": 0
"p279": 0
"p280": 0
"p281": 0
"p282": 0
"p283": 0
"p284": 0
"p285": 0
"p286": 0
"p287": 0
"p288": 0.00046289240009709436
"p289": 5.080526342529084E-05
"p290": 0
"p291": 0
"p292": 0
"p293": 0
"p294": 0
"p295": 0
"p296": 0.0002295645236253883
"p297": 2.2580117077907045E-05
"p298": 0
"p299": 0
"p300": 0.00031235828624438073
"p301": 3.9515204886337324E-05
"p302": 0
"p303": 0
"p304": 8.091208619583357E-05
"p305": 0
"p306": 0
"p307": 0
"p308": 0
"p309": 0
"p310": 0
"p311": 0
"p312": 2.2580117077907045E-05
"p313": 3.7633528463178407E-06
"p314": 0
