"p252": 0.006495547012744593
"p253": 0.0023276337354475843
"p254": 0.00047041910578973003
"p255": 6.0213645541085445E-05
"p256": 0.00017687758377693853
"p257": 4.3278557732655166E-05
"p258": 0
"p259": 0
"p260": 0
"p261": 0
"p262": 0
"p263": 0
"p264": 0.002472522820030821
"p265": 0.0009728267107731619
"p266": 0.00019757602443168663
"p267": 1.3171734962112444E-05
"p268": 0.0006284799253350795
"p269": 0.00023709122931802392
"p270": 4.516023415581409E-05
"p271": 0
"p272": 0.0008768612131920569
"p273": 0.00024461793501065964
"p274": 2.8225146347383805E-05
"p275": 1.8816764231589204E-06
"p276": 0
"p277": 0
"p278": 0
"p279": 0
"p280": 0.0024838128785697753
"p281": 0.0008523994196909909
"p282": 0.0001749959073537796
"p283": 1.8816764231589203E-05
"p284": 0.000707510335107754
"p285": 0.0002615530228190899
"p286": 4.892358700213194E-05
"p287": 1.1290058538953523E-05
"p288": 0.0015410929905671558
"p289": 0.0004854725171750015
"p290": 8.091208619583358E-05
"p291": 1.1290058538953523E-05
"p292": 5.080526342529084E-05
"p293": 0
"p294": 0
"p295": 0
"p296": 0.025406395065491756
"p297": 0.01074249069981428
"p298": 0.0026644538151930322
"p299": 0.0003161216390906987
"p300": 0.008574799460335203
"p301": 0.00277170937131309
"p302": 0.000496762575713955
"p303": 5.45686162716087E-05
"p304": 0.002163927886632759
"p305": 0.0009408382115794602
"p306": 0.0002314462000485472
"p307": 4.139688130949624E-05
"p308": 0.00031988499193701646
"p309": 7.526705692635683E-05
"p310": 5.645029269476761E-06
"p311": 0
"p312": 0.027871391179829934
"p313": 0.013207486814152465
"p314": 0.0037313643471241402
