"p252": 0.003464166295035572
"p253": 0.0011741660880511665
"p254": 0.00018816764231589203
"p255": 1.1290058538953523E-05
"p256": 5.645029269476761E-06
"p257": 0
"p258": 0
"p259": 0
"p260": 0
"p261": 0
"p262": 0
"p263": 0
"p264": 2.0698440654748128E-05
"p265": 0
"p266": 0
"p267": 0
"p268": 0
"p269": 0
"p270": 0
"p271": 0
"p272": 0
"p273": 0
"p274": 0
"p275": 0
"p276": 0
"p277": 0
"p278": 0
"p279": 0
"p280": 0
"p281": 0
"p282": 0
"p283": 0
"p284": 0
"p285": 0
"p286": 0
"p287": 0
"p288": 0.00011666393823585304
"p289": 3.7633528463178407E-06
"p290": 0
"p291": 0
"p292": 1.6935087808430286E-05
"p293": 0
"p294": 0
"p295": 0
"p296": 0.0013284635547501978
"p297": 0.0002295645236253883
"p298": 1.1290058538953523E-05
"p299": 0
"p300": 0.0009126130652320765
"p301": 0.00012419064392848875
"p302": 1.1290058538953523E-05
"p303": 0
"p304": 2.6343469924224887E-05
"p305": 3.7633528463178407E-06
"p306": 0
"p307": 0
"p308": 0
"p309": 0
"p310": 0
"p311": 0
"p312": 7.903040977267465E-05
"p313": 5.645029269476761E-06
"p314": 0
