"p252": 0.00897747821489121
"p253": 0.003200731595793323
"p254": 0.0005118159870992264
"p255": 1.3171734962112444E-05
"p256": 6.397699838740328E-05
"p257": 9.408382115794602E-06
"p258": 0
"p259": 0
"p260": 7.338538050319788E-05
"p261": 3.7633528463178407E-06
"p262": 0
"p263": 0
"p264": 0.0003462284618612414
"p265": 5.8331969117926534E-05
"p266": 5.645029269476761E-06
"p267": 0
"p268": 0.0006604684245287809
"p269": 0.00011478226181269414
"p270": 5.645029269476761E-06
"p271": 0
"p272": 7.714873334951573E-05
"p273": 1.5053411385271361E-05
"p274": 0
"p275": 0
"p276": 8.091208619583357E-05
"p277": 3.7633528463178407E-06
"p278": 0
"p279": 0
"p280": 0.00024461793501065964
"p281": 5.268693984844977E-05
"p282": 5.645029269476761E-06
"p283": 0
"p284": 0.0003970337252865322
"p285": 6.774035123372113E-05
"p286": 5.645029269476761E-06
"p287": 0
"p288": 7.5267056926356815E-06
"p289": 0
"p290": 0
"p291": 0
"p292": 9.408382115794602E-06
"p293": 3.7633528463178407E-06
"p294": 0
"p295": 0
"p296": 0.0001975760244316866
"p297": 1.6935087808430286E-05
"p298": 0
"p299": 0
"p300": 0.0004384306065960284
"p301": 6.209532196424438E-05
"p302": 0
"p303": 0
"p304": 7.5267056926356815E-06
"p305": 0
"p306": 0
"p307": 0
"p308": 9.408382115794602E-06
"p309": 3.7633528463178407E-06
"p310": 0
"p311": 0
"p312": 4.8923587002131926E-05
"p313": 0
"p314": 0
