"p252": 0.0029071900737805316
"p253": 0.0008373460083057195
"p254": 0.0001298356731979655
"p255": 3.0106822770542726E-05
"p256": 0.001776302543462021
"p257": 0.0006792851887603702
"p258": 0.00015241579027587256
"p259": 1.8816764231589203E-05
"p260": 1.505341138527136E-05
"p261": 0
"p262": 0
"p263": 0
"p264": 0.0041848483651054395
"p265": 0.0012701315856322713
"p266": 0.0002220378179327526
"p267": 1.8816764231589203E-05
"p268": 0.0016125966946471948
"p269": 0.0003669269025159895
"p270": 3.7633528463178407E-05
"p271": 0
"p272": 6.39769983874033E-05
"p273": 3.7633528463178407E-06
"p274": 0
"p275": 0
"p276": 3.7633528463178407E-06
"p277": 0
"p278": 0
"p279": 0
"p280": 5.645029269476761E-06
"p281": 0
"p282": 0
"p283": 0
"p284": 3.7633528463178407E-06
"p285": 3.7633528463178407E-06
"p286": 0
"p287": 0
"p288": 0.0019343633630073704
"p289": 0.0005889647204487421
"p290": 9.972885042742276E-05
"p291": 2.258011707790704E-05
"p292": 0
"p293": 0
"p294": 0
"p295": 0
"p296": 0.0022636567370601817
"p297": 0.0006247165724887615
"p298": 9.408382115794599E-05
"p299": 2.258011707790704E-05
"p300": 0.001061265502661631
"p301": 0.00022768284720222932
"p302": 0
"p303": 0
"p304": 0.004068184426869586
"p305": 0.001535447961297679
"p306": 0.0003010682277054273
"p307": 7.5267056926356815E-06
"p308": 0
"p309": 0
"p310": 0
"p311": 0
"p312": 0.0044783898871182315
"p313": 0.001198627881552232
"p314": 0.0001844042894695742
