"p252": 0.00028225146347383805
"p253": 0.00011478226181269415
"p254": 1.8816764231589203E-05
"p255": 0
"p256": 0.00506923628399013
"p257": 0.0021281760345927387
"p258": 0.000496762575713955
"p259": 6.774035123372113E-05
"p260": 0.008550337666834136
"p261": 0.004045604309791679
"p262": 0.0009878801221584333
"p263": 9.220214473478709E-05
"p264": 0.0023408054704096965
"p265": 0.0007808957156109518
"p266": 0.0001204272910821709
"p267": 1.317173496211244E-05
"p268": 0.005509548567009318
"p269": 0.0018346345125799474
"p270": 0.00031235828624438084
"p271": 2.2580117077907045E-05
"p272": 0.009890091280123286
"p273": 0.004376779360267648
"p274": 0.0011271241774721932
"p275": 0.00017123255450746173
"p276": 0.012302400454613024
"p277": 0.006060879758994884
"p278": 0.0017706575141925444
"p279": 0.0002634346992422489
"p280": 0.006740164947755253
"p281": 0.002259893384213864
"p282": 0.0003180033155138576
"p283": 1.317173496211244E-05
"p284": 0.012005095579753917
"p285": 0.004544248561928794
"p286": 0.0008900329481541696
"p287": 6.774035123372113E-05
"p288": 0.0016427035174177373
"p289": 0.0005908463968719011
"p290": 0.0001204272910821709
"p291": 1.8816764231589204E-06
"p292": 0.004421939594423463
"p293": 0.0018515696003883776
"p294": 0.0003763352846317841
"p295": 1.1290058538953523E-05
"p296": 0.0003970337252865322
"p297": 0.00011666393823585304
"p298": 1.8816764231589203E-05
"p299": 1.8816764231589204E-06
"p300": 0.0008392276847288786
"p301": 0.00020322105370116343
"p302": 2.8225146347383805E-05
"p303": 1.8816764231589204E-06
"p304": 0.002402900792373941
"p305": 0.0007545522456867271
"p306": 0.00011290058538953522
"p307": 5.645029269476761E-06
"p308": 0.00515955675230176
"p309": 0.0020698440654748126
"p310": 0.0003819803139012609
"p311": 1.8816764231589207E-05
"p312": 0.0004534840179812998
"p313": 0.0001392440553137601
"p314": 2.2580117077907045E-05
