"p252": 0.0014300740816007792
"p253": 0.00036880857893914834
"p254": 5.456861627160869E-05
"p255": 5.645029269476761E-06
"p256": 0.00015617914312219037
"p257": 2.634346992422488E-05
"p258": 0
"p259": 0
"p260": 0
"p261": 0
"p262": 0
"p263": 0
"p264": 0.005033484431950113
"p265": 0.0015994249596850824
"p266": 0.00026719805208856665
"p267": 1.5053411385271363E-05
"p268": 0.0008185292440741304
"p269": 0.00019569434800852768
"p270": 2.258011707790704E-05
"p271": 0
"p272": 0.000353755167553877
"p273": 3.76335284631784E-05
"p274": 0
"p275": 0
"p276": 3.3870175616860565E-05
"p277": 0
"p278": 0
"p279": 0
"p280": 0.007438266900747213
"p281": 0.0024932212606855694
"p282": 0.0005231060456381798
"p283": 8.279376261899248E-05
"p284": 0.0017857109255778152
"p285": 0.000472300782212889
"p286": 3.7633528463178407E-05
"p287": 0
"p288": 2.0698440654748124E-05
"p289": 5.6450292694767605E-06
"p290": 0
"p291": 0
"p292": 0
"p293": 0
"p294": 0
"p295": 0
"p296": 0.00182898948331047
"p297": 0.0004403122830191874
"p298": 5.268693984844977E-05
"p299": 0
"p300": 0.00028977816916647367
"p301": 4.139688130949624E-05
"p302": 0
"p303": 0
"p304": 0.0002163927886632758
"p305": 7.338538050319788E-05
"p306": 1.505341138527136E-05
"p307": 0
"p308": 0
"p309": 0
"p310": 0
"p311": 0
"p312": 0.0041961384236443924
"p313": 0.0012607232035164763
"p314": 0.00019569434800852768
