"p252": 0.005216007044996527
"p253": 0.001879794746735761
"p254": 0.00036504522609283053
"p255": 4.51602341558141E-05
"p256": 0.0006058998082571724
"p257": 0.0001862859658927331
"p258": 2.0698440654748128E-05
"p259": 0
"p260": 5.080526342529084E-05
"p261": 0
"p262": 0
"p263": 0
"p264": 0.0003029499041285862
"p265": 7.338538050319788E-05
"p266": 5.645029269476761E-06
"p267": 0
"p268": 0.0004591290472507765
"p269": 0.0001298356731979655
"p270": 9.408382115794602E-06
"p271": 0
"p272": 7.338538050319788E-05
"p273": 1.5053411385271363E-05
"p274": 0
"p275": 0
"p276": 0
"p277": 0
"p278": 0
"p279": 0
"p280": 1.8816764231589204E-06
"p281": 0
"p282": 0
"p283": 0
"p284": 3.7633528463178407E-06
"p285": 0
"p286": 0
"p287": 0
"p288": 0.0034811013828440025
"p289": 0.001507222814950295
"p290": 0.000353755167553877
"p291": 1.6935087808430282E-05
"p292": 4.704191057897301E-05
"p293": 5.645029269476761E-06
"p294": 0
"p295": 0
"p296": 0.005366541158849242
"p297": 0.0019550618036621183
"p298": 0.0002747247577812024
"p299": 1.8816764231589203E-05
"p300": 0.002873319898163672
"p301": 0.0007620789513793628
"p302": 7.33853805031979E-05
"p303": 1.8816764231589204E-06
"p304": 0.002468759467184504
"p305": 0.0009126130652320764
"p306": 0.00012607232035164766
"p307": 5.645029269476761E-06
"p308": 3.7633528463178407E-06
"p309": 0
"p310": 0
"p311": 0
"p312": 0.0016652836344956444
"p313": 0.00040079707813285006
"p314": 6.021364554108546E-05
