"p252": 0.0015542647255292678
"p253": 0.0005080526342529085
"p254": 6.209532196424438E-05
"p255": 1.8816764231589204E-06
"p256": 0.00019757602443168663
"p257": 3.3870175616860565E-05
"p258": 0
"p259": 0
"p260": 0.00013548070246744223
"p261": 3.3870175616860565E-05
"p262": 0
"p263": 0
"p264": 0.00014300740816007796
"p265": 0
"p266": 0
"p267": 0
"p268": 0.00013736237889060116
"p269": 0
"p270": 0
"p271": 0
"p272": 0
"p273": 0
"p274": 0
"p275": 0
"p276": 0
"p277": 0
"p278": 0
"p279": 0
"p280": 0
"p281": 0
"p282": 0
"p283": 0
"p284": 0
"p285": 0
"p286": 0
"p287": 0
"p288": 0.0003443467854380824
"p289": 5.080526342529084E-05
"p290": 0
"p291": 0
"p292": 0.00046289240009709436
"p293": 5.080526342529084E-05
"p294": 0
"p295": 0
"p296": 0.00011290058538953522
"p297": 5.6450292694767605E-06
"p298": 0
"p299": 0
"p300": 8.467543904215141E-05
"p301": 5.6450292694767605E-06
"p302": 0
"p303": 0
"p304": 4.704191057897301E-05
"p305": 0
"p306": 0
"p307": 0
"p308": 7.526705692635681E-05
"p309": 0
"p310": 0
"p311": 0
"p312": 3.7633528463178407E-06
"p313": 3.7633528463178407E-06
"p314": 0
