"p252": 0.003227075065717548
"p253": 0.0011647577059353716
"p254": 0.00014488908458323686
"p255": 1.1290058538953523E-05
"p256": 0.0012833033205943837
"p257": 0.0005080526342529085
"p258": 8.655711546531035E-05
"p259": 5.645029269476761E-06
"p260": 0
"p261": 0
"p262": 0
"p263": 0
"p264": 0.00027096140493488457
"p265": 5.833196911792653E-05
"p266": 0
"p267": 0
"p268": 0.0005343961041771334
"p269": 0.0001448890845832369
"p270": 1.6935087808430286E-05
"p271": 0
"p272": 0.001979523597163184
"p273": 0.0007413805107246145
"p274": 0.0001486524374295547
"p275": 7.5267056926356815E-06
"p276": 0.0002201561415095937
"p277": 5.080526342529086E-05
"p278": 0
"p279": 0
"p280": 0.0007921857741499054
"p281": 0.00020886608297064014
"p282": 3.0106822770542726E-05
"p283": 0
"p284": 0.0015862532247229698
"p285": 0.0005701479562171529
"p286": 0.0001110189089663763
"p287": 1.3171734962112444E-05
"p288": 0.008909737863657487
"p289": 0.004056894368330633
"p290": 0.000967181681503685
"p291": 8.27937626189925E-05
"p292": 4.8923587002131926E-05
"p293": 5.645029269476761E-06
"p294": 0
"p295": 0
"p296": 0.006331841163929767
"p297": 0.002365267263910763
"p298": 0.0004064421074023268
"p299": 2.4461793501065963E-05
"p300": 0.009483649172720961
"p301": 0.003251536859218615
"p302": 0.0006774035123372112
"p303": 7.526705692635683E-05
"p304": 0.012590296947356335
"p305": 0.006143673521613875
"p306": 0.0017330239857293657
"p307": 0.00024461793501065964
"p308": 0.00048735419359816035
"p309": 0.0001016105268505817
"p310": 5.645029269476761E-06
"p311": 0
"p312": 0.012509384861160504
"p313": 0.004615752266008831
"p314": 0.0008618078018067856
