"p252": 0.0008053575091120178
"p253": 0.0002521446407032953
"p254": 2.2580117077907045E-05
"p255": 0
"p256": 0.00020322105370116337
"p257": 5.080526342529084E-05
"p258": 0
"p259": 0
"p260": 0.0002201561415095937
"p261": 5.080526342529084E-05
"p262": 0
"p263": 0
"p264": 0.00010725555612005845
"p265": 0
"p266": 0
"p267": 0
"p268": 8.279376261899248E-05
"p269": 0
"p270": 0
"p271": 0
"p272": 0.00019757602443168663
"p273": 3.3870175616860565E-05
"p274": 0
"p275": 0
"p276": 0.00013548070246744223
"p277": 3.3870175616860565E-05
"p278": 0
"p279": 0
"p280": 0.00014300740816007796
"p281": 0
"p282": 0
"p283": 0
"p284": 0.00013359902604428333
"p285": 0
"p286": 0
"p287": 0
"p288": 0.00012419064392848873
"p289": 0
"p290": 0
"p291": 0
"p292": 0.0002088660829706401
"p293": 0
"p294": 0
"p295": 0
"p296": 5.6450292694767605E-06
"p297": 5.6450292694767605E-06
"p298": 0
"p299": 0
"p300": 5.6450292694767605E-06
"p301": 5.6450292694767605E-06
"p302": 0
"p303": 0
"p304": 4.704191057897301E-05
"p305": 0
"p306": 0
"p307": 0
"p308": 7.526705692635681E-05
"p309": 0
"p310": 0
"p311": 0
"p312": 3.7633528463178407E-06
"p313": 3.7633528463178407E-06
"p314": 0
