"p252": 0.02662383971127557
"p253": 0.011655103765046354
"p254": 0.0028808466038563072
"p255": 0.0003612818732465127
"p256": 0
"p257": 0
"p258": 0
"p259": 0
"p260": 1.1290058538953523E-05
"p261": 0
"p262": 0
"p263": 0
"p264": 7.903040977267466E-05
"p265": 1.5053411385271363E-05
"p266": 1.8816764231589204E-06
"p267": 0
"p268": 0.0002897781691664737
"p269": 8.27937626189925E-05
"p270": 1.1290058538953523E-05
"p271": 0
"p272": 9.596549758110493E-05
"p273": 1.8816764231589204E-06
"p274": 0
"p275": 0
"p276": 0.0003349384033222878
"p277": 3.7633528463178407E-05
"p278": 3.7633528463178407E-06
"p279": 0
"p280": 0.0003857436667475787
"p281": 6.774035123372113E-05
"p282": 0
"p283": 0
"p284": 0.0006792851887603702
"p285": 0.0002051027301243223
"p286": 2.0698440654748128E-05
"p287": 0
"p288": 0.00018440428946957417
"p289": 2.6343469924224887E-05
"p290": 1.8816764231589204E-06
"p291": 0
"p292": 0.0001749959073537796
"p293": 2.4461793501065966E-05
"p294": 1.8816764231589204E-06
"p295": 0
"p296": 0.0018045276898094047
"p297": 0.0004986442521371138
"p298": 8.46754390421514E-05
"p299": 5.645029269476761E-06
"p300": 0.0018233444540409936
"p301": 0.0006284799253350793
"p302": 0.00010161052685058169
"p303": 5.645029269476761E-06
"p304": 0.0014281924051776206
"p305": 0.0003462284618612413
"p306": 2.0698440654748124E-05
"p307": 1.8816764231589204E-06
"p308": 0.000829819302613084
"p309": 0.0002107477593937991
"p310": 2.6343469924224884E-05
"p311": 0
"p312": 0.005825670206100019
"p313": 0.001998340361394773
"p314": 0.00031612163909069865
