"p252": 0.007210584053544985
"p253": 0.0023577405582181263
"p254": 0.00040832378382548573
"p255": 3.7633528463178407E-05
"p256": 0.002177099621594871
"p257": 0.0008862695953078515
"p258": 0.00019004931873905094
"p259": 1.3171734962112444E-05
"p260": 4.5160234155814084E-05
"p261": 5.645029269476761E-06
"p262": 0
"p263": 0
"p264": 0.0038367382268210386
"p265": 0.0012814216441712246
"p266": 0.0001768775837769385
"p267": 1.5053411385271365E-05
"p268": 0.0022072064443654136
"p269": 0.0005362777806002922
"p270": 4.7041910578973015E-05
"p271": 1.8816764231589204E-06
"p272": 7.714873334951573E-05
"p273": 1.5053411385271363E-05
"p274": 0
"p275": 0
"p276": 2.2580117077907045E-05
"p277": 0
"p278": 0
"p279": 0
"p280": 5.645029269476761E-06
"p281": 0
"p282": 0
"p283": 0
"p284": 2.8225146347383805E-05
"p285": 5.645029269476761E-06
"p286": 0
"p287": 0
"p288": 0.0014074939645228723
"p289": 0.0006510600424129863
"p290": 0.0001693508780843028
"p291": 3.7633528463178407E-06
"p292": 1.8816764231589204E-06
"p293": 0
"p294": 0
"p295": 0
"p296": 0.0016238867531861486
"p297": 0.0007131553643772307
"p298": 0.00010537387969689954
"p299": 3.7633528463178407E-06
"p300": 0.0007451438635709322
"p301": 0.00024461793501065964
"p302": 2.82251463473838E-05
"p303": 0
"p304": 0.0031254645388669668
"p305": 0.0011497042945501005
"p306": 0.0001561791431221904
"p307": 5.645029269476761E-06
"p308": 3.7633528463178407E-06
"p309": 0
"p310": 0
"p311": 0
"p312": 0.0021564011809401228
"p313": 0.0005776746619097884
"p314": 8.843879188846925E-05
