"p252": 0.007566220897522019
"p253": 0.0027434842249657054
"p254": 0.0005080526342529085
"p255": 6.585867481056221E-05
"p256": 0.001928718333737893
"p257": 0.0008448727139983554
"p258": 0.00019004931873905096
"p259": 1.3171734962112444E-05
"p260": 0
"p261": 0
"p262": 0
"p263": 0
"p264": 0.0005776746619097885
"p265": 0.0001524157902758725
"p266": 1.3171734962112442E-05
"p267": 0
"p268": 0.0008448727139983552
"p269": 0.00031235828624438084
"p270": 5.645029269476761E-05
"p271": 0
"p272": 0.0016634019580724858
"p273": 0.0006548233952593044
"p274": 0.00014488908458323686
"p275": 1.8816764231589203E-05
"p276": 0.00013548070246744226
"p277": 3.3870175616860565E-05
"p278": 0
"p279": 0
"p280": 0.0009653000050805262
"p281": 0.00028225146347383805
"p282": 5.456861627160869E-05
"p283": 5.645029269476761E-06
"p284": 0.001413138993792349
"p285": 0.000543804486292928
"p286": 0.00012419064392848875
"p287": 1.8816764231589203E-05
"p288": 0.012424709422118351
"p289": 0.00569959788574837
"p290": 0.0015373296377208378
"p291": 0.000190049318739051
"p292": 3.1988499193701654E-05
"p293": 5.645029269476761E-06
"p294": 0
"p295": 0
"p296": 0.013916878825683376
"p297": 0.005483205097085095
"p298": 0.0012682499092091125
"p299": 0.00013171734962112442
"p300": 0.010505399470496252
"p301": 0.0033362122982607658
"p302": 0.0005964914261413778
"p303": 6.021364554108546E-05
"p304": 0.011425539241420967
"p305": 0.005848250323177925
"p306": 0.001797000984116769
"p307": 0.0003462284618612414
"p308": 0.0002333278764717061
"p309": 4.892358700213194E-05
"p310": 5.645029269476761E-06
"p311": 0
"p312": 0.017601201262228548
"p313": 0.008021586591926479
"p314": 0.0021752179451717123
