"p252": 0.011395432418650422
"p253": 0.004288340568379179
"p254": 0.0008015941562657001
"p255": 3.010682277054273E-05
"p256": 6.774035123372113E-05
"p257": 0
"p258": 0
"p259": 0
"p260": 1.1290058538953521E-05
"p261": 0
"p262": 0
"p263": 0
"p264": 0.0002878964927433148
"p265": 3.3870175616860565E-05
"p266": 0
"p267": 0
"p268": 0.00023144620004854718
"p269": 3.3870175616860565E-05
"p270": 0
"p271": 0
"p272": 0
"p273": 0
"p274": 0
"p275": 0
"p276": 0
"p277": 0
"p278": 0
"p279": 0
"p280": 0
"p281": 0
"p282": 0
"p283": 0
"p284": 0
"p285": 0
"p286": 0
"p287": 0
"p288": 1.1290058538953523E-05
"p289": 0
"p290": 0
"p291": 0
"p292": 9.408382115794602E-06
"p293": 5.6450292694767605E-06
"p294": 0
"p295": 0
"p296": 0.00039515204886337327
"p297": 5.080526342529084E-05
"p298": 0
"p299": 0
"p300": 0.00047982748790552463
"p301": 5.080526342529084E-05
"p302": 0
"p303": 0
"p304": 2.2580117077907045E-05
"p305": 0
"p306": 0
"p307": 0
"p308": 1.317173496211244E-05
"p309": 5.6450292694767605E-06
"p310": 0
"p311": 0
"p312": 4.704191057897301E-05
"p313": 0
"p314": 0
