"p252": 0.0009615366522342083
"p253": 0.00030671325697490394
"p254": 3.575185204001949E-05
"p255": 0
"p256": 0.0002784881106275202
"p257": 5.2686939848449775E-05
"p258": 5.645029269476761E-06
"p259": 0
"p260": 0.00048735419359816035
"p261": 0.0001016105268505817
"p262": 5.645029269476761E-06
"p263": 0
"p264": 9.972885042742278E-05
"p265": 1.3171734962112442E-05
"p266": 0
"p267": 0
"p268": 0.00034999181470755925
"p269": 4.516023415581409E-05
"p270": 0
"p271": 0
"p272": 0.00018628596589273313
"p273": 4.139688130949625E-05
"p274": 5.645029269476761E-06
"p275": 0
"p276": 0.00023332787647170614
"p277": 4.892358700213193E-05
"p278": 5.645029269476761E-06
"p279": 0
"p280": 9.032046831162818E-05
"p281": 1.8816764231589203E-05
"p282": 0
"p283": 0
"p284": 0.0003104766098212219
"p285": 4.516023415581409E-05
"p286": 0
"p287": 0
"p288": 0.00018064093662325633
"p289": 1.6935087808430286E-05
"p290": 0
"p291": 0
"p292": 0.00041208713667180354
"p293": 6.209532196424438E-05
"p294": 0
"p295": 0
"p296": 2.6343469924224887E-05
"p297": 3.7633528463178407E-06
"p298": 0
"p299": 0
"p300": 4.327855773265516E-05
"p301": 3.7633528463178407E-06
"p302": 0
"p303": 0
"p304": 5.2686939848449775E-05
"p305": 0
"p306": 0
"p307": 0
"p308": 6.585867481056221E-05
"p309": 5.645029269476761E-06
"p310": 0
"p311": 0
"p312": 3.7633528463178407E-06
"p313": 3.7633528463178407E-06
"p314": 0
