"p252": 0.002803697870506791
"p253": 0.001017986944928976
"p254": 0.00014488908458323686
"p255": 1.1290058538953523E-05
"p256": 0.0001768775837769385
"p257": 3.9515204886337324E-05
"p258": 0
"p259": 0
"p260": 0
"p261": 0
"p262": 0
"p263": 0
"p264": 0.0015542647255292683
"p265": 0.0005720296326403118
"p266": 8.655711546531035E-05
"p267": 5.645029269476761E-06
"p268": 0.00022203781793275258
"p269": 4.327855773265517E-05
"p270": 0
"p271": 0
"p272": 0.0010499754441226775
"p273": 0.00025967134639593104
"p274": 2.822514634738381E-05
"p275": 1.8816764231589204E-06
"p276": 0
"p277": 0
"p278": 0
"p279": 0
"p280": 0.0027472475778120235
"p281": 0.0009446015644257781
"p282": 0.0001674692016611439
"p283": 7.5267056926356815E-06
"p284": 0.0006247165724887615
"p285": 0.0001580608195453493
"p286": 2.2580117077907045E-05
"p287": 0
"p288": 0.0015448563434134737
"p289": 0.0004817091643286836
"p290": 8.655711546531033E-05
"p291": 1.1290058538953523E-05
"p292": 5.080526342529084E-05
"p293": 0
"p294": 0
"p295": 0
"p296": 0.014394824637165748
"p297": 0.00603453628907066
"p298": 0.0012908300262870196
"p299": 9.596549758110492E-05
"p300": 0.007043114851883839
"p301": 0.0025628432883424493
"p302": 0.0005532128684087225
"p303": 7.526705692635681E-05
"p304": 0.0033042237990670645
"p305": 0.0012531964978238412
"p306": 0.00026343469924224885
"p307": 4.139688130949624E-05
"p308": 0.0005419228098697691
"p309": 0.0001317173496211244
"p310": 1.6935087808430286E-05
"p311": 0
"p312": 0.02336853949921064
"p313": 0.009884446250853812
"p314": 0.0024160725273360546
