"p252": 0.00127201326205543
"p253": 0.000494880899290796
"p254": 7.150370408003896E-05
"p255": 5.645029269476761E-06
"p256": 0.008162712323663395
"p257": 0.004002325752059023
"p258": 0.0011609943530890541
"p259": 0.00017875926020009746
"p260": 0.00048735419359816035
"p261": 0.0001016105268505817
"p262": 5.645029269476761E-06
"p263": 0
"p264": 0.009406500439371444
"p265": 0.0034792197064208432
"p266": 0.0006567050716824632
"p267": 4.327855773265516E-05
"p268": 0.014532187016056344
"p269": 0.00580309008902211
"p270": 0.0013830321710218067
"p271": 0.00018252261304641524
"p272": 0.00018628596589273313
"p273": 4.1396881309496255E-05
"p274": 5.645029269476761E-06
"p275": 0
"p276": 8.467543904215143E-05
"p277": 1.6935087808430282E-05
"p278": 0
"p279": 0
"p280": 1.3171734962112444E-05
"p281": 1.8816764231589204E-06
"p282": 0
"p283": 0
"p284": 7.714873334951574E-05
"p285": 1.5053411385271363E-05
"p286": 0
"p287": 0
"p288": 0.008390395170865626
"p289": 0.003923295342286349
"p290": 0.0010368037091605651
"p291": 0.00011478226181269415
"p292": 2.6343469924224884E-05
"p293": 1.8816764231589204E-06
"p294": 0
"p295": 0
"p296": 0.005735349737788389
"p297": 0.0021564011809401228
"p298": 0.0004139688130949624
"p299": 3.010682277054273E-05
"p300": 0.007353591461705061
"p301": 0.0027265491371572755
"p302": 0.0006529417188361453
"p303": 7.714873334951573E-05
"p304": 0.008145777235854967
"p305": 0.003368200797454468
"p306": 0.0006792851887603701
"p307": 4.139688130949625E-05
"p308": 6.585867481056221E-05
"p309": 2.0698440654748124E-05
"p310": 0
"p311": 0
"p312": 0.004920583846560576
"p313": 0.0016182417239166717
"p314": 0.00021827446508643474
