"p252": 0.0008448727139983552
"p253": 0.00023709122931802397
"p254": 3.198849919370165E-05
"p255": 5.645029269476761E-06
"p256": 0.00099352515142791
"p257": 0.00025967134639593104
"p258": 2.822514634738381E-05
"p259": 1.8816764231589204E-06
"p260": 0
"p261": 0
"p262": 0
"p263": 0
"p264": 0.002508274672070841
"p265": 0.0008843879188846928
"p266": 0.00016182417239166713
"p267": 7.5267056926356815E-06
"p268": 0.0005889647204487421
"p269": 0.0001580608195453493
"p270": 2.2580117077907045E-05
"p271": 0
"p272": 0
"p273": 0
"p274": 0
"p275": 0
"p276": 0
"p277": 0
"p278": 0
"p279": 0
"p280": 0.00025214464070329537
"p281": 6.585867481056221E-05
"p282": 5.645029269476761E-06
"p283": 0
"p284": 1.8816764231589203E-05
"p285": 0
"p286": 0
"p287": 0
"p288": 0.0039703372528653216
"p289": 0.001398085582407078
"p290": 0.00028601481632015586
"p291": 4.139688130949624E-05
"p292": 0.0005588578976781994
"p293": 0.0001317173496211244
"p294": 1.6935087808430286E-05
"p295": 0
"p296": 0.02876142412798411
"p297": 0.012052137490332886
"p298": 0.0029184801323194863
"p299": 0.0003443467854380825
"p300": 0.01713078215643881
"p301": 0.006774035123372113
"p302": 0.0017217339271904122
"p303": 0.0002615530228190899
"p304": 0.0010800822668932206
"p305": 0.000355636843977036
"p306": 6.397699838740328E-05
"p307": 1.1290058538953523E-05
"p308": 3.3870175616860565E-05
"p309": 0
"p310": 0
"p311": 0
"p312": 0.010247609800523482
"p313": 0.003987272340673753
"p314": 0.0007658423042256806
