"p252": 0.004867896906712126
"p253": 0.0016013066361082412
"p254": 0.0002803697870506791
"p255": 1.6935087808430286E-05
"p256": 0.0001674692016611439
"p257": 4.1396881309496255E-05
"p258": 5.645029269476761E-06
"p259": 0
"p260": 2.2580117077907045E-05
"p261": 0
"p262": 0
"p263": 0
"p264": 0.00015053411385271363
"p265": 2.6343469924224887E-05
"p266": 0
"p267": 0
"p268": 0.0004835908407518426
"p269": 8.655711546531033E-05
"p270": 5.645029269476761E-06
"p271": 0
"p272": 0
"p273": 0
"p274": 0
"p275": 0
"p276": 0
"p277": 0
"p278": 0
"p279": 0
"p280": 0
"p281": 0
"p282": 0
"p283": 0
"p284": 0
"p285": 0
"p286": 0
"p287": 0
"p288": 0.000684930218029847
"p289": 0.00011854561465901199
"p290": 5.645029269476761E-06
"p291": 0
"p292": 0
"p293": 0
"p294": 0
"p295": 0
"p296": 0.00042902222448023376
"p297": 6.209532196424438E-05
"p298": 0
"p299": 0
"p300": 0.0007884224213035877
"p301": 0.00010725555612005845
"p302": 5.645029269476761E-06
"p303": 0
"p304": 6.39769983874033E-05
"p305": 5.645029269476761E-06
"p306": 0
"p307": 0
"p308": 0
"p309": 0
"p310": 0
"p311": 0
"p312": 1.5053411385271363E-05
"p313": 3.7633528463178407E-06
"p314": 0
