"p252": 0.001960706832931595
"p253": 0.000615308190372967
"p254": 0.00010349220327374063
"p255": 2.4461793501065966E-05
"p256": 0.000308594933398063
"p257": 0.00010537387969689955
"p258": 2.2580117077907045E-05
"p259": 0
"p260": 1.1290058538953521E-05
"p261": 0
"p262": 0
"p263": 0
"p264": 0.00032929337405281106
"p265": 6.962202765688005E-05
"p266": 0
"p267": 0
"p268": 0.0003067132569749041
"p269": 0.0001223089675053298
"p270": 1.1290058538953523E-05
"p271": 0
"p272": 0.00010349220327374062
"p273": 1.5053411385271363E-05
"p274": 0
"p275": 0
"p276": 0
"p277": 0
"p278": 0
"p279": 0
"p280": 5.645029269476761E-06
"p281": 0
"p282": 0
"p283": 0
"p284": 3.7633528463178407E-06
"p285": 0
"p286": 0
"p287": 0
"p288": 0.003441586177957665
"p289": 0.0011911011758595964
"p290": 0.0002408545821643418
"p291": 4.139688130949624E-05
"p292": 1.505341138527136E-05
"p293": 0
"p294": 0
"p295": 0
"p296": 0.006237757342771823
"p297": 0.0018214627776178345
"p298": 0.00030483158055174506
"p299": 4.139688130949624E-05
"p300": 0.0025477898769571783
"p301": 0.0005607395741013582
"p302": 3.7633528463178407E-05
"p303": 0
"p304": 0.0036109370560419686
"p305": 0.0013548070246744226
"p306": 0.0002784881106275202
"p307": 7.5267056926356815E-06
"p308": 0
"p309": 0
"p310": 0
"p311": 0
"p312": 0.003667387348736735
"p313": 0.0009351931823099835
"p314": 0.0001392440553137601
