"p252": 0.01096076516490071
"p253": 0.004352317566766583
"p254": 0.0008636894782299445
"p255": 6.962202765688005E-05
"p256": 1.1290058538953523E-05
"p257": 0
"p258": 0
"p259": 0
"p260": 0
"p261": 0
"p262": 0
"p263": 0
"p264": 0.000308594933398063
"p265": 8.27937626189925E-05
"p266": 1.1290058538953523E-05
"p267": 0
"p268": 3.9515204886337324E-05
"p269": 7.5267056926356815E-06
"p270": 0
"p271": 0
"p272": 0.0003349384033222878
"p273": 3.7633528463178407E-05
"p274": 3.7633528463178407E-06
"p275": 0
"p276": 0
"p277": 0
"p278": 0
"p279": 0
"p280": 0.0008862695953078514
"p281": 0.00023520955289486507
"p282": 2.0698440654748128E-05
"p283": 0
"p284": 0.00023709122931802397
"p285": 3.575185204001949E-05
"p286": 0
"p287": 0
"p288": 0.0001749959073537796
"p289": 2.4461793501065966E-05
"p290": 1.8816764231589204E-06
"p291": 0
"p292": 0
"p293": 0
"p294": 0
"p295": 0
"p296": 0.0029824571307068893
"p297": 0.000989761798581592
"p298": 0.00017123255450746173
"p299": 1.1290058538953523E-05
"p300": 0.0005343961041771334
"p301": 8.467543904215141E-05
"p302": 1.8816764231589204E-06
"p303": 0
"p304": 0.000829819302613084
"p305": 0.0002107477593937991
"p306": 2.6343469924224884E-05
"p307": 0
"p308": 6.774035123372114E-05
"p309": 5.645029269476761E-06
"p310": 0
"p311": 0
"p312": 0.009124248975897604
"p313": 0.0034509945600734596
"p314": 0.0006548233952593041
