"p252": 0.004581882090391971
"p253": 0.0016483485466872142
"p254": 0.00033305672689912887
"p255": 3.951520488633733E-05
"p256": 0.000284133139896997
"p257": 3.7633528463178407E-05
"p258": 3.7633528463178407E-06
"p259": 0
"p260": 0
"p261": 0
"p262": 0
"p263": 0
"p264": 0.0008110025383814947
"p265": 0.0002201561415095937
"p266": 2.0698440654748128E-05
"p267": 0
"p268": 0.00020510273012432228
"p269": 3.575185204001949E-05
"p270": 0
"p271": 0
"p272": 0
"p273": 0
"p274": 0
"p275": 0
"p276": 0
"p277": 0
"p278": 0
"p279": 0
"p280": 7.52670569263568E-05
"p281": 1.5053411385271363E-05
"p282": 0
"p283": 0
"p284": 3.7633528463178407E-06
"p285": 0
"p286": 0
"p287": 0
"p288": 0.0009333115058868244
"p289": 0.0002220378179327526
"p290": 2.8225146347383805E-05
"p291": 0
"p292": 6.774035123372114E-05
"p293": 5.645029269476761E-06
"p294": 0
"p295": 0
"p296": 0.008572917783912042
"p297": 0.003202613272216483
"p298": 0.000634124954604556
"p299": 3.575185204001948E-05
"p300": 0.0025534349062266556
"p301": 0.0006886935708761648
"p302": 7.903040977267465E-05
"p303": 1.8816764231589204E-06
"p304": 0.00013359902604428333
"p305": 1.3171734962112444E-05
"p306": 0
"p307": 0
"p308": 0
"p309": 0
"p310": 0
"p311": 0
"p312": 0.0037614711698946814
"p313": 0.001228734704322775
"p314": 0.00018064093662325636
