"p252": 0.0018252261304641526
"p253": 0.000637888307450874
"p254": 0.0001016105268505817
"p255": 5.645029269476761E-06
"p256": 7.338538050319788E-05
"p257": 3.7633528463178407E-06
"p258": 0
"p259": 0
"p260": 0
"p261": 0
"p262": 0
"p263": 0
"p264": 0.0005720296326403117
"p265": 0.00010725555612005845
"p266": 5.645029269476761E-06
"p267": 0
"p268": 0.000472300782212889
"p269": 6.585867481056221E-05
"p270": 5.645029269476761E-06
"p271": 0
"p272": 6.39769983874033E-05
"p273": 3.7633528463178407E-06
"p274": 0
"p275": 0
"p276": 1.6935087808430286E-05
"p277": 0
"p278": 0
"p279": 0
"p280": 0.0002897781691664737
"p281": 6.021364554108546E-05
"p282": 5.645029269476761E-06
"p283": 0
"p284": 0.00040644210740232675
"p285": 6.585867481056221E-05
"p286": 5.645029269476761E-06
"p287": 0
"p288": 9.408382115794602E-06
"p289": 3.7633528463178407E-06
"p290": 0
"p291": 0
"p292": 0
"p293": 0
"p294": 0
"p295": 0
"p296": 0.00044031228301918735
"p297": 6.209532196424438E-05
"p298": 0
"p299": 0
"p300": 0.0001994577008548455
"p301": 1.6935087808430286E-05
"p302": 0
"p303": 0
"p304": 9.408382115794602E-06
"p305": 3.7633528463178407E-06
"p306": 0
"p307": 0
"p308": 0
"p309": 0
"p310": 0
"p311": 0
"p312": 7.714873334951573E-05
"p313": 5.645029269476761E-06
"p314": 0
