"p252": 0.002739720872119388
"p253": 0.000970945034350003
"p254": 0.0001486524374295547
"p255": 9.408382115794602E-06
"p256": 0.0026494004038077595
"p257": 0.0009182580945015532
"p258": 0.00016370584881482604
"p259": 1.3171734962112444E-05
"p260": 0.0020416189191274285
"p261": 0.0008749795367688981
"p262": 0.00019004931873905094
"p263": 1.3171734962112444E-05
"p264": 0.002173336268748553
"p265": 0.0006153081903729669
"p266": 3.951520488633733E-05
"p267": 1.8816764231589204E-06
"p268": 0.0018892031288515558
"p269": 0.0004421939594423462
"p270": 3.5751852040019496E-05
"p271": 1.8816764231589204E-06
"p272": 9.408382115794602E-06
"p273": 0
"p274": 0
"p275": 0
"p276": 9.972885042742276E-05
"p277": 1.5053411385271363E-05
"p278": 0
"p279": 0
"p280": 0
"p281": 0
"p282": 0
"p283": 0
"p284": 2.4461793501065966E-05
"p285": 5.645029269476761E-06
"p286": 0
"p287": 0
"p288": 0.0013284635547501974
"p289": 0.0005682662797939939
"p290": 0.00012419064392848875
"p291": 3.7633528463178407E-06
"p292": 0.0014074939645228723
"p293": 0.0006510600424129863
"p294": 0.0001693508780843028
"p295": 3.7633528463178407E-06
"p296": 0.0008354643318825606
"p297": 0.00031988499193701646
"p298": 3.7633528463178407E-06
"p299": 0
"p300": 0.0005588578976781994
"p301": 0.00017311423093062066
"p302": 5.645029269476761E-06
"p303": 0
"p304": 0.0022655384134833405
"p305": 0.0006077814846803314
"p306": 8.843879188846925E-05
"p307": 5.645029269476761E-06
"p308": 0.003074659275441676
"p309": 0.001140295912434306
"p310": 0.0001561791431221904
"p311": 5.645029269476761E-06
"p312": 0.000897559653846805
"p313": 0.00016935087808430283
"p314": 1.8816764231589203E-05
