"p252": 0.005985612702068528
"p253": 0.0018064093662325635
"p254": 0.0002502629642801364
"p255": 5.645029269476761E-06
"p256": 0.003093476039673265
"p257": 0.0011760477644743254
"p258": 0.0002389729057411829
"p259": 1.6935087808430282E-05
"p260": 0.0031894415372543702
"p261": 0.0011308875303185112
"p262": 0.0002163927886632758
"p263": 3.0106822770542726E-05
"p264": 0.011241134951951393
"p265": 0.004455809770040324
"p266": 0.0010104602392363403
"p267": 0.0001373623788906012
"p268": 0.01553512054960005
"p269": 0.007031824793344886
"p270": 0.0018628596589273312
"p271": 0.000259671346395931
"p272": 0
"p273": 0
"p274": 0
"p275": 0
"p276": 0.00019757602443168663
"p277": 3.3870175616860565E-05
"p278": 0
"p279": 0
"p280": 3.198849919370165E-05
"p281": 5.645029269476761E-06
"p282": 0
"p283": 0
"p284": 0.00018628596589273313
"p285": 4.1396881309496255E-05
"p286": 5.645029269476761E-06
"p287": 0
"p288": 0.0010236319741984527
"p289": 0.000353755167553877
"p290": 5.080526342529086E-05
"p291": 0
"p292": 0.0013190551726344033
"p293": 0.0004610107236739354
"p294": 0.00010725555612005847
"p295": 1.6935087808430282E-05
"p296": 0.006804141946142655
"p297": 0.0025553165826498136
"p298": 0.0005833196911792653
"p299": 7.52670569263568E-05
"p300": 0.01296851390841128
"p301": 0.005714651297133641
"p302": 0.0013962039059839191
"p303": 0.0001467707610063958
"p304": 0.0011045440603942862
"p305": 0.00035751852040019486
"p306": 4.516023415581409E-05
"p307": 0
"p308": 0.001960706832931595
"p309": 0.0006943386001456417
"p310": 0.00014677076100639576
"p311": 1.8816764231589203E-05
"p312": 0.006583985804633065
"p313": 0.002105595917514832
"p314": 0.00037257193178546626
