"p252": 0.0010499754441226775
"p253": 0.0003518734911307182
"p254": 3.198849919370165E-05
"p255": 5.645029269476761E-06
"p256": 0.0017612491320767492
"p257": 0.0006811668651835292
"p258": 0.00014300740816007796
"p259": 7.5267056926356815E-06
"p260": 0.0002201561415095937
"p261": 5.080526342529086E-05
"p262": 0
"p263": 0
"p264": 0.0007827773920341108
"p265": 0.00020886608297064014
"p266": 3.0106822770542726E-05
"p267": 0
"p268": 0.0015674364604913804
"p269": 0.0005701479562171529
"p270": 0.0001110189089663763
"p271": 1.3171734962112444E-05
"p272": 0.00024273625858750074
"p273": 6.585867481056221E-05
"p274": 5.645029269476761E-06
"p275": 0
"p276": 0
"p277": 0
"p278": 0
"p279": 0
"p280": 9.408382115794602E-06
"p281": 0
"p282": 0
"p283": 0
"p284": 1.8816764231589203E-05
"p285": 0
"p286": 0
"p287": 0
"p288": 0.015941562657002376
"p289": 0.007605736102408357
"p290": 0.00210935927036115
"p291": 0.0002897781691664738
"p292": 0.0005136976635223853
"p293": 0.00010349220327374062
"p294": 5.645029269476761E-06
"p295": 0
"p296": 0.014893468889302854
"p297": 0.005492613479200889
"p298": 0.0010330403563142472
"p299": 7.150370408003898E-05
"p300": 0.02171642759967711
"p301": 0.008420501993636172
"p302": 0.001998340361394774
"p303": 0.0002577896699727721
"p304": 0.006689359684329961
"p305": 0.0028375680461236517
"p306": 0.0006040181318340135
"p307": 3.7633528463178407E-05
"p308": 2.2580117077907045E-05
"p309": 3.7633528463178407E-06
"p310": 0
"p311": 0
"p312": 0.004045604309791679
"p313": 0.0013548070246744226
"p314": 0.00019945770085484554
