"p252": 0.01679960710596284
"p253": 0.0067514550062942056
"p254": 0.0016728103401882802
"p255": 0.0002314462000485472
"p256": 6.774035123372113E-05
"p257": 1.8816764231589204E-06
"p258": 0
"p259": 0
"p260": 0.000284133139896997
"p261": 3.7633528463178407E-05
"p262": 3.7633528463178407E-06
"p263": 0
"p264": 0.00038009863747810193
"p265": 6.774035123372113E-05
"p266": 0
"p267": 0
"p268": 0.0006058998082571724
"p269": 0.00019004931873905094
"p270": 2.0698440654748128E-05
"p271": 0
"p272": 0
"p273": 0
"p274": 0
"p275": 0
"p276": 0
"p277": 0
"p278": 0
"p279": 0
"p280": 5.645029269476761E-06
"p281": 0
"p282": 0
"p283": 0
"p284": 7.338538050319788E-05
"p285": 1.5053411385271363E-05
"p286": 0
"p287": 0
"p288": 0.001505341138527136
"p289": 0.0003575185204001948
"p290": 2.2580117077907045E-05
"p291": 1.8816764231589204E-06
"p292": 0.0009333115058868244
"p293": 0.0002220378179327526
"p294": 2.8225146347383805E-05
"p295": 0
"p296": 0.005556590477588293
"p297": 0.0019117832459294632
"p298": 0.00030671325697490405
"p299": 1.6935087808430282E-05
"p300": 0.00524611386776707
"p301": 0.0019851686264326608
"p302": 0.0003989154017096911
"p303": 1.8816764231589203E-05
"p304": 0.00010725555612005845
"p305": 3.7633528463178407E-06
"p306": 0
"p307": 0
"p308": 0.00013359902604428333
"p309": 1.3171734962112444E-05
"p310": 0
"p311": 0
"p312": 0.0021300577110158975
"p313": 0.0005268693984844977
"p314": 8.467543904215141E-05
