"p252": 0.0014601809043713217
"p253": 0.0006077814846803314
"p254": 8.843879188846925E-05
"p255": 5.645029269476761E-06
"p256": 0.0003819803139012609
"p257": 6.585867481056221E-05
"p258": 0
"p259": 0
"p260": 0.0006472966895666685
"p261": 0.00019004931873905094
"p262": 2.0698440654748128E-05
"p263": 0
"p264": 9.596549758110492E-05
"p265": 4.139688130949624E-05
"p266": 5.645029269476761E-06
"p267": 0
"p268": 0.00033117505047597004
"p269": 9.596549758110492E-05
"p270": 9.408382115794602E-06
"p271": 0
"p272": 5.645029269476761E-06
"p273": 0
"p274": 0
"p275": 0
"p276": 7.338538050319788E-05
"p277": 1.5053411385271363E-05
"p278": 0
"p279": 0
"p280": 0
"p281": 0
"p282": 0
"p283": 0
"p284": 0
"p285": 0
"p286": 0
"p287": 0
"p288": 0.003906360254477919
"p289": 0.00146394425721764
"p290": 0.00028225146347383805
"p291": 1.6935087808430282E-05
"p292": 0.0033456206803765603
"p293": 0.0014959327564113415
"p294": 0.000353755167553877
"p295": 1.6935087808430282E-05
"p296": 0.0029692853957447763
"p297": 0.000920139770924712
"p298": 4.139688130949625E-05
"p299": 1.8816764231589204E-06
"p300": 0.002385965704565511
"p301": 0.0005946097497182188
"p302": 3.951520488633734E-05
"p303": 1.8816764231589204E-06
"p304": 0.001791355954847292
"p305": 0.000496762575713955
"p306": 7.903040977267465E-05
"p307": 5.645029269476761E-06
"p308": 0.0025045113192245236
"p309": 0.0009182580945015532
"p310": 0.00012607232035164766
"p311": 5.645029269476761E-06
"p312": 0.0007884224213035875
"p313": 0.00011854561465901199
"p314": 1.1290058538953523E-05
