"p252": 0.007746861834145275
"p253": 0.002715259078618322
"p254": 0.0005776746619097885
"p255": 4.892358700213193E-05
"p256": 3.0106822770542726E-05
"p257": 0
"p258": 0
"p259": 0
"p260": 0.0001505341138527136
"p261": 1.8816764231589203E-05
"p262": 0
"p263": 0
"p264": 0.00040644210740232675
"p265": 0.00010537387969689955
"p266": 1.1290058538953523E-05
"p267": 0
"p268": 0.00032364834478333426
"p269": 0.00011290058538953522
"p270": 2.2580117077907045E-05
"p271": 0
"p272": 0
"p273": 0
"p274": 0
"p275": 0
"p276": 0
"p277": 0
"p278": 0
"p279": 0
"p280": 9.408382115794602E-06
"p281": 0
"p282": 0
"p283": 0
"p284": 0.00010349220327374062
"p285": 1.5053411385271363E-05
"p286": 0
"p287": 0
"p288": 0.0009747083871963208
"p289": 0.00021262943581695798
"p290": 2.634346992422488E-05
"p291": 0
"p292": 0.0004327855773265517
"p293": 4.139688130949624E-05
"p294": 0
"p295": 0
"p296": 0.006838012121759518
"p297": 0.0020228021548958394
"p298": 0.0003236483447833342
"p299": 4.139688130949624E-05
"p300": 0.004645859088779373
"p301": 0.001482761021449229
"p302": 0.0002671980520885667
"p303": 4.139688130949624E-05
"p304": 0.00010913723254321737
"p305": 2.258011707790704E-05
"p306": 0
"p307": 0
"p308": 0.00010349220327374062
"p309": 2.258011707790704E-05
"p310": 0
"p311": 0
"p312": 0.004480271563541389
"p313": 0.0012588415270933175
"p314": 0.00018440428946957417
