"p252": 0.002986220483553206
"p253": 0.0010349220327374063
"p254": 0.00010161052685058171
"p255": 5.645029269476761E-06
"p256": 0.0009784717400426386
"p257": 0.0003387017561686057
"p258": 6.209532196424438E-05
"p259": 0
"p260": 0.002041618919127428
"p261": 0.0008749795367688979
"p262": 0.00019004931873905096
"p263": 1.3171734962112444E-05
"p264": 0.00011290058538953522
"p265": 3.387017561686057E-05
"p266": 5.645029269476761E-06
"p267": 0
"p268": 0.00031988499193701646
"p269": 0.00010913723254321738
"p270": 1.1290058538953523E-05
"p271": 0
"p272": 0.0011967462051290733
"p273": 0.0003857436667475787
"p274": 6.585867481056222E-05
"p275": 1.1290058538953523E-05
"p276": 0.0018383978654262652
"p277": 0.0007018653058382773
"p278": 0.00015241579027587253
"p279": 1.8816764231589203E-05
"p280": 0.00023709122931802397
"p281": 8.27937626189925E-05
"p282": 2.6343469924224887E-05
"p283": 5.645029269476761E-06
"p284": 0.0009728267107731619
"p285": 0.00036316354966967166
"p286": 7.903040977267465E-05
"p287": 7.5267056926356815E-06
"p288": 0.011064257368174455
"p289": 0.004581882090391971
"p290": 0.001108307413240604
"p291": 0.00014677076100639582
"p292": 0.015495605344713713
"p293": 0.007005481323420663
"p294": 0.001827107806887312
"p295": 0.00021639278866327584
"p296": 0.006222703931386552
"p297": 0.0021451111224011694
"p298": 0.00038574366674757867
"p299": 1.88167642315892E-05
"p300": 0.005436163186506121
"p301": 0.0016427035174177377
"p302": 0.00024649961143381863
"p303": 1.6935087808430286E-05
"p304": 0.012232778426956145
"p305": 0.005825670206100017
"p306": 0.001635176811725102
"p307": 0.00024085458216434183
"p308": 0.012878193440099654
"p309": 0.0065745774225172676
"p310": 0.0020190388020495218
"p311": 0.0003951520488633734
"p312": 0.009566442935339953
"p313": 0.004006089104905342
"p314": 0.0009257848001941889
