"p252": 0.0010255136506216115
"p253": 0.0004214955187875982
"p254": 5.6450292694767617E-05
"p255": 5.645029269476761E-06
"p256": 0.00838475014159615
"p257": 0.004143451483795942
"p258": 0.0012494331449775231
"p259": 0.0001956943480085277
"p260": 0.007788258715454769
"p261": 0.004194256747221233
"p262": 0.0014018489352533956
"p263": 0.0003104766098212219
"p264": 0.007492835517018822
"p265": 0.0032440101535259787
"p266": 0.0007903040977267465
"p267": 3.951520488633732E-05
"p268": 0.006853065533144789
"p269": 0.0027547742835046587
"p270": 0.0005795563383329474
"p271": 4.1396881309496255E-05
"p272": 2.8225146347383805E-05
"p273": 5.645029269476761E-06
"p274": 0
"p275": 0
"p276": 0.00022956452362538827
"p277": 5.8331969117926534E-05
"p278": 5.645029269476761E-06
"p279": 0
"p280": 0
"p281": 0
"p282": 0
"p283": 0
"p284": 3.575185204001949E-05
"p285": 1.1290058538953523E-05
"p286": 0
"p287": 0
"p288": 0.009167527533630261
"p289": 0.0037031392007767544
"p290": 0.000918258094501553
"p291": 0.0001110189089663763
"p292": 0.014184076877771946
"p293": 0.006465440189974051
"p294": 0.0017875926020009744
"p295": 0.0002239194943559115
"p296": 0.004866015230288968
"p297": 0.001817699424771517
"p298": 0.00036504522609283053
"p299": 1.1290058538953523E-05
"p300": 0.004209310158606506
"p301": 0.00130776511409545
"p302": 0.00021451111224011693
"p303": 1.3171734962112444E-05
"p304": 0.00793126612361485
"p305": 0.0028469764282394463
"p306": 0.0006002547789876956
"p307": 6.774035123372113E-05
"p308": 0.010290888358256138
"p309": 0.004310920685457087
"p310": 0.0009464832408489372
"p311": 8.467543904215141E-05
"p312": 0.0036692690251598947
"p313": 0.0011628760295122125
"p314": 0.00018064093662325636
