"p252": 0.0166641264034954
"p253": 0.005953624202874823
"p254": 0.0011628760295122127
"p255": 0.00010913723254321738
"p256": 3.9515204886337324E-05
"p257": 1.6935087808430282E-05
"p258": 0
"p259": 0
"p260": 0.00018816764231589203
"p261": 4.3278557732655166E-05
"p262": 0
"p263": 0
"p264": 0.0010462120912763597
"p265": 0.00034811013828440026
"p266": 6.209532196424438E-05
"p267": 0
"p268": 0.002105595917514831
"p269": 0.0008919146245773282
"p270": 0.00019004931873905096
"p271": 1.3171734962112444E-05
"p272": 0.000188167642315892
"p273": 4.3278557732655166E-05
"p274": 0
"p275": 0
"p276": 0.0008994413302699639
"p277": 0.00024461793501065964
"p278": 2.8225146347383805E-05
"p279": 1.8816764231589204E-06
"p280": 0.0012663682327859534
"p281": 0.00038386199032441974
"p282": 6.774035123372114E-05
"p283": 1.1290058538953523E-05
"p284": 0.0017819475727314975
"p285": 0.0007056286586845952
"p286": 0.00015617914312219037
"p287": 1.8816764231589203E-05
"p288": 0.0014300740816007794
"p289": 0.00044219395944234633
"p290": 6.585867481056221E-05
"p291": 0
"p292": 0.001558028078375586
"p293": 0.0004854725171750015
"p294": 8.091208619583358E-05
"p295": 1.1290058538953523E-05
"p296": 0.015533238873176891
"p297": 0.006036417965493817
"p298": 0.0013247002019038797
"p299": 0.00015994249596850825
"p300": 0.018489352533959558
"p301": 0.00800276982769489
"p302": 0.00197011521504739
"p303": 0.00022768284720222937
"p304": 0.003245891829949138
"p305": 0.0014225473759081437
"p306": 0.0003349384033222878
"p307": 1.6935087808430282E-05
"p308": 0.002246721649251751
"p309": 0.0009370748587331423
"p310": 0.00022580117077907044
"p311": 4.139688130949624E-05
"p312": 0.018735852145393375
"p313": 0.008318891466785588
"p314": 0.002133821063862216
