"p252": 0.002510156348493999
"p253": 0.0008429910375751962
"p254": 0.00012607232035164766
"p255": 3.0106822770542733E-05
"p256": 0.00153356628487452
"p257": 0.0006322432781813974
"p258": 0.00014488908458323686
"p259": 1.8816764231589203E-05
"p260": 0.00013548070246744226
"p261": 3.3870175616860565E-05
"p262": 0
"p263": 0
"p264": 0.0009577732993878905
"p265": 0.00028225146347383805
"p266": 5.456861627160869E-05
"p267": 5.645029269476761E-06
"p268": 0.0013980855824070777
"p269": 0.000543804486292928
"p270": 0.00012419064392848875
"p271": 1.8816764231589203E-05
"p272": 0.000259671346395931
"p273": 6.397699838740328E-05
"p274": 5.645029269476761E-06
"p275": 0
"p276": 0
"p277": 0
"p278": 0
"p279": 0
"p280": 1.3171734962112444E-05
"p281": 0
"p282": 0
"p283": 0
"p284": 2.6343469924224887E-05
"p285": 0
"p286": 0
"p287": 0
"p288": 0.017614372997190653
"p289": 0.00855786437252677
"p290": 0.002576015023304562
"p291": 0.00045536569440445874
"p292": 0.0002540263171264543
"p293": 5.080526342529086E-05
"p294": 5.645029269476761E-06
"p295": 0
"p296": 0.023827668546461418
"p297": 0.01065217023150265
"p298": 0.002873319898163671
"p299": 0.00034622846186124133
"p300": 0.017572976115881163
"p301": 0.0063054976940055425
"p302": 0.0012720132620554303
"p303": 0.00011101890896637627
"p304": 0.007825892243917951
"p305": 0.003336212298260765
"p306": 0.0007903040977267465
"p307": 8.091208619583357E-05
"p308": 1.1290058538953523E-05
"p309": 3.7633528463178407E-06
"p310": 0
"p311": 0
"p312": 0.007549285809713589
"p313": 0.002568488317611926
"p314": 0.00047230078221288896
