"p252": 0.012767174531133274
"p253": 0.00503724778479643
"p254": 0.0009163764180783942
"p255": 6.774035123372114E-05
"p256": 0.00027284308135804345
"p257": 8.27937626189925E-05
"p258": 1.1290058538953523E-05
"p259": 0
"p260": 0
"p261": 0
"p262": 0
"p263": 0
"p264": 5.833196911792652E-05
"p265": 5.645029269476761E-06
"p266": 0
"p267": 0
"p268": 0.00012419064392848875
"p269": 1.8816764231589203E-05
"p270": 0
"p271": 0
"p272": 0.0006792851887603701
"p273": 0.00020133937727800444
"p274": 2.0698440654748128E-05
"p275": 0
"p276": 5.080526342529084E-05
"p277": 0
"p278": 0
"p279": 0
"p280": 0.0003048315805517451
"p281": 7.338538050319788E-05
"p282": 5.645029269476761E-06
"p283": 0
"p284": 0.00046289240009709436
"p285": 0.0001298356731979655
"p286": 9.408382115794602E-06
"p287": 0
"p288": 0.0015956616068387645
"p289": 0.0006021364554108545
"p290": 9.972885042742277E-05
"p291": 5.645029269476761E-06
"p292": 5.645029269476761E-06
"p293": 0
"p294": 0
"p295": 0
"p296": 0.0017330239857293655
"p297": 0.0004666557529434122
"p298": 7.714873334951573E-05
"p299": 5.645029269476761E-06
"p300": 0.0010029335335437046
"p301": 0.0001561791431221904
"p302": 1.5053411385271363E-05
"p303": 0
"p304": 0.004051249339061156
"p305": 0.0017574857792304313
"p306": 0.00038009863747810193
"p307": 1.6935087808430282E-05
"p308": 4.5160234155814084E-05
"p309": 5.645029269476761E-06
"p310": 0
"p311": 0
"p312": 0.00535148774746397
"p313": 0.0019531801272389595
"p314": 0.0002690797285117256
