"p252": 0.005219770397842846
"p253": 0.0014996961092576594
"p254": 0.0002239194943559115
"p255": 5.645029269476761E-06
"p256": 0.00013359902604428335
"p257": 9.408382115794602E-06
"p258": 0
"p259": 0
"p260": 0.0010951356782784917
"p261": 0.0002935415220127916
"p262": 2.822514634738381E-05
"p263": 1.8816764231589204E-06
"p264": 0.001014223592082658
"p265": 0.0002690797285117256
"p266": 3.0106822770542726E-05
"p267": 0
"p268": 0.0019418900687000057
"p269": 0.0007526705692635682
"p270": 0.00015429746669903146
"p271": 7.5267056926356815E-06
"p272": 0
"p273": 0
"p274": 0
"p275": 0
"p276": 0
"p277": 0
"p278": 0
"p279": 0
"p280": 2.8225146347383808E-05
"p281": 0
"p282": 0
"p283": 0
"p284": 0.00024273625858750074
"p285": 6.585867481056221E-05
"p286": 5.645029269476761E-06
"p287": 0
"p288": 0.004105817955332764
"p289": 0.0015091044913734543
"p290": 0.000284133139896997
"p291": 1.6935087808430282E-05
"p292": 0.004405004506615032
"p293": 0.001512867844219772
"p294": 0.00030294990412858613
"p295": 4.139688130949624E-05
"p296": 0.017806303992352873
"p297": 0.006898225767300602
"p298": 0.001565554784068222
"p299": 0.000212629435816958
"p300": 0.0277998874757499
"p301": 0.012364495776577267
"p302": 0.0031536896852143504
"p303": 0.00040267875455600905
"p304": 0.0008467543904215141
"p305": 0.0002559079935496132
"p306": 3.387017561686057E-05
"p307": 0
"p308": 0.0011534676473964182
"p309": 0.0003725719317854662
"p310": 6.397699838740328E-05
"p311": 1.1290058538953523E-05
"p312": 0.00554341874262618
"p313": 0.001845924571118901
"p314": 0.0003387017561686056
