"p252": 0.0014037306116765546
"p253": 0.000378216961054943
"p254": 4.516023415581409E-05
"p255": 1.8816764231589204E-06
"p256": 5.645029269476761E-06
"p257": 0
"p258": 0
"p259": 0
"p260": 1.5053411385271363E-05
"p261": 0
"p262": 0
"p263": 0
"p264": 0
"p265": 0
"p266": 0
"p267": 0
"p268": 1.3171734962112442E-05
"p269": 7.5267056926356815E-06
"p270": 0
"p271": 0
"p272": 0
"p273": 0
"p274": 0
"p275": 0
"p276": 0
"p277": 0
"p278": 0
"p279": 0
"p280": 0
"p281": 0
"p282": 0
"p283": 0
"p284": 0
"p285": 0
"p286": 0
"p287": 0
"p288": 0.0005645029269476761
"p289": 9.972885042742278E-05
"p290": 1.1290058538953523E-05
"p291": 0
"p292": 0.0011816927937438018
"p293": 0.000212629435816958
"p294": 1.1290058538953523E-05
"p295": 0
"p296": 0.00019569434800852773
"p297": 3.1988499193701654E-05
"p298": 0
"p299": 0
"p300": 0.0007018653058382772
"p301": 9.032046831162815E-05
"p302": 0
"p303": 0
"p304": 5.645029269476761E-06
"p305": 0
"p306": 0
"p307": 0
"p308": 6.774035123372113E-05
"p309": 5.645029269476761E-06
"p310": 0
"p311": 0
"p312": 0
"p313": 0
"p314": 0
