"p252": 0.0008072391855351768
"p253": 0.00030294990412858613
"p254": 4.516023415581409E-05
"p255": 0
"p256": 0.006738283271332094
"p257": 0.0031950865665238467
"p258": 0.0007959491269962234
"p259": 8.091208619583358E-05
"p260": 4.8923587002131926E-05
"p261": 5.645029269476761E-06
"p262": 0
"p263": 0
"p264": 0.005197190280764938
"p265": 0.001988931979278979
"p266": 0.00035940019682335374
"p267": 2.4461793501065963E-05
"p268": 0.008256796144821343
"p269": 0.002937296896551075
"p270": 0.0006134265139498081
"p271": 7.33853805031979E-05
"p272": 0.01003874371755284
"p273": 0.00498267916852482
"p274": 0.001482761021449229
"p275": 0.00022956452362538833
"p276": 0.0005720296326403118
"p277": 0.00011854561465901199
"p278": 5.645029269476761E-06
"p279": 0
"p280": 0.011670157176431627
"p281": 0.004310920685457087
"p282": 0.0008053575091120178
"p283": 5.268693984844977E-05
"p284": 0.016417626792061584
"p285": 0.006653607832289943
"p286": 0.0016107150182240362
"p287": 0.0002163927886632758
"p288": 0.003498036470652433
"p289": 0.0014978144328345005
"p290": 0.00031988499193701646
"p291": 1.1290058538953523E-05
"p292": 0
"p293": 0
"p294": 0
"p295": 0
"p296": 0.0015316846084513609
"p297": 0.0005626212505245172
"p298": 8.467543904215141E-05
"p299": 1.8816764231589204E-06
"p300": 0.001678455369457757
"p301": 0.0005174610163687031
"p302": 0.00011854561465901199
"p303": 3.7633528463178407E-06
"p304": 0.0047230078221288906
"p305": 0.0019080198930831454
"p306": 0.00035751852040019486
"p307": 1.8816764231589207E-05
"p308": 4.327855773265517E-05
"p309": 1.6935087808430282E-05
"p310": 0
"p311": 0
"p312": 0.0018421612182725829
"p313": 0.0005852013676024242
"p314": 7.526705692635681E-05
