"p252": 0.000590846396871901
"p253": 0.0002201561415095937
"p254": 2.6343469924224887E-05
"p255": 0
"p256": 0.0014300740816007797
"p257": 0.0004685374293665711
"p258": 8.091208619583357E-05
"p259": 1.1290058538953523E-05
"p260": 5.080526342529084E-05
"p261": 0
"p262": 0
"p263": 0
"p264": 0.011177157953563988
"p265": 0.00482838170182579
"p266": 0.0010725555612005845
"p267": 9.408382115794602E-05
"p268": 0.006006311142723273
"p269": 0.0022354315907127977
"p270": 0.0004835908407518425
"p271": 7.33853805031979E-05
"p272": 0.0033945442673786923
"p273": 0.0012513148214006824
"p274": 0.00025778966997277205
"p275": 4.139688130949624E-05
"p276": 0.0005419228098697691
"p277": 0.0001317173496211244
"p278": 1.6935087808430286E-05
"p279": 0
"p280": 0.020022918818834078
"p281": 0.008426147022905648
"p282": 0.00210935927036115
"p283": 0.00027096140493488457
"p284": 0.013653444126441129
"p285": 0.0056205674759756945
"p286": 0.001488406050718706
"p287": 0.0002314462000485472
"p288": 0.0002860148163201559
"p289": 9.22021447347871E-05
"p290": 2.6343469924224884E-05
"p291": 5.645029269476761E-06
"p292": 0
"p293": 0
"p294": 0
"p295": 0
"p296": 0.00487918696525108
"p297": 0.001985168626432661
"p298": 0.00038950701959389653
"p299": 1.1290058538953523E-05
"p300": 0.0012738949384785887
"p301": 0.000423377195210757
"p302": 9.784717400426387E-05
"p303": 1.8816764231589204E-06
"p304": 0.001130887530318511
"p305": 0.00041396881309496247
"p306": 8.843879188846926E-05
"p307": 7.5267056926356815E-06
"p308": 0
"p309": 0
"p310": 0
"p311": 0
"p312": 0.006384528103778217
"p313": 0.0023652672639107625
"p314": 0.0004045604309791679
