"p252": 0.0007921857741499054
"p253": 0.0003706902553623074
"p254": 4.8923587002131926E-05
"p255": 5.645029269476761E-06
"p256": 0.0011741660880511663
"p257": 0.0003857436667475787
"p258": 6.585867481056222E-05
"p259": 1.1290058538953523E-05
"p260": 0.0017085621922282997
"p261": 0.0006792851887603702
"p262": 0.00015241579027587253
"p263": 1.8816764231589203E-05
"p264": 0.00023709122931802397
"p265": 8.27937626189925E-05
"p266": 2.6343469924224887E-05
"p267": 5.645029269476761E-06
"p268": 0.0009728267107731619
"p269": 0.00036316354966967166
"p270": 7.903040977267465E-05
"p271": 7.5267056926356815E-06
"p272": 3.951520488633733E-05
"p273": 0
"p274": 0
"p275": 0
"p276": 0.000259671346395931
"p277": 6.397699838740328E-05
"p278": 5.645029269476761E-06
"p279": 0
"p280": 0
"p281": 0
"p282": 0
"p283": 0
"p284": 0
"p285": 0
"p286": 0
"p287": 0
"p288": 0.01718911412555674
"p289": 0.007682884835757872
"p290": 0.0021037142410916727
"p291": 0.00030671325697490405
"p292": 0.02112934455565152
"p293": 0.010095194010247612
"p294": 0.0030050372477847965
"p295": 0.0005306327513308157
"p296": 0.01220643495703192
"p297": 0.004982679168524823
"p298": 0.0011440592652806236
"p299": 4.892358700213192E-05
"p300": 0.011064257368174455
"p301": 0.004030550898406408
"p302": 0.0007752506863414752
"p303": 5.268693984844976E-05
"p304": 0.006802260269719497
"p305": 0.0025534349062266543
"p306": 0.000564502926947676
"p307": 6.774035123372113E-05
"p308": 0.00889468445227222
"p309": 0.0037125475828925494
"p310": 0.0008467543904215141
"p311": 8.091208619583357E-05
"p312": 0.0033155138576060183
"p313": 0.0010066968863900226
"p314": 0.0001561791431221904
