"p252": 0.005355251100310287
"p253": 0.001757485779230432
"p254": 0.0003725719317854662
"p255": 5.456861627160869E-05
"p256": 7.5267056926356815E-06
"p257": 0
"p258": 0
"p259": 0
"p260": 0
"p261": 0
"p262": 0
"p263": 0
"p264": 0.0008128842148046535
"p265": 0.00020886608297064017
"p266": 2.0698440654748124E-05
"p267": 0
"p268": 0.00018816764231589203
"p269": 5.645029269476761E-05
"p270": 5.645029269476761E-06
"p271": 0
"p272": 0.00016182417239166713
"p273": 1.8816764231589203E-05
"p274": 0
"p275": 0
"p276": 0
"p277": 0
"p278": 0
"p279": 0
"p280": 0.000711273687954072
"p281": 0.00016182417239166713
"p282": 2.2580117077907045E-05
"p283": 0
"p284": 0.0001618241723916671
"p285": 6.0213645541085445E-05
"p286": 1.1290058538953523E-05
"p287": 0
"p288": 0.0001712325545074617
"p289": 2.634346992422488E-05
"p290": 0
"p291": 0
"p292": 0
"p293": 0
"p294": 0
"p295": 0
"p296": 0.006328077811083449
"p297": 0.001909901569506304
"p298": 0.00029730487485910934
"p299": 1.5053411385271363E-05
"p300": 0.001008578562813181
"p301": 0.00022391949435591148
"p302": 2.258011707790704E-05
"p303": 0
"p304": 0.00034622846186124133
"p305": 3.76335284631784E-05
"p306": 0
"p307": 0
"p308": 3.3870175616860565E-05
"p309": 0
"p310": 0
"p311": 0
"p312": 0.009641709992266309
"p313": 0.00315368968521435
"p314": 0.0006472966895666685
