"p252": 0.013672260890672718
"p253": 0.004937518934369008
"p254": 0.0010179869449289758
"p255": 0.0001034922032737406
"p256": 0
"p257": 0
"p258": 0
"p259": 0
"p260": 7.5267056926356815E-06
"p261": 0
"p262": 0
"p263": 0
"p264": 0.00036880857893914834
"p265": 7.714873334951573E-05
"p266": 5.645029269476761E-06
"p267": 0
"p268": 0.000658586748105622
"p269": 0.00019004931873905094
"p270": 2.0698440654748124E-05
"p271": 0
"p272": 3.763352846317839E-05
"p273": 0
"p274": 0
"p275": 0
"p276": 0.00016182417239166713
"p277": 1.8816764231589203E-05
"p278": 0
"p279": 0
"p280": 0.0004158504895181214
"p281": 0.00010537387969689955
"p282": 1.1290058538953523E-05
"p283": 0
"p284": 0.00042714054805707494
"p285": 0.0001279539967748066
"p286": 2.2580117077907045E-05
"p287": 0
"p288": 0.00020510273012432225
"p289": 3.387017561686056E-05
"p290": 0
"p291": 0
"p292": 0.0001712325545074617
"p293": 2.634346992422488E-05
"p294": 0
"p295": 0
"p296": 0.004309039009033929
"p297": 0.001157231000242736
"p298": 0.00014677076100639576
"p299": 7.5267056926356815E-06
"p300": 0.0031311095681364432
"p301": 0.0010161052685058172
"p302": 0.00017311423093062066
"p303": 7.5267056926356815E-06
"p304": 0.0008900329481541693
"p305": 0.0002088660829706401
"p306": 2.634346992422488E-05
"p307": 0
"p308": 0.00034622846186124133
"p309": 3.76335284631784E-05
"p310": 0
"p311": 0
"p312": 0.006745809977024731
"p313": 0.0021658095630559164
"p314": 0.0003650452260928305
