"p252": 0.0015467380198366327
"p253": 0.00040267875455600894
"p254": 6.021364554108545E-05
"p255": 1.8816764231589203E-05
"p256": 0.0001505341138527136
"p257": 1.8816764231589203E-05
"p258": 0
"p259": 0
"p260": 0
"p261": 0
"p262": 0
"p263": 0
"p264": 0.0006021364554108546
"p265": 0.0001467707610063958
"p266": 2.2580117077907045E-05
"p267": 0
"p268": 0.0001505341138527136
"p269": 6.0213645541085445E-05
"p270": 1.1290058538953523E-05
"p271": 0
"p272": 0
"p273": 0
"p274": 0
"p275": 0
"p276": 0
"p277": 0
"p278": 0
"p279": 0
"p280": 0.00010913723254321736
"p281": 1.5053411385271363E-05
"p282": 0
"p283": 0
"p284": 3.7633528463178407E-06
"p285": 0
"p286": 0
"p287": 0
"p288": 0.0004327855773265517
"p289": 4.139688130949624E-05
"p290": 0
"p291": 0
"p292": 3.3870175616860565E-05
"p293": 0
"p294": 0
"p295": 0
"p296": 0.009555152876800999
"p297": 0.002877083251009989
"p298": 0.0005456861627160869
"p299": 8.279376261899248E-05
"p300": 0.0023332787647170608
"p301": 0.0005494495155624048
"p302": 3.7633528463178407E-05
"p303": 0
"p304": 0.00010349220327374062
"p305": 2.258011707790704E-05
"p306": 0
"p307": 0
"p308": 0
"p309": 0
"p310": 0
"p311": 0
"p312": 0.0070092446762669795
"p313": 0.0022448399728285918
"p314": 0.0004177321659412802
