"p252": 0.0028582664867783996
"p253": 0.0009088497123857585
"p254": 0.00015241579027587253
"p255": 3.010682277054273E-05
"p256": 0.0018722680410431262
"p257": 0.0007771323627646341
"p258": 0.00018440428946957417
"p259": 3.0106822770542726E-05
"p260": 0.00031988499193701646
"p261": 7.526705692635683E-05
"p262": 5.645029269476761E-06
"p263": 0
"p264": 0.018779130703126024
"p265": 0.009244676266979775
"p266": 0.002777354400582567
"p267": 0.0004911175464444782
"p268": 0.00791433103580642
"p269": 0.003187559860831211
"p270": 0.0007432621871477735
"p271": 7.150370408003896E-05
"p272": 0.00013548070246744223
"p273": 3.3870175616860565E-05
"p274": 0
"p275": 0
"p276": 0
"p277": 0
"p278": 0
"p279": 0
"p280": 0.0001844042894695742
"p281": 4.327855773265517E-05
"p282": 5.645029269476761E-06
"p283": 0
"p284": 1.1290058538953523E-05
"p285": 3.7633528463178407E-06
"p286": 0
"p287": 0
"p288": 0.0012795399677480656
"p289": 0.00043090390090339274
"p290": 9.408382115794602E-05
"p291": 1.6935087808430282E-05
"p292": 1.6935087808430282E-05
"p293": 0
"p294": 0
"p295": 0
"p296": 0.022186846705466834
"p297": 0.00981670589962009
"p298": 0.0026117668753445817
"p299": 0.0003161216390906987
"p300": 0.006294207635466589
"p301": 0.001817699424771517
"p302": 0.0002728430813580435
"p303": 2.4461793501065966E-05
"p304": 0.0015486196962597914
"p305": 0.0006134265139498079
"p306": 0.00013359902604428333
"p307": 1.8816764231589203E-05
"p308": 3.3870175616860565E-05
"p309": 0
"p310": 0
"p311": 0
"p312": 0.017956838106205585
"p313": 0.0069546760599953706
"p314": 0.0014658259336407992
