"p252": 0.0006134265139498081
"p253": 0.0002747247577812024
"p254": 4.8923587002131926E-05
"p255": 5.645029269476761E-06
"p256": 0.00037257193178546626
"p257": 0.0001016105268505817
"p258": 1.1290058538953523E-05
"p259": 0
"p260": 0.0003236483447833343
"p261": 0.00010537387969689955
"p262": 2.2580117077907045E-05
"p263": 0
"p264": 6.962202765688003E-05
"p265": 3.198849919370165E-05
"p266": 0
"p267": 0
"p268": 0.00019757602443168663
"p269": 6.962202765688005E-05
"p270": 0
"p271": 0
"p272": 9.408382115794602E-06
"p273": 0
"p274": 0
"p275": 0
"p276": 0.00010349220327374062
"p277": 1.5053411385271363E-05
"p278": 0
"p279": 0
"p280": 0
"p281": 0
"p282": 0
"p283": 0
"p284": 0
"p285": 0
"p286": 0
"p287": 0
"p288": 0.0044727448578487546
"p289": 0.0014319557580239383
"p290": 0.0002653163756654078
"p291": 4.139688130949624E-05
"p292": 0.00339830762022501
"p293": 0.0011911011758595964
"p294": 0.0002408545821643418
"p295": 4.139688130949624E-05
"p296": 0.0031311095681364432
"p297": 0.000848636066844673
"p298": 8.467543904215141E-05
"p299": 0
"p300": 0.001605069988954559
"p301": 0.00032553002120649325
"p302": 2.634346992422488E-05
"p303": 0
"p304": 0.0034434678543808243
"p305": 0.0010537387969689952
"p306": 0.0001768775837769385
"p307": 7.5267056926356815E-06
"p308": 0.0036937308186609607
"p309": 0.0013660970832133762
"p310": 0.0002784881106275202
"p311": 7.5267056926356815E-06
"p312": 0.0013830321710218063
"p313": 0.00027284308135804345
"p314": 7.5267056926356815E-06
