"p252": 0.020404899132735334
"p253": 0.008213517587088688
"p254": 0.0017424323678451603
"p255": 0.00013548070246744226
"p256": 0
"p257": 0
"p258": 0
"p259": 0
"p260": 0
"p261": 0
"p262": 0
"p263": 0
"p264": 5.645029269476761E-06
"p265": 0
"p266": 0
"p267": 0
"p268": 4.516023415581409E-05
"p269": 5.645029269476761E-06
"p270": 0
"p271": 0
"p272": 0
"p273": 0
"p274": 0
"p275": 0
"p276": 5.645029269476761E-06
"p277": 0
"p278": 0
"p279": 0
"p280": 5.645029269476761E-06
"p281": 0
"p282": 0
"p283": 0
"p284": 1.5053411385271363E-05
"p285": 0
"p286": 0
"p287": 0
"p288": 6.774035123372112E-05
"p289": 9.408382115794602E-06
"p290": 0
"p291": 0
"p292": 7.903040977267465E-05
"p293": 3.7633528463178407E-06
"p294": 0
"p295": 0
"p296": 0.0004854725171750015
"p297": 7.526705692635683E-05
"p298": 5.645029269476761E-06
"p299": 0
"p300": 0.0010462120912763597
"p301": 0.00017123255450746173
"p302": 5.645029269476761E-06
"p303": 0
"p304": 7.714873334951573E-05
"p305": 1.5053411385271361E-05
"p306": 0
"p307": 0
"p308": 8.091208619583357E-05
"p309": 3.7633528463178407E-06
"p310": 0
"p311": 0
"p312": 0.00025026296428013644
"p313": 5.268693984844977E-05
"p314": 5.645029269476761E-06
