"p252": 0.005654437651592554
"p253": 0.0018590963060810132
"p254": 0.00020133937727800452
"p255": 1.1290058538953523E-05
"p256": 5.645029269476761E-06
"p257": 0
"p258": 0
"p259": 0
"p260": 4.516023415581409E-05
"p261": 5.645029269476761E-06
"p262": 0
"p263": 0
"p264": 0
"p265": 0
"p266": 0
"p267": 0
"p268": 1.1290058538953523E-05
"p269": 0
"p270": 0
"p271": 0
"p272": 5.645029269476761E-06
"p273": 0
"p274": 0
"p275": 0
"p276": 1.5053411385271363E-05
"p277": 0
"p278": 0
"p279": 0
"p280": 0
"p281": 0
"p282": 0
"p283": 0
"p284": 1.3171734962112442E-05
"p285": 7.5267056926356815E-06
"p286": 0
"p287": 0
"p288": 0.00040079707813285006
"p289": 6.962202765688006E-05
"p290": 5.645029269476761E-06
"p291": 0
"p292": 0.0008467543904215141
"p293": 0.0001580608195453493
"p294": 5.645029269476761E-06
"p295": 0
"p296": 0.00012230896750532982
"p297": 1.3171734962112442E-05
"p298": 0
"p299": 0
"p300": 0.0003857436667475786
"p301": 4.516023415581409E-05
"p302": 0
"p303": 0
"p304": 0.00019193099516220987
"p305": 4.139688130949625E-05
"p306": 5.645029269476761E-06
"p307": 0
"p308": 0.00030671325697490405
"p309": 5.456861627160869E-05
"p310": 5.645029269476761E-06
"p311": 0
"p312": 9.032046831162818E-05
"p313": 1.8816764231589203E-05
"p314": 0
