"p252": 0.008253032791975026
"p253": 0.0026795072265783024
"p254": 0.0003876253431707375
"p255": 1.6935087808430286E-05
"p256": 1.6935087808430282E-05
"p257": 0
"p258": 0
"p259": 0
"p260": 0.0002163927886632758
"p261": 5.6450292694767617E-05
"p262": 0
"p263": 0
"p264": 0.0003895070195938966
"p265": 9.972885042742278E-05
"p266": 9.408382115794602E-06
"p267": 0
"p268": 0.0014244290523313025
"p269": 0.0005419228098697689
"p270": 8.655711546531035E-05
"p271": 5.645029269476761E-06
"p272": 0.00015053411385271363
"p273": 9.408382115794602E-06
"p274": 0
"p275": 0
"p276": 0.0011628760295122127
"p277": 0.0002935415220127916
"p278": 2.822514634738381E-05
"p279": 1.8816764231589204E-06
"p280": 0.0010424487384300418
"p281": 0.0002690797285117256
"p282": 3.0106822770542726E-05
"p283": 0
"p284": 0.0021601645337864404
"p285": 0.0008128842148046536
"p286": 0.00015994249596850823
"p287": 7.5267056926356815E-06
"p288": 0.0012343797335922517
"p289": 0.0003838619903244198
"p290": 5.080526342529085E-05
"p291": 0
"p292": 0.0015956616068387645
"p293": 0.0004817091643286836
"p294": 8.655711546531033E-05
"p295": 1.1290058538953523E-05
"p296": 0.0078785791837664
"p297": 0.0029730487485910943
"p298": 0.0006247165724887616
"p299": 7.150370408003898E-05
"p300": 0.01419913028915722
"p301": 0.006149318550883354
"p302": 0.0013548070246744229
"p303": 0.00011666393823585308
"p304": 0.0037388910528167747
"p305": 0.0014131389937923494
"p306": 0.00027284308135804345
"p307": 1.6935087808430282E-05
"p308": 0.003710665906469391
"p309": 0.0013679787596365353
"p310": 0.0002803697870506791
"p311": 4.139688130949624E-05
"p312": 0.015267922497511483
"p313": 0.005983731025645368
"p314": 0.0013228185254807211
