"p252": 0.01077071584616166
"p253": 0.003968455576442162
"p254": 0.0008655711546531032
"p255": 0.00012607232035164768
"p256": 4.516023415581409E-05
"p257": 0
"p258": 0
"p259": 0
"p260": 0
"p261": 0
"p262": 0
"p263": 0
"p264": 7.5267056926356815E-06
"p265": 0
"p266": 0
"p267": 0
"p268": 1.8816764231589203E-05
"p269": 0
"p270": 0
"p271": 0
"p272": 7.5267056926356815E-06
"p273": 0
"p274": 0
"p275": 0
"p276": 0
"p277": 0
"p278": 0
"p279": 0
"p280": 5.645029269476761E-06
"p281": 1.8816764231589204E-06
"p282": 0
"p283": 0
"p284": 9.408382115794602E-06
"p285": 5.645029269476761E-06
"p286": 0
"p287": 0
"p288": 0.00033305672689912887
"p289": 5.080526342529084E-05
"p290": 0
"p291": 0
"p292": 0
"p293": 0
"p294": 0
"p295": 0
"p296": 0.0002032210537011634
"p297": 1.6935087808430282E-05
"p298": 0
"p299": 0
"p300": 0.0002483812878569774
"p301": 3.387017561686056E-05
"p302": 0
"p303": 0
"p304": 0.00019193099516220984
"p305": 3.3870175616860565E-05
"p306": 0
"p307": 0
"p308": 0
"p309": 0
"p310": 0
"p311": 0
"p312": 0.0002389729057411829
"p313": 1.6935087808430282E-05
"p314": 0
