"p252": 0.0004440756358655052
"p253": 0.00019569434800852776
"p254": 1.8816764231589203E-05
"p255": 0
"p256": 0.0080893269431602
"p257": 0.0035356699991156114
"p258": 0.0009032046831162816
"p259": 0.00013548070246744229
"p260": 0.009863747810199063
"p261": 0.004835908407518425
"p262": 0.0013867955238681241
"p263": 0.00020510273012432233
"p264": 0.005430518157236644
"p265": 0.0018195811011946761
"p266": 0.0002709614049348845
"p267": 1.317173496211244E-05
"p268": 0.010674750348580557
"p269": 0.004026787545560091
"p270": 0.0008128842148046537
"p271": 6.774035123372113E-05
"p272": 3.198849919370165E-05
"p273": 5.645029269476761E-06
"p274": 0
"p275": 0
"p276": 0.00027096140493488457
"p277": 5.8331969117926534E-05
"p278": 5.645029269476761E-06
"p279": 0
"p280": 0
"p281": 0
"p282": 0
"p283": 0
"p284": 5.833196911792653E-05
"p285": 1.1290058538953523E-05
"p286": 0
"p287": 0
"p288": 0.005263048955575501
"p289": 0.0021639278866327585
"p290": 0.000541922809869769
"p291": 7.338538050319788E-05
"p292": 0.010766952493315343
"p293": 0.004941282287215325
"p294": 0.001270131585632271
"p295": 0.00013359902604428335
"p296": 0.002453706055799232
"p297": 0.0008147658912278125
"p298": 0.00012983567319796552
"p299": 9.408382115794602E-06
"p300": 0.004773813085554182
"p301": 0.001627650106032466
"p302": 0.0002897781691664738
"p303": 1.5053411385271365E-05
"p304": 0.005494495155624047
"p305": 0.0018986115109673508
"p306": 0.0003612818732465126
"p307": 3.1988499193701654E-05
"p308": 0.009412145468640921
"p309": 0.0038423832560905155
"p310": 0.0007564339221098862
"p311": 4.139688130949625E-05
"p312": 0.001977641920740025
"p313": 0.0005964914261413778
"p314": 7.714873334951574E-05
