"p252": 0.0048076832611710415
"p253": 0.0015373296377208378
"p254": 0.0001919309951622099
"p255": 1.1290058538953523E-05
"p256": 5.645029269476761E-06
"p257": 0
"p258": 0
"p259": 0
"p260": 5.080526342529086E-05
"p261": 0
"p262": 0
"p263": 0
"p264": 1.8816764231589204E-06
"p265": 0
"p266": 0
"p267": 0
"p268": 1.3171734962112442E-05
"p269": 0
"p270": 0
"p271": 0
"p272": 3.7633528463178407E-06
"p273": 0
"p274": 0
"p275": 0
"p276": 1.1290058538953523E-05
"p277": 0
"p278": 0
"p279": 0
"p280": 1.8816764231589204E-06
"p281": 1.8816764231589204E-06
"p282": 0
"p283": 0
"p284": 5.645029269476761E-06
"p285": 5.645029269476761E-06
"p286": 0
"p287": 0
"p288": 0.000259671346395931
"p289": 5.080526342529084E-05
"p290": 0
"p291": 0
"p292": 0.00033870175616860566
"p293": 5.080526342529084E-05
"p294": 0
"p295": 0
"p296": 0.00010725555612005845
"p297": 0
"p298": 0
"p299": 0
"p300": 7.903040977267465E-05
"p301": 0
"p302": 0
"p303": 0
"p304": 0.00020886608297064017
"p305": 3.3870175616860565E-05
"p306": 0
"p307": 0
"p308": 0.00020322105370116337
"p309": 3.3870175616860565E-05
"p310": 0
"p311": 0
"p312": 0.00014300740816007796
"p313": 0
"p314": 0
