"p252": 0.006113566698843333
"p253": 0.0024461793501065966
"p254": 0.00038950701959389653
"p255": 1.8816764231589207E-05
"p256": 7.903040977267466E-05
"p257": 1.5053411385271363E-05
"p258": 1.8816764231589204E-06
"p259": 0
"p260": 0.0002897781691664737
"p261": 8.27937626189925E-05
"p262": 1.1290058538953523E-05
"p263": 0
"p264": 2.2580117077907045E-05
"p265": 5.645029269476761E-06
"p266": 0
"p267": 0
"p268": 8.467543904215141E-05
"p269": 1.1290058538953523E-05
"p270": 0
"p271": 0
"p272": 0.00038762534317073765
"p273": 6.585867481056221E-05
"p274": 0
"p275": 0
"p276": 0.0007206820700698664
"p277": 0.0002051027301243223
"p278": 2.0698440654748128E-05
"p279": 0
"p280": 9.596549758110492E-05
"p281": 4.139688130949624E-05
"p282": 5.645029269476761E-06
"p283": 0
"p284": 0.00033117505047597004
"p285": 9.596549758110492E-05
"p286": 9.408382115794602E-06
"p287": 0
"p288": 0.00146394425721764
"p289": 0.0004516023415581409
"p290": 7.903040977267465E-05
"p291": 5.645029269476761E-06
"p292": 0.0015956616068387645
"p293": 0.0006021364554108545
"p294": 9.972885042742277E-05
"p295": 5.645029269476761E-06
"p296": 0.0008373460083057194
"p297": 0.00015241579027587253
"p298": 1.3171734962112442E-05
"p299": 0
"p300": 0.0007244454229161843
"p301": 9.784717400426388E-05
"p302": 1.5053411385271363E-05
"p303": 0
"p304": 0.0041603865716043735
"p305": 0.0015505013726829502
"p306": 0.0002916598455896326
"p307": 1.6935087808430282E-05
"p308": 0.003936467077248462
"p309": 0.0017518407499609544
"p310": 0.00038009863747810193
"p311": 1.6935087808430282E-05
"p312": 0.0029429419258205514
"p313": 0.0009088497123857584
"p314": 3.951520488633733E-05
