"p252": 0.003449112883650301
"p253": 0.0011741660880511661
"p254": 0.00019193099516220984
"p255": 3.575185204001948E-05
"p256": 0.006945267677879575
"p257": 0.0037050208771999137
"p258": 0.001232498057169093
"p259": 0.00026907972851172564
"p260": 0.0002333278764717061
"p261": 4.892358700213194E-05
"p262": 5.645029269476761E-06
"p263": 0
"p264": 0.01284808661732911
"p265": 0.006094749934611744
"p266": 0.0017556041028072727
"p267": 0.00022580117077907047
"p268": 0.009577732993878903
"p269": 0.003861200020322105
"p270": 0.0008580444489604676
"p271": 7.526705692635681E-05
"p272": 0.00016746920166114393
"p273": 4.1396881309496255E-05
"p274": 5.645029269476761E-06
"p275": 0
"p276": 6.209532196424438E-05
"p277": 1.6935087808430282E-05
"p278": 0
"p279": 0
"p280": 1.6935087808430286E-05
"p281": 1.8816764231589204E-06
"p282": 0
"p283": 0
"p284": 4.704191057897301E-05
"p285": 1.5053411385271363E-05
"p286": 0
"p287": 0
"p288": 0.011327692067416703
"p289": 0.005255522249882865
"p290": 0.0014865243742955472
"p291": 0.000190049318739051
"p292": 2.0698440654748124E-05
"p293": 1.8816764231589204E-06
"p294": 0
"p295": 0
"p296": 0.011685210587816896
"p297": 0.00503536610837327
"p298": 0.001275776614901748
"p299": 0.0001279539967748066
"p300": 0.007953846240692758
"p301": 0.0023916107338349873
"p302": 0.0003913886960170554
"p303": 3.198849919370165E-05
"p304": 0.009220214473478712
"p305": 0.0038913068430926467
"p306": 0.0008806245660383749
"p307": 8.467543904215141E-05
"p308": 3.7633528463178407E-05
"p309": 1.5053411385271363E-05
"p310": 0
"p311": 0
"p312": 0.009047100242548092
"p313": 0.003219548360024912
"p314": 0.0006360066310277152
