"p252": 0.001717970574344094
"p253": 0.0005513311919855637
"p254": 8.091208619583358E-05
"p255": 5.645029269476761E-06
"p256": 0.0014206656994849851
"p257": 0.00046101072367393553
"p258": 7.526705692635681E-05
"p259": 1.1290058538953523E-05
"p260": 5.080526342529084E-05
"p261": 0
"p262": 0
"p263": 0
"p264": 0.01755415935164957
"p265": 0.00785976241953481
"p266": 0.00210935927036115
"p267": 0.0003010682277054273
"p268": 0.006461676837127732
"p269": 0.0021639278866327585
"p270": 0.00041208713667180354
"p271": 4.704191057897301E-05
"p272": 0.002205324767942255
"p273": 0.0009295481530405066
"p274": 0.00022580117077907044
"p275": 4.139688130949624E-05
"p276": 0.00031988499193701646
"p277": 7.526705692635683E-05
"p278": 5.645029269476761E-06
"p279": 0
"p280": 0.022640330723448135
"p281": 0.011135761072254492
"p282": 0.0033418573275302435
"p283": 0.0005870830440255835
"p284": 0.0086801733400321
"p285": 0.0034905097649597975
"p286": 0.0008147658912278125
"p287": 7.714873334951573E-05
"p288": 0.00026719805208856665
"p289": 0.00010725555612005848
"p290": 3.0106822770542726E-05
"p291": 5.645029269476761E-06
"p292": 0
"p293": 0
"p294": 0
"p295": 0
"p296": 0.010663460290041603
"p297": 0.00435796259603606
"p298": 0.0009803534164657978
"p299": 3.763352846317841E-05
"p300": 0.002427362585875008
"p301": 0.0006303616017582384
"p302": 5.4568616271608685E-05
"p303": 1.8816764231589204E-06
"p304": 0.0009803534164657976
"p305": 0.00037633528463178407
"p306": 8.091208619583357E-05
"p307": 7.5267056926356815E-06
"p308": 0
"p309": 0
"p310": 0
"p311": 0
"p312": 0.009001940008392278
"p313": 0.0034566395893429365
"p314": 0.0006585867481056222
