"p252": 0.02034844884004057
"p253": 0.007967017975654871
"p254": 0.0018101727190788816
"p255": 0.00021639278866327586
"p256": 0.0011177157953563984
"p257": 0.00027848811062752013
"p258": 2.0698440654748124E-05
"p259": 1.8816764231589204E-06
"p260": 0.0005946097497182188
"p261": 0.00014112573173691902
"p262": 1.5053411385271363E-05
"p263": 0
"p264": 0.0037633528463178415
"p265": 0.0012080362636680269
"p266": 0.00018252261304641527
"p267": 1.3171734962112444E-05
"p268": 0.003356910738915514
"p269": 0.0012174446457838214
"p270": 0.0002220378179327526
"p271": 1.5053411385271365E-05
"p272": 0
"p273": 0
"p274": 0
"p275": 0
"p276": 6.774035123372114E-05
"p277": 0
"p278": 0
"p279": 0
"p280": 9.408382115794602E-06
"p281": 0
"p282": 0
"p283": 0
"p284": 7.714873334951573E-05
"p285": 1.5053411385271363E-05
"p286": 0
"p287": 0
"p288": 0.0003594001968233538
"p289": 7.903040977267465E-05
"p290": 1.8816764231589204E-06
"p291": 0
"p292": 0.00028789649274331484
"p293": 8.091208619583358E-05
"p294": 1.3171734962112442E-05
"p295": 0
"p296": 0.0018703863646199665
"p297": 0.0007263270993393431
"p298": 0.00012983567319796546
"p299": 3.7633528463178407E-06
"p300": 0.0019926953321252965
"p301": 0.000797830803419382
"p302": 0.00018252261304641524
"p303": 3.7633528463178407E-06
"p304": 0.0002671980520885667
"p305": 3.387017561686057E-05
"p306": 0
"p307": 0
"p308": 0.00046289240009709436
"p309": 0.00015241579027587253
"p310": 2.2580117077907045E-05
"p311": 0
"p312": 0.0025985951403824695
"p313": 0.0006284799253350794
"p314": 9.4083821157946E-05
