"p252": 0.0009351931823099833
"p253": 0.0003518734911307181
"p254": 5.2686939848449775E-05
"p255": 5.645029269476761E-06
"p256": 0.0027829994298520433
"p257": 0.001016105268505817
"p258": 0.0001994577008548455
"p259": 3.0106822770542726E-05
"p260": 0.0005419228098697691
"p261": 0.0001317173496211244
"p262": 1.6935087808430286E-05
"p263": 0
"p264": 0.016169245504204604
"p265": 0.006798496916873179
"p266": 0.0016671653109188035
"p267": 0.0002107477593937991
"p268": 0.01181504626101486
"p269": 0.004790748173362612
"p270": 0.0012324980571690929
"p271": 0.0001862859658927331
"p272": 0.00019757602443168663
"p273": 3.3870175616860565E-05
"p274": 0
"p275": 0
"p276": 0
"p277": 0
"p278": 0
"p279": 0
"p280": 0.00019945770085484557
"p281": 4.327855773265517E-05
"p282": 5.645029269476761E-06
"p283": 0
"p284": 1.8816764231589203E-05
"p285": 3.7633528463178407E-06
"p286": 0
"p287": 0
"p288": 0.001302120084825973
"p289": 0.0004610107236739354
"p290": 0.00010725555612005847
"p291": 1.6935087808430282E-05
"p292": 1.6935087808430282E-05
"p293": 0
"p294": 0
"p295": 0
"p296": 0.01339565445646836
"p297": 0.005678899445093622
"p298": 0.0013623337303670584
"p299": 0.0001373623788906012
"p300": 0.0054060563637355775
"p301": 0.0020585540069358588
"p302": 0.0005174610163687031
"p303": 7.52670569263568E-05
"p304": 0.0019268366573147347
"p305": 0.0006943386001456417
"p306": 0.00014677076100639576
"p307": 1.8816764231589203E-05
"p308": 3.3870175616860565E-05
"p309": 0
"p310": 0
"p311": 0
"p312": 0.012426591098541512
"p313": 0.004649622441625693
"p314": 0.0008317009790362429
