"p252": 0.00421683686429914
"p253": 0.00121932632220698
"p254": 0.0001486524374295547
"p255": 0
"p256": 0.0011271241774721932
"p257": 0.0003688085789391484
"p258": 5.080526342529085E-05
"p259": 0
"p260": 0.0014808793450260707
"p261": 0.0004685374293665711
"p262": 8.091208619583357E-05
"p263": 1.1290058538953523E-05
"p264": 0.006448505102165621
"p265": 0.002506392995647682
"p266": 0.0005343961041771333
"p267": 6.962202765688006E-05
"p268": 0.010962646841323868
"p269": 0.004950690669331119
"p270": 0.0011421775888574648
"p271": 0.00011478226181269415
"p272": 0.003663623995890418
"p273": 0.00139432222956076
"p274": 0.00027284308135804345
"p275": 1.6935087808430282E-05
"p276": 0.0038009863747810193
"p277": 0.0013660970832133764
"p278": 0.0002747247577812024
"p279": 4.139688130949624E-05
"p280": 0.013928168884222332
"p281": 0.0055358920369335445
"p282": 0.001253196497823841
"p283": 0.00017311423093062066
"p284": 0.01893907319909454
"p285": 0.008672646634339466
"p286": 0.002340805470409698
"p287": 0.00032929337405281106
"p288": 0.00013548070246744229
"p289": 3.575185204001949E-05
"p290": 5.645029269476761E-06
"p291": 0
"p292": 0.0002860148163201559
"p293": 9.22021447347871E-05
"p294": 2.6343469924224884E-05
"p295": 5.645029269476761E-06
"p296": 0.001883558099582079
"p297": 0.0006322432781813973
"p298": 0.00012419064392848873
"p299": 1.8816764231589204E-06
"p300": 0.004754996321322594
"p301": 0.001930600010161052
"p302": 0.00037821696105494305
"p303": 1.1290058538953523E-05
"p304": 0.00034999181470755914
"p305": 0.00012042729108217089
"p306": 1.1290058538953523E-05
"p307": 0
"p308": 0.001130887530318511
"p309": 0.00041396881309496247
"p310": 8.843879188846926E-05
"p311": 7.5267056926356815E-06
"p312": 0.00257977837615088
"p313": 0.0007489072164172504
"p314": 0.00010725555612005847
