"p252": 0.002075489094744289
"p253": 0.0006905752472993237
"p254": 9.972885042742278E-05
"p255": 5.645029269476761E-06
"p256": 0.008049811738273863
"p257": 0.0039646922235958455
"p258": 0.0011722844116280073
"p259": 0.00017875926020009749
"p260": 3.1988499193701654E-05
"p261": 5.645029269476761E-06
"p262": 0
"p263": 0
"p264": 0.010307823446064566
"p265": 0.00428645889195602
"p266": 0.0010782005904700616
"p267": 0.0001279539967748066
"p268": 0.008175884058625509
"p269": 0.00271902243146464
"p270": 0.000517461016368703
"p271": 5.2686939848449775E-05
"p272": 0.008055456767543337
"p273": 0.004352317566766582
"p274": 0.0014620625807944812
"p275": 0.00031800331551385763
"p276": 0.00029542319843595046
"p277": 6.585867481056222E-05
"p278": 5.645029269476761E-06
"p279": 0
"p280": 0.01574774998541701
"p281": 0.0074495569592861665
"p282": 0.0021206493289001034
"p283": 0.0002671980520885667
"p284": 0.01020056788994451
"p285": 0.004077592808985381
"p286": 0.0008937963010004871
"p287": 7.526705692635681E-05
"p288": 0.0062020054907318024
"p289": 0.0026776255501551435
"p290": 0.0006303616017582384
"p291": 2.8225146347383808E-05
"p292": 0
"p293": 0
"p294": 0
"p295": 0
"p296": 0.004621397295278309
"p297": 0.0017612491320767494
"p298": 0.0003612818732465127
"p299": 1.1290058538953523E-05
"p300": 0.0027980528412373147
"p301": 0.0007620789513793628
"p302": 7.903040977267465E-05
"p303": 3.7633528463178407E-06
"p304": 0.005483205097085095
"p305": 0.0022598933842138636
"p306": 0.0004591290472507766
"p307": 3.198849919370165E-05
"p308": 2.6343469924224884E-05
"p309": 1.1290058538953523E-05
"p310": 0
"p311": 0
"p312": 0.0035657768218861543
"p313": 0.001255078174247
"p314": 0.00021827446508643477
