"p252": 0.004724889498552049
"p253": 0.0014300740816007794
"p254": 0.0001938126715853688
"p255": 1.3171734962112444E-05
"p256": 0.0014131389937923494
"p257": 0.000541922809869769
"p258": 8.655711546531032E-05
"p259": 5.645029269476761E-06
"p260": 5.645029269476761E-06
"p261": 0
"p262": 0
"p263": 0
"p264": 0.001578726519030334
"p265": 0.00042525887163391595
"p266": 6.962202765688005E-05
"p267": 5.645029269476761E-06
"p268": 0.0009859984457352743
"p269": 0.00016182417239166713
"p270": 1.5053411385271363E-05
"p271": 0
"p272": 0.0031612163909069866
"p273": 0.0013980855824070777
"p274": 0.0003349384033222878
"p275": 1.6935087808430282E-05
"p276": 6.774035123372113E-05
"p277": 5.645029269476761E-06
"p278": 0
"p279": 0
"p280": 0.005080526342529085
"p281": 0.0018760313938894436
"p282": 0.00026343469924224885
"p283": 1.8816764231589203E-05
"p284": 0.0027453659013888655
"p285": 0.0007394988343014557
"p286": 6.962202765688006E-05
"p287": 1.8816764231589204E-06
"p288": 0.00031988499193701646
"p289": 0.0001016105268505817
"p290": 1.8816764231589203E-05
"p291": 0
"p292": 0
"p293": 0
"p294": 0
"p295": 0
"p296": 0.00024838128785697745
"p297": 8.091208619583358E-05
"p298": 1.5053411385271365E-05
"p299": 0
"p300": 0.00011290058538953519
"p301": 1.8816764231589203E-05
"p302": 1.8816764231589204E-06
"p303": 0
"p304": 0.001860977982504172
"p305": 0.0006811668651835292
"p306": 8.655711546531033E-05
"p307": 0
"p308": 0
"p309": 0
"p310": 0
"p311": 0
"p312": 0.0008241742733436069
"p313": 0.000259671346395931
"p314": 3.3870175616860565E-05
