"p252": 0.014671431071370106
"p253": 0.005342079365348177
"p254": 0.0009972885042742279
"p255": 6.774035123372114E-05
"p256": 0.00016746920166114393
"p257": 2.6343469924224887E-05
"p258": 1.8816764231589204E-06
"p259": 0
"p260": 0.0001448890845832369
"p261": 2.0698440654748128E-05
"p262": 1.8816764231589204E-06
"p263": 0
"p264": 0.001627650106032466
"p265": 0.00044972066513498195
"p266": 7.714873334951573E-05
"p267": 5.645029269476761E-06
"p268": 0.0016031883125314002
"p269": 0.000568266279793994
"p270": 8.843879188846925E-05
"p271": 5.645029269476761E-06
"p272": 0.0014225473759081437
"p273": 0.0003462284618612413
"p274": 2.0698440654748124E-05
"p275": 1.8816764231589204E-06
"p276": 0.0008881512717310105
"p277": 0.00020886608297064017
"p278": 2.6343469924224884E-05
"p279": 0
"p280": 0.005279984043383932
"p281": 0.0018383978654262648
"p282": 0.0002973048748591094
"p283": 1.6935087808430282E-05
"p284": 0.004860370201019492
"p285": 0.0018647413353504896
"p286": 0.000378216961054943
"p287": 1.8816764231589203E-05
"p288": 1.6935087808430286E-05
"p289": 0
"p290": 0
"p291": 0
"p292": 3.010682277054273E-05
"p293": 3.7633528463178407E-06
"p294": 0
"p295": 0
"p296": 0.0002709614049348845
"p297": 7.714873334951573E-05
"p298": 1.3171734962112444E-05
"p299": 0
"p300": 0.0003575185204001948
"p301": 0.0001016105268505817
"p302": 1.8816764231589203E-05
"p303": 0
"p304": 0.000165587525237985
"p305": 3.0106822770542726E-05
"p306": 0
"p307": 0
"p308": 0.0003499918147075592
"p309": 0.000141125731736919
"p310": 2.2580117077907045E-05
"p311": 0
"p312": 0.0010857272961626969
"p313": 0.00026907972851172564
"p314": 3.0106822770542726E-05
