"p252": 0.0019475350979694824
"p253": 0.0005400411334466102
"p254": 8.279376261899251E-05
"p255": 2.4461793501065966E-05
"p256": 0.0008542810961141499
"p257": 0.00024461793501065964
"p258": 2.8225146347383805E-05
"p259": 1.8816764231589204E-06
"p260": 0
"p261": 0
"p262": 0
"p263": 0
"p264": 0.002346450499679174
"p265": 0.000829819302613084
"p266": 0.0001749959073537796
"p267": 1.8816764231589203E-05
"p268": 0.0006811668651835292
"p269": 0.0002615530228190899
"p270": 4.892358700213194E-05
"p271": 1.1290058538953523E-05
"p272": 0
"p273": 0
"p274": 0
"p275": 0
"p276": 0
"p277": 0
"p278": 0
"p279": 0
"p280": 0.0002728430813580435
"p281": 6.397699838740328E-05
"p282": 5.645029269476761E-06
"p283": 0
"p284": 2.6343469924224887E-05
"p285": 0
"p286": 0
"p287": 0
"p288": 0.0030276173648627032
"p289": 0.0011252425010490343
"p290": 0.00025402631712645424
"p291": 4.139688130949624E-05
"p292": 0.00033682007974544673
"p293": 7.526705692635683E-05
"p294": 5.645029269476761E-06
"p295": 0
"p296": 0.03960176200180267
"p297": 0.01819204765910045
"p298": 0.005093698077491199
"p299": 0.0007978308034193825
"p300": 0.014291332433892003
"p301": 0.005104988136030152
"p302": 0.0010575021498153132
"p303": 0.00010161052685058169
"p304": 0.0008392276847288785
"p305": 0.0003255300212064932
"p306": 5.833196911792653E-05
"p307": 1.1290058538953523E-05
"p308": 3.3870175616860565E-05
"p309": 0
"p310": 0
"p311": 0
"p312": 0.015113625030812452
"p313": 0.005806853441868428
"p314": 0.001230616380745934
