"p252": 0.010718028906313211
"p253": 0.004041840956945361
"p254": 0.0009144947416552353
"p255": 0.00012607232035164766
"p256": 0
"p257": 0
"p258": 0
"p259": 0
"p260": 0
"p261": 0
"p262": 0
"p263": 0
"p264": 5.080526342529085E-05
"p265": 5.645029269476761E-06
"p266": 0
"p267": 0
"p268": 0
"p269": 0
"p270": 0
"p271": 0
"p272": 5.645029269476761E-06
"p273": 0
"p274": 0
"p275": 0
"p276": 0
"p277": 0
"p278": 0
"p279": 0
"p280": 2.0698440654748128E-05
"p281": 0
"p282": 0
"p283": 0
"p284": 0
"p285": 0
"p286": 0
"p287": 0
"p288": 7.903040977267465E-05
"p289": 3.7633528463178407E-06
"p290": 0
"p291": 0
"p292": 0
"p293": 0
"p294": 0
"p295": 0
"p296": 0.0009540099465415725
"p297": 0.00016370584881482604
"p298": 5.645029269476761E-06
"p299": 0
"p300": 0.0006153081903729669
"p301": 8.27937626189925E-05
"p302": 5.645029269476761E-06
"p303": 0
"p304": 6.39769983874033E-05
"p305": 3.7633528463178407E-06
"p306": 0
"p307": 0
"p308": 1.6935087808430286E-05
"p309": 0
"p310": 0
"p311": 0
"p312": 0.00036880857893914834
"p313": 6.585867481056221E-05
"p314": 5.645029269476761E-06
