"p252": 0.0018064093662325633
"p253": 0.0005287510749076567
"p254": 7.526705692635681E-05
"p255": 1.8816764231589204E-06
"p256": 0.00018628596589273313
"p257": 4.139688130949625E-05
"p258": 5.645029269476761E-06
"p259": 0
"p260": 0.00023332787647170614
"p261": 4.892358700213193E-05
"p262": 5.645029269476761E-06
"p263": 0
"p264": 9.032046831162818E-05
"p265": 1.8816764231589203E-05
"p266": 0
"p267": 0
"p268": 0.00031423996266753966
"p269": 4.516023415581409E-05
"p270": 0
"p271": 0
"p272": 0
"p273": 0
"p274": 0
"p275": 0
"p276": 0
"p277": 0
"p278": 0
"p279": 0
"p280": 0
"p281": 0
"p282": 0
"p283": 0
"p284": 0
"p285": 0
"p286": 0
"p287": 0
"p288": 0.00043090390090339274
"p289": 5.8331969117926534E-05
"p290": 5.645029269476761E-06
"p291": 0
"p292": 0.0009784717400426386
"p293": 0.00016370584881482606
"p294": 5.645029269476761E-06
"p295": 0
"p296": 0.00010913723254321737
"p297": 1.6935087808430282E-05
"p298": 0
"p299": 0
"p300": 0.0003838619903244197
"p301": 4.8923587002131926E-05
"p302": 0
"p303": 0
"p304": 5.2686939848449775E-05
"p305": 0
"p306": 0
"p307": 0
"p308": 6.0213645541085445E-05
"p309": 5.645029269476761E-06
"p310": 0
"p311": 0
"p312": 3.7633528463178407E-06
"p313": 3.7633528463178407E-06
"p314": 0
