"p252": 0.0017687758377693849
"p253": 0.0004873541935981604
"p254": 5.833196911792653E-05
"p255": 5.645029269476761E-06
"p256": 0.002120649328900104
"p257": 0.0007884224213035877
"p258": 0.00015429746669903146
"p259": 7.5267056926356815E-06
"p260": 0
"p261": 0
"p262": 0
"p263": 0
"p264": 0.00324024680067966
"p265": 0.0008561627725373088
"p266": 0.00011290058538953523
"p267": 7.5267056926356815E-06
"p268": 0.0012569598506701586
"p269": 0.0002446179350106596
"p270": 2.258011707790704E-05
"p271": 0
"p272": 0.0022053247679422548
"p273": 0.0009295481530405065
"p274": 0.00022580117077907044
"p275": 4.139688130949624E-05
"p276": 1.88167642315892E-05
"p277": 0
"p278": 0
"p279": 0
"p280": 0.005264930631998659
"p281": 0.001699153810112505
"p282": 0.0002973048748591094
"p283": 4.139688130949624E-05
"p284": 0.0018421612182725829
"p285": 0.00048359084075184255
"p286": 3.7633528463178407E-05
"p287": 0
"p288": 0.0010687922083542666
"p289": 0.0002709614049348845
"p290": 3.0106822770542726E-05
"p291": 0
"p292": 0
"p293": 0
"p294": 0
"p295": 0
"p296": 0.0007884224213035877
"p297": 0.00019004931873905094
"p298": 2.2580117077907045E-05
"p299": 0
"p300": 0.00031423996266753966
"p301": 6.209532196424438E-05
"p302": 0
"p303": 0
"p304": 0.0023652672639107625
"p305": 0.0008185292440741304
"p306": 0.00013548070246744226
"p307": 0
"p308": 0
"p309": 0
"p310": 0
"p311": 0
"p312": 0.0018590963060810127
"p313": 0.00045348401798129976
"p314": 7.150370408003898E-05
