"p252": 0.0024442976736834374
"p253": 0.0006510600424129865
"p254": 0.00010537387969689954
"p255": 2.4461793501065966E-05
"p256": 0.0002559079935496131
"p257": 2.2580117077907042E-05
"p258": 0
"p259": 0
"p260": 3.3870175616860565E-05
"p261": 0
"p262": 0
"p263": 0
"p264": 0.005838841941062132
"p265": 0.0018854397760052382
"p266": 0.0003744536082086252
"p267": 3.7633528463178407E-05
"p268": 0.001398085582407078
"p269": 0.00036692690251598946
"p270": 3.7633528463178407E-05
"p271": 0
"p272": 1.1290058538953523E-05
"p273": 0
"p274": 0
"p275": 0
"p276": 0
"p277": 0
"p278": 0
"p279": 0
"p280": 6.962202765688006E-05
"p281": 3.7633528463178407E-06
"p282": 0
"p283": 0
"p284": 0
"p285": 0
"p286": 0
"p287": 0
"p288": 0.00017123255450746173
"p289": 2.4461793501065963E-05
"p290": 0
"p291": 0
"p292": 0
"p293": 0
"p294": 0
"p295": 0
"p296": 0.004171676630143327
"p297": 0.0011214791482027165
"p298": 0.00019381267158536877
"p299": 4.516023415581408E-05
"p300": 0.0010198686213521348
"p301": 0.0001956943480085277
"p302": 0
"p303": 0
"p304": 0.000308594933398063
"p305": 9.596549758110493E-05
"p306": 1.505341138527136E-05
"p307": 0
"p308": 0
"p309": 0
"p310": 0
"p311": 0
"p312": 0.00827937626189925
"p313": 0.002677625550155143
"p314": 0.00047418245863604794
