"p252": 0.004152859865911737
"p253": 0.0014300740816007794
"p254": 0.000235209552894865
"p255": 1.6935087808430286E-05
"p256": 6.39769983874033E-05
"p257": 3.7633528463178407E-06
"p258": 0
"p259": 0
"p260": 1.6935087808430286E-05
"p261": 0
"p262": 0
"p263": 0
"p264": 0.0002897781691664737
"p265": 6.021364554108546E-05
"p266": 5.645029269476761E-06
"p267": 0
"p268": 0.00040644210740232675
"p269": 6.585867481056221E-05
"p270": 5.645029269476761E-06
"p271": 0
"p272": 0
"p273": 0
"p274": 0
"p275": 0
"p276": 0
"p277": 0
"p278": 0
"p279": 0
"p280": 0
"p281": 0
"p282": 0
"p283": 0
"p284": 0
"p285": 0
"p286": 0
"p287": 0
"p288": 5.645029269476761E-05
"p289": 3.7633528463178407E-06
"p290": 0
"p291": 0
"p292": 0
"p293": 0
"p294": 0
"p295": 0
"p296": 0.0010687922083542668
"p297": 0.0001693508780843028
"p298": 5.645029269476761E-06
"p299": 0
"p300": 0.0005626212505245172
"p301": 5.8331969117926534E-05
"p302": 5.645029269476761E-06
"p303": 0
"p304": 3.575185204001949E-05
"p305": 7.5267056926356815E-06
"p306": 0
"p307": 0
"p308": 0
"p309": 0
"p310": 0
"p311": 0
"p312": 7.714873334951573E-05
"p313": 5.645029269476761E-06
"p314": 0
