"p252": 0.0018685046881968077
"p253": 0.0006228348960656026
"p254": 7.714873334951574E-05
"p255": 3.7633528463178407E-06
"p256": 0.0013171734962112442
"p257": 0.00040644210740232675
"p258": 7.150370408003898E-05
"p259": 5.645029269476761E-06
"p260": 0.0014131389937923494
"p261": 0.000541922809869769
"p262": 8.655711546531032E-05
"p263": 5.645029269476761E-06
"p264": 0.0007940674505730643
"p265": 0.0001486524374295547
"p266": 1.3171734962112442E-05
"p267": 0
"p268": 0.0007188003936467076
"p269": 0.00010349220327374063
"p270": 1.5053411385271363E-05
"p271": 0
"p272": 0.0036636239958904183
"p273": 0.00139432222956076
"p274": 0.00027284308135804345
"p275": 1.6935087808430282E-05
"p276": 0.0030483158055174516
"p277": 0.0013867955238681241
"p278": 0.0003349384033222878
"p279": 1.6935087808430282E-05
"p280": 0.0028789649274331484
"p281": 0.0009050863595394406
"p282": 3.951520488633733E-05
"p283": 1.8816764231589204E-06
"p284": 0.002291881883407565
"p285": 0.0005776746619097885
"p286": 3.5751852040019496E-05
"p287": 1.8816764231589204E-06
"p288": 0.00023520955289486504
"p289": 7.33853805031979E-05
"p290": 1.3171734962112444E-05
"p291": 0
"p292": 0.00031988499193701646
"p293": 0.0001016105268505817
"p294": 1.8816764231589203E-05
"p295": 0
"p296": 8.27937626189925E-05
"p297": 1.8816764231589203E-05
"p298": 1.8816764231589204E-06
"p299": 0
"p300": 6.774035123372113E-05
"p301": 1.5053411385271363E-05
"p302": 1.8816764231589204E-06
"p303": 0
"p304": 0.0010424487384300416
"p305": 0.0002747247577812024
"p306": 3.0106822770542726E-05
"p307": 0
"p308": 0.0018101727190788812
"p309": 0.0006717584830677346
"p310": 8.655711546531033E-05
"p311": 0
"p312": 0.00019569434800852776
"p313": 6.0213645541085445E-05
"p314": 7.5267056926356815E-06
