"p252": 0.00245746940864555
"p253": 0.000829819302613084
"p254": 0.00013171734962112442
"p255": 5.645029269476761E-06
"p256": 0.00034434678543808234
"p257": 7.903040977267466E-05
"p258": 5.645029269476761E-06
"p259": 0
"p260": 0
"p261": 0
"p262": 0
"p263": 0
"p264": 0.0002577896699727721
"p265": 3.575185204001949E-05
"p266": 0
"p267": 0
"p268": 0.000613426513949808
"p269": 9.784717400426387E-05
"p270": 5.645029269476761E-06
"p271": 0
"p272": 0.0001674692016611439
"p273": 4.1396881309496255E-05
"p274": 5.645029269476761E-06
"p275": 0
"p276": 2.2580117077907045E-05
"p277": 0
"p278": 0
"p279": 0
"p280": 0.00015053411385271363
"p281": 2.6343469924224887E-05
"p282": 0
"p283": 0
"p284": 0.00047982748790552474
"p285": 8.655711546531033E-05
"p286": 5.645029269476761E-06
"p287": 0
"p288": 0.000306713256974904
"p289": 4.5160234155814084E-05
"p290": 0
"p291": 0
"p292": 0
"p293": 0
"p294": 0
"p295": 0
"p296": 0.00014300740816007796
"p297": 2.069844065474812E-05
"p298": 0
"p299": 0
"p300": 0.00021262943581695792
"p301": 2.0698440654748124E-05
"p302": 0
"p303": 0
"p304": 6.962202765688005E-05
"p305": 5.645029269476761E-06
"p306": 0
"p307": 0
"p308": 0
"p309": 0
"p310": 0
"p311": 0
"p312": 1.5053411385271363E-05
"p313": 3.7633528463178407E-06
"p314": 0
