"p252": 0.0034829830592671618
"p253": 0.000927666476617348
"p254": 0.00012230896750532985
"p255": 9.408382115794602E-06
"p256": 0.0001448890845832369
"p257": 2.0698440654748128E-05
"p258": 1.8816764231589204E-06
"p259": 0
"p260": 0
"p261": 0
"p262": 0
"p263": 0
"p264": 0.002647518727384601
"p265": 0.0008881512717310103
"p266": 0.00015053411385271363
"p267": 1.1290058538953523E-05
"p268": 0.00048547251717500153
"p269": 8.467543904215141E-05
"p270": 1.8816764231589204E-06
"p271": 0
"p272": 0.0008881512717310105
"p273": 0.00020886608297064017
"p274": 2.6343469924224884E-05
"p275": 0
"p276": 6.774035123372114E-05
"p277": 5.645029269476761E-06
"p278": 0
"p279": 0
"p280": 0.007972663004924347
"p281": 0.00301444562990059
"p282": 0.0006040181318340133
"p283": 3.575185204001948E-05
"p284": 0.0024235992330286895
"p285": 0.0006717584830677345
"p286": 7.714873334951573E-05
"p287": 1.8816764231589204E-06
"p288": 3.010682277054273E-05
"p289": 3.7633528463178407E-06
"p290": 0
"p291": 0
"p292": 0
"p293": 0
"p294": 0
"p295": 0
"p296": 0.0005325144277539745
"p297": 0.00016746920166114395
"p298": 3.198849919370165E-05
"p299": 0
"p300": 8.279376261899248E-05
"p301": 3.76335284631784E-06
"p302": 0
"p303": 0
"p304": 0.0003499918147075592
"p305": 0.000141125731736919
"p306": 2.2580117077907045E-05
"p307": 0
"p308": 0
"p309": 0
"p310": 0
"p311": 0
"p312": 0.002653163756654077
"p313": 0.0009032046831162818
"p314": 0.00011290058538953522
