"p252": 0.013292162253194613
"p253": 0.004869778583135285
"p254": 0.0008128842148046536
"p255": 2.8225146347383808E-05
"p256": 7.714873334951573E-05
"p257": 1.5053411385271361E-05
"p258": 0
"p259": 0
"p260": 8.091208619583357E-05
"p261": 3.7633528463178407E-06
"p262": 0
"p263": 0
"p264": 0.00024461793501065964
"p265": 5.268693984844977E-05
"p266": 5.645029269476761E-06
"p267": 0
"p268": 0.0003970337252865322
"p269": 6.774035123372113E-05
"p270": 5.645029269476761E-06
"p271": 0
"p272": 0
"p273": 0
"p274": 0
"p275": 0
"p276": 0
"p277": 0
"p278": 0
"p279": 0
"p280": 0
"p281": 0
"p282": 0
"p283": 0
"p284": 0
"p285": 0
"p286": 0
"p287": 0
"p288": 3.3870175616860565E-05
"p289": 1.8816764231589204E-06
"p290": 0
"p291": 0
"p292": 5.645029269476761E-05
"p293": 3.7633528463178407E-06
"p294": 0
"p295": 0
"p296": 0.0004948808992907961
"p297": 6.39769983874033E-05
"p298": 5.645029269476761E-06
"p299": 0
"p300": 0.0011139524425100807
"p301": 0.00016370584881482606
"p302": 5.645029269476761E-06
"p303": 0
"p304": 3.9515204886337324E-05
"p305": 7.5267056926356815E-06
"p306": 0
"p307": 0
"p308": 3.575185204001949E-05
"p309": 7.5267056926356815E-06
"p310": 0
"p311": 0
"p312": 5.2686939848449775E-05
"p313": 0
"p314": 0
