"p252": 0.002402900792373941
"p253": 0.0008166475676509715
"p254": 8.27937626189925E-05
"p255": 5.645029269476761E-06
"p256": 0.0003443467854380824
"p257": 7.526705692635681E-05
"p258": 5.645029269476761E-06
"p259": 0
"p260": 0.0006472966895666686
"p261": 0.00019004931873905094
"p262": 2.0698440654748124E-05
"p263": 0
"p264": 4.139688130949625E-05
"p265": 1.8816764231589204E-06
"p266": 0
"p267": 0
"p268": 8.091208619583358E-05
"p269": 0
"p270": 0
"p271": 0
"p272": 0.00038198031390126086
"p273": 0.0001016105268505817
"p274": 1.1290058538953523E-05
"p275": 0
"p276": 0.0004271405480570749
"p277": 0.00012042729108217089
"p278": 2.2580117077907045E-05
"p279": 0
"p280": 6.962202765688003E-05
"p281": 3.198849919370165E-05
"p282": 0
"p283": 0
"p284": 0.00019757602443168663
"p285": 6.962202765688005E-05
"p286": 0
"p287": 0
"p288": 0.0031781514787154164
"p289": 0.0009483649172720957
"p290": 0.0001392440553137601
"p291": 7.5267056926356815E-06
"p292": 0.002865793192471036
"p293": 0.0009822350928889566
"p294": 0.00017311423093062066
"p295": 7.5267056926356815E-06
"p296": 0.0016050699889545586
"p297": 0.00028789649274331484
"p298": 7.5267056926356815E-06
"p299": 0
"p300": 0.0007150370408003898
"p301": 8.279376261899248E-05
"p302": 0
"p303": 0
"p304": 0.004433229652962417
"p305": 0.0015561464019524269
"p306": 0.00030671325697490394
"p307": 4.139688130949624E-05
"p308": 0.0035620134690398375
"p309": 0.0014300740816007792
"p310": 0.00032364834478333426
"p311": 4.139688130949624E-05
"p312": 0.0029523503079363464
"p313": 0.0008636894782299443
"p314": 8.467543904215141E-05
