"p252": 0.011880904935825425
"p253": 0.003912005283747396
"p254": 0.0006981019529919595
"p255": 5.080526342529086E-05
"p256": 0.002782999429852043
"p257": 0.0012268530278996162
"p258": 0.0002897781691664737
"p259": 1.6935087808430282E-05
"p260": 0.0019550618036621183
"p261": 0.0007733690099183163
"p262": 0.0001787592602000974
"p263": 3.0106822770542726E-05
"p264": 0.013190551726344034
"p265": 0.006058998082571723
"p266": 0.0016539935759566913
"p267": 0.0002145111122401169
"p268": 0.012040847431793934
"p269": 0.0060307729362243405
"p270": 0.0018252261304641526
"p271": 0.0003481101382844003
"p272": 0
"p273": 0
"p274": 0
"p275": 0
"p276": 0.00013548070246744223
"p277": 3.3870175616860565E-05
"p278": 0
"p279": 0
"p280": 2.8225146347383805E-05
"p281": 5.645029269476761E-06
"p282": 0
"p283": 0
"p284": 0.00016746920166114393
"p285": 4.1396881309496255E-05
"p286": 5.645029269476761E-06
"p287": 0
"p288": 0.0010499754441226777
"p289": 0.00034622846186124133
"p290": 6.209532196424438E-05
"p291": 0
"p292": 0.0012851849970175425
"p293": 0.00043090390090339274
"p294": 9.408382115794602E-05
"p295": 1.6935087808430282E-05
"p296": 0.01269002579778376
"p297": 0.004873541935981603
"p298": 0.0011045440603942862
"p299": 0.0001204272910821709
"p300": 0.016349886440827865
"p301": 0.007140962025888104
"p302": 0.0018835580995820791
"p303": 0.00022956452362538827
"p304": 0.001085727296162697
"p305": 0.00037069025536230727
"p306": 5.645029269476761E-05
"p307": 0
"p308": 0.0015599097547987447
"p309": 0.0006134265139498079
"p310": 0.00013359902604428333
"p311": 1.8816764231589203E-05
"p312": 0.010625826761578425
"p313": 0.0036259904674272392
"p314": 0.0007075103351077539
