"p252": 0.0005475678391392458
"p253": 0.00018440428946957417
"p254": 1.5053411385271363E-05
"p255": 0
"p256": 0.0025459082005340186
"p257": 0.0008147658912278125
"p258": 0.0001279539967748066
"p259": 7.5267056926356815E-06
"p260": 0.002120649328900104
"p261": 0.0007884224213035877
"p262": 0.00015429746669903146
"p263": 7.5267056926356815E-06
"p264": 0.0014639442572176398
"p265": 0.0002766064342043613
"p266": 7.5267056926356815E-06
"p267": 0
"p268": 0.0007150370408003897
"p269": 8.279376261899248E-05
"p270": 0
"p271": 0
"p272": 0.003394544267378692
"p273": 0.0012513148214006817
"p274": 0.0002577896699727721
"p275": 4.139688130949624E-05
"p276": 0.0021413477695548513
"p277": 0.0009295481530405065
"p278": 0.00022580117077907044
"p279": 4.139688130949624E-05
"p280": 0.002749129254235183
"p281": 0.0008335826554594016
"p282": 8.467543904215141E-05
"p283": 0
"p284": 0.0013209368490575617
"p285": 0.0003217666683601754
"p286": 2.634346992422488E-05
"p287": 0
"p288": 0.0009069680359625994
"p289": 0.00019945770085484554
"p290": 2.2580117077907045E-05
"p291": 0
"p292": 0.0010687922083542666
"p293": 0.0002709614049348845
"p294": 3.0106822770542726E-05
"p295": 0
"p296": 0.00019945770085484557
"p297": 3.1988499193701654E-05
"p298": 0
"p299": 0
"p300": 5.080526342529085E-05
"p301": 2.0698440654748124E-05
"p302": 0
"p303": 0
"p304": 0.001921191628045257
"p305": 0.0005080526342529086
"p306": 6.021364554108546E-05
"p307": 0
"p308": 0.0023351604411402196
"p309": 0.0008110025383814947
"p310": 0.00013548070246744226
"p311": 0
"p312": 0.0003443467854380824
"p313": 6.39769983874033E-05
"p314": 1.1290058538953521E-05
