"p252": 0.003981627311404275
"p253": 0.0012851849970175427
"p254": 0.00020886608297064017
"p255": 1.1290058538953523E-05
"p256": 7.5267056926356815E-06
"p257": 0
"p258": 0
"p259": 0
"p260": 0
"p261": 0
"p262": 0
"p263": 0
"p264": 1.3171734962112444E-05
"p265": 0
"p266": 0
"p267": 0
"p268": 1.3171734962112442E-05
"p269": 7.5267056926356815E-06
"p270": 0
"p271": 0
"p272": 0
"p273": 0
"p274": 0
"p275": 0
"p276": 0
"p277": 0
"p278": 0
"p279": 0
"p280": 0
"p281": 0
"p282": 0
"p283": 0
"p284": 0
"p285": 0
"p286": 0
"p287": 0
"p288": 0.0008110025383814947
"p289": 0.00015994249596850823
"p290": 1.1290058538953523E-05
"p291": 0
"p292": 2.2580117077907045E-05
"p293": 0
"p294": 0
"p295": 0
"p296": 0.0005870830440255831
"p297": 8.467543904215141E-05
"p298": 0
"p299": 0
"p300": 0.0012230896750532983
"p301": 0.00019004931873905094
"p302": 1.1290058538953523E-05
"p303": 0
"p304": 4.516023415581409E-05
"p305": 5.645029269476761E-06
"p306": 0
"p307": 0
"p308": 0
"p309": 0
"p310": 0
"p311": 0
"p312": 2.8225146347383808E-05
"p313": 0
"p314": 0
