"p252": 0.007037469822614363
"p253": 0.0022486033256749094
"p254": 0.000378216961054943
"p255": 2.2580117077907045E-05
"p256": 0.00019381267158536877
"p257": 3.387017561686056E-05
"p258": 0
"p259": 0
"p260": 0.00015617914312219037
"p261": 2.634346992422488E-05
"p262": 0
"p263": 0
"p264": 0.0035450783812314064
"p265": 0.0010123419156594991
"p266": 0.00013548070246744226
"p267": 7.5267056926356815E-06
"p268": 0.0023633855874876045
"p269": 0.0008222925969204483
"p270": 0.00015429746669903146
"p271": 7.5267056926356815E-06
"p272": 0.0008881512717310104
"p273": 0.0002088660829706401
"p274": 2.634346992422488E-05
"p275": 0
"p276": 0.000353755167553877
"p277": 3.76335284631784E-05
"p278": 0
"p279": 0
"p280": 0.005518956949125114
"p281": 0.001830871159733629
"p282": 0.0003161216390906985
"p283": 4.139688130949624E-05
"p284": 0.0032891703876817935
"p285": 0.0012174446457838216
"p286": 0.0002521446407032953
"p287": 4.139688130949624E-05
"p288": 1.6935087808430282E-05
"p289": 0
"p290": 0
"p291": 0
"p292": 2.0698440654748124E-05
"p293": 5.6450292694767605E-06
"p294": 0
"p295": 0
"p296": 0.0010687922083542664
"p297": 0.00021074775939379907
"p298": 2.2580117077907045E-05
"p299": 0
"p300": 0.0010913723254321738
"p301": 0.0002709614049348845
"p302": 3.0106822770542726E-05
"p303": 0
"p304": 9.784717400426385E-05
"p305": 2.2580117077907042E-05
"p306": 0
"p307": 0
"p308": 0.0002163927886632758
"p309": 7.338538050319788E-05
"p310": 1.505341138527136E-05
"p311": 0
"p312": 0.0021865080037106657
"p313": 0.0005381594570234512
"p314": 6.021364554108546E-05
