"p315": 0
"p316": 0.0003180033155138575
"p317": 5.456861627160869E-05
"p318": 0
"p319": 0
"p320": 0.0001505341138527136
"p321": 1.8816764231589203E-05
"p322": 0
"p323": 0
"p324": 0
"p325": 0
"p326": 0
"p327": 0
"p328": 0.00043843060659602847
"p329": 4.1396881309496255E-05
"p330": 0
"p331": 0
"p332": 9.784717400426387E-05
"p333": 2.2580117077907045E-05
"p334": 0
"p335": 0
"p336": 0
"p337": 0
"p338": 0
"p339": 0
"p340": 0
"p341": 0
"p342": 0
"p343": 0
"p344": 3.3870175616860565E-05
"p345": 0
"p346": 0
"p347": 0
"p348": 0
"p349": 0
"p350": 0
"p351": 0
"p352": 0.000777132362764634
"p353": 0.00016558752523798497
"p354": 2.2580117077907045E-05
"p355": 0
"p356": 0.00012419064392848873
"p357": 1.5053411385271363E-05
"p358": 0
"p359": 0
"p360": 0.010507281146919413
"p361": 0.0030671325697490402
"p362": 0.0005569762212550404
"p363": 8.27937626189925E-05
"p364": 0.00786164409595797
"p365": 0.0024273625858750062
"p366": 0.0004290222244802338
"p367": 1.5053411385271363E-05
"p368": 0.0001505341138527136
"p369": 6.021364554108545E-05
"p370": 1.1290058538953523E-05
"p371": 0
"p372": 3.7633528463178407E-06
"p373": 0
"p374": 0
"p375": 0
"p376": 0.0023389237939865377
"p377": 0.0005494495155624048
