"p315": 0
"p316": 5.080526342529086E-05
"p317": 0
"p318": 0
"p319": 0
"p320": 5.080526342529085E-05
"p321": 5.645029269476761E-06
"p322": 0
"p323": 0
"p324": 0
"p325": 0
"p326": 0
"p327": 0
"p328": 2.2580117077907045E-05
"p329": 0
"p330": 0
"p331": 0
"p332": 9.408382115794602E-06
"p333": 0
"p334": 0
"p335": 0
"p336": 2.2580117077907045E-05
"p337": 0
"p338": 0
"p339": 0
"p340": 0
"p341": 0
"p342": 0
"p343": 0
"p344": 1.6935087808430282E-05
"p345": 0
"p346": 0
"p347": 0
"p348": 2.2580117077907045E-05
"p349": 3.7633528463178407E-06
"p350": 0
"p351": 0
"p352": 0.0005983731025645366
"p353": 0.00011666393823585308
"p354": 1.1290058538953523E-05
"p355": 0
"p356": 0
"p357": 0
"p358": 0
"p359": 0
"p360": 0.0002747247577812024
"p361": 5.456861627160869E-05
"p362": 5.645029269476761E-06
"p363": 0
"p364": 0.0005325144277539745
"p365": 9.408382115794603E-05
"p366": 5.645029269476761E-06
"p367": 0
"p368": 0.0003274116976296521
"p369": 6.962202765688006E-05
"p370": 5.645029269476761E-06
"p371": 0
"p372": 1.6935087808430286E-05
"p373": 0
"p374": 0
"p375": 0
"p376": 0.0001599424959685082
"p377": 2.8225146347383808E-05
