"p315": 0
"p316": 0.0009370748587331425
"p317": 0.0002201561415095937
"p318": 1.3171734962112442E-05
"p319": 0
"p320": 0.0006849302180298469
"p321": 0.0001975760244316866
"p322": 2.0698440654748128E-05
"p323": 0
"p324": 0.0005306327513308156
"p325": 0.00013548070246744226
"p326": 2.2580117077907045E-05
"p327": 0
"p328": 0.0031066477746353777
"p329": 0.0010537387969689956
"p330": 0.00017875926020009743
"p331": 7.5267056926356815E-06
"p332": 0.003791577992665225
"p333": 0.0014488908458323683
"p334": 0.0003180033155138575
"p335": 4.1396881309496255E-05
"p336": 0
"p337": 0
"p338": 0
"p339": 0
"p340": 1.1290058538953523E-05
"p341": 0
"p342": 0
"p343": 0
"p344": 0
"p345": 0
"p346": 0
"p347": 0
"p348": 1.5053411385271363E-05
"p349": 0
"p350": 0
"p351": 0
"p352": 0.0002540263171264543
"p353": 3.0106822770542726E-05
"p354": 0
"p355": 0
"p356": 0.00042337719521075713
"p357": 7.903040977267466E-05
"p358": 0
"p359": 0
"p360": 0.004226245246414935
"p361": 0.001038685385583724
"p362": 0.0001298356731979655
"p363": 7.5267056926356815E-06
"p364": 0.007186122260043918
"p365": 0.0020641990362053357
"p366": 0.0003405834325917646
"p367": 4.1396881309496255E-05
"p368": 0.00026907972851172553
"p369": 5.645029269476761E-05
"p370": 5.645029269476761E-06
"p371": 0
"p372": 0.000333056726899129
"p373": 0.00012795399677480656
"p374": 1.1290058538953523E-05
"p375": 0
"p376": 0.0014808793450260703
"p377": 0.00027284308135804345
