"p315": 0
"p316": 6.962202765688006E-05
"p317": 3.7633528463178407E-06
"p318": 0
"p319": 0
"p320": 0.0011628760295122123
"p321": 0.00029354152201279153
"p322": 2.8225146347383808E-05
"p323": 1.8816764231589204E-06
"p324": 0.000899441330269964
"p325": 0.0002446179350106596
"p326": 2.8225146347383808E-05
"p327": 1.8816764231589204E-06
"p328": 0.0008618078018067855
"p329": 0.0001016105268505817
"p330": 7.5267056926356815E-06
"p331": 0
"p332": 0.0005795563383329474
"p333": 6.209532196424438E-05
"p334": 3.7633528463178407E-06
"p335": 0
"p336": 0
"p337": 0
"p338": 0
"p339": 0
"p340": 5.645029269476761E-06
"p341": 0
"p342": 0
"p343": 0
"p344": 0
"p345": 0
"p346": 0
"p347": 0
"p348": 0
"p349": 0
"p350": 0
"p351": 0
"p352": 0.001399967258830237
"p353": 0.0002709614049348845
"p354": 2.6343469924224887E-05
"p355": 1.8816764231589204E-06
"p356": 0.0017179705743440945
"p357": 0.0003142399626675397
"p358": 3.575185204001949E-05
"p359": 1.8816764231589204E-06
"p360": 0.0004290222244802338
"p361": 8.27937626189925E-05
"p362": 1.8816764231589204E-06
"p363": 0
"p364": 0.0002239194943559115
"p365": 4.327855773265517E-05
"p366": 0
"p367": 0
"p368": 0.0006849302180298469
"p369": 0.00013548070246744229
"p370": 0
"p371": 0
"p372": 0.0008505177432678319
"p373": 0.00011290058538953522
"p374": 3.7633528463178407E-06
"p375": 0
"p376": 0.0002540263171264543
"p377": 1.3171734962112444E-05
