"p315": 0
"p316": 0
"p317": 0
"p318": 0
"p319": 0
"p320": 0.00026343469924224885
"p321": 5.456861627160869E-05
"p322": 5.645029269476761E-06
"p323": 0
"p324": 0.0005419228098697691
"p325": 0.00013171734962112442
"p326": 1.6935087808430286E-05
"p327": 0
"p328": 5.080526342529086E-05
"p329": 1.1290058538953523E-05
"p330": 0
"p331": 0
"p332": 0.000212629435816958
"p333": 3.3870175616860565E-05
"p334": 0
"p335": 0
"p336": 0.00024273625858750074
"p337": 6.585867481056221E-05
"p338": 5.645029269476761E-06
"p339": 0
"p340": 0.00031988499193701646
"p341": 7.526705692635683E-05
"p342": 5.645029269476761E-06
"p343": 0
"p344": 6.021364554108545E-05
"p345": 1.6935087808430286E-05
"p346": 0
"p347": 0
"p348": 0.00029165984558963265
"p349": 6.209532196424438E-05
"p350": 0
"p351": 0
"p352": 0.0001580608195453493
"p353": 5.645029269476761E-06
"p354": 0
"p355": 0
"p356": 0.00045724737082761767
"p357": 3.387017561686057E-05
"p358": 0
"p359": 0
"p360": 1.1290058538953523E-05
"p361": 1.8816764231589204E-06
"p362": 0
"p363": 0
"p364": 2.2580117077907045E-05
"p365": 5.645029269476761E-06
"p366": 0
"p367": 0
"p368": 7.338538050319791E-05
"p369": 0
"p370": 0
"p371": 0
"p372": 0.0001298356731979655
"p373": 5.645029269476761E-06
"p374": 0
"p375": 0
"p376": 5.645029269476761E-06
"p377": 1.8816764231589204E-06
