"p315": 0
"p316": 2.0698440654748124E-05
"p317": 0
"p318": 0
"p319": 0
"p320": 0.00015053411385271363
"p321": 1.8816764231589203E-05
"p322": 0
"p323": 0
"p324": 1.1290058538953523E-05
"p325": 0
"p326": 0
"p327": 0
"p328": 0.002481931202146616
"p329": 0.000541922809869769
"p330": 6.39769983874033E-05
"p331": 3.7633528463178407E-06
"p332": 0.0007808957156109518
"p333": 0.00010537387969689952
"p334": 3.7633528463178407E-06
"p335": 0
"p336": 0
"p337": 0
"p338": 0
"p339": 0
"p340": 0
"p341": 0
"p342": 0
"p343": 0
"p344": 5.645029269476761E-06
"p345": 0
"p346": 0
"p347": 0
"p348": 0
"p349": 0
"p350": 0
"p351": 0
"p352": 8.091208619583357E-05
"p353": 1.5053411385271363E-05
"p354": 0
"p355": 0
"p356": 0
"p357": 0
"p358": 0
"p359": 0
"p360": 0.002863911516047876
"p361": 0.0005532128684087225
"p362": 6.39769983874033E-05
"p363": 3.7633528463178407E-06
"p364": 0.000521224369215021
"p365": 3.76335284631784E-05
"p366": 0
"p367": 0
"p368": 0.00015241579027587253
"p369": 4.139688130949625E-05
"p370": 0
"p371": 0
"p372": 0
"p373": 0
"p374": 0
"p375": 0
"p376": 0.001448890845832369
"p377": 0.00018816764231589203
