"p315": 0
"p316": 0.00042714054805707494
"p317": 8.091208619583357E-05
"p318": 7.5267056926356815E-06
"p319": 0
"p320": 0.0002201561415095937
"p321": 5.080526342529086E-05
"p322": 0
"p323": 0
"p324": 0.00013548070246744226
"p325": 3.3870175616860565E-05
"p326": 0
"p327": 0
"p328": 0.0002088660829706401
"p329": 0
"p330": 0
"p331": 0
"p332": 8.091208619583358E-05
"p333": 0
"p334": 0
"p335": 0
"p336": 0
"p337": 0
"p338": 0
"p339": 0
"p340": 0
"p341": 0
"p342": 0
"p343": 0
"p344": 0
"p345": 0
"p346": 0
"p347": 0
"p348": 0
"p349": 0
"p350": 0
"p351": 0
"p352": 0.00018064093662325636
"p353": 1.6935087808430282E-05
"p354": 0
"p355": 0
"p356": 0.00022768284720222937
"p357": 1.6935087808430282E-05
"p358": 0
"p359": 0
"p360": 4.8923587002131926E-05
"p361": 5.645029269476761E-06
"p362": 0
"p363": 0
"p364": 2.2580117077907045E-05
"p365": 3.7633528463178407E-06
"p366": 0
"p367": 0
"p368": 0.00021262943581695798
"p369": 3.3870175616860565E-05
"p370": 0
"p371": 0
"p372": 0.0002464996114338185
"p373": 1.6935087808430282E-05
"p374": 0
"p375": 0
"p376": 8.655711546531035E-05
"p377": 5.645029269476761E-06
