"p315": 0
"p316": 0.0003631635496696717
"p317": 4.516023415581409E-05
"p318": 0
"p319": 0
"p320": 0
"p321": 0
"p322": 0
"p323": 0
"p324": 3.7633528463178407E-06
"p325": 0
"p326": 0
"p327": 0
"p328": 9.032046831162818E-05
"p329": 1.3171734962112442E-05
"p330": 0
"p331": 0
"p332": 0.00033493840332228785
"p333": 3.7633528463178407E-05
"p334": 3.7633528463178407E-06
"p335": 0
"p336": 3.7633528463178407E-06
"p337": 0
"p338": 0
"p339": 0
"p340": 4.516023415581409E-05
"p341": 7.5267056926356815E-06
"p342": 0
"p343": 0
"p344": 0.00010913723254321738
"p345": 1.5053411385271363E-05
"p346": 0
"p347": 0
"p348": 0.0001693508780843028
"p349": 1.8816764231589203E-05
"p350": 0
"p351": 0
"p352": 9.032046831162818E-05
"p353": 1.3171734962112442E-05
"p354": 0
"p355": 0
"p356": 0.00010913723254321738
"p357": 1.5053411385271363E-05
"p358": 0
"p359": 0
"p360": 0.001941890068700006
"p361": 0.0004290222244802338
"p362": 2.8225146347383808E-05
"p363": 1.8816764231589204E-06
"p364": 0.00186474133535049
"p365": 0.00037633528463178407
"p366": 3.198849919370165E-05
"p367": 1.8816764231589204E-06
"p368": 0.00033493840332228785
"p369": 3.7633528463178407E-05
"p370": 3.7633528463178407E-06
"p371": 0
"p372": 0.00016935087808430283
"p373": 1.8816764231589203E-05
"p374": 0
"p375": 0
"p376": 0.00186474133535049
"p377": 0.00037633528463178407
