"p315": 0
"p316": 0.00024085458216434183
"p317": 4.8923587002131926E-05
"p318": 3.7633528463178407E-06
"p319": 0
"p320": 0.0023389237939865385
"p321": 0.0008486360668446731
"p322": 0.00015994249596850823
"p323": 7.5267056926356815E-06
"p324": 0.0022881185305612473
"p325": 0.0009257848001941887
"p326": 0.00022015614150959367
"p327": 4.1396881309496255E-05
"p328": 0.0011290058538953518
"p329": 0.00028789649274331484
"p330": 3.0106822770542726E-05
"p331": 0
"p332": 0.002579778376150879
"p333": 0.0008580444489604677
"p334": 0.00013548070246744226
"p335": 0
"p336": 0
"p337": 0
"p338": 0
"p339": 0
"p340": 1.8816764231589203E-05
"p341": 0
"p342": 0
"p343": 0
"p344": 0
"p345": 0
"p346": 0
"p347": 0
"p348": 0
"p349": 0
"p350": 0
"p351": 0
"p352": 0.0036222271145809216
"p353": 0.0009163764180783944
"p354": 0.00011854561465901197
"p355": 7.5267056926356815E-06
"p356": 0.006196360461462327
"p357": 0.0018760313938894434
"p358": 0.00031423996266753966
"p359": 4.1396881309496255E-05
"p360": 0.0008505177432678319
"p361": 0.00020322105370116337
"p362": 2.2580117077907045E-05
"p363": 0
"p364": 0.002075489094744289
"p365": 0.0004929992228676371
"p366": 7.150370408003898E-05
"p367": 0
"p368": 0.001319055172634403
"p369": 0.00024461793501065964
"p370": 2.2580117077907045E-05
"p371": 0
"p372": 0.0018365161890031064
"p373": 0.00048359084075184255
"p374": 3.7633528463178407E-05
"p375": 0
"p376": 0.00031988499193701646
"p377": 6.39769983874033E-05
