"p315": 0
"p316": 0.0003763352846317841
"p317": 7.714873334951574E-05
"p318": 1.8816764231589204E-06
"p319": 0
"p320": 0.00038009863747810204
"p321": 7.903040977267466E-05
"p322": 5.645029269476761E-06
"p323": 0
"p324": 0.0004553656944044588
"p325": 0.00010537387969689955
"p326": 1.1290058538953523E-05
"p327": 0
"p328": 0.0034641662950355727
"p329": 0.0010085785628131815
"p330": 0.00014488908458323686
"p331": 7.5267056926356815E-06
"p332": 0.00495257234575428
"p333": 0.0016878637515735514
"p334": 0.0003236483447833343
"p335": 4.1396881309496255E-05
"p336": 0.0007206820700698662
"p337": 0.0002051027301243223
"p338": 2.0698440654748128E-05
"p339": 0
"p340": 0.0005456861627160869
"p341": 0.00013548070246744226
"p342": 2.2580117077907045E-05
"p343": 0
"p344": 0.00311981950959749
"p345": 0.0010537387969689956
"p346": 0.00017875926020009743
"p347": 7.5267056926356815E-06
"p348": 0.003795341345511543
"p349": 0.0014601809043713217
"p350": 0.0003180033155138575
"p351": 4.1396881309496255E-05
"p352": 4.704191057897301E-05
"p353": 1.8816764231589204E-06
"p354": 0
"p355": 0
"p356": 9.032046831162815E-05
"p357": 3.7633528463178407E-05
"p358": 0
"p359": 0
"p360": 0.001763130808499908
"p361": 0.00029354152201279164
"p362": 7.5267056926356815E-06
"p363": 0
"p364": 0.0033531473860691965
"p365": 0.0008919146245773282
"p366": 8.467543904215143E-05
"p367": 0
"p368": 9.220214473478709E-05
"p369": 0
"p370": 0
"p371": 0
"p372": 0.0002201561415095937
"p373": 7.526705692635681E-05
"p374": 0
"p375": 0
"p376": 0.0007714873334951574
"p377": 8.279376261899251E-05
