"p315": 0
"p316": 0.0014187840230618256
"p317": 0.0003499918147075592
"p318": 2.6343469924224884E-05
"p319": 0
"p320": 0.0001938126715853688
"p321": 3.387017561686057E-05
"p322": 0
"p323": 0
"p324": 0.0008881512717310104
"p325": 0.00020886608297064014
"p326": 2.6343469924224884E-05
"p327": 0
"p328": 1.6935087808430286E-05
"p329": 0
"p330": 0
"p331": 0
"p332": 0.00010537387969689955
"p333": 2.2580117077907045E-05
"p334": 0
"p335": 0
"p336": 0.0001561791431221904
"p337": 2.6343469924224884E-05
"p338": 0
"p339": 0
"p340": 0.00035375516755387705
"p341": 3.7633528463178407E-05
"p342": 0
"p343": 0
"p344": 2.0698440654748124E-05
"p345": 5.645029269476761E-06
"p346": 0
"p347": 0
"p348": 0.00021639278866327578
"p349": 7.338538050319788E-05
"p350": 1.5053411385271363E-05
"p351": 0
"p352": 0.0038706084024379
"p353": 0.0010725555612005847
"p354": 0.00014112573173691902
"p355": 7.5267056926356815E-06
"p356": 0.006145555198037036
"p357": 0.001973878567893707
"p358": 0.00033305672689912887
"p359": 4.1396881309496255E-05
"p360": 0.0011252425010490343
"p361": 0.00022203781793275263
"p362": 2.2580117077907045E-05
"p363": 0
"p364": 0.002397255763104464
"p365": 0.0005720296326403118
"p366": 6.021364554108546E-05
"p367": 0
"p368": 0.0025816600525740393
"p369": 0.0008825062424615336
"p370": 0.00015994249596850823
"p371": 7.5267056926356815E-06
"p372": 0.003371964150300785
"p373": 0.0012136812929375038
"p374": 0.0002464996114338186
"p375": 4.1396881309496255E-05
"p376": 0.0011515859709732587
"p377": 0.00028789649274331484
