"p315": 0
"p316": 0.0001994577008548455
"p317": 4.139688130949625E-05
"p318": 3.7633528463178407E-06
"p319": 0
"p320": 0.0029805754542837305
"p321": 0.0009859984457352743
"p322": 0.0001862859658927331
"p323": 1.8816764231589203E-05
"p324": 5.645029269476761E-06
"p325": 0
"p326": 0
"p327": 0
"p328": 0.00223166823786648
"p329": 0.0006378883074508741
"p330": 0.00010725555612005845
"p331": 2.2580117077907045E-05
"p332": 0.004474626534271914
"p333": 0.0013002384084028135
"p334": 0.0001938126715853688
"p335": 7.5267056926356815E-06
"p336": 0.0018383978654262652
"p337": 0.0007018653058382772
"p338": 0.00015241579027587256
"p339": 1.8816764231589203E-05
"p340": 8.46754390421514E-05
"p341": 3.7633528463178407E-06
"p342": 0
"p343": 0
"p344": 0.001947535097969483
"p345": 0.0005795563383329475
"p346": 9.408382115794602E-05
"p347": 2.2580117077907045E-05
"p348": 0.0044539280936171655
"p349": 0.0016276501060324658
"p350": 0.00030671325697490405
"p351": 7.5267056926356815E-06
"p352": 0.0024988662899550467
"p353": 0.0006190715432192848
"p354": 6.962202765688006E-05
"p355": 0
"p356": 0
"p357": 0
"p358": 0
"p359": 0
"p360": 0.0011007807075479681
"p361": 0.0002803697870506791
"p362": 1.5053411385271365E-05
"p363": 0
"p364": 0.0016539935759566908
"p365": 0.00031612163909069865
"p366": 1.8816764231589203E-05
"p367": 0
"p368": 0.0012475514685543639
"p369": 0.00024273625858750074
"p370": 2.6343469924224884E-05
"p371": 0
"p372": 9.408382115794602E-06
"p373": 3.7633528463178407E-06
"p374": 0
"p375": 0
"p376": 0.0004064421074023268
"p377": 0.00010537387969689955
