"p315": 0
"p316": 0.0007733690099183163
"p317": 0.00018628596589273316
"p318": 1.3171734962112442E-05
"p319": 0
"p320": 7.5267056926356815E-06
"p321": 0
"p322": 0
"p323": 0
"p324": 0.00016182417239166713
"p325": 1.8816764231589203E-05
"p326": 0
"p327": 0
"p328": 0.00017123255450746176
"p329": 2.6343469924224884E-05
"p330": 0
"p331": 0
"p332": 0.00034622846186124133
"p333": 3.7633528463178407E-05
"p334": 0
"p335": 0
"p336": 0
"p337": 0
"p338": 0
"p339": 0
"p340": 0
"p341": 0
"p342": 0
"p343": 0
"p344": 0
"p345": 0
"p346": 0
"p347": 0
"p348": 3.3870175616860565E-05
"p349": 0
"p350": 0
"p351": 0
"p352": 0.000916376418078394
"p353": 0.00022768284720222937
"p354": 2.0698440654748128E-05
"p355": 0
"p356": 0.0009013230066931226
"p357": 0.00018064093662325633
"p358": 2.2580117077907045E-05
"p359": 0
"p360": 0.006924569237224826
"p361": 0.0020472639483969054
"p362": 0.00030859493339806287
"p363": 1.5053411385271363E-05
"p364": 0.010761307464045865
"p365": 0.003377609179570262
"p366": 0.0006585867481056221
"p367": 8.27937626189925E-05
"p368": 0.00018816764231589206
"p369": 5.645029269476761E-05
"p370": 5.645029269476761E-06
"p371": 0
"p372": 0.0001618241723916671
"p373": 6.021364554108545E-05
"p374": 1.1290058538953523E-05
"p375": 0
"p376": 0.0010085785628131813
"p377": 0.0002239194943559115
