"p315": 0
"p316": 0.00013548070246744226
"p317": 1.8816764231589204E-06
"p318": 0
"p319": 0
"p320": 0.0003180033155138576
"p321": 3.7633528463178407E-05
"p322": 3.7633528463178407E-06
"p323": 0
"p324": 0
"p325": 0
"p326": 0
"p327": 0
"p328": 6.209532196424438E-05
"p329": 3.7633528463178407E-06
"p330": 0
"p331": 0
"p332": 0.00010161052685058171
"p333": 5.645029269476761E-06
"p334": 0
"p335": 0
"p336": 0.0001505341138527136
"p337": 1.8816764231589203E-05
"p338": 0
"p339": 0
"p340": 0
"p341": 0
"p342": 0
"p343": 0
"p344": 8.091208619583357E-05
"p345": 1.5053411385271363E-05
"p346": 0
"p347": 0
"p348": 0.00015241579027587256
"p349": 4.139688130949625E-05
"p350": 0
"p351": 0
"p352": 0.001674692016611439
"p353": 0.0003462284618612414
"p354": 3.198849919370165E-05
"p355": 1.8816764231589204E-06
"p356": 0
"p357": 0
"p358": 0
"p359": 0
"p360": 0.001629531782455625
"p361": 0.0003029499041285862
"p362": 2.8225146347383808E-05
"p363": 1.8816764231589204E-06
"p364": 0.0008354643318825606
"p365": 0.00014677076100639576
"p366": 0
"p367": 0
"p368": 0.001317173496211244
"p369": 0.0002991865512822683
"p370": 3.198849919370165E-05
"p371": 1.8816764231589204E-06
"p372": 5.645029269476761E-06
"p373": 0
"p374": 0
"p375": 0
"p376": 0.0018233444540409936
"p377": 0.0003180033155138576
