"p315": 0
"p316": 5.645029269476761E-05
"p317": 0
"p318": 0
"p319": 0
"p320": 0.0001505341138527136
"p321": 1.8816764231589203E-05
"p322": 0
"p323": 0
"p324": 0
"p325": 0
"p326": 0
"p327": 0
"p328": 8.091208619583357E-05
"p329": 1.5053411385271363E-05
"p330": 0
"p331": 0
"p332": 0.00015241579027587256
"p333": 4.139688130949625E-05
"p334": 0
"p335": 0
"p336": 1.1290058538953523E-05
"p337": 0
"p338": 0
"p339": 0
"p340": 0
"p341": 0
"p342": 0
"p343": 0
"p344": 0
"p345": 0
"p346": 0
"p347": 0
"p348": 0
"p349": 0
"p350": 0
"p351": 0
"p352": 0.002481931202146616
"p353": 0.000541922809869769
"p354": 6.39769983874033E-05
"p355": 3.76335284631784E-06
"p356": 5.645029269476761E-06
"p357": 0
"p358": 0
"p359": 0
"p360": 0.0028639115160478765
"p361": 0.0005532128684087225
"p362": 6.397699838740328E-05
"p363": 3.76335284631784E-06
"p364": 0.001448890845832369
"p365": 0.00018816764231589203
"p366": 3.7633528463178407E-06
"p367": 0
"p368": 0.0007808957156109517
"p369": 0.00010537387969689955
"p370": 3.7633528463178407E-06
"p371": 0
"p372": 0
"p373": 0
"p374": 0
"p375": 0
"p376": 0.0005212243692150212
"p377": 3.7633528463178407E-05
