"p315": 0
"p316": 1.317173496211244E-05
"p317": 3.7633528463178407E-06
"p318": 0
"p319": 0
"p320": 0.0011741660880511661
"p321": 0.00033870175616860566
"p322": 2.4461793501065966E-05
"p323": 1.8816764231589204E-06
"p324": 0.0011628760295122123
"p325": 0.0002935415220127916
"p326": 2.8225146347383808E-05
"p327": 1.8816764231589204E-06
"p328": 0.0006265982489119205
"p329": 6.774035123372114E-05
"p330": 1.8816764231589204E-06
"p331": 0
"p332": 0.00031423996266753966
"p333": 3.3870175616860565E-05
"p334": 0
"p335": 0
"p336": 0.0011628760295122123
"p337": 0.00029354152201279153
"p338": 2.8225146347383808E-05
"p339": 1.8816764231589204E-06
"p340": 0.000876861213192057
"p341": 0.0002446179350106596
"p342": 2.8225146347383808E-05
"p343": 1.8816764231589204E-06
"p344": 0.0008618078018067855
"p345": 0.0001016105268505817
"p346": 7.5267056926356815E-06
"p347": 0
"p348": 0.0005626212505245173
"p349": 6.209532196424438E-05
"p350": 3.7633528463178407E-06
"p351": 0
"p352": 0.0006265982489119205
"p353": 6.774035123372113E-05
"p354": 1.8816764231589204E-06
"p355": 0
"p356": 0.0008618078018067854
"p357": 0.0001016105268505817
"p358": 7.5267056926356815E-06
"p359": 0
"p360": 5.6450292694767617E-05
"p361": 2.258011707790705E-05
"p362": 0
"p363": 0
"p364": 2.8225146347383805E-05
"p365": 1.3171734962112444E-05
"p366": 0
"p367": 0
"p368": 0.0003142399626675397
"p369": 3.3870175616860565E-05
"p370": 0
"p371": 0
"p372": 0.0005626212505245172
"p373": 6.209532196424438E-05
"p374": 3.7633528463178407E-06
"p375": 0
"p376": 2.8225146347383805E-05
"p377": 1.3171734962112444E-05
