"p315": 0
"p316": 1.317173496211244E-05
"p317": 3.7633528463178407E-06
"p318": 0
"p319": 0
"p320": 0.0011628760295122123
"p321": 0.0002935415220127916
"p322": 2.8225146347383808E-05
"p323": 1.8816764231589204E-06
"p324": 0
"p325": 0
"p326": 0
"p327": 0
"p328": 0.0013999672588302368
"p329": 0.0002709614049348845
"p330": 2.6343469924224887E-05
"p331": 1.8816764231589204E-06
"p332": 0.0006849302180298469
"p333": 0.00013548070246744226
"p334": 0
"p335": 0
"p336": 0.0008994413302699639
"p337": 0.0002446179350106596
"p338": 2.8225146347383808E-05
"p339": 1.8816764231589204E-06
"p340": 5.645029269476761E-06
"p341": 0
"p342": 0
"p343": 0
"p344": 0.001717970574344094
"p345": 0.0003142399626675397
"p346": 3.575185204001949E-05
"p347": 1.8816764231589204E-06
"p348": 0.0008505177432678319
"p349": 0.00011290058538953522
"p350": 3.7633528463178407E-06
"p351": 0
"p352": 0.0008618078018067854
"p353": 0.0001016105268505817
"p354": 7.5267056926356815E-06
"p355": 0
"p356": 0
"p357": 0
"p358": 0
"p359": 0
"p360": 0.0004290222244802337
"p361": 8.27937626189925E-05
"p362": 1.8816764231589204E-06
"p363": 0
"p364": 0.0002540263171264542
"p365": 1.3171734962112444E-05
"p366": 0
"p367": 0
"p368": 0.0005795563383329474
"p369": 6.209532196424438E-05
"p370": 3.7633528463178407E-06
"p371": 0
"p372": 0
"p373": 0
"p374": 0
"p375": 0
"p376": 0.0002239194943559115
"p377": 4.327855773265517E-05
