"p315": 0
"p316": 6.962202765688006E-05
"p317": 3.7633528463178407E-06
"p318": 0
"p319": 0
"p320": 0.0009220214473478711
"p321": 0.0002446179350106596
"p322": 2.8225146347383808E-05
"p323": 1.8816764231589204E-06
"p324": 5.645029269476761E-06
"p325": 0
"p326": 0
"p327": 0
"p328": 0.001717970574344094
"p329": 0.0003142399626675397
"p330": 3.575185204001949E-05
"p331": 1.8816764231589204E-06
"p332": 0.0008674528310762622
"p333": 0.00011290058538953522
"p334": 3.7633528463178407E-06
"p335": 0
"p336": 5.645029269476761E-06
"p337": 0
"p338": 0
"p339": 0
"p340": 0
"p341": 0
"p342": 0
"p343": 0
"p344": 0
"p345": 0
"p346": 0
"p347": 0
"p348": 0
"p349": 0
"p350": 0
"p351": 0
"p352": 0.0017179705743440945
"p353": 0.0003142399626675397
"p354": 3.575185204001949E-05
"p355": 1.8816764231589204E-06
"p356": 0
"p357": 0
"p358": 0
"p359": 0
"p360": 0.0013096467905186087
"p361": 0.00028601481632015586
"p362": 2.8225146347383808E-05
"p363": 1.8816764231589204E-06
"p364": 0.000636006631027715
"p365": 7.714873334951573E-05
"p366": 0
"p367": 0
"p368": 0.0008674528310762622
"p369": 0.00011290058538953522
"p370": 3.7633528463178407E-06
"p371": 0
"p372": 0
"p373": 0
"p374": 0
"p375": 0
"p376": 0.0006360066310277153
"p377": 7.714873334951574E-05
