"p315": 0
"p316": 0.0001975760244316867
"p317": 1.8816764231589204E-06
"p318": 0
"p319": 0
"p320": 3.7633528463178407E-06
"p321": 0
"p322": 0
"p323": 0
"p324": 0
"p325": 0
"p326": 0
"p327": 0
"p328": 0.0003688085789391484
"p329": 4.1396881309496255E-05
"p330": 3.7633528463178407E-06
"p331": 0
"p332": 4.704191057897301E-05
"p333": 5.645029269476761E-06
"p334": 0
"p335": 0
"p336": 4.516023415581409E-05
"p337": 7.5267056926356815E-06
"p338": 0
"p339": 0
"p340": 0
"p341": 0
"p342": 0
"p343": 0
"p344": 0.00020886608297064014
"p345": 2.2580117077907045E-05
"p346": 0
"p347": 0
"p348": 7.33853805031979E-05
"p349": 1.1290058538953523E-05
"p350": 0
"p351": 0
"p352": 0.00010913723254321738
"p353": 1.5053411385271363E-05
"p354": 0
"p355": 0
"p356": 0
"p357": 0
"p358": 0
"p359": 0
"p360": 0.0031085294510585374
"p361": 0.0006322432781813972
"p362": 6.021364554108546E-05
"p363": 3.7633528463178407E-06
"p364": 0.0007112736879540716
"p365": 0.00014300740816007793
"p366": 0
"p367": 0
"p368": 0.00016935087808430283
"p369": 1.8816764231589203E-05
"p370": 0
"p371": 0
"p372": 1.1290058538953523E-05
"p373": 0
"p374": 0
"p375": 0
"p376": 0.002991865512822684
"p377": 0.0006002547789876956
