"p315": 0
"p316": 0.00033682007974544673
"p317": 6.585867481056221E-05
"p318": 3.7633528463178407E-06
"p319": 0
"p320": 0.0019061382166599868
"p321": 0.0007018653058382772
"p322": 0.00015241579027587256
"p323": 1.8816764231589203E-05
"p324": 8.091208619583358E-05
"p325": 3.7633528463178407E-06
"p326": 0
"p327": 0
"p328": 0.001947535097969483
"p329": 0.0005795563383329475
"p330": 9.408382115794602E-05
"p331": 2.2580117077907045E-05
"p332": 0.004484034916387708
"p333": 0.0016351768117251015
"p334": 0.00030671325697490405
"p335": 7.5267056926356815E-06
"p336": 1.5053411385271363E-05
"p337": 0
"p338": 0
"p339": 0
"p340": 3.7633528463178407E-06
"p341": 0
"p342": 0
"p343": 0
"p344": 0
"p345": 0
"p346": 0
"p347": 0
"p348": 0
"p349": 0
"p350": 0
"p351": 0
"p352": 0.004884831994520559
"p353": 0.0013980855824070777
"p354": 0.0002333278764717061
"p355": 1.8816764231589203E-05
"p356": 5.645029269476761E-06
"p357": 0
"p358": 0
"p359": 0
"p360": 0.0025835417289971985
"p361": 0.0006868118944530058
"p362": 9.972885042742278E-05
"p363": 2.2580117077907045E-05
"p364": 0.005050419519758543
"p365": 0.001298356731979655
"p366": 0.00019004931873905094
"p367": 7.5267056926356815E-06
"p368": 0.0016408218409945784
"p369": 0.0003669269025159895
"p370": 3.7633528463178407E-05
"p371": 0
"p372": 9.408382115794602E-06
"p373": 3.7633528463178407E-06
"p374": 0
"p375": 0
"p376": 0.0010443304148532008
"p377": 0.0002295645236253883
