"p315": 1.1290058538953523E-05
"p316": 0.0017970009841167687
"p317": 0.0003650452260928306
"p318": 1.8816764231589203E-05
"p319": 0
"p320": 3.0106822770542726E-05
"p321": 0
"p322": 0
"p323": 0
"p324": 0
"p325": 0
"p326": 0
"p327": 0
"p328": 0.0009803534164657974
"p329": 0.000212629435816958
"p330": 2.6343469924224884E-05
"p331": 0
"p332": 0.00010349220327374062
"p333": 2.2580117077907045E-05
"p334": 0
"p335": 0
"p336": 0.0001505341138527136
"p337": 1.8816764231589203E-05
"p338": 0
"p339": 0
"p340": 0
"p341": 0
"p342": 0
"p343": 0
"p344": 0.00043843060659602847
"p345": 4.1396881309496255E-05
"p346": 0
"p347": 0
"p348": 9.784717400426387E-05
"p349": 2.2580117077907045E-05
"p350": 0
"p351": 0
"p352": 0.00048359084075184265
"p353": 0.00010913723254321738
"p354": 1.1290058538953523E-05
"p355": 0
"p356": 9.408382115794602E-06
"p357": 0
"p358": 0
"p359": 0
"p360": 0.007526705692635685
"p361": 0.0021714545923253938
"p362": 0.0003405834325917646
"p363": 4.1396881309496255E-05
"p364": 0.00493563725794585
"p365": 0.0013359902604428333
"p366": 0.0001900493187390509
"p367": 7.5267056926356815E-06
"p368": 0.00042714054805707504
"p369": 0.0001279539967748066
"p370": 2.2580117077907045E-05
"p371": 0
"p372": 0.00011854561465901199
"p373": 1.5053411385271363E-05
"p374": 0
"p375": 0
"p376": 0.00477381308555418
"p377": 0.001490287727141865
