"p315": 0
"p316": 0.00025214464070329537
"p317": 4.8923587002131926E-05
"p318": 7.5267056926356815E-06
"p319": 0
"p320": 0.00020322105370116343
"p321": 5.080526342529086E-05
"p322": 0
"p323": 0
"p324": 0.00019757602443168663
"p325": 3.3870175616860565E-05
"p326": 0
"p327": 0
"p328": 0.00012419064392848875
"p329": 0
"p330": 0
"p331": 0
"p332": 4.704191057897301E-05
"p333": 0
"p334": 0
"p335": 0
"p336": 0.0002201561415095937
"p337": 5.080526342529086E-05
"p338": 0
"p339": 0
"p340": 0.00013548070246744226
"p341": 3.3870175616860565E-05
"p342": 0
"p343": 0
"p344": 0.0002088660829706401
"p345": 0
"p346": 0
"p347": 0
"p348": 7.526705692635681E-05
"p349": 0
"p350": 0
"p351": 0
"p352": 0.00010725555612005847
"p353": 0
"p354": 0
"p355": 0
"p356": 0.00014300740816007796
"p357": 0
"p358": 0
"p359": 0
"p360": 5.645029269476761E-06
"p361": 5.645029269476761E-06
"p362": 0
"p363": 0
"p364": 3.7633528463178407E-06
"p365": 3.7633528463178407E-06
"p366": 0
"p367": 0
"p368": 8.27937626189925E-05
"p369": 0
"p370": 0
"p371": 0
"p372": 0.00013359902604428333
"p373": 0
"p374": 0
"p375": 0
"p376": 5.645029269476761E-06
"p377": 5.645029269476761E-06
