"p315": 0
"p316": 6.774035123372114E-05
"p317": 0
"p318": 0
"p319": 0
"p320": 0
"p321": 0
"p322": 0
"p323": 0
"p324": 0
"p325": 0
"p326": 0
"p327": 0
"p328": 5.645029269476761E-06
"p329": 0
"p330": 0
"p331": 0
"p332": 6.774035123372113E-05
"p333": 5.645029269476761E-06
"p334": 0
"p335": 0
"p336": 0
"p337": 0
"p338": 0
"p339": 0
"p340": 1.1290058538953523E-05
"p341": 0
"p342": 0
"p343": 0
"p344": 5.645029269476761E-06
"p345": 0
"p346": 0
"p347": 0
"p348": 3.387017561686057E-05
"p349": 0
"p350": 0
"p351": 0
"p352": 3.575185204001949E-05
"p353": 3.7633528463178407E-06
"p354": 0
"p355": 0
"p356": 7.714873334951574E-05
"p357": 3.7633528463178407E-06
"p358": 0
"p359": 0
"p360": 0.0003763352846317841
"p361": 6.585867481056221E-05
"p362": 5.645029269476761E-06
"p363": 0
"p364": 0.0009257848001941888
"p365": 0.0001768775837769385
"p366": 1.6935087808430286E-05
"p367": 0
"p368": 7.338538050319788E-05
"p369": 1.5053411385271363E-05
"p370": 0
"p371": 0
"p372": 0.00011854561465901199
"p373": 1.5053411385271363E-05
"p374": 0
"p375": 0
"p376": 0.000284133139896997
"p377": 7.714873334951574E-05
