"p315": 0
"p316": 0.0001749959073537796
"p317": 5.080526342529086E-05
"p318": 0
"p319": 0
"p320": 3.7633528463178407E-06
"p321": 0
"p322": 0
"p323": 0
"p324": 4.516023415581409E-05
"p325": 7.5267056926356815E-06
"p326": 0
"p327": 0
"p328": 0.00010913723254321738
"p329": 1.5053411385271363E-05
"p330": 0
"p331": 0
"p332": 0.0001693508780843028
"p333": 1.8816764231589203E-05
"p334": 0
"p335": 0
"p336": 0
"p337": 0
"p338": 0
"p339": 0
"p340": 0
"p341": 0
"p342": 0
"p343": 0
"p344": 0
"p345": 0
"p346": 0
"p347": 0
"p348": 1.1290058538953523E-05
"p349": 0
"p350": 0
"p351": 0
"p352": 0.0003688085789391484
"p353": 4.1396881309496255E-05
"p354": 3.7633528463178407E-06
"p355": 0
"p356": 0.0002088660829706401
"p357": 2.2580117077907045E-05
"p358": 0
"p359": 0
"p360": 0.0031085294510585374
"p361": 0.0006322432781813973
"p362": 6.021364554108544E-05
"p363": 3.76335284631784E-06
"p364": 0.002991865512822684
"p365": 0.0006002547789876956
"p366": 6.774035123372113E-05
"p367": 3.76335284631784E-06
"p368": 4.704191057897301E-05
"p369": 5.645029269476761E-06
"p370": 0
"p371": 0
"p372": 7.33853805031979E-05
"p373": 1.1290058538953523E-05
"p374": 0
"p375": 0
"p376": 0.0007112736879540716
"p377": 0.00014300740816007796
