"p315": 0
"p316": 0
"p317": 0
"p318": 0
"p319": 0
"p320": 7.33853805031979E-05
"p321": 3.7633528463178407E-06
"p322": 0
"p323": 0
"p324": 0
"p325": 0
"p326": 0
"p327": 0
"p328": 0.00059272807329506
"p329": 0.0001373623788906012
"p330": 1.6935087808430286E-05
"p331": 0
"p332": 0.00039327037244021434
"p333": 7.150370408003898E-05
"p334": 5.645029269476761E-06
"p335": 0
"p336": 0.00010349220327374062
"p337": 1.5053411385271363E-05
"p338": 0
"p339": 0
"p340": 1.5053411385271363E-05
"p341": 0
"p342": 0
"p343": 0
"p344": 0.0003594001968233538
"p345": 8.655711546531035E-05
"p346": 5.645029269476761E-06
"p347": 0
"p348": 0.0004760641350592069
"p349": 0.00011666393823585305
"p350": 5.645029269476761E-06
"p351": 0
"p352": 2.0698440654748124E-05
"p353": 5.645029269476761E-06
"p354": 0
"p355": 0
"p356": 0
"p357": 0
"p358": 0
"p359": 0
"p360": 0.00047418245863604794
"p361": 3.387017561686057E-05
"p362": 0
"p363": 0
"p364": 0.00016370584881482606
"p365": 5.645029269476761E-06
"p366": 0
"p367": 0
"p368": 3.387017561686057E-05
"p369": 5.645029269476761E-06
"p370": 0
"p371": 0
"p372": 0
"p373": 0
"p374": 0
"p375": 0
"p376": 0.00013548070246744226
"p377": 5.645029269476761E-06
