"p315": 0
"p316": 0
"p317": 0
"p318": 0
"p319": 0
"p320": 3.575185204001949E-05
"p321": 3.7633528463178407E-06
"p322": 0
"p323": 0
"p324": 7.33853805031979E-05
"p325": 3.7633528463178407E-06
"p326": 0
"p327": 0
"p328": 0.00029730487485910944
"p329": 6.021364554108546E-05
"p330": 5.645029269476761E-06
"p331": 0
"p332": 0.000660468424528781
"p333": 0.0001486524374295547
"p334": 1.6935087808430286E-05
"p335": 0
"p336": 7.338538050319788E-05
"p337": 1.5053411385271363E-05
"p338": 0
"p339": 0
"p340": 0.00011854561465901199
"p341": 1.5053411385271363E-05
"p342": 0
"p343": 0
"p344": 0.00027848811062752024
"p345": 7.714873334951574E-05
"p346": 5.645029269476761E-06
"p347": 0
"p348": 0.0004911175464444782
"p349": 0.00011478226181269414
"p350": 5.645029269476761E-06
"p351": 0
"p352": 5.645029269476761E-06
"p353": 0
"p354": 0
"p355": 0
"p356": 2.0698440654748124E-05
"p357": 5.645029269476761E-06
"p358": 0
"p359": 0
"p360": 0.00016370584881482606
"p361": 5.645029269476761E-06
"p362": 0
"p363": 0
"p364": 0.0004685374293665712
"p365": 3.387017561686057E-05
"p366": 0
"p367": 0
"p368": 1.1290058538953523E-05
"p369": 0
"p370": 0
"p371": 0
"p372": 3.387017561686057E-05
"p373": 5.645029269476761E-06
"p374": 0
"p375": 0
"p376": 6.774035123372114E-05
"p377": 0
