"p315": 0
"p316": 0
"p317": 0
"p318": 0
"p319": 0
"p320": 0.00041208713667180354
"p321": 9.408382115794603E-05
"p322": 1.1290058538953523E-05
"p323": 0
"p324": 0
"p325": 0
"p326": 0
"p327": 0
"p328": 0.0001956943480085277
"p329": 4.892358700213193E-05
"p330": 5.645029269476761E-06
"p331": 0
"p332": 0.0004610107236739354
"p333": 8.843879188846926E-05
"p334": 5.645029269476761E-06
"p335": 0
"p336": 0.00025967134639593104
"p337": 6.39769983874033E-05
"p338": 5.645029269476761E-06
"p339": 0
"p340": 1.6935087808430286E-05
"p341": 0
"p342": 0
"p343": 0
"p344": 0.00012042729108217089
"p345": 2.8225146347383808E-05
"p346": 0
"p347": 0
"p348": 0.0005174610163687031
"p349": 0.0001279539967748066
"p350": 5.645029269476761E-06
"p351": 0
"p352": 0.00034434678543808245
"p353": 2.8225146347383805E-05
"p354": 0
"p355": 0
"p356": 0
"p357": 0
"p358": 0
"p359": 0
"p360": 0.00013548070246744226
"p361": 7.5267056926356815E-06
"p362": 0
"p363": 0
"p364": 0.00016935087808430283
"p365": 1.1290058538953523E-05
"p366": 0
"p367": 0
"p368": 0.00011854561465901196
"p369": 5.645029269476761E-06
"p370": 0
"p371": 0
"p372": 5.645029269476761E-06
"p373": 0
"p374": 0
"p375": 0
"p376": 2.8225146347383805E-05
"p377": 1.8816764231589204E-06
