"p315": 0
"p316": 0.002466877790761344
"p317": 0.0006962202765688006
"p318": 8.843879188846926E-05
"p319": 1.1290058538953523E-05
"p320": 0
"p321": 0
"p322": 0
"p323": 0
"p324": 3.7633528463178407E-05
"p325": 0
"p326": 0
"p327": 0
"p328": 0.0002051027301243223
"p329": 3.387017561686057E-05
"p330": 0
"p331": 0
"p332": 0.0008900329481541693
"p333": 0.00020886608297064014
"p334": 2.6343469924224884E-05
"p335": 0
"p336": 7.5267056926356815E-06
"p337": 0
"p338": 0
"p339": 0
"p340": 0.00016182417239166713
"p341": 1.8816764231589203E-05
"p342": 0
"p343": 0
"p344": 0.00017123255450746176
"p345": 2.6343469924224884E-05
"p346": 0
"p347": 0
"p348": 0.00034622846186124133
"p349": 3.7633528463178407E-05
"p350": 0
"p351": 0
"p352": 0.000404560430979168
"p353": 8.091208619583358E-05
"p354": 5.645029269476761E-06
"p355": 0
"p356": 0.0004929992228676373
"p357": 0.00010913723254321738
"p358": 1.1290058538953523E-05
"p359": 0
"p360": 0.0046740842351267586
"p361": 0.001223089675053298
"p362": 0.00015241579027587256
"p363": 7.5267056926356815E-06
"p364": 0.007496598869865141
"p365": 0.002325752059024425
"p366": 0.00038198031390126075
"p367": 4.1396881309496255E-05
"p368": 0.0007319721286088198
"p369": 0.0002051027301243223
"p370": 2.0698440654748128E-05
"p371": 0
"p372": 0.0005456861627160869
"p373": 0.00014300740816007796
"p374": 2.2580117077907045E-05
"p375": 0
"p376": 0.0033851358852628973
"p377": 0.0010876089725858561
