"p315": 0
"p316": 0
"p317": 0
"p318": 0
"p319": 0
"p320": 7.338538050319788E-05
"p321": 1.5053411385271363E-05
"p322": 0
"p323": 0
"p324": 0.00011854561465901199
"p325": 1.5053411385271363E-05
"p326": 0
"p327": 0
"p328": 0.00027848811062752024
"p329": 7.714873334951574E-05
"p330": 5.645029269476761E-06
"p331": 0
"p332": 0.0004911175464444782
"p333": 0.00011478226181269414
"p334": 5.645029269476761E-06
"p335": 0
"p336": 0
"p337": 0
"p338": 0
"p339": 0
"p340": 0
"p341": 0
"p342": 0
"p343": 0
"p344": 0
"p345": 0
"p346": 0
"p347": 0
"p348": 0
"p349": 0
"p350": 0
"p351": 0
"p352": 3.575185204001949E-05
"p353": 3.7633528463178407E-06
"p354": 0
"p355": 0
"p356": 8.843879188846926E-05
"p357": 9.408382115794602E-06
"p358": 0
"p359": 0
"p360": 0.00042714054805707494
"p361": 6.585867481056221E-05
"p362": 5.645029269476761E-06
"p363": 0
"p364": 0.0011233608246258755
"p365": 0.00019945770085484554
"p366": 1.6935087808430286E-05
"p367": 0
"p368": 1.1290058538953523E-05
"p369": 0
"p370": 0
"p371": 0
"p372": 3.387017561686057E-05
"p373": 5.645029269476761E-06
"p374": 0
"p375": 0
"p376": 6.774035123372114E-05
"p377": 0
