"p315": 0
"p316": 0.00016182417239166713
"p317": 2.4461793501065966E-05
"p318": 0
"p319": 0
"p320": 0.0002559079935496132
"p321": 2.258011707790705E-05
"p322": 0
"p323": 0
"p324": 1.1290058538953523E-05
"p325": 0
"p326": 0
"p327": 0
"p328": 0.0001768775837769385
"p329": 2.4461793501065963E-05
"p330": 0
"p331": 0
"p332": 0.0003029499041285862
"p333": 9.596549758110493E-05
"p334": 1.5053411385271363E-05
"p335": 0
"p336": 3.3870175616860565E-05
"p337": 0
"p338": 0
"p339": 0
"p340": 0
"p341": 0
"p342": 0
"p343": 0
"p344": 0
"p345": 0
"p346": 0
"p347": 0
"p348": 0
"p349": 0
"p350": 0
"p351": 0
"p352": 0.006544470599746728
"p353": 0.002035973889857951
"p354": 0.0003857436667475786
"p355": 3.7633528463178407E-05
"p356": 8.655711546531035E-05
"p357": 3.7633528463178407E-06
"p358": 0
"p359": 0
"p360": 0.0044539280936171655
"p361": 0.0011722844116280073
"p362": 0.00019381267158536883
"p363": 4.516023415581409E-05
"p364": 0.009178817592169215
"p365": 0.0028714382217405123
"p366": 0.0004854725171750014
"p367": 1.5053411385271363E-05
"p368": 0.001398085582407078
"p369": 0.00036692690251598946
"p370": 3.7633528463178407E-05
"p371": 0
"p372": 0
"p373": 0
"p374": 0
"p375": 0
"p376": 0.0010255136506216117
"p377": 0.00019569434800852776
