"p315": 7.5267056926356815E-06
"p316": 0.00416414992445069
"p317": 0.001439482463716574
"p318": 0.0002690797285117256
"p319": 3.0106822770542726E-05
"p320": 0
"p321": 0
"p322": 0
"p323": 0
"p324": 0
"p325": 0
"p326": 0
"p327": 0
"p328": 1.6935087808430286E-05
"p329": 0
"p330": 0
"p331": 0
"p332": 6.774035123372114E-05
"p333": 0
"p334": 0
"p335": 0
"p336": 0
"p337": 0
"p338": 0
"p339": 0
"p340": 0
"p341": 0
"p342": 0
"p343": 0
"p344": 1.1290058538953523E-05
"p345": 0
"p346": 0
"p347": 0
"p348": 1.1290058538953523E-05
"p349": 0
"p350": 0
"p351": 0
"p352": 5.645029269476761E-06
"p353": 0
"p354": 0
"p355": 0
"p356": 3.7633528463178407E-06
"p357": 0
"p358": 0
"p359": 0
"p360": 0.0003161216390906986
"p361": 5.080526342529086E-05
"p362": 0
"p363": 0
"p364": 0.0002991865512822683
"p365": 3.3870175616860565E-05
"p366": 0
"p367": 0
"p368": 5.080526342529086E-05
"p369": 0
"p370": 0
"p371": 0
"p372": 1.1290058538953523E-05
"p373": 0
"p374": 0
"p375": 0
"p376": 0.0003838619903244198
"p377": 5.080526342529086E-05
