"p315": 0
"p316": 0.0003989154017096912
"p317": 6.962202765688005E-05
"p318": 0
"p319": 0
"p320": 0.0004120871366718036
"p321": 0.00012042729108217089
"p322": 2.2580117077907045E-05
"p323": 0
"p324": 0.00011854561465901199
"p325": 1.5053411385271363E-05
"p326": 0
"p327": 0
"p328": 0.003563895145462995
"p329": 0.001198627881552232
"p330": 0.00023520955289486504
"p331": 4.1396881309496255E-05
"p332": 0.004041840956945361
"p333": 0.0014601809043713223
"p334": 0.000284133139896997
"p335": 7.5267056926356815E-06
"p336": 1.1290058538953523E-05
"p337": 0
"p338": 0
"p339": 0
"p340": 0
"p341": 0
"p342": 0
"p343": 0
"p344": 1.5053411385271363E-05
"p345": 0
"p346": 0
"p347": 0
"p348": 0
"p349": 0
"p350": 0
"p351": 0
"p352": 0.0004177321659412804
"p353": 7.903040977267466E-05
"p354": 0
"p355": 0
"p356": 5.645029269476761E-06
"p357": 0
"p358": 0
"p359": 0
"p360": 0.0072369275234692105
"p361": 0.00200398539066425
"p362": 0.0003217666683601754
"p363": 4.1396881309496255E-05
"p364": 0.004173558306566485
"p365": 0.0010123419156594993
"p366": 0.00014488908458323686
"p367": 7.5267056926356815E-06
"p368": 0.0003292933740528111
"p369": 0.00012795399677480656
"p370": 1.1290058538953523E-05
"p371": 0
"p372": 3.7633528463178407E-06
"p373": 0
"p374": 0
"p375": 0
"p376": 0.0025477898769571783
"p377": 0.0005607395741013583
