"p315": 0
"p316": 8.843879188846925E-05
"p317": 0
"p318": 0
"p319": 0
"p320": 8.655711546531033E-05
"p321": 1.3171734962112442E-05
"p322": 0
"p323": 0
"p324": 0.0001016105268505817
"p325": 1.5053411385271363E-05
"p326": 0
"p327": 0
"p328": 0.0015448563434134735
"p329": 0.00038198031390126086
"p330": 2.6343469924224887E-05
"p331": 1.8816764231589204E-06
"p332": 0.001335990260442833
"p333": 0.0003236483447833343
"p334": 2.8225146347383808E-05
"p335": 1.8816764231589204E-06
"p336": 0.00033493840332228785
"p337": 3.7633528463178407E-05
"p338": 3.7633528463178407E-06
"p339": 0
"p340": 0.00016182417239166713
"p341": 1.8816764231589203E-05
"p342": 0
"p343": 0
"p344": 0.0016803370458809159
"p345": 0.0003462284618612414
"p346": 3.198849919370165E-05
"p347": 1.8816764231589204E-06
"p348": 0.0013397536132891512
"p349": 0.0002991865512822683
"p350": 3.198849919370165E-05
"p351": 1.8816764231589204E-06
"p352": 1.5053411385271363E-05
"p353": 0
"p354": 0
"p355": 0
"p356": 3.010682277054273E-05
"p357": 1.1290058538953523E-05
"p358": 0
"p359": 0
"p360": 0.0006548233952593044
"p361": 7.150370408003898E-05
"p362": 1.8816764231589204E-06
"p363": 0
"p364": 0.0008693345074994211
"p365": 0.0001016105268505817
"p366": 7.5267056926356815E-06
"p367": 0
"p368": 5.4568616271608685E-05
"p369": 0
"p370": 0
"p371": 0
"p372": 9.032046831162818E-05
"p373": 3.0106822770542726E-05
"p374": 0
"p375": 0
"p376": 0.000308594933398063
"p377": 3.3870175616860565E-05
