"p315": 0
"p316": 5.645029269476761E-05
"p317": 0
"p318": 0
"p319": 0
"p320": 0.0001016105268505817
"p321": 1.5053411385271363E-05
"p322": 0
"p323": 0
"p324": 0.00016182417239166713
"p325": 1.8816764231589203E-05
"p326": 0
"p327": 0
"p328": 3.0106822770542726E-05
"p329": 1.1290058538953523E-05
"p330": 0
"p331": 0
"p332": 9.032046831162818E-05
"p333": 3.0106822770542726E-05
"p334": 0
"p335": 0
"p336": 0
"p337": 0
"p338": 0
"p339": 0
"p340": 1.1290058538953523E-05
"p341": 0
"p342": 0
"p343": 0
"p344": 0
"p345": 0
"p346": 0
"p347": 0
"p348": 0
"p349": 0
"p350": 0
"p351": 0
"p352": 0.002365267263910763
"p353": 0.0005475678391392458
"p354": 5.456861627160868E-05
"p355": 3.76335284631784E-06
"p356": 0.002464996114338186
"p357": 0.000541922809869769
"p358": 6.39769983874033E-05
"p359": 3.76335284631784E-06
"p360": 0.001273894938478589
"p361": 0.000165587525237985
"p362": 9.408382115794602E-06
"p363": 0
"p364": 0.0007940674505730645
"p365": 9.220214473478709E-05
"p366": 3.7633528463178407E-06
"p367": 0
"p368": 0.000543804486292928
"p369": 0.00013171734962112442
"p370": 0
"p371": 0
"p372": 0.0008260559497667659
"p373": 0.00010537387969689955
"p374": 3.7633528463178407E-06
"p375": 0
"p376": 0.00023709122931802405
"p377": 0
