"p315": 0
"p316": 0.0020246838313189982
"p317": 0.00048359084075184255
"p318": 3.387017561686057E-05
"p319": 0
"p320": 0.00073197212860882
"p321": 0.0001749959073537796
"p322": 2.6343469924224884E-05
"p323": 0
"p324": 0
"p325": 0
"p326": 0
"p327": 0
"p328": 0.0002464996114338186
"p329": 3.7633528463178407E-05
"p330": 0
"p331": 0
"p332": 0.00020698440654748124
"p333": 4.516023415581409E-05
"p334": 0
"p335": 0
"p336": 0.0002559079935496132
"p337": 2.258011707790705E-05
"p338": 0
"p339": 0
"p340": 1.1290058538953523E-05
"p341": 0
"p342": 0
"p343": 0
"p344": 0.0001768775837769385
"p345": 2.4461793501065963E-05
"p346": 0
"p347": 0
"p348": 0.0003029499041285862
"p349": 9.596549758110493E-05
"p350": 1.5053411385271363E-05
"p351": 0
"p352": 0.004723007822128892
"p353": 0.0014225473759081437
"p354": 0.00022956452362538827
"p355": 1.8816764231589203E-05
"p356": 5.645029269476761E-06
"p357": 0
"p358": 0
"p359": 0
"p360": 0.003116056156751173
"p361": 0.0008204109204972892
"p362": 0.00012230896750532982
"p363": 2.2580117077907045E-05
"p364": 0.005643147593053603
"p365": 0.0015091044913734537
"p366": 0.0002013393772780045
"p367": 7.5267056926356815E-06
"p368": 0.0027303124900035936
"p369": 0.0009220214473478709
"p370": 0.00017875926020009746
"p371": 1.8816764231589203E-05
"p372": 8.091208619583358E-05
"p373": 3.7633528463178407E-06
"p374": 0
"p375": 0
"p376": 0.0023088169712159956
"p377": 0.0006510600424129865
