"p315": 0
"p316": 0
"p317": 0
"p318": 0
"p319": 0
"p320": 0.00010349220327374062
"p321": 1.5053411385271363E-05
"p322": 0
"p323": 0
"p324": 1.5053411385271363E-05
"p325": 0
"p326": 0
"p327": 0
"p328": 0.0003594001968233538
"p329": 8.655711546531035E-05
"p330": 5.645029269476761E-06
"p331": 0
"p332": 0.0004760641350592069
"p333": 0.00011666393823585305
"p334": 5.645029269476761E-06
"p335": 0
"p336": 0
"p337": 0
"p338": 0
"p339": 0
"p340": 0
"p341": 0
"p342": 0
"p343": 0
"p344": 0
"p345": 0
"p346": 0
"p347": 0
"p348": 0
"p349": 0
"p350": 0
"p351": 0
"p352": 8.843879188846926E-05
"p353": 9.408382115794602E-06
"p354": 0
"p355": 0
"p356": 0
"p357": 0
"p358": 0
"p359": 0
"p360": 0.001066910531931108
"p361": 0.00018816764231589206
"p362": 1.6935087808430286E-05
"p363": 0
"p364": 0.0005118159870992264
"p365": 7.714873334951573E-05
"p366": 5.645029269476761E-06
"p367": 0
"p368": 3.387017561686057E-05
"p369": 5.645029269476761E-06
"p370": 0
"p371": 0
"p372": 0
"p373": 0
"p374": 0
"p375": 0
"p376": 0.00013548070246744226
"p377": 5.645029269476761E-06
