"p315": 0
"p316": 1.1290058538953523E-05
"p317": 0
"p318": 0
"p319": 0
"p320": 4.516023415581409E-05
"p321": 7.5267056926356815E-06
"p322": 0
"p323": 0
"p324": 0
"p325": 0
"p326": 0
"p327": 0
"p328": 0.00020886608297064014
"p329": 2.2580117077907045E-05
"p330": 0
"p331": 0
"p332": 7.33853805031979E-05
"p333": 1.1290058538953523E-05
"p334": 0
"p335": 0
"p336": 0
"p337": 0
"p338": 0
"p339": 0
"p340": 0
"p341": 0
"p342": 0
"p343": 0
"p344": 1.1290058538953523E-05
"p345": 0
"p346": 0
"p347": 0
"p348": 0
"p349": 0
"p350": 0
"p351": 0
"p352": 0.0002088660829706401
"p353": 2.2580117077907045E-05
"p354": 0
"p355": 0
"p356": 1.1290058538953523E-05
"p357": 0
"p358": 0
"p359": 0
"p360": 0.005035366108373272
"p361": 0.0010499754441226775
"p362": 0.0001279539967748066
"p363": 7.5267056926356815E-06
"p364": 0.0012569598506701593
"p365": 0.00015429746669903146
"p366": 3.7633528463178407E-06
"p367": 0
"p368": 7.33853805031979E-05
"p369": 1.1290058538953523E-05
"p370": 0
"p371": 0
"p372": 0
"p373": 0
"p374": 0
"p375": 0
"p376": 0.0012569598506701593
"p377": 0.00015429746669903146
