"p315": 0
"p316": 0.0005757929854866298
"p317": 9.408382115794602E-05
"p318": 7.5267056926356815E-06
"p319": 0
"p320": 0.00019757602443168663
"p321": 3.3870175616860565E-05
"p322": 0
"p323": 0
"p324": 0
"p325": 0
"p326": 0
"p327": 0
"p328": 0.0003443467854380824
"p329": 5.080526342529086E-05
"p330": 0
"p331": 0
"p332": 4.704191057897301E-05
"p333": 0
"p334": 0
"p335": 0
"p336": 0.00013548070246744226
"p337": 3.3870175616860565E-05
"p338": 0
"p339": 0
"p340": 0
"p341": 0
"p342": 0
"p343": 0
"p344": 0.00046289240009709436
"p345": 5.080526342529086E-05
"p346": 0
"p347": 0
"p348": 7.526705692635681E-05
"p349": 0
"p350": 0
"p351": 0
"p352": 0.00014300740816007796
"p353": 0
"p354": 0
"p355": 0
"p356": 0
"p357": 0
"p358": 0
"p359": 0
"p360": 0.00011290058538953522
"p361": 5.645029269476761E-06
"p362": 0
"p363": 0
"p364": 3.7633528463178407E-06
"p365": 3.7633528463178407E-06
"p366": 0
"p367": 0
"p368": 0.00013736237889060116
"p369": 0
"p370": 0
"p371": 0
"p372": 0
"p373": 0
"p374": 0
"p375": 0
"p376": 8.467543904215141E-05
"p377": 5.645029269476761E-06
