"p315": 0
"p316": 0.00010913723254321738
"p317": 1.5053411385271365E-05
"p318": 0
"p319": 0
"p320": 0.0004459573122886642
"p321": 0.00010537387969689955
"p322": 1.1290058538953523E-05
"p323": 0
"p324": 9.408382115794602E-06
"p325": 0
"p326": 0
"p327": 0
"p328": 0.004929992228676374
"p329": 0.001552383049106109
"p330": 0.00028225146347383805
"p331": 4.1396881309496255E-05
"p332": 0.0038198031390126092
"p333": 0.0011252425010490343
"p334": 0.00018252261304641527
"p335": 7.5267056926356815E-06
"p336": 0.000427140548057075
"p337": 0.00012042729108217089
"p338": 2.2580117077907045E-05
"p339": 0
"p340": 0.00011854561465901199
"p341": 1.5053411385271363E-05
"p342": 0
"p343": 0
"p344": 0.0035206165877303395
"p345": 0.001198627881552232
"p346": 0.00023520955289486504
"p347": 4.1396881309496255E-05
"p348": 0.004124634719564354
"p349": 0.001471470962910276
"p350": 0.000284133139896997
"p351": 7.5267056926356815E-06
"p352": 9.032046831162815E-05
"p353": 3.7633528463178407E-05
"p354": 0
"p355": 0
"p356": 0
"p357": 0
"p358": 0
"p359": 0
"p360": 0.00353755167553877
"p361": 0.0008768612131920567
"p362": 8.467543904215143E-05
"p363": 0
"p364": 0.0015410929905671552
"p365": 0.00027848811062752024
"p366": 7.5267056926356815E-06
"p367": 0
"p368": 0.0002201561415095937
"p369": 7.526705692635681E-05
"p370": 0
"p371": 0
"p372": 0
"p373": 0
"p374": 0
"p375": 0
"p376": 0.001605069988954559
"p377": 0.0003255300212064932
