"p315": 0
"p316": 0
"p317": 0
"p318": 0
"p319": 0
"p320": 0.00025967134639593104
"p321": 6.39769983874033E-05
"p322": 5.645029269476761E-06
"p323": 0
"p324": 1.6935087808430286E-05
"p325": 0
"p326": 0
"p327": 0
"p328": 0.00012042729108217089
"p329": 2.8225146347383808E-05
"p330": 0
"p331": 0
"p332": 0.000519342692791862
"p333": 0.0001279539967748066
"p334": 5.645029269476761E-06
"p335": 0
"p336": 0
"p337": 0
"p338": 0
"p339": 0
"p340": 0
"p341": 0
"p342": 0
"p343": 0
"p344": 0
"p345": 0
"p346": 0
"p347": 0
"p348": 0
"p349": 0
"p350": 0
"p351": 0
"p352": 0.0007507888928404092
"p353": 0.00013359902604428335
"p354": 1.1290058538953523E-05
"p355": 0
"p356": 0
"p357": 0
"p358": 0
"p359": 0
"p360": 0.00033682007974544673
"p361": 6.209532196424438E-05
"p362": 5.645029269476761E-06
"p363": 0
"p364": 0.0005776746619097885
"p365": 9.972885042742278E-05
"p366": 5.645029269476761E-06
"p367": 0
"p368": 0.00011854561465901196
"p369": 5.645029269476761E-06
"p370": 0
"p371": 0
"p372": 5.645029269476761E-06
"p373": 0
"p374": 0
"p375": 0
"p376": 2.8225146347383805E-05
"p377": 1.8816764231589204E-06
