"p315": 0
"p316": 0
"p317": 0
"p318": 0
"p319": 0
"p320": 0.00024273625858750074
"p321": 6.585867481056221E-05
"p322": 5.645029269476761E-06
"p323": 0
"p324": 0.00031988499193701646
"p325": 7.526705692635683E-05
"p326": 5.645029269476761E-06
"p327": 0
"p328": 6.021364554108545E-05
"p329": 1.6935087808430286E-05
"p330": 0
"p331": 0
"p332": 0.0002935415220127916
"p333": 6.209532196424438E-05
"p334": 0
"p335": 0
"p336": 0
"p337": 0
"p338": 0
"p339": 0
"p340": 0
"p341": 0
"p342": 0
"p343": 0
"p344": 0
"p345": 0
"p346": 0
"p347": 0
"p348": 0
"p349": 0
"p350": 0
"p351": 0
"p352": 0.00038762534317073765
"p353": 6.021364554108546E-05
"p354": 5.645029269476761E-06
"p355": 0
"p356": 0.000999170180697387
"p357": 0.00018252261304641527
"p358": 1.6935087808430286E-05
"p359": 0
"p360": 6.209532196424438E-05
"p361": 1.3171734962112444E-05
"p362": 0
"p363": 0
"p364": 0.00021639278866327584
"p365": 3.9515204886337324E-05
"p366": 0
"p367": 0
"p368": 7.338538050319791E-05
"p369": 0
"p370": 0
"p371": 0
"p372": 0.0001298356731979655
"p373": 5.645029269476761E-06
"p374": 0
"p375": 0
"p376": 5.645029269476761E-06
"p377": 1.8816764231589204E-06
