"p315": 0
"p316": 0.00025214464070329537
"p317": 5.080526342529086E-05
"p318": 0
"p319": 0
"p320": 0.00031800331551385763
"p321": 3.7633528463178407E-05
"p322": 3.7633528463178407E-06
"p323": 0
"p324": 0.00015053411385271363
"p325": 1.8816764231589203E-05
"p326": 0
"p327": 0
"p328": 0.0016746920166114394
"p329": 0.0003462284618612414
"p330": 3.198849919370165E-05
"p331": 1.8816764231589204E-06
"p332": 0.001317173496211244
"p333": 0.0002991865512822683
"p334": 3.198849919370165E-05
"p335": 1.8816764231589204E-06
"p336": 0
"p337": 0
"p338": 0
"p339": 0
"p340": 0
"p341": 0
"p342": 0
"p343": 0
"p344": 0
"p345": 0
"p346": 0
"p347": 0
"p348": 5.645029269476761E-06
"p349": 0
"p350": 0
"p351": 0
"p352": 6.209532196424438E-05
"p353": 3.7633528463178407E-06
"p354": 0
"p355": 0
"p356": 8.091208619583357E-05
"p357": 1.5053411385271363E-05
"p358": 0
"p359": 0
"p360": 0.001629531782455625
"p361": 0.0003029499041285862
"p362": 2.8225146347383808E-05
"p363": 1.8816764231589204E-06
"p364": 0.0018233444540409938
"p365": 0.0003180033155138576
"p366": 3.575185204001949E-05
"p367": 1.8816764231589204E-06
"p368": 0.00010161052685058171
"p369": 5.645029269476761E-06
"p370": 0
"p371": 0
"p372": 0.00015241579027587253
"p373": 4.139688130949625E-05
"p374": 0
"p375": 0
"p376": 0.0008354643318825607
"p377": 0.0001467707610063958
