"p315": 0
"p316": 0.00014300740816007793
"p317": 3.0106822770542726E-05
"p318": 3.7633528463178407E-06
"p319": 0
"p320": 0.0027980528412373147
"p321": 0.0008693345074994213
"p322": 0.00013359902604428335
"p323": 7.5267056926356815E-06
"p324": 0.0038009863747810197
"p325": 0.001366097083213376
"p326": 0.00027472475778120243
"p327": 4.1396881309496255E-05
"p328": 0.0009577732993878902
"p329": 0.0002107477593937991
"p330": 2.2580117077907045E-05
"p331": 0
"p332": 0.00212629435816958
"p333": 0.0005419228098697691
"p334": 6.021364554108546E-05
"p335": 0
"p336": 0.0023389237939865385
"p337": 0.0008486360668446731
"p338": 0.00015994249596850823
"p339": 7.5267056926356815E-06
"p340": 0.002224141532173844
"p341": 0.0009257848001941887
"p342": 0.00022015614150959367
"p343": 4.1396881309496255E-05
"p344": 0.0011290058538953518
"p345": 0.00028789649274331484
"p346": 3.0106822770542726E-05
"p347": 0
"p348": 0.0025496715533803362
"p349": 0.0008505177432678321
"p350": 0.00013548070246744226
"p351": 0
"p352": 0.0016163600474935124
"p353": 0.00028225146347383805
"p354": 7.5267056926356815E-06
"p355": 0
"p356": 0.0031386362738290794
"p357": 0.0008618078018067854
"p358": 8.467543904215143E-05
"p359": 0
"p360": 0.0002107477593937991
"p361": 3.387017561686057E-05
"p362": 0
"p363": 0
"p364": 0.00036692690251598946
"p365": 6.962202765688005E-05
"p366": 1.1290058538953523E-05
"p367": 0
"p368": 0.000777132362764634
"p369": 8.279376261899251E-05
"p370": 0
"p371": 0
"p372": 0.001315291819788085
"p373": 0.0003217666683601754
"p374": 2.6343469924224884E-05
"p375": 0
"p376": 5.645029269476761E-05
"p377": 2.2580117077907045E-05
