"p315": 0
"p316": 2.2580117077907045E-05
"p317": 0
"p318": 0
"p319": 0
"p320": 5.645029269476761E-06
"p321": 0
"p322": 0
"p323": 0
"p324": 6.774035123372113E-05
"p325": 5.645029269476761E-06
"p326": 0
"p327": 0
"p328": 0
"p329": 0
"p330": 0
"p331": 0
"p332": 9.408382115794602E-06
"p333": 0
"p334": 0
"p335": 0
"p336": 5.645029269476761E-06
"p337": 0
"p338": 0
"p339": 0
"p340": 3.387017561686057E-05
"p341": 0
"p342": 0
"p343": 0
"p344": 0
"p345": 0
"p346": 0
"p347": 0
"p348": 2.2580117077907045E-05
"p349": 3.7633528463178407E-06
"p350": 0
"p351": 0
"p352": 0.00033682007974544673
"p353": 6.021364554108546E-05
"p354": 5.645029269476761E-06
"p355": 0
"p356": 0.0007959491269962233
"p357": 0.00015994249596850823
"p358": 1.6935087808430286E-05
"p359": 0
"p360": 5.645029269476761E-05
"p361": 1.1290058538953523E-05
"p362": 0
"p363": 0
"p364": 0.00021639278866327586
"p365": 3.3870175616860565E-05
"p366": 0
"p367": 0
"p368": 0.0002483812878569775
"p369": 6.585867481056221E-05
"p370": 5.645029269476761E-06
"p371": 0
"p372": 0.0004214955187875982
"p373": 8.091208619583358E-05
"p374": 5.645029269476761E-06
"p375": 0
"p376": 6.021364554108545E-05
"p377": 1.6935087808430286E-05
