"p315": 0
"p316": 0.00011666393823585305
"p317": 1.8816764231589203E-05
"p318": 0
"p319": 0
"p320": 0.0001561791431221904
"p321": 2.6343469924224884E-05
"p322": 0
"p323": 0
"p324": 0.00035375516755387705
"p325": 3.7633528463178407E-05
"p326": 0
"p327": 0
"p328": 2.0698440654748124E-05
"p329": 5.645029269476761E-06
"p330": 0
"p331": 0
"p332": 0.00021639278866327578
"p333": 7.338538050319788E-05
"p334": 1.5053411385271363E-05
"p335": 0
"p336": 0
"p337": 0
"p338": 0
"p339": 0
"p340": 3.3870175616860565E-05
"p341": 0
"p342": 0
"p343": 0
"p344": 0
"p345": 0
"p346": 0
"p347": 0
"p348": 0
"p349": 0
"p350": 0
"p351": 0
"p352": 0.005554708801165134
"p353": 0.0017198522507672533
"p354": 0.00027848811062752024
"p355": 1.5053411385271363E-05
"p356": 0.008283139614745569
"p357": 0.00266633549161619
"p358": 0.0005343961041771333
"p359": 8.27937626189925E-05
"p360": 0.0019456534215463233
"p361": 0.00046853742936657126
"p362": 5.268693984844977E-05
"p363": 0
"p364": 0.004617633942431992
"p365": 0.0013341085840196745
"p366": 0.0001956943480085277
"p367": 0
"p368": 0.0008185292440741304
"p369": 0.00019569434800852773
"p370": 2.2580117077907045E-05
"p371": 0
"p372": 0.0017857109255778156
"p373": 0.000472300782212889
"p374": 3.7633528463178407E-05
"p375": 0
"p376": 0.0002897781691664738
"p377": 4.1396881309496255E-05
