"p315": 0
"p316": 0.0016784553694577568
"p317": 0.00047982748790552463
"p318": 4.8923587002131926E-05
"p319": 0
"p320": 4.516023415581409E-05
"p321": 0
"p322": 0
"p323": 0
"p324": 7.5267056926356815E-06
"p325": 0
"p326": 0
"p327": 0
"p328": 0.00033305672689912887
"p329": 5.080526342529086E-05
"p330": 0
"p331": 0
"p332": 0.00019193099516220987
"p333": 3.3870175616860565E-05
"p334": 0
"p335": 0
"p336": 0
"p337": 0
"p338": 0
"p339": 0
"p340": 0
"p341": 0
"p342": 0
"p343": 0
"p344": 0
"p345": 0
"p346": 0
"p347": 0
"p348": 0
"p349": 0
"p350": 0
"p351": 0
"p352": 7.5267056926356815E-06
"p353": 0
"p354": 0
"p355": 0
"p356": 5.645029269476761E-06
"p357": 1.8816764231589204E-06
"p358": 0
"p359": 0
"p360": 0.0002032210537011634
"p361": 1.6935087808430282E-05
"p362": 0
"p363": 0
"p364": 0.0002389729057411829
"p365": 1.6935087808430282E-05
"p366": 0
"p367": 0
"p368": 1.8816764231589196E-05
"p369": 0
"p370": 0
"p371": 0
"p372": 9.408382115794602E-06
"p373": 5.645029269476761E-06
"p374": 0
"p375": 0
"p376": 0.00024838128785697745
"p377": 3.3870175616860565E-05
