"p315": 0
"p316": 9.408382115794602E-06
"p317": 0
"p318": 0
"p319": 0
"p320": 0.0001016105268505817
"p321": 1.5053411385271363E-05
"p322": 0
"p323": 0
"p324": 0
"p325": 0
"p326": 0
"p327": 0
"p328": 0.002365267263910763
"p329": 0.0005475678391392458
"p330": 5.456861627160869E-05
"p331": 3.7633528463178407E-06
"p332": 0.000543804486292928
"p333": 0.00013171734962112442
"p334": 0
"p335": 0
"p336": 0.00016182417239166713
"p337": 1.8816764231589203E-05
"p338": 0
"p339": 0
"p340": 1.1290058538953523E-05
"p341": 0
"p342": 0
"p343": 0
"p344": 0.002464996114338186
"p345": 0.000541922809869769
"p346": 6.39769983874033E-05
"p347": 3.7633528463178407E-06
"p348": 0.0008260559497667659
"p349": 0.00010537387969689952
"p350": 3.7633528463178407E-06
"p351": 0
"p352": 3.010682277054273E-05
"p353": 1.1290058538953523E-05
"p354": 0
"p355": 0
"p356": 0
"p357": 0
"p358": 0
"p359": 0
"p360": 0.0012738949384785891
"p361": 0.000165587525237985
"p362": 9.408382115794602E-06
"p363": 0
"p364": 0.00023709122931802397
"p365": 0
"p366": 0
"p367": 0
"p368": 9.032046831162818E-05
"p369": 3.0106822770542726E-05
"p370": 0
"p371": 0
"p372": 0
"p373": 0
"p374": 0
"p375": 0
"p376": 0.0007940674505730644
"p377": 9.22021447347871E-05
