"p315": 0
"p316": 0.00013548070246744226
"p317": 1.8816764231589204E-06
"p318": 0
"p319": 0
"p320": 8.655711546531033E-05
"p321": 1.3171734962112442E-05
"p322": 0
"p323": 0
"p324": 0.00033493840332228785
"p325": 3.7633528463178407E-05
"p326": 3.7633528463178407E-06
"p327": 0
"p328": 1.5053411385271363E-05
"p329": 0
"p330": 0
"p331": 0
"p332": 5.4568616271608685E-05
"p333": 0
"p334": 0
"p335": 0
"p336": 0.0001016105268505817
"p337": 1.5053411385271363E-05
"p338": 0
"p339": 0
"p340": 0.00016182417239166713
"p341": 1.8816764231589203E-05
"p342": 0
"p343": 0
"p344": 3.0106822770542726E-05
"p345": 1.1290058538953523E-05
"p346": 0
"p347": 0
"p348": 9.032046831162818E-05
"p349": 3.0106822770542726E-05
"p350": 0
"p351": 0
"p352": 0.0015448563434134737
"p353": 0.00038198031390126086
"p354": 2.6343469924224887E-05
"p355": 1.8816764231589204E-06
"p356": 0.0016803370458809159
"p357": 0.0003462284618612414
"p358": 3.198849919370165E-05
"p359": 1.8816764231589204E-06
"p360": 0.0006548233952593044
"p361": 7.150370408003898E-05
"p362": 1.8816764231589204E-06
"p363": 0
"p364": 0.000308594933398063
"p365": 3.3870175616860565E-05
"p366": 0
"p367": 0
"p368": 0.001335990260442833
"p369": 0.0003236483447833343
"p370": 2.8225146347383808E-05
"p371": 1.8816764231589204E-06
"p372": 0.0013397536132891512
"p373": 0.0002991865512822683
"p374": 3.198849919370165E-05
"p375": 1.8816764231589204E-06
"p376": 0.0008693345074994211
"p377": 0.0001016105268505817
