"p315": 0
"p316": 0.00022580117077907044
"p317": 3.575185204001949E-05
"p318": 0
"p319": 0
"p320": 1.1290058538953523E-05
"p321": 0
"p322": 0
"p323": 0
"p324": 1.1290058538953523E-05
"p325": 0
"p326": 0
"p327": 0
"p328": 5.645029269476761E-06
"p329": 5.645029269476761E-06
"p330": 0
"p331": 0
"p332": 5.645029269476761E-06
"p333": 5.645029269476761E-06
"p334": 0
"p335": 0
"p336": 0
"p337": 0
"p338": 0
"p339": 0
"p340": 0
"p341": 0
"p342": 0
"p343": 0
"p344": 0
"p345": 0
"p346": 0
"p347": 0
"p348": 0
"p349": 0
"p350": 0
"p351": 0
"p352": 0.00034999181470755914
"p353": 6.774035123372113E-05
"p354": 0
"p355": 0
"p356": 0.0003274116976296521
"p357": 5.080526342529086E-05
"p358": 0
"p359": 0
"p360": 0.00025402631712645424
"p361": 0
"p362": 0
"p363": 0
"p364": 9.784717400426385E-05
"p365": 0
"p366": 0
"p367": 0
"p368": 0.00017499590735377957
"p369": 3.3870175616860565E-05
"p370": 0
"p371": 0
"p372": 0.00024273625858750077
"p373": 1.6935087808430282E-05
"p374": 0
"p375": 0
"p376": 8.467543904215141E-05
"p377": 0
