"p315": 4.327855773265517E-05
"p316": 0.004181085012259121
"p317": 0.0015542647255292685
"p318": 0.00032364834478333426
"p319": 3.951520488633733E-05
"p320": 0.0008317009790362427
"p321": 0.00024461793501065964
"p322": 2.8225146347383805E-05
"p323": 1.8816764231589204E-06
"p324": 0
"p325": 0
"p326": 0
"p327": 0
"p328": 0.002963640366475299
"p329": 0.0011252425010490343
"p330": 0.00025402631712645424
"p331": 4.139688130949625E-05
"p332": 0.0008317009790362428
"p333": 0.0003255300212064932
"p334": 5.833196911792654E-05
"p335": 1.1290058538953523E-05
"p336": 0
"p337": 0
"p338": 0
"p339": 0
"p340": 0
"p341": 0
"p342": 0
"p343": 0
"p344": 0.00033682007974544673
"p345": 7.526705692635683E-05
"p346": 5.645029269476761E-06
"p347": 0
"p348": 3.3870175616860565E-05
"p349": 0
"p350": 0
"p351": 0
"p352": 0.0029636403664752994
"p353": 0.0011252425010490343
"p354": 0.00025402631712645424
"p355": 4.139688130949624E-05
"p356": 0.00033682007974544673
"p357": 7.526705692635683E-05
"p358": 5.645029269476761E-06
"p359": 0
"p360": 0.047971458732013555
"p361": 0.02174841609887081
"p362": 0.005964914261413781
"p363": 0.0009107313888089181
"p364": 0.019518629537427484
"p365": 0.007272679375509227
"p366": 0.0015617914312219035
"p367": 0.00015429746669903143
"p368": 0.0008317009790362428
"p369": 0.0003255300212064932
"p370": 5.833196911792653E-05
"p371": 1.1290058538953523E-05
"p372": 3.3870175616860565E-05
"p373": 0
"p374": 0
"p375": 0
"p376": 0.019518629537427487
"p377": 0.007272679375509229
