"p315": 1.5053411385271363E-05
"p316": 0.0008580444489604676
"p317": 0.00019757602443168658
"p318": 2.258011707790704E-05
"p319": 0
"p320": 2.2580117077907045E-05
"p321": 0
"p322": 0
"p323": 0
"p324": 0
"p325": 0
"p326": 0
"p327": 0
"p328": 0.0008862695953078516
"p329": 0.00019757602443168666
"p330": 1.6935087808430286E-05
"p331": 0
"p332": 6.774035123372114E-05
"p333": 5.645029269476761E-06
"p334": 0
"p335": 0
"p336": 0
"p337": 0
"p338": 0
"p339": 0
"p340": 0
"p341": 0
"p342": 0
"p343": 0
"p344": 1.6935087808430286E-05
"p345": 0
"p346": 0
"p347": 0
"p348": 0
"p349": 0
"p350": 0
"p351": 0
"p352": 1.6935087808430282E-05
"p353": 0
"p354": 0
"p355": 0
"p356": 0
"p357": 0
"p358": 0
"p359": 0
"p360": 0.0004064421074023268
"p361": 8.843879188846926E-05
"p362": 5.645029269476761E-06
"p363": 0
"p364": 3.951520488633733E-05
"p365": 0
"p366": 0
"p367": 0
"p368": 2.2580117077907045E-05
"p369": 3.7633528463178407E-06
"p370": 0
"p371": 0
"p372": 0
"p373": 0
"p374": 0
"p375": 0
"p376": 0.0010085785628131813
"p377": 0.0002220378179327526
