"p315": 0
"p316": 0.0007357354814551376
"p317": 9.032046831162818E-05
"p318": 1.1290058538953523E-05
"p319": 0
"p320": 0.0004459573122886642
"p321": 0.00010537387969689954
"p322": 1.1290058538953523E-05
"p323": 0
"p324": 0.000427140548057075
"p325": 0.00012042729108217089
"p326": 2.2580117077907045E-05
"p327": 0
"p328": 9.032046831162815E-05
"p329": 3.7633528463178407E-05
"p330": 0
"p331": 0
"p332": 0.0002201561415095937
"p333": 7.526705692635681E-05
"p334": 0
"p335": 0
"p336": 9.408382115794602E-06
"p337": 0
"p338": 0
"p339": 0
"p340": 0.00011854561465901199
"p341": 1.5053411385271363E-05
"p342": 0
"p343": 0
"p344": 0
"p345": 0
"p346": 0
"p347": 0
"p348": 0
"p349": 0
"p350": 0
"p351": 0
"p352": 0.004929992228676372
"p353": 0.001552383049106109
"p354": 0.00028225146347383805
"p355": 4.139688130949624E-05
"p356": 0.0035206165877303395
"p357": 0.001198627881552232
"p358": 0.00023520955289486504
"p359": 4.139688130949624E-05
"p360": 0.00353755167553877
"p361": 0.0008768612131920567
"p362": 8.467543904215141E-05
"p363": 0
"p364": 0.001605069988954559
"p365": 0.00032553002120649325
"p366": 2.634346992422488E-05
"p367": 0
"p368": 0.003819803139012609
"p369": 0.0011252425010490345
"p370": 0.00018252261304641527
"p371": 7.5267056926356815E-06
"p372": 0.004124634719564354
"p373": 0.001471470962910276
"p374": 0.000284133139896997
"p375": 7.5267056926356815E-06
"p376": 0.0015410929905671554
"p377": 0.00027848811062752024
