"p315": 0
"p316": 0.0023727939696033978
"p317": 0.0008185292440741304
"p318": 0.00013548070246744226
"p319": 0
"p320": 5.645029269476761E-06
"p321": 0
"p322": 0
"p323": 0
"p324": 5.645029269476761E-06
"p325": 0
"p326": 0
"p327": 0
"p328": 0.00033682007974544673
"p329": 6.021364554108545E-05
"p330": 5.645029269476761E-06
"p331": 0
"p332": 0.00024838128785697745
"p333": 6.585867481056221E-05
"p334": 5.645029269476761E-06
"p335": 0
"p336": 6.774035123372114E-05
"p337": 5.645029269476761E-06
"p338": 0
"p339": 0
"p340": 3.387017561686057E-05
"p341": 0
"p342": 0
"p343": 0
"p344": 0.0007959491269962234
"p345": 0.00015994249596850825
"p346": 1.6935087808430286E-05
"p347": 0
"p348": 0.00042149551878759814
"p349": 8.091208619583357E-05
"p350": 5.645029269476761E-06
"p351": 0
"p352": 0
"p353": 0
"p354": 0
"p355": 0
"p356": 0
"p357": 0
"p358": 0
"p359": 0
"p360": 5.645029269476761E-05
"p361": 1.1290058538953523E-05
"p362": 0
"p363": 0
"p364": 6.021364554108545E-05
"p365": 1.6935087808430286E-05
"p366": 0
"p367": 0
"p368": 9.408382115794602E-06
"p369": 0
"p370": 0
"p371": 0
"p372": 2.2580117077907045E-05
"p373": 3.7633528463178407E-06
"p374": 0
"p375": 0
"p376": 0.00021639278866327584
"p377": 3.3870175616860565E-05
