"p315": 0
"p316": 0
"p317": 0
"p318": 0
"p319": 0
"p320": 0.0003518734911307182
"p321": 6.962202765688006E-05
"p322": 5.645029269476761E-06
"p323": 0
"p324": 0.0005720296326403118
"p325": 0.00011854561465901199
"p326": 5.645029269476761E-06
"p327": 0
"p328": 0.00014300740816007796
"p329": 1.3171734962112442E-05
"p330": 0
"p331": 0
"p332": 0.0003706902553623073
"p333": 4.516023415581409E-05
"p334": 0
"p335": 0
"p336": 0.00027096140493488457
"p337": 5.8331969117926534E-05
"p338": 5.645029269476761E-06
"p339": 0
"p340": 0.0002954231984359505
"p341": 6.585867481056222E-05
"p342": 5.645029269476761E-06
"p343": 0
"p344": 0.0001674692016611439
"p345": 1.8816764231589203E-05
"p346": 0
"p347": 0
"p348": 0.0003462284618612414
"p349": 4.516023415581409E-05
"p350": 0
"p351": 0
"p352": 0.00022391949435591148
"p353": 1.6935087808430286E-05
"p354": 0
"p355": 0
"p356": 0.0004892358700213193
"p357": 6.209532196424438E-05
"p358": 0
"p359": 0
"p360": 2.8225146347383808E-05
"p361": 5.645029269476761E-06
"p362": 0
"p363": 0
"p364": 4.5160234155814084E-05
"p365": 5.645029269476761E-06
"p366": 0
"p367": 0
"p368": 7.33853805031979E-05
"p369": 0
"p370": 0
"p371": 0
"p372": 0.00010161052685058169
"p373": 5.645029269476761E-06
"p374": 0
"p375": 0
"p376": 5.645029269476761E-06
"p377": 5.645029269476761E-06
