"p315": 0
"p316": 0
"p317": 0
"p318": 0
"p319": 0
"p320": 0.00022956452362538827
"p321": 5.8331969117926534E-05
"p322": 5.645029269476761E-06
"p323": 0
"p324": 2.2580117077907045E-05
"p325": 0
"p326": 0
"p327": 0
"p328": 0.0003123582862443808
"p329": 4.327855773265517E-05
"p330": 0
"p331": 0
"p332": 0.0005212243692150209
"p333": 8.655711546531033E-05
"p334": 5.645029269476761E-06
"p335": 0
"p336": 0
"p337": 0
"p338": 0
"p339": 0
"p340": 0
"p341": 0
"p342": 0
"p343": 0
"p344": 0
"p345": 0
"p346": 0
"p347": 0
"p348": 0
"p349": 0
"p350": 0
"p351": 0
"p352": 0.0008467543904215141
"p353": 0.00013548070246744226
"p354": 5.645029269476761E-06
"p355": 0
"p356": 0
"p357": 0
"p358": 0
"p359": 0
"p360": 0.0005908463968719009
"p361": 8.091208619583358E-05
"p362": 0
"p363": 0
"p364": 0.0008091208619583358
"p365": 0.00010913723254321737
"p366": 5.645029269476761E-06
"p367": 0
"p368": 0.00010161052685058169
"p369": 5.645029269476761E-06
"p370": 0
"p371": 0
"p372": 0
"p373": 0
"p374": 0
"p375": 0
"p376": 3.575185204001949E-05
"p377": 5.645029269476761E-06
