"p315": 3.951520488633732E-05
"p316": 0.007585037661753608
"p317": 0.003055842511210087
"p318": 0.000613426513949808
"p319": 4.1396881309496255E-05
"p320": 6.962202765688005E-05
"p321": 9.408382115794602E-06
"p322": 0
"p323": 0
"p324": 9.972885042742278E-05
"p325": 1.5053411385271363E-05
"p326": 0
"p327": 0
"p328": 9.408382115794602E-06
"p329": 0
"p330": 0
"p331": 0
"p332": 1.1290058538953523E-05
"p333": 0
"p334": 0
"p335": 0
"p336": 7.714873334951573E-05
"p337": 3.7633528463178407E-06
"p338": 0
"p339": 0
"p340": 8.467543904215141E-05
"p341": 3.7633528463178407E-06
"p342": 0
"p343": 0
"p344": 1.1290058538953523E-05
"p345": 5.645029269476761E-06
"p346": 0
"p347": 0
"p348": 1.1290058538953523E-05
"p349": 5.645029269476761E-06
"p350": 0
"p351": 0
"p352": 0.00044219395944234633
"p353": 7.526705692635681E-05
"p354": 5.645029269476761E-06
"p355": 0
"p356": 0.0003688085789391484
"p357": 6.962202765688006E-05
"p358": 5.645029269476761E-06
"p359": 0
"p360": 0.00024085458216434178
"p361": 1.6935087808430286E-05
"p362": 0
"p363": 0
"p364": 6.774035123372114E-05
"p365": 0
"p366": 0
"p367": 0
"p368": 0.000756433922109886
"p369": 0.00013171734962112442
"p370": 5.645029269476761E-06
"p371": 0
"p372": 0.00048735419359816035
"p373": 8.467543904215143E-05
"p374": 5.645029269476761E-06
"p375": 0
"p376": 0.0005155793399455442
"p377": 6.209532196424438E-05
