"p315": 4.139688130949624E-05
"p316": 0.002246721649251751
"p317": 0.000611544837526649
"p318": 6.021364554108545E-05
"p319": 0
"p320": 7.338538050319788E-05
"p321": 1.5053411385271363E-05
"p322": 0
"p323": 0
"p324": 0
"p325": 0
"p326": 0
"p327": 0
"p328": 3.575185204001949E-05
"p329": 3.7633528463178407E-06
"p330": 0
"p331": 0
"p332": 1.1290058538953523E-05
"p333": 0
"p334": 0
"p335": 0
"p336": 0.00011854561465901197
"p337": 1.5053411385271363E-05
"p338": 0
"p339": 0
"p340": 0
"p341": 0
"p342": 0
"p343": 0
"p344": 8.843879188846926E-05
"p345": 9.408382115794602E-06
"p346": 0
"p347": 0
"p348": 3.387017561686057E-05
"p349": 5.645029269476761E-06
"p350": 0
"p351": 0
"p352": 0.00027848811062752024
"p353": 7.714873334951573E-05
"p354": 5.645029269476761E-06
"p355": 0
"p356": 0
"p357": 0
"p358": 0
"p359": 0
"p360": 0.00042714054805707494
"p361": 6.585867481056221E-05
"p362": 5.645029269476761E-06
"p363": 0
"p364": 6.774035123372114E-05
"p365": 0
"p366": 0
"p367": 0
"p368": 0.0004911175464444781
"p369": 0.00011478226181269414
"p370": 5.645029269476761E-06
"p371": 0
"p372": 0
"p373": 0
"p374": 0
"p375": 0
"p376": 0.0011233608246258755
"p377": 0.00019945770085484554
