"p315": 4.3278557732655166E-05
"p316": 0.0012343797335922517
"p317": 0.0003612818732465127
"p318": 1.5053411385271363E-05
"p319": 0
"p320": 9.408382115794602E-06
"p321": 0
"p322": 0
"p323": 0
"p324": 0
"p325": 0
"p326": 0
"p327": 0
"p328": 0.0007451438635709324
"p329": 0.00013359902604428335
"p330": 1.1290058538953523E-05
"p331": 0
"p332": 1.6935087808430282E-05
"p333": 0
"p334": 0
"p335": 0
"p336": 1.8816764231589203E-05
"p337": 0
"p338": 0
"p339": 0
"p340": 0
"p341": 0
"p342": 0
"p343": 0
"p344": 0.0013849138474449655
"p345": 0.0002464996114338186
"p346": 1.1290058538953523E-05
"p347": 0
"p348": 9.596549758110492E-05
"p349": 5.645029269476761E-06
"p350": 0
"p351": 0
"p352": 1.8816764231589204E-06
"p353": 1.8816764231589204E-06
"p354": 0
"p355": 0
"p356": 0
"p357": 0
"p358": 0
"p359": 0
"p360": 0.0003180033155138576
"p361": 3.1988499193701654E-05
"p362": 0
"p363": 0
"p364": 0
"p365": 0
"p366": 0
"p367": 0
"p368": 1.5053411385271363E-05
"p369": 9.408382115794602E-06
"p370": 0
"p371": 0
"p372": 0
"p373": 0
"p374": 0
"p375": 0
"p376": 0.0007601972749562037
"p377": 9.032046831162815E-05
