"p315": 0
"p316": 0.00026719805208856676
"p317": 6.0213645541085445E-05
"p318": 1.1290058538953521E-05
"p319": 0
"p320": 0.00026343469924224885
"p321": 5.45686162716087E-05
"p322": 5.645029269476761E-06
"p323": 0
"p324": 0.0002427362585875007
"p325": 6.585867481056221E-05
"p326": 5.645029269476761E-06
"p327": 0
"p328": 0.00015806081954534932
"p329": 5.645029269476761E-06
"p330": 0
"p331": 0
"p332": 7.33853805031979E-05
"p333": 0
"p334": 0
"p335": 0
"p336": 0.000541922809869769
"p337": 0.00013171734962112442
"p338": 1.6935087808430286E-05
"p339": 0
"p340": 0.00031988499193701646
"p341": 7.526705692635681E-05
"p342": 5.645029269476761E-06
"p343": 0
"p344": 0.00045724737082761767
"p345": 3.387017561686057E-05
"p346": 0
"p347": 0
"p348": 0.0001298356731979655
"p349": 5.645029269476761E-06
"p350": 0
"p351": 0
"p352": 5.080526342529086E-05
"p353": 1.1290058538953523E-05
"p354": 0
"p355": 0
"p356": 6.021364554108545E-05
"p357": 1.6935087808430286E-05
"p358": 0
"p359": 0
"p360": 1.1290058538953523E-05
"p361": 1.8816764231589204E-06
"p362": 0
"p363": 0
"p364": 5.645029269476761E-06
"p365": 1.8816764231589204E-06
"p366": 0
"p367": 0
"p368": 0.00021262943581695803
"p369": 3.3870175616860565E-05
"p370": 0
"p371": 0
"p372": 0.00029165984558963265
"p373": 6.209532196424438E-05
"p374": 0
"p375": 0
"p376": 2.2580117077907045E-05
"p377": 5.645029269476761E-06
