"p315": 0
"p316": 0
"p317": 0
"p318": 0
"p319": 0
"p320": 0.0004290222244802338
"p321": 9.596549758110495E-05
"p322": 5.645029269476761E-06
"p323": 0
"p324": 0
"p325": 0
"p326": 0
"p327": 0
"p328": 0.00037445360820862513
"p329": 5.2686939848449775E-05
"p330": 0
"p331": 0
"p332": 0.0006341249546045561
"p333": 9.784717400426387E-05
"p334": 5.645029269476761E-06
"p335": 0
"p336": 0.00022956452362538827
"p337": 5.8331969117926534E-05
"p338": 5.645029269476761E-06
"p339": 0
"p340": 2.2580117077907045E-05
"p341": 0
"p342": 0
"p343": 0
"p344": 0.0003123582862443808
"p345": 4.327855773265517E-05
"p346": 0
"p347": 0
"p348": 0.0005155793399455441
"p349": 8.655711546531033E-05
"p350": 5.645029269476761E-06
"p351": 0
"p352": 0.0003838619903244197
"p353": 4.5160234155814084E-05
"p354": 0
"p355": 0
"p356": 0
"p357": 0
"p358": 0
"p359": 0
"p360": 0.00018816764231589203
"p361": 2.2580117077907042E-05
"p362": 0
"p363": 0
"p364": 0.00021451111224011685
"p365": 2.2580117077907045E-05
"p366": 0
"p367": 0
"p368": 0.00010725555612005844
"p369": 5.645029269476761E-06
"p370": 0
"p371": 0
"p372": 0
"p373": 0
"p374": 0
"p375": 0
"p376": 3.575185204001949E-05
"p377": 5.645029269476761E-06
