"p315": 0
"p316": 1.6935087808430286E-05
"p317": 3.7633528463178407E-06
"p318": 0
"p319": 0
"p320": 8.467543904215143E-05
"p321": 1.6935087808430282E-05
"p322": 0
"p323": 0
"p324": 6.209532196424438E-05
"p325": 1.6935087808430282E-05
"p326": 0
"p327": 0
"p328": 7.714873334951574E-05
"p329": 0
"p330": 0
"p331": 0
"p332": 3.7633528463178407E-05
"p333": 0
"p334": 0
"p335": 0
"p336": 0
"p337": 0
"p338": 0
"p339": 0
"p340": 0
"p341": 0
"p342": 0
"p343": 0
"p344": 0
"p345": 0
"p346": 0
"p347": 0
"p348": 0
"p349": 0
"p350": 0
"p351": 0
"p352": 0.00011666393823585307
"p353": 1.6935087808430282E-05
"p354": 0
"p355": 0
"p356": 0.00016182417239166716
"p357": 1.6935087808430282E-05
"p358": 0
"p359": 0
"p360": 4.516023415581409E-05
"p361": 1.8816764231589204E-06
"p362": 0
"p363": 0
"p364": 2.0698440654748124E-05
"p365": 1.8816764231589204E-06
"p366": 0
"p367": 0
"p368": 2.0698440654748124E-05
"p369": 0
"p370": 0
"p371": 0
"p372": 3.575185204001949E-05
"p373": 0
"p374": 0
"p375": 0
"p376": 1.8816764231589204E-06
"p377": 1.8816764231589204E-06
