"p315": 0
"p316": 0
"p317": 0
"p318": 0
"p319": 0
"p320": 9.408382115794602E-06
"p321": 0
"p322": 0
"p323": 0
"p324": 1.8816764231589203E-05
"p325": 0
"p326": 0
"p327": 0
"p328": 1.8816764231589204E-06
"p329": 1.8816764231589204E-06
"p330": 0
"p331": 0
"p332": 1.5053411385271363E-05
"p333": 9.408382115794602E-06
"p334": 0
"p335": 0
"p336": 0
"p337": 0
"p338": 0
"p339": 0
"p340": 0
"p341": 0
"p342": 0
"p343": 0
"p344": 0
"p345": 0
"p346": 0
"p347": 0
"p348": 0
"p349": 0
"p350": 0
"p351": 0
"p352": 0.0007451438635709326
"p353": 0.00013359902604428335
"p354": 1.1290058538953523E-05
"p355": 0
"p356": 0.001384913847444965
"p357": 0.0002464996114338186
"p358": 1.1290058538953523E-05
"p359": 0
"p360": 0.0003180033155138575
"p361": 3.1988499193701654E-05
"p362": 0
"p363": 0
"p364": 0.0007601972749562039
"p365": 9.032046831162815E-05
"p366": 0
"p367": 0
"p368": 1.6935087808430282E-05
"p369": 0
"p370": 0
"p371": 0
"p372": 9.596549758110492E-05
"p373": 5.645029269476761E-06
"p374": 0
"p375": 0
"p376": 0
"p377": 0
