"p315": 1.8816764231589203E-05
"p316": 0.002954231984359507
"p317": 0.0008222925969204483
"p318": 8.091208619583357E-05
"p319": 1.8816764231589204E-06
"p320": 0.0006849302180298468
"p321": 0.0001975760244316866
"p322": 2.0698440654748124E-05
"p323": 0
"p324": 0
"p325": 0
"p326": 0
"p327": 0
"p328": 0.00025402631712645424
"p329": 3.010682277054273E-05
"p330": 0
"p331": 0
"p332": 0.00026907972851172564
"p333": 5.645029269476761E-05
"p334": 5.645029269476761E-06
"p335": 0
"p336": 0.0005306327513308156
"p337": 0.00013548070246744226
"p338": 2.2580117077907045E-05
"p339": 0
"p340": 1.1290058538953521E-05
"p341": 0
"p342": 0
"p343": 0
"p344": 0.00042337719521075713
"p345": 7.903040977267465E-05
"p346": 0
"p347": 0
"p348": 0.000333056726899129
"p349": 0.00012795399677480656
"p350": 1.1290058538953523E-05
"p351": 0
"p352": 0.0031066477746353773
"p353": 0.0010537387969689956
"p354": 0.00017875926020009743
"p355": 7.5267056926356815E-06
"p356": 0
"p357": 0
"p358": 0
"p359": 0
"p360": 0.004226245246414936
"p361": 0.001038685385583724
"p362": 0.0001298356731979655
"p363": 7.5267056926356815E-06
"p364": 0.00148087934502607
"p365": 0.0002728430813580434
"p366": 2.258011707790704E-05
"p367": 0
"p368": 0.003791577992665225
"p369": 0.0014488908458323685
"p370": 0.00031800331551385747
"p371": 4.139688130949624E-05
"p372": 1.505341138527136E-05
"p373": 0
"p374": 0
"p375": 0
"p376": 0.007186122260043918
"p377": 0.0020641990362053357
