"p315": 0
"p316": 0.0003255300212064932
"p317": 5.080526342529085E-05
"p318": 0
"p319": 0
"p320": 5.645029269476761E-06
"p321": 0
"p322": 0
"p323": 0
"p324": 0
"p325": 0
"p326": 0
"p327": 0
"p328": 0.0005513311919855637
"p329": 0.00012607232035164768
"p330": 1.1290058538953523E-05
"p331": 0
"p332": 5.645029269476761E-06
"p333": 0
"p334": 0
"p335": 0
"p336": 3.387017561686057E-05
"p337": 0
"p338": 0
"p339": 0
"p340": 0
"p341": 0
"p342": 0
"p343": 0
"p344": 0.0011497042945501003
"p345": 0.0002577896699727721
"p346": 2.2580117077907045E-05
"p347": 0
"p348": 0.00010161052685058169
"p349": 5.645029269476761E-06
"p350": 0
"p351": 0
"p352": 0
"p353": 0
"p354": 0
"p355": 0
"p356": 0
"p357": 0
"p358": 0
"p359": 0
"p360": 0.00011666393823585305
"p361": 2.8225146347383805E-05
"p362": 0
"p363": 0
"p364": 0
"p365": 0
"p366": 0
"p367": 0
"p368": 2.2580117077907045E-05
"p369": 3.7633528463178407E-06
"p370": 0
"p371": 0
"p372": 0
"p373": 0
"p374": 0
"p375": 0
"p376": 0.0005005259285602729
"p377": 9.596549758110495E-05
