"p315": 7.5267056926356815E-06
"p316": 0.00428834056837918
"p317": 0.0013378719368659924
"p318": 0.00019004931873905096
"p319": 1.3171734962112444E-05
"p320": 0.010036862041129682
"p321": 0.004975152462832185
"p322": 0.0014996961092576596
"p323": 0.0002295645236253883
"p324": 0.009208924414939756
"p325": 0.004986442521371139
"p326": 0.0016690469873419627
"p327": 0.0003669269025159895
"p328": 0.008347116613132973
"p329": 0.00362599046742724
"p330": 0.0008712161839225803
"p331": 3.951520488633732E-05
"p332": 0.0071014468210017665
"p333": 0.00289213666239526
"p334": 0.0006058998082571723
"p335": 4.1396881309496255E-05
"p336": 3.198849919370164E-05
"p337": 5.645029269476761E-06
"p338": 0
"p339": 0
"p340": 0.0002954231984359505
"p341": 6.585867481056221E-05
"p342": 5.645029269476761E-06
"p343": 0
"p344": 0
"p345": 0
"p346": 0
"p347": 0
"p348": 2.6343469924224884E-05
"p349": 1.1290058538953523E-05
"p350": 0
"p351": 0
"p352": 0.012127404547259243
"p353": 0.004926228875830053
"p354": 0.0012005095579753911
"p355": 0.00013548070246744229
"p356": 0.018081028750134075
"p357": 0.008305719731823476
"p358": 0.002282473501291771
"p359": 0.0002747247577812024
"p360": 0.005868948763832674
"p361": 0.002182744650864348
"p362": 0.00042337719521075713
"p363": 1.1290058538953523E-05
"p364": 0.004726771174975208
"p365": 0.0015053411385271363
"p366": 0.00023709122931802394
"p367": 1.3171734962112444E-05
"p368": 0.010744372376237436
"p369": 0.0037915779926652247
"p370": 0.0007940674505730644
"p371": 8.843879188846926E-05
"p372": 0.013160444903573492
"p373": 0.005419228098697691
"p374": 0.0012230896750532983
"p375": 0.0001091372325432174
"p376": 0.004468981505002436
"p377": 0.001371742112482853
