"p315": 1.6935087808430282E-05
"p316": 0.005782391648367363
"p317": 0.002233549914289638
"p318": 0.0004233771952107571
"p319": 1.8816764231589203E-05
"p320": 0
"p321": 0
"p322": 0
"p323": 0
"p324": 7.5267056926356815E-06
"p325": 0
"p326": 0
"p327": 0
"p328": 0.00040456043097916787
"p329": 8.091208619583358E-05
"p330": 5.645029269476761E-06
"p331": 0
"p332": 0.0007319721286088199
"p333": 0.0002051027301243223
"p334": 2.0698440654748124E-05
"p335": 0
"p336": 3.763352846317839E-05
"p337": 0
"p338": 0
"p339": 0
"p340": 0.00016182417239166713
"p341": 1.8816764231589203E-05
"p342": 0
"p343": 0
"p344": 0.0004929992228676371
"p345": 0.00010913723254321738
"p346": 1.1290058538953523E-05
"p347": 0
"p348": 0.0005456861627160869
"p349": 0.00014300740816007793
"p350": 2.2580117077907045E-05
"p351": 0
"p352": 0.00020510273012432225
"p353": 3.387017561686056E-05
"p354": 0
"p355": 0
"p356": 0.0001712325545074617
"p357": 2.634346992422488E-05
"p358": 0
"p359": 0
"p360": 0.0046740842351267586
"p361": 0.001223089675053298
"p362": 0.00015241579027587256
"p363": 7.5267056926356815E-06
"p364": 0.003385135885262897
"p365": 0.001087608972585856
"p366": 0.00017875926020009743
"p367": 7.5267056926356815E-06
"p368": 0.0008900329481541693
"p369": 0.0002088660829706401
"p370": 2.634346992422488E-05
"p371": 0
"p372": 0.00034622846186124133
"p373": 3.76335284631784E-05
"p374": 0
"p375": 0
"p376": 0.007496598869865142
"p377": 0.0023257520590244246
