"p315": 1.3171734962112444E-05
"p316": 0.0021225310053232613
"p317": 0.0007206820700698663
"p318": 8.091208619583358E-05
"p319": 3.7633528463178407E-06
"p320": 0.00027096140493488457
"p321": 5.8331969117926534E-05
"p322": 5.645029269476761E-06
"p323": 0
"p324": 0
"p325": 0
"p326": 0
"p327": 0
"p328": 0.0005475678391392458
"p329": 7.526705692635683E-05
"p330": 5.645029269476761E-06
"p331": 0
"p332": 7.33853805031979E-05
"p333": 0
"p334": 0
"p335": 0
"p336": 0.0002954231984359505
"p337": 6.585867481056222E-05
"p338": 5.645029269476761E-06
"p339": 0
"p340": 0
"p341": 0
"p342": 0
"p343": 0
"p344": 0.0011402959124343058
"p345": 0.00018064093662325636
"p346": 5.645029269476761E-06
"p347": 0
"p348": 9.596549758110493E-05
"p349": 5.645029269476761E-06
"p350": 0
"p351": 0
"p352": 0.0001674692016611439
"p353": 1.8816764231589203E-05
"p354": 0
"p355": 0
"p356": 0
"p357": 0
"p358": 0
"p359": 0
"p360": 0.00015429746669903146
"p361": 1.8816764231589203E-05
"p362": 0
"p363": 0
"p364": 5.645029269476761E-06
"p365": 5.645029269476761E-06
"p366": 0
"p367": 0
"p368": 0.00035187349113071807
"p369": 4.516023415581409E-05
"p370": 0
"p371": 0
"p372": 0
"p373": 0
"p374": 0
"p375": 0
"p376": 0.00040456043097916787
"p377": 5.080526342529084E-05
