"p315": 7.5267056926356815E-06
"p316": 0.0042224818935686186
"p317": 0.001558028078375586
"p318": 0.0003010682277054273
"p319": 7.5267056926356815E-06
"p320": 5.080526342529085E-05
"p321": 5.645029269476761E-06
"p322": 0
"p323": 0
"p324": 2.2580117077907045E-05
"p325": 0
"p326": 0
"p327": 0
"p328": 0.0005983731025645366
"p329": 0.00011666393823585307
"p330": 1.1290058538953523E-05
"p331": 0
"p332": 0.0003274116976296521
"p333": 6.962202765688006E-05
"p334": 5.645029269476761E-06
"p335": 0
"p336": 0
"p337": 0
"p338": 0
"p339": 0
"p340": 0
"p341": 0
"p342": 0
"p343": 0
"p344": 0
"p345": 0
"p346": 0
"p347": 0
"p348": 1.6935087808430286E-05
"p349": 0
"p350": 0
"p351": 0
"p352": 2.2580117077907045E-05
"p353": 0
"p354": 0
"p355": 0
"p356": 1.6935087808430282E-05
"p357": 0
"p358": 0
"p359": 0
"p360": 0.0002747247577812024
"p361": 5.45686162716087E-05
"p362": 5.645029269476761E-06
"p363": 0
"p364": 0.00015994249596850823
"p365": 2.8225146347383808E-05
"p366": 0
"p367": 0
"p368": 9.408382115794602E-06
"p369": 0
"p370": 0
"p371": 0
"p372": 2.2580117077907045E-05
"p373": 3.7633528463178407E-06
"p374": 0
"p375": 0
"p376": 0.0005325144277539746
"p377": 9.4083821157946E-05
