"p315": 4.139688130949625E-05
"p316": 0.004773813085554181
"p317": 0.0017612491320767494
"p318": 0.00035563684397703593
"p319": 4.51602341558141E-05
"p320": 0.0018308711597336297
"p321": 0.0007771323627646341
"p322": 0.00018440428946957417
"p323": 3.0106822770542726E-05
"p324": 0.00031988499193701646
"p325": 7.526705692635683E-05
"p326": 5.645029269476761E-06
"p327": 0
"p328": 0.021644923895597072
"p329": 0.010533624616843639
"p330": 0.0031386362738290794
"p331": 0.000547567839139246
"p332": 0.01012718250944131
"p333": 0.004205546805760187
"p334": 0.0010236319741984527
"p335": 0.00010537387969689955
"p336": 0.00013548070246744223
"p337": 3.3870175616860565E-05
"p338": 0
"p339": 0
"p340": 0
"p341": 0
"p342": 0
"p343": 0
"p344": 0.00025402631712645424
"p345": 5.080526342529086E-05
"p346": 5.645029269476761E-06
"p347": 0
"p348": 1.1290058538953523E-05
"p349": 3.7633528463178407E-06
"p350": 0
"p351": 0
"p352": 0.0012588415270933175
"p353": 0.0004327855773265517
"p354": 9.408382115794602E-05
"p355": 1.6935087808430282E-05
"p356": 1.6935087808430282E-05
"p357": 0
"p358": 0
"p359": 0
"p360": 0.027993700147335272
"p361": 0.012232778426956147
"p362": 0.0031819148315617354
"p363": 0.0003669269025159895
"p364": 0.009619129875188401
"p365": 0.003164979743753304
"p366": 0.0005701479562171529
"p367": 4.892358700213193E-05
"p368": 0.0014978144328345003
"p369": 0.0006077814846803312
"p370": 0.00013359902604428333
"p371": 1.8816764231589203E-05
"p372": 3.3870175616860565E-05
"p373": 0
"p374": 0
"p375": 0
"p376": 0.022736296221029247
"p377": 0.008473188933484622
