"p315": 0
"p316": 6.585867481056221E-05
"p317": 5.645029269476761E-06
"p318": 0
"p319": 0
"p320": 5.64502926947676E-05
"p321": 5.645029269476761E-06
"p322": 0
"p323": 0
"p324": 0
"p325": 0
"p326": 0
"p327": 0
"p328": 1.8816764231589203E-05
"p329": 0
"p330": 0
"p331": 0
"p332": 2.0698440654748124E-05
"p333": 0
"p334": 0
"p335": 0
"p336": 1.1290058538953523E-05
"p337": 0
"p338": 0
"p339": 0
"p340": 0
"p341": 0
"p342": 0
"p343": 0
"p344": 1.5053411385271363E-05
"p345": 1.8816764231589204E-06
"p346": 0
"p347": 0
"p348": 1.8816764231589203E-05
"p349": 9.408382115794602E-06
"p350": 0
"p351": 0
"p352": 0.0007112736879540719
"p353": 0.00013548070246744229
"p354": 5.645029269476761E-06
"p355": 0
"p356": 0
"p357": 0
"p358": 0
"p359": 0
"p360": 0.0005362777806002923
"p361": 6.962202765688005E-05
"p362": 0
"p363": 0
"p364": 0.0007903040977267466
"p365": 0.00011478226181269414
"p366": 5.645029269476761E-06
"p367": 0
"p368": 0.0003085949333980629
"p369": 6.39769983874033E-05
"p370": 5.645029269476761E-06
"p371": 0
"p372": 2.2580117077907045E-05
"p373": 0
"p374": 0
"p375": 0
"p376": 0.00034058343259176454
"p377": 4.327855773265517E-05
