"p315": 0.0001392440553137601
"p316": 0.004064421074023268
"p317": 0.0013792688181754886
"p318": 0.00023144620004854718
"p319": 2.6343469924224887E-05
"p320": 1.1290058538953523E-05
"p321": 0
"p322": 0
"p323": 0
"p324": 0
"p325": 0
"p326": 0
"p327": 0
"p328": 0.0010142235920826582
"p329": 0.0001938126715853688
"p330": 1.1290058538953523E-05
"p331": 0
"p332": 7.33853805031979E-05
"p333": 5.645029269476761E-06
"p334": 0
"p335": 0
"p336": 0
"p337": 0
"p338": 0
"p339": 0
"p340": 0
"p341": 0
"p342": 0
"p343": 0
"p344": 2.258011707790704E-05
"p345": 0
"p346": 0
"p347": 0
"p348": 0
"p349": 0
"p350": 0
"p351": 0
"p352": 1.5053411385271363E-05
"p353": 1.8816764231589204E-06
"p354": 0
"p355": 0
"p356": 0
"p357": 0
"p358": 0
"p359": 0
"p360": 0.0008843879188846924
"p361": 0.000118545614659012
"p362": 0
"p363": 0
"p364": 2.8225146347383808E-05
"p365": 0
"p366": 0
"p367": 0
"p368": 1.8816764231589203E-05
"p369": 9.408382115794602E-06
"p370": 0
"p371": 0
"p372": 0
"p373": 0
"p374": 0
"p375": 0
"p376": 0.0012870666734407015
"p377": 0.00019004931873905094
