"p315": 0
"p316": 0.0018685046881968077
"p317": 0.0006811668651835292
"p318": 8.655711546531033E-05
"p319": 0
"p320": 0.00019381267158536877
"p321": 3.387017561686056E-05
"p322": 0
"p323": 0
"p324": 0.00015617914312219037
"p325": 2.634346992422488E-05
"p326": 0
"p327": 0
"p328": 0.0038706084024378996
"p329": 0.0010725555612005847
"p330": 0.00014112573173691902
"p331": 7.5267056926356815E-06
"p332": 0.0025816600525740393
"p333": 0.0008825062424615336
"p334": 0.00015994249596850823
"p335": 7.5267056926356815E-06
"p336": 0.0008881512717310104
"p337": 0.0002088660829706401
"p338": 2.634346992422488E-05
"p339": 0
"p340": 0.000353755167553877
"p341": 3.76335284631784E-05
"p342": 0
"p343": 0
"p344": 0.006145555198037035
"p345": 0.0019738785678937074
"p346": 0.0003330567268991288
"p347": 4.139688130949624E-05
"p348": 0.0033719641503007856
"p349": 0.0012136812929375038
"p350": 0.0002464996114338186
"p351": 4.139688130949624E-05
"p352": 1.6935087808430282E-05
"p353": 0
"p354": 0
"p355": 0
"p356": 2.0698440654748124E-05
"p357": 5.6450292694767605E-06
"p358": 0
"p359": 0
"p360": 0.0011252425010490341
"p361": 0.00022203781793275263
"p362": 2.2580117077907045E-05
"p363": 0
"p364": 0.001151585970973259
"p365": 0.0002878964927433148
"p366": 3.0106822770542726E-05
"p367": 0
"p368": 0.00010537387969689954
"p369": 2.2580117077907042E-05
"p370": 0
"p371": 0
"p372": 0.0002163927886632758
"p373": 7.338538050319788E-05
"p374": 1.505341138527136E-05
"p375": 0
"p376": 0.0023972557631044646
"p377": 0.0005720296326403116
