"p315": 1.8816764231589204E-06
"p316": 0.002346450499679174
"p317": 0.0005870830440255831
"p318": 3.5751852040019496E-05
"p319": 1.8816764231589204E-06
"p320": 0.00038009863747810193
"p321": 7.903040977267466E-05
"p322": 5.645029269476761E-06
"p323": 0
"p324": 0.0007206820700698663
"p325": 0.0002051027301243223
"p326": 2.0698440654748124E-05
"p327": 0
"p328": 4.704191057897301E-05
"p329": 1.8816764231589204E-06
"p330": 0
"p331": 0
"p332": 9.220214473478709E-05
"p333": 0
"p334": 0
"p335": 0
"p336": 0.0004553656944044588
"p337": 0.00010537387969689954
"p338": 1.1290058538953523E-05
"p339": 0
"p340": 0.0005456861627160868
"p341": 0.00013548070246744226
"p342": 2.2580117077907045E-05
"p343": 0
"p344": 9.032046831162815E-05
"p345": 3.7633528463178407E-05
"p346": 0
"p347": 0
"p348": 0.0002201561415095937
"p349": 7.526705692635681E-05
"p350": 0
"p351": 0
"p352": 0.003464166295035573
"p353": 0.0010085785628131813
"p354": 0.00014488908458323686
"p355": 7.5267056926356815E-06
"p356": 0.00311981950959749
"p357": 0.0010537387969689956
"p358": 0.00017875926020009743
"p359": 7.5267056926356815E-06
"p360": 0.001763130808499908
"p361": 0.0002935415220127916
"p362": 7.5267056926356815E-06
"p363": 0
"p364": 0.0007714873334951574
"p365": 8.279376261899248E-05
"p366": 0
"p367": 0
"p368": 0.00495257234575428
"p369": 0.0016878637515735512
"p370": 0.00032364834478333426
"p371": 4.139688130949624E-05
"p372": 0.0037953413455115437
"p373": 0.001460180904371322
"p374": 0.00031800331551385747
"p375": 4.139688130949624E-05
"p376": 0.0033531473860691965
"p377": 0.0008919146245773281
