"p315": 7.714873334951573E-05
"p316": 0.010223148007022419
"p317": 0.004312802361880246
"p318": 0.0009483649172720959
"p319": 9.22021447347871E-05
"p320": 0
"p321": 0
"p322": 0
"p323": 0
"p324": 5.645029269476761E-06
"p325": 0
"p326": 0
"p327": 0
"p328": 8.27937626189925E-05
"p329": 3.7633528463178407E-06
"p330": 0
"p331": 0
"p332": 6.774035123372114E-05
"p333": 3.7633528463178407E-06
"p334": 0
"p335": 0
"p336": 0
"p337": 0
"p338": 0
"p339": 0
"p340": 0
"p341": 0
"p342": 0
"p343": 0
"p344": 0
"p345": 0
"p346": 0
"p347": 0
"p348": 1.6935087808430286E-05
"p349": 0
"p350": 0
"p351": 0
"p352": 7.33853805031979E-05
"p353": 5.645029269476761E-06
"p354": 0
"p355": 0
"p356": 2.4461793501065963E-05
"p357": 0
"p358": 0
"p359": 0
"p360": 0.0011911011758595964
"p361": 0.00019757602443168663
"p362": 5.645029269476761E-06
"p363": 0
"p364": 0.0006002547789876956
"p365": 9.972885042742277E-05
"p366": 5.645029269476761E-06
"p367": 0
"p368": 5.645029269476761E-06
"p369": 0
"p370": 0
"p371": 0
"p372": 3.7633528463178407E-06
"p373": 0
"p374": 0
"p375": 0
"p376": 0.0006322432781813973
"p377": 8.27937626189925E-05
