"p315": 1.1290058538953523E-05
"p316": 0.005227297103535481
"p317": 0.0017123255450746174
"p318": 0.0003161216390906986
"p319": 2.822514634738381E-05
"p320": 0.0018308711597336293
"p321": 0.000777132362764634
"p322": 0.00018440428946957417
"p323": 3.0106822770542726E-05
"p324": 0.00013548070246744226
"p325": 3.3870175616860565E-05
"p326": 0
"p327": 0
"p328": 0.0012588415270933177
"p329": 0.0004327855773265517
"p330": 9.408382115794602E-05
"p331": 1.6935087808430282E-05
"p332": 0.0014978144328345003
"p333": 0.0006077814846803312
"p334": 0.00013359902604428333
"p335": 1.8816764231589203E-05
"p336": 0.00031988499193701646
"p337": 7.526705692635683E-05
"p338": 5.645029269476761E-06
"p339": 0
"p340": 0
"p341": 0
"p342": 0
"p343": 0
"p344": 1.6935087808430282E-05
"p345": 0
"p346": 0
"p347": 0
"p348": 3.3870175616860565E-05
"p349": 0
"p350": 0
"p351": 0
"p352": 0.021644923895597065
"p353": 0.010533624616843637
"p354": 0.003138636273829079
"p355": 0.0005475678391392459
"p356": 0.0002540263171264543
"p357": 5.080526342529086E-05
"p358": 5.645029269476761E-06
"p359": 0
"p360": 0.027993700147335272
"p361": 0.012232778426956144
"p362": 0.0031819148315617345
"p363": 0.00036692690251598946
"p364": 0.02273629622102924
"p365": 0.00847318893348462
"p366": 0.001776302543462021
"p367": 0.00016370584881482604
"p368": 0.010127182509441312
"p369": 0.004205546805760187
"p370": 0.0010236319741984525
"p371": 0.00010537387969689954
"p372": 1.1290058538953523E-05
"p373": 3.7633528463178407E-06
"p374": 0
"p375": 0
"p376": 0.009619129875188405
"p377": 0.0031649797437533034
