"p315": 9.408382115794602E-06
"p316": 0.001988931979278979
"p317": 0.0006585867481056221
"p318": 8.279376261899248E-05
"p319": 5.645029269476761E-06
"p320": 7.714873334951573E-05
"p321": 3.7633528463178407E-06
"p322": 0
"p323": 0
"p324": 6.774035123372114E-05
"p325": 3.7633528463178407E-06
"p326": 0
"p327": 0
"p328": 1.1290058538953523E-05
"p329": 5.645029269476761E-06
"p330": 0
"p331": 0
"p332": 1.1290058538953523E-05
"p333": 5.645029269476761E-06
"p334": 0
"p335": 0
"p336": 0
"p337": 0
"p338": 0
"p339": 0
"p340": 1.6935087808430286E-05
"p341": 0
"p342": 0
"p343": 0
"p344": 0
"p345": 0
"p346": 0
"p347": 0
"p348": 0
"p349": 0
"p350": 0
"p351": 0
"p352": 0.0007526705692635681
"p353": 0.00014112573173691902
"p354": 5.645029269476761E-06
"p355": 0
"p356": 0.0004929992228676371
"p357": 9.408382115794602E-05
"p358": 5.645029269476761E-06
"p359": 0
"p360": 0.0005626212505245172
"p361": 6.209532196424438E-05
"p362": 0
"p363": 0
"p364": 0.00013548070246744226
"p365": 5.645029269476761E-06
"p366": 0
"p367": 0
"p368": 0.00048359084075184255
"p369": 6.585867481056221E-05
"p370": 5.645029269476761E-06
"p371": 0
"p372": 0.00043466725374971055
"p373": 6.585867481056221E-05
"p374": 5.645029269476761E-06
"p375": 0
"p376": 0.0001994577008548455
"p377": 1.6935087808430286E-05
