"p315": 0
"p316": 5.268693984844976E-05
"p317": 5.645029269476761E-06
"p318": 0
"p319": 0
"p320": 0
"p321": 0
"p322": 0
"p323": 0
"p324": 0
"p325": 0
"p326": 0
"p327": 0
"p328": 7.33853805031979E-05
"p329": 5.645029269476761E-06
"p330": 0
"p331": 0
"p332": 5.645029269476761E-06
"p333": 0
"p334": 0
"p335": 0
"p336": 5.645029269476761E-06
"p337": 0
"p338": 0
"p339": 0
"p340": 0
"p341": 0
"p342": 0
"p343": 0
"p344": 2.4461793501065963E-05
"p345": 0
"p346": 0
"p347": 0
"p348": 3.7633528463178407E-06
"p349": 0
"p350": 0
"p351": 0
"p352": 8.279376261899248E-05
"p353": 3.7633528463178407E-06
"p354": 0
"p355": 0
"p356": 0
"p357": 0
"p358": 0
"p359": 0
"p360": 0.0011911011758595964
"p361": 0.00019757602443168663
"p362": 5.645029269476761E-06
"p363": 0
"p364": 0.0006322432781813973
"p365": 8.27937626189925E-05
"p366": 5.645029269476761E-06
"p367": 0
"p368": 6.774035123372114E-05
"p369": 3.7633528463178407E-06
"p370": 0
"p371": 0
"p372": 1.6935087808430286E-05
"p373": 0
"p374": 0
"p375": 0
"p376": 0.0006002547789876956
"p377": 9.972885042742278E-05
