"p315": 3.575185204001948E-05
"p316": 0.002589186758266676
"p317": 0.0007489072164172503
"p318": 8.843879188846925E-05
"p319": 1.8816764231589204E-06
"p320": 7.5267056926356815E-06
"p321": 0
"p322": 0
"p323": 0
"p324": 0
"p325": 0
"p326": 0
"p327": 0
"p328": 0.0009163764180783941
"p329": 0.00022768284720222937
"p330": 2.0698440654748124E-05
"p331": 0
"p332": 0.00018816764231589203
"p333": 5.645029269476761E-05
"p334": 5.645029269476761E-06
"p335": 0
"p336": 0.00016182417239166713
"p337": 1.8816764231589203E-05
"p338": 0
"p339": 0
"p340": 0
"p341": 0
"p342": 0
"p343": 0
"p344": 0.0009013230066931226
"p345": 0.0001806409366232563
"p346": 2.2580117077907045E-05
"p347": 0
"p348": 0.0001618241723916671
"p349": 6.0213645541085445E-05
"p350": 1.1290058538953523E-05
"p351": 0
"p352": 0.0001712325545074617
"p353": 2.634346992422488E-05
"p354": 0
"p355": 0
"p356": 0
"p357": 0
"p358": 0
"p359": 0
"p360": 0.006924569237224827
"p361": 0.0020472639483969054
"p362": 0.00030859493339806287
"p363": 1.5053411385271363E-05
"p364": 0.001008578562813181
"p365": 0.00022391949435591148
"p366": 2.258011707790704E-05
"p367": 0
"p368": 0.00034622846186124133
"p369": 3.76335284631784E-05
"p370": 0
"p371": 0
"p372": 3.3870175616860565E-05
"p373": 0
"p374": 0
"p375": 0
"p376": 0.010761307464045865
"p377": 0.0033776091795702616
