"p315": 0
"p316": 5.645029269476761E-06
"p317": 0
"p318": 0
"p319": 0
"p320": 6.962202765688005E-05
"p321": 9.408382115794602E-06
"p322": 0
"p323": 0
"p324": 7.714873334951572E-05
"p325": 3.7633528463178407E-06
"p326": 0
"p327": 0
"p328": 0.0004421939594423463
"p329": 7.526705692635681E-05
"p330": 5.645029269476761E-06
"p331": 0
"p332": 0.000756433922109886
"p333": 0.00013171734962112442
"p334": 5.645029269476761E-06
"p335": 0
"p336": 9.972885042742278E-05
"p337": 1.5053411385271361E-05
"p338": 0
"p339": 0
"p340": 8.46754390421514E-05
"p341": 3.7633528463178407E-06
"p342": 0
"p343": 0
"p344": 0.0003688085789391484
"p345": 6.962202765688006E-05
"p346": 5.645029269476761E-06
"p347": 0
"p348": 0.00048735419359816035
"p349": 8.467543904215143E-05
"p350": 5.645029269476761E-06
"p351": 0
"p352": 9.408382115794602E-06
"p353": 0
"p354": 0
"p355": 0
"p356": 1.1290058538953523E-05
"p357": 5.645029269476761E-06
"p358": 0
"p359": 0
"p360": 0.00024085458216434175
"p361": 1.6935087808430286E-05
"p362": 0
"p363": 0
"p364": 0.0005155793399455441
"p365": 6.209532196424438E-05
"p366": 0
"p367": 0
"p368": 1.1290058538953523E-05
"p369": 0
"p370": 0
"p371": 0
"p372": 1.1290058538953523E-05
"p373": 5.645029269476761E-06
"p374": 0
"p375": 0
"p376": 6.774035123372114E-05
"p377": 0
