"p315": 0
"p316": 0.0005099343106760674
"p317": 0.00010349220327374062
"p318": 1.1290058538953521E-05
"p319": 0
"p320": 0.0002427362585875007
"p321": 6.585867481056221E-05
"p322": 5.645029269476761E-06
"p323": 0
"p324": 0
"p325": 0
"p326": 0
"p327": 0
"p328": 0.0003876253431707376
"p329": 6.021364554108545E-05
"p330": 5.645029269476761E-06
"p331": 0
"p332": 7.33853805031979E-05
"p333": 0
"p334": 0
"p335": 0
"p336": 0.00031988499193701646
"p337": 7.526705692635681E-05
"p338": 5.645029269476761E-06
"p339": 0
"p340": 0
"p341": 0
"p342": 0
"p343": 0
"p344": 0.000999170180697387
"p345": 0.00018252261304641527
"p346": 1.6935087808430286E-05
"p347": 0
"p348": 0.0001298356731979655
"p349": 5.645029269476761E-06
"p350": 0
"p351": 0
"p352": 6.021364554108545E-05
"p353": 1.6935087808430286E-05
"p354": 0
"p355": 0
"p356": 0
"p357": 0
"p358": 0
"p359": 0
"p360": 6.209532196424438E-05
"p361": 1.3171734962112444E-05
"p362": 0
"p363": 0
"p364": 5.645029269476761E-06
"p365": 1.8816764231589204E-06
"p366": 0
"p367": 0
"p368": 0.0002935415220127916
"p369": 6.209532196424438E-05
"p370": 0
"p371": 0
"p372": 0
"p373": 0
"p374": 0
"p375": 0
"p376": 0.00021639278866327584
"p377": 3.9515204886337324E-05
