"p315": 0
"p316": 0.0004290222244802338
"p317": 0.00012042729108217089
"p318": 1.1290058538953523E-05
"p319": 0
"p320": 0.0027980528412373147
"p321": 0.0008693345074994211
"p322": 0.00013359902604428333
"p323": 7.5267056926356815E-06
"p324": 0.0023389237939865377
"p325": 0.0008486360668446731
"p326": 0.00015994249596850823
"p327": 7.5267056926356815E-06
"p328": 0.0016163600474935124
"p329": 0.00028225146347383805
"p330": 7.5267056926356815E-06
"p331": 0
"p332": 0.0007771323627646341
"p333": 8.279376261899248E-05
"p334": 0
"p335": 0
"p336": 0.0038009863747810193
"p337": 0.0013660970832133758
"p338": 0.0002747247577812024
"p339": 4.139688130949624E-05
"p340": 0.0022241415321738434
"p341": 0.0009257848001941886
"p342": 0.00022015614150959367
"p343": 4.139688130949624E-05
"p344": 0.00313863627382908
"p345": 0.0008618078018067854
"p346": 8.467543904215141E-05
"p347": 0
"p348": 0.001315291819788085
"p349": 0.0003217666683601754
"p350": 2.634346992422488E-05
"p351": 0
"p352": 0.0009577732993878902
"p353": 0.0002107477593937991
"p354": 2.2580117077907045E-05
"p355": 0
"p356": 0.001129005853895352
"p357": 0.0002878964927433148
"p358": 3.0106822770542726E-05
"p359": 0
"p360": 0.0002107477593937991
"p361": 3.387017561686057E-05
"p362": 0
"p363": 0
"p364": 5.645029269476761E-05
"p365": 2.2580117077907045E-05
"p366": 0
"p367": 0
"p368": 0.00212629435816958
"p369": 0.000541922809869769
"p370": 6.021364554108546E-05
"p371": 0
"p372": 0.0025496715533803362
"p373": 0.0008505177432678321
"p374": 0.00013548070246744226
"p375": 0
"p376": 0.00036692690251598946
"p377": 6.962202765688005E-05
