"p315": 5.645029269476761E-06
"p316": 0.0032609452413344094
"p317": 0.0011534676473964184
"p318": 0.0001561791431221904
"p319": 5.645029269476761E-06
"p320": 0.0007319721286088198
"p321": 0.00017499590735377957
"p322": 2.634346992422488E-05
"p323": 0
"p324": 0.0002559079935496131
"p325": 2.2580117077907042E-05
"p326": 0
"p327": 0
"p328": 0.004723007822128891
"p329": 0.0014225473759081435
"p330": 0.00022956452362538825
"p331": 1.8816764231589203E-05
"p332": 0.0027303124900035936
"p333": 0.0009220214473478707
"p334": 0.00017875926020009743
"p335": 1.8816764231589203E-05
"p336": 0
"p337": 0
"p338": 0
"p339": 0
"p340": 1.1290058538953523E-05
"p341": 0
"p342": 0
"p343": 0
"p344": 5.645029269476761E-06
"p345": 0
"p346": 0
"p347": 0
"p348": 8.091208619583358E-05
"p349": 3.7633528463178407E-06
"p350": 0
"p351": 0
"p352": 0.0002464996114338186
"p353": 3.76335284631784E-05
"p354": 0
"p355": 0
"p356": 0.0001768775837769385
"p357": 2.4461793501065963E-05
"p358": 0
"p359": 0
"p360": 0.0031160561567511735
"p361": 0.0008204109204972891
"p362": 0.00012230896750532982
"p363": 2.258011707790704E-05
"p364": 0.0023088169712159956
"p365": 0.0006510600424129863
"p366": 9.408382115794599E-05
"p367": 2.258011707790704E-05
"p368": 0.00020698440654748124
"p369": 4.516023415581408E-05
"p370": 0
"p371": 0
"p372": 0.0003029499041285862
"p373": 9.596549758110493E-05
"p374": 1.505341138527136E-05
"p375": 0
"p376": 0.005643147593053602
"p377": 0.001509104491373454
