"p315": 0.0002671980520885667
"p316": 0.01122984489341244
"p317": 0.004581882090391971
"p318": 0.0010029335335437046
"p319": 8.655711546531035E-05
"p320": 9.972885042742278E-05
"p321": 1.5053411385271363E-05
"p322": 0
"p323": 0
"p324": 0
"p325": 0
"p326": 0
"p327": 0
"p328": 3.575185204001949E-05
"p329": 1.8816764231589204E-06
"p330": 0
"p331": 0
"p332": 4.892358700213193E-05
"p333": 7.5267056926356815E-06
"p334": 0
"p335": 0
"p336": 8.467543904215141E-05
"p337": 3.7633528463178407E-06
"p338": 0
"p339": 0
"p340": 0
"p341": 0
"p342": 0
"p343": 0
"p344": 5.8331969117926534E-05
"p345": 5.645029269476761E-06
"p346": 0
"p347": 0
"p348": 4.139688130949625E-05
"p349": 9.408382115794602E-06
"p350": 0
"p351": 0
"p352": 0.0003688085789391484
"p353": 6.962202765688006E-05
"p354": 5.645029269476761E-06
"p355": 0
"p356": 0
"p357": 0
"p358": 0
"p359": 0
"p360": 0.0006284799253350794
"p361": 8.091208619583358E-05
"p362": 5.645029269476761E-06
"p363": 0
"p364": 7.714873334951574E-05
"p365": 0
"p366": 0
"p367": 0
"p368": 0.00048735419359816035
"p369": 8.467543904215143E-05
"p370": 5.645029269476761E-06
"p371": 0
"p372": 0
"p373": 0
"p374": 0
"p375": 0
"p376": 0.001275776614901748
"p377": 0.00018064093662325636
