"p315": 7.5267056926356815E-06
"p316": 0.0013021200848259726
"p317": 0.00029542319843595046
"p318": 3.3870175616860565E-05
"p319": 0
"p320": 0.000259671346395931
"p321": 6.39769983874033E-05
"p322": 5.645029269476761E-06
"p323": 0
"p324": 0
"p325": 0
"p326": 0
"p327": 0
"p328": 0.0007507888928404092
"p329": 0.00013359902604428335
"p330": 1.1290058538953523E-05
"p331": 0
"p332": 0.00011854561465901199
"p333": 5.645029269476761E-06
"p334": 0
"p335": 0
"p336": 1.6935087808430286E-05
"p337": 0
"p338": 0
"p339": 0
"p340": 0
"p341": 0
"p342": 0
"p343": 0
"p344": 0
"p345": 0
"p346": 0
"p347": 0
"p348": 5.645029269476761E-06
"p349": 0
"p350": 0
"p351": 0
"p352": 0.0001204272910821709
"p353": 2.8225146347383808E-05
"p354": 0
"p355": 0
"p356": 0
"p357": 0
"p358": 0
"p359": 0
"p360": 0.0003368200797454468
"p361": 6.209532196424438E-05
"p362": 5.645029269476761E-06
"p363": 0
"p364": 2.8225146347383805E-05
"p365": 1.8816764231589204E-06
"p366": 0
"p367": 0
"p368": 0.000519342692791862
"p369": 0.0001279539967748066
"p370": 5.645029269476761E-06
"p371": 0
"p372": 0
"p373": 0
"p374": 0
"p375": 0
"p376": 0.0005776746619097885
"p377": 9.972885042742276E-05
