"p315": 1.317173496211244E-05
"p316": 0.012370140805846749
"p317": 0.004625160648124628
"p318": 0.0008956779774236462
"p319": 6.774035123372113E-05
"p320": 0.0012833033205943835
"p321": 0.0004139688130949625
"p322": 6.585867481056221E-05
"p323": 0
"p324": 0.003048315805517451
"p325": 0.0013867955238681244
"p326": 0.0003349384033222878
"p327": 1.6935087808430282E-05
"p328": 0.00018628596589273316
"p329": 5.268693984844976E-05
"p330": 5.645029269476761E-06
"p331": 0
"p332": 0.0003405834325917646
"p333": 0.00011666393823585305
"p334": 1.1290058538953523E-05
"p335": 0
"p336": 0.0014300740816007794
"p337": 0.00046101072367393553
"p338": 7.526705692635681E-05
"p339": 1.1290058538953523E-05
"p340": 0.002224141532173844
"p341": 0.0009257848001941888
"p342": 0.00022015614150959367
"p343": 4.139688130949625E-05
"p344": 0.0002690797285117256
"p345": 0.00010913723254321738
"p346": 3.0106822770542726E-05
"p347": 5.645029269476761E-06
"p348": 0.0009370748587331423
"p349": 0.0003706902553623073
"p350": 8.091208619583357E-05
"p351": 7.5267056926356815E-06
"p352": 0.014206656994849852
"p353": 0.005857658705293719
"p354": 0.001416902346638667
"p355": 0.00018440428946957422
"p356": 0.01990813655702138
"p357": 0.009043336889701773
"p358": 0.002384084028142353
"p359": 0.00028789649274331484
"p360": 0.00733853805031979
"p361": 0.0024894579078392517
"p362": 0.00043654893017286954
"p363": 1.88167642315892E-05
"p364": 0.006136146815921241
"p365": 0.0018572146296578543
"p366": 0.00026531637566540783
"p367": 1.6935087808430286E-05
"p368": 0.015341307878014682
"p369": 0.0071108552031175585
"p370": 0.0019324816865842114
"p371": 0.00027472475778120243
"p372": 0.015762803396802277
"p373": 0.008008414856964368
"p374": 0.002434889291567643
"p375": 0.0004666557529434123
"p376": 0.011094364190944997
"p377": 0.004645859088779375
