"p315": 0
"p316": 0.000684930218029847
"p317": 0.0001279539967748066
"p318": 1.1290058538953521E-05
"p319": 0
"p320": 0.00041208713667180354
"p321": 9.408382115794603E-05
"p322": 1.1290058538953523E-05
"p323": 0
"p324": 0.000259671346395931
"p325": 6.39769983874033E-05
"p326": 5.645029269476761E-06
"p327": 0
"p328": 0.00034434678543808245
"p329": 2.8225146347383805E-05
"p330": 0
"p331": 0
"p332": 0.00011854561465901199
"p333": 5.645029269476761E-06
"p334": 0
"p335": 0
"p336": 0
"p337": 0
"p338": 0
"p339": 0
"p340": 1.6935087808430286E-05
"p341": 0
"p342": 0
"p343": 0
"p344": 0
"p345": 0
"p346": 0
"p347": 0
"p348": 5.645029269476761E-06
"p349": 0
"p350": 0
"p351": 0
"p352": 0.0001956943480085277
"p353": 4.892358700213193E-05
"p354": 5.645029269476761E-06
"p355": 0
"p356": 0.0001204272910821709
"p357": 2.8225146347383808E-05
"p358": 0
"p359": 0
"p360": 0.00013548070246744226
"p361": 7.5267056926356815E-06
"p362": 0
"p363": 0
"p364": 2.8225146347383805E-05
"p365": 1.8816764231589204E-06
"p366": 0
"p367": 0
"p368": 0.0004610107236739354
"p369": 8.843879188846925E-05
"p370": 5.645029269476761E-06
"p371": 0
"p372": 0.0005174610163687031
"p373": 0.0001279539967748066
"p374": 5.645029269476761E-06
"p375": 0
"p376": 0.00016935087808430283
"p377": 1.1290058538953523E-05
