"p315": 0
"p316": 0
"p317": 0
"p318": 0
"p319": 0
"p320": 1.6935087808430282E-05
"p321": 0
"p322": 0
"p323": 0
"p324": 1.1290058538953521E-05
"p325": 0
"p326": 0
"p327": 0
"p328": 0.000259671346395931
"p329": 5.080526342529084E-05
"p330": 0
"p331": 0
"p332": 0.0002653163756654078
"p333": 5.080526342529084E-05
"p334": 0
"p335": 0
"p336": 6.774035123372113E-05
"p337": 0
"p338": 0
"p339": 0
"p340": 1.1290058538953521E-05
"p341": 0
"p342": 0
"p343": 0
"p344": 0.0002878964927433148
"p345": 3.3870175616860565E-05
"p346": 0
"p347": 0
"p348": 0.00023144620004854718
"p349": 3.3870175616860565E-05
"p350": 0
"p351": 0
"p352": 5.6450292694767605E-06
"p353": 0
"p354": 0
"p355": 0
"p356": 5.6450292694767605E-06
"p357": 5.6450292694767605E-06
"p358": 0
"p359": 0
"p360": 0.00012419064392848873
"p361": 0
"p362": 0
"p363": 0
"p364": 0.0002088660829706401
"p365": 0
"p366": 0
"p367": 0
"p368": 1.1290058538953523E-05
"p369": 0
"p370": 0
"p371": 0
"p372": 5.6450292694767605E-06
"p373": 5.6450292694767605E-06
"p374": 0
"p375": 0
"p376": 4.139688130949624E-05
"p377": 0
