"p315": 0
"p316": 6.962202765688005E-05
"p317": 5.645029269476761E-06
"p318": 0
"p319": 0
"p320": 5.645029269476761E-06
"p321": 0
"p322": 0
"p323": 0
"p324": 3.7633528463178407E-06
"p325": 0
"p326": 0
"p327": 0
"p328": 9.596549758110495E-05
"p329": 1.6935087808430282E-05
"p330": 0
"p331": 0
"p332": 9.596549758110495E-05
"p333": 1.6935087808430282E-05
"p334": 0
"p335": 0
"p336": 2.2580117077907045E-05
"p337": 0
"p338": 0
"p339": 0
"p340": 3.7633528463178407E-06
"p341": 0
"p342": 0
"p343": 0
"p344": 0.00012419064392848875
"p345": 1.6935087808430282E-05
"p346": 0
"p347": 0
"p348": 9.032046831162818E-05
"p349": 1.6935087808430282E-05
"p350": 0
"p351": 0
"p352": 1.8816764231589204E-06
"p353": 0
"p354": 0
"p355": 0
"p356": 1.8816764231589204E-06
"p357": 1.8816764231589204E-06
"p358": 0
"p359": 0
"p360": 4.3278557732655166E-05
"p361": 0
"p362": 0
"p363": 0
"p364": 7.714873334951574E-05
"p365": 0
"p366": 0
"p367": 0
"p368": 3.7633528463178407E-06
"p369": 0
"p370": 0
"p371": 0
"p372": 1.8816764231589204E-06
"p373": 1.8816764231589204E-06
"p374": 0
"p375": 0
"p376": 1.8816764231589203E-05
"p377": 0
