"p315": 7.5267056926356815E-06
"p316": 0.006550115629016202
"p317": 0.0022072064443654136
"p318": 0.00039891540170969113
"p319": 3.763352846317841E-05
"p320": 0.008117552089507582
"p321": 0.004369252654575013
"p322": 0.0014620625807944812
"p323": 0.0003180033155138576
"p324": 0.0002333278764717061
"p325": 4.892358700213194E-05
"p326": 5.645029269476761E-06
"p327": 0
"p328": 0.0144381031948984
"p329": 0.006719466507100505
"p330": 0.0018873214524283974
"p331": 0.0002333278764717061
"p332": 0.01173037082197271
"p333": 0.004879186965251081
"p334": 0.0011384142360111467
"p335": 0.0001091372325432174
"p336": 0.0002333278764717061
"p337": 4.892358700213194E-05
"p338": 5.645029269476761E-06
"p339": 0
"p340": 6.209532196424438E-05
"p341": 1.6935087808430282E-05
"p342": 0
"p343": 0
"p344": 2.0698440654748124E-05
"p345": 1.8816764231589204E-06
"p346": 0
"p347": 0
"p348": 3.7633528463178407E-05
"p349": 1.5053411385271363E-05
"p350": 0
"p351": 0
"p352": 0.014438103194898395
"p353": 0.006719466507100505
"p354": 0.001887321452428397
"p355": 0.00023332787647170614
"p356": 2.0698440654748124E-05
"p357": 1.8816764231589204E-06
"p358": 0
"p359": 0
"p360": 0.014308267521700434
"p361": 0.005991257731338002
"p362": 0.001445127492986051
"p363": 0.00013548070246744226
"p364": 0.011271241774721937
"p365": 0.0037426544056630914
"p366": 0.0006886935708761648
"p367": 5.645029269476761E-05
"p368": 0.01173037082197271
"p369": 0.004879186965251081
"p370": 0.0011384142360111467
"p371": 0.0001091372325432174
"p372": 3.7633528463178407E-05
"p373": 1.5053411385271363E-05
"p374": 0
"p375": 0
"p376": 0.011271241774721937
"p377": 0.0037426544056630923
