"p315": 5.645029269476761E-06
"p316": 0.0014488908458323685
"p317": 0.00029165984558963265
"p318": 2.2580117077907045E-05
"p319": 0
"p320": 0.0019061382166599868
"p321": 0.0007018653058382772
"p322": 0.00015241579027587256
"p323": 1.8816764231589203E-05
"p324": 1.505341138527136E-05
"p325": 0
"p326": 0
"p327": 0
"p328": 0.004884831994520557
"p329": 0.0013980855824070775
"p330": 0.00023332787647170614
"p331": 1.8816764231589203E-05
"p332": 0.0016408218409945784
"p333": 0.0003669269025159895
"p334": 3.7633528463178407E-05
"p335": 0
"p336": 8.091208619583358E-05
"p337": 3.7633528463178407E-06
"p338": 0
"p339": 0
"p340": 3.7633528463178407E-06
"p341": 0
"p342": 0
"p343": 0
"p344": 5.645029269476761E-06
"p345": 0
"p346": 0
"p347": 0
"p348": 9.408382115794602E-06
"p349": 3.7633528463178407E-06
"p350": 0
"p351": 0
"p352": 0.0019475350979694826
"p353": 0.0005795563383329474
"p354": 9.408382115794599E-05
"p355": 2.258011707790704E-05
"p356": 0
"p357": 0
"p358": 0
"p359": 0
"p360": 0.002583541728997198
"p361": 0.0006868118944530059
"p362": 9.972885042742276E-05
"p363": 2.258011707790704E-05
"p364": 0.0010443304148532008
"p365": 0.00022956452362538825
"p366": 0
"p367": 0
"p368": 0.004484034916387708
"p369": 0.0016351768117251015
"p370": 0.00030671325697490405
"p371": 7.5267056926356815E-06
"p372": 0
"p373": 0
"p374": 0
"p375": 0
"p376": 0.005050419519758543
"p377": 0.001298356731979655
