"p315": 0
"p316": 0.0005419228098697691
"p317": 7.903040977267465E-05
"p318": 0
"p319": 0
"p320": 7.33853805031979E-05
"p321": 3.7633528463178407E-06
"p322": 0
"p323": 0
"p324": 0.0001034922032737406
"p325": 1.5053411385271363E-05
"p326": 0
"p327": 0
"p328": 2.0698440654748124E-05
"p329": 5.645029269476761E-06
"p330": 0
"p331": 0
"p332": 3.387017561686057E-05
"p333": 5.645029269476761E-06
"p334": 0
"p335": 0
"p336": 0
"p337": 0
"p338": 0
"p339": 0
"p340": 1.5053411385271363E-05
"p341": 0
"p342": 0
"p343": 0
"p344": 0
"p345": 0
"p346": 0
"p347": 0
"p348": 0
"p349": 0
"p350": 0
"p351": 0
"p352": 0.00059272807329506
"p353": 0.0001373623788906012
"p354": 1.6935087808430286E-05
"p355": 0
"p356": 0.0003594001968233538
"p357": 8.655711546531033E-05
"p358": 5.645029269476761E-06
"p359": 0
"p360": 0.00047418245863604794
"p361": 3.387017561686057E-05
"p362": 0
"p363": 0
"p364": 0.00013548070246744226
"p365": 5.645029269476761E-06
"p366": 0
"p367": 0
"p368": 0.0003932703724402143
"p369": 7.150370408003898E-05
"p370": 5.645029269476761E-06
"p371": 0
"p372": 0.0004760641350592069
"p373": 0.00011666393823585305
"p374": 5.645029269476761E-06
"p375": 0
"p376": 0.00016370584881482606
"p377": 5.645029269476761E-06
