"p315": 1.1290058538953523E-05
"p316": 0.006081578199649631
"p317": 0.0025289731127255887
"p318": 0.0004892358700213193
"p319": 3.198849919370165E-05
"p320": 1.1290058538953523E-05
"p321": 0
"p322": 0
"p323": 0
"p324": 9.408382115794602E-06
"p325": 0
"p326": 0
"p327": 0
"p328": 0.000496762575713955
"p329": 8.655711546531035E-05
"p330": 5.645029269476761E-06
"p331": 0
"p332": 0.00028789649274331484
"p333": 5.8331969117926534E-05
"p334": 5.645029269476761E-06
"p335": 0
"p336": 6.774035123372114E-05
"p337": 5.645029269476761E-06
"p338": 0
"p339": 0
"p340": 1.8816764231589203E-05
"p341": 0
"p342": 0
"p343": 0
"p344": 0.0009709450343500028
"p345": 0.00017499590735377957
"p346": 5.645029269476761E-06
"p347": 0
"p348": 0.00039703372528653215
"p349": 7.150370408003898E-05
"p350": 5.645029269476761E-06
"p351": 0
"p352": 1.8816764231589204E-06
"p353": 0
"p354": 0
"p355": 0
"p356": 1.8816764231589204E-06
"p357": 1.8816764231589204E-06
"p358": 0
"p359": 0
"p360": 0.00016558752523798497
"p361": 1.3171734962112442E-05
"p362": 0
"p363": 0
"p364": 0.0001674692016611439
"p365": 1.8816764231589203E-05
"p366": 0
"p367": 0
"p368": 1.5053411385271363E-05
"p369": 0
"p370": 0
"p371": 0
"p372": 1.5053411385271363E-05
"p373": 9.408382115794602E-06
"p374": 0
"p375": 0
"p376": 0.00040456043097916787
"p377": 4.5160234155814084E-05
