"p315": 1.8816764231589207E-05
"p316": 0.0013811504945986475
"p317": 0.000568266279793994
"p318": 8.843879188846926E-05
"p319": 5.645029269476761E-06
"p320": 0.0014131389937923494
"p321": 0.00046101072367393553
"p322": 7.526705692635681E-05
"p323": 1.1290058538953523E-05
"p324": 5.080526342529084E-05
"p325": 0
"p326": 0
"p327": 0
"p328": 0.021366435784969547
"p329": 0.009509992642645187
"p330": 0.002559079935496133
"p331": 0.0003594001968233539
"p332": 0.009052745271817566
"p333": 0.003236483447833343
"p334": 0.000688693570876165
"p335": 8.27937626189925E-05
"p336": 0.0021413477695548517
"p337": 0.0009295481530405066
"p338": 0.00022580117077907044
"p339": 4.139688130949624E-05
"p340": 0.00031988499193701646
"p341": 7.526705692635683E-05
"p342": 5.645029269476761E-06
"p343": 0
"p344": 0.026328416512839625
"p345": 0.01262604879939636
"p346": 0.0037106659064693923
"p347": 0.000643533336720351
"p348": 0.011736015851242189
"p349": 0.0048321450546721075
"p350": 0.0011440592652806236
"p351": 0.0001110189089663763
"p352": 0.0002690797285117256
"p353": 0.0001091372325432174
"p354": 3.0106822770542726E-05
"p355": 5.645029269476761E-06
"p356": 0
"p357": 0
"p358": 0
"p359": 0
"p360": 0.0140580045574203
"p361": 0.005724059679249438
"p362": 0.0012833033205943843
"p363": 4.892358700213193E-05
"p364": 0.0040982912496401284
"p365": 0.0012362614100154107
"p366": 0.00017875926020009743
"p367": 9.408382115794602E-06
"p368": 0.0009370748587331423
"p369": 0.0003706902553623073
"p370": 8.091208619583357E-05
"p371": 7.5267056926356815E-06
"p372": 0
"p373": 0
"p374": 0
"p375": 0
"p376": 0.011794347820360117
"p377": 0.004346672537497107
