"p315": 1.1290058538953523E-05
"p316": 0.0006454150131435096
"p317": 0.00014865243742955467
"p318": 1.1290058538953523E-05
"p319": 0
"p320": 0.0001505341138527136
"p321": 1.8816764231589203E-05
"p322": 0
"p323": 0
"p324": 0
"p325": 0
"p326": 0
"p327": 0
"p328": 0.0007771323627646342
"p329": 0.00016558752523798494
"p330": 2.2580117077907045E-05
"p331": 0
"p332": 0.0001505341138527136
"p333": 6.0213645541085445E-05
"p334": 1.1290058538953523E-05
"p335": 0
"p336": 0
"p337": 0
"p338": 0
"p339": 0
"p340": 0
"p341": 0
"p342": 0
"p343": 0
"p344": 0.00012419064392848873
"p345": 1.5053411385271363E-05
"p346": 0
"p347": 0
"p348": 3.7633528463178407E-06
"p349": 0
"p350": 0
"p351": 0
"p352": 0.0004384306065960284
"p353": 4.139688130949624E-05
"p354": 0
"p355": 0
"p356": 3.3870175616860565E-05
"p357": 0
"p358": 0
"p359": 0
"p360": 0.010507281146919413
"p361": 0.00306713256974904
"p362": 0.0005569762212550404
"p363": 8.279376261899248E-05
"p364": 0.0023389237939865377
"p365": 0.0005494495155624048
"p366": 3.7633528463178407E-05
"p367": 0
"p368": 9.784717400426385E-05
"p369": 2.258011707790704E-05
"p370": 0
"p371": 0
"p372": 0
"p373": 0
"p374": 0
"p375": 0
"p376": 0.00786164409595797
"p377": 0.0024273625858750062
