"p315": 0
"p316": 0.0010010518571205455
"p317": 0.00018440428946957417
"p318": 2.2580117077907045E-05
"p319": 0
"p320": 0.00298057545428373
"p321": 0.0009859984457352743
"p322": 0.00018628596589273313
"p323": 1.8816764231589203E-05
"p324": 0.0018383978654262655
"p325": 0.0007018653058382772
"p326": 0.00015241579027587256
"p327": 1.8816764231589203E-05
"p328": 0.0024988662899550467
"p329": 0.0006190715432192848
"p330": 6.962202765688005E-05
"p331": 0
"p332": 0.0012475514685543637
"p333": 0.0002427362585875007
"p334": 2.634346992422488E-05
"p335": 0
"p336": 5.645029269476761E-06
"p337": 0
"p338": 0
"p339": 0
"p340": 8.46754390421514E-05
"p341": 3.7633528463178407E-06
"p342": 0
"p343": 0
"p344": 0
"p345": 0
"p346": 0
"p347": 0
"p348": 9.408382115794602E-06
"p349": 3.7633528463178407E-06
"p350": 0
"p351": 0
"p352": 0.0022316682378664796
"p353": 0.0006378883074508739
"p354": 0.00010725555612005844
"p355": 2.258011707790704E-05
"p356": 0.0019475350979694826
"p357": 0.0005795563383329474
"p358": 9.408382115794599E-05
"p359": 2.258011707790704E-05
"p360": 0.0011007807075479681
"p361": 0.00028036978705067906
"p362": 1.5053411385271361E-05
"p363": 0
"p364": 0.0004064421074023268
"p365": 0.00010537387969689952
"p366": 0
"p367": 0
"p368": 0.004474626534271914
"p369": 0.0013002384084028133
"p370": 0.00019381267158536877
"p371": 7.5267056926356815E-06
"p372": 0.0044539280936171655
"p373": 0.0016276501060324658
"p374": 0.00030671325697490405
"p375": 7.5267056926356815E-06
"p376": 0.0016539935759566908
"p377": 0.0003161216390906986
