"p315": 0
"p316": 0
"p317": 0
"p318": 0
"p319": 0
"p320": 5.645029269476761E-06
"p321": 0
"p322": 0
"p323": 0
"p324": 5.080526342529086E-05
"p325": 0
"p326": 0
"p327": 0
"p328": 1.8816764231589204E-06
"p329": 0
"p330": 0
"p331": 0
"p332": 1.3171734962112442E-05
"p333": 0
"p334": 0
"p335": 0
"p336": 3.7633528463178407E-06
"p337": 0
"p338": 0
"p339": 0
"p340": 1.1290058538953523E-05
"p341": 0
"p342": 0
"p343": 0
"p344": 1.8816764231589204E-06
"p345": 1.8816764231589204E-06
"p346": 0
"p347": 0
"p348": 5.645029269476761E-06
"p349": 5.645029269476761E-06
"p350": 0
"p351": 0
"p352": 0.000259671346395931
"p353": 5.080526342529084E-05
"p354": 0
"p355": 0
"p356": 0.00033870175616860566
"p357": 5.080526342529084E-05
"p358": 0
"p359": 0
"p360": 0.00010725555612005845
"p361": 0
"p362": 0
"p363": 0
"p364": 7.903040977267465E-05
"p365": 0
"p366": 0
"p367": 0
"p368": 0.00020886608297064017
"p369": 3.3870175616860565E-05
"p370": 0
"p371": 0
"p372": 0.00020322105370116337
"p373": 3.3870175616860565E-05
"p374": 0
"p375": 0
"p376": 0.00014300740816007796
"p377": 0
