"p315": 0
"p316": 0
"p317": 0
"p318": 0
"p319": 0
"p320": 7.714873334951572E-05
"p321": 3.7633528463178407E-06
"p322": 0
"p323": 0
"p324": 0
"p325": 0
"p326": 0
"p327": 0
"p328": 0.0007526705692635681
"p329": 0.00014112573173691902
"p330": 5.645029269476761E-06
"p331": 0
"p332": 0.00048359084075184255
"p333": 6.585867481056221E-05
"p334": 5.645029269476761E-06
"p335": 0
"p336": 6.774035123372114E-05
"p337": 3.7633528463178407E-06
"p338": 0
"p339": 0
"p340": 1.6935087808430286E-05
"p341": 0
"p342": 0
"p343": 0
"p344": 0.0004929992228676371
"p345": 9.408382115794602E-05
"p346": 5.645029269476761E-06
"p347": 0
"p348": 0.0004346672537497106
"p349": 6.585867481056221E-05
"p350": 5.645029269476761E-06
"p351": 0
"p352": 1.1290058538953523E-05
"p353": 5.645029269476761E-06
"p354": 0
"p355": 0
"p356": 0
"p357": 0
"p358": 0
"p359": 0
"p360": 0.0005626212505245172
"p361": 6.209532196424438E-05
"p362": 0
"p363": 0
"p364": 0.0001994577008548455
"p365": 1.6935087808430286E-05
"p366": 0
"p367": 0
"p368": 1.1290058538953523E-05
"p369": 5.645029269476761E-06
"p370": 0
"p371": 0
"p372": 0
"p373": 0
"p374": 0
"p375": 0
"p376": 0.00013548070246744226
"p377": 5.645029269476761E-06
