"p315": 0
"p316": 5.2686939848449775E-05
"p317": 5.645029269476761E-06
"p318": 0
"p319": 0
"p320": 0
"p321": 0
"p322": 0
"p323": 0
"p324": 0
"p325": 0
"p326": 0
"p327": 0
"p328": 1.1290058538953523E-05
"p329": 0
"p330": 0
"p331": 0
"p332": 6.774035123372113E-05
"p333": 5.645029269476761E-06
"p334": 0
"p335": 0
"p336": 0
"p337": 0
"p338": 0
"p339": 0
"p340": 5.645029269476761E-06
"p341": 0
"p342": 0
"p343": 0
"p344": 9.408382115794602E-06
"p345": 0
"p346": 0
"p347": 0
"p348": 1.8816764231589203E-05
"p349": 0
"p350": 0
"p351": 0
"p352": 7.338538050319788E-05
"p353": 9.408382115794602E-06
"p354": 0
"p355": 0
"p356": 8.279376261899248E-05
"p357": 3.7633528463178407E-06
"p358": 0
"p359": 0
"p360": 0.0006040181318340134
"p361": 9.220214473478711E-05
"p362": 5.645029269476761E-06
"p363": 0
"p364": 0.0011816927937438018
"p365": 0.00018816764231589203
"p366": 5.645029269476761E-06
"p367": 0
"p368": 9.972885042742278E-05
"p369": 1.5053411385271361E-05
"p370": 0
"p371": 0
"p372": 8.46754390421514E-05
"p373": 3.7633528463178407E-06
"p374": 0
"p375": 0
"p376": 0.00038574366674757867
"p377": 6.962202765688006E-05
