"p315": 4.139688130949624E-05
"p316": 0.0047399429099373195
"p317": 0.0017254972800367296
"p318": 0.0003499918147075592
"p319": 4.139688130949624E-05
"p320": 0
"p321": 0
"p322": 0
"p323": 0
"p324": 0
"p325": 0
"p326": 0
"p327": 0
"p328": 3.575185204001949E-05
"p329": 3.7633528463178407E-06
"p330": 0
"p331": 0
"p332": 7.338538050319788E-05
"p333": 1.5053411385271363E-05
"p334": 0
"p335": 0
"p336": 0
"p337": 0
"p338": 0
"p339": 0
"p340": 1.1290058538953523E-05
"p341": 0
"p342": 0
"p343": 0
"p344": 7.714873334951574E-05
"p345": 3.7633528463178407E-06
"p346": 0
"p347": 0
"p348": 0.00011854561465901197
"p349": 1.5053411385271363E-05
"p350": 0
"p351": 0
"p352": 5.645029269476761E-06
"p353": 0
"p354": 0
"p355": 0
"p356": 5.645029269476761E-06
"p357": 0
"p358": 0
"p359": 0
"p360": 0.0003763352846317841
"p361": 6.585867481056221E-05
"p362": 5.645029269476761E-06
"p363": 0
"p364": 0.000284133139896997
"p365": 7.714873334951573E-05
"p366": 5.645029269476761E-06
"p367": 0
"p368": 6.774035123372114E-05
"p369": 5.645029269476761E-06
"p370": 0
"p371": 0
"p372": 3.387017561686057E-05
"p373": 0
"p374": 0
"p375": 0
"p376": 0.0009257848001941889
"p377": 0.00017687758377693853
