"p315": 0
"p316": 1.5053411385271365E-05
"p317": 0
"p318": 0
"p319": 0
"p320": 9.972885042742278E-05
"p321": 1.5053411385271361E-05
"p322": 0
"p323": 0
"p324": 8.46754390421514E-05
"p325": 3.7633528463178407E-06
"p326": 0
"p327": 0
"p328": 0.0003688085789391484
"p329": 6.962202765688006E-05
"p330": 5.645029269476761E-06
"p331": 0
"p332": 0.00048735419359816035
"p333": 8.467543904215143E-05
"p334": 5.645029269476761E-06
"p335": 0
"p336": 0
"p337": 0
"p338": 0
"p339": 0
"p340": 0
"p341": 0
"p342": 0
"p343": 0
"p344": 0
"p345": 0
"p346": 0
"p347": 0
"p348": 0
"p349": 0
"p350": 0
"p351": 0
"p352": 3.575185204001949E-05
"p353": 1.8816764231589204E-06
"p354": 0
"p355": 0
"p356": 5.8331969117926534E-05
"p357": 5.645029269476761E-06
"p358": 0
"p359": 0
"p360": 0.0006284799253350794
"p361": 8.091208619583358E-05
"p362": 5.645029269476761E-06
"p363": 0
"p364": 0.001275776614901748
"p365": 0.00018064093662325636
"p366": 5.645029269476761E-06
"p367": 0
"p368": 4.892358700213193E-05
"p369": 7.5267056926356815E-06
"p370": 0
"p371": 0
"p372": 4.139688130949625E-05
"p373": 9.408382115794602E-06
"p374": 0
"p375": 0
"p376": 7.714873334951574E-05
"p377": 0
