"p315": 1.8816764231589204E-06
"p316": 0.0016634019580724852
"p317": 0.0005607395741013585
"p318": 7.33853805031979E-05
"p319": 3.7633528463178407E-06
"p320": 0.009863747810199061
"p321": 0.004354199243189742
"p322": 0.001160994353089054
"p323": 0.00017123255450746176
"p324": 0.012302400454613024
"p325": 0.006060879758994883
"p326": 0.0017706575141925446
"p327": 0.00026343469924224885
"p328": 0.005876475469525308
"p329": 0.0021357027402853744
"p330": 0.00042525887163391595
"p331": 1.88167642315892E-05
"p332": 0.005187781898649145
"p333": 0.0016784553694577568
"p334": 0.00027096140493488457
"p335": 1.6935087808430286E-05
"p336": 0.012302400454613022
"p337": 0.006060879758994882
"p338": 0.0017706575141925441
"p339": 0.0002634346992422489
"p340": 0.010655933584348968
"p341": 0.005763574884135774
"p342": 0.001913664922352622
"p343": 0.00042337719521075713
"p344": 0.010368037091605655
"p345": 0.004474626534271914
"p346": 0.0010405670620068832
"p347": 3.951520488633732E-05
"p348": 0.007617026160947309
"p349": 0.003104766098212219
"p350": 0.000641651660297192
"p351": 4.1396881309496255E-05
"p352": 0.0058764754695253075
"p353": 0.002135702740285375
"p354": 0.00042525887163391606
"p355": 1.8816764231589203E-05
"p356": 0.010368037091605654
"p357": 0.004474626534271914
"p358": 0.0010405670620068832
"p359": 3.951520488633733E-05
"p360": 0.0017217339271904124
"p361": 0.00046853742936657115
"p362": 2.8225146347383805E-05
"p363": 1.8816764231589204E-06
"p364": 0.0011666393823585306
"p365": 0.0003180033155138576
"p366": 2.4461793501065966E-05
"p367": 1.8816764231589204E-06
"p368": 0.005187781898649144
"p369": 0.0016784553694577568
"p370": 0.0002709614049348845
"p371": 1.6935087808430286E-05
"p372": 0.007617026160947309
"p373": 0.003104766098212219
"p374": 0.000641651660297192
"p375": 4.1396881309496255E-05
"p376": 0.0011666393823585306
"p377": 0.0003180033155138575
