"p315": 5.833196911792652E-05
"p316": 0.01726061782963678
"p317": 0.006996072941304868
"p318": 0.0016728103401882808
"p319": 0.0002163927886632758
"p320": 0.0027039690200793684
"p321": 0.0012155629693606626
"p322": 0.0002897781691664737
"p323": 1.6935087808430282E-05
"p324": 0
"p325": 0
"p326": 0
"p327": 0
"p328": 0.0010179869449289756
"p329": 0.00034622846186124133
"p330": 6.209532196424438E-05
"p331": 0
"p332": 0.0010725555612005845
"p333": 0.00037069025536230727
"p334": 5.645029269476761E-05
"p335": 0
"p336": 0.0019136649223526223
"p337": 0.0007733690099183162
"p338": 0.0001787592602000974
"p339": 3.0106822770542726E-05
"p340": 0.00013548070246744226
"p341": 3.3870175616860565E-05
"p342": 0
"p343": 0
"p344": 0.0012644865563627944
"p345": 0.0004327855773265517
"p346": 9.408382115794602E-05
"p347": 1.6935087808430282E-05
"p348": 0.001509104491373454
"p349": 0.0006077814846803312
"p350": 0.00013359902604428333
"p351": 1.8816764231589203E-05
"p352": 0.015851242188690745
"p353": 0.007283969434048181
"p354": 0.001985168626432661
"p355": 0.0002483812878569775
"p356": 3.1988499193701654E-05
"p357": 5.645029269476761E-06
"p358": 0
"p359": 0
"p360": 0.01672434004903649
"p361": 0.0064579134842814145
"p362": 0.001445127492986051
"p363": 0.0001448890845832369
"p364": 0.014302622492430962
"p365": 0.004786984820516293
"p366": 0.0009239031237710299
"p367": 9.784717400426387E-05
"p368": 0.01377010806467698
"p369": 0.006960321089264847
"p370": 0.0021187676524769446
"p371": 0.0004045604309791679
"p372": 0.0002333278764717061
"p373": 4.892358700213194E-05
"p374": 5.645029269476761E-06
"p375": 0
"p376": 0.02077182603525133
"p377": 0.009175054239322898
