"p315": 5.645029269476761E-06
"p316": 0.0026437553745382834
"p317": 0.0009257848001941889
"p318": 0.00012607232035164766
"p319": 5.645029269476761E-06
"p320": 3.0106822770542726E-05
"p321": 0
"p322": 0
"p323": 0
"p324": 0.0001505341138527136
"p325": 1.8816764231589203E-05
"p326": 0
"p327": 0
"p328": 0.00048359084075184255
"p329": 0.00010913723254321738
"p330": 1.1290058538953523E-05
"p331": 0
"p332": 0.00042714054805707504
"p333": 0.0001279539967748066
"p334": 2.2580117077907045E-05
"p335": 0
"p336": 0
"p337": 0
"p338": 0
"p339": 0
"p340": 0
"p341": 0
"p342": 0
"p343": 0
"p344": 9.408382115794602E-06
"p345": 0
"p346": 0
"p347": 0
"p348": 0.00011854561465901199
"p349": 1.5053411385271363E-05
"p350": 0
"p351": 0
"p352": 0.0009803534164657974
"p353": 0.00021262943581695798
"p354": 2.634346992422488E-05
"p355": 0
"p356": 0.0004384306065960284
"p357": 4.139688130949624E-05
"p358": 0
"p359": 0
"p360": 0.007526705692635685
"p361": 0.0021714545923253938
"p362": 0.00034058343259176454
"p363": 4.139688130949624E-05
"p364": 0.00477381308555418
"p365": 0.0014902877271418648
"p366": 0.0002615530228190899
"p367": 4.139688130949624E-05
"p368": 0.0001034922032737406
"p369": 2.258011707790704E-05
"p370": 0
"p371": 0
"p372": 9.784717400426385E-05
"p373": 2.258011707790704E-05
"p374": 0
"p375": 0
"p376": 0.004935637257945848
"p377": 0.001335990260442833
