"p315": 0.00017311423093062066
"p316": 0.022068301090807825
"p317": 0.010115892450902358
"p318": 0.002643755374538284
"p319": 0.0003499918147075592
"p320": 3.9515204886337324E-05
"p321": 1.6935087808430282E-05
"p322": 0
"p323": 0
"p324": 0.00018816764231589203
"p325": 4.3278557732655166E-05
"p326": 0
"p327": 0
"p328": 0.0014244290523313025
"p329": 0.00044219395944234633
"p330": 6.585867481056221E-05
"p331": 0
"p332": 0.003132991244559603
"p333": 0.0014112573173691904
"p334": 0.0003349384033222878
"p335": 1.6935087808430282E-05
"p336": 0.000188167642315892
"p337": 4.3278557732655166E-05
"p338": 0
"p339": 0
"p340": 0.0008768612131920569
"p341": 0.00024461793501065964
"p342": 2.8225146347383805E-05
"p343": 1.8816764231589204E-06
"p344": 0.0015505013726829504
"p345": 0.0004854725171750014
"p346": 8.091208619583358E-05
"p347": 1.1290058538953523E-05
"p348": 0.0021827446508643476
"p349": 0.0009370748587331423
"p350": 0.00022580117077907044
"p351": 4.139688130949625E-05
"p352": 0.001424429052331303
"p353": 0.00044219395944234633
"p354": 6.585867481056221E-05
"p355": 0
"p356": 0.0015505013726829502
"p357": 0.0004854725171750015
"p358": 8.091208619583358E-05
"p359": 1.1290058538953523E-05
"p360": 0.019808407706593964
"p361": 0.007656541365833649
"p362": 0.0016841003987272344
"p363": 0.00019757602443168666
"p364": 0.02362444749276026
"p365": 0.01025513650621612
"p366": 0.0025459082005340194
"p367": 0.0002991865512822684
"p368": 0.0031329912445596025
"p369": 0.0014112573173691901
"p370": 0.0003349384033222878
"p371": 1.6935087808430282E-05
"p372": 0.0021827446508643476
"p373": 0.0009370748587331423
"p374": 0.00022580117077907044
"p375": 4.139688130949624E-05
"p376": 0.023624447492760256
"p377": 0.010255136506216116
