"p315": 0
"p316": 0
"p317": 0
"p318": 0
"p319": 0
"p320": 0.00020322105370116337
"p321": 5.080526342529084E-05
"p322": 0
"p323": 0
"p324": 0.0002201561415095937
"p325": 5.080526342529084E-05
"p326": 0
"p327": 0
"p328": 0.00010725555612005845
"p329": 0
"p330": 0
"p331": 0
"p332": 8.279376261899248E-05
"p333": 0
"p334": 0
"p335": 0
"p336": 0.00019757602443168663
"p337": 3.3870175616860565E-05
"p338": 0
"p339": 0
"p340": 0.00013548070246744223
"p341": 3.3870175616860565E-05
"p342": 0
"p343": 0
"p344": 0.00014300740816007796
"p345": 0
"p346": 0
"p347": 0
"p348": 0.00013359902604428333
"p349": 0
"p350": 0
"p351": 0
"p352": 0.00012419064392848873
"p353": 0
"p354": 0
"p355": 0
"p356": 0.0002088660829706401
"p357": 0
"p358": 0
"p359": 0
"p360": 5.6450292694767605E-06
"p361": 5.6450292694767605E-06
"p362": 0
"p363": 0
"p364": 5.6450292694767605E-06
"p365": 5.6450292694767605E-06
"p366": 0
"p367": 0
"p368": 4.704191057897301E-05
"p369": 0
"p370": 0
"p371": 0
"p372": 7.526705692635681E-05
"p373": 0
"p374": 0
"p375": 0
"p376": 3.7633528463178407E-06
"p377": 3.7633528463178407E-06
