"p315": 0
"p316": 0
"p317": 0
"p318": 0
"p319": 0
"p320": 0.0002201561415095937
"p321": 5.080526342529084E-05
"p322": 0
"p323": 0
"p324": 0
"p325": 0
"p326": 0
"p327": 0
"p328": 0.00018064093662325636
"p329": 1.6935087808430282E-05
"p330": 0
"p331": 0
"p332": 0.00021262943581695798
"p333": 3.387017561686056E-05
"p334": 0
"p335": 0
"p336": 0.00013548070246744223
"p337": 3.3870175616860565E-05
"p338": 0
"p339": 0
"p340": 0
"p341": 0
"p342": 0
"p343": 0
"p344": 0.00022768284720222937
"p345": 1.6935087808430282E-05
"p346": 0
"p347": 0
"p348": 0.0002464996114338186
"p349": 1.6935087808430282E-05
"p350": 0
"p351": 0
"p352": 0.0002088660829706401
"p353": 0
"p354": 0
"p355": 0
"p356": 0
"p357": 0
"p358": 0
"p359": 0
"p360": 4.8923587002131926E-05
"p361": 5.6450292694767605E-06
"p362": 0
"p363": 0
"p364": 8.65571154653103E-05
"p365": 5.6450292694767605E-06
"p366": 0
"p367": 0
"p368": 8.091208619583357E-05
"p369": 0
"p370": 0
"p371": 0
"p372": 0
"p373": 0
"p374": 0
"p375": 0
"p376": 2.2580117077907045E-05
"p377": 3.7633528463178407E-06
