"p315": 0
"p316": 0.0004835908407518426
"p317": 8.655711546531033E-05
"p318": 5.645029269476761E-06
"p319": 0
"p320": 2.2580117077907045E-05
"p321": 0
"p322": 0
"p323": 0
"p324": 0
"p325": 0
"p326": 0
"p327": 0
"p328": 1.8816764231589204E-06
"p329": 0
"p330": 0
"p331": 0
"p332": 9.408382115794602E-06
"p333": 0
"p334": 0
"p335": 0
"p336": 3.7633528463178407E-06
"p337": 0
"p338": 0
"p339": 0
"p340": 0
"p341": 0
"p342": 0
"p343": 0
"p344": 1.8816764231589204E-06
"p345": 1.8816764231589204E-06
"p346": 0
"p347": 0
"p348": 5.645029269476761E-06
"p349": 1.8816764231589204E-06
"p350": 0
"p351": 0
"p352": 0.00012419064392848875
"p353": 1.6935087808430282E-05
"p354": 0
"p355": 0
"p356": 0
"p357": 0
"p358": 0
"p359": 0
"p360": 0.00013359902604428335
"p361": 1.6935087808430282E-05
"p362": 0
"p363": 0
"p364": 2.4461793501065963E-05
"p365": 0
"p366": 0
"p367": 0
"p368": 9.032046831162818E-05
"p369": 1.6935087808430282E-05
"p370": 0
"p371": 0
"p372": 0
"p373": 0
"p374": 0
"p375": 0
"p376": 0.00016182417239166716
"p377": 1.6935087808430282E-05
