"p315": 7.714873334951574E-05
"p316": 0.011624996942275813
"p317": 0.004898003729482671
"p318": 0.0010537387969689956
"p319": 9.596549758110493E-05
"p320": 5.645029269476761E-05
"p321": 5.645029269476761E-06
"p322": 0
"p323": 0
"p324": 1.1290058538953523E-05
"p325": 0
"p326": 0
"p327": 0
"p328": 0.000711273687954072
"p329": 0.00013548070246744229
"p330": 5.645029269476761E-06
"p331": 0
"p332": 0.0003085949333980629
"p333": 6.39769983874033E-05
"p334": 5.645029269476761E-06
"p335": 0
"p336": 0
"p337": 0
"p338": 0
"p339": 0
"p340": 0
"p341": 0
"p342": 0
"p343": 0
"p344": 0
"p345": 0
"p346": 0
"p347": 0
"p348": 2.258011707790704E-05
"p349": 0
"p350": 0
"p351": 0
"p352": 1.8816764231589203E-05
"p353": 0
"p354": 0
"p355": 0
"p356": 1.5053411385271363E-05
"p357": 1.8816764231589204E-06
"p358": 0
"p359": 0
"p360": 0.0005362777806002923
"p361": 6.962202765688005E-05
"p362": 0
"p363": 0
"p364": 0.0003405834325917646
"p365": 4.327855773265517E-05
"p366": 0
"p367": 0
"p368": 2.0698440654748124E-05
"p369": 0
"p370": 0
"p371": 0
"p372": 1.8816764231589203E-05
"p373": 9.408382115794602E-06
"p374": 0
"p375": 0
"p376": 0.0007903040977267466
"p377": 0.00011478226181269414
