"p315": 5.6450292694767617E-05
"p316": 0.005184018545802828
"p317": 0.0017461957206914777
"p318": 0.00027284308135804345
"p319": 2.4461793501065966E-05
"p320": 0.00022956452362538827
"p321": 5.8331969117926534E-05
"p322": 5.645029269476761E-06
"p323": 0
"p324": 0
"p325": 0
"p326": 0
"p327": 0
"p328": 0.0008467543904215143
"p329": 0.00013548070246744226
"p330": 5.645029269476761E-06
"p331": 0
"p332": 0.00010161052685058169
"p333": 5.645029269476761E-06
"p334": 0
"p335": 0
"p336": 2.258011707790704E-05
"p337": 0
"p338": 0
"p339": 0
"p340": 0
"p341": 0
"p342": 0
"p343": 0
"p344": 0
"p345": 0
"p346": 0
"p347": 0
"p348": 0
"p349": 0
"p350": 0
"p351": 0
"p352": 0.00031235828624438073
"p353": 4.327855773265517E-05
"p354": 0
"p355": 0
"p356": 0
"p357": 0
"p358": 0
"p359": 0
"p360": 0.0005908463968719009
"p361": 8.091208619583357E-05
"p362": 0
"p363": 0
"p364": 3.575185204001949E-05
"p365": 5.645029269476761E-06
"p366": 0
"p367": 0
"p368": 0.0005212243692150209
"p369": 8.655711546531033E-05
"p370": 5.645029269476761E-06
"p371": 0
"p372": 0
"p373": 0
"p374": 0
"p375": 0
"p376": 0.0008091208619583357
"p377": 0.00010913723254321736
