"p315": 3.1988499193701654E-05
"p316": 0.011130116042985016
"p317": 0.004510378386311933
"p318": 0.0008806245660383748
"p319": 6.209532196424438E-05
"p320": 0.002703969020079368
"p321": 0.0012155629693606626
"p322": 0.0002897781691664737
"p323": 1.6935087808430282E-05
"p324": 0.001913664922352622
"p325": 0.0007733690099183163
"p326": 0.0001787592602000974
"p327": 3.0106822770542726E-05
"p328": 0.015851242188690752
"p329": 0.007283969434048182
"p330": 0.001985168626432661
"p331": 0.0002483812878569775
"p332": 0.013770108064676982
"p333": 0.006960321089264847
"p334": 0.0021187676524769446
"p335": 0.0004045604309791679
"p336": 0
"p337": 0
"p338": 0
"p339": 0
"p340": 0.00013548070246744223
"p341": 3.3870175616860565E-05
"p342": 0
"p343": 0
"p344": 3.198849919370164E-05
"p345": 5.645029269476761E-06
"p346": 0
"p347": 0
"p348": 0.0002333278764717061
"p349": 4.892358700213194E-05
"p350": 5.645029269476761E-06
"p351": 0
"p352": 0.001017986944928976
"p353": 0.00034622846186124133
"p354": 6.209532196424438E-05
"p355": 0
"p356": 0.0012644865563627944
"p357": 0.0004327855773265517
"p358": 9.408382115794602E-05
"p359": 1.6935087808430282E-05
"p360": 0.01672434004903649
"p361": 0.006457913484281417
"p362": 0.001445127492986051
"p363": 0.0001448890845832369
"p364": 0.020771826035251323
"p365": 0.009175054239322898
"p366": 0.002401019115950783
"p367": 0.00028036978705067917
"p368": 0.0010725555612005845
"p369": 0.00037069025536230727
"p370": 5.645029269476761E-05
"p371": 0
"p372": 0.0015091044913734537
"p373": 0.0006077814846803312
"p374": 0.00013359902604428333
"p375": 1.8816764231589203E-05
"p376": 0.014302622492430958
"p377": 0.004786984820516294
