"p315": 4.327855773265517E-05
"p316": 0.004420057918000304
"p317": 0.0015768448426071752
"p318": 0.00030106822770542725
"p319": 3.198849919370165E-05
"p320": 6.774035123372114E-05
"p321": 3.7633528463178407E-06
"p322": 0
"p323": 0
"p324": 0
"p325": 0
"p326": 0
"p327": 0
"p328": 5.8331969117926534E-05
"p329": 5.645029269476761E-06
"p330": 0
"p331": 0
"p332": 4.139688130949625E-05
"p333": 9.408382115794602E-06
"p334": 0
"p335": 0
"p336": 1.6935087808430286E-05
"p337": 0
"p338": 0
"p339": 0
"p340": 0
"p341": 0
"p342": 0
"p343": 0
"p344": 0
"p345": 0
"p346": 0
"p347": 0
"p348": 0
"p349": 0
"p350": 0
"p351": 0
"p352": 0.0004929992228676371
"p353": 9.408382115794602E-05
"p354": 5.645029269476761E-06
"p355": 0
"p356": 0
"p357": 0
"p358": 0
"p359": 0
"p360": 0.0013660970832133762
"p361": 0.0002032210537011634
"p362": 5.645029269476761E-06
"p363": 0
"p364": 0.00014112573173691902
"p365": 5.645029269476761E-06
"p366": 0
"p367": 0
"p368": 0.00043466725374971055
"p369": 6.585867481056221E-05
"p370": 5.645029269476761E-06
"p371": 0
"p372": 0
"p373": 0
"p374": 0
"p375": 0
"p376": 0.0005626212505245173
"p377": 5.8331969117926534E-05
