"p315": 0
"p316": 3.3870175616860565E-05
"p317": 0
"p318": 0
"p319": 0
"p320": 1.1290058538953523E-05
"p321": 0
"p322": 0
"p323": 0
"p324": 6.774035123372113E-05
"p325": 5.645029269476761E-06
"p326": 0
"p327": 0
"p328": 1.8816764231589204E-06
"p329": 0
"p330": 0
"p331": 0
"p332": 1.5053411385271363E-05
"p333": 0
"p334": 0
"p335": 0
"p336": 9.408382115794602E-06
"p337": 0
"p338": 0
"p339": 0
"p340": 1.8816764231589203E-05
"p341": 0
"p342": 0
"p343": 0
"p344": 1.8816764231589204E-06
"p345": 1.8816764231589204E-06
"p346": 0
"p347": 0
"p348": 1.5053411385271363E-05
"p349": 9.408382115794602E-06
"p350": 0
"p351": 0
"p352": 0.000496762575713955
"p353": 8.655711546531035E-05
"p354": 5.645029269476761E-06
"p355": 0
"p356": 0.0009709450343500027
"p357": 0.0001749959073537796
"p358": 5.645029269476761E-06
"p359": 0
"p360": 0.00016558752523798497
"p361": 1.3171734962112442E-05
"p362": 0
"p363": 0
"p364": 0.00040456043097916787
"p365": 4.516023415581409E-05
"p366": 0
"p367": 0
"p368": 0.00028789649274331484
"p369": 5.8331969117926534E-05
"p370": 5.645029269476761E-06
"p371": 0
"p372": 0.0003970337252865322
"p373": 7.150370408003898E-05
"p374": 5.645029269476761E-06
"p375": 0
"p376": 0.0001674692016611439
"p377": 1.8816764231589203E-05
