"p315": 0
"p316": 0.0005776746619097885
"p317": 0.00015994249596850823
"p318": 1.1290058538953523E-05
"p319": 0
"p320": 0.0023389237939865377
"p321": 0.0008486360668446731
"p322": 0.00015994249596850823
"p323": 7.5267056926356815E-06
"p324": 0
"p325": 0
"p326": 0
"p327": 0
"p328": 0.003622227114580922
"p329": 0.0009163764180783944
"p330": 0.00011854561465901197
"p331": 7.5267056926356815E-06
"p332": 0.0013190551726344033
"p333": 0.0002446179350106596
"p334": 2.258011707790704E-05
"p335": 0
"p336": 0.0022881185305612464
"p337": 0.0009257848001941886
"p338": 0.00022015614150959367
"p339": 4.139688130949624E-05
"p340": 1.88167642315892E-05
"p341": 0
"p342": 0
"p343": 0
"p344": 0.006196360461462326
"p345": 0.0018760313938894434
"p346": 0.00031423996266753966
"p347": 4.139688130949624E-05
"p348": 0.001836516189003106
"p349": 0.00048359084075184255
"p350": 3.7633528463178407E-05
"p351": 0
"p352": 0.001129005853895352
"p353": 0.0002878964927433148
"p354": 3.0106822770542726E-05
"p355": 0
"p356": 0
"p357": 0
"p358": 0
"p359": 0
"p360": 0.0008505177432678319
"p361": 0.00020322105370116337
"p362": 2.2580117077907045E-05
"p363": 0
"p364": 0.0003198849919370164
"p365": 6.39769983874033E-05
"p366": 0
"p367": 0
"p368": 0.002579778376150879
"p369": 0.0008580444489604677
"p370": 0.00013548070246744226
"p371": 0
"p372": 0
"p373": 0
"p374": 0
"p375": 0
"p376": 0.002075489094744289
"p377": 0.0004929992228676371
