"p315": 7.5267056926356815E-06
"p316": 0.003874371755284218
"p317": 0.001396203905983919
"p318": 0.0002784881106275202
"p319": 7.5267056926356815E-06
"p320": 0
"p321": 0
"p322": 0
"p323": 0
"p324": 1.1290058538953523E-05
"p325": 0
"p326": 0
"p327": 0
"p328": 7.714873334951574E-05
"p329": 3.7633528463178407E-06
"p330": 0
"p331": 0
"p332": 0.0001034922032737406
"p333": 1.5053411385271363E-05
"p334": 0
"p335": 0
"p336": 0
"p337": 0
"p338": 0
"p339": 0
"p340": 0
"p341": 0
"p342": 0
"p343": 0
"p344": 0
"p345": 0
"p346": 0
"p347": 0
"p348": 1.5053411385271363E-05
"p349": 0
"p350": 0
"p351": 0
"p352": 7.338538050319788E-05
"p353": 5.645029269476761E-06
"p354": 0
"p355": 0
"p356": 3.951520488633733E-05
"p357": 0
"p358": 0
"p359": 0
"p360": 0.0008580444489604678
"p361": 0.000165587525237985
"p362": 1.6935087808430286E-05
"p363": 0
"p364": 0.0004666557529434121
"p365": 9.22021447347871E-05
"p366": 5.645029269476761E-06
"p367": 0
"p368": 0
"p369": 0
"p370": 0
"p371": 0
"p372": 0
"p373": 0
"p374": 0
"p375": 0
"p376": 0.000472300782212889
"p377": 7.714873334951573E-05
