"p315": 1.1290058538953523E-05
"p316": 0.0028262779875846992
"p317": 0.0010048152099668634
"p318": 0.0001486524374295547
"p319": 9.408382115794602E-06
"p320": 0.0004290222244802338
"p321": 9.596549758110495E-05
"p322": 5.645029269476761E-06
"p323": 0
"p324": 0.00022956452362538827
"p325": 5.8331969117926534E-05
"p326": 5.645029269476761E-06
"p327": 0
"p328": 0.00038386199032441974
"p329": 4.516023415581409E-05
"p330": 0
"p331": 0
"p332": 0.00010725555612005845
"p333": 5.645029269476761E-06
"p334": 0
"p335": 0
"p336": 0
"p337": 0
"p338": 0
"p339": 0
"p340": 2.258011707790704E-05
"p341": 0
"p342": 0
"p343": 0
"p344": 0
"p345": 0
"p346": 0
"p347": 0
"p348": 0
"p349": 0
"p350": 0
"p351": 0
"p352": 0.00037445360820862513
"p353": 5.2686939848449775E-05
"p354": 0
"p355": 0
"p356": 0.00031235828624438073
"p357": 4.327855773265517E-05
"p358": 0
"p359": 0
"p360": 0.00018816764231589203
"p361": 2.2580117077907045E-05
"p362": 0
"p363": 0
"p364": 3.575185204001949E-05
"p365": 5.645029269476761E-06
"p366": 0
"p367": 0
"p368": 0.0006341249546045561
"p369": 9.784717400426384E-05
"p370": 5.645029269476761E-06
"p371": 0
"p372": 0.0005155793399455441
"p373": 8.655711546531033E-05
"p374": 5.645029269476761E-06
"p375": 0
"p376": 0.00021451111224011685
"p377": 2.2580117077907045E-05
