"p315": 0.00012419064392848875
"p316": 0.004017379163444294
"p317": 0.001558028078375586
"p318": 0.00031988499193701646
"p319": 3.763352846317841E-05
"p320": 5.645029269476761E-06
"p321": 0
"p322": 0
"p323": 0
"p324": 0
"p325": 0
"p326": 0
"p327": 0
"p328": 0.0001204272910821709
"p329": 3.7633528463178407E-06
"p330": 0
"p331": 0
"p332": 3.0106822770542726E-05
"p333": 3.7633528463178407E-06
"p334": 0
"p335": 0
"p336": 0
"p337": 0
"p338": 0
"p339": 0
"p340": 0
"p341": 0
"p342": 0
"p343": 0
"p344": 1.6935087808430286E-05
"p345": 0
"p346": 0
"p347": 0
"p348": 0
"p349": 0
"p350": 0
"p351": 0
"p352": 2.4461793501065963E-05
"p353": 0
"p354": 0
"p355": 0
"p356": 0
"p357": 0
"p358": 0
"p359": 0
"p360": 0.0017800658963083387
"p361": 0.00029730487485910944
"p362": 1.1290058538953523E-05
"p363": 0
"p364": 0.00011290058538953522
"p365": 5.645029269476761E-06
"p366": 0
"p367": 0
"p368": 3.7633528463178407E-06
"p369": 0
"p370": 0
"p371": 0
"p372": 0
"p373": 0
"p374": 0
"p375": 0
"p376": 0.0009464832408489371
"p377": 0.00012419064392848875
