"p315": 5.645029269476761E-06
"p316": 0.0012155629693606622
"p317": 0.00023144620004854715
"p318": 2.2580117077907045E-05
"p319": 0
"p320": 0.00041208713667180365
"p321": 0.00012042729108217089
"p322": 2.2580117077907045E-05
"p323": 0
"p324": 1.1290058538953521E-05
"p325": 0
"p326": 0
"p327": 0
"p328": 0.0004177321659412804
"p329": 7.903040977267465E-05
"p330": 0
"p331": 0
"p332": 0.0003292933740528111
"p333": 0.00012795399677480656
"p334": 1.1290058538953523E-05
"p335": 0
"p336": 0.00011854561465901199
"p337": 1.5053411385271363E-05
"p338": 0
"p339": 0
"p340": 0
"p341": 0
"p342": 0
"p343": 0
"p344": 5.645029269476761E-06
"p345": 0
"p346": 0
"p347": 0
"p348": 3.7633528463178407E-06
"p349": 0
"p350": 0
"p351": 0
"p352": 0.003563895145462995
"p353": 0.001198627881552232
"p354": 0.00023520955289486504
"p355": 4.139688130949624E-05
"p356": 1.505341138527136E-05
"p357": 0
"p358": 0
"p359": 0
"p360": 0.00723692752346921
"p361": 0.00200398539066425
"p362": 0.00032176666836017533
"p363": 4.139688130949624E-05
"p364": 0.002547789876957178
"p365": 0.0005607395741013582
"p366": 3.7633528463178407E-05
"p367": 0
"p368": 0.004041840956945361
"p369": 0.0014601809043713223
"p370": 0.000284133139896997
"p371": 7.5267056926356815E-06
"p372": 0
"p373": 0
"p374": 0
"p375": 0
"p376": 0.004173558306566485
"p377": 0.0010123419156594993
