"p315": 5.645029269476761E-06
"p316": 0.005436163186506121
"p317": 0.0021921530329801426
"p318": 0.00038762534317073765
"p319": 1.8816764231589207E-05
"p320": 0.001283303320594384
"p321": 0.00041396881309496247
"p322": 6.585867481056221E-05
"p323": 0
"p324": 0.0014300740816007797
"p325": 0.00046101072367393553
"p326": 7.526705692635681E-05
"p327": 1.1290058538953523E-05
"p328": 0.014206656994849853
"p329": 0.00585765870529372
"p330": 0.0014169023466386675
"p331": 0.0001844042894695742
"p332": 0.01534130787801468
"p333": 0.007110855203117561
"p334": 0.0019324816865842116
"p335": 0.00027472475778120243
"p336": 0.0030483158055174507
"p337": 0.0013867955238681244
"p338": 0.0003349384033222878
"p339": 1.6935087808430282E-05
"p340": 0.002224141532173844
"p341": 0.0009257848001941888
"p342": 0.00022015614150959367
"p343": 4.139688130949624E-05
"p344": 0.019908136557021384
"p345": 0.009043336889701773
"p346": 0.0023840840281423525
"p347": 0.00028789649274331484
"p348": 0.015762803396802277
"p349": 0.008008414856964368
"p350": 0.002434889291567643
"p351": 0.00046665575294341233
"p352": 0.00018628596589273313
"p353": 5.2686939848449775E-05
"p354": 5.645029269476761E-06
"p355": 0
"p356": 0.0002690797285117256
"p357": 0.0001091372325432174
"p358": 3.0106822770542726E-05
"p359": 5.645029269476761E-06
"p360": 0.007338538050319793
"p361": 0.0024894579078392526
"p362": 0.00043654893017286954
"p363": 1.8816764231589203E-05
"p364": 0.011094364190944998
"p365": 0.004645859088779377
"p366": 0.0010405670620068832
"p367": 3.951520488633733E-05
"p368": 0.0003405834325917646
"p369": 0.00011666393823585305
"p370": 1.1290058538953523E-05
"p371": 0
"p372": 0.0009370748587331423
"p373": 0.0003706902553623073
"p374": 8.091208619583357E-05
"p375": 7.5267056926356815E-06
"p376": 0.00613614681592124
"p377": 0.0018572146296578541
