"p315": 0
"p316": 0.0013773871417523294
"p317": 0.000329293374052811
"p318": 2.634346992422488E-05
"p319": 0
"p320": 3.575185204001949E-05
"p321": 3.7633528463178407E-06
"p322": 0
"p323": 0
"p324": 7.338538050319788E-05
"p325": 1.5053411385271363E-05
"p326": 0
"p327": 0
"p328": 5.645029269476761E-06
"p329": 0
"p330": 0
"p331": 0
"p332": 1.1290058538953523E-05
"p333": 0
"p334": 0
"p335": 0
"p336": 7.33853805031979E-05
"p337": 3.7633528463178407E-06
"p338": 0
"p339": 0
"p340": 0.00011854561465901197
"p341": 1.5053411385271363E-05
"p342": 0
"p343": 0
"p344": 2.0698440654748124E-05
"p345": 5.645029269476761E-06
"p346": 0
"p347": 0
"p348": 3.387017561686057E-05
"p349": 5.645029269476761E-06
"p350": 0
"p351": 0
"p352": 0.00029730487485910944
"p353": 6.021364554108545E-05
"p354": 5.645029269476761E-06
"p355": 0
"p356": 0.00027848811062752024
"p357": 7.714873334951573E-05
"p358": 5.645029269476761E-06
"p359": 0
"p360": 0.00016370584881482606
"p361": 5.645029269476761E-06
"p362": 0
"p363": 0
"p364": 6.774035123372114E-05
"p365": 0
"p366": 0
"p367": 0
"p368": 0.000660468424528781
"p369": 0.00014865243742955472
"p370": 1.6935087808430286E-05
"p371": 0
"p372": 0.0004911175464444781
"p373": 0.00011478226181269414
"p374": 5.645029269476761E-06
"p375": 0
"p376": 0.00046853742936657115
"p377": 3.387017561686057E-05
