"p315": 0
"p316": 0.00012795399677480656
"p317": 1.8816764231589207E-05
"p318": 0
"p319": 0
"p320": 2.2580117077907045E-05
"p321": 0
"p322": 0
"p323": 0
"p324": 3.7633528463178407E-06
"p325": 0
"p326": 0
"p327": 0
"p328": 0.00012419064392848875
"p329": 1.6935087808430282E-05
"p330": 0
"p331": 0
"p332": 9.032046831162818E-05
"p333": 1.6935087808430282E-05
"p334": 0
"p335": 0
"p336": 0
"p337": 0
"p338": 0
"p339": 0
"p340": 0
"p341": 0
"p342": 0
"p343": 0
"p344": 0
"p345": 0
"p346": 0
"p347": 0
"p348": 0
"p349": 0
"p350": 0
"p351": 0
"p352": 1.8816764231589204E-06
"p353": 0
"p354": 0
"p355": 0
"p356": 1.8816764231589204E-06
"p357": 1.8816764231589204E-06
"p358": 0
"p359": 0
"p360": 0.00013359902604428335
"p361": 1.6935087808430282E-05
"p362": 0
"p363": 0
"p364": 0.00016182417239166716
"p365": 1.6935087808430282E-05
"p366": 0
"p367": 0
"p368": 9.408382115794602E-06
"p369": 0
"p370": 0
"p371": 0
"p372": 5.645029269476761E-06
"p373": 1.8816764231589204E-06
"p374": 0
"p375": 0
"p376": 2.4461793501065963E-05
"p377": 0
