"p315": 1.8816764231589204E-06
"p316": 0.0024875762314160925
"p317": 0.0008919146245773283
"p318": 0.00014488908458323686
"p319": 9.408382115794602E-06
"p320": 0.01003686204112968
"p321": 0.004975152462832185
"p322": 0.0014996961092576596
"p323": 0.0002295645236253883
"p324": 3.1988499193701654E-05
"p325": 5.645029269476761E-06
"p326": 0
"p327": 0
"p328": 0.012127404547259248
"p329": 0.004926228875830054
"p330": 0.0012005095579753914
"p331": 0.00013548070246744229
"p332": 0.010744372376237439
"p333": 0.0037915779926652247
"p334": 0.0007940674505730645
"p335": 8.843879188846928E-05
"p336": 0.009208924414939758
"p337": 0.004986442521371139
"p338": 0.0016690469873419625
"p339": 0.0003669269025159895
"p340": 0.00029542319843595046
"p341": 6.585867481056222E-05
"p342": 5.645029269476761E-06
"p343": 0
"p344": 0.018081028750134072
"p345": 0.008305719731823476
"p346": 0.002282473501291771
"p347": 0.0002747247577812024
"p348": 0.013160444903573496
"p349": 0.005419228098697691
"p350": 0.001223089675053298
"p351": 0.0001091372325432174
"p352": 0.008347116613132973
"p353": 0.0036259904674272397
"p354": 0.0008712161839225801
"p355": 3.951520488633733E-05
"p356": 0
"p357": 0
"p358": 0
"p359": 0
"p360": 0.005868948763832674
"p361": 0.0021827446508643476
"p362": 0.00042337719521075713
"p363": 1.1290058538953523E-05
"p364": 0.004468981505002436
"p365": 0.0013717421124828531
"p366": 0.0002032210537011634
"p367": 1.1290058538953523E-05
"p368": 0.0071014468210017665
"p369": 0.0028921366623952597
"p370": 0.0006058998082571724
"p371": 4.1396881309496255E-05
"p372": 2.6343469924224884E-05
"p373": 1.1290058538953523E-05
"p374": 0
"p375": 0
"p376": 0.004726771174975208
"p377": 0.0015053411385271363
