"p315": 7.5267056926356815E-06
"p316": 0.0013943222295607592
"p317": 0.00034999181470755914
"p318": 4.5160234155814084E-05
"p319": 0
"p320": 0.0001034922032737406
"p321": 1.5053411385271363E-05
"p322": 0
"p323": 0
"p324": 0
"p325": 0
"p326": 0
"p327": 0
"p328": 8.843879188846926E-05
"p329": 9.408382115794602E-06
"p330": 0
"p331": 0
"p332": 3.387017561686057E-05
"p333": 5.645029269476761E-06
"p334": 0
"p335": 0
"p336": 1.5053411385271363E-05
"p337": 0
"p338": 0
"p339": 0
"p340": 0
"p341": 0
"p342": 0
"p343": 0
"p344": 0
"p345": 0
"p346": 0
"p347": 0
"p348": 0
"p349": 0
"p350": 0
"p351": 0
"p352": 0.0003594001968233538
"p353": 8.655711546531033E-05
"p354": 5.645029269476761E-06
"p355": 0
"p356": 0
"p357": 0
"p358": 0
"p359": 0
"p360": 0.001066910531931108
"p361": 0.00018816764231589206
"p362": 1.6935087808430286E-05
"p363": 0
"p364": 0.00013548070246744226
"p365": 5.645029269476761E-06
"p366": 0
"p367": 0
"p368": 0.0004760641350592069
"p369": 0.00011666393823585305
"p370": 5.645029269476761E-06
"p371": 0
"p372": 0
"p373": 0
"p374": 0
"p375": 0
"p376": 0.0005118159870992264
"p377": 7.714873334951573E-05
