"p315": 5.645029269476761E-06
"p316": 0.0032289567421407077
"p317": 0.0008975596538468051
"p318": 0.00012230896750532982
"p319": 9.408382115794602E-06
"p320": 0.0014131389937923492
"p321": 0.00046101072367393553
"p322": 7.526705692635681E-05
"p323": 1.1290058538953523E-05
"p324": 0.0021413477695548513
"p325": 0.0009295481530405067
"p326": 0.00022580117077907044
"p327": 4.139688130949625E-05
"p328": 0.0002690797285117256
"p329": 0.00010913723254321738
"p330": 3.0106822770542726E-05
"p331": 5.645029269476761E-06
"p332": 0.0009370748587331423
"p333": 0.0003706902553623073
"p334": 8.091208619583357E-05
"p335": 7.5267056926356815E-06
"p336": 5.080526342529084E-05
"p337": 0
"p338": 0
"p339": 0
"p340": 0.00031988499193701646
"p341": 7.526705692635683E-05
"p342": 5.645029269476761E-06
"p343": 0
"p344": 0
"p345": 0
"p346": 0
"p347": 0
"p348": 0
"p349": 0
"p350": 0
"p351": 0
"p352": 0.021366435784969544
"p353": 0.009509992642645184
"p354": 0.002559079935496132
"p355": 0.00035940019682335385
"p356": 0.02632841651283963
"p357": 0.012626048799396362
"p358": 0.003710665906469392
"p359": 0.0006435333367203509
"p360": 0.014058004557420298
"p361": 0.005724059679249436
"p362": 0.0012833033205943841
"p363": 4.892358700213192E-05
"p364": 0.011794347820360115
"p365": 0.004346672537497106
"p366": 0.0008241742733436072
"p367": 5.268693984844976E-05
"p368": 0.009052745271817566
"p369": 0.003236483447833343
"p370": 0.0006886935708761649
"p371": 8.27937626189925E-05
"p372": 0.01173601585124219
"p373": 0.004832145054672108
"p374": 0.0011440592652806236
"p375": 0.0001110189089663763
"p376": 0.0040982912496401284
"p377": 0.0012362614100154107
