"p315": 2.6343469924224887E-05
"p316": 0.009572087964609429
"p317": 0.003977863958557957
"p318": 0.000827937626189925
"p319": 6.39769983874033E-05
"p320": 0.0001768775837769385
"p321": 4.3278557732655166E-05
"p322": 0
"p323": 0
"p324": 0.0008542810961141498
"p325": 0.00024461793501065964
"p326": 2.8225146347383805E-05
"p327": 1.8816764231589204E-06
"p328": 0.0015335662848745201
"p329": 0.0004854725171750014
"p330": 8.091208619583358E-05
"p331": 1.1290058538953523E-05
"p332": 0.002099950888245355
"p333": 0.0009408382115794602
"p334": 0.00023144620004854718
"p335": 4.139688130949625E-05
"p336": 0
"p337": 0
"p338": 0
"p339": 0
"p340": 0
"p341": 0
"p342": 0
"p343": 0
"p344": 5.080526342529084E-05
"p345": 0
"p346": 0
"p347": 0
"p348": 0.00031988499193701646
"p349": 7.526705692635683E-05
"p350": 5.645029269476761E-06
"p351": 0
"p352": 0.003688085789391484
"p353": 0.0015373296377208375
"p354": 0.00034622846186124133
"p355": 1.6935087808430282E-05
"p356": 0.003052079158363769
"p357": 0.0011214791482027165
"p358": 0.0002483812878569775
"p359": 4.139688130949624E-05
"p360": 0.03164603408468674
"p361": 0.013301570635310414
"p362": 0.0032891703876817943
"p363": 0.00038762534317073765
"p364": 0.033587924153386746
"p365": 0.015473025227635807
"p366": 0.004278932186263387
"p367": 0.0006868118944530062
"p368": 0.0008561627725373088
"p369": 0.0002954231984359505
"p370": 4.516023415581409E-05
"p371": 0
"p372": 0.00085428109611415
"p373": 0.0003255300212064932
"p374": 5.833196911792653E-05
"p375": 1.1290058538953523E-05
"p376": 0.012394602599347812
"p377": 0.004222481893568617
