"p315": 0.00026531637566540783
"p316": 0.017858990932201318
"p317": 0.008787428896152158
"p318": 0.0025063929956476824
"p319": 0.00043843060659602847
"p320": 0
"p321": 0
"p322": 0
"p323": 0
"p324": 0
"p325": 0
"p326": 0
"p327": 0
"p328": 7.338538050319788E-05
"p329": 9.408382115794602E-06
"p330": 0
"p331": 0
"p332": 9.972885042742278E-05
"p333": 1.5053411385271363E-05
"p334": 0
"p335": 0
"p336": 0
"p337": 0
"p338": 0
"p339": 0
"p340": 5.645029269476761E-06
"p341": 0
"p342": 0
"p343": 0
"p344": 8.27937626189925E-05
"p345": 3.7633528463178407E-06
"p346": 0
"p347": 0
"p348": 8.467543904215141E-05
"p349": 3.7633528463178407E-06
"p350": 0
"p351": 0
"p352": 1.1290058538953523E-05
"p353": 0
"p354": 0
"p355": 0
"p356": 9.408382115794602E-06
"p357": 0
"p358": 0
"p359": 0
"p360": 0.0006040181318340134
"p361": 9.220214473478711E-05
"p362": 5.645029269476761E-06
"p363": 0
"p364": 0.0003857436667475787
"p365": 6.962202765688006E-05
"p366": 5.645029269476761E-06
"p367": 0
"p368": 6.774035123372114E-05
"p369": 5.645029269476761E-06
"p370": 0
"p371": 0
"p372": 1.8816764231589203E-05
"p373": 0
"p374": 0
"p375": 0
"p376": 0.001181692793743802
"p377": 0.000188167642315892
