"p315": 0.0002916598455896327
"p316": 0.014338374344470974
"p317": 0.005966795937836937
"p318": 0.0015448563434134735
"p319": 0.0002314462000485472
"p320": 0.00017687758377693853
"p321": 4.3278557732655166E-05
"p322": 0
"p323": 0
"p324": 0
"p325": 0
"p326": 0
"p327": 0
"p328": 0.0036880857893914843
"p329": 0.001537329637720838
"p330": 0.00034622846186124133
"p331": 1.6935087808430282E-05
"p332": 0.0008561627725373088
"p333": 0.0002954231984359505
"p334": 4.516023415581409E-05
"p335": 0
"p336": 0.0008542810961141498
"p337": 0.00024461793501065964
"p338": 2.8225146347383805E-05
"p339": 1.8816764231589204E-06
"p340": 0
"p341": 0
"p342": 0
"p343": 0
"p344": 0.0030520791583637684
"p345": 0.0011214791482027165
"p346": 0.0002483812878569775
"p347": 4.139688130949625E-05
"p348": 0.0008542810961141498
"p349": 0.0003255300212064932
"p350": 5.833196911792654E-05
"p351": 1.1290058538953523E-05
"p352": 0.00153356628487452
"p353": 0.0004854725171750015
"p354": 8.091208619583358E-05
"p355": 1.1290058538953523E-05
"p356": 5.080526342529084E-05
"p357": 0
"p358": 0
"p359": 0
"p360": 0.03164603408468674
"p361": 0.013301570635310412
"p362": 0.0032891703876817948
"p363": 0.0003876253431707377
"p364": 0.012394602599347812
"p365": 0.004222481893568618
"p366": 0.0008241742733436071
"p367": 9.22021447347871E-05
"p368": 0.0020999508882453555
"p369": 0.0009408382115794602
"p370": 0.0002314462000485472
"p371": 4.139688130949624E-05
"p372": 0.00031988499193701646
"p373": 7.526705692635683E-05
"p374": 5.645029269476761E-06
"p375": 0
"p376": 0.033587924153386746
"p377": 0.01547302522763581
