"p315": 0
"p316": 0.00025214464070329537
"p317": 5.080526342529084E-05
"p318": 0
"p319": 0
"p320": 0.00015617914312219037
"p321": 2.634346992422488E-05
"p322": 0
"p323": 0
"p324": 0
"p325": 0
"p326": 0
"p327": 0
"p328": 0.0055547088011651344
"p329": 0.0017198522507672533
"p330": 0.00027848811062752013
"p331": 1.5053411385271363E-05
"p332": 0.0008185292440741304
"p333": 0.00019569434800852768
"p334": 2.258011707790704E-05
"p335": 0
"p336": 0.000353755167553877
"p337": 3.76335284631784E-05
"p338": 0
"p339": 0
"p340": 3.3870175616860565E-05
"p341": 0
"p342": 0
"p343": 0
"p344": 0.008283139614745569
"p345": 0.00266633549161619
"p346": 0.0005343961041771334
"p347": 8.279376261899248E-05
"p348": 0.0017857109255778152
"p349": 0.000472300782212889
"p350": 3.7633528463178407E-05
"p351": 0
"p352": 2.0698440654748124E-05
"p353": 5.6450292694767605E-06
"p354": 0
"p355": 0
"p356": 0
"p357": 0
"p358": 0
"p359": 0
"p360": 0.0019456534215463233
"p361": 0.0004685374293665712
"p362": 5.268693984844977E-05
"p363": 0
"p364": 0.00028977816916647367
"p365": 4.139688130949624E-05
"p366": 0
"p367": 0
"p368": 0.0002163927886632758
"p369": 7.338538050319788E-05
"p370": 1.505341138527136E-05
"p371": 0
"p372": 0
"p373": 0
"p374": 0
"p375": 0
"p376": 0.004617633942431991
"p377": 0.0013341085840196743
