"p378": 0
"p379": 0
"p380": 0
"p381": 0
"p382": 0
"p383": 0
"p384": 3.198849919370165E-05
"p385": 0
"p386": 0
"p387": 0
"p388": 0
"p389": 0
"p390": 0
"p391": 0
"p392": 0.0010198686213521348
"p393": 0.00022580117077907044
"p394": 2.8225146347383805E-05
"p395": 0
"p396": 0.0001016105268505817
"p397": 2.2580117077907045E-05
"p398": 0
"p399": 0
"p400": 0.00019757602443168663
"p401": 2.2580117077907045E-05
"p402": 0
"p403": 0
"p404": 0
"p405": 0
"p406": 0
"p407": 0
"p408": 0.0005249877220613388
"p409": 4.7041910578973015E-05
"p410": 0
"p411": 0
"p412": 9.596549758110495E-05
"p413": 2.2580117077907045E-05
"p414": 0
"p415": 0
"p416": 0.0006529417188361454
"p417": 0.00012042729108217093
"p418": 1.1290058538953523E-05
"p419": 0
"p420": 1.3171734962112444E-05
"p421": 0
"p422": 0
"p423": 0
"p424": 0.008102498678122313
"p425": 0.0022956452362538826
"p426": 0.00036880857893914834
"p427": 4.1396881309496255E-05
"p428": 0.005714651297133641
"p429": 0.001488406050718706
"p430": 0.0001975760244316866
"p431": 7.5267056926356815E-06
"p432": 0.0007188003936467077
"p433": 0.0001693508780843028
"p434": 2.2580117077907045E-05
"p435": 0
"p436": 0.00019004931873905096
"p437": 1.8816764231589203E-05
"p438": 0
"p439": 0
"p440": 0.005537773713356704
