"p378": 0
"p379": 0
"p380": 0.0007357354814551377
"p381": 0.00012607232035164766
"p382": 1.1290058538953523E-05
"p383": 0
"p384": 0.00024273625858750077
"p385": 7.33853805031979E-05
"p386": 2.2580117077907045E-05
"p387": 5.645029269476761E-06
"p388": 0
"p389": 0
"p390": 0
"p391": 0
"p392": 5.080526342529084E-05
"p393": 1.8816764231589203E-05
"p394": 3.7633528463178407E-06
"p395": 0
"p396": 0.00019945770085484557
"p397": 6.021364554108546E-05
"p398": 5.645029269476761E-06
"p399": 0
"p400": 0.00023709122931802392
"p401": 8.27937626189925E-05
"p402": 2.6343469924224887E-05
"p403": 5.645029269476761E-06
"p404": 1.1290058538953523E-05
"p405": 5.645029269476761E-06
"p406": 0
"p407": 0
"p408": 5.833196911792653E-05
"p409": 2.6343469924224887E-05
"p410": 3.7633528463178407E-06
"p411": 0
"p412": 0.0003838619903244198
"p413": 0.00013736237889060116
"p414": 1.6935087808430286E-05
"p415": 0
"p416": 0.0001279539967748066
"p417": 4.516023415581409E-05
"p418": 1.1290058538953523E-05
"p419": 0
"p420": 0
"p421": 0
"p422": 0
"p423": 0
"p424": 9.408382115794602E-06
"p425": 0
"p426": 0
"p427": 0
"p428": 1.8816764231589203E-05
"p429": 1.8816764231589204E-06
"p430": 1.8816764231589204E-06
"p431": 1.8816764231589204E-06
"p432": 6.962202765688005E-05
"p433": 2.4461793501065966E-05
"p434": 1.3171734962112442E-05
"p435": 0
"p436": 0
"p437": 0
"p438": 0
"p439": 0
"p440": 0
