"p378": 0
"p379": 0
"p380": 0.00014488908458323686
"p381": 0
"p382": 0
"p383": 0
"p384": 2.4461793501065963E-05
"p385": 1.8816764231589204E-06
"p386": 0
"p387": 0
"p388": 0.00017123255450746176
"p389": 2.6343469924224884E-05
"p390": 0
"p391": 0
"p392": 3.7633528463178407E-06
"p393": 0
"p394": 0
"p395": 0
"p396": 0.00013359902604428335
"p397": 2.6343469924224884E-05
"p398": 0
"p399": 0
"p400": 0
"p401": 0
"p402": 0
"p403": 0
"p404": 5.645029269476761E-06
"p405": 0
"p406": 0
"p407": 0
"p408": 0
"p409": 0
"p410": 0
"p411": 0
"p412": 0
"p413": 0
"p414": 0
"p415": 0
"p416": 0.0018741497174662846
"p417": 0.0004403122830191873
"p418": 4.892358700213193E-05
"p419": 0
"p420": 0.0034095976787639638
"p421": 0.0009314298294636656
"p422": 0.00015241579027587253
"p423": 2.2580117077907045E-05
"p424": 0.0003970337252865322
"p425": 6.39769983874033E-05
"p426": 0
"p427": 0
"p428": 0.0022335499142896384
"p429": 0.000517461016368703
"p430": 3.0106822770542726E-05
"p431": 0
"p432": 0.00017123255450746176
"p433": 2.2580117077907045E-05
"p434": 0
"p435": 0
"p436": 0.0005381594570234513
"p437": 0.00012607232035164768
"p438": 1.3171734962112442E-05
"p439": 0
"p440": 2.2580117077907045E-05
