"p378": 0
"p379": 0
"p380": 3.575185204001949E-05
"p381": 3.7633528463178407E-06
"p382": 0
"p383": 0
"p384": 0.0009878801221584331
"p385": 0.00028225146347383805
"p386": 5.456861627160869E-05
"p387": 5.645029269476761E-06
"p388": 5.64502926947676E-05
"p389": 3.7633528463178407E-06
"p390": 0
"p391": 0
"p392": 0.0006303616017582384
"p393": 0.00020886608297064017
"p394": 3.9515204886337324E-05
"p395": 1.1290058538953523E-05
"p396": 0.002103714241091673
"p397": 0.0006774035123372113
"p398": 9.596549758110493E-05
"p399": 0
"p400": 1.3171734962112444E-05
"p401": 0
"p402": 0
"p403": 0
"p404": 1.8816764231589204E-06
"p405": 1.8816764231589204E-06
"p406": 0
"p407": 0
"p408": 0
"p409": 0
"p410": 0
"p411": 0
"p412": 0
"p413": 0
"p414": 0
"p415": 0
"p416": 0.0013284635547501978
"p417": 0.00040079707813285006
"p418": 9.784717400426385E-05
"p419": 5.645029269476761E-06
"p420": 0
"p421": 0
"p422": 0
"p423": 0
"p424": 0.0006171898667961258
"p425": 0.00022203781793275258
"p426": 3.9515204886337324E-05
"p427": 1.1290058538953523E-05
"p428": 0.0013190551726344033
"p429": 0.0003349384033222878
"p430": 4.516023415581409E-05
"p431": 1.8816764231589204E-06
"p432": 0.000541922809869769
"p433": 0.00014300740816007793
"p434": 2.6343469924224884E-05
"p435": 0
"p436": 0
"p437": 0
"p438": 0
"p439": 0
"p440": 0.0002860148163201559
