"p378": 0
"p379": 0
"p380": 0
"p381": 0
"p382": 0
"p383": 0
"p384": 0.00015994249596850825
"p385": 2.8225146347383805E-05
"p386": 0
"p387": 0
"p388": 0.0004327855773265517
"p389": 4.1396881309496255E-05
"p390": 0
"p391": 0
"p392": 1.6935087808430282E-05
"p393": 1.8816764231589204E-06
"p394": 0
"p395": 0
"p396": 0.00029354152201279153
"p397": 8.843879188846925E-05
"p398": 1.5053411385271363E-05
"p399": 0
"p400": 0
"p401": 0
"p402": 0
"p403": 0
"p404": 3.951520488633733E-05
"p405": 0
"p406": 0
"p407": 0
"p408": 0
"p409": 0
"p410": 0
"p411": 0
"p412": 0
"p413": 0
"p414": 0
"p415": 0
"p416": 0.006222703931386551
"p417": 0.001868504688196808
"p418": 0.0002935415220127916
"p419": 1.5053411385271363E-05
"p420": 0.009833640987428522
"p421": 0.0030351440705553385
"p422": 0.0005927280732950598
"p423": 8.27937626189925E-05
"p424": 0.0020641990362053357
"p425": 0.000517461016368703
"p426": 5.268693984844977E-05
"p427": 0
"p428": 0.006128620110228605
"p429": 0.0016709286637651211
"p430": 0.00020698440654748124
"p431": 0
"p432": 0.0008523994196909908
"p433": 0.0002145111122401169
"p434": 2.2580117077907045E-05
"p435": 0
"p436": 0.001913664922352622
"p437": 0.0004873541935981604
"p438": 3.951520488633733E-05
"p439": 0
"p440": 0.0003236483447833343
