"p378": 0
"p379": 0
"p380": 0
"p381": 0
"p382": 0
"p383": 0
"p384": 0.000423377195210757
"p385": 9.408382115794603E-05
"p386": 1.1290058538953523E-05
"p387": 0
"p388": 0
"p389": 0
"p390": 0
"p391": 0
"p392": 0.00020133937727800447
"p393": 4.892358700213193E-05
"p394": 5.645029269476761E-06
"p395": 0
"p396": 0.0004666557529434122
"p397": 8.843879188846926E-05
"p398": 5.645029269476761E-06
"p399": 0
"p400": 0.00027284308135804345
"p401": 6.39769983874033E-05
"p402": 5.645029269476761E-06
"p403": 0
"p404": 1.6935087808430286E-05
"p405": 0
"p406": 0
"p407": 0
"p408": 0.00012419064392848873
"p409": 2.8225146347383808E-05
"p410": 0
"p411": 0
"p412": 0.0005343961041771334
"p413": 0.0001279539967748066
"p414": 5.645029269476761E-06
"p415": 0
"p416": 0.00034434678543808245
"p417": 2.8225146347383805E-05
"p418": 0
"p419": 0
"p420": 0
"p421": 0
"p422": 0
"p423": 0
"p424": 0.00013548070246744226
"p425": 7.5267056926356815E-06
"p426": 0
"p427": 0
"p428": 0.00016935087808430283
"p429": 1.1290058538953523E-05
"p430": 0
"p431": 0
"p432": 0.00011854561465901196
"p433": 5.645029269476761E-06
"p434": 0
"p435": 0
"p436": 5.645029269476761E-06
"p437": 0
"p438": 0
"p439": 0
"p440": 2.8225146347383805E-05
