"p378": 0
"p379": 0
"p380": 0.00013736237889060116
"p381": 0
"p382": 0
"p383": 0
"p384": 0.00010537387969689952
"p385": 2.2580117077907045E-05
"p386": 0
"p387": 0
"p388": 0.00020510273012432228
"p389": 2.0698440654748124E-05
"p390": 0
"p391": 0
"p392": 0.0007921857741499055
"p393": 0.00019569434800852773
"p394": 2.4461793501065966E-05
"p395": 0
"p396": 0.001800764336963087
"p397": 0.0005776746619097886
"p398": 0.00012419064392848873
"p399": 1.6935087808430286E-05
"p400": 0.00030483158055174506
"p401": 7.33853805031979E-05
"p402": 5.645029269476761E-06
"p403": 0
"p404": 0.00042337719521075713
"p405": 7.903040977267466E-05
"p406": 0
"p407": 0
"p408": 0.0009333115058868243
"p409": 0.00023709122931802394
"p410": 3.0106822770542726E-05
"p411": 0
"p412": 0.0021658095630559173
"p413": 0.0007037469822614361
"p414": 0.0001392440553137601
"p415": 1.6935087808430286E-05
"p416": 9.408382115794602E-06
"p417": 0
"p418": 0
"p419": 0
"p420": 3.387017561686057E-05
"p421": 1.1290058538953523E-05
"p422": 1.8816764231589204E-06
"p423": 1.8816764231589204E-06
"p424": 0.00029730487485910944
"p425": 4.3278557732655166E-05
"p426": 0
"p427": 0
"p428": 0.0007959491269962233
"p429": 0.0002653163756654078
"p430": 4.1396881309496255E-05
"p431": 0
"p432": 2.0698440654748124E-05
"p433": 1.8816764231589204E-06
"p434": 1.8816764231589204E-06
"p435": 0
"p436": 9.22021447347871E-05
"p437": 2.0698440654748124E-05
"p438": 1.8816764231589204E-06
"p439": 1.8816764231589204E-06
"p440": 0.00021262943581695798
