"p378": 0
"p379": 0
"p380": 3.951520488633733E-05
"p381": 0
"p382": 0
"p383": 0
"p384": 7.526705692635681E-05
"p385": 1.3171734962112444E-05
"p386": 0
"p387": 0
"p388": 0
"p389": 0
"p390": 0
"p391": 0
"p392": 0.00018816764231589203
"p393": 2.2580117077907045E-05
"p394": 0
"p395": 0
"p396": 3.575185204001949E-05
"p397": 1.1290058538953523E-05
"p398": 0
"p399": 0
"p400": 0
"p401": 0
"p402": 0
"p403": 0
"p404": 0
"p405": 0
"p406": 0
"p407": 0
"p408": 1.6935087808430286E-05
"p409": 0
"p410": 0
"p411": 0
"p412": 0
"p413": 0
"p414": 0
"p415": 0
"p416": 0.00041020546024864466
"p417": 7.33853805031979E-05
"p418": 0
"p419": 0
"p420": 9.220214473478711E-05
"p421": 9.408382115794602E-06
"p422": 0
"p423": 0
"p424": 0.003392662590955534
"p425": 0.0010104602392363403
"p426": 0.00022015614150959365
"p427": 3.387017561686057E-05
"p428": 0.0026719805208856675
"p429": 0.0007432621871477734
"p430": 0.00012230896750532982
"p431": 0
"p432": 0.0001467707610063958
"p433": 1.5053411385271365E-05
"p434": 0
"p435": 0
"p436": 0
"p437": 0
"p438": 0
"p439": 0
"p440": 0.0007470255399940913
