"p378": 0
"p379": 0
"p380": 0.00010349220327374062
"p381": 1.6935087808430282E-05
"p382": 0
"p383": 0
"p384": 0.0008561627725373088
"p385": 0.0002032210537011634
"p386": 1.8816764231589203E-05
"p387": 0
"p388": 0.0015956616068387645
"p389": 0.00048170916432868367
"p390": 8.655711546531033E-05
"p391": 1.1290058538953523E-05
"p392": 0.00017687758377693853
"p393": 2.8225146347383808E-05
"p394": 0
"p395": 0
"p396": 0.0008222925969204481
"p397": 0.00018064093662325633
"p398": 3.7633528463178407E-06
"p399": 0
"p400": 0.0010424487384300418
"p401": 0.0002690797285117256
"p402": 3.0106822770542726E-05
"p403": 0
"p404": 0.0015505013726829502
"p405": 0.0004854725171750014
"p406": 8.091208619583357E-05
"p407": 1.1290058538953523E-05
"p408": 0.00023709122931802392
"p409": 3.575185204001949E-05
"p410": 0
"p411": 0
"p412": 0.0014978144328345003
"p413": 0.00038009863747810193
"p414": 2.6343469924224884E-05
"p415": 0
"p416": 0.00024273625858750068
"p417": 2.6343469924224887E-05
"p418": 0
"p419": 0
"p420": 0.0007601972749562039
"p421": 0.00017311423093062064
"p422": 7.5267056926356815E-06
"p423": 0
"p424": 1.5053411385271363E-05
"p425": 1.8816764231589204E-06
"p426": 0
"p427": 0
"p428": 6.585867481056218E-05
"p429": 1.1290058538953523E-05
"p430": 3.7633528463178407E-06
"p431": 0
"p432": 9.784717400426387E-05
"p433": 1.5053411385271363E-05
"p434": 0
"p435": 0
"p436": 0.0003612818732465127
"p437": 8.091208619583358E-05
"p438": 1.8816764231589204E-06
"p439": 0
"p440": 9.408382115794602E-06
