"p378": 0
"p379": 0
"p380": 0
"p381": 0
"p382": 0
"p383": 0
"p384": 0.00025214464070329537
"p385": 6.585867481056221E-05
"p386": 5.645029269476761E-06
"p387": 0
"p388": 0.00033682007974544673
"p389": 7.526705692635683E-05
"p390": 5.645029269476761E-06
"p391": 0
"p392": 6.021364554108545E-05
"p393": 1.6935087808430286E-05
"p394": 0
"p395": 0
"p396": 0.0003010682277054273
"p397": 6.209532196424438E-05
"p398": 0
"p399": 0
"p400": 0
"p401": 0
"p402": 0
"p403": 0
"p404": 0
"p405": 0
"p406": 0
"p407": 0
"p408": 0
"p409": 0
"p410": 0
"p411": 0
"p412": 0
"p413": 0
"p414": 0
"p415": 0
"p416": 0.00039327037244021434
"p417": 6.021364554108546E-05
"p418": 5.645029269476761E-06
"p419": 0
"p420": 0.0010161052685058172
"p421": 0.00018252261304641527
"p422": 1.6935087808430286E-05
"p423": 0
"p424": 6.209532196424438E-05
"p425": 1.3171734962112444E-05
"p426": 0
"p427": 0
"p428": 0.00021639278866327584
"p429": 3.9515204886337324E-05
"p430": 0
"p431": 0
"p432": 7.338538050319791E-05
"p433": 0
"p434": 0
"p435": 0
"p436": 0.0001298356731979655
"p437": 5.645029269476761E-06
"p438": 0
"p439": 0
"p440": 5.645029269476761E-06
