"p378": 3.7633528463178407E-05
"p379": 0
"p380": 0.001038685385583724
"p381": 0.0003010682277054273
"p382": 4.516023415581409E-05
"p383": 0
"p384": 2.8225146347383805E-05
"p385": 9.408382115794602E-06
"p386": 0
"p387": 0
"p388": 0
"p389": 0
"p390": 0
"p391": 0
"p392": 1.6935087808430282E-05
"p393": 1.8816764231589204E-06
"p394": 0
"p395": 0
"p396": 3.7633528463178407E-06
"p397": 0
"p398": 0
"p399": 0
"p400": 0
"p401": 0
"p402": 0
"p403": 0
"p404": 0
"p405": 0
"p406": 0
"p407": 0
"p408": 0
"p409": 0
"p410": 0
"p411": 0
"p412": 0
"p413": 0
"p414": 0
"p415": 0
"p416": 9.22021447347871E-05
"p417": 3.575185204001949E-05
"p418": 0
"p419": 0
"p420": 2.0698440654748124E-05
"p421": 5.645029269476761E-06
"p422": 0
"p423": 0
"p424": 0.0006209532196424437
"p425": 0.0002013393772780045
"p426": 5.645029269476761E-05
"p427": 1.1290058538953523E-05
"p428": 0.0004647740765202533
"p429": 0.00013171734962112445
"p430": 1.6935087808430286E-05
"p431": 0
"p432": 1.5053411385271363E-05
"p433": 3.7633528463178407E-06
"p434": 0
"p435": 0
"p436": 0
"p437": 0
"p438": 0
"p439": 0
"p440": 0.00010161052685058171
