"p378": 0
"p379": 0
"p380": 0
"p381": 0
"p382": 0
"p383": 0
"p384": 0.000848636066844673
"p385": 0.00022768284720222937
"p386": 2.0698440654748128E-05
"p387": 0
"p388": 0.0008825062424615337
"p389": 0.00018064093662325633
"p390": 2.2580117077907045E-05
"p391": 0
"p392": 0.0035507234105008833
"p393": 0.001160994353089054
"p394": 0.0001862859658927331
"p395": 7.5267056926356815E-06
"p396": 0.005278102366960772
"p397": 0.0017932376312704509
"p398": 0.00035751852040019486
"p399": 4.1396881309496255E-05
"p400": 0
"p401": 0
"p402": 0
"p403": 0
"p404": 1.1290058538953523E-05
"p405": 0
"p406": 0
"p407": 0
"p408": 0
"p409": 0
"p410": 0
"p411": 0
"p412": 2.0698440654748124E-05
"p413": 0
"p414": 0
"p415": 0
"p416": 0.00027096140493488457
"p417": 3.0106822770542726E-05
"p418": 0
"p419": 0
"p420": 0.0005024076049834318
"p421": 8.279376261899248E-05
"p422": 0
"p423": 0
"p424": 0.004502851680619297
"p425": 0.0010951356782784914
"p426": 0.0001373623788906012
"p427": 7.5267056926356815E-06
"p428": 0.008053575091120181
"p429": 0.0022486033256749094
"p430": 0.00037069025536230727
"p431": 4.1396881309496255E-05
"p432": 0.0003349384033222878
"p433": 6.774035123372114E-05
"p434": 5.645029269476761E-06
"p435": 0
"p436": 0.0005118159870992264
"p437": 0.0001430074081600779
"p438": 1.1290058538953523E-05
"p439": 0
"p440": 0.0015900165775692876
