"p378": 0
"p379": 0
"p380": 0
"p381": 0
"p382": 0
"p383": 0
"p384": 5.645029269476761E-06
"p385": 0
"p386": 0
"p387": 0
"p388": 6.774035123372113E-05
"p389": 5.645029269476761E-06
"p390": 0
"p391": 0
"p392": 0
"p393": 0
"p394": 0
"p395": 0
"p396": 9.408382115794602E-06
"p397": 0
"p398": 0
"p399": 0
"p400": 5.645029269476761E-06
"p401": 0
"p402": 0
"p403": 0
"p404": 3.387017561686057E-05
"p405": 0
"p406": 0
"p407": 0
"p408": 0
"p409": 0
"p410": 0
"p411": 0
"p412": 2.2580117077907045E-05
"p413": 3.7633528463178407E-06
"p414": 0
"p415": 0
"p416": 0.0003424651090149235
"p417": 6.021364554108546E-05
"p418": 5.645029269476761E-06
"p419": 0
"p420": 0.0008128842148046536
"p421": 0.00015994249596850823
"p422": 1.6935087808430286E-05
"p423": 0
"p424": 5.645029269476761E-05
"p425": 1.1290058538953523E-05
"p426": 0
"p427": 0
"p428": 0.00021639278866327586
"p429": 3.3870175616860565E-05
"p430": 0
"p431": 0
"p432": 0.0002577896699727721
"p433": 6.585867481056221E-05
"p434": 5.645029269476761E-06
"p435": 0
"p436": 0.00043843060659602847
"p437": 8.091208619583358E-05
"p438": 5.645029269476761E-06
"p439": 0
"p440": 6.021364554108545E-05
