"p378": 0
"p379": 0
"p380": 0.0009502465936952547
"p381": 0.0001279539967748066
"p382": 3.7633528463178407E-06
"p383": 0
"p384": 0
"p385": 0
"p386": 0
"p387": 0
"p388": 0.00010913723254321737
"p389": 1.5053411385271363E-05
"p390": 0
"p391": 0
"p392": 2.8225146347383805E-05
"p393": 1.8816764231589204E-06
"p394": 0
"p395": 0
"p396": 0.00016182417239166716
"p397": 2.6343469924224884E-05
"p398": 0
"p399": 0
"p400": 0
"p401": 0
"p402": 0
"p403": 0
"p404": 0
"p405": 0
"p406": 0
"p407": 0
"p408": 0
"p409": 0
"p410": 0
"p411": 0
"p412": 5.645029269476761E-06
"p413": 0
"p414": 0
"p415": 0
"p416": 0.000423377195210757
"p417": 6.962202765688005E-05
"p418": 0
"p419": 0
"p420": 0.000666113453798258
"p421": 0.0001204272910821709
"p422": 1.1290058538953523E-05
"p423": 0
"p424": 0.0020830158004369248
"p425": 0.0004704191057897301
"p426": 4.892358700213193E-05
"p427": 0
"p428": 0.00449532497492666
"p429": 0.0011722844116280073
"p430": 0.00016370584881482606
"p431": 2.2580117077907045E-05
"p432": 8.843879188846926E-05
"p433": 1.5053411385271363E-05
"p434": 0
"p435": 0
"p436": 0.00013171734962112442
"p437": 2.2580117077907045E-05
"p438": 0
"p439": 0
"p440": 0.000190049318739051
