"p378": 0
"p379": 0
"p380": 0.0005870830440255831
"p381": 6.209532196424438E-05
"p382": 3.7633528463178407E-06
"p383": 0
"p384": 0.00013359902604428333
"p385": 1.8816764231589203E-05
"p386": 0
"p387": 0
"p388": 0.0002747247577812023
"p389": 4.516023415581409E-05
"p390": 0
"p391": 0
"p392": 0.0009558916229647315
"p393": 0.00021451111224011693
"p394": 1.8816764231589203E-05
"p395": 0
"p396": 0.002026565507742157
"p397": 0.0005701479562171529
"p398": 8.655711546531033E-05
"p399": 1.1290058538953523E-05
"p400": 0.0003857436667475786
"p401": 6.774035123372114E-05
"p402": 0
"p403": 0
"p404": 0.0004929992228676371
"p405": 0.00010913723254321738
"p406": 1.1290058538953523E-05
"p407": 0
"p408": 0.0011647577059353716
"p409": 0.0002878964927433148
"p410": 3.0106822770542726E-05
"p411": 0
"p412": 0.0024405343208371197
"p413": 0.0006999836294151184
"p414": 9.22021447347871E-05
"p415": 1.1290058538953523E-05
"p416": 9.408382115794602E-06
"p417": 0
"p418": 0
"p419": 0
"p420": 3.9515204886337324E-05
"p421": 9.408382115794602E-06
"p422": 0
"p423": 0
"p424": 0.0002483812878569775
"p425": 2.6343469924224887E-05
"p426": 0
"p427": 0
"p428": 0.0007790140391877931
"p429": 0.00017311423093062064
"p430": 7.5267056926356815E-06
"p431": 0
"p432": 1.8816764231589203E-05
"p433": 0
"p434": 0
"p435": 0
"p436": 0.00015429746669903146
"p437": 3.575185204001949E-05
"p438": 0
"p439": 0
"p440": 8.843879188846926E-05
