"p378": 3.7633528463178407E-06
"p379": 0
"p380": 0.00014488908458323686
"p381": 0
"p382": 0
"p383": 0
"p384": 0.0002709614049348845
"p385": 4.516023415581409E-05
"p386": 0
"p387": 0
"p388": 3.7633528463178407E-06
"p389": 0
"p390": 0
"p391": 0
"p392": 0.0017160888979209355
"p393": 0.0004929992228676371
"p394": 8.655711546531033E-05
"p395": 1.1290058538953523E-05
"p396": 0.001085727296162697
"p397": 0.0002145111122401169
"p398": 7.5267056926356815E-06
"p399": 0
"p400": 0.0004158504895181214
"p401": 0.00010537387969689954
"p402": 1.1290058538953523E-05
"p403": 0
"p404": 7.714873334951573E-05
"p405": 3.7633528463178407E-06
"p406": 0
"p407": 0
"p408": 0.0017123255450746172
"p409": 0.0005042892814065907
"p410": 8.091208619583357E-05
"p411": 1.1290058538953523E-05
"p412": 0.0019362450394305292
"p413": 0.0004102054602486446
"p414": 1.8816764231589203E-05
"p415": 0
"p416": 3.9515204886337324E-05
"p417": 9.408382115794602E-06
"p418": 0
"p419": 0
"p420": 0
"p421": 0
"p422": 0
"p423": 0
"p424": 0.0007733690099183164
"p425": 0.00017499590735377957
"p426": 7.5267056926356815E-06
"p427": 0
"p428": 0.00019381267158536877
"p429": 1.8816764231589207E-05
"p430": 0
"p431": 0
"p432": 0.00015429746669903146
"p433": 3.575185204001949E-05
"p434": 0
"p435": 0
"p436": 0
"p437": 0
"p438": 0
"p439": 0
"p440": 0.00037633528463178407
