"p378": 0
"p379": 0
"p380": 0
"p381": 0
"p382": 0
"p383": 0
"p384": 0.00044972066513498206
"p385": 9.220214473478711E-05
"p386": 5.645029269476761E-06
"p387": 0
"p388": 0.0006209532196424438
"p389": 0.00011666393823585308
"p390": 1.1290058538953523E-05
"p391": 0
"p392": 0.003772761228433636
"p393": 0.001087608972585856
"p394": 0.00015241579027587256
"p395": 7.5267056926356815E-06
"p396": 0.005889647204487423
"p397": 0.001889203128851556
"p398": 0.00035187349113071807
"p399": 4.1396881309496255E-05
"p400": 0.0008862695953078513
"p401": 0.00023520955289486504
"p402": 2.0698440654748128E-05
"p403": 0
"p404": 0.0009013230066931229
"p405": 0.00018064093662325633
"p406": 2.2580117077907045E-05
"p407": 0
"p408": 0.0035582501161935186
"p409": 0.001160994353089054
"p410": 0.0001862859658927331
"p411": 7.5267056926356815E-06
"p412": 0.0053289076303860644
"p413": 0.0018082910426557223
"p414": 0.00035751852040019486
"p415": 4.1396881309496255E-05
"p416": 5.268693984844977E-05
"p417": 1.8816764231589204E-06
"p418": 0
"p419": 0
"p420": 0.0001129005853895352
"p421": 4.139688130949624E-05
"p422": 0
"p423": 0
"p424": 0.001819581101194676
"p425": 0.0002973048748591095
"p426": 7.5267056926356815E-06
"p427": 0
"p428": 0.0034923914413829567
"p429": 0.0009163764180783941
"p430": 8.655711546531035E-05
"p431": 0
"p432": 0.00010161052685058169
"p433": 0
"p434": 0
"p435": 0
"p436": 0.000284133139896997
"p437": 7.903040977267465E-05
"p438": 0
"p439": 0
"p440": 0.0007959491269962234
