"p378": 0
"p379": 0
"p380": 0.0004798274879055245
"p381": 9.032046831162818E-05
"p382": 0
"p383": 0
"p384": 0.00011478226181269414
"p385": 1.5053411385271363E-05
"p386": 0
"p387": 0
"p388": 1.1290058538953523E-05
"p389": 0
"p390": 0
"p391": 0
"p392": 5.645029269476762E-05
"p393": 1.3171734962112442E-05
"p394": 0
"p395": 0
"p396": 0.00015053411385271363
"p397": 2.6343469924224884E-05
"p398": 0
"p399": 0
"p400": 5.645029269476761E-06
"p401": 0
"p402": 0
"p403": 0
"p404": 0
"p405": 0
"p406": 0
"p407": 0
"p408": 0
"p409": 0
"p410": 0
"p411": 0
"p412": 0
"p413": 0
"p414": 0
"p415": 0
"p416": 0.0027924078119678382
"p417": 0.0007489072164172503
"p418": 0.00012607232035164766
"p419": 2.2580117077907045E-05
"p420": 8.467543904215141E-05
"p421": 3.7633528463178407E-06
"p422": 0
"p423": 0
"p424": 0.001061265502661631
"p425": 0.0002483812878569775
"p426": 2.6343469924224887E-05
"p427": 0
"p428": 0.003509326529191386
"p429": 0.0007827773920341108
"p430": 4.516023415581409E-05
"p431": 0
"p432": 0.0004817091643286836
"p433": 0.00011478226181269415
"p434": 1.3171734962112442E-05
"p435": 0
"p436": 0
"p437": 0
"p438": 0
"p439": 0
"p440": 9.220214473478711E-05
