"p378": 0
"p379": 0
"p380": 0
"p381": 0
"p382": 0
"p383": 0
"p384": 0.00019757602443168663
"p385": 2.2580117077907045E-05
"p386": 0
"p387": 0
"p388": 0
"p389": 0
"p390": 0
"p391": 0
"p392": 0.0005193426927918621
"p393": 4.7041910578973015E-05
"p394": 0
"p395": 0
"p396": 9.596549758110495E-05
"p397": 2.2580117077907045E-05
"p398": 0
"p399": 0
"p400": 0
"p401": 0
"p402": 0
"p403": 0
"p404": 0
"p405": 0
"p406": 0
"p407": 0
"p408": 3.951520488633733E-05
"p409": 0
"p410": 0
"p411": 0
"p412": 0
"p413": 0
"p414": 0
"p415": 0
"p416": 0.0011177157953563986
"p417": 0.0002069844065474812
"p418": 2.2580117077907045E-05
"p419": 0
"p420": 0.00019945770085484554
"p421": 1.8816764231589203E-05
"p422": 0
"p423": 0
"p424": 0.01183762637809277
"p425": 0.0033964259438018507
"p426": 0.0006153081903729669
"p427": 8.27937626189925E-05
"p428": 0.009573969641032588
"p429": 0.0027641826656204537
"p430": 0.0004553656944044587
"p431": 1.5053411385271363E-05
"p432": 0.0002747247577812024
"p433": 7.150370408003898E-05
"p434": 1.1290058538953523E-05
"p435": 0
"p436": 3.7633528463178407E-06
"p437": 0
"p438": 0
"p439": 0
"p440": 0.0024104274980665764
