"p378": 0
"p379": 0
"p380": 0
"p381": 0
"p382": 0
"p383": 0
"p384": 0.00010913723254321737
"p385": 1.5053411385271363E-05
"p386": 0
"p387": 0
"p388": 1.5053411385271363E-05
"p389": 0
"p390": 0
"p391": 0
"p392": 0.00037633528463178407
"p393": 8.655711546531035E-05
"p394": 5.645029269476761E-06
"p395": 0
"p396": 0.000496762575713955
"p397": 0.00011666393823585305
"p398": 5.645029269476761E-06
"p399": 0
"p400": 0
"p401": 0
"p402": 0
"p403": 0
"p404": 0
"p405": 0
"p406": 0
"p407": 0
"p408": 0
"p409": 0
"p410": 0
"p411": 0
"p412": 0
"p413": 0
"p414": 0
"p415": 0
"p416": 9.220214473478711E-05
"p417": 9.408382115794602E-06
"p418": 0
"p419": 0
"p420": 0
"p421": 0
"p422": 0
"p423": 0
"p424": 0.0010838456197395383
"p425": 0.00018816764231589206
"p426": 1.6935087808430286E-05
"p427": 0
"p428": 0.0005231060456381798
"p429": 7.714873334951573E-05
"p430": 5.645029269476761E-06
"p431": 0
"p432": 3.387017561686057E-05
"p433": 5.645029269476761E-06
"p434": 0
"p435": 0
"p436": 0
"p437": 0
"p438": 0
"p439": 0
"p440": 0.00013548070246744226
