"p378": 0
"p379": 0
"p380": 1.3171734962112444E-05
"p381": 3.7633528463178407E-06
"p382": 0
"p383": 0
"p384": 0.0006736401594908936
"p385": 0.00018064093662325636
"p386": 2.4461793501065966E-05
"p387": 0
"p388": 0.0013190551726344033
"p389": 0.00046101072367393553
"p390": 0.00010725555612005847
"p391": 1.6935087808430286E-05
"p392": 0.0002107477593937991
"p393": 3.9515204886337324E-05
"p394": 0
"p395": 0
"p396": 0.0008185292440741303
"p397": 0.00023709122931802397
"p398": 2.0698440654748124E-05
"p399": 0
"p400": 0.0007921857741499056
"p401": 0.0002088660829706401
"p402": 3.0106822770542726E-05
"p403": 0
"p404": 0.0012644865563627946
"p405": 0.00043278557732655173
"p406": 9.4083821157946E-05
"p407": 1.6935087808430286E-05
"p408": 0.0002709614049348845
"p409": 5.833196911792654E-05
"p410": 0
"p411": 0
"p412": 0.0014338374344470973
"p413": 0.0004384306065960285
"p414": 5.456861627160869E-05
"p415": 0
"p416": 0.00027848811062752024
"p417": 4.3278557732655166E-05
"p418": 0
"p419": 0
"p420": 0.0007564339221098859
"p421": 0.000259671346395931
"p422": 4.1396881309496255E-05
"p423": 0
"p424": 3.763352846317841E-05
"p425": 5.645029269476761E-06
"p426": 0
"p427": 0
"p428": 8.091208619583357E-05
"p429": 1.6935087808430286E-05
"p430": 5.645029269476761E-06
"p431": 1.8816764231589204E-06
"p432": 0.0002201561415095937
"p433": 3.198849919370165E-05
"p434": 1.8816764231589204E-06
"p435": 0
"p436": 0.0004309039009033928
"p437": 0.00014112573173691902
"p438": 2.4461793501065963E-05
"p439": 0
"p440": 1.3171734962112444E-05
