"p378": 0
"p379": 0
"p380": 3.575185204001949E-05
"p381": 3.7633528463178407E-06
"p382": 0
"p383": 0
"p384": 0.0007921857741499056
"p385": 0.0002088660829706401
"p386": 3.0106822770542726E-05
"p387": 0
"p388": 0.0012851849970175423
"p389": 0.0004309039009033928
"p390": 9.4083821157946E-05
"p391": 1.6935087808430286E-05
"p392": 0.0002709614049348845
"p393": 5.833196911792654E-05
"p394": 0
"p395": 0
"p396": 0.0014470091694092097
"p397": 0.0004421939594423463
"p398": 5.456861627160869E-05
"p399": 0
"p400": 0
"p401": 0
"p402": 0
"p403": 0
"p404": 1.5053411385271363E-05
"p405": 1.8816764231589204E-06
"p406": 0
"p407": 0
"p408": 0
"p409": 0
"p410": 0
"p411": 0
"p412": 0
"p413": 0
"p414": 0
"p415": 0
"p416": 0.0006981019529919595
"p417": 0.00015053411385271365
"p418": 1.3171734962112442E-05
"p419": 0
"p420": 0.0017857109255778156
"p421": 0.0006002547789876956
"p422": 0.00013736237889060116
"p423": 1.6935087808430286E-05
"p424": 0.00013736237889060116
"p425": 2.6343469924224887E-05
"p426": 0
"p427": 0
"p428": 0.0006999836294151185
"p429": 0.00018440428946957417
"p430": 2.6343469924224884E-05
"p431": 1.8816764231589204E-06
"p432": 0.00041396881309496247
"p433": 8.655711546531035E-05
"p434": 1.3171734962112444E-05
"p435": 0
"p436": 0.0006510600424129865
"p437": 0.0001975760244316866
"p438": 2.4461793501065963E-05
"p439": 0
"p440": 0.00010725555612005845
