"p378": 0
"p379": 0
"p380": 3.7633528463178407E-06
"p381": 0
"p382": 0
"p383": 0
"p384": 0.00020133937727800444
"p385": 2.0698440654748124E-05
"p386": 0
"p387": 0
"p388": 3.7633528463178407E-06
"p389": 0
"p390": 0
"p391": 0
"p392": 0.0014752343157565938
"p393": 0.000472300782212889
"p394": 0.00010725555612005847
"p395": 1.6935087808430286E-05
"p396": 0.0011892194994364376
"p397": 0.0003255300212064933
"p398": 4.7041910578973015E-05
"p399": 0
"p400": 0.0003349384033222878
"p401": 6.962202765688005E-05
"p402": 0
"p403": 0
"p404": 8.843879188846926E-05
"p405": 9.408382115794602E-06
"p406": 0
"p407": 0
"p408": 0.0015015777856808184
"p409": 0.0004666557529434122
"p410": 9.4083821157946E-05
"p411": 1.6935087808430286E-05
"p412": 0.0018421612182725829
"p413": 0.0005513311919855637
"p414": 9.22021447347871E-05
"p415": 0
"p416": 3.387017561686057E-05
"p417": 1.1290058538953523E-05
"p418": 1.8816764231589204E-06
"p419": 1.8816764231589204E-06
"p420": 0
"p421": 0
"p422": 0
"p423": 0
"p424": 0.0007846590684572697
"p425": 0.000259671346395931
"p426": 4.1396881309496255E-05
"p427": 0
"p428": 0.0003405834325917646
"p429": 5.456861627160869E-05
"p430": 0
"p431": 0
"p432": 9.22021447347871E-05
"p433": 2.0698440654748124E-05
"p434": 1.8816764231589204E-06
"p435": 1.8816764231589204E-06
"p436": 0
"p437": 0
"p438": 0
"p439": 0
"p440": 0.00047418245863604794
