"p378": 3.7633528463178407E-06
"p379": 0
"p380": 0.0004591290472507767
"p381": 0.00011290058538953522
"p382": 0
"p383": 0
"p384": 0.00010537387969689955
"p385": 1.5053411385271363E-05
"p386": 0
"p387": 0
"p388": 0
"p389": 0
"p390": 0
"p391": 0
"p392": 0.0001749959073537796
"p393": 2.8225146347383805E-05
"p394": 0
"p395": 0
"p396": 1.8816764231589203E-05
"p397": 0
"p398": 0
"p399": 0
"p400": 0
"p401": 0
"p402": 0
"p403": 0
"p404": 0
"p405": 0
"p406": 0
"p407": 0
"p408": 5.645029269476761E-06
"p409": 0
"p410": 0
"p411": 0
"p412": 0
"p413": 0
"p414": 0
"p415": 0
"p416": 0.0005852013676024243
"p417": 0.00011666393823585307
"p418": 1.1290058538953523E-05
"p419": 0
"p420": 8.091208619583359E-05
"p421": 3.7633528463178407E-06
"p422": 0
"p423": 0
"p424": 0.003680559083698848
"p425": 0.0009634183286573671
"p426": 0.00015241579027587253
"p427": 2.2580117077907045E-05
"p428": 0.0027453659013888646
"p429": 0.0005494495155624049
"p430": 2.6343469924224884E-05
"p431": 0
"p432": 0.00013171734962112442
"p433": 2.2580117077907045E-05
"p434": 0
"p435": 0
"p436": 0
"p437": 0
"p438": 0
"p439": 0
"p440": 0.0005757929854866297
