"p378": 6.774035123372114E-05
"p379": 3.7633528463178407E-06
"p380": 0.0009502465936952545
"p381": 0.0001279539967748066
"p382": 3.7633528463178407E-06
"p383": 0
"p384": 1.3171734962112444E-05
"p385": 0
"p386": 0
"p387": 0
"p388": 0
"p389": 0
"p390": 0
"p391": 0
"p392": 0.0001844042894695742
"p393": 2.6343469924224884E-05
"p394": 1.8816764231589204E-06
"p395": 0
"p396": 1.1290058538953523E-05
"p397": 0
"p398": 0
"p399": 0
"p400": 0.00010537387969689955
"p401": 1.5053411385271363E-05
"p402": 0
"p403": 0
"p404": 0
"p405": 0
"p406": 0
"p407": 0
"p408": 0.0001749959073537796
"p409": 2.8225146347383805E-05
"p410": 0
"p411": 0
"p412": 1.8816764231589203E-05
"p413": 0
"p414": 0
"p415": 0
"p416": 0.0002897781691664737
"p417": 4.516023415581409E-05
"p418": 0
"p419": 0
"p420": 3.7633528463178407E-06
"p421": 0
"p422": 0
"p423": 0
"p424": 0.002241076619982274
"p425": 0.0005946097497182188
"p426": 9.22021447347871E-05
"p427": 1.1290058538953523E-05
"p428": 0.001206154587244868
"p429": 0.00022768284720222934
"p430": 7.5267056926356815E-06
"p431": 0
"p432": 0.00042337719521075713
"p433": 0.00010537387969689954
"p434": 1.1290058538953523E-05
"p435": 0
"p436": 7.714873334951573E-05
"p437": 3.7633528463178407E-06
"p438": 0
"p439": 0
"p440": 0.001926836657314734
