"p378": 3.7633528463178407E-05
"p379": 0
"p380": 0.0014620625807944807
"p381": 0.0003499918147075592
"p382": 4.516023415581409E-05
"p383": 0
"p384": 6.0213645541085445E-05
"p385": 2.6343469924224887E-05
"p386": 0
"p387": 0
"p388": 2.0698440654748124E-05
"p389": 5.645029269476761E-06
"p390": 0
"p391": 0
"p392": 0.0002860148163201559
"p393": 0.00010913723254321738
"p394": 3.0106822770542726E-05
"p395": 5.645029269476761E-06
"p396": 0.0003405834325917646
"p397": 0.00010725555612005845
"p398": 1.6935087808430286E-05
"p399": 0
"p400": 1.8816764231589204E-06
"p401": 1.8816764231589204E-06
"p402": 0
"p403": 0
"p404": 0
"p405": 0
"p406": 0
"p407": 0
"p408": 0
"p409": 0
"p410": 0
"p411": 0
"p412": 0
"p413": 0
"p414": 0
"p415": 0
"p416": 3.387017561686057E-05
"p417": 1.1290058538953523E-05
"p418": 1.8816764231589204E-06
"p419": 1.8816764231589204E-06
"p420": 0
"p421": 0
"p422": 0
"p423": 0
"p424": 0.0003612818732465127
"p425": 0.00011854561465901196
"p426": 3.7633528463178407E-05
"p427": 5.645029269476761E-06
"p428": 0.00012419064392848875
"p429": 2.4461793501065966E-05
"p430": 0
"p431": 0
"p432": 4.139688130949624E-05
"p433": 1.1290058538953523E-05
"p434": 1.8816764231589204E-06
"p435": 1.8816764231589204E-06
"p436": 0
"p437": 0
"p438": 0
"p439": 0
"p440": 0.00013548070246744226
