"p378": 0
"p379": 0
"p380": 0.00019381267158536877
"p381": 1.6935087808430282E-05
"p382": 0
"p383": 0
"p384": 0.001343516966135469
"p385": 0.00040832378382548573
"p386": 7.33853805031979E-05
"p387": 1.1290058538953523E-05
"p388": 5.645029269476761E-06
"p389": 0
"p390": 0
"p391": 0
"p392": 0.00044407563586550515
"p393": 0.00010161052685058171
"p394": 1.3171734962112444E-05
"p395": 0
"p396": 0.001390558876714442
"p397": 0.0003029499041285862
"p398": 1.1290058538953523E-05
"p399": 0
"p400": 0.0012663682327859534
"p401": 0.00038386199032441974
"p402": 6.774035123372113E-05
"p403": 1.1290058538953523E-05
"p404": 8.279376261899248E-05
"p405": 3.7633528463178407E-06
"p406": 0
"p407": 0
"p408": 0.0005456861627160869
"p409": 0.00013736237889060116
"p410": 1.3171734962112444E-05
"p411": 0
"p412": 0.002192153032980142
"p413": 0.0005343961041771334
"p414": 3.387017561686057E-05
"p415": 0
"p416": 0.0006962202765688004
"p417": 0.0001712325545074617
"p418": 7.5267056926356815E-06
"p419": 0
"p420": 0
"p421": 0
"p422": 0
"p423": 0
"p424": 8.655711546531035E-05
"p425": 5.645029269476761E-06
"p426": 0
"p427": 0
"p428": 0.00023332787647170608
"p429": 3.010682277054273E-05
"p430": 3.7633528463178407E-06
"p431": 0
"p432": 0.00036692690251598946
"p433": 7.714873334951573E-05
"p434": 1.8816764231589204E-06
"p435": 0
"p436": 3.7633528463178407E-06
"p437": 3.7633528463178407E-06
"p438": 0
"p439": 0
"p440": 2.8225146347383805E-05
