"p378": 0
"p379": 0
"p380": 0
"p381": 0
"p382": 0
"p383": 0
"p384": 0.0007714873334951573
"p385": 0.00018816764231589203
"p386": 2.8225146347383805E-05
"p387": 0
"p388": 0
"p389": 0
"p390": 0
"p391": 0
"p392": 0.0002427362585875007
"p393": 3.7633528463178407E-05
"p394": 0
"p395": 0
"p396": 0.00022580117077907044
"p397": 4.516023415581409E-05
"p398": 0
"p399": 0
"p400": 0.00032176666836017533
"p401": 2.6343469924224887E-05
"p402": 0
"p403": 0
"p404": 1.5053411385271366E-05
"p405": 0
"p406": 0
"p407": 0
"p408": 0.0001938126715853688
"p409": 2.2580117077907045E-05
"p410": 0
"p411": 0
"p412": 0.000378216961054943
"p413": 0.00011101890896637629
"p414": 1.5053411385271363E-05
"p415": 0
"p416": 0.005266812308421819
"p417": 0.0015429746669903149
"p418": 0.0002521446407032953
"p419": 1.8816764231589203E-05
"p420": 5.645029269476761E-06
"p421": 0
"p422": 0
"p423": 0
"p424": 0.003185678184408053
"p425": 0.0008411093611520376
"p426": 0.0001279539967748066
"p427": 2.2580117077907045E-05
"p428": 0.00656893239324779
"p429": 0.0017142072214977762
"p430": 0.00020886608297064017
"p431": 7.5267056926356815E-06
"p432": 0.0034190060608797583
"p433": 0.0010913723254321736
"p434": 0.0002032210537011634
"p435": 1.8816764231589203E-05
"p436": 0.00013359902604428335
"p437": 3.7633528463178407E-06
"p438": 0
"p439": 0
"p440": 0.002438652644413961
