"p378": 0
"p379": 0
"p380": 0
"p381": 0
"p382": 0
"p383": 0
"p384": 7.714873334951574E-05
"p385": 3.7633528463178407E-06
"p386": 0
"p387": 0
"p388": 0
"p389": 0
"p390": 0
"p391": 0
"p392": 0.0006096631611034902
"p393": 0.0001373623788906012
"p394": 1.6935087808430286E-05
"p395": 0
"p396": 0.00040456043097916787
"p397": 7.150370408003898E-05
"p398": 5.645029269476761E-06
"p399": 0
"p400": 0.00010913723254321737
"p401": 1.5053411385271363E-05
"p402": 0
"p403": 0
"p404": 1.5053411385271363E-05
"p405": 0
"p406": 0
"p407": 0
"p408": 0.00037633528463178407
"p409": 8.655711546531035E-05
"p410": 5.645029269476761E-06
"p411": 0
"p412": 0.000496762575713955
"p413": 0.00011666393823585305
"p414": 5.645029269476761E-06
"p415": 0
"p416": 2.0698440654748124E-05
"p417": 5.645029269476761E-06
"p418": 0
"p419": 0
"p420": 0
"p421": 0
"p422": 0
"p423": 0
"p424": 0.00047418245863604794
"p425": 3.387017561686057E-05
"p426": 0
"p427": 0
"p428": 0.00016370584881482606
"p429": 5.645029269476761E-06
"p430": 0
"p431": 0
"p432": 3.387017561686057E-05
"p433": 5.645029269476761E-06
"p434": 0
"p435": 0
"p436": 0
"p437": 0
"p438": 0
"p439": 0
"p440": 0.00013548070246744226
