"p378": 0
"p379": 0
"p380": 0
"p381": 0
"p382": 0
"p383": 0
"p384": 7.5267056926356815E-06
"p385": 0
"p386": 0
"p387": 0
"p388": 0.00020886608297064017
"p389": 2.2580117077907045E-05
"p390": 0
"p391": 0
"p392": 0.0001749959073537796
"p393": 2.8225146347383805E-05
"p394": 0
"p395": 0
"p396": 0.00042149551878759814
"p397": 4.1396881309496255E-05
"p398": 0
"p399": 0
"p400": 0
"p401": 0
"p402": 0
"p403": 0
"p404": 0
"p405": 0
"p406": 0
"p407": 0
"p408": 0
"p409": 0
"p410": 0
"p411": 0
"p412": 3.951520488633733E-05
"p413": 0
"p414": 0
"p415": 0
"p416": 0.0010932540018553324
"p417": 0.00025778966997277205
"p418": 2.0698440654748128E-05
"p419": 0
"p420": 0.001317173496211244
"p421": 0.0002258011707790704
"p422": 2.2580117077907045E-05
"p423": 0
"p424": 0.007633961248755739
"p425": 0.0022109697972117317
"p426": 0.00032364834478333426
"p427": 1.5053411385271363E-05
"p428": 0.013134101433649265
"p429": 0.003906360254477918
"p430": 0.0007282087757625021
"p431": 8.27937626189925E-05
"p432": 0.00024461793501065964
"p433": 6.774035123372114E-05
"p434": 5.645029269476761E-06
"p435": 0
"p436": 0.00028601481632015586
"p437": 7.150370408003898E-05
"p438": 1.1290058538953523E-05
"p439": 0
"p440": 0.0010706738847774257
