"p378": 2.6343469924224884E-05
"p379": 0
"p380": 0.0006096631611034902
"p381": 7.903040977267466E-05
"p382": 0
"p383": 0
"p384": 3.9515204886337324E-05
"p385": 9.408382115794602E-06
"p386": 0
"p387": 0
"p388": 0
"p389": 0
"p390": 0
"p391": 0
"p392": 0.00029165984558963265
"p393": 9.22021447347871E-05
"p394": 2.6343469924224884E-05
"p395": 5.645029269476761E-06
"p396": 0.00015053411385271363
"p397": 3.387017561686057E-05
"p398": 5.645029269476761E-06
"p399": 0
"p400": 6.962202765688005E-05
"p401": 3.198849919370165E-05
"p402": 0
"p403": 0
"p404": 2.0698440654748124E-05
"p405": 5.645029269476761E-06
"p406": 0
"p407": 0
"p408": 0.0002860148163201559
"p409": 0.00010913723254321738
"p410": 3.0106822770542726E-05
"p411": 5.645029269476761E-06
"p412": 0.00036316354966967166
"p413": 0.00011854561465901199
"p414": 1.6935087808430286E-05
"p415": 0
"p416": 1.8816764231589204E-06
"p417": 1.8816764231589204E-06
"p418": 1.8816764231589204E-06
"p419": 1.8816764231589204E-06
"p420": 0
"p421": 0
"p422": 0
"p423": 0
"p424": 0.00013736237889060116
"p425": 4.516023415581409E-05
"p426": 1.1290058538953523E-05
"p427": 0
"p428": 1.6935087808430282E-05
"p429": 0
"p430": 0
"p431": 0
"p432": 2.6343469924224884E-05
"p433": 7.5267056926356815E-06
"p434": 1.8816764231589204E-06
"p435": 1.8816764231589204E-06
"p436": 0
"p437": 0
"p438": 0
"p439": 0
"p440": 6.774035123372113E-05
