"p378": 0
"p379": 0
"p380": 0
"p381": 0
"p382": 0
"p383": 0
"p384": 0.003069014246172199
"p385": 0.000944601564425778
"p386": 0.00014112573173691902
"p387": 7.5267056926356815E-06
"p388": 0.004405004506615033
"p389": 0.001512867844219772
"p390": 0.0003029499041285862
"p391": 4.1396881309496255E-05
"p392": 0.001038685385583724
"p393": 0.00023144620004854718
"p394": 2.2580117077907045E-05
"p395": 0
"p396": 0.0026456370509614414
"p397": 0.0006510600424129865
"p398": 6.021364554108546E-05
"p399": 0
"p400": 0.002747247577812024
"p401": 0.000944601564425778
"p402": 0.0001674692016611439
"p403": 7.5267056926356815E-06
"p404": 0.0030520791583637692
"p405": 0.0011214791482027165
"p406": 0.0002483812878569775
"p407": 4.1396881309496255E-05
"p408": 0.0012023912343985498
"p409": 0.0003161216390906986
"p410": 3.0106822770542726E-05
"p411": 0
"p412": 0.0036259904674272392
"p413": 0.0011007807075479686
"p414": 0.0001467707610063958
"p415": 0
"p416": 0.001670928663765121
"p417": 0.0002860148163201559
"p418": 7.5267056926356815E-06
"p419": 0
"p420": 0.0032665902706038863
"p421": 0.0008862695953078514
"p422": 8.655711546531035E-05
"p423": 0
"p424": 0.00022203781793275263
"p425": 3.575185204001949E-05
"p426": 0
"p427": 0
"p428": 0.00038950701959389653
"p429": 6.774035123372113E-05
"p430": 1.1290058538953523E-05
"p431": 0
"p432": 0.0008034758326888591
"p433": 9.032046831162818E-05
"p434": 0
"p435": 0
"p436": 0.0013849138474449649
"p437": 0.00034434678543808245
"p438": 2.8225146347383805E-05
"p439": 0
"p440": 6.397699838740328E-05
