"p378": 3.198849919370165E-05
"p379": 1.8816764231589204E-06
"p380": 0.0018176994247715164
"p381": 0.000353755167553877
"p382": 3.575185204001949E-05
"p383": 1.8816764231589204E-06
"p384": 0
"p385": 0
"p386": 0
"p387": 0
"p388": 1.3171734962112444E-05
"p389": 0
"p390": 0
"p391": 0
"p392": 2.4461793501065963E-05
"p393": 1.8816764231589204E-06
"p394": 0
"p395": 0
"p396": 0.00017499590735377957
"p397": 2.4461793501065963E-05
"p398": 1.8816764231589204E-06
"p399": 0
"p400": 0
"p401": 0
"p402": 0
"p403": 0
"p404": 0.00010913723254321737
"p405": 1.5053411385271363E-05
"p406": 0
"p407": 0
"p408": 2.8225146347383805E-05
"p409": 1.8816764231589204E-06
"p410": 0
"p411": 0
"p412": 0.00016182417239166716
"p413": 2.6343469924224884E-05
"p414": 0
"p415": 0
"p416": 0.00013736237889060116
"p417": 1.8816764231589203E-05
"p418": 0
"p419": 0
"p420": 0.00029354152201279153
"p421": 4.516023415581409E-05
"p422": 0
"p423": 0
"p424": 0.0011233608246258755
"p425": 0.00023332787647170614
"p426": 1.8816764231589203E-05
"p427": 0
"p428": 0.002566606641188768
"p429": 0.0006717584830677346
"p430": 9.22021447347871E-05
"p431": 1.1290058538953523E-05
"p432": 0.0003895070195938965
"p433": 6.774035123372114E-05
"p434": 0
"p435": 0
"p436": 0.0005005259285602729
"p437": 0.00010913723254321738
"p438": 1.1290058538953523E-05
"p439": 0
"p440": 0.0011892194994364376
