"p378": 0
"p379": 0
"p380": 0
"p381": 0
"p382": 0
"p383": 0
"p384": 0.00027284308135804345
"p385": 6.39769983874033E-05
"p386": 5.645029269476761E-06
"p387": 0
"p388": 1.6935087808430286E-05
"p389": 0
"p390": 0
"p391": 0
"p392": 0.00012419064392848873
"p393": 2.8225146347383808E-05
"p394": 0
"p395": 0
"p396": 0.0005362777806002922
"p397": 0.0001279539967748066
"p398": 5.645029269476761E-06
"p399": 0
"p400": 0
"p401": 0
"p402": 0
"p403": 0
"p404": 0
"p405": 0
"p406": 0
"p407": 0
"p408": 0
"p409": 0
"p410": 0
"p411": 0
"p412": 0
"p413": 0
"p414": 0
"p415": 0
"p416": 0.0007620789513793628
"p417": 0.00013359902604428335
"p418": 1.1290058538953523E-05
"p419": 0
"p420": 0
"p421": 0
"p422": 0
"p423": 0
"p424": 0.0003424651090149235
"p425": 6.209532196424438E-05
"p426": 5.645029269476761E-06
"p427": 0
"p428": 0.0005833196911792653
"p429": 9.972885042742278E-05
"p430": 5.645029269476761E-06
"p431": 0
"p432": 0.00011854561465901196
"p433": 5.645029269476761E-06
"p434": 0
"p435": 0
"p436": 5.645029269476761E-06
"p437": 0
"p438": 0
"p439": 0
"p440": 2.8225146347383805E-05
