"p378": 0
"p379": 0
"p380": 8.091208619583358E-05
"p381": 0
"p382": 0
"p383": 0
"p384": 5.645029269476761E-05
"p385": 1.1290058538953523E-05
"p386": 0
"p387": 0
"p388": 0.0002878964927433148
"p389": 8.091208619583358E-05
"p390": 1.3171734962112442E-05
"p391": 0
"p392": 0
"p393": 0
"p394": 0
"p395": 0
"p396": 4.139688130949625E-05
"p397": 1.1290058538953523E-05
"p398": 0
"p399": 0
"p400": 5.645029269476761E-05
"p401": 1.3171734962112442E-05
"p402": 0
"p403": 0
"p404": 0.0001768775837769385
"p405": 2.4461793501065963E-05
"p406": 0
"p407": 0
"p408": 0
"p409": 0
"p410": 0
"p411": 0
"p412": 0.00010913723254321738
"p413": 3.575185204001949E-05
"p414": 7.5267056926356815E-06
"p415": 0
"p416": 0.00087121618392258
"p417": 0.00021262943581695798
"p418": 2.4461793501065966E-05
"p419": 0
"p420": 0.001870386364619967
"p421": 0.0006171898667961258
"p422": 0.00012419064392848875
"p423": 1.6935087808430286E-05
"p424": 0.00023520955289486507
"p425": 3.9515204886337324E-05
"p426": 0
"p427": 0
"p428": 0.0008712161839225803
"p429": 0.0002427362585875007
"p430": 2.0698440654748124E-05
"p431": 0
"p432": 0.0008486360668446731
"p433": 0.00022015614150959365
"p434": 3.0106822770542726E-05
"p435": 0
"p436": 0.0016163600474935124
"p437": 0.0005513311919855636
"p438": 0.00010725555612005845
"p439": 1.6935087808430286E-05
"p440": 0.0002709614049348845
