"p378": 0
"p379": 0
"p380": 0
"p381": 0
"p382": 0
"p383": 0
"p384": 7.526705692635681E-05
"p385": 1.5053411385271363E-05
"p386": 0
"p387": 0
"p388": 0.00012419064392848875
"p389": 1.5053411385271363E-05
"p390": 0
"p391": 0
"p392": 0.00028789649274331484
"p393": 7.714873334951574E-05
"p394": 5.645029269476761E-06
"p395": 0
"p396": 0.0005174610163687031
"p397": 0.00011478226181269414
"p398": 5.645029269476761E-06
"p399": 0
"p400": 0
"p401": 0
"p402": 0
"p403": 0
"p404": 0
"p405": 0
"p406": 0
"p407": 0
"p408": 0
"p409": 0
"p410": 0
"p411": 0
"p412": 0
"p413": 0
"p414": 0
"p415": 0
"p416": 3.575185204001949E-05
"p417": 3.7633528463178407E-06
"p418": 0
"p419": 0
"p420": 9.220214473478711E-05
"p421": 9.408382115794602E-06
"p422": 0
"p423": 0
"p424": 0.00043278557732655173
"p425": 6.585867481056221E-05
"p426": 5.645029269476761E-06
"p427": 0
"p428": 0.0011459409417037825
"p429": 0.00019945770085484554
"p430": 1.6935087808430286E-05
"p431": 0
"p432": 1.1290058538953523E-05
"p433": 0
"p434": 0
"p435": 0
"p436": 3.387017561686057E-05
"p437": 5.645029269476761E-06
"p438": 0
"p439": 0
"p440": 6.774035123372114E-05
