"p378": 0
"p379": 0
"p380": 0.0003255300212064932
"p381": 5.080526342529085E-05
"p382": 0
"p383": 0
"p384": 3.7633528463178407E-06
"p385": 0
"p386": 0
"p387": 0
"p388": 2.0698440654748124E-05
"p389": 5.645029269476761E-06
"p390": 0
"p391": 0
"p392": 0
"p393": 0
"p394": 0
"p395": 0
"p396": 2.4461793501065963E-05
"p397": 5.645029269476761E-06
"p398": 0
"p399": 0
"p400": 0
"p401": 0
"p402": 0
"p403": 0
"p404": 0
"p405": 0
"p406": 0
"p407": 0
"p408": 0
"p409": 0
"p410": 0
"p411": 0
"p412": 0
"p413": 0
"p414": 0
"p415": 0
"p416": 0.00033305672689912887
"p417": 6.962202765688006E-05
"p418": 1.6935087808430286E-05
"p419": 0
"p420": 0.0006021364554108546
"p421": 0.00019945770085484557
"p422": 5.645029269476761E-05
"p423": 1.1290058538953523E-05
"p424": 1.8816764231589203E-05
"p425": 0
"p426": 0
"p427": 0
"p428": 0.0003857436667475787
"p429": 0.00015053411385271363
"p430": 2.2580117077907045E-05
"p431": 0
"p432": 4.7041910578973015E-05
"p433": 3.7633528463178407E-06
"p434": 0
"p435": 0
"p436": 9.596549758110495E-05
"p437": 2.2580117077907045E-05
"p438": 0
"p439": 0
"p440": 7.5267056926356815E-06
