"p378": 0
"p379": 0
"p380": 0
"p381": 0
"p382": 0
"p383": 0
"p384": 0.002551553229803496
"p385": 0.000852399419690991
"p386": 0.0001749959073537796
"p387": 1.8816764231589203E-05
"p388": 0.00013359902604428335
"p389": 3.7633528463178407E-06
"p390": 0
"p391": 0
"p392": 0.002060435683359018
"p393": 0.0006190715432192848
"p394": 9.972885042742278E-05
"p395": 2.2580117077907045E-05
"p396": 0.0059950210841843215
"p397": 0.0019908136557021372
"p398": 0.00032553002120649325
"p399": 7.5267056926356815E-06
"p400": 2.0698440654748124E-05
"p401": 0
"p402": 0
"p403": 0
"p404": 3.7633528463178407E-06
"p405": 0
"p406": 0
"p407": 0
"p408": 0
"p409": 0
"p410": 0
"p411": 0
"p412": 0
"p413": 0
"p414": 0
"p415": 0
"p416": 0.0054248731279671674
"p417": 0.00153356628487452
"p418": 0.0002577896699727721
"p419": 1.8816764231589203E-05
"p420": 5.645029269476761E-06
"p421": 0
"p422": 0
"p423": 0
"p424": 0.0026550454330772364
"p425": 0.0007263270993393432
"p426": 0.00010537387969689955
"p427": 2.2580117077907045E-05
"p428": 0.005776746619097885
"p429": 0.0014357191108702563
"p430": 0.00019757602443168663
"p431": 7.5267056926356815E-06
"p432": 0.0017405506914220017
"p433": 0.000380098637478102
"p434": 3.951520488633733E-05
"p435": 0
"p436": 9.408382115794602E-06
"p437": 3.7633528463178407E-06
"p438": 0
"p439": 0
"p440": 0.0009859984457352743
