"p378": 0
"p379": 0
"p380": 0.00010913723254321737
"p381": 0
"p382": 0
"p383": 0
"p384": 0.0002464996114338186
"p385": 6.962202765688006E-05
"p386": 1.3171734962112442E-05
"p387": 0
"p388": 0
"p389": 0
"p390": 0
"p391": 0
"p392": 5.2686939848449775E-05
"p393": 1.1290058538953523E-05
"p394": 0
"p395": 0
"p396": 8.467543904215141E-05
"p397": 2.2580117077907045E-05
"p398": 0
"p399": 0
"p400": 0.00013359902604428333
"p401": 1.1290058538953523E-05
"p402": 0
"p403": 0
"p404": 9.408382115794602E-06
"p405": 5.645029269476761E-06
"p406": 0
"p407": 0
"p408": 5.456861627160869E-05
"p409": 9.408382115794602E-06
"p410": 0
"p411": 0
"p412": 0.00014488908458323683
"p413": 4.704191057897301E-05
"p414": 7.5267056926356815E-06
"p415": 0
"p416": 0.0013378719368659921
"p417": 0.0003838619903244197
"p418": 7.33853805031979E-05
"p419": 5.645029269476761E-06
"p420": 0
"p421": 0
"p422": 0
"p423": 0
"p424": 0.0008091208619583358
"p425": 0.0002690797285117256
"p426": 5.080526342529086E-05
"p427": 1.1290058538953523E-05
"p428": 0.001723615603613571
"p429": 0.00048359084075184255
"p430": 5.080526342529085E-05
"p431": 0
"p432": 0.0012456697921312055
"p433": 0.00037445360820862513
"p434": 6.774035123372113E-05
"p435": 5.645029269476761E-06
"p436": 5.64502926947676E-05
"p437": 3.7633528463178407E-06
"p438": 0
"p439": 0
"p440": 0.0007150370408003897
