"p378": 0
"p379": 0
"p380": 0
"p381": 0
"p382": 0
"p383": 0
"p384": 0.0006077814846803314
"p385": 0.00011666393823585308
"p386": 1.1290058538953523E-05
"p387": 0
"p388": 1.3171734962112444E-05
"p389": 0
"p390": 0
"p391": 0
"p392": 0.0054323998336598045
"p393": 0.0016652836344956444
"p394": 0.0003104766098212219
"p395": 4.1396881309496255E-05
"p396": 0.0045216684448508866
"p397": 0.0012738949384785891
"p398": 0.0001900493187390509
"p399": 7.5267056926356815E-06
"p400": 0.000711273687954072
"p401": 0.00016182417239166713
"p402": 2.2580117077907045E-05
"p403": 0
"p404": 0.00019004931873905096
"p405": 1.8816764231589203E-05
"p406": 0
"p407": 0
"p408": 0.004224363569991776
"p409": 0.0013717421124828527
"p410": 0.00026343469924224885
"p411": 4.1396881309496255E-05
"p412": 0.0054625066564303465
"p413": 0.001748077397114637
"p414": 0.0003029499041285862
"p415": 7.5267056926356815E-06
"p416": 0.0001129005853895352
"p417": 4.139688130949624E-05
"p418": 0
"p419": 0
"p420": 0
"p421": 0
"p422": 0
"p423": 0
"p424": 0.0035883569389640615
"p425": 0.0009013230066931227
"p426": 8.655711546531035E-05
"p427": 0
"p428": 0.0016803370458809154
"p429": 0.0002822514634738381
"p430": 7.5267056926356815E-06
"p431": 0
"p432": 0.000284133139896997
"p433": 7.903040977267465E-05
"p434": 0
"p435": 0
"p436": 0
"p437": 0
"p438": 0
"p439": 0
"p440": 0.0016257684296093066
