"p378": 0
"p379": 0
"p380": 0
"p381": 0
"p382": 0
"p383": 0
"p384": 5.080526342529085E-05
"p385": 5.645029269476761E-06
"p386": 0
"p387": 0
"p388": 0
"p389": 0
"p390": 0
"p391": 0
"p392": 2.2580117077907045E-05
"p393": 0
"p394": 0
"p395": 0
"p396": 9.408382115794602E-06
"p397": 0
"p398": 0
"p399": 0
"p400": 2.2580117077907045E-05
"p401": 0
"p402": 0
"p403": 0
"p404": 0
"p405": 0
"p406": 0
"p407": 0
"p408": 1.6935087808430282E-05
"p409": 0
"p410": 0
"p411": 0
"p412": 2.2580117077907045E-05
"p413": 3.7633528463178407E-06
"p414": 0
"p415": 0
"p416": 0.0006096631611034902
"p417": 0.00011666393823585308
"p418": 1.1290058538953523E-05
"p419": 0
"p420": 0
"p421": 0
"p422": 0
"p423": 0
"p424": 0.0002803697870506791
"p425": 5.456861627160869E-05
"p426": 5.645029269476761E-06
"p427": 0
"p428": 0.0005381594570234513
"p429": 9.408382115794603E-05
"p430": 5.645029269476761E-06
"p431": 0
"p432": 0.00034058343259176454
"p433": 6.962202765688006E-05
"p434": 5.645029269476761E-06
"p435": 0
"p436": 1.6935087808430286E-05
"p437": 0
"p438": 0
"p439": 0
"p440": 0.00016370584881482604
