"p378": 0
"p379": 0
"p380": 0
"p381": 0
"p382": 0
"p383": 0
"p384": 0.00018816764231589203
"p385": 3.387017561686057E-05
"p386": 0
"p387": 0
"p388": 0.0009333115058868244
"p389": 0.0002220378179327526
"p390": 2.8225146347383805E-05
"p391": 0
"p392": 1.3171734962112444E-05
"p393": 0
"p394": 0
"p395": 0
"p396": 0.00012607232035164768
"p397": 2.2580117077907045E-05
"p398": 0
"p399": 0
"p400": 0.00015994249596850825
"p401": 2.8225146347383805E-05
"p402": 0
"p403": 0
"p404": 0.0004384306065960284
"p405": 4.1396881309496255E-05
"p406": 0
"p407": 0
"p408": 1.6935087808430282E-05
"p409": 1.8816764231589204E-06
"p410": 0
"p411": 0
"p412": 0.00029354152201279153
"p413": 8.843879188846925E-05
"p414": 1.5053411385271363E-05
"p415": 0
"p416": 0.0041792033358359635
"p417": 0.0011515859709732594
"p418": 0.00014865243742955472
"p419": 7.5267056926356815E-06
"p420": 0.0068568288859911074
"p421": 0.0021319393874390568
"p422": 0.0003612818732465126
"p423": 4.1396881309496255E-05
"p424": 0.0012080362636680267
"p425": 0.00024273625858750077
"p426": 2.2580117077907045E-05
"p427": 0
"p428": 0.0029297701908584392
"p429": 0.0006811668651835292
"p430": 6.021364554108546E-05
"p431": 0
"p432": 0.0029674037193216183
"p433": 0.0009784717400426386
"p434": 0.0001674692016611439
"p435": 7.5267056926356815E-06
"p436": 0.004277050509840227
"p437": 0.0014338374344470975
"p438": 0.00027660643420436126
"p439": 4.1396881309496255E-05
"p440": 0.0012249713514764567
