"p378": 3.0106822770542726E-05
"p379": 0
"p380": 0.0025873050818435153
"p381": 0.0008580444489604677
"p382": 0.00013548070246744226
"p383": 0
"p384": 7.5267056926356815E-06
"p385": 0
"p386": 0
"p387": 0
"p388": 3.010682277054273E-05
"p389": 3.7633528463178407E-06
"p390": 0
"p391": 0
"p392": 0
"p393": 0
"p394": 0
"p395": 0
"p396": 0
"p397": 0
"p398": 0
"p399": 0
"p400": 3.7633528463178407E-06
"p401": 0
"p402": 0
"p403": 0
"p404": 2.0698440654748124E-05
"p405": 5.645029269476761E-06
"p406": 0
"p407": 0
"p408": 0
"p409": 0
"p410": 0
"p411": 0
"p412": 2.4461793501065963E-05
"p413": 5.645029269476761E-06
"p414": 0
"p415": 0
"p416": 0.00016558752523798497
"p417": 2.2580117077907045E-05
"p418": 5.645029269476761E-06
"p419": 0
"p420": 0.0003706902553623073
"p421": 0.00010725555612005845
"p422": 2.6343469924224884E-05
"p423": 5.645029269476761E-06
"p424": 1.1290058538953523E-05
"p425": 0
"p426": 0
"p427": 0
"p428": 0.00012607232035164766
"p429": 4.8923587002131926E-05
"p430": 5.645029269476761E-06
"p431": 0
"p432": 0.00020698440654748124
"p433": 5.080526342529085E-05
"p434": 1.1290058538953523E-05
"p435": 0
"p436": 0.0002973048748591094
"p437": 0.00011101890896637629
"p438": 3.0106822770542726E-05
"p439": 5.645029269476761E-06
"p440": 1.5053411385271363E-05
