"p378": 3.575185204001949E-05
"p379": 1.8816764231589204E-06
"p380": 0.000984116769312115
"p381": 0.00013548070246744226
"p382": 3.7633528463178407E-06
"p383": 0
"p384": 0.00015806081954534932
"p385": 2.4461793501065963E-05
"p386": 1.8816764231589204E-06
"p387": 0
"p388": 0
"p389": 0
"p390": 0
"p391": 0
"p392": 2.6343469924224887E-05
"p393": 1.8816764231589204E-06
"p394": 0
"p395": 0
"p396": 4.139688130949625E-05
"p397": 0
"p398": 0
"p399": 0
"p400": 0.00011478226181269414
"p401": 1.5053411385271363E-05
"p402": 0
"p403": 0
"p404": 1.1290058538953523E-05
"p405": 0
"p406": 0
"p407": 0
"p408": 5.645029269476762E-05
"p409": 1.3171734962112442E-05
"p410": 0
"p411": 0
"p412": 0.00015053411385271363
"p413": 2.6343469924224884E-05
"p414": 0
"p415": 0
"p416": 0.001783829249154656
"p417": 0.0005024076049834317
"p418": 7.903040977267465E-05
"p419": 1.1290058538953523E-05
"p420": 5.645029269476761E-06
"p421": 0
"p422": 0
"p423": 0
"p424": 0.0005287510749076565
"p425": 0.00010913723254321738
"p426": 1.3171734962112444E-05
"p427": 0
"p428": 0.0015335662848745197
"p429": 0.0003180033155138575
"p430": 1.1290058538953523E-05
"p431": 0
"p432": 0.0014376007872934147
"p433": 0.0004196138423644393
"p434": 6.962202765688005E-05
"p435": 1.1290058538953523E-05
"p436": 7.903040977267465E-05
"p437": 3.7633528463178407E-06
"p438": 0
"p439": 0
"p440": 0.000588964720448742
