"p378": 0
"p379": 0
"p380": 0.0001938126715853688
"p381": 1.6935087808430282E-05
"p382": 0
"p383": 0
"p384": 0.0010424487384300418
"p385": 0.0002690797285117256
"p386": 3.0106822770542726E-05
"p387": 0
"p388": 0.001558028078375586
"p389": 0.0004854725171750014
"p390": 8.091208619583357E-05
"p391": 1.1290058538953523E-05
"p392": 0.00023709122931802392
"p393": 3.575185204001949E-05
"p394": 0
"p395": 0
"p396": 0.0015034594621039772
"p397": 0.00038009863747810193
"p398": 2.6343469924224884E-05
"p399": 0
"p400": 0
"p401": 0
"p402": 0
"p403": 0
"p404": 9.408382115794602E-06
"p405": 0
"p406": 0
"p407": 0
"p408": 0
"p409": 0
"p410": 0
"p411": 0
"p412": 0
"p413": 0
"p414": 0
"p415": 0
"p416": 0.0008881512717310103
"p417": 0.00017687758377693853
"p418": 1.8816764231589203E-05
"p419": 0
"p420": 0.0019456534215463236
"p421": 0.0004929992228676371
"p422": 7.150370408003896E-05
"p423": 1.1290058538953523E-05
"p424": 0.00016935087808430283
"p425": 3.010682277054273E-05
"p426": 0
"p427": 0
"p428": 0.0007357354814551379
"p429": 0.0001467707610063958
"p430": 7.5267056926356815E-06
"p431": 0
"p432": 0.00024461793501065964
"p433": 3.575185204001949E-05
"p434": 0
"p435": 0
"p436": 0.0006755218359140525
"p437": 0.00015994249596850825
"p438": 1.3171734962112442E-05
"p439": 0
"p440": 3.198849919370165E-05
