"p378": 3.7633528463178407E-06
"p379": 0
"p380": 0.0004798274879055245
"p381": 9.032046831162818E-05
"p382": 0
"p383": 0
"p384": 0.0003970337252865322
"p385": 0.00010537387969689954
"p386": 1.1290058538953523E-05
"p387": 0
"p388": 7.714873334951573E-05
"p389": 3.7633528463178407E-06
"p390": 0
"p391": 0
"p392": 0.001723615603613571
"p393": 0.0005042892814065907
"p394": 8.091208619583357E-05
"p395": 1.1290058538953523E-05
"p396": 0.0018609779825041724
"p397": 0.0003989154017096911
"p398": 1.8816764231589203E-05
"p399": 0
"p400": 3.7633528463178407E-06
"p401": 0
"p402": 0
"p403": 0
"p404": 0
"p405": 0
"p406": 0
"p407": 0
"p408": 5.645029269476761E-06
"p409": 0
"p410": 0
"p411": 0
"p412": 0
"p413": 0
"p414": 0
"p415": 0
"p416": 0.0002088660829706401
"p417": 2.0698440654748124E-05
"p418": 0
"p419": 0
"p420": 3.7633528463178407E-06
"p421": 0
"p422": 0
"p423": 0
"p424": 0.002051027301243223
"p425": 0.0005061709578297496
"p426": 7.150370408003896E-05
"p427": 1.1290058538953523E-05
"p428": 0.0009464832408489368
"p429": 0.0001561791431221904
"p430": 7.5267056926356815E-06
"p431": 0
"p432": 0.0002615530228190899
"p433": 5.833196911792653E-05
"p434": 0
"p435": 0
"p436": 0
"p437": 0
"p438": 0
"p439": 0
"p440": 0.0007188003936467076
