"p378": 0
"p379": 0
"p380": 0
"p381": 0
"p382": 0
"p383": 0
"p384": 0.002747247577812024
"p385": 0.000944601564425778
"p386": 0.0001674692016611439
"p387": 7.5267056926356815E-06
"p388": 0.003116056156751172
"p389": 0.0011214791482027165
"p390": 0.0002483812878569775
"p391": 4.1396881309496255E-05
"p392": 0.0012023912343985498
"p393": 0.0003161216390906986
"p394": 3.0106822770542726E-05
"p395": 0
"p396": 0.0036598606430441
"p397": 0.0011083074132406043
"p398": 0.0001467707610063958
"p399": 0
"p400": 0
"p401": 0
"p402": 0
"p403": 0
"p404": 2.4461793501065963E-05
"p405": 0
"p406": 0
"p407": 0
"p408": 0
"p409": 0
"p410": 0
"p411": 0
"p412": 0
"p413": 0
"p414": 0
"p415": 0
"p416": 0.003893188519515807
"p417": 0.0009690633579268439
"p418": 0.00012607232035164766
"p419": 7.5267056926356815E-06
"p420": 0.0069001074437237625
"p421": 0.0020491456248200642
"p422": 0.00034434678543808245
"p423": 4.1396881309496255E-05
"p424": 0.0009069680359625996
"p425": 0.00022580117077907044
"p426": 2.2580117077907045E-05
"p427": 0
"p428": 0.0025026296428013644
"p429": 0.0005776746619097885
"p430": 7.150370408003898E-05
"p431": 0
"p432": 0.0014018489352533954
"p433": 0.0002709614049348845
"p434": 2.2580117077907045E-05
"p435": 0
"p436": 0.0019456534215463238
"p437": 0.000496762575713955
"p438": 3.951520488633733E-05
"p439": 0
"p440": 0.0003631635496696716
