"p378": 9.408382115794602E-05
"p379": 2.2580117077907045E-05
"p380": 0.004632687353817264
"p381": 0.0016577569288030087
"p382": 0.00030671325697490405
"p383": 7.5267056926356815E-06
"p384": 3.010682277054273E-05
"p385": 3.7633528463178407E-06
"p386": 0
"p387": 0
"p388": 0
"p389": 0
"p390": 0
"p391": 0
"p392": 0
"p393": 0
"p394": 0
"p395": 0
"p396": 5.645029269476761E-06
"p397": 0
"p398": 0
"p399": 0
"p400": 1.5053411385271363E-05
"p401": 0
"p402": 0
"p403": 0
"p404": 5.645029269476761E-06
"p405": 5.645029269476761E-06
"p406": 0
"p407": 0
"p408": 0
"p409": 0
"p410": 0
"p411": 0
"p412": 2.8225146347383805E-05
"p413": 5.645029269476761E-06
"p414": 0
"p415": 0
"p416": 0.0003180033155138575
"p417": 8.843879188846925E-05
"p418": 2.2580117077907045E-05
"p419": 5.645029269476761E-06
"p420": 0
"p421": 0
"p422": 0
"p423": 0
"p424": 6.021364554108545E-05
"p425": 1.8816764231589203E-05
"p426": 3.7633528463178407E-06
"p427": 0
"p428": 0.0002107477593937991
"p429": 6.021364554108546E-05
"p430": 5.645029269476761E-06
"p431": 0
"p432": 0.0002671980520885667
"p433": 8.655711546531033E-05
"p434": 2.6343469924224887E-05
"p435": 5.645029269476761E-06
"p436": 9.408382115794602E-06
"p437": 3.7633528463178407E-06
"p438": 0
"p439": 0
"p440": 5.833196911792653E-05
