"p378": 0
"p379": 0
"p380": 0.0002615530228190899
"p381": 1.6935087808430282E-05
"p382": 0
"p383": 0
"p384": 0.00028789649274331484
"p385": 6.774035123372113E-05
"p386": 5.645029269476761E-06
"p387": 0
"p388": 0.00041020546024864466
"p389": 7.338538050319788E-05
"p390": 0
"p391": 0
"p392": 0.0009295481530405067
"p393": 0.00023709122931802394
"p394": 3.0106822770542726E-05
"p395": 0
"p396": 0.0021319393874390568
"p397": 0.0006886935708761648
"p398": 0.0001392440553137601
"p399": 1.6935087808430286E-05
"p400": 0
"p401": 0
"p402": 0
"p403": 0
"p404": 5.645029269476761E-06
"p405": 1.8816764231589204E-06
"p406": 0
"p407": 0
"p408": 0
"p409": 0
"p410": 0
"p411": 0
"p412": 1.3171734962112444E-05
"p413": 0
"p414": 0
"p415": 0
"p416": 4.8923587002131926E-05
"p417": 5.645029269476761E-06
"p418": 0
"p419": 0
"p420": 0.00011854561465901197
"p421": 2.0698440654748124E-05
"p422": 1.8816764231589204E-06
"p423": 1.8816764231589204E-06
"p424": 0.0007526705692635681
"p425": 0.0001542974666990315
"p426": 1.3171734962112442E-05
"p427": 0
"p428": 0.0020679623890516538
"p429": 0.0006567050716824633
"p430": 0.0001486524374295547
"p431": 1.6935087808430286E-05
"p432": 9.972885042742278E-05
"p433": 2.2580117077907045E-05
"p434": 1.8816764231589204E-06
"p435": 0
"p436": 0.00022203781793275255
"p437": 3.575185204001949E-05
"p438": 1.8816764231589204E-06
"p439": 1.8816764231589204E-06
"p440": 0.0004760641350592068
