"p378": 0
"p379": 0
"p380": 0
"p381": 0
"p382": 0
"p383": 0
"p384": 0.0034472312072271424
"p385": 0.0010970173547016505
"p386": 0.00020886608297064017
"p387": 1.8816764231589203E-05
"p388": 5.645029269476761E-06
"p389": 0
"p390": 0
"p391": 0
"p392": 0.002305053618369677
"p393": 0.0006567050716824632
"p394": 0.00011290058538953522
"p395": 2.2580117077907045E-05
"p396": 0.0053232626011165875
"p397": 0.0015015777856808182
"p398": 0.0002013393772780045
"p399": 7.5267056926356815E-06
"p400": 0.002483812878569775
"p401": 0.000852399419690991
"p402": 0.0001749959073537796
"p403": 1.8816764231589203E-05
"p404": 0.0001373623788906012
"p405": 3.7633528463178407E-06
"p406": 0
"p407": 0
"p408": 0.002060435683359018
"p409": 0.0006190715432192848
"p410": 9.972885042742278E-05
"p411": 2.2580117077907045E-05
"p412": 0.005961150908567461
"p413": 0.001983286950009502
"p414": 0.00032553002120649325
"p415": 7.5267056926356815E-06
"p416": 0.0025967134639593107
"p417": 0.000641651660297192
"p418": 7.150370408003898E-05
"p419": 0
"p420": 0
"p421": 0
"p422": 0
"p423": 0
"p424": 0.0010650288555079488
"p425": 0.000284133139896997
"p426": 1.5053411385271365E-05
"p427": 0
"p428": 0.0017970009841167687
"p429": 0.0003180033155138575
"p430": 1.8816764231589203E-05
"p431": 0
"p432": 0.0013190551726344028
"p433": 0.0002653163756654078
"p434": 2.8225146347383805E-05
"p435": 0
"p436": 9.408382115794602E-06
"p437": 3.7633528463178407E-06
"p438": 0
"p439": 0
"p440": 0.00037445360820862513
