"p378": 0
"p379": 0
"p380": 0.0002728430813580435
"p381": 5.8331969117926534E-05
"p382": 1.1290058538953523E-05
"p383": 0
"p384": 0.00014300740816007796
"p385": 2.2580117077907045E-05
"p386": 5.645029269476761E-06
"p387": 0
"p388": 0.0002860148163201559
"p389": 9.22021447347871E-05
"p390": 2.6343469924224884E-05
"p391": 5.645029269476761E-06
"p392": 1.1290058538953523E-05
"p393": 0
"p394": 0
"p395": 0
"p396": 0.00012607232035164766
"p397": 4.8923587002131926E-05
"p398": 5.645029269476761E-06
"p399": 0
"p400": 0.00019945770085484557
"p401": 5.080526342529085E-05
"p402": 1.1290058538953523E-05
"p403": 0
"p404": 0.0002690797285117256
"p405": 0.00010913723254321738
"p406": 3.0106822770542726E-05
"p407": 5.645029269476761E-06
"p408": 1.5053411385271363E-05
"p409": 0
"p410": 0
"p411": 0
"p412": 0.0002897781691664738
"p413": 0.00011666393823585307
"p414": 1.6935087808430286E-05
"p415": 0
"p416": 3.0106822770542726E-05
"p417": 0
"p418": 0
"p419": 0
"p420": 0.00013736237889060116
"p421": 4.516023415581409E-05
"p422": 1.1290058538953523E-05
"p423": 0
"p424": 0
"p425": 0
"p426": 0
"p427": 0
"p428": 1.8816764231589204E-06
"p429": 1.8816764231589204E-06
"p430": 1.8816764231589204E-06
"p431": 1.8816764231589204E-06
"p432": 1.3171734962112444E-05
"p433": 1.8816764231589204E-06
"p434": 1.8816764231589204E-06
"p435": 0
"p436": 6.774035123372113E-05
"p437": 2.2580117077907045E-05
"p438": 1.1290058538953523E-05
"p439": 0
"p440": 0
