"p378": 0.0002615530228190899
"p379": 4.1396881309496255E-05
"p380": 0.004299630626918134
"p381": 0.0015015777856808188
"p382": 0.000284133139896997
"p383": 7.5267056926356815E-06
"p384": 0
"p385": 0
"p386": 0
"p387": 0
"p388": 0
"p389": 0
"p390": 0
"p391": 0
"p392": 3.010682277054273E-05
"p393": 3.7633528463178407E-06
"p394": 0
"p395": 0
"p396": 5.645029269476761E-06
"p397": 0
"p398": 0
"p399": 0
"p400": 2.8225146347383805E-05
"p401": 9.408382115794602E-06
"p402": 0
"p403": 0
"p404": 0
"p405": 0
"p406": 0
"p407": 0
"p408": 1.6935087808430282E-05
"p409": 1.8816764231589204E-06
"p410": 0
"p411": 0
"p412": 3.7633528463178407E-06
"p413": 0
"p414": 0
"p415": 0
"p416": 3.9515204886337324E-05
"p417": 9.408382115794602E-06
"p418": 0
"p419": 0
"p420": 0
"p421": 0
"p422": 0
"p423": 0
"p424": 0.000376335284631784
"p425": 0.00010725555612005845
"p426": 2.6343469924224884E-05
"p427": 5.645029269476761E-06
"p428": 0.00016182417239166716
"p429": 3.387017561686057E-05
"p430": 5.645029269476761E-06
"p431": 0
"p432": 6.774035123372112E-05
"p433": 3.0106822770542726E-05
"p434": 0
"p435": 0
"p436": 2.0698440654748124E-05
"p437": 5.645029269476761E-06
"p438": 0
"p439": 0
"p440": 0.0003161216390906986
