"p378": 0
"p379": 0
"p380": 0
"p381": 0
"p382": 0
"p383": 0
"p384": 0.00031612163909069854
"p385": 2.6343469924224887E-05
"p386": 0
"p387": 0
"p388": 1.5053411385271366E-05
"p389": 0
"p390": 0
"p391": 0
"p392": 0.0001938126715853688
"p393": 2.2580117077907045E-05
"p394": 0
"p395": 0
"p396": 0.000378216961054943
"p397": 0.00011101890896637629
"p398": 1.5053411385271363E-05
"p399": 0
"p400": 3.951520488633733E-05
"p401": 0
"p402": 0
"p403": 0
"p404": 0
"p405": 0
"p406": 0
"p407": 0
"p408": 0
"p409": 0
"p410": 0
"p411": 0
"p412": 0
"p413": 0
"p414": 0
"p415": 0
"p416": 0.007748743510568435
"p417": 0.002321988706178108
"p418": 0.0004327855773265517
"p419": 3.7633528463178407E-05
"p420": 0.0001392440553137601
"p421": 3.7633528463178407E-06
"p422": 0
"p423": 0
"p424": 0.0046684392058572825
"p425": 0.0012494331449775231
"p426": 0.0002051027301243223
"p427": 4.516023415581409E-05
"p428": 0.011367207272303038
"p429": 0.0033663191210313082
"p430": 0.0005118159870992264
"p431": 1.5053411385271363E-05
"p432": 0.0014808793450260703
"p433": 0.0003763352846317841
"p434": 3.951520488633733E-05
"p435": 0
"p436": 0
"p437": 0
"p438": 0
"p439": 0
"p440": 0.0010142235920826582
