"p378": 0
"p379": 0
"p380": 0.0002991865512822683
"p381": 3.3870175616860565E-05
"p382": 0
"p383": 0
"p384": 0
"p385": 0
"p386": 0
"p387": 0
"p388": 1.3171734962112444E-05
"p389": 0
"p390": 0
"p391": 0
"p392": 5.645029269476761E-05
"p393": 1.1290058538953523E-05
"p394": 0
"p395": 0
"p396": 0.0002878964927433148
"p397": 8.091208619583358E-05
"p398": 1.3171734962112442E-05
"p399": 0
"p400": 0
"p401": 0
"p402": 0
"p403": 0
"p404": 8.091208619583357E-05
"p405": 1.5053411385271363E-05
"p406": 0
"p407": 0
"p408": 5.645029269476761E-05
"p409": 1.3171734962112442E-05
"p410": 0
"p411": 0
"p412": 0.0001674692016611439
"p413": 1.8816764231589203E-05
"p414": 0
"p415": 0
"p416": 0.00010913723254321737
"p417": 2.2580117077907045E-05
"p418": 0
"p419": 0
"p420": 0.00021262943581695798
"p421": 2.0698440654748124E-05
"p422": 0
"p423": 0
"p424": 0.0010085785628131813
"p425": 0.00022768284720222937
"p426": 2.4461793501065966E-05
"p427": 0
"p428": 0.0023916107338349873
"p429": 0.0007394988343014556
"p430": 0.00014112573173691902
"p431": 1.6935087808430286E-05
"p432": 0.00030483158055174506
"p433": 7.33853805031979E-05
"p434": 5.645029269476761E-06
"p435": 0
"p436": 0.00042525887163391606
"p437": 7.714873334951574E-05
"p438": 0
"p439": 0
"p440": 0.0009897617985815922
