"p378": 7.5267056926356815E-06
"p379": 0
"p380": 0.0005870830440255832
"p381": 6.209532196424438E-05
"p382": 3.7633528463178407E-06
"p383": 0
"p384": 2.4461793501065963E-05
"p385": 1.8816764231589204E-06
"p386": 0
"p387": 0
"p388": 0.00017499590735377957
"p389": 2.4461793501065963E-05
"p390": 1.8816764231589204E-06
"p391": 0
"p392": 0
"p393": 0
"p394": 0
"p395": 0
"p396": 3.0106822770542726E-05
"p397": 0
"p398": 0
"p399": 0
"p400": 2.4461793501065963E-05
"p401": 1.8816764231589204E-06
"p402": 0
"p403": 0
"p404": 0.00017123255450746176
"p405": 2.6343469924224884E-05
"p406": 0
"p407": 0
"p408": 3.7633528463178407E-06
"p409": 0
"p410": 0
"p411": 0
"p412": 0.00013359902604428335
"p413": 2.6343469924224884E-05
"p414": 0
"p415": 0
"p416": 0.001017986944928976
"p417": 0.0002220378179327526
"p418": 1.8816764231589203E-05
"p419": 0
"p420": 0.0021168859760537853
"p421": 0.0005833196911792653
"p422": 9.22021447347871E-05
"p423": 1.1290058538953523E-05
"p424": 0.00018252261304641527
"p425": 2.8225146347383808E-05
"p426": 0
"p427": 0
"p428": 0.0008655711546531033
"p429": 0.00018252261304641527
"p430": 3.7633528463178407E-06
"p431": 0
"p432": 0.0010669105319311078
"p433": 0.0002709614049348845
"p434": 3.0106822770542726E-05
"p435": 0
"p436": 0.0017518407499609546
"p437": 0.0005325144277539745
"p438": 8.27937626189925E-05
"p439": 1.1290058538953523E-05
"p440": 0.00023709122931802392
