"p378": 0
"p379": 0
"p380": 0
"p381": 0
"p382": 0
"p383": 0
"p384": 0.0002690797285117256
"p385": 5.456861627160869E-05
"p386": 5.645029269476761E-06
"p387": 0
"p388": 0.0005588578976781994
"p389": 0.00013171734962112442
"p390": 1.6935087808430286E-05
"p391": 0
"p392": 5.080526342529086E-05
"p393": 1.1290058538953523E-05
"p394": 0
"p395": 0
"p396": 0.000212629435816958
"p397": 3.3870175616860565E-05
"p398": 0
"p399": 0
"p400": 0.00025214464070329537
"p401": 6.585867481056221E-05
"p402": 5.645029269476761E-06
"p403": 0
"p404": 0.00033682007974544673
"p405": 7.526705692635683E-05
"p406": 5.645029269476761E-06
"p407": 0
"p408": 6.021364554108545E-05
"p409": 1.6935087808430286E-05
"p410": 0
"p411": 0
"p412": 0.0002991865512822684
"p413": 6.209532196424438E-05
"p414": 0
"p415": 0
"p416": 0.0001580608195453493
"p417": 5.645029269476761E-06
"p418": 0
"p419": 0
"p420": 0.00045724737082761767
"p421": 3.387017561686057E-05
"p422": 0
"p423": 0
"p424": 1.1290058538953523E-05
"p425": 1.8816764231589204E-06
"p426": 0
"p427": 0
"p428": 2.2580117077907045E-05
"p429": 5.645029269476761E-06
"p430": 0
"p431": 0
"p432": 7.338538050319791E-05
"p433": 0
"p434": 0
"p435": 0
"p436": 0.0001298356731979655
"p437": 5.645029269476761E-06
"p438": 0
"p439": 0
"p440": 5.645029269476761E-06
