"p378": 0
"p379": 0
"p380": 0.0013529253482512636
"p381": 0.0002935415220127916
"p382": 3.387017561686057E-05
"p383": 0
"p384": 0.00023709122931802392
"p385": 8.27937626189925E-05
"p386": 2.6343469924224887E-05
"p387": 5.645029269476761E-06
"p388": 9.408382115794602E-06
"p389": 3.7633528463178407E-06
"p390": 0
"p391": 0
"p392": 5.833196911792653E-05
"p393": 2.6343469924224887E-05
"p394": 3.7633528463178407E-06
"p395": 0
"p396": 0.0003838619903244198
"p397": 0.00013736237889060116
"p398": 1.6935087808430286E-05
"p399": 0
"p400": 0
"p401": 0
"p402": 0
"p403": 0
"p404": 1.8816764231589204E-06
"p405": 1.8816764231589204E-06
"p406": 0
"p407": 0
"p408": 0
"p409": 0
"p410": 0
"p411": 0
"p412": 0
"p413": 0
"p414": 0
"p415": 0
"p416": 0.0003123582862443808
"p417": 9.972885042742276E-05
"p418": 3.3870175616860565E-05
"p419": 5.645029269476761E-06
"p420": 0
"p421": 0
"p422": 0
"p423": 0
"p424": 4.8923587002131926E-05
"p425": 1.8816764231589203E-05
"p426": 3.7633528463178407E-06
"p427": 0
"p428": 0.00015994249596850825
"p429": 4.327855773265516E-05
"p430": 7.5267056926356815E-06
"p431": 1.8816764231589204E-06
"p432": 0.0001279539967748066
"p433": 4.3278557732655166E-05
"p434": 1.3171734962112442E-05
"p435": 0
"p436": 0
"p437": 0
"p438": 0
"p439": 0
"p440": 1.1290058538953523E-05
