"p378": 0
"p379": 0
"p380": 3.575185204001949E-05
"p381": 0
"p382": 0
"p383": 0
"p384": 5.645029269476761E-05
"p385": 1.3171734962112442E-05
"p386": 0
"p387": 0
"p388": 0.00017123255450746173
"p389": 2.4461793501065963E-05
"p390": 0
"p391": 0
"p392": 0
"p393": 0
"p394": 0
"p395": 0
"p396": 0.00010913723254321738
"p397": 3.575185204001949E-05
"p398": 7.5267056926356815E-06
"p399": 0
"p400": 0
"p401": 0
"p402": 0
"p403": 0
"p404": 1.6935087808430286E-05
"p405": 0
"p406": 0
"p407": 0
"p408": 0
"p409": 0
"p410": 0
"p411": 0
"p412": 0
"p413": 0
"p414": 0
"p415": 0
"p416": 0.0014488908458323685
"p417": 0.00035940019682335374
"p418": 4.327855773265517E-05
"p419": 0
"p420": 0.003080304304711153
"p421": 0.0009747083871963208
"p422": 0.00022015614150959365
"p423": 3.387017561686057E-05
"p424": 0.00039515204886337327
"p425": 7.903040977267465E-05
"p426": 0
"p427": 0
"p428": 0.002146992798824328
"p429": 0.0006265982489119205
"p430": 7.526705692635681E-05
"p431": 0
"p432": 0.0002671980520885667
"p433": 6.585867481056221E-05
"p434": 1.1290058538953523E-05
"p435": 0
"p436": 0.0006265982489119205
"p437": 0.00018816764231589203
"p438": 1.3171734962112442E-05
"p439": 0
"p440": 9.408382115794602E-05
