"p378": 0.00017875926020009743
"p379": 7.5267056926356815E-06
"p380": 0.004973270786409026
"p381": 0.0017556041028072725
"p382": 0.00034434678543808245
"p383": 4.1396881309496255E-05
"p384": 0
"p385": 0
"p386": 0
"p387": 0
"p388": 0
"p389": 0
"p390": 0
"p391": 0
"p392": 7.5267056926356815E-06
"p393": 0
"p394": 0
"p395": 0
"p396": 3.010682277054273E-05
"p397": 3.7633528463178407E-06
"p398": 0
"p399": 0
"p400": 0
"p401": 0
"p402": 0
"p403": 0
"p404": 3.0106822770542726E-05
"p405": 1.1290058538953523E-05
"p406": 0
"p407": 0
"p408": 3.7633528463178407E-06
"p409": 0
"p410": 0
"p411": 0
"p412": 1.5053411385271363E-05
"p413": 0
"p414": 0
"p415": 0
"p416": 2.0698440654748124E-05
"p417": 5.645029269476761E-06
"p418": 0
"p419": 0
"p420": 3.9515204886337324E-05
"p421": 9.408382115794602E-06
"p422": 0
"p423": 0
"p424": 0.0001749959073537796
"p425": 2.2580117077907045E-05
"p426": 5.645029269476761E-06
"p427": 0
"p428": 0.00043466725374971055
"p429": 0.0001298356731979655
"p430": 3.198849919370165E-05
"p431": 5.645029269476761E-06
"p432": 9.596549758110492E-05
"p433": 4.139688130949625E-05
"p434": 5.645029269476761E-06
"p435": 0
"p436": 8.843879188846925E-05
"p437": 3.575185204001949E-05
"p438": 0
"p439": 0
"p440": 0.00020698440654748124
