"p378": 0
"p379": 0
"p380": 6.39769983874033E-05
"p381": 0
"p382": 0
"p383": 0
"p384": 0.0001279539967748066
"p385": 1.1290058538953523E-05
"p386": 0
"p387": 0
"p388": 9.408382115794602E-06
"p389": 5.645029269476761E-06
"p390": 0
"p391": 0
"p392": 5.456861627160869E-05
"p393": 9.408382115794602E-06
"p394": 0
"p395": 0
"p396": 0.00014488908458323683
"p397": 4.704191057897301E-05
"p398": 7.5267056926356815E-06
"p399": 0
"p400": 1.6935087808430286E-05
"p401": 0
"p402": 0
"p403": 0
"p404": 0
"p405": 0
"p406": 0
"p407": 0
"p408": 0
"p409": 0
"p410": 0
"p411": 0
"p412": 0
"p413": 0
"p414": 0
"p415": 0
"p416": 0.002325752059024425
"p417": 0.0006679951302214168
"p418": 0.00014112573173691902
"p419": 1.1290058538953523E-05
"p420": 5.64502926947676E-05
"p421": 3.7633528463178407E-06
"p422": 0
"p423": 0
"p424": 0.001234379733592252
"p425": 0.0003838619903244197
"p426": 7.903040977267465E-05
"p427": 2.2580117077907045E-05
"p428": 0.00338137253241658
"p429": 0.0010123419156594991
"p430": 0.00013548070246744226
"p431": 0
"p432": 0.00047418245863604794
"p433": 0.000141125731736919
"p434": 1.3171734962112442E-05
"p435": 0
"p436": 0
"p437": 0
"p438": 0
"p439": 0
"p440": 0.00028789649274331484
