"p378": 0
"p379": 0
"p380": 0.0005099343106760673
"p381": 8.467543904215141E-05
"p382": 0
"p383": 0
"p384": 0.0012776582913249068
"p385": 0.00038386199032441974
"p386": 6.774035123372113E-05
"p387": 1.1290058538953523E-05
"p388": 7.903040977267465E-05
"p389": 3.7633528463178407E-06
"p390": 0
"p391": 0
"p392": 0.0005456861627160869
"p393": 0.00013736237889060116
"p394": 1.3171734962112444E-05
"p395": 0
"p396": 0.002197798062249619
"p397": 0.0005343961041771334
"p398": 3.387017561686057E-05
"p399": 0
"p400": 5.645029269476761E-06
"p401": 0
"p402": 0
"p403": 0
"p404": 3.7633528463178407E-06
"p405": 0
"p406": 0
"p407": 0
"p408": 0
"p409": 0
"p410": 0
"p411": 0
"p412": 0
"p413": 0
"p414": 0
"p415": 0
"p416": 0.0016370584881482604
"p417": 0.0004177321659412803
"p418": 5.833196911792653E-05
"p419": 1.1290058538953523E-05
"p420": 5.645029269476761E-06
"p421": 0
"p422": 0
"p423": 0
"p424": 0.000496762575713955
"p425": 0.00010725555612005847
"p426": 1.3171734962112444E-05
"p427": 0
"p428": 0.0013736237889060117
"p429": 0.00026343469924224885
"p430": 1.5053411385271363E-05
"p431": 0
"p432": 0.0006585867481056221
"p433": 0.0001561791431221904
"p434": 1.3171734962112442E-05
"p435": 0
"p436": 3.7633528463178407E-06
"p437": 3.7633528463178407E-06
"p438": 0
"p439": 0
"p440": 7.714873334951574E-05
