"p378": 0
"p379": 0
"p380": 0
"p381": 0
"p382": 0
"p383": 0
"p384": 0.0006924569237224829
"p385": 0.00016182417239166713
"p386": 2.2580117077907045E-05
"p387": 0
"p388": 0.00019004931873905096
"p389": 1.8816764231589203E-05
"p390": 0
"p391": 0
"p392": 0.004273287156993909
"p393": 0.0013717421124828527
"p394": 0.00026343469924224885
"p395": 4.1396881309496255E-05
"p396": 0.00533267098323238
"p397": 0.0017330239857293655
"p398": 0.0003029499041285862
"p399": 7.5267056926356815E-06
"p400": 1.1290058538953523E-05
"p401": 0
"p402": 0
"p403": 0
"p404": 0
"p405": 0
"p406": 0
"p407": 0
"p408": 2.0698440654748124E-05
"p409": 0
"p410": 0
"p411": 0
"p412": 0
"p413": 0
"p414": 0
"p415": 0
"p416": 0.0004929992228676373
"p417": 8.279376261899248E-05
"p418": 0
"p419": 0
"p420": 9.408382115794602E-06
"p421": 0
"p422": 0
"p423": 0
"p424": 0.007795785421147409
"p425": 0.0021601645337864404
"p426": 0.00035187349113071807
"p427": 4.1396881309496255E-05
"p428": 0.00465338579447201
"p429": 0.0010763189140469026
"p430": 0.00015241579027587256
"p431": 7.5267056926356815E-06
"p432": 0.0005080526342529085
"p433": 0.0001430074081600779
"p434": 1.1290058538953523E-05
"p435": 0
"p436": 3.7633528463178407E-06
"p437": 0
"p438": 0
"p439": 0
"p440": 0.002568488317611926
