"p378": 2.2580117077907045E-05
"p379": 0
"p380": 0.0021601645337864404
"p381": 0.0006002547789876957
"p382": 6.021364554108545E-05
"p383": 0
"p384": 0
"p385": 0
"p386": 0
"p387": 0
"p388": 3.0106822770542726E-05
"p389": 1.1290058538953523E-05
"p390": 0
"p391": 0
"p392": 3.7633528463178407E-06
"p393": 0
"p394": 0
"p395": 0
"p396": 1.5053411385271363E-05
"p397": 0
"p398": 0
"p399": 0
"p400": 0
"p401": 0
"p402": 0
"p403": 0
"p404": 0
"p405": 0
"p406": 0
"p407": 0
"p408": 0
"p409": 0
"p410": 0
"p411": 0
"p412": 0
"p413": 0
"p414": 0
"p415": 0
"p416": 0.00010913723254321738
"p417": 4.139688130949625E-05
"p418": 5.645029269476761E-06
"p419": 0
"p420": 0.00011290058538953522
"p421": 4.139688130949624E-05
"p422": 0
"p423": 0
"p424": 0.0003368200797454468
"p425": 6.39769983874033E-05
"p426": 1.6935087808430286E-05
"p427": 0
"p428": 0.0008241742733436071
"p429": 0.00028036978705067917
"p430": 6.774035123372113E-05
"p431": 1.1290058538953523E-05
"p432": 7.5267056926356815E-06
"p433": 5.645029269476761E-06
"p434": 0
"p435": 0
"p436": 1.5053411385271363E-05
"p437": 3.7633528463178407E-06
"p438": 0
"p439": 0
"p440": 5.2686939848449775E-05
