"p378": 0
"p379": 0
"p380": 0.0013773871417523292
"p381": 0.000329293374052811
"p382": 2.6343469924224884E-05
"p383": 0
"p384": 2.0698440654748124E-05
"p385": 5.645029269476761E-06
"p386": 0
"p387": 0
"p388": 3.9515204886337324E-05
"p389": 9.408382115794602E-06
"p390": 0
"p391": 0
"p392": 0.00015241579027587256
"p393": 2.2580117077907045E-05
"p394": 5.645029269476761E-06
"p395": 0
"p396": 0.0003499918147075592
"p397": 0.00011478226181269415
"p398": 3.198849919370165E-05
"p399": 5.645029269476761E-06
"p400": 9.596549758110492E-05
"p401": 4.139688130949625E-05
"p402": 5.645029269476761E-06
"p403": 0
"p404": 9.032046831162815E-05
"p405": 3.7633528463178407E-05
"p406": 0
"p407": 0
"p408": 0.00019945770085484557
"p409": 4.516023415581409E-05
"p410": 1.1290058538953523E-05
"p411": 0
"p412": 0.00046289240009709436
"p413": 0.00018252261304641527
"p414": 4.139688130949625E-05
"p415": 5.645029269476761E-06
"p416": 0
"p417": 0
"p418": 0
"p419": 0
"p420": 1.8816764231589204E-06
"p421": 1.8816764231589204E-06
"p422": 1.8816764231589204E-06
"p423": 1.8816764231589204E-06
"p424": 3.0106822770542726E-05
"p425": 0
"p426": 0
"p427": 0
"p428": 0.00013736237889060116
"p429": 4.516023415581409E-05
"p430": 1.1290058538953523E-05
"p431": 0
"p432": 1.8816764231589204E-06
"p433": 1.8816764231589204E-06
"p434": 1.8816764231589204E-06
"p435": 0
"p436": 2.6343469924224884E-05
"p437": 7.5267056926356815E-06
"p438": 1.8816764231589204E-06
"p439": 1.8816764231589204E-06
"p440": 1.1290058538953523E-05
