"p378": 0
"p379": 0
"p380": 0.0008523994196909909
"p381": 0.00019757602443168663
"p382": 2.2580117077907045E-05
"p383": 0
"p384": 1.5053411385271363E-05
"p385": 0
"p386": 0
"p387": 0
"p388": 5.645029269476761E-06
"p389": 5.645029269476761E-06
"p390": 0
"p391": 0
"p392": 0
"p393": 0
"p394": 0
"p395": 0
"p396": 2.8225146347383805E-05
"p397": 5.645029269476761E-06
"p398": 0
"p399": 0
"p400": 0
"p401": 0
"p402": 0
"p403": 0
"p404": 0
"p405": 0
"p406": 0
"p407": 0
"p408": 0
"p409": 0
"p410": 0
"p411": 0
"p412": 0
"p413": 0
"p414": 0
"p415": 0
"p416": 0.0005231060456381798
"p417": 0.0001561791431221904
"p418": 4.892358700213193E-05
"p419": 1.1290058538953523E-05
"p420": 9.408382115794602E-06
"p421": 3.7633528463178407E-06
"p422": 0
"p423": 0
"p424": 0.00010725555612005845
"p425": 4.516023415581409E-05
"p426": 7.5267056926356815E-06
"p427": 0
"p428": 0.000541922809869769
"p429": 0.00017875926020009743
"p430": 2.2580117077907045E-05
"p431": 0
"p432": 9.220214473478709E-05
"p433": 2.2580117077907045E-05
"p434": 0
"p435": 0
"p436": 0
"p437": 0
"p438": 0
"p439": 0
"p440": 1.1290058538953523E-05
