"p378": 0
"p379": 0
"p380": 0.0005155793399455441
"p381": 0.00010161052685058169
"p382": 1.1290058538953523E-05
"p383": 0
"p384": 0.00019945770085484557
"p385": 5.080526342529085E-05
"p386": 1.1290058538953523E-05
"p387": 0
"p388": 0.0002671980520885667
"p389": 0.00010725555612005845
"p390": 3.0106822770542726E-05
"p391": 5.645029269476761E-06
"p392": 1.5053411385271363E-05
"p393": 0
"p394": 0
"p395": 0
"p396": 0.0002897781691664738
"p397": 0.00011666393823585307
"p398": 1.6935087808430286E-05
"p399": 0
"p400": 0
"p401": 0
"p402": 0
"p403": 0
"p404": 1.8816764231589204E-06
"p405": 1.8816764231589204E-06
"p406": 0
"p407": 0
"p408": 0
"p409": 0
"p410": 0
"p411": 0
"p412": 0
"p413": 0
"p414": 0
"p415": 0
"p416": 0.00013359902604428335
"p417": 1.8816764231589203E-05
"p418": 5.645029269476761E-06
"p419": 0
"p420": 0.0003612818732465127
"p421": 0.00011854561465901196
"p422": 3.7633528463178407E-05
"p423": 5.645029269476761E-06
"p424": 3.7633528463178407E-06
"p425": 0
"p426": 0
"p427": 0
"p428": 9.784717400426385E-05
"p429": 3.575185204001948E-05
"p430": 7.5267056926356815E-06
"p431": 1.8816764231589204E-06
"p432": 5.2686939848449775E-05
"p433": 5.645029269476761E-06
"p434": 1.8816764231589204E-06
"p435": 0
"p436": 0.0001298356731979655
"p437": 4.139688130949624E-05
"p438": 1.1290058538953523E-05
"p439": 0
"p440": 7.5267056926356815E-06
