"p378": 0
"p379": 0
"p380": 0
"p381": 0
"p382": 0
"p383": 0
"p384": 0
"p385": 0
"p386": 0
"p387": 0
"p388": 3.9515204886337324E-05
"p389": 0
"p390": 0
"p391": 0
"p392": 0.00019945770085484557
"p393": 3.387017561686057E-05
"p394": 0
"p395": 0
"p396": 0.0009351931823099834
"p397": 0.0002220378179327526
"p398": 2.8225146347383805E-05
"p399": 0
"p400": 7.5267056926356815E-06
"p401": 0
"p402": 0
"p403": 0
"p404": 0.00020886608297064017
"p405": 2.2580117077907045E-05
"p406": 0
"p407": 0
"p408": 0.0001749959073537796
"p409": 2.8225146347383805E-05
"p410": 0
"p411": 0
"p412": 0.00042714054805707494
"p413": 4.1396881309496255E-05
"p414": 0
"p415": 0
"p416": 0.0004760641350592069
"p417": 9.408382115794603E-05
"p418": 5.645029269476761E-06
"p419": 0
"p420": 0.000666113453798258
"p421": 0.00012042729108217093
"p422": 1.1290058538953523E-05
"p423": 0
"p424": 0.0050221943734111586
"p425": 0.0013058834376722906
"p426": 0.00015994249596850823
"p427": 7.5267056926356815E-06
"p428": 0.008552219343257296
"p429": 0.0025383814948413837
"p430": 0.0004102054602486446
"p431": 4.1396881309496255E-05
"p432": 0.0008975596538468049
"p433": 0.00023520955289486504
"p434": 2.0698440654748128E-05
"p435": 0
"p436": 0.0009088497123857585
"p437": 0.000188167642315892
"p438": 2.2580117077907045E-05
"p439": 0
"p440": 0.0038009863747810193
