"p378": 0
"p379": 0
"p380": 0
"p381": 0
"p382": 0
"p383": 0
"p384": 0
"p385": 0
"p386": 0
"p387": 0
"p388": 0
"p389": 0
"p390": 0
"p391": 0
"p392": 5.645029269476761E-06
"p393": 0
"p394": 0
"p395": 0
"p396": 6.774035123372113E-05
"p397": 5.645029269476761E-06
"p398": 0
"p399": 0
"p400": 0
"p401": 0
"p402": 0
"p403": 0
"p404": 1.1290058538953523E-05
"p405": 0
"p406": 0
"p407": 0
"p408": 5.645029269476761E-06
"p409": 0
"p410": 0
"p411": 0
"p412": 3.387017561686057E-05
"p413": 0
"p414": 0
"p415": 0
"p416": 3.575185204001949E-05
"p417": 3.7633528463178407E-06
"p418": 0
"p419": 0
"p420": 8.091208619583359E-05
"p421": 3.7633528463178407E-06
"p422": 0
"p423": 0
"p424": 0.00038198031390126086
"p425": 6.585867481056221E-05
"p426": 5.645029269476761E-06
"p427": 0
"p428": 0.0009483649172720959
"p429": 0.0001768775837769385
"p430": 1.6935087808430286E-05
"p431": 0
"p432": 7.526705692635681E-05
"p433": 1.5053411385271363E-05
"p434": 0
"p435": 0
"p436": 0.00012419064392848875
"p437": 1.5053411385271363E-05
"p438": 0
"p439": 0
"p440": 0.0002935415220127916
