"p378": 2.2580117077907045E-05
"p379": 0
"p380": 0.0022467216492517506
"p381": 0.0006115448375266493
"p382": 6.021364554108545E-05
"p383": 0
"p384": 8.655711546531033E-05
"p385": 3.575185204001948E-05
"p386": 5.645029269476761E-06
"p387": 0
"p388": 8.091208619583357E-05
"p389": 3.198849919370165E-05
"p390": 0
"p391": 0
"p392": 0.00019945770085484557
"p393": 4.516023415581409E-05
"p394": 1.1290058538953523E-05
"p395": 0
"p396": 0.00044031228301918735
"p397": 0.00017123255450746173
"p398": 4.139688130949625E-05
"p399": 5.645029269476761E-06
"p400": 0
"p401": 0
"p402": 0
"p403": 0
"p404": 1.8816764231589204E-06
"p405": 1.8816764231589204E-06
"p406": 0
"p407": 0
"p408": 0
"p409": 0
"p410": 0
"p411": 0
"p412": 0
"p413": 0
"p414": 0
"p415": 0
"p416": 2.2580117077907045E-05
"p417": 5.645029269476761E-06
"p418": 0
"p419": 0
"p420": 3.387017561686057E-05
"p421": 1.1290058538953523E-05
"p422": 1.8816764231589204E-06
"p423": 1.8816764231589204E-06
"p424": 0.0001373623788906012
"p425": 1.8816764231589203E-05
"p426": 5.645029269476761E-06
"p427": 0
"p428": 0.00041020546024864466
"p429": 0.00013548070246744226
"p430": 3.7633528463178407E-05
"p431": 5.645029269476761E-06
"p432": 9.408382115794602E-06
"p433": 7.5267056926356815E-06
"p434": 1.8816764231589204E-06
"p435": 0
"p436": 4.139688130949624E-05
"p437": 1.1290058538953523E-05
"p438": 1.8816764231589204E-06
"p439": 1.8816764231589204E-06
"p440": 5.6450292694767617E-05
