"p378": 0
"p379": 0
"p380": 1.5053411385271363E-05
"p381": 0
"p382": 0
"p383": 0
"p384": 0.0003217666683601754
"p385": 6.39769983874033E-05
"p386": 0
"p387": 0
"p388": 8.843879188846926E-05
"p389": 9.408382115794602E-06
"p390": 0
"p391": 0
"p392": 0.0015166311970660896
"p393": 0.0004666557529434122
"p394": 9.4083821157946E-05
"p395": 1.6935087808430286E-05
"p396": 0.0017781842198851799
"p397": 0.0005362777806002923
"p398": 9.22021447347871E-05
"p399": 0
"p400": 5.645029269476761E-06
"p401": 1.8816764231589204E-06
"p402": 0
"p403": 0
"p404": 0
"p405": 0
"p406": 0
"p407": 0
"p408": 1.3171734962112444E-05
"p409": 0
"p410": 0
"p411": 0
"p412": 0
"p413": 0
"p414": 0
"p415": 0
"p416": 0.00011478226181269412
"p417": 2.0698440654748124E-05
"p418": 1.8816764231589204E-06
"p419": 1.8816764231589204E-06
"p420": 3.7633528463178407E-06
"p421": 0
"p422": 0
"p423": 0
"p424": 0.0018666230117736493
"p425": 0.0006002547789876956
"p426": 0.00013736237889060116
"p427": 1.6935087808430286E-05
"p428": 0.0009408382115794601
"p429": 0.00020698440654748126
"p430": 3.0106822770542726E-05
"p431": 0
"p432": 0.00022203781793275255
"p433": 3.575185204001949E-05
"p434": 1.8816764231589204E-06
"p435": 1.8816764231589204E-06
"p436": 0
"p437": 0
"p438": 0
"p439": 0
"p440": 0.0007884224213035875
