"p378": 0
"p379": 0
"p380": 0
"p381": 0
"p382": 0
"p383": 0
"p384": 3.575185204001949E-05
"p385": 3.7633528463178407E-06
"p386": 0
"p387": 0
"p388": 7.714873334951574E-05
"p389": 3.7633528463178407E-06
"p390": 0
"p391": 0
"p392": 0.0003029499041285862
"p393": 6.021364554108546E-05
"p394": 5.645029269476761E-06
"p395": 0
"p396": 0.0006830485416066881
"p397": 0.0001486524374295547
"p398": 1.6935087808430286E-05
"p399": 0
"p400": 7.526705692635681E-05
"p401": 1.5053411385271363E-05
"p402": 0
"p403": 0
"p404": 0.00012419064392848875
"p405": 1.5053411385271363E-05
"p406": 0
"p407": 0
"p408": 0.00028789649274331484
"p409": 7.714873334951574E-05
"p410": 5.645029269476761E-06
"p411": 0
"p412": 0.0005174610163687031
"p413": 0.00011478226181269414
"p414": 5.645029269476761E-06
"p415": 0
"p416": 5.645029269476761E-06
"p417": 0
"p418": 0
"p419": 0
"p420": 2.0698440654748124E-05
"p421": 5.645029269476761E-06
"p422": 0
"p423": 0
"p424": 0.00016370584881482606
"p425": 5.645029269476761E-06
"p426": 0
"p427": 0
"p428": 0.0004685374293665712
"p429": 3.387017561686057E-05
"p430": 0
"p431": 0
"p432": 1.1290058538953523E-05
"p433": 0
"p434": 0
"p435": 0
"p436": 3.387017561686057E-05
"p437": 5.645029269476761E-06
"p438": 0
"p439": 0
"p440": 6.774035123372114E-05
