"p378": 0
"p379": 0
"p380": 0.000984116769312115
"p381": 0.00013548070246744226
"p382": 3.7633528463178407E-06
"p383": 0
"p384": 0.00035563684397703593
"p385": 6.021364554108546E-05
"p386": 0
"p387": 0
"p388": 0.00047418245863604794
"p389": 0.00010913723254321738
"p390": 1.1290058538953523E-05
"p391": 0
"p392": 0.0011647577059353716
"p393": 0.0002878964927433148
"p394": 3.0106822770542726E-05
"p395": 0
"p396": 0.0023765573224497163
"p397": 0.0006886935708761648
"p398": 9.22021447347871E-05
"p399": 1.1290058538953523E-05
"p400": 0
"p401": 0
"p402": 0
"p403": 0
"p404": 3.7633528463178407E-06
"p405": 0
"p406": 0
"p407": 0
"p408": 0
"p409": 0
"p410": 0
"p411": 0
"p412": 5.645029269476761E-06
"p413": 0
"p414": 0
"p415": 0
"p416": 7.338538050319788E-05
"p417": 9.408382115794602E-06
"p418": 0
"p419": 0
"p420": 0.00021262943581695798
"p421": 2.0698440654748124E-05
"p422": 0
"p423": 0
"p424": 0.0009747083871963207
"p425": 0.00018816764231589203
"p426": 1.8816764231589203E-05
"p427": 0
"p428": 0.00221285147363489
"p429": 0.0005306327513308156
"p430": 7.150370408003896E-05
"p431": 1.1290058538953523E-05
"p432": 0.00010349220327374062
"p433": 1.5053411385271363E-05
"p434": 0
"p435": 0
"p436": 0.0002615530228190899
"p437": 5.833196911792653E-05
"p438": 0
"p439": 0
"p440": 0.00025402631712645424
