"p378": 0
"p379": 0
"p380": 1.3171734962112444E-05
"p381": 3.7633528463178407E-06
"p382": 0
"p383": 0
"p384": 0.0009596549758110494
"p385": 0.00028601481632015586
"p386": 6.209532196424436E-05
"p387": 5.645029269476761E-06
"p388": 0
"p389": 0
"p390": 0
"p391": 0
"p392": 0.0006021364554108545
"p393": 0.00021074775939379907
"p394": 4.516023415581409E-05
"p395": 1.1290058538953523E-05
"p396": 0.0014582992279481633
"p397": 0.0004403122830191873
"p398": 5.080526342529085E-05
"p399": 0
"p400": 0.000965300005080526
"p401": 0.00028225146347383805
"p402": 5.456861627160869E-05
"p403": 5.645029269476761E-06
"p404": 5.833196911792653E-05
"p405": 5.645029269476761E-06
"p406": 0
"p407": 0
"p408": 0.0006303616017582384
"p409": 0.00020886608297064017
"p410": 3.9515204886337324E-05
"p411": 1.1290058538953523E-05
"p412": 0.0020905425061295605
"p413": 0.0006736401594908935
"p414": 9.596549758110493E-05
"p415": 0
"p416": 0.0005532128684087226
"p417": 0.00015994249596850823
"p418": 3.575185204001949E-05
"p419": 0
"p420": 0
"p421": 0
"p422": 0
"p423": 0
"p424": 0.00025026296428013644
"p425": 0.00010537387969689952
"p426": 5.645029269476761E-06
"p427": 0
"p428": 0.0003725719317854662
"p429": 6.585867481056222E-05
"p430": 5.645029269476761E-06
"p431": 1.8816764231589204E-06
"p432": 0.0004007970781328501
"p433": 0.00010537387969689954
"p434": 2.6343469924224884E-05
"p435": 0
"p436": 0
"p437": 0
"p438": 0
"p439": 0
"p440": 9.408382115794602E-05
