"p378": 0
"p379": 0
"p380": 0.00025402631712645424
"p381": 1.6935087808430282E-05
"p382": 0
"p383": 0
"p384": 0
"p385": 0
"p386": 0
"p387": 0
"p388": 8.091208619583357E-05
"p389": 1.5053411385271363E-05
"p390": 0
"p391": 0
"p392": 5.645029269476761E-05
"p393": 1.3171734962112442E-05
"p394": 0
"p395": 0
"p396": 0.00016182417239166716
"p397": 1.8816764231589203E-05
"p398": 0
"p399": 0
"p400": 0
"p401": 0
"p402": 0
"p403": 0
"p404": 0
"p405": 0
"p406": 0
"p407": 0
"p408": 0
"p409": 0
"p410": 0
"p411": 0
"p412": 1.6935087808430286E-05
"p413": 0
"p414": 0
"p415": 0
"p416": 0.00033117505047596993
"p417": 7.33853805031979E-05
"p418": 5.645029269476761E-06
"p419": 0
"p420": 0.0005024076049834318
"p421": 8.279376261899248E-05
"p422": 0
"p423": 0
"p424": 0.0016408218409945784
"p425": 0.0003913886960170554
"p426": 4.327855773265517E-05
"p427": 0
"p428": 0.0042093101586065055
"p429": 0.0012889483498638604
"p430": 0.00027660643420436126
"p431": 3.387017561686057E-05
"p432": 7.903040977267465E-05
"p433": 2.0698440654748128E-05
"p434": 0
"p435": 0
"p436": 0.00015053411385271363
"p437": 1.5053411385271365E-05
"p438": 0
"p439": 0
"p440": 0.00033682007974544673
