"p378": 0
"p379": 0
"p380": 9.596549758110493E-05
"p381": 0
"p382": 0
"p383": 0
"p384": 9.408382115794602E-06
"p385": 0
"p386": 0
"p387": 0
"p388": 0
"p389": 0
"p390": 0
"p391": 0
"p392": 0.0003029499041285862
"p393": 8.091208619583358E-05
"p394": 1.3171734962112442E-05
"p395": 0
"p396": 4.327855773265517E-05
"p397": 1.1290058538953523E-05
"p398": 0
"p399": 0
"p400": 7.526705692635681E-05
"p401": 1.3171734962112444E-05
"p402": 0
"p403": 0
"p404": 0
"p405": 0
"p406": 0
"p407": 0
"p408": 0.0001938126715853688
"p409": 2.2580117077907045E-05
"p410": 0
"p411": 0
"p412": 3.575185204001949E-05
"p413": 1.1290058538953523E-05
"p414": 0
"p415": 0
"p416": 0.00020886608297064014
"p417": 2.0698440654748124E-05
"p418": 0
"p419": 0
"p420": 3.7633528463178407E-06
"p421": 0
"p422": 0
"p423": 0
"p424": 0.002054790654089541
"p425": 0.0006284799253350793
"p426": 0.00012419064392848875
"p427": 1.6935087808430286E-05
"p428": 0.0014451274929860505
"p429": 0.00036880857893914845
"p430": 4.7041910578973015E-05
"p431": 0
"p432": 0.0003368200797454468
"p433": 6.774035123372113E-05
"p434": 0
"p435": 0
"p436": 8.843879188846926E-05
"p437": 9.408382115794602E-06
"p438": 0
"p439": 0
"p440": 0.0018666230117736489
