"p378": 7.5267056926356815E-06
"p379": 0
"p380": 0.0006096631611034902
"p381": 7.903040977267465E-05
"p382": 0
"p383": 0
"p384": 0.0010725555612005847
"p385": 0.0002766064342043613
"p386": 3.0106822770542726E-05
"p387": 0
"p388": 0.002865793192471036
"p389": 0.0009822350928889566
"p390": 0.00017311423093062064
"p391": 7.5267056926356815E-06
"p392": 0.00019945770085484557
"p393": 4.516023415581409E-05
"p394": 1.1290058538953523E-05
"p395": 0
"p396": 0.0016163600474935124
"p397": 0.0005513311919855637
"p398": 0.00011478226181269415
"p399": 1.3171734962112444E-05
"p400": 2.8225146347383808E-05
"p401": 0
"p402": 0
"p403": 0
"p404": 0.0002784881106275202
"p405": 7.714873334951574E-05
"p406": 5.645029269476761E-06
"p407": 0
"p408": 0
"p409": 0
"p410": 0
"p411": 0
"p412": 0
"p413": 0
"p414": 0
"p415": 0
"p416": 0.017599319585805386
"p417": 0.006871882297376377
"p418": 0.0015580280783755863
"p419": 0.000212629435816958
"p420": 0.029596888459866678
"p421": 0.013119048022263997
"p422": 0.0032816436819891586
"p423": 0.0003612818732465127
"p424": 0.00917129088647658
"p425": 0.0029297701908584392
"p426": 0.00041208713667180354
"p427": 2.069844065474812E-05
"p428": 0.022971505773924112
"p429": 0.00750036222271146
"p430": 0.001213681292937504
"p431": 8.091208619583358E-05
"p432": 0.005225415427112323
"p433": 0.0017763025434620206
"p434": 0.0003481101382844002
"p435": 2.6343469924224887E-05
"p436": 0.010307823446064568
"p437": 0.004198020100067552
"p438": 0.0008730978603457392
"p439": 4.327855773265517E-05
"p440": 0.0019211916280452576
