"p378": 0
"p379": 0
"p380": 8.655711546531032E-05
"p381": 1.8816764231589204E-06
"p382": 0
"p383": 0
"p384": 0.016391283322137355
"p385": 0.006926450913647987
"p386": 0.0018026460133862457
"p387": 0.00023709122931802397
"p388": 0.02112934455565152
"p389": 0.01009519401024761
"p390": 0.003005037247784796
"p391": 0.0005306327513308157
"p392": 0.010945711753515441
"p393": 0.004130279748833831
"p394": 0.0009126130652320764
"p395": 4.139688130949624E-05
"p396": 0.022352434230704817
"p397": 0.007643369630871537
"p398": 0.0013849138474449655
"p399": 9.972885042742278E-05
"p400": 4.327855773265517E-05
"p401": 5.645029269476761E-06
"p402": 0
"p403": 0
"p404": 0.0004929992228676371
"p405": 9.408382115794602E-05
"p406": 5.645029269476761E-06
"p407": 0
"p408": 0
"p409": 0
"p410": 0
"p411": 0
"p412": 6.021364554108545E-05
"p413": 1.1290058538953523E-05
"p414": 0
"p415": 0
"p416": 0.014517133604671073
"p417": 0.0055772889182430395
"p418": 0.001273894938478589
"p419": 0.00013924405531376012
"p420": 0.027336995075652803
"p421": 0.012349442365192
"p422": 0.003242128477102821
"p423": 0.0003706902553623074
"p424": 0.006700649742868917
"p425": 0.002297526912677042
"p426": 0.0004290222244802338
"p427": 1.1290058538953523E-05
"p428": 0.010627708438001584
"p429": 0.003099121068942742
"p430": 0.0004628924000970944
"p431": 2.0698440654748128E-05
"p432": 0.01319619675561351
"p433": 0.0044407563586550515
"p434": 0.0008881512717310105
"p435": 9.220214473478711E-05
"p436": 0.021080420968649392
"p437": 0.00847318893348462
"p438": 0.0018082910426557226
"p439": 0.00014300740816007796
"p440": 0.005202835310034415
