"p378": 0.000658586748105622
"p379": 8.279376261899248E-05
"p380": 0.0021601645337864404
"p381": 0.0006002547789876957
"p382": 6.021364554108545E-05
"p383": 0
"p384": 0.00022203781793275258
"p385": 3.9515204886337324E-05
"p386": 0
"p387": 0
"p388": 0
"p389": 0
"p390": 0
"p391": 0
"p392": 0.0017574857792304313
"p393": 0.0006322432781813972
"p394": 9.972885042742277E-05
"p395": 5.645029269476761E-06
"p396": 0.00022956452362538827
"p397": 4.516023415581409E-05
"p398": 0
"p399": 0
"p400": 0.0014827610214492295
"p401": 0.00031235828624438073
"p402": 3.198849919370165E-05
"p403": 1.8816764231589204E-06
"p404": 0
"p405": 0
"p406": 0
"p407": 0
"p408": 0.003558250116193518
"p409": 0.001160994353089054
"p410": 0.0001862859658927331
"p411": 7.5267056926356815E-06
"p412": 0.0007150370408003897
"p413": 0.00016558752523798497
"p414": 2.2580117077907045E-05
"p415": 0
"p416": 0.002066080712628495
"p417": 0.0005833196911792653
"p418": 9.220214473478711E-05
"p419": 1.1290058538953523E-05
"p420": 5.080526342529084E-05
"p421": 0
"p422": 0
"p423": 0
"p424": 0.017941784694820315
"p425": 0.007336656373896635
"p426": 0.0015109861677966138
"p427": 9.784717400426385E-05
"p428": 0.008635013105876286
"p429": 0.0029674037193216174
"p430": 0.0005964914261413776
"p431": 7.714873334951574E-05
"p432": 0.005374067864541878
"p433": 0.0018346345125799474
"p434": 0.00032176666836017533
"p435": 4.139688130949624E-05
"p436": 0.0007959491269962234
"p437": 0.0001599424959685082
"p438": 1.6935087808430286E-05
"p439": 0
"p440": 0.03235542609621765
