"p378": 1.1290058538953523E-05
"p379": 0
"p380": 0.00017123255450746176
"p381": 1.8816764231589207E-05
"p382": 0
"p383": 0
"p384": 0.0001731142309306207
"p385": 5.645029269476761E-06
"p386": 0
"p387": 0
"p388": 0
"p389": 0
"p390": 0
"p391": 0
"p392": 0.0016314134588787837
"p393": 0.0007018653058382774
"p394": 0.00017311423093062066
"p395": 3.7633528463178407E-06
"p396": 0.0002051027301243223
"p397": 5.268693984844976E-05
"p398": 0
"p399": 0
"p400": 0.001512867844219772
"p401": 0.0002973048748591094
"p402": 3.575185204001949E-05
"p403": 1.8816764231589204E-06
"p404": 0
"p405": 0
"p406": 0
"p407": 0
"p408": 0.0020604356833590176
"p409": 0.0006190715432192849
"p410": 9.972885042742281E-05
"p411": 2.2580117077907045E-05
"p412": 0.0002803697870506791
"p413": 8.27937626189925E-05
"p414": 9.408382115794602E-06
"p415": 0
"p416": 0.001894848158121033
"p417": 0.0004929992228676373
"p418": 7.150370408003896E-05
"p419": 1.1290058538953523E-05
"p420": 5.080526342529084E-05
"p421": 0
"p422": 0
"p423": 0
"p424": 0.017540987616687462
"p425": 0.007259507640547116
"p426": 0.0016483485466872144
"p427": 0.00014865243742955472
"p428": 0.008969951509198573
"p429": 0.0031010027453659012
"p430": 0.0005776746619097885
"p431": 5.456861627160869E-05
"p432": 0.005150148370185966
"p433": 0.0017179705743440943
"p434": 0.00030294990412858613
"p435": 4.139688130949624E-05
"p436": 0.0009991701806973867
"p437": 0.0001825226130464153
"p438": 1.6935087808430286E-05
"p439": 0
"p440": 0.027973001706680517
