"p378": 0
"p379": 0
"p380": 0.00035187349113071807
"p381": 4.516023415581409E-05
"p382": 0
"p383": 0
"p384": 0.0013604520539438995
"p385": 0.00041208713667180343
"p386": 4.139688130949625E-05
"p387": 0
"p388": 0.0017593674556535903
"p389": 0.0004572473708276177
"p390": 6.585867481056221E-05
"p391": 1.1290058538953523E-05
"p392": 0.006307379370428702
"p393": 0.0022523666785212284
"p394": 0.0004929992228676371
"p395": 4.3278557732655166E-05
"p396": 0.013884890326489676
"p397": 0.0060251279069548636
"p398": 0.0014187840230618259
"p399": 0.00015053411385271365
"p400": 0.005080526342529085
"p401": 0.0018760313938894434
"p402": 0.0002634346992422488
"p403": 1.8816764231589203E-05
"p404": 0.006196360461462326
"p405": 0.0018760313938894434
"p406": 0.00031423996266753966
"p407": 4.139688130949624E-05
"p408": 0.014460683311976308
"p409": 0.005121923223838582
"p410": 0.0009126130652320764
"p411": 5.2686939848449775E-05
"p412": 0.028584546544207168
"p413": 0.012074717607410792
"p414": 0.0029316518672815985
"p415": 0.0003368200797454468
"p416": 0.00012607232035164768
"p417": 1.6935087808430286E-05
"p418": 0
"p419": 0
"p420": 0.0003612818732465128
"p421": 0.00011854561465901199
"p422": 3.7633528463178407E-05
"p423": 5.645029269476761E-06
"p424": 0.0025496715533803367
"p425": 0.0008561627725373087
"p426": 0.00014677076100639582
"p427": 7.5267056926356815E-06
"p428": 0.006414634926548758
"p429": 0.0026381103452688065
"p430": 0.0005249877220613389
"p431": 1.3171734962112442E-05
"p432": 0.00032929337405281106
"p433": 0.00010349220327374062
"p434": 5.645029269476761E-06
"p435": 0
"p436": 0.0016483485466872144
"p437": 0.0005833196911792653
"p438": 0.0001298356731979655
"p439": 7.5267056926356815E-06
"p440": 0.0026042401696519456
