"p378": 0
"p379": 0
"p380": 0.00013548070246744226
"p381": 5.645029269476761E-06
"p382": 0
"p383": 0
"p384": 0.0012437881157080462
"p385": 0.000404560430979168
"p386": 6.585867481056221E-05
"p387": 0
"p388": 0.0033456206803765603
"p389": 0.0014959327564113417
"p390": 0.00035375516755387705
"p391": 1.6935087808430282E-05
"p392": 0.0001825226130464153
"p393": 5.268693984844976E-05
"p394": 5.645029269476761E-06
"p395": 0
"p396": 0.0006585867481056221
"p397": 0.0001674692016611439
"p398": 1.1290058538953523E-05
"p399": 0
"p400": 0.0016144783710703536
"p401": 0.00047982748790552474
"p402": 7.526705692635681E-05
"p403": 1.1290058538953523E-05
"p404": 0.0035206165877303395
"p405": 0.001198627881552232
"p406": 0.00023520955289486504
"p407": 4.139688130949625E-05
"p408": 0.0002860148163201559
"p409": 0.00010913723254321738
"p410": 3.0106822770542726E-05
"p411": 5.645029269476761E-06
"p412": 0.002389729057411829
"p413": 0.0007865407448804286
"p414": 0.00015053411385271363
"p415": 9.408382115794602E-06
"p416": 0.01705551509951246
"p417": 0.006734519918485777
"p418": 0.0015467380198366327
"p419": 0.0001919309951622099
"p420": 0.029596888459866678
"p421": 0.013119048022263997
"p422": 0.003281643681989158
"p423": 0.0003612818732465128
"p424": 0.008160830647240238
"p425": 0.002651282080230919
"p426": 0.000447838988711823
"p427": 1.88167642315892E-05
"p428": 0.013026845877529206
"p429": 0.0036523339373514653
"p430": 0.0005118159870992265
"p431": 2.8225146347383815E-05
"p432": 0.02325752059024426
"p433": 0.009511874319068343
"p434": 0.002273065119175976
"p435": 0.0002822514634738381
"p436": 0.03295379919878219
"p437": 0.015527593843907417
"p438": 0.004346672537497107
"p439": 0.0006868118944530061
"p440": 0.014372244520087837
