"p378": 1.1290058538953523E-05
"p379": 0
"p380": 9.784717400426385E-05
"p381": 1.3171734962112442E-05
"p382": 0
"p383": 0
"p384": 0.0014620625807944812
"p385": 0.0002973048748591094
"p386": 3.575185204001949E-05
"p387": 1.8816764231589204E-06
"p388": 0
"p389": 0
"p390": 0
"p391": 0
"p392": 0.002032210537011634
"p393": 0.0006284799253350795
"p394": 0.00010537387969689955
"p395": 2.2580117077907045E-05
"p396": 0.0002841331398969969
"p397": 8.27937626189925E-05
"p398": 9.408382115794602E-06
"p399": 0
"p400": 0
"p401": 0
"p402": 0
"p403": 0
"p404": 0
"p405": 0
"p406": 0
"p407": 0
"p408": 0.00012419064392848875
"p409": 2.8225146347383808E-05
"p410": 0
"p411": 0
"p412": 7.5267056926356815E-06
"p413": 0
"p414": 0
"p415": 0
"p416": 0.005934807438643236
"p417": 0.0018722680410431258
"p418": 0.00032741169762965207
"p419": 4.139688130949624E-05
"p420": 0.001016105268505817
"p421": 0.0001825226130464153
"p422": 1.6935087808430286E-05
"p423": 0
"p424": 0.034493010512926185
"p425": 0.01418784023061826
"p426": 0.003479219706420844
"p427": 0.00037257193178546626
"p428": 0.02344568823256015
"p429": 0.008373460083057196
"p430": 0.0016125966946471946
"p431": 0.00014300740816007793
"p432": 0.001296475055556496
"p433": 0.0003180033155138576
"p434": 4.704191057897301E-05
"p435": 1.1290058538953523E-05
"p436": 3.3870175616860565E-05
"p437": 0
"p438": 0
"p439": 0
"p440": 0.011986278815522325
