"p378": 1.1290058538953521E-05
"p379": 0
"p380": 0.0002728430813580435
"p381": 5.833196911792652E-05
"p382": 1.1290058538953521E-05
"p383": 0
"p384": 0.006021364554108545
"p385": 0.002414190850912895
"p386": 0.0005381594570234513
"p387": 6.962202765688005E-05
"p388": 0.011468817799153623
"p389": 0.005170846810840715
"p390": 0.0011986278815522323
"p391": 9.408382115794602E-05
"p392": 0.002538381494841384
"p393": 0.0008674528310762623
"p394": 0.0001298356731979655
"p395": 1.317173496211244E-05
"p396": 0.0071259086145028325
"p397": 0.002291881883407566
"p398": 0.00035375516755387716
"p399": 2.2580117077907045E-05
"p400": 0.013928168884222332
"p401": 0.005535892036933545
"p402": 0.001253196497823841
"p403": 0.00017311423093062066
"p404": 0.019908136557021384
"p405": 0.009043336889701773
"p406": 0.0023840840281423525
"p407": 0.0002878964927433148
"p408": 0.008015941562657003
"p409": 0.002585423405420357
"p410": 0.00034246510901492347
"p411": 1.317173496211244E-05
"p412": 0.018850634407206072
"p413": 0.006252810754157095
"p414": 0.000999170180697387
"p415": 6.774035123372113E-05
"p416": 0.0018402795418494236
"p417": 0.0006378883074508739
"p418": 0.00012607232035164766
"p419": 1.8816764231589204E-06
"p420": 0.005502021861316685
"p421": 0.0022373132671359565
"p422": 0.0004158504895181214
"p423": 1.1290058538953523E-05
"p424": 0.00044219395944234633
"p425": 0.00012607232035164763
"p426": 2.0698440654748124E-05
"p427": 1.8816764231589204E-06
"p428": 0.0010273953270447706
"p429": 0.0002295645236253883
"p430": 3.387017561686057E-05
"p431": 1.8816764231589204E-06
"p432": 0.002715259078618322
"p433": 0.0008166475676509716
"p434": 0.00011854561465901199
"p435": 5.645029269476761E-06
"p436": 0.006683714655060486
"p437": 0.0026117668753445817
"p438": 0.0004760641350592069
"p439": 1.8816764231589207E-05
"p440": 0.0005136976635223853
