"p378": 0.004278932186263387
"p379": 0.0006868118944530063
"p380": 0.013405062838584154
"p381": 0.005520838625548273
"p382": 0.0012494331449775231
"p383": 0.00012230896750532985
"p384": 9.220214473478709E-05
"p385": 0
"p386": 0
"p387": 0
"p388": 0
"p389": 0
"p390": 0
"p391": 0
"p392": 0.0003612818732465127
"p393": 0.00010161052685058171
"p394": 1.8816764231589203E-05
"p395": 0
"p396": 1.5053411385271363E-05
"p397": 3.7633528463178407E-06
"p398": 0
"p399": 0
"p400": 0.0007413805107246145
"p401": 0.0001016105268505817
"p402": 7.5267056926356815E-06
"p403": 0
"p404": 0
"p405": 0
"p406": 0
"p407": 0
"p408": 0.00120239123439855
"p409": 0.00031612163909069865
"p410": 3.0106822770542726E-05
"p411": 0
"p412": 0.00010913723254321737
"p413": 9.408382115794602E-06
"p414": 0
"p415": 0
"p416": 0.000760197274956204
"p417": 0.00017311423093062066
"p418": 7.5267056926356815E-06
"p419": 0
"p420": 0
"p421": 0
"p422": 0
"p423": 0
"p424": 0.006192597108616007
"p425": 0.002333278764717061
"p426": 0.00041773216594128033
"p427": 1.1290058538953523E-05
"p428": 0.002696442314386732
"p429": 0.0009032046831162816
"p430": 0.0001016105268505817
"p431": 1.8816764231589204E-06
"p432": 0.00264940040380776
"p433": 0.0008373460083057197
"p434": 8.467543904215141E-05
"p435": 0
"p436": 0.00045724737082761767
"p437": 3.387017561686057E-05
"p438": 0
"p439": 0
"p440": 0.014829491890915458
