"p378": 0.0003819803139012608
"p379": 4.139688130949624E-05
"p380": 0.004973270786409026
"p381": 0.0017556041028072723
"p382": 0.0003443467854380824
"p383": 4.139688130949624E-05
"p384": 1.6935087808430282E-05
"p385": 0
"p386": 0
"p387": 0
"p388": 0.0002784881106275202
"p389": 5.6450292694767617E-05
"p390": 0
"p391": 0
"p392": 0.0004045604309791679
"p393": 0.00010161052685058171
"p394": 9.408382115794602E-06
"p395": 0
"p396": 0.0016069516653777183
"p397": 0.0006021364554108546
"p398": 9.972885042742277E-05
"p399": 5.645029269476761E-06
"p400": 0.00017311423093062066
"p401": 9.408382115794602E-06
"p402": 0
"p403": 0
"p404": 0.0016803370458809159
"p405": 0.0003462284618612413
"p406": 3.198849919370165E-05
"p407": 1.8816764231589204E-06
"p408": 0.0011647577059353716
"p409": 0.0002878964927433148
"p410": 3.0106822770542726E-05
"p411": 0
"p412": 0.0028243963111615395
"p413": 0.001017986944928976
"p414": 0.00017875926020009743
"p415": 7.5267056926356815E-06
"p416": 0.0015185128734892489
"p417": 0.00044783898871182307
"p418": 5.080526342529085E-05
"p419": 0
"p420": 0.0021168859760537857
"p421": 0.0005833196911792653
"p422": 9.220214473478711E-05
"p423": 1.1290058538953523E-05
"p424": 0.009082852094588112
"p425": 0.0033136321811828595
"p426": 0.0006755218359140524
"p427": 7.33853805031979E-05
"p428": 0.018408440447763727
"p429": 0.0076038544259851995
"p430": 0.0015824898718766521
"p431": 0.00011854561465901199
"p432": 0.005366541158849242
"p433": 0.0018572146296578541
"p434": 0.0002973048748591094
"p435": 1.6935087808430282E-05
"p436": 0.006000666113453798
"p437": 0.001977641920740025
"p438": 0.0003387017561686057
"p439": 4.139688130949624E-05
"p440": 0.019864857999288735
