"p378": 2.2580117077907045E-05
"p379": 0
"p380": 0.00010161052685058169
"p381": 5.645029269476761E-06
"p382": 0
"p383": 0
"p384": 0.0003142399626675397
"p385": 4.8923587002131926E-05
"p386": 0
"p387": 0
"p388": 0
"p389": 0
"p390": 0
"p391": 0
"p392": 0.003979745634981117
"p393": 0.0016445851938408965
"p394": 0.00036504522609283053
"p395": 1.6935087808430282E-05
"p396": 0.000826055949766766
"p397": 0.00028789649274331484
"p398": 4.516023415581409E-05
"p399": 0
"p400": 0.002273065119175976
"p401": 0.0005249877220613388
"p402": 6.39769983874033E-05
"p403": 3.7633528463178407E-06
"p404": 0
"p405": 0
"p406": 0
"p407": 0
"p408": 0.004224363569991776
"p409": 0.001371742112482853
"p410": 0.00026343469924224885
"p411": 4.139688130949625E-05
"p412": 0.000989761798581592
"p413": 0.0003443467854380824
"p414": 5.833196911792654E-05
"p415": 1.1290058538953523E-05
"p416": 0.0033418573275302435
"p417": 0.0009314298294636655
"p418": 0.00015241579027587253
"p419": 2.2580117077907045E-05
"p420": 0.00010161052685058171
"p421": 0
"p422": 0
"p423": 0
"p424": 0.04145521327861419
"p425": 0.017409270267066342
"p426": 0.004184848365105441
"p427": 0.0004610107236739357
"p428": 0.016801488782386003
"p429": 0.005447453245045075
"p430": 0.0010179869449289758
"p431": 0.00010913723254321738
"p432": 0.007317839609665042
"p433": 0.002523328083456112
"p434": 0.0005343961041771333
"p435": 8.279376261899248E-05
"p436": 0.0011497042945501003
"p437": 0.0002577896699727721
"p438": 2.2580117077907045E-05
"p439": 0
"p440": 0.053168649012778485
