"p378": 0.0024010191159507827
"p379": 0.0002803697870506791
"p380": 0.014872770448648112
"p381": 0.006107921669573856
"p382": 0.0013341085840196745
"p383": 0.00012042729108217092
"p384": 0.0002973048748591094
"p385": 9.97288504274228E-05
"p386": 1.8816764231589203E-05
"p387": 0
"p388": 0
"p389": 0
"p390": 0
"p391": 0
"p392": 3.198849919370165E-05
"p393": 1.8816764231589204E-06
"p394": 0
"p395": 0
"p396": 0.0001561791431221904
"p397": 5.456861627160869E-05
"p398": 0
"p399": 0
"p400": 0.0008335826554594018
"p401": 0.00025778966997277205
"p402": 3.0106822770542726E-05
"p403": 0
"p404": 0.0002088660829706401
"p405": 0
"p406": 0
"p407": 0
"p408": 0.00027096140493488446
"p409": 5.833196911792653E-05
"p410": 0
"p411": 0
"p412": 0.0008091208619583357
"p413": 0.0002483812878569775
"p414": 4.139688130949625E-05
"p415": 0
"p416": 0.004749351292053115
"p417": 0.001981405273586343
"p418": 0.0003744536082086252
"p419": 1.1290058538953523E-05
"p420": 2.8225146347383805E-05
"p421": 0
"p422": 0
"p423": 0
"p424": 0.0015561464019524266
"p425": 0.00048170916432868356
"p426": 4.8923587002131926E-05
"p427": 0
"p428": 0.0037087842300462326
"p429": 0.001179811117320643
"p430": 0.00014865243742955472
"p431": 1.8816764231589204E-06
"p432": 0.010097075686670768
"p433": 0.004290222244802339
"p434": 0.000995406827851069
"p435": 3.9515204886337324E-05
"p436": 0.00041208713667180354
"p437": 6.209532196424438E-05
"p438": 0
"p439": 0
"p440": 0.0055735255653967235
