"p378": 0.00020322105370116343
"p379": 1.1290058538953523E-05
"p380": 0.003112292803904855
"p381": 0.0010988990311248093
"p382": 0.00015241579027587253
"p383": 9.408382115794602E-06
"p384": 0.0052047169864575735
"p385": 0.001680337045880916
"p386": 0.00022768284720222934
"p387": 7.5267056926356815E-06
"p388": 0.007703583276412622
"p389": 0.0032816436819891573
"p390": 0.0007470255399940916
"p391": 2.8225146347383808E-05
"p392": 0.0023615039110644453
"p393": 0.0008034758326888591
"p394": 3.763352846317841E-05
"p395": 1.8816764231589204E-06
"p396": 0.008032876650465431
"p397": 0.0024348892915676433
"p398": 0.00013924405531376012
"p399": 1.8816764231589204E-06
"p400": 1.6935087808430286E-05
"p401": 0
"p402": 0
"p403": 0
"p404": 0.00016746920166114393
"p405": 1.8816764231589203E-05
"p406": 0
"p407": 0
"p408": 0
"p409": 0
"p410": 0
"p411": 0
"p412": 3.198849919370165E-05
"p413": 9.408382115794602E-06
"p414": 0
"p415": 0
"p416": 0.0024123091744897352
"p417": 0.0008618078018067855
"p418": 0.00013924405531376012
"p419": 7.5267056926356815E-06
"p420": 0.005829433558946336
"p421": 0.002528973112725589
"p422": 0.0005249877220613389
"p423": 1.3171734962112444E-05
"p424": 0.0009201397709247119
"p425": 0.0004158504895181215
"p426": 9.408382115794602E-06
"p427": 0
"p428": 0.0026926789615404154
"p429": 0.0009859984457352743
"p430": 3.0106822770542726E-05
"p431": 0
"p432": 0.0021319393874390568
"p433": 0.0005645029269476761
"p434": 8.27937626189925E-05
"p435": 0
"p436": 0.005185900222225986
"p437": 0.001981405273586343
"p438": 0.00035563684397703593
"p439": 9.408382115794602E-06
"p440": 0.000543804486292928
