"p378": 0
"p379": 0
"p380": 3.010682277054273E-05
"p381": 1.8816764231589204E-06
"p382": 0
"p383": 0
"p384": 0.012372022482269903
"p385": 0.005142621664493329
"p386": 0.001283303320594384
"p387": 0.00017875926020009743
"p388": 0.01993448002694561
"p389": 0.00940085541010197
"p390": 0.002551553229803497
"p391": 0.00033493840332228785
"p392": 0.00665737118513626
"p393": 0.0022975269126770423
"p394": 0.00043654893017286954
"p395": 1.88167642315892E-05
"p396": 0.011497042945501005
"p397": 0.00343405947226503
"p398": 0.0005174610163687033
"p399": 2.8225146347383815E-05
"p400": 0.02002291881883407
"p401": 0.008426147022905645
"p402": 0.0021093592703611496
"p403": 0.00027096140493488457
"p404": 0.026328416512839622
"p405": 0.012626048799396359
"p406": 0.003710665906469392
"p407": 0.000643533336720351
"p408": 0.013627100656516906
"p409": 0.005063591254720655
"p410": 0.0010819639433163795
"p411": 4.139688130949624E-05
"p412": 0.02535747147848962
"p413": 0.008480715639177256
"p414": 0.0014771159921797526
"p415": 9.972885042742278E-05
"p416": 0.0062697458419655235
"p417": 0.0022391949435591153
"p418": 0.0004327855773265517
"p419": 1.8816764231589203E-05
"p420": 0.013049425994607119
"p421": 0.005539655389779862
"p422": 0.0012268530278996166
"p423": 4.1396881309496255E-05
"p424": 0.001797000984116769
"p425": 0.0004817091643286836
"p426": 3.0106822770542726E-05
"p427": 1.8816764231589204E-06
"p428": 0.001996458684971615
"p429": 0.0004760641350592069
"p430": 5.268693984844977E-05
"p431": 3.7633528463178407E-06
"p432": 0.005818143500407381
"p433": 0.0018252261304641528
"p434": 0.000284133139896997
"p435": 1.6935087808430286E-05
"p436": 0.011013452104749164
"p437": 0.004405004506615033
"p438": 0.0008580444489604678
"p439": 4.704191057897301E-05
"p440": 0.001262604879939636
