"p378": 5.645029269476761E-06
"p379": 0
"p380": 6.021364554108545E-05
"p381": 5.645029269476761E-06
"p382": 0
"p383": 0
"p384": 0.012437881157080461
"p385": 0.005789918354059999
"p386": 0.001653993575956691
"p387": 0.00021639278866327584
"p388": 0.0009784717400426386
"p389": 0.00016370584881482606
"p390": 5.645029269476761E-06
"p391": 0
"p392": 0.007746861834145276
"p393": 0.0024649961143381857
"p394": 0.00030671325697490405
"p395": 9.408382115794602E-06
"p396": 0.02047828451323853
"p397": 0.007364881520244015
"p398": 0.0012362614100154107
"p399": 9.784717400426387E-05
"p400": 0.00015053411385271363
"p401": 2.6343469924224887E-05
"p402": 0
"p403": 0
"p404": 0.00016182417239166716
"p405": 1.6935087808430282E-05
"p406": 0
"p407": 0
"p408": 1.3171734962112444E-05
"p409": 0
"p410": 0
"p411": 0
"p412": 3.951520488633733E-05
"p413": 9.408382115794602E-06
"p414": 0
"p415": 0
"p416": 0.011824454643130656
"p417": 0.005534010360510384
"p418": 0.0014281924051776208
"p419": 0.00013359902604428335
"p420": 3.575185204001949E-05
"p421": 1.8816764231589204E-06
"p422": 0
"p423": 0
"p424": 0.004892358700213192
"p425": 0.0017913559548472923
"p426": 0.000259671346395931
"p427": 7.5267056926356815E-06
"p428": 0.01030782344606457
"p429": 0.0037426544056630923
"p430": 0.0006284799253350793
"p431": 3.7633528463178407E-05
"p432": 0.01073872734696796
"p433": 0.004335382478958152
"p434": 0.0009239031237710298
"p435": 6.209532196424438E-05
"p436": 0.00010537387969689956
"p437": 2.6343469924224887E-05
"p438": 0
"p439": 0
"p440": 0.003883780137400011
