"p378": 2.4461793501065966E-05
"p379": 1.8816764231589204E-06
"p380": 0.0013548070246744224
"p381": 0.0005343961041771334
"p382": 7.150370408003898E-05
"p383": 3.7633528463178407E-06
"p384": 0.0019324816865842111
"p385": 0.0006153081903729669
"p386": 0.00010725555612005848
"p387": 1.8816764231589204E-06
"p388": 0.004421939594423463
"p389": 0.0018515696003883776
"p390": 0.0003763352846317841
"p391": 1.1290058538953523E-05
"p392": 0.0006435333367203508
"p393": 0.0002145111122401169
"p394": 1.1290058538953521E-05
"p395": 0
"p396": 0.0023445688232560146
"p397": 0.000707510335107754
"p398": 5.080526342529086E-05
"p399": 0
"p400": 0.006740164947755254
"p401": 0.002259893384213863
"p402": 0.0003180033155138575
"p403": 1.3171734962112444E-05
"p404": 0.010368037091605655
"p405": 0.004474626534271913
"p406": 0.0010405670620068832
"p407": 3.9515204886337324E-05
"p408": 0.0030332623941321793
"p409": 0.0011290058538953524
"p410": 3.951520488633734E-05
"p411": 1.8816764231589204E-06
"p412": 0.009636064962996831
"p413": 0.0030765409518648357
"p414": 0.00013924405531376012
"p415": 1.8816764231589204E-06
"p416": 0.00041208713667180354
"p417": 0.00011478226181269415
"p418": 1.1290058538953521E-05
"p419": 0
"p420": 0.001746195720691478
"p421": 0.0007188003936467076
"p422": 9.784717400426387E-05
"p423": 0
"p424": 7.338538050319788E-05
"p425": 1.6935087808430282E-05
"p426": 3.7633528463178407E-06
"p427": 0
"p428": 0.00024461793501065964
"p429": 4.327855773265517E-05
"p430": 9.408382115794602E-06
"p431": 0
"p432": 0.0007583155985330448
"p433": 0.0001806409366232563
"p434": 1.8816764231589203E-05
"p435": 0
"p436": 0.0025139197013403177
"p437": 0.0009577732993878904
"p438": 0.0001561791431221904
"p439": 0
"p440": 0.0001129005853895352
