"p378": 0.0010405670620068832
"p379": 3.951520488633732E-05
"p380": 0.007963254622808552
"p381": 0.0032590635649112506
"p382": 0.0006472966895666686
"p383": 4.1396881309496255E-05
"p384": 3.010682277054273E-05
"p385": 1.8816764231589204E-06
"p386": 0
"p387": 0
"p388": 0.00031988499193701646
"p389": 0.00010161052685058171
"p390": 1.8816764231589203E-05
"p391": 0
"p392": 1.8816764231589204E-06
"p393": 0
"p394": 0
"p395": 0
"p396": 0.00014112573173691902
"p397": 5.080526342529084E-05
"p398": 0
"p399": 0
"p400": 0.00024461793501065964
"p401": 3.575185204001948E-05
"p402": 0
"p403": 0
"p404": 0.001129005853895352
"p405": 0.0002878964927433148
"p406": 3.0106822770542726E-05
"p407": 0
"p408": 1.5053411385271363E-05
"p409": 0
"p410": 0
"p411": 0
"p412": 0.0007451438635709324
"p413": 0.00024085458216434183
"p414": 4.139688130949625E-05
"p415": 0
"p416": 0.002246721649251751
"p417": 0.000709392011530913
"p418": 0.00011854561465901199
"p419": 1.8816764231589204E-06
"p420": 0.005502021861316685
"p421": 0.0022373132671359565
"p422": 0.0004158504895181214
"p423": 1.1290058538953523E-05
"p424": 0.0006886935708761648
"p425": 0.00021639278866327584
"p426": 1.1290058538953521E-05
"p427": 0
"p428": 0.00247628617287714
"p429": 0.0006905752472993238
"p430": 5.080526342529086E-05
"p431": 0
"p432": 0.007039351499037523
"p433": 0.002320107029754949
"p434": 0.00032364834478333426
"p435": 1.3171734962112444E-05
"p436": 0.011450001034922035
"p437": 0.004928110552253213
"p438": 0.0011233608246258757
"p439": 3.9515204886337324E-05
"p440": 0.00306713256974904
