"p378": 0
"p379": 0
"p380": 1.8816764231589204E-06
"p381": 0
"p382": 0
"p383": 0
"p384": 0.0030200906591700675
"p385": 0.0008712161839225801
"p386": 0.00014112573173691902
"p387": 2.2580117077907045E-05
"p388": 0.00010161052685058171
"p389": 0
"p390": 0
"p391": 0
"p392": 0.029149049471154855
"p393": 0.012885720145792291
"p394": 0.003338093974683926
"p395": 0.00043090390090339296
"p396": 0.012972277261257596
"p397": 0.0043918327716529195
"p398": 0.0008806245660383748
"p399": 9.972885042742278E-05
"p400": 0.007438266900747213
"p401": 0.002493221260685569
"p402": 0.0005231060456381798
"p403": 8.279376261899248E-05
"p404": 0.0011497042945501003
"p405": 0.0002577896699727721
"p406": 2.2580117077907045E-05
"p407": 0
"p408": 0.04433982323531683
"p409": 0.019964586849716158
"p410": 0.005554708801165137
"p411": 0.0008655711546531041
"p412": 0.027101785522757934
"p413": 0.00958525969957154
"p414": 0.002035973889857952
"p415": 0.00019004931873905094
"p416": 0.0006021364554108546
"p417": 0.00019945770085484557
"p418": 5.645029269476761E-05
"p419": 1.1290058538953523E-05
"p420": 0
"p421": 0
"p422": 0
"p423": 0
"p424": 0.01665848137422593
"p425": 0.006781561829064751
"p426": 0.001469589286487118
"p427": 5.080526342529086E-05
"p428": 0.004666557529434123
"p429": 0.0013247002019038802
"p430": 0.00018064093662325636
"p431": 9.408382115794602E-06
"p432": 0.0026625721387698725
"p433": 0.0009765900636194795
"p434": 0.00020698440654748124
"p435": 1.5053411385271363E-05
"p436": 0
"p437": 0
"p438": 0
"p439": 0
"p440": 0.015068464796656637
