"p378": 8.467543904215141E-05
"p379": 0
"p380": 0.0013773871417523292
"p381": 0.000329293374052811
"p382": 2.634346992422488E-05
"p383": 0
"p384": 0.0003857436667475787
"p385": 0.00010161052685058171
"p386": 9.408382115794602E-06
"p387": 0
"p388": 0.0015956616068387645
"p389": 0.0006021364554108546
"p390": 9.972885042742277E-05
"p391": 5.645029269476761E-06
"p392": 5.268693984844977E-05
"p393": 1.1290058538953523E-05
"p394": 0
"p395": 0
"p396": 0.0004421939594423463
"p397": 0.00013548070246744229
"p398": 1.6935087808430286E-05
"p399": 0
"p400": 0.0011007807075479686
"p401": 0.0002766064342043613
"p402": 3.0106822770542726E-05
"p403": 0
"p404": 0.0031198195095974903
"p405": 0.0010537387969689956
"p406": 0.00017875926020009743
"p407": 7.5267056926356815E-06
"p408": 0.00019945770085484557
"p409": 4.516023415581409E-05
"p410": 1.1290058538953523E-05
"p411": 0
"p412": 0.0016163600474935124
"p413": 0.0005513311919855637
"p414": 0.00011478226181269415
"p415": 1.3171734962112444E-05
"p416": 0.007394988343014557
"p417": 0.0028789649274331484
"p418": 0.0006303616017582383
"p419": 7.150370408003898E-05
"p420": 0.015070346473079803
"p421": 0.006493665336321436
"p422": 0.0014244290523313034
"p423": 9.596549758110492E-05
"p424": 0.002867674868894195
"p425": 0.0009370748587331422
"p426": 0.00013359902604428335
"p427": 1.317173496211244E-05
"p428": 0.007822128891071634
"p429": 0.0023502138525254923
"p430": 0.0003499918147075593
"p431": 2.2580117077907045E-05
"p432": 0.015209590528393557
"p433": 0.005961150908567459
"p434": 0.0013228185254807211
"p435": 0.00017311423093062066
"p436": 0.023415581409789617
"p437": 0.010667223642887923
"p438": 0.0027472475778120243
"p439": 0.0003085949333980629
"p440": 0.00824550608628239
