"p378": 0.00019569434800852768
"p379": 0
"p380": 0.0003255300212064932
"p381": 5.080526342529085E-05
"p382": 0
"p383": 0
"p384": 0.0019249549808915754
"p385": 0.000566384603370835
"p386": 8.655711546531033E-05
"p387": 1.1290058538953523E-05
"p388": 5.080526342529084E-05
"p389": 0
"p390": 0
"p391": 0
"p392": 0.014048596175304504
"p393": 0.005934807438643237
"p394": 0.0012776582913249072
"p395": 9.596549758110495E-05
"p396": 0.007440148577170372
"p397": 0.0026061218460751044
"p398": 0.0005212243692150209
"p399": 7.526705692635681E-05
"p400": 0.005518956949125114
"p401": 0.0018308711597336295
"p402": 0.0003161216390906986
"p403": 4.139688130949624E-05
"p404": 0.0007959491269962234
"p405": 0.0001599424959685082
"p406": 1.6935087808430286E-05
"p407": 0
"p408": 0.028362508726274424
"p409": 0.011461291093460987
"p410": 0.0027096140493488466
"p411": 0.0002954231984359505
"p412": 0.02055355157016489
"p413": 0.007522942339789364
"p414": 0.001702917162958823
"p415": 0.00023332787647170614
"p416": 0.0003706902553623074
"p417": 0.00010725555612005845
"p418": 2.6343469924224884E-05
"p419": 5.645029269476761E-06
"p420": 0
"p421": 0
"p422": 0
"p423": 0
"p424": 0.0059649142614137795
"p425": 0.0023690306167570814
"p426": 0.0004290222244802339
"p427": 1.1290058538953523E-05
"p428": 0.0014677076100639576
"p429": 0.00047041910578973014
"p430": 0.00010349220327374063
"p431": 1.8816764231589204E-06
"p432": 0.0015693181369145397
"p433": 0.0005456861627160869
"p434": 0.0001110189089663763
"p435": 7.5267056926356815E-06
"p436": 0
"p437": 0
"p438": 0
"p439": 0
"p440": 0.00789927762442115
