"p378": 0.0017763025434620215
"p379": 0.0001637058488148261
"p380": 0.006651726155866785
"p381": 0.0022994085891002002
"p382": 0.000425258871633916
"p383": 4.7041910578973015E-05
"p384": 0.0021695729159022345
"p385": 0.0006360066310277152
"p386": 5.645029269476761E-05
"p387": 0
"p388": 0.00045724737082761767
"p389": 3.387017561686057E-05
"p390": 0
"p391": 0
"p392": 0.010475292647725714
"p393": 0.003802868051204178
"p394": 0.000780895715610952
"p395": 3.0106822770542726E-05
"p396": 0.008102498678122311
"p397": 0.0025684883176119258
"p398": 0.0002935415220127916
"p399": 9.408382115794602E-06
"p400": 0.00014300740816007796
"p401": 0
"p402": 0
"p403": 0
"p404": 0
"p405": 0
"p406": 0
"p407": 0
"p408": 9.972885042742278E-05
"p409": 1.8816764231589203E-05
"p410": 0
"p411": 0
"p412": 7.5267056926356815E-06
"p413": 0
"p414": 0
"p415": 0
"p416": 0.000756433922109886
"p417": 0.000259671346395931
"p418": 4.139688130949625E-05
"p419": 0
"p420": 0
"p421": 0
"p422": 0
"p423": 0
"p424": 0.006542588923323567
"p425": 0.0026192935810372166
"p426": 0.0005343961041771334
"p427": 1.3171734962112444E-05
"p428": 0.002643755374538284
"p429": 0.0009144947416552353
"p430": 0.00016182417239166719
"p431": 7.5267056926356815E-06
"p432": 0.0012626048799396355
"p433": 0.000378216961054943
"p434": 4.704191057897301E-05
"p435": 0
"p436": 0
"p437": 0
"p438": 0
"p439": 0
"p440": 0.005927280732950601
