"p378": 5.645029269476761E-06
"p379": 0
"p380": 0.000519342692791862
"p381": 0.0001279539967748066
"p382": 5.645029269476761E-06
"p383": 0
"p384": 0.0068022602697194985
"p385": 0.002581660052574039
"p386": 0.0005362777806002923
"p387": 3.575185204001949E-05
"p388": 0.006943386001456417
"p389": 0.0021996797386727783
"p390": 0.00041773216594128033
"p391": 6.021364554108545E-05
"p392": 0.022657265811256568
"p393": 0.009225859502748188
"p394": 0.002269301766329659
"p395": 0.00025590799354961323
"p396": 0.03358416080054042
"p397": 0.014562293838826887
"p398": 0.003951520488633733
"p399": 0.0006190715432192849
"p400": 0
"p401": 0
"p402": 0
"p403": 0
"p404": 0.0003274116976296521
"p405": 5.080526342529086E-05
"p406": 0
"p407": 0
"p408": 4.327855773265517E-05
"p409": 5.645029269476761E-06
"p410": 0
"p411": 0
"p412": 0.0002897781691664737
"p413": 6.021364554108546E-05
"p414": 5.645029269476761E-06
"p415": 0
"p416": 0.00226553841348334
"p417": 0.0007150370408003896
"p418": 9.784717400426384E-05
"p419": 0
"p420": 0.003080304304711152
"p421": 0.0009747083871963209
"p422": 0.00022015614150959365
"p423": 3.3870175616860565E-05
"p424": 0.019426427392692697
"p425": 0.007172950525081808
"p426": 0.0015260395791818846
"p427": 0.00014865243742955472
"p428": 0.033236050662256024
"p429": 0.014103164791576113
"p430": 0.0035055631763450694
"p431": 0.00038762534317073765
"p432": 0.002148874475247487
"p433": 0.0006454150131435096
"p434": 8.467543904215141E-05
"p435": 0
"p436": 0.004209310158606505
"p437": 0.0014432458165628916
"p438": 0.00030106822770542725
"p439": 3.7633528463178407E-05
"p440": 0.016602031081531157
