"p378": 0.001561791431221904
"p379": 0.00015429746669903146
"p380": 0.006303616017582385
"p381": 0.002280591824868611
"p382": 0.0004440756358655052
"p383": 5.2686939848449775E-05
"p384": 0.0007075103351077539
"p385": 0.0001016105268505817
"p386": 7.5267056926356815E-06
"p387": 0
"p388": 0
"p389": 0
"p390": 0
"p391": 0
"p392": 0.0011252425010490343
"p393": 0.0002991865512822683
"p394": 3.0106822770542726E-05
"p395": 0
"p396": 0.00010913723254321737
"p397": 9.408382115794602E-06
"p398": 0
"p399": 0
"p400": 0
"p401": 0
"p402": 0
"p403": 0
"p404": 0
"p405": 0
"p406": 0
"p407": 0
"p408": 6.021364554108545E-05
"p409": 1.6935087808430286E-05
"p410": 0
"p411": 0
"p412": 0
"p413": 0
"p414": 0
"p415": 0
"p416": 0.002860148163201559
"p417": 0.0008580444489604678
"p418": 8.655711546531033E-05
"p419": 0
"p420": 0.00045724737082761767
"p421": 3.387017561686057E-05
"p422": 0
"p423": 0
"p424": 0.016526764024604804
"p425": 0.006149318550883353
"p426": 0.0012701315856322715
"p427": 4.327855773265517E-05
"p428": 0.010682277054273194
"p429": 0.0034585212657660953
"p430": 0.00045536569440445874
"p431": 1.6935087808430286E-05
"p432": 0.0006698768066445756
"p433": 0.0001467707610063958
"p434": 5.645029269476761E-06
"p435": 0
"p436": 0
"p437": 0
"p438": 0
"p439": 0
"p440": 0.004645859088779375
