"p378": 0.0009239031237710299
"p379": 9.784717400426387E-05
"p380": 0.01487277044864811
"p381": 0.006107921669573856
"p382": 0.0013341085840196747
"p383": 0.00012042729108217092
"p384": 0.0024480610265297555
"p385": 0.0007357354814551377
"p386": 3.951520488633733E-05
"p387": 1.8816764231589204E-06
"p388": 0.0025590799354961316
"p389": 0.0006642317773750989
"p390": 5.645029269476761E-05
"p391": 0
"p392": 0.006111685022420175
"p393": 0.0019155465987757809
"p394": 0.0002446179350106597
"p395": 7.5267056926356815E-06
"p396": 0.011888431641518062
"p397": 0.004572473708276177
"p398": 0.000827937626189925
"p399": 3.0106822770542726E-05
"p400": 0
"p401": 0
"p402": 0
"p403": 0
"p404": 0.00014300740816007796
"p405": 0
"p406": 0
"p407": 0
"p408": 1.6935087808430286E-05
"p409": 0
"p410": 0
"p411": 0
"p412": 9.032046831162818E-05
"p413": 1.8816764231589203E-05
"p414": 0
"p415": 0
"p416": 0.0005720296326403118
"p417": 0.0001938126715853688
"p418": 1.8816764231589204E-06
"p419": 0
"p420": 0.000756433922109886
"p421": 0.000259671346395931
"p422": 4.139688130949625E-05
"p423": 0
"p424": 0.002890254985972102
"p425": 0.0009653000050805263
"p426": 0.00014865243742955475
"p427": 7.5267056926356815E-06
"p428": 0.0071070918502712434
"p429": 0.002926006838012121
"p430": 0.0005550945448318816
"p431": 1.3171734962112444E-05
"p432": 0.0006529417188361453
"p433": 0.00017875926020009743
"p434": 0
"p435": 0
"p436": 0.0012626048799396355
"p437": 0.000378216961054943
"p438": 4.704191057897301E-05
"p439": 0
"p440": 0.0023332787647170608
