"p378": 0
"p379": 0
"p380": 5.645029269476761E-06
"p381": 0
"p382": 0
"p383": 0
"p384": 0.0017085621922282995
"p385": 0.0004572473708276177
"p386": 6.585867481056221E-05
"p387": 1.1290058538953523E-05
"p388": 5.080526342529084E-05
"p389": 0
"p390": 0
"p391": 0
"p392": 0.01279916303032698
"p393": 0.005464388332853505
"p394": 0.0013397536132891512
"p395": 0.00013359902604428335
"p396": 0.007188003936467077
"p397": 0.0026080035224982636
"p398": 0.0005193426927918621
"p399": 5.2686939848449775E-05
"p400": 0.00526493063199866
"p401": 0.001699153810112505
"p402": 0.0002973048748591094
"p403": 4.139688130949624E-05
"p404": 0.0009991701806973867
"p405": 0.0001825226130464153
"p406": 1.6935087808430286E-05
"p407": 0
"p408": 0.024094866598549987
"p409": 0.009811060870350613
"p410": 0.00247628617287714
"p411": 0.0002766064342043613
"p412": 0.019454652539040076
"p413": 0.007073221674654381
"p414": 0.001371742112482853
"p415": 0.00012419064392848873
"p416": 0.0003612818732465128
"p417": 0.00011854561465901199
"p418": 3.7633528463178407E-05
"p419": 5.645029269476761E-06
"p420": 0
"p421": 0
"p422": 0
"p423": 0
"p424": 0.006504955394860389
"p425": 0.00270208734365621
"p426": 0.0005343961041771334
"p427": 1.3171734962112442E-05
"p428": 0.002329515411870743
"p429": 0.0007526705692635681
"p430": 0.00013171734962112442
"p431": 7.5267056926356815E-06
"p432": 0.0016483485466872144
"p433": 0.0005833196911792653
"p434": 0.0001298356731979655
"p435": 7.5267056926356815E-06
"p436": 0
"p437": 0
"p438": 0
"p439": 0
"p440": 0.006713821477831028
