"p378": 0
"p379": 0
"p380": 2.2580117077907045E-05
"p381": 5.645029269476761E-06
"p382": 0
"p383": 0
"p384": 0.005221652074266004
"p385": 0.0019400083922768469
"p386": 0.00044031228301918745
"p387": 4.3278557732655166E-05
"p388": 0.010766952493315345
"p389": 0.004941282287215325
"p390": 0.0012701315856322713
"p391": 0.00013359902604428335
"p392": 0.0017236156036135712
"p393": 0.0005249877220613388
"p394": 6.021364554108546E-05
"p395": 0
"p396": 0.006913279178685875
"p397": 0.002084897476860084
"p398": 0.0002653163756654078
"p399": 1.129005853895352E-05
"p400": 0.011670157176431627
"p401": 0.004310920685457086
"p402": 0.000805357509112018
"p403": 5.2686939848449775E-05
"p404": 0.018081028750134075
"p405": 0.008305719731823478
"p406": 0.002282473501291771
"p407": 0.0002747247577812024
"p408": 0.0053947663051966245
"p409": 0.001806409366232564
"p410": 0.00015053411385271365
"p411": 1.8816764231589204E-06
"p412": 0.018984233433250355
"p413": 0.00660844759813413
"p414": 0.000869334507499421
"p415": 5.8331969117926534E-05
"p416": 0.0021977980622496186
"p417": 0.000782777392034111
"p418": 0.0001448890845832369
"p419": 7.5267056926356815E-06
"p420": 0.0058294335589463364
"p421": 0.0025289731127255887
"p422": 0.0005249877220613389
"p423": 1.3171734962112442E-05
"p424": 0.00040832378382548573
"p425": 9.220214473478711E-05
"p426": 5.645029269476761E-06
"p427": 0
"p428": 0.0010951356782784919
"p429": 0.00023332787647170614
"p430": 3.0106822770542726E-05
"p431": 1.8816764231589204E-06
"p432": 0.0024518243793760735
"p433": 0.00073197212860882
"p434": 0.00010537387969689952
"p435": 5.645029269476761E-06
"p436": 0.005637502563784126
"p437": 0.002241076619982274
"p438": 0.0004196138423644392
"p439": 1.5053411385271363E-05
"p440": 0.00039703372528653225
