"p378": 5.645029269476761E-06
"p379": 0
"p380": 8.655711546531032E-05
"p381": 1.8816764231589204E-06
"p382": 0
"p383": 0
"p384": 0.01831811997945209
"p385": 0.008930436304312235
"p386": 0.00270208734365621
"p387": 0.0004817091643286836
"p388": 0.001181692793743802
"p389": 0.000212629435816958
"p390": 1.1290058538953523E-05
"p391": 0
"p392": 0.01949416774392642
"p393": 0.00798583473988646
"p394": 0.0020510273012432235
"p395": 0.00023520955289486504
"p396": 0.02863158845478613
"p397": 0.010174224420020285
"p398": 0.0019945770085484558
"p399": 0.00016746920166114393
"p400": 0.0002897781691664737
"p401": 6.021364554108546E-05
"p402": 5.645029269476761E-06
"p403": 0
"p404": 0.0002032210537011634
"p405": 3.3870175616860565E-05
"p406": 0
"p407": 0
"p408": 2.4461793501065963E-05
"p409": 1.8816764231589204E-06
"p410": 0
"p411": 0
"p412": 7.903040977267466E-05
"p413": 1.5053411385271363E-05
"p414": 0
"p415": 0
"p416": 0.022418292905515377
"p417": 0.010313468475334046
"p418": 0.0027754727241594075
"p419": 0.0003292933740528111
"p420": 5.645029269476761E-05
"p421": 3.7633528463178407E-06
"p422": 0
"p423": 0
"p424": 0.01617677220989724
"p425": 0.006542588923323567
"p426": 0.0015222762263355665
"p427": 0.00013548070246744226
"p428": 0.017834529138700254
"p429": 0.0055114302434324785
"p430": 0.0009333115058868247
"p431": 6.39769983874033E-05
"p432": 0.01910842407717884
"p433": 0.007775086980492659
"p434": 0.001704798839381982
"p435": 0.00014300740816007796
"p436": 0.00014300740816007793
"p437": 4.139688130949625E-05
"p438": 0
"p439": 0
"p440": 0.012520674919699458
