"p378": 0.000237091229318024
"p379": 1.3171734962112444E-05
"p380": 0.003112292803904855
"p381": 0.0010988990311248093
"p382": 0.00015241579027587256
"p383": 9.408382115794602E-06
"p384": 0.0038141581097431315
"p385": 0.0016351768117251018
"p386": 0.0003368200797454468
"p387": 1.1290058538953523E-05
"p388": 2.8225146347383805E-05
"p389": 0
"p390": 0
"p391": 0
"p392": 0.0013698604360596939
"p393": 0.00043843060659602836
"p394": 4.7041910578973E-05
"p395": 0
"p396": 0.0034039526494944873
"p397": 0.0011177157953563988
"p398": 0.0001373623788906012
"p399": 1.8816764231589204E-06
"p400": 0.009064035330356521
"p401": 0.003896951872362125
"p402": 0.0009257848001941889
"p403": 3.9515204886337324E-05
"p404": 0.0004892358700213193
"p405": 6.209532196424438E-05
"p406": 0
"p407": 0
"p408": 0.005394766305196625
"p409": 0.0018064093662325637
"p410": 0.00015053411385271365
"p411": 1.8816764231589204E-06
"p412": 0.012420946069272036
"p413": 0.004256352069185479
"p414": 0.00041961384236443927
"p415": 1.5053411385271365E-05
"p416": 0.001584371548299811
"p417": 0.0006679951302214168
"p418": 9.596549758110493E-05
"p419": 0
"p420": 0
"p421": 0
"p422": 0
"p423": 0
"p424": 0.0002521446407032953
"p425": 7.150370408003898E-05
"p426": 5.645029269476761E-06
"p427": 0
"p428": 0.00047418245863604794
"p429": 0.00014112573173691902
"p430": 2.069844065474812E-05
"p431": 0
"p432": 0.0024405343208371193
"p433": 0.0009333115058868244
"p434": 0.00015053411385271365
"p435": 0
"p436": 2.0698440654748124E-05
"p437": 5.645029269476761E-06
"p438": 0
"p439": 0
"p440": 0.00043090390090339274
