"p378": 0.00034058343259176454
"p379": 4.139688130949624E-05
"p380": 0.0022467216492517506
"p381": 0.000611544837526649
"p382": 6.021364554108545E-05
"p383": 0
"p384": 0.0014545358751018454
"p385": 0.000568266279793994
"p386": 9.972885042742277E-05
"p387": 5.645029269476761E-06
"p388": 0
"p389": 0
"p390": 0
"p391": 0
"p392": 0.0002803697870506791
"p393": 5.833196911792653E-05
"p394": 0
"p395": 0
"p396": 0.0006435333367203508
"p397": 0.00018064093662325636
"p398": 1.6935087808430286E-05
"p399": 0
"p400": 0.0025628432883424497
"p401": 0.00092390312377103
"p402": 0.0001674692016611439
"p403": 7.5267056926356815E-06
"p404": 0.00033870175616860566
"p405": 5.080526342529086E-05
"p406": 0
"p407": 0
"p408": 0.0009333115058868247
"p409": 0.00023709122931802397
"p410": 3.0106822770542726E-05
"p411": 0
"p412": 0.0021150042996306265
"p413": 0.0006924569237224828
"p414": 0.0001373623788906012
"p415": 1.3171734962112444E-05
"p416": 0.011758595968320094
"p417": 0.005123804900261739
"p418": 0.0011515859709732596
"p419": 8.467543904215141E-05
"p420": 7.150370408003898E-05
"p421": 5.645029269476761E-06
"p422": 0
"p423": 0
"p424": 0.0071259086145028325
"p425": 0.0026569271095003948
"p426": 0.0004478389887118231
"p427": 2.4461793501065963E-05
"p428": 0.01199756887406128
"p429": 0.003945875459364256
"p430": 0.0007601972749562039
"p431": 7.714873334951573E-05
"p432": 0.019198744545490466
"p433": 0.008757322073381615
"p434": 0.002280591824868612
"p435": 0.00026907972851172564
"p436": 0.0008467543904215141
"p437": 0.0001580608195453493
"p438": 5.645029269476761E-06
"p439": 0
"p440": 0.015397758170709448
