"p378": 0.00019004931873905094
"p379": 7.5267056926356815E-06
"p380": 0.004299630626918134
"p381": 0.0015015777856808184
"p382": 0.000284133139896997
"p383": 7.5267056926356815E-06
"p384": 0.0001561791431221904
"p385": 9.408382115794602E-06
"p386": 0
"p387": 0
"p388": 0.0015617914312219038
"p389": 0.0003462284618612413
"p390": 3.198849919370165E-05
"p391": 1.8816764231589204E-06
"p392": 0.001136532559587988
"p393": 0.0002878964927433148
"p394": 3.0106822770542726E-05
"p395": 0
"p396": 0.0025703699940350854
"p397": 0.0009464832408489372
"p398": 0.00017311423093062064
"p399": 7.5267056926356815E-06
"p400": 0
"p401": 0
"p402": 0
"p403": 0
"p404": 0
"p405": 0
"p406": 0
"p407": 0
"p408": 2.8225146347383808E-05
"p409": 0
"p410": 0
"p411": 0
"p412": 0.0002784881106275202
"p413": 7.714873334951574E-05
"p414": 5.645029269476761E-06
"p415": 0
"p416": 0.005771101589828409
"p417": 0.001958825156508436
"p418": 0.0003085949333980629
"p419": 1.6935087808430282E-05
"p420": 0.0068568288859911074
"p421": 0.0021319393874390568
"p422": 0.00036128187324651267
"p423": 4.139688130949624E-05
"p424": 0.022773929749492425
"p425": 0.00828502129116873
"p426": 0.001716088897920936
"p427": 0.00021639278866327584
"p428": 0.041060061229750824
"p429": 0.01700847318893349
"p430": 0.003955283841480052
"p431": 0.00042902222448023387
"p432": 0.001081963943316379
"p433": 0.0003085949333980629
"p434": 3.387017561686057E-05
"p435": 0
"p436": 0.0016201234003398303
"p437": 0.00045912904725077655
"p438": 6.962202765688005E-05
"p439": 1.1290058538953523E-05
"p440": 0.006356302957430834
