"p378": 1.1290058538953523E-05
"p379": 0
"p380": 1.8816764231589204E-06
"p381": 0
"p382": 0
"p383": 0
"p384": 0.006098513287458061
"p385": 0.0020265655077421575
"p386": 0.0004064421074023268
"p387": 6.021364554108545E-05
"p388": 0.0011497042945501003
"p389": 0.0002577896699727721
"p390": 2.2580117077907045E-05
"p391": 0
"p392": 0.035757497069288983
"p393": 0.01606763497735403
"p394": 0.004514141739158252
"p395": 0.0007131553643772312
"p396": 0.022813444954378752
"p397": 0.008174002382202351
"p398": 0.001772539190615703
"p399": 0.00017311423093062066
"p400": 0.0003274116976296521
"p401": 5.080526342529086E-05
"p402": 0
"p403": 0
"p404": 0
"p405": 0
"p406": 0
"p407": 0
"p408": 0.00031423996266753966
"p409": 6.209532196424438E-05
"p410": 5.645029269476761E-06
"p411": 0
"p412": 1.8816764231589203E-05
"p413": 3.7633528463178407E-06
"p414": 0
"p415": 0
"p416": 0.0030577241876332453
"p417": 0.0009747083871963209
"p418": 0.00022015614150959365
"p419": 3.3870175616860565E-05
"p420": 3.387017561686057E-05
"p421": 0
"p422": 0
"p423": 0
"p424": 0.03745476920297833
"p425": 0.016338596382288916
"p426": 0.00415097818948858
"p427": 0.0004628924000970945
"p428": 0.013945103972030762
"p429": 0.004324092420419199
"p430": 0.0007451438635709324
"p431": 6.021364554108546E-05
"p432": 0.00416414992445069
"p433": 0.0014432458165628916
"p434": 0.00030106822770542725
"p435": 3.7633528463178407E-05
"p436": 6.774035123372114E-05
"p437": 0
"p438": 0
"p439": 0
"p440": 0.030607348699103008
