"p378": 0
"p379": 0
"p380": 0.00010725555612005845
"p381": 5.645029269476761E-06
"p382": 0
"p383": 0
"p384": 0.000282251463473838
"p385": 6.58586748105622E-05
"p386": 3.7633528463178407E-06
"p387": 0
"p388": 0.001407493964522872
"p389": 0.0006510600424129864
"p390": 0.00016935087808430283
"p391": 3.7633528463178407E-06
"p392": 6.962202765688005E-05
"p393": 1.8816764231589203E-05
"p394": 0
"p395": 0
"p396": 0.0003274116976296522
"p397": 7.526705692635681E-05
"p398": 0
"p399": 0
"p400": 0.0005099343106760673
"p401": 0.0001110189089663763
"p402": 9.408382115794602E-06
"p403": 0
"p404": 0.001947535097969483
"p405": 0.0005795563383329474
"p406": 9.408382115794602E-05
"p407": 2.2580117077907045E-05
"p408": 5.833196911792654E-05
"p409": 2.6343469924224887E-05
"p410": 3.7633528463178407E-06
"p411": 0
"p412": 0.0014846426978723883
"p413": 0.0004986442521371139
"p414": 8.279376261899251E-05
"p415": 1.8816764231589204E-06
"p416": 0.006747691653447887
"p417": 0.002429244262298166
"p418": 0.0005042892814065906
"p419": 4.5160234155814084E-05
"p420": 0.01506658312023348
"p421": 0.006638554420904672
"p422": 0.0015768448426071754
"p423": 0.00014865243742955472
"p424": 0.0020566723305127
"p425": 0.0005908463968719009
"p426": 6.209532196424438E-05
"p427": 0
"p428": 0.007714873334951575
"p429": 0.002167691239479076
"p430": 0.0002653163756654078
"p431": 1.129005853895352E-05
"p432": 0.012870666734407014
"p433": 0.004596935501777241
"p434": 0.0008222925969204483
"p435": 5.2686939848449775E-05
"p436": 0.021246008493887376
"p437": 0.009716977049192665
"p438": 0.0025854234054203573
"p439": 0.0002897781691664738
"p440": 0.0056506742987462374
