"p378": 0.0004290222244802338
"p379": 1.5053411385271363E-05
"p380": 0.001038685385583724
"p381": 0.0003010682277054272
"p382": 4.5160234155814084E-05
"p383": 0
"p384": 0.0013924405531376013
"p385": 0.00031235828624438073
"p386": 3.198849919370165E-05
"p387": 1.8816764231589204E-06
"p388": 0
"p389": 0
"p390": 0
"p391": 0
"p392": 0.003266590270603886
"p393": 0.0010894906490090147
"p394": 0.00018064093662325633
"p395": 7.5267056926356815E-06
"p396": 0.0006792851887603702
"p397": 0.00016558752523798497
"p398": 2.2580117077907045E-05
"p399": 0
"p400": 0
"p401": 0
"p402": 0
"p403": 0
"p404": 0
"p405": 0
"p406": 0
"p407": 0
"p408": 0.00028789649274331484
"p409": 7.714873334951574E-05
"p410": 5.645029269476761E-06
"p411": 0
"p412": 1.8816764231589203E-05
"p413": 0
"p414": 0
"p415": 0
"p416": 0.006185070402923373
"p417": 0.001988931979278979
"p418": 0.00034434678543808245
"p419": 4.139688130949624E-05
"p420": 0.0008128842148046537
"p421": 0.0001599424959685082
"p422": 1.6935087808430286E-05
"p423": 0
"p424": 0.03921413665863193
"p425": 0.01582678039518969
"p426": 0.003635398849543036
"p427": 0.0003706902553623073
"p428": 0.02452388882303021
"p429": 0.008781783866882682
"p430": 0.0019475350979694828
"p431": 0.0002653163756654078
"p432": 0.0015298029320282023
"p433": 0.0004421939594423463
"p434": 6.962202765688005E-05
"p435": 1.1290058538953523E-05
"p436": 3.3870175616860565E-05
"p437": 0
"p438": 0
"p439": 0
"p440": 0.012535728331084732
