"p378": 0
"p379": 0
"p380": 0
"p381": 0
"p382": 0
"p383": 0
"p384": 0.0002897781691664738
"p385": 5.45686162716087E-05
"p386": 5.645029269476761E-06
"p387": 0
"p388": 0.0005136976635223853
"p389": 0.00010349220327374063
"p390": 5.645029269476761E-06
"p391": 0
"p392": 0.00010725555612005845
"p393": 1.3171734962112442E-05
"p394": 0
"p395": 0
"p396": 0.0003725719317854662
"p397": 4.516023415581409E-05
"p398": 0
"p399": 0
"p400": 0.00019945770085484557
"p401": 4.327855773265517E-05
"p402": 5.645029269476761E-06
"p403": 0
"p404": 0.0002540263171264543
"p405": 5.080526342529086E-05
"p406": 5.645029269476761E-06
"p407": 0
"p408": 9.972885042742278E-05
"p409": 1.8816764231589203E-05
"p410": 0
"p411": 0
"p412": 0.0003368200797454468
"p413": 4.516023415581409E-05
"p414": 0
"p415": 0
"p416": 0.00018252261304641527
"p417": 1.6935087808430286E-05
"p418": 0
"p419": 0
"p420": 0.00042149551878759814
"p421": 6.209532196424438E-05
"p422": 0
"p423": 0
"p424": 2.6343469924224887E-05
"p425": 3.7633528463178407E-06
"p426": 0
"p427": 0
"p428": 4.327855773265516E-05
"p429": 3.7633528463178407E-06
"p430": 0
"p431": 0
"p432": 5.2686939848449775E-05
"p433": 0
"p434": 0
"p435": 0
"p436": 6.774035123372113E-05
"p437": 5.645029269476761E-06
"p438": 0
"p439": 0
"p440": 3.7633528463178407E-06
