"p378": 0.0004854725171750014
"p379": 1.5053411385271363E-05
"p380": 0.0008523994196909907
"p381": 0.00019757602443168658
"p382": 2.258011707790704E-05
"p383": 0
"p384": 0.004470863181425595
"p385": 0.0014620625807944816
"p386": 0.00024085458216434175
"p387": 3.0106822770542726E-05
"p388": 0.0007959491269962234
"p389": 0.0001599424959685082
"p390": 1.6935087808430286E-05
"p391": 0
"p392": 0.0223994761412838
"p393": 0.009009466714084913
"p394": 0.0021037142410916736
"p395": 0.00022203781793275263
"p396": 0.017354701650794724
"p397": 0.006275390871234999
"p398": 0.00139432222956076
"p399": 0.000188167642315892
"p400": 0.0002878964927433148
"p401": 3.3870175616860565E-05
"p402": 0
"p403": 0
"p404": 0
"p405": 0
"p406": 0
"p407": 0
"p408": 0.0002615530228190899
"p409": 5.456861627160869E-05
"p410": 5.645029269476761E-06
"p411": 0
"p412": 2.6343469924224887E-05
"p413": 3.7633528463178407E-06
"p414": 0
"p415": 0
"p416": 0.0018534512768115367
"p417": 0.000617189866796126
"p418": 0.00012419064392848875
"p419": 1.6935087808430282E-05
"p420": 1.6935087808430282E-05
"p421": 0
"p422": 0
"p423": 0
"p424": 0.017881571049279225
"p425": 0.007391224990168242
"p426": 0.001659638605226168
"p427": 0.00015241579027587256
"p428": 0.007289614463317656
"p429": 0.0025929501111129918
"p430": 0.0005814380147561064
"p431": 7.714873334951572E-05
"p432": 0.002734075842849911
"p433": 0.0009107313888089174
"p434": 0.00017499590735377957
"p435": 1.8816764231589203E-05
"p436": 3.3870175616860565E-05
"p437": 0
"p438": 0
"p439": 0
"p440": 0.015446681757711581
