"p378": 0
"p379": 0
"p380": 7.903040977267465E-05
"p381": 0
"p382": 0
"p383": 0
"p384": 0.0015975432832619233
"p385": 0.00047982748790552474
"p386": 7.526705692635681E-05
"p387": 1.1290058538953523E-05
"p388": 0.0033983076202250095
"p389": 0.0011911011758595964
"p390": 0.0002408545821643418
"p391": 4.139688130949625E-05
"p392": 0.0002860148163201559
"p393": 0.00010913723254321738
"p394": 3.0106822770542726E-05
"p395": 5.645029269476761E-06
"p396": 0.002389729057411829
"p397": 0.0007865407448804286
"p398": 0.00015053411385271363
"p399": 9.408382115794602E-06
"p400": 5.080526342529084E-05
"p401": 0
"p402": 0
"p403": 0
"p404": 0.0003594001968233538
"p405": 8.655711546531033E-05
"p406": 5.645029269476761E-06
"p407": 0
"p408": 0
"p409": 0
"p410": 0
"p411": 0
"p412": 0
"p413": 0
"p414": 0
"p415": 0
"p416": 0.03006730756565639
"p417": 0.012097297724488702
"p418": 0.002935415220127916
"p419": 0.0003706902553623074
"p420": 0.04704943728466568
"p421": 0.021503798163860156
"p422": 0.00594609749718219
"p423": 0.0009032046831162822
"p424": 0.017452548824798995
"p425": 0.00632995948750661
"p426": 0.0013284635547501982
"p427": 5.080526342529084E-05
"p428": 0.032795738379236834
"p429": 0.010595719938807882
"p430": 0.0018007643369630875
"p431": 0.00011666393823585308
"p432": 0.01106425736817445
"p433": 0.003774642904856794
"p434": 0.0007714873334951573
"p435": 8.655711546531033E-05
"p436": 0.018131834013559365
"p437": 0.007334774697473474
"p438": 0.001637058488148261
"p439": 0.00013924405531376012
"p440": 0.00475687799774575
