"p378": 1.6935087808430286E-05
"p379": 0
"p380": 0.00059272807329506
"p381": 0.0001204272910821709
"p382": 5.645029269476761E-06
"p383": 0
"p384": 3.9515204886337324E-05
"p385": 1.6935087808430282E-05
"p386": 0
"p387": 0
"p388": 0.0003424651090149236
"p389": 4.8923587002131926E-05
"p390": 0
"p391": 0
"p392": 0.0013811504945986472
"p393": 0.00043278557732655173
"p394": 6.585867481056221E-05
"p395": 0
"p396": 0.003430296119418712
"p397": 0.0015203945499124077
"p398": 0.00035375516755387705
"p399": 1.6935087808430282E-05
"p400": 0.0002897781691664737
"p401": 5.456861627160869E-05
"p402": 0
"p403": 0
"p404": 0.0024649961143381853
"p405": 0.000541922809869769
"p406": 6.39769983874033E-05
"p407": 3.7633528463178407E-06
"p408": 0.0017123255450746174
"p409": 0.0005042892814065907
"p410": 8.091208619583358E-05
"p411": 1.1290058538953523E-05
"p412": 0.0030727775990185167
"p413": 0.0011591126766658949
"p414": 0.0002408545821643418
"p415": 4.139688130949625E-05
"p416": 0.0026795072265783024
"p417": 0.0007846590684572696
"p418": 0.00010725555612005847
"p419": 0
"p420": 0.0034095976787639646
"p421": 0.0009314298294636655
"p422": 0.00015241579027587253
"p423": 2.2580117077907045E-05
"p424": 0.022723124486067132
"p425": 0.008527757549756232
"p426": 0.0018176994247715178
"p427": 0.00020510273012432236
"p428": 0.0359494280644512
"p429": 0.01506846479665664
"p430": 0.0035733035275787904
"p431": 0.00038950701959389653
"p432": 0.008113788736661267
"p433": 0.003052079158363769
"p434": 0.0006040181318340133
"p435": 3.575185204001949E-05
"p436": 0.008162712323663397
"p437": 0.0026964423143867326
"p438": 0.0005456861627160869
"p439": 8.279376261899248E-05
"p440": 0.03226510562790602
