"p378": 0.0008241742733436074
"p379": 5.268693984844978E-05
"p380": 0.002274946795599135
"p381": 0.0007470255399940914
"p382": 8.655711546531033E-05
"p383": 5.645029269476761E-06
"p384": 0.0007225637464930254
"p385": 0.00016558752523798497
"p386": 7.5267056926356815E-06
"p387": 0
"p388": 0
"p389": 0
"p390": 0
"p391": 0
"p392": 0.005072999636836449
"p393": 0.0019437717451231645
"p394": 0.00037821696105494305
"p395": 1.1290058538953523E-05
"p396": 0.0024217175566055298
"p397": 0.0008241742733436072
"p398": 9.032046831162818E-05
"p399": 1.8816764231589204E-06
"p400": 0.0027491292542351827
"p401": 0.0008335826554594018
"p402": 8.467543904215141E-05
"p403": 0
"p404": 0.00045724737082761767
"p405": 3.387017561686057E-05
"p406": 0
"p407": 0
"p408": 0.013627100656516903
"p409": 0.005063591254720656
"p410": 0.0010819639433163795
"p411": 4.139688130949624E-05
"p412": 0.009854339428083267
"p413": 0.0032233117128712308
"p414": 0.00040832378382548573
"p415": 1.5053411385271365E-05
"p416": 0.00013736237889060116
"p417": 4.516023415581409E-05
"p418": 1.1290058538953523E-05
"p419": 0
"p420": 0
"p421": 0
"p422": 0
"p423": 0
"p424": 0.0018120543955020402
"p425": 0.0007244454229161844
"p426": 9.784717400426387E-05
"p427": 0
"p428": 0.0003462284618612414
"p429": 0.00010537387969689955
"p430": 1.1290058538953521E-05
"p431": 0
"p432": 0.0007282087757625021
"p433": 0.00023520955289486504
"p434": 4.139688130949624E-05
"p435": 0
"p436": 0
"p437": 0
"p438": 0
"p439": 0
"p440": 0.002756655959927818
