"p378": 1.6935087808430286E-05
"p379": 0
"p380": 0.00013548070246744226
"p381": 5.645029269476761E-06
"p382": 0
"p383": 0
"p384": 0.002989983836399524
"p385": 0.0013247002019038802
"p386": 0.0003085949333980629
"p387": 1.6935087808430282E-05
"p388": 0
"p389": 0
"p390": 0
"p391": 0
"p392": 0.0010066968863900222
"p393": 0.0003443467854380824
"p394": 6.209532196424438E-05
"p395": 0
"p396": 0.0013604520539438989
"p397": 0.00041396881309496247
"p398": 5.645029269476761E-05
"p399": 0
"p400": 0.00271902243146464
"p401": 0.0009728267107731618
"p402": 0.00019381267158536877
"p403": 3.0106822770542726E-05
"p404": 0.0005419228098697691
"p405": 8.467543904215139E-05
"p406": 0
"p407": 0
"p408": 0.0015015777856808182
"p409": 0.00046665575294341233
"p410": 9.408382115794602E-05
"p411": 1.6935087808430282E-05
"p412": 0.0029956288656690015
"p413": 0.0010311586798910884
"p414": 0.0002032210537011634
"p415": 2.0698440654748128E-05
"p416": 0.02421153053678583
"p417": 0.010900551519359626
"p418": 0.0028112245761994273
"p419": 0.00032176666836017544
"p420": 0.00010913723254321738
"p421": 1.1290058538953523E-05
"p422": 0
"p423": 0
"p424": 0.01876407729174076
"p425": 0.00707886670392386
"p426": 0.001520394549912408
"p427": 0.0001448890845832369
"p428": 0.02213415976561839
"p429": 0.006898225767300603
"p430": 0.0012174446457838214
"p431": 0.0001091372325432174
"p432": 0.028706855511712495
"p433": 0.013721184477674847
"p434": 0.003895070195938966
"p435": 0.0006247165724887616
"p436": 0.001181692793743802
"p437": 0.000212629435816958
"p438": 1.1290058538953523E-05
"p439": 0
"p440": 0.02687410267555572
