"p378": 0
"p379": 0
"p380": 3.010682277054273E-05
"p381": 1.8816764231589204E-06
"p382": 0
"p383": 0
"p384": 0.016615202816493268
"p385": 0.007929384447191691
"p386": 0.0022128514736348905
"p387": 0.0003010682277054273
"p388": 0.00010913723254321738
"p389": 1.1290058538953523E-05
"p390": 0
"p391": 0
"p392": 0.013907470443567582
"p393": 0.005477560067815617
"p394": 0.0012720132620554305
"p395": 0.00013548070246744229
"p396": 0.01787404434358659
"p397": 0.005836960264638971
"p398": 0.0010857272961626973
"p399": 9.97288504274228E-05
"p400": 0.022640330723448128
"p401": 0.011135761072254493
"p402": 0.0033418573275302427
"p403": 0.0005870830440255833
"p404": 0.0013849138474449655
"p405": 0.0002464996114338185
"p406": 1.1290058538953523E-05
"p407": 0
"p408": 0.024094866598549987
"p409": 0.009811060870350613
"p410": 0.0024762861728771395
"p411": 0.0002766064342043613
"p412": 0.032833371907700006
"p413": 0.011461291093460986
"p414": 0.002154519504516964
"p415": 0.00016746920166114393
"p416": 0.010729318964852163
"p417": 0.0046063438838930375
"p418": 0.0010537387969689954
"p419": 4.1396881309496255E-05
"p420": 0
"p421": 0
"p422": 0
"p423": 0
"p424": 0.006143673521613877
"p425": 0.002273065119175976
"p426": 0.0004290222244802338
"p427": 1.1290058538953523E-05
"p428": 0.0055001401848935256
"p429": 0.0015749631661840164
"p430": 0.0002333278764717061
"p431": 1.3171734962112442E-05
"p432": 0.010420724031454102
"p433": 0.004173558306566485
"p434": 0.0008222925969204483
"p435": 4.704191057897301E-05
"p436": 9.032046831162818E-05
"p437": 3.3870175616860565E-05
"p438": 0
"p439": 0
"p440": 0.004903648758752146
