"p378": 0.0002653163756654078
"p379": 1.6935087808430286E-05
"p380": 0.007963254622808552
"p381": 0.0032590635649112506
"p382": 0.0006472966895666686
"p383": 4.1396881309496255E-05
"p384": 0.0006303616017582384
"p385": 0.00016935087808430283
"p386": 1.8816764231589204E-06
"p387": 0
"p388": 0.0007225637464930254
"p389": 0.00016558752523798497
"p390": 7.5267056926356815E-06
"p391": 0
"p392": 0.0022448399728285918
"p393": 0.0006736401594908935
"p394": 0.00011101890896637632
"p395": 1.8816764231589204E-06
"p396": 0.005434281510082962
"p397": 0.0022297865614433207
"p398": 0.000380098637478102
"p399": 1.1290058538953523E-05
"p400": 0.002878964927433148
"p401": 0.0009050863595394406
"p402": 3.951520488633733E-05
"p403": 1.8816764231589204E-06
"p404": 0.003138636273829079
"p405": 0.0008618078018067855
"p406": 8.467543904215141E-05
"p407": 0
"p408": 0.008015941562657003
"p409": 0.002585423405420357
"p410": 0.00034246510901492347
"p411": 1.3171734962112444E-05
"p412": 0.015505013726829515
"p413": 0.006132383463074922
"p414": 0.0011497042945501005
"p415": 4.139688130949624E-05
"p416": 4.516023415581409E-05
"p417": 7.5267056926356815E-06
"p418": 0
"p419": 0
"p420": 0.00013736237889060116
"p421": 4.516023415581409E-05
"p422": 1.1290058538953523E-05
"p423": 0
"p424": 0.00045348401798129976
"p425": 0.00011666393823585307
"p426": 1.1290058538953521E-05
"p427": 0
"p428": 0.0018421612182725827
"p429": 0.0007188003936467076
"p430": 9.784717400426387E-05
"p431": 0
"p432": 0.0001580608195453493
"p433": 4.3278557732655166E-05
"p434": 0
"p435": 0
"p436": 0.0007282087757625021
"p437": 0.00023520955289486504
"p438": 4.139688130949624E-05
"p439": 0
"p440": 0.0007244454229161843
