"p378": 0
"p379": 0
"p380": 0
"p381": 0
"p382": 0
"p383": 0
"p384": 0.0003650452260928305
"p385": 8.091208619583358E-05
"p386": 5.645029269476761E-06
"p387": 0
"p388": 0
"p389": 0
"p390": 0
"p391": 0
"p392": 0.0002709614049348845
"p393": 3.575185204001949E-05
"p394": 0
"p395": 0
"p396": 0.0006472966895666685
"p397": 9.972885042742277E-05
"p398": 5.645029269476761E-06
"p399": 0
"p400": 0.0001844042894695742
"p401": 4.327855773265517E-05
"p402": 5.645029269476761E-06
"p403": 0
"p404": 2.2580117077907045E-05
"p405": 0
"p406": 0
"p407": 0
"p408": 0.0001637058488148261
"p409": 2.6343469924224887E-05
"p410": 0
"p411": 0
"p412": 0.000519342692791862
"p413": 8.843879188846926E-05
"p414": 5.645029269476761E-06
"p415": 0
"p416": 0.00031423996266753966
"p417": 4.5160234155814084E-05
"p418": 0
"p419": 0
"p420": 0
"p421": 0
"p422": 0
"p423": 0
"p424": 0.00014488908458323686
"p425": 2.069844065474812E-05
"p426": 0
"p427": 0
"p428": 0.00021451111224011685
"p429": 2.0698440654748124E-05
"p430": 0
"p431": 0
"p432": 7.150370408003896E-05
"p433": 5.645029269476761E-06
"p434": 0
"p435": 0
"p436": 0
"p437": 0
"p438": 0
"p439": 0
"p440": 1.5053411385271363E-05
