"p378": 0
"p379": 0
"p380": 2.2580117077907045E-05
"p381": 5.645029269476761E-06
"p382": 0
"p383": 0
"p384": 0.009261611354788205
"p385": 0.004341027508227629
"p386": 0.0011459409417037825
"p387": 0.00012607232035164768
"p388": 7.714873334951573E-05
"p389": 5.645029269476761E-06
"p390": 0
"p391": 0
"p392": 0.003949638812210573
"p393": 0.0013096467905186087
"p394": 0.00019945770085484557
"p395": 7.5267056926356815E-06
"p396": 0.010080140598862338
"p397": 0.0034302961194187117
"p398": 0.0006190715432192848
"p399": 4.704191057897301E-05
"p400": 0.01574774998541701
"p401": 0.007449556959286167
"p402": 0.002120649328900104
"p403": 0.0002671980520885667
"p404": 0.0011402959124343058
"p405": 0.0001806409366232564
"p406": 5.645029269476761E-06
"p407": 0
"p408": 0.009735793813424258
"p409": 0.0031649797437533042
"p410": 0.00037821696105494305
"p411": 9.408382115794602E-06
"p412": 0.024130618450590002
"p413": 0.008845760865270086
"p414": 0.0014112573173691901
"p415": 0.00010349220327374063
"p416": 0.005010904314872204
"p417": 0.002199679738672778
"p418": 0.00046853742936657115
"p419": 1.3171734962112442E-05
"p420": 0
"p421": 0
"p422": 0
"p423": 0
"p424": 0.0015429746669903147
"p425": 0.0005212243692150209
"p426": 6.962202765688005E-05
"p427": 0
"p428": 0.00277170937131309
"p429": 0.0008655711546531035
"p430": 0.00016182417239166713
"p431": 9.408382115794602E-06
"p432": 0.005411701393005054
"p433": 0.002169572915902235
"p434": 0.0004083237838254857
"p435": 1.5053411385271363E-05
"p436": 6.39769983874033E-05
"p437": 2.2580117077907045E-05
"p438": 0
"p439": 0
"p440": 0.0015147495206429306
