"p378": 0.00019004931873905094
"p379": 7.5267056926356815E-06
"p380": 0.0013529253482512634
"p381": 0.00029354152201279153
"p382": 3.3870175616860565E-05
"p383": 0
"p384": 0.012612877064434248
"p385": 0.0057184146499799585
"p386": 0.0015128678442197722
"p387": 0.00019004931873905096
"p388": 0.0008467543904215141
"p389": 0.0001580608195453493
"p390": 5.645029269476761E-06
"p391": 0
"p392": 0.011491397916231529
"p393": 0.004092646220370652
"p394": 0.0007470255399940914
"p395": 4.327855773265516E-05
"p396": 0.021797339685872937
"p397": 0.007780732009762137
"p398": 0.0015862532247229702
"p399": 0.00018440428946957417
"p400": 0.00024461793501065964
"p401": 5.2686939848449775E-05
"p402": 5.645029269476761E-06
"p403": 0
"p404": 0.00012419064392848875
"p405": 1.6935087808430282E-05
"p406": 0
"p407": 0
"p408": 1.6935087808430282E-05
"p409": 1.8816764231589204E-06
"p410": 0
"p411": 0
"p412": 0.00010913723254321737
"p413": 1.5053411385271363E-05
"p414": 0
"p415": 0
"p416": 0.011869614877286471
"p417": 0.005317617571847109
"p418": 0.0012927117027101784
"p419": 0.00012983567319796552
"p420": 3.387017561686057E-05
"p421": 1.8816764231589204E-06
"p422": 0
"p423": 0
"p424": 0.006981019529919596
"p425": 0.0025383814948413837
"p426": 0.00045724737082761767
"p427": 3.010682277054273E-05
"p428": 0.010225029683445575
"p429": 0.0035168532348840223
"p430": 0.0007225637464930253
"p431": 7.903040977267465E-05
"p432": 0.010834692844549066
"p433": 0.004327855773265516
"p434": 0.0008542810961141499
"p435": 4.139688130949625E-05
"p436": 0.0001016105268505817
"p437": 2.6343469924224887E-05
"p438": 0
"p439": 0
"p440": 0.005404174687312418
