"p378": 5.645029269476761E-06
"p379": 0
"p380": 0.00017687758377693853
"p381": 1.8816764231589207E-05
"p382": 0
"p383": 0
"p384": 0.001153467647396418
"p385": 0.0005080526342529085
"p386": 0.00012419064392848873
"p387": 3.7633528463178407E-06
"p388": 0
"p389": 0
"p390": 0
"p391": 0
"p392": 0.00044595731228866414
"p393": 0.00019381267158536877
"p394": 4.892358700213193E-05
"p395": 0
"p396": 0.0005118159870992264
"p397": 0.00012042729108217089
"p398": 0
"p399": 0
"p400": 0.001247551468554364
"p401": 0.00039327037244021434
"p402": 6.021364554108546E-05
"p403": 1.1290058538953523E-05
"p404": 0.00046289240009709436
"p405": 5.080526342529086E-05
"p406": 0
"p407": 0
"p408": 0.0006303616017582384
"p409": 0.00020886608297064014
"p410": 3.951520488633734E-05
"p411": 1.1290058538953523E-05
"p412": 0.0016558752523798499
"p413": 0.0005626212505245172
"p414": 9.03204683116282E-05
"p415": 1.8816764231589204E-06
"p416": 0.012752121119748001
"p417": 0.0057259413556725956
"p418": 0.001396203905983919
"p419": 0.00013548070246744229
"p420": 7.714873334951573E-05
"p421": 5.645029269476761E-06
"p422": 0
"p423": 0
"p424": 0.005216007044996526
"p425": 0.0017198522507672531
"p426": 0.00025778966997277205
"p427": 1.3171734962112444E-05
"p428": 0.012076599283833955
"p429": 0.003913886960170555
"p430": 0.0006774035123372113
"p431": 4.892358700213193E-05
"p432": 0.0186568217356207
"p433": 0.00862748640018365
"p434": 0.00235397720537181
"p435": 0.00027660643420436136
"p436": 0.0009784717400426386
"p437": 0.00016370584881482606
"p438": 5.645029269476761E-06
"p439": 0
"p440": 0.010729318964852168
