"p378": 0
"p379": 0
"p380": 0
"p381": 0
"p382": 0
"p383": 0
"p384": 6.774035123372112E-05
"p385": 9.408382115794602E-06
"p386": 0
"p387": 0
"p388": 7.903040977267465E-05
"p389": 3.7633528463178407E-06
"p390": 0
"p391": 0
"p392": 0.00035940019682335374
"p393": 6.021364554108546E-05
"p394": 5.645029269476761E-06
"p395": 0
"p396": 0.0006962202765688004
"p397": 0.00011666393823585307
"p398": 5.645029269476761E-06
"p399": 0
"p400": 8.27937626189925E-05
"p401": 1.5053411385271361E-05
"p402": 0
"p403": 0
"p404": 8.655711546531033E-05
"p405": 3.7633528463178407E-06
"p406": 0
"p407": 0
"p408": 0.0002615530228190899
"p409": 5.456861627160869E-05
"p410": 5.645029269476761E-06
"p411": 0
"p412": 0.0004290222244802338
"p413": 6.962202765688006E-05
"p414": 5.645029269476761E-06
"p415": 0
"p416": 7.5267056926356815E-06
"p417": 0
"p418": 0
"p419": 0
"p420": 9.408382115794602E-06
"p421": 3.7633528463178407E-06
"p422": 0
"p423": 0
"p424": 0.00019945770085484554
"p425": 1.6935087808430286E-05
"p426": 0
"p427": 0
"p428": 0.000447838988711823
"p429": 6.209532196424438E-05
"p430": 0
"p431": 0
"p432": 7.5267056926356815E-06
"p433": 0
"p434": 0
"p435": 0
"p436": 9.408382115794602E-06
"p437": 3.7633528463178407E-06
"p438": 0
"p439": 0
"p440": 4.8923587002131926E-05
