"p378": 0
"p379": 0
"p380": 0
"p381": 0
"p382": 0
"p383": 0
"p384": 6.962202765688006E-05
"p385": 3.7633528463178407E-06
"p386": 0
"p387": 0
"p388": 1.6935087808430286E-05
"p389": 0
"p390": 0
"p391": 0
"p392": 0.00031423996266753966
"p393": 6.209532196424438E-05
"p394": 5.645029269476761E-06
"p395": 0
"p396": 0.0004327855773265517
"p397": 6.774035123372113E-05
"p398": 5.645029269476761E-06
"p399": 0
"p400": 0
"p401": 0
"p402": 0
"p403": 0
"p404": 0
"p405": 0
"p406": 0
"p407": 0
"p408": 0
"p409": 0
"p410": 0
"p411": 0
"p412": 0
"p413": 0
"p414": 0
"p415": 0
"p416": 5.645029269476761E-05
"p417": 3.7633528463178407E-06
"p418": 0
"p419": 0
"p420": 0
"p421": 0
"p422": 0
"p423": 0
"p424": 0.0011064257368174452
"p425": 0.00017123255450746173
"p426": 5.645029269476761E-06
"p427": 0
"p428": 0.0005757929854866297
"p429": 6.021364554108546E-05
"p430": 5.645029269476761E-06
"p431": 0
"p432": 4.139688130949625E-05
"p433": 7.5267056926356815E-06
"p434": 0
"p435": 0
"p436": 0
"p437": 0
"p438": 0
"p439": 0
"p440": 7.903040977267465E-05
