"p378": 6.021364554108546E-05
"p379": 0
"p380": 0.002587305081843515
"p381": 0.0008580444489604677
"p382": 0.00013548070246744226
"p383": 0
"p384": 0.00139432222956076
"p385": 0.0004327855773265517
"p386": 5.080526342529085E-05
"p387": 0
"p388": 0.0019757602443168662
"p389": 0.000566384603370835
"p390": 8.655711546531033E-05
"p391": 1.1290058538953523E-05
"p392": 0.007487190487749345
"p393": 0.0028112245761994273
"p394": 0.0005795563383329474
"p395": 7.150370408003898E-05
"p396": 0.014430576489205767
"p397": 0.00620765052000128
"p398": 0.0013548070246744229
"p399": 0.00011666393823585305
"p400": 0.005279984043383932
"p401": 0.001838397865426265
"p402": 0.0002973048748591094
"p403": 1.6935087808430282E-05
"p404": 0.006145555198037035
"p405": 0.0019738785678937074
"p406": 0.00033305672689912887
"p407": 4.139688130949624E-05
"p408": 0.018419730506302683
"p409": 0.006794733564026862
"p410": 0.0013867955238681244
"p411": 0.0001749959073537796
"p412": 0.02994499859815106
"p413": 0.012562071801008955
"p414": 0.0030257356884395444
"p415": 0.000353755167553877
"p416": 0.00015241579027587258
"p417": 3.575185204001949E-05
"p418": 5.645029269476761E-06
"p419": 0
"p420": 0.0003706902553623074
"p421": 0.00010725555612005845
"p422": 2.6343469924224884E-05
"p423": 5.645029269476761E-06
"p424": 0.002101832564668514
"p425": 0.0006811668651835291
"p426": 0.0001298356731979655
"p427": 1.8816764231589204E-06
"p428": 0.00589341055733374
"p429": 0.0023163436769086314
"p430": 0.0004177321659412803
"p431": 1.1290058538953523E-05
"p432": 0.0004403122830191874
"p433": 0.00014112573173691902
"p434": 1.1290058538953523E-05
"p435": 0
"p436": 0.0015693181369145397
"p437": 0.0005456861627160869
"p438": 0.0001110189089663763
"p439": 7.5267056926356815E-06
"p440": 0.0028695565453173534
