"p378": 0
"p379": 0
"p380": 0
"p381": 0
"p382": 0
"p383": 0
"p384": 8.27937626189925E-05
"p385": 1.5053411385271361E-05
"p386": 0
"p387": 0
"p388": 8.655711546531033E-05
"p389": 3.7633528463178407E-06
"p390": 0
"p391": 0
"p392": 0.0002615530228190899
"p393": 5.456861627160869E-05
"p394": 5.645029269476761E-06
"p395": 0
"p396": 0.0004290222244802338
"p397": 6.962202765688006E-05
"p398": 5.645029269476761E-06
"p399": 0
"p400": 0
"p401": 0
"p402": 0
"p403": 0
"p404": 0
"p405": 0
"p406": 0
"p407": 0
"p408": 0
"p409": 0
"p410": 0
"p411": 0
"p412": 0
"p413": 0
"p414": 0
"p415": 0
"p416": 3.3870175616860565E-05
"p417": 1.8816764231589204E-06
"p418": 0
"p419": 0
"p420": 5.645029269476761E-05
"p421": 3.7633528463178407E-06
"p422": 0
"p423": 0
"p424": 0.0005099343106760674
"p425": 6.585867481056221E-05
"p426": 5.645029269476761E-06
"p427": 0
"p428": 0.0011497042945501001
"p429": 0.00016558752523798497
"p430": 5.645029269476761E-06
"p431": 0
"p432": 4.3278557732655166E-05
"p433": 7.5267056926356815E-06
"p434": 0
"p435": 0
"p436": 4.139688130949625E-05
"p437": 7.5267056926356815E-06
"p438": 0
"p439": 0
"p440": 5.2686939848449775E-05
