"p378": 0.00017875926020009743
"p379": 9.408382115794602E-06
"p380": 0.0022749467955991342
"p381": 0.0007470255399940914
"p382": 8.655711546531033E-05
"p383": 5.645029269476761E-06
"p384": 0.00024461793501065964
"p385": 3.575185204001948E-05
"p386": 0
"p387": 0
"p388": 0.0010687922083542668
"p389": 0.0002709614049348845
"p390": 3.0106822770542726E-05
"p391": 0
"p392": 1.5053411385271363E-05
"p393": 0
"p394": 0
"p395": 0
"p396": 0.0007451438635709324
"p397": 0.00024085458216434183
"p398": 4.139688130949625E-05
"p399": 0
"p400": 0
"p401": 0
"p402": 0
"p403": 0
"p404": 6.021364554108545E-05
"p405": 1.6935087808430286E-05
"p406": 0
"p407": 0
"p408": 0
"p409": 0
"p410": 0
"p411": 0
"p412": 0
"p413": 0
"p414": 0
"p415": 0
"p416": 0.007536114074751477
"p417": 0.002523328083456112
"p418": 0.00036692690251598946
"p419": 1.5053411385271363E-05
"p420": 0.013049425994607119
"p421": 0.005539655389779864
"p422": 0.0012268530278996166
"p423": 4.139688130949625E-05
"p424": 0.003255300212064931
"p425": 0.001204272910821709
"p426": 4.327855773265517E-05
"p427": 1.8816764231589204E-06
"p428": 0.010680395377850035
"p429": 0.003394544267378694
"p430": 0.00015994249596850828
"p431": 1.8816764231589204E-06
"p432": 0.001702917162958823
"p433": 0.0004440756358655052
"p434": 6.962202765688005E-05
"p435": 0
"p436": 0.004055012691907474
"p437": 0.0015335662848745203
"p438": 0.0002878964927433148
"p439": 9.408382115794602E-06
"p440": 0.0004647740765202533
