"p378": 5.645029269476761E-06
"p379": 0
"p380": 0.0005325144277539744
"p381": 8.655711546531033E-05
"p382": 5.645029269476761E-06
"p383": 0
"p384": 0.0043372641553813115
"p385": 0.0015693181369145395
"p386": 0.00024085458216434183
"p387": 1.8816764231589203E-05
"p388": 0.005221652074266006
"p389": 0.0015316846084513615
"p390": 0.00023897290574118285
"p391": 3.0106822770542726E-05
"p392": 0.011186566335679783
"p393": 0.003936467077248461
"p394": 0.000733853805031979
"p395": 4.7041910578973015E-05
"p396": 0.02275511298526083
"p397": 0.009485530849144119
"p398": 0.0023050536183696776
"p399": 0.0002747247577812024
"p400": 0
"p401": 0
"p402": 0
"p403": 0
"p404": 0.00022768284720222937
"p405": 1.6935087808430282E-05
"p406": 0
"p407": 0
"p408": 2.0698440654748124E-05
"p409": 0
"p410": 0
"p411": 0
"p412": 0.00015053411385271363
"p413": 2.6343469924224887E-05
"p414": 0
"p415": 0
"p416": 0.001209917940091186
"p417": 0.0004214955187875981
"p418": 3.575185204001949E-05
"p419": 0
"p420": 0.0017857109255778156
"p421": 0.0006002547789876956
"p422": 0.0001373623788906012
"p423": 1.6935087808430282E-05
"p424": 0.007600091073138882
"p425": 0.00271902243146464
"p426": 0.000521224369215021
"p427": 3.387017561686057E-05
"p428": 0.01736599170933368
"p429": 0.007511652281250411
"p430": 0.0017612491320767494
"p431": 0.00015241579027587258
"p432": 0.0012550781742469998
"p433": 0.0003688085789391484
"p434": 2.8225146347383805E-05
"p435": 0
"p436": 0.002692678961540415
"p437": 0.0008599261253836267
"p438": 0.00017123255450746173
"p439": 1.8816764231589203E-05
"p440": 0.006858710562414264
