"p378": 1.1290058538953523E-05
"p379": 0
"p380": 0
"p381": 0
"p382": 0
"p383": 0
"p384": 0.002199679738672778
"p385": 0.0005249877220613388
"p386": 6.39769983874033E-05
"p387": 3.7633528463178407E-06
"p388": 0
"p389": 0
"p390": 0
"p391": 0
"p392": 0.004079474485408539
"p393": 0.001364215406790217
"p394": 0.00026907972851172564
"p395": 4.139688130949625E-05
"p396": 0.0009671816815036851
"p397": 0.0003443467854380824
"p398": 5.833196911792654E-05
"p399": 1.1290058538953523E-05
"p400": 0
"p401": 0
"p402": 0
"p403": 0
"p404": 0
"p405": 0
"p406": 0
"p407": 0
"p408": 0.00037633528463178407
"p409": 8.655711546531033E-05
"p410": 5.645029269476761E-06
"p411": 0
"p412": 3.3870175616860565E-05
"p413": 0
"p414": 0
"p415": 0
"p416": 0.008949253068543826
"p417": 0.002862029839624718
"p418": 0.0005814380147561064
"p419": 8.279376261899248E-05
"p420": 0.0011835744701669609
"p421": 0.0002577896699727721
"p422": 2.2580117077907045E-05
"p423": 0
"p424": 0.0711574756181778
"p425": 0.031117283009779097
"p426": 0.008249269439128716
"p427": 0.0011722844116280086
"p428": 0.03645183566943461
"p429": 0.012381430864385694
"p430": 0.002485694554992934
"p431": 0.00023332787647170608
"p432": 0.0020228021548958394
"p433": 0.0005964914261413777
"p434": 0.00010537387969689955
"p435": 2.2580117077907045E-05
"p436": 6.774035123372114E-05
"p437": 0
"p438": 0
"p439": 0
"p440": 0.02590692099405202
