"p378": 0
"p379": 0
"p380": 0
"p381": 0
"p382": 0
"p383": 0
"p384": 5.645029269476761E-06
"p385": 0
"p386": 0
"p387": 0
"p388": 4.704191057897301E-05
"p389": 5.645029269476761E-06
"p390": 0
"p391": 0
"p392": 0
"p393": 0
"p394": 0
"p395": 0
"p396": 1.1290058538953523E-05
"p397": 0
"p398": 0
"p399": 0
"p400": 5.645029269476761E-06
"p401": 0
"p402": 0
"p403": 0
"p404": 1.5053411385271363E-05
"p405": 0
"p406": 0
"p407": 0
"p408": 0
"p409": 0
"p410": 0
"p411": 0
"p412": 1.3171734962112442E-05
"p413": 7.5267056926356815E-06
"p414": 0
"p415": 0
"p416": 0.00041396881309496247
"p417": 7.150370408003898E-05
"p418": 5.645029269476761E-06
"p419": 0
"p420": 0.0008806245660383746
"p421": 0.0001599424959685082
"p422": 5.645029269476761E-06
"p423": 0
"p424": 0.0001298356731979655
"p425": 1.3171734962112442E-05
"p426": 0
"p427": 0
"p428": 0.0004083237838254857
"p429": 4.516023415581409E-05
"p430": 0
"p431": 0
"p432": 0.00020510273012432233
"p433": 4.327855773265517E-05
"p434": 5.645029269476761E-06
"p435": 0
"p436": 0.00032929337405281106
"p437": 5.6450292694767617E-05
"p438": 5.645029269476761E-06
"p439": 0
"p440": 9.972885042742278E-05
