"p378": 0
"p379": 0
"p380": 0
"p381": 0
"p382": 0
"p383": 0
"p384": 0.0001844042894695742
"p385": 4.327855773265517E-05
"p386": 5.645029269476761E-06
"p387": 0
"p388": 2.2580117077907045E-05
"p389": 0
"p390": 0
"p391": 0
"p392": 0.0001637058488148261
"p393": 2.6343469924224887E-05
"p394": 0
"p395": 0
"p396": 0.0005231060456381798
"p397": 8.843879188846926E-05
"p398": 5.645029269476761E-06
"p399": 0
"p400": 0
"p401": 0
"p402": 0
"p403": 0
"p404": 0
"p405": 0
"p406": 0
"p407": 0
"p408": 0
"p409": 0
"p410": 0
"p411": 0
"p412": 0
"p413": 0
"p414": 0
"p415": 0
"p416": 0.0007131553643772308
"p417": 0.0001204272910821709
"p418": 5.645029269476761E-06
"p419": 0
"p420": 0
"p421": 0
"p422": 0
"p423": 0
"p424": 0.00044407563586550515
"p425": 6.209532196424438E-05
"p426": 0
"p427": 0
"p428": 0.0008241742733436071
"p429": 0.00010913723254321737
"p430": 5.645029269476761E-06
"p431": 0
"p432": 6.585867481056221E-05
"p433": 5.645029269476761E-06
"p434": 0
"p435": 0
"p436": 0
"p437": 0
"p438": 0
"p439": 0
"p440": 1.5053411385271363E-05
