"p378": 1.8816764231589203E-05
"p379": 0
"p380": 0.0007357354814551377
"p381": 0.00012607232035164766
"p382": 1.1290058538953521E-05
"p383": 0
"p384": 0.011107535925907108
"p385": 0.004395596124499237
"p386": 0.0010048152099668632
"p387": 0.0001373623788906012
"p388": 0.015495605344713717
"p389": 0.007005481323420663
"p390": 0.0018271078068873123
"p391": 0.00021639278866327586
"p392": 0.006328077811083449
"p393": 0.002054790654089541
"p394": 0.0002935415220127916
"p395": 1.317173496211244E-05
"p396": 0.016221932444053056
"p397": 0.005430518157236645
"p398": 0.0009220214473478711
"p399": 6.774035123372113E-05
"p400": 4.327855773265517E-05
"p401": 5.645029269476761E-06
"p402": 0
"p403": 0
"p404": 0.0003688085789391484
"p405": 6.962202765688006E-05
"p406": 5.645029269476761E-06
"p407": 0
"p408": 0
"p409": 0
"p410": 0
"p411": 0
"p412": 8.27937626189925E-05
"p413": 1.1290058538953523E-05
"p414": 0
"p415": 0
"p416": 0.006749573329871047
"p417": 0.002594831787536151
"p418": 0.0005814380147561064
"p419": 7.526705692635681E-05
"p420": 0.015066583120233481
"p421": 0.006638554420904673
"p422": 0.0015768448426071754
"p423": 0.00014865243742955472
"p424": 0.0029222434851658026
"p425": 0.0009257848001941889
"p426": 0.00013548070246744226
"p427": 9.408382115794602E-06
"p428": 0.0068700006209532205
"p429": 0.0021507561516706467
"p430": 0.0003123582862443808
"p431": 1.5053411385271365E-05
"p432": 0.0064466234257424615
"p433": 0.00212629435816958
"p434": 0.00039327037244021434
"p435": 3.1988499193701654E-05
"p436": 0.01250185815546787
"p437": 0.004920583846560578
"p438": 0.0009483649172720959
"p439": 4.139688130949625E-05
"p440": 0.0021865080037106652
