"p378": 5.645029269476761E-06
"p379": 0
"p380": 0.0004760641350592069
"p381": 0.00011666393823585305
"p382": 5.645029269476761E-06
"p383": 0
"p384": 0.0002784881106275202
"p385": 5.456861627160869E-05
"p386": 0
"p387": 0
"p388": 0.0023746756460265575
"p389": 0.000541922809869769
"p390": 6.39769983874033E-05
"p391": 3.7633528463178407E-06
"p392": 0.0016953904572661871
"p393": 0.0005042892814065907
"p394": 8.091208619583358E-05
"p395": 1.1290058538953523E-05
"p396": 0.0029504686315131867
"p397": 0.0011515859709732592
"p398": 0.0002464996114338186
"p399": 4.139688130949625E-05
"p400": 0
"p401": 0
"p402": 0
"p403": 0
"p404": 0
"p405": 0
"p406": 0
"p407": 0
"p408": 5.080526342529084E-05
"p409": 0
"p410": 0
"p411": 0
"p412": 0.0003594001968233538
"p413": 8.655711546531033E-05
"p414": 5.645029269476761E-06
"p415": 0
"p416": 0.009035810184009136
"p417": 0.0032722352998733628
"p418": 0.0006284799253350793
"p419": 3.575185204001949E-05
"p420": 0.009833640987428519
"p421": 0.003035144070555339
"p422": 0.0005927280732950598
"p423": 8.279376261899248E-05
"p424": 0.041116511522445595
"p425": 0.01594344433342554
"p426": 0.0036542156137746255
"p427": 0.00039891540170969124
"p428": 0.06541083582185042
"p429": 0.027728383771669862
"p430": 0.007156015437273376
"p431": 0.0010085785628131817
"p432": 0.001650230223110373
"p433": 0.000494880899290796
"p434": 6.774035123372114E-05
"p435": 0
"p436": 0.0020961875353990374
"p437": 0.0005964914261413777
"p438": 0.00010537387969689955
"p439": 2.2580117077907045E-05
"p440": 0.014407996372127859
