"p378": 0
"p379": 0
"p380": 5.080526342529085E-05
"p381": 0
"p382": 0
"p383": 0
"p384": 0.0005155793399455441
"p385": 0.0001110189089663763
"p386": 9.408382115794602E-06
"p387": 0
"p388": 0.0019343633630073708
"p389": 0.0005889647204487421
"p390": 9.972885042742278E-05
"p391": 2.2580117077907045E-05
"p392": 5.833196911792654E-05
"p393": 2.6343469924224887E-05
"p394": 3.7633528463178407E-06
"p395": 0
"p396": 0.0014846426978723883
"p397": 0.0004986442521371139
"p398": 8.279376261899251E-05
"p399": 1.8816764231589204E-06
"p400": 1.1290058538953523E-05
"p401": 0
"p402": 0
"p403": 0
"p404": 0.0001204272910821709
"p405": 2.8225146347383808E-05
"p406": 0
"p407": 0
"p408": 0
"p409": 0
"p410": 0
"p411": 0
"p412": 0
"p413": 0
"p414": 0
"p415": 0
"p416": 0.014884060507187064
"p417": 0.005421109775120849
"p418": 0.0010443304148532006
"p419": 7.526705692635681E-05
"p420": 0.027336995075652806
"p421": 0.012349442365191997
"p422": 0.0032421284771028207
"p423": 0.0003706902553623074
"p424": 0.0061794253736538966
"p425": 0.002037855566281111
"p426": 0.00017875926020009743
"p427": 1.8816764231589204E-06
"p428": 0.022839788424302985
"p429": 0.007716755011374733
"p430": 0.0010255136506216117
"p431": 6.39769983874033E-05
"p432": 0.004830263378248948
"p433": 0.0013905588767144422
"p434": 0.00024461793501065964
"p435": 1.8816764231589203E-05
"p436": 0.009916434750047514
"p437": 0.003928940371555827
"p438": 0.0008618078018067855
"p439": 6.209532196424438E-05
"p440": 0.0014714709629102757
