"p378": 5.645029269476761E-06
"p379": 0
"p380": 0.0004459573122886641
"p381": 6.585867481056221E-05
"p382": 5.645029269476761E-06
"p383": 0
"p384": 9.032046831162818E-05
"p385": 1.1290058538953523E-05
"p386": 0
"p387": 0
"p388": 0.0016502302231103732
"p389": 0.00031423996266753966
"p390": 3.575185204001949E-05
"p391": 1.8816764231589204E-06
"p392": 0.0005513311919855637
"p393": 0.00013736237889060116
"p394": 1.3171734962112444E-05
"p395": 0
"p396": 0.0014902877271418652
"p397": 0.0005456861627160869
"p398": 0.00010161052685058171
"p399": 2.2580117077907045E-05
"p400": 0
"p401": 0
"p402": 0
"p403": 0
"p404": 0
"p405": 0
"p406": 0
"p407": 0
"p408": 1.1290058538953523E-05
"p409": 0
"p410": 0
"p411": 0
"p412": 0.0001204272910821709
"p413": 2.8225146347383808E-05
"p414": 0
"p415": 0
"p416": 0.005532128684087226
"p417": 0.0019832869500095015
"p418": 0.00027660643420436126
"p419": 1.8816764231589203E-05
"p420": 0.006900107443723762
"p421": 0.002049145624820064
"p422": 0.00034434678543808234
"p423": 4.139688130949624E-05
"p424": 0.01828048645098892
"p425": 0.006403344868009808
"p426": 0.0011779294408974844
"p427": 7.526705692635681E-05
"p428": 0.039347735684676206
"p429": 0.016506065583950055
"p430": 0.003927058695132667
"p431": 0.00043278557732655173
"p432": 0.0009822350928889562
"p433": 0.0002784881106275202
"p434": 2.2580117077907045E-05
"p435": 0
"p436": 0.0013623337303670584
"p437": 0.0003180033155138576
"p438": 4.704191057897301E-05
"p439": 1.1290058538953523E-05
"p440": 0.005820025176830542
