"p378": 0.0006886935708761649
"p379": 5.6450292694767617E-05
"p380": 0.007679121482911556
"p381": 0.002658808785923554
"p382": 0.0004666557529434123
"p383": 4.516023415581409E-05
"p384": 0.006811668651835292
"p385": 0.0028394497225468105
"p386": 0.0006585867481056221
"p387": 2.8225146347383808E-05
"p388": 0.00041208713667180354
"p389": 6.209532196424438E-05
"p390": 0
"p391": 0
"p392": 0.004254470392762319
"p393": 0.001367978759636535
"p394": 0.00012230896750532982
"p395": 1.8816764231589204E-06
"p396": 0.010275834946870864
"p397": 0.0033437390039534015
"p398": 0.0003330567268991289
"p399": 9.408382115794602E-06
"p400": 9.032046831162818E-05
"p401": 1.8816764231589203E-05
"p402": 0
"p403": 0
"p404": 7.714873334951574E-05
"p405": 0
"p406": 0
"p407": 0
"p408": 9.408382115794602E-06
"p409": 0
"p410": 0
"p411": 0
"p412": 3.951520488633733E-05
"p413": 9.408382115794602E-06
"p414": 0
"p415": 0
"p416": 0.005009022638449046
"p417": 0.0022260232085970027
"p418": 0.000474182458636048
"p419": 1.3171734962112444E-05
"p420": 9.408382115794602E-06
"p421": 0
"p422": 0
"p423": 0
"p424": 0.0018666230117736489
"p425": 0.0006943386001456416
"p426": 5.833196911792653E-05
"p427": 0
"p428": 0.003791577992665225
"p429": 0.0014733526393334345
"p430": 0.00016182417239166716
"p431": 7.5267056926356815E-06
"p432": 0.004824618348979472
"p433": 0.0018760313938894436
"p434": 0.00033870175616860566
"p435": 9.408382115794602E-06
"p436": 3.951520488633733E-05
"p437": 5.645029269476761E-06
"p438": 0
"p439": 0
"p440": 0.0012607232035164765
