"p378": 5.645029269476761E-06
"p379": 0
"p380": 0.00013736237889060116
"p381": 1.3171734962112442E-05
"p382": 0
"p383": 0
"p384": 0.0012343797335922515
"p385": 0.00040267875455600894
"p386": 6.585867481056221E-05
"p387": 1.1290058538953523E-05
"p388": 0.00046289240009709436
"p389": 5.080526342529086E-05
"p390": 0
"p391": 0
"p392": 0.0006322432781813972
"p393": 0.00020886608297064014
"p394": 3.951520488633734E-05
"p395": 1.1290058538953523E-05
"p396": 0.0016596386052261677
"p397": 0.0005626212505245172
"p398": 9.03204683116282E-05
"p399": 1.8816764231589204E-06
"p400": 0.0001204272910821709
"p401": 2.8225146347383808E-05
"p402": 0
"p403": 0
"p404": 0
"p405": 0
"p406": 0
"p407": 0
"p408": 3.7633528463178407E-06
"p409": 0
"p410": 0
"p411": 0
"p412": 7.5267056926356815E-06
"p413": 0
"p414": 0
"p415": 0
"p416": 0.02340429135125065
"p417": 0.01080834937462484
"p418": 0.0029316518672815985
"p419": 0.0003499918147075592
"p420": 0.0010142235920826582
"p421": 0.00016558752523798497
"p422": 5.645029269476761E-06
"p423": 0
"p424": 0.012588415270933179
"p425": 0.004231890275684413
"p426": 0.0005701479562171528
"p427": 2.2580117077907045E-05
"p428": 0.030264883590088085
"p429": 0.010795177639662729
"p430": 0.0017612491320767496
"p431": 0.0001279539967748066
"p432": 0.008732860279880551
"p433": 0.003466047971458731
"p434": 0.0007658423042256804
"p435": 5.6450292694767617E-05
"p436": 4.139688130949625E-05
"p437": 3.7633528463178407E-06
"p438": 0
"p439": 0
"p440": 0.003545078381231405
