"p378": 0.0005701479562171529
"p379": 4.892358700213193E-05
"p380": 0.006651726155866787
"p381": 0.0022994085891002
"p382": 0.000425258871633916
"p383": 4.7041910578973015E-05
"p384": 0.0007733690099183164
"p385": 0.0002408545821643418
"p386": 3.0106822770542726E-05
"p387": 0
"p388": 0.0002088660829706401
"p389": 0
"p390": 0
"p391": 0
"p392": 0.00027096140493488446
"p393": 5.833196911792653E-05
"p394": 0
"p395": 0
"p396": 0.0008091208619583357
"p397": 0.0002483812878569775
"p398": 4.139688130949625E-05
"p399": 0
"p400": 6.021364554108545E-05
"p401": 1.6935087808430286E-05
"p402": 0
"p403": 0
"p404": 0
"p405": 0
"p406": 0
"p407": 0
"p408": 0
"p409": 0
"p410": 0
"p411": 0
"p412": 0
"p413": 0
"p414": 0
"p415": 0
"p416": 0.011338982125955657
"p417": 0.004805801584747884
"p418": 0.0010876089725858561
"p419": 4.139688130949625E-05
"p420": 0.00042149551878759814
"p421": 6.209532196424438E-05
"p422": 0
"p423": 0
"p424": 0.006072169817533838
"p425": 0.0020340922134347936
"p426": 0.0001768775837769385
"p427": 1.8816764231589204E-06
"p428": 0.013973329118378149
"p429": 0.0047738130855541835
"p430": 0.0004854725171750016
"p431": 1.6935087808430286E-05
"p432": 0.0036335171731198754
"p433": 0.0013905588767144424
"p434": 0.00026343469924224885
"p435": 9.408382115794602E-06
"p436": 1.8816764231589203E-05
"p437": 0
"p438": 0
"p439": 0
"p440": 0.0010330403563142472
