"p378": 0
"p379": 0
"p380": 6.021364554108545E-05
"p381": 5.645029269476761E-06
"p382": 0
"p383": 0
"p384": 0.009310534941790339
"p385": 0.003400189296648169
"p386": 0.0006661134537982577
"p387": 4.7041910578973015E-05
"p388": 0.014184076877771944
"p389": 0.006465440189974051
"p390": 0.001787592602000974
"p391": 0.0002239194943559115
"p392": 0.004137806454526466
"p393": 0.001302120084825973
"p394": 0.00011666393823585305
"p395": 1.8816764231589204E-06
"p396": 0.016451496967678447
"p397": 0.005628094181668332
"p398": 0.0008053575091120179
"p399": 5.8331969117926534E-05
"p400": 2.0698440654748124E-05
"p401": 0
"p402": 0
"p403": 0
"p404": 0.00031235828624438084
"p405": 4.327855773265517E-05
"p406": 0
"p407": 0
"p408": 0
"p409": 0
"p410": 0
"p411": 0
"p412": 3.198849919370165E-05
"p413": 9.408382115794602E-06
"p414": 0
"p415": 0
"p416": 0.006077814846803312
"p417": 0.0022711834427528166
"p418": 0.0004553656944044587
"p419": 3.387017561686057E-05
"p420": 0.013886772002912835
"p421": 0.0063600663102771505
"p422": 0.0015937799304156053
"p423": 0.00014112573173691905
"p424": 0.002077370771167448
"p425": 0.0007564339221098861
"p426": 6.585867481056222E-05
"p427": 0
"p428": 0.006551997305439362
"p429": 0.002194034709403301
"p430": 0.00025026296428013644
"p431": 7.5267056926356815E-06
"p432": 0.005970559290683254
"p433": 0.0018252261304641526
"p434": 0.00033305672689912887
"p435": 2.446179350106597E-05
"p436": 0.011643813706507402
"p437": 0.0046063438838930375
"p438": 0.0009615366522342082
"p439": 6.209532196424438E-05
"p440": 0.0015862532247229698
