"p378": 0.00014488908458323686
"p379": 7.5267056926356815E-06
"p380": 0.0014620625807944805
"p381": 0.00034999181470755914
"p382": 4.5160234155814084E-05
"p383": 0
"p384": 0.002308816971215995
"p385": 0.0008523994196909912
"p386": 0.00016182417239166713
"p387": 7.5267056926356815E-06
"p388": 0.00033870175616860566
"p389": 5.080526342529086E-05
"p390": 0
"p391": 0
"p392": 0.0009239031237710301
"p393": 0.00023709122931802397
"p394": 3.0106822770542726E-05
"p395": 0
"p396": 0.0020961875353990374
"p397": 0.0006924569237224828
"p398": 0.0001373623788906012
"p399": 1.3171734962112444E-05
"p400": 0.0002784881106275202
"p401": 7.714873334951574E-05
"p402": 5.645029269476761E-06
"p403": 0
"p404": 0
"p405": 0
"p406": 0
"p407": 0
"p408": 9.408382115794602E-06
"p409": 0
"p410": 0
"p411": 0
"p412": 1.8816764231589203E-05
"p413": 0
"p414": 0
"p415": 0
"p416": 0.023607512404951823
"p417": 0.01057878485099945
"p418": 0.0027002056672330507
"p419": 0.0003161216390906987
"p420": 0.0008806245660383748
"p421": 0.00015994249596850823
"p422": 5.645029269476761E-06
"p423": 0
"p424": 0.018195811011946762
"p425": 0.00646920354282037
"p426": 0.001164757705935372
"p427": 7.150370408003898E-05
"p428": 0.031800331551385765
"p429": 0.011156459512909243
"p430": 0.002265538413483341
"p431": 0.00026155302281908997
"p432": 0.008638776458722602
"p433": 0.003545078381231405
"p434": 0.0007451438635709325
"p435": 3.7633528463178407E-05
"p436": 3.763352846317841E-05
"p437": 3.7633528463178407E-06
"p438": 0
"p439": 0
"p440": 0.0044351113293855755
