"p378": 0.0008241742733436071
"p379": 9.22021447347871E-05
"p380": 0.013405062838584152
"p381": 0.005520838625548273
"p382": 0.0012494331449775234
"p383": 0.00012230896750532982
"p384": 3.9515204886337324E-05
"p385": 1.8816764231589204E-06
"p386": 0
"p387": 0
"p388": 0.0008110025383814946
"p389": 0.0001016105268505817
"p390": 7.5267056926356815E-06
"p391": 0
"p392": 0.00023709122931802392
"p393": 3.575185204001948E-05
"p394": 0
"p395": 0
"p396": 0.0008655711546531036
"p397": 0.0002709614049348845
"p398": 3.0106822770542726E-05
"p399": 0
"p400": 0
"p401": 0
"p402": 0
"p403": 0
"p404": 0
"p405": 0
"p406": 0
"p407": 0
"p408": 0
"p409": 0
"p410": 0
"p411": 0
"p412": 6.021364554108545E-05
"p413": 1.6935087808430286E-05
"p414": 0
"p415": 0
"p416": 0.0030050372477847956
"p417": 0.0009220214473478711
"p418": 4.139688130949625E-05
"p419": 1.8816764231589204E-06
"p420": 0.003266590270603886
"p421": 0.0008862695953078515
"p422": 8.655711546531033E-05
"p423": 0
"p424": 0.008917264569350124
"p425": 0.0028620298396247186
"p426": 0.00039327037244021434
"p427": 1.5053411385271363E-05
"p428": 0.018511932651037465
"p429": 0.007227519141353415
"p430": 0.0013378719368659926
"p431": 4.327855773265517E-05
"p432": 0.0005099343106760673
"p433": 0.00013548070246744226
"p434": 0
"p435": 0
"p436": 0.0007018653058382773
"p437": 0.0001467707610063958
"p438": 5.645029269476761E-06
"p439": 0
"p440": 0.0019588251565084364
