"p378": 5.645029269476761E-06
"p379": 0
"p380": 7.903040977267465E-05
"p381": 0
"p382": 0
"p383": 0
"p384": 0.00259671346395931
"p385": 0.0009653000050805262
"p386": 0.00019945770085484554
"p387": 3.0106822770542726E-05
"p388": 0.0005419228098697691
"p389": 8.467543904215139E-05
"p390": 0
"p391": 0
"p392": 0.0014959327564113415
"p393": 0.00046665575294341233
"p394": 9.408382115794602E-05
"p395": 1.6935087808430282E-05
"p396": 0.002984338807130048
"p397": 0.0010311586798910884
"p398": 0.0002032210537011634
"p399": 2.0698440654748128E-05
"p400": 0.0003594001968233538
"p401": 8.655711546531033E-05
"p402": 5.645029269476761E-06
"p403": 0
"p404": 0
"p405": 0
"p406": 0
"p407": 0
"p408": 1.6935087808430282E-05
"p409": 0
"p410": 0
"p411": 0
"p412": 3.3870175616860565E-05
"p413": 0
"p414": 0
"p415": 0
"p416": 0.03938348753671621
"p417": 0.018425375535572153
"p418": 0.005206598662880733
"p419": 0.000807239185535177
"p420": 0.0012381430864385698
"p421": 0.0002163927886632758
"p422": 1.1290058538953523E-05
"p423": 0
"p424": 0.03491262435529062
"p425": 0.014029779411072913
"p426": 0.003420887737302918
"p427": 0.0003688085789391484
"p428": 0.045971236694195595
"p429": 0.015422219964210516
"p430": 0.0028488581046626064
"p431": 0.00022768284720222937
"p432": 0.015903929128539197
"p433": 0.0065068370712835465
"p434": 0.0014865243742955472
"p435": 0.00013359902604428335
"p436": 5.2686939848449775E-05
"p437": 7.5267056926356815E-06
"p438": 0
"p439": 0
"p440": 0.01077447919900798
