"p378": 0
"p379": 0
"p380": 0
"p381": 0
"p382": 0
"p383": 0
"p384": 3.575185204001949E-05
"p385": 5.645029269476761E-06
"p386": 0
"p387": 0
"p388": 0
"p389": 0
"p390": 0
"p391": 0
"p392": 1.6935087808430286E-05
"p393": 0
"p394": 0
"p395": 0
"p396": 1.1290058538953523E-05
"p397": 0
"p398": 0
"p399": 0
"p400": 7.5267056926356815E-06
"p401": 0
"p402": 0
"p403": 0
"p404": 0
"p405": 0
"p406": 0
"p407": 0
"p408": 1.3171734962112444E-05
"p409": 0
"p410": 0
"p411": 0
"p412": 1.3171734962112442E-05
"p413": 7.5267056926356815E-06
"p414": 0
"p415": 0
"p416": 0.0006134265139498081
"p417": 0.0001204272910821709
"p418": 5.645029269476761E-06
"p419": 0
"p420": 0
"p421": 0
"p422": 0
"p423": 0
"p424": 0.00041773216594128033
"p425": 5.268693984844976E-05
"p426": 0
"p427": 0
"p428": 0.0008015941562657001
"p429": 0.00011666393823585305
"p430": 5.645029269476761E-06
"p431": 0
"p432": 0.00023709122931802397
"p433": 4.892358700213193E-05
"p434": 5.645029269476761E-06
"p435": 0
"p436": 2.2580117077907045E-05
"p437": 0
"p438": 0
"p439": 0
"p440": 0.00019193099516220984
