"p378": 7.150370408003898E-05
"p379": 0
"p380": 0.0005155793399455441
"p381": 0.00010161052685058169
"p382": 1.1290058538953521E-05
"p383": 0
"p384": 0.009048981918971247
"p385": 0.004103936278909605
"p386": 0.0009671816815036852
"p387": 8.27937626189925E-05
"p388": 7.150370408003898E-05
"p389": 5.645029269476761E-06
"p390": 0
"p391": 0
"p392": 0.005840723617485289
"p393": 0.0022429582964054334
"p394": 0.00039891540170969113
"p395": 2.4461793501065963E-05
"p396": 0.01056184976319102
"p397": 0.0036090553796188102
"p398": 0.0006905752472993238
"p399": 7.526705692635683E-05
"p400": 0.01608833341800877
"p401": 0.0073761715787829685
"p402": 0.001981405273586343
"p403": 0.0002540263171264543
"p404": 0.000970945034350003
"p405": 0.0001749959073537796
"p406": 5.645029269476761E-06
"p407": 0
"p408": 0.014460683311976308
"p409": 0.005121923223838581
"p410": 0.0009126130652320764
"p411": 5.268693984844977E-05
"p412": 0.025438383564685453
"p413": 0.009111077240935496
"p414": 0.001849687923965219
"p415": 0.00021827446508643474
"p416": 0.004416294565153986
"p417": 0.0018327528361567885
"p418": 0.00035751852040019486
"p419": 1.1290058538953523E-05
"p420": 0
"p421": 0
"p422": 0
"p423": 0
"p424": 0.0017236156036135714
"p425": 0.0006190715432192849
"p426": 8.843879188846925E-05
"p427": 1.8816764231589204E-06
"p428": 0.0019964586849716146
"p429": 0.0005908463968719011
"p430": 0.0001298356731979655
"p431": 3.7633528463178407E-06
"p432": 0.006134265139498081
"p433": 0.0024123091744897357
"p434": 0.00044595731228866414
"p435": 1.8816764231589207E-05
"p436": 6.39769983874033E-05
"p437": 2.2580117077907045E-05
"p438": 0
"p439": 0
"p440": 0.0020340922134347923
