"p378": 0
"p379": 0
"p380": 0.0002935415220127916
"p381": 6.209532196424438E-05
"p382": 0
"p383": 0
"p384": 0.0024273625858750075
"p385": 0.0007470255399940912
"p386": 0.00010725555612005847
"p387": 0
"p388": 0.003087831010403789
"p389": 0.0008712161839225801
"p390": 0.00014112573173691902
"p391": 2.2580117077907045E-05
"p392": 0.01676197357749967
"p393": 0.006640436097327832
"p394": 0.001542974666990315
"p395": 0.0001919309951622099
"p396": 0.025295376156525377
"p397": 0.011148932807216605
"p398": 0.0028432130753931295
"p399": 0.0003631635496696717
"p400": 0.007972663004924347
"p401": 0.00301444562990059
"p402": 0.0006040181318340133
"p403": 3.575185204001949E-05
"p404": 0.008283139614745567
"p405": 0.0026663354916161897
"p406": 0.0005343961041771333
"p407": 8.279376261899248E-05
"p408": 0.028362508726274424
"p409": 0.01146129109346099
"p410": 0.0027096140493488466
"p411": 0.00029542319843595057
"p412": 0.04147403004284578
"p413": 0.017998234987515075
"p414": 0.004852843495326856
"p415": 0.0007489072164172505
"p416": 0.00029542319843595046
"p417": 6.209532196424438E-05
"p418": 5.645029269476761E-06
"p419": 0
"p420": 0.0006021364554108546
"p421": 0.00019945770085484557
"p422": 5.645029269476761E-05
"p423": 1.1290058538953523E-05
"p424": 0.007744980157722118
"p425": 0.0025929501111129926
"p426": 0.00044407563586550526
"p427": 1.8816764231589203E-05
"p428": 0.014089993056614
"p429": 0.005750403149173662
"p430": 0.0012268530278996166
"p431": 4.1396881309496255E-05
"p432": 0.0006792851887603704
"p433": 0.00020510273012432233
"p434": 1.6935087808430286E-05
"p435": 0
"p436": 0.0026625721387698725
"p437": 0.0009765900636194795
"p438": 0.00020698440654748124
"p439": 1.5053411385271363E-05
"p440": 0.00660280256886465
