"p378": 0
"p379": 0
"p380": 0
"p381": 0
"p382": 0
"p383": 0
"p384": 0
"p385": 0
"p386": 0
"p387": 0
"p388": 0
"p389": 0
"p390": 0
"p391": 0
"p392": 5.645029269476761E-06
"p393": 0
"p394": 0
"p395": 0
"p396": 4.704191057897301E-05
"p397": 5.645029269476761E-06
"p398": 0
"p399": 0
"p400": 0
"p401": 0
"p402": 0
"p403": 0
"p404": 5.645029269476761E-06
"p405": 0
"p406": 0
"p407": 0
"p408": 5.645029269476761E-06
"p409": 0
"p410": 0
"p411": 0
"p412": 1.5053411385271363E-05
"p413": 0
"p414": 0
"p415": 0
"p416": 7.150370408003895E-05
"p417": 9.408382115794602E-06
"p418": 0
"p419": 0
"p420": 8.467543904215141E-05
"p421": 3.7633528463178407E-06
"p422": 0
"p423": 0
"p424": 0.0005005259285602729
"p425": 7.714873334951574E-05
"p426": 5.645029269476761E-06
"p427": 0
"p428": 0.001089490649009015
"p429": 0.00017311423093062064
"p430": 5.645029269476761E-06
"p431": 0
"p432": 8.27937626189925E-05
"p433": 1.5053411385271361E-05
"p434": 0
"p435": 0
"p436": 8.655711546531033E-05
"p437": 3.7633528463178407E-06
"p438": 0
"p439": 0
"p440": 0.0002671980520885667
