"p378": 0
"p379": 0
"p380": 0
"p381": 0
"p382": 0
"p383": 0
"p384": 0.00019945770085484557
"p385": 4.327855773265517E-05
"p386": 5.645029269476761E-06
"p387": 0
"p388": 0.0002540263171264543
"p389": 5.080526342529086E-05
"p390": 5.645029269476761E-06
"p391": 0
"p392": 9.972885042742278E-05
"p393": 1.8816764231589203E-05
"p394": 0
"p395": 0
"p396": 0.0003405834325917646
"p397": 4.516023415581409E-05
"p398": 0
"p399": 0
"p400": 0
"p401": 0
"p402": 0
"p403": 0
"p404": 0
"p405": 0
"p406": 0
"p407": 0
"p408": 0
"p409": 0
"p410": 0
"p411": 0
"p412": 0
"p413": 0
"p414": 0
"p415": 0
"p416": 0.0004440756358655052
"p417": 6.021364554108546E-05
"p418": 5.645029269476761E-06
"p419": 0
"p420": 0.001014223592082658
"p421": 0.00016558752523798497
"p422": 5.645029269476761E-06
"p423": 0
"p424": 0.00011666393823585305
"p425": 1.6935087808430282E-05
"p426": 0
"p427": 0
"p428": 0.00040644210740232675
"p429": 4.8923587002131926E-05
"p430": 0
"p431": 0
"p432": 5.2686939848449775E-05
"p433": 0
"p434": 0
"p435": 0
"p436": 6.209532196424436E-05
"p437": 5.645029269476761E-06
"p438": 0
"p439": 0
"p440": 3.7633528463178407E-06
