"p378": 0
"p379": 0
"p380": 0
"p381": 0
"p382": 0
"p383": 0
"p384": 7.903040977267465E-05
"p385": 3.7633528463178407E-06
"p386": 0
"p387": 0
"p388": 0
"p389": 0
"p390": 0
"p391": 0
"p392": 0.0006002547789876955
"p393": 0.00010913723254321737
"p394": 5.645029269476761E-06
"p395": 0
"p396": 0.0004929992228676371
"p397": 6.774035123372114E-05
"p398": 5.645029269476761E-06
"p399": 0
"p400": 6.962202765688006E-05
"p401": 3.7633528463178407E-06
"p402": 0
"p403": 0
"p404": 1.6935087808430286E-05
"p405": 0
"p406": 0
"p407": 0
"p408": 0.00031423996266753966
"p409": 6.209532196424438E-05
"p410": 5.645029269476761E-06
"p411": 0
"p412": 0.0004327855773265517
"p413": 6.774035123372113E-05
"p414": 5.645029269476761E-06
"p415": 0
"p416": 9.408382115794602E-06
"p417": 3.7633528463178407E-06
"p418": 0
"p419": 0
"p420": 0
"p421": 0
"p422": 0
"p423": 0
"p424": 0.00044972066513498195
"p425": 6.209532196424438E-05
"p426": 0
"p427": 0
"p428": 0.00020133937727800442
"p429": 1.6935087808430286E-05
"p430": 0
"p431": 0
"p432": 9.408382115794602E-06
"p433": 3.7633528463178407E-06
"p434": 0
"p435": 0
"p436": 0
"p437": 0
"p438": 0
"p439": 0
"p440": 7.903040977267465E-05
