"p378": 0.00254590820053402
"p379": 0.0002991865512822684
"p380": 0.02121778334754
"p381": 0.010424487384300418
"p382": 0.0029561136607826636
"p383": 0.0005099343106760674
"p384": 0
"p385": 0
"p386": 0
"p387": 0
"p388": 0.00012419064392848875
"p389": 0
"p390": 0
"p391": 0
"p392": 3.198849919370165E-05
"p393": 1.8816764231589204E-06
"p394": 0
"p395": 0
"p396": 0.00031988499193701646
"p397": 0.00010161052685058171
"p398": 1.8816764231589203E-05
"p399": 0
"p400": 3.9515204886337324E-05
"p401": 1.8816764231589204E-06
"p402": 0
"p403": 0
"p404": 0.0008618078018067854
"p405": 0.0001016105268505817
"p406": 7.5267056926356815E-06
"p407": 0
"p408": 0.00023709122931802392
"p409": 3.575185204001948E-05
"p410": 0
"p411": 0
"p412": 0.0009257848001941888
"p413": 0.0002878964927433148
"p414": 3.0106822770542726E-05
"p415": 0
"p416": 0.000660468424528781
"p417": 0.00016935087808430283
"p418": 1.8816764231589204E-06
"p419": 0
"p420": 0.000760197274956204
"p421": 0.00017311423093062066
"p422": 7.5267056926356815E-06
"p423": 0
"p424": 0.002594831787536151
"p425": 0.0007696056570719985
"p426": 0.00012230896750532982
"p427": 1.8816764231589204E-06
"p428": 0.006610329274557288
"p429": 0.0026155302281908994
"p430": 0.00041961384236443927
"p431": 1.1290058538953523E-05
"p432": 0.0028940183388184194
"p433": 0.0009050863595394406
"p434": 3.951520488633733E-05
"p435": 1.8816764231589204E-06
"p436": 0.003038907423401656
"p437": 0.0008655711546531033
"p438": 8.467543904215141E-05
"p439": 0
"p440": 0.00833582655459402
