"p378": 0.00020133937727800447
"p379": 7.5267056926356815E-06
"p380": 0.004632687353817262
"p381": 0.0016577569288030087
"p382": 0.00030671325697490405
"p383": 7.5267056926356815E-06
"p384": 0.0044162945651539855
"p385": 0.0015185128734892487
"p386": 0.00026343469924224885
"p387": 1.6935087808430282E-05
"p388": 0.005097461430337516
"p389": 0.0016050699889545593
"p390": 0.0002577896699727721
"p391": 3.0106822770542726E-05
"p392": 0.01455853048598057
"p393": 0.005375949540965036
"p394": 0.0011177157953563988
"p395": 0.00013924405531376012
"p396": 0.02382578687003826
"p397": 0.009882564574430652
"p398": 0.002357740558218128
"p399": 0.0002709614049348845
"p400": 0
"p401": 0
"p402": 0
"p403": 0
"p404": 0.0002878964927433148
"p405": 3.3870175616860565E-05
"p406": 0
"p407": 0
"p408": 4.327855773265517E-05
"p409": 5.645029269476761E-06
"p410": 0
"p411": 0
"p412": 0.00024461793501065964
"p413": 5.2686939848449775E-05
"p414": 5.645029269476761E-06
"p415": 0
"p416": 0.001366097083213376
"p417": 0.00046101072367393553
"p418": 5.080526342529086E-05
"p419": 0
"p420": 0.001870386364619967
"p421": 0.000617189866796126
"p422": 0.00012419064392848875
"p423": 1.6935087808430282E-05
"p424": 0.008495769050562525
"p425": 0.0030332623941321797
"p426": 0.0006265982489119205
"p427": 7.714873334951573E-05
"p428": 0.018207101070485718
"p429": 0.007656541365833648
"p430": 0.0017198522507672533
"p431": 0.00016182417239166713
"p432": 0.0014187840230618259
"p433": 0.00043090390090339274
"p434": 4.516023415581409E-05
"p435": 0
"p436": 0.0027679460184667714
"p437": 0.0009107313888089174
"p438": 0.00017499590735377957
"p439": 1.8816764231589203E-05
"p440": 0.007566220897522019
