"p378": 5.645029269476761E-06
"p379": 0
"p380": 0.0005889647204487421
"p381": 9.03204683116282E-05
"p382": 5.645029269476761E-06
"p383": 0
"p384": 0
"p385": 0
"p386": 0
"p387": 0
"p388": 0.00020510273012432236
"p389": 5.645029269476761E-06
"p390": 0
"p391": 0
"p392": 0.00035187349113071807
"p393": 8.467543904215141E-05
"p394": 3.7633528463178407E-06
"p395": 0
"p396": 0.0014281924051776204
"p397": 0.0006585867481056221
"p398": 0.00016935087808430283
"p399": 3.7633528463178407E-06
"p400": 9.032046831162818E-05
"p401": 1.1290058538953523E-05
"p402": 0
"p403": 0
"p404": 0.0017179705743440943
"p405": 0.00031423996266753966
"p406": 3.575185204001949E-05
"p407": 1.8816764231589204E-06
"p408": 0.000545686162716087
"p409": 0.00013736237889060116
"p410": 1.3171734962112444E-05
"p411": 0
"p412": 0.0015034594621039774
"p413": 0.0005362777806002923
"p414": 9.596549758110495E-05
"p415": 2.2580117077907045E-05
"p416": 0.001471470962910276
"p417": 0.0004214955187875981
"p418": 4.139688130949625E-05
"p419": 0
"p420": 0.0019456534215463238
"p421": 0.0004929992228676373
"p422": 7.150370408003896E-05
"p423": 1.1290058538953523E-05
"p424": 0.008143895559431808
"p425": 0.002807461223353109
"p426": 0.0005588578976781993
"p427": 4.5160234155814084E-05
"p428": 0.018718917057584942
"p429": 0.007810838832532679
"p430": 0.00172549728003673
"p431": 0.000165587525237985
"p432": 0.005136976635223852
"p433": 0.0018892031288515556
"p434": 0.0002634346992422488
"p435": 1.8816764231589203E-05
"p436": 0.006081578199649633
"p437": 0.0018948481581210327
"p438": 0.00031988499193701646
"p439": 4.139688130949624E-05
"p440": 0.01588887571715393
