"p378": 1.1290058538953523E-05
"p379": 0
"p380": 1.6935087808430286E-05
"p381": 0
"p382": 0
"p383": 0
"p384": 0.004290222244802339
"p385": 0.0013548070246744226
"p386": 0.00022203781793275258
"p387": 3.0106822770542726E-05
"p388": 0.0009991701806973867
"p389": 0.0001825226130464153
"p390": 1.6935087808430286E-05
"p391": 0
"p392": 0.019016221932444052
"p393": 0.007681003159334714
"p394": 0.0019324816865842116
"p395": 0.00022580117077907044
"p396": 0.016071398330200343
"p397": 0.005795563383329475
"p398": 0.0011290058538953522
"p399": 0.00010725555612005845
"p400": 0.00022768284720222937
"p401": 1.6935087808430282E-05
"p402": 0
"p403": 0
"p404": 0
"p405": 0
"p406": 0
"p407": 0
"p408": 0.00016370584881482606
"p409": 2.6343469924224887E-05
"p410": 0
"p411": 0
"p412": 7.5267056926356815E-06
"p413": 0
"p414": 0
"p415": 0
"p416": 0.0017687758377693853
"p417": 0.0006002547789876956
"p418": 0.0001373623788906012
"p419": 1.6935087808430282E-05
"p420": 1.6935087808430282E-05
"p421": 0
"p422": 0
"p423": 0
"p424": 0.016334833029442594
"p425": 0.007028061440498569
"p426": 0.0016897454279967109
"p427": 0.00014112573173691905
"p428": 0.007786377039031614
"p429": 0.002807461223353109
"p430": 0.0005569762212550404
"p431": 4.139688130949625E-05
"p432": 0.002658808785923554
"p433": 0.0008599261253836267
"p434": 0.00017123255450746173
"p435": 1.8816764231589203E-05
"p436": 3.3870175616860565E-05
"p437": 0
"p438": 0
"p439": 0
"p440": 0.014110691497268749
