"p441": 0.0005532128684087226
"p442": 8.27937626189925E-05
"p443": 1.1290058538953523E-05
"p444": 0.0019701152150473898
"p445": 0.0004102054602486446
"p446": 1.8816764231589203E-05
"p447": 0
"p448": 3.0106822770542726E-05
"p449": 0
"p450": 0
"p451": 0
"p452": 0
"p453": 0
"p454": 0
"p455": 0
"p456": 0.0009163764180783943
"p457": 0.00021451111224011693
"p458": 2.6343469924224884E-05
"p459": 0
"p460": 9.220214473478711E-05
"p461": 2.2580117077907045E-05
"p462": 0
"p463": 0
"p464": 0.00015806081954534927
"p465": 1.8816764231589203E-05
"p466": 0
"p467": 0
"p468": 0
"p469": 0
"p470": 0
"p471": 0
"p472": 0.00042714054805707494
"p473": 4.1396881309496255E-05
"p474": 0
"p475": 0
"p476": 9.220214473478711E-05
"p477": 2.2580117077907045E-05
"p478": 0
"p479": 0
"p480": 0.0004911175464444783
"p481": 0.00010913723254321738
"p482": 1.1290058538953523E-05
"p483": 0
"p484": 9.408382115794602E-06
"p485": 0
"p486": 0
"p487": 0
"p488": 0.007054404910422795
"p489": 0.0021244126817464206
"p490": 0.0003462284618612413
"p491": 4.1396881309496255E-05
"p492": 0.004948808992907961
"p493": 0.0013416352897123102
"p494": 0.0001900493187390509
"p495": 7.5267056926356815E-06
"p496": 0.000427140548057075
"p497": 0.00013548070246744226
"p498": 2.2580117077907045E-05
"p499": 0
"p500": 0.00011854561465901199
"p501": 1.5053411385271363E-05
"p502": 0
"p503": 0
