"p441": 2.2580117077907045E-05
"p442": 0
"p443": 0
"p444": 0.0007940674505730644
"p445": 0.00017499590735377965
"p446": 1.3171734962112442E-05
"p447": 0
"p448": 7.5267056926356815E-06
"p449": 0
"p450": 0
"p451": 0
"p452": 0.0001693508780843028
"p453": 1.8816764231589203E-05
"p454": 0
"p455": 0
"p456": 0.00016182417239166716
"p457": 2.6343469924224884E-05
"p458": 0
"p459": 0
"p460": 0.00033870175616860566
"p461": 3.7633528463178407E-05
"p462": 0
"p463": 0
"p464": 0
"p465": 0
"p466": 0
"p467": 0
"p468": 0
"p469": 0
"p470": 0
"p471": 0
"p472": 0
"p473": 0
"p474": 0
"p475": 0
"p476": 3.3870175616860565E-05
"p477": 0
"p478": 0
"p479": 0
"p480": 0.0008749795367688978
"p481": 0.00022768284720222937
"p482": 2.0698440654748128E-05
"p483": 0
"p484": 0.0009088497123857584
"p485": 0.000188167642315892
"p486": 2.2580117077907045E-05
"p487": 0
"p488": 0.0065068370712835465
"p489": 0.0020039853906642503
"p490": 0.00030859493339806287
"p491": 1.5053411385271363E-05
"p492": 0.010575021498153134
"p493": 0.0034095976787639633
"p494": 0.0006698768066445757
"p495": 8.27937626189925E-05
"p496": 0.0001844042894695742
"p497": 5.645029269476761E-05
"p498": 5.645029269476761E-06
"p499": 0
"p500": 0.00016182417239166713
"p501": 6.021364554108545E-05
"p502": 1.1290058538953523E-05
"p503": 0
