"p441": 2.6343469924224887E-05
"p442": 3.7633528463178407E-06
"p443": 0
"p444": 0.0003895070195938965
"p445": 0.00013736237889060116
"p446": 1.6935087808430286E-05
"p447": 0
"p448": 0.00031988499193701646
"p449": 0.00011854561465901196
"p450": 1.8816764231589203E-05
"p451": 0
"p452": 0
"p453": 0
"p454": 0
"p455": 0
"p456": 9.784717400426385E-05
"p457": 3.7633528463178407E-05
"p458": 3.7633528463178407E-06
"p459": 0
"p460": 6.209532196424438E-05
"p461": 1.6935087808430286E-05
"p462": 1.1290058538953523E-05
"p463": 0
"p464": 0.0001956943480085277
"p465": 5.268693984844977E-05
"p466": 7.5267056926356815E-06
"p467": 0
"p468": 5.645029269476761E-06
"p469": 5.645029269476761E-06
"p470": 0
"p471": 0
"p472": 0.00010913723254321737
"p473": 3.575185204001949E-05
"p474": 7.5267056926356815E-06
"p475": 0
"p476": 0.00016558752523798497
"p477": 3.7633528463178407E-05
"p478": 7.5267056926356815E-06
"p479": 7.5267056926356815E-06
"p480": 0.0015203945499124077
"p481": 0.0005268693984844977
"p482": 0.00010537387969689952
"p483": 7.5267056926356815E-06
"p484": 0
"p485": 0
"p486": 0
"p487": 0
"p488": 0.001537329637720838
"p489": 0.0004534840179812998
"p490": 6.209532196424438E-05
"p491": 1.8816764231589204E-06
"p492": 0.0008636894782299443
"p493": 0.00032176666836017544
"p494": 6.021364554108546E-05
"p495": 1.1290058538953523E-05
"p496": 0.0013209368490575617
"p497": 0.0004911175464444781
"p498": 0.0001016105268505817
"p499": 7.5267056926356815E-06
"p500": 9.408382115794602E-06
"p501": 3.7633528463178407E-06
"p502": 0
"p503": 0
