"p441": 1.8816764231589204E-06
"p442": 0
"p443": 0
"p444": 0.00014677076100639576
"p445": 2.8225146347383805E-05
"p446": 3.7633528463178407E-06
"p447": 0
"p448": 0.0026287019631530116
"p449": 0.000829819302613084
"p450": 0.00013359902604428335
"p451": 7.5267056926356815E-06
"p452": 0.003710665906469392
"p453": 0.0013679787596365348
"p454": 0.0002803697870506791
"p455": 4.1396881309496255E-05
"p456": 0.0008373460083057195
"p457": 0.0002107477593937991
"p458": 2.2580117077907045E-05
"p459": 0
"p460": 0.0021037142410916727
"p461": 0.000545686162716087
"p462": 6.021364554108546E-05
"p463": 0
"p464": 0.0021601645337864404
"p465": 0.0008128842148046536
"p466": 0.00015994249596850823
"p467": 7.5267056926356815E-06
"p468": 0.002182744650864347
"p469": 0.0009370748587331423
"p470": 0.00022580117077907044
"p471": 4.1396881309496255E-05
"p472": 0.0009257848001941888
"p473": 0.00028789649274331484
"p474": 3.0106822770542726E-05
"p475": 0
"p476": 0.00250827467207084
"p477": 0.0008636894782299445
"p478": 0.00013548070246744226
"p479": 0
"p480": 0.0015147495206429304
"p481": 0.00028225146347383805
"p482": 7.5267056926356815E-06
"p483": 0
"p484": 0.003038907423401657
"p485": 0.0008655711546531032
"p486": 8.467543904215143E-05
"p487": 0
"p488": 0.00020510273012432233
"p489": 2.8225146347383808E-05
"p490": 0
"p491": 0
"p492": 0.0003631635496696716
"p493": 6.585867481056221E-05
"p494": 1.1290058538953523E-05
"p495": 0
"p496": 0.0006962202765688005
"p497": 8.279376261899251E-05
"p498": 0
"p499": 0
"p500": 0.001196746205129073
"p501": 0.0003236483447833343
"p502": 2.6343469924224884E-05
"p503": 0
