"p441": 3.7633528463178407E-06
"p442": 0
"p443": 0
"p444": 0.00016935087808430283
"p445": 6.021364554108545E-05
"p446": 1.8816764231589203E-05
"p447": 0
"p448": 0.0003180033155138576
"p449": 9.032046831162817E-05
"p450": 9.408382115794602E-06
"p451": 0
"p452": 0.0002145111122401169
"p453": 6.962202765688005E-05
"p454": 0
"p455": 0
"p456": 0.0016050699889545586
"p457": 0.0005513311919855637
"p458": 0.00011478226181269414
"p459": 1.3171734962112444E-05
"p460": 0.0013623337303670581
"p461": 0.00048735419359816035
"p462": 9.596549758110493E-05
"p463": 7.5267056926356815E-06
"p464": 0
"p465": 0
"p466": 0
"p467": 0
"p468": 5.645029269476761E-06
"p469": 5.645029269476761E-06
"p470": 0
"p471": 0
"p472": 0
"p473": 0
"p474": 0
"p475": 0
"p476": 1.3171734962112442E-05
"p477": 7.5267056926356815E-06
"p478": 0
"p479": 0
"p480": 6.962202765688006E-05
"p481": 1.3171734962112444E-05
"p482": 3.7633528463178407E-06
"p483": 0
"p484": 9.220214473478709E-05
"p485": 2.0698440654748124E-05
"p486": 1.8816764231589204E-06
"p487": 1.8816764231589204E-06
"p488": 0.0018271078068873116
"p489": 0.0005739113090634708
"p490": 0.00010913723254321737
"p491": 1.3171734962112444E-05
"p492": 0.0017217339271904122
"p493": 0.0005983731025645366
"p494": 0.0001298356731979655
"p495": 7.5267056926356815E-06
"p496": 9.22021447347871E-05
"p497": 3.387017561686057E-05
"p498": 5.645029269476761E-06
"p499": 0
"p500": 0.000188167642315892
"p501": 4.704191057897301E-05
"p502": 1.8816764231589204E-06
"p503": 1.8816764231589204E-06
