"p441": 0.00021074775939379907
"p442": 2.4461793501065963E-05
"p443": 0
"p444": 0.00073197212860882
"p445": 0.0001561791431221904
"p446": 2.0698440654748124E-05
"p447": 0
"p448": 0.00029354152201279153
"p449": 0.00011666393823585303
"p450": 1.1290058538953523E-05
"p451": 0
"p452": 3.3870175616860565E-05
"p453": 5.645029269476761E-06
"p454": 0
"p455": 0
"p456": 0.0030351440705553385
"p457": 0.0010386853855837241
"p458": 0.0002032210537011634
"p459": 2.0698440654748128E-05
"p460": 0.001337871936865992
"p461": 0.0004120871366718036
"p462": 8.091208619583358E-05
"p463": 1.1290058538953523E-05
"p464": 9.408382115794602E-06
"p465": 5.645029269476761E-06
"p466": 0
"p467": 0
"p468": 0
"p469": 0
"p470": 0
"p471": 0
"p472": 1.3171734962112442E-05
"p473": 7.5267056926356815E-06
"p474": 0
"p475": 0
"p476": 0
"p477": 0
"p478": 0
"p479": 0
"p480": 0.00022203781793275258
"p481": 3.575185204001949E-05
"p482": 1.8816764231589204E-06
"p483": 1.8816764231589204E-06
"p484": 0
"p485": 0
"p486": 0
"p487": 0
"p488": 0.0040926462203706515
"p489": 0.0012193263222069802
"p490": 0.0002163927886632759
"p491": 2.0698440654748128E-05
"p492": 0.0010161052685058168
"p493": 0.0002897781691664737
"p494": 7.33853805031979E-05
"p495": 1.1290058538953523E-05
"p496": 0.00025026296428013644
"p497": 7.338538050319788E-05
"p498": 1.8816764231589204E-06
"p499": 1.8816764231589204E-06
"p500": 0
"p501": 0
"p502": 0
"p503": 0
