"p441": 0.0005588578976781994
"p442": 3.951520488633733E-05
"p443": 0
"p444": 0.001955061803662118
"p445": 0.00042902222448023387
"p446": 4.516023415581409E-05
"p447": 0
"p448": 0.0001392440553137601
"p449": 6.021364554108545E-05
"p450": 1.1290058538953523E-05
"p451": 0
"p452": 0
"p453": 0
"p454": 0
"p455": 0
"p456": 0.0009954068278510688
"p457": 0.00034434678543808245
"p458": 5.833196911792653E-05
"p459": 1.1290058538953523E-05
"p460": 0.0006322432781813972
"p461": 0.00011478226181269415
"p462": 0
"p463": 0
"p464": 3.7633528463178407E-06
"p465": 0
"p466": 0
"p467": 0
"p468": 0
"p469": 0
"p470": 0
"p471": 0
"p472": 0
"p473": 0
"p474": 0
"p475": 0
"p476": 0
"p477": 0
"p478": 0
"p479": 0
"p480": 0.00015053411385271363
"p481": 1.5053411385271363E-05
"p482": 0
"p483": 0
"p484": 0
"p485": 0
"p486": 0
"p487": 0
"p488": 0.001488406050718706
"p489": 0.00033682007974544673
"p490": 4.704191057897301E-05
"p491": 1.1290058538953523E-05
"p492": 0.0004929992228676371
"p493": 6.585867481056221E-05
"p494": 0
"p495": 0
"p496": 9.972885042742278E-05
"p497": 3.7633528463178407E-05
"p498": 0
"p499": 0
"p500": 0
"p501": 0
"p502": 0
"p503": 0
