"p441": 0
"p442": 0
"p443": 0
"p444": 5.833196911792653E-05
"p445": 2.4461793501065963E-05
"p446": 3.7633528463178407E-06
"p447": 1.8816764231589204E-06
"p448": 0.0011534676473964182
"p449": 0.00043654893017286954
"p450": 8.843879188846926E-05
"p451": 1.3171734962112444E-05
"p452": 0.0009803534164657976
"p453": 0.0003763352846317841
"p454": 8.091208619583357E-05
"p455": 7.5267056926356815E-06
"p456": 0.0007451438635709324
"p457": 0.00024085458216434178
"p458": 4.139688130949625E-05
"p459": 0
"p460": 0.0005795563383329475
"p461": 0.00020698440654748126
"p462": 3.198849919370165E-05
"p463": 0
"p464": 0
"p465": 0
"p466": 0
"p467": 0
"p468": 1.5053411385271363E-05
"p469": 9.408382115794602E-06
"p470": 0
"p471": 0
"p472": 0
"p473": 0
"p474": 0
"p475": 0
"p476": 0
"p477": 0
"p478": 0
"p479": 0
"p480": 0.0014959327564113417
"p481": 0.0005080526342529085
"p482": 9.596549758110495E-05
"p483": 1.3171734962112444E-05
"p484": 0.0016483485466872144
"p485": 0.0005833196911792653
"p486": 0.0001298356731979655
"p487": 7.5267056926356815E-06
"p488": 0.0005024076049834317
"p489": 0.0001486524374295547
"p490": 2.8225146347383805E-05
"p491": 3.7633528463178407E-06
"p492": 0.0002615530228190899
"p493": 9.784717400426385E-05
"p494": 1.5053411385271363E-05
"p495": 1.8816764231589204E-06
"p496": 0.0003706902553623073
"p497": 0.00013171734962112442
"p498": 2.4461793501065963E-05
"p499": 0
"p500": 0.0005381594570234513
"p501": 0.00017123255450746176
"p502": 2.6343469924224887E-05
"p503": 0
