"p441": 0
"p442": 0
"p443": 0
"p444": 6.774035123372114E-05
"p445": 0
"p446": 0
"p447": 0
"p448": 0
"p449": 0
"p450": 0
"p451": 0
"p452": 0
"p453": 0
"p454": 0
"p455": 0
"p456": 5.645029269476761E-06
"p457": 0
"p458": 0
"p459": 0
"p460": 6.774035123372113E-05
"p461": 5.645029269476761E-06
"p462": 0
"p463": 0
"p464": 0
"p465": 0
"p466": 0
"p467": 0
"p468": 1.1290058538953523E-05
"p469": 0
"p470": 0
"p471": 0
"p472": 5.645029269476761E-06
"p473": 0
"p474": 0
"p475": 0
"p476": 3.387017561686057E-05
"p477": 0
"p478": 0
"p479": 0
"p480": 3.575185204001949E-05
"p481": 3.7633528463178407E-06
"p482": 0
"p483": 0
"p484": 7.714873334951574E-05
"p485": 3.7633528463178407E-06
"p486": 0
"p487": 0
"p488": 0.0003763352846317841
"p489": 6.585867481056221E-05
"p490": 5.645029269476761E-06
"p491": 0
"p492": 0.0009257848001941888
"p493": 0.0001768775837769385
"p494": 1.6935087808430286E-05
"p495": 0
"p496": 7.338538050319788E-05
"p497": 1.5053411385271363E-05
"p498": 0
"p499": 0
"p500": 0.00011854561465901199
"p501": 1.5053411385271363E-05
"p502": 0
"p503": 0
