"p441": 9.596549758110493E-05
"p442": 1.1290058538953523E-05
"p443": 0
"p444": 0.0009351931823099834
"p445": 0.00025402631712645424
"p446": 3.198849919370165E-05
"p447": 0
"p448": 0.0004271405480570749
"p449": 0.00011666393823585305
"p450": 9.408382115794602E-06
"p451": 0
"p452": 0.00031612163909069865
"p453": 0.0001223089675053298
"p454": 1.1290058538953523E-05
"p455": 0
"p456": 0.0021037142410916727
"p457": 0.0006924569237224829
"p458": 0.00013736237889060116
"p459": 1.3171734962112444E-05
"p460": 0.002047263948396905
"p461": 0.000760197274956204
"p462": 0.00014865243742955472
"p463": 1.8816764231589203E-05
"p464": 0
"p465": 0
"p466": 0
"p467": 0
"p468": 9.408382115794602E-06
"p469": 5.645029269476761E-06
"p470": 0
"p471": 0
"p472": 0
"p473": 0
"p474": 0
"p475": 0
"p476": 1.3171734962112442E-05
"p477": 7.5267056926356815E-06
"p478": 0
"p479": 0
"p480": 0.00011290058538953522
"p481": 2.0698440654748124E-05
"p482": 3.7633528463178407E-06
"p483": 0
"p484": 0.00022203781793275258
"p485": 3.575185204001949E-05
"p486": 1.8816764231589204E-06
"p487": 1.8816764231589204E-06
"p488": 0.0023464504996791734
"p489": 0.0006585867481056221
"p490": 0.00012042729108217089
"p491": 1.3171734962112444E-05
"p492": 0.0028601481632015585
"p493": 0.0008956779774236461
"p494": 0.00017123255450746176
"p495": 1.8816764231589203E-05
"p496": 0.00011101890896637629
"p497": 3.7633528463178407E-05
"p498": 5.645029269476761E-06
"p499": 0
"p500": 0.00025026296428013644
"p501": 7.338538050319788E-05
"p502": 1.8816764231589204E-06
"p503": 1.8816764231589204E-06
