"p441": 5.645029269476761E-06
"p442": 0
"p443": 0
"p444": 0.00021262943581695798
"p445": 3.951520488633733E-05
"p446": 3.7633528463178407E-06
"p447": 0
"p448": 0.0028714382217405127
"p449": 0.0009841167693121153
"p450": 0.00019004931873905094
"p451": 1.8816764231589203E-05
"p452": 5.645029269476761E-06
"p453": 0
"p454": 0
"p455": 0
"p456": 0.0019099015695063035
"p457": 0.000590846396871901
"p458": 0.00010913723254321738
"p459": 2.2580117077907045E-05
"p460": 0.004474626534271914
"p461": 0.0013096467905186083
"p462": 0.0001938126715853688
"p463": 7.5267056926356815E-06
"p464": 0.0017819475727314973
"p465": 0.0007056286586845952
"p466": 0.0001561791431221904
"p467": 1.8816764231589203E-05
"p468": 8.46754390421514E-05
"p469": 3.7633528463178407E-06
"p470": 0
"p471": 0
"p472": 0.001503459462103977
"p473": 0.0005362777806002923
"p474": 9.596549758110495E-05
"p475": 2.2580117077907045E-05
"p476": 0.004436993005808736
"p477": 0.0016464668702640553
"p478": 0.00030671325697490405
"p479": 7.5267056926356815E-06
"p480": 0.002391610733834988
"p481": 0.0006228348960656026
"p482": 6.962202765688006E-05
"p483": 0
"p484": 0
"p485": 0
"p486": 0
"p487": 0
"p488": 0.0009954068278510686
"p489": 0.0002747247577812023
"p490": 1.5053411385271365E-05
"p491": 0
"p492": 0.0016558752523798497
"p493": 0.00031235828624438084
"p494": 1.8816764231589203E-05
"p495": 0
"p496": 0.0011252425010490343
"p497": 0.00024461793501065964
"p498": 2.6343469924224884E-05
"p499": 0
"p500": 9.408382115794602E-06
"p501": 3.7633528463178407E-06
"p502": 0
"p503": 0
