"p441": 1.5053411385271363E-05
"p442": 0
"p443": 0
"p444": 0.0003932703724402144
"p445": 8.091208619583358E-05
"p446": 1.8816764231589204E-06
"p447": 0
"p448": 0.0003763352846317842
"p449": 7.903040977267466E-05
"p450": 5.645029269476761E-06
"p451": 0
"p452": 0.0004628924000970944
"p453": 0.00010537387969689955
"p454": 1.1290058538953523E-05
"p455": 0
"p456": 0.0032383651242565018
"p457": 0.000969063357926844
"p458": 0.00014488908458323686
"p459": 7.5267056926356815E-06
"p460": 0.0048509618189036974
"p461": 0.0016897454279967102
"p462": 0.0003292933740528111
"p463": 4.1396881309496255E-05
"p464": 0.0006792851887603701
"p465": 0.0002051027301243223
"p466": 2.0698440654748128E-05
"p467": 0
"p468": 0.0005456861627160869
"p469": 0.00014300740816007796
"p470": 2.2580117077907045E-05
"p471": 0
"p472": 0.0028243963111615395
"p473": 0.001017986944928976
"p474": 0.00017875926020009743
"p475": 7.5267056926356815E-06
"p476": 0.0036880857893914843
"p477": 0.0014733526393334343
"p478": 0.0003236483447833343
"p479": 4.1396881309496255E-05
"p480": 4.5160234155814084E-05
"p481": 1.8816764231589204E-06
"p482": 0
"p483": 0
"p484": 8.843879188846925E-05
"p485": 3.575185204001949E-05
"p486": 0
"p487": 0
"p488": 0.0016615202816493264
"p489": 0.00029354152201279164
"p490": 7.5267056926356815E-06
"p491": 0
"p492": 0.003253418535641774
"p493": 0.000895677977423646
"p494": 8.467543904215143E-05
"p495": 0
"p496": 7.903040977267465E-05
"p497": 0
"p498": 0
"p499": 0
"p500": 0.00022203781793275258
"p501": 6.962202765688005E-05
"p502": 0
"p503": 0
