"p441": 0
"p442": 0
"p443": 0
"p444": 6.962202765688005E-05
"p445": 2.4461793501065966E-05
"p446": 1.3171734962112442E-05
"p447": 0
"p448": 0.00012419064392848875
"p449": 3.575185204001949E-05
"p450": 0
"p451": 0
"p452": 0.0001505341138527136
"p453": 3.951520488633733E-05
"p454": 0
"p455": 0
"p456": 0.001537329637720838
"p457": 0.0004835908407518426
"p458": 8.467543904215141E-05
"p459": 1.3171734962112444E-05
"p460": 0.001317173496211244
"p461": 0.000472300782212889
"p462": 9.408382115794602E-05
"p463": 7.5267056926356815E-06
"p464": 0.00033117505047597004
"p465": 9.596549758110492E-05
"p466": 9.408382115794602E-06
"p467": 0
"p468": 0.0002201561415095937
"p469": 7.526705692635681E-05
"p470": 0
"p471": 0
"p472": 0.0016163600474935122
"p473": 0.0005513311919855637
"p474": 0.00011478226181269414
"p475": 1.3171734962112444E-05
"p476": 0.0013284635547501978
"p477": 0.0004911175464444782
"p478": 9.596549758110493E-05
"p479": 7.5267056926356815E-06
"p480": 1.3171734962112444E-05
"p481": 3.7633528463178407E-06
"p482": 3.7633528463178407E-06
"p483": 0
"p484": 2.6343469924224887E-05
"p485": 7.5267056926356815E-06
"p486": 1.8816764231589204E-06
"p487": 1.8816764231589204E-06
"p488": 0.0006096631611034901
"p489": 0.0001749959073537796
"p490": 2.4461793501065963E-05
"p491": 0
"p492": 0.0007357354814551379
"p493": 0.00023520955289486504
"p494": 4.139688130949624E-05
"p495": 0
"p496": 2.0698440654748124E-05
"p497": 5.645029269476761E-06
"p498": 5.645029269476761E-06
"p499": 0
"p500": 0.00010349220327374062
"p501": 2.0698440654748124E-05
"p502": 1.8816764231589204E-06
"p503": 1.8816764231589204E-06
