"p441": 9.032046831162818E-05
"p442": 0
"p443": 0
"p444": 0.001477115992179752
"p445": 0.00035563684397703593
"p446": 2.8225146347383805E-05
"p447": 0
"p448": 4.5160234155814084E-05
"p449": 3.7633528463178407E-06
"p450": 0
"p451": 0
"p452": 0.00012042729108217092
"p453": 2.258011707790705E-05
"p454": 0
"p455": 0
"p456": 0.00066235010095194
"p457": 0.0001279539967748066
"p458": 1.1290058538953523E-05
"p459": 0
"p460": 0.0012268530278996162
"p461": 0.0003895070195938965
"p462": 6.39769983874033E-05
"p463": 1.1290058538953523E-05
"p464": 0.00023709122931802403
"p465": 3.575185204001949E-05
"p466": 0
"p467": 0
"p468": 0.00016182417239166713
"p469": 6.021364554108545E-05
"p470": 1.1290058538953523E-05
"p471": 0
"p472": 0.0007150370408003895
"p473": 0.00016558752523798497
"p474": 2.2580117077907045E-05
"p475": 0
"p476": 0.0010706738847774257
"p477": 0.0003725719317854662
"p478": 5.833196911792653E-05
"p479": 1.1290058538953523E-05
"p480": 1.8816764231589204E-06
"p481": 0
"p482": 0
"p483": 0
"p484": 1.5053411385271363E-05
"p485": 3.7633528463178407E-06
"p486": 0
"p487": 0
"p488": 0.00018252261304641527
"p489": 1.6935087808430286E-05
"p490": 0
"p491": 0
"p492": 0.000709392011530913
"p493": 0.00014677076100639576
"p494": 5.645029269476761E-06
"p495": 0
"p496": 1.3171734962112444E-05
"p497": 0
"p498": 0
"p499": 0
"p500": 0.00010725555612005845
"p501": 3.7633528463178407E-05
"p502": 0
"p503": 0
