"p441": 1.8816764231589204E-06
"p442": 0
"p443": 0
"p444": 0.00024461793501065964
"p445": 4.704191057897301E-05
"p446": 3.7633528463178407E-06
"p447": 0
"p448": 0.0021601645337864404
"p449": 0.0008128842148046536
"p450": 0.00015994249596850823
"p451": 7.5267056926356815E-06
"p452": 0.002246721649251751
"p453": 0.0009370748587331423
"p454": 0.00022580117077907044
"p455": 4.1396881309496255E-05
"p456": 0.0009257848001941888
"p457": 0.00028789649274331484
"p458": 3.0106822770542726E-05
"p459": 0
"p460": 0.0025327364655719064
"p461": 0.0008712161839225801
"p462": 0.00013548070246744226
"p463": 0
"p464": 0
"p465": 0
"p466": 0
"p467": 0
"p468": 1.8816764231589203E-05
"p469": 0
"p470": 0
"p471": 0
"p472": 0
"p473": 0
"p474": 0
"p475": 0
"p476": 0
"p477": 0
"p478": 0
"p479": 0
"p480": 0.0034660479714587315
"p481": 0.0009088497123857587
"p482": 0.00011854561465901197
"p483": 7.5267056926356815E-06
"p484": 0.006081578199649633
"p485": 0.0018948481581210325
"p486": 0.00031988499193701646
"p487": 4.1396881309496255E-05
"p488": 0.0008015941562657001
"p489": 0.00019757602443168663
"p490": 2.2580117077907045E-05
"p491": 0
"p492": 0.0020698440654748126
"p493": 0.0004929992228676371
"p494": 7.150370408003898E-05
"p495": 0
"p496": 0.0011233608246258753
"p497": 0.000212629435816958
"p498": 2.2580117077907045E-05
"p499": 0
"p500": 0.0016427035174177375
"p501": 0.00047230078221288907
"p502": 3.7633528463178407E-05
"p503": 0
