"p441": 0
"p442": 0
"p443": 0
"p444": 0
"p445": 0
"p446": 0
"p447": 0
"p448": 0.00041208713667180354
"p449": 9.408382115794603E-05
"p450": 1.1290058538953523E-05
"p451": 0
"p452": 0
"p453": 0
"p454": 0
"p455": 0
"p456": 0.0001956943480085277
"p457": 4.892358700213193E-05
"p458": 5.645029269476761E-06
"p459": 0
"p460": 0.0004610107236739354
"p461": 8.843879188846926E-05
"p462": 5.645029269476761E-06
"p463": 0
"p464": 0.00025967134639593104
"p465": 6.39769983874033E-05
"p466": 5.645029269476761E-06
"p467": 0
"p468": 1.6935087808430286E-05
"p469": 0
"p470": 0
"p471": 0
"p472": 0.00012042729108217089
"p473": 2.8225146347383808E-05
"p474": 0
"p475": 0
"p476": 0.0005174610163687031
"p477": 0.0001279539967748066
"p478": 5.645029269476761E-06
"p479": 0
"p480": 0.00034434678543808245
"p481": 2.8225146347383805E-05
"p482": 0
"p483": 0
"p484": 0
"p485": 0
"p486": 0
"p487": 0
"p488": 0.00013548070246744226
"p489": 7.5267056926356815E-06
"p490": 0
"p491": 0
"p492": 0.00016935087808430283
"p493": 1.1290058538953523E-05
"p494": 0
"p495": 0
"p496": 0.00011854561465901196
"p497": 5.645029269476761E-06
"p498": 0
"p499": 0
"p500": 5.645029269476761E-06
"p501": 0
"p502": 0
"p503": 0
