"p441": 4.516023415581409E-05
"p442": 0
"p443": 0
"p444": 0.0002728430813580435
"p445": 5.456861627160869E-05
"p446": 7.5267056926356815E-06
"p447": 1.8816764231589204E-06
"p448": 0.001806409366232563
"p449": 0.0006529417188361454
"p450": 0.0001373623788906012
"p451": 1.8816764231589203E-05
"p452": 5.645029269476761E-06
"p453": 0
"p454": 0
"p455": 0
"p456": 0.0014601809043713223
"p457": 0.00044407563586550526
"p458": 6.39769983874033E-05
"p459": 1.8816764231589204E-06
"p460": 0.0012343797335922515
"p461": 0.0003970337252865322
"p462": 6.774035123372114E-05
"p463": 1.1290058538953523E-05
"p464": 0.0014131389937923492
"p465": 0.000543804486292928
"p466": 0.00012419064392848873
"p467": 1.8816764231589203E-05
"p468": 4.139688130949625E-05
"p469": 9.408382115794602E-06
"p470": 0
"p471": 0
"p472": 0.00165587525237985
"p473": 0.0005626212505245173
"p474": 9.03204683116282E-05
"p475": 1.8816764231589204E-06
"p476": 0.0015279212556050428
"p477": 0.0005475678391392458
"p478": 0.00010349220327374062
"p479": 1.1290058538953523E-05
"p480": 0.0012155629693606626
"p481": 0.00037821696105494294
"p482": 4.704191057897301E-05
"p483": 0
"p484": 0
"p485": 0
"p486": 0
"p487": 0
"p488": 0.0004817091643286836
"p489": 9.4083821157946E-05
"p490": 5.645029269476761E-06
"p491": 3.7633528463178407E-06
"p492": 0.0003424651090149234
"p493": 0.00010349220327374059
"p494": 2.8225146347383798E-05
"p495": 1.8816764231589204E-06
"p496": 0.0006943386001456417
"p497": 0.0002069844065474812
"p498": 2.8225146347383808E-05
"p499": 0
"p500": 3.7633528463178407E-06
"p501": 3.7633528463178407E-06
"p502": 0
"p503": 0
