"p441": 0
"p442": 0
"p443": 0
"p444": 0
"p445": 0
"p446": 0
"p447": 0
"p448": 0.00025967134639593104
"p449": 6.39769983874033E-05
"p450": 5.645029269476761E-06
"p451": 0
"p452": 1.6935087808430286E-05
"p453": 0
"p454": 0
"p455": 0
"p456": 0.00012042729108217089
"p457": 2.8225146347383808E-05
"p458": 0
"p459": 0
"p460": 0.000519342692791862
"p461": 0.0001279539967748066
"p462": 5.645029269476761E-06
"p463": 0
"p464": 0
"p465": 0
"p466": 0
"p467": 0
"p468": 0
"p469": 0
"p470": 0
"p471": 0
"p472": 0
"p473": 0
"p474": 0
"p475": 0
"p476": 0
"p477": 0
"p478": 0
"p479": 0
"p480": 0.0007507888928404092
"p481": 0.00013359902604428335
"p482": 1.1290058538953523E-05
"p483": 0
"p484": 0
"p485": 0
"p486": 0
"p487": 0
"p488": 0.00033682007974544673
"p489": 6.209532196424438E-05
"p490": 5.645029269476761E-06
"p491": 0
"p492": 0.0005776746619097885
"p493": 9.972885042742278E-05
"p494": 5.645029269476761E-06
"p495": 0
"p496": 0.00011854561465901196
"p497": 5.645029269476761E-06
"p498": 0
"p499": 0
"p500": 5.645029269476761E-06
"p501": 0
"p502": 0
"p503": 0
