"p441": 8.279376261899251E-05
"p442": 0
"p443": 0
"p444": 0.0006341249546045561
"p445": 0.00015429746669903143
"p446": 1.8816764231589203E-05
"p447": 1.8816764231589204E-06
"p448": 0.0014695892864871167
"p449": 0.0005513311919855637
"p450": 0.00012419064392848873
"p451": 1.8816764231589203E-05
"p452": 3.575185204001949E-05
"p453": 7.5267056926356815E-06
"p454": 0
"p455": 0
"p456": 0.00165587525237985
"p457": 0.0005626212505245173
"p458": 9.03204683116282E-05
"p459": 1.8816764231589204E-06
"p460": 0.0015373296377208373
"p461": 0.0005513311919855637
"p462": 0.00010725555612005845
"p463": 1.1290058538953523E-05
"p464": 1.3171734962112442E-05
"p465": 7.5267056926356815E-06
"p466": 0
"p467": 0
"p468": 5.645029269476761E-06
"p469": 1.8816764231589204E-06
"p470": 0
"p471": 0
"p472": 0
"p473": 0
"p474": 0
"p475": 0
"p476": 0
"p477": 0
"p478": 0
"p479": 0
"p480": 0.002500747966378205
"p481": 0.0008185292440741304
"p482": 0.00016182417239166716
"p483": 1.8816764231589203E-05
"p484": 5.645029269476761E-06
"p485": 0
"p486": 0
"p487": 0
"p488": 0.0017236156036135712
"p489": 0.00047982748790552474
"p490": 6.962202765688006E-05
"p491": 5.645029269476761E-06
"p492": 0.0013002384084028135
"p493": 0.0003989154017096911
"p494": 9.22021447347871E-05
"p495": 1.3171734962112442E-05
"p496": 0.0009841167693121155
"p497": 0.0002991865512822684
"p498": 3.951520488633733E-05
"p499": 0
"p500": 3.7633528463178407E-06
"p501": 3.7633528463178407E-06
"p502": 0
"p503": 0
