"p441": 0
"p442": 0
"p443": 0
"p444": 3.0106822770542726E-05
"p445": 1.5053411385271363E-05
"p446": 0
"p447": 0
"p448": 0.00012607232035164766
"p449": 2.6343469924224884E-05
"p450": 0
"p451": 0
"p452": 0.00021639278866327584
"p453": 7.338538050319788E-05
"p454": 1.5053411385271363E-05
"p455": 0
"p456": 2.4461793501065963E-05
"p457": 5.645029269476761E-06
"p458": 0
"p459": 0
"p460": 0.00010913723254321738
"p461": 2.6343469924224887E-05
"p462": 7.5267056926356815E-06
"p463": 7.5267056926356815E-06
"p464": 0
"p465": 0
"p466": 0
"p467": 0
"p468": 2.2580117077907045E-05
"p469": 3.7633528463178407E-06
"p470": 0
"p471": 0
"p472": 0
"p473": 0
"p474": 0
"p475": 0
"p476": 0
"p477": 0
"p478": 0
"p479": 0
"p480": 0.002568488317611926
"p481": 0.0008749795367688979
"p482": 0.00016182417239166716
"p483": 2.6343469924224887E-05
"p484": 0.0026625721387698725
"p485": 0.0009765900636194795
"p486": 0.00020698440654748124
"p487": 1.5053411385271363E-05
"p488": 0.0012419064392848872
"p489": 0.0003838619903244198
"p490": 6.585867481056221E-05
"p491": 0
"p492": 0.0008467543904215143
"p493": 0.000308594933398063
"p494": 5.268693984844977E-05
"p495": 0
"p496": 0.0002897781691664737
"p497": 7.714873334951574E-05
"p498": 0
"p499": 0
"p500": 0.0004534840179812998
"p501": 0.00017499590735377957
"p502": 3.0106822770542726E-05
"p503": 0
