"p441": 0.00021451111224011693
"p442": 0
"p443": 0
"p444": 0.001721733927190412
"p445": 0.00034811013828440026
"p446": 3.387017561686057E-05
"p447": 0
"p448": 0.0007188003936467076
"p449": 0.0002615530228190899
"p450": 4.8923587002131926E-05
"p451": 1.1290058538953523E-05
"p452": 2.6343469924224887E-05
"p453": 3.7633528463178407E-06
"p454": 0
"p455": 0
"p456": 0.0002803697870506791
"p457": 8.279376261899248E-05
"p458": 9.408382115794602E-06
"p459": 0
"p460": 0.0007526705692635681
"p461": 0.00019004931873905096
"p462": 1.5053411385271363E-05
"p463": 0
"p464": 0
"p465": 0
"p466": 0
"p467": 0
"p468": 3.7633528463178407E-06
"p469": 0
"p470": 0
"p471": 0
"p472": 0
"p473": 0
"p474": 0
"p475": 0
"p476": 0
"p477": 0
"p478": 0
"p479": 0
"p480": 0.0011704027352048485
"p481": 0.0002766064342043613
"p482": 3.7633528463178407E-05
"p483": 1.1290058538953523E-05
"p484": 5.645029269476761E-06
"p485": 0
"p486": 0
"p487": 0
"p488": 0.0003142399626675397
"p489": 6.021364554108545E-05
"p490": 9.408382115794602E-06
"p491": 0
"p492": 0.0006190715432192848
"p493": 0.00010537387969689955
"p494": 7.5267056926356815E-06
"p495": 0
"p496": 0.00073197212860882
"p497": 0.00018252261304641527
"p498": 1.1290058538953523E-05
"p499": 0
"p500": 3.7633528463178407E-06
"p501": 3.7633528463178407E-06
"p502": 0
"p503": 0
