"p441": 0.0001994577008548455
"p442": 1.3171734962112442E-05
"p443": 0
"p444": 0.0005776746619097885
"p445": 0.00013171734962112442
"p446": 1.6935087808430286E-05
"p447": 0
"p448": 0.00014300740816007793
"p449": 3.575185204001949E-05
"p450": 0
"p451": 0
"p452": 0
"p453": 0
"p454": 0
"p455": 0
"p456": 0.00038386199032441974
"p457": 0.00011101890896637629
"p458": 1.5053411385271363E-05
"p459": 0
"p460": 8.467543904215143E-05
"p461": 1.1290058538953523E-05
"p462": 0
"p463": 0
"p464": 0
"p465": 0
"p466": 0
"p467": 0
"p468": 0
"p469": 0
"p470": 0
"p471": 0
"p472": 2.2580117077907045E-05
"p473": 3.7633528463178407E-06
"p474": 0
"p475": 0
"p476": 0
"p477": 0
"p478": 0
"p479": 0
"p480": 0.0004892358700213193
"p481": 0.00013736237889060116
"p482": 1.1290058538953523E-05
"p483": 0
"p484": 3.3870175616860565E-05
"p485": 5.645029269476761E-06
"p486": 0
"p487": 0
"p488": 0.006984782882765913
"p489": 0.0021996797386727774
"p490": 0.0004158504895181214
"p491": 4.139688130949625E-05
"p492": 0.002323870382601267
"p493": 0.0006510600424129864
"p494": 0.00012795399677480661
"p495": 2.2580117077907045E-05
"p496": 9.596549758110492E-05
"p497": 3.3870175616860565E-05
"p498": 0
"p499": 0
"p500": 0
"p501": 0
"p502": 0
"p503": 0
