"p441": 0.0003161216390906986
"p442": 3.0106822770542726E-05
"p443": 0
"p444": 0.003667387348736736
"p445": 0.0011083074132406043
"p446": 0.0001467707610063958
"p447": 0
"p448": 2.0698440654748124E-05
"p449": 1.8816764231589204E-06
"p450": 0
"p451": 0
"p452": 0.00013359902604428333
"p453": 1.3171734962112444E-05
"p454": 0
"p455": 0
"p456": 0
"p457": 0
"p458": 0
"p459": 0
"p460": 1.1290058538953523E-05
"p461": 0
"p462": 0
"p463": 0
"p464": 1.5053411385271363E-05
"p465": 0
"p466": 0
"p467": 0
"p468": 9.784717400426387E-05
"p469": 2.2580117077907045E-05
"p470": 0
"p471": 0
"p472": 3.7633528463178407E-06
"p473": 0
"p474": 0
"p475": 0
"p476": 6.774035123372114E-05
"p477": 1.1290058538953523E-05
"p478": 0
"p479": 0
"p480": 0.0007075103351077541
"p481": 0.00012983567319796552
"p482": 1.1290058538953523E-05
"p483": 0
"p484": 0.0016201234003398303
"p485": 0.00045912904725077655
"p486": 6.962202765688005E-05
"p487": 1.1290058538953523E-05
"p488": 8.467543904215143E-05
"p489": 7.5267056926356815E-06
"p490": 0
"p491": 0
"p492": 0.00035563684397703593
"p493": 6.962202765688005E-05
"p494": 3.7633528463178407E-06
"p495": 0
"p496": 0.0006454150131435097
"p497": 0.00015994249596850823
"p498": 2.2580117077907045E-05
"p499": 0
"p500": 0.0009878801221584331
"p501": 0.00034999181470755925
"p502": 5.833196911792653E-05
"p503": 1.1290058538953523E-05
