"p441": 0.0002897781691664737
"p442": 3.0106822770542726E-05
"p443": 0
"p444": 0.002668217168039349
"p445": 0.0007470255399940913
"p446": 9.408382115794602E-05
"p447": 1.1290058538953523E-05
"p448": 0
"p449": 0
"p450": 0
"p451": 0
"p452": 3.7633528463178407E-05
"p453": 0
"p454": 0
"p455": 0
"p456": 0.000188167642315892
"p457": 3.387017561686057E-05
"p458": 0
"p459": 0
"p460": 0.0008317009790362428
"p461": 0.00021074775939379907
"p462": 2.6343469924224884E-05
"p463": 0
"p464": 7.5267056926356815E-06
"p465": 0
"p466": 0
"p467": 0
"p468": 0.0001693508780843028
"p469": 1.8816764231589203E-05
"p470": 0
"p471": 0
"p472": 0.00016182417239166716
"p473": 2.6343469924224884E-05
"p474": 0
"p475": 0
"p476": 0.00033870175616860566
"p477": 3.7633528463178407E-05
"p478": 0
"p479": 0
"p480": 0.0004007970781328501
"p481": 8.091208619583358E-05
"p482": 5.645029269476761E-06
"p483": 0
"p484": 0.0005005259285602729
"p485": 0.00010913723254321738
"p486": 1.1290058538953523E-05
"p487": 0
"p488": 0.004397477800922398
"p489": 0.0011835744701669609
"p490": 0.00015241579027587256
"p491": 7.5267056926356815E-06
"p492": 0.0073404197267429505
"p493": 0.002329515411870743
"p494": 0.00038762534317073754
"p495": 4.1396881309496255E-05
"p496": 0.0006905752472993237
"p497": 0.0002051027301243223
"p498": 2.0698440654748128E-05
"p499": 0
"p500": 0.0005456861627160869
"p501": 0.00015053411385271363
"p502": 2.2580117077907045E-05
"p503": 0
