"p441": 2.2580117077907045E-05
"p442": 0
"p443": 0
"p444": 0.0003424651090149235
"p445": 6.39769983874033E-05
"p446": 1.1290058538953523E-05
"p447": 0
"p448": 0.0005946097497182189
"p449": 0.0001204272910821709
"p450": 1.1290058538953523E-05
"p451": 0
"p452": 0.0011534676473964182
"p453": 0.0003725719317854662
"p454": 6.39769983874033E-05
"p455": 1.1290058538953523E-05
"p456": 8.091208619583358E-05
"p457": 7.5267056926356815E-06
"p458": 0
"p459": 0
"p460": 0.0003236483447833343
"p461": 6.774035123372113E-05
"p462": 3.7633528463178407E-06
"p463": 0
"p464": 0.0006247165724887616
"p465": 0.0001580608195453493
"p466": 2.2580117077907045E-05
"p467": 0
"p468": 0.0008542810961141499
"p469": 0.00032553002120649325
"p470": 5.833196911792653E-05
"p471": 1.1290058538953523E-05
"p472": 0.00010913723254321738
"p473": 9.408382115794602E-06
"p474": 0
"p475": 0
"p476": 0.0004309039009033928
"p477": 0.00013359902604428335
"p478": 1.5053411385271363E-05
"p479": 0
"p480": 0.00017875926020009743
"p481": 1.6935087808430286E-05
"p482": 0
"p483": 0
"p484": 0.0007018653058382773
"p485": 0.00014677076100639576
"p486": 5.645029269476761E-06
"p487": 0
"p488": 3.7633528463178407E-06
"p489": 0
"p490": 0
"p491": 0
"p492": 4.516023415581408E-05
"p493": 1.5053411385271363E-05
"p494": 3.7633528463178407E-06
"p495": 0
"p496": 6.209532196424438E-05
"p497": 7.5267056926356815E-06
"p498": 0
"p499": 0
"p500": 0.0003236483447833343
"p501": 6.021364554108546E-05
"p502": 0
"p503": 0
