"p441": 0
"p442": 0
"p443": 0
"p444": 0.00011666393823585305
"p445": 1.8816764231589203E-05
"p446": 0
"p447": 0
"p448": 0.0001467707610063958
"p449": 2.6343469924224884E-05
"p450": 0
"p451": 0
"p452": 0.00034622846186124133
"p453": 3.7633528463178407E-05
"p454": 0
"p455": 0
"p456": 1.5053411385271363E-05
"p457": 0
"p458": 0
"p459": 0
"p460": 0.00021827446508643471
"p461": 6.774035123372114E-05
"p462": 1.5053411385271363E-05
"p463": 0
"p464": 0
"p465": 0
"p466": 0
"p467": 0
"p468": 3.3870175616860565E-05
"p469": 0
"p470": 0
"p471": 0
"p472": 0
"p473": 0
"p474": 0
"p475": 0
"p476": 0
"p477": 0
"p478": 0
"p479": 0
"p480": 0.005270575661268136
"p481": 0.001676573693034598
"p482": 0.00027848811062752024
"p483": 1.5053411385271363E-05
"p484": 0.008162712323663399
"p485": 0.0026964423143867326
"p486": 0.0005456861627160868
"p487": 8.27937626189925E-05
"p488": 0.0016972721336893455
"p489": 0.00046853742936657126
"p490": 5.268693984844977E-05
"p491": 0
"p492": 0.0045705920318530185
"p493": 0.0013510436718281048
"p494": 0.0001956943480085277
"p495": 0
"p496": 0.0006585867481056222
"p497": 0.00016370584881482606
"p498": 2.2580117077907045E-05
"p499": 0
"p500": 0.0015918982539924469
"p501": 0.00046101072367393553
"p502": 3.7633528463178407E-05
"p503": 0
