"p441": 0.0001279539967748066
"p442": 1.3171734962112442E-05
"p443": 0
"p444": 0.0003725719317854662
"p445": 5.833196911792653E-05
"p446": 0
"p447": 0
"p448": 0.00015806081954534927
"p449": 1.8816764231589203E-05
"p450": 0
"p451": 0
"p452": 0
"p453": 0
"p454": 0
"p455": 0
"p456": 0.00042714054805707494
"p457": 4.1396881309496255E-05
"p458": 0
"p459": 0
"p460": 9.220214473478711E-05
"p461": 2.2580117077907045E-05
"p462": 0
"p463": 0
"p464": 0
"p465": 0
"p466": 0
"p467": 0
"p468": 0
"p469": 0
"p470": 0
"p471": 0
"p472": 3.3870175616860565E-05
"p473": 0
"p474": 0
"p475": 0
"p476": 0
"p477": 0
"p478": 0
"p479": 0
"p480": 0.0007846590684572699
"p481": 0.00017311423093062066
"p482": 2.2580117077907045E-05
"p483": 0
"p484": 0.00012419064392848873
"p485": 1.5053411385271363E-05
"p486": 0
"p487": 0
"p488": 0.009839286016697995
"p489": 0.0030294990412858616
"p490": 0.0005682662797939939
"p491": 8.27937626189925E-05
"p492": 0.007842827331726381
"p493": 0.00243865264441396
"p494": 0.0004290222244802338
"p495": 1.5053411385271363E-05
"p496": 0.00015053411385271363
"p497": 6.021364554108545E-05
"p498": 1.1290058538953523E-05
"p499": 0
"p500": 3.7633528463178407E-06
"p501": 0
"p502": 0
"p503": 0
