"p441": 2.2580117077907045E-05
"p442": 1.1290058538953523E-05
"p443": 0
"p444": 1.3171734962112442E-05
"p445": 3.7633528463178407E-06
"p446": 3.7633528463178407E-06
"p447": 0
"p448": 0.0001505341138527136
"p449": 3.951520488633733E-05
"p450": 0
"p451": 0
"p452": 0
"p453": 0
"p454": 0
"p455": 0
"p456": 0.0023050536183696776
"p457": 0.0007300904521856612
"p458": 0.00013171734962112442
"p459": 9.408382115794602E-06
"p460": 0.0006228348960656025
"p461": 0.00022203781793275258
"p462": 5.2686939848449775E-05
"p463": 1.1290058538953523E-05
"p464": 0.00019757602443168663
"p465": 6.962202765688005E-05
"p466": 0
"p467": 0
"p468": 3.3870175616860565E-05
"p469": 5.645029269476761E-06
"p470": 0
"p471": 0
"p472": 0.002389729057411829
"p473": 0.0007865407448804287
"p474": 0.00015053411385271363
"p475": 9.408382115794602E-06
"p476": 0.0008505177432678318
"p477": 0.0003180033155138576
"p478": 8.091208619583358E-05
"p479": 1.1290058538953523E-05
"p480": 2.6343469924224887E-05
"p481": 7.5267056926356815E-06
"p482": 1.8816764231589204E-06
"p483": 1.8816764231589204E-06
"p484": 0
"p485": 0
"p486": 0
"p487": 0
"p488": 0.0011440592652806236
"p489": 0.0003217666683601754
"p490": 4.3278557732655166E-05
"p491": 0
"p492": 0.0001956943480085277
"p493": 8.46754390421514E-05
"p494": 2.6343469924224884E-05
"p495": 0
"p496": 0.00010349220327374062
"p497": 2.0698440654748124E-05
"p498": 1.8816764231589204E-06
"p499": 1.8816764231589204E-06
"p500": 0
"p501": 0
"p502": 0
"p503": 0
