"p441": 0.00011290058538953522
"p442": 3.0106822770542726E-05
"p443": 5.645029269476761E-06
"p444": 0.00036880857893914845
"p445": 0.00011854561465901199
"p446": 1.6935087808430286E-05
"p447": 0
"p448": 1.1290058538953523E-05
"p449": 7.5267056926356815E-06
"p450": 0
"p451": 0
"p452": 0
"p453": 0
"p454": 0
"p455": 0
"p456": 0.00041585048951812124
"p457": 0.00015994249596850823
"p458": 2.2580117077907045E-05
"p459": 0
"p460": 3.575185204001949E-05
"p461": 5.645029269476761E-06
"p462": 0
"p463": 0
"p464": 8.467543904215141E-05
"p465": 2.4461793501065963E-05
"p466": 0
"p467": 0
"p468": 0
"p469": 0
"p470": 0
"p471": 0
"p472": 0.0002935415220127916
"p473": 8.843879188846925E-05
"p474": 1.5053411385271363E-05
"p475": 0
"p476": 6.774035123372114E-05
"p477": 1.1290058538953523E-05
"p478": 0
"p479": 0
"p480": 0.00015429746669903143
"p481": 3.575185204001949E-05
"p482": 0
"p483": 0
"p484": 0
"p485": 0
"p486": 0
"p487": 0
"p488": 0.0029975105420921608
"p489": 0.0009050863595394408
"p490": 0.00015617914312219037
"p491": 9.408382115794602E-06
"p492": 0.0008091208619583355
"p493": 0.0002615530228190899
"p494": 5.2686939848449775E-05
"p495": 1.1290058538953523E-05
"p496": 0.00019945770085484557
"p497": 6.39769983874033E-05
"p498": 0
"p499": 0
"p500": 3.3870175616860565E-05
"p501": 5.645029269476761E-06
"p502": 0
"p503": 0
