"p441": 6.39769983874033E-05
"p442": 0
"p443": 0
"p444": 0.0006698768066445756
"p445": 0.00011478226181269415
"p446": 1.1290058538953523E-05
"p447": 0
"p448": 0.0006247165724887616
"p449": 0.0001580608195453493
"p450": 2.2580117077907045E-05
"p451": 0
"p452": 0.0008618078018067855
"p453": 0.00032553002120649325
"p454": 5.833196911792653E-05
"p455": 1.1290058538953523E-05
"p456": 0.00010913723254321738
"p457": 9.408382115794602E-06
"p458": 0
"p459": 0
"p460": 0.0004309039009033928
"p461": 0.00013359902604428335
"p462": 1.5053411385271363E-05
"p463": 0
"p464": 0
"p465": 0
"p466": 0
"p467": 0
"p468": 3.7633528463178407E-06
"p469": 0
"p470": 0
"p471": 0
"p472": 0
"p473": 0
"p474": 0
"p475": 0
"p476": 0
"p477": 0
"p478": 0
"p479": 0
"p480": 0.0005456861627160869
"p481": 9.22021447347871E-05
"p482": 1.1290058538953523E-05
"p483": 0
"p484": 0.0013623337303670584
"p485": 0.0003180033155138576
"p486": 4.704191057897301E-05
"p487": 1.1290058538953523E-05
"p488": 6.774035123372113E-05
"p489": 7.5267056926356815E-06
"p490": 0
"p491": 0
"p492": 0.00026907972851172564
"p493": 6.021364554108545E-05
"p494": 7.5267056926356815E-06
"p495": 0
"p496": 0.0002408545821643418
"p497": 2.8225146347383805E-05
"p498": 0
"p499": 0
"p500": 0.0007432621871477737
"p501": 0.0001862859658927331
"p502": 1.1290058538953523E-05
"p503": 0
