"p441": 0
"p442": 0
"p443": 0
"p444": 2.2580117077907045E-05
"p445": 0
"p446": 0
"p447": 0
"p448": 5.645029269476761E-06
"p449": 0
"p450": 0
"p451": 0
"p452": 6.774035123372113E-05
"p453": 5.645029269476761E-06
"p454": 0
"p455": 0
"p456": 0
"p457": 0
"p458": 0
"p459": 0
"p460": 9.408382115794602E-06
"p461": 0
"p462": 0
"p463": 0
"p464": 5.645029269476761E-06
"p465": 0
"p466": 0
"p467": 0
"p468": 3.387017561686057E-05
"p469": 0
"p470": 0
"p471": 0
"p472": 0
"p473": 0
"p474": 0
"p475": 0
"p476": 2.2580117077907045E-05
"p477": 3.7633528463178407E-06
"p478": 0
"p479": 0
"p480": 0.00033682007974544673
"p481": 6.021364554108546E-05
"p482": 5.645029269476761E-06
"p483": 0
"p484": 0.0007959491269962233
"p485": 0.00015994249596850823
"p486": 1.6935087808430286E-05
"p487": 0
"p488": 5.645029269476761E-05
"p489": 1.1290058538953523E-05
"p490": 0
"p491": 0
"p492": 0.00021639278866327586
"p493": 3.3870175616860565E-05
"p494": 0
"p495": 0
"p496": 0.0002483812878569775
"p497": 6.585867481056221E-05
"p498": 5.645029269476761E-06
"p499": 0
"p500": 0.0004214955187875982
"p501": 8.091208619583358E-05
"p502": 5.645029269476761E-06
"p503": 0
