"p441": 3.010682277054273E-05
"p442": 0
"p443": 0
"p444": 0.00046101072367393553
"p445": 0.0001467707610063958
"p446": 2.6343469924224884E-05
"p447": 0
"p448": 0.00016558752523798497
"p449": 3.951520488633733E-05
"p450": 0
"p451": 0
"p452": 0.0002464996114338185
"p453": 6.209532196424438E-05
"p454": 0
"p455": 0
"p456": 0.002051027301243223
"p457": 0.0005946097497182188
"p458": 9.596549758110492E-05
"p459": 1.3171734962112444E-05
"p460": 0.002207206444365413
"p461": 0.0007696056570719985
"p462": 0.00015241579027587256
"p463": 1.8816764231589203E-05
"p464": 0.00046289240009709436
"p465": 0.0001298356731979655
"p466": 9.408382115794602E-06
"p467": 0
"p468": 0.000333056726899129
"p469": 0.00012795399677480656
"p470": 1.1290058538953523E-05
"p471": 0
"p472": 0.002115004299630626
"p473": 0.0006924569237224829
"p474": 0.00013736237889060116
"p475": 1.3171734962112444E-05
"p476": 0.0020359738898579516
"p477": 0.0007714873334951576
"p478": 0.00014865243742955472
"p479": 1.8816764231589203E-05
"p480": 1.5053411385271363E-05
"p481": 3.7633528463178407E-06
"p482": 3.7633528463178407E-06
"p483": 0
"p484": 4.139688130949625E-05
"p485": 1.1290058538953523E-05
"p486": 1.8816764231589204E-06
"p487": 1.8816764231589204E-06
"p488": 0.000779014039187793
"p489": 0.0001919309951622099
"p490": 2.4461793501065963E-05
"p491": 0
"p492": 0.0012776582913249068
"p493": 0.00037821696105494294
"p494": 4.704191057897301E-05
"p495": 0
"p496": 2.8225146347383805E-05
"p497": 5.645029269476761E-06
"p498": 5.645029269476761E-06
"p499": 0
"p500": 0.000188167642315892
"p501": 4.704191057897301E-05
"p502": 1.8816764231589204E-06
"p503": 1.8816764231589204E-06
