"p441": 0
"p442": 0
"p443": 0
"p444": 9.596549758110493E-05
"p445": 2.8225146347383805E-05
"p446": 3.7633528463178407E-06
"p447": 1.8816764231589204E-06
"p448": 0.001017986944928976
"p449": 0.0003706902553623074
"p450": 7.903040977267465E-05
"p451": 7.5267056926356815E-06
"p452": 9.408382115794602E-06
"p453": 3.7633528463178407E-06
"p454": 0
"p455": 0
"p456": 0.0014846426978723881
"p457": 0.0004986442521371138
"p458": 8.279376261899251E-05
"p459": 1.8816764231589204E-06
"p460": 0.0009163764180783941
"p461": 0.0003819803139012609
"p462": 9.22021447347871E-05
"p463": 1.1290058538953523E-05
"p464": 1.3171734962112442E-05
"p465": 7.5267056926356815E-06
"p466": 0
"p467": 0
"p468": 1.8816764231589204E-06
"p469": 1.8816764231589204E-06
"p470": 0
"p471": 0
"p472": 0
"p473": 0
"p474": 0
"p475": 0
"p476": 0
"p477": 0
"p478": 0
"p479": 0
"p480": 0.0016276501060324662
"p481": 0.0005795563383329474
"p482": 0.0001279539967748066
"p483": 7.5267056926356815E-06
"p484": 0
"p485": 0
"p486": 0
"p487": 0
"p488": 0.0014808793450260703
"p489": 0.00042902222448023387
"p490": 6.209532196424438E-05
"p491": 5.645029269476761E-06
"p492": 0.0007263270993393432
"p493": 0.00030671325697490405
"p494": 8.467543904215141E-05
"p495": 1.3171734962112442E-05
"p496": 0.0005400411334466102
"p497": 0.0001731142309306207
"p498": 2.8225146347383808E-05
"p499": 0
"p500": 0
"p501": 0
"p502": 0
"p503": 0
