"p441": 0.0005870830440255831
"p442": 0.00010725555612005845
"p443": 1.6935087808430286E-05
"p444": 0.0019004931873905096
"p445": 0.0005626212505245172
"p446": 9.22021447347871E-05
"p447": 0
"p448": 2.2580117077907045E-05
"p449": 7.5267056926356815E-06
"p450": 0
"p451": 0
"p452": 0
"p453": 0
"p454": 0
"p455": 0
"p456": 0.0005381594570234511
"p457": 0.0001731142309306207
"p458": 2.2580117077907045E-05
"p459": 0
"p460": 4.327855773265517E-05
"p461": 5.645029269476761E-06
"p462": 0
"p463": 0
"p464": 0.00014300740816007793
"p465": 3.575185204001949E-05
"p466": 0
"p467": 0
"p468": 0
"p469": 0
"p470": 0
"p471": 0
"p472": 0.000378216961054943
"p473": 0.00011101890896637629
"p474": 1.5053411385271363E-05
"p475": 0
"p476": 8.467543904215143E-05
"p477": 1.1290058538953523E-05
"p478": 0
"p479": 0
"p480": 0.00026155302281908986
"p481": 5.833196911792653E-05
"p482": 0
"p483": 0
"p484": 0
"p485": 0
"p486": 0
"p487": 0
"p488": 0.004261997098454955
"p489": 0.0012814216441712244
"p490": 0.0002201561415095937
"p491": 2.0698440654748128E-05
"p492": 0.0012456697921312048
"p493": 0.00032929337405281106
"p494": 5.2686939848449775E-05
"p495": 1.1290058538953523E-05
"p496": 0.00031235828624438084
"p497": 0.00011666393823585303
"p498": 1.1290058538953523E-05
"p499": 0
"p500": 3.3870175616860565E-05
"p501": 5.645029269476761E-06
"p502": 0
"p503": 0
