"p441": 0
"p442": 0
"p443": 0
"p444": 5.080526342529086E-05
"p445": 0
"p446": 0
"p447": 0
"p448": 5.080526342529085E-05
"p449": 5.645029269476761E-06
"p450": 0
"p451": 0
"p452": 0
"p453": 0
"p454": 0
"p455": 0
"p456": 2.2580117077907045E-05
"p457": 0
"p458": 0
"p459": 0
"p460": 9.408382115794602E-06
"p461": 0
"p462": 0
"p463": 0
"p464": 2.2580117077907045E-05
"p465": 0
"p466": 0
"p467": 0
"p468": 0
"p469": 0
"p470": 0
"p471": 0
"p472": 1.6935087808430282E-05
"p473": 0
"p474": 0
"p475": 0
"p476": 2.2580117077907045E-05
"p477": 3.7633528463178407E-06
"p478": 0
"p479": 0
"p480": 0.0005983731025645366
"p481": 0.00011666393823585308
"p482": 1.1290058538953523E-05
"p483": 0
"p484": 0
"p485": 0
"p486": 0
"p487": 0
"p488": 0.0002747247577812024
"p489": 5.456861627160869E-05
"p490": 5.645029269476761E-06
"p491": 0
"p492": 0.0005325144277539745
"p493": 9.408382115794603E-05
"p494": 5.645029269476761E-06
"p495": 0
"p496": 0.0003274116976296521
"p497": 6.962202765688006E-05
"p498": 5.645029269476761E-06
"p499": 0
"p500": 1.6935087808430286E-05
"p501": 0
"p502": 0
"p503": 0
