"p441": 7.714873334951573E-05
"p442": 1.1290058538953523E-05
"p443": 0
"p444": 0.0008956779774236462
"p445": 0.00023897290574118285
"p446": 1.8816764231589203E-05
"p447": 0
"p448": 3.7633528463178407E-06
"p449": 0
"p450": 0
"p451": 0
"p452": 0.00015241579027587253
"p453": 4.139688130949625E-05
"p454": 0
"p455": 0
"p456": 0.00015053411385271363
"p457": 2.6343469924224884E-05
"p458": 0
"p459": 0
"p460": 0.0003048315805517451
"p461": 9.032046831162818E-05
"p462": 1.5053411385271363E-05
"p463": 0
"p464": 0
"p465": 0
"p466": 0
"p467": 0
"p468": 0
"p469": 0
"p470": 0
"p471": 0
"p472": 0
"p473": 0
"p474": 0
"p475": 0
"p476": 2.2580117077907045E-05
"p477": 3.7633528463178407E-06
"p478": 0
"p479": 0
"p480": 0.0005306327513308154
"p481": 0.00013359902604428333
"p482": 9.408382115794602E-06
"p483": 0
"p484": 0.0005118159870992264
"p485": 0.0001430074081600779
"p486": 1.1290058538953523E-05
"p487": 0
"p488": 0.004325974096842359
"p489": 0.0012757766149017477
"p490": 0.00023520955289486504
"p491": 2.6343469924224887E-05
"p492": 0.004867896906712127
"p493": 0.001625768429609307
"p494": 0.0003161216390906986
"p495": 3.7633528463178407E-05
"p496": 8.655711546531032E-05
"p497": 3.198849919370165E-05
"p498": 0
"p499": 0
"p500": 9.972885042742277E-05
"p501": 3.7633528463178407E-05
"p502": 0
"p503": 0
