"p441": 0
"p442": 0
"p443": 0
"p444": 3.7633528463178407E-05
"p445": 9.408382115794602E-06
"p446": 3.7633528463178407E-06
"p447": 1.8816764231589204E-06
"p448": 0.001112070766086922
"p449": 0.00041020546024864466
"p450": 8.655711546531035E-05
"p451": 7.5267056926356815E-06
"p452": 0
"p453": 0
"p454": 0
"p455": 0
"p456": 0.0012550781742469998
"p457": 0.00039515204886337327
"p458": 5.645029269476761E-05
"p459": 1.8816764231589204E-06
"p460": 0.0006868118944530059
"p461": 0.0002860148163201559
"p462": 6.39769983874033E-05
"p463": 1.1290058538953523E-05
"p464": 0.000972826710773162
"p465": 0.00036316354966967166
"p466": 7.903040977267465E-05
"p467": 7.5267056926356815E-06
"p468": 1.1290058538953523E-05
"p469": 5.645029269476761E-06
"p470": 0
"p471": 0
"p472": 0.0014846426978723881
"p473": 0.0004986442521371138
"p474": 8.279376261899251E-05
"p475": 1.8816764231589204E-06
"p476": 0.0009069680359625994
"p477": 0.0003782169610549431
"p478": 8.843879188846926E-05
"p479": 1.1290058538953523E-05
"p480": 0.0007206820700698665
"p481": 0.00023520955289486504
"p482": 4.139688130949624E-05
"p483": 0
"p484": 0
"p485": 0
"p486": 0
"p487": 0
"p488": 0.00042902222448023376
"p489": 9.220214473478709E-05
"p490": 5.645029269476761E-06
"p491": 3.7633528463178407E-06
"p492": 0.00020322105370116337
"p493": 8.46754390421514E-05
"p494": 2.4461793501065963E-05
"p495": 1.8816764231589204E-06
"p496": 0.00046853742936657115
"p497": 0.00015241579027587253
"p498": 2.8225146347383808E-05
"p499": 0
"p500": 0
"p501": 0
"p502": 0
"p503": 0
