"p441": 0.0016878637515735514
"p442": 0.0002916598455896327
"p443": 4.1396881309496255E-05
"p444": 0.005645029269476761
"p445": 0.0017781842198851799
"p446": 0.0003029499041285862
"p447": 7.5267056926356815E-06
"p448": 1.1290058538953523E-05
"p449": 0
"p450": 0
"p451": 0
"p452": 0
"p453": 0
"p454": 0
"p455": 0
"p456": 0.0001430074081600779
"p457": 1.5053411385271363E-05
"p458": 0
"p459": 0
"p460": 7.5267056926356815E-06
"p461": 0
"p462": 0
"p463": 0
"p464": 6.962202765688006E-05
"p465": 1.1290058538953523E-05
"p466": 0
"p467": 0
"p468": 0
"p469": 0
"p470": 0
"p471": 0
"p472": 9.596549758110495E-05
"p473": 2.2580117077907045E-05
"p474": 0
"p475": 0
"p476": 1.8816764231589203E-05
"p477": 0
"p478": 0
"p479": 0
"p480": 0.00013171734962112445
"p481": 2.258011707790705E-05
"p482": 0
"p483": 0
"p484": 0
"p485": 0
"p486": 0
"p487": 0
"p488": 0.00174243236784516
"p489": 0.00047606413505920677
"p490": 6.962202765688005E-05
"p491": 1.1290058538953523E-05
"p492": 0.00047982748790552474
"p493": 7.33853805031979E-05
"p494": 0
"p495": 0
"p496": 0.00016182417239166713
"p497": 6.021364554108545E-05
"p498": 1.1290058538953523E-05
"p499": 0
"p500": 0
"p501": 0
"p502": 0
"p503": 0
