"p441": 1.3171734962112444E-05
"p442": 0
"p443": 0
"p444": 0.0001956943480085277
"p445": 2.8225146347383805E-05
"p446": 0
"p447": 0
"p448": 0.00024838128785697745
"p449": 2.258011707790705E-05
"p450": 0
"p451": 0
"p452": 1.1290058538953523E-05
"p453": 0
"p454": 0
"p455": 0
"p456": 0.0001674692016611439
"p457": 1.8816764231589203E-05
"p458": 0
"p459": 0
"p460": 0.0002991865512822683
"p461": 9.032046831162818E-05
"p462": 1.5053411385271363E-05
"p463": 0
"p464": 3.3870175616860565E-05
"p465": 0
"p466": 0
"p467": 0
"p468": 0
"p469": 0
"p470": 0
"p471": 0
"p472": 0
"p473": 0
"p474": 0
"p475": 0
"p476": 0
"p477": 0
"p478": 0
"p479": 0
"p480": 0.006388291456624537
"p481": 0.002054790654089541
"p482": 0.00039327037244021434
"p483": 3.7633528463178407E-05
"p484": 8.655711546531035E-05
"p485": 3.7633528463178407E-06
"p486": 0
"p487": 0
"p488": 0.0038612000203221046
"p489": 0.0011158341189332396
"p490": 0.00019757602443168663
"p491": 4.516023415581409E-05
"p492": 0.009169409210053422
"p493": 0.0028977816916647375
"p494": 0.0004854725171750014
"p495": 1.5053411385271363E-05
"p496": 0.0011986278815522323
"p497": 0.000355636843977036
"p498": 3.7633528463178407E-05
"p499": 0
"p500": 0
"p501": 0
"p502": 0
"p503": 0
