"p441": 8.091208619583357E-05
"p442": 1.8816764231589204E-06
"p443": 0
"p444": 0.00011666393823585305
"p445": 1.5053411385271365E-05
"p446": 0
"p447": 0
"p448": 0.0004534840179812998
"p449": 0.00010537387969689955
"p450": 1.1290058538953523E-05
"p451": 0
"p452": 9.408382115794602E-06
"p453": 0
"p454": 0
"p455": 0
"p456": 0.004563065326160382
"p457": 0.001503459462103977
"p458": 0.00028789649274331484
"p459": 4.1396881309496255E-05
"p460": 0.0038329748739747214
"p461": 0.0011308875303185112
"p462": 0.00018252261304641527
"p463": 7.5267056926356815E-06
"p464": 0.00042714054805707494
"p465": 0.00012795399677480656
"p466": 2.2580117077907045E-05
"p467": 0
"p468": 0.00011854561465901199
"p469": 1.5053411385271363E-05
"p470": 0
"p471": 0
"p472": 0.0030727775990185163
"p473": 0.001159112676665895
"p474": 0.0002408545821643418
"p475": 4.1396881309496255E-05
"p476": 0.004092646220370652
"p477": 0.0014789976686029117
"p478": 0.000284133139896997
"p479": 7.5267056926356815E-06
"p480": 8.843879188846925E-05
"p481": 3.575185204001949E-05
"p482": 0
"p483": 0
"p484": 0
"p485": 0
"p486": 0
"p487": 0
"p488": 0.0033286855925681305
"p489": 0.0008806245660383746
"p490": 8.467543904215143E-05
"p491": 0
"p492": 0.001546738019836632
"p493": 0.00027848811062752024
"p494": 7.5267056926356815E-06
"p495": 0
"p496": 0.00022203781793275258
"p497": 6.962202765688005E-05
"p498": 0
"p499": 0
"p500": 0
"p501": 0
"p502": 0
"p503": 0
