"p441": 0.00015053411385271363
"p442": 1.3171734962112444E-05
"p443": 0
"p444": 0.0022090881207885724
"p445": 0.0005343961041771334
"p446": 3.387017561686057E-05
"p447": 0
"p448": 0.0006736401594908935
"p449": 0.0001768775837769385
"p450": 2.6343469924224884E-05
"p451": 0
"p452": 0
"p453": 0
"p454": 0
"p455": 0
"p456": 0.000235209552894865
"p457": 3.7633528463178407E-05
"p458": 0
"p459": 0
"p460": 0.0001844042894695742
"p461": 4.516023415581409E-05
"p462": 0
"p463": 0
"p464": 0.00024838128785697745
"p465": 2.258011707790705E-05
"p466": 0
"p467": 0
"p468": 1.1290058538953523E-05
"p469": 0
"p470": 0
"p471": 0
"p472": 0.0001674692016611439
"p473": 1.8816764231589203E-05
"p474": 0
"p475": 0
"p476": 0.0002991865512822683
"p477": 9.032046831162818E-05
"p478": 1.5053411385271363E-05
"p479": 0
"p480": 0.0045517752676214294
"p481": 0.0014225473759081437
"p482": 0.0002333278764717061
"p483": 1.8816764231589203E-05
"p484": 5.645029269476761E-06
"p485": 0
"p486": 0
"p487": 0
"p488": 0.002751010930658342
"p489": 0.000773369009918316
"p490": 0.00012419064392848873
"p491": 2.2580117077907045E-05
"p492": 0.005648792622323078
"p493": 0.0015185128734892482
"p494": 0.0002013393772780045
"p495": 7.5267056926356815E-06
"p496": 0.0025873050818435153
"p497": 0.0009276664766173476
"p498": 0.00018252261304641527
"p499": 1.8816764231589203E-05
"p500": 8.091208619583358E-05
"p501": 3.7633528463178407E-06
"p502": 0
"p503": 0
