"p441": 1.8816764231589203E-05
"p442": 0
"p443": 0
"p444": 0.00016935087808430286
"p445": 3.7633528463178407E-05
"p446": 0
"p447": 0
"p448": 0.0001392440553137601
"p449": 2.6343469924224884E-05
"p450": 0
"p451": 0
"p452": 0.0003085949333980629
"p453": 9.596549758110493E-05
"p454": 1.5053411385271363E-05
"p455": 0
"p456": 2.8225146347383805E-05
"p457": 5.645029269476761E-06
"p458": 0
"p459": 0
"p460": 0.00016558752523798497
"p461": 3.7633528463178407E-05
"p462": 7.5267056926356815E-06
"p463": 7.5267056926356815E-06
"p464": 0
"p465": 0
"p466": 0
"p467": 0
"p468": 2.2580117077907045E-05
"p469": 3.7633528463178407E-06
"p470": 0
"p471": 0
"p472": 0
"p473": 0
"p474": 0
"p475": 0
"p476": 0
"p477": 0
"p478": 0
"p479": 0
"p480": 0.0034171243844565995
"p481": 0.0010800822668932202
"p482": 0.00019569434800852773
"p483": 2.6343469924224887E-05
"p484": 0.004209310158606505
"p485": 0.0014432458165628916
"p486": 0.0003010682277054272
"p487": 3.7633528463178407E-05
"p488": 0.0013660970832133762
"p489": 0.00039891540170969113
"p490": 6.585867481056221E-05
"p491": 0
"p492": 0.0014056122880997132
"p493": 0.0004704191057897301
"p494": 7.150370408003898E-05
"p495": 0
"p496": 0.0004214955187875982
"p497": 9.784717400426385E-05
"p498": 0
"p499": 0
"p500": 0.0008072391855351768
"p501": 0.00026907972851172564
"p502": 4.139688130949625E-05
"p503": 0
