"p441": 0.0011948645287059145
"p442": 0.0001862859658927331
"p443": 7.5267056926356815E-06
"p444": 0.006599039216018333
"p445": 0.0021281760345927387
"p446": 0.0003857436667475786
"p447": 4.1396881309496255E-05
"p448": 0
"p449": 0
"p450": 0
"p451": 0
"p452": 1.1290058538953523E-05
"p453": 0
"p454": 0
"p455": 0
"p456": 2.0698440654748124E-05
"p457": 1.8816764231589204E-06
"p458": 0
"p459": 0
"p460": 0.00013359902604428333
"p461": 1.3171734962112444E-05
"p462": 0
"p463": 0
"p464": 0
"p465": 0
"p466": 0
"p467": 0
"p468": 7.33853805031979E-05
"p469": 1.1290058538953523E-05
"p470": 0
"p471": 0
"p472": 1.8816764231589203E-05
"p473": 0
"p474": 0
"p475": 0
"p476": 9.220214473478709E-05
"p477": 2.2580117077907045E-05
"p478": 0
"p479": 0
"p480": 4.7041910578973E-05
"p481": 3.7633528463178407E-06
"p482": 0
"p483": 0
"p484": 0.00013171734962112445
"p485": 2.258011707790705E-05
"p486": 0
"p487": 0
"p488": 0.0007790140391877931
"p489": 0.0001373623788906012
"p490": 1.1290058538953523E-05
"p491": 0
"p492": 0.0017010354865356634
"p493": 0.0004760641350592068
"p494": 6.962202765688005E-05
"p495": 1.1290058538953523E-05
"p496": 0.00024085458216434183
"p497": 3.575185204001949E-05
"p498": 0
"p499": 0
"p500": 0.00016182417239166713
"p501": 6.021364554108545E-05
"p502": 1.1290058538953523E-05
"p503": 0
