"p441": 0
"p442": 0
"p443": 0
"p444": 0
"p445": 0
"p446": 0
"p447": 0
"p448": 3.575185204001949E-05
"p449": 3.7633528463178407E-06
"p450": 0
"p451": 0
"p452": 7.33853805031979E-05
"p453": 3.7633528463178407E-06
"p454": 0
"p455": 0
"p456": 0.00029730487485910944
"p457": 6.021364554108546E-05
"p458": 5.645029269476761E-06
"p459": 0
"p460": 0.000660468424528781
"p461": 0.0001486524374295547
"p462": 1.6935087808430286E-05
"p463": 0
"p464": 7.338538050319788E-05
"p465": 1.5053411385271363E-05
"p466": 0
"p467": 0
"p468": 0.00011854561465901199
"p469": 1.5053411385271363E-05
"p470": 0
"p471": 0
"p472": 0.00027848811062752024
"p473": 7.714873334951574E-05
"p474": 5.645029269476761E-06
"p475": 0
"p476": 0.0004911175464444782
"p477": 0.00011478226181269414
"p478": 5.645029269476761E-06
"p479": 0
"p480": 5.645029269476761E-06
"p481": 0
"p482": 0
"p483": 0
"p484": 2.0698440654748124E-05
"p485": 5.645029269476761E-06
"p486": 0
"p487": 0
"p488": 0.00016370584881482606
"p489": 5.645029269476761E-06
"p490": 0
"p491": 0
"p492": 0.0004685374293665712
"p493": 3.387017561686057E-05
"p494": 0
"p495": 0
"p496": 1.1290058538953523E-05
"p497": 0
"p498": 0
"p499": 0
"p500": 3.387017561686057E-05
"p501": 5.645029269476761E-06
"p502": 0
"p503": 0
