"p441": 3.7633528463178407E-06
"p442": 0
"p443": 0
"p444": 0.00013359902604428333
"p445": 3.9515204886337324E-05
"p446": 5.645029269476761E-06
"p447": 0
"p448": 3.7633528463178407E-06
"p449": 0
"p450": 0
"p451": 0
"p452": 9.032046831162818E-05
"p453": 3.0106822770542726E-05
"p454": 0
"p455": 0
"p456": 0.00013359902604428335
"p457": 2.6343469924224884E-05
"p458": 0
"p459": 0
"p460": 0.00021827446508643474
"p461": 6.774035123372114E-05
"p462": 1.5053411385271363E-05
"p463": 0
"p464": 0
"p465": 0
"p466": 0
"p467": 0
"p468": 0
"p469": 0
"p470": 0
"p471": 0
"p472": 0
"p473": 0
"p474": 0
"p475": 0
"p476": 2.2580117077907045E-05
"p477": 3.7633528463178407E-06
"p478": 0
"p479": 0
"p480": 0.00037821696105494305
"p481": 9.972885042742278E-05
"p482": 9.408382115794602E-06
"p483": 0
"p484": 0.000284133139896997
"p485": 7.903040977267463E-05
"p486": 0
"p487": 0
"p488": 0.0033531473860691965
"p489": 0.0010556204733921542
"p490": 0.00020133937727800444
"p491": 2.6343469924224887E-05
"p492": 0.003121701186020649
"p493": 0.0011026623839711274
"p494": 0.00022203781793275258
"p495": 1.5053411385271363E-05
"p496": 7.150370408003898E-05
"p497": 2.8225146347383805E-05
"p498": 0
"p499": 0
"p500": 0.00010725555612005847
"p501": 3.7633528463178407E-05
"p502": 0
"p503": 0
