"p441": 0
"p442": 0
"p443": 0
"p444": 0.0002897781691664738
"p445": 0.00011666393823585307
"p446": 1.6935087808430286E-05
"p447": 0
"p448": 0.00010537387969689954
"p449": 2.4461793501065963E-05
"p450": 0
"p451": 0
"p452": 0.00034999181470755914
"p453": 0.000141125731736919
"p454": 2.2580117077907045E-05
"p455": 0
"p456": 9.408382115794602E-06
"p457": 0
"p458": 0
"p459": 0
"p460": 2.6343469924224884E-05
"p461": 1.1290058538953523E-05
"p462": 1.1290058538953523E-05
"p463": 0
"p464": 0.00012607232035164766
"p465": 2.6343469924224884E-05
"p466": 0
"p467": 0
"p468": 0.00021639278866327584
"p469": 7.338538050319788E-05
"p470": 1.5053411385271363E-05
"p471": 0
"p472": 2.4461793501065963E-05
"p473": 5.645029269476761E-06
"p474": 0
"p475": 0
"p476": 0.00010913723254321738
"p477": 2.6343469924224887E-05
"p478": 7.5267056926356815E-06
"p479": 7.5267056926356815E-06
"p480": 0.0015279212556050432
"p481": 0.0004892358700213193
"p482": 7.338538050319791E-05
"p483": 1.3171734962112444E-05
"p484": 0.0015693181369145393
"p485": 0.0005456861627160869
"p486": 0.00011101890896637629
"p487": 7.5267056926356815E-06
"p488": 0.0005833196911792652
"p489": 0.00017499590735377957
"p490": 2.4461793501065963E-05
"p491": 0
"p492": 0.00029354152201279153
"p493": 0.000118545614659012
"p494": 1.3171734962112444E-05
"p495": 0
"p496": 0.001317173496211244
"p497": 0.0004779458114823658
"p498": 8.843879188846926E-05
"p499": 1.3171734962112444E-05
"p500": 0.0013058834376722906
"p501": 0.000519342692791862
"p502": 0.00011101890896637629
"p503": 7.5267056926356815E-06
