"p441": 0.0003499918147075592
"p442": 2.8225146347383805E-05
"p443": 0
"p444": 0.0007206820700698663
"p445": 8.843879188846926E-05
"p446": 0
"p447": 0
"p448": 0.00012042729108217092
"p449": 2.258011707790705E-05
"p450": 0
"p451": 0
"p452": 0
"p453": 0
"p454": 0
"p455": 0
"p456": 0.0012663682327859532
"p457": 0.0003895070195938966
"p458": 6.39769983874033E-05
"p459": 1.1290058538953523E-05
"p460": 0.00041961384236443916
"p461": 6.962202765688005E-05
"p462": 0
"p463": 0
"p464": 0.00016182417239166713
"p465": 6.021364554108545E-05
"p466": 1.1290058538953523E-05
"p467": 0
"p468": 0
"p469": 0
"p470": 0
"p471": 0
"p472": 0.000989761798581592
"p473": 0.00034434678543808245
"p474": 5.833196911792653E-05
"p475": 1.1290058538953523E-05
"p476": 0.0006943386001456414
"p477": 0.00012230896750532982
"p478": 0
"p479": 0
"p480": 1.5053411385271363E-05
"p481": 3.7633528463178407E-06
"p482": 0
"p483": 0
"p484": 0
"p485": 0
"p486": 0
"p487": 0
"p488": 0.0007206820700698664
"p489": 0.00014865243742955467
"p490": 5.645029269476761E-06
"p491": 0
"p492": 0.00011290058538953522
"p493": 9.408382115794602E-06
"p494": 0
"p495": 0
"p496": 0.00010725555612005845
"p497": 3.7633528463178407E-05
"p498": 0
"p499": 0
"p500": 0
"p501": 0
"p502": 0
"p503": 0
