"p441": 3.575185204001949E-05
"p442": 0
"p443": 0
"p444": 0.0015034594621039772
"p445": 0.00038009863747810193
"p446": 2.6343469924224884E-05
"p447": 0
"p448": 0.0001768775837769385
"p449": 3.387017561686057E-05
"p450": 0
"p451": 0
"p452": 0.0008298193026130839
"p453": 0.00021074775939379907
"p454": 2.6343469924224884E-05
"p455": 0
"p456": 1.1290058538953523E-05
"p457": 0
"p458": 0
"p459": 0
"p460": 9.408382115794602E-05
"p461": 2.2580117077907045E-05
"p462": 0
"p463": 0
"p464": 0.0001467707610063958
"p465": 2.6343469924224884E-05
"p466": 0
"p467": 0
"p468": 0.00034622846186124133
"p469": 3.7633528463178407E-05
"p470": 0
"p471": 0
"p472": 1.5053411385271363E-05
"p473": 0
"p474": 0
"p475": 0
"p476": 0.00021827446508643471
"p477": 6.774035123372114E-05
"p478": 1.5053411385271363E-05
"p479": 0
"p480": 0.003650452260928305
"p481": 0.0010330403563142475
"p482": 0.00014112573173691902
"p483": 7.5267056926356815E-06
"p484": 0.0060006661134538
"p485": 0.0019776419207400246
"p486": 0.00033870175616860566
"p487": 4.1396881309496255E-05
"p488": 0.0010048152099668634
"p489": 0.00022203781793275263
"p490": 2.2580117077907045E-05
"p491": 0
"p492": 0.0023803206752960344
"p493": 0.0005757929854866296
"p494": 6.021364554108546E-05
"p495": 0
"p496": 0.0023577405582181276
"p497": 0.0008467543904215143
"p498": 0.00015994249596850823
"p499": 7.5267056926356815E-06
"p500": 0.0032440101535259783
"p501": 0.0012268530278996162
"p502": 0.00025214464070329537
"p503": 4.1396881309496255E-05
