"p441": 0.0005475678391392458
"p442": 3.951520488633733E-05
"p443": 0
"p444": 0.0014281924051776206
"p445": 0.00037069025536230727
"p446": 4.516023415581409E-05
"p447": 0
"p448": 6.962202765688006E-05
"p449": 1.1290058538953523E-05
"p450": 0
"p451": 0
"p452": 0
"p453": 0
"p454": 0
"p455": 0
"p456": 0.00010161052685058171
"p457": 2.2580117077907045E-05
"p458": 0
"p459": 0
"p460": 1.8816764231589203E-05
"p461": 0
"p462": 0
"p463": 0
"p464": 0
"p465": 0
"p466": 0
"p467": 0
"p468": 0
"p469": 0
"p470": 0
"p471": 0
"p472": 0
"p473": 0
"p474": 0
"p475": 0
"p476": 0
"p477": 0
"p478": 0
"p479": 0
"p480": 0.00028601481632015586
"p481": 7.150370408003898E-05
"p482": 1.1290058538953523E-05
"p483": 0
"p484": 0
"p485": 0
"p486": 0
"p487": 0
"p488": 0.0023558588817949675
"p489": 0.0006341249546045561
"p490": 0.00010537387969689955
"p491": 2.2580117077907045E-05
"p492": 0.0010800822668932202
"p493": 0.0001749959073537796
"p494": 0
"p495": 0
"p496": 7.5267056926356815E-06
"p497": 0
"p498": 0
"p499": 0
"p500": 0
"p501": 0
"p502": 0
"p503": 0
