"p441": 0.00010725555612005845
"p442": 0
"p443": 0
"p444": 0.0008674528310762622
"p445": 0.0001373623788906012
"p446": 1.1290058538953523E-05
"p447": 0
"p448": 0.0009991701806973867
"p449": 0.00033117505047597
"p450": 5.456861627160869E-05
"p451": 1.1290058538953523E-05
"p452": 5.645029269476761E-06
"p453": 0
"p454": 0
"p455": 0
"p456": 0.00027848811062752024
"p457": 5.833196911792653E-05
"p458": 9.408382115794602E-06
"p459": 0
"p460": 0.000637888307450874
"p461": 0.00012042729108217089
"p462": 3.7633528463178407E-06
"p463": 0
"p464": 0.0007075103351077541
"p465": 0.0002615530228190899
"p466": 4.8923587002131926E-05
"p467": 1.1290058538953523E-05
"p468": 3.0106822770542726E-05
"p469": 3.7633528463178407E-06
"p470": 0
"p471": 0
"p472": 0.0002803697870506791
"p473": 8.279376261899248E-05
"p474": 9.408382115794602E-06
"p475": 0
"p476": 0.0007526705692635681
"p477": 0.00019004931873905096
"p478": 1.5053411385271363E-05
"p479": 0
"p480": 0.0006548233952593043
"p481": 0.00014677076100639576
"p482": 5.645029269476761E-06
"p483": 0
"p484": 0
"p485": 0
"p486": 0
"p487": 0
"p488": 6.585867481056221E-05
"p489": 1.8816764231589204E-06
"p490": 0
"p491": 0
"p492": 0.00015053411385271363
"p493": 2.4461793501065963E-05
"p494": 3.7633528463178407E-06
"p495": 0
"p496": 0.0003292933740528111
"p497": 5.645029269476761E-05
"p498": 0
"p499": 0
"p500": 3.7633528463178407E-06
"p501": 3.7633528463178407E-06
"p502": 0
"p503": 0
