"p441": 0.00014300740816007796
"p442": 2.4461793501065963E-05
"p443": 0
"p444": 0.00021827446508643474
"p445": 3.575185204001949E-05
"p446": 3.7633528463178407E-06
"p447": 0
"p448": 0.0002464996114338185
"p449": 6.209532196424438E-05
"p450": 0
"p451": 0
"p452": 0
"p453": 0
"p454": 0
"p455": 0
"p456": 0.003196968242947007
"p457": 0.0010217502977752939
"p458": 0.00019004931873905096
"p459": 2.0698440654748128E-05
"p460": 0.0010048152099668632
"p461": 0.0002860148163201559
"p462": 5.2686939848449775E-05
"p463": 1.1290058538953523E-05
"p464": 0.0003104766098212219
"p465": 0.0001223089675053298
"p466": 1.1290058538953523E-05
"p467": 0
"p468": 3.3870175616860565E-05
"p469": 5.645029269476761E-06
"p470": 0
"p471": 0
"p472": 0.002995628865669002
"p473": 0.0010311586798910884
"p474": 0.0002032210537011634
"p475": 2.0698440654748128E-05
"p476": 0.0013962039059839183
"p477": 0.00043090390090339285
"p478": 8.091208619583358E-05
"p479": 1.1290058538953523E-05
"p480": 4.139688130949625E-05
"p481": 1.1290058538953523E-05
"p482": 1.8816764231589204E-06
"p483": 1.8816764231589204E-06
"p484": 0
"p485": 0
"p486": 0
"p487": 0
"p488": 0.0016916271044198695
"p489": 0.0004666557529434123
"p490": 4.8923587002131926E-05
"p491": 0
"p492": 0.0003029499041285862
"p493": 9.4083821157946E-05
"p494": 2.6343469924224884E-05
"p495": 0
"p496": 0.000188167642315892
"p497": 4.704191057897301E-05
"p498": 1.8816764231589204E-06
"p499": 1.8816764231589204E-06
"p500": 0
"p501": 0
"p502": 0
"p503": 0
