"p441": 5.645029269476761E-06
"p442": 0
"p443": 0
"p444": 0.000378216961054943
"p445": 6.774035123372113E-05
"p446": 3.7633528463178407E-06
"p447": 0
"p448": 0.0018496879239652188
"p449": 0.0007056286586845952
"p450": 0.0001561791431221904
"p451": 1.8816764231589203E-05
"p452": 8.091208619583358E-05
"p453": 3.7633528463178407E-06
"p454": 0
"p455": 0
"p456": 0.001503459462103977
"p457": 0.0005362777806002923
"p458": 9.596549758110495E-05
"p459": 2.2580117077907045E-05
"p460": 0.004461454799309801
"p461": 0.0016539935759566908
"p462": 0.00030671325697490405
"p463": 7.5267056926356815E-06
"p464": 1.5053411385271363E-05
"p465": 0
"p466": 0
"p467": 0
"p468": 3.7633528463178407E-06
"p469": 0
"p470": 0
"p471": 0
"p472": 0
"p473": 0
"p474": 0
"p475": 0
"p476": 0
"p477": 0
"p478": 0
"p479": 0
"p480": 0.004749351292053117
"p481": 0.0014131389937923492
"p482": 0.00023709122931802397
"p483": 1.8816764231589203E-05
"p484": 5.645029269476761E-06
"p485": 0
"p486": 0
"p487": 0
"p488": 0.002374675646026557
"p489": 0.0006679951302214167
"p490": 0.00010161052685058171
"p491": 2.2580117077907045E-05
"p492": 0.005063591254720655
"p493": 0.001302120084825973
"p494": 0.00019004931873905094
"p495": 7.5267056926356815E-06
"p496": 0.0014376007872934147
"p497": 0.00035563684397703593
"p498": 3.7633528463178407E-05
"p499": 0
"p500": 9.408382115794602E-06
"p501": 3.7633528463178407E-06
"p502": 0
"p503": 0
