"p441": 0.00023709122931802397
"p442": 3.9515204886337324E-05
"p443": 1.1290058538953523E-05
"p444": 0.002146992798824328
"p445": 0.0006886935708761649
"p446": 9.596549758110493E-05
"p447": 0
"p448": 0.0004158504895181214
"p449": 0.0001298356731979655
"p450": 1.8816764231589203E-05
"p451": 0
"p452": 0
"p453": 0
"p454": 0
"p455": 0
"p456": 0.00012419064392848875
"p457": 3.951520488633733E-05
"p458": 3.7633528463178407E-06
"p459": 0
"p460": 8.091208619583358E-05
"p461": 1.6935087808430286E-05
"p462": 1.1290058538953523E-05
"p463": 0
"p464": 0.00024085458216434178
"p465": 6.39769983874033E-05
"p466": 7.5267056926356815E-06
"p467": 0
"p468": 1.3171734962112442E-05
"p469": 5.645029269476761E-06
"p470": 0
"p471": 0
"p472": 0.00014488908458323686
"p473": 4.704191057897301E-05
"p474": 7.5267056926356815E-06
"p475": 0
"p476": 0.00023709122931802392
"p477": 4.892358700213193E-05
"p478": 7.5267056926356815E-06
"p479": 7.5267056926356815E-06
"p480": 0.0025270914363024295
"p481": 0.0008486360668446732
"p482": 0.00016182417239166713
"p483": 1.8816764231589203E-05
"p484": 5.645029269476761E-06
"p485": 0
"p486": 0
"p487": 0
"p488": 0.0018026460133862459
"p489": 0.0005080526342529085
"p490": 6.962202765688006E-05
"p491": 1.8816764231589204E-06
"p492": 0.0014902877271418646
"p493": 0.0004384306065960284
"p494": 6.39769983874033E-05
"p495": 1.1290058538953523E-05
"p496": 0.0018609779825041718
"p497": 0.0006886935708761649
"p498": 0.0001467707610063958
"p499": 1.8816764231589203E-05
"p500": 3.575185204001949E-05
"p501": 7.5267056926356815E-06
"p502": 0
"p503": 0
