"p441": 0
"p442": 0
"p443": 0
"p444": 0
"p445": 0
"p446": 0
"p447": 0
"p448": 0.00026343469924224885
"p449": 5.456861627160869E-05
"p450": 5.645029269476761E-06
"p451": 0
"p452": 0.0005419228098697691
"p453": 0.00013171734962112442
"p454": 1.6935087808430286E-05
"p455": 0
"p456": 5.080526342529086E-05
"p457": 1.1290058538953523E-05
"p458": 0
"p459": 0
"p460": 0.000212629435816958
"p461": 3.3870175616860565E-05
"p462": 0
"p463": 0
"p464": 0.00024273625858750074
"p465": 6.585867481056221E-05
"p466": 5.645029269476761E-06
"p467": 0
"p468": 0.00031988499193701646
"p469": 7.526705692635683E-05
"p470": 5.645029269476761E-06
"p471": 0
"p472": 6.021364554108545E-05
"p473": 1.6935087808430286E-05
"p474": 0
"p475": 0
"p476": 0.00029165984558963265
"p477": 6.209532196424438E-05
"p478": 0
"p479": 0
"p480": 0.0001580608195453493
"p481": 5.645029269476761E-06
"p482": 0
"p483": 0
"p484": 0.00045724737082761767
"p485": 3.387017561686057E-05
"p486": 0
"p487": 0
"p488": 1.1290058538953523E-05
"p489": 1.8816764231589204E-06
"p490": 0
"p491": 0
"p492": 2.2580117077907045E-05
"p493": 5.645029269476761E-06
"p494": 0
"p495": 0
"p496": 7.338538050319791E-05
"p497": 0
"p498": 0
"p499": 0
"p500": 0.0001298356731979655
"p501": 5.645029269476761E-06
"p502": 0
"p503": 0
