"p441": 0.00018440428946957422
"p442": 0
"p443": 0
"p444": 0.0010932540018553326
"p445": 0.0002408545821643418
"p446": 2.2580117077907045E-05
"p447": 0
"p448": 6.209532196424438E-05
"p449": 1.1290058538953523E-05
"p450": 0
"p451": 0
"p452": 7.5267056926356815E-06
"p453": 0
"p454": 0
"p455": 0
"p456": 3.575185204001949E-05
"p457": 1.1290058538953523E-05
"p458": 0
"p459": 0
"p460": 8.467543904215143E-05
"p461": 1.1290058538953523E-05
"p462": 0
"p463": 0
"p464": 0
"p465": 0
"p466": 0
"p467": 0
"p468": 0
"p469": 0
"p470": 0
"p471": 0
"p472": 0
"p473": 0
"p474": 0
"p475": 0
"p476": 0
"p477": 0
"p478": 0
"p479": 0
"p480": 0.0017330239857293657
"p481": 0.0004854725171750014
"p482": 8.655711546531035E-05
"p483": 2.2580117077907045E-05
"p484": 3.198849919370165E-05
"p485": 3.7633528463178407E-06
"p486": 0
"p487": 0
"p488": 0.0006228348960656027
"p489": 0.00014865243742955472
"p490": 1.8816764231589203E-05
"p491": 0
"p492": 0.0013134101433649266
"p493": 0.00027660643420436126
"p494": 1.8816764231589203E-05
"p495": 0
"p496": 0.0005325144277539744
"p497": 0.00014488908458323683
"p498": 1.1290058538953523E-05
"p499": 0
"p500": 0
"p501": 0
"p502": 0
"p503": 0
