"p441": 0
"p442": 0
"p443": 0
"p444": 0
"p445": 0
"p446": 0
"p447": 0
"p448": 7.33853805031979E-05
"p449": 3.7633528463178407E-06
"p450": 0
"p451": 0
"p452": 0
"p453": 0
"p454": 0
"p455": 0
"p456": 0.00059272807329506
"p457": 0.0001373623788906012
"p458": 1.6935087808430286E-05
"p459": 0
"p460": 0.00039327037244021434
"p461": 7.150370408003898E-05
"p462": 5.645029269476761E-06
"p463": 0
"p464": 0.00010349220327374062
"p465": 1.5053411385271363E-05
"p466": 0
"p467": 0
"p468": 1.5053411385271363E-05
"p469": 0
"p470": 0
"p471": 0
"p472": 0.0003594001968233538
"p473": 8.655711546531035E-05
"p474": 5.645029269476761E-06
"p475": 0
"p476": 0.0004760641350592069
"p477": 0.00011666393823585305
"p478": 5.645029269476761E-06
"p479": 0
"p480": 2.0698440654748124E-05
"p481": 5.645029269476761E-06
"p482": 0
"p483": 0
"p484": 0
"p485": 0
"p486": 0
"p487": 0
"p488": 0.00047418245863604794
"p489": 3.387017561686057E-05
"p490": 0
"p491": 0
"p492": 0.00016370584881482606
"p493": 5.645029269476761E-06
"p494": 0
"p495": 0
"p496": 3.387017561686057E-05
"p497": 5.645029269476761E-06
"p498": 0
"p499": 0
"p500": 0
"p501": 0
"p502": 0
"p503": 0
