"p441": 0.00015994249596850823
"p442": 1.3171734962112442E-05
"p443": 0
"p444": 0.00045536569440445874
"p445": 7.33853805031979E-05
"p446": 0
"p447": 0
"p448": 0.0004158504895181215
"p449": 0.00012795399677480656
"p450": 2.2580117077907045E-05
"p451": 0
"p452": 0.00011854561465901199
"p453": 1.5053411385271363E-05
"p454": 0
"p455": 0
"p456": 0.0031217011860206487
"p457": 0.001159112676665895
"p458": 0.0002408545821643418
"p459": 4.1396881309496255E-05
"p460": 0.004021142516290614
"p461": 0.001467707610063958
"p462": 0.000284133139896997
"p463": 7.5267056926356815E-06
"p464": 1.1290058538953523E-05
"p465": 0
"p466": 0
"p467": 0
"p468": 0
"p469": 0
"p470": 0
"p471": 0
"p472": 1.5053411385271363E-05
"p473": 0
"p474": 0
"p475": 0
"p476": 0
"p477": 0
"p478": 0
"p479": 0
"p480": 0.0004196138423644393
"p481": 7.714873334951574E-05
"p482": 0
"p483": 0
"p484": 5.645029269476761E-06
"p485": 0
"p486": 0
"p487": 0
"p488": 0.006917042531532194
"p489": 0.0020058670670874087
"p490": 0.00032741169762965207
"p491": 4.1396881309496255E-05
"p492": 0.004181085012259121
"p493": 0.0010161052685058172
"p494": 0.00014488908458323686
"p495": 7.5267056926356815E-06
"p496": 0.00033117505047597004
"p497": 0.0001223089675053298
"p498": 1.1290058538953523E-05
"p499": 0
"p500": 3.7633528463178407E-06
"p501": 0
"p502": 0
"p503": 0
