"p441": 0.0002483812878569775
"p442": 3.0106822770542726E-05
"p443": 0
"p444": 0.0025346181419950656
"p445": 0.0008241742733436071
"p446": 0.00015241579027587253
"p447": 1.6935087808430286E-05
"p448": 0
"p449": 0
"p450": 0
"p451": 0
"p452": 2.6343469924224887E-05
"p453": 1.1290058538953524E-05
"p454": 0
"p455": 0
"p456": 0.0001279539967748066
"p457": 2.6343469924224884E-05
"p458": 0
"p459": 0
"p460": 0.00046289240009709436
"p461": 0.00015241579027587253
"p462": 2.2580117077907045E-05
"p463": 0
"p464": 3.7633528463178407E-06
"p465": 0
"p466": 0
"p467": 0
"p468": 0.00015241579027587253
"p469": 4.139688130949625E-05
"p470": 0
"p471": 0
"p472": 0.00015053411385271363
"p473": 2.6343469924224884E-05
"p474": 0
"p475": 0
"p476": 0.0002991865512822683
"p477": 9.032046831162818E-05
"p478": 1.5053411385271363E-05
"p479": 0
"p480": 0.00017123255450746173
"p481": 3.951520488633733E-05
"p482": 0
"p483": 0
"p484": 0.00026155302281908986
"p485": 5.833196911792653E-05
"p486": 0
"p487": 0
"p488": 0.002589186758266675
"p489": 0.0006905752472993237
"p490": 9.784717400426385E-05
"p491": 1.3171734962112444E-05
"p492": 0.003033262394132179
"p493": 0.0009859984457352743
"p494": 0.00018064093662325636
"p495": 1.8816764231589203E-05
"p496": 0.0004666557529434121
"p497": 0.0001298356731979655
"p498": 9.408382115794602E-06
"p499": 0
"p500": 0.0003349384033222879
"p501": 0.0001223089675053298
"p502": 1.1290058538953523E-05
"p503": 0
