"p441": 5.833196911792654E-05
"p442": 0
"p443": 0
"p444": 0.0014470091694092097
"p445": 0.0004421939594423463
"p446": 5.456861627160869E-05
"p447": 0
"p448": 0.00012419064392848873
"p449": 2.6343469924224884E-05
"p450": 0
"p451": 0
"p452": 0.00046289240009709436
"p453": 0.00015241579027587253
"p454": 2.2580117077907045E-05
"p455": 0
"p456": 9.408382115794602E-06
"p457": 0
"p458": 0
"p459": 0
"p460": 3.7633528463178407E-05
"p461": 1.1290058538953523E-05
"p462": 1.1290058538953523E-05
"p463": 0
"p464": 0.0001392440553137601
"p465": 2.6343469924224884E-05
"p466": 0
"p467": 0
"p468": 0.0003029499041285862
"p469": 9.596549758110493E-05
"p470": 1.5053411385271363E-05
"p471": 0
"p472": 2.8225146347383805E-05
"p473": 5.645029269476761E-06
"p474": 0
"p475": 0
"p476": 0.00016558752523798497
"p477": 3.7633528463178407E-05
"p478": 7.5267056926356815E-06
"p479": 7.5267056926356815E-06
"p480": 0.0020867791532832424
"p481": 0.0006021364554108545
"p482": 8.467543904215141E-05
"p483": 1.3171734962112444E-05
"p484": 0.002767946018466771
"p485": 0.0009107313888089176
"p486": 0.00017499590735377957
"p487": 1.8816764231589203E-05
"p488": 0.0006510600424129865
"p489": 0.0001825226130464153
"p490": 2.4461793501065963E-05
"p491": 0
"p492": 0.0005814380147561064
"p493": 0.0001844042894695742
"p494": 1.6935087808430282E-05
"p495": 0
"p496": 0.0017687758377693847
"p497": 0.0006134265139498081
"p498": 0.0001110189089663763
"p499": 1.3171734962112444E-05
"p500": 0.0019908136557021377
"p501": 0.0007790140391877931
"p502": 0.00016370584881482606
"p503": 1.8816764231589203E-05
