"p441": 6.585867481056221E-05
"p442": 0
"p443": 0
"p444": 0.0004365489301728695
"p445": 0.00011478226181269414
"p446": 1.1290058538953523E-05
"p447": 0
"p448": 0.0002464996114338185
"p449": 6.39769983874033E-05
"p450": 7.5267056926356815E-06
"p451": 0
"p452": 1.3171734962112442E-05
"p453": 5.645029269476761E-06
"p454": 0
"p455": 0
"p456": 0.00014488908458323686
"p457": 4.704191057897301E-05
"p458": 7.5267056926356815E-06
"p459": 0
"p460": 0.00023709122931802392
"p461": 4.892358700213193E-05
"p462": 7.5267056926356815E-06
"p463": 7.5267056926356815E-06
"p464": 2.2580117077907045E-05
"p465": 3.7633528463178407E-06
"p466": 0
"p467": 0
"p468": 0
"p469": 0
"p470": 0
"p471": 0
"p472": 0
"p473": 0
"p474": 0
"p475": 0
"p476": 0
"p477": 0
"p478": 0
"p479": 0
"p480": 0.003846146608936833
"p481": 0.0013040017612491318
"p482": 0.0002784881106275202
"p483": 3.7633528463178407E-05
"p484": 4.1396881309496255E-05
"p485": 7.5267056926356815E-06
"p486": 0
"p487": 0
"p488": 0.003358792415338673
"p489": 0.0010443304148532008
"p490": 0.00015994249596850825
"p491": 3.7633528463178407E-06
"p492": 0.0028055795469299504
"p493": 0.0008994413302699639
"p494": 0.00017875926020009743
"p495": 2.2580117077907045E-05
"p496": 0.0007507888928404092
"p497": 0.00024085458216434183
"p498": 3.3870175616860565E-05
"p499": 0
"p500": 0
"p501": 0
"p502": 0
"p503": 0
