"p441": 4.516023415581409E-05
"p442": 1.1290058538953523E-05
"p443": 0
"p444": 0.0004929992228676371
"p445": 0.0001862859658927331
"p446": 4.139688130949625E-05
"p447": 5.645029269476761E-06
"p448": 0
"p449": 0
"p450": 0
"p451": 0
"p452": 1.5053411385271365E-05
"p453": 1.1290058538953524E-05
"p454": 0
"p455": 0
"p456": 0.00010913723254321738
"p457": 2.4461793501065963E-05
"p458": 0
"p459": 0
"p460": 0.00034999181470755914
"p461": 0.000141125731736919
"p462": 2.2580117077907045E-05
"p463": 0
"p464": 3.7633528463178407E-06
"p465": 0
"p466": 0
"p467": 0
"p468": 9.032046831162818E-05
"p469": 3.0106822770542726E-05
"p470": 0
"p471": 0
"p472": 0.00013359902604428335
"p473": 2.6343469924224884E-05
"p474": 0
"p475": 0
"p476": 0.00021827446508643474
"p477": 6.774035123372114E-05
"p478": 1.5053411385271363E-05
"p479": 0
"p480": 0.0001279539967748066
"p481": 3.575185204001949E-05
"p482": 0
"p483": 0
"p484": 0.00015429746669903143
"p485": 3.575185204001949E-05
"p486": 0
"p487": 0
"p488": 0.0019701152150473898
"p489": 0.0005701479562171529
"p490": 8.655711546531033E-05
"p491": 1.3171734962112444E-05
"p492": 0.0017668941613462256
"p493": 0.0006040181318340134
"p494": 0.00011666393823585305
"p495": 7.5267056926356815E-06
"p496": 0.00033117505047597004
"p497": 9.596549758110492E-05
"p498": 9.408382115794602E-06
"p499": 0
"p500": 0.00022203781793275258
"p501": 6.962202765688005E-05
"p502": 0
"p503": 0
