"p441": 0
"p442": 0
"p443": 0
"p444": 6.39769983874033E-05
"p445": 1.8816764231589203E-05
"p446": 0
"p447": 0
"p448": 0.0001956943480085277
"p449": 5.268693984844977E-05
"p450": 7.5267056926356815E-06
"p451": 0
"p452": 5.645029269476761E-06
"p453": 5.645029269476761E-06
"p454": 0
"p455": 0
"p456": 0.00010913723254321737
"p457": 3.575185204001949E-05
"p458": 7.5267056926356815E-06
"p459": 0
"p460": 0.00016558752523798497
"p461": 3.7633528463178407E-05
"p462": 7.5267056926356815E-06
"p463": 7.5267056926356815E-06
"p464": 2.2580117077907045E-05
"p465": 3.7633528463178407E-06
"p466": 0
"p467": 0
"p468": 0
"p469": 0
"p470": 0
"p471": 0
"p472": 0
"p473": 0
"p474": 0
"p475": 0
"p476": 0
"p477": 0
"p478": 0
"p479": 0
"p480": 0.0026268202867298527
"p481": 0.0009370748587331423
"p482": 0.00019945770085484557
"p483": 1.5053411385271363E-05
"p484": 9.408382115794602E-06
"p485": 3.7633528463178407E-06
"p486": 0
"p487": 0
"p488": 0.002916598455896326
"p489": 0.00092390312377103
"p490": 0.0001448890845832369
"p491": 3.7633528463178407E-06
"p492": 0.0016634019580724858
"p493": 0.0006510600424129865
"p494": 0.00015994249596850823
"p495": 2.2580117077907045E-05
"p496": 0.00042525887163391606
"p497": 0.00015241579027587256
"p498": 2.2580117077907045E-05
"p499": 0
"p500": 0
"p501": 0
"p502": 0
"p503": 0
