"p441": 0
"p442": 0
"p443": 0
"p444": 0
"p445": 0
"p446": 0
"p447": 0
"p448": 0.00024273625858750074
"p449": 6.585867481056221E-05
"p450": 5.645029269476761E-06
"p451": 0
"p452": 0.00031988499193701646
"p453": 7.526705692635683E-05
"p454": 5.645029269476761E-06
"p455": 0
"p456": 6.021364554108545E-05
"p457": 1.6935087808430286E-05
"p458": 0
"p459": 0
"p460": 0.0002935415220127916
"p461": 6.209532196424438E-05
"p462": 0
"p463": 0
"p464": 0
"p465": 0
"p466": 0
"p467": 0
"p468": 0
"p469": 0
"p470": 0
"p471": 0
"p472": 0
"p473": 0
"p474": 0
"p475": 0
"p476": 0
"p477": 0
"p478": 0
"p479": 0
"p480": 0.00038762534317073765
"p481": 6.021364554108546E-05
"p482": 5.645029269476761E-06
"p483": 0
"p484": 0.000999170180697387
"p485": 0.00018252261304641527
"p486": 1.6935087808430286E-05
"p487": 0
"p488": 6.209532196424438E-05
"p489": 1.3171734962112444E-05
"p490": 0
"p491": 0
"p492": 0.00021639278866327584
"p493": 3.9515204886337324E-05
"p494": 0
"p495": 0
"p496": 7.338538050319791E-05
"p497": 0
"p498": 0
"p499": 0
"p500": 0.0001298356731979655
"p501": 5.645029269476761E-06
"p502": 0
"p503": 0
