"p441": 5.645029269476761E-06
"p442": 0
"p443": 0
"p444": 0.00010537387969689955
"p445": 2.6343469924224887E-05
"p446": 7.5267056926356815E-06
"p447": 1.8816764231589204E-06
"p448": 0.001606951665377718
"p449": 0.0005099343106760674
"p450": 8.279376261899248E-05
"p451": 1.3171734962112444E-05
"p452": 0.001960706832931595
"p453": 0.0006943386001456417
"p454": 0.00014677076100639576
"p455": 1.8816764231589203E-05
"p456": 0.0005908463968719009
"p457": 0.00017875926020009743
"p458": 2.4461793501065963E-05
"p459": 0
"p460": 0.0005475678391392458
"p461": 0.00018628596589273313
"p462": 2.0698440654748124E-05
"p463": 0
"p464": 0.0015862532247229695
"p465": 0.0005701479562171528
"p466": 0.0001110189089663763
"p467": 1.3171734962112444E-05
"p468": 0.001509104491373454
"p469": 0.0006077814846803313
"p470": 0.00013359902604428333
"p471": 1.8816764231589203E-05
"p472": 0.0008091208619583356
"p473": 0.0002483812878569775
"p474": 4.139688130949625E-05
"p475": 0
"p476": 0.000893796301000487
"p477": 0.00032176666836017544
"p478": 4.3278557732655166E-05
"p479": 0
"p480": 0.0007188003936467076
"p481": 0.00018816764231589203
"p482": 2.4461793501065963E-05
"p483": 0
"p484": 0.0012626048799396355
"p485": 0.00037821696105494294
"p486": 4.704191057897301E-05
"p487": 0
"p488": 7.526705692635681E-05
"p489": 9.408382115794602E-06
"p490": 3.7633528463178407E-06
"p491": 3.7633528463178407E-06
"p492": 5.8331969117926514E-05
"p493": 1.3171734962112444E-05
"p494": 5.645029269476761E-06
"p495": 1.8816764231589204E-06
"p496": 0.0002973048748591094
"p497": 0.00010349220327374062
"p498": 2.4461793501065963E-05
"p499": 0
"p500": 0.000686811894453006
"p501": 0.00020886608297064017
"p502": 2.6343469924224887E-05
"p503": 0
