"p441": 0.0002991865512822684
"p442": 2.2580117077907045E-05
"p443": 0
"p444": 0.0025891867582666745
"p445": 0.0006623501009519401
"p446": 6.209532196424438E-05
"p447": 0
"p448": 0.00019757602443168663
"p449": 2.8225146347383808E-05
"p450": 0
"p451": 0
"p452": 0.0001392440553137601
"p453": 6.021364554108545E-05
"p454": 1.1290058538953523E-05
"p455": 0
"p456": 0.0007093920115309129
"p457": 0.00016558752523798497
"p458": 2.2580117077907045E-05
"p459": 0
"p460": 0.0010198686213521348
"p461": 0.00036504522609283053
"p462": 5.833196911792653E-05
"p463": 1.1290058538953523E-05
"p464": 0
"p465": 0
"p466": 0
"p467": 0
"p468": 3.7633528463178407E-06
"p469": 0
"p470": 0
"p471": 0
"p472": 0
"p473": 0
"p474": 0
"p475": 0
"p476": 0
"p477": 0
"p478": 0
"p479": 0
"p480": 6.209532196424438E-05
"p481": 7.5267056926356815E-06
"p482": 0
"p483": 0
"p484": 0.00015053411385271363
"p485": 1.5053411385271363E-05
"p486": 0
"p487": 0
"p488": 0.0006153081903729669
"p489": 9.972885042742278E-05
"p490": 1.1290058538953523E-05
"p491": 0
"p492": 0.0014865243742955472
"p493": 0.0003387017561686057
"p494": 4.704191057897301E-05
"p495": 1.1290058538953523E-05
"p496": 2.6343469924224887E-05
"p497": 3.7633528463178407E-06
"p498": 0
"p499": 0
"p500": 9.972885042742278E-05
"p501": 3.7633528463178407E-05
"p502": 0
"p503": 0
