"p441": 0.00024273625858750074
"p442": 2.2580117077907045E-05
"p443": 0
"p444": 0.002506392995647682
"p445": 0.0006491783659898276
"p446": 6.209532196424438E-05
"p447": 0
"p448": 0
"p449": 0
"p450": 0
"p451": 0
"p452": 7.33853805031979E-05
"p453": 1.1290058538953523E-05
"p454": 0
"p455": 0
"p456": 1.8816764231589203E-05
"p457": 0
"p458": 0
"p459": 0
"p460": 9.784717400426385E-05
"p461": 2.2580117077907045E-05
"p462": 0
"p463": 0
"p464": 0
"p465": 0
"p466": 0
"p467": 0
"p468": 0
"p469": 0
"p470": 0
"p471": 0
"p472": 0
"p473": 0
"p474": 0
"p475": 0
"p476": 0
"p477": 0
"p478": 0
"p479": 0
"p480": 0.00025967134639593104
"p481": 3.575185204001949E-05
"p482": 0
"p483": 0
"p484": 0.00028601481632015586
"p485": 7.150370408003898E-05
"p486": 1.1290058538953523E-05
"p487": 0
"p488": 0.0012795399677480658
"p489": 0.000259671346395931
"p490": 3.387017561686057E-05
"p491": 0
"p492": 0.002378438998872875
"p493": 0.0006567050716824632
"p494": 0.00010537387969689955
"p495": 2.2580117077907045E-05
"p496": 1.6935087808430286E-05
"p497": 3.7633528463178407E-06
"p498": 0
"p499": 0
"p500": 7.5267056926356815E-06
"p501": 0
"p502": 0
"p503": 0
