"p441": 0
"p442": 0
"p443": 0
"p444": 0
"p445": 0
"p446": 0
"p447": 0
"p448": 0.00010349220327374062
"p449": 1.5053411385271363E-05
"p450": 0
"p451": 0
"p452": 1.5053411385271363E-05
"p453": 0
"p454": 0
"p455": 0
"p456": 0.0003594001968233538
"p457": 8.655711546531035E-05
"p458": 5.645029269476761E-06
"p459": 0
"p460": 0.0004760641350592069
"p461": 0.00011666393823585305
"p462": 5.645029269476761E-06
"p463": 0
"p464": 0
"p465": 0
"p466": 0
"p467": 0
"p468": 0
"p469": 0
"p470": 0
"p471": 0
"p472": 0
"p473": 0
"p474": 0
"p475": 0
"p476": 0
"p477": 0
"p478": 0
"p479": 0
"p480": 8.843879188846926E-05
"p481": 9.408382115794602E-06
"p482": 0
"p483": 0
"p484": 0
"p485": 0
"p486": 0
"p487": 0
"p488": 0.001066910531931108
"p489": 0.00018816764231589206
"p490": 1.6935087808430286E-05
"p491": 0
"p492": 0.0005118159870992264
"p493": 7.714873334951573E-05
"p494": 5.645029269476761E-06
"p495": 0
"p496": 3.387017561686057E-05
"p497": 5.645029269476761E-06
"p498": 0
"p499": 0
"p500": 0
"p501": 0
"p502": 0
"p503": 0
