"p441": 2.4461793501065966E-05
"p442": 0
"p443": 0
"p444": 0.0002483812878569775
"p445": 6.021364554108545E-05
"p446": 7.5267056926356815E-06
"p447": 1.8816764231589204E-06
"p448": 0.0015862532247229695
"p449": 0.0005701479562171528
"p450": 0.0001110189089663763
"p451": 1.3171734962112444E-05
"p452": 0.0015599097547987447
"p453": 0.000613426513949808
"p454": 0.00013359902604428333
"p455": 1.8816764231589203E-05
"p456": 0.0008091208619583356
"p457": 0.0002483812878569775
"p458": 4.139688130949625E-05
"p459": 0
"p460": 0.0009032046831162816
"p461": 0.0003255300212064933
"p462": 4.704191057897301E-05
"p463": 0
"p464": 0
"p465": 0
"p466": 0
"p467": 0
"p468": 1.8816764231589203E-05
"p469": 9.408382115794602E-06
"p470": 0
"p471": 0
"p472": 0
"p473": 0
"p474": 0
"p475": 0
"p476": 0
"p477": 0
"p478": 0
"p479": 0
"p480": 0.001956943480085277
"p481": 0.0005852013676024242
"p482": 0.00010725555612005845
"p483": 1.3171734962112444E-05
"p484": 0.0026926789615404146
"p485": 0.0008599261253836267
"p486": 0.00017123255450746176
"p487": 1.8816764231589203E-05
"p488": 0.0005626212505245172
"p489": 0.00015617914312219037
"p490": 2.8225146347383805E-05
"p491": 3.7633528463178407E-06
"p492": 0.0005042892814065907
"p493": 0.0001486524374295547
"p494": 2.2580117077907045E-05
"p495": 1.8816764231589204E-06
"p496": 0.0005362777806002922
"p497": 0.0001580608195453493
"p498": 2.4461793501065963E-05
"p499": 0
"p500": 0.00099352515142791
"p501": 0.0003010682277054273
"p502": 3.7633528463178407E-05
"p503": 0
