"p441": 3.575185204001949E-05
"p442": 0
"p443": 0
"p444": 0.0009408382115794603
"p445": 0.0002088660829706402
"p446": 1.3171734962112442E-05
"p447": 0
"p448": 0.0006491783659898275
"p449": 0.0001975760244316866
"p450": 2.0698440654748128E-05
"p451": 0
"p452": 0.0005343961041771334
"p453": 0.00014300740816007796
"p454": 2.2580117077907045E-05
"p455": 0
"p456": 0.002816869605468904
"p457": 0.001017986944928976
"p458": 0.00017875926020009743
"p459": 7.5267056926356815E-06
"p460": 0.0036956124950841196
"p461": 0.0014620625807944812
"p462": 0.0003236483447833343
"p463": 4.1396881309496255E-05
"p464": 0
"p465": 0
"p466": 0
"p467": 0
"p468": 1.1290058538953523E-05
"p469": 0
"p470": 0
"p471": 0
"p472": 0
"p473": 0
"p474": 0
"p475": 0
"p476": 1.5053411385271363E-05
"p477": 0
"p478": 0
"p479": 0
"p480": 0.0002464996114338186
"p481": 3.0106822770542726E-05
"p482": 0
"p483": 0
"p484": 0.00042525887163391606
"p485": 7.714873334951574E-05
"p486": 0
"p487": 0
"p488": 0.004047485986214838
"p489": 0.0010311586798910882
"p490": 0.0001298356731979655
"p491": 7.5267056926356815E-06
"p492": 0.007060049939692271
"p493": 0.0020830158004369248
"p494": 0.0003462284618612414
"p495": 4.1396881309496255E-05
"p496": 0.00025214464070329537
"p497": 5.645029269476761E-05
"p498": 5.645029269476761E-06
"p499": 0
"p500": 0.0003349384033222879
"p501": 0.0001223089675053298
"p502": 1.1290058538953523E-05
"p503": 0
