"p441": 4.1396881309496255E-05
"p442": 0
"p443": 0
"p444": 0.00042149551878759814
"p445": 5.8331969117926534E-05
"p446": 0
"p447": 0
"p448": 1.5053411385271363E-05
"p449": 0
"p450": 0
"p451": 0
"p452": 0.00010349220327374062
"p453": 2.2580117077907045E-05
"p454": 0
"p455": 0
"p456": 3.7633528463178407E-06
"p457": 0
"p458": 0
"p459": 0
"p460": 6.774035123372114E-05
"p461": 1.1290058538953523E-05
"p462": 0
"p463": 0
"p464": 0
"p465": 0
"p466": 0
"p467": 0
"p468": 0
"p469": 0
"p470": 0
"p471": 0
"p472": 0
"p473": 0
"p474": 0
"p475": 0
"p476": 0
"p477": 0
"p478": 0
"p479": 0
"p480": 0.0011252425010490343
"p481": 0.00024461793501065964
"p482": 3.387017561686057E-05
"p483": 0
"p484": 0.002096187535399037
"p485": 0.0005964914261413778
"p486": 0.00010537387969689955
"p487": 2.2580117077907045E-05
"p488": 0.0001768775837769385
"p489": 1.6935087808430286E-05
"p490": 0
"p491": 0
"p492": 0.0006868118944530059
"p493": 0.00018064093662325636
"p494": 1.8816764231589203E-05
"p495": 0
"p496": 0.00019945770085484557
"p497": 2.2580117077907045E-05
"p498": 0
"p499": 0
"p500": 0.0005663846033708351
"p501": 0.00015053411385271363
"p502": 1.1290058538953523E-05
"p503": 0
