"p441": 4.139688130949624E-05
"p442": 1.1290058538953523E-05
"p443": 0
"p444": 7.903040977267466E-05
"p445": 2.4461793501065963E-05
"p446": 9.408382115794602E-06
"p447": 0
"p448": 0.00019193099516220984
"p449": 6.39769983874033E-05
"p450": 0
"p451": 0
"p452": 3.3870175616860565E-05
"p453": 5.645029269476761E-06
"p454": 0
"p455": 0
"p456": 0.0024179542037592126
"p457": 0.0007940674505730644
"p458": 0.00015053411385271363
"p459": 9.408382115794602E-06
"p460": 0.0008260559497667659
"p461": 0.00030671325697490405
"p462": 8.091208619583358E-05
"p463": 1.1290058538953523E-05
"p464": 5.645029269476761E-06
"p465": 5.645029269476761E-06
"p466": 0
"p467": 0
"p468": 0
"p469": 0
"p470": 0
"p471": 0
"p472": 1.3171734962112442E-05
"p473": 7.5267056926356815E-06
"p474": 0
"p475": 0
"p476": 0
"p477": 0
"p478": 0
"p479": 0
"p480": 9.220214473478709E-05
"p481": 2.0698440654748124E-05
"p482": 1.8816764231589204E-06
"p483": 1.8816764231589204E-06
"p484": 0
"p485": 0
"p486": 0
"p487": 0
"p488": 0.002978693777860571
"p489": 0.0009295481530405066
"p490": 0.00017499590735377957
"p491": 9.408382115794602E-06
"p492": 0.0005720296326403118
"p493": 0.00022768284720222934
"p494": 7.33853805031979E-05
"p495": 1.1290058538953523E-05
"p496": 0.000188167642315892
"p497": 4.704191057897301E-05
"p498": 1.8816764231589204E-06
"p499": 1.8816764231589204E-06
"p500": 0
"p501": 0
"p502": 0
"p503": 0
