"p441": 0.0006962202765688005
"p442": 9.972885042742278E-05
"p443": 2.2580117077907045E-05
"p444": 0.006136146815921241
"p445": 0.0020133937727800444
"p446": 0.00032553002120649325
"p447": 7.5267056926356815E-06
"p448": 0.00011666393823585305
"p449": 1.3171734962112444E-05
"p450": 0
"p451": 0
"p452": 0
"p453": 0
"p454": 0
"p455": 0
"p456": 2.6343469924224887E-05
"p457": 1.8816764231589204E-06
"p458": 0
"p459": 0
"p460": 1.8816764231589203E-05
"p461": 0
"p462": 0
"p463": 0
"p464": 5.645029269476761E-05
"p465": 1.1290058538953523E-05
"p466": 0
"p467": 0
"p468": 7.5267056926356815E-06
"p469": 0
"p470": 0
"p471": 0
"p472": 3.575185204001949E-05
"p473": 1.1290058538953523E-05
"p474": 0
"p475": 0
"p476": 8.467543904215143E-05
"p477": 1.1290058538953523E-05
"p478": 0
"p479": 0
"p480": 0.0014018489352533954
"p481": 0.00041208713667180354
"p482": 6.0213645541085445E-05
"p483": 1.1290058538953523E-05
"p484": 5.645029269476761E-06
"p485": 0
"p486": 0
"p487": 0
"p488": 0.0003518734911307182
"p489": 6.39769983874033E-05
"p490": 9.408382115794602E-06
"p491": 0
"p492": 0.0007225637464930254
"p493": 0.00012607232035164766
"p494": 3.7633528463178407E-06
"p495": 0
"p496": 0.0008279376261899252
"p497": 0.0002803697870506791
"p498": 4.8923587002131926E-05
"p499": 1.1290058538953523E-05
"p500": 2.6343469924224887E-05
"p501": 3.7633528463178407E-06
"p502": 0
"p503": 0
