"p441": 0
"p442": 0
"p443": 0
"p444": 2.8225146347383805E-05
"p445": 9.408382115794602E-06
"p446": 3.7633528463178407E-06
"p447": 1.8816764231589204E-06
"p448": 0.0011497042945501003
"p449": 0.00040644210740232686
"p450": 7.150370408003898E-05
"p451": 1.3171734962112444E-05
"p452": 0.001130887530318511
"p453": 0.00041396881309496247
"p454": 8.843879188846926E-05
"p455": 7.5267056926356815E-06
"p456": 0.0005268693984844977
"p457": 0.00017123255450746176
"p458": 2.4461793501065963E-05
"p459": 0
"p460": 0.00029165984558963265
"p461": 0.00012230896750532982
"p462": 1.6935087808430286E-05
"p463": 0
"p464": 0.0011534676473964182
"p465": 0.00043654893017286954
"p466": 8.843879188846926E-05
"p467": 1.3171734962112444E-05
"p468": 0.0009370748587331423
"p469": 0.0003706902553623073
"p470": 8.091208619583357E-05
"p471": 7.5267056926356815E-06
"p472": 0.0007451438635709324
"p473": 0.00024085458216434178
"p474": 4.139688130949625E-05
"p475": 0
"p476": 0.0005701479562171529
"p477": 0.00020322105370116343
"p478": 2.8225146347383805E-05
"p479": 0
"p480": 0.0005532128684087225
"p481": 0.00017123255450746176
"p482": 2.4461793501065963E-05
"p483": 0
"p484": 0.0007282087757625021
"p485": 0.00023520955289486504
"p486": 4.139688130949624E-05
"p487": 0
"p488": 7.150370408003898E-05
"p489": 9.408382115794602E-06
"p490": 3.7633528463178407E-06
"p491": 3.7633528463178407E-06
"p492": 1.8816764231589203E-05
"p493": 3.7633528463178407E-06
"p494": 1.8816764231589204E-06
"p495": 1.8816764231589204E-06
"p496": 0.00024461793501065964
"p497": 9.596549758110493E-05
"p498": 2.4461793501065963E-05
"p499": 0
"p500": 0.0004610107236739354
"p501": 0.00015053411385271363
"p502": 2.6343469924224887E-05
"p503": 0
