"p441": 2.2580117077907045E-05
"p442": 0
"p443": 0
"p444": 7.150370408003898E-05
"p445": 2.0698440654748124E-05
"p446": 5.645029269476761E-06
"p447": 0
"p448": 8.467543904215141E-05
"p449": 2.4461793501065963E-05
"p450": 0
"p451": 0
"p452": 0
"p453": 0
"p454": 0
"p455": 0
"p456": 0.0002935415220127916
"p457": 8.843879188846925E-05
"p458": 1.5053411385271363E-05
"p459": 0
"p460": 6.774035123372114E-05
"p461": 1.1290058538953523E-05
"p462": 0
"p463": 0
"p464": 0
"p465": 0
"p466": 0
"p467": 0
"p468": 0
"p469": 0
"p470": 0
"p471": 0
"p472": 2.2580117077907045E-05
"p473": 3.7633528463178407E-06
"p474": 0
"p475": 0
"p476": 0
"p477": 0
"p478": 0
"p479": 0
"p480": 0.0002615530228190899
"p481": 7.338538050319788E-05
"p482": 0
"p483": 0
"p484": 3.3870175616860565E-05
"p485": 5.645029269476761E-06
"p486": 0
"p487": 0
"p488": 0.005330789306809222
"p489": 0.0017123255450746176
"p490": 0.0003217666683601754
"p491": 1.88167642315892E-05
"p492": 0.0014131389937923492
"p493": 0.0004892358700213193
"p494": 0.00012795399677480661
"p495": 2.2580117077907045E-05
"p496": 0.00010349220327374062
"p497": 3.3870175616860565E-05
"p498": 0
"p499": 0
"p500": 0
"p501": 0
"p502": 0
"p503": 0
