"p441": 0.02348708511386966
"p442": 0.006237757342771825
"p443": 0.0009088497123857593
"p444": 0.02896276350526211
"p445": 0.010351102003797224
"p446": 0.00214322944597801
"p447": 0.00020133937727800447
"p448": 0.00010725555612005845
"p449": 3.3870175616860565E-05
"p450": 0
"p451": 0
"p452": 0
"p453": 0
"p454": 0
"p455": 0
"p456": 0.00289401833881842
"p457": 0.001008578562813181
"p458": 0.00013171734962112442
"p459": 5.645029269476761E-06
"p460": 0.00026343469924224885
"p461": 3.0106822770542726E-05
"p462": 0
"p463": 0
"p464": 0.0007131553643772307
"p465": 8.843879188846926E-05
"p466": 3.7633528463178407E-06
"p467": 0
"p468": 0
"p469": 0
"p470": 0
"p471": 0
"p472": 0.005462506656430346
"p473": 0.0017480773971146372
"p474": 0.0003029499041285862
"p475": 7.5267056926356815E-06
"p476": 0.0006943386001456416
"p477": 0.0001223089675053298
"p478": 0
"p479": 0
"p480": 0.0005381594570234513
"p481": 0.00012607232035164768
"p482": 1.3171734962112442E-05
"p483": 0
"p484": 0
"p485": 0
"p486": 0
"p487": 0
"p488": 0.01567624628133697
"p489": 0.005929162409373759
"p490": 0.001160994353089054
"p491": 6.962202765688005E-05
"p492": 0.005882120498794785
"p493": 0.00193436336300737
"p494": 0.000425258871633916
"p495": 5.645029269476761E-05
"p496": 0.0015918982539924464
"p497": 0.00046101072367393553
"p498": 3.7633528463178407E-05
"p499": 0
"p500": 0.00010161052685058169
"p501": 5.645029269476761E-06
"p502": 0
"p503": 0
