"p441": 0.00037445360820862524
"p442": 3.9515204886337324E-05
"p443": 0
"p444": 0.003599646997503014
"p445": 0.0012080362636680269
"p446": 0.00019004931873905096
"p447": 9.408382115794602E-06
"p448": 0.00716542381938917
"p449": 0.0028996633680878968
"p450": 0.0005569762212550404
"p451": 3.0106822770542726E-05
"p452": 5.645029269476761E-06
"p453": 0
"p454": 0
"p455": 0
"p456": 0.010638998496540536
"p457": 0.003759589493471523
"p458": 0.000617189866796126
"p459": 4.5160234155814084E-05
"p460": 0.006871882297376378
"p461": 0.002540263171264542
"p462": 0.0004911175464444782
"p463": 6.585867481056222E-05
"p464": 0.010200567889944508
"p465": 0.004077592808985381
"p466": 0.0008937963010004871
"p467": 7.526705692635681E-05
"p468": 9.596549758110492E-05
"p469": 5.645029269476761E-06
"p470": 0
"p471": 0
"p472": 0.02413061845059
"p473": 0.008845760865270086
"p474": 0.0014112573173691906
"p475": 0.00010349220327374063
"p476": 0.014193485259887737
"p477": 0.005470033362122982
"p478": 0.001162876029512213
"p479": 0.000165587525237985
"p480": 0.004066302750446426
"p481": 0.001559909754798745
"p482": 0.0002935415220127916
"p483": 9.408382115794602E-06
"p484": 0
"p485": 0
"p486": 0
"p487": 0
"p488": 0.0033682007974544675
"p489": 0.0011271241774721934
"p490": 0.00016370584881482606
"p491": 1.8816764231589204E-06
"p492": 0.0018590963060810132
"p493": 0.0006265982489119205
"p494": 0.0001392440553137601
"p495": 1.8816764231589204E-06
"p496": 0.008582326166027837
"p497": 0.003040789099824816
"p498": 0.0004892358700213193
"p499": 1.3171734962112444E-05
"p500": 0
"p501": 0
"p502": 0
"p503": 0
