"p441": 0.00561492244670622
"p442": 0.0010405670620068832
"p443": 5.833196911792654E-05
"p444": 0.0032044949486396417
"p445": 0.0010443304148532008
"p446": 0.00010537387969689954
"p447": 5.645029269476761E-06
"p448": 0.0005381594570234512
"p449": 0.00013736237889060116
"p450": 1.3171734962112442E-05
"p451": 0
"p452": 0
"p453": 0
"p454": 0
"p455": 0
"p456": 0.012735186031939575
"p457": 0.004913057140867941
"p458": 0.000965300005080526
"p459": 6.962202765688005E-05
"p460": 0.0049431639636384845
"p461": 0.001652111899533532
"p462": 0.00036316354966967166
"p463": 5.456861627160869E-05
"p464": 0.0017857109255778152
"p465": 0.00047230078221288907
"p466": 3.7633528463178407E-05
"p467": 0
"p468": 0.00010161052685058169
"p469": 5.645029269476761E-06
"p470": 0
"p471": 0
"p472": 0.027101785522757927
"p473": 0.00958525969957154
"p474": 0.002035973889857952
"p475": 0.00019004931873905094
"p476": 0.010973936899862825
"p477": 0.004177321659412803
"p478": 0.0009784717400426386
"p479": 0.00015429746669903146
"p480": 9.596549758110495E-05
"p481": 2.2580117077907045E-05
"p482": 0
"p483": 0
"p484": 0
"p485": 0
"p486": 0
"p487": 0
"p488": 0.004937518934369008
"p489": 0.001817699424771517
"p490": 0.0003462284618612413
"p491": 9.408382115794602E-06
"p492": 0.0013849138474449655
"p493": 0.0004534840179812998
"p494": 0.00010725555612005847
"p495": 1.8816764231589204E-06
"p496": 0.0004534840179812998
"p497": 0.00017499590735377962
"p498": 3.0106822770542722E-05
"p499": 0
"p500": 0
"p501": 0
"p502": 0
"p503": 0
