"p441": 0.005520838625548274
"p442": 0.001164757705935372
"p443": 4.139688130949624E-05
"p444": 0.010031217011860206
"p445": 0.00327599865271968
"p446": 0.0004139688130949625
"p447": 1.5053411385271365E-05
"p448": 7.33853805031979E-05
"p449": 0
"p450": 0
"p451": 0
"p452": 0
"p453": 0
"p454": 0
"p455": 0
"p456": 0.002274946795599135
"p457": 0.0007714873334951573
"p458": 9.220214473478711E-05
"p459": 0
"p460": 0.0002803697870506791
"p461": 6.39769983874033E-05
"p462": 7.5267056926356815E-06
"p463": 0
"p464": 0.0005494495155624048
"p465": 6.209532196424438E-05
"p466": 3.7633528463178407E-06
"p467": 0
"p468": 0
"p469": 0
"p470": 0
"p471": 0
"p472": 0.0036259904674272397
"p473": 0.0011007807075479686
"p474": 0.0001467707610063958
"p475": 0
"p476": 0.00043090390090339274
"p477": 0.00013359902604428335
"p478": 1.5053411385271363E-05
"p479": 0
"p480": 0.0003612818732465127
"p481": 8.091208619583358E-05
"p482": 1.8816764231589204E-06
"p483": 0
"p484": 0
"p485": 0
"p486": 0
"p487": 0
"p488": 0.014863362066532312
"p489": 0.005048537843335385
"p490": 0.0008354643318825608
"p491": 4.139688130949625E-05
"p492": 0.0028093428997762676
"p493": 0.0008937963010004872
"p494": 9.22021447347871E-05
"p495": 5.645029269476761E-06
"p496": 0.00120239123439855
"p497": 0.0003236483447833343
"p498": 2.6343469924224884E-05
"p499": 0
"p500": 0.0001298356731979655
"p501": 5.645029269476761E-06
"p502": 0
"p503": 0
