"p441": 0.0001618241723916671
"p442": 1.8816764231589203E-05
"p443": 0
"p444": 0.0026211752574603763
"p445": 0.0009803534164657974
"p446": 0.0001561791431221904
"p447": 0
"p448": 0.0005212243692150209
"p449": 0.00012230896750532982
"p450": 1.8816764231589204E-06
"p451": 0
"p452": 0.00034246510901492347
"p453": 7.714873334951574E-05
"p454": 1.8816764231589204E-06
"p455": 0
"p456": 0.008021586591926477
"p457": 0.0026625721387698725
"p458": 0.00041585048951812135
"p459": 2.8225146347383805E-05
"p460": 0.005829433558946336
"p461": 0.0023182253533317898
"p462": 0.00038386199032441974
"p463": 1.8816764231589207E-05
"p464": 0.0022918818834075654
"p465": 0.0005776746619097885
"p466": 3.575185204001949E-05
"p467": 1.8816764231589204E-06
"p468": 0.0013152918197880852
"p469": 0.0003217666683601754
"p470": 2.6343469924224884E-05
"p471": 0
"p472": 0.018850634407206072
"p473": 0.006252810754157095
"p474": 0.000999170180697387
"p475": 6.774035123372113E-05
"p476": 0.010507281146919413
"p477": 0.003972218929288481
"p478": 0.0006999836294151185
"p479": 4.3278557732655166E-05
"p480": 6.209532196424438E-05
"p481": 1.5053411385271363E-05
"p482": 0
"p483": 0
"p484": 6.774035123372113E-05
"p485": 2.2580117077907045E-05
"p486": 1.1290058538953523E-05
"p487": 0
"p488": 0.002608003522498264
"p489": 0.000805357509112018
"p490": 0.00010913723254321736
"p491": 0
"p492": 0.00261364855176774
"p493": 0.0009596549758110495
"p494": 0.0001561791431221904
"p495": 0
"p496": 0.00022015614150959365
"p497": 5.64502926947676E-05
"p498": 0
"p499": 0
"p500": 0.0004610107236739356
"p501": 0.00015053411385271363
"p502": 2.6343469924224887E-05
"p503": 0
