"p441": 0.004749351292053116
"p442": 0.0009088497123857585
"p443": 9.596549758110493E-05
"p444": 0.021479336370359082
"p445": 0.008505177432678323
"p446": 0.0018459245711189012
"p447": 0.00016746920166114393
"p448": 0.0001298356731979655
"p449": 1.8816764231589204E-06
"p450": 0
"p451": 0
"p452": 0.0006397699838740329
"p453": 0.00010537387969689955
"p454": 3.7633528463178407E-06
"p455": 0
"p456": 0.0018854397760052384
"p457": 0.00041020546024864466
"p458": 1.8816764231589203E-05
"p459": 0
"p460": 0.0036617423194672603
"p461": 0.001373623788906012
"p462": 0.0002784881106275202
"p463": 7.5267056926356815E-06
"p464": 0
"p465": 0
"p466": 0
"p467": 0
"p468": 0
"p469": 0
"p470": 0
"p471": 0
"p472": 5.080526342529085E-05
"p473": 0
"p474": 0
"p475": 0
"p476": 0.0004760641350592069
"p477": 0.00011666393823585307
"p478": 5.645029269476761E-06
"p479": 0
"p480": 0.00263246531599933
"p481": 0.0007037469822614361
"p482": 7.903040977267465E-05
"p483": 1.8816764231589204E-06
"p484": 0.0019136649223526216
"p485": 0.00048735419359816035
"p486": 3.9515204886337324E-05
"p487": 0
"p488": 0.024077931510741547
"p489": 0.008640658135145762
"p490": 0.001962588509354754
"p491": 0.00026531637566540783
"p492": 0.02271559778037449
"p493": 0.008796837278267952
"p494": 0.0017800658963083387
"p495": 0.00014865243742955472
"p496": 0.00034811013828440026
"p497": 8.467543904215141E-05
"p498": 1.1290058538953523E-05
"p499": 0
"p500": 0.000566384603370835
"p501": 0.00015053411385271365
"p502": 1.1290058538953523E-05
"p503": 0
