"p441": 0.0006303616017582384
"p442": 8.279376261899251E-05
"p443": 1.8816764231589204E-06
"p444": 0.0033249222397218124
"p445": 0.0010988990311248097
"p446": 0.00016558752523798497
"p447": 9.408382115794602E-06
"p448": 0.012434117804234146
"p449": 0.00615308190372967
"p450": 0.0017725391906157028
"p451": 0.0002502629642801365
"p452": 3.7633528463178407E-05
"p453": 5.645029269476761E-06
"p454": 0
"p455": 0
"p456": 0.015296147643858862
"p457": 0.00630926104685186
"p458": 0.001422547375908144
"p459": 0.00015617914312219042
"p460": 0.012302400454613024
"p461": 0.0043730160074213304
"p462": 0.000852399419690991
"p463": 8.843879188846928E-05
"p464": 0.013916878825683375
"p465": 0.007052523233999633
"p466": 0.0021564011809401228
"p467": 0.00041020546024864466
"p468": 0.00039703372528653215
"p469": 7.150370408003898E-05
"p470": 5.645029269476761E-06
"p471": 0
"p472": 0.028584546544207168
"p473": 0.012074717607410796
"p474": 0.0029316518672815985
"p475": 0.00033682007974544673
"p476": 0.017565449410188526
"p477": 0.006751455006294207
"p478": 0.001343516966135469
"p479": 0.00011666393823585307
"p480": 0.009178817592169214
"p481": 0.003992917369943229
"p482": 0.000946483240848937
"p483": 3.951520488633733E-05
"p484": 0
"p485": 0
"p486": 0
"p487": 0
"p488": 0.0066046842452878105
"p489": 0.002481931202146616
"p490": 0.0004817091643286836
"p491": 1.1290058538953523E-05
"p492": 0.0048208549961331545
"p493": 0.0014545358751018452
"p494": 0.00021639278866327584
"p495": 1.1290058538953523E-05
"p496": 0.01052986126399732
"p497": 0.0042394169813770475
"p498": 0.0008448727139983552
"p499": 4.1396881309496255E-05
"p500": 2.6343469924224884E-05
"p501": 1.1290058538953523E-05
"p502": 0
"p503": 0
