"p441": 0.0026475187273846015
"p442": 0.00034811013828440026
"p443": 1.3171734962112444E-05
"p444": 0.01669611490268911
"p445": 0.006585867481056222
"p446": 0.001232498057169093
"p447": 4.139688130949624E-05
"p448": 2.0698440654748124E-05
"p449": 0
"p450": 0
"p451": 0
"p452": 8.279376261899248E-05
"p453": 0
"p454": 0
"p455": 0
"p456": 0.0007696056570719984
"p457": 0.00018252261304641527
"p458": 1.6935087808430282E-05
"p459": 0
"p460": 0.0018271078068873112
"p461": 0.0006717584830677346
"p462": 8.655711546531033E-05
"p463": 0
"p464": 0.00013548070246744223
"p465": 1.8816764231589204E-06
"p466": 0
"p467": 0
"p468": 0.0005626212505245172
"p469": 6.209532196424438E-05
"p470": 3.7633528463178407E-06
"p471": 0
"p472": 0.0014978144328345003
"p473": 0.0003800986374781019
"p474": 2.6343469924224884E-05
"p475": 0
"p476": 0.0025082746720708404
"p477": 0.0008636894782299445
"p478": 0.00013548070246744226
"p479": 0
"p480": 0.0005532128684087226
"p481": 0.00012230896750532982
"p482": 1.8816764231589204E-06
"p483": 0
"p484": 0.0003612818732465127
"p485": 8.091208619583358E-05
"p486": 1.8816764231589204E-06
"p487": 0
"p488": 0.009782835724003227
"p489": 0.0031461629795217156
"p490": 0.0004685374293665712
"p491": 2.8225146347383805E-05
"p492": 0.007451438635709325
"p493": 0.002862029839624718
"p494": 0.00047794581148236575
"p495": 1.8816764231589207E-05
"p496": 0.00230129026552336
"p497": 0.0005776746619097885
"p498": 3.575185204001949E-05
"p499": 1.8816764231589204E-06
"p500": 0.0011967462051290733
"p501": 0.0003236483447833343
"p502": 2.6343469924224884E-05
"p503": 0
