"p441": 0.010744372376237439
"p442": 0.002606121846075105
"p443": 0.00028225146347383805
"p444": 0.03491262435529062
"p445": 0.012202671604185604
"p446": 0.0022674200899064994
"p447": 0.00017875926020009743
"p448": 0.0021695729159022354
"p449": 0.0008166475676509716
"p450": 0.00012607232035164768
"p451": 5.645029269476761E-06
"p452": 0
"p453": 0
"p454": 0
"p455": 0
"p456": 0.0007131553643772308
"p457": 0.00019757602443168663
"p458": 5.645029269476761E-06
"p459": 0
"p460": 0.000545686162716087
"p461": 0.000165587525237985
"p462": 1.6935087808430286E-05
"p463": 0
"p464": 0.003618463761734605
"p465": 0.001253196497823841
"p466": 0.00022768284720222937
"p467": 7.5267056926356815E-06
"p468": 6.774035123372113E-05
"p469": 0
"p470": 0
"p471": 0
"p472": 0.0018421612182725829
"p473": 0.0005513311919855637
"p474": 9.22021447347871E-05
"p475": 0
"p476": 0.0013962039059839187
"p477": 0.00043090390090339274
"p478": 8.091208619583358E-05
"p479": 1.1290058538953523E-05
"p480": 0.007135316996618627
"p481": 0.002935415220127915
"p482": 0.0006228348960656026
"p483": 3.198849919370165E-05
"p484": 5.645029269476761E-06
"p485": 0
"p486": 0
"p487": 0
"p488": 0.009342523440984041
"p489": 0.0035074448527682277
"p490": 0.0006322432781813973
"p491": 4.8923587002131926E-05
"p492": 0.006798496916873179
"p493": 0.002412309174489736
"p494": 0.0005155793399455441
"p495": 6.209532196424438E-05
"p496": 0.012838678235213315
"p497": 0.005289392425499724
"p498": 0.001198627881552232
"p499": 9.22021447347871E-05
"p500": 6.774035123372112E-05
"p501": 5.645029269476761E-06
"p502": 0
"p503": 0
