"p441": 0
"p442": 0
"p443": 0
"p444": 1.8816764231589204E-06
"p445": 0
"p446": 0
"p447": 0
"p448": 1.5053411385271363E-05
"p449": 5.645029269476761E-06
"p450": 0
"p451": 0
"p452": 3.7633528463178407E-06
"p453": 3.7633528463178407E-06
"p454": 0
"p455": 0
"p456": 0.00011290058538953522
"p457": 2.0698440654748124E-05
"p458": 0
"p459": 0
"p460": 8.27937626189925E-05
"p461": 3.198849919370165E-05
"p462": 0
"p463": 0
"p464": 2.8225146347383805E-05
"p465": 5.645029269476761E-06
"p466": 0
"p467": 0
"p468": 9.408382115794602E-06
"p469": 3.7633528463178407E-06
"p470": 0
"p471": 0
"p472": 0.00010913723254321738
"p473": 1.5053411385271363E-05
"p474": 0
"p475": 0
"p476": 7.903040977267465E-05
"p477": 2.6343469924224887E-05
"p478": 0
"p479": 0
"p480": 0
"p481": 0
"p482": 0
"p483": 0
"p484": 0
"p485": 0
"p486": 0
"p487": 0
"p488": 3.575185204001949E-05
"p489": 5.645029269476761E-06
"p490": 0
"p491": 0
"p492": 3.9515204886337324E-05
"p493": 5.645029269476761E-06
"p494": 0
"p495": 0
"p496": 0
"p497": 0
"p498": 0
"p499": 0
"p500": 0
"p501": 0
"p502": 0
"p503": 0
