"p441": 0.0010368037091605655
"p442": 0.0001373623788906012
"p443": 5.645029269476761E-06
"p444": 0.006982901206342755
"p445": 0.002013393772780045
"p446": 0.0002860148163201559
"p447": 2.0698440654748128E-05
"p448": 0.003471693000728209
"p449": 0.0012795399677480658
"p450": 0.00024085458216434178
"p451": 7.5267056926356815E-06
"p452": 7.526705692635681E-05
"p453": 0
"p454": 0
"p455": 0
"p456": 0.0020736074183211302
"p457": 0.0006736401594908936
"p458": 9.596549758110493E-05
"p459": 0
"p460": 0.0014940510799881827
"p461": 0.0005475678391392459
"p462": 0.00010349220327374062
"p463": 1.1290058538953523E-05
"p464": 0.0005174610163687031
"p465": 0.0001279539967748066
"p466": 5.645029269476761E-06
"p467": 0
"p468": 0
"p469": 0
"p470": 0
"p471": 0
"p472": 1.6935087808430286E-05
"p473": 0
"p474": 0
"p475": 0
"p476": 3.387017561686057E-05
"p477": 0
"p478": 0
"p479": 0
"p480": 0.015764685073225433
"p481": 0.006228348960656026
"p482": 0.0013021200848259732
"p483": 9.784717400426387E-05
"p484": 6.209532196424436E-05
"p485": 5.645029269476761E-06
"p486": 0
"p487": 0
"p488": 0.029766239337950962
"p489": 0.01070297549492794
"p490": 0.0017047988393819817
"p491": 0.0001204272910821709
"p492": 0.018380215301416338
"p493": 0.006928332590071146
"p494": 0.0014432458165628916
"p495": 0.0002051027301243223
"p496": 0.010889261460820674
"p497": 0.00419990177649071
"p498": 0.0007884224213035876
"p499": 2.8225146347383808E-05
"p500": 3.7633528463178407E-06
"p501": 0
"p502": 0
"p503": 0
