"p441": 0.00039327037244021434
"p442": 3.010682277054273E-05
"p443": 0
"p444": 0.004241298657800207
"p445": 0.001040567062006883
"p446": 9.784717400426385E-05
"p447": 5.645029269476761E-06
"p448": 0.001962588509354754
"p449": 0.00048359084075184255
"p450": 3.3870175616860565E-05
"p451": 0
"p452": 0.0040380776040990435
"p453": 0.0015279212556050434
"p454": 0.00030106822770542725
"p455": 7.5267056926356815E-06
"p456": 0.0003838619903244198
"p457": 0.0001373623788906012
"p458": 1.6935087808430286E-05
"p459": 0
"p460": 0.0009069680359625995
"p461": 0.000378216961054943
"p462": 8.843879188846926E-05
"p463": 1.1290058538953523E-05
"p464": 5.080526342529086E-05
"p465": 0
"p466": 0
"p467": 0
"p468": 0.0005174610163687031
"p469": 0.0001279539967748066
"p470": 5.645029269476761E-06
"p471": 0
"p472": 0
"p473": 0
"p474": 0
"p475": 0
"p476": 0
"p477": 0
"p478": 0
"p479": 0
"p480": 0.021040905763763048
"p481": 0.008183410764318144
"p482": 0.001913664922352622
"p483": 0.00025214464070329537
"p484": 0.021080420968649385
"p485": 0.00847318893348462
"p486": 0.0018082910426557228
"p487": 0.00014300740816007796
"p488": 0.014116336526538223
"p489": 0.004743706262783639
"p490": 0.000492999222867637
"p491": 2.2580117077907045E-05
"p492": 0.008490124021293047
"p493": 0.0029485869550900283
"p494": 0.0003330567268991289
"p495": 2.0698440654748124E-05
"p496": 0.00942908055644935
"p497": 0.003132991244559602
"p498": 0.0005870830440255832
"p499": 4.51602341558141E-05
"p500": 0.012710724238438508
"p501": 0.004928110552253211
"p502": 0.000944601564425778
"p503": 3.3870175616860565E-05
