"p441": 0.00034622846186124133
"p442": 2.6343469924224887E-05
"p443": 1.8816764231589204E-06
"p444": 0.0035450783812314055
"p445": 0.0011704027352048485
"p446": 0.0001542974666990315
"p447": 7.5267056926356815E-06
"p448": 0.006316787752544495
"p449": 0.0025835417289971976
"p450": 0.000634124954604556
"p451": 8.27937626189925E-05
"p452": 0.00796701797565487
"p453": 0.0033606740917618318
"p454": 0.000709392011530913
"p455": 4.3278557732655166E-05
"p456": 0.002950468631513187
"p457": 0.0010593838262384723
"p458": 0.00014488908458323686
"p459": 1.317173496211244E-05
"p460": 0.0024104274980665764
"p461": 0.0009239031237710299
"p462": 0.0001392440553137601
"p463": 1.1290058538953521E-05
"p464": 0.013653444126441126
"p465": 0.005620567475975695
"p466": 0.001488406050718706
"p467": 0.0002314462000485472
"p468": 0.011736015851242185
"p469": 0.0048321450546721075
"p470": 0.0011440592652806236
"p471": 0.0001110189089663763
"p472": 0.009854339428083267
"p473": 0.0032233117128712303
"p474": 0.00040832378382548573
"p475": 1.5053411385271361E-05
"p476": 0.006192597108616008
"p477": 0.0019926953321252965
"p478": 0.00025402631712645424
"p479": 1.3171734962112442E-05
"p480": 0.0020736074183211302
"p481": 0.0007432621871477736
"p482": 0.00016935087808430283
"p483": 1.8816764231589204E-06
"p484": 0.004055012691907473
"p485": 0.0015335662848745201
"p486": 0.0002878964927433148
"p487": 9.408382115794602E-06
"p488": 0.0004911175464444782
"p489": 0.0001486524374295547
"p490": 2.6343469924224884E-05
"p491": 1.8816764231589204E-06
"p492": 0.0004214955187875982
"p493": 0.00010537387969689955
"p494": 1.317173496211244E-05
"p495": 0
"p496": 0.005152030046609124
"p497": 0.0014789976686029114
"p498": 0.0002239194943559115
"p499": 5.645029269476761E-06
"p500": 0.008234216027743435
"p501": 0.003063369216902722
"p502": 0.0005400411334466101
"p503": 1.3171734962112444E-05
