"p441": 0.002630583639576171
"p442": 0.00034246510901492347
"p443": 1.317173496211244E-05
"p444": 0.01931729016014949
"p445": 0.0063450128988918825
"p446": 0.0010048152099668638
"p447": 6.774035123372113E-05
"p448": 0.0015749631661840164
"p449": 0.000496762575713955
"p450": 7.338538050319788E-05
"p451": 0
"p452": 0.003936467077248462
"p453": 0.0017518407499609548
"p454": 0.00038009863747810193
"p455": 1.6935087808430282E-05
"p456": 0.00023520955289486504
"p457": 7.150370408003898E-05
"p458": 5.645029269476761E-06
"p459": 0
"p460": 0.0003932703724402144
"p461": 0.0001448890845832369
"p462": 1.1290058538953523E-05
"p463": 0
"p464": 0.0022693017663296578
"p465": 0.0006529417188361453
"p466": 8.655711546531033E-05
"p467": 1.1290058538953523E-05
"p468": 0.0037953413455115424
"p469": 0.0014601809043713221
"p470": 0.0003180033155138575
"p471": 4.139688130949625E-05
"p472": 0.00046289240009709447
"p473": 0.00018252261304641527
"p474": 4.139688130949625E-05
"p475": 5.645029269476761E-06
"p476": 0.0013284635547501976
"p477": 0.0004911175464444782
"p478": 9.596549758110493E-05
"p479": 7.5267056926356815E-06
"p480": 0.016984011395432416
"p481": 0.007093920115309131
"p482": 0.0016765736930345982
"p483": 0.00020510273012432233
"p484": 0.023415581409789617
"p485": 0.01066722364288792
"p486": 0.0027472475778120243
"p487": 0.000308594933398063
"p488": 0.008510822461947797
"p489": 0.0029786937778605704
"p490": 0.0004534840179812998
"p491": 1.88167642315892E-05
"p492": 0.006937740972186942
"p493": 0.002167691239479076
"p494": 0.00028036978705067917
"p495": 1.6935087808430286E-05
"p496": 0.023074997977197847
"p497": 0.010110247421632879
"p498": 0.0025760150233045623
"p499": 0.00034058343259176464
"p500": 0.0228115632779556
"p501": 0.011137642748677649
"p502": 0.0031442813030985563
"p503": 0.0005099343106760674
