"p441": 0.0018685046881968081
"p442": 0.00015053411385271365
"p443": 1.8816764231589204E-06
"p444": 0.019401965599191634
"p445": 0.006678069625791011
"p446": 0.000869334507499421
"p447": 5.8331969117926534E-05
"p448": 0.0009671816815036851
"p449": 0.0002314462000485472
"p450": 2.6343469924224887E-05
"p451": 0
"p452": 0.0030746592754416764
"p453": 0.0011402959124343058
"p454": 0.00015617914312219037
"p455": 5.645029269476761E-06
"p456": 0.00012607232035164766
"p457": 2.0698440654748124E-05
"p458": 0
"p459": 0
"p460": 0.0003481101382844003
"p461": 0.00014112573173691902
"p462": 1.6935087808430286E-05
"p463": 0
"p464": 0.002013393772780045
"p465": 0.00048359084075184255
"p466": 3.3870175616860565E-05
"p467": 0
"p468": 0.0044539280936171655
"p469": 0.0016276501060324662
"p470": 0.000306713256974904
"p471": 7.5267056926356815E-06
"p472": 0.0003838619903244198
"p473": 0.0001373623788906012
"p474": 1.6935087808430286E-05
"p475": 0
"p476": 0.0009069680359625995
"p477": 0.000378216961054943
"p478": 8.843879188846926E-05
"p479": 1.1290058538953523E-05
"p480": 0.010622063408732106
"p481": 0.003983508987827435
"p482": 0.0008335826554594016
"p483": 8.655711546531033E-05
"p484": 0.012501858155467869
"p485": 0.004920583846560578
"p486": 0.0009483649172720959
"p487": 4.139688130949625E-05
"p488": 0.004911175464444782
"p489": 0.0014752343157565936
"p490": 0.00016182417239166716
"p491": 1.317173496211244E-05
"p492": 0.003048315805517451
"p493": 0.001061265502661631
"p494": 0.00013548070246744226
"p495": 1.1290058538953521E-05
"p496": 0.019460297568309554
"p497": 0.007609499455254673
"p498": 0.0017480773971146374
"p499": 0.00021639278866327586
"p500": 0.01868692855839124
"p501": 0.007795785421147406
"p502": 0.001727378956459889
"p503": 0.00012983567319796552
