"p441": 0.000684930218029847
"p442": 8.655711546531035E-05
"p443": 7.5267056926356815E-06
"p444": 0.005825670206100019
"p445": 0.0017217339271904124
"p446": 0.0002295645236253883
"p447": 1.3171734962112444E-05
"p448": 0.014793740038875432
"p449": 0.006758981711986842
"p450": 0.0018722680410431256
"p451": 0.0002671980520885667
"p452": 0.012878193440099652
"p453": 0.0065745774225172676
"p454": 0.0020190388020495213
"p455": 0.0003951520488633733
"p456": 0.01211423281229713
"p457": 0.004775694761977339
"p458": 0.0009765900636194797
"p459": 4.139688130949624E-05
"p460": 0.009417790497910394
"p461": 0.0035638951454629955
"p462": 0.0006642317773750989
"p463": 4.327855773265517E-05
"p464": 4.7041910578973E-05
"p465": 5.645029269476761E-06
"p466": 0
"p467": 0
"p468": 0.0004873541935981603
"p469": 8.467543904215141E-05
"p470": 5.645029269476761E-06
"p471": 0
"p472": 0
"p473": 0
"p474": 0
"p475": 0
"p476": 6.39769983874033E-05
"p477": 2.2580117077907045E-05
"p478": 0
"p479": 0
"p480": 0.014893468889302857
"p481": 0.006113566698843333
"p482": 0.001469589286487117
"p483": 0.00016370584881482606
"p484": 0.02124600849388738
"p485": 0.009716977049192665
"p486": 0.0025854234054203573
"p487": 0.0002897781691664738
"p488": 0.007458965341401961
"p489": 0.0027491292542351827
"p490": 0.0004346672537497106
"p491": 1.1290058538953523E-05
"p492": 0.005575407241819881
"p493": 0.001791355954847292
"p494": 0.0002464996114338186
"p495": 1.3171734962112444E-05
"p496": 0.01504776635600189
"p497": 0.005362777806002924
"p498": 0.0011045440603942862
"p499": 0.00010913723254321738
"p500": 0.01868692855839124
"p501": 0.007795785421147408
"p502": 0.0017273789564598886
"p503": 0.00012983567319796552
