"p441": 0
"p442": 0
"p443": 0
"p444": 0
"p445": 0
"p446": 0
"p447": 0
"p448": 7.338538050319788E-05
"p449": 3.7633528463178407E-06
"p450": 0
"p451": 0
"p452": 0
"p453": 0
"p454": 0
"p455": 0
"p456": 0.0005720296326403117
"p457": 0.00010725555612005845
"p458": 5.645029269476761E-06
"p459": 0
"p460": 0.000472300782212889
"p461": 6.585867481056221E-05
"p462": 5.645029269476761E-06
"p463": 0
"p464": 6.39769983874033E-05
"p465": 3.7633528463178407E-06
"p466": 0
"p467": 0
"p468": 1.6935087808430286E-05
"p469": 0
"p470": 0
"p471": 0
"p472": 0.0002897781691664737
"p473": 6.021364554108546E-05
"p474": 5.645029269476761E-06
"p475": 0
"p476": 0.00040644210740232675
"p477": 6.585867481056221E-05
"p478": 5.645029269476761E-06
"p479": 0
"p480": 9.408382115794602E-06
"p481": 3.7633528463178407E-06
"p482": 0
"p483": 0
"p484": 0
"p485": 0
"p486": 0
"p487": 0
"p488": 0.00044031228301918735
"p489": 6.209532196424438E-05
"p490": 0
"p491": 0
"p492": 0.0001994577008548455
"p493": 1.6935087808430286E-05
"p494": 0
"p495": 0
"p496": 9.408382115794602E-06
"p497": 3.7633528463178407E-06
"p498": 0
"p499": 0
"p500": 0
"p501": 0
"p502": 0
"p503": 0
