"p441": 0.0011308875303185112
"p442": 3.951520488633734E-05
"p443": 1.8816764231589204E-06
"p444": 0.009767782312617957
"p445": 0.003093476039673266
"p446": 0.00013924405531376012
"p447": 1.8816764231589204E-06
"p448": 0.0007206820700698664
"p449": 0.00017875926020009746
"p450": 1.6935087808430282E-05
"p451": 0
"p452": 0.001810172719078881
"p453": 0.0006717584830677346
"p454": 8.655711546531033E-05
"p455": 0
"p456": 0.00010537387969689954
"p457": 2.0698440654748124E-05
"p458": 0
"p459": 0
"p460": 0.0001599424959685082
"p461": 4.5160234155814084E-05
"p462": 0
"p463": 0
"p464": 0.001413138993792349
"p465": 0.00034999181470755914
"p466": 2.6343469924224884E-05
"p467": 0
"p468": 0.0025496715533803362
"p469": 0.0008505177432678321
"p470": 0.00013548070246744226
"p471": 0
"p472": 0.0002897781691664737
"p473": 0.00011666393823585307
"p474": 1.6935087808430286E-05
"p475": 0
"p476": 0.0005701479562171529
"p477": 0.0002032210537011634
"p478": 2.8225146347383805E-05
"p479": 0
"p480": 0.00721622908281446
"p481": 0.0025797783761508796
"p482": 0.00044031228301918735
"p483": 2.8225146347383805E-05
"p484": 0.006683714655060486
"p485": 0.0026117668753445813
"p486": 0.0004760641350592068
"p487": 1.8816764231589207E-05
"p488": 0.0034829830592671618
"p489": 0.0009558916229647316
"p490": 4.1396881309496255E-05
"p491": 0
"p492": 0.001351043671828105
"p493": 0.0004534840179812998
"p494": 2.0698440654748124E-05
"p495": 0
"p496": 0.014296977463161477
"p497": 0.005261167279152342
"p498": 0.0009916434750047512
"p499": 6.774035123372113E-05
"p500": 0.011115062631599745
"p501": 0.004472744857848754
"p502": 0.0008862695953078515
"p503": 4.139688130949625E-05
