"p441": 0.0020058670670874096
"p442": 0.00035187349113071807
"p443": 2.446179350106597E-05
"p444": 0.014116336526538223
"p445": 0.005470033362122981
"p446": 0.0010744372376237437
"p447": 7.903040977267465E-05
"p448": 0.002184626327287507
"p449": 0.0005739113090634708
"p450": 5.833196911792654E-05
"p451": 1.8816764231589204E-06
"p452": 0.0013040017612491316
"p453": 0.0003518734911307181
"p454": 2.6343469924224884E-05
"p455": 0
"p456": 0.019083962283677775
"p457": 0.006853065533144788
"p458": 0.0013999672588302368
"p459": 0.0001712325545074618
"p460": 0.01385666518014229
"p461": 0.00538535792308083
"p462": 0.0010518571205458366
"p463": 9.22021447347871E-05
"p464": 0
"p465": 0
"p466": 0
"p467": 0
"p468": 0.0002464996114338185
"p469": 1.6935087808430282E-05
"p470": 0
"p471": 0
"p472": 6.585867481056221E-05
"p473": 5.645029269476761E-06
"p474": 0
"p475": 0
"p476": 0.00047982748790552474
"p477": 8.655711546531033E-05
"p478": 5.645029269476761E-06
"p479": 0
"p480": 0.0008222925969204481
"p481": 0.00023709122931802397
"p482": 1.8816764231589203E-05
"p483": 0
"p484": 0.0006510600424129865
"p485": 0.0001975760244316866
"p486": 2.4461793501065963E-05
"p487": 0
"p488": 0.013088941199493451
"p489": 0.00442570294726978
"p490": 0.0008693345074994213
"p491": 8.46754390421514E-05
"p492": 0.013303452311733572
"p493": 0.005048537843335383
"p494": 0.0009916434750047512
"p495": 6.39769983874033E-05
"p496": 0.0009069680359625995
"p497": 0.00025778966997277205
"p498": 1.6935087808430282E-05
"p499": 0
"p500": 0.0009935251514279098
"p501": 0.00030106822770542725
"p502": 3.763352846317841E-05
"p503": 0
