"p441": 0.001529802932028202
"p442": 0.000212629435816958
"p443": 1.1290058538953523E-05
"p444": 0.008715925192072121
"p445": 0.0025364998184182245
"p446": 0.0003292933740528111
"p447": 1.8816764231589203E-05
"p448": 0.009965358337049646
"p449": 0.004036195927675885
"p450": 0.0010593838262384723
"p451": 0.00016746920166114393
"p452": 0.008894684452272218
"p453": 0.0037125475828925503
"p454": 0.0008467543904215141
"p455": 8.091208619583358E-05
"p456": 0.007440148577170371
"p457": 0.0024141908509128945
"p458": 0.0003594001968233538
"p459": 1.5053411385271361E-05
"p460": 0.0048265000254026314
"p461": 0.0015956616068387643
"p462": 0.00023332787647170614
"p463": 1.3171734962112442E-05
"p464": 5.268693984844977E-05
"p465": 5.645029269476761E-06
"p466": 0
"p467": 0
"p468": 0.0004346672537497106
"p469": 6.585867481056221E-05
"p470": 5.645029269476761E-06
"p471": 0
"p472": 0
"p473": 0
"p474": 0
"p475": 0
"p476": 0.0001110189089663763
"p477": 2.2580117077907045E-05
"p478": 0
"p479": 0
"p480": 0.007116500232387038
"p481": 0.002816869605468903
"p482": 0.0007338538050319788
"p483": 9.408382115794602E-05
"p484": 0.009916434750047512
"p485": 0.003928940371555826
"p486": 0.0008618078018067856
"p487": 6.209532196424438E-05
"p488": 0.0034585212657660958
"p489": 0.001129005853895352
"p490": 0.00013924405531376012
"p491": 9.408382115794602E-06
"p492": 0.0026945606379635734
"p493": 0.0008448727139983552
"p494": 0.0001016105268505817
"p495": 7.5267056926356815E-06
"p496": 0.009839286016697993
"p497": 0.003285407034835475
"p498": 0.000660468424528781
"p499": 5.456861627160869E-05
"p500": 0.012710724238438506
"p501": 0.004928110552253213
"p502": 0.000944601564425778
"p503": 3.3870175616860565E-05
