"p441": 0.009792244106119025
"p442": 0.002051027301243224
"p443": 0.00018252261304641532
"p444": 0.00906215365393336
"p445": 0.0030520791583637684
"p446": 0.0005870830440255831
"p447": 6.962202765688006E-05
"p448": 0.0005550945448318816
"p449": 8.843879188846926E-05
"p450": 3.7633528463178407E-06
"p451": 0
"p452": 0
"p453": 0
"p454": 0
"p455": 0
"p456": 0.004954454022177438
"p457": 0.0016427035174177375
"p458": 0.0002973048748591094
"p459": 7.5267056926356815E-06
"p460": 0.0006247165724887615
"p461": 0.0001223089675053298
"p462": 0
"p463": 0
"p464": 0
"p465": 0
"p466": 0
"p467": 0
"p468": 0
"p469": 0
"p470": 0
"p471": 0
"p472": 0.000496762575713955
"p473": 0.00011666393823585307
"p474": 5.645029269476761E-06
"p475": 0
"p476": 3.0106822770542726E-05
"p477": 0
"p478": 0
"p479": 0
"p480": 0.001885439776005238
"p481": 0.00048735419359816035
"p482": 3.9515204886337324E-05
"p483": 0
"p484": 0.00010161052685058169
"p485": 5.645029269476761E-06
"p486": 0
"p487": 0
"p488": 0.034858055739019
"p489": 0.012449171215619417
"p490": 0.002570369994035086
"p491": 0.00021827446508643477
"p492": 0.013711776095559054
"p493": 0.004992087550640616
"p494": 0.001153467647396418
"p495": 0.0001825226130464153
"p496": 0.0005099343106760674
"p497": 0.00013359902604428338
"p498": 1.1290058538953523E-05
"p499": 0
"p500": 0
"p501": 0
"p502": 0
"p503": 0
