"p441": 0.0002878964927433148
"p442": 3.010682277054273E-05
"p443": 0
"p444": 0.0024762861728771395
"p445": 0.0007169187172235485
"p446": 8.27937626189925E-05
"p447": 0
"p448": 0.0021074775939379903
"p449": 0.0007093920115309129
"p450": 0.00010913723254321738
"p451": 0
"p452": 7.526705692635681E-05
"p453": 0
"p454": 0
"p455": 0
"p456": 0.0014263107287544616
"p457": 0.00043843060659602847
"p458": 5.456861627160869E-05
"p459": 0
"p460": 0.0008787428896152158
"p461": 0.0003217666683601754
"p462": 4.3278557732655166E-05
"p463": 0
"p464": 0.00029165984558963265
"p465": 6.209532196424438E-05
"p466": 0
"p467": 0
"p468": 0
"p469": 0
"p470": 0
"p471": 0
"p472": 7.5267056926356815E-06
"p473": 0
"p474": 0
"p475": 0
"p476": 1.5053411385271363E-05
"p477": 0
"p478": 0
"p479": 0
"p480": 0.01016293436148133
"p481": 0.00402678754556009
"p482": 0.0007940674505730644
"p483": 4.704191057897301E-05
"p484": 6.774035123372113E-05
"p485": 5.645029269476761E-06
"p486": 0
"p487": 0
"p488": 0.022324209084357435
"p489": 0.007598209396715723
"p490": 0.0009709450343500028
"p491": 5.8331969117926534E-05
"p492": 0.008578562813181518
"p493": 0.0029410602493973926
"p494": 0.00031047660982122185
"p495": 1.8816764231589203E-05
"p496": 0.007795785421147407
"p497": 0.002912835103050009
"p498": 0.0005099343106760674
"p499": 1.3171734962112444E-05
"p500": 3.7633528463178407E-06
"p501": 0
"p502": 0
"p503": 0
