"p441": 0.001768775837769385
"p442": 0.000237091229318024
"p443": 7.5267056926356815E-06
"p444": 0.008800600631114272
"p445": 0.0027961711648141555
"p446": 0.00046853742936657115
"p447": 3.763352846317841E-05
"p448": 0.011532794797541025
"p449": 0.005799326736175793
"p450": 0.0017800658963083387
"p451": 0.00034622846186124144
"p452": 0.000306713256974904
"p453": 5.456861627160869E-05
"p454": 5.645029269476761E-06
"p455": 0
"p456": 0.022201900116852108
"p457": 0.009398973733678807
"p458": 0.002340805470409698
"p459": 0.00026907972851172564
"p460": 0.015062819767387159
"p461": 0.005897173910180057
"p462": 0.0012513148214006822
"p463": 0.00011478226181269415
"p464": 0.00039703372528653215
"p465": 6.774035123372113E-05
"p466": 5.645029269476761E-06
"p467": 0
"p468": 9.032046831162818E-05
"p469": 1.6935087808430282E-05
"p470": 0
"p471": 0
"p472": 3.198849919370165E-05
"p473": 1.8816764231589204E-06
"p474": 0
"p475": 0
"p476": 7.903040977267465E-05
"p477": 2.6343469924224887E-05
"p478": 0
"p479": 0
"p480": 0.016970839660470305
"p481": 0.007921857741499054
"p482": 0.0021620462102095997
"p483": 0.0002483812878569775
"p484": 2.2580117077907045E-05
"p485": 1.8816764231589204E-06
"p486": 0
"p487": 0
"p488": 0.018224036158294148
"p489": 0.00756433922109886
"p490": 0.0017254972800367298
"p491": 0.00016182417239166716
"p492": 0.01309458622876293
"p493": 0.00427140548057075
"p494": 0.0007263270993393432
"p495": 5.833196911792653E-05
"p496": 0.016965194631200827
"p497": 0.0071748322015049645
"p498": 0.0016295317824556249
"p499": 0.00012983567319796552
"p500": 4.1396881309496255E-05
"p501": 1.5053411385271363E-05
"p502": 0
"p503": 0
