"p441": 0.005470033362122982
"p442": 0.0009295481530405067
"p443": 5.2686939848449775E-05
"p444": 0.032129624925438575
"p445": 0.013583822098784249
"p446": 0.003234601771410185
"p447": 0.0003518734911307181
"p448": 2.0698440654748124E-05
"p449": 0
"p450": 0
"p451": 0
"p452": 0.00023520955289486504
"p453": 5.080526342529086E-05
"p454": 0
"p455": 0
"p456": 0.0010368037091605651
"p457": 0.00023520955289486507
"p458": 2.6343469924224887E-05
"p459": 0
"p460": 0.003093476039673265
"p461": 0.0011402959124343058
"p462": 0.00015617914312219037
"p463": 5.645029269476761E-06
"p464": 0.00013548070246744223
"p465": 1.8816764231589204E-06
"p466": 0
"p467": 0
"p468": 0.0008505177432678319
"p469": 0.00011290058538953522
"p470": 3.7633528463178407E-06
"p471": 0
"p472": 0.002192153032980142
"p473": 0.0005343961041771334
"p474": 3.3870175616860565E-05
"p475": 0
"p476": 0.004436993005808735
"p477": 0.0016464668702640553
"p478": 0.000306713256974904
"p479": 7.5267056926356815E-06
"p480": 0.0007959491269962233
"p481": 0.0001956943480085277
"p482": 1.3171734962112442E-05
"p483": 0
"p484": 0.0006755218359140524
"p485": 0.00015994249596850823
"p486": 1.3171734962112442E-05
"p487": 0
"p488": 0.014242408846889869
"p489": 0.004832145054672108
"p490": 0.0008994413302699639
"p491": 8.843879188846925E-05
"p492": 0.014216065376965644
"p493": 0.005445571568621916
"p494": 0.0009822350928889566
"p495": 4.704191057897301E-05
"p496": 0.0027886444591215206
"p497": 0.0007451438635709324
"p498": 6.962202765688006E-05
"p499": 1.8816764231589204E-06
"p500": 0.0016427035174177373
"p501": 0.000472300782212889
"p502": 3.7633528463178407E-05
"p503": 0
