"p441": 0
"p442": 0
"p443": 0
"p444": 1.5053411385271365E-05
"p445": 0
"p446": 0
"p447": 0
"p448": 7.714873334951573E-05
"p449": 1.5053411385271361E-05
"p450": 0
"p451": 0
"p452": 8.091208619583357E-05
"p453": 3.7633528463178407E-06
"p454": 0
"p455": 0
"p456": 0.00024461793501065964
"p457": 5.268693984844977E-05
"p458": 5.645029269476761E-06
"p459": 0
"p460": 0.0003970337252865322
"p461": 6.774035123372113E-05
"p462": 5.645029269476761E-06
"p463": 0
"p464": 0
"p465": 0
"p466": 0
"p467": 0
"p468": 0
"p469": 0
"p470": 0
"p471": 0
"p472": 0
"p473": 0
"p474": 0
"p475": 0
"p476": 0
"p477": 0
"p478": 0
"p479": 0
"p480": 3.3870175616860565E-05
"p481": 1.8816764231589204E-06
"p482": 0
"p483": 0
"p484": 5.645029269476761E-05
"p485": 3.7633528463178407E-06
"p486": 0
"p487": 0
"p488": 0.0004948808992907961
"p489": 6.39769983874033E-05
"p490": 5.645029269476761E-06
"p491": 0
"p492": 0.0011139524425100807
"p493": 0.00016370584881482606
"p494": 5.645029269476761E-06
"p495": 0
"p496": 3.9515204886337324E-05
"p497": 7.5267056926356815E-06
"p498": 0
"p499": 0
"p500": 3.575185204001949E-05
"p501": 7.5267056926356815E-06
"p502": 0
"p503": 0
