"p441": 0.012708842562015352
"p442": 0.0028733198981636724
"p443": 0.00030671325697490405
"p444": 0.04872977433054657
"p445": 0.0211443979670368
"p446": 0.005488850126354572
"p447": 0.0007921857741499056
"p448": 0
"p449": 0
"p450": 0
"p451": 0
"p452": 0.00016370584881482606
"p453": 5.080526342529086E-05
"p454": 0
"p455": 0
"p456": 0.00073197212860882
"p457": 0.0001599424959685082
"p458": 1.8816764231589207E-05
"p459": 0
"p460": 0.002508274672070841
"p461": 0.0009182580945015531
"p462": 0.00012607232035164768
"p463": 5.645029269476761E-06
"p464": 0.00019757602443168663
"p465": 1.8816764231589204E-06
"p466": 0
"p467": 0
"p468": 0.0008260559497667659
"p469": 0.00010537387969689955
"p470": 3.7633528463178407E-06
"p471": 0
"p472": 0.0019362450394305292
"p473": 0.00041020546024864466
"p474": 1.8816764231589203E-05
"p475": 0
"p476": 0.004092646220370653
"p477": 0.0014789976686029114
"p478": 0.000284133139896997
"p479": 7.5267056926356815E-06
"p480": 0.0004760641350592069
"p481": 0.0001223089675053298
"p482": 1.3171734962112442E-05
"p483": 0
"p484": 0.0005381594570234513
"p485": 0.00012607232035164768
"p486": 1.3171734962112442E-05
"p487": 0
"p488": 0.00986562948662222
"p489": 0.0035977653210798556
"p490": 0.0007846590684572697
"p491": 8.655711546531033E-05
"p492": 0.011752950939050618
"p493": 0.004576237061122495
"p494": 0.0009069680359625997
"p495": 4.892358700213193E-05
"p496": 0.0024649961143381853
"p497": 0.0006774035123372113
"p498": 7.714873334951572E-05
"p499": 1.8816764231589204E-06
"p500": 0.0015918982539924464
"p501": 0.00046101072367393553
"p502": 3.7633528463178407E-05
"p503": 0
