"p441": 0.002079252447590607
"p442": 0.00035563684397703593
"p443": 9.408382115794602E-06
"p444": 0.0023690306167570806
"p445": 0.0007940674505730643
"p446": 6.774035123372113E-05
"p447": 0
"p448": 0.0009408382115794602
"p449": 0.0002220378179327526
"p450": 1.5053411385271363E-05
"p451": 0
"p452": 0.0001298356731979655
"p453": 5.645029269476761E-06
"p454": 0
"p455": 0
"p456": 0.019170519399143084
"p457": 0.006418398279395077
"p458": 0.0011007807075479686
"p459": 7.714873334951574E-05
"p460": 0.004610107236739355
"p461": 0.0014714709629102753
"p462": 0.00018628596589273313
"p463": 1.1290058538953523E-05
"p464": 0.00013359902604428333
"p465": 0
"p466": 0
"p467": 0
"p468": 0
"p469": 0
"p470": 0
"p471": 0
"p472": 0.00033682007974544673
"p473": 4.516023415581409E-05
"p474": 0
"p475": 0
"p476": 7.5267056926356815E-06
"p477": 0
"p478": 0
"p479": 0
"p480": 0.00043090390090339274
"p481": 0.000141125731736919
"p482": 2.4461793501065963E-05
"p483": 0
"p484": 0
"p485": 0
"p486": 0
"p487": 0
"p488": 0.013205605137729308
"p489": 0.004499088327772979
"p490": 0.0007489072164172504
"p491": 2.8225146347383805E-05
"p492": 0.003123582862443808
"p493": 0.0010123419156594991
"p494": 0.000141125731736919
"p495": 7.5267056926356815E-06
"p496": 0.0006868118944530059
"p497": 0.0002088660829706401
"p498": 2.6343469924224887E-05
"p499": 0
"p500": 0
"p501": 0
"p502": 0
"p503": 0
