"p441": 0.000590846396871901
"p442": 8.467543904215141E-05
"p443": 0
"p444": 0.006100394963881222
"p445": 0.0023276337354475843
"p446": 0.00035751852040019486
"p447": 9.408382115794602E-06
"p448": 0.001887321452428397
"p449": 0.00046477407652025334
"p450": 3.575185204001949E-05
"p451": 1.8816764231589204E-06
"p452": 0.0009351931823099835
"p453": 0.0002220378179327526
"p454": 1.5053411385271363E-05
"p455": 0
"p456": 0.013811504945986479
"p457": 0.0045574202968909055
"p458": 0.0007282087757625022
"p459": 5.268693984844977E-05
"p460": 0.008134487177316012
"p461": 0.003084067657557471
"p462": 0.0005306327513308156
"p463": 3.3870175616860565E-05
"p464": 0
"p465": 0
"p466": 0
"p467": 0
"p468": 0.00013359902604428333
"p469": 0
"p470": 0
"p471": 0
"p472": 3.3870175616860565E-05
"p473": 0
"p474": 0
"p475": 0
"p476": 0.00031047660982122185
"p477": 4.516023415581409E-05
"p478": 0
"p479": 0
"p480": 0.0005889647204487421
"p481": 0.00015429746669903143
"p482": 1.8816764231589204E-06
"p483": 0
"p484": 0.00043090390090339274
"p485": 0.000141125731736919
"p486": 2.4461793501065963E-05
"p487": 0
"p488": 0.009284191471866115
"p489": 0.0030125639534774313
"p490": 0.0004516023415581409
"p491": 2.0698440654748124E-05
"p492": 0.006572695746094109
"p493": 0.0024932212606855694
"p494": 0.0004327855773265516
"p495": 1.5053411385271365E-05
"p496": 0.0005720296326403118
"p497": 0.00013359902604428335
"p498": 0
"p499": 0
"p500": 0.0006868118944530059
"p501": 0.0002088660829706401
"p502": 2.6343469924224887E-05
"p503": 0
