"p441": 0.0007263270993393433
"p442": 9.972885042742278E-05
"p443": 5.645029269476761E-06
"p444": 0.006047708024032769
"p445": 0.002395374086681306
"p446": 0.000425258871633916
"p447": 1.5053411385271363E-05
"p448": 0.0007376171578782968
"p449": 0.00019004931873905094
"p450": 1.3171734962112442E-05
"p451": 0
"p452": 0.0006905752472993238
"p453": 0.00017123255450746173
"p454": 1.3171734962112442E-05
"p455": 0
"p456": 0.011579836708119996
"p457": 0.004058776044753791
"p458": 0.0007790140391877928
"p459": 8.655711546531033E-05
"p460": 0.010887379784397513
"p461": 0.004329737449688675
"p462": 0.0007884224213035877
"p463": 4.704191057897301E-05
"p464": 0.0027453659013888655
"p465": 0.0007394988343014557
"p466": 6.962202765688006E-05
"p467": 1.8816764231589204E-06
"p468": 0.001836516189003106
"p469": 0.0004835908407518425
"p470": 3.7633528463178407E-05
"p471": 0
"p472": 0.02543838356468545
"p473": 0.009111077240935496
"p474": 0.001849687923965219
"p475": 0.00021827446508643477
"p476": 0.017565449410188522
"p477": 0.0067514550062942056
"p478": 0.0013435169661354688
"p479": 0.00011666393823585308
"p480": 0.00011666393823585305
"p481": 4.139688130949624E-05
"p482": 5.645029269476761E-06
"p483": 0
"p484": 0.0001298356731979655
"p485": 4.139688130949624E-05
"p486": 1.1290058538953523E-05
"p487": 0
"p488": 0.0039044785780547593
"p489": 0.0012381430864385696
"p490": 0.00021639278866327578
"p491": 1.8816764231589204E-06
"p492": 0.005447453245045076
"p493": 0.0020246838313189987
"p494": 0.00035751852040019486
"p495": 9.408382115794602E-06
"p496": 0.00036128187324651267
"p497": 0.00011666393823585305
"p498": 5.645029269476761E-06
"p499": 0
"p500": 0.0005381594570234512
"p501": 0.00017123255450746173
"p502": 2.6343469924224887E-05
"p503": 0
