"p441": 0
"p442": 0
"p443": 0
"p444": 0
"p445": 0
"p446": 0
"p447": 0
"p448": 0.00034434678543808234
"p449": 7.903040977267466E-05
"p450": 5.645029269476761E-06
"p451": 0
"p452": 0
"p453": 0
"p454": 0
"p455": 0
"p456": 0.0002577896699727721
"p457": 3.575185204001949E-05
"p458": 0
"p459": 0
"p460": 0.000613426513949808
"p461": 9.784717400426387E-05
"p462": 5.645029269476761E-06
"p463": 0
"p464": 0.0001674692016611439
"p465": 4.1396881309496255E-05
"p466": 5.645029269476761E-06
"p467": 0
"p468": 2.2580117077907045E-05
"p469": 0
"p470": 0
"p471": 0
"p472": 0.00015053411385271363
"p473": 2.6343469924224887E-05
"p474": 0
"p475": 0
"p476": 0.00047982748790552474
"p477": 8.655711546531033E-05
"p478": 5.645029269476761E-06
"p479": 0
"p480": 0.000306713256974904
"p481": 4.5160234155814084E-05
"p482": 0
"p483": 0
"p484": 0
"p485": 0
"p486": 0
"p487": 0
"p488": 0.00014300740816007796
"p489": 2.069844065474812E-05
"p490": 0
"p491": 0
"p492": 0.00021262943581695792
"p493": 2.0698440654748124E-05
"p494": 0
"p495": 0
"p496": 6.962202765688005E-05
"p497": 5.645029269476761E-06
"p498": 0
"p499": 0
"p500": 0
"p501": 0
"p502": 0
"p503": 0
