"p441": 0
"p442": 0
"p443": 0
"p444": 5.645029269476761E-06
"p445": 0
"p446": 0
"p447": 0
"p448": 6.397699838740328E-05
"p449": 9.408382115794602E-06
"p450": 0
"p451": 0
"p452": 7.338538050319788E-05
"p453": 3.7633528463178407E-06
"p454": 0
"p455": 0
"p456": 0.0003462284618612414
"p457": 5.8331969117926534E-05
"p458": 5.645029269476761E-06
"p459": 0
"p460": 0.0006604684245287809
"p461": 0.00011478226181269414
"p462": 5.645029269476761E-06
"p463": 0
"p464": 7.714873334951573E-05
"p465": 1.5053411385271361E-05
"p466": 0
"p467": 0
"p468": 8.091208619583357E-05
"p469": 3.7633528463178407E-06
"p470": 0
"p471": 0
"p472": 0.00024461793501065964
"p473": 5.268693984844977E-05
"p474": 5.645029269476761E-06
"p475": 0
"p476": 0.0003970337252865322
"p477": 6.774035123372113E-05
"p478": 5.645029269476761E-06
"p479": 0
"p480": 7.5267056926356815E-06
"p481": 0
"p482": 0
"p483": 0
"p484": 9.408382115794602E-06
"p485": 3.7633528463178407E-06
"p486": 0
"p487": 0
"p488": 0.0001975760244316866
"p489": 1.6935087808430286E-05
"p490": 0
"p491": 0
"p492": 0.0004384306065960284
"p493": 6.209532196424438E-05
"p494": 0
"p495": 0
"p496": 7.5267056926356815E-06
"p497": 0
"p498": 0
"p499": 0
"p500": 9.408382115794602E-06
"p501": 3.7633528463178407E-06
"p502": 0
"p503": 0
