"p441": 0.00099352515142791
"p442": 0.0001561791431221904
"p443": 0
"p444": 0.0006021364554108545
"p445": 0.00018816764231589203
"p446": 1.8816764231589203E-05
"p447": 0
"p448": 0.00034246510901492347
"p449": 7.714873334951574E-05
"p450": 1.8816764231589204E-06
"p451": 0
"p452": 0
"p453": 0
"p454": 0
"p455": 0
"p456": 0.011976870433406528
"p457": 0.0041472148366422604
"p458": 0.0007037469822614362
"p459": 4.139688130949625E-05
"p460": 0.0023144620004854717
"p461": 0.0007696056570719984
"p462": 7.714873334951573E-05
"p463": 5.645029269476761E-06
"p464": 0.001320936849057562
"p465": 0.0003217666683601754
"p466": 2.6343469924224884E-05
"p467": 0
"p468": 0.0001298356731979655
"p469": 5.645029269476761E-06
"p470": 0
"p471": 0
"p472": 0.025357471478489615
"p473": 0.008480715639177256
"p474": 0.001477115992179753
"p475": 9.972885042742278E-05
"p476": 0.006192597108616008
"p477": 0.0019926953321252965
"p478": 0.00025402631712645424
"p479": 1.3171734962112444E-05
"p480": 6.774035123372113E-05
"p481": 2.2580117077907045E-05
"p482": 1.1290058538953523E-05
"p483": 0
"p484": 0
"p485": 0
"p486": 0
"p487": 0
"p488": 0.004499088327772979
"p489": 0.0015617914312219042
"p490": 0.00023332787647170614
"p491": 0
"p492": 0.0006999836294151183
"p493": 0.0002107477593937991
"p494": 3.198849919370165E-05
"p495": 0
"p496": 0.0004610107236739356
"p497": 0.00015053411385271363
"p498": 2.6343469924224887E-05
"p499": 0
"p500": 0
"p501": 0
"p502": 0
"p503": 0
