"p441": 0.000427140548057075
"p442": 4.516023415581409E-05
"p443": 0
"p444": 0.005880238822371627
"p445": 0.0016445851938408963
"p446": 0.00019569434800852773
"p447": 9.408382115794602E-06
"p448": 0.012351324041615153
"p449": 0.004960099051446914
"p450": 0.0011967462051290733
"p451": 0.00016935087808430286
"p452": 0.010290888358256135
"p453": 0.004310920685457087
"p454": 0.0009464832408489371
"p455": 8.467543904215141E-05
"p456": 0.009429080556449351
"p457": 0.0031932048901006883
"p458": 0.00035563684397703593
"p459": 1.5053411385271361E-05
"p460": 0.005573525565396722
"p461": 0.0018986115109673506
"p462": 0.0002314462000485472
"p463": 1.3171734962112442E-05
"p464": 6.585867481056221E-05
"p465": 5.645029269476761E-06
"p466": 0
"p467": 0
"p468": 0.0005155793399455442
"p469": 8.655711546531033E-05
"p470": 5.645029269476761E-06
"p471": 0
"p472": 0
"p473": 0
"p474": 0
"p475": 0
"p476": 0.00011290058538953522
"p477": 3.198849919370165E-05
"p478": 0
"p479": 0
"p480": 0.009543862818262045
"p481": 0.003614700408888286
"p482": 0.0008072391855351769
"p483": 8.279376261899248E-05
"p484": 0.0116438137065074
"p485": 0.004606343883893037
"p486": 0.0009615366522342083
"p487": 6.209532196424438E-05
"p488": 0.004841553436787903
"p489": 0.0016238867531861482
"p490": 0.00016182417239166716
"p491": 9.408382115794602E-06
"p492": 0.0029975105420921603
"p493": 0.001061265502661631
"p494": 0.00010349220327374062
"p495": 7.5267056926356815E-06
"p496": 0.01162876029512213
"p497": 0.003832974873974721
"p498": 0.0006924569237224827
"p499": 5.080526342529086E-05
"p500": 0.014155851731424559
"p501": 0.005176491840110189
"p502": 0.0008881512717310105
"p503": 2.634346992422489E-05
