"p441": 0.01318114334422824
"p442": 0.0030765409518648357
"p443": 0.00031612163909069865
"p444": 0.021353264050007436
"p445": 0.007891750918728511
"p446": 0.0017593674556535908
"p447": 0.00023332787647170614
"p448": 0.00018816764231589203
"p449": 4.3278557732655166E-05
"p450": 0
"p451": 0
"p452": 0
"p453": 0
"p454": 0
"p455": 0
"p456": 0.004792629849785771
"p457": 0.001964470185777913
"p458": 0.0003970337252865322
"p459": 1.6935087808430282E-05
"p460": 0.0009370748587331422
"p461": 0.00030483158055174506
"p462": 4.516023415581409E-05
"p463": 0
"p464": 0.0013171734962112442
"p465": 0.0002991865512822684
"p466": 3.198849919370165E-05
"p467": 1.8816764231589204E-06
"p468": 0
"p469": 0
"p470": 0
"p471": 0
"p472": 0.005328907630386063
"p473": 0.0018082910426557223
"p474": 0.00035751852040019497
"p475": 4.139688130949625E-05
"p476": 0.0010706738847774257
"p477": 0.00037257193178546615
"p478": 5.833196911792654E-05
"p479": 1.1290058538953523E-05
"p480": 0.0017349056621525243
"p481": 0.0005325144277539745
"p482": 8.27937626189925E-05
"p483": 1.1290058538953523E-05
"p484": 5.080526342529084E-05
"p485": 0
"p486": 0
"p487": 0
"p488": 0.03793271501446069
"p489": 0.016022474743198213
"p490": 0.0038630816967452648
"p491": 0.00042902222448023403
"p492": 0.013819031651679116
"p493": 0.004623278971701467
"p494": 0.0008712161839225801
"p495": 9.22021447347871E-05
"p496": 0.003161216390906986
"p497": 0.001230616380745934
"p498": 0.0002577896699727721
"p499": 4.139688130949624E-05
"p500": 0.0004214955187875982
"p501": 8.091208619583358E-05
"p502": 5.645029269476761E-06
"p503": 0
