"p441": 0.00015429746669903146
"p442": 2.4461793501065963E-05
"p443": 1.8816764231589204E-06
"p444": 0.0022542483549443867
"p445": 0.0007037469822614365
"p446": 8.843879188846926E-05
"p447": 3.7633528463178407E-06
"p448": 0.012276056984688796
"p449": 0.005434281510082962
"p450": 0.0013943222295607603
"p451": 0.00019193099516220987
"p452": 0.015187010411315649
"p453": 0.007415686783669306
"p454": 0.0020736074183211307
"p455": 0.00028413313989699703
"p456": 0.006960321089264847
"p457": 0.0026136485517677397
"p458": 0.00044219395944234633
"p459": 1.88167642315892E-05
"p460": 0.005938570791489553
"p461": 0.0019983403613947734
"p462": 0.0002860148163201559
"p463": 1.6935087808430286E-05
"p464": 0.018939073199094537
"p465": 0.008672646634339466
"p466": 0.0023408054704096974
"p467": 0.00032929337405281106
"p468": 0.015762803396802277
"p469": 0.008008414856964366
"p470": 0.0024348892915676433
"p471": 0.00046665575294341233
"p472": 0.015505013726829508
"p473": 0.006132383463074921
"p474": 0.0011497042945501005
"p475": 4.139688130949624E-05
"p476": 0.010507281146919411
"p477": 0.003972218929288481
"p478": 0.0006999836294151185
"p479": 4.327855773265517E-05
"p480": 0.006486138630628798
"p481": 0.0023972557631044646
"p482": 0.00047794581148236575
"p483": 1.8816764231589203E-05
"p484": 0.011450001034922034
"p485": 0.004928110552253214
"p486": 0.0011233608246258757
"p487": 3.951520488633733E-05
"p488": 0.0018534512768115371
"p489": 0.000494880899290796
"p490": 3.3870175616860565E-05
"p491": 1.8816764231589204E-06
"p492": 0.0012626048799396353
"p493": 0.0003349384033222878
"p494": 3.0106822770542726E-05
"p495": 1.8816764231589204E-06
"p496": 0.007458965341401961
"p497": 0.002359622234641286
"p498": 0.00037257193178546626
"p499": 1.6935087808430286E-05
"p500": 0.011115062631599745
"p501": 0.004472744857848754
"p502": 0.0008862695953078514
"p503": 4.1396881309496255E-05
