"p441": 0.0008034758326888591
"p442": 0.00011290058538953522
"p443": 5.645029269476761E-06
"p444": 0.007018653058382774
"p445": 0.0027434842249657062
"p446": 0.0004817091643286836
"p447": 1.8816764231589207E-05
"p448": 0.0014752343157565934
"p449": 0.0004628924000970944
"p450": 6.774035123372113E-05
"p451": 0
"p452": 0.0016013066361082408
"p453": 0.0005042892814065907
"p454": 7.714873334951573E-05
"p455": 1.1290058538953523E-05
"p456": 0.017273789564598893
"p457": 0.007129671967349151
"p458": 0.001659638605226168
"p459": 0.0002051027301243223
"p460": 0.018632359942119637
"p461": 0.008567272754642566
"p462": 0.0022373132671359565
"p463": 0.0002954231984359505
"p464": 0.00486037020101949
"p465": 0.0018647413353504896
"p466": 0.00037821696105494294
"p467": 1.8816764231589203E-05
"p468": 0.0033719641503007856
"p469": 0.0012136812929375038
"p470": 0.0002464996114338186
"p471": 4.139688130949624E-05
"p472": 0.029944998598151064
"p473": 0.012562071801008955
"p474": 0.0030257356884395444
"p475": 0.00035375516755387705
"p476": 0.02313897497558525
"p477": 0.011066139044597613
"p478": 0.0030219723355932268
"p479": 0.0005118159870992264
"p480": 0.00020133937727800447
"p481": 5.2686939848449775E-05
"p482": 5.645029269476761E-06
"p483": 0
"p484": 0.0002973048748591094
"p485": 0.00011101890896637629
"p486": 3.0106822770542726E-05
"p487": 5.645029269476761E-06
"p488": 0.008044166709004387
"p489": 0.0027623009891972953
"p490": 0.0004892358700213193
"p491": 1.8816764231589203E-05
"p492": 0.012253476867610894
"p493": 0.005101224783183834
"p494": 0.0011233608246258757
"p495": 3.951520488633733E-05
"p496": 0.0005287510749076566
"p497": 0.00016558752523798497
"p498": 1.1290058538953523E-05
"p499": 0
"p500": 0.0013058834376722906
"p501": 0.000519342692791862
"p502": 0.00011101890896637629
"p503": 7.5267056926356815E-06
