"p441": 0.0001298356731979655
"p442": 7.5267056926356815E-06
"p443": 0
"p444": 0.0016351768117251022
"p445": 0.0004045604309791678
"p446": 3.0106822770542726E-05
"p447": 0
"p448": 0.001390558876714442
"p449": 0.00034999181470755914
"p450": 2.6343469924224884E-05
"p451": 0
"p452": 0.00233516044114022
"p453": 0.0008110025383814948
"p454": 0.00013548070246744226
"p455": 0
"p456": 0.0002897781691664737
"p457": 0.00011666393823585307
"p458": 1.6935087808430286E-05
"p459": 0
"p460": 0.0005701479562171529
"p461": 0.0002032210537011634
"p462": 2.8225146347383805E-05
"p463": 0
"p464": 2.2580117077907045E-05
"p465": 0
"p466": 0
"p467": 0
"p468": 0.00029165984558963265
"p469": 6.209532196424438E-05
"p470": 0
"p471": 0
"p472": 0
"p473": 0
"p474": 0
"p475": 0
"p476": 0
"p477": 0
"p478": 0
"p479": 0
"p480": 0.014812556803107023
"p481": 0.005428636480813486
"p482": 0.0010085785628131817
"p483": 7.338538050319788E-05
"p484": 0.011013452104749162
"p485": 0.0044050045066150335
"p486": 0.0008580444489604677
"p487": 4.704191057897301E-05
"p488": 0.010706738847774257
"p489": 0.0033644374446081503
"p490": 0.0001467707610063958
"p491": 1.8816764231589204E-06
"p492": 0.004442638035078211
"p493": 0.0014865243742955472
"p494": 6.585867481056221E-05
"p495": 1.8816764231589204E-06
"p496": 0.00695467605999537
"p497": 0.0022297865614433207
"p498": 0.000378216961054943
"p499": 2.2580117077907045E-05
"p500": 0.008234216027743435
"p501": 0.0030633692169027226
"p502": 0.0005400411334466101
"p503": 1.3171734962112444E-05
