"p441": 0.005690189503632575
"p442": 0.001017986944928976
"p443": 4.139688130949625E-05
"p444": 0.006230230637079185
"p445": 0.0021112409467843084
"p446": 0.0003876253431707376
"p447": 4.51602341558141E-05
"p448": 0.0026174119046140586
"p449": 0.000969063357926844
"p450": 0.00019945770085484557
"p451": 3.0106822770542726E-05
"p452": 0.0004214955187875982
"p453": 8.091208619583358E-05
"p454": 5.645029269476761E-06
"p455": 0
"p456": 0.03274305143938838
"p457": 0.01439482463716574
"p458": 0.0039101236073242375
"p459": 0.0006115448375266493
"p460": 0.0129308803799481
"p461": 0.005133213282377535
"p462": 0.0011327692067416698
"p463": 0.0001110189089663763
"p464": 0.00023144620004854718
"p465": 3.3870175616860565E-05
"p466": 0
"p467": 0
"p468": 0
"p469": 0
"p470": 0
"p471": 0
"p472": 0.0004290222244802338
"p473": 6.962202765688006E-05
"p474": 5.645029269476761E-06
"p475": 0
"p476": 1.5053411385271363E-05
"p477": 3.7633528463178407E-06
"p478": 0
"p479": 0
"p480": 0.0016107150182240355
"p481": 0.0005513311919855637
"p482": 0.00010725555612005847
"p483": 1.6935087808430282E-05
"p484": 1.6935087808430282E-05
"p485": 0
"p486": 0
"p487": 0
"p488": 0.034453495308039844
"p489": 0.014778686627490167
"p490": 0.0037370093763936167
"p491": 0.00040832378382548573
"p492": 0.011369088948726196
"p493": 0.0037012575243535965
"p494": 0.0006115448375266492
"p495": 5.080526342529085E-05
"p496": 0.001979523597163184
"p497": 0.0007790140391877931
"p498": 0.00016370584881482606
"p499": 1.8816764231589203E-05
"p500": 3.3870175616860565E-05
"p501": 0
"p502": 0
"p503": 0
