"p441": 0.004365489301728696
"p442": 0.0008975596538468051
"p443": 6.209532196424438E-05
"p444": 0.005575407241819881
"p445": 0.0018271078068873114
"p446": 0.00029542319843595046
"p447": 3.198849919370165E-05
"p448": 0.0006171898667961258
"p449": 9.596549758110495E-05
"p450": 3.7633528463178407E-06
"p451": 0
"p452": 0
"p453": 0
"p454": 0
"p455": 0
"p456": 0.005483205097085096
"p457": 0.0018835580995820798
"p458": 0.00031988499193701646
"p459": 7.5267056926356815E-06
"p460": 0.0007018653058382772
"p461": 0.00019004931873905096
"p462": 1.5053411385271363E-05
"p463": 0
"p464": 0
"p465": 0
"p466": 0
"p467": 0
"p468": 0
"p469": 0
"p470": 0
"p471": 0
"p472": 0.0005343961041771334
"p473": 0.0001279539967748066
"p474": 5.645029269476761E-06
"p475": 0
"p476": 3.387017561686057E-05
"p477": 0
"p478": 0
"p479": 0
"p480": 0.0019230733044684168
"p481": 0.0004967625757139549
"p482": 3.9515204886337324E-05
"p483": 0
"p484": 0.0001298356731979655
"p485": 5.645029269476761E-06
"p486": 0
"p487": 0
"p488": 0.043711343309981734
"p489": 0.01523593399831778
"p490": 0.0028112245761994278
"p491": 0.0002013393772780045
"p492": 0.016063871624507706
"p493": 0.005739113090634707
"p494": 0.0012851849970175425
"p495": 0.0001938126715853688
"p496": 0.0006774035123372113
"p497": 0.00016935087808430283
"p498": 1.1290058538953523E-05
"p499": 0
"p500": 0
"p501": 0
"p502": 0
"p503": 0
