"p441": 0.0015994249596850822
"p442": 0.0002878964927433148
"p443": 9.408382115794602E-06
"p444": 0.001958825156508436
"p445": 0.000660468424528781
"p446": 5.4568616271608685E-05
"p447": 0
"p448": 0.00048170916432868367
"p449": 6.209532196424438E-05
"p450": 3.7633528463178407E-06
"p451": 0
"p452": 0
"p453": 0
"p454": 0
"p455": 0
"p456": 0.003387017561686057
"p457": 0.001061265502661631
"p458": 0.0001467707610063958
"p459": 0
"p460": 0.00039891540170969113
"p461": 0.00013359902604428335
"p462": 1.5053411385271363E-05
"p463": 0
"p464": 0
"p465": 0
"p466": 0
"p467": 0
"p468": 0
"p469": 0
"p470": 0
"p471": 0
"p472": 0.0002991865512822683
"p473": 6.209532196424438E-05
"p474": 0
"p475": 0
"p476": 1.5053411385271363E-05
"p477": 0
"p478": 0
"p479": 0
"p480": 0.001390558876714442
"p481": 0.00034434678543808245
"p482": 2.8225146347383805E-05
"p483": 0
"p484": 0.0001298356731979655
"p485": 5.645029269476761E-06
"p486": 0
"p487": 0
"p488": 0.031386362738290804
"p489": 0.010447067501378327
"p490": 0.001765012484923068
"p491": 0.00010537387969689955
"p492": 0.0076207895137936285
"p493": 0.002410427498066577
"p494": 0.00031047660982122185
"p495": 1.8816764231589203E-05
"p496": 0.00031423996266753966
"p497": 6.021364554108545E-05
"p498": 0
"p499": 0
"p500": 0
"p501": 0
"p502": 0
"p503": 0
