"p441": 4.516023415581409E-05
"p442": 1.5053411385271363E-05
"p443": 0
"p444": 0.0009653000050805259
"p445": 0.0002766064342043613
"p446": 3.575185204001949E-05
"p447": 0
"p448": 0.005797445059752633
"p449": 0.0021451111224011694
"p450": 0.0003876253431707376
"p451": 2.8225146347383805E-05
"p452": 0.005159556752301761
"p453": 0.0020698440654748126
"p454": 0.00038198031390126086
"p455": 1.8816764231589207E-05
"p456": 0.003101002745365901
"p457": 0.0009069680359625996
"p458": 4.1396881309496255E-05
"p459": 0
"p460": 0.0013115284669417675
"p461": 0.000472300782212889
"p462": 2.0698440654748124E-05
"p463": 0
"p464": 0.012005095579753915
"p465": 0.004544248561928792
"p466": 0.0008900329481541696
"p467": 6.774035123372113E-05
"p468": 0.007617026160947311
"p469": 0.003104766098212218
"p470": 0.0006416516602971918
"p471": 4.139688130949625E-05
"p472": 0.009636064962996831
"p473": 0.0030765409518648352
"p474": 0.0001392440553137601
"p475": 1.8816764231589204E-06
"p476": 0.0038743717552842164
"p477": 0.0012588415270933175
"p478": 6.209532196424438E-05
"p479": 1.8816764231589204E-06
"p480": 0.002207206444365414
"p481": 0.0007545522456867272
"p482": 0.00010913723254321736
"p483": 0
"p484": 0.0025139197013403173
"p485": 0.0009577732993878907
"p486": 0.0001561791431221904
"p487": 0
"p488": 0.0005005259285602728
"p489": 8.467543904215141E-05
"p490": 9.408382115794602E-06
"p491": 0
"p492": 0.0001448890845832369
"p493": 2.6343469924224887E-05
"p494": 7.5267056926356815E-06
"p495": 0
"p496": 0.004181085012259121
"p497": 0.001206154587244868
"p498": 0.0001486524374295547
"p499": 0
"p500": 0.0058463686467547646
"p501": 0.001962588509354754
"p502": 0.00027848811062752024
"p503": 0
