"p441": 0
"p442": 0
"p443": 0
"p444": 9.408382115794602E-06
"p445": 0
"p446": 0
"p447": 0
"p448": 6.39769983874033E-05
"p449": 3.7633528463178407E-06
"p450": 0
"p451": 0
"p452": 1.6935087808430286E-05
"p453": 0
"p454": 0
"p455": 0
"p456": 0.0002897781691664737
"p457": 6.021364554108546E-05
"p458": 5.645029269476761E-06
"p459": 0
"p460": 0.00040644210740232675
"p461": 6.585867481056221E-05
"p462": 5.645029269476761E-06
"p463": 0
"p464": 0
"p465": 0
"p466": 0
"p467": 0
"p468": 0
"p469": 0
"p470": 0
"p471": 0
"p472": 0
"p473": 0
"p474": 0
"p475": 0
"p476": 0
"p477": 0
"p478": 0
"p479": 0
"p480": 5.645029269476761E-05
"p481": 3.7633528463178407E-06
"p482": 0
"p483": 0
"p484": 0
"p485": 0
"p486": 0
"p487": 0
"p488": 0.0010687922083542668
"p489": 0.0001693508780843028
"p490": 5.645029269476761E-06
"p491": 0
"p492": 0.0005626212505245172
"p493": 5.8331969117926534E-05
"p494": 5.645029269476761E-06
"p495": 0
"p496": 3.575185204001949E-05
"p497": 7.5267056926356815E-06
"p498": 0
"p499": 0
"p500": 0
"p501": 0
"p502": 0
"p503": 0
