"p441": 0.003546960057654566
"p442": 0.00045536569440445874
"p443": 1.5053411385271363E-05
"p444": 0.025231399158137963
"p445": 0.00911672227020497
"p446": 0.0014206656994849851
"p447": 0.00010349220327374063
"p448": 0.0027058506965025276
"p449": 0.0010142235920826582
"p450": 0.00015241579027587253
"p451": 5.645029269476761E-06
"p452": 0
"p453": 0
"p454": 0
"p455": 0
"p456": 0.000942719888002619
"p457": 0.00025214464070329537
"p458": 9.408382115794602E-06
"p459": 0
"p460": 0.0007056286586845952
"p461": 0.000212629435816958
"p462": 2.4461793501065963E-05
"p463": 0
"p464": 0.00388754349024633
"p465": 0.0013792688181754888
"p466": 0.0002464996114338186
"p467": 7.5267056926356815E-06
"p468": 7.526705692635681E-05
"p469": 0
"p470": 0
"p471": 0
"p472": 0.0020905425061295605
"p473": 0.0006736401594908936
"p474": 9.596549758110493E-05
"p475": 0
"p476": 0.0015279212556050432
"p477": 0.0005475678391392459
"p478": 0.00010349220327374062
"p479": 1.1290058538953523E-05
"p480": 0.009271019736904
"p481": 0.0036372805259661926
"p482": 0.0006943386001456416
"p483": 3.0106822770542726E-05
"p484": 5.645029269476761E-06
"p485": 0
"p486": 0
"p487": 0
"p488": 0.01313033808080295
"p489": 0.00449532497492666
"p490": 0.000709392011530913
"p491": 4.5160234155814084E-05
"p492": 0.008053575091120178
"p493": 0.002867674868894194
"p494": 0.0005607395741013582
"p495": 6.774035123372114E-05
"p496": 0.015102334972273496
"p497": 0.006089104905342266
"p498": 0.001294593379133337
"p499": 9.032046831162818E-05
"p500": 6.0213645541085445E-05
"p501": 5.645029269476761E-06
"p502": 0
"p503": 0
