"p441": 0.0016427035174177377
"p442": 0.00026907972851172564
"p443": 1.8816764231589203E-05
"p444": 0.012202671604185603
"p445": 0.004719244469282573
"p446": 0.000969063357926844
"p447": 7.903040977267466E-05
"p448": 0.0001016105268505817
"p449": 1.8816764231589204E-06
"p450": 0
"p451": 0
"p452": 0.0007150370408003897
"p453": 0.00011290058538953522
"p454": 3.7633528463178407E-06
"p455": 0
"p456": 0.0021413477695548513
"p457": 0.0005343961041771334
"p458": 3.3870175616860565E-05
"p459": 0
"p460": 0.004021142516290614
"p461": 0.0015467380198366325
"p462": 0.00030106822770542725
"p463": 7.5267056926356815E-06
"p464": 0
"p465": 0
"p466": 0
"p467": 0
"p468": 0
"p469": 0
"p470": 0
"p471": 0
"p472": 5.080526342529086E-05
"p473": 0
"p474": 0
"p475": 0
"p476": 0.0005174610163687031
"p477": 0.0001279539967748066
"p478": 5.645029269476761E-06
"p479": 0
"p480": 0.002982457130706889
"p481": 0.0007752506863414751
"p482": 7.150370408003898E-05
"p483": 1.8816764231589204E-06
"p484": 0.0019456534215463233
"p485": 0.0004967625757139549
"p486": 3.9515204886337324E-05
"p487": 0
"p488": 0.03126405377078548
"p489": 0.010879853078704878
"p490": 0.0021789812980180295
"p491": 0.00025590799354961323
"p492": 0.026288901307953277
"p493": 0.009984175101281231
"p494": 0.0019437717451231652
"p495": 0.00015241579027587256
"p496": 0.0006096631611034903
"p497": 0.00014677076100639576
"p498": 1.1290058538953523E-05
"p499": 0
"p500": 0.0007432621871477736
"p501": 0.00018628596589273313
"p502": 1.1290058538953523E-05
"p503": 0
