"p441": 0.0028959000152415783
"p442": 0.0004986442521371139
"p443": 1.8816764231589207E-05
"p444": 0.0017970009841167685
"p445": 0.0006642317773750988
"p446": 9.408382115794603E-05
"p447": 5.645029269476761E-06
"p448": 0.0015843715482998105
"p449": 0.0005042892814065907
"p450": 7.714873334951573E-05
"p451": 1.1290058538953523E-05
"p452": 5.080526342529084E-05
"p453": 0
"p454": 0
"p455": 0
"p456": 0.02669534341535561
"p457": 0.011833863025246454
"p458": 0.003048315805517451
"p459": 0.00040079707813285017
"p460": 0.010272071594024549
"p461": 0.003599646997503015
"p462": 0.000733853805031979
"p463": 8.27937626189925E-05
"p464": 0.003289170387681793
"p465": 0.0012174446457838216
"p466": 0.0002521446407032953
"p467": 4.139688130949624E-05
"p468": 0.0004214955187875982
"p469": 8.091208619583358E-05
"p470": 5.645029269476761E-06
"p471": 0
"p472": 0.041474030042845784
"p473": 0.01799823498751508
"p474": 0.004852843495326857
"p475": 0.0007489072164172506
"p476": 0.015599097547987453
"p477": 0.006119211728112809
"p478": 0.0012720132620554303
"p479": 0.00011854561465901199
"p480": 0.0002973048748591094
"p481": 0.00011101890896637629
"p482": 3.0106822770542726E-05
"p483": 5.645029269476761E-06
"p484": 0
"p485": 0
"p486": 0
"p487": 0
"p488": 0.015599097547987453
"p489": 0.006375119721662425
"p490": 0.0014112573173691908
"p491": 4.892358700213193E-05
"p492": 0.004431347976539258
"p493": 0.0013040017612491318
"p494": 0.0001862859658927331
"p495": 9.408382115794602E-06
"p496": 0.0013058834376722906
"p497": 0.000519342692791862
"p498": 0.00011101890896637629
"p499": 7.5267056926356815E-06
"p500": 0
"p501": 0
"p502": 0
"p503": 0
