"p441": 0.00033870175616860566
"p442": 3.7633528463178407E-05
"p443": 0
"p444": 0.003403952649494487
"p445": 0.0010198686213521348
"p446": 0.00013171734962112442
"p447": 0
"p448": 0.005703361238594688
"p449": 0.0022542483549443863
"p450": 0.0004516023415581409
"p451": 3.198849919370165E-05
"p452": 6.585867481056221E-05
"p453": 5.645029269476761E-06
"p454": 0
"p455": 0
"p456": 0.014184076877771944
"p457": 0.004869778583135285
"p458": 0.0006548233952593043
"p459": 4.51602341558141E-05
"p460": 0.005406056363735578
"p461": 0.0017800658963083383
"p462": 0.0001956943480085277
"p463": 1.1290058538953523E-05
"p464": 0.00031047660982122185
"p465": 4.516023415581409E-05
"p466": 0
"p467": 0
"p468": 3.575185204001949E-05
"p469": 0
"p470": 0
"p471": 0
"p472": 2.6343469924224887E-05
"p473": 0
"p474": 0
"p475": 0
"p476": 7.150370408003898E-05
"p477": 2.0698440654748124E-05
"p478": 0
"p479": 0
"p480": 0.005005259285602728
"p481": 0.0020322105370116335
"p482": 0.0003913886960170554
"p483": 1.5053411385271365E-05
"p484": 1.8816764231589204E-06
"p485": 0
"p486": 0
"p487": 0
"p488": 0.008635013105876289
"p489": 0.0029579953372058224
"p490": 0.00036128187324651267
"p491": 1.3171734962112442E-05
"p492": 0.003373845826723945
"p493": 0.0012513148214006817
"p494": 0.0001392440553137601
"p495": 7.5267056926356815E-06
"p496": 0.0088175357189227
"p497": 0.0031593347144838265
"p498": 0.0005118159870992262
"p499": 1.3171734962112444E-05
"p500": 3.7633528463178407E-06
"p501": 0
"p502": 0
"p503": 0
