"p441": 0.001870386364619967
"p442": 0.0001637058488148261
"p443": 1.8816764231589204E-06
"p444": 0.012691907474206924
"p445": 0.004325974096842359
"p446": 0.000425258871633916
"p447": 1.5053411385271365E-05
"p448": 0.001669046987341962
"p449": 0.0006134265139498081
"p450": 8.27937626189925E-05
"p451": 0
"p452": 0
"p453": 0
"p454": 0
"p455": 0
"p456": 0.0006472966895666686
"p457": 0.0001749959073537796
"p458": 9.408382115794602E-06
"p459": 0
"p460": 0.0004083237838254858
"p461": 0.00010913723254321738
"p462": 7.5267056926356815E-06
"p463": 0
"p464": 0.0023219887061781074
"p465": 0.0007489072164172503
"p466": 0.00010913723254321738
"p467": 0
"p468": 7.526705692635681E-05
"p469": 0
"p470": 0
"p471": 0
"p472": 0.0014338374344470973
"p473": 0.00043843060659602847
"p474": 5.456861627160869E-05
"p475": 0
"p476": 0.000893796301000487
"p477": 0.0003217666683601754
"p478": 4.3278557732655166E-05
"p479": 0
"p480": 0.005944215820759029
"p481": 0.0023558588817949684
"p482": 0.00043466725374971055
"p483": 1.8816764231589207E-05
"p484": 5.645029269476761E-06
"p485": 0
"p486": 0
"p487": 0
"p488": 0.009370748587331426
"p489": 0.0030332623941321793
"p490": 0.0004120871366718036
"p491": 2.2580117077907045E-05
"p492": 0.0033023421226439044
"p493": 0.001085727296162697
"p494": 0.0001110189089663763
"p495": 5.645029269476761E-06
"p496": 0.010686040407119509
"p497": 0.004216836864299141
"p498": 0.0008298193026130839
"p499": 4.139688130949625E-05
"p500": 6.585867481056221E-05
"p501": 5.645029269476761E-06
"p502": 0
"p503": 0
