"p441": 0.0004911175464444782
"p442": 7.150370408003898E-05
"p443": 0
"p444": 0.004894240376636352
"p445": 0.0018572146296578543
"p446": 0.00028977816916647367
"p447": 9.408382115794602E-06
"p448": 0.0001016105268505817
"p449": 1.8816764231589204E-06
"p450": 0
"p451": 0
"p452": 0.0004948808992907961
"p453": 6.209532196424438E-05
"p454": 3.7633528463178407E-06
"p455": 0
"p456": 0.0014752343157565934
"p457": 0.0003800986374781019
"p458": 2.6343469924224884E-05
"p459": 0
"p460": 0.0022937635598307238
"p461": 0.0008241742733436072
"p462": 0.00013548070246744226
"p463": 0
"p464": 0
"p465": 0
"p466": 0
"p467": 0
"p468": 0
"p469": 0
"p470": 0
"p471": 0
"p472": 2.2580117077907045E-05
"p473": 0
"p474": 0
"p475": 0
"p476": 0.00029165984558963265
"p477": 6.209532196424438E-05
"p478": 0
"p479": 0
"p480": 0.0024800495257234576
"p481": 0.0006040181318340133
"p482": 3.7633528463178407E-05
"p483": 1.8816764231589204E-06
"p484": 0.0013849138474449653
"p485": 0.00034434678543808245
"p486": 2.8225146347383805E-05
"p487": 0
"p488": 0.022431464640477496
"p489": 0.007285851110471343
"p490": 0.001123360824625876
"p491": 7.338538050319788E-05
"p492": 0.014231118788350915
"p493": 0.005328907630386063
"p494": 0.0009182580945015532
"p495": 4.8923587002131926E-05
"p496": 0.00038198031390126086
"p497": 7.714873334951574E-05
"p498": 0
"p499": 0
"p500": 0.0003236483447833343
"p501": 6.021364554108545E-05
"p502": 0
"p503": 0
