"p441": 0
"p442": 0
"p443": 0
"p444": 0
"p445": 0
"p446": 0
"p447": 0
"p448": 0.00018628596589273313
"p449": 4.139688130949625E-05
"p450": 5.645029269476761E-06
"p451": 0
"p452": 0.00023332787647170614
"p453": 4.892358700213193E-05
"p454": 5.645029269476761E-06
"p455": 0
"p456": 9.032046831162818E-05
"p457": 1.8816764231589203E-05
"p458": 0
"p459": 0
"p460": 0.00031423996266753966
"p461": 4.516023415581409E-05
"p462": 0
"p463": 0
"p464": 0
"p465": 0
"p466": 0
"p467": 0
"p468": 0
"p469": 0
"p470": 0
"p471": 0
"p472": 0
"p473": 0
"p474": 0
"p475": 0
"p476": 0
"p477": 0
"p478": 0
"p479": 0
"p480": 0.00043090390090339274
"p481": 5.8331969117926534E-05
"p482": 5.645029269476761E-06
"p483": 0
"p484": 0.0009784717400426386
"p485": 0.00016370584881482606
"p486": 5.645029269476761E-06
"p487": 0
"p488": 0.00010913723254321737
"p489": 1.6935087808430282E-05
"p490": 0
"p491": 0
"p492": 0.0003838619903244197
"p493": 4.8923587002131926E-05
"p494": 0
"p495": 0
"p496": 5.2686939848449775E-05
"p497": 0
"p498": 0
"p499": 0
"p500": 6.0213645541085445E-05
"p501": 5.645029269476761E-06
"p502": 0
"p503": 0
