"p441": 0.00017311423093062066
"p442": 2.2580117077907045E-05
"p443": 0
"p444": 0.0023633855874876045
"p445": 0.000637888307450874
"p446": 6.585867481056221E-05
"p447": 0
"p448": 0.008932317980735396
"p449": 0.0033211588868754943
"p450": 0.0006435333367203508
"p451": 5.268693984844977E-05
"p452": 0.005853895352447402
"p453": 0.002412309174489736
"p454": 0.0004835908407518425
"p455": 3.198849919370165E-05
"p456": 0.007172950525081804
"p457": 0.002233549914289639
"p458": 0.0001204272910821709
"p459": 1.8816764231589204E-06
"p460": 0.0032496551827954547
"p461": 0.0010010518571205457
"p462": 6.209532196424438E-05
"p463": 1.8816764231589204E-06
"p464": 3.3870175616860565E-05
"p465": 0
"p466": 0
"p467": 0
"p468": 0.00034622846186124133
"p469": 4.516023415581409E-05
"p470": 0
"p471": 0
"p472": 0
"p473": 0
"p474": 0
"p475": 0
"p476": 6.39769983874033E-05
"p477": 2.0698440654748124E-05
"p478": 0
"p479": 0
"p480": 0.006493665336321435
"p481": 0.002389729057411829
"p482": 0.0004214955187875982
"p483": 2.0698440654748124E-05
"p484": 0.005637502563784125
"p485": 0.002241076619982274
"p486": 0.0004196138423644392
"p487": 1.5053411385271365E-05
"p488": 0.003639162202389353
"p489": 0.001160994353089054
"p490": 3.575185204001949E-05
"p491": 0
"p492": 0.00127201326205543
"p493": 0.0005080526342529084
"p494": 1.1290058538953523E-05
"p495": 0
"p496": 0.008320773143208747
"p497": 0.0026324653159993296
"p498": 0.0004214955187875982
"p499": 2.2580117077907045E-05
"p500": 0.009101668858819698
"p501": 0.0032364834478333434
"p502": 0.0005249877220613388
"p503": 1.3171734962112444E-05
