"p441": 0.007257625964123958
"p442": 0.0014564175515250047
"p443": 0.0001749959073537796
"p444": 0.0337591567078942
"p445": 0.01427439734608357
"p446": 0.0033888992381092163
"p447": 0.00037445360820862513
"p448": 3.9515204886337324E-05
"p449": 1.6935087808430282E-05
"p450": 0
"p451": 0
"p452": 0.00019945770085484557
"p453": 4.3278557732655166E-05
"p454": 0
"p455": 0
"p456": 0.00174243236784516
"p457": 0.0005268693984844977
"p458": 7.338538050319788E-05
"p459": 0
"p460": 0.004023024192713772
"p461": 0.0017763025434620206
"p462": 0.00038009863747810193
"p463": 1.6935087808430282E-05
"p464": 0.0003518734911307181
"p465": 4.516023415581409E-05
"p466": 0
"p467": 0
"p468": 0.0013397536132891512
"p469": 0.0002991865512822684
"p470": 3.198849919370165E-05
"p471": 1.8816764231589204E-06
"p472": 0.00244053432083712
"p473": 0.0006999836294151184
"p474": 9.220214473478709E-05
"p475": 1.1290058538953523E-05
"p476": 0.0036880857893914834
"p477": 0.0014733526393334345
"p478": 0.0003236483447833343
"p479": 4.139688130949625E-05
"p480": 0.0016332951353019427
"p481": 0.0004911175464444783
"p482": 6.774035123372113E-05
"p483": 0
"p484": 0.0017518407499609548
"p485": 0.0005325144277539745
"p486": 8.27937626189925E-05
"p487": 1.1290058538953523E-05
"p488": 0.02331585255936219
"p489": 0.009096023829550224
"p490": 0.0019531801272389595
"p491": 0.00021827446508643477
"p492": 0.02760983815701085
"p493": 0.01198251546267601
"p494": 0.00291095342662685
"p495": 0.0003198849919370165
"p496": 0.004950690669331119
"p497": 0.0018892031288515556
"p498": 0.00037821696105494294
"p499": 1.8816764231589203E-05
"p500": 0.0032440101535259796
"p501": 0.0012268530278996162
"p502": 0.0002521446407032953
"p503": 4.139688130949624E-05
