"p441": 0.0035093265291913866
"p442": 0.0006021364554108545
"p443": 4.892358700213193E-05
"p444": 0.011295703568223004
"p445": 0.0034058343259176457
"p446": 0.0005588578976781994
"p447": 5.2686939848449775E-05
"p448": 0.003187559860831212
"p449": 0.0011478226181269415
"p450": 0.00022203781793275258
"p451": 7.5267056926356815E-06
"p452": 6.774035123372113E-05
"p453": 0
"p454": 0
"p455": 0
"p456": 0.0018214627776178345
"p457": 0.0005513311919855637
"p458": 9.22021447347871E-05
"p459": 0
"p460": 0.0013660970832133758
"p461": 0.00043090390090339274
"p462": 8.091208619583358E-05
"p463": 1.1290058538953523E-05
"p464": 0.0004760641350592069
"p465": 0.00011666393823585307
"p466": 5.645029269476761E-06
"p467": 0
"p468": 0
"p469": 0
"p470": 0
"p471": 0
"p472": 2.0698440654748124E-05
"p473": 0
"p474": 0
"p475": 0
"p476": 3.0106822770542726E-05
"p477": 0
"p478": 0
"p479": 0
"p480": 0.012797281353903817
"p481": 0.005118159870992263
"p482": 0.001134650883164829
"p483": 9.408382115794602E-05
"p484": 6.962202765688005E-05
"p485": 5.645029269476761E-06
"p486": 0
"p487": 0
"p488": 0.023246230531705304
"p489": 0.00841862031721301
"p490": 0.001631413458878784
"p491": 0.00014112573173691902
"p492": 0.015783501837457022
"p493": 0.0057184146499799585
"p494": 0.0013115284669417673
"p495": 0.0001938126715853688
"p496": 0.009218332797055553
"p497": 0.0038141581097431315
"p498": 0.0008091208619583357
"p499": 3.575185204001948E-05
"p500": 3.7633528463178407E-06
"p501": 0
"p502": 0
"p503": 0
