"p441": 0.0024461793501065966
"p442": 0.0004271405480570749
"p443": 1.5053411385271363E-05
"p444": 0.002060435683359018
"p445": 0.0007639606278025218
"p446": 0.00010349220327374063
"p447": 5.645029269476761E-06
"p448": 0.0006905752472993238
"p449": 0.00017123255450746173
"p450": 1.3171734962112442E-05
"p451": 0
"p452": 0
"p453": 0
"p454": 0
"p455": 0
"p456": 0.01711949209789986
"p457": 0.006136146815921239
"p458": 0.0010800822668932204
"p459": 6.397699838740331E-05
"p460": 0.005857658705293718
"p461": 0.0020472639483969054
"p462": 0.00039515204886337327
"p463": 6.021364554108545E-05
"p464": 0.001842161218272583
"p465": 0.0004835908407518425
"p466": 3.7633528463178407E-05
"p467": 0
"p468": 0.0001298356731979655
"p469": 5.645029269476761E-06
"p470": 0
"p471": 0
"p472": 0.03283337190770001
"p473": 0.011461291093460987
"p474": 0.002154519504516964
"p475": 0.00016746920166114393
"p476": 0.012579006888817384
"p477": 0.004666557529434122
"p478": 0.0010706738847774257
"p479": 0.00015994249596850823
"p480": 0.0001298356731979655
"p481": 4.139688130949624E-05
"p482": 1.1290058538953523E-05
"p483": 0
"p484": 0
"p485": 0
"p486": 0
"p487": 0
"p488": 0.0072651526698165915
"p489": 0.0025929501111129926
"p490": 0.00043278557732655173
"p491": 9.408382115794602E-06
"p492": 0.0017311423093062065
"p493": 0.00059272807329506
"p494": 0.00013171734962112445
"p495": 1.8816764231589204E-06
"p496": 0.0005381594570234512
"p497": 0.00017123255450746173
"p498": 2.6343469924224887E-05
"p499": 0
"p500": 0
"p501": 0
"p502": 0
"p503": 0
