"p441": 0.005468151685699823
"p442": 0.0009803534164657976
"p443": 5.833196911792652E-05
"p444": 0.02646954224457654
"p445": 0.009487412525567281
"p446": 0.0019117832459294634
"p447": 0.00021827446508643474
"p448": 0.0035036814999219097
"p449": 0.0015467380198366325
"p450": 0.00033493840332228785
"p451": 1.6935087808430282E-05
"p452": 0
"p453": 0
"p454": 0
"p455": 0
"p456": 0.001345398642558628
"p457": 0.0004591290472507766
"p458": 6.774035123372113E-05
"p459": 0
"p460": 0.001204272910821709
"p461": 0.0004083237838254857
"p462": 5.645029269476761E-05
"p463": 0
"p464": 0.0033475023567997187
"p465": 0.0012400247628617284
"p466": 0.00025402631712645424
"p467": 3.0106822770542726E-05
"p468": 0.00020322105370116337
"p469": 3.3870175616860565E-05
"p470": 0
"p471": 0
"p472": 0.0021658095630559173
"p473": 0.0007037469822614362
"p474": 0.0001392440553137601
"p475": 1.6935087808430282E-05
"p476": 0.002035973889857952
"p477": 0.0007714873334951574
"p478": 0.00014865243742955472
"p479": 1.8816764231589203E-05
"p480": 0.018677520176275445
"p481": 0.008672646634339466
"p482": 0.0023106986476391545
"p483": 0.0002690797285117256
"p484": 3.7633528463178407E-05
"p485": 5.645029269476761E-06
"p486": 0
"p487": 0
"p488": 0.020423715896966923
"p489": 0.008027231621195955
"p490": 0.001699153810112505
"p491": 0.00016558752523798502
"p492": 0.016045054860276117
"p493": 0.0053947663051966245
"p494": 0.0009841167693121155
"p495": 9.784717400426387E-05
"p496": 0.02033715878150162
"p497": 0.009856221104506424
"p498": 0.002777354400582567
"p499": 0.00044783898871182307
"p500": 0.000306713256974904
"p501": 5.456861627160869E-05
"p502": 5.645029269476761E-06
"p503": 0
