"p441": 0.0047907481733626125
"p442": 0.0009239031237710301
"p443": 4.327855773265517E-05
"p444": 0.005345842718194493
"p445": 0.0018308711597336293
"p446": 0.0003499918147075592
"p447": 3.951520488633733E-05
"p448": 0.0012099179400911857
"p449": 0.0002991865512822684
"p450": 3.198849919370165E-05
"p451": 1.8816764231589204E-06
"p452": 0
"p453": 0
"p454": 0
"p455": 0
"p456": 0.005052301196181701
"p457": 0.0017781842198851794
"p458": 0.00036316354966967166
"p459": 4.139688130949625E-05
"p460": 0.0010179869449289758
"p461": 0.00037257193178546615
"p462": 5.833196911792654E-05
"p463": 1.1290058538953523E-05
"p464": 0
"p465": 0
"p466": 0
"p467": 0
"p468": 0
"p469": 0
"p470": 0
"p471": 0
"p472": 0.000517461016368703
"p473": 0.00011478226181269414
"p474": 5.645029269476761E-06
"p475": 0
"p476": 4.139688130949625E-05
"p477": 0
"p478": 0
"p479": 0
"p480": 0.004188611717951757
"p481": 0.0014376007872934152
"p482": 0.00028225146347383805
"p483": 4.139688130949624E-05
"p484": 0.00043843060659602847
"p485": 8.091208619583358E-05
"p486": 5.645029269476761E-06
"p487": 0
"p488": 0.0652471299730356
"p489": 0.027993700147335272
"p490": 0.007253862611277641
"p491": 0.0010161052685058176
"p492": 0.024010191159507834
"p493": 0.00871404351564896
"p494": 0.0017066805158051407
"p495": 0.00016182417239166713
"p496": 0.0009653000050805263
"p497": 0.00034999181470755914
"p498": 5.833196911792653E-05
"p499": 1.1290058538953523E-05
"p500": 3.3870175616860565E-05
"p501": 0
"p502": 0
"p503": 0
