"p441": 0.0015636731076450628
"p442": 0.0002446179350106597
"p443": 1.3171734962112444E-05
"p444": 0.005601750711744107
"p445": 0.0018271078068873114
"p446": 0.00024273625858750074
"p447": 1.3171734962112442E-05
"p448": 0.005720296326403118
"p449": 0.0024179542037592126
"p450": 0.0005099343106760674
"p451": 3.198849919370165E-05
"p452": 5.645029269476761E-06
"p453": 0
"p454": 0
"p455": 0
"p456": 0.007733690099183161
"p457": 0.002976812101437412
"p458": 0.0005494495155624048
"p459": 4.8923587002131926E-05
"p460": 0.005878357145948468
"p461": 0.002167691239479076
"p462": 0.00045912904725077655
"p463": 6.021364554108545E-05
"p464": 0.0086801733400321
"p465": 0.003490509764959797
"p466": 0.0008147658912278125
"p467": 7.714873334951573E-05
"p468": 9.596549758110492E-05
"p469": 5.645029269476761E-06
"p470": 0
"p471": 0
"p472": 0.01945465253904008
"p473": 0.00707322167465438
"p474": 0.0013717421124828527
"p475": 0.00012419064392848873
"p476": 0.012579006888817384
"p477": 0.0046665575294341215
"p478": 0.0010706738847774257
"p479": 0.00015994249596850825
"p480": 0.0029354152201279153
"p481": 0.001112070766086922
"p482": 0.00022580117077907047
"p483": 9.408382115794602E-06
"p484": 0
"p485": 0
"p486": 0
"p487": 0
"p488": 0.002175217945171712
"p489": 0.0008053575091120178
"p490": 0.00014300740816007796
"p491": 1.8816764231589204E-06
"p492": 0.001507222814950295
"p493": 0.0004892358700213193
"p494": 0.00011290058538953522
"p495": 1.8816764231589204E-06
"p496": 0.0077111099821052555
"p497": 0.002863911516047876
"p498": 0.0005042892814065906
"p499": 1.3171734962112444E-05
"p500": 0
"p501": 0
"p502": 0
"p503": 0
