"p441": 0.0013660970832133764
"p442": 0.00018628596589273313
"p443": 9.408382115794602E-06
"p444": 0.006282917576927636
"p445": 0.0016163600474935124
"p446": 0.0001806409366232564
"p447": 1.1290058538953523E-05
"p448": 0.0017179705743440943
"p449": 0.00036504522609283053
"p450": 1.8816764231589203E-05
"p451": 0
"p452": 0.003693730818660962
"p453": 0.0013660970832133762
"p454": 0.0002784881106275202
"p455": 7.5267056926356815E-06
"p456": 0.00036316354966967166
"p457": 0.00011854561465901199
"p458": 1.6935087808430286E-05
"p459": 0
"p460": 0.0008505177432678317
"p461": 0.0003180033155138576
"p462": 8.091208619583358E-05
"p463": 1.1290058538953523E-05
"p464": 5.080526342529085E-05
"p465": 0
"p466": 0
"p467": 0
"p468": 0.0004760641350592069
"p469": 0.00011666393823585307
"p470": 5.645029269476761E-06
"p471": 0
"p472": 0
"p473": 0
"p474": 0
"p475": 0
"p476": 0
"p477": 0
"p478": 0
"p479": 0
"p480": 0.016556870847375338
"p481": 0.0066235010095193995
"p482": 0.001727378956459889
"p483": 0.00026155302281908997
"p484": 0.01813183401355936
"p485": 0.007334774697473472
"p486": 0.0016370584881482608
"p487": 0.0001392440553137601
"p488": 0.010778242551854295
"p489": 0.0034698113243050487
"p490": 0.00047606413505920677
"p491": 2.2580117077907045E-05
"p492": 0.007445793606439848
"p493": 0.002414190850912895
"p494": 0.00033493840332228785
"p495": 2.0698440654748124E-05
"p496": 0.007592564367446243
"p497": 0.002664453815193031
"p498": 0.0005720296326403117
"p499": 4.892358700213193E-05
"p500": 0.011009688751902844
"p501": 0.004521668444850886
"p502": 0.0009596549758110494
"p503": 4.139688130949625E-05
