"p441": 0.005372186188118719
"p442": 0.0010142235920826582
"p443": 0.00010161052685058171
"p444": 0.024623617673457644
"p445": 0.009696278608537919
"p446": 0.0020284471841653163
"p447": 0.00017123255450746176
"p448": 0.001821462777617835
"p449": 0.0005061709578297496
"p450": 6.585867481056221E-05
"p451": 1.8816764231589204E-06
"p452": 0.0011967462051290733
"p453": 0.0003330567268991289
"p454": 2.6343469924224884E-05
"p455": 0
"p456": 0.015207708851970396
"p457": 0.0055170752727019545
"p458": 0.0012531964978238408
"p459": 0.00016935087808430286
"p460": 0.011984397139099164
"p461": 0.004696664352204665
"p462": 0.0009596549758110493
"p463": 8.843879188846925E-05
"p464": 0
"p465": 0
"p466": 0
"p467": 0
"p468": 0.0002427362585875007
"p469": 1.6935087808430282E-05
"p470": 0
"p471": 0
"p472": 5.268693984844977E-05
"p473": 5.645029269476761E-06
"p474": 0
"p475": 0
"p476": 0.00040644210740232675
"p477": 6.585867481056221E-05
"p478": 5.645029269476761E-06
"p479": 0
"p480": 0.0007714873334951574
"p481": 0.00021827446508643471
"p482": 1.8816764231589203E-05
"p483": 0
"p484": 0.0006265982489119205
"p485": 0.00018816764231589203
"p486": 1.3171734962112442E-05
"p487": 0
"p488": 0.009425317203603033
"p489": 0.003358792415338673
"p490": 0.0007752506863414753
"p491": 9.596549758110493E-05
"p492": 0.01143494762353676
"p493": 0.004412531212307669
"p494": 0.0008919146245773283
"p495": 6.39769983874033E-05
"p496": 0.0007225637464930254
"p497": 0.00019945770085484557
"p498": 1.6935087808430282E-05
"p499": 0
"p500": 0.0008072391855351768
"p501": 0.0002690797285117256
"p502": 4.139688130949625E-05
"p503": 0
