"p441": 0
"p442": 0
"p443": 0
"p444": 3.3870175616860565E-05
"p445": 0
"p446": 0
"p447": 0
"p448": 5.645029269476761E-06
"p449": 0
"p450": 0
"p451": 0
"p452": 4.516023415581409E-05
"p453": 5.645029269476761E-06
"p454": 0
"p455": 0
"p456": 0
"p457": 0
"p458": 0
"p459": 0
"p460": 1.1290058538953523E-05
"p461": 0
"p462": 0
"p463": 0
"p464": 5.645029269476761E-06
"p465": 0
"p466": 0
"p467": 0
"p468": 1.5053411385271363E-05
"p469": 0
"p470": 0
"p471": 0
"p472": 0
"p473": 0
"p474": 0
"p475": 0
"p476": 1.3171734962112442E-05
"p477": 7.5267056926356815E-06
"p478": 0
"p479": 0
"p480": 0.00040079707813285006
"p481": 6.962202765688006E-05
"p482": 5.645029269476761E-06
"p483": 0
"p484": 0.0008467543904215141
"p485": 0.0001580608195453493
"p486": 5.645029269476761E-06
"p487": 0
"p488": 0.00012230896750532982
"p489": 1.3171734962112442E-05
"p490": 0
"p491": 0
"p492": 0.0003857436667475786
"p493": 4.516023415581409E-05
"p494": 0
"p495": 0
"p496": 0.00019193099516220987
"p497": 4.139688130949625E-05
"p498": 5.645029269476761E-06
"p499": 0
"p500": 0.00030671325697490405
"p501": 5.456861627160869E-05
"p502": 5.645029269476761E-06
"p503": 0
