"p441": 0.00011666393823585307
"p442": 2.0698440654748124E-05
"p443": 0
"p444": 0.001319055172634403
"p445": 0.00040079707813285
"p446": 5.456861627160869E-05
"p447": 0
"p448": 0.004672202558703599
"p449": 0.001892966481697874
"p450": 0.0003518734911307181
"p451": 1.8816764231589207E-05
"p452": 5.645029269476761E-06
"p453": 0
"p454": 0
"p455": 0
"p456": 0.007739335128452641
"p457": 0.002594831787536151
"p458": 0.00036316354966967166
"p459": 2.2580117077907045E-05
"p460": 0.002865793192471035
"p461": 0.0009822350928889564
"p462": 9.596549758110493E-05
"p463": 5.645029269476761E-06
"p464": 0.007314076256818724
"p465": 0.0029260068380121207
"p466": 0.0006077814846803313
"p467": 4.139688130949625E-05
"p468": 0.00010161052685058167
"p469": 5.645029269476761E-06
"p470": 0
"p471": 0
"p472": 0.018984233433250352
"p473": 0.006608447598134129
"p474": 0.0008693345074994212
"p475": 5.8331969117926534E-05
"p476": 0.006920805884378509
"p477": 0.0023633855874876037
"p478": 0.0002521446407032953
"p479": 1.3171734962112444E-05
"p480": 0.0022636567370601813
"p481": 0.0008712161839225803
"p482": 0.0001486524374295547
"p483": 0
"p484": 0
"p485": 0
"p486": 0
"p487": 0
"p488": 0.002291881883407565
"p489": 0.0007150370408003897
"p490": 9.408382115794602E-05
"p491": 0
"p492": 0.0007357354814551379
"p493": 0.00022956452362538836
"p494": 3.9515204886337324E-05
"p495": 0
"p496": 0.00578427332479052
"p497": 0.0019456534215463236
"p498": 0.00027284308135804345
"p499": 0
"p500": 0
"p501": 0
"p502": 0
"p503": 0
