"p441": 0.005234823809228116
"p442": 0.0010819639433163795
"p443": 4.139688130949624E-05
"p444": 0.026044283372942623
"p445": 0.008674528310762625
"p446": 0.0014827610214492293
"p447": 9.972885042742278E-05
"p448": 0.0006811668651835292
"p449": 0.0001580608195453493
"p450": 1.8816764231589207E-05
"p451": 0
"p452": 0.002504511319224523
"p453": 0.0009182580945015531
"p454": 0.00012607232035164768
"p455": 5.645029269476761E-06
"p456": 9.596549758110492E-05
"p457": 2.4461793501065963E-05
"p458": 0
"p459": 0
"p460": 0.0002860148163201559
"p461": 0.00013548070246744226
"p462": 1.6935087808430286E-05
"p463": 0
"p464": 0.0017687758377693855
"p465": 0.00036504522609283053
"p466": 1.8816764231589203E-05
"p467": 0
"p468": 0.004124634719564355
"p469": 0.001471470962910276
"p470": 0.000284133139896997
"p471": 7.5267056926356815E-06
"p472": 0.00036316354966967166
"p473": 0.00011854561465901199
"p474": 1.6935087808430286E-05
"p475": 0
"p476": 0.0008505177432678317
"p477": 0.0003180033155138576
"p478": 8.091208619583358E-05
"p479": 1.1290058538953523E-05
"p480": 0.007645251307294694
"p481": 0.0030483158055174507
"p482": 0.0007319721286088201
"p483": 8.467543904215141E-05
"p484": 0.010307823446064568
"p485": 0.004198020100067552
"p486": 0.0008730978603457392
"p487": 4.3278557732655166E-05
"p488": 0.0033004604462207455
"p489": 0.001134650883164829
"p490": 0.00014865243742955472
"p491": 1.317173496211244E-05
"p492": 0.0026362286688456473
"p493": 0.0009295481530405066
"p494": 0.00013548070246744226
"p495": 1.1290058538953521E-05
"p496": 0.016077043359469818
"p497": 0.006390173133047693
"p498": 0.0016163600474935124
"p499": 0.0002314462000485472
"p500": 0.01649665720183426
"p501": 0.006977256177073277
"p502": 0.0016257684296093072
"p503": 0.00013171734962112442
