"p441": 9.972885042742277E-05
"p442": 1.5053411385271363E-05
"p443": 0
"p444": 0.00228247350129177
"p445": 0.0007112736879540719
"p446": 9.784717400426387E-05
"p447": 3.7633528463178407E-06
"p448": 0.008446845463560393
"p449": 0.003287288711258634
"p450": 0.0007169187172235485
"p451": 8.467543904215141E-05
"p452": 0.009412145468640921
"p453": 0.003842383256090516
"p454": 0.0007564339221098861
"p455": 4.139688130949625E-05
"p456": 0.004316565714726563
"p457": 0.0013660970832133762
"p458": 0.00015806081954534932
"p459": 1.317173496211244E-05
"p460": 0.002816869605468903
"p461": 0.0010593838262384723
"p462": 0.0001392440553137601
"p463": 1.1290058538953521E-05
"p464": 0.016417626792061584
"p465": 0.006653607832289943
"p466": 0.001610715018224036
"p467": 0.00021639278866327586
"p468": 0.013160444903573487
"p469": 0.005419228098697691
"p470": 0.001223089675053298
"p471": 0.0001091372325432174
"p472": 0.012420946069272035
"p473": 0.004256352069185478
"p474": 0.0004196138423644392
"p475": 1.5053411385271361E-05
"p476": 0.006920805884378507
"p477": 0.0023633855874876037
"p478": 0.0002521446407032953
"p479": 1.3171734962112442E-05
"p480": 0.003339975651107083
"p481": 0.0011534676473964182
"p482": 0.00021262943581695798
"p483": 1.8816764231589204E-06
"p484": 0.005185900222225984
"p485": 0.0019814052735863436
"p486": 0.00035563684397703593
"p487": 9.408382115794602E-06
"p488": 0.0007771323627646341
"p489": 0.00018816764231589203
"p490": 2.8225146347383805E-05
"p491": 1.8816764231589204E-06
"p492": 0.00045912904725077655
"p493": 0.00010913723254321738
"p494": 1.5053411385271363E-05
"p495": 0
"p496": 0.005908463968719011
"p497": 0.001772539190615703
"p498": 0.0002502629642801364
"p499": 5.645029269476761E-06
"p500": 0.009101668858819698
"p501": 0.003236483447833343
"p502": 0.0005249877220613388
"p503": 1.3171734962112444E-05
