"p441": 0.0051012247831838334
"p442": 0.0009972885042742279
"p443": 6.209532196424438E-05
"p444": 0.006647962803020467
"p445": 0.0022956452362538826
"p446": 0.00038950701959389653
"p447": 3.763352846317841E-05
"p448": 0.0013096467905186085
"p449": 0.0003518734911307181
"p450": 2.6343469924224884E-05
"p451": 0
"p452": 0.0001298356731979655
"p453": 5.645029269476761E-06
"p454": 0
"p455": 0
"p456": 0.02528220442156326
"p457": 0.008928554627889078
"p458": 0.0016596386052261675
"p459": 0.0001298356731979655
"p460": 0.009903263015085397
"p461": 0.003656097290197782
"p462": 0.0008279376261899249
"p463": 0.00012607232035164766
"p464": 0.0002464996114338185
"p465": 1.6935087808430282E-05
"p466": 0
"p467": 0
"p468": 0
"p469": 0
"p470": 0
"p471": 0
"p472": 0.0005193426927918621
"p473": 8.843879188846926E-05
"p474": 5.645029269476761E-06
"p475": 0
"p476": 2.6343469924224887E-05
"p477": 3.7633528463178407E-06
"p478": 0
"p479": 0
"p480": 0.0006510600424129865
"p481": 0.0001975760244316866
"p482": 2.4461793501065963E-05
"p483": 0
"p484": 0
"p485": 0
"p486": 0
"p487": 0
"p488": 0.019785827589516053
"p489": 0.006977256177073277
"p490": 0.0012908300262870194
"p491": 7.526705692635681E-05
"p492": 0.006497428689167751
"p493": 0.002286236854138088
"p494": 0.0005136976635223853
"p495": 6.774035123372113E-05
"p496": 0.0009935251514279098
"p497": 0.00030106822770542725
"p498": 3.763352846317841E-05
"p499": 0
"p500": 0
"p501": 0
"p502": 0
"p503": 0
