"p441": 0.002337042117563379
"p442": 0.00040644210740232675
"p443": 3.1988499193701654E-05
"p444": 0.014709064599833285
"p445": 0.005697716209325212
"p446": 0.0010744372376237435
"p447": 6.209532196424438E-05
"p448": 0.004126516395987511
"p449": 0.0015918982539924464
"p450": 0.0003330567268991289
"p451": 1.8816764231589203E-05
"p452": 0.0027002056672330503
"p453": 0.0009653000050805263
"p454": 0.0001938126715853688
"p455": 3.0106822770542726E-05
"p456": 0.02297903247961674
"p457": 0.0096925152556916
"p458": 0.0024198358801823723
"p459": 0.0002860148163201559
"p460": 0.01917616442841256
"p461": 0.009120485623051287
"p462": 0.0025233280834561123
"p463": 0.00043466725374971077
"p464": 0
"p465": 0
"p466": 0
"p467": 0
"p468": 0.00023144620004854718
"p469": 3.3870175616860565E-05
"p470": 0
"p471": 0
"p472": 4.7041910578973E-05
"p473": 5.645029269476761E-06
"p474": 0
"p475": 0
"p476": 0.00039703372528653215
"p477": 6.774035123372113E-05
"p478": 5.645029269476761E-06
"p479": 0
"p480": 0.0014865243742955472
"p481": 0.0004704191057897301
"p482": 6.39769983874033E-05
"p483": 0
"p484": 0.0016163600474935124
"p485": 0.0005513311919855637
"p486": 0.00010725555612005847
"p487": 1.6935087808430282E-05
"p488": 0.020660807126284954
"p489": 0.007948201211423282
"p490": 0.0017236156036135712
"p491": 0.00017311423093062066
"p492": 0.024710174788922953
"p493": 0.010879853078704881
"p494": 0.002717140755041482
"p495": 0.0002954231984359505
"p496": 0.0013604520539438993
"p497": 0.0004346672537497106
"p498": 5.645029269476761E-05
"p499": 0
"p500": 0.0019908136557021377
"p501": 0.0007790140391877931
"p502": 0.00016370584881482606
"p503": 1.8816764231589203E-05
