"p441": 0.011510214680463123
"p442": 0.002357740558218128
"p443": 0.00019757602443168672
"p444": 0.01014788095009606
"p445": 0.0032910520641049514
"p446": 0.0005852013676024243
"p447": 6.39769983874033E-05
"p448": 0.0011967462051290733
"p449": 0.0003330567268991289
"p450": 2.6343469924224884E-05
"p451": 0
"p452": 0.00010161052685058169
"p453": 5.645029269476761E-06
"p454": 0
"p455": 0
"p456": 0.020604356833590177
"p457": 0.007353591461705059
"p458": 0.0014978144328345008
"p459": 0.00012983567319796552
"p460": 0.008542810961141498
"p461": 0.0032157850071785946
"p462": 0.0007620789513793626
"p463": 0.00012042729108217092
"p464": 0.0002427362585875007
"p465": 1.6935087808430282E-05
"p466": 0
"p467": 0
"p468": 0
"p469": 0
"p470": 0
"p471": 0
"p472": 0.0004327855773265517
"p473": 6.774035123372113E-05
"p474": 5.645029269476761E-06
"p475": 0
"p476": 2.6343469924224887E-05
"p477": 3.7633528463178407E-06
"p478": 0
"p479": 0
"p480": 0.0006265982489119205
"p481": 0.00018816764231589203
"p482": 1.3171734962112442E-05
"p483": 0
"p484": 0
"p485": 0
"p486": 0
"p487": 0
"p488": 0.015121151736505085
"p489": 0.005502021861316683
"p490": 0.0011704027352048482
"p491": 9.22021447347871E-05
"p492": 0.005432399833659804
"p493": 0.0019268366573147345
"p494": 0.0004365489301728695
"p495": 6.209532196424438E-05
"p496": 0.0008072391855351768
"p497": 0.0002690797285117256
"p498": 4.139688130949625E-05
"p499": 0
"p500": 0
"p501": 0
"p502": 0
"p503": 0
