"p441": 0
"p442": 0
"p443": 0
"p444": 0
"p445": 0
"p446": 0
"p447": 0
"p448": 0.0002784881106275202
"p449": 5.2686939848449775E-05
"p450": 5.645029269476761E-06
"p451": 0
"p452": 0.00048735419359816035
"p453": 0.0001016105268505817
"p454": 5.645029269476761E-06
"p455": 0
"p456": 9.972885042742278E-05
"p457": 1.3171734962112442E-05
"p458": 0
"p459": 0
"p460": 0.00034999181470755925
"p461": 4.516023415581409E-05
"p462": 0
"p463": 0
"p464": 0.00018628596589273313
"p465": 4.139688130949625E-05
"p466": 5.645029269476761E-06
"p467": 0
"p468": 0.00023332787647170614
"p469": 4.892358700213193E-05
"p470": 5.645029269476761E-06
"p471": 0
"p472": 9.032046831162818E-05
"p473": 1.8816764231589203E-05
"p474": 0
"p475": 0
"p476": 0.0003104766098212219
"p477": 4.516023415581409E-05
"p478": 0
"p479": 0
"p480": 0.00018064093662325633
"p481": 1.6935087808430286E-05
"p482": 0
"p483": 0
"p484": 0.00041208713667180354
"p485": 6.209532196424438E-05
"p486": 0
"p487": 0
"p488": 2.6343469924224887E-05
"p489": 3.7633528463178407E-06
"p490": 0
"p491": 0
"p492": 4.327855773265516E-05
"p493": 3.7633528463178407E-06
"p494": 0
"p495": 0
"p496": 5.2686939848449775E-05
"p497": 0
"p498": 0
"p499": 0
"p500": 6.585867481056221E-05
"p501": 5.645029269476761E-06
"p502": 0
"p503": 0
