"p441": 0
"p442": 0
"p443": 0
"p444": 0
"p445": 0
"p446": 0
"p447": 0
"p448": 0.0001674692016611439
"p449": 4.1396881309496255E-05
"p450": 5.645029269476761E-06
"p451": 0
"p452": 2.2580117077907045E-05
"p453": 0
"p454": 0
"p455": 0
"p456": 0.00015053411385271363
"p457": 2.6343469924224887E-05
"p458": 0
"p459": 0
"p460": 0.0004835908407518426
"p461": 8.655711546531033E-05
"p462": 5.645029269476761E-06
"p463": 0
"p464": 0
"p465": 0
"p466": 0
"p467": 0
"p468": 0
"p469": 0
"p470": 0
"p471": 0
"p472": 0
"p473": 0
"p474": 0
"p475": 0
"p476": 0
"p477": 0
"p478": 0
"p479": 0
"p480": 0.000684930218029847
"p481": 0.00011854561465901199
"p482": 5.645029269476761E-06
"p483": 0
"p484": 0
"p485": 0
"p486": 0
"p487": 0
"p488": 0.00042902222448023376
"p489": 6.209532196424438E-05
"p490": 0
"p491": 0
"p492": 0.0007884224213035877
"p493": 0.00010725555612005845
"p494": 5.645029269476761E-06
"p495": 0
"p496": 6.39769983874033E-05
"p497": 5.645029269476761E-06
"p498": 0
"p499": 0
"p500": 0
"p501": 0
"p502": 0
"p503": 0
