"p441": 0
"p442": 0
"p443": 0
"p444": 0
"p445": 0
"p446": 0
"p447": 0
"p448": 6.585867481056221E-05
"p449": 1.6935087808430282E-05
"p450": 0
"p451": 0
"p452": 4.327855773265517E-05
"p453": 1.6935087808430282E-05
"p454": 0
"p455": 0
"p456": 3.198849919370165E-05
"p457": 9.408382115794602E-06
"p458": 0
"p459": 0
"p460": 3.198849919370165E-05
"p461": 2.0698440654748124E-05
"p462": 0
"p463": 0
"p464": 5.833196911792653E-05
"p465": 1.1290058538953523E-05
"p466": 0
"p467": 0
"p468": 2.6343469924224884E-05
"p469": 1.1290058538953523E-05
"p470": 0
"p471": 0
"p472": 3.198849919370165E-05
"p473": 9.408382115794602E-06
"p474": 0
"p475": 0
"p476": 6.39769983874033E-05
"p477": 2.0698440654748124E-05
"p478": 0
"p479": 0
"p480": 2.6343469924224887E-05
"p481": 5.645029269476761E-06
"p482": 0
"p483": 0
"p484": 2.0698440654748124E-05
"p485": 5.645029269476761E-06
"p486": 0
"p487": 0
"p488": 5.645029269476761E-06
"p489": 0
"p490": 0
"p491": 0
"p492": 0
"p493": 0
"p494": 0
"p495": 0
"p496": 0
"p497": 0
"p498": 0
"p499": 0
"p500": 0
"p501": 0
"p502": 0
"p503": 0
