"p441": 0.004081356161831698
"p442": 0.0007169187172235487
"p443": 5.6450292694767617E-05
"p444": 0.01419160358346458
"p445": 0.004412531212307668
"p446": 0.000688693570876165
"p447": 5.45686162716087E-05
"p448": 0.006593394186748858
"p449": 0.0026475187273846006
"p450": 0.0005833196911792653
"p451": 5.456861627160869E-05
"p452": 6.774035123372112E-05
"p453": 5.645029269476761E-06
"p454": 0
"p455": 0
"p456": 0.014737289746180663
"p457": 0.005319499248270268
"p458": 0.0010368037091605651
"p459": 8.655711546531035E-05
"p460": 0.009816705899620089
"p461": 0.003686204112968324
"p462": 0.0008599261253836264
"p463": 0.00012607232035164768
"p464": 0.00040644210740232675
"p465": 6.585867481056221E-05
"p466": 5.645029269476761E-06
"p467": 0
"p468": 2.8225146347383805E-05
"p469": 0
"p470": 0
"p471": 0
"p472": 2.6343469924224884E-05
"p473": 1.8816764231589204E-06
"p474": 0
"p475": 0
"p476": 0.0001373623788906012
"p477": 2.6343469924224887E-05
"p478": 0
"p479": 0
"p480": 0.006871882297376377
"p481": 0.002732194166426752
"p482": 0.0006115448375266492
"p483": 4.327855773265517E-05
"p484": 1.8816764231589204E-06
"p485": 0
"p486": 0
"p487": 0
"p488": 0.00885516924738588
"p489": 0.0033117505047596993
"p490": 0.0006548233952593044
"p491": 5.6450292694767617E-05
"p492": 0.006292325959043429
"p493": 0.002182744650864347
"p494": 0.0004911175464444781
"p495": 6.774035123372113E-05
"p496": 0.01115081448363976
"p497": 0.004389951095229761
"p498": 0.0008561627725373087
"p499": 3.3870175616860565E-05
"p500": 3.7633528463178407E-06
"p501": 0
"p502": 0
"p503": 0
