"p441": 0.0010010518571205457
"p442": 9.972885042742277E-05
"p443": 0
"p444": 0.009199516032823964
"p445": 0.0029071900737805316
"p446": 0.0004666557529434122
"p447": 3.0106822770542733E-05
"p448": 0.008093090296006517
"p449": 0.0032458918299491375
"p450": 0.0006830485416066883
"p451": 5.833196911792653E-05
"p452": 6.0213645541085445E-05
"p453": 5.645029269476761E-06
"p454": 0
"p455": 0
"p456": 0.018271078068873115
"p457": 0.006668661243675216
"p458": 0.0010988990311248095
"p459": 8.27937626189925E-05
"p460": 0.011325810390993545
"p461": 0.004327855773265517
"p462": 0.0009257848001941887
"p463": 0.00013171734962112442
"p464": 0.00047982748790552474
"p465": 8.655711546531033E-05
"p466": 5.645029269476761E-06
"p467": 0
"p468": 3.575185204001949E-05
"p469": 0
"p470": 0
"p471": 0
"p472": 3.9515204886337324E-05
"p473": 1.8816764231589204E-06
"p474": 0
"p475": 0
"p476": 0.0001392440553137601
"p477": 3.575185204001949E-05
"p478": 0
"p479": 0
"p480": 0.008599261253836265
"p481": 0.003409597678763964
"p482": 0.0007112736879540721
"p483": 4.3278557732655166E-05
"p484": 1.8816764231589204E-06
"p485": 0
"p486": 0
"p487": 0
"p488": 0.012048374137486571
"p489": 0.004333500802534994
"p490": 0.0006774035123372113
"p491": 3.9515204886337324E-05
"p492": 0.007434503547900894
"p493": 0.0027829994298520424
"p494": 0.0005701479562171529
"p495": 7.33853805031979E-05
"p496": 0.012599705329472131
"p497": 0.004642095735933056
"p498": 0.0007997124798425412
"p499": 2.634346992422489E-05
"p500": 3.7633528463178407E-06
"p501": 0
"p502": 0
"p503": 0
