"p441": 0.0015015777856808186
"p442": 0.00022203781793275258
"p443": 1.1290058538953523E-05
"p444": 0.006913279178685874
"p445": 0.0021451111224011694
"p446": 0.0003650452260928306
"p447": 2.822514634738381E-05
"p448": 0.0031141744803280125
"p449": 0.0012099179400911857
"p450": 0.00025967134639593104
"p451": 3.0106822770542726E-05
"p452": 0.00020322105370116337
"p453": 3.3870175616860565E-05
"p454": 0
"p455": 0
"p456": 0.002150756151670646
"p457": 0.0007037469822614362
"p458": 0.0001392440553137601
"p459": 1.6935087808430282E-05
"p460": 0.002017157125626363
"p461": 0.0007714873334951574
"p462": 0.00014865243742955472
"p463": 1.8816764231589203E-05
"p464": 0.0004911175464444782
"p465": 0.00011478226181269414
"p466": 5.645029269476761E-06
"p467": 0
"p468": 0
"p469": 0
"p470": 0
"p471": 0
"p472": 2.6343469924224887E-05
"p473": 0
"p474": 0
"p475": 0
"p476": 4.139688130949625E-05
"p477": 0
"p478": 0
"p479": 0
"p480": 0.027400972074040207
"p481": 0.013085177846647134
"p482": 0.003714429259315709
"p483": 0.000590846396871901
"p484": 0.00032929337405281106
"p485": 5.645029269476761E-05
"p486": 5.645029269476761E-06
"p487": 0
"p488": 0.039528376621299446
"p489": 0.016389401645714202
"p490": 0.003889425166669489
"p491": 0.00042902222448023387
"p492": 0.02776413562370988
"p493": 0.009971003366319122
"p494": 0.0019155465987757813
"p495": 0.00017123255450746173
"p496": 0.014515251928247912
"p497": 0.006224585607809708
"p498": 0.0014808793450260703
"p499": 0.00012607232035164766
"p500": 1.5053411385271363E-05
"p501": 3.7633528463178407E-06
"p502": 0
"p503": 0
