"p441": 0.002037855566281111
"p442": 0.00036692690251598946
"p443": 2.6343469924224887E-05
"p444": 0.012366377453000425
"p445": 0.0049149388172911
"p446": 0.00099352515142791
"p447": 6.39769983874033E-05
"p448": 0.0002897781691664737
"p449": 4.516023415581409E-05
"p450": 0
"p451": 0
"p452": 0.0012324980571690929
"p453": 0.0002991865512822684
"p454": 3.198849919370165E-05
"p455": 1.8816764231589204E-06
"p456": 0.002406664145220259
"p457": 0.0006999836294151184
"p458": 9.220214473478709E-05
"p459": 1.1290058538953523E-05
"p460": 0.0034547579129197777
"p461": 0.0014432458165628916
"p462": 0.0003292933740528111
"p463": 4.139688130949625E-05
"p464": 0
"p465": 0
"p466": 0
"p467": 0
"p468": 0
"p469": 0
"p470": 0
"p471": 0
"p472": 6.774035123372114E-05
"p473": 0
"p474": 0
"p475": 0
"p476": 0.0004911175464444782
"p477": 0.00011478226181269414
"p478": 5.645029269476761E-06
"p479": 0
"p480": 0.005631857534514648
"p481": 0.0020378555662811104
"p482": 0.0003913886960170554
"p483": 1.8816764231589203E-05
"p484": 0.004277050509840227
"p485": 0.0014338374344470973
"p486": 0.0002766064342043613
"p487": 4.139688130949624E-05
"p488": 0.04251647878127582
"p489": 0.01711008371578407
"p490": 0.0039759822821348
"p491": 0.0004534840179812999
"p492": 0.04271781815855385
"p493": 0.019240141426799973
"p494": 0.004982679168524822
"p495": 0.0007319721286088203
"p496": 0.0009615366522342083
"p497": 0.00031047660982122185
"p498": 4.516023415581409E-05
"p499": 0
"p500": 0.0009878801221584333
"p501": 0.00034999181470755914
"p502": 5.833196911792653E-05
"p503": 1.1290058538953523E-05
