"p441": 0
"p442": 0
"p443": 0
"p444": 6.585867481056221E-05
"p445": 5.645029269476761E-06
"p446": 0
"p447": 0
"p448": 3.387017561686057E-05
"p449": 5.645029269476761E-06
"p450": 0
"p451": 0
"p452": 0
"p453": 0
"p454": 0
"p455": 0
"p456": 1.6935087808430286E-05
"p457": 0
"p458": 0
"p459": 0
"p460": 1.1290058538953523E-05
"p461": 0
"p462": 0
"p463": 0
"p464": 7.5267056926356815E-06
"p465": 0
"p466": 0
"p467": 0
"p468": 0
"p469": 0
"p470": 0
"p471": 0
"p472": 1.3171734962112444E-05
"p473": 0
"p474": 0
"p475": 0
"p476": 1.3171734962112442E-05
"p477": 7.5267056926356815E-06
"p478": 0
"p479": 0
"p480": 0.0005870830440255831
"p481": 0.00011854561465901197
"p482": 5.645029269476761E-06
"p483": 0
"p484": 0
"p485": 0
"p486": 0
"p487": 0
"p488": 0.00040267875455600894
"p489": 5.268693984844976E-05
"p490": 0
"p491": 0
"p492": 0.0007658423042256808
"p493": 0.00011478226181269414
"p494": 5.645029269476761E-06
"p495": 0
"p496": 0.00021827446508643474
"p497": 4.7041910578973015E-05
"p498": 5.645029269476761E-06
"p499": 0
"p500": 2.2580117077907045E-05
"p501": 0
"p502": 0
"p503": 0
