"p441": 5.645029269476761E-06
"p442": 0
"p443": 0
"p444": 5.2686939848449775E-05
"p445": 5.645029269476761E-06
"p446": 0
"p447": 0
"p448": 0
"p449": 0
"p450": 0
"p451": 0
"p452": 0
"p453": 0
"p454": 0
"p455": 0
"p456": 5.645029269476761E-06
"p457": 0
"p458": 0
"p459": 0
"p460": 4.516023415581409E-05
"p461": 5.645029269476761E-06
"p462": 0
"p463": 0
"p464": 0
"p465": 0
"p466": 0
"p467": 0
"p468": 5.645029269476761E-06
"p469": 0
"p470": 0
"p471": 0
"p472": 5.645029269476761E-06
"p473": 0
"p474": 0
"p475": 0
"p476": 1.5053411385271363E-05
"p477": 0
"p478": 0
"p479": 0
"p480": 6.774035123372112E-05
"p481": 9.408382115794602E-06
"p482": 0
"p483": 0
"p484": 7.903040977267465E-05
"p485": 3.7633528463178407E-06
"p486": 0
"p487": 0
"p488": 0.0004854725171750015
"p489": 7.526705692635683E-05
"p490": 5.645029269476761E-06
"p491": 0
"p492": 0.0010462120912763597
"p493": 0.00017123255450746173
"p494": 5.645029269476761E-06
"p495": 0
"p496": 7.714873334951573E-05
"p497": 1.5053411385271361E-05
"p498": 0
"p499": 0
"p500": 8.091208619583357E-05
"p501": 3.7633528463178407E-06
"p502": 0
"p503": 0
