"p441": 0.01137097062514936
"p442": 0.0027867627826983613
"p443": 0.0002916598455896327
"p444": 0.020380437339234274
"p445": 0.007362999843820856
"p446": 0.0013811504945986475
"p447": 0.00012419064392848873
"p448": 0.00016935087808430286
"p449": 3.3870175616860565E-05
"p450": 0
"p451": 0
"p452": 0
"p453": 0
"p454": 0
"p455": 0
"p456": 0.0036636239958904183
"p457": 0.0012663682327859534
"p458": 0.00016182417239166716
"p459": 5.645029269476761E-06
"p460": 0.0003913886960170555
"p461": 7.150370408003898E-05
"p462": 7.5267056926356815E-06
"p463": 0
"p464": 0.0007244454229161844
"p465": 9.596549758110495E-05
"p466": 3.7633528463178407E-06
"p467": 0
"p468": 0
"p469": 0
"p470": 0
"p471": 0
"p472": 0.00596115090856746
"p473": 0.0019832869500095024
"p474": 0.00032553002120649325
"p475": 7.5267056926356815E-06
"p476": 0.000752670569263568
"p477": 0.00019004931873905096
"p478": 1.5053411385271363E-05
"p479": 0
"p480": 0.0006755218359140524
"p481": 0.00015994249596850823
"p482": 1.3171734962112442E-05
"p483": 0
"p484": 0
"p485": 0
"p486": 0
"p487": 0
"p488": 0.02163175216063495
"p489": 0.007577510956060974
"p490": 0.001309646790518609
"p491": 6.397699838740331E-05
"p492": 0.007078866703923859
"p493": 0.0024160725273360533
"p494": 0.0004704191057897301
"p495": 6.209532196424438E-05
"p496": 0.0016483485466872142
"p497": 0.000472300782212889
"p498": 3.7633528463178407E-05
"p499": 0
"p500": 0.0001298356731979655
"p501": 5.645029269476761E-06
"p502": 0
"p503": 0
