"p441": 0.0019512984508158002
"p442": 0.0002728430813580435
"p443": 1.6935087808430286E-05
"p444": 0.011653222088623197
"p445": 0.004668439205857282
"p446": 0.0008693345074994213
"p447": 4.704191057897301E-05
"p448": 0.0004290222244802339
"p449": 0.00011666393823585307
"p450": 1.3171734962112442E-05
"p451": 0
"p452": 0.0005381594570234512
"p453": 0.00013736237889060116
"p454": 1.3171734962112442E-05
"p455": 0
"p456": 0.008285021291168726
"p457": 0.0030897126868269474
"p458": 0.0006830485416066881
"p459": 8.467543904215141E-05
"p460": 0.009199516032823964
"p461": 0.0037012575243535965
"p462": 0.0007413805107246147
"p463": 4.892358700213193E-05
"p464": 0.0024235992330286895
"p465": 0.0006717584830677345
"p466": 7.714873334951572E-05
"p467": 1.8816764231589204E-06
"p468": 0.0017857109255778152
"p469": 0.00047230078221288907
"p470": 3.7633528463178407E-05
"p471": 0
"p472": 0.020553551570164887
"p473": 0.0075229423397893645
"p474": 0.0017029171629588233
"p475": 0.0002333278764717061
"p476": 0.015599097547987453
"p477": 0.006119211728112809
"p478": 0.0012720132620554303
"p479": 0.00011854561465901197
"p480": 7.526705692635681E-05
"p481": 2.6343469924224884E-05
"p482": 5.645029269476761E-06
"p483": 0
"p484": 9.596549758110495E-05
"p485": 2.2580117077907045E-05
"p486": 0
"p487": 0
"p488": 0.0023765573224497163
"p489": 0.0007921857741499055
"p490": 0.00017311423093062066
"p491": 1.8816764231589204E-06
"p492": 0.004293985597648656
"p493": 0.0015768448426071754
"p494": 0.0002897781691664737
"p495": 9.408382115794602E-06
"p496": 0.0004158504895181214
"p497": 0.0001204272910821709
"p498": 5.645029269476761E-06
"p499": 0
"p500": 0.0004534840179812998
"p501": 0.00017499590735377962
"p502": 3.0106822770542722E-05
"p503": 0
