"p441": 0.0005814380147561064
"p442": 6.209532196424438E-05
"p443": 5.645029269476761E-06
"p444": 0.004352317566766583
"p445": 0.0011666393823585308
"p446": 0.0001467707610063958
"p447": 9.408382115794602E-06
"p448": 0.002235431590712797
"p449": 0.0006529417188361453
"p450": 8.655711546531033E-05
"p451": 1.1290058538953523E-05
"p452": 0.003562013469039836
"p453": 0.0014300740816007794
"p454": 0.0003236483447833343
"p455": 4.139688130949625E-05
"p456": 0.00046289240009709447
"p457": 0.00018252261304641527
"p458": 4.139688130949625E-05
"p459": 5.645029269476761E-06
"p460": 0.0013284635547501976
"p461": 0.0004911175464444782
"p462": 9.596549758110493E-05
"p463": 7.5267056926356815E-06
"p464": 6.774035123372114E-05
"p465": 0
"p466": 0
"p467": 0
"p468": 0.0004911175464444782
"p469": 0.00011478226181269414
"p470": 5.645029269476761E-06
"p471": 0
"p472": 0
"p473": 0
"p474": 0
"p475": 0
"p476": 0
"p477": 0
"p478": 0
"p479": 0
"p480": 0.028710618864558814
"p481": 0.012390839246501492
"p482": 0.0031743881258690988
"p483": 0.00042525887163391606
"p484": 0.03295379919878219
"p485": 0.015527593843907417
"p486": 0.004346672537497108
"p487": 0.0006868118944530062
"p488": 0.019375622129267408
"p489": 0.0074250951657851005
"p490": 0.0013943222295607603
"p491": 5.080526342529084E-05
"p492": 0.01491040397711129
"p493": 0.005278102366960772
"p494": 0.0008862695953078515
"p495": 5.456861627160869E-05
"p496": 0.012424709422118351
"p497": 0.004564947002583541
"p498": 0.0009728267107731618
"p499": 0.00010349220327374062
"p500": 0.01649665720183426
"p501": 0.006977256177073277
"p502": 0.0016257684296093072
"p503": 0.00013171734962112442
