"p504": 0
"p505": 0
"p506": 0
"p507": 0
"p508": 0
"p509": 0
"p510": 0
"p511": 0
"p512": 0.0030972393925195827
"p513": 0.0010142235920826582
"p514": 0.0001975760244316866
"p515": 1.8816764231589203E-05
"p516": 0.0023464504996791734
"p517": 0.000829819302613084
"p518": 0.0001749959073537796
"p519": 1.8816764231589203E-05
"p520": 0.0022862368541380885
"p521": 0.0006190715432192848
"p522": 7.150370408003898E-05
"p523": 0
"p524": 0.001290830026287019
"p525": 0.0002653163756654078
"p526": 2.82251463473838E-05
"p527": 0
"p528": 5.645029269476761E-06
"p529": 0
"p530": 0
"p531": 0
"p532": 0.00012042729108217088
"p533": 3.7633528463178407E-06
"p534": 0
"p535": 0
"p536": 0
"p537": 0
"p538": 0
"p539": 0
"p540": 3.7633528463178407E-06
"p541": 3.7633528463178407E-06
"p542": 0
"p543": 0
"p544": 0.0021225310053232613
"p545": 0.0006134265139498081
"p546": 0.00010725555612005845
"p547": 2.258011707790704E-05
"p548": 0.002032210537011634
"p549": 0.0006284799253350795
"p550": 0.00010537387969689952
"p551": 2.258011707790704E-05
"p552": 0.0009446015644257779
"p553": 0.0002747247577812023
"p554": 1.5053411385271361E-05
"p555": 0
"p556": 0.00039138869601705546
"p557": 0.00010537387969689952
"p558": 0
"p559": 0
"p560": 0.004803919908324725
"p561": 0.0013962039059839185
"p562": 0.0001956943480085277
"p563": 7.5267056926356815E-06
"p564": 0.005483205097085095
"p565": 0.001883558099582079
"p566": 0.0003198849919370165
