"p504": 0
"p505": 0
"p506": 0
"p507": 0
"p508": 0
"p509": 0
"p510": 0
"p511": 0
"p512": 0.003091594363250106
"p513": 0.0013359902604428333
"p514": 0.0003085949333980629
"p515": 1.6935087808430282E-05
"p516": 0.0027472475778120235
"p517": 0.0009728267107731619
"p518": 0.00019381267158536877
"p519": 3.0106822770542726E-05
"p520": 0.01986862135213504
"p521": 0.008949253068543824
"p522": 0.0023201070297549486
"p523": 0.0002766064342043613
"p524": 0.02414002683270579
"p525": 0.011538439826810503
"p526": 0.0032778803291428392
"p527": 0.0005287510749076567
"p528": 0
"p529": 0
"p530": 0
"p531": 0
"p532": 0.0005362777806002922
"p533": 8.467543904215139E-05
"p534": 0
"p535": 0
"p536": 9.032046831162817E-05
"p537": 1.1290058538953523E-05
"p538": 0
"p539": 0
"p540": 0.0008110025383814946
"p541": 0.0001599424959685082
"p542": 1.1290058538953523E-05
"p543": 0
"p544": 0.001040567062006883
"p545": 0.0003443467854380824
"p546": 6.209532196424438E-05
"p547": 0
"p548": 0.0015166311970660898
"p549": 0.00046665575294341233
"p550": 9.408382115794602E-05
"p551": 1.6935087808430282E-05
"p552": 0.01422923711192776
"p553": 0.005349606071040809
"p554": 0.001160994353089054
"p555": 0.0001204272910821709
"p556": 0.02119520323046209
"p557": 0.008403566905827739
"p558": 0.00203973724270427
"p559": 0.0002314462000485472
"p560": 0.001371742112482853
"p561": 0.0004139688130949624
"p562": 5.645029269476761E-05
"p563": 0
"p564": 0.0030351440705553385
"p565": 0.001038685385583724
"p566": 0.00020322105370116337
