"p504": 5.645029269476761E-06
"p505": 1.8816764231589204E-06
"p506": 0
"p507": 0
"p508": 3.010682277054273E-05
"p509": 1.8816764231589204E-06
"p510": 0
"p511": 0
"p512": 0.0013811504945986472
"p513": 0.00041208713667180354
"p514": 7.150370408003898E-05
"p515": 5.645029269476761E-06
"p516": 0.0015542647255292683
"p517": 0.0005720296326403118
"p518": 8.655711546531032E-05
"p519": 5.645029269476761E-06
"p520": 0.0007978308034193822
"p521": 0.0001486524374295547
"p522": 1.3171734962112442E-05
"p523": 0
"p524": 0.0007507888928404091
"p525": 0.00010537387969689955
"p526": 1.5053411385271363E-05
"p527": 0
"p528": 0.004105817955332764
"p529": 0.0015091044913734543
"p530": 0.000284133139896997
"p531": 1.6935087808430282E-05
"p532": 0.0036880857893914843
"p533": 0.0015373296377208378
"p534": 0.00034622846186124133
"p535": 1.6935087808430282E-05
"p536": 0.0030050372477847956
"p537": 0.0009220214473478709
"p538": 4.139688130949625E-05
"p539": 1.8816764231589204E-06
"p540": 0.0024800495257234568
"p541": 0.0006040181318340133
"p542": 3.763352846317841E-05
"p543": 1.8816764231589204E-06
"p544": 0.00023709122931802397
"p545": 7.33853805031979E-05
"p546": 1.3171734962112444E-05
"p547": 0
"p548": 0.0003612818732465126
"p549": 0.0001016105268505817
"p550": 1.8816764231589203E-05
"p551": 0
"p552": 8.27937626189925E-05
"p553": 1.8816764231589203E-05
"p554": 1.8816764231589204E-06
"p555": 0
"p556": 6.962202765688005E-05
"p557": 1.6935087808430286E-05
"p558": 1.8816764231589204E-06
"p559": 0
"p560": 0.0011986278815522319
"p561": 0.0003048315805517451
"p562": 3.0106822770542726E-05
"p563": 0
"p564": 0.0022749467955991347
"p565": 0.0007714873334951573
"p566": 9.22021447347871E-05
