"p504": 0.0010763189140469023
"p505": 0.0003123582862443808
"p506": 4.139688130949625E-05
"p507": 0
"p508": 0.0004139688130949626
"p509": 0.00012042729108217089
"p510": 5.645029269476761E-06
"p511": 0
"p512": 0.0013867955238681241
"p513": 0.00031235828624438073
"p514": 3.198849919370165E-05
"p515": 1.8816764231589204E-06
"p516": 0
"p517": 0
"p518": 0
"p519": 0
"p520": 0.004730534527821526
"p521": 0.001437600787293415
"p522": 0.0002408545821643418
"p523": 1.8816764231589203E-05
"p524": 0.001322818525480721
"p525": 0.00039515204886337327
"p526": 6.021364554108546E-05
"p527": 1.1290058538953523E-05
"p528": 0
"p529": 0
"p530": 0
"p531": 0
"p532": 0
"p533": 0
"p534": 0
"p535": 0
"p536": 0.0006096631611034902
"p537": 0.00011666393823585308
"p538": 1.1290058538953523E-05
"p539": 0
"p540": 2.2580117077907045E-05
"p541": 0
"p542": 0
"p543": 0
"p544": 0.0032590635649112497
"p545": 0.0010894906490090152
"p546": 0.00018064093662325633
"p547": 7.5267056926356815E-06
"p548": 0.00028789649274331484
"p549": 7.714873334951573E-05
"p550": 5.645029269476761E-06
"p551": 0
"p552": 0.03208446469128277
"p553": 0.013098349581609249
"p554": 0.0031198195095974916
"p555": 0.00033117505047597004
"p556": 0.008945489715697509
"p557": 0.0034039526494944873
"p558": 0.0006642317773750988
"p559": 3.198849919370165E-05
"p560": 0.0006736401594908936
"p561": 0.00016558752523798497
"p562": 2.2580117077907045E-05
"p563": 0
"p564": 1.8816764231589203E-05
"p565": 0
"p566": 0
