"p504": 0.00019569434800852773
"p505": 6.209532196424438E-05
"p506": 7.5267056926356815E-06
"p507": 0
"p508": 0.00023520955289486504
"p509": 8.279376261899248E-05
"p510": 3.7633528463178407E-06
"p511": 0
"p512": 0.002869556545317353
"p513": 0.0008448727139983552
"p514": 0.00012419064392848875
"p515": 7.5267056926356815E-06
"p516": 0.000259671346395931
"p517": 5.080526342529086E-05
"p518": 0
"p519": 0
"p520": 0.0008655711546531036
"p521": 0.000212629435816958
"p522": 2.4461793501065966E-05
"p523": 0
"p524": 0.002075489094744289
"p525": 0.0006021364554108547
"p526": 8.467543904215141E-05
"p527": 1.3171734962112444E-05
"p528": 0.0003368200797454468
"p529": 6.021364554108546E-05
"p530": 5.645029269476761E-06
"p531": 0
"p532": 0
"p533": 0
"p534": 0
"p535": 0
"p536": 5.645029269476761E-06
"p537": 0
"p538": 0
"p539": 0
"p540": 1.1290058538953523E-05
"p541": 0
"p542": 0
"p543": 0
"p544": 0.013120929698687151
"p545": 0.005231060456381799
"p546": 0.0012136812929375033
"p547": 0.00015241579027587258
"p548": 0.0003594001968233538
"p549": 6.021364554108546E-05
"p550": 5.645029269476761E-06
"p551": 0
"p552": 0.007477782105633549
"p553": 0.0026174119046140578
"p554": 0.0005249877220613387
"p555": 4.704191057897301E-05
"p556": 0.011598653472351585
"p557": 0.004169794953720167
"p558": 0.0008561627725373087
"p559": 8.843879188846925E-05
"p560": 0.007156015437273375
"p561": 0.0026475187273846006
"p562": 0.000566384603370835
"p563": 6.774035123372113E-05
"p564": 1.8816764231589203E-05
"p565": 3.7633528463178407E-06
"p566": 0
