"p504": 0
"p505": 0
"p506": 0
"p507": 0
"p508": 1.5053411385271363E-05
"p509": 0
"p510": 0
"p511": 0
"p512": 0.00041396881309496247
"p513": 8.843879188846926E-05
"p514": 5.645029269476761E-06
"p515": 0
"p516": 0.0008110025383814947
"p517": 0.00022015614150959367
"p518": 2.0698440654748124E-05
"p519": 0
"p520": 4.7041910578973E-05
"p521": 1.8816764231589204E-06
"p522": 0
"p523": 0
"p524": 8.655711546531032E-05
"p525": 0
"p526": 0
"p527": 0
"p528": 0.000543804486292928
"p529": 0.00011290058538953525
"p530": 1.1290058538953523E-05
"p531": 0
"p532": 0.0007771323627646341
"p533": 0.00016558752523798497
"p534": 2.2580117077907045E-05
"p535": 0
"p536": 9.220214473478709E-05
"p537": 3.575185204001949E-05
"p538": 0
"p539": 0
"p540": 0.0002615530228190899
"p541": 7.338538050319788E-05
"p542": 0
"p543": 0
"p544": 0.003424651090149235
"p545": 0.00101046023923634
"p546": 0.0001467707610063958
"p547": 7.5267056926356815E-06
"p548": 0.0032665902706038854
"p549": 0.0010894906490090152
"p550": 0.00018064093662325633
"p551": 7.5267056926356815E-06
"p552": 0.0016295317824556246
"p553": 0.00029165984558963265
"p554": 7.5267056926356815E-06
"p555": 0
"p556": 0.0007300904521856611
"p557": 9.032046831162817E-05
"p558": 0
"p559": 0
"p560": 0.005336434336078699
"p561": 0.0017574857792304313
"p562": 0.00033493840332228774
"p563": 4.139688130949624E-05
"p564": 0.005052301196181703
"p565": 0.0017781842198851794
"p566": 0.0003631635496696716
