"p504": 0.003044552452671133
"p505": 0.0010518571205458366
"p506": 0.00017875926020009743
"p507": 7.5267056926356815E-06
"p508": 0.004779458114823658
"p509": 0.0017706575141925437
"p510": 0.00034999181470755914
"p511": 4.1396881309496255E-05
"p512": 0
"p513": 0
"p514": 0
"p515": 0
"p516": 1.8816764231589204E-06
"p517": 0
"p518": 0
"p519": 0
"p520": 1.3171734962112444E-05
"p521": 1.8816764231589204E-06
"p522": 0
"p523": 0
"p524": 7.903040977267466E-05
"p525": 1.5053411385271363E-05
"p526": 1.8816764231589204E-06
"p527": 0
"p528": 1.8816764231589204E-06
"p529": 0
"p530": 0
"p531": 0
"p532": 9.032046831162817E-05
"p533": 1.3171734962112444E-05
"p534": 0
"p535": 0
"p536": 0.00013736237889060116
"p537": 1.8816764231589203E-05
"p538": 0
"p539": 0
"p540": 0.00040079707813285
"p541": 8.091208619583358E-05
"p542": 5.645029269476761E-06
"p543": 0
"p544": 1.8816764231589203E-05
"p545": 3.7633528463178407E-06
"p546": 0
"p547": 0
"p548": 2.4461793501065966E-05
"p549": 1.8816764231589204E-06
"p550": 0
"p551": 0
"p552": 0.0002784881106275202
"p553": 6.209532196424436E-05
"p554": 5.645029269476761E-06
"p555": 0
"p556": 0.000423377195210757
"p557": 0.00010537387969689954
"p558": 9.408382115794602E-06
"p559": 0
"p560": 0.0001844042894695742
"p561": 2.6343469924224887E-05
"p562": 1.8816764231589204E-06
"p563": 0
"p564": 0.000188167642315892
"p565": 3.387017561686057E-05
"p566": 0
