"p504": 0
"p505": 0
"p506": 0
"p507": 0
"p508": 8.843879188846925E-05
"p509": 2.2580117077907045E-05
"p510": 3.7633528463178407E-06
"p511": 0
"p512": 0.0008392276847288785
"p513": 0.0002032210537011634
"p514": 1.8816764231589203E-05
"p515": 0
"p516": 0.001014223592082658
"p517": 0.0002690797285117256
"p518": 3.0106822770542726E-05
"p519": 0
"p520": 0.0002427362585875007
"p521": 2.6343469924224887E-05
"p522": 0
"p523": 0
"p524": 9.784717400426387E-05
"p525": 1.5053411385271363E-05
"p526": 0
"p527": 0
"p528": 0.0015448563434134735
"p529": 0.0004817091643286837
"p530": 8.655711546531033E-05
"p531": 1.1290058538953523E-05
"p532": 0.0015335662848745197
"p533": 0.0004854725171750014
"p534": 8.091208619583358E-05
"p535": 1.1290058538953523E-05
"p536": 0.0007601972749562039
"p537": 0.00017311423093062064
"p538": 7.5267056926356815E-06
"p539": 0
"p540": 0.0003612818732465127
"p541": 8.091208619583358E-05
"p542": 1.8816764231589204E-06
"p543": 0
"p544": 0.00017687758377693853
"p545": 2.8225146347383808E-05
"p546": 0
"p547": 0
"p548": 0.00023709122931802392
"p549": 3.575185204001949E-05
"p550": 0
"p551": 0
"p552": 1.5053411385271363E-05
"p553": 1.8816764231589204E-06
"p554": 0
"p555": 0
"p556": 9.408382115794602E-06
"p557": 1.8816764231589204E-06
"p558": 0
"p559": 0
"p560": 0.0008222925969204481
"p561": 0.00018064093662325633
"p562": 3.7633528463178407E-06
"p563": 0
"p564": 0.0014752343157565934
"p565": 0.0003800986374781019
"p566": 2.6343469924224884E-05
