"p504": 0
"p505": 0
"p506": 0
"p507": 0
"p508": 0
"p509": 0
"p510": 0
"p511": 0
"p512": 0.0016031883125314
"p513": 0.00047982748790552474
"p514": 7.526705692635681E-05
"p515": 1.1290058538953523E-05
"p516": 5.080526342529084E-05
"p517": 0
"p518": 0
"p519": 0
"p520": 0.02476474340519455
"p521": 0.010029335335437047
"p522": 0.0024254809094518487
"p523": 0.0003104766098212219
"p524": 0.007855999066688492
"p525": 0.002560961611919291
"p526": 0.00047606413505920693
"p527": 4.892358700213193E-05
"p528": 0.003441586177957664
"p529": 0.0011911011758595968
"p530": 0.0002408545821643418
"p531": 4.139688130949624E-05
"p532": 0.0003594001968233538
"p533": 8.655711546531033E-05
"p534": 5.645029269476761E-06
"p535": 0
"p536": 0.039383487536716215
"p537": 0.018425375535572153
"p538": 0.0052065986628807345
"p539": 0.0008072391855351774
"p540": 0.012797281353903818
"p541": 0.005118159870992264
"p542": 0.001134650883164829
"p543": 9.408382115794602E-05
"p544": 0.0002860148163201559
"p545": 0.0001091372325432174
"p546": 3.0106822770542726E-05
"p547": 5.645029269476761E-06
"p548": 0
"p549": 0
"p550": 0
"p551": 0
"p552": 0.013596993833746358
"p553": 0.004896122053059511
"p554": 0.0010179869449289762
"p555": 3.951520488633733E-05
"p556": 0.0029372968965510745
"p557": 0.0007507888928404093
"p558": 6.021364554108545E-05
"p559": 1.8816764231589204E-06
"p560": 0.0024179542037592126
"p561": 0.0007940674505730644
"p562": 0.00015053411385271363
"p563": 9.408382115794602E-06
"p564": 0
"p565": 0
"p566": 0
