"p504": 0.0002051027301243223
"p505": 5.833196911792653E-05
"p506": 3.7633528463178407E-06
"p507": 3.7633528463178407E-06
"p508": 0.0001486524374295547
"p509": 6.0213645541085445E-05
"p510": 3.0106822770542726E-05
"p511": 1.8816764231589204E-06
"p512": 0.005191545251495462
"p513": 0.0020039853906642494
"p514": 0.00041961384236443927
"p515": 5.64502926947676E-05
"p516": 3.198849919370165E-05
"p517": 5.645029269476761E-06
"p518": 0
"p519": 0
"p520": 0.0020077487435105675
"p521": 0.0007037469822614361
"p522": 0.0001486524374295547
"p523": 1.5053411385271365E-05
"p524": 0.0033399756511070834
"p525": 0.00106314717908479
"p526": 0.00018252261304641524
"p527": 3.3870175616860565E-05
"p528": 0.011064257368174454
"p529": 0.0045818820903919715
"p530": 0.0011083074132406043
"p531": 0.00014677076100639582
"p532": 0.0004421939594423462
"p533": 7.526705692635683E-05
"p534": 5.645029269476761E-06
"p535": 0
"p536": 0.006747691653447889
"p537": 0.002429244262298166
"p538": 0.0005042892814065906
"p539": 4.516023415581409E-05
"p540": 0.010622063408732108
"p541": 0.003983508987827434
"p542": 0.0008335826554594017
"p543": 8.655711546531033E-05
"p544": 0.001748077397114637
"p545": 0.0005249877220613389
"p546": 8.843879188846925E-05
"p547": 1.8816764231589204E-06
"p548": 0
"p549": 0
"p550": 0
"p551": 0
"p552": 0.00059272807329506
"p553": 0.00018064093662325633
"p554": 3.198849919370165E-05
"p555": 1.8816764231589204E-06
"p556": 0.000568266279793994
"p557": 0.00018440428946957417
"p558": 4.516023415581409E-05
"p559": 3.7633528463178407E-06
"p560": 0.007014889705536455
"p561": 0.00237091229318024
"p562": 0.00039138869601705546
"p563": 2.8225146347383808E-05
"p564": 9.408382115794602E-05
"p565": 1.6935087808430282E-05
"p566": 0
