"p504": 0.00024461793501065964
"p505": 6.962202765688006E-05
"p506": 7.5267056926356815E-06
"p507": 0
"p508": 0.0003292933740528111
"p509": 0.00010161052685058169
"p510": 3.7633528463178407E-06
"p511": 0
"p512": 0.0035431967048082467
"p513": 0.0011440592652806239
"p514": 0.000188167642315892
"p515": 1.8816764231589203E-05
"p516": 0.0002878964927433148
"p517": 3.3870175616860565E-05
"p518": 0
"p519": 0
"p520": 0.001326581878327039
"p521": 0.0003838619903244197
"p522": 7.33853805031979E-05
"p523": 5.645029269476761E-06
"p524": 0.002504511319224523
"p525": 0.0008486360668446731
"p526": 0.00016182417239166716
"p527": 1.8816764231589203E-05
"p528": 0.0005983731025645366
"p529": 0.00011666393823585308
"p530": 1.1290058538953523E-05
"p531": 0
"p532": 0
"p533": 0
"p534": 0
"p535": 0
"p536": 1.1290058538953523E-05
"p537": 0
"p538": 0
"p539": 0
"p540": 2.2580117077907045E-05
"p541": 0
"p542": 0
"p543": 0
"p544": 0.018060330309479317
"p545": 0.007336656373896631
"p546": 0.0017763025434620208
"p547": 0.00019569434800852776
"p548": 0.0002615530228190899
"p549": 5.456861627160869E-05
"p550": 5.645029269476761E-06
"p551": 0
"p552": 0.015091044913734544
"p553": 0.006335604516776085
"p554": 0.0014714709629102755
"p555": 0.0001392440553137601
"p556": 0.01178870279109064
"p557": 0.004280813862686543
"p558": 0.000754552245686727
"p559": 3.010682277054273E-05
"p560": 0.01306259772956923
"p561": 0.004760641350592068
"p562": 0.0010650288555079492
"p563": 0.00014300740816007798
"p564": 2.6343469924224887E-05
"p565": 3.7633528463178407E-06
"p566": 0
