"p504": 0.002075489094744289
"p505": 0.0005155793399455443
"p506": 3.7633528463178407E-05
"p507": 0
"p508": 0.001460180904371322
"p509": 0.0003518734911307181
"p510": 4.516023415581409E-05
"p511": 0
"p512": 0.0001373623788906012
"p513": 2.2580117077907045E-05
"p514": 0
"p515": 0
"p516": 5.645029269476761E-06
"p517": 0
"p518": 0
"p519": 0
"p520": 0.0020924241825527197
"p521": 0.0006341249546045562
"p522": 9.972885042742278E-05
"p523": 0
"p524": 0.00040079707813285006
"p525": 0.0001016105268505817
"p526": 1.3171734962112442E-05
"p527": 0
"p528": 1.6935087808430286E-05
"p529": 0
"p530": 0
"p531": 0
"p532": 0
"p533": 0
"p534": 0
"p535": 0
"p536": 7.150370408003896E-05
"p537": 9.408382115794602E-06
"p538": 0
"p539": 0
"p540": 0
"p541": 0
"p542": 0
"p543": 0
"p544": 5.645029269476761E-05
"p545": 1.1290058538953523E-05
"p546": 0
"p547": 0
"p548": 0
"p549": 0
"p550": 0
"p551": 0
"p552": 0.0005852013676024242
"p553": 0.000141125731736919
"p554": 7.5267056926356815E-06
"p555": 0
"p556": 7.714873334951573E-05
"p557": 2.0698440654748124E-05
"p558": 0
"p559": 0
"p560": 0.0001279539967748066
"p561": 2.6343469924224887E-05
"p562": 0
"p563": 0
"p564": 0
"p565": 0
"p566": 0
