"p504": 0.0008091208619583357
"p505": 0.0001919309951622099
"p506": 2.2580117077907045E-05
"p507": 0
"p508": 0.0019550618036621187
"p509": 0.0005889647204487421
"p510": 6.021364554108545E-05
"p511": 0
"p512": 1.8816764231589204E-06
"p513": 0
"p514": 0
"p515": 0
"p516": 8.467543904215141E-05
"p517": 1.3171734962112444E-05
"p518": 0
"p519": 0
"p520": 0.00013736237889060116
"p521": 1.8816764231589203E-05
"p522": 0
"p523": 0
"p524": 0.0003650452260928306
"p525": 7.714873334951574E-05
"p526": 5.645029269476761E-06
"p527": 0
"p528": 0
"p529": 0
"p530": 0
"p531": 0
"p532": 0
"p533": 0
"p534": 0
"p535": 0
"p536": 0
"p537": 0
"p538": 0
"p539": 0
"p540": 3.575185204001949E-05
"p541": 3.7633528463178407E-06
"p542": 0
"p543": 0
"p544": 0.00018628596589273313
"p545": 2.6343469924224887E-05
"p546": 1.8816764231589204E-06
"p547": 0
"p548": 0.00019945770085484557
"p549": 3.387017561686057E-05
"p550": 0
"p551": 0
"p552": 0.0015298029320282023
"p553": 0.000447838988711823
"p554": 5.080526342529085E-05
"p555": 0
"p556": 0.0015975432832619238
"p557": 0.00048170916432868367
"p558": 6.774035123372113E-05
"p559": 0
"p560": 1.3171734962112442E-05
"p561": 1.8816764231589204E-06
"p562": 0
"p563": 0
"p564": 2.0698440654748124E-05
"p565": 1.8816764231589204E-06
"p566": 0
