"p504": 7.5267056926356815E-06
"p505": 0
"p506": 0
"p507": 0
"p508": 3.387017561686057E-05
"p509": 0
"p510": 0
"p511": 0
"p512": 0.005184018545802827
"p513": 0.0018797947467357615
"p514": 0.0003669269025159894
"p515": 2.8225146347383808E-05
"p516": 0
"p517": 0
"p518": 0
"p519": 0
"p520": 0.0013867955238681244
"p521": 0.0003499918147075592
"p522": 2.2580117077907045E-05
"p523": 0
"p524": 0.0017574857792304313
"p525": 0.0005513311919855638
"p526": 8.467543904215141E-05
"p527": 0
"p528": 0.0056337392109378085
"p529": 0.00179511930769361
"p530": 0.00033682007974544673
"p531": 3.7633528463178407E-05
"p532": 0.0003274116976296521
"p533": 5.080526342529086E-05
"p534": 0
"p535": 0
"p536": 0.0023257520590244255
"p537": 0.0006679951302214167
"p538": 0.00014112573173691902
"p539": 1.1290058538953523E-05
"p540": 0.003846146608936833
"p541": 0.0013040017612491318
"p542": 0.0002784881106275202
"p543": 3.7633528463178407E-05
"p544": 0.018060330309479317
"p545": 0.007336656373896631
"p546": 0.0017763025434620208
"p547": 0.00019569434800852776
"p548": 4.3278557732655166E-05
"p549": 5.645029269476761E-06
"p550": 0
"p551": 0
"p552": 0.01619558897412883
"p553": 0.006075933170380154
"p554": 0.001343516966135469
"p555": 0.00013548070246744229
"p556": 0.012129286223682405
"p557": 0.003776524581279953
"p558": 0.0006661134537982578
"p559": 6.209532196424438E-05
"p560": 0.026911736204018873
"p561": 0.011929828522827556
"p562": 0.0032759986527196804
"p563": 0.0005193426927918621
"p564": 0.0002897781691664737
"p565": 6.021364554108546E-05
"p566": 5.645029269476761E-06
