"p504": 0.00033305672689912887
"p505": 8.467543904215141E-05
"p506": 3.7633528463178407E-06
"p507": 3.7633528463178407E-06
"p508": 0.0004685374293665711
"p509": 0.00015994249596850825
"p510": 3.3870175616860565E-05
"p511": 1.8816764231589204E-06
"p512": 0.010441422472108849
"p513": 0.00475687799774575
"p514": 0.0012795399677480658
"p515": 0.0001637058488148261
"p516": 0.00024461793501065964
"p517": 5.2686939848449775E-05
"p518": 5.645029269476761E-06
"p519": 0
"p520": 0.010302178416795088
"p521": 0.004649622441625692
"p522": 0.0011459409417037825
"p523": 0.00011666393823585305
"p524": 0.008672646634339464
"p525": 0.003435941148688188
"p526": 0.0006642317773750989
"p527": 3.010682277054273E-05
"p528": 0.0005870830440255832
"p529": 0.000118545614659012
"p530": 5.645029269476761E-06
"p531": 0
"p532": 0.00012419064392848875
"p533": 1.6935087808430282E-05
"p534": 0
"p535": 0
"p536": 2.6343469924224887E-05
"p537": 1.8816764231589204E-06
"p538": 0
"p539": 0
"p540": 9.408382115794603E-05
"p541": 2.6343469924224887E-05
"p542": 0
"p543": 0
"p544": 0.008921027922196442
"p545": 0.0031649797437533047
"p546": 0.0005983731025645368
"p547": 3.763352846317841E-05
"p548": 1.6935087808430282E-05
"p549": 1.8816764231589204E-06
"p550": 0
"p551": 0
"p552": 0.005643147593053603
"p553": 0.0020848974768600836
"p554": 0.0004045604309791679
"p555": 3.010682277054273E-05
"p556": 0.0036523339373514645
"p557": 0.0011158341189332398
"p558": 0.00013548070246744226
"p559": 1.8816764231589204E-06
"p560": 0.01651359228964269
"p561": 0.005940452467912713
"p562": 0.001211799616514345
"p563": 0.0001448890845832369
"p564": 0.00010913723254321737
"p565": 1.5053411385271363E-05
"p566": 0
