"p504": 0
"p505": 0
"p506": 0
"p507": 0
"p508": 0
"p509": 0
"p510": 0
"p511": 0
"p512": 0.013628982332940062
"p513": 0.0065068370712835465
"p514": 0.0018271078068873114
"p515": 0.0002559079935496132
"p516": 0.018779130703126024
"p517": 0.009244676266979777
"p518": 0.0027773544005825664
"p519": 0.0004911175464444782
"p520": 0.009560797906070477
"p521": 0.004088882867524334
"p522": 0.0009483649172720961
"p523": 4.1396881309496235E-05
"p524": 0.009684988549998965
"p525": 0.0038517916382063097
"p526": 0.0007658423042256805
"p527": 4.704191057897301E-05
"p528": 9.032046831162817E-05
"p529": 1.1290058538953523E-05
"p530": 0
"p531": 0
"p532": 0.001014223592082658
"p533": 0.00019381267158536877
"p534": 1.1290058538953523E-05
"p535": 0
"p536": 0
"p537": 0
"p538": 0
"p539": 0
"p540": 9.972885042742276E-05
"p541": 3.3870175616860565E-05
"p542": 0
"p543": 0
"p544": 0.010522334558304685
"p545": 0.004130279748833831
"p546": 0.000970945034350003
"p547": 0.0001110189089663763
"p548": 0.019016221932444052
"p549": 0.0076810031593347134
"p550": 0.0019324816865842118
"p551": 0.00022580117077907044
"p552": 0.005088053048221722
"p553": 0.0018873214524283968
"p554": 0.0003706902553623073
"p555": 1.1290058538953523E-05
"p556": 0.004318447391149722
"p557": 0.001349161995404946
"p558": 0.0002220378179327526
"p559": 1.3171734962112444E-05
"p560": 0.013245120342615642
"p561": 0.004384306065960285
"p562": 0.0008110025383814948
"p563": 7.338538050319791E-05
"p564": 0.025282204421563252
"p565": 0.008928554627889078
"p566": 0.001659638605226168
