"p504": 0
"p505": 0
"p506": 0
"p507": 0
"p508": 0
"p509": 0
"p510": 0
"p511": 0
"p512": 0.003479219706420844
"p513": 0.001134650883164829
"p514": 0.0002069844065474812
"p515": 3.0106822770542726E-05
"p516": 0.0005927280732950598
"p517": 0.0001373623788906012
"p518": 1.6935087808430286E-05
"p519": 0
"p520": 0.024764743405194554
"p521": 0.010029335335437047
"p522": 0.0024254809094518487
"p523": 0.00031047660982122196
"p524": 0.014417404754243648
"p525": 0.00566384603370835
"p526": 0.001441364140139733
"p527": 0.00021639278866327584
"p528": 0.0004741824586360479
"p529": 8.467543904215139E-05
"p530": 0
"p531": 0
"p532": 0
"p533": 0
"p534": 0
"p535": 0
"p536": 0.000590846396871901
"p537": 0.00010349220327374063
"p538": 1.1290058538953523E-05
"p539": 0
"p540": 3.763352846317841E-05
"p541": 7.5267056926356815E-06
"p542": 0
"p543": 0
"p544": 0.0014582992279481635
"p545": 0.000472300782212889
"p546": 0.00010725555612005847
"p547": 1.6935087808430282E-05
"p548": 1.6935087808430282E-05
"p549": 0
"p550": 0
"p551": 0
"p552": 0.015591570842294816
"p553": 0.006232112313502345
"p554": 0.0014338374344470975
"p555": 0.0001373623788906012
"p556": 0.005771101589828408
"p557": 0.0021865080037106652
"p558": 0.0005475678391392457
"p559": 7.52670569263568E-05
"p560": 0.0031630980673301454
"p561": 0.0010217502977752939
"p562": 0.00019004931873905096
"p563": 2.0698440654748128E-05
"p564": 3.3870175616860565E-05
"p565": 0
"p566": 0
