"p504": 0
"p505": 0
"p506": 0
"p507": 0
"p508": 0
"p509": 0
"p510": 0
"p511": 0
"p512": 0.004265760451301273
"p513": 0.0014112573173691906
"p514": 0.0002559079935496132
"p515": 1.5053411385271363E-05
"p516": 0.00034999181470755914
"p517": 6.774035123372113E-05
"p518": 0
"p519": 0
"p520": 0.0014338374344470975
"p521": 0.00035940019682335374
"p522": 4.327855773265517E-05
"p523": 0
"p524": 0.003387017561686056
"p525": 0.0010800822668932204
"p526": 0.00019569434800852773
"p527": 2.6343469924224887E-05
"p528": 0.0005513311919855637
"p529": 0.00012607232035164768
"p530": 1.1290058538953523E-05
"p531": 0
"p532": 0
"p533": 0
"p534": 0
"p535": 0
"p536": 1.5053411385271363E-05
"p537": 0
"p538": 0
"p539": 0
"p540": 3.0106822770542726E-05
"p541": 0
"p542": 0
"p543": 0
"p544": 0.023287627413014798
"p545": 0.010349220327374061
"p546": 0.0027284308135804344
"p547": 0.00036692690251598936
"p548": 0.0006002547789876955
"p549": 0.00010913723254321737
"p550": 5.645029269476761E-06
"p551": 0
"p552": 0.01814688742494463
"p553": 0.006612210950980447
"p554": 0.00127201326205543
"p555": 9.408382115794602E-05
"p556": 0.026339706571378577
"p557": 0.009925843132163307
"p558": 0.0023012902655233603
"p559": 0.00029354152201279153
"p560": 0.010893024813666989
"p561": 0.0041961384236443924
"p562": 0.0008260559497667661
"p563": 5.833196911792654E-05
"p564": 2.6343469924224887E-05
"p565": 3.7633528463178407E-06
"p566": 0
