"p504": 0.0002389729057411829
"p505": 2.8225146347383805E-05
"p506": 0
"p507": 0
"p508": 0.0007658423042256805
"p509": 0.0001862859658927331
"p510": 1.1290058538953523E-05
"p511": 0
"p512": 0.0001580608195453493
"p513": 2.4461793501065963E-05
"p514": 1.8816764231589204E-06
"p515": 0
"p516": 0.00011478226181269414
"p517": 1.5053411385271363E-05
"p518": 0
"p519": 0
"p520": 0.001749959073537796
"p521": 0.0005024076049834317
"p522": 7.903040977267466E-05
"p523": 1.1290058538953523E-05
"p524": 0.001415020670215508
"p525": 0.00041961384236443927
"p526": 6.962202765688005E-05
"p527": 1.1290058538953523E-05
"p528": 0
"p529": 0
"p530": 0
"p531": 0
"p532": 1.1290058538953523E-05
"p533": 0
"p534": 0
"p535": 0
"p536": 5.645029269476761E-06
"p537": 0
"p538": 0
"p539": 0
"p540": 7.903040977267465E-05
"p541": 3.7633528463178407E-06
"p542": 0
"p543": 0
"p544": 2.634346992422489E-05
"p545": 1.8816764231589204E-06
"p546": 0
"p547": 0
"p548": 5.645029269476762E-05
"p549": 1.3171734962112442E-05
"p550": 0
"p551": 0
"p552": 0.0005118159870992264
"p553": 0.00010913723254321736
"p554": 1.317173496211244E-05
"p555": 0
"p556": 0.0005946097497182188
"p557": 0.0001505341138527136
"p558": 1.317173496211244E-05
"p559": 0
"p560": 4.139688130949624E-05
"p561": 0
"p562": 0
"p563": 0
"p564": 0.00015053411385271363
"p565": 2.6343469924224884E-05
"p566": 0
