"p504": 7.526705692635681E-05
"p505": 2.4461793501065973E-05
"p506": 0
"p507": 0
"p508": 4.8923587002131926E-05
"p509": 2.4461793501065963E-05
"p510": 3.7633528463178407E-06
"p511": 0
"p512": 0.0009257848001941889
"p513": 0.0002163927886632758
"p514": 1.8816764231589203E-05
"p515": 0
"p516": 0.0035450783812314055
"p517": 0.0010123419156594993
"p518": 0.00013548070246744226
"p519": 7.5267056926356815E-06
"p520": 0.000165587525237985
"p521": 2.2580117077907045E-05
"p522": 5.645029269476761E-06
"p523": 0
"p524": 0.0015279212556050434
"p525": 0.0004892358700213193
"p526": 7.338538050319788E-05
"p527": 1.3171734962112444E-05
"p528": 1.6935087808430286E-05
"p529": 0
"p530": 0
"p531": 0
"p532": 0.0003368200797454468
"p533": 6.021364554108546E-05
"p534": 5.645029269476761E-06
"p535": 0
"p536": 0
"p537": 0
"p538": 0
"p539": 0
"p540": 0
"p541": 0
"p542": 0
"p543": 0
"p544": 0.006858710562414265
"p545": 0.0027002056672330503
"p546": 0.0006002547789876956
"p547": 7.150370408003898E-05
"p548": 0.01676197357749967
"p549": 0.006640436097327831
"p550": 0.0015429746669903149
"p551": 0.0001919309951622099
"p552": 0.0023106986476391545
"p553": 0.0007188003936467076
"p554": 0.00011854561465901199
"p555": 1.8816764231589204E-06
"p556": 0.007788258715454775
"p557": 0.002675743873731985
"p558": 0.000447838988711823
"p559": 2.8225146347383808E-05
"p560": 0.002250485002098069
"p561": 0.0007620789513793627
"p562": 0.0001467707610063958
"p563": 2.8225146347383808E-05
"p564": 0.008285021291168726
"p565": 0.003089712686826947
"p566": 0.0006830485416066882
