"p504": 0.00013548070246744226
"p505": 5.645029269476761E-06
"p506": 0
"p507": 0
"p508": 7.903040977267465E-05
"p509": 0
"p510": 0
"p511": 0
"p512": 0.0001542974666990315
"p513": 2.2580117077907045E-05
"p514": 1.8816764231589204E-06
"p515": 0
"p516": 0
"p517": 0
"p518": 0
"p519": 0
"p520": 0.002828159664007858
"p521": 0.0009239031237710299
"p522": 0.00015053411385271363
"p523": 1.1290058538953523E-05
"p524": 0.0004986442521371138
"p525": 8.467543904215141E-05
"p526": 1.8816764231589204E-06
"p527": 0
"p528": 0.0009747083871963208
"p529": 0.00021262943581695798
"p530": 2.6343469924224884E-05
"p531": 0
"p532": 7.33853805031979E-05
"p533": 5.645029269476761E-06
"p534": 0
"p535": 0
"p536": 0.009035810184009138
"p537": 0.0032722352998733623
"p538": 0.0006284799253350793
"p539": 3.575185204001948E-05
"p540": 0.0026324653159993305
"p541": 0.0007037469822614361
"p542": 7.903040977267465E-05
"p543": 1.8816764231589204E-06
"p544": 3.010682277054273E-05
"p545": 3.7633528463178407E-06
"p546": 0
"p547": 0
"p548": 0
"p549": 0
"p550": 0
"p551": 0
"p552": 0.0005757929854866297
"p553": 0.00016746920166114395
"p554": 3.198849919370165E-05
"p555": 0
"p556": 8.279376261899248E-05
"p557": 3.76335284631784E-06
"p558": 0
"p559": 0
"p560": 0.00041585048951812135
"p561": 0.00015994249596850823
"p562": 2.2580117077907045E-05
"p563": 0
"p564": 0
"p565": 0
"p566": 0
