"p504": 0.000284133139896997
"p505": 7.714873334951574E-05
"p506": 5.645029269476761E-06
"p507": 0
"p508": 0.00059272807329506
"p509": 0.0001204272910821709
"p510": 5.645029269476761E-06
"p511": 0
"p512": 0
"p513": 0
"p514": 0
"p515": 0
"p516": 1.1290058538953523E-05
"p517": 0
"p518": 0
"p519": 0
"p520": 8.467543904215141E-05
"p521": 1.5053411385271363E-05
"p522": 1.8816764231589204E-06
"p523": 0
"p524": 0.0003085949333980629
"p525": 8.27937626189925E-05
"p526": 1.1290058538953523E-05
"p527": 0
"p528": 9.784717400426385E-05
"p529": 1.8816764231589204E-06
"p530": 0
"p531": 0
"p532": 0.00036880857893914834
"p533": 4.1396881309496255E-05
"p534": 3.7633528463178407E-06
"p535": 0
"p536": 0.00042337719521075713
"p537": 6.962202765688005E-05
"p538": 0
"p539": 0
"p540": 0.0008749795367688978
"p541": 0.0002276828472022294
"p542": 2.0698440654748128E-05
"p543": 0
"p544": 0.0001862859658927331
"p545": 2.6343469924224887E-05
"p546": 1.8816764231589204E-06
"p547": 0
"p548": 0.0001844042894695742
"p549": 2.6343469924224887E-05
"p550": 1.8816764231589204E-06
"p551": 0
"p552": 0.0018722680410431258
"p553": 0.0005042892814065906
"p554": 8.46754390421514E-05
"p555": 5.645029269476761E-06
"p556": 0.0019870503028558196
"p557": 0.0006585867481056221
"p558": 0.00010161052685058169
"p559": 5.645029269476761E-06
"p560": 0.001510986167796613
"p561": 0.00035751852040019475
"p562": 2.2580117077907045E-05
"p563": 1.8816764231589204E-06
"p564": 0.0009163764180783944
"p565": 0.0002145111122401169
"p566": 2.6343469924224884E-05
