"p504": 0.00030106822770542725
"p505": 8.27937626189925E-05
"p506": 3.7633528463178407E-06
"p507": 3.7633528463178407E-06
"p508": 0.00028225146347383805
"p509": 0.00011666393823585307
"p510": 3.0106822770542726E-05
"p511": 1.8816764231589204E-06
"p512": 0.00880060063111427
"p513": 0.0036485705845051464
"p514": 0.0008693345074994212
"p515": 0.00011854561465901199
"p516": 0.00034622846186124133
"p517": 5.833196911792654E-05
"p518": 5.645029269476761E-06
"p519": 0
"p520": 0.005409819716581895
"p521": 0.001940008392276847
"p522": 0.00039891540170969113
"p523": 3.575185204001949E-05
"p524": 0.009387683675139853
"p525": 0.0035036814999219092
"p526": 0.0007263270993393433
"p527": 7.526705692635681E-05
"p528": 0.00040079707813285
"p529": 6.962202765688006E-05
"p530": 5.645029269476761E-06
"p531": 0
"p532": 9.596549758110495E-05
"p533": 1.6935087808430282E-05
"p534": 0
"p535": 0
"p536": 1.3171734962112444E-05
"p537": 1.8816764231589204E-06
"p538": 0
"p539": 0
"p540": 0.00011101890896637629
"p541": 2.6343469924224887E-05
"p542": 0
"p543": 0
"p544": 0.0049600990514469135
"p545": 0.0017763025434620208
"p546": 0.0003876253431707376
"p547": 3.3870175616860565E-05
"p548": 1.3171734962112444E-05
"p549": 1.8816764231589204E-06
"p550": 0
"p551": 0
"p552": 0.0022937635598307233
"p553": 0.0007639606278025217
"p554": 0.00015241579027587256
"p555": 1.3171734962112444E-05
"p556": 0.0025270914363024295
"p557": 0.0008185292440741304
"p558": 0.00017311423093062064
"p559": 1.5053411385271365E-05
"p560": 0.010044388746822317
"p561": 0.0035620134690398358
"p562": 0.0006792851887603702
"p563": 7.526705692635681E-05
"p564": 0.00011290058538953522
"p565": 2.0698440654748124E-05
"p566": 0
