"p504": 0.0028413313989699702
"p505": 0.0009521282701184137
"p506": 0.00018064093662325636
"p507": 9.408382115794602E-06
"p508": 0.0009464832408489365
"p509": 0.0003405834325917646
"p510": 8.091208619583358E-05
"p511": 1.1290058538953523E-05
"p512": 9.784717400426387E-05
"p513": 5.645029269476761E-06
"p514": 0
"p515": 0
"p516": 0
"p517": 0
"p518": 0
"p519": 0
"p520": 0.001693508780843028
"p521": 0.00045536569440445874
"p522": 7.714873334951572E-05
"p523": 5.645029269476761E-06
"p524": 0.0001674692016611439
"p525": 2.6343469924224887E-05
"p526": 0
"p527": 0
"p528": 0.0013416352897123102
"p529": 0.00033117505047596993
"p530": 2.6343469924224887E-05
"p531": 1.8816764231589204E-06
"p532": 0
"p533": 0
"p534": 0
"p535": 0
"p536": 0.004179203335835962
"p537": 0.0011515859709732592
"p538": 0.0001486524374295547
"p539": 7.5267056926356815E-06
"p540": 0.0007075103351077541
"p541": 0.00012983567319796552
"p542": 1.1290058538953523E-05
"p543": 0
"p544": 0.0009389565351563013
"p545": 0.0002145111122401169
"p546": 1.8816764231589207E-05
"p547": 0
"p548": 1.6935087808430286E-05
"p549": 0
"p550": 0
"p551": 0
"p552": 0.00812696047162338
"p553": 0.0029692853957447763
"p554": 0.0005964914261413778
"p555": 7.33853805031979E-05
"p556": 0.002427362585875007
"p557": 0.0008317009790362427
"p558": 0.0001561791431221904
"p559": 3.010682277054273E-05
"p560": 0.0029523503079363455
"p561": 0.0009088497123857584
"p562": 0.00013924405531376012
"p563": 7.5267056926356815E-06
"p564": 0.0002973048748591094
"p565": 6.021364554108546E-05
"p566": 5.645029269476761E-06
