"p504": 0
"p505": 0
"p506": 0
"p507": 0
"p508": 0
"p509": 0
"p510": 0
"p511": 0
"p512": 0.00022768284720222937
"p513": 4.516023415581409E-05
"p514": 0
"p515": 0
"p516": 0
"p517": 0
"p518": 0
"p519": 0
"p520": 0.0028281596640078576
"p521": 0.0009239031237710299
"p522": 0.0001505341138527136
"p523": 1.1290058538953523E-05
"p524": 0.00033305672689912887
"p525": 6.021364554108546E-05
"p526": 0
"p527": 0
"p528": 0.0021846263272875064
"p529": 0.0005136976635223853
"p530": 5.456861627160867E-05
"p531": 3.76335284631784E-06
"p532": 0
"p533": 0
"p534": 0
"p535": 0
"p536": 0.00622270393138655
"p537": 0.0018685046881968081
"p538": 0.0002935415220127916
"p539": 1.5053411385271363E-05
"p540": 0.0011252425010490341
"p541": 0.00024461793501065964
"p542": 3.387017561686057E-05
"p543": 0
"p544": 0.0016652836344956447
"p545": 0.0004929992228676371
"p546": 8.655711546531033E-05
"p547": 1.1290058538953523E-05
"p548": 5.080526342529084E-05
"p549": 0
"p550": 0
"p551": 0
"p552": 0.017064923481628254
"p553": 0.006811668651835294
"p554": 0.001369860436059694
"p555": 9.784717400426385E-05
"p556": 0.007462728694248279
"p557": 0.00264940040380776
"p558": 0.0005682662797939939
"p559": 7.714873334951573E-05
"p560": 0.004105817955332765
"p561": 0.0013830321710218065
"p562": 0.0002709614049348845
"p563": 4.139688130949624E-05
"p564": 0.0005927280732950598
"p565": 0.0001373623788906012
"p566": 1.6935087808430286E-05
