"p504": 0.00020698440654748124
"p505": 2.2580117077907045E-05
"p506": 0
"p507": 0
"p508": 0.00059272807329506
"p509": 0.00015429746669903146
"p510": 1.1290058538953523E-05
"p511": 0
"p512": 1.3171734962112444E-05
"p513": 0
"p514": 0
"p515": 0
"p516": 0.00010537387969689954
"p517": 1.5053411385271363E-05
"p518": 0
"p519": 0
"p520": 0.00028601481632015586
"p521": 4.516023415581409E-05
"p522": 0
"p523": 0
"p524": 0.0004139688130949625
"p525": 0.00010537387969689954
"p526": 1.1290058538953523E-05
"p527": 0
"p528": 0
"p529": 0
"p530": 0
"p531": 0
"p532": 0
"p533": 0
"p534": 0
"p535": 0
"p536": 3.7633528463178407E-06
"p537": 0
"p538": 0
"p539": 0
"p540": 7.714873334951573E-05
"p541": 3.7633528463178407E-06
"p542": 0
"p543": 0
"p544": 0.00018440428946957422
"p545": 2.6343469924224884E-05
"p546": 1.8816764231589204E-06
"p547": 0
"p548": 0.0001749959073537796
"p549": 2.8225146347383805E-05
"p550": 0
"p551": 0
"p552": 0.0021902713565569833
"p553": 0.0005946097497182188
"p554": 9.22021447347871E-05
"p555": 1.1290058538953523E-05
"p556": 0.0019099015695063038
"p557": 0.0005532128684087226
"p558": 8.27937626189925E-05
"p559": 1.1290058538953523E-05
"p560": 1.129005853895352E-05
"p561": 0
"p562": 0
"p563": 0
"p564": 1.8816764231589203E-05
"p565": 0
"p566": 0
