"p504": 2.0698440654748124E-05
"p505": 5.645029269476761E-06
"p506": 3.7633528463178407E-06
"p507": 3.7633528463178407E-06
"p508": 0.00010913723254321738
"p509": 2.2580117077907045E-05
"p510": 7.5267056926356815E-06
"p511": 1.8816764231589204E-06
"p512": 0.0020961875353990374
"p513": 0.0008072391855351768
"p514": 0.00016182417239166713
"p515": 3.3870175616860565E-05
"p516": 0.00644850510216562
"p517": 0.0025063929956476816
"p518": 0.0005343961041771333
"p519": 6.962202765688005E-05
"p520": 0.0004139688130949624
"p521": 0.0001298356731979655
"p522": 2.634346992422489E-05
"p523": 1.8816764231589204E-06
"p524": 0.0019475350979694822
"p525": 0.0005494495155624048
"p526": 6.774035123372114E-05
"p527": 5.645029269476761E-06
"p528": 0.006292325959043429
"p529": 0.002559079935496131
"p530": 0.0005833196911792653
"p531": 6.962202765688005E-05
"p532": 0.014206656994849853
"p533": 0.005857658705293719
"p534": 0.0014169023466386673
"p535": 0.00018440428946957422
"p536": 0.002246721649251751
"p537": 0.000709392011530913
"p538": 0.00011854561465901199
"p539": 1.8816764231589204E-06
"p540": 0.007216229082814461
"p541": 0.0025797783761508804
"p542": 0.00044031228301918735
"p543": 2.8225146347383808E-05
"p544": 0.00040079707813285
"p545": 0.0001279539967748066
"p546": 2.6343469924224887E-05
"p547": 1.8816764231589204E-06
"p548": 0.0022448399728285913
"p549": 0.0006736401594908936
"p550": 0.0001110189089663763
"p551": 1.8816764231589204E-06
"p552": 6.962202765688005E-05
"p553": 3.575185204001949E-05
"p554": 9.408382115794602E-06
"p555": 1.8816764231589204E-06
"p556": 0.00028789649274331484
"p557": 9.408382115794602E-05
"p558": 2.0698440654748124E-05
"p559": 1.8816764231589204E-06
"p560": 0.0020641990362053357
"p561": 0.0006040181318340135
"p562": 7.33853805031979E-05
"p563": 5.645029269476761E-06
"p564": 0.008021586591926479
"p565": 0.0026625721387698725
"p566": 0.00041585048951812135
