"p504": 0
"p505": 0
"p506": 0
"p507": 0
"p508": 1.8816764231589204E-06
"p509": 0
"p510": 0
"p511": 0
"p512": 0.0004177321659412804
"p513": 6.774035123372113E-05
"p514": 0
"p515": 0
"p516": 0.0008128842148046534
"p517": 0.00020886608297064017
"p518": 2.0698440654748128E-05
"p519": 0
"p520": 0.00010913723254321738
"p521": 4.139688130949624E-05
"p522": 5.645029269476761E-06
"p523": 0
"p524": 0.000378216961054943
"p525": 9.972885042742276E-05
"p526": 9.408382115794602E-06
"p527": 0
"p528": 5.645029269476761E-06
"p529": 0
"p530": 0
"p531": 0
"p532": 0.00010349220327374062
"p533": 1.8816764231589203E-05
"p534": 0
"p535": 0
"p536": 0
"p537": 0
"p538": 0
"p539": 0
"p540": 0
"p541": 0
"p542": 0
"p543": 0
"p544": 0.004348554213920265
"p545": 0.0015787265190303343
"p546": 0.0002935415220127916
"p547": 1.6935087808430282E-05
"p548": 0.003979745634981116
"p549": 0.0016445851938408965
"p550": 0.0003650452260928305
"p551": 1.6935087808430282E-05
"p552": 0.0030953577160964243
"p553": 0.0009370748587331423
"p554": 4.327855773265517E-05
"p555": 1.8816764231589204E-06
"p556": 0.0025684883176119258
"p557": 0.0006209532196424437
"p558": 4.1396881309496255E-05
"p559": 1.8816764231589204E-06
"p560": 0.0018986115109673504
"p561": 0.0005080526342529086
"p562": 7.903040977267465E-05
"p563": 5.645029269476761E-06
"p564": 0.00289401833881842
"p565": 0.0010085785628131813
"p566": 0.00013171734962112442
