"p504": 5.080526342529085E-05
"p505": 1.6935087808430282E-05
"p506": 0
"p507": 0
"p508": 0.0002671980520885667
"p509": 5.456861627160869E-05
"p510": 1.1290058538953523E-05
"p511": 0
"p512": 0.0002464996114338186
"p513": 6.021364554108545E-05
"p514": 5.645029269476761E-06
"p515": 0
"p516": 0.00038950701959389653
"p517": 9.972885042742278E-05
"p518": 9.408382115794602E-06
"p519": 0
"p520": 3.387017561686057E-05
"p521": 3.7633528463178407E-06
"p522": 0
"p523": 0
"p524": 3.3870175616860565E-05
"p525": 5.645029269476761E-06
"p526": 0
"p527": 0
"p528": 0.0012343797335922517
"p529": 0.0003838619903244198
"p530": 5.080526342529085E-05
"p531": 0
"p532": 0.0014244290523313028
"p533": 0.00044219395944234633
"p534": 6.585867481056221E-05
"p535": 0
"p536": 0.000660468424528781
"p537": 0.00016935087808430283
"p538": 1.8816764231589204E-06
"p539": 0
"p540": 0.0005532128684087226
"p541": 0.00012230896750532982
"p542": 1.8816764231589204E-06
"p543": 0
"p544": 2.0698440654748124E-05
"p545": 1.8816764231589204E-06
"p546": 0
"p547": 0
"p548": 3.198849919370165E-05
"p549": 1.8816764231589204E-06
"p550": 0
"p551": 0
"p552": 1.8816764231589204E-06
"p553": 0
"p554": 0
"p555": 0
"p556": 3.7633528463178407E-06
"p557": 0
"p558": 0
"p559": 0
"p560": 0.0003217666683601754
"p561": 6.585867481056221E-05
"p562": 1.8816764231589204E-06
"p563": 0
"p564": 0.0007696056570719984
"p565": 0.00018252261304641527
"p566": 1.6935087808430282E-05
