"p504": 3.3870175616860565E-05
"p505": 0
"p506": 0
"p507": 0
"p508": 3.0106822770542726E-05
"p509": 0
"p510": 0
"p511": 0
"p512": 0.00027284308135804345
"p513": 5.456861627160869E-05
"p514": 0
"p515": 0
"p516": 0
"p517": 0
"p518": 0
"p519": 0
"p520": 0.006536943894054091
"p521": 0.0022053247679422548
"p522": 0.00038386199032441974
"p523": 2.8225146347383808E-05
"p524": 0.001277658291324907
"p525": 0.000402678754556009
"p526": 6.774035123372113E-05
"p527": 0
"p528": 0.0023916107338349873
"p529": 0.0005419228098697691
"p530": 6.39769983874033E-05
"p531": 3.76335284631784E-06
"p532": 0
"p533": 0
"p534": 0
"p535": 0
"p536": 0.007748743510568434
"p537": 0.0023219887061781074
"p538": 0.0004327855773265517
"p539": 3.7633528463178407E-05
"p540": 0.0017330239857293657
"p541": 0.00048547251717500153
"p542": 8.655711546531035E-05
"p543": 2.2580117077907045E-05
"p544": 0.0017066805158051403
"p545": 0.0005042892814065907
"p546": 8.091208619583358E-05
"p547": 1.1290058538953523E-05
"p548": 5.080526342529084E-05
"p549": 0
"p550": 0
"p551": 0
"p552": 0.03326615748502656
"p553": 0.01295722384987233
"p554": 0.0029786937778605717
"p555": 0.0003255300212064933
"p556": 0.00992396145574015
"p557": 0.003157453038060668
"p558": 0.0005607395741013581
"p559": 5.6450292694767617E-05
"p560": 0.0029993922185153187
"p561": 0.0011515859709732594
"p562": 0.0002464996114338186
"p563": 4.139688130949624E-05
"p564": 0.0003594001968233538
"p565": 8.655711546531033E-05
"p566": 5.645029269476761E-06
