"p504": 0
"p505": 0
"p506": 0
"p507": 0
"p508": 0
"p509": 0
"p510": 0
"p511": 0
"p512": 0.0001599424959685082
"p513": 2.82251463473838E-05
"p514": 0
"p515": 0
"p516": 0
"p517": 0
"p518": 0
"p519": 0
"p520": 0.0056582010044388745
"p521": 0.0017480773971146372
"p522": 0.00028225146347383805
"p523": 1.5053411385271363E-05
"p524": 0.0007959491269962232
"p525": 0.0001975760244316866
"p526": 2.258011707790704E-05
"p527": 0
"p528": 0.0004327855773265517
"p529": 4.139688130949624E-05
"p530": 0
"p531": 0
"p532": 3.951520488633733E-05
"p533": 0
"p534": 0
"p535": 0
"p536": 0.008949253068543826
"p537": 0.0028620298396247173
"p538": 0.0005814380147561063
"p539": 8.279376261899248E-05
"p540": 0.0018854397760052382
"p541": 0.00048735419359816035
"p542": 3.9515204886337324E-05
"p543": 0
"p544": 1.6935087808430282E-05
"p545": 1.8816764231589204E-06
"p546": 0
"p547": 0
"p548": 0
"p549": 0
"p550": 0
"p551": 0
"p552": 0.0019306000101610523
"p553": 0.0004892358700213193
"p554": 5.268693984844977E-05
"p555": 0
"p556": 0.0002916598455896326
"p557": 4.139688130949624E-05
"p558": 0
"p559": 0
"p560": 0.0002935415220127916
"p561": 8.843879188846925E-05
"p562": 1.505341138527136E-05
"p563": 0
"p564": 0
"p565": 0
"p566": 0
