"p504": 0
"p505": 0
"p506": 0
"p507": 0
"p508": 0
"p509": 0
"p510": 0
"p511": 0
"p512": 0.00019757602443168663
"p513": 2.2580117077907045E-05
"p514": 0
"p515": 0
"p516": 0
"p517": 0
"p518": 0
"p519": 0
"p520": 0.0009333115058868244
"p521": 0.00018816764231589203
"p522": 2.2580117077907045E-05
"p523": 0
"p524": 0.0002747247577812024
"p525": 7.150370408003898E-05
"p526": 1.1290058538953523E-05
"p527": 0
"p528": 0
"p529": 0
"p530": 0
"p531": 0
"p532": 0
"p533": 0
"p534": 0
"p535": 0
"p536": 0.0001844042894695742
"p537": 1.8816764231589203E-05
"p538": 0
"p539": 0
"p540": 3.7633528463178407E-06
"p541": 0
"p542": 0
"p543": 0
"p544": 0.0005136976635223853
"p545": 4.7041910578972995E-05
"p546": 0
"p547": 0
"p548": 3.951520488633733E-05
"p549": 0
"p550": 0
"p551": 0
"p552": 0.010829047815279588
"p553": 0.0032063766250628
"p554": 0.0006040181318340133
"p555": 8.279376261899248E-05
"p556": 0.002359622234641286
"p557": 0.0005475678391392457
"p558": 3.9515204886337324E-05
"p559": 0
"p560": 0.00010161052685058169
"p561": 2.258011707790704E-05
"p562": 0
"p563": 0
"p564": 0
"p565": 0
"p566": 0
