"p504": 0
"p505": 0
"p506": 0
"p507": 0
"p508": 0
"p509": 0
"p510": 0
"p511": 0
"p512": 0.0005833196911792652
"p513": 0.0001467707610063958
"p514": 2.2580117077907045E-05
"p515": 0
"p516": 1.1290058538953521E-05
"p517": 0
"p518": 0
"p519": 0
"p520": 0.00040079707813285006
"p521": 7.33853805031979E-05
"p522": 0
"p523": 0
"p524": 0.0004854725171750014
"p525": 0.00013736237889060116
"p526": 1.1290058538953523E-05
"p527": 0
"p528": 0.0001749959073537796
"p529": 1.8816764231589203E-05
"p530": 0
"p531": 0
"p532": 0
"p533": 0
"p534": 0
"p535": 0
"p536": 9.408382115794602E-06
"p537": 0
"p538": 0
"p539": 0
"p540": 3.7633528463178407E-06
"p541": 0
"p542": 0
"p543": 0
"p544": 0.004128398072410671
"p545": 0.001364215406790217
"p546": 0.0002690797285117256
"p547": 4.139688130949624E-05
"p548": 2.069844065474812E-05
"p549": 0
"p550": 0
"p551": 0
"p552": 0.00676274506483316
"p553": 0.001977641920740025
"p554": 0.0003349384033222878
"p555": 4.139688130949624E-05
"p556": 0.0025233280834561123
"p557": 0.0005588578976781993
"p558": 3.9515204886337324E-05
"p559": 0
"p560": 0.004830263378248948
"p561": 0.001627650106032466
"p562": 0.0002973048748591094
"p563": 7.5267056926356815E-06
"p564": 0
"p565": 0
"p566": 0
