"p504": 0.0007413805107246145
"p505": 0.00019004931873905094
"p506": 0
"p507": 0
"p508": 0.0013435169661354688
"p509": 0.0002916598455896327
"p510": 3.387017561686057E-05
"p511": 0
"p512": 0.0010575021498153132
"p513": 0.0003481101382844003
"p514": 6.209532196424438E-05
"p515": 0
"p516": 5.645029269476761E-06
"p517": 0
"p518": 0
"p519": 0
"p520": 0.001228734704322775
"p521": 0.00036504522609283053
"p522": 3.7633528463178407E-05
"p523": 0
"p524": 0.0006999836294151184
"p525": 0.00016935087808430286
"p526": 1.3171734962112442E-05
"p527": 0
"p528": 6.774035123372113E-05
"p529": 9.408382115794602E-06
"p530": 0
"p531": 0
"p532": 5.645029269476761E-06
"p533": 0
"p534": 0
"p535": 0
"p536": 3.7633528463178407E-06
"p537": 0
"p538": 0
"p539": 0
"p540": 1.5053411385271363E-05
"p541": 5.645029269476761E-06
"p542": 0
"p543": 0
"p544": 0.00035187349113071807
"p545": 8.467543904215141E-05
"p546": 3.7633528463178407E-06
"p547": 0
"p548": 0
"p549": 0
"p550": 0
"p551": 0
"p552": 0.00026155302281908997
"p553": 5.645029269476761E-05
"p554": 3.7633528463178407E-06
"p555": 0
"p556": 9.032046831162818E-05
"p557": 2.069844065474812E-05
"p558": 0
"p559": 0
"p560": 0.0010424487384300418
"p561": 0.00023520955289486501
"p562": 2.6343469924224887E-05
"p563": 0
"p564": 0
"p565": 0
"p566": 0
