"p504": 0.001136532559587988
"p505": 0.0003706902553623073
"p506": 5.833196911792653E-05
"p507": 1.1290058538953523E-05
"p508": 0.0007093920115309128
"p509": 0.00012230896750532982
"p510": 0
"p511": 0
"p512": 0
"p513": 0
"p514": 0
"p515": 0
"p516": 0
"p517": 0
"p518": 0
"p519": 0
"p520": 0.00041773216594128033
"p521": 6.962202765688005E-05
"p522": 0
"p523": 0
"p524": 8.843879188846926E-05
"p525": 1.5053411385271363E-05
"p526": 0
"p527": 0
"p528": 0.00010913723254321738
"p529": 1.5053411385271363E-05
"p530": 0
"p531": 0
"p532": 0
"p533": 0
"p534": 0
"p535": 0
"p536": 0.0006529417188361454
"p537": 0.0001204272910821709
"p538": 1.1290058538953523E-05
"p539": 0
"p540": 0.00013171734962112442
"p541": 2.2580117077907045E-05
"p542": 0
"p543": 0
"p544": 2.8225146347383805E-05
"p545": 1.8816764231589204E-06
"p546": 0
"p547": 0
"p548": 0
"p549": 0
"p550": 0
"p551": 0
"p552": 0.0020378555662811104
"p553": 0.0004704191057897301
"p554": 4.892358700213193E-05
"p555": 0
"p556": 0.00019004931873905096
"p557": 2.2580117077907045E-05
"p558": 0
"p559": 0
"p560": 0.00016182417239166713
"p561": 2.6343469924224884E-05
"p562": 0
"p563": 0
"p564": 5.645029269476761E-06
"p565": 0
"p566": 0
