"p504": 0
"p505": 0
"p506": 0
"p507": 0
"p508": 0
"p509": 0
"p510": 0
"p511": 0
"p512": 0.00202092047847268
"p513": 0.000496762575713955
"p514": 5.456861627160867E-05
"p515": 3.76335284631784E-06
"p516": 0
"p517": 0
"p518": 0
"p519": 0
"p520": 0.0056582010044388745
"p521": 0.001748077397114637
"p522": 0.00028225146347383805
"p523": 1.5053411385271363E-05
"p524": 0.0010782005904700614
"p525": 0.00024461793501065964
"p526": 3.387017561686057E-05
"p527": 0
"p528": 0
"p529": 0
"p530": 0
"p531": 0
"p532": 0
"p533": 0
"p534": 0
"p535": 0
"p536": 0.0005663846033708351
"p537": 0.00012607232035164768
"p538": 1.1290058538953523E-05
"p539": 0
"p540": 3.0106822770542726E-05
"p541": 0
"p542": 0
"p543": 0
"p544": 0.004929992228676372
"p545": 0.001544856343413474
"p546": 0.00029354152201279153
"p547": 4.139688130949624E-05
"p548": 0.0006096631611034901
"p549": 0.0001373623788906012
"p550": 1.6935087808430286E-05
"p551": 0
"p552": 0.03905607583908657
"p553": 0.015774093455341236
"p554": 0.003742654405663094
"p555": 0.00044407563586550537
"p556": 0.02005302564160462
"p557": 0.007769441951223182
"p558": 0.001960706832931595
"p559": 0.00029165984558963265
"p560": 0.0011929828522827556
"p561": 0.00037257193178546626
"p562": 6.397699838740328E-05
"p563": 1.1290058538953523E-05
"p564": 3.3870175616860565E-05
"p565": 0
"p566": 0
