"p504": 0.00030671325697490405
"p505": 9.032046831162818E-05
"p506": 9.408382115794602E-06
"p507": 0
"p508": 0.0007601972749562039
"p509": 0.00019004931873905096
"p510": 1.5053411385271363E-05
"p511": 0
"p512": 0.00034999181470755914
"p513": 6.021364554108546E-05
"p514": 0
"p515": 0
"p516": 0
"p517": 0
"p518": 0
"p519": 0
"p520": 7.338538050319788E-05
"p521": 9.408382115794602E-06
"p522": 0
"p523": 0
"p524": 0.00010349220327374062
"p525": 1.5053411385271363E-05
"p526": 0
"p527": 0
"p528": 0.00046477407652025334
"p529": 0.00010913723254321737
"p530": 1.1290058538953523E-05
"p531": 0
"p532": 3.7633528463178407E-06
"p533": 0
"p534": 0
"p535": 0
"p536": 0.00020886608297064014
"p537": 2.0698440654748124E-05
"p538": 0
"p539": 0
"p540": 0.0002615530228190899
"p541": 5.833196911792653E-05
"p542": 0
"p543": 0
"p544": 0.001136532559587988
"p545": 0.0002878964927433148
"p546": 3.0106822770542726E-05
"p547": 0
"p548": 0
"p549": 0
"p550": 0
"p551": 0
"p552": 0.0009577732993878904
"p553": 0.00018816764231589203
"p554": 1.8816764231589203E-05
"p555": 0
"p556": 0.00025402631712645424
"p557": 3.575185204001949E-05
"p558": 0
"p559": 0
"p560": 0.0023426871468328553
"p561": 0.0006886935708761649
"p562": 9.22021447347871E-05
"p563": 1.1290058538953523E-05
"p564": 5.645029269476761E-06
"p565": 0
"p566": 0
