"p504": 0.0035733035275787896
"p505": 0.001221207998630139
"p506": 0.00023332787647170614
"p507": 2.0698440654748128E-05
"p508": 0.0015072228149502946
"p509": 0.0004534840179812998
"p510": 8.091208619583358E-05
"p511": 1.1290058538953523E-05
"p512": 0.00015053411385271365
"p513": 9.408382115794602E-06
"p514": 0
"p515": 0
"p516": 0
"p517": 0
"p518": 0
"p519": 0
"p520": 0.004124634719564353
"p521": 0.0012870666734407013
"p522": 0.00019004931873905094
"p523": 1.3171734962112444E-05
"p524": 0.0008862695953078515
"p525": 0.00025778966997277205
"p526": 3.3870175616860565E-05
"p527": 0
"p528": 0.001556146401952427
"p529": 0.0003462284618612413
"p530": 3.198849919370165E-05
"p531": 1.8816764231589204E-06
"p532": 0
"p533": 0
"p534": 0
"p535": 0
"p536": 0.0052668123084218185
"p537": 0.0015429746669903149
"p538": 0.0002521446407032953
"p539": 1.8816764231589203E-05
"p540": 0.0014018489352533954
"p541": 0.00041208713667180354
"p542": 6.021364554108546E-05
"p543": 1.1290058538953523E-05
"p544": 0.0011365325595879881
"p545": 0.0002878964927433148
"p546": 3.0106822770542726E-05
"p547": 0
"p548": 2.8225146347383808E-05
"p549": 0
"p550": 0
"p551": 0
"p552": 0.018348226802222638
"p553": 0.006679951302214169
"p554": 0.0014112573173691906
"p555": 0.00018064093662325633
"p556": 0.00461951561885515
"p557": 0.0014432458165628916
"p558": 0.0002389729057411829
"p559": 1.3171734962112444E-05
"p560": 0.0025628432883424497
"p561": 0.0009464832408489372
"p562": 0.00017311423093062066
"p563": 7.5267056926356815E-06
"p564": 0.00027848811062752024
"p565": 7.714873334951573E-05
"p566": 5.645029269476761E-06
