"p504": 0.0005400411334466102
"p505": 0.00010913723254321738
"p506": 0
"p507": 0
"p508": 0.0009577732993878905
"p509": 0.0003236483447833343
"p510": 4.704191057897301E-05
"p511": 0
"p512": 0.0002220378179327526
"p513": 3.9515204886337324E-05
"p514": 0
"p515": 0
"p516": 0.0014771159921797526
"p517": 0.00031235828624438073
"p518": 3.198849919370165E-05
"p519": 1.8816764231589204E-06
"p520": 0.0017499590735377958
"p521": 0.0005024076049834318
"p522": 7.903040977267466E-05
"p523": 1.1290058538953523E-05
"p524": 0.004055012691907473
"p525": 0.0013171734962112442
"p526": 0.00022203781793275258
"p527": 1.8816764231589203E-05
"p528": 0
"p529": 0
"p530": 0
"p531": 0
"p532": 0
"p533": 0
"p534": 0
"p535": 0
"p536": 3.387017561686057E-05
"p537": 0
"p538": 0
"p539": 0
"p540": 0.0005983731025645366
"p541": 0.00011666393823585308
"p542": 1.1290058538953523E-05
"p543": 0
"p544": 0.0017574857792304317
"p545": 0.0006322432781813972
"p546": 9.972885042742277E-05
"p547": 5.645029269476761E-06
"p548": 0.0035507234105008824
"p549": 0.0011609943530890541
"p550": 0.0001862859658927331
"p551": 7.5267056926356815E-06
"p552": 0.014185958554195105
"p553": 0.005829433558946336
"p554": 0.001226853027899616
"p555": 8.655711546531032E-05
"p556": 0.025914447699744665
"p557": 0.01069168543638899
"p558": 0.0025967134639593107
"p559": 0.0002766064342043613
"p560": 0.00022956452362538827
"p561": 4.51602341558141E-05
"p562": 0
"p563": 0
"p564": 0.000709392011530913
"p565": 0.00016558752523798497
"p566": 2.2580117077907045E-05
