"p504": 0.000752670569263568
"p505": 0.00024085458216434178
"p506": 4.139688130949625E-05
"p507": 0
"p508": 0.0005870830440255833
"p509": 0.00020698440654748126
"p510": 3.198849919370165E-05
"p511": 0
"p512": 0.0002521446407032953
"p513": 6.021364554108546E-05
"p514": 5.645029269476761E-06
"p515": 0
"p516": 0.001627650106032466
"p517": 0.00044972066513498195
"p518": 7.714873334951572E-05
"p519": 5.645029269476761E-06
"p520": 2.8225146347383805E-05
"p521": 5.645029269476761E-06
"p522": 0
"p523": 0
"p524": 0.00027284308135804345
"p525": 7.903040977267466E-05
"p526": 1.6935087808430286E-05
"p527": 0
"p528": 0.0009427198880026192
"p529": 0.0002163927886632758
"p530": 1.8816764231589203E-05
"p531": 0
"p532": 0.003870608402437899
"p533": 0.0010725555612005845
"p534": 0.000141125731736919
"p535": 7.5267056926356815E-06
"p536": 0.000165587525237985
"p537": 2.2580117077907045E-05
"p538": 5.645029269476761E-06
"p539": 0
"p540": 0.0015279212556050434
"p541": 0.0004892358700213193
"p542": 7.338538050319788E-05
"p543": 1.3171734962112444E-05
"p544": 0.0023332787647170616
"p545": 0.0008843879188846927
"p546": 0.00017123255450746176
"p547": 3.575185204001948E-05
"p548": 0.007487190487749345
"p549": 0.0028112245761994278
"p550": 0.0005795563383329475
"p551": 7.150370408003896E-05
"p552": 0.0004421939594423463
"p553": 0.00014300740816007793
"p554": 2.634346992422489E-05
"p555": 1.8816764231589204E-06
"p556": 0.0020058670670874087
"p557": 0.0005381594570234513
"p558": 6.209532196424438E-05
"p559": 5.645029269476761E-06
"p560": 0.006918924207955349
"p561": 0.002756655959927818
"p562": 0.000611544837526649
"p563": 6.962202765688005E-05
"p564": 0.017273789564598893
"p565": 0.00712967196734915
"p566": 0.0016596386052261677
