"p504": 0
"p505": 0
"p506": 0
"p507": 0
"p508": 0
"p509": 0
"p510": 0
"p511": 0
"p512": 0.00019381267158536883
"p513": 1.5053411385271363E-05
"p514": 0
"p515": 0
"p516": 0.0021733362687485526
"p517": 0.0005306327513308156
"p518": 5.456861627160867E-05
"p519": 3.76335284631784E-06
"p520": 0.0018289894833104707
"p521": 0.0004403122830191874
"p522": 4.8923587002131926E-05
"p523": 0
"p524": 0.004749351292053116
"p525": 0.001556146401952427
"p526": 0.00026719805208856665
"p527": 1.5053411385271363E-05
"p528": 0
"p529": 0
"p530": 0
"p531": 0
"p532": 0
"p533": 0
"p534": 0
"p535": 0
"p536": 4.516023415581409E-05
"p537": 0
"p538": 0
"p539": 0
"p540": 0.0005513311919855637
"p541": 0.00012607232035164768
"p542": 1.1290058538953523E-05
"p543": 0
"p544": 0.0043485542139202644
"p545": 0.0015787265190303345
"p546": 0.0002935415220127916
"p547": 1.6935087808430282E-05
"p548": 0.005432399833659804
"p549": 0.0016652836344956447
"p550": 0.00031047660982122185
"p551": 4.139688130949624E-05
"p552": 0.02150003481101383
"p553": 0.008226689322050802
"p554": 0.0018703863646199674
"p555": 0.0002521446407032953
"p556": 0.03781793275264799
"p557": 0.01613537532858775
"p558": 0.003985390664250595
"p559": 0.0004986442521371142
"p560": 0.0008505177432678321
"p561": 0.0002559079935496132
"p562": 3.387017561686057E-05
"p563": 0
"p564": 0.0012663682327859534
"p565": 0.0003895070195938966
"p566": 6.397699838740328E-05
