"p504": 0.000237091229318024
"p505": 5.8331969117926534E-05
"p506": 0
"p507": 0
"p508": 0.0004948808992907961
"p509": 9.784717400426385E-05
"p510": 1.1290058538953523E-05
"p511": 0
"p512": 0.000989761798581592
"p513": 0.00031423996266753966
"p514": 4.704191057897301E-05
"p515": 0
"p516": 0.0010462120912763597
"p517": 0.0003481101382844003
"p518": 6.209532196424438E-05
"p519": 0
"p520": 0.0005757929854866297
"p521": 0.00015806081954534932
"p522": 1.8816764231589204E-06
"p523": 0
"p524": 0.0004986442521371139
"p525": 0.00010537387969689955
"p526": 1.8816764231589204E-06
"p527": 0
"p528": 3.7633528463178407E-06
"p529": 0
"p530": 0
"p531": 0
"p532": 7.338538050319788E-05
"p533": 9.408382115794602E-06
"p534": 0
"p535": 0
"p536": 0
"p537": 0
"p538": 0
"p539": 0
"p540": 1.5053411385271363E-05
"p541": 5.645029269476761E-06
"p542": 0
"p543": 0
"p544": 0.00026155302281908997
"p545": 6.962202765688005E-05
"p546": 3.7633528463178407E-06
"p547": 0
"p548": 0.00035187349113071807
"p549": 8.467543904215141E-05
"p550": 3.7633528463178407E-06
"p551": 0
"p552": 8.655711546531032E-05
"p553": 1.1290058538953523E-05
"p554": 0
"p555": 0
"p556": 4.8923587002131926E-05
"p557": 1.1290058538953523E-05
"p558": 0
"p559": 0
"p560": 0.00047982748790552463
"p561": 9.596549758110493E-05
"p562": 7.5267056926356815E-06
"p563": 0
"p564": 0.0010368037091605651
"p565": 0.00023520955289486501
"p566": 2.6343469924224887E-05
