"p504": 0.002308816971215995
"p505": 0.0007357354814551379
"p506": 0.00013736237889060116
"p507": 1.3171734962112444E-05
"p508": 0.002545908200534019
"p509": 0.0009446015644257781
"p510": 0.00017875926020009746
"p511": 1.8816764231589203E-05
"p512": 1.6935087808430282E-05
"p513": 0
"p514": 0
"p515": 0
"p516": 0.0001674692016611439
"p517": 9.408382115794602E-06
"p518": 0
"p519": 0
"p520": 0.001228734704322775
"p521": 0.00036692690251598946
"p522": 4.7041910578973015E-05
"p523": 0
"p524": 0.0038367382268210386
"p525": 0.0012212079986301393
"p526": 0.00018252261304641527
"p527": 1.3171734962112444E-05
"p528": 0.0002784881106275202
"p529": 5.6450292694767617E-05
"p530": 0
"p531": 0
"p532": 0.001674692016611439
"p533": 0.0003462284618612413
"p534": 3.198849919370165E-05
"p535": 1.8816764231589204E-06
"p536": 0.0017838292491546563
"p537": 0.0005024076049834318
"p538": 7.903040977267466E-05
"p539": 1.1290058538953523E-05
"p540": 0.004551775267621429
"p541": 0.0014225473759081437
"p542": 0.0002333278764717061
"p543": 1.8816764231589203E-05
"p544": 0.0004045604309791679
"p545": 0.00010161052685058169
"p546": 9.408382115794602E-06
"p547": 0
"p548": 0.0011647577059353718
"p549": 0.0002878964927433148
"p550": 3.0106822770542726E-05
"p551": 0
"p552": 0.0072914961397408185
"p553": 0.002658808785923554
"p554": 0.0005325144277539745
"p555": 6.021364554108544E-05
"p556": 0.01570070807483804
"p557": 0.00575228482559682
"p558": 0.0011722844116280077
"p559": 0.00013924405531376012
"p560": 0.0016069516653777181
"p561": 0.0006021364554108546
"p562": 9.972885042742277E-05
"p563": 5.645029269476761E-06
"p564": 0.002816869605468904
"p565": 0.001017986944928976
"p566": 0.00017875926020009743
