"p504": 0
"p505": 0
"p506": 0
"p507": 0
"p508": 0
"p509": 0
"p510": 0
"p511": 0
"p512": 0.0007714873334951572
"p513": 0.000188167642315892
"p514": 2.82251463473838E-05
"p515": 0
"p516": 0.00032176666836017533
"p517": 2.634346992422488E-05
"p518": 0
"p519": 0
"p520": 0.004730534527821527
"p521": 0.001437600787293415
"p522": 0.00024085458216434178
"p523": 1.8816764231589203E-05
"p524": 0.0032816436819891564
"p525": 0.0010687922083542666
"p526": 0.00020322105370116337
"p527": 1.8816764231589203E-05
"p528": 0
"p529": 0
"p530": 0
"p531": 0
"p532": 1.5053411385271363E-05
"p533": 0
"p534": 0
"p535": 0
"p536": 5.645029269476761E-06
"p537": 0
"p538": 0
"p539": 0
"p540": 0.00011666393823585304
"p541": 3.7633528463178407E-06
"p542": 0
"p543": 0
"p544": 0.00023709122931802397
"p545": 3.76335284631784E-05
"p546": 0
"p547": 0
"p548": 0.000188167642315892
"p549": 2.2580117077907042E-05
"p550": 0
"p551": 0
"p552": 0.0029410602493973926
"p553": 0.0007921857741499053
"p554": 0.00012230896750532982
"p555": 2.258011707790704E-05
"p556": 0.0024047824687971004
"p557": 0.000705628658684595
"p558": 0.00010537387969689952
"p559": 2.258011707790704E-05
"p560": 0.0002201561415095937
"p561": 4.516023415581408E-05
"p562": 0
"p563": 0
"p564": 0.0003838619903244198
"p565": 0.00011101890896637629
"p566": 1.505341138527136E-05
