"p504": 0
"p505": 0
"p506": 0
"p507": 0
"p508": 0
"p509": 0
"p510": 0
"p511": 0
"p512": 0.0026249386103066935
"p513": 0.0009653000050805262
"p514": 0.00019945770085484554
"p515": 3.0106822770542726E-05
"p516": 0.0003594001968233538
"p517": 8.655711546531033E-05
"p518": 5.645029269476761E-06
"p519": 0
"p520": 0.033495722008651946
"p521": 0.015796673572419137
"p522": 0.004504733357042456
"p523": 0.000711273687954072
"p524": 0.011862088171593836
"p525": 0.004754996321322591
"p526": 0.0010518571205458366
"p527": 8.843879188846925E-05
"p528": 0.0005362777806002922
"p529": 8.467543904215139E-05
"p530": 0
"p531": 0
"p532": 0
"p533": 0
"p534": 0
"p535": 0
"p536": 0.0008561627725373087
"p537": 0.00016370584881482606
"p538": 1.1290058538953523E-05
"p539": 0
"p540": 4.516023415581408E-05
"p541": 7.5267056926356815E-06
"p542": 0
"p543": 0
"p544": 0.001510986167796613
"p545": 0.00046665575294341233
"p546": 9.408382115794602E-05
"p547": 1.6935087808430282E-05
"p548": 1.6935087808430282E-05
"p549": 0
"p550": 0
"p551": 0
"p552": 0.027875154532676256
"p553": 0.011305111950338797
"p554": 0.0028018161940836324
"p555": 0.0003180033155138576
"p556": 0.006875645650222695
"p557": 0.0020096304199337263
"p558": 0.0002860148163201559
"p559": 2.4461793501065966E-05
"p560": 0.0030238540120163856
"p561": 0.001038685385583724
"p562": 0.00020322105370116337
"p563": 2.0698440654748128E-05
"p564": 3.3870175616860565E-05
"p565": 0
"p566": 0
