"p504": 3.3870175616860565E-05
"p505": 0
"p506": 0
"p507": 0
"p508": 3.0106822770542726E-05
"p509": 0
"p510": 0
"p511": 0
"p512": 7.5267056926356815E-06
"p513": 0
"p514": 0
"p515": 0
"p516": 0
"p517": 0
"p518": 0
"p519": 0
"p520": 0.0009878801221584331
"p521": 0.00023897290574118288
"p522": 2.0698440654748124E-05
"p523": 0
"p524": 0.00024461793501065964
"p525": 6.774035123372114E-05
"p526": 5.645029269476761E-06
"p527": 0
"p528": 0.00020886608297064014
"p529": 2.2580117077907045E-05
"p530": 0
"p531": 0
"p532": 0
"p533": 0
"p534": 0
"p535": 0
"p536": 0.0011177157953563988
"p537": 0.0002069844065474812
"p538": 2.2580117077907045E-05
"p539": 0
"p540": 0.0002860148163201559
"p541": 7.150370408003898E-05
"p542": 1.1290058538953523E-05
"p543": 0
"p544": 0.00017499590735377957
"p545": 2.82251463473838E-05
"p546": 0
"p547": 0
"p548": 0
"p549": 0
"p550": 0
"p551": 0
"p552": 0.006977256177073276
"p553": 0.0020736074183211307
"p554": 0.00031235828624438073
"p555": 1.5053411385271363E-05
"p556": 0.0009972885042742277
"p557": 0.00022580117077907044
"p558": 2.258011707790704E-05
"p559": 0
"p560": 0.0004214955187875981
"p561": 4.139688130949624E-05
"p562": 0
"p563": 0
"p564": 3.951520488633733E-05
"p565": 0
"p566": 0
