"p504": 0.00040644210740232675
"p505": 8.843879188846925E-05
"p506": 0
"p507": 0
"p508": 0.0005889647204487422
"p509": 0.00022580117077907044
"p510": 3.575185204001949E-05
"p511": 0
"p512": 9.22021447347871E-05
"p513": 5.645029269476761E-06
"p514": 0
"p515": 0
"p516": 0.0013416352897123102
"p517": 0.00033117505047596993
"p518": 2.6343469924224887E-05
"p519": 1.8816764231589204E-06
"p520": 0.0010010518571205455
"p521": 0.00022203781793275258
"p522": 1.8816764231589203E-05
"p523": 0
"p524": 0.003324922239721812
"p525": 0.0009728267107731619
"p526": 0.00013548070246744226
"p527": 7.5267056926356815E-06
"p528": 0
"p529": 0
"p530": 0
"p531": 0
"p532": 0
"p533": 0
"p534": 0
"p535": 0
"p536": 1.6935087808430286E-05
"p537": 0
"p538": 0
"p539": 0
"p540": 0.0003368200797454468
"p541": 6.021364554108546E-05
"p542": 5.645029269476761E-06
"p543": 0
"p544": 0.001529802932028202
"p545": 0.00045724737082761767
"p546": 7.903040977267465E-05
"p547": 5.645029269476761E-06
"p548": 0.0037727612284336348
"p549": 0.0010876089725858561
"p550": 0.00015241579027587256
"p551": 7.5267056926356815E-06
"p552": 0.007989598092732775
"p553": 0.003027617364862703
"p554": 0.0006472966895666686
"p555": 7.33853805031979E-05
"p556": 0.019744430708206556
"p557": 0.00791621271222958
"p558": 0.001802646013386246
"p559": 0.00021262943581695803
"p560": 0.00016182417239166716
"p561": 2.822514634738381E-05
"p562": 0
"p563": 0
"p564": 0.00066235010095194
"p565": 0.0001279539967748066
"p566": 1.1290058538953523E-05
