"p504": 0.0007620789513793629
"p505": 0.0001844042894695742
"p506": 1.1290058538953523E-05
"p507": 0
"p508": 0.0001298356731979655
"p509": 1.8816764231589203E-05
"p510": 0
"p511": 0
"p512": 0.00011478226181269414
"p513": 1.5053411385271363E-05
"p514": 0
"p515": 0
"p516": 5.645029269476761E-06
"p517": 0
"p518": 0
"p519": 0
"p520": 0.00273595751927307
"p521": 0.0007489072164172503
"p522": 0.00012607232035164766
"p523": 2.2580117077907045E-05
"p524": 0.0004817091643286836
"p525": 0.00011478226181269414
"p526": 1.3171734962112442E-05
"p527": 0
"p528": 1.1290058538953523E-05
"p529": 0
"p530": 0
"p531": 0
"p532": 0
"p533": 0
"p534": 0
"p535": 0
"p536": 8.467543904215141E-05
"p537": 3.7633528463178407E-06
"p538": 0
"p539": 0
"p540": 0
"p541": 0
"p542": 0
"p543": 0
"p544": 5.645029269476762E-05
"p545": 1.3171734962112442E-05
"p546": 0
"p547": 0
"p548": 0
"p549": 0
"p550": 0
"p551": 0
"p552": 0.0010499754441226775
"p553": 0.00024838128785697745
"p554": 2.634346992422488E-05
"p555": 0
"p556": 9.22021447347871E-05
"p557": 1.3171734962112444E-05
"p558": 0
"p559": 0
"p560": 0.00015053411385271363
"p561": 2.6343469924224884E-05
"p562": 0
"p563": 0
"p564": 0
"p565": 0
"p566": 0
