"p504": 0.0012494331449775234
"p505": 0.0002408545821643418
"p506": 2.2580117077907045E-05
"p507": 0
"p508": 0.0020378555662811104
"p509": 0.0006002547789876957
"p510": 6.021364554108545E-05
"p511": 0
"p512": 0.0001674692016611439
"p513": 2.6343469924224887E-05
"p514": 1.8816764231589204E-06
"p515": 0
"p516": 0.0001373623788906012
"p517": 2.2580117077907045E-05
"p518": 0
"p519": 0
"p520": 0.001228734704322775
"p521": 0.00036692690251598946
"p522": 4.704191057897301E-05
"p523": 0
"p524": 0.001226853027899616
"p525": 0.0003857436667475787
"p526": 6.39769983874033E-05
"p527": 0
"p528": 0
"p529": 0
"p530": 0
"p531": 0
"p532": 1.6935087808430286E-05
"p533": 0
"p534": 0
"p535": 0
"p536": 3.7633528463178407E-06
"p537": 0
"p538": 0
"p539": 0
"p540": 6.774035123372113E-05
"p541": 9.408382115794602E-06
"p542": 0
"p543": 0
"p544": 1.8816764231589203E-05
"p545": 0
"p546": 0
"p547": 0
"p548": 5.645029269476761E-05
"p549": 1.1290058538953523E-05
"p550": 0
"p551": 0
"p552": 0.000306713256974904
"p553": 8.091208619583357E-05
"p554": 3.7633528463178407E-06
"p555": 0
"p556": 0.00038762534317073754
"p557": 9.596549758110493E-05
"p558": 3.7633528463178407E-06
"p559": 0
"p560": 3.198849919370165E-05
"p561": 1.8816764231589204E-06
"p562": 0
"p563": 0
"p564": 0.0001279539967748066
"p565": 2.6343469924224887E-05
"p566": 0
