"p504": 0
"p505": 0
"p506": 0
"p507": 0
"p508": 0
"p509": 0
"p510": 0
"p511": 0
"p512": 0.001255078174247
"p513": 0.0004045604309791678
"p514": 6.585867481056221E-05
"p515": 0
"p516": 0.0016201234003398303
"p517": 0.00047982748790552474
"p518": 7.526705692635681E-05
"p519": 1.1290058538953523E-05
"p520": 0.013595112157323203
"p521": 0.005377831217388195
"p522": 0.0012193263222069805
"p523": 0.0001542974666990315
"p524": 0.018814882555166047
"p525": 0.007711109982105257
"p526": 0.0018120543955020406
"p527": 0.00022203781793275258
"p528": 0.003481101382844003
"p529": 0.0015072228149502953
"p530": 0.000353755167553877
"p531": 1.6935087808430282E-05
"p532": 0.003563895145462994
"p533": 0.0011986278815522323
"p534": 0.00023520955289486504
"p535": 4.139688130949624E-05
"p536": 0.023607512404951823
"p537": 0.01057878485099945
"p538": 0.002700205667233051
"p539": 0.0003161216390906986
"p540": 0.027400972074040204
"p541": 0.013085177846647136
"p542": 0.0037144292593157087
"p543": 0.0005908463968719011
"p544": 0.0001825226130464153
"p545": 5.2686939848449775E-05
"p546": 5.645029269476761E-06
"p547": 0
"p548": 0.0002860148163201559
"p549": 0.0001091372325432174
"p550": 3.0106822770542726E-05
"p551": 5.645029269476761E-06
"p552": 0.0060740514939569955
"p553": 0.0019531801272389595
"p554": 0.0003123582862443808
"p555": 1.1290058538953523E-05
"p556": 0.010941948400669125
"p557": 0.0039044785780547597
"p558": 0.0007808957156109521
"p559": 3.010682277054273E-05
"p560": 0.0006585867481056222
"p561": 0.0001674692016611439
"p562": 1.1290058538953523E-05
"p563": 0
"p564": 0.0024179542037592126
"p565": 0.0007940674505730644
"p566": 0.00015053411385271363
