"p504": 0.0015843715482998107
"p505": 0.0005362777806002923
"p506": 9.032046831162818E-05
"p507": 1.8816764231589204E-06
"p508": 0.0010048152099668632
"p509": 0.000404560430979168
"p510": 9.22021447347871E-05
"p511": 1.1290058538953523E-05
"p512": 0.0014263107287544616
"p513": 0.0004271405480570749
"p514": 7.714873334951572E-05
"p515": 5.645029269476761E-06
"p516": 0
"p517": 0
"p518": 0
"p519": 0
"p520": 0.0002671980520885667
"p521": 3.387017561686057E-05
"p522": 0
"p523": 0
"p524": 0.0004346672537497106
"p525": 0.00010537387969689954
"p526": 1.6935087808430286E-05
"p527": 0
"p528": 0.0031950865665238467
"p529": 0.0009050863595394406
"p530": 0.0001298356731979655
"p531": 7.5267056926356815E-06
"p532": 0.000259671346395931
"p533": 5.080526342529086E-05
"p534": 0
"p535": 0
"p536": 0.0008712161839225803
"p537": 0.000212629435816958
"p538": 2.4461793501065966E-05
"p539": 0
"p540": 0.002086779153283243
"p541": 0.0006021364554108547
"p542": 8.467543904215141E-05
"p543": 1.3171734962112444E-05
"p544": 0.0059874943784916845
"p545": 0.0022486033256749094
"p546": 0.00045912904725077655
"p547": 5.833196911792653E-05
"p548": 3.198849919370165E-05
"p549": 5.645029269476761E-06
"p550": 0
"p551": 0
"p552": 0.0022881185305612464
"p553": 0.0007752506863414751
"p554": 0.00015429746669903146
"p555": 1.5053411385271365E-05
"p556": 0.0035488417340777236
"p557": 0.0010951356782784917
"p558": 0.00018440428946957417
"p559": 3.575185204001948E-05
"p560": 0.013728711183367487
"p561": 0.005633739210937808
"p562": 0.0013096467905186085
"p563": 0.00016182417239166719
"p564": 0.00034622846186124133
"p565": 5.833196911792654E-05
"p566": 5.645029269476761E-06
