"p504": 0
"p505": 0
"p506": 0
"p507": 0
"p508": 0
"p509": 0
"p510": 0
"p511": 0
"p512": 0.002216614826481208
"p513": 0.0005249877220613388
"p514": 6.39769983874033E-05
"p515": 3.76335284631784E-06
"p516": 0
"p517": 0
"p518": 0
"p519": 0
"p520": 0.0070073629998438185
"p521": 0.002171454592325394
"p522": 0.00042149551878759814
"p523": 3.7633528463178407E-05
"p524": 0.0016671653109188035
"p525": 0.00048547251717500153
"p526": 8.655711546531035E-05
"p527": 2.2580117077907045E-05
"p528": 0
"p529": 0
"p530": 0
"p531": 0
"p532": 0
"p533": 0
"p534": 0
"p535": 0
"p536": 0.0009107313888089175
"p537": 0.00019757602443168666
"p538": 1.6935087808430286E-05
"p539": 0
"p540": 4.8923587002131926E-05
"p541": 0
"p542": 0
"p543": 0
"p544": 0.004128398072410671
"p545": 0.0013642154067902172
"p546": 0.0002690797285117256
"p547": 4.139688130949624E-05
"p548": 0.00037633528463178407
"p549": 8.655711546531033E-05
"p550": 5.645029269476761E-06
"p551": 0
"p552": 0.05876287301882995
"p553": 0.02593702781682257
"p554": 0.006999836294151188
"p555": 0.0010198686213521357
"p556": 0.01836139853718475
"p557": 0.006742046624178412
"p558": 0.0013736237889060117
"p559": 0.00011854561465901197
"p560": 0.0009728267107731618
"p561": 0.0003443467854380824
"p562": 5.833196911792653E-05
"p563": 1.1290058538953523E-05
"p564": 3.3870175616860565E-05
"p565": 0
"p566": 0
