"p504": 0
"p505": 0
"p506": 0
"p507": 0
"p508": 0
"p509": 0
"p510": 0
"p511": 0
"p512": 0.0003142399626675397
"p513": 4.8923587002131926E-05
"p514": 0
"p515": 0
"p516": 0.002290000206984406
"p517": 0.0005249877220613388
"p518": 6.39769983874033E-05
"p519": 3.76335284631784E-06
"p520": 0.0027359575192730697
"p521": 0.0007489072164172503
"p522": 0.00012607232035164768
"p523": 2.2580117077907045E-05
"p524": 0.00568266279793994
"p525": 0.0019042565402368273
"p526": 0.0003819803139012608
"p527": 3.7633528463178407E-05
"p528": 0
"p529": 0
"p530": 0
"p531": 0
"p532": 0
"p533": 0
"p534": 0
"p535": 0
"p536": 7.338538050319788E-05
"p537": 0
"p538": 0
"p539": 0
"p540": 0.0008862695953078515
"p541": 0.00019757602443168666
"p542": 1.6935087808430286E-05
"p543": 0
"p544": 0.004115226337448559
"p545": 0.0016558752523798503
"p546": 0.00036504522609283053
"p547": 1.6935087808430282E-05
"p548": 0.004273287156993908
"p549": 0.001371742112482853
"p550": 0.00026343469924224885
"p551": 4.139688130949624E-05
"p552": 0.033094924930519104
"p553": 0.013963920736262354
"p554": 0.003411479355187123
"p555": 0.00039703372528653215
"p556": 0.043319954613964685
"p557": 0.019102779047909364
"p558": 0.005121923223838583
"p559": 0.0007564339221098863
"p560": 0.0008373460083057196
"p561": 0.00028789649274331484
"p562": 4.516023415581409E-05
"p563": 0
"p564": 0.0009954068278510688
"p565": 0.0003443467854380824
"p566": 5.833196911792653E-05
