"p504": 0
"p505": 0
"p506": 0
"p507": 0
"p508": 0
"p509": 0
"p510": 0
"p511": 0
"p512": 0.015448563434134734
"p513": 0.0075342323983283175
"p514": 0.002273065119175976
"p515": 0.0004064421074023268
"p516": 0.0002897781691664737
"p517": 6.021364554108546E-05
"p518": 5.645029269476761E-06
"p519": 0
"p520": 0.019520511213850643
"p521": 0.00908097041816495
"p522": 0.0025026296428013644
"p523": 0.0003085949333980629
"p524": 0.015036476297462933
"p525": 0.005993139407761161
"p526": 0.0012663682327859532
"p527": 9.784717400426385E-05
"p528": 0.0008110025383814946
"p529": 0.0001599424959685082
"p530": 1.1290058538953523E-05
"p531": 0
"p532": 0.00020322105370116337
"p533": 3.387017561686056E-05
"p534": 0
"p535": 0
"p536": 4.516023415581409E-05
"p537": 3.7633528463178407E-06
"p538": 0
"p539": 0
"p540": 0.00014488908458323683
"p541": 4.139688130949625E-05
"p542": 0
"p543": 0
"p544": 0.015469261874789485
"p545": 0.0062942076354665895
"p546": 0.001608833341800877
"p547": 0.0001919309951622099
"p548": 2.4461793501065963E-05
"p549": 1.8816764231589204E-06
"p550": 0
"p551": 0
"p552": 0.013258292077577755
"p553": 0.005505785214163002
"p554": 0.001345398642558628
"p555": 0.0001279539967748066
"p556": 0.008636894782299445
"p557": 0.0025778966997277203
"p558": 0.00040079707813285006
"p559": 3.198849919370165E-05
"p560": 0.022284693879471098
"p561": 0.00800276982769489
"p562": 0.0015410929905671556
"p563": 0.0001298356731979655
"p564": 7.903040977267466E-05
"p565": 1.5053411385271363E-05
"p566": 0
