"p504": 0.00033117505047597
"p505": 5.833196911792654E-05
"p506": 0
"p507": 0
"p508": 5.456861627160869E-05
"p509": 5.645029269476761E-06
"p510": 0
"p511": 0
"p512": 2.4461793501065963E-05
"p513": 1.8816764231589204E-06
"p514": 0
"p515": 0
"p516": 0
"p517": 0
"p518": 0
"p519": 0
"p520": 0.0018289894833104705
"p521": 0.00044031228301918735
"p522": 4.892358700213193E-05
"p523": 0
"p524": 0.00017123255450746176
"p525": 2.2580117077907045E-05
"p526": 0
"p527": 0
"p528": 0.00017123255450746173
"p529": 2.6343469924224884E-05
"p530": 0
"p531": 0
"p532": 5.645029269476761E-06
"p533": 0
"p534": 0
"p535": 0
"p536": 0.0033418573275302427
"p537": 0.0009314298294636656
"p538": 0.00015241579027587256
"p539": 2.2580117077907045E-05
"p540": 0.0005381594570234513
"p541": 0.00012607232035164768
"p542": 1.3171734962112442E-05
"p543": 0
"p544": 3.7633528463178407E-06
"p545": 0
"p546": 0
"p547": 0
"p548": 0
"p549": 0
"p550": 0
"p551": 0
"p552": 0.0003970337252865322
"p553": 6.39769983874033E-05
"p554": 0
"p555": 0
"p556": 2.2580117077907042E-05
"p557": 0
"p558": 0
"p559": 0
"p560": 0.00013359902604428335
"p561": 2.6343469924224884E-05
"p562": 0
"p563": 0
"p564": 0
"p565": 0
"p566": 0
