"p504": 0.00010725555612005845
"p505": 5.645029269476761E-06
"p506": 0
"p507": 0
"p508": 0
"p509": 0
"p510": 0
"p511": 0
"p512": 0.0003180033155138575
"p513": 4.1396881309496255E-05
"p514": 3.7633528463178407E-06
"p515": 0
"p516": 0
"p517": 0
"p518": 0
"p519": 0
"p520": 0.0009878801221584331
"p521": 0.00023897290574118285
"p522": 2.0698440654748128E-05
"p523": 0
"p524": 0.00022768284720222934
"p525": 3.575185204001949E-05
"p526": 0
"p527": 0
"p528": 0
"p529": 0
"p530": 0
"p531": 0
"p532": 0
"p533": 0
"p534": 0
"p535": 0
"p536": 0.00010537387969689955
"p537": 1.8816764231589203E-05
"p538": 0
"p539": 0
"p540": 3.7633528463178407E-06
"p541": 0
"p542": 0
"p543": 0
"p544": 0.001014223592082658
"p545": 0.00022580117077907044
"p546": 2.8225146347383805E-05
"p547": 0
"p548": 7.33853805031979E-05
"p549": 5.645029269476761E-06
"p550": 0
"p551": 0
"p552": 0.009630419933727355
"p553": 0.003458521265766095
"p554": 0.000658586748105622
"p555": 3.575185204001948E-05
"p556": 0.002762300989197296
"p557": 0.0007206820700698665
"p558": 8.091208619583357E-05
"p559": 1.8816764231589204E-06
"p560": 0.00014300740816007793
"p561": 1.5053411385271365E-05
"p562": 0
"p563": 0
"p564": 0
"p565": 0
"p566": 0
