"p504": 1.6935087808430282E-05
"p505": 0
"p506": 0
"p507": 0
"p508": 0.000165587525237985
"p509": 3.387017561686057E-05
"p510": 3.7633528463178407E-06
"p511": 0
"p512": 0.0013096467905186085
"p513": 0.00040832378382548573
"p514": 7.33853805031979E-05
"p515": 1.1290058538953523E-05
"p516": 0.0012437881157080462
"p517": 0.0003838619903244198
"p518": 6.774035123372113E-05
"p519": 1.1290058538953523E-05
"p520": 0.0006962202765688005
"p521": 0.00017123255450746173
"p522": 7.5267056926356815E-06
"p523": 0
"p524": 0.0003669269025159895
"p525": 7.714873334951573E-05
"p526": 1.8816764231589204E-06
"p527": 0
"p528": 5.645029269476761E-06
"p529": 0
"p530": 0
"p531": 0
"p532": 8.279376261899248E-05
"p533": 3.7633528463178407E-06
"p534": 0
"p535": 0
"p536": 0
"p537": 0
"p538": 0
"p539": 0
"p540": 3.7633528463178407E-06
"p541": 3.7633528463178407E-06
"p542": 0
"p543": 0
"p544": 0.000427140548057075
"p545": 0.00010161052685058169
"p546": 1.317173496211244E-05
"p547": 0
"p548": 0.0005513311919855637
"p549": 0.00013736237889060116
"p550": 1.317173496211244E-05
"p551": 0
"p552": 8.655711546531033E-05
"p553": 5.645029269476761E-06
"p554": 0
"p555": 0
"p556": 2.8225146347383805E-05
"p557": 5.645029269476761E-06
"p558": 0
"p559": 0
"p560": 0.0013736237889060117
"p561": 0.00030294990412858624
"p562": 1.1290058538953523E-05
"p563": 0
"p564": 0.002141347769554851
"p565": 0.0005343961041771334
"p566": 3.387017561686057E-05
