"p504": 0
"p505": 0
"p506": 0
"p507": 0
"p508": 0
"p509": 0
"p510": 0
"p511": 0
"p512": 0.00899064994985332
"p513": 0.0038630816967452635
"p514": 0.00087121618392258
"p515": 8.27937626189925E-05
"p516": 5.456861627160869E-05
"p517": 5.645029269476761E-06
"p518": 0
"p519": 0
"p520": 0.005693952856478892
"p521": 0.0021206493289001034
"p522": 0.00036880857893914834
"p523": 2.4461793501065963E-05
"p524": 0.009028283478316499
"p525": 0.0030878310104037886
"p526": 0.0006341249546045561
"p527": 7.526705692635683E-05
"p528": 0.017189114125556737
"p529": 0.007682884835757872
"p530": 0.002103714241091673
"p531": 0.000306713256974904
"p532": 0.0007526705692635681
"p533": 0.000141125731736919
"p534": 5.645029269476761E-06
"p535": 0
"p536": 0.014884060507187062
"p537": 0.005421109775120848
"p538": 0.0010443304148532008
"p539": 7.526705692635681E-05
"p540": 0.021040905763763055
"p541": 0.008183410764318146
"p542": 0.0019136649223526223
"p543": 0.00025214464070329537
"p544": 0.004066302750446426
"p545": 0.001578726519030334
"p546": 0.0003217666683601754
"p547": 1.1290058538953523E-05
"p548": 0
"p549": 0
"p550": 0
"p551": 0
"p552": 0.0016295317824556246
"p553": 0.0005776746619097886
"p554": 8.467543904215141E-05
"p555": 1.8816764231589204E-06
"p556": 0.001774420867038862
"p557": 0.0005362777806002922
"p558": 0.00011854561465901199
"p559": 3.7633528463178407E-06
"p560": 0.010872326373012239
"p561": 0.003814158109743132
"p562": 0.00066235010095194
"p563": 4.139688130949625E-05
"p564": 7.150370408003898E-05
"p565": 1.6935087808430282E-05
"p566": 0
