"p504": 0.0017913559548472916
"p505": 0.0005927280732950598
"p506": 0.00011478226181269414
"p507": 1.3171734962112444E-05
"p508": 0.001714207221497776
"p509": 0.0006416516602971918
"p510": 0.00012607232035164766
"p511": 7.5267056926356815E-06
"p512": 0
"p513": 0
"p514": 0
"p515": 0
"p516": 0.00011478226181269415
"p517": 5.645029269476761E-06
"p518": 0
"p519": 0
"p520": 0.00026343469924224885
"p521": 6.021364554108546E-05
"p522": 5.645029269476761E-06
"p523": 0
"p524": 0.0016332951353019427
"p525": 0.00044972066513498195
"p526": 7.714873334951572E-05
"p527": 5.645029269476761E-06
"p528": 0.00010913723254321738
"p529": 5.645029269476761E-06
"p530": 0
"p531": 0
"p532": 0.0015448563434134737
"p533": 0.00038198031390126086
"p534": 2.6343469924224887E-05
"p535": 1.8816764231589204E-06
"p536": 0.0010179869449289758
"p537": 0.00022203781793275258
"p538": 1.8816764231589203E-05
"p539": 0
"p540": 0.003650452260928305
"p541": 0.0010330403563142472
"p542": 0.000141125731736919
"p543": 7.5267056926356815E-06
"p544": 0.0002615530228190899
"p545": 6.209532196424436E-05
"p546": 5.645029269476761E-06
"p547": 0
"p548": 0.0009558916229647316
"p549": 0.0002145111122401169
"p550": 1.8816764231589207E-05
"p551": 0
"p552": 0.002592950111112992
"p553": 0.0009728267107731618
"p554": 0.00018064093662325636
"p555": 3.7633528463178407E-05
"p556": 0.008126960471623378
"p557": 0.003023854012016385
"p558": 0.0006077814846803313
"p559": 7.150370408003896E-05
"p560": 0.001469589286487117
"p561": 0.0004516023415581409
"p562": 7.903040977267465E-05
"p563": 5.645029269476761E-06
"p564": 0.0032383651242565018
"p565": 0.000969063357926844
"p566": 0.00014488908458323686
