"p504": 7.5267056926356815E-06
"p505": 0
"p506": 0
"p507": 0
"p508": 3.387017561686057E-05
"p509": 0
"p510": 0
"p511": 0
"p512": 0.0007733690099183163
"p513": 0.000212629435816958
"p514": 2.0698440654748124E-05
"p515": 0
"p516": 0
"p517": 0
"p518": 0
"p519": 0
"p520": 0.00023520955289486504
"p521": 2.6343469924224887E-05
"p522": 0
"p523": 0
"p524": 0.00031988499193701646
"p525": 6.774035123372114E-05
"p526": 5.645029269476761E-06
"p527": 0
"p528": 0.0007583155985330448
"p529": 0.00016558752523798497
"p530": 2.2580117077907045E-05
"p531": 0
"p532": 1.1290058538953521E-05
"p533": 0
"p534": 0
"p535": 0
"p536": 0.0004102054602486447
"p537": 7.33853805031979E-05
"p538": 0
"p539": 0
"p540": 0.0004892358700213193
"p541": 0.00013736237889060116
"p542": 1.1290058538953523E-05
"p543": 0
"p544": 0.0032590635649112497
"p545": 0.0010894906490090152
"p546": 0.00018064093662325633
"p547": 7.5267056926356815E-06
"p548": 0
"p549": 0
"p550": 0
"p551": 0
"p552": 0.00404372263336852
"p553": 0.0010292770034679294
"p554": 0.00013171734962112442
"p555": 7.5267056926356815E-06
"p556": 0.0014507725222555274
"p557": 0.00028225146347383805
"p558": 2.258011707790704E-05
"p559": 0
"p560": 0.005007140962025888
"p561": 0.001763130808499908
"p562": 0.0003631635496696716
"p563": 4.139688130949624E-05
"p564": 2.069844065474812E-05
"p565": 0
"p566": 0
