"p504": 0
"p505": 0
"p506": 0
"p507": 0
"p508": 0
"p509": 0
"p510": 0
"p511": 0
"p512": 0.003330567268991289
"p513": 0.0012456697921312053
"p514": 0.0002483812878569775
"p515": 1.6935087808430282E-05
"p516": 0.003936467077248461
"p517": 0.001255078174247
"p518": 0.00022391949435591148
"p519": 3.0106822770542726E-05
"p520": 0.01444939325343735
"p521": 0.0056205674759756945
"p522": 0.0012814216441712244
"p523": 0.0001768775837769385
"p524": 0.023927397396888837
"p525": 0.010298415063948772
"p526": 0.002623056933883535
"p527": 0.000355636843977036
"p528": 0
"p529": 0
"p530": 0
"p531": 0
"p532": 0.0004741824586360479
"p533": 8.467543904215139E-05
"p534": 0
"p535": 0
"p536": 6.39769983874033E-05
"p537": 1.1290058538953523E-05
"p538": 0
"p539": 0
"p540": 0.0005645029269476761
"p541": 9.972885042742278E-05
"p542": 1.1290058538953523E-05
"p543": 0
"p544": 0.0010292770034679294
"p545": 0.000353755167553877
"p546": 5.080526342529086E-05
"p547": 0
"p548": 0.0014752343157565938
"p549": 0.000472300782212889
"p550": 0.00010725555612005847
"p551": 1.6935087808430282E-05
"p552": 0.007340419726742948
"p553": 0.0027246674607341163
"p554": 0.0006171898667961258
"p555": 7.52670569263568E-05
"p556": 0.015102334972273493
"p557": 0.0062810359005044765
"p558": 0.001473352639333435
"p559": 0.0001467707610063958
"p560": 0.0013096467905186083
"p561": 0.00038574366674757867
"p562": 4.516023415581409E-05
"p563": 0
"p564": 0.003196968242947006
"p565": 0.0010217502977752939
"p566": 0.00019004931873905096
