"p504": 1.8816764231589203E-05
"p505": 0
"p506": 0
"p507": 0
"p508": 4.139688130949625E-05
"p509": 0
"p510": 0
"p511": 0
"p512": 0
"p513": 0
"p514": 0
"p515": 0
"p516": 7.5267056926356815E-06
"p517": 0
"p518": 0
"p519": 0
"p520": 0.0004403122830191874
"p521": 9.032046831162818E-05
"p522": 5.645029269476761E-06
"p523": 0
"p524": 0.0008222925969204481
"p525": 0.00022015614150959367
"p526": 2.0698440654748124E-05
"p527": 0
"p528": 3.951520488633732E-05
"p529": 0
"p530": 0
"p531": 0
"p532": 0.00020886608297064014
"p533": 2.2580117077907045E-05
"p534": 0
"p535": 0
"p536": 0.0005852013676024242
"p537": 0.00011666393823585308
"p538": 1.1290058538953523E-05
"p539": 0
"p540": 0.0007846590684572697
"p541": 0.00017311423093062064
"p542": 2.2580117077907045E-05
"p543": 0
"p544": 0.0001994577008548455
"p545": 3.387017561686056E-05
"p546": 0
"p547": 0
"p548": 0.00017499590735377957
"p549": 2.82251463473838E-05
"p550": 0
"p551": 0
"p552": 0.004578118737545653
"p553": 0.0012230896750532983
"p554": 0.00015429746669903146
"p555": 7.5267056926356815E-06
"p556": 0.003509326529191386
"p557": 0.001123360824625876
"p558": 0.00018064093662325633
"p559": 7.5267056926356815E-06
"p560": 0.0009351931823099835
"p561": 0.00022203781793275258
"p562": 2.82251463473838E-05
"p563": 0
"p564": 0.0004271405480570749
"p565": 4.139688130949624E-05
"p566": 0
