"p504": 6.39769983874033E-05
"p505": 7.5267056926356815E-06
"p506": 0
"p507": 0
"p508": 0.00015053411385271363
"p509": 2.0698440654748124E-05
"p510": 0
"p511": 0
"p512": 0.0003876253431707376
"p513": 0.00010537387969689954
"p514": 1.1290058538953523E-05
"p515": 0
"p516": 3.7633528463178407E-06
"p517": 0
"p518": 0
"p519": 0
"p520": 0.0002051027301243223
"p521": 2.0698440654748124E-05
"p522": 0
"p523": 0
"p524": 0.0002615530228190899
"p525": 5.833196911792653E-05
"p526": 0
"p527": 0
"p528": 7.714873334951573E-05
"p529": 3.7633528463178407E-06
"p530": 0
"p531": 0
"p532": 0
"p533": 0
"p534": 0
"p535": 0
"p536": 3.7633528463178407E-06
"p537": 0
"p538": 0
"p539": 0
"p540": 0
"p541": 0
"p542": 0
"p543": 0
"p544": 0.0017066805158051407
"p545": 0.0005042892814065906
"p546": 8.091208619583358E-05
"p547": 1.1290058538953523E-05
"p548": 5.645029269476761E-06
"p549": 0
"p550": 0
"p551": 0
"p552": 0.002000222037817932
"p553": 0.0005061709578297496
"p554": 7.150370408003898E-05
"p555": 1.1290058538953523E-05
"p556": 0.0007188003936467076
"p557": 0.00015994249596850823
"p558": 1.3171734962112442E-05
"p559": 0
"p560": 0.0018101727190788818
"p561": 0.0003989154017096911
"p562": 1.8816764231589203E-05
"p563": 0
"p564": 0
"p565": 0
"p566": 0
