"p504": 2.8225146347383805E-05
"p505": 1.8816764231589204E-06
"p506": 0
"p507": 0
"p508": 8.655711546531032E-05
"p509": 1.8816764231589204E-06
"p510": 0
"p511": 0
"p512": 0.0026080035224982636
"p513": 0.0009841167693121155
"p514": 0.00019757602443168663
"p515": 1.3171734962112444E-05
"p516": 5.080526342529085E-05
"p517": 5.645029269476761E-06
"p518": 0
"p519": 0
"p520": 0.004181085012259122
"p521": 0.0013566887010975815
"p522": 0.0001862859658927331
"p523": 1.5053411385271365E-05
"p524": 0.0024047824687971
"p525": 0.0005645029269476761
"p526": 4.892358700213193E-05
"p527": 1.8816764231589204E-06
"p528": 0.00010725555612005847
"p529": 1.6935087808430282E-05
"p530": 0
"p531": 0
"p532": 2.2580117077907045E-05
"p533": 0
"p534": 0
"p535": 0
"p536": 5.645029269476761E-06
"p537": 0
"p538": 0
"p539": 0
"p540": 3.3870175616860565E-05
"p541": 5.645029269476761E-06
"p542": 0
"p543": 0
"p544": 0.0016314134588787839
"p545": 0.0007018653058382771
"p546": 0.00017311423093062064
"p547": 3.7633528463178407E-06
"p548": 1.8816764231589204E-06
"p549": 0
"p550": 0
"p551": 0
"p552": 0.001731142309306207
"p553": 0.0007451438635709324
"p554": 0.0001091372325432174
"p555": 3.7633528463178407E-06
"p556": 0.0007808957156109518
"p557": 0.00025402631712645424
"p558": 2.82251463473838E-05
"p559": 0
"p560": 0.0037219559650083457
"p561": 0.001275776614901748
"p562": 0.00016182417239166713
"p563": 5.645029269476761E-06
"p564": 3.7633528463178407E-06
"p565": 0
"p566": 0
