"p504": 0.0006435333367203507
"p505": 0.00016746920166114393
"p506": 2.2580117077907045E-05
"p507": 0
"p508": 0.0011402959124343053
"p509": 0.000353755167553877
"p510": 4.516023415581409E-05
"p511": 0
"p512": 0.0014545358751018454
"p513": 0.000568266279793994
"p514": 9.972885042742277E-05
"p515": 5.645029269476761E-06
"p516": 0.0025534349062266556
"p517": 0.0009239031237710301
"p518": 0.0001674692016611439
"p519": 7.5267056926356815E-06
"p520": 0.009594668081687335
"p521": 0.004194256747221233
"p522": 0.0009540099465415727
"p523": 7.338538050319788E-05
"p524": 0.015855005541537064
"p525": 0.007274561051932386
"p526": 0.001923073304468417
"p527": 0.00022956452362538827
"p528": 0
"p529": 0
"p530": 0
"p531": 0
"p532": 0.00033305672689912887
"p533": 5.080526342529086E-05
"p534": 0
"p535": 0
"p536": 5.645029269476761E-05
"p537": 5.645029269476761E-06
"p538": 0
"p539": 0
"p540": 0.0005870830440255832
"p541": 0.000118545614659012
"p542": 5.645029269476761E-06
"p543": 0
"p544": 0.00028036978705067917
"p545": 5.833196911792653E-05
"p546": 0
"p547": 0
"p548": 0.0009295481530405069
"p549": 0.00023709122931802397
"p550": 3.0106822770542726E-05
"p551": 0
"p552": 0.005261167279152342
"p553": 0.0019381267158536878
"p554": 0.0003330567268991289
"p555": 1.8816764231589203E-05
"p556": 0.011813164584591704
"p557": 0.004186730041528599
"p558": 0.0007921857741499055
"p559": 5.268693984844977E-05
"p560": 0.0006435333367203509
"p561": 0.00018064093662325636
"p562": 1.6935087808430286E-05
"p563": 0
"p564": 0.002103714241091673
"p565": 0.0006924569237224828
"p566": 0.00013736237889060116
