"p504": 9.408382115794602E-06
"p505": 1.8816764231589204E-06
"p506": 0
"p507": 0
"p508": 0.00012795399677480656
"p509": 2.8225146347383808E-05
"p510": 3.7633528463178407E-06
"p511": 0
"p512": 0.001014223592082658
"p513": 0.0002690797285117256
"p514": 3.0106822770542726E-05
"p515": 0
"p516": 0
"p517": 0
"p518": 0
"p519": 0
"p520": 0.0008712161839225801
"p521": 0.00017687758377693853
"p522": 1.8816764231589203E-05
"p523": 0
"p524": 0.00024461793501065964
"p525": 3.575185204001949E-05
"p526": 0
"p527": 0
"p528": 0.0015410929905671554
"p529": 0.0004854725171750014
"p530": 8.091208619583358E-05
"p531": 1.1290058538953523E-05
"p532": 9.408382115794602E-06
"p533": 0
"p534": 0
"p535": 0
"p536": 0.0018948481581210327
"p537": 0.0004929992228676371
"p538": 7.150370408003898E-05
"p539": 1.1290058538953523E-05
"p540": 0.0006755218359140525
"p541": 0.00015994249596850825
"p542": 1.3171734962112442E-05
"p543": 0
"p544": 0.00023709122931802392
"p545": 3.575185204001949E-05
"p546": 0
"p547": 0
"p548": 0
"p549": 0
"p550": 0
"p551": 0
"p552": 0.00016935087808430283
"p553": 3.010682277054273E-05
"p554": 0
"p555": 0
"p556": 3.198849919370165E-05
"p557": 1.8816764231589204E-06
"p558": 0
"p559": 0
"p560": 0.0014808793450260703
"p561": 0.0003800986374781019
"p562": 2.6343469924224884E-05
"p563": 0
"p564": 0
"p565": 0
"p566": 0
