"p504": 0.0007357354814551376
"p505": 0.0001674692016611439
"p506": 2.2580117077907045E-05
"p507": 0
"p508": 0.0012155629693606626
"p509": 0.0003970337252865322
"p510": 5.833196911792653E-05
"p511": 1.1290058538953523E-05
"p512": 0
"p513": 0
"p514": 0
"p515": 0
"p516": 0
"p517": 0
"p518": 0
"p519": 0
"p520": 0.00013736237889060116
"p521": 1.8816764231589203E-05
"p522": 0
"p523": 0
"p524": 0.0003838619903244197
"p525": 6.774035123372114E-05
"p526": 0
"p527": 0
"p528": 1.3171734962112444E-05
"p529": 0
"p530": 0
"p531": 0
"p532": 0.00010913723254321738
"p533": 1.5053411385271363E-05
"p534": 0
"p535": 0
"p536": 0.0002897781691664737
"p537": 4.516023415581409E-05
"p538": 0
"p539": 0
"p540": 0.0004911175464444782
"p541": 0.00010913723254321737
"p542": 1.1290058538953523E-05
"p543": 0
"p544": 2.4461793501065963E-05
"p545": 1.8816764231589204E-06
"p546": 0
"p547": 0
"p548": 2.8225146347383805E-05
"p549": 1.8816764231589204E-06
"p550": 0
"p551": 0
"p552": 0.0011064257368174452
"p553": 0.00023332787647170608
"p554": 1.8816764231589203E-05
"p555": 0
"p556": 0.001160994353089054
"p557": 0.0002897781691664737
"p558": 3.0106822770542726E-05
"p559": 0
"p560": 0.0001749959073537796
"p561": 2.4461793501065963E-05
"p562": 1.8816764231589204E-06
"p563": 0
"p564": 0.00016182417239166713
"p565": 2.6343469924224884E-05
"p566": 0
