"p504": 0.0009483649172720959
"p505": 0.00028789649274331484
"p506": 3.0106822770542726E-05
"p507": 0
"p508": 0.002540263171264542
"p509": 0.0008712161839225801
"p510": 0.00013548070246744226
"p511": 0
"p512": 1.3171734962112444E-05
"p513": 1.8816764231589204E-06
"p514": 0
"p515": 0
"p516": 7.903040977267466E-05
"p517": 1.5053411385271363E-05
"p518": 1.8816764231589204E-06
"p519": 0
"p520": 0
"p521": 0
"p522": 0
"p523": 0
"p524": 7.5267056926356815E-06
"p525": 0
"p526": 0
"p527": 0
"p528": 0.00013359902604428333
"p529": 1.8816764231589203E-05
"p530": 0
"p531": 0
"p532": 0.00040456043097916787
"p533": 8.091208619583358E-05
"p534": 5.645029269476761E-06
"p535": 0
"p536": 2.0698440654748124E-05
"p537": 5.645029269476761E-06
"p538": 0
"p539": 0
"p540": 0.00012795399677480656
"p541": 3.575185204001949E-05
"p542": 0
"p543": 0
"p544": 0.0002615530228190899
"p545": 6.209532196424436E-05
"p546": 5.645029269476761E-06
"p547": 0
"p548": 0.0004045604309791678
"p549": 0.0001016105268505817
"p550": 9.408382115794602E-06
"p551": 0
"p552": 3.575185204001949E-05
"p553": 3.7633528463178407E-06
"p554": 0
"p555": 0
"p556": 3.198849919370165E-05
"p557": 5.645029269476761E-06
"p558": 0
"p559": 0
"p560": 0.0013491619954049457
"p561": 0.00040832378382548573
"p562": 5.080526342529085E-05
"p563": 0
"p564": 0.00174243236784516
"p565": 0.0005268693984844977
"p566": 7.338538050319788E-05
