"p504": 0
"p505": 0
"p506": 0
"p507": 0
"p508": 0
"p509": 0
"p510": 0
"p511": 0
"p512": 0.0024348892915676433
"p513": 0.0008542810961141498
"p514": 0.0001505341138527136
"p515": 1.1290058538953523E-05
"p516": 0
"p517": 0
"p518": 0
"p519": 0
"p520": 0.0003932703724402144
"p521": 6.39769983874033E-05
"p522": 0
"p523": 0
"p524": 0.0007978308034193823
"p525": 0.00019381267158536883
"p526": 2.2580117077907045E-05
"p527": 0
"p528": 0.004786984820516294
"p529": 0.001531684608451361
"p530": 0.00026719805208856665
"p531": 1.5053411385271363E-05
"p532": 0.00034999181470755914
"p533": 6.774035123372113E-05
"p534": 0
"p535": 0
"p536": 0.001448890845832369
"p537": 0.00035940019682335374
"p538": 4.327855773265517E-05
"p539": 0
"p540": 0.003417124384456599
"p541": 0.0010800822668932204
"p542": 0.00019569434800852773
"p543": 2.6343469924224887E-05
"p544": 0.011083074132406041
"p545": 0.004694782675781506
"p546": 0.0010368037091605651
"p547": 8.46754390421514E-05
"p548": 5.456861627160869E-05
"p549": 5.645029269476761E-06
"p550": 0
"p551": 0
"p552": 0.006856828885991104
"p553": 0.0025101563484939996
"p554": 0.0004158504895181214
"p555": 2.4461793501065963E-05
"p556": 0.010170461067173965
"p557": 0.0033776091795702625
"p558": 0.0006924569237224828
"p559": 7.714873334951573E-05
"p560": 0.021865080037106657
"p561": 0.009653000050805261
"p562": 0.0025063929956476824
"p563": 0.00033682007974544673
"p564": 0.0005720296326403118
"p565": 0.00010725555612005847
"p566": 5.645029269476761E-06
