"p504": 0.0008994413302699639
"p505": 0.000259671346395931
"p506": 2.6343469924224887E-05
"p507": 0
"p508": 0.0001129005853895352
"p509": 5.080526342529084E-05
"p510": 3.0106822770542726E-05
"p511": 0
"p512": 0.001066910531931108
"p513": 0.00027660643420436126
"p514": 3.0106822770542726E-05
"p515": 0
"p516": 2.8225146347383808E-05
"p517": 0
"p518": 0
"p519": 0
"p520": 0.01444939325343735
"p521": 0.005620567475975696
"p522": 0.0012814216441712246
"p523": 0.0001768775837769385
"p524": 0.0038612000203221038
"p525": 0.0012626048799396355
"p526": 0.00023332787647170616
"p527": 1.3171734962112444E-05
"p528": 0.0028526214575089236
"p529": 0.0009822350928889566
"p530": 0.00017311423093062066
"p531": 7.5267056926356815E-06
"p532": 0.00027848811062752024
"p533": 7.714873334951573E-05
"p534": 5.645029269476761E-06
"p535": 0
"p536": 0.024211530536785836
"p537": 0.01090055151935963
"p538": 0.0028112245761994278
"p539": 0.00032176666836017544
"p540": 0.007135316996618627
"p541": 0.0029354152201279153
"p542": 0.0006228348960656026
"p543": 3.198849919370165E-05
"p544": 0.00019945770085484557
"p545": 4.516023415581409E-05
"p546": 1.1290058538953523E-05
"p547": 0
"p548": 0
"p549": 0
"p550": 0
"p551": 0
"p552": 0.007108973526694402
"p553": 0.002227904885020162
"p554": 0.00031235828624438073
"p555": 1.5053411385271363E-05
"p556": 0.0012720132620554305
"p557": 0.00035751852040019486
"p558": 2.069844065474812E-05
"p559": 0
"p560": 0.0016050699889545589
"p561": 0.0005513311919855636
"p562": 0.00011478226181269414
"p563": 1.3171734962112444E-05
"p564": 0
"p565": 0
"p566": 0
