"p504": 1.6935087808430282E-05
"p505": 0
"p506": 0
"p507": 0
"p508": 8.843879188846926E-05
"p509": 1.1290058538953523E-05
"p510": 0
"p511": 0
"p512": 0.00026719805208856665
"p513": 4.516023415581409E-05
"p514": 0
"p515": 0
"p516": 0.00040644210740232686
"p517": 0.00010537387969689954
"p518": 1.1290058538953523E-05
"p519": 0
"p520": 3.9515204886337324E-05
"p521": 9.408382115794602E-06
"p522": 0
"p523": 0
"p524": 0.00015429746669903143
"p525": 3.575185204001949E-05
"p526": 0
"p527": 0
"p528": 3.7633528463178407E-06
"p529": 0
"p530": 0
"p531": 0
"p532": 7.714873334951573E-05
"p533": 3.7633528463178407E-06
"p534": 0
"p535": 0
"p536": 0
"p537": 0
"p538": 0
"p539": 0
"p540": 0
"p541": 0
"p542": 0
"p543": 0
"p544": 0.0016652836344956444
"p545": 0.0004929992228676371
"p546": 8.655711546531033E-05
"p547": 1.1290058538953523E-05
"p548": 0.001695390457266187
"p549": 0.0005042892814065906
"p550": 8.091208619583358E-05
"p551": 1.1290058538953523E-05
"p552": 0.0007733690099183163
"p553": 0.00017499590735377957
"p554": 7.5267056926356815E-06
"p555": 0
"p556": 0.00037633528463178407
"p557": 8.091208619583358E-05
"p558": 1.8816764231589204E-06
"p559": 0
"p560": 0.0010631471790847901
"p561": 0.0002145111122401169
"p562": 7.5267056926356815E-06
"p563": 0
"p564": 0.0018854397760052384
"p565": 0.00041020546024864466
"p566": 1.8816764231589203E-05
