"p504": 0
"p505": 0
"p506": 0
"p507": 0
"p508": 0
"p509": 0
"p510": 0
"p511": 0
"p512": 3.198849919370164E-05
"p513": 0
"p514": 0
"p515": 0
"p516": 0.00019757602443168663
"p517": 2.2580117077907045E-05
"p518": 0
"p519": 0
"p520": 0.0005720296326403118
"p521": 0.00011666393823585308
"p522": 1.1290058538953523E-05
"p523": 0
"p524": 0.0006096631611034902
"p525": 0.00015429746669903146
"p526": 2.2580117077907045E-05
"p527": 0
"p528": 0
"p529": 0
"p530": 0
"p531": 0
"p532": 0
"p533": 0
"p534": 0
"p535": 0
"p536": 1.3171734962112444E-05
"p537": 0
"p538": 0
"p539": 0
"p540": 0.0001749959073537796
"p541": 1.8816764231589203E-05
"p542": 0
"p543": 0
"p544": 0.001014223592082658
"p545": 0.00022580117077907038
"p546": 2.82251463473838E-05
"p547": 0
"p548": 0.000519342692791862
"p549": 4.7041910578972995E-05
"p550": 0
"p551": 0
"p552": 0.007351709785281902
"p553": 0.0021469927988243278
"p554": 0.000351873491130718
"p555": 4.139688130949624E-05
"p556": 0.005387239599503989
"p557": 0.0016803370458809159
"p558": 0.00029730487485910944
"p559": 4.139688130949624E-05
"p560": 0.00010725555612005844
"p561": 2.258011707790704E-05
"p562": 0
"p563": 0
"p564": 0.00010161052685058169
"p565": 2.258011707790704E-05
"p566": 0
