"p504": 0.0005870830440255832
"p505": 0.00015241579027587256
"p506": 1.1290058538953523E-05
"p507": 0
"p508": 9.032046831162817E-05
"p509": 1.3171734962112444E-05
"p510": 0
"p511": 0
"p512": 0.00010537387969689954
"p513": 1.5053411385271363E-05
"p514": 0
"p515": 0
"p516": 0
"p517": 0
"p518": 0
"p519": 0
"p520": 0.0005720296326403118
"p521": 0.00011666393823585307
"p522": 1.1290058538953523E-05
"p523": 0
"p524": 0.00013171734962112442
"p525": 2.2580117077907045E-05
"p526": 0
"p527": 0
"p528": 0
"p529": 0
"p530": 0
"p531": 0
"p532": 0
"p533": 0
"p534": 0
"p535": 0
"p536": 8.091208619583359E-05
"p537": 3.7633528463178407E-06
"p538": 0
"p539": 0
"p540": 0
"p541": 0
"p542": 0
"p543": 0
"p544": 0.0001749959073537796
"p545": 2.8225146347383805E-05
"p546": 0
"p547": 0
"p548": 5.645029269476761E-06
"p549": 0
"p550": 0
"p551": 0
"p552": 0.003612818732465127
"p553": 0.0009634183286573671
"p554": 0.00015241579027587256
"p555": 2.2580117077907045E-05
"p556": 0.0005757929854866297
"p557": 0.0001279539967748066
"p558": 1.3171734962112442E-05
"p559": 0
"p560": 1.8816764231589203E-05
"p561": 0
"p562": 0
"p563": 0
"p564": 0
"p565": 0
"p566": 0
