"p504": 1.8816764231589203E-05
"p505": 0
"p506": 0
"p507": 0
"p508": 4.139688130949625E-05
"p509": 0
"p510": 0
"p511": 0
"p512": 3.9515204886337324E-05
"p513": 1.6935087808430282E-05
"p514": 0
"p515": 0
"p516": 0.000284133139896997
"p517": 5.456861627160869E-05
"p518": 0
"p519": 0
"p520": 0.0020924241825527197
"p521": 0.0006341249546045562
"p522": 9.972885042742277E-05
"p523": 0
"p524": 0.005889647204487422
"p525": 0.0020585540069358588
"p526": 0.0003669269025159894
"p527": 2.8225146347383808E-05
"p528": 0.0003424651090149235
"p529": 4.8923587002131926E-05
"p530": 0
"p531": 0
"p532": 0.002481931202146616
"p533": 0.0005419228098697691
"p534": 6.39769983874033E-05
"p535": 3.76335284631784E-06
"p536": 0.0027924078119678374
"p537": 0.0007489072164172503
"p538": 0.00012607232035164768
"p539": 2.2580117077907045E-05
"p540": 0.006388291456624536
"p541": 0.002054790654089541
"p542": 0.00039327037244021434
"p543": 3.7633528463178407E-05
"p544": 0.0013924405531376015
"p545": 0.0004327855773265517
"p546": 6.585867481056221E-05
"p547": 0
"p548": 0.001723615603613571
"p549": 0.0005042892814065907
"p550": 8.091208619583358E-05
"p551": 1.1290058538953523E-05
"p552": 0.01790038781351081
"p553": 0.00676274506483316
"p554": 0.0014357191108702563
"p555": 0.000165587525237985
"p556": 0.025485425475264428
"p557": 0.010034980364706524
"p558": 0.0022486033256749103
"p559": 0.0002333278764717061
"p560": 0.0035657768218861543
"p561": 0.001531684608451361
"p562": 0.000353755167553877
"p563": 1.6935087808430282E-05
"p564": 0.0031217011860206487
"p565": 0.001159112676665895
"p566": 0.0002408545821643418
