"p504": 6.021364554108545E-05
"p505": 1.6935087808430286E-05
"p506": 0
"p507": 0
"p508": 0.0002935415220127916
"p509": 6.209532196424438E-05
"p510": 0
"p511": 0
"p512": 8.467543904215141E-05
"p513": 1.5053411385271363E-05
"p514": 1.8816764231589204E-06
"p515": 0
"p516": 0.0003085949333980629
"p517": 8.27937626189925E-05
"p518": 1.1290058538953523E-05
"p519": 0
"p520": 2.2580117077907045E-05
"p521": 5.645029269476761E-06
"p522": 0
"p523": 0
"p524": 8.467543904215141E-05
"p525": 1.1290058538953523E-05
"p526": 0
"p527": 0
"p528": 0.0004233771952107572
"p529": 6.774035123372113E-05
"p530": 0
"p531": 0
"p532": 0.000916376418078394
"p533": 0.0002276828472022294
"p534": 2.0698440654748128E-05
"p535": 0
"p536": 0.00010913723254321738
"p537": 4.139688130949624E-05
"p538": 5.645029269476761E-06
"p539": 0
"p540": 0.000378216961054943
"p541": 9.972885042742276E-05
"p542": 9.408382115794602E-06
"p543": 0
"p544": 0.001529802932028202
"p545": 0.00045724737082761767
"p546": 7.903040977267465E-05
"p547": 5.645029269476761E-06
"p548": 0.0017574857792304315
"p549": 0.0006322432781813972
"p550": 9.972885042742277E-05
"p551": 5.645029269476761E-06
"p552": 0.0008411093611520372
"p553": 0.00015241579027587253
"p554": 1.3171734962112442E-05
"p555": 0
"p556": 0.0007564339221098859
"p557": 9.97288504274228E-05
"p558": 1.5053411385271363E-05
"p559": 0
"p560": 0.004666557529434123
"p561": 0.0016746920166114392
"p562": 0.0003029499041285862
"p563": 1.6935087808430282E-05
"p564": 0.004792629849785771
"p565": 0.001964470185777913
"p566": 0.0003970337252865322
