"p504": 0.0001599424959685082
"p505": 2.8225146347383808E-05
"p506": 0
"p507": 0
"p508": 0.000519342692791862
"p509": 0.0001279539967748066
"p510": 5.645029269476761E-06
"p511": 0
"p512": 0.00029165984558963265
"p513": 8.27937626189925E-05
"p514": 1.1290058538953523E-05
"p515": 0
"p516": 0
"p517": 0
"p518": 0
"p519": 0
"p520": 5.833196911792652E-05
"p521": 5.645029269476761E-06
"p522": 0
"p523": 0
"p524": 0.00012983567319796552
"p525": 1.8816764231589203E-05
"p526": 0
"p527": 0
"p528": 0.0008712161839225799
"p529": 0.00022391949435591154
"p530": 2.0698440654748128E-05
"p531": 0
"p532": 5.080526342529084E-05
"p533": 0
"p534": 0
"p535": 0
"p536": 0.00033117505047597004
"p537": 7.338538050319788E-05
"p538": 5.645029269476761E-06
"p539": 0
"p540": 0.0005306327513308156
"p541": 0.00013359902604428333
"p542": 9.408382115794602E-06
"p543": 0
"p544": 0.0017574857792304315
"p545": 0.0006322432781813972
"p546": 9.972885042742277E-05
"p547": 5.645029269476761E-06
"p548": 5.645029269476761E-06
"p549": 0
"p550": 0
"p551": 0
"p552": 0.0017744208670388618
"p553": 0.000472300782212889
"p554": 7.714873334951573E-05
"p555": 5.645029269476761E-06
"p556": 0.0010462120912763594
"p557": 0.0001580608195453493
"p558": 1.5053411385271363E-05
"p559": 0
"p560": 0.004901767082328988
"p561": 0.0019682335386242305
"p562": 0.0003970337252865322
"p563": 1.6935087808430282E-05
"p564": 5.080526342529085E-05
"p565": 5.645029269476761E-06
"p566": 0
