"p504": 8.843879188846925E-05
"p505": 3.010682277054273E-05
"p506": 3.7633528463178407E-06
"p507": 3.7633528463178407E-06
"p508": 0.00013736237889060116
"p509": 4.3278557732655166E-05
"p510": 7.5267056926356815E-06
"p511": 1.8816764231589204E-06
"p512": 0.0051125148417227855
"p513": 0.0020529089776663823
"p514": 0.00046101072367393553
"p515": 5.64502926947676E-05
"p516": 0.011269360098298776
"p517": 0.0046477407652025324
"p518": 0.001110189089663763
"p519": 0.00014865243742955472
"p520": 0.0017988826605399278
"p521": 0.0005607395741013581
"p522": 9.596549758110493E-05
"p523": 1.8816764231589204E-06
"p524": 0.006442860072896143
"p525": 0.002305053618369677
"p526": 0.00041020546024864466
"p527": 2.8225146347383808E-05
"p528": 3.198849919370165E-05
"p529": 5.645029269476761E-06
"p530": 0
"p531": 0
"p532": 0.000496762575713955
"p533": 8.655711546531035E-05
"p534": 5.645029269476761E-06
"p535": 0
"p536": 0
"p537": 0
"p538": 0
"p539": 0
"p540": 9.220214473478709E-05
"p541": 2.2580117077907045E-05
"p542": 0
"p543": 0
"p544": 0.0018816764231589201
"p545": 0.0006981019529919592
"p546": 0.0001561791431221904
"p547": 1.5053411385271365E-05
"p548": 0.006307379370428702
"p549": 0.0022523666785212275
"p550": 0.0004929992228676371
"p551": 4.327855773265516E-05
"p552": 0.0005475678391392458
"p553": 0.00018064093662325636
"p554": 3.198849919370165E-05
"p555": 1.8816764231589204E-06
"p556": 0.0015580280783755861
"p557": 0.00047606413505920677
"p558": 6.39769983874033E-05
"p559": 1.8816764231589204E-06
"p560": 0.003452876236496618
"p561": 0.0011083074132406043
"p562": 0.0001862859658927331
"p563": 3.3870175616860565E-05
"p564": 0.011579836708119998
"p565": 0.004058776044753791
"p566": 0.0007790140391877932
