"p504": 5.2686939848449775E-05
"p505": 7.5267056926356815E-06
"p506": 0
"p507": 0
"p508": 0.0003274116976296521
"p509": 5.645029269476761E-05
"p510": 0
"p511": 0
"p512": 2.4461793501065963E-05
"p513": 1.8816764231589204E-06
"p514": 0
"p515": 0
"p516": 2.4461793501065963E-05
"p517": 1.8816764231589204E-06
"p518": 0
"p519": 0
"p520": 0.0010010518571205455
"p521": 0.0002220378179327526
"p522": 1.8816764231589203E-05
"p523": 0
"p524": 0.0010386853855837241
"p525": 0.0002709614049348845
"p526": 3.0106822770542726E-05
"p527": 0
"p528": 0.0001749959073537796
"p529": 2.4461793501065963E-05
"p530": 1.8816764231589204E-06
"p531": 0
"p532": 0.00017123255450746173
"p533": 2.6343469924224884E-05
"p534": 0
"p535": 0
"p536": 0.002066080712628494
"p537": 0.0005833196911792653
"p538": 9.22021447347871E-05
"p539": 1.1290058538953523E-05
"p540": 0.0017349056621525243
"p541": 0.0005325144277539745
"p542": 8.27937626189925E-05
"p543": 1.1290058538953523E-05
"p544": 0
"p545": 0
"p546": 0
"p547": 0
"p548": 3.7633528463178407E-06
"p549": 0
"p550": 0
"p551": 0
"p552": 0.00018252261304641527
"p553": 2.8225146347383808E-05
"p554": 0
"p555": 0
"p556": 0.00023709122931802392
"p557": 3.575185204001949E-05
"p558": 0
"p559": 0
"p560": 3.0106822770542726E-05
"p561": 0
"p562": 0
"p563": 0
"p564": 0.00013359902604428335
"p565": 2.6343469924224884E-05
"p566": 0
