"p504": 0
"p505": 0
"p506": 0
"p507": 0
"p508": 0
"p509": 0
"p510": 0
"p511": 0
"p512": 0.0005306327513308156
"p513": 0.00011290058538953525
"p514": 1.1290058538953523E-05
"p515": 0
"p516": 0.0006021364554108545
"p517": 0.0001467707610063958
"p518": 2.2580117077907045E-05
"p519": 0
"p520": 9.220214473478709E-05
"p521": 3.575185204001949E-05
"p522": 0
"p523": 0
"p524": 0.0002615530228190899
"p525": 7.338538050319788E-05
"p526": 0
"p527": 0
"p528": 1.3171734962112444E-05
"p529": 0
"p530": 0
"p531": 0
"p532": 0.0001749959073537796
"p533": 1.8816764231589203E-05
"p534": 0
"p535": 0
"p536": 0
"p537": 0
"p538": 0
"p539": 0
"p540": 0
"p541": 0
"p542": 0
"p543": 0
"p544": 0.004929992228676371
"p545": 0.0015448563434134733
"p546": 0.00029354152201279153
"p547": 4.139688130949624E-05
"p548": 0.004079474485408539
"p549": 0.001364215406790217
"p550": 0.0002690797285117256
"p551": 4.139688130949624E-05
"p552": 0.0031649797437533047
"p553": 0.0008730978603457389
"p554": 8.655711546531033E-05
"p555": 0
"p556": 0.0016257684296093066
"p557": 0.0003499918147075592
"p558": 2.82251463473838E-05
"p559": 0
"p560": 0.00407759280898538
"p561": 0.0011854561465901197
"p562": 0.00018440428946957417
"p563": 7.5267056926356815E-06
"p564": 0.0049544540221774375
"p565": 0.0016427035174177375
"p566": 0.0002973048748591094
