"p504": 6.774035123372114E-05
"p505": 0
"p506": 0
"p507": 0
"p508": 0.00013548070246744223
"p509": 5.645029269476761E-06
"p510": 0
"p511": 0
"p512": 0.0011948645287059142
"p513": 0.00028977816916647367
"p514": 2.2580117077907045E-05
"p515": 1.8816764231589204E-06
"p516": 0.000666113453798258
"p517": 0.00014488908458323686
"p518": 1.5053411385271363E-05
"p519": 0
"p520": 0.004124634719564354
"p521": 0.0012870666734407013
"p522": 0.00019004931873905094
"p523": 1.3171734962112444E-05
"p524": 0.003885661813823171
"p525": 0.0013322269075965152
"p526": 0.00023144620004854715
"p527": 1.5053411385271365E-05
"p528": 0
"p529": 0
"p530": 0
"p531": 0
"p532": 7.338538050319791E-05
"p533": 0
"p534": 0
"p535": 0
"p536": 9.408382115794602E-06
"p537": 0
"p538": 0
"p539": 0
"p540": 0.00010725555612005847
"p541": 1.6935087808430282E-05
"p542": 0
"p543": 0
"p544": 0.0003650452260928305
"p545": 7.903040977267465E-05
"p546": 1.8816764231589204E-06
"p547": 0
"p548": 0.0003029499041285862
"p549": 8.091208619583358E-05
"p550": 1.3171734962112442E-05
"p551": 0
"p552": 0.0020002220378179322
"p553": 0.0007677239806488394
"p554": 0.00013359902604428333
"p555": 3.7633528463178407E-06
"p556": 0.0022504850020980687
"p557": 0.0008542810961141498
"p558": 0.00018628596589273307
"p559": 3.7633528463178407E-06
"p560": 0.0002878964927433148
"p561": 3.387017561686057E-05
"p562": 0
"p563": 0
"p564": 0.0005381594570234512
"p565": 0.00017311423093062066
"p566": 2.2580117077907045E-05
