"p504": 0
"p505": 0
"p506": 0
"p507": 0
"p508": 0
"p509": 0
"p510": 0
"p511": 0
"p512": 0.0025082746720708404
"p513": 0.0008843879188846927
"p514": 0.00016182417239166713
"p515": 7.5267056926356815E-06
"p516": 0
"p517": 0
"p518": 0
"p519": 0
"p520": 0.0034735746771513668
"p521": 0.0009088497123857585
"p522": 0.0001204272910821709
"p523": 7.5267056926356815E-06
"p524": 0.001273894938478589
"p525": 0.00025402631712645424
"p526": 2.258011707790704E-05
"p527": 0
"p528": 0.0030276173648627024
"p529": 0.0011252425010490343
"p530": 0.00025402631712645424
"p531": 4.139688130949624E-05
"p532": 2.4461793501065963E-05
"p533": 0
"p534": 0
"p535": 0
"p536": 0.005934807438643236
"p537": 0.0018722680410431258
"p538": 0.0003274116976296521
"p539": 4.139688130949624E-05
"p540": 0.0019230733044684166
"p541": 0.0004967625757139549
"p542": 3.9515204886337324E-05
"p543": 0
"p544": 0.0011252425010490341
"p545": 0.0002991865512822683
"p546": 3.0106822770542726E-05
"p547": 0
"p548": 0
"p549": 0
"p550": 0
"p551": 0
"p552": 0.0008429910375751962
"p553": 0.00021074775939379907
"p554": 2.2580117077907045E-05
"p555": 0
"p556": 0.00032553002120649314
"p557": 6.209532196424438E-05
"p558": 0
"p559": 0
"p560": 0.003420887737302917
"p561": 0.0010687922083542668
"p562": 0.00014677076100639576
"p563": 0
"p564": 0
"p565": 0
"p566": 0
