"p504": 4.7041910578973015E-05
"p505": 1.8816764231589204E-06
"p506": 0
"p507": 0
"p508": 0.0002596713463959311
"p509": 4.892358700213193E-05
"p510": 3.7633528463178407E-06
"p511": 0
"p512": 0.0012550781742469998
"p513": 0.0003838619903244198
"p514": 6.774035123372113E-05
"p515": 1.1290058538953523E-05
"p516": 5.645029269476761E-06
"p517": 0
"p518": 0
"p519": 0
"p520": 0.0016031883125314
"p521": 0.0004177321659412803
"p522": 5.833196911792653E-05
"p523": 1.1290058538953523E-05
"p524": 0.0006585867481056221
"p525": 0.0001561791431221904
"p526": 1.3171734962112442E-05
"p527": 0
"p528": 7.903040977267465E-05
"p529": 3.7633528463178407E-06
"p530": 0
"p531": 0
"p532": 3.7633528463178407E-06
"p533": 0
"p534": 0
"p535": 0
"p536": 5.645029269476761E-06
"p537": 0
"p538": 0
"p539": 0
"p540": 3.7633528463178407E-06
"p541": 3.7633528463178407E-06
"p542": 0
"p543": 0
"p544": 0.0005513311919855637
"p545": 0.00013736237889060116
"p546": 1.317173496211244E-05
"p547": 0
"p548": 0
"p549": 0
"p550": 0
"p551": 0
"p552": 0.00047982748790552474
"p553": 0.00010725555612005844
"p554": 1.317173496211244E-05
"p555": 0
"p556": 7.714873334951573E-05
"p557": 5.645029269476761E-06
"p558": 0
"p559": 0
"p560": 0.0021469927988243278
"p561": 0.0005343961041771334
"p562": 3.387017561686057E-05
"p563": 0
"p564": 0
"p565": 0
"p566": 0
