"p504": 0
"p505": 0
"p506": 0
"p507": 0
"p508": 0
"p509": 0
"p510": 0
"p511": 0
"p512": 0.005646910945899919
"p513": 0.00226553841348334
"p514": 0.0005136976635223852
"p515": 6.962202765688006E-05
"p516": 0.011177157953563985
"p517": 0.00482838170182579
"p518": 0.0010725555612005845
"p519": 9.408382115794602E-05
"p520": 0.002402900792373941
"p521": 0.000799712479842541
"p522": 0.0001204272910821709
"p523": 1.317173496211244E-05
"p524": 0.005923517380104281
"p525": 0.0019099015695063044
"p526": 0.0003180033155138576
"p527": 2.2580117077907045E-05
"p528": 0.013132219757226107
"p529": 0.005592342329628311
"p530": 0.0014169023466386668
"p531": 0.00020886608297064014
"p532": 0.021366435784969544
"p533": 0.009509992642645187
"p534": 0.002559079935496132
"p535": 0.00035940019682335385
"p536": 0.007536114074751476
"p537": 0.0025233280834561123
"p538": 0.0003669269025159894
"p539": 1.505341138527136E-05
"p540": 0.014812556803107028
"p541": 0.005428636480813486
"p542": 0.0010085785628131817
"p543": 7.338538050319788E-05
"p544": 0.0017029171629588226
"p545": 0.0006040181318340135
"p546": 0.0001204272910821709
"p547": 1.8816764231589204E-06
"p548": 0.005072999636836449
"p549": 0.001943771745123165
"p550": 0.00037821696105494305
"p551": 1.1290058538953523E-05
"p552": 0.0004083237838254857
"p553": 0.00011854561465901196
"p554": 1.8816764231589203E-05
"p555": 1.8816764231589204E-06
"p556": 0.0008825062424615338
"p557": 0.00021262943581695803
"p558": 2.8225146347383805E-05
"p559": 1.8816764231589204E-06
"p560": 0.004036195927675884
"p561": 0.0011760477644743254
"p562": 0.0001542974666990315
"p563": 5.645029269476761E-06
"p564": 0.011976870433406528
"p565": 0.004147214836642261
"p566": 0.0007037469822614362
