"p504": 0.00024838128785697745
"p505": 9.408382115794602E-05
"p506": 2.2580117077907045E-05
"p507": 0
"p508": 0.0004760641350592068
"p509": 0.00015241579027587253
"p510": 2.8225146347383808E-05
"p511": 0
"p512": 0.00024838128785697745
"p513": 6.209532196424436E-05
"p514": 5.645029269476761E-06
"p515": 0
"p516": 0.0008825062424615338
"p517": 0.00020886608297064017
"p518": 1.8816764231589207E-05
"p519": 0
"p520": 0.0023426871468328558
"p521": 0.0008862695953078514
"p522": 0.00017123255450746176
"p523": 3.575185204001948E-05
"p524": 0.007050641557576474
"p525": 0.0027002056672330503
"p526": 0.0005626212505245172
"p527": 6.962202765688005E-05
"p528": 0.0014639442572176404
"p529": 0.0004516023415581409
"p530": 7.903040977267465E-05
"p531": 5.645029269476761E-06
"p532": 0.003464166295035572
"p533": 0.0010085785628131813
"p534": 0.00014488908458323686
"p535": 7.5267056926356815E-06
"p536": 0.007394988343014558
"p537": 0.002878964927433149
"p538": 0.0006303616017582384
"p539": 7.150370408003898E-05
"p540": 0.01698401139543242
"p541": 0.00709392011530913
"p542": 0.0016765736930345982
"p543": 0.00020510273012432233
"p544": 3.0106822770542726E-05
"p545": 5.645029269476761E-06
"p546": 0
"p547": 0
"p548": 0.00015241579027587256
"p549": 2.2580117077907045E-05
"p550": 5.645029269476761E-06
"p551": 0
"p552": 0.00042902222448023387
"p553": 0.00014112573173691902
"p554": 2.6343469924224887E-05
"p555": 1.8816764231589204E-06
"p556": 0.0022900002069844057
"p557": 0.0006943386001456417
"p558": 0.0001110189089663763
"p559": 1.8816764231589204E-06
"p560": 0.00030106822770542725
"p561": 9.596549758110495E-05
"p562": 1.6935087808430286E-05
"p563": 0
"p564": 0.001537329637720838
"p565": 0.0004835908407518425
"p566": 8.467543904215141E-05
