"p504": 0.0002145111122401169
"p505": 6.021364554108546E-05
"p506": 3.7633528463178407E-06
"p507": 3.7633528463178407E-06
"p508": 0.000259671346395931
"p509": 8.467543904215141E-05
"p510": 3.3870175616860565E-05
"p511": 1.8816764231589204E-06
"p512": 0.009007585037661754
"p513": 0.0035563684397703593
"p514": 0.0008110025383814948
"p515": 0.00010913723254321738
"p516": 4.327855773265517E-05
"p517": 5.645029269476761E-06
"p518": 0
"p519": 0
"p520": 0.0056995978857483694
"p521": 0.0021827446508643476
"p522": 0.0004986442521371138
"p523": 6.774035123372112E-05
"p524": 0.0050635912547206535
"p525": 0.0016088333418008771
"p526": 0.0002784881106275203
"p527": 1.8816764231589203E-05
"p528": 0.012424709422118348
"p529": 0.00569959788574837
"p530": 0.0015373296377208382
"p531": 0.00019004931873905096
"p532": 0.0003688085789391484
"p533": 6.962202765688006E-05
"p534": 5.645029269476761E-06
"p535": 0
"p536": 0.012752121119748005
"p537": 0.0057259413556725956
"p538": 0.0013962039059839187
"p539": 0.00013548070246744226
"p540": 0.009271019736904001
"p541": 0.0036372805259661926
"p542": 0.0006943386001456416
"p543": 3.010682277054273E-05
"p544": 0.004839671760364743
"p545": 0.0015429746669903149
"p546": 0.00021074775939379907
"p547": 7.5267056926356815E-06
"p548": 0
"p549": 0
"p550": 0
"p551": 0
"p552": 0.0023483321761023322
"p553": 0.0007357354814551379
"p554": 0.00011854561465901199
"p555": 9.408382115794602E-06
"p556": 0.001531684608451361
"p557": 0.0004591290472507766
"p558": 4.5160234155814084E-05
"p559": 1.8816764231589204E-06
"p560": 0.012037084078947616
"p561": 0.004041840956945361
"p562": 0.000684930218029847
"p563": 5.2686939848449775E-05
"p564": 8.27937626189925E-05
"p565": 1.1290058538953523E-05
"p566": 0
