"p504": 5.645029269476761E-06
"p505": 1.8816764231589204E-06
"p506": 0
"p507": 0
"p508": 3.010682277054273E-05
"p509": 1.8816764231589204E-06
"p510": 0
"p511": 0
"p512": 0.0029711670721679346
"p513": 0.00099352515142791
"p514": 0.00017123255450746173
"p515": 1.3171734962112444E-05
"p516": 0.0024725228200308215
"p517": 0.0009728267107731619
"p518": 0.00019757602443168663
"p519": 1.3171734962112444E-05
"p520": 0.0022787101484454523
"p521": 0.0006303616017582383
"p522": 4.139688130949625E-05
"p523": 1.8816764231589204E-06
"p524": 0.0020491456248200642
"p525": 0.00046289240009709436
"p526": 3.763352846317841E-05
"p527": 1.8816764231589204E-06
"p528": 9.408382115794602E-06
"p529": 0
"p530": 0
"p531": 0
"p532": 0.0001298356731979655
"p533": 1.6935087808430282E-05
"p534": 0
"p535": 0
"p536": 0
"p537": 0
"p538": 0
"p539": 0
"p540": 3.0106822770542726E-05
"p541": 5.645029269476761E-06
"p542": 0
"p543": 0
"p544": 0.0014488908458323681
"p545": 0.0006077814846803312
"p546": 0.0001279539967748066
"p547": 3.7633528463178407E-06
"p548": 0.0016314134588787839
"p549": 0.0007018653058382771
"p550": 0.00017311423093062064
"p551": 3.7633528463178407E-06
"p552": 0.0008561627725373087
"p553": 0.00032176666836017533
"p554": 3.7633528463178407E-06
"p555": 0
"p556": 0.0005833196911792653
"p557": 0.00018064093662325636
"p558": 5.645029269476761E-06
"p559": 0
"p560": 0.002459351085068709
"p561": 0.000639769983874033
"p562": 8.843879188846925E-05
"p563": 5.645029269476761E-06
"p564": 0.0036636239958904183
"p565": 0.0012663682327859534
"p566": 0.00016182417239166713
