"p504": 0
"p505": 0
"p506": 0
"p507": 0
"p508": 0
"p509": 0
"p510": 0
"p511": 0
"p512": 0.00018816764231589198
"p513": 3.387017561686056E-05
"p514": 0
"p515": 0
"p516": 0.0001599424959685082
"p517": 2.82251463473838E-05
"p518": 0
"p519": 0
"p520": 0.003791577992665225
"p521": 0.0010744372376237437
"p522": 0.00014300740816007793
"p523": 7.5267056926356815E-06
"p524": 0.0027284308135804344
"p525": 0.0009182580945015531
"p526": 0.00016182417239166713
"p527": 7.5267056926356815E-06
"p528": 0.0009333115058868245
"p529": 0.00022203781793275258
"p530": 2.82251463473838E-05
"p531": 0
"p532": 0.0004384306065960284
"p533": 4.139688130949624E-05
"p534": 0
"p535": 0
"p536": 0.006185070402923371
"p537": 0.001988931979278979
"p538": 0.0003443467854380824
"p539": 4.139688130949624E-05
"p540": 0.004188611717951758
"p541": 0.0014376007872934152
"p542": 0.00028225146347383805
"p543": 4.139688130949624E-05
"p544": 1.3171734962112444E-05
"p545": 0
"p546": 0
"p547": 0
"p548": 1.6935087808430282E-05
"p549": 1.8816764231589204E-06
"p550": 0
"p551": 0
"p552": 0.0011195974717795576
"p553": 0.00023144620004854723
"p554": 2.2580117077907045E-05
"p555": 0
"p556": 0.001147822618126941
"p557": 0.0002991865512822683
"p558": 3.0106822770542726E-05
"p559": 0
"p560": 0.00011478226181269415
"p561": 2.2580117077907042E-05
"p562": 0
"p563": 0
"p564": 0.0002935415220127916
"p565": 8.843879188846925E-05
"p566": 1.505341138527136E-05
