"p504": 2.8225146347383805E-05
"p505": 1.8816764231589204E-06
"p506": 0
"p507": 0
"p508": 8.655711546531032E-05
"p509": 1.8816764231589204E-06
"p510": 0
"p511": 0
"p512": 0.0015542647255292683
"p513": 0.0005720296326403118
"p514": 8.655711546531032E-05
"p515": 5.645029269476761E-06
"p516": 5.645029269476761E-06
"p517": 0
"p518": 0
"p519": 0
"p520": 0.001618241723916671
"p521": 0.00043090390090339274
"p522": 6.962202765688005E-05
"p523": 5.645029269476761E-06
"p524": 0.0010292770034679294
"p525": 0.00016370584881482604
"p526": 1.5053411385271363E-05
"p527": 0
"p528": 0.003800986374781019
"p529": 0.0015486196962597911
"p530": 0.00034622846186124133
"p531": 1.6935087808430282E-05
"p532": 7.33853805031979E-05
"p533": 5.645029269476761E-06
"p534": 0
"p535": 0
"p536": 0.005532128684087226
"p537": 0.001983286950009502
"p538": 0.00027660643420436126
"p539": 1.8816764231589203E-05
"p540": 0.0029824571307068893
"p541": 0.0007752506863414751
"p542": 7.150370408003898E-05
"p543": 1.8816764231589204E-06
"p544": 0.0003612818732465126
"p545": 0.0001016105268505817
"p546": 1.8816764231589203E-05
"p547": 0
"p548": 0
"p549": 0
"p550": 0
"p551": 0
"p552": 0.0002502629642801364
"p553": 8.091208619583358E-05
"p554": 1.5053411385271365E-05
"p555": 0
"p556": 0.00011478226181269412
"p557": 2.0698440654748124E-05
"p558": 1.8816764231589204E-06
"p559": 0
"p560": 0.0023332787647170608
"p561": 0.000780895715610952
"p562": 9.22021447347871E-05
"p563": 0
"p564": 0
"p565": 0
"p566": 0
