"p504": 0.004222481893568617
"p505": 0.0014526541986786864
"p506": 0.0002671980520885667
"p507": 4.1396881309496255E-05
"p508": 0.004239416981377048
"p509": 0.0015091044913734543
"p510": 0.000284133139896997
"p511": 7.5267056926356815E-06
"p512": 1.8816764231589204E-06
"p513": 0
"p514": 0
"p515": 0
"p516": 0
"p517": 0
"p518": 0
"p519": 0
"p520": 8.467543904215141E-05
"p521": 1.5053411385271363E-05
"p522": 1.8816764231589204E-06
"p523": 0
"p524": 7.5267056926356815E-06
"p525": 1.8816764231589204E-06
"p526": 0
"p527": 0
"p528": 9.032046831162817E-05
"p529": 1.3171734962112444E-05
"p530": 0
"p531": 0
"p532": 0
"p533": 0
"p534": 0
"p535": 0
"p536": 0.0004760641350592069
"p537": 9.408382115794603E-05
"p538": 5.645029269476761E-06
"p539": 0
"p540": 4.7041910578973E-05
"p541": 3.7633528463178407E-06
"p542": 0
"p543": 0
"p544": 2.4461793501065966E-05
"p545": 1.8816764231589204E-06
"p546": 0
"p547": 0
"p548": 0
"p549": 0
"p550": 0
"p551": 0
"p552": 0.0006265982489119204
"p553": 0.00015617914312219042
"p554": 1.5053411385271363E-05
"p555": 0
"p556": 7.714873334951574E-05
"p557": 1.5053411385271363E-05
"p558": 0
"p559": 0
"p560": 0.000188167642315892
"p561": 3.387017561686057E-05
"p562": 0
"p563": 0
"p564": 5.645029269476761E-06
"p565": 0
"p566": 0
