"p504": 8.27937626189925E-05
"p505": 2.4461793501065973E-05
"p506": 0
"p507": 0
"p508": 9.032046831162818E-05
"p509": 3.575185204001949E-05
"p510": 3.7633528463178407E-06
"p511": 0
"p512": 0.0016615202816493266
"p513": 0.0005042892814065907
"p514": 7.714873334951574E-05
"p515": 1.1290058538953523E-05
"p516": 0.004226245246414936
"p517": 0.0013171734962112442
"p518": 0.00021827446508643471
"p519": 1.8816764231589203E-05
"p520": 0.0003180033155138575
"p521": 8.843879188846925E-05
"p522": 2.2580117077907045E-05
"p523": 5.645029269476761E-06
"p524": 0.0015203945499124077
"p525": 0.0005268693984844977
"p526": 0.00010537387969689952
"p527": 7.5267056926356815E-06
"p528": 3.387017561686057E-05
"p529": 0
"p530": 0
"p531": 0
"p532": 0.0005983731025645366
"p533": 0.00011666393823585308
"p534": 1.1290058538953523E-05
"p535": 0
"p536": 0
"p537": 0
"p538": 0
"p539": 0
"p540": 0
"p541": 0
"p542": 0
"p543": 0
"p544": 0.011083074132406043
"p545": 0.004694782675781506
"p546": 0.0010368037091605651
"p547": 8.46754390421514E-05
"p548": 0.022657265811256568
"p549": 0.009225859502748191
"p550": 0.0022693017663296586
"p551": 0.0002559079935496132
"p552": 0.00517461016368703
"p553": 0.0021018325646685143
"p554": 0.00038574366674757867
"p555": 1.1290058538953523E-05
"p556": 0.0070958017917322905
"p557": 0.0026192935810372174
"p558": 0.0004553656944044587
"p559": 1.8816764231589207E-05
"p560": 0.005835078588215812
"p561": 0.0020811341240137655
"p562": 0.0004309039009033928
"p563": 6.39769983874033E-05
"p564": 0.015207708851970397
"p565": 0.0055170752727019545
"p566": 0.0012531964978238408
