"p504": 0.000786540744880429
"p505": 0.00016182417239166719
"p506": 0
"p507": 0
"p508": 0.0008053575091120179
"p509": 0.00019945770085484557
"p510": 2.2580117077907045E-05
"p511": 0
"p512": 0.00034811013828440026
"p513": 7.33853805031979E-05
"p514": 5.645029269476761E-06
"p515": 0
"p516": 5.645029269476761E-06
"p517": 0
"p518": 0
"p519": 0
"p520": 0.00010913723254321738
"p521": 2.2580117077907045E-05
"p522": 0
"p523": 0
"p524": 0.00017123255450746173
"p525": 3.951520488633733E-05
"p526": 0
"p527": 0
"p528": 3.575185204001949E-05
"p529": 3.7633528463178407E-06
"p530": 0
"p531": 0
"p532": 0
"p533": 0
"p534": 0
"p535": 0
"p536": 0
"p537": 0
"p538": 0
"p539": 0
"p540": 0
"p541": 0
"p542": 0
"p543": 0
"p544": 0.0013924405531376013
"p545": 0.0004327855773265517
"p546": 6.585867481056221E-05
"p547": 0
"p548": 5.645029269476761E-06
"p549": 0
"p550": 0
"p551": 0
"p552": 0.001484642697872388
"p553": 0.0004214955187875981
"p554": 4.139688130949625E-05
"p555": 0
"p556": 0.0007846590684572697
"p557": 0.00019004931873905096
"p558": 1.3171734962112442E-05
"p559": 0
"p560": 0.000711273687954072
"p561": 0.00015429746669903143
"p562": 1.8816764231589203E-05
"p563": 0
"p564": 0
"p565": 0
"p566": 0
