"p504": 0
"p505": 0
"p506": 0
"p507": 0
"p508": 0
"p509": 0
"p510": 0
"p511": 0
"p512": 0.010904314872205943
"p513": 0.004587527119661448
"p514": 0.0011609943530890537
"p515": 0.00017311423093062066
"p516": 0.01755415935164957
"p517": 0.00785976241953481
"p518": 0.0021093592703611496
"p519": 0.0003010682277054273
"p520": 0.006154963580152828
"p521": 0.0020641990362053357
"p522": 0.00031800331551385747
"p523": 1.505341138527136E-05
"p524": 0.013312860693849364
"p525": 0.00486413355386581
"p526": 0.0009295481530405068
"p527": 7.338538050319788E-05
"p528": 6.39769983874033E-05
"p529": 1.1290058538953523E-05
"p530": 0
"p531": 0
"p532": 0.0007451438635709323
"p533": 0.00013359902604428335
"p534": 1.1290058538953523E-05
"p535": 0
"p536": 0
"p537": 0
"p538": 0
"p539": 0
"p540": 0.00015053411385271363
"p541": 3.3870175616860565E-05
"p542": 0
"p543": 0
"p544": 0.0057673382369820905
"p545": 0.0023257520590244255
"p546": 0.0005739113090634706
"p547": 7.338538050319788E-05
"p548": 0.01279916303032698
"p549": 0.005464388332853504
"p550": 0.0013397536132891512
"p551": 0.00013359902604428335
"p552": 0.0025327364655719064
"p553": 0.0008373460083057196
"p554": 0.00013171734962112442
"p555": 9.408382115794602E-06
"p556": 0.005039129461219589
"p557": 0.0016935087808430283
"p558": 0.00029730487485910944
"p559": 1.5053411385271365E-05
"p560": 0.007359236490974538
"p561": 0.002365267263910763
"p562": 0.00040456043097916787
"p563": 3.1988499193701654E-05
"p564": 0.017119492097899855
"p565": 0.00613614681592124
"p566": 0.0010800822668932202
