"p504": 0.000707510335107754
"p505": 0.00021639278866327584
"p506": 3.0106822770542726E-05
"p507": 0
"p508": 0.0003462284618612414
"p509": 0.00010913723254321738
"p510": 5.645029269476761E-06
"p511": 0
"p512": 0.0011948645287059145
"p513": 0.00029730487485910944
"p514": 2.6343469924224887E-05
"p515": 1.8816764231589204E-06
"p516": 0
"p517": 0
"p518": 0
"p519": 0
"p520": 0.0037915779926652234
"p521": 0.0010744372376237435
"p522": 0.00014300740816007793
"p523": 7.5267056926356815E-06
"p524": 0.0006792851887603701
"p525": 0.00012983567319796552
"p526": 1.1290058538953523E-05
"p527": 0
"p528": 0
"p529": 0
"p530": 0
"p531": 0
"p532": 0
"p533": 0
"p534": 0
"p535": 0
"p536": 0.0003424651090149235
"p537": 6.021364554108546E-05
"p538": 5.645029269476761E-06
"p539": 0
"p540": 1.1290058538953523E-05
"p541": 0
"p542": 0
"p543": 0
"p544": 0.0034246510901492348
"p545": 0.0010104602392363403
"p546": 0.0001467707610063958
"p547": 7.5267056926356815E-06
"p548": 0.0003029499041285862
"p549": 6.021364554108546E-05
"p550": 5.645029269476761E-06
"p551": 0
"p552": 0.01987050302855821
"p553": 0.007586919338176769
"p554": 0.0016728103401882806
"p555": 0.00019945770085484557
"p556": 0.008230452674897118
"p557": 0.003168743096599622
"p558": 0.0007470255399940913
"p559": 8.655711546531033E-05
"p560": 0.0006341249546045562
"p561": 0.0001279539967748066
"p562": 1.1290058538953523E-05
"p563": 0
"p564": 1.1290058538953523E-05
"p565": 0
"p566": 0
