"p504": 0
"p505": 0
"p506": 0
"p507": 0
"p508": 0
"p509": 0
"p510": 0
"p511": 0
"p512": 0.0016897454279967104
"p513": 0.00042714054805707494
"p514": 4.8923587002131926E-05
"p515": 0
"p516": 0.005033484431950114
"p517": 0.0015994249596850824
"p518": 0.00026719805208856665
"p519": 1.5053411385271363E-05
"p520": 0.00033305672689912887
"p521": 6.962202765688006E-05
"p522": 1.6935087808430286E-05
"p523": 0
"p524": 0.002568488317611926
"p525": 0.0008749795367688979
"p526": 0.00016182417239166716
"p527": 2.6343469924224887E-05
"p528": 4.516023415581409E-05
"p529": 0
"p530": 0
"p531": 0
"p532": 0.0005513311919855637
"p533": 0.00012607232035164768
"p534": 1.1290058538953523E-05
"p535": 0
"p536": 0
"p537": 0
"p538": 0
"p539": 0
"p540": 0
"p541": 0
"p542": 0
"p543": 0
"p544": 0.01640069170425315
"p545": 0.0068003785932963376
"p546": 0.0017066805158051407
"p547": 0.0002464996114338185
"p548": 0.029149049471154848
"p549": 0.01288572014579229
"p550": 0.0033380939746839268
"p551": 0.00043090390090339285
"p552": 0.008614314665221539
"p553": 0.0028563848103552417
"p554": 0.00043466725374971055
"p555": 2.2580117077907042E-05
"p556": 0.01814124239567516
"p557": 0.006461676837127735
"p558": 0.0012061545872448687
"p559": 8.655711546531033E-05
"p560": 0.005319499248270268
"p561": 0.0018440428946957421
"p562": 0.00035187349113071807
"p563": 2.6343469924224887E-05
"p564": 0.012735186031939575
"p565": 0.004913057140867942
"p566": 0.0009653000050805263
