"p504": 0.0002973048748591094
"p505": 0.0001016105268505817
"p506": 2.2580117077907045E-05
"p507": 0
"p508": 0.0007056286586845952
"p509": 0.0002069844065474812
"p510": 2.8225146347383808E-05
"p511": 0
"p512": 0.0003857436667475787
"p513": 0.00010161052685058169
"p514": 9.408382115794602E-06
"p515": 0
"p516": 0.0010951356782784919
"p517": 0.00027660643420436126
"p518": 3.0106822770542726E-05
"p519": 0
"p520": 0.0059874943784916845
"p521": 0.002312580324062313
"p522": 0.0005024076049834318
"p523": 5.833196911792652E-05
"p524": 0.012274175308265635
"p525": 0.004800156555478406
"p526": 0.001065028855507949
"p527": 0.0001373623788906012
"p528": 0.0015956616068387645
"p529": 0.0006021364554108546
"p530": 9.972885042742277E-05
"p531": 5.645029269476761E-06
"p532": 0.0031066477746353773
"p533": 0.0010537387969689956
"p534": 0.00017875926020009743
"p535": 7.5267056926356815E-06
"p536": 0.011758595968320094
"p537": 0.005123804900261742
"p538": 0.0011515859709732596
"p539": 8.46754390421514E-05
"p540": 0.01867752017627545
"p541": 0.008672646634339466
"p542": 0.002310698647639154
"p543": 0.00026907972851172564
"p544": 5.268693984844977E-05
"p545": 1.1290058538953523E-05
"p546": 0
"p547": 0
"p548": 0.00019945770085484557
"p549": 4.516023415581409E-05
"p550": 1.1290058538953523E-05
"p551": 0
"p552": 0.002177099621594871
"p553": 0.0006962202765688004
"p554": 9.032046831162817E-05
"p555": 7.5267056926356815E-06
"p556": 0.006265982489119207
"p557": 0.001947535097969483
"p558": 0.00024461793501065964
"p559": 7.5267056926356815E-06
"p560": 0.0004421939594423463
"p561": 0.00013548070246744229
"p562": 1.6935087808430286E-05
"p563": 0
"p564": 0.0016050699889545589
"p565": 0.0005513311919855636
"p566": 0.00011478226181269414
