"p504": 0.0003217666683601754
"p505": 9.972885042742278E-05
"p506": 0
"p507": 0
"p508": 0.00073197212860882
"p509": 0.00012230896750532982
"p510": 1.1290058538953523E-05
"p511": 0
"p512": 0.00038950701959389653
"p513": 9.972885042742278E-05
"p514": 9.408382115794602E-06
"p515": 0
"p516": 0
"p517": 0
"p518": 0
"p519": 0
"p520": 0.0002051027301243223
"p521": 5.2686939848449775E-05
"p522": 5.645029269476761E-06
"p523": 0
"p524": 9.22021447347871E-05
"p525": 1.6935087808430286E-05
"p526": 0
"p527": 0
"p528": 0.0014300740816007794
"p529": 0.00044219395944234633
"p530": 6.585867481056221E-05
"p531": 0
"p532": 1.1290058538953523E-05
"p533": 0
"p534": 0
"p535": 0
"p536": 0.0014714709629102755
"p537": 0.0004214955187875981
"p538": 4.139688130949625E-05
"p539": 0
"p540": 0.0007959491269962231
"p541": 0.0001956943480085277
"p542": 1.3171734962112442E-05
"p543": 0
"p544": 3.198849919370165E-05
"p545": 1.8816764231589204E-06
"p546": 0
"p547": 0
"p548": 0
"p549": 0
"p550": 0
"p551": 0
"p552": 2.2580117077907045E-05
"p553": 1.8816764231589204E-06
"p554": 0
"p555": 0
"p556": 3.7633528463178407E-06
"p557": 0
"p558": 0
"p559": 0
"p560": 0.0007752506863414751
"p561": 0.00018252261304641527
"p562": 1.6935087808430282E-05
"p563": 0
"p564": 0
"p565": 0
"p566": 0
