"p504": 0.00013548070246744226
"p505": 5.645029269476761E-06
"p506": 0
"p507": 0
"p508": 7.903040977267465E-05
"p509": 0
"p510": 0
"p511": 0
"p512": 0.000660468424528781
"p513": 0.00014488908458323686
"p514": 1.5053411385271363E-05
"p515": 0
"p516": 7.33853805031979E-05
"p517": 5.645029269476761E-06
"p518": 0
"p519": 0
"p520": 0.006536943894054091
"p521": 0.0022053247679422548
"p522": 0.00038386199032441974
"p523": 2.8225146347383808E-05
"p524": 0.0019324816865842111
"p525": 0.0004929992228676371
"p526": 4.516023415581409E-05
"p527": 1.8816764231589204E-06
"p528": 7.338538050319791E-05
"p529": 0
"p530": 0
"p531": 0
"p532": 0
"p533": 0
"p534": 0
"p535": 0
"p536": 0.00011290058538953522
"p537": 1.6935087808430282E-05
"p538": 0
"p539": 0
"p540": 3.7633528463178407E-06
"p541": 0
"p542": 0
"p543": 0
"p544": 0.0003029499041285862
"p545": 8.091208619583358E-05
"p546": 1.3171734962112442E-05
"p547": 0
"p548": 0
"p549": 0
"p550": 0
"p551": 0
"p552": 0.003277880329142839
"p553": 0.0013077651140954497
"p554": 0.0002860148163201558
"p555": 7.5267056926356815E-06
"p556": 0.0008185292440741302
"p557": 0.0002258011707790704
"p558": 3.575185204001948E-05
"p559": 0
"p560": 0.0005381594570234512
"p561": 0.00017311423093062066
"p562": 2.2580117077907045E-05
"p563": 0
"p564": 0
"p565": 0
"p566": 0
