"p504": 0
"p505": 0
"p506": 0
"p507": 0
"p508": 0
"p509": 0
"p510": 0
"p511": 0
"p512": 0.0024141908509128945
"p513": 0.000829819302613084
"p514": 0.0001749959073537796
"p515": 1.8816764231589203E-05
"p516": 2.069844065474812E-05
"p517": 0
"p518": 0
"p519": 0
"p520": 0.004696664352204665
"p521": 0.0014056122880997137
"p522": 0.0002464996114338186
"p523": 1.8816764231589203E-05
"p524": 0.0016841003987272337
"p525": 0.0003800986374781019
"p526": 3.9515204886337324E-05
"p527": 0
"p528": 0.00011666393823585304
"p529": 3.7633528463178407E-06
"p530": 0
"p531": 0
"p532": 3.7633528463178407E-06
"p533": 0
"p534": 0
"p535": 0
"p536": 5.645029269476761E-06
"p537": 0
"p538": 0
"p539": 0
"p540": 3.7633528463178407E-06
"p541": 3.7633528463178407E-06
"p542": 0
"p543": 0
"p544": 0.002032210537011634
"p545": 0.0006284799253350795
"p546": 0.00010537387969689952
"p547": 2.258011707790704E-05
"p548": 0
"p549": 0
"p550": 0
"p551": 0
"p552": 0.002327633735447584
"p553": 0.00066235010095194
"p554": 9.972885042742277E-05
"p555": 2.258011707790704E-05
"p556": 0.0009709450343500028
"p557": 0.00021262943581695798
"p558": 0
"p559": 0
"p560": 0.005517075272701955
"p561": 0.0018910848052747147
"p562": 0.0003198849919370165
"p563": 7.5267056926356815E-06
"p564": 0
"p565": 0
"p566": 0
