"p504": 0.0009144947416552351
"p505": 0.0002464996114338186
"p506": 2.6343469924224887E-05
"p507": 0
"p508": 0.00031423996266753977
"p509": 0.00013171734962112442
"p510": 3.575185204001949E-05
"p511": 0
"p512": 0.0025703699940350846
"p513": 0.0007978308034193823
"p514": 0.0001279539967748066
"p515": 7.5267056926356815E-06
"p516": 0.0002973048748591094
"p517": 6.021364554108546E-05
"p518": 5.645029269476761E-06
"p519": 0
"p520": 0.013595112157323203
"p521": 0.005377831217388194
"p522": 0.0012193263222069805
"p523": 0.0001542974666990315
"p524": 0.006708176448561551
"p525": 0.002626820286729853
"p526": 0.0006077814846803313
"p527": 6.774035123372113E-05
"p528": 0.000259671346395931
"p529": 5.080526342529086E-05
"p530": 0
"p531": 0
"p532": 0
"p533": 0
"p534": 0
"p535": 0
"p536": 0.00041396881309496247
"p537": 7.150370408003898E-05
"p538": 5.645029269476761E-06
"p539": 0
"p540": 1.8816764231589203E-05
"p541": 3.7633528463178407E-06
"p542": 0
"p543": 0
"p544": 0.0007865407448804289
"p545": 0.00019569434800852773
"p546": 2.4461793501065966E-05
"p547": 0
"p548": 5.645029269476761E-06
"p549": 0
"p550": 0
"p551": 0
"p552": 0.007058168263269112
"p553": 0.002453706055799232
"p554": 0.0005136976635223853
"p555": 4.516023415581409E-05
"p556": 0.0016332951353019425
"p557": 0.0005964914261413778
"p558": 0.00015617914312219042
"p559": 1.8816764231589207E-05
"p560": 0.0020397372427042697
"p561": 0.0005946097497182188
"p562": 9.596549758110493E-05
"p563": 1.3171734962112444E-05
"p564": 1.1290058538953523E-05
"p565": 0
"p566": 0
