"p504": 0.0008166475676509714
"p505": 0.0002483812878569775
"p506": 4.139688130949625E-05
"p507": 0
"p508": 0.0009107313888089173
"p509": 0.0003255300212064933
"p510": 4.704191057897301E-05
"p511": 0
"p512": 0.0011628760295122127
"p513": 0.00036316354966967166
"p514": 4.7041910578973015E-05
"p515": 0
"p516": 0.0037633528463178407
"p517": 0.001208036263668027
"p518": 0.00018252261304641527
"p519": 1.3171734962112444E-05
"p520": 9.4083821157946E-05
"p521": 2.4461793501065963E-05
"p522": 5.645029269476761E-06
"p523": 0
"p524": 0.0004158504895181214
"p525": 0.00013359902604428335
"p526": 1.1290058538953523E-05
"p527": 0
"p528": 0.0016953904572661871
"p529": 0.0005042892814065907
"p530": 7.714873334951574E-05
"p531": 1.1290058538953523E-05
"p532": 0.0047230078221288906
"p533": 0.0014225473759081437
"p534": 0.00022956452362538827
"p535": 1.8816764231589203E-05
"p536": 0.0003180033155138575
"p537": 8.843879188846925E-05
"p538": 2.2580117077907045E-05
"p539": 5.645029269476761E-06
"p540": 0.0015203945499124077
"p541": 0.0005268693984844977
"p542": 0.00010537387969689952
"p543": 7.5267056926356815E-06
"p544": 0.0059874943784916845
"p545": 0.00224860332567491
"p546": 0.00045912904725077655
"p547": 5.833196911792652E-05
"p548": 0.01455853048598057
"p549": 0.0053759495409650354
"p550": 0.001117715795356399
"p551": 0.00013924405531376012
"p552": 0.0018101727190788816
"p553": 0.0005889647204487421
"p554": 0.00010725555612005845
"p555": 1.8816764231589204E-06
"p556": 0.002555316582649814
"p557": 0.0007150370408003897
"p558": 9.784717400426387E-05
"p559": 5.645029269476761E-06
"p560": 0.011179039629987146
"p561": 0.004890477023790033
"p562": 0.001110189089663763
"p563": 0.00010349220327374062
"p564": 0.022979032479616742
"p565": 0.009692515255691604
"p566": 0.0024198358801823723
