"p504": 0.0006679951302214167
"p505": 0.00020322105370116337
"p506": 2.6343469924224887E-05
"p507": 0
"p508": 6.39769983874033E-05
"p509": 4.516023415581409E-05
"p510": 3.0106822770542726E-05
"p511": 0
"p512": 0.0008655711546531036
"p513": 0.00020886608297064017
"p514": 1.8816764231589207E-05
"p515": 0
"p516": 1.6935087808430286E-05
"p517": 0
"p518": 0
"p519": 0
"p520": 0.007060049939692271
"p521": 0.0026569271095003956
"p522": 0.0005513311919855636
"p523": 7.150370408003898E-05
"p524": 0.00223166823786648
"p525": 0.0007696056570719983
"p526": 0.0001486524374295547
"p527": 2.8225146347383808E-05
"p528": 0.003178151478715416
"p529": 0.0009483649172720958
"p530": 0.00013924405531376012
"p531": 7.5267056926356815E-06
"p532": 0.0002973048748591094
"p533": 6.021364554108546E-05
"p534": 5.645029269476761E-06
"p535": 0
"p536": 0.017055515099512458
"p537": 0.006734519918485778
"p538": 0.001546738019836633
"p539": 0.0001919309951622099
"p540": 0.007645251307294694
"p541": 0.0030483158055174507
"p542": 0.00073197212860882
"p543": 8.467543904215141E-05
"p544": 0.00015241579027587256
"p545": 2.2580117077907045E-05
"p546": 5.645029269476761E-06
"p547": 0
"p548": 0
"p549": 0
"p550": 0
"p551": 0
"p552": 0.002305053618369677
"p553": 0.0006830485416066882
"p554": 0.0001110189089663763
"p555": 1.8816764231589204E-06
"p556": 0.00034999181470755914
"p557": 0.00011666393823585304
"p558": 2.4461793501065966E-05
"p559": 1.8816764231589204E-06
"p560": 0.001537329637720838
"p561": 0.0004835908407518425
"p562": 8.467543904215141E-05
"p563": 1.3171734962112444E-05
"p564": 0
"p565": 0
"p566": 0
