"p504": 0.00046665575294341216
"p505": 9.22021447347871E-05
"p506": 5.645029269476761E-06
"p507": 0
"p508": 0.0004760641350592069
"p509": 0.00011666393823585305
"p510": 5.645029269476761E-06
"p511": 0
"p512": 1.1290058538953523E-05
"p513": 0
"p514": 0
"p515": 0
"p516": 0
"p517": 0
"p518": 0
"p519": 0
"p520": 0.0003274116976296522
"p521": 8.27937626189925E-05
"p522": 1.1290058538953523E-05
"p523": 0
"p524": 4.516023415581409E-05
"p525": 7.5267056926356815E-06
"p526": 0
"p527": 0
"p528": 0.00036880857893914834
"p529": 4.1396881309496255E-05
"p530": 3.7633528463178407E-06
"p531": 0
"p532": 0
"p533": 0
"p534": 0
"p535": 0
"p536": 0.0010932540018553324
"p537": 0.0002577896699727721
"p538": 2.0698440654748128E-05
"p539": 0
"p540": 0.000259671346395931
"p541": 3.575185204001949E-05
"p542": 0
"p543": 0
"p544": 0.0001844042894695742
"p545": 2.6343469924224887E-05
"p546": 1.8816764231589204E-06
"p547": 0
"p548": 0
"p549": 0
"p550": 0
"p551": 0
"p552": 0.0031856781844080526
"p553": 0.0010255136506216115
"p554": 0.00017123255450746173
"p555": 1.1290058538953523E-05
"p556": 0.0005475678391392459
"p557": 8.467543904215141E-05
"p558": 1.8816764231589204E-06
"p559": 0
"p560": 0.0009107313888089175
"p561": 0.0002145111122401169
"p562": 2.6343469924224884E-05
"p563": 0
"p564": 7.33853805031979E-05
"p565": 5.645029269476761E-06
"p566": 0
