"p504": 0.0013943222295607596
"p505": 0.0003274116976296521
"p506": 2.6343469924224884E-05
"p507": 0
"p508": 0.0006077814846803314
"p509": 7.903040977267466E-05
"p510": 0
"p511": 0
"p512": 1.6935087808430286E-05
"p513": 1.8816764231589204E-06
"p514": 0
"p515": 0
"p516": 0
"p517": 0
"p518": 0
"p519": 0
"p520": 0.0005946097497182188
"p521": 0.00015241579027587256
"p522": 1.5053411385271363E-05
"p523": 0
"p524": 7.526705692635683E-05
"p525": 1.5053411385271363E-05
"p526": 0
"p527": 0
"p528": 0.00020510273012432233
"p529": 3.387017561686057E-05
"p530": 0
"p531": 0
"p532": 5.645029269476761E-06
"p533": 0
"p534": 0
"p535": 0
"p536": 0.0026795072265783024
"p537": 0.0007846590684572696
"p538": 0.00010725555612005845
"p539": 0
"p540": 0.0004760641350592069
"p541": 0.00012230896750532982
"p542": 1.3171734962112442E-05
"p543": 0
"p544": 7.5267056926356815E-06
"p545": 0
"p546": 0
"p547": 0
"p548": 0
"p549": 0
"p550": 0
"p551": 0
"p552": 5.456861627160869E-05
"p553": 3.7633528463178407E-06
"p554": 0
"p555": 0
"p556": 1.8816764231589204E-06
"p557": 0
"p558": 0
"p559": 0
"p560": 0.00010913723254321738
"p561": 2.4461793501065963E-05
"p562": 0
"p563": 0
"p564": 0
"p565": 0
"p566": 0
