"p504": 0
"p505": 0
"p506": 0
"p507": 0
"p508": 0
"p509": 0
"p510": 0
"p511": 0
"p512": 0.009803534164657976
"p513": 0.004075711132562223
"p514": 0.0010066968863900224
"p515": 0.00014112573173691905
"p516": 0.016169245504204604
"p517": 0.006798496916873179
"p518": 0.0016671653109188035
"p519": 0.0002107477593937991
"p520": 0.005411701393005055
"p521": 0.0019494167743926416
"p522": 0.00038198031390126086
"p523": 1.88167642315892E-05
"p524": 0.005227297103535481
"p525": 0.0016464668702640553
"p526": 0.00026531637566540783
"p527": 1.6935087808430286E-05
"p528": 0.015941562657002372
"p529": 0.007605736102408355
"p530": 0.0021093592703611496
"p531": 0.0002897781691664737
"p532": 0.021644923895597065
"p533": 0.010533624616843639
"p534": 0.00313863627382908
"p535": 0.000547567839139246
"p536": 0.011338982125955655
"p537": 0.004805801584747884
"p538": 0.0010876089725858561
"p539": 4.1396881309496235E-05
"p540": 0.010162934361481331
"p541": 0.00402678754556009
"p542": 0.0007940674505730644
"p543": 4.704191057897301E-05
"p544": 0.004907412111598465
"p545": 0.0016728103401882806
"p546": 0.00030294990412858624
"p547": 1.1290058538953523E-05
"p548": 0.010475292647725712
"p549": 0.0038028680512041785
"p550": 0.0007808957156109521
"p551": 3.010682277054273E-05
"p552": 0.0014564175515250043
"p553": 0.0004045604309791678
"p554": 2.8225146347383805E-05
"p555": 1.8816764231589204E-06
"p556": 0.0009803534164657976
"p557": 0.00027284308135804345
"p558": 2.6343469924224887E-05
"p559": 1.8816764231589204E-06
"p560": 0.008273731232629773
"p561": 0.002468759467184503
"p562": 0.00035751852040019486
"p563": 1.6935087808430286E-05
"p564": 0.019170519399143087
"p565": 0.006418398279395077
"p566": 0.0011007807075479686
