"p504": 0
"p505": 0
"p506": 0
"p507": 0
"p508": 0
"p509": 0
"p510": 0
"p511": 0
"p512": 0.014233000464774073
"p513": 0.006373238045239262
"p514": 0.0017292606328830474
"p515": 0.0002559079935496132
"p516": 0.0005720296326403118
"p517": 0.00010725555612005847
"p518": 5.645029269476761E-06
"p519": 0
"p520": 0.012221488368417188
"p521": 0.004467099828579277
"p522": 0.0008806245660383747
"p523": 6.58586748105622E-05
"p524": 0.018786657408818665
"p525": 0.00719929399500603
"p526": 0.0016615202816493266
"p527": 0.00021827446508643477
"p528": 0.0005645029269476761
"p529": 9.972885042742278E-05
"p530": 1.1290058538953523E-05
"p531": 0
"p532": 0.0001806409366232563
"p533": 3.387017561686056E-05
"p534": 0
"p535": 0
"p536": 2.6343469924224887E-05
"p537": 3.7633528463178407E-06
"p538": 0
"p539": 0
"p540": 0.00018816764231589203
"p541": 4.139688130949625E-05
"p542": 0
"p543": 0
"p544": 0.010123419156594992
"p545": 0.00435796259603606
"p546": 0.0010932540018553328
"p547": 0.00011478226181269415
"p548": 2.8225146347383805E-05
"p549": 1.8816764231589204E-06
"p550": 0
"p551": 0
"p552": 0.006239639019194981
"p553": 0.002290000206984406
"p554": 0.00042902222448023387
"p555": 3.010682277054273E-05
"p556": 0.007880460860189559
"p557": 0.0028770832510099887
"p558": 0.0006830485416066881
"p559": 7.714873334951573E-05
"p560": 0.0150929265901577
"p561": 0.0054737967149692986
"p562": 0.0009859984457352743
"p563": 6.39769983874033E-05
"p564": 9.784717400426385E-05
"p565": 2.0698440654748124E-05
"p566": 0
