"p504": 0
"p505": 0
"p506": 0
"p507": 0
"p508": 0
"p509": 0
"p510": 0
"p511": 0
"p512": 0.0011384142360111467
"p513": 0.0003688085789391484
"p514": 5.080526342529085E-05
"p515": 0
"p516": 0.0015956616068387645
"p517": 0.0004798274879055247
"p518": 8.091208619583357E-05
"p519": 1.1290058538953523E-05
"p520": 0.007060049939692269
"p521": 0.0026569271095003956
"p522": 0.0005513311919855636
"p523": 7.150370408003898E-05
"p524": 0.013640272391479014
"p525": 0.0057428764434810245
"p526": 0.0012268530278996162
"p527": 0.00011666393823585308
"p528": 0.003906360254477919
"p529": 0.0014639442572176402
"p530": 0.00028225146347383805
"p531": 1.6935087808430282E-05
"p532": 0.004929992228676372
"p533": 0.0015523830491061092
"p534": 0.00028225146347383805
"p535": 4.139688130949624E-05
"p536": 0.017599319585805386
"p537": 0.006871882297376378
"p538": 0.0015580280783755863
"p539": 0.000212629435816958
"p540": 0.028710618864558814
"p541": 0.012390839246501494
"p542": 0.003174388125869099
"p543": 0.00042525887163391606
"p544": 0.00013548070246744229
"p545": 3.575185204001949E-05
"p546": 5.645029269476761E-06
"p547": 0
"p548": 0.00029165984558963265
"p549": 9.22021447347871E-05
"p550": 2.6343469924224884E-05
"p551": 5.645029269476761E-06
"p552": 0.0019456534215463238
"p553": 0.0006454150131435098
"p554": 0.00012419064392848873
"p555": 1.8816764231589204E-06
"p556": 0.005406056363735578
"p557": 0.00202280215489584
"p558": 0.00038009863747810193
"p559": 1.1290058538953523E-05
"p560": 0.0005513311919855637
"p561": 0.00014865243742955472
"p562": 1.1290058538953523E-05
"p563": 0
"p564": 0.0023050536183696776
"p565": 0.0007300904521856612
"p566": 0.00013171734962112442
