"p504": 0
"p505": 0
"p506": 0
"p507": 0
"p508": 0
"p509": 0
"p510": 0
"p511": 0
"p512": 0.00031612163909069854
"p513": 2.634346992422488E-05
"p514": 0
"p515": 0
"p516": 3.951520488633733E-05
"p517": 0
"p518": 0
"p519": 0
"p520": 0.007007362999843821
"p521": 0.0021714545923253938
"p522": 0.00042149551878759814
"p523": 3.7633528463178407E-05
"p524": 0.0014526541986786862
"p525": 0.0003763352846317841
"p526": 3.9515204886337324E-05
"p527": 0
"p528": 1.5053411385271363E-05
"p529": 0
"p530": 0
"p531": 0
"p532": 0
"p533": 0
"p534": 0
"p535": 0
"p536": 0.00012230896750532977
"p537": 3.7633528463178407E-06
"p538": 0
"p539": 0
"p540": 0
"p541": 0
"p542": 0
"p543": 0
"p544": 0.000188167642315892
"p545": 2.2580117077907042E-05
"p546": 0
"p547": 0
"p548": 0
"p549": 0
"p550": 0
"p551": 0
"p552": 0.004365489301728696
"p553": 0.0011986278815522323
"p554": 0.00020510273012432228
"p555": 4.516023415581408E-05
"p556": 0.0009765900636194793
"p557": 0.00018440428946957417
"p558": 0
"p559": 0
"p560": 0.0003838619903244198
"p561": 0.00011101890896637629
"p562": 1.505341138527136E-05
"p563": 0
"p564": 0
"p565": 0
"p566": 0
