"p504": 0
"p505": 0
"p506": 0
"p507": 0
"p508": 0
"p509": 0
"p510": 0
"p511": 0
"p512": 0.0005701479562171528
"p513": 0.00015241579027587253
"p514": 1.5053411385271363E-05
"p515": 0
"p516": 0.002647518727384601
"p517": 0.0008881512717310103
"p518": 0.0001505341138527136
"p519": 1.1290058538953523E-05
"p520": 6.39769983874033E-05
"p521": 1.1290058538953523E-05
"p522": 0
"p523": 0
"p524": 0.0004929992228676371
"p525": 0.00013359902604428335
"p526": 2.2580117077907045E-05
"p527": 0
"p528": 0.0017349056621525248
"p529": 0.00042714054805707494
"p530": 4.8923587002131926E-05
"p531": 0
"p532": 0.0055547088011651344
"p533": 0.0017198522507672531
"p534": 0.0002784881106275202
"p535": 1.5053411385271363E-05
"p536": 0.00033305672689912887
"p537": 6.962202765688006E-05
"p538": 1.6935087808430286E-05
"p539": 0
"p540": 0.002568488317611926
"p541": 0.0008749795367688979
"p542": 0.00016182417239166716
"p543": 2.6343469924224887E-05
"p544": 0.006858710562414265
"p545": 0.0027002056672330507
"p546": 0.0006002547789876956
"p547": 7.150370408003898E-05
"p548": 0.014048596175304504
"p549": 0.005934807438643237
"p550": 0.0012776582913249072
"p551": 9.596549758110495E-05
"p552": 0.002703969020079368
"p553": 0.0008674528310762622
"p554": 0.00012419064392848875
"p555": 1.317173496211244E-05
"p556": 0.006429688337934032
"p557": 0.0019531801272389595
"p558": 0.000308594933398063
"p559": 2.2580117077907045E-05
"p560": 0.014748579804719619
"p561": 0.006156845256575987
"p562": 0.0015091044913734543
"p563": 0.00020886608297064014
"p564": 0.026695343415355614
"p565": 0.011833863025246453
"p566": 0.003048315805517452
