"p504": 3.951520488633733E-05
"p505": 0
"p506": 0
"p507": 0
"p508": 1.8816764231589204E-06
"p509": 0
"p510": 0
"p511": 0
"p512": 0.0007677239806488394
"p513": 0.0002051027301243223
"p514": 2.0698440654748128E-05
"p515": 0
"p516": 5.080526342529084E-05
"p517": 0
"p518": 0
"p519": 0
"p520": 0.0003292933740528111
"p521": 7.338538050319788E-05
"p522": 5.645029269476761E-06
"p523": 0
"p524": 0.0005268693984844977
"p525": 0.00013359902604428333
"p526": 9.408382115794602E-06
"p527": 0
"p528": 0.00010349220327374062
"p529": 1.8816764231589203E-05
"p530": 0
"p531": 0
"p532": 0
"p533": 0
"p534": 0
"p535": 0
"p536": 1.8816764231589204E-06
"p537": 0
"p538": 0
"p539": 0
"p540": 3.7633528463178407E-06
"p541": 0
"p542": 0
"p543": 0
"p544": 0.004115226337448558
"p545": 0.0016558752523798499
"p546": 0.0003650452260928305
"p547": 1.6935087808430282E-05
"p548": 5.268693984844977E-05
"p549": 5.645029269476761E-06
"p550": 0
"p551": 0
"p552": 0.005818143500407382
"p553": 0.0020623173597821764
"p554": 0.00028789649274331484
"p555": 1.8816764231589203E-05
"p556": 0.003104766098212219
"p557": 0.0007978308034193823
"p558": 7.526705692635681E-05
"p559": 1.8816764231589204E-06
"p560": 0.0028526214575089236
"p561": 0.0010010518571205455
"p562": 0.00013171734962112442
"p563": 5.645029269476761E-06
"p564": 3.7633528463178407E-06
"p565": 0
"p566": 0
