"p504": 2.0698440654748124E-05
"p505": 5.645029269476761E-06
"p506": 3.7633528463178407E-06
"p507": 3.7633528463178407E-06
"p508": 0.00018252261304641524
"p509": 4.1396881309496255E-05
"p510": 1.1290058538953523E-05
"p511": 1.8816764231589204E-06
"p512": 0.004850961818903697
"p513": 0.0019324816865842111
"p514": 0.0004309039009033927
"p515": 5.64502926947676E-05
"p516": 0.011241134951951393
"p517": 0.004455809770040323
"p518": 0.0010104602392363403
"p519": 0.0001373623788906012
"p520": 0.0016031883125314005
"p521": 0.0005532128684087225
"p522": 0.00010537387969689952
"p523": 1.8816764231589204E-06
"p524": 0.0024480610265297546
"p525": 0.00073197212860882
"p526": 0.0001034922032737406
"p527": 5.645029269476761E-06
"p528": 0.008909737863657488
"p529": 0.004056894368330633
"p530": 0.0009671816815036851
"p531": 8.279376261899248E-05
"p532": 0.01585124218869075
"p533": 0.007283969434048183
"p534": 0.001985168626432661
"p535": 0.0002483812878569775
"p536": 0.004749351292053115
"p537": 0.001981405273586343
"p538": 0.00037445360820862513
"p539": 1.1290058538953523E-05
"p540": 0.005944215820759031
"p541": 0.0023558588817949684
"p542": 0.00043466725374971055
"p543": 1.8816764231589207E-05
"p544": 0.0019211916280452582
"p545": 0.0006435333367203508
"p546": 8.843879188846925E-05
"p547": 7.5267056926356815E-06
"p548": 0.006111685022420175
"p549": 0.0019155465987757813
"p550": 0.00024461793501065964
"p551": 7.5267056926356815E-06
"p552": 0.0003688085789391484
"p553": 0.00010913723254321738
"p554": 1.8816764231589203E-05
"p555": 1.8816764231589204E-06
"p556": 0.0004327855773265518
"p557": 0.0001392440553137601
"p558": 2.4461793501065963E-05
"p559": 1.8816764231589204E-06
"p560": 0.005099343106760673
"p561": 0.0016220050767629893
"p562": 0.00024085458216434183
"p563": 1.5053411385271363E-05
"p564": 0.013811504945986482
"p565": 0.0045574202968909055
"p566": 0.0007282087757625021
