"p504": 0.00010913723254321738
"p505": 9.408382115794602E-06
"p506": 0
"p507": 0
"p508": 0.0004309039009033928
"p509": 0.00013359902604428335
"p510": 1.5053411385271363E-05
"p511": 0
"p512": 0.00013359902604428333
"p513": 1.8816764231589203E-05
"p514": 0
"p515": 0
"p516": 0.0003800986374781018
"p517": 6.774035123372114E-05
"p518": 0
"p519": 0
"p520": 9.408382115794602E-06
"p521": 0
"p522": 0
"p523": 0
"p524": 1.8816764231589203E-05
"p525": 0
"p526": 0
"p527": 0
"p528": 0.0002709614049348845
"p529": 4.516023415581409E-05
"p530": 0
"p531": 0
"p532": 0.00048359084075184255
"p533": 0.00010913723254321737
"p534": 1.1290058538953523E-05
"p535": 0
"p536": 3.9515204886337324E-05
"p537": 9.408382115794602E-06
"p538": 0
"p539": 0
"p540": 0.00015429746669903143
"p541": 3.575185204001949E-05
"p542": 0
"p543": 0
"p544": 0.0009389565351563013
"p545": 0.0002145111122401169
"p546": 1.8816764231589203E-05
"p547": 0
"p548": 0.001136532559587988
"p549": 0.0002878964927433148
"p550": 3.0106822770542726E-05
"p551": 0
"p552": 0.0002483812878569775
"p553": 2.6343469924224887E-05
"p554": 0
"p555": 0
"p556": 8.843879188846926E-05
"p557": 1.5053411385271363E-05
"p558": 0
"p559": 0
"p560": 0.0019701152150473893
"p561": 0.0005701479562171528
"p562": 8.655711546531033E-05
"p563": 1.1290058538953523E-05
"p564": 0.0024066641452202588
"p565": 0.0006999836294151185
"p566": 9.22021447347871E-05
