"p504": 0
"p505": 0
"p506": 0
"p507": 0
"p508": 0
"p509": 0
"p510": 0
"p511": 0
"p512": 0.002771709371313089
"p513": 0.0008730978603457391
"p514": 0.00013548070246744223
"p515": 7.5267056926356815E-06
"p516": 0.0025082746720708404
"p517": 0.0008843879188846927
"p518": 0.00016182417239166713
"p519": 7.5267056926356815E-06
"p520": 0.0014865243742955467
"p521": 0.00028036978705067917
"p522": 7.5267056926356815E-06
"p523": 0
"p524": 0.00073197212860882
"p525": 9.032046831162817E-05
"p526": 0
"p527": 0
"p528": 0.0039703372528653216
"p529": 0.0013980855824070777
"p530": 0.00028601481632015586
"p531": 4.139688130949624E-05
"p532": 0.002963640366475299
"p533": 0.0011252425010490343
"p534": 0.00025402631712645424
"p535": 4.139688130949624E-05
"p536": 0.0028601481632015593
"p537": 0.0008580444489604675
"p538": 8.655711546531033E-05
"p539": 0
"p540": 0.0013905588767144416
"p541": 0.00034434678543808245
"p542": 2.82251463473838E-05
"p543": 0
"p544": 0.0009558916229647314
"p545": 0.0002201561415095937
"p546": 2.2580117077907045E-05
"p547": 0
"p548": 0.0011252425010490341
"p549": 0.0002991865512822683
"p550": 3.0106822770542726E-05
"p551": 0
"p552": 0.00020886608297064017
"p553": 3.1988499193701654E-05
"p554": 0
"p555": 0
"p556": 5.833196911792653E-05
"p557": 2.0698440654748124E-05
"p558": 0
"p559": 0
"p560": 0.002425480909451848
"p561": 0.000617189866796126
"p562": 6.021364554108546E-05
"p563": 0
"p564": 0.003387017561686056
"p565": 0.001061265502661631
"p566": 0.00014677076100639576
