"p504": 0
"p505": 0
"p506": 0
"p507": 0
"p508": 0
"p509": 0
"p510": 0
"p511": 0
"p512": 0.0015448563434134737
"p513": 0.0004798274879055247
"p514": 8.091208619583357E-05
"p515": 1.1290058538953523E-05
"p516": 5.080526342529084E-05
"p517": 0
"p518": 0
"p519": 0
"p520": 0.013898062061451786
"p521": 0.005622449152398854
"p522": 0.001157231000242736
"p523": 9.596549758110492E-05
"p524": 0.006435333367203508
"p525": 0.0023201070297549486
"p526": 0.0004986442521371138
"p527": 7.526705692635681E-05
"p528": 0.0044727448578487546
"p529": 0.0014319557580239385
"p530": 0.0002653163756654077
"p531": 4.139688130949624E-05
"p532": 0.0005927280732950598
"p533": 0.0001373623788906012
"p534": 1.6935087808430286E-05
"p535": 0
"p536": 0.030067307565656398
"p537": 0.012097297724488702
"p538": 0.002935415220127916
"p539": 0.0003706902553623074
"p540": 0.01655687084737534
"p541": 0.0066235010095193995
"p542": 0.001727378956459889
"p543": 0.0002615530228190899
"p544": 0.00029165984558963265
"p545": 9.22021447347871E-05
"p546": 2.6343469924224884E-05
"p547": 5.645029269476761E-06
"p548": 0
"p549": 0
"p550": 0
"p551": 0
"p552": 0.005535892036933544
"p553": 0.002079252447590607
"p554": 0.00039138869601705546
"p555": 1.1290058538953523E-05
"p556": 0.0013265818783270388
"p557": 0.0004327855773265516
"p558": 9.784717400426387E-05
"p559": 1.8816764231589204E-06
"p560": 0.0023050536183696776
"p561": 0.0007300904521856612
"p562": 0.00013171734962112442
"p563": 9.408382115794602E-06
"p564": 0
"p565": 0
"p566": 0
