"p504": 0
"p505": 0
"p506": 0
"p507": 0
"p508": 0
"p509": 0
"p510": 0
"p511": 0
"p512": 0.013322269075965157
"p513": 0.005605514064590425
"p514": 0.001420665699484985
"p515": 0.00018440428946957425
"p516": 4.3278557732655166E-05
"p517": 5.645029269476761E-06
"p518": 0
"p519": 0
"p520": 0.012306163807459337
"p521": 0.004830263378248948
"p522": 0.0011459409417037827
"p523": 0.00013171734962112442
"p524": 0.00998605677770439
"p525": 0.0032214300364480715
"p526": 0.0005927280732950598
"p527": 5.45686162716087E-05
"p528": 0.017614372997190653
"p529": 0.008557864372526772
"p530": 0.002576015023304562
"p531": 0.0004553656944044587
"p532": 0.0004929992228676371
"p533": 9.408382115794602E-05
"p534": 5.645029269476761E-06
"p535": 0
"p536": 0.023404291351250654
"p537": 0.01080834937462484
"p538": 0.0029316518672815985
"p539": 0.00034999181470755925
"p540": 0.01576468507322544
"p541": 0.006228348960656025
"p542": 0.0013021200848259732
"p543": 9.784717400426385E-05
"p544": 0.008463780551368826
"p545": 0.0031311095681364437
"p546": 0.0006642317773750989
"p547": 3.010682277054273E-05
"p548": 0
"p549": 0
"p550": 0
"p551": 0
"p552": 0.005323262601116586
"p553": 0.0018590963060810132
"p554": 0.00036692690251598946
"p555": 1.1290058538953523E-05
"p556": 0.0033794908559934204
"p557": 0.0009107313888089174
"p558": 8.655711546531035E-05
"p559": 3.7633528463178407E-06
"p560": 0.017110083715784062
"p561": 0.005863303734563195
"p562": 0.001042448738430042
"p563": 7.714873334951574E-05
"p564": 6.021364554108545E-05
"p565": 1.1290058538953523E-05
"p566": 0
