"p504": 0.00020886608297064017
"p505": 4.1396881309496255E-05
"p506": 0
"p507": 0
"p508": 0.0002973048748591094
"p509": 5.080526342529085E-05
"p510": 0
"p511": 0
"p512": 0.00013359902604428333
"p513": 1.8816764231589203E-05
"p514": 0
"p515": 0
"p516": 0.00036880857893914845
"p517": 7.714873334951574E-05
"p518": 5.645029269476761E-06
"p519": 0
"p520": 2.0698440654748124E-05
"p521": 5.645029269476761E-06
"p522": 0
"p523": 0
"p524": 0.00012795399677480656
"p525": 3.575185204001949E-05
"p526": 0
"p527": 0
"p528": 0
"p529": 0
"p530": 0
"p531": 0
"p532": 3.575185204001949E-05
"p533": 3.7633528463178407E-06
"p534": 0
"p535": 0
"p536": 0
"p537": 0
"p538": 0
"p539": 0
"p540": 0
"p541": 0
"p542": 0
"p543": 0
"p544": 0.001245669792131205
"p545": 0.0003838619903244198
"p546": 5.080526342529085E-05
"p547": 0
"p548": 0.0013811504945986477
"p549": 0.0004327855773265517
"p550": 6.585867481056221E-05
"p551": 0
"p552": 0.00066235010095194
"p553": 0.00016935087808430283
"p554": 1.8816764231589204E-06
"p555": 0
"p556": 0.0005419228098697691
"p557": 0.00011666393823585305
"p558": 1.8816764231589204E-06
"p559": 0
"p560": 0.00028789649274331484
"p561": 5.456861627160869E-05
"p562": 5.645029269476761E-06
"p563": 0
"p564": 0.00073197212860882
"p565": 0.0001599424959685082
"p566": 1.8816764231589203E-05
