"p504": 0.00047982748790552474
"p505": 0.00014112573173691902
"p506": 2.2580117077907045E-05
"p507": 0
"p508": 0.0006736401594908936
"p509": 0.0002239194943559115
"p510": 3.387017561686057E-05
"p511": 0
"p512": 0.0013021200848259732
"p513": 0.0004290222244802338
"p514": 7.903040977267465E-05
"p515": 5.645029269476761E-06
"p516": 0.002856384810355241
"p517": 0.0008580444489604678
"p518": 0.00013359902604428335
"p519": 7.5267056926356815E-06
"p520": 0.0059874943784916845
"p521": 0.002312580324062313
"p522": 0.0005024076049834318
"p523": 5.833196911792652E-05
"p524": 0.01373435621263696
"p525": 0.005684544474363097
"p526": 0.001322818525480721
"p527": 0.0001637058488148261
"p528": 0
"p529": 0
"p530": 0
"p531": 0
"p532": 0.000259671346395931
"p533": 5.080526342529086E-05
"p534": 0
"p535": 0
"p536": 3.198849919370165E-05
"p537": 5.645029269476761E-06
"p538": 0
"p539": 0
"p540": 0.00040079707813285
"p541": 6.962202765688006E-05
"p542": 5.645029269476761E-06
"p543": 0
"p544": 0.00022768284720222932
"p545": 3.3870175616860565E-05
"p546": 0
"p547": 0
"p548": 0.0007921857741499056
"p549": 0.00019569434800852773
"p550": 2.4461793501065966E-05
"p551": 0
"p552": 0.002146992798824328
"p553": 0.0007696056570719984
"p554": 0.00016182417239166713
"p555": 1.5053411385271365E-05
"p556": 0.0068323670924900414
"p557": 0.002493221260685569
"p558": 0.0005400411334466102
"p559": 4.8923587002131926E-05
"p560": 0.00045724737082761767
"p561": 0.00012419064392848875
"p562": 1.6935087808430286E-05
"p563": 0
"p564": 0.002051027301243223
"p565": 0.0005946097497182188
"p566": 9.596549758110493E-05
