"p504": 0.0013811504945986472
"p505": 0.0003744536082086252
"p506": 3.7633528463178407E-05
"p507": 0
"p508": 0.0004158504895181214
"p509": 0.0001486524374295547
"p510": 3.575185204001949E-05
"p511": 0
"p512": 0.002299408589100201
"p513": 0.0008523994196909909
"p514": 0.00016182417239166716
"p515": 7.5267056926356815E-06
"p516": 0.00027848811062752024
"p517": 7.714873334951573E-05
"p518": 5.645029269476761E-06
"p519": 0
"p520": 0.019868621352135043
"p521": 0.008949253068543824
"p522": 0.0023201070297549486
"p523": 0.0002766064342043613
"p524": 0.006542588923323565
"p525": 0.0026757438737319847
"p526": 0.0005588578976781995
"p527": 2.6343469924224887E-05
"p528": 0.00033305672689912887
"p529": 5.080526342529086E-05
"p530": 0
"p531": 0
"p532": 0
"p533": 0
"p534": 0
"p535": 0
"p536": 0.0006134265139498081
"p537": 0.0001204272910821709
"p538": 5.645029269476761E-06
"p539": 0
"p540": 3.0106822770542726E-05
"p541": 3.7633528463178407E-06
"p542": 0
"p543": 0
"p544": 0.0009201397709247124
"p545": 0.00023709122931802397
"p546": 3.0106822770542726E-05
"p547": 0
"p548": 9.408382115794602E-06
"p549": 0
"p550": 0
"p551": 0
"p552": 0.014287569081045684
"p553": 0.00508805304822172
"p554": 0.0009634183286573672
"p555": 6.585867481056221E-05
"p556": 0.0026926789615404146
"p557": 0.000850517743267832
"p558": 0.00012042729108217092
"p559": 5.645029269476761E-06
"p560": 0.002084897476860084
"p561": 0.0006924569237224828
"p562": 0.00013736237889060116
"p563": 1.3171734962112444E-05
"p564": 1.8816764231589203E-05
"p565": 0
"p566": 0
