"p504": 0
"p505": 0
"p506": 0
"p507": 0
"p508": 0
"p509": 0
"p510": 0
"p511": 0
"p512": 0.0025139197013403173
"p513": 0.000733853805031979
"p514": 0.00012230896750532985
"p515": 2.2580117077907045E-05
"p516": 0.00583884194106213
"p517": 0.0018854397760052382
"p518": 0.00037445360820862513
"p519": 3.7633528463178407E-05
"p520": 0.0005231060456381798
"p521": 0.0001561791431221904
"p522": 4.892358700213193E-05
"p523": 1.1290058538953523E-05
"p524": 0.002626820286729853
"p525": 0.0009370748587331423
"p526": 0.00019945770085484557
"p527": 1.5053411385271363E-05
"p528": 7.338538050319788E-05
"p529": 0
"p530": 0
"p531": 0
"p532": 0.0008862695953078515
"p533": 0.00019757602443168666
"p534": 1.6935087808430286E-05
"p535": 0
"p536": 0
"p537": 0
"p538": 0
"p539": 0
"p540": 0
"p541": 0
"p542": 0
"p543": 0
"p544": 0.023287627413014798
"p545": 0.010349220327374063
"p546": 0.0027284308135804344
"p547": 0.0003669269025159894
"p548": 0.035757497069288983
"p549": 0.01606763497735403
"p550": 0.004514141739158251
"p551": 0.0007131553643772311
"p552": 0.014445629900591034
"p553": 0.005884002175217945
"p554": 0.0013058834376722909
"p555": 5.080526342529084E-05
"p556": 0.013798333211024364
"p557": 0.005097461430337517
"p558": 0.0009615366522342084
"p559": 5.833196911792653E-05
"p560": 0.010025571982590728
"p561": 0.0035300249698461345
"p562": 0.0007451438635709324
"p563": 8.46754390421514E-05
"p564": 0.020604356833590177
"p565": 0.007353591461705062
"p566": 0.0014978144328345005
