"p504": 0
"p505": 0
"p506": 0
"p507": 0
"p508": 0
"p509": 0
"p510": 0
"p511": 0
"p512": 1.6935087808430282E-05
"p513": 0
"p514": 0
"p515": 0
"p516": 0.0002671980520885667
"p517": 6.209532196424438E-05
"p518": 0
"p519": 0
"p520": 0.0005946097497182188
"p521": 0.00015241579027587253
"p522": 1.5053411385271363E-05
"p523": 0
"p524": 0.002658808785923554
"p525": 0.0008881512717310103
"p526": 0.0001505341138527136
"p527": 1.1290058538953523E-05
"p528": 0.0002107477593937991
"p529": 1.5053411385271363E-05
"p530": 0
"p531": 0
"p532": 0.002365267263910763
"p533": 0.0005475678391392458
"p534": 5.456861627160867E-05
"p535": 3.76335284631784E-06
"p536": 0.0018741497174662846
"p537": 0.0004403122830191874
"p538": 4.8923587002131926E-05
"p539": 0
"p540": 0.005270575661268138
"p541": 0.001676573693034598
"p542": 0.0002784881106275202
"p543": 1.5053411385271363E-05
"p544": 0.0012456697921312053
"p545": 0.0003838619903244198
"p546": 5.080526342529085E-05
"p547": 0
"p548": 0.0017160888979209355
"p549": 0.0004929992228676371
"p550": 8.655711546531033E-05
"p551": 1.1290058538953523E-05
"p552": 0.008478833962754097
"p553": 0.0031273462152901256
"p554": 0.0006416516602971918
"p555": 7.33853805031979E-05
"p556": 0.01682971392873339
"p557": 0.00692268756080167
"p558": 0.0014338374344470977
"p559": 0.00011854561465901199
"p560": 0.003981627311404275
"p561": 0.0014827610214492293
"p562": 0.00028225146347383805
"p563": 1.6935087808430282E-05
"p564": 0.004563065326160382
"p565": 0.0015034594621039772
"p566": 0.0002878964927433148
