"p504": 9.596549758110493E-05
"p505": 3.010682277054273E-05
"p506": 3.7633528463178407E-06
"p507": 3.7633528463178407E-06
"p508": 0.00024085458216434183
"p509": 7.338538050319788E-05
"p510": 1.1290058538953523E-05
"p511": 1.8816764231589204E-06
"p512": 0.007361118167397696
"p513": 0.0033456206803765603
"p514": 0.0007997124798425411
"p515": 7.150370408003896E-05
"p516": 0.013190551726344032
"p517": 0.006058998082571722
"p518": 0.0016539935759566913
"p519": 0.00021451111224011693
"p520": 0.0039402304300947795
"p521": 0.0016615202816493266
"p522": 0.0003274116976296522
"p523": 1.1290058538953523E-05
"p524": 0.005622449152398855
"p525": 0.002224141532173844
"p526": 0.00041208713667180354
"p527": 1.8816764231589207E-05
"p528": 5.645029269476761E-05
"p529": 5.645029269476761E-06
"p530": 0
"p531": 0
"p532": 0.0007112736879540719
"p533": 0.00013548070246744229
"p534": 5.645029269476761E-06
"p535": 0
"p536": 0
"p537": 0
"p538": 0
"p539": 0
"p540": 6.39769983874033E-05
"p541": 2.2580117077907045E-05
"p542": 0
"p543": 0
"p544": 0.004309039009033927
"p545": 0.0016295317824556249
"p546": 0.0002973048748591095
"p547": 1.8816764231589203E-05
"p548": 0.011186566335679783
"p549": 0.003936467077248462
"p550": 0.0007338538050319789
"p551": 4.704191057897301E-05
"p552": 0.0013905588767144422
"p553": 0.0005136976635223853
"p554": 7.526705692635681E-05
"p555": 1.8816764231589204E-06
"p556": 0.001714207221497776
"p557": 0.0005325144277539745
"p558": 7.33853805031979E-05
"p559": 1.8816764231589204E-06
"p560": 0.0078108388325326805
"p561": 0.0026700988444625083
"p562": 0.0005042892814065906
"p563": 5.833196911792652E-05
"p564": 0.019083962283677775
"p565": 0.00685306553314479
"p566": 0.0013999672588302368
