"p504": 0.0019418900687000061
"p505": 0.0005042892814065907
"p506": 3.7633528463178407E-05
"p507": 0
"p508": 0.0010104602392363403
"p509": 0.0003029499041285862
"p510": 4.516023415581409E-05
"p511": 0
"p512": 8.467543904215141E-05
"p513": 1.3171734962112444E-05
"p514": 0
"p515": 0
"p516": 0
"p517": 0
"p518": 0
"p519": 0
"p520": 0.0004403122830191874
"p521": 9.032046831162818E-05
"p522": 5.645029269476761E-06
"p523": 0
"p524": 4.7041910578973E-05
"p525": 3.7633528463178407E-06
"p526": 0
"p527": 0
"p528": 0
"p529": 0
"p530": 0
"p531": 0
"p532": 0
"p533": 0
"p534": 0
"p535": 0
"p536": 3.575185204001949E-05
"p537": 3.7633528463178407E-06
"p538": 0
"p539": 0
"p540": 0
"p541": 0
"p542": 0
"p543": 0
"p544": 0.00019945770085484557
"p545": 3.387017561686057E-05
"p546": 0
"p547": 0
"p548": 5.645029269476761E-06
"p549": 0
"p550": 0
"p551": 0
"p552": 0.0026550454330772364
"p553": 0.000775250686341475
"p554": 0.00010725555612005845
"p555": 0
"p556": 0.0004779458114823658
"p557": 0.00012230896750532982
"p558": 1.3171734962112442E-05
"p559": 0
"p560": 2.0698440654748124E-05
"p561": 1.8816764231589204E-06
"p562": 0
"p563": 0
"p564": 0
"p565": 0
"p566": 0
