"p504": 5.645029269476761E-06
"p505": 0
"p506": 0
"p507": 0
"p508": 0.00010161052685058169
"p509": 5.645029269476761E-06
"p510": 0
"p511": 0
"p512": 6.962202765688005E-05
"p513": 1.8816764231589204E-06
"p514": 0
"p515": 0
"p516": 0.0003180033155138575
"p517": 4.1396881309496255E-05
"p518": 3.7633528463178407E-06
"p519": 0
"p520": 0.00041773216594128033
"p521": 6.962202765688005E-05
"p522": 0
"p523": 0
"p524": 0.0007714873334951572
"p525": 0.00020886608297064017
"p526": 2.0698440654748128E-05
"p527": 0
"p528": 0
"p529": 0
"p530": 0
"p531": 0
"p532": 0
"p533": 0
"p534": 0
"p535": 0
"p536": 5.645029269476761E-06
"p537": 0
"p538": 0
"p539": 0
"p540": 0.00010349220327374062
"p541": 1.8816764231589203E-05
"p542": 0
"p543": 0
"p544": 0.0015881349011461288
"p545": 0.00036880857893914834
"p546": 2.4461793501065966E-05
"p547": 1.8816764231589204E-06
"p548": 0.0010198686213521348
"p549": 0.00022580117077907044
"p550": 2.8225146347383805E-05
"p551": 0
"p552": 0.006047708024032769
"p553": 0.0020322105370116335
"p554": 0.0003180033155138575
"p555": 1.6935087808430282E-05
"p556": 0.00601195617199275
"p557": 0.0021564011809401228
"p558": 0.00041208713667180354
"p559": 1.8816764231589203E-05
"p560": 0.00010725555612005845
"p561": 3.7633528463178407E-06
"p562": 0
"p563": 0
"p564": 0.00014300740816007793
"p565": 1.5053411385271365E-05
"p566": 0
