"p504": 0
"p505": 0
"p506": 0
"p507": 0
"p508": 0
"p509": 0
"p510": 0
"p511": 0
"p512": 0.004928110552253213
"p513": 0.0016445851938408965
"p514": 0.0003255300212064932
"p515": 3.7633528463178407E-05
"p516": 0.0003274116976296521
"p517": 5.080526342529086E-05
"p518": 0
"p519": 0
"p520": 0.0023069352947928364
"p521": 0.0006679951302214167
"p522": 0.00014112573173691902
"p523": 1.1290058538953523E-05
"p524": 0.0038085130804736546
"p525": 0.0013040017612491318
"p526": 0.0002784881106275202
"p527": 3.7633528463178407E-05
"p528": 0.0008862695953078515
"p529": 0.00019757602443168666
"p530": 1.6935087808430286E-05
"p531": 0
"p532": 0
"p533": 0
"p534": 0
"p535": 0
"p536": 2.4461793501065963E-05
"p537": 0
"p538": 0
"p539": 0
"p540": 4.8923587002131926E-05
"p541": 0
"p542": 0
"p543": 0
"p544": 0.02925065999800542
"p545": 0.01315479987430401
"p546": 0.003721955965008344
"p547": 0.0005946097497182189
"p548": 0.0003142399626675397
"p549": 6.209532196424438E-05
"p550": 5.645029269476761E-06
"p551": 0
"p552": 0.031785278140000484
"p553": 0.014071176292382404
"p554": 0.003693730818660961
"p555": 0.00042902222448023376
"p556": 0.023058062889389417
"p557": 0.008429910375751967
"p558": 0.001676573693034598
"p559": 0.00013359902604428333
"p560": 0.01760120126222854
"p561": 0.006448505102165621
"p562": 0.001366097083213376
"p563": 0.0001298356731979655
"p564": 1.8816764231589203E-05
"p565": 3.7633528463178407E-06
"p566": 0
