"p504": 0.0017819475727314977
"p505": 0.0006077814846803313
"p506": 9.784717400426388E-05
"p507": 1.8816764231589204E-06
"p508": 0.0016332951353019423
"p509": 0.0005739113090634708
"p510": 0.00010725555612005845
"p511": 1.1290058538953523E-05
"p512": 0.003323040563298653
"p513": 0.001089490649009015
"p514": 0.00018252261304641527
"p515": 1.3171734962112444E-05
"p516": 0
"p517": 0
"p518": 0
"p519": 0
"p520": 0.0008128842148046535
"p521": 0.00021827446508643474
"p522": 1.3171734962112442E-05
"p523": 0
"p524": 0.0012117996165143445
"p525": 0.000378216961054943
"p526": 4.516023415581409E-05
"p527": 0
"p528": 0.004039959280522202
"p529": 0.001249433144977523
"p530": 0.00019945770085484554
"p531": 1.8816764231589203E-05
"p532": 0.0002878964927433148
"p533": 3.3870175616860565E-05
"p534": 0
"p535": 0
"p536": 0.0013378719368659924
"p537": 0.0003838619903244197
"p538": 7.33853805031979E-05
"p539": 5.645029269476761E-06
"p540": 0.00252709143630243
"p541": 0.0008486360668446731
"p542": 0.00016182417239166716
"p543": 1.8816764231589203E-05
"p544": 0.011608061854467382
"p545": 0.0042996306269181325
"p546": 0.0009013230066931229
"p547": 0.00011101890896637632
"p548": 4.327855773265517E-05
"p549": 5.645029269476761E-06
"p550": 0
"p551": 0
"p552": 0.007020534734805932
"p553": 0.0025045113192245227
"p554": 0.0005381594570234512
"p555": 6.962202765688005E-05
"p556": 0.005818143500407382
"p557": 0.0017405506914220015
"p558": 0.00027848811062752024
"p559": 1.8816764231589203E-05
"p560": 0.018447955652650058
"p561": 0.007784495362608454
"p562": 0.0019287183337378935
"p563": 0.00022768284720222937
"p564": 0.00024461793501065964
"p565": 5.2686939848449775E-05
"p566": 5.645029269476761E-06
