"p504": 6.774035123372114E-05
"p505": 0
"p506": 0
"p507": 0
"p508": 0.00013548070246744223
"p509": 5.645029269476761E-06
"p510": 0
"p511": 0
"p512": 0.00016935087808430283
"p513": 2.6343469924224887E-05
"p514": 1.8816764231589204E-06
"p515": 0
"p516": 0.0001542974666990315
"p517": 2.2580117077907045E-05
"p518": 1.8816764231589204E-06
"p519": 0
"p520": 0.001693508780843028
"p521": 0.00045536569440445874
"p522": 7.714873334951573E-05
"p523": 5.645029269476761E-06
"p524": 0.0017461957206914777
"p525": 0.0005983731025645368
"p526": 8.843879188846925E-05
"p527": 5.645029269476761E-06
"p528": 0.0015053411385271363
"p529": 0.00035751852040019475
"p530": 2.2580117077907045E-05
"p531": 1.8816764231589204E-06
"p532": 0.0009803534164657974
"p533": 0.00021262943581695798
"p534": 2.6343469924224884E-05
"p535": 0
"p536": 0.005771101589828409
"p537": 0.001958825156508436
"p538": 0.0003085949333980629
"p539": 1.6935087808430282E-05
"p540": 0.005631857534514649
"p541": 0.0020378555662811104
"p542": 0.0003913886960170554
"p543": 1.8816764231589203E-05
"p544": 1.6935087808430286E-05
"p545": 0
"p546": 0
"p547": 0
"p548": 3.010682277054273E-05
"p549": 3.7633528463178407E-06
"p550": 0
"p551": 0
"p552": 0.00027284308135804345
"p553": 7.714873334951573E-05
"p554": 1.3171734962112444E-05
"p555": 0
"p556": 0.00039891540170969113
"p557": 0.0001016105268505817
"p558": 1.8816764231589203E-05
"p559": 0
"p560": 0.0001862859658927331
"p561": 3.0106822770542726E-05
"p562": 0
"p563": 0
"p564": 0.00041585048951812135
"p565": 0.00015994249596850823
"p566": 2.2580117077907045E-05
