"p504": 0.0006943386001456416
"p505": 8.279376261899251E-05
"p506": 0
"p507": 0
"p508": 0.0012550781742469996
"p509": 0.00033117505047596993
"p510": 2.6343469924224884E-05
"p511": 0
"p512": 1.6935087808430282E-05
"p513": 3.7633528463178407E-06
"p514": 0
"p515": 0
"p516": 1.6935087808430286E-05
"p517": 1.8816764231589204E-06
"p518": 0
"p519": 0
"p520": 0.00026343469924224885
"p521": 6.021364554108545E-05
"p522": 5.645029269476761E-06
"p523": 0
"p524": 0.0004064421074023268
"p525": 0.00010349220327374062
"p526": 9.408382115794602E-06
"p527": 0
"p528": 0.0001844042894695742
"p529": 2.6343469924224887E-05
"p530": 1.8816764231589204E-06
"p531": 0
"p532": 0.00020510273012432233
"p533": 3.387017561686057E-05
"p534": 0
"p535": 0
"p536": 0.0015185128734892485
"p537": 0.000447838988711823
"p538": 5.080526342529085E-05
"p539": 0
"p540": 0.001633295135301943
"p541": 0.0004911175464444782
"p542": 6.774035123372113E-05
"p543": 0
"p544": 1.8816764231589204E-06
"p545": 0
"p546": 0
"p547": 0
"p548": 7.5267056926356815E-06
"p549": 0
"p550": 0
"p551": 0
"p552": 2.0698440654748124E-05
"p553": 1.8816764231589204E-06
"p554": 0
"p555": 0
"p556": 3.387017561686057E-05
"p557": 1.8816764231589204E-06
"p558": 0
"p559": 0
"p560": 1.8816764231589203E-05
"p561": 0
"p562": 0
"p563": 0
"p564": 0.00010913723254321738
"p565": 2.4461793501065963E-05
"p566": 0
