"p504": 0.0018478062475420596
"p505": 0.0006077814846803314
"p506": 9.596549758110495E-05
"p507": 2.2580117077907045E-05
"p508": 0.004581882090391972
"p509": 0.001676573693034598
"p510": 0.00030671325697490405
"p511": 7.5267056926356815E-06
"p512": 7.714873334951574E-05
"p513": 1.5053411385271363E-05
"p514": 1.8816764231589204E-06
"p515": 0
"p516": 0
"p517": 0
"p518": 0
"p519": 0
"p520": 7.5267056926356815E-06
"p521": 0
"p522": 0
"p523": 0
"p524": 1.5053411385271363E-05
"p525": 1.8816764231589204E-06
"p526": 0
"p527": 0
"p528": 0.0003838619903244198
"p529": 7.714873334951573E-05
"p530": 5.645029269476761E-06
"p531": 0
"p532": 5.645029269476761E-06
"p533": 0
"p534": 0
"p535": 0
"p536": 0.00010913723254321738
"p537": 2.2580117077907045E-05
"p538": 0
"p539": 0
"p540": 0.00017123255450746173
"p541": 3.951520488633733E-05
"p542": 0
"p543": 0
"p544": 0.0004045604309791678
"p545": 0.0001016105268505817
"p546": 9.408382115794602E-06
"p547": 0
"p548": 0
"p549": 0
"p550": 0
"p551": 0
"p552": 0.00022203781793275263
"p553": 5.456861627160869E-05
"p554": 5.645029269476761E-06
"p555": 0
"p556": 9.03204683116282E-05
"p557": 1.6935087808430286E-05
"p558": 0
"p559": 0
"p560": 0.0017330239857293655
"p561": 0.000521224369215021
"p562": 7.338538050319788E-05
"p563": 0
"p564": 5.645029269476761E-06
"p565": 0
"p566": 0
