"p504": 0
"p505": 0
"p506": 0
"p507": 0
"p508": 1.5053411385271363E-05
"p509": 0
"p510": 0
"p511": 0
"p512": 0.0019531801272389595
"p513": 0.0006228348960656027
"p514": 9.972885042742277E-05
"p515": 0
"p516": 0.005778628295521045
"p517": 0.002032210537011634
"p518": 0.0003669269025159894
"p519": 2.8225146347383808E-05
"p520": 0.0001844042894695742
"p521": 3.575185204001949E-05
"p522": 5.645029269476761E-06
"p523": 0
"p524": 0.0006303616017582383
"p525": 0.0001919309951622099
"p526": 1.6935087808430286E-05
"p527": 0
"p528": 0.002570369994035085
"p529": 0.000733853805031979
"p530": 0.00012230896750532985
"p531": 2.2580117077907045E-05
"p532": 0.006544470599746726
"p533": 0.002035973889857952
"p534": 0.0003857436667475786
"p535": 3.7633528463178407E-05
"p536": 0.0005231060456381798
"p537": 0.0001561791431221904
"p538": 4.892358700213193E-05
"p539": 1.1290058538953523E-05
"p540": 0.002626820286729853
"p541": 0.0009370748587331423
"p542": 0.00019945770085484557
"p543": 1.5053411385271363E-05
"p544": 0.013120929698687151
"p545": 0.005231060456381799
"p546": 0.0012136812929375036
"p547": 0.00015241579027587256
"p548": 0.0223994761412838
"p549": 0.009009466714084912
"p550": 0.002103714241091673
"p551": 0.00022203781793275263
"p552": 0.006597157539595173
"p553": 0.0022373132671359565
"p554": 0.00039138869601705546
"p555": 1.88167642315892E-05
"p556": 0.005797445059752633
"p557": 0.00172549728003673
"p558": 0.0002540263171264543
"p559": 1.6935087808430286E-05
"p560": 0.02000598373102564
"p561": 0.009028283478316499
"p562": 0.002384084028142352
"p563": 0.0003180033155138575
"p564": 0.032743051439388375
"p565": 0.014394824637165743
"p566": 0.0039101236073242375
