"p504": 0.00858985287172047
"p505": 0.002540263171264542
"p506": 0.0003669269025159895
"p507": 1.6935087808430286E-05
"p508": 0.01154220317965682
"p509": 0.004640214059509898
"p510": 0.0008919146245773282
"p511": 4.1396881309496255E-05
"p512": 1.8816764231589204E-06
"p513": 0
"p514": 0
"p515": 0
"p516": 0
"p517": 0
"p518": 0
"p519": 0
"p520": 2.8225146347383805E-05
"p521": 5.645029269476761E-06
"p522": 0
"p523": 0
"p524": 5.8331969117926534E-05
"p525": 1.1290058538953523E-05
"p526": 0
"p527": 0
"p528": 1.6935087808430286E-05
"p529": 0
"p530": 0
"p531": 0
"p532": 1.6935087808430286E-05
"p533": 0
"p534": 0
"p535": 0
"p536": 0.00015241579027587258
"p537": 3.575185204001949E-05
"p538": 5.645029269476761E-06
"p539": 0
"p540": 0.00020133937727800447
"p541": 5.2686939848449775E-05
"p542": 5.645029269476761E-06
"p543": 0
"p544": 0
"p545": 0
"p546": 0
"p547": 0
"p548": 0
"p549": 0
"p550": 0
"p551": 0
"p552": 1.8816764231589204E-06
"p553": 0
"p554": 0
"p555": 0
"p556": 1.8816764231589204E-06
"p557": 0
"p558": 0
"p559": 0
"p560": 0
"p561": 0
"p562": 0
"p563": 0
"p564": 9.408382115794602E-06
"p565": 0
"p566": 0
