"p504": 2.8225146347383808E-05
"p505": 0
"p506": 0
"p507": 0
"p508": 3.7633528463178407E-06
"p509": 0
"p510": 0
"p511": 0
"p512": 0.00020886608297064017
"p513": 2.6343469924224887E-05
"p514": 0
"p515": 0
"p516": 7.5267056926356815E-06
"p517": 0
"p518": 0
"p519": 0
"p520": 4.892358700213193E-05
"p521": 5.645029269476761E-06
"p522": 0
"p523": 0
"p524": 0.00011290058538953522
"p525": 2.0698440654748124E-05
"p526": 3.7633528463178407E-06
"p527": 0
"p528": 3.575185204001949E-05
"p529": 3.7633528463178407E-06
"p530": 0
"p531": 0
"p532": 0
"p533": 0
"p534": 0
"p535": 0
"p536": 0
"p537": 0
"p538": 0
"p539": 0
"p540": 0
"p541": 0
"p542": 0
"p543": 0
"p544": 0.0010405670620068828
"p545": 0.0003443467854380824
"p546": 6.209532196424438E-05
"p547": 0
"p548": 1.6935087808430286E-05
"p549": 0
"p550": 0
"p551": 0
"p552": 0.0012099179400911857
"p553": 0.0004214955187875982
"p554": 3.575185204001949E-05
"p555": 0
"p556": 0.0008222925969204483
"p557": 0.00023709122931802397
"p558": 1.8816764231589203E-05
"p559": 0
"p560": 0.0006943386001456416
"p561": 0.00019004931873905094
"p562": 5.645029269476761E-06
"p563": 0
"p564": 0
"p565": 0
"p566": 0
