"p504": 0.0065312988647846125
"p505": 0.001845924571118901
"p506": 0.0002502629642801364
"p507": 5.645029269476761E-06
"p508": 0.009314298294636656
"p509": 0.0032816436819891573
"p510": 0.0005249877220613388
"p511": 1.3171734962112444E-05
"p512": 3.010682277054273E-05
"p513": 1.8816764231589204E-06
"p514": 0
"p515": 0
"p516": 0.00024461793501065964
"p517": 3.575185204001948E-05
"p518": 0
"p519": 0
"p520": 0.0017988826605399278
"p521": 0.0005607395741013582
"p522": 9.596549758110495E-05
"p523": 1.8816764231589204E-06
"p524": 0.0056224491523988555
"p525": 0.0018496879239652188
"p526": 0.0002709614049348845
"p527": 1.3171734962112444E-05
"p528": 0.00031988499193701646
"p529": 0.00010161052685058171
"p530": 1.8816764231589203E-05
"p531": 0
"p532": 0.001129005853895352
"p533": 0.0002878964927433148
"p534": 3.0106822770542726E-05
"p535": 0
"p536": 0.004416294565153986
"p537": 0.0018327528361567888
"p538": 0.0003575185204001949
"p539": 1.1290058538953523E-05
"p540": 0.009178817592169214
"p541": 0.003992917369943229
"p542": 0.000946483240848937
"p543": 3.9515204886337324E-05
"p544": 1.8816764231589204E-06
"p545": 0
"p546": 0
"p547": 0
"p548": 1.5053411385271363E-05
"p549": 0
"p550": 0
"p551": 0
"p552": 0.0005475678391392458
"p553": 0.000165587525237985
"p554": 9.408382115794602E-06
"p555": 0
"p556": 0.002384084028142351
"p557": 0.000803475832688859
"p558": 3.7633528463178407E-05
"p559": 1.8816764231589204E-06
"p560": 0.00014112573173691902
"p561": 5.080526342529084E-05
"p562": 0
"p563": 0
"p564": 0.0007451438635709322
"p565": 0.00024085458216434178
"p566": 4.1396881309496255E-05
