"p504": 0.033256749102910765
"p505": 0.012146221311490832
"p506": 0.0025873050818435157
"p507": 0.00021074775939379907
"p508": 0.011931710199250715
"p509": 0.0045084967098887735
"p510": 0.0010236319741984525
"p511": 0.00015429746669903146
"p512": 0
"p513": 0
"p514": 0
"p515": 0
"p516": 0
"p517": 0
"p518": 0
"p519": 0
"p520": 0.00010913723254321738
"p521": 4.139688130949624E-05
"p522": 5.645029269476761E-06
"p523": 0
"p524": 7.5267056926356815E-06
"p525": 5.645029269476761E-06
"p526": 0
"p527": 0
"p528": 3.010682277054273E-05
"p529": 1.1290058538953523E-05
"p530": 0
"p531": 0
"p532": 0
"p533": 0
"p534": 0
"p535": 0
"p536": 0.00011290058538953522
"p537": 4.139688130949624E-05
"p538": 0
"p539": 0
"p540": 1.5053411385271363E-05
"p541": 3.7633528463178407E-06
"p542": 0
"p543": 0
"p544": 3.7633528463178407E-06
"p545": 0
"p546": 0
"p547": 0
"p548": 0
"p549": 0
"p550": 0
"p551": 0
"p552": 0.0003368200797454468
"p553": 6.39769983874033E-05
"p554": 1.6935087808430286E-05
"p555": 0
"p556": 5.268693984844977E-05
"p557": 3.7633528463178407E-06
"p558": 0
"p559": 0
"p560": 1.5053411385271363E-05
"p561": 0
"p562": 0
"p563": 0
"p564": 0
"p565": 0
"p566": 0
