"p504": 0
"p505": 0
"p506": 0
"p507": 0
"p508": 3.7633528463178407E-06
"p509": 0
"p510": 0
"p511": 0
"p512": 0.0002464996114338186
"p513": 6.962202765688006E-05
"p514": 1.3171734962112442E-05
"p515": 0
"p516": 0.00013359902604428335
"p517": 1.1290058538953523E-05
"p518": 0
"p519": 0
"p520": 0.0013265818783270386
"p521": 0.0003838619903244197
"p522": 7.33853805031979E-05
"p523": 5.645029269476761E-06
"p524": 0.0012381430864385696
"p525": 0.0003744536082086252
"p526": 6.774035123372113E-05
"p527": 5.645029269476761E-06
"p528": 0
"p529": 0
"p530": 0
"p531": 0
"p532": 9.408382115794602E-06
"p533": 5.645029269476761E-06
"p534": 0
"p535": 0
"p536": 0
"p537": 0
"p538": 0
"p539": 0
"p540": 5.64502926947676E-05
"p541": 3.7633528463178407E-06
"p542": 0
"p543": 0
"p544": 5.2686939848449775E-05
"p545": 1.1290058538953523E-05
"p546": 0
"p547": 0
"p548": 5.456861627160869E-05
"p549": 9.408382115794602E-06
"p550": 0
"p551": 0
"p552": 0.0008034758326888591
"p553": 0.0002690797285117256
"p554": 5.080526342529086E-05
"p555": 1.1290058538953523E-05
"p556": 0.0007169187172235485
"p557": 0.00023709122931802397
"p558": 3.9515204886337324E-05
"p559": 1.1290058538953523E-05
"p560": 8.467543904215141E-05
"p561": 2.2580117077907045E-05
"p562": 0
"p563": 0
"p564": 0.00014488908458323683
"p565": 4.704191057897301E-05
"p566": 7.5267056926356815E-06
