"p504": 0.0035601317926166774
"p505": 0.0009671816815036851
"p506": 8.655711546531035E-05
"p507": 5.645029269476761E-06
"p508": 0.0020566723305127
"p509": 0.0006303616017582385
"p510": 7.714873334951574E-05
"p511": 3.7633528463178407E-06
"p512": 0.0006679951302214168
"p513": 0.00016370584881482606
"p514": 7.5267056926356815E-06
"p515": 0
"p516": 0.0022053247679422548
"p517": 0.0005964914261413776
"p518": 6.962202765688005E-05
"p519": 0
"p520": 0.00012795399677480656
"p521": 4.5160234155814084E-05
"p522": 1.1290058538953521E-05
"p523": 0
"p524": 0.0007206820700698664
"p525": 0.00023520955289486504
"p526": 4.139688130949624E-05
"p527": 0
"p528": 0
"p529": 0
"p530": 0
"p531": 0
"p532": 0.00034434678543808245
"p533": 2.8225146347383805E-05
"p534": 0
"p535": 0
"p536": 0
"p537": 0
"p538": 0
"p539": 0
"p540": 0
"p541": 0
"p542": 0
"p543": 0
"p544": 0.004066302750446426
"p545": 0.0015787265190303343
"p546": 0.00032176666836017544
"p547": 1.1290058538953523E-05
"p548": 0.010945711753515441
"p549": 0.00413027974883383
"p550": 0.0009126130652320766
"p551": 4.139688130949624E-05
"p552": 0.0016502302231103728
"p553": 0.0006736401594908936
"p554": 9.596549758110493E-05
"p555": 0
"p556": 0.0025026296428013644
"p557": 0.0009050863595394408
"p558": 0.0001486524374295547
"p559": 0
"p560": 0.0019588251565084355
"p561": 0.0006924569237224827
"p562": 7.150370408003898E-05
"p563": 1.8816764231589204E-06
"p564": 0.007440148577170371
"p565": 0.0024141908509128945
"p566": 0.0003594001968233538
