"p504": 3.198849919370165E-05
"p505": 9.408382115794602E-06
"p506": 0
"p507": 0
"p508": 0.00011290058538953522
"p509": 3.198849919370165E-05
"p510": 0
"p511": 0
"p512": 0.0014507725222555274
"p513": 0.0004252588716339159
"p514": 6.962202765688005E-05
"p515": 5.645029269476761E-06
"p516": 0
"p517": 0
"p518": 0
"p519": 0
"p520": 0.0001674692016611439
"p521": 5.645029269476761E-06
"p522": 0
"p523": 0
"p524": 0.00031423996266753966
"p525": 7.526705692635681E-05
"p526": 5.645029269476761E-06
"p527": 0
"p528": 0.003132991244559602
"p529": 0.0008354643318825606
"p530": 0.00011854561465901199
"p531": 7.5267056926356815E-06
"p532": 0.00018064093662325633
"p533": 1.6935087808430282E-05
"p534": 0
"p535": 0
"p536": 0.0006981019529919596
"p537": 0.00015053411385271363
"p538": 1.3171734962112442E-05
"p539": 0
"p540": 0.001956943480085277
"p541": 0.0005852013676024242
"p542": 0.00010725555612005845
"p543": 1.3171734962112444E-05
"p544": 0.004309039009033927
"p545": 0.001629531782455625
"p546": 0.0002973048748591094
"p547": 1.8816764231589207E-05
"p548": 2.0698440654748124E-05
"p549": 0
"p550": 0
"p551": 0
"p552": 0.0023615039110644444
"p553": 0.0009050863595394408
"p554": 0.00014112573173691905
"p555": 1.1290058538953523E-05
"p556": 0.003490509764959797
"p557": 0.0010951356782784919
"p558": 0.00022768284720222937
"p559": 1.8816764231589207E-05
"p560": 0.011773649379705367
"p561": 0.004790748173362612
"p562": 0.0010988990311248095
"p563": 0.00012607232035164768
"p564": 0.0002577896699727721
"p565": 3.575185204001949E-05
"p566": 0
