"p504": 0.005718414649979959
"p505": 0.0018553329532346953
"p506": 0.00023332787647170614
"p507": 1.1290058538953523E-05
"p508": 0.004105817955332763
"p509": 0.001460180904371322
"p510": 0.00017687758377693853
"p511": 9.408382115794602E-06
"p512": 8.27937626189925E-05
"p513": 2.4461793501065963E-05
"p514": 5.645029269476761E-06
"p515": 0
"p516": 0.00011290058538953522
"p517": 3.387017561686057E-05
"p518": 5.645029269476761E-06
"p519": 0
"p520": 3.9515204886337324E-05
"p521": 7.5267056926356815E-06
"p522": 0
"p523": 0
"p524": 6.39769983874033E-05
"p525": 1.6935087808430286E-05
"p526": 0
"p527": 0
"p528": 0
"p529": 0
"p530": 0
"p531": 0
"p532": 9.408382115794602E-06
"p533": 0
"p534": 0
"p535": 0
"p536": 0
"p537": 0
"p538": 0
"p539": 0
"p540": 0
"p541": 0
"p542": 0
"p543": 0
"p544": 5.2686939848449775E-05
"p545": 1.1290058538953523E-05
"p546": 0
"p547": 0
"p548": 6.962202765688005E-05
"p549": 1.8816764231589203E-05
"p550": 0
"p551": 0
"p552": 5.645029269476761E-06
"p553": 0
"p554": 0
"p555": 0
"p556": 0
"p557": 0
"p558": 0
"p559": 0
"p560": 3.3870175616860565E-05
"p561": 5.645029269476761E-06
"p562": 0
"p563": 0
"p564": 0.00012607232035164763
"p565": 2.0698440654748124E-05
"p566": 0
