"p504": 0
"p505": 0
"p506": 0
"p507": 0
"p508": 0
"p509": 0
"p510": 0
"p511": 0
"p512": 0.00038198031390126086
"p513": 8.279376261899248E-05
"p514": 9.408382115794602E-06
"p515": 0
"p516": 1.6935087808430286E-05
"p517": 0
"p518": 0
"p519": 0
"p520": 0.005693952856478892
"p521": 0.002120649328900103
"p522": 0.0003688085789391484
"p523": 2.4461793501065966E-05
"p524": 0.001962588509354754
"p525": 0.0006058998082571724
"p526": 0.00012042729108217092
"p527": 1.3171734962112444E-05
"p528": 0.0020867791532832424
"p529": 0.0005946097497182189
"p530": 0.00010161052685058171
"p531": 2.2580117077907045E-05
"p532": 0.0001956943480085277
"p533": 4.892358700213193E-05
"p534": 5.645029269476761E-06
"p535": 0
"p536": 0.014517133604671072
"p537": 0.00557728891824304
"p538": 0.0012738949384785891
"p539": 0.00013924405531376012
"p540": 0.007116500232387036
"p541": 0.0028168696054689042
"p542": 0.0007338538050319789
"p543": 9.4083821157946E-05
"p544": 5.080526342529084E-05
"p545": 1.8816764231589203E-05
"p546": 3.7633528463178407E-06
"p547": 0
"p548": 0
"p549": 0
"p550": 0
"p551": 0
"p552": 0.0014131389937923487
"p553": 0.00045160234155814093
"p554": 4.892358700213192E-05
"p555": 0
"p556": 0.0003575185204001949
"p557": 0.0001223089675053298
"p558": 1.5053411385271365E-05
"p559": 0
"p560": 0.0012550781742469998
"p561": 0.00039515204886337327
"p562": 5.645029269476761E-05
"p563": 1.8816764231589204E-06
"p564": 0
"p565": 0
"p566": 0
