"p504": 0.00036880857893914834
"p505": 6.585867481056221E-05
"p506": 5.645029269476761E-06
"p507": 0
"p508": 0.00040644210740232675
"p509": 6.585867481056221E-05
"p510": 5.645029269476761E-06
"p511": 0
"p512": 0
"p513": 0
"p514": 0
"p515": 0
"p516": 0
"p517": 0
"p518": 0
"p519": 0
"p520": 5.8331969117926534E-05
"p521": 5.645029269476761E-06
"p522": 0
"p523": 0
"p524": 7.5267056926356815E-06
"p525": 0
"p526": 0
"p527": 0
"p528": 6.209532196424438E-05
"p529": 3.7633528463178407E-06
"p530": 0
"p531": 0
"p532": 0
"p533": 0
"p534": 0
"p535": 0
"p536": 0.00027096140493488457
"p537": 3.010682277054273E-05
"p538": 0
"p539": 0
"p540": 6.209532196424438E-05
"p541": 7.5267056926356815E-06
"p542": 0
"p543": 0
"p544": 2.6343469924224887E-05
"p545": 1.8816764231589204E-06
"p546": 0
"p547": 0
"p548": 0
"p549": 0
"p550": 0
"p551": 0
"p552": 0.00040456043097916787
"p553": 6.39769983874033E-05
"p554": 0
"p555": 0
"p556": 0.00017123255450746176
"p557": 2.8225146347383805E-05
"p558": 0
"p559": 0
"p560": 0.0002295645236253883
"p561": 3.7633528463178407E-05
"p562": 0
"p563": 0
"p564": 2.2580117077907045E-05
"p565": 0
"p566": 0
