"p504": 7.714873334951573E-05
"p505": 5.645029269476761E-06
"p506": 0
"p507": 0
"p508": 4.892358700213193E-05
"p509": 0
"p510": 0
"p511": 0
"p512": 2.6343469924224887E-05
"p513": 1.8816764231589204E-06
"p514": 0
"p515": 0
"p516": 0
"p517": 0
"p518": 0
"p519": 0
"p520": 0.0003932703724402144
"p521": 6.39769983874033E-05
"p522": 0
"p523": 0
"p524": 0.00016558752523798497
"p525": 2.8225146347383805E-05
"p526": 0
"p527": 0
"p528": 0.0002408545821643418
"p529": 3.7633528463178407E-05
"p530": 0
"p531": 0
"p532": 2.2580117077907045E-05
"p533": 0
"p534": 0
"p535": 0
"p536": 0.0022655384134833397
"p537": 0.0007150370408003897
"p538": 9.784717400426384E-05
"p539": 0
"p540": 0.0007714873334951572
"p541": 0.00021827446508643477
"p542": 1.8816764231589203E-05
"p543": 0
"p544": 0
"p545": 0
"p546": 0
"p547": 0
"p548": 0
"p549": 0
"p550": 0
"p551": 0
"p552": 3.387017561686057E-05
"p553": 1.8816764231589204E-06
"p554": 0
"p555": 0
"p556": 1.6935087808430282E-05
"p557": 1.8816764231589204E-06
"p558": 0
"p559": 0
"p560": 9.784717400426385E-05
"p561": 3.7633528463178407E-05
"p562": 3.7633528463178407E-06
"p563": 0
"p564": 0
"p565": 0
"p566": 0
