"p504": 0
"p505": 0
"p506": 0
"p507": 0
"p508": 0
"p509": 0
"p510": 0
"p511": 0
"p512": 0.007419450136515623
"p513": 0.0035017998234987504
"p514": 0.0009389565351563011
"p515": 0.00010725555612005845
"p516": 0.012848086617329108
"p517": 0.006094749934611743
"p518": 0.001755604102807273
"p519": 0.00022580117077907044
"p520": 0.004403122830191873
"p521": 0.001962588509354754
"p522": 0.000425258871633916
"p523": 1.3171734962112442E-05
"p524": 0.004879186965251079
"p525": 0.001977641920740025
"p526": 0.00038009863747810193
"p527": 1.5053411385271363E-05
"p528": 6.209532196424436E-05
"p529": 5.645029269476761E-06
"p530": 0
"p531": 0
"p532": 0.000846754390421514
"p533": 0.00013548070246744226
"p534": 5.645029269476761E-06
"p535": 0
"p536": 0
"p537": 0
"p538": 0
"p539": 0
"p540": 6.39769983874033E-05
"p541": 2.2580117077907045E-05
"p542": 0
"p543": 0
"p544": 0.003037025746978497
"p545": 0.0010085785628131815
"p546": 0.00015994249596850823
"p547": 7.5267056926356815E-06
"p548": 0.007746861834145277
"p549": 0.0024649961143381853
"p550": 0.00030671325697490405
"p551": 9.408382115794602E-06
"p552": 0.0012851849970175425
"p553": 0.0004459573122886642
"p554": 6.209532196424436E-05
"p555": 0
"p556": 0.0013585703775207403
"p557": 0.00034246510901492347
"p558": 3.9515204886337324E-05
"p559": 0
"p560": 0.0075041255755577746
"p561": 0.0025515532298034955
"p562": 0.0004610107236739355
"p563": 3.3870175616860565E-05
"p564": 0.018271078068873122
"p565": 0.006668661243675215
"p566": 0.0010988990311248095
