"p504": 3.951520488633733E-05
"p505": 9.408382115794602E-06
"p506": 0
"p507": 0
"p508": 7.150370408003898E-05
"p509": 2.0698440654748124E-05
"p510": 0
"p511": 0
"p512": 0.001157231000242736
"p513": 0.00036316354966967166
"p514": 3.763352846317841E-05
"p515": 0
"p516": 0.0038367382268210378
"p517": 0.0012814216441712249
"p518": 0.00017687758377693853
"p519": 1.5053411385271365E-05
"p520": 8.655711546531032E-05
"p521": 9.408382115794602E-06
"p522": 0
"p523": 0
"p524": 0.00031988499193701646
"p525": 9.972885042742278E-05
"p526": 5.645029269476761E-06
"p527": 0
"p528": 0.0014996961092576596
"p529": 0.00040079707813285
"p530": 5.645029269476761E-05
"p531": 1.1290058538953523E-05
"p532": 0.004884831994520558
"p533": 0.001398085582407078
"p534": 0.0002333278764717061
"p535": 1.8816764231589203E-05
"p536": 0.00031235828624438073
"p537": 9.972885042742276E-05
"p538": 3.3870175616860565E-05
"p539": 5.645029269476761E-06
"p540": 0.0016276501060324662
"p541": 0.0005795563383329473
"p542": 0.0001279539967748066
"p543": 7.5267056926356815E-06
"p544": 0.004960099051446914
"p545": 0.0017763025434620208
"p546": 0.00038762534317073754
"p547": 3.3870175616860565E-05
"p548": 0.011491397916231529
"p549": 0.004092646220370651
"p550": 0.0007470255399940913
"p551": 4.327855773265516E-05
"p552": 0.0022561300313675456
"p553": 0.0007639606278025218
"p554": 0.00013359902604428333
"p555": 7.5267056926356815E-06
"p556": 0.0022410766199822737
"p557": 0.000639769983874033
"p558": 9.220214473478709E-05
"p559": 5.645029269476761E-06
"p560": 0.010864799667319607
"p561": 0.00484531678963422
"p562": 0.0011760477644743254
"p563": 0.00013171734962112442
"p564": 0.022201900116852108
"p565": 0.009398973733678808
"p566": 0.0023408054704096974
