"p504": 3.7633528463178407E-06
"p505": 3.7633528463178407E-06
"p506": 0
"p507": 0
"p508": 1.6935087808430286E-05
"p509": 3.7633528463178407E-06
"p510": 0
"p511": 0
"p512": 0.0006134265139498081
"p513": 0.0001637058488148261
"p514": 1.3171734962112442E-05
"p515": 0
"p516": 0.0005776746619097885
"p517": 0.00015241579027587253
"p518": 1.3171734962112442E-05
"p519": 0
"p520": 0.0003424651090149235
"p521": 7.903040977267465E-05
"p522": 1.8816764231589204E-06
"p523": 0
"p524": 0.0004459573122886641
"p525": 9.408382115794603E-05
"p526": 1.8816764231589204E-06
"p527": 0
"p528": 0
"p529": 0
"p530": 0
"p531": 0
"p532": 3.575185204001949E-05
"p533": 1.8816764231589204E-06
"p534": 0
"p535": 0
"p536": 0
"p537": 0
"p538": 0
"p539": 0
"p540": 5.645029269476761E-06
"p541": 0
"p542": 0
"p543": 0
"p544": 0.000427140548057075
"p545": 0.00019193099516220984
"p546": 3.7633528463178407E-05
"p547": 0
"p548": 0.00044595731228866414
"p549": 0.00019381267158536877
"p550": 4.8923587002131926E-05
"p551": 0
"p552": 0.00023520955289486507
"p553": 0.00011666393823585307
"p554": 0
"p555": 0
"p556": 0.00014488908458323686
"p557": 6.39769983874033E-05
"p558": 0
"p559": 0
"p560": 0.0005532128684087226
"p561": 0.00012042729108217092
"p562": 3.7633528463178407E-06
"p563": 0
"p564": 0.0009427198880026192
"p565": 0.0002521446407032953
"p566": 9.408382115794602E-06
