"p504": 3.7633528463178407E-06
"p505": 0
"p506": 0
"p507": 0
"p508": 0
"p509": 0
"p510": 0
"p511": 0
"p512": 0.0001279539967748066
"p513": 1.1290058538953523E-05
"p514": 0
"p515": 0
"p516": 1.6935087808430286E-05
"p517": 0
"p518": 0
"p519": 0
"p520": 0.0023069352947928364
"p521": 0.0006679951302214168
"p522": 0.00014112573173691902
"p523": 1.1290058538953523E-05
"p524": 0.00047418245863604794
"p525": 0.00014112573173691902
"p526": 1.3171734962112442E-05
"p527": 0
"p528": 9.408382115794602E-06
"p529": 5.645029269476761E-06
"p530": 0
"p531": 0
"p532": 0
"p533": 0
"p534": 0
"p535": 0
"p536": 5.64502926947676E-05
"p537": 3.7633528463178407E-06
"p538": 0
"p539": 0
"p540": 0
"p541": 0
"p542": 0
"p543": 0
"p544": 5.456861627160869E-05
"p545": 9.408382115794602E-06
"p546": 0
"p547": 0
"p548": 0
"p549": 0
"p550": 0
"p551": 0
"p552": 0.0012306163807459343
"p553": 0.00038386199032441974
"p554": 7.903040977267465E-05
"p555": 2.2580117077907045E-05
"p556": 0.00028789649274331484
"p557": 6.585867481056221E-05
"p558": 0
"p559": 0
"p560": 0.00014488908458323683
"p561": 4.704191057897301E-05
"p562": 7.5267056926356815E-06
"p563": 0
"p564": 0
"p565": 0
"p566": 0
