"p504": 0.02328574573659164
"p505": 0.008360288348095083
"p506": 0.0018308711597336295
"p507": 0.0002333278764717061
"p508": 0.020491456248200642
"p509": 0.008283139614745569
"p510": 0.0017537224263841137
"p511": 0.00013924405531376012
"p512": 0
"p513": 0
"p514": 0
"p515": 0
"p516": 0
"p517": 0
"p518": 0
"p519": 0
"p520": 2.0698440654748124E-05
"p521": 5.645029269476761E-06
"p522": 0
"p523": 0
"p524": 9.596549758110492E-05
"p525": 4.139688130949624E-05
"p526": 5.645029269476761E-06
"p527": 0
"p528": 0
"p529": 0
"p530": 0
"p531": 0
"p532": 3.010682277054273E-05
"p533": 1.1290058538953523E-05
"p534": 0
"p535": 0
"p536": 3.9515204886337324E-05
"p537": 9.408382115794602E-06
"p538": 0
"p539": 0
"p540": 8.843879188846925E-05
"p541": 3.575185204001949E-05
"p542": 0
"p543": 0
"p544": 7.5267056926356815E-06
"p545": 0
"p546": 0
"p547": 0
"p548": 3.7633528463178407E-06
"p549": 0
"p550": 0
"p551": 0
"p552": 0.00017499590735377962
"p553": 2.2580117077907045E-05
"p554": 5.645029269476761E-06
"p555": 0
"p556": 0.00020698440654748126
"p557": 4.516023415581409E-05
"p558": 1.1290058538953523E-05
"p559": 0
"p560": 3.010682277054273E-05
"p561": 3.7633528463178407E-06
"p562": 0
"p563": 0
"p564": 1.5053411385271363E-05
"p565": 0
"p566": 0
