"p504": 0
"p505": 0
"p506": 0
"p507": 0
"p508": 3.7633528463178407E-06
"p509": 0
"p510": 0
"p511": 0
"p512": 7.338538050319788E-05
"p513": 9.408382115794602E-06
"p514": 0
"p515": 0
"p516": 0.0002182744650864348
"p517": 2.6343469924224887E-05
"p518": 0
"p519": 0
"p520": 2.2580117077907045E-05
"p521": 5.645029269476761E-06
"p522": 0
"p523": 0
"p524": 6.962202765688005E-05
"p525": 1.3171734962112444E-05
"p526": 3.7633528463178407E-06
"p527": 0
"p528": 0
"p529": 0
"p530": 0
"p531": 0
"p532": 3.575185204001949E-05
"p533": 3.7633528463178407E-06
"p534": 0
"p535": 0
"p536": 0
"p537": 0
"p538": 0
"p539": 0
"p540": 0
"p541": 0
"p542": 0
"p543": 0
"p544": 0.0010292770034679296
"p545": 0.000353755167553877
"p546": 5.080526342529085E-05
"p547": 0
"p548": 0.0010066968863900222
"p549": 0.0003443467854380824
"p550": 6.209532196424438E-05
"p551": 0
"p552": 0.0005720296326403118
"p553": 0.0001938126715853688
"p554": 1.8816764231589204E-06
"p555": 0
"p556": 0.0005833196911792654
"p557": 0.0001542974666990315
"p558": 1.8816764231589204E-06
"p559": 0
"p560": 0.00038950701959389653
"p561": 6.774035123372114E-05
"p562": 0
"p563": 0
"p564": 0.0007131553643772309
"p565": 0.00019757602443168663
"p566": 5.645029269476761E-06
