"p504": 0
"p505": 0
"p506": 0
"p507": 0
"p508": 0
"p509": 0
"p510": 0
"p511": 0
"p512": 0.0009483649172720959
"p513": 0.00028601481632015586
"p514": 6.209532196424438E-05
"p515": 5.645029269476761E-06
"p516": 0.0009577732993878903
"p517": 0.00028225146347383805
"p518": 5.456861627160869E-05
"p519": 5.645029269476761E-06
"p520": 0.0005532128684087226
"p521": 0.00015994249596850823
"p522": 3.575185204001949E-05
"p523": 0
"p524": 0.00040079707813285006
"p525": 0.00010537387969689954
"p526": 2.6343469924224884E-05
"p527": 0
"p528": 0
"p529": 0
"p530": 0
"p531": 0
"p532": 5.833196911792653E-05
"p533": 5.645029269476761E-06
"p534": 0
"p535": 0
"p536": 0
"p537": 0
"p538": 0
"p539": 0
"p540": 0
"p541": 0
"p542": 0
"p543": 0
"p544": 0.0005964914261413777
"p545": 0.0002107477593937991
"p546": 4.516023415581409E-05
"p547": 1.1290058538953523E-05
"p548": 0.0006322432781813973
"p549": 0.00020886608297064017
"p550": 3.9515204886337324E-05
"p551": 1.1290058538953523E-05
"p552": 0.00025026296428013644
"p553": 0.00010537387969689952
"p554": 5.645029269476761E-06
"p555": 0
"p556": 9.408382115794602E-05
"p557": 4.516023415581409E-05
"p558": 0
"p559": 0
"p560": 0.0014526541986786864
"p561": 0.0004403122830191873
"p562": 5.080526342529085E-05
"p563": 0
"p564": 0.0020736074183211302
"p565": 0.0006736401594908933
"p566": 9.596549758110493E-05
