"p504": 0.017334003210139975
"p505": 0.00629420763546659
"p506": 0.0011572310002427363
"p507": 5.268693984844978E-05
"p508": 0.002767946018466772
"p509": 0.0008505177432678318
"p510": 9.596549758110493E-05
"p511": 5.645029269476761E-06
"p512": 0
"p513": 0
"p514": 0
"p515": 0
"p516": 0
"p517": 0
"p518": 0
"p519": 0
"p520": 6.39769983874033E-05
"p521": 1.1290058538953523E-05
"p522": 0
"p523": 0
"p524": 2.4461793501065966E-05
"p525": 5.645029269476761E-06
"p526": 0
"p527": 0
"p528": 1.6935087808430286E-05
"p529": 0
"p530": 0
"p531": 0
"p532": 0
"p533": 0
"p534": 0
"p535": 0
"p536": 0.00029542319843595046
"p537": 6.209532196424438E-05
"p538": 5.645029269476761E-06
"p539": 0
"p540": 7.526705692635681E-05
"p541": 2.6343469924224884E-05
"p542": 5.645029269476761E-06
"p543": 0
"p544": 0
"p545": 0
"p546": 0
"p547": 0
"p548": 0
"p549": 0
"p550": 0
"p551": 0
"p552": 3.7633528463178407E-06
"p553": 0
"p554": 0
"p555": 0
"p556": 0
"p557": 0
"p558": 0
"p559": 0
"p560": 9.408382115794602E-06
"p561": 0
"p562": 0
"p563": 0
"p564": 0
"p565": 0
"p566": 0
