"p504": 5.645029269476761E-06
"p505": 0
"p506": 0
"p507": 0
"p508": 1.5053411385271363E-05
"p509": 1.1290058538953523E-05
"p510": 0
"p511": 0
"p512": 0.001153467647396418
"p513": 0.0005080526342529085
"p514": 0.00012419064392848875
"p515": 3.7633528463178407E-06
"p516": 0.001247551468554364
"p517": 0.0003932703724402144
"p518": 6.0213645541085445E-05
"p519": 1.1290058538953523E-05
"p520": 0.010302178416795088
"p521": 0.004649622441625692
"p522": 0.0011459409417037825
"p523": 0.00011666393823585304
"p524": 0.015224643939778825
"p525": 0.007080748380347017
"p526": 0.0019607068329315952
"p527": 0.00023520955289486504
"p528": 0
"p529": 0
"p530": 0
"p531": 0
"p532": 0.00046289240009709436
"p533": 5.080526342529086E-05
"p534": 0
"p535": 0
"p536": 6.209532196424436E-05
"p537": 5.645029269476761E-06
"p538": 0
"p539": 0
"p540": 0.0006849302180298468
"p541": 0.00011854561465901196
"p542": 5.645029269476761E-06
"p543": 0
"p544": 0.00044595731228866414
"p545": 0.00019381267158536877
"p546": 4.892358700213193E-05
"p547": 0
"p548": 0.0006303616017582385
"p549": 0.00020886608297064017
"p550": 3.951520488633734E-05
"p551": 1.1290058538953523E-05
"p552": 0.004045604309791678
"p553": 0.0013435169661354693
"p554": 0.00021074775939379907
"p555": 1.3171734962112444E-05
"p556": 0.008584207842450996
"p557": 0.002814987929045744
"p558": 0.00038386199032441974
"p559": 1.5053411385271363E-05
"p560": 0.0005118159870992264
"p561": 0.00012042729108217089
"p562": 0
"p563": 0
"p564": 0.0016558752523798499
"p565": 0.0005626212505245172
"p566": 9.032046831162817E-05
