"p504": 0.02104090576376305
"p505": 0.007204939024275507
"p506": 0.0009483649172720959
"p507": 5.8331969117926534E-05
"p508": 0.007624552866639944
"p509": 0.002617411904614058
"p510": 0.0002935415220127916
"p511": 1.3171734962112444E-05
"p512": 0.0006981019529919595
"p513": 0.0001486524374295547
"p514": 1.3171734962112444E-05
"p515": 0
"p516": 0
"p517": 0
"p518": 0
"p519": 0
"p520": 9.972885042742277E-05
"p521": 0
"p522": 0
"p523": 0
"p524": 0.00011478226181269415
"p525": 2.8225146347383805E-05
"p526": 0
"p527": 0
"p528": 0.001302120084825973
"p529": 0.0002427362585875007
"p530": 7.5267056926356815E-06
"p531": 0
"p532": 0.00010725555612005845
"p533": 0
"p534": 0
"p535": 0
"p536": 0.00027848811062752024
"p537": 4.327855773265517E-05
"p538": 0
"p539": 0
"p540": 0.0007188003936467075
"p541": 0.00018816764231589203
"p542": 2.4461793501065963E-05
"p543": 0
"p544": 0.0019211916280452576
"p545": 0.0006435333367203508
"p546": 8.843879188846925E-05
"p547": 7.5267056926356815E-06
"p548": 1.1290058538953523E-05
"p549": 0
"p550": 0
"p551": 0
"p552": 0.0006981019529919597
"p553": 0.00024838128785697745
"p554": 4.1396881309496255E-05
"p555": 5.645029269476761E-06
"p556": 0.0007188003936467075
"p557": 0.00018816764231589203
"p558": 3.3870175616860565E-05
"p559": 1.8816764231589204E-06
"p560": 0.0051200415474154225
"p561": 0.001866623011773649
"p562": 0.00031047660982122185
"p563": 1.1290058538953523E-05
"p564": 9.972885042742278E-05
"p565": 1.3171734962112444E-05
"p566": 0
