"p504": 0
"p505": 0
"p506": 0
"p507": 0
"p508": 0
"p509": 0
"p510": 0
"p511": 0
"p512": 0.0016709286637651216
"p513": 0.0006153081903729668
"p514": 0.0001373623788906012
"p515": 1.5053411385271365E-05
"p516": 0.005197190280764938
"p517": 0.001988931979278979
"p518": 0.0003594001968233538
"p519": 2.4461793501065966E-05
"p520": 0.0006341249546045562
"p521": 0.00023144620004854718
"p522": 3.951520488633733E-05
"p523": 5.645029269476761E-06
"p524": 0.0021714545923253938
"p525": 0.000683048541606688
"p526": 0.00011478226181269414
"p527": 7.5267056926356815E-06
"p528": 0.0052630489555755
"p529": 0.0021639278866327585
"p530": 0.000541922809869769
"p531": 7.33853805031979E-05
"p532": 0.012127404547259246
"p533": 0.004926228875830055
"p534": 0.0012005095579753914
"p535": 0.00013548070246744229
"p536": 0.0024123091744897357
"p537": 0.0008618078018067857
"p538": 0.0001392440553137601
"p539": 7.5267056926356815E-06
"p540": 0.006493665336321434
"p541": 0.002389729057411829
"p542": 0.0004214955187875982
"p543": 2.0698440654748124E-05
"p544": 0.00029918655128226827
"p545": 0.0001091372325432174
"p546": 1.8816764231589207E-05
"p547": 0
"p548": 0.0013698604360596939
"p549": 0.0004384306065960285
"p550": 4.7041910578973E-05
"p551": 0
"p552": 8.655711546531033E-05
"p553": 2.4461793501065963E-05
"p554": 3.7633528463178407E-06
"p555": 0
"p556": 0.0002295645236253883
"p557": 5.833196911792653E-05
"p558": 1.3171734962112442E-05
"p559": 0
"p560": 0.0019155465987757809
"p561": 0.0005343961041771333
"p562": 5.645029269476761E-05
"p563": 0
"p564": 0.007739335128452639
"p565": 0.002594831787536151
"p566": 0.0003631635496696717
