"p504": 4.8923587002131926E-05
"p505": 0
"p506": 0
"p507": 0
"p508": 6.962202765688005E-05
"p509": 5.645029269476761E-06
"p510": 0
"p511": 0
"p512": 1.8816764231589203E-05
"p513": 0
"p514": 0
"p515": 0
"p516": 2.6343469924224887E-05
"p517": 1.8816764231589204E-06
"p518": 0
"p519": 0
"p520": 0.0002671980520885667
"p521": 3.3870175616860565E-05
"p522": 0
"p523": 0
"p524": 0.0002897781691664738
"p525": 5.833196911792653E-05
"p526": 0
"p527": 0
"p528": 0.0003594001968233538
"p529": 7.903040977267466E-05
"p530": 1.8816764231589204E-06
"p531": 0
"p532": 0.0002464996114338186
"p533": 3.7633528463178407E-05
"p534": 0
"p535": 0
"p536": 0.001366097083213376
"p537": 0.0004610107236739355
"p538": 5.080526342529085E-05
"p539": 0
"p540": 0.001486524374295547
"p541": 0.00047041910578973014
"p542": 6.39769983874033E-05
"p543": 0
"p544": 0
"p545": 0
"p546": 0
"p547": 0
"p548": 0
"p549": 0
"p550": 0
"p551": 0
"p552": 1.8816764231589203E-05
"p553": 1.8816764231589204E-06
"p554": 0
"p555": 0
"p556": 3.198849919370165E-05
"p557": 1.8816764231589204E-06
"p558": 0
"p559": 0
"p560": 5.2686939848449775E-05
"p561": 5.645029269476761E-06
"p562": 0
"p563": 0
"p564": 9.784717400426385E-05
"p565": 3.7633528463178407E-05
"p566": 3.7633528463178407E-06
