"p504": 0.004158504895181213
"p505": 0.0012362614100154107
"p506": 0.00018816764231589206
"p507": 1.8816764231589204E-06
"p508": 0.0025158013777634766
"p509": 0.0007884224213035876
"p510": 0.00011478226181269412
"p511": 5.645029269476761E-06
"p512": 0.00019945770085484554
"p513": 5.080526342529085E-05
"p514": 1.1290058538953523E-05
"p515": 0
"p516": 0
"p517": 0
"p518": 0
"p519": 0
"p520": 0.00013359902604428335
"p521": 1.8816764231589203E-05
"p522": 5.645029269476761E-06
"p523": 0
"p524": 5.268693984844977E-05
"p525": 5.645029269476761E-06
"p526": 1.8816764231589204E-06
"p527": 0
"p528": 0.0002671980520885667
"p529": 0.00010725555612005848
"p530": 3.0106822770542726E-05
"p531": 5.645029269476761E-06
"p532": 1.8816764231589204E-06
"p533": 1.8816764231589204E-06
"p534": 0
"p535": 0
"p536": 0.0003612818732465128
"p537": 0.00011854561465901196
"p538": 3.7633528463178407E-05
"p539": 5.645029269476761E-06
"p540": 0.00012983567319796552
"p541": 4.139688130949624E-05
"p542": 1.1290058538953523E-05
"p543": 0
"p544": 1.5053411385271363E-05
"p545": 0
"p546": 0
"p547": 0
"p548": 0
"p549": 0
"p550": 0
"p551": 0
"p552": 3.7633528463178407E-06
"p553": 0
"p554": 0
"p555": 0
"p556": 7.5267056926356815E-06
"p557": 0
"p558": 0
"p559": 0
"p560": 0.0002897781691664738
"p561": 0.00011666393823585305
"p562": 1.6935087808430286E-05
"p563": 0
"p564": 0
"p565": 0
"p566": 0
