"p504": 0.01647595876117951
"p505": 0.005733468061365232
"p506": 0.0011177157953563988
"p507": 0.00011290058538953522
"p508": 0.01843102056484163
"p509": 0.0077017015999894635
"p510": 0.0017311423093062067
"p511": 0.00014300740816007796
"p512": 0
"p513": 0
"p514": 0
"p515": 0
"p516": 1.3171734962112444E-05
"p517": 0
"p518": 0
"p519": 0
"p520": 9.408382115794602E-06
"p521": 0
"p522": 0
"p523": 0
"p524": 3.9515204886337324E-05
"p525": 1.8816764231589204E-06
"p526": 0
"p527": 0
"p528": 0
"p529": 0
"p530": 0
"p531": 0
"p532": 0
"p533": 0
"p534": 0
"p535": 0
"p536": 0
"p537": 0
"p538": 0
"p539": 0
"p540": 5.645029269476761E-06
"p541": 0
"p542": 0
"p543": 0
"p544": 1.6935087808430286E-05
"p545": 0
"p546": 0
"p547": 0
"p548": 1.3171734962112444E-05
"p549": 0
"p550": 0
"p551": 0
"p552": 0.00015241579027587258
"p553": 3.575185204001949E-05
"p554": 5.645029269476761E-06
"p555": 0
"p556": 0.00019945770085484557
"p557": 5.2686939848449775E-05
"p558": 5.645029269476761E-06
"p559": 0
"p560": 0
"p561": 0
"p562": 0
"p563": 0
"p564": 0
"p565": 0
"p566": 0
