"p504": 0.01792296793058872
"p505": 0.005724059679249436
"p506": 0.0008806245660383748
"p507": 3.575185204001949E-05
"p508": 0.0021131226232074677
"p509": 0.000658586748105622
"p510": 6.021364554108545E-05
"p511": 0
"p512": 0.0006811668651835292
"p513": 0.00018064093662325636
"p514": 2.2580117077907045E-05
"p515": 0
"p516": 5.080526342529086E-05
"p517": 1.1290058538953523E-05
"p518": 0
"p519": 0
"p520": 0.005411701393005054
"p521": 0.0019494167743926416
"p522": 0.0003819803139012609
"p523": 1.8816764231589203E-05
"p524": 0.001883558099582079
"p525": 0.0006679951302214168
"p526": 0.0001486524374295547
"p527": 1.8816764231589204E-06
"p528": 0.00012419064392848875
"p529": 0
"p530": 0
"p531": 0
"p532": 0
"p533": 0
"p534": 0
"p535": 0
"p536": 0.00018252261304641527
"p537": 1.6935087808430282E-05
"p538": 0
"p539": 0
"p540": 3.7633528463178407E-06
"p541": 0
"p542": 0
"p543": 0
"p544": 0.00021074775939379904
"p545": 3.9515204886337324E-05
"p546": 0
"p547": 0
"p548": 0
"p549": 0
"p550": 0
"p551": 0
"p552": 0.0017988826605399278
"p553": 0.0005362777806002922
"p554": 6.209532196424438E-05
"p555": 0
"p556": 0.0002878964927433148
"p557": 0.00010725555612005844
"p558": 2.0698440654748128E-05
"p559": 0
"p560": 0.0005908463968719009
"p561": 0.0001787592602000974
"p562": 2.4461793501065963E-05
"p563": 0
"p564": 0
"p565": 0
"p566": 0
