"p504": 0
"p505": 0
"p506": 0
"p507": 0
"p508": 0
"p509": 0
"p510": 0
"p511": 0
"p512": 0.0009803534164657974
"p513": 0.00028225146347383805
"p514": 5.456861627160869E-05
"p515": 5.645029269476761E-06
"p516": 1.3171734962112444E-05
"p517": 0
"p518": 0
"p519": 0
"p520": 0.001317173496211244
"p521": 0.00040079707813285
"p522": 9.784717400426387E-05
"p523": 5.645029269476761E-06
"p524": 0.000541922809869769
"p525": 0.00014300740816007796
"p526": 2.6343469924224884E-05
"p527": 0
"p528": 5.64502926947676E-05
"p529": 3.7633528463178407E-06
"p530": 0
"p531": 0
"p532": 1.8816764231589204E-06
"p533": 1.8816764231589204E-06
"p534": 0
"p535": 0
"p536": 0
"p537": 0
"p538": 0
"p539": 0
"p540": 0
"p541": 0
"p542": 0
"p543": 0
"p544": 0.0006322432781813973
"p545": 0.00020886608297064017
"p546": 3.9515204886337324E-05
"p547": 1.1290058538953523E-05
"p548": 0
"p549": 0
"p550": 0
"p551": 0
"p552": 0.000611544837526649
"p553": 0.00022203781793275258
"p554": 3.9515204886337324E-05
"p555": 1.1290058538953523E-05
"p556": 0.0002860148163201559
"p557": 8.279376261899251E-05
"p558": 0
"p559": 0
"p560": 0.0020867791532832424
"p561": 0.0006774035123372112
"p562": 9.596549758110493E-05
"p563": 0
"p564": 0
"p565": 0
"p566": 0
