"p504": 0.032330964302716585
"p505": 0.013331677458080955
"p506": 0.003131109568136444
"p507": 0.0003424651090149235
"p508": 0.0195318012723896
"p509": 0.007500362222711459
"p510": 0.0014620625807944812
"p511": 0.0001279539967748066
"p512": 2.2580117077907045E-05
"p513": 5.645029269476761E-06
"p514": 0
"p515": 0
"p516": 0
"p517": 0
"p518": 0
"p519": 0
"p520": 0
"p521": 0
"p522": 0
"p523": 0
"p524": 1.8816764231589204E-06
"p525": 1.8816764231589204E-06
"p526": 0
"p527": 0
"p528": 4.3278557732655166E-05
"p529": 1.8816764231589204E-06
"p530": 0
"p531": 0
"p532": 1.8816764231589204E-06
"p533": 0
"p534": 0
"p535": 0
"p536": 9.408382115794602E-06
"p537": 0
"p538": 0
"p539": 0
"p540": 1.5053411385271363E-05
"p541": 3.7633528463178407E-06
"p542": 3.7633528463178407E-06
"p543": 0
"p544": 5.268693984844977E-05
"p545": 1.1290058538953523E-05
"p546": 0
"p547": 0
"p548": 0
"p549": 0
"p550": 0
"p551": 0
"p552": 9.408382115794602E-06
"p553": 0
"p554": 0
"p555": 0
"p556": 2.4461793501065966E-05
"p557": 5.645029269476761E-06
"p558": 0
"p559": 0
"p560": 0.0002295645236253883
"p561": 6.585867481056221E-05
"p562": 5.645029269476761E-06
"p563": 0
"p564": 0
"p565": 0
"p566": 0
