"p504": 0.021490626428898034
"p505": 0.007842827331726381
"p506": 0.001539211314143997
"p507": 0.0001298356731979655
"p508": 0.013677905919942194
"p509": 0.005046656166912224
"p510": 0.0011214791482027165
"p511": 0.00015994249596850825
"p512": 8.655711546531033E-05
"p513": 3.575185204001948E-05
"p514": 5.645029269476761E-06
"p515": 0
"p516": 0
"p517": 0
"p518": 0
"p519": 0
"p520": 2.2580117077907045E-05
"p521": 5.645029269476761E-06
"p522": 0
"p523": 0
"p524": 9.408382115794602E-06
"p525": 7.5267056926356815E-06
"p526": 1.8816764231589204E-06
"p527": 0
"p528": 8.091208619583358E-05
"p529": 3.1988499193701654E-05
"p530": 0
"p531": 0
"p532": 1.8816764231589204E-06
"p533": 1.8816764231589204E-06
"p534": 0
"p535": 0
"p536": 3.387017561686057E-05
"p537": 1.1290058538953523E-05
"p538": 1.8816764231589204E-06
"p539": 1.8816764231589204E-06
"p540": 4.139688130949625E-05
"p541": 1.1290058538953523E-05
"p542": 1.8816764231589204E-06
"p543": 1.8816764231589204E-06
"p544": 0.00019945770085484557
"p545": 4.516023415581409E-05
"p546": 1.1290058538953523E-05
"p547": 0
"p548": 0
"p549": 0
"p550": 0
"p551": 0
"p552": 0.0001373623788906012
"p553": 1.8816764231589203E-05
"p554": 5.645029269476761E-06
"p555": 0
"p556": 5.6450292694767617E-05
"p557": 3.7633528463178407E-06
"p558": 0
"p559": 0
"p560": 0.0004403122830191873
"p561": 0.00017123255450746173
"p562": 4.139688130949625E-05
"p563": 5.645029269476761E-06
"p564": 0
"p565": 0
"p566": 0
