"p504": 0.030752237783686256
"p505": 0.010368037091605654
"p506": 0.0017781842198851803
"p507": 9.972885042742278E-05
"p508": 0.006807905298988975
"p509": 0.0022260232085970027
"p510": 0.00029542319843595046
"p511": 1.3171734962112444E-05
"p512": 1.3171734962112442E-05
"p513": 0
"p514": 0
"p515": 0
"p516": 0
"p517": 0
"p518": 0
"p519": 0
"p520": 0.0007978308034193822
"p521": 0.0001486524374295547
"p522": 1.3171734962112444E-05
"p523": 0
"p524": 2.822514634738381E-05
"p525": 1.8816764231589204E-06
"p526": 0
"p527": 0
"p528": 0.0005249877220613388
"p529": 6.774035123372114E-05
"p530": 1.8816764231589204E-06
"p531": 0
"p532": 0
"p533": 0
"p534": 0
"p535": 0
"p536": 0.001670928663765121
"p537": 0.0002860148163201559
"p538": 7.5267056926356815E-06
"p539": 0
"p540": 0.00017875926020009746
"p541": 1.6935087808430282E-05
"p542": 0
"p543": 0
"p544": 0.0001768775837769385
"p545": 2.8225146347383808E-05
"p546": 0
"p547": 0
"p548": 0
"p549": 0
"p550": 0
"p551": 0
"p552": 0.0026004768168056275
"p553": 0.0008862695953078515
"p554": 0.00012983567319796552
"p555": 1.3171734962112444E-05
"p556": 0.00042337719521075713
"p557": 0.00011290058538953522
"p558": 2.6343469924224887E-05
"p559": 1.8816764231589204E-06
"p560": 0.0007865407448804288
"p561": 0.00019945770085484557
"p562": 2.2580117077907045E-05
"p563": 0
"p564": 5.080526342529086E-05
"p565": 1.1290058538953523E-05
"p566": 0
