"p504": 0.03489945262032851
"p505": 0.014191603583464583
"p506": 0.00326094524133441
"p507": 0.0003650452260928306
"p508": 0.030594176964140896
"p509": 0.014366599490818362
"p510": 0.0037313643471241394
"p511": 0.0005550945448318814
"p512": 0
"p513": 0
"p514": 0
"p515": 0
"p516": 0
"p517": 0
"p518": 0
"p519": 0
"p520": 0
"p521": 0
"p522": 0
"p523": 0
"p524": 2.2580117077907045E-05
"p525": 5.645029269476761E-06
"p526": 0
"p527": 0
"p528": 0
"p529": 0
"p530": 0
"p531": 0
"p532": 1.5053411385271363E-05
"p533": 0
"p534": 0
"p535": 0
"p536": 9.408382115794602E-06
"p537": 0
"p538": 0
"p539": 0
"p540": 4.5160234155814084E-05
"p541": 1.8816764231589204E-06
"p542": 0
"p543": 0
"p544": 1.8816764231589204E-06
"p545": 0
"p546": 0
"p547": 0
"p548": 0
"p549": 0
"p550": 0
"p551": 0
"p552": 3.0106822770542726E-05
"p553": 5.645029269476761E-06
"p554": 0
"p555": 0
"p556": 5.456861627160869E-05
"p557": 1.1290058538953523E-05
"p558": 0
"p559": 0
"p560": 1.6935087808430286E-05
"p561": 0
"p562": 0
"p563": 0
"p564": 1.1290058538953523E-05
"p565": 0
"p566": 0
