"p504": 0.0029015450445110556
"p505": 0.0007451438635709326
"p506": 6.209532196424438E-05
"p507": 0
"p508": 0.0013679787596365348
"p509": 0.00039327037244021434
"p510": 3.951520488633733E-05
"p511": 0
"p512": 0.0014263107287544616
"p513": 0.0005118159870992264
"p514": 0.0001016105268505817
"p515": 1.8816764231589204E-06
"p516": 0.0050466561669122246
"p517": 0.0018572146296578545
"p518": 0.0003763352846317842
"p519": 1.8816764231589203E-05
"p520": 0.0003744536082086252
"p521": 9.784717400426387E-05
"p522": 9.408382115794602E-06
"p523": 0
"p524": 0.0021074775939379908
"p525": 0.0007244454229161844
"p526": 0.00010349220327374062
"p527": 0
"p528": 5.645029269476761E-06
"p529": 0
"p530": 0
"p531": 0
"p532": 0.00022391949435591148
"p533": 1.6935087808430282E-05
"p534": 0
"p535": 0
"p536": 0
"p537": 0
"p538": 0
"p539": 0
"p540": 2.6343469924224887E-05
"p541": 5.645029269476761E-06
"p542": 0
"p543": 0
"p544": 0.0002991865512822683
"p545": 0.00010913723254321738
"p546": 1.8816764231589203E-05
"p547": 0
"p548": 0.001723615603613571
"p549": 0.0005249877220613388
"p550": 6.021364554108545E-05
"p551": 0
"p552": 4.892358700213193E-05
"p553": 2.2580117077907045E-05
"p554": 3.7633528463178407E-06
"p555": 0
"p556": 0.0002935415220127916
"p557": 9.22021447347871E-05
"p558": 1.8816764231589203E-05
"p559": 0
"p560": 0.0006510600424129864
"p561": 0.00020698440654748118
"p562": 3.010682277054273E-05
"p563": 1.8816764231589204E-06
"p564": 0.004316565714726563
"p565": 0.0013660970832133764
"p566": 0.0001580608195453493
