"p504": 0
"p505": 0
"p506": 0
"p507": 0
"p508": 0
"p509": 0
"p510": 0
"p511": 0
"p512": 0.00020886608297064017
"p513": 5.8331969117926534E-05
"p514": 3.7633528463178407E-06
"p515": 0
"p516": 0.00039891540170969113
"p517": 8.279376261899248E-05
"p518": 9.408382115794602E-06
"p519": 0
"p520": 0.0020077487435105675
"p521": 0.0007037469822614362
"p522": 0.00014865243742955472
"p523": 1.5053411385271365E-05
"p524": 0.005861422058140037
"p525": 0.0021808629744411883
"p526": 0.00037257193178546626
"p527": 2.6343469924224887E-05
"p528": 0.0013284635547501976
"p529": 0.0005682662797939939
"p530": 0.00012419064392848873
"p531": 3.7633528463178407E-06
"p532": 0.002231668237866479
"p533": 0.0006378883074508741
"p534": 0.00010725555612005848
"p535": 2.2580117077907045E-05
"p536": 0.006749573329871048
"p537": 0.0025948317875361506
"p538": 0.0005814380147561063
"p539": 7.52670569263568E-05
"p540": 0.014893468889302859
"p541": 0.006113566698843333
"p542": 0.001469589286487117
"p543": 0.0001637058488148261
"p544": 5.2686939848449775E-05
"p545": 1.1290058538953523E-05
"p546": 0
"p547": 0
"p548": 5.080526342529084E-05
"p549": 1.8816764231589203E-05
"p550": 3.7633528463178407E-06
"p551": 0
"p552": 0.00035187349113071807
"p553": 0.00011666393823585307
"p554": 2.0698440654748124E-05
"p555": 0
"p556": 0.001462062580794481
"p557": 0.0004760641350592069
"p558": 4.7041910578973E-05
"p559": 0
"p560": 0.00022580117077907044
"p561": 5.080526342529085E-05
"p562": 0
"p563": 0
"p564": 0.0012550781742469998
"p565": 0.00039515204886337327
"p566": 5.645029269476761E-05
