"p504": 0.004009852457751659
"p505": 0.001134650883164829
"p506": 0.0001467707610063958
"p507": 0
"p508": 0.0013096467905186085
"p509": 0.00038386199032441974
"p510": 5.080526342529085E-05
"p511": 0
"p512": 0.001787592602000974
"p513": 0.0005739113090634706
"p514": 8.091208619583358E-05
"p515": 7.5267056926356815E-06
"p516": 1.1290058538953523E-05
"p517": 0
"p518": 0
"p519": 0
"p520": 0.0006341249546045563
"p521": 0.00023144620004854718
"p522": 3.951520488633733E-05
"p523": 5.645029269476761E-06
"p524": 0.0007169187172235485
"p525": 0.0001956943480085277
"p526": 3.3870175616860565E-05
"p527": 1.8816764231589204E-06
"p528": 0.004239416981377048
"p529": 0.0015203945499124077
"p530": 0.0002935415220127916
"p531": 1.1290058538953523E-05
"p532": 0.00014300740816007796
"p533": 1.3171734962112444E-05
"p534": 0
"p535": 0
"p536": 0.0021977980622496186
"p537": 0.0007827773920341109
"p538": 0.00014488908458323686
"p539": 7.5267056926356815E-06
"p540": 0.0033399756511070834
"p541": 0.0011534676473964182
"p542": 0.00021262943581695798
"p543": 1.8816764231589204E-06
"p544": 0.0005061709578297496
"p545": 0.00016370584881482606
"p546": 9.408382115794602E-06
"p547": 0
"p548": 0
"p549": 0
"p550": 0
"p551": 0
"p552": 0.00014488908458323686
"p553": 5.645029269476761E-05
"p554": 3.7633528463178407E-06
"p555": 0
"p556": 0.00011854561465901199
"p557": 5.080526342529086E-05
"p558": 1.3171734962112442E-05
"p559": 0
"p560": 0.0026230569338835342
"p561": 0.0007583155985330448
"p562": 4.139688130949625E-05
"p563": 0
"p564": 3.198849919370165E-05
"p565": 9.408382115794602E-06
"p566": 0
