"p504": 0.013476566542664192
"p505": 0.004711717763589937
"p506": 0.0008411093611520374
"p507": 6.962202765688005E-05
"p508": 0.008098735325275993
"p509": 0.002796171164814155
"p510": 0.00047041910578973003
"p511": 4.7041910578973015E-05
"p512": 3.76335284631784E-05
"p513": 1.8816764231589204E-06
"p514": 0
"p515": 0
"p516": 1.8816764231589204E-06
"p517": 0
"p518": 0
"p519": 0
"p520": 9.408382115794602E-06
"p521": 0
"p522": 0
"p523": 0
"p524": 1.5053411385271363E-05
"p525": 3.7633528463178407E-06
"p526": 3.7633528463178407E-06
"p527": 0
"p528": 5.645029269476761E-06
"p529": 0
"p530": 0
"p531": 0
"p532": 0
"p533": 0
"p534": 0
"p535": 0
"p536": 0
"p537": 0
"p538": 0
"p539": 0
"p540": 0
"p541": 0
"p542": 0
"p543": 0
"p544": 0.0001825226130464153
"p545": 5.2686939848449775E-05
"p546": 5.645029269476761E-06
"p547": 0
"p548": 0
"p549": 0
"p550": 0
"p551": 0
"p552": 0.00012607232035164768
"p553": 1.6935087808430286E-05
"p554": 0
"p555": 0
"p556": 0.00011666393823585305
"p557": 4.139688130949624E-05
"p558": 5.645029269476761E-06
"p559": 0
"p560": 9.032046831162818E-05
"p561": 1.8816764231589203E-05
"p562": 0
"p563": 0
"p564": 0
"p565": 0
"p566": 0
