"p504": 0.012101061077335017
"p505": 0.0037821696105494297
"p506": 0.0005513311919855636
"p507": 3.010682277054273E-05
"p508": 0.006420279955818237
"p509": 0.0021526378280938047
"p510": 0.0003895070195938964
"p511": 2.8225146347383805E-05
"p512": 0.005639384240207285
"p513": 0.002385965704565511
"p514": 0.0005682662797939941
"p515": 2.8225146347383808E-05
"p516": 9.032046831162818E-05
"p517": 1.8816764231589203E-05
"p518": 0
"p519": 0
"p520": 0.004403122830191874
"p521": 0.001962588509354754
"p522": 0.000425258871633916
"p523": 1.3171734962112444E-05
"p524": 0.0039703372528653216
"p525": 0.001537329637720838
"p526": 0.0002878964927433148
"p527": 9.408382115794602E-06
"p528": 0.00030671325697490405
"p529": 4.516023415581409E-05
"p530": 0
"p531": 0
"p532": 7.714873334951574E-05
"p533": 0
"p534": 0
"p535": 0
"p536": 7.5267056926356815E-06
"p537": 0
"p538": 0
"p539": 0
"p540": 3.575185204001949E-05
"p541": 5.645029269476761E-06
"p542": 0
"p543": 0
"p544": 0.003281643681989157
"p545": 0.001017986944928976
"p546": 9.596549758110495E-05
"p547": 1.8816764231589204E-06
"p548": 9.408382115794602E-06
"p549": 0
"p550": 0
"p551": 0
"p552": 0.00148087934502607
"p553": 0.0005193426927918622
"p554": 5.080526342529085E-05
"p555": 0
"p556": 0.000878742889615216
"p557": 0.00020886608297064017
"p558": 2.6343469924224887E-05
"p559": 0
"p560": 0.007854117390265335
"p561": 0.002568488317611926
"p562": 0.00028413313989699703
"p563": 9.408382115794602E-06
"p564": 3.9515204886337324E-05
"p565": 9.408382115794602E-06
"p566": 0
