"p504": 0.002641873698115124
"p505": 0.0006529417188361454
"p506": 3.387017561686057E-05
"p507": 0
"p508": 0.0010217502977752937
"p509": 0.0002803697870506791
"p510": 1.6935087808430286E-05
"p511": 0
"p512": 0.00022391949435591154
"p513": 2.6343469924224887E-05
"p514": 0
"p515": 0
"p516": 0.0014639442572176396
"p517": 0.0002766064342043613
"p518": 7.5267056926356815E-06
"p519": 0
"p520": 3.0106822770542726E-05
"p521": 0
"p522": 0
"p523": 0
"p524": 0.0005532128684087225
"p525": 0.00017123255450746176
"p526": 2.4461793501065963E-05
"p527": 0
"p528": 0
"p529": 0
"p530": 0
"p531": 0
"p532": 0.0001580608195453493
"p533": 5.645029269476761E-06
"p534": 0
"p535": 0
"p536": 0
"p537": 0
"p538": 0
"p539": 0
"p540": 0
"p541": 0
"p542": 0
"p543": 0
"p544": 0.001702917162958823
"p545": 0.0006040181318340134
"p546": 0.00012042729108217089
"p547": 1.8816764231589204E-06
"p548": 0.006657371185136259
"p549": 0.0022975269126770414
"p550": 0.0004365489301728696
"p551": 1.8816764231589203E-05
"p552": 0.00041773216594128033
"p553": 0.00011478226181269415
"p554": 1.1290058538953523E-05
"p555": 0
"p556": 0.0023313970882939024
"p557": 0.0007790140391877932
"p558": 0.00010913723254321738
"p559": 0
"p560": 0.0003217666683601754
"p561": 9.596549758110493E-05
"p562": 2.446179350106597E-05
"p563": 1.8816764231589204E-06
"p564": 0.0029504686315131867
"p565": 0.001059383826238472
"p566": 0.00014488908458323686
