"p504": 6.021364554108545E-05
"p505": 1.1290058538953523E-05
"p506": 0
"p507": 0
"p508": 0.0001110189089663763
"p509": 2.2580117077907045E-05
"p510": 0
"p511": 0
"p512": 5.080526342529086E-05
"p513": 5.645029269476761E-06
"p514": 0
"p515": 0
"p516": 0
"p517": 0
"p518": 0
"p519": 0
"p520": 0.0016182417239166713
"p521": 0.0004309039009033927
"p522": 6.962202765688005E-05
"p523": 5.645029269476761E-06
"p524": 0.0001110189089663763
"p525": 1.6935087808430286E-05
"p526": 0
"p527": 0
"p528": 0.0012814216441712246
"p529": 0.00027096140493488446
"p530": 2.6343469924224887E-05
"p531": 1.8816764231589204E-06
"p532": 0
"p533": 0
"p534": 0
"p535": 0
"p536": 0.003893188519515806
"p537": 0.0009690633579268439
"p538": 0.00012607232035164766
"p539": 7.5267056926356815E-06
"p540": 0.0005456861627160869
"p541": 9.22021447347871E-05
"p542": 1.1290058538953523E-05
"p543": 0
"p544": 0.00042714054805707494
"p545": 0.00010161052685058167
"p546": 1.3171734962112444E-05
"p547": 0
"p548": 1.6935087808430286E-05
"p549": 0
"p550": 0
"p551": 0
"p552": 0.006371356368816103
"p553": 0.0023878473809886705
"p554": 0.0004102054602486446
"p555": 2.4461793501065966E-05
"p556": 0.0022410766199822737
"p557": 0.0007037469822614362
"p558": 0.00013548070246744226
"p559": 1.3171734962112444E-05
"p560": 0.001765012484923067
"p561": 0.0005475678391392458
"p562": 0.00010349220327374062
"p563": 2.2580117077907045E-05
"p564": 0.0001956943480085277
"p565": 4.892358700213193E-05
"p566": 5.645029269476761E-06
