"p504": 0.028928893329645246
"p505": 0.01016293436148133
"p506": 0.00198705030285582
"p507": 0.00021827446508643477
"p508": 0.023251875560974782
"p509": 0.009154355798668148
"p510": 0.0018478062475420598
"p511": 0.0001373623788906012
"p512": 0
"p513": 0
"p514": 0
"p515": 0
"p516": 3.9515204886337324E-05
"p517": 1.8816764231589204E-06
"p518": 0
"p519": 0
"p520": 0.0005757929854866296
"p521": 0.0001580608195453493
"p522": 1.8816764231589204E-06
"p523": 0
"p524": 0.002188389680133824
"p525": 0.0006153081903729669
"p526": 3.951520488633733E-05
"p527": 1.8816764231589204E-06
"p528": 0.00012419064392848875
"p529": 0
"p530": 0
"p531": 0
"p532": 0.0008618078018067854
"p533": 0.0001016105268505817
"p534": 7.5267056926356815E-06
"p535": 0
"p536": 0.0006962202765688005
"p537": 0.00017123255450746173
"p538": 7.5267056926356815E-06
"p539": 0
"p540": 0.0023916107338349877
"p541": 0.0006228348960656024
"p542": 6.962202765688005E-05
"p543": 0
"p544": 3.198849919370165E-05
"p545": 1.8816764231589204E-06
"p546": 0
"p547": 0
"p548": 0.00023709122931802392
"p549": 3.575185204001948E-05
"p550": 0
"p551": 0
"p552": 0.0020566723305127
"p553": 0.0006040181318340134
"p554": 9.784717400426387E-05
"p555": 1.8816764231589204E-06
"p556": 0.006529417188361454
"p557": 0.002084897476860084
"p558": 0.0002935415220127916
"p559": 1.3171734962112444E-05
"p560": 0.00031988499193701646
"p561": 0.00010161052685058171
"p562": 1.8816764231589203E-05
"p563": 0
"p564": 0.000925784800194189
"p565": 0.0002878964927433148
"p566": 3.0106822770542726E-05
