"p504": 0.009572087964609429
"p505": 0.003176269802292257
"p506": 0.000521224369215021
"p507": 3.3870175616860565E-05
"p508": 0.00601383784841591
"p509": 0.0020077487435105684
"p510": 0.0003556368439770359
"p511": 2.8225146347383805E-05
"p512": 0.00023709122931802394
"p513": 8.27937626189925E-05
"p514": 2.6343469924224887E-05
"p515": 5.645029269476761E-06
"p516": 0
"p517": 0
"p518": 0
"p519": 0
"p520": 0.0003123582862443808
"p521": 9.972885042742278E-05
"p522": 3.3870175616860565E-05
"p523": 5.645029269476761E-06
"p524": 0.0001279539967748066
"p525": 4.327855773265517E-05
"p526": 1.3171734962112442E-05
"p527": 0
"p528": 9.408382115794602E-06
"p529": 3.7633528463178407E-06
"p530": 0
"p531": 0
"p532": 1.8816764231589204E-06
"p533": 1.8816764231589204E-06
"p534": 0
"p535": 0
"p536": 0
"p537": 0
"p538": 0
"p539": 0
"p540": 0
"p541": 0
"p542": 0
"p543": 0
"p544": 5.833196911792653E-05
"p545": 2.6343469924224887E-05
"p546": 3.7633528463178407E-06
"p547": 0
"p548": 0
"p549": 0
"p550": 0
"p551": 0
"p552": 4.8923587002131926E-05
"p553": 1.8816764231589203E-05
"p554": 3.7633528463178407E-06
"p555": 0
"p556": 1.1290058538953523E-05
"p557": 0
"p558": 0
"p559": 0
"p560": 0.0003838619903244198
"p561": 0.00013736237889060116
"p562": 1.6935087808430286E-05
"p563": 0
"p564": 0
"p565": 0
"p566": 0
