"p504": 0.010362392062336176
"p505": 0.00301444562990059
"p506": 0.00044407563586550526
"p507": 2.2580117077907045E-05
"p508": 0.009615366522342085
"p509": 0.003424651090149235
"p510": 0.0005249877220613388
"p511": 1.3171734962112444E-05
"p512": 0.00021827446508643474
"p513": 7.150370408003898E-05
"p514": 1.3171734962112444E-05
"p515": 0
"p516": 0.00073197212860882
"p517": 0.0001919309951622099
"p518": 2.2580117077907045E-05
"p519": 0
"p520": 0.0016031883125314002
"p521": 0.0005532128684087226
"p522": 0.00010537387969689955
"p523": 1.8816764231589204E-06
"p524": 0.005631857534514649
"p525": 0.0020867791532832424
"p526": 0.0004214955187875982
"p527": 1.8816764231589203E-05
"p528": 0
"p529": 0
"p530": 0
"p531": 0
"p532": 0.00012419064392848875
"p533": 0
"p534": 0
"p535": 0
"p536": 5.645029269476761E-06
"p537": 0
"p538": 0
"p539": 0
"p540": 0.00018064093662325633
"p541": 1.6935087808430282E-05
"p542": 0
"p543": 0
"p544": 1.8816764231589203E-05
"p545": 1.8816764231589204E-06
"p546": 0
"p547": 0
"p548": 0.00021074775939379904
"p549": 3.9515204886337324E-05
"p550": 0
"p551": 0
"p552": 0.0003217666683601754
"p553": 0.00011478226181269415
"p554": 2.0698440654748128E-05
"p555": 0
"p556": 0.0018082910426557223
"p557": 0.0005607395741013583
"p558": 6.774035123372113E-05
"p559": 0
"p560": 8.467543904215141E-05
"p561": 3.575185204001949E-05
"p562": 0
"p563": 0
"p564": 0.0005908463968719009
"p565": 0.0001787592602000974
"p566": 2.4461793501065963E-05
