"p504": 0
"p505": 0
"p506": 0
"p507": 0
"p508": 0
"p509": 0
"p510": 0
"p511": 0
"p512": 0.007526705692635683
"p513": 0.0027528926070815004
"p514": 0.0005400411334466102
"p515": 3.7633528463178407E-05
"p516": 2.0698440654748124E-05
"p517": 0
"p518": 0
"p519": 0
"p520": 0.0051990719571880974
"p521": 0.0019644701857779124
"p522": 0.0004177321659412803
"p523": 3.387017561686057E-05
"p524": 0.00456494700258354
"p525": 0.0013529253482512638
"p526": 0.00023144620004854718
"p527": 1.5053411385271363E-05
"p528": 0.011327692067416701
"p529": 0.005255522249882865
"p530": 0.0014865243742955472
"p531": 0.00019004931873905094
"p532": 0.0003123582862443808
"p533": 4.327855773265517E-05
"p534": 0
"p535": 0
"p536": 0.011824454643130656
"p537": 0.005534010360510384
"p538": 0.0014281924051776208
"p539": 0.00013359902604428335
"p540": 0.008599261253836265
"p541": 0.0034095976787639638
"p542": 0.000711273687954072
"p543": 4.327855773265517E-05
"p544": 0.0032816436819891564
"p545": 0.001017986944928976
"p546": 9.596549758110495E-05
"p547": 1.8816764231589204E-06
"p548": 0
"p549": 0
"p550": 0
"p551": 0
"p552": 0.0017179705743440945
"p553": 0.0005927280732950601
"p554": 5.8331969117926534E-05
"p555": 0
"p556": 0.0011835744701669607
"p557": 0.000306713256974904
"p558": 3.1988499193701654E-05
"p559": 0
"p560": 0.012413419363579398
"p561": 0.004226245246414935
"p562": 0.0006134265139498081
"p563": 4.516023415581409E-05
"p564": 3.198849919370165E-05
"p565": 9.408382115794602E-06
"p566": 0
