"p504": 0.011803756202475908
"p505": 0.0036598606430441
"p506": 0.0006905752472993238
"p507": 5.456861627160869E-05
"p508": 0.01359699383374636
"p509": 0.005108751488876469
"p510": 0.0009634183286573671
"p511": 3.7633528463178407E-05
"p512": 3.010682277054273E-05
"p513": 3.7633528463178407E-06
"p514": 0
"p515": 0
"p516": 1.5053411385271363E-05
"p517": 0
"p518": 0
"p519": 0
"p520": 0.0003180033155138575
"p521": 8.843879188846926E-05
"p522": 2.2580117077907045E-05
"p523": 5.645029269476761E-06
"p524": 0.0002671980520885667
"p525": 8.655711546531033E-05
"p526": 2.6343469924224887E-05
"p527": 5.645029269476761E-06
"p528": 0
"p529": 0
"p530": 0
"p531": 0
"p532": 5.645029269476761E-06
"p533": 5.645029269476761E-06
"p534": 0
"p535": 0
"p536": 0
"p537": 0
"p538": 0
"p539": 0
"p540": 9.408382115794602E-06
"p541": 3.7633528463178407E-06
"p542": 0
"p543": 0
"p544": 0
"p545": 0
"p546": 0
"p547": 0
"p548": 0
"p549": 0
"p550": 0
"p551": 0
"p552": 6.021364554108546E-05
"p553": 1.8816764231589203E-05
"p554": 3.7633528463178407E-06
"p555": 0
"p556": 5.833196911792653E-05
"p557": 2.6343469924224887E-05
"p558": 3.7633528463178407E-06
"p559": 0
"p560": 5.645029269476761E-06
"p561": 0
"p562": 0
"p563": 0
"p564": 2.8225146347383805E-05
"p565": 5.645029269476761E-06
"p566": 0
