"p504": 5.645029269476761E-06
"p505": 0
"p506": 0
"p507": 0
"p508": 1.1290058538953523E-05
"p509": 1.1290058538953523E-05
"p510": 0
"p511": 0
"p512": 0.0010217502977752937
"p513": 0.0004158504895181213
"p514": 9.032046831162817E-05
"p515": 3.7633528463178407E-06
"p516": 0.00153356628487452
"p517": 0.0004290222244802338
"p518": 6.774035123372114E-05
"p519": 1.1290058538953523E-05
"p520": 0.005699597885748369
"p521": 0.0021827446508643476
"p522": 0.0004986442521371139
"p523": 6.774035123372112E-05
"p524": 0.012703197532745873
"p525": 0.0052047169864575735
"p526": 0.0012701315856322715
"p527": 0.00014488908458323686
"p528": 0
"p529": 0
"p530": 0
"p531": 0
"p532": 0.0003443467854380824
"p533": 5.080526342529086E-05
"p534": 0
"p535": 0
"p536": 3.198849919370164E-05
"p537": 5.645029269476761E-06
"p538": 0
"p539": 0
"p540": 0.00043090390090339274
"p541": 5.833196911792653E-05
"p542": 5.645029269476761E-06
"p543": 0
"p544": 0.0004271405480570749
"p545": 0.00019193099516220984
"p546": 3.763352846317841E-05
"p547": 0
"p548": 0.0006021364554108545
"p549": 0.00021074775939379907
"p550": 4.516023415581409E-05
"p551": 1.1290058538953523E-05
"p552": 0.0017160888979209353
"p553": 0.0006115448375266492
"p554": 0.00011666393823585305
"p555": 7.5267056926356815E-06
"p556": 0.004749351292053114
"p557": 0.0016916271044198695
"p558": 0.00028413313989699703
"p559": 1.8816764231589203E-05
"p560": 0.00037633528463178407
"p561": 8.655711546531033E-05
"p562": 0
"p563": 0
"p564": 0.001460180904371322
"p565": 0.0004440756358655052
"p566": 6.39769983874033E-05
