"p504": 0
"p505": 0
"p506": 0
"p507": 0
"p508": 0
"p509": 0
"p510": 0
"p511": 0
"p512": 0.0007940674505730642
"p513": 0.00017499590735377957
"p514": 1.8816764231589203E-05
"p515": 0
"p516": 0.0032402468006796606
"p517": 0.0008561627725373087
"p518": 0.00011290058538953522
"p519": 7.5267056926356815E-06
"p520": 0.00013359902604428335
"p521": 1.8816764231589203E-05
"p522": 5.645029269476761E-06
"p523": 0
"p524": 0.0014959327564113417
"p525": 0.0005080526342529084
"p526": 9.596549758110495E-05
"p527": 1.3171734962112444E-05
"p528": 1.6935087808430286E-05
"p529": 0
"p530": 0
"p531": 0
"p532": 0.00038762534317073765
"p533": 6.021364554108546E-05
"p534": 5.645029269476761E-06
"p535": 0
"p536": 0
"p537": 0
"p538": 0
"p539": 0
"p540": 0
"p541": 0
"p542": 0
"p543": 0
"p544": 0.005767338236982091
"p545": 0.0023257520590244255
"p546": 0.0005739113090634706
"p547": 7.33853805031979E-05
"p548": 0.013907470443567585
"p549": 0.005477560067815618
"p550": 0.0012720132620554303
"p551": 0.00013548070246744229
"p552": 0.0025647249647656085
"p553": 0.0008956779774236462
"p554": 0.00014112573173691902
"p555": 7.5267056926356815E-06
"p556": 0.0071936489657365545
"p557": 0.0025402631712645425
"p558": 0.00043654893017286954
"p559": 2.0698440654748124E-05
"p560": 0.0020002220378179322
"p561": 0.0007338538050319789
"p562": 0.00015806081954534932
"p563": 1.3171734962112444E-05
"p564": 0.007733690099183162
"p565": 0.0029768121014374115
"p566": 0.0005494495155624048
