"p504": 3.7633528463178407E-06
"p505": 0
"p506": 0
"p507": 0
"p508": 0
"p509": 0
"p510": 0
"p511": 0
"p512": 0.0005155793399455441
"p513": 0.00011101890896637632
"p514": 9.408382115794602E-06
"p515": 0
"p516": 1.1290058538953523E-05
"p517": 0
"p518": 0
"p519": 0
"p520": 0.012221488368417188
"p521": 0.004467099828579277
"p522": 0.0008806245660383746
"p523": 6.585867481056221E-05
"p524": 0.0034246510901492343
"p525": 0.0009182580945015532
"p526": 0.00014300740816007798
"p527": 9.408382115794602E-06
"p528": 0.0019343633630073704
"p529": 0.0005889647204487421
"p530": 9.972885042742278E-05
"p531": 2.2580117077907045E-05
"p532": 0.0001204272910821709
"p533": 2.8225146347383808E-05
"p534": 0
"p535": 0
"p536": 0.02241829290551538
"p537": 0.010313468475334044
"p538": 0.002775472724159408
"p539": 0.00032929337405281106
"p540": 0.006871882297376378
"p541": 0.002732194166426752
"p542": 0.0006115448375266492
"p543": 4.327855773265517E-05
"p544": 5.8331969117926534E-05
"p545": 2.6343469924224887E-05
"p546": 3.7633528463178407E-06
"p547": 0
"p548": 0
"p549": 0
"p550": 0
"p551": 0
"p552": 0.00496386240429323
"p553": 0.0015900165775692876
"p554": 0.00015053411385271363
"p555": 1.8816764231589204E-06
"p556": 0.0010687922083542668
"p557": 0.00027284308135804345
"p558": 1.6935087808430282E-05
"p559": 0
"p560": 0.001484642697872388
"p561": 0.0004986442521371138
"p562": 8.279376261899248E-05
"p563": 1.8816764231589204E-06
"p564": 0
"p565": 0
"p566": 0
