"p504": 3.951520488633733E-05
"p505": 9.408382115794602E-06
"p506": 0
"p507": 0
"p508": 0.0001392440553137601
"p509": 3.575185204001949E-05
"p510": 0
"p511": 0
"p512": 0.0034679296478818894
"p513": 0.0011760477644743254
"p514": 0.00017687758377693853
"p515": 1.5053411385271365E-05
"p516": 0
"p517": 0
"p518": 0
"p519": 0
"p520": 0.0007282087757625022
"p521": 0.00018816764231589203
"p522": 9.408382115794602E-06
"p523": 0
"p524": 0.0010876089725858561
"p525": 0.00033493840332228785
"p526": 2.8225146347383805E-05
"p527": 0
"p528": 0.004203665129337028
"p529": 0.0012155629693606624
"p530": 0.00019193099516220984
"p531": 1.8816764231589203E-05
"p532": 0.00022768284720222937
"p533": 1.6935087808430282E-05
"p534": 0
"p535": 0
"p536": 0.0013284635547501978
"p537": 0.00040079707813285
"p538": 9.784717400426385E-05
"p539": 5.645029269476761E-06
"p540": 0.002500747966378205
"p541": 0.0008185292440741303
"p542": 0.00016182417239166713
"p543": 1.8816764231589203E-05
"p544": 0.008921027922196442
"p545": 0.003164979743753304
"p546": 0.0005983731025645368
"p547": 3.7633528463178407E-05
"p548": 2.0698440654748124E-05
"p549": 0
"p550": 0
"p551": 0
"p552": 0.0064390967200498245
"p553": 0.0023313970882939024
"p554": 0.0004760641350592069
"p555": 3.387017561686057E-05
"p556": 0.00512380490026174
"p557": 0.001445127492986051
"p558": 0.00023709122931802397
"p559": 1.5053411385271363E-05
"p560": 0.0177498536996581
"p561": 0.007530469045482
"p562": 0.0018760313938894436
"p563": 0.00022580117077907047
"p564": 0.00015053411385271363
"p565": 2.6343469924224887E-05
"p566": 0
