"p504": 0
"p505": 0
"p506": 0
"p507": 0
"p508": 0
"p509": 0
"p510": 0
"p511": 0
"p512": 0.00031612163909069865
"p513": 6.39769983874033E-05
"p514": 0
"p515": 0
"p516": 5.645029269476761E-06
"p517": 1.8816764231589204E-06
"p518": 0
"p519": 0
"p520": 0.00011101890896637629
"p521": 2.0698440654748124E-05
"p522": 1.8816764231589204E-06
"p523": 1.8816764231589204E-06
"p524": 0.00022203781793275258
"p525": 3.575185204001949E-05
"p526": 1.8816764231589204E-06
"p527": 1.8816764231589204E-06
"p528": 8.843879188846926E-05
"p529": 9.408382115794602E-06
"p530": 0
"p531": 0
"p532": 0
"p533": 0
"p534": 0
"p535": 0
"p536": 3.7633528463178407E-06
"p537": 0
"p538": 0
"p539": 0
"p540": 0
"p541": 0
"p542": 0
"p543": 0
"p544": 0.0015109861677966132
"p545": 0.0004666557529434123
"p546": 9.4083821157946E-05
"p547": 1.6935087808430286E-05
"p548": 1.3171734962112444E-05
"p549": 0
"p550": 0
"p551": 0
"p552": 0.0018496879239652186
"p553": 0.0006002547789876956
"p554": 0.0001373623788906012
"p555": 1.6935087808430286E-05
"p556": 0.0007884224213035876
"p557": 0.00021074775939379907
"p558": 2.4461793501065963E-05
"p559": 0
"p560": 0.0017574857792304315
"p561": 0.0005362777806002923
"p562": 9.220214473478709E-05
"p563": 0
"p564": 0
"p565": 0
"p566": 0
