"p504": 0
"p505": 0
"p506": 0
"p507": 0
"p508": 3.7633528463178407E-06
"p509": 0
"p510": 0
"p511": 0
"p512": 9.408382115794602E-06
"p513": 0
"p514": 0
"p515": 0
"p516": 7.526705692635681E-05
"p517": 1.3171734962112444E-05
"p518": 0
"p519": 0
"p520": 0.0002051027301243223
"p521": 2.0698440654748124E-05
"p522": 0
"p523": 0
"p524": 0.00033117505047597
"p525": 6.774035123372113E-05
"p526": 0
"p527": 0
"p528": 0
"p529": 0
"p530": 0
"p531": 0
"p532": 0
"p533": 0
"p534": 0
"p535": 0
"p536": 3.7633528463178407E-06
"p537": 0
"p538": 0
"p539": 0
"p540": 8.843879188846926E-05
"p541": 9.408382115794602E-06
"p542": 0
"p543": 0
"p544": 0.0003029499041285862
"p545": 8.091208619583358E-05
"p546": 1.3171734962112442E-05
"p547": 0
"p548": 0.0001938126715853688
"p549": 2.2580117077907045E-05
"p550": 0
"p551": 0
"p552": 0.002037855566281111
"p553": 0.0006284799253350794
"p554": 0.00012419064392848875
"p555": 1.6935087808430286E-05
"p556": 0.0018609779825041724
"p557": 0.0005870830440255831
"p558": 0.00010725555612005845
"p559": 1.6935087808430286E-05
"p560": 4.327855773265517E-05
"p561": 1.1290058538953523E-05
"p562": 0
"p563": 0
"p564": 3.575185204001949E-05
"p565": 1.1290058538953523E-05
"p566": 0
