"p504": 0.01444562990059103
"p505": 0.004389951095229763
"p506": 0.0007300904521856612
"p507": 5.080526342529086E-05
"p508": 0.015226525616201983
"p509": 0.005496376832047205
"p510": 0.0009069680359625998
"p511": 3.0106822770542726E-05
"p512": 0.0002973048748591094
"p513": 9.97288504274228E-05
"p514": 1.8816764231589203E-05
"p515": 0
"p516": 0.0008335826554594018
"p517": 0.00025778966997277205
"p518": 3.0106822770542726E-05
"p519": 0
"p520": 0.00394023043009478
"p521": 0.001661520281649327
"p522": 0.0003274116976296522
"p523": 1.1290058538953523E-05
"p524": 0.008326418172478225
"p525": 0.003563895145462995
"p526": 0.0008523994196909908
"p527": 3.9515204886337324E-05
"p528": 0
"p529": 0
"p530": 0
"p531": 0
"p532": 0.00020886608297064017
"p533": 0
"p534": 0
"p535": 0
"p536": 2.2580117077907045E-05
"p537": 0
"p538": 0
"p539": 0
"p540": 0.00030671325697490405
"p541": 4.516023415581409E-05
"p542": 0
"p543": 0
"p544": 3.198849919370165E-05
"p545": 1.8816764231589204E-06
"p546": 0
"p547": 0
"p548": 0.0002709614049348845
"p549": 5.833196911792653E-05
"p550": 0
"p551": 0
"p552": 0.001157231000242736
"p553": 0.00035187349113071807
"p554": 3.7633528463178407E-05
"p555": 0
"p556": 0.004261997098454953
"p557": 0.0013510436718281048
"p558": 0.00012983567319796555
"p559": 1.8816764231589204E-06
"p560": 0.0001561791431221904
"p561": 5.456861627160869E-05
"p562": 0
"p563": 0
"p564": 0.0008091208619583356
"p565": 0.00024838128785697745
"p566": 4.1396881309496255E-05
