"p504": 0.027470594101697086
"p505": 0.01058442988026893
"p506": 0.0022843551777149296
"p507": 0.0001956943480085277
"p508": 0.007366763196667174
"p509": 0.002542144847687701
"p510": 0.00047794581148236575
"p511": 5.2686939848449775E-05
"p512": 1.3171734962112444E-05
"p513": 0
"p514": 0
"p515": 0
"p516": 0
"p517": 0
"p518": 0
"p519": 0
"p520": 4.7041910578973E-05
"p521": 1.8816764231589204E-06
"p522": 0
"p523": 0
"p524": 1.8816764231589204E-06
"p525": 0
"p526": 0
"p527": 0
"p528": 0
"p529": 0
"p530": 0
"p531": 0
"p532": 0
"p533": 0
"p534": 0
"p535": 0
"p536": 5.645029269476761E-06
"p537": 0
"p538": 0
"p539": 0
"p540": 0
"p541": 0
"p542": 0
"p543": 0
"p544": 1.3171734962112444E-05
"p545": 0
"p546": 0
"p547": 0
"p548": 0
"p549": 0
"p550": 0
"p551": 0
"p552": 0.00029354152201279153
"p553": 6.209532196424438E-05
"p554": 5.645029269476761E-06
"p555": 0
"p556": 7.526705692635681E-05
"p557": 2.6343469924224884E-05
"p558": 5.645029269476761E-06
"p559": 0
"p560": 0
"p561": 0
"p562": 0
"p563": 0
"p564": 0
"p565": 0
"p566": 0
