"p504": 0
"p505": 0
"p506": 0
"p507": 0
"p508": 3.7633528463178407E-06
"p509": 0
"p510": 0
"p511": 0
"p512": 0.00028225146347383805
"p513": 6.585867481056221E-05
"p514": 3.7633528463178407E-06
"p515": 0
"p516": 0.0005099343106760673
"p517": 0.00011101890896637632
"p518": 9.408382115794602E-06
"p519": 0
"p520": 0.005409819716581896
"p521": 0.0019400083922768473
"p522": 0.00039891540170969113
"p523": 3.575185204001949E-05
"p524": 0.01030594176964141
"p525": 0.003691849142237802
"p526": 0.0006661134537982577
"p527": 4.327855773265516E-05
"p528": 0.0014074939645228723
"p529": 0.0006510600424129864
"p530": 0.0001693508780843028
"p531": 3.7633528463178407E-06
"p532": 0.0019475350979694826
"p533": 0.0005795563383329475
"p534": 9.408382115794602E-05
"p535": 2.2580117077907045E-05
"p536": 0.011869614877286471
"p537": 0.005317617571847109
"p538": 0.0012927117027101782
"p539": 0.0001298356731979655
"p540": 0.016970839660470305
"p541": 0.007921857741499056
"p542": 0.0021620462102096
"p543": 0.0002483812878569775
"p544": 6.962202765688005E-05
"p545": 1.8816764231589203E-05
"p546": 0
"p547": 0
"p548": 5.8331969117926534E-05
"p549": 2.6343469924224887E-05
"p550": 3.7633528463178407E-06
"p551": 0
"p552": 0.0016634019580724856
"p553": 0.0004779458114823657
"p554": 4.8923587002131926E-05
"p555": 0
"p556": 0.004448283064347688
"p557": 0.001416902346638667
"p558": 0.00012230896750532982
"p559": 1.8816764231589204E-06
"p560": 0.0003274116976296521
"p561": 7.526705692635681E-05
"p562": 0
"p563": 0
"p564": 0.001484642697872388
"p565": 0.0004986442521371138
"p566": 8.279376261899248E-05
