"p504": 3.7633528463178407E-06
"p505": 0
"p506": 0
"p507": 0
"p508": 0
"p509": 0
"p510": 0
"p511": 0
"p512": 7.526705692635681E-05
"p513": 1.3171734962112444E-05
"p514": 0
"p515": 0
"p516": 0
"p517": 0
"p518": 0
"p519": 0
"p520": 0.00040079707813285006
"p521": 7.33853805031979E-05
"p522": 0
"p523": 0
"p524": 0.0001467707610063958
"p525": 1.5053411385271365E-05
"p526": 0
"p527": 0
"p528": 0
"p529": 0
"p530": 0
"p531": 0
"p532": 0
"p533": 0
"p534": 0
"p535": 0
"p536": 9.220214473478711E-05
"p537": 9.408382115794602E-06
"p538": 0
"p539": 0
"p540": 0
"p541": 0
"p542": 0
"p543": 0
"p544": 0.00018816764231589203
"p545": 2.2580117077907045E-05
"p546": 0
"p547": 0
"p548": 1.6935087808430286E-05
"p549": 0
"p550": 0
"p551": 0
"p552": 0.0033700824738776263
"p553": 0.0010104602392363403
"p554": 0.00022015614150959367
"p555": 3.387017561686057E-05
"p556": 0.0007470255399940914
"p557": 0.0001994577008548455
"p558": 1.3171734962112442E-05
"p559": 0
"p560": 3.575185204001949E-05
"p561": 1.1290058538953523E-05
"p562": 0
"p563": 0
"p564": 0
"p565": 0
"p566": 0
