"p504": 0.01001992695332125
"p505": 0.0031386362738290803
"p506": 0.0001392440553137601
"p507": 1.8816764231589204E-06
"p508": 0.004017379163444294
"p509": 0.0012908300262870192
"p510": 6.209532196424438E-05
"p511": 1.8816764231589204E-06
"p512": 3.198849919370165E-05
"p513": 3.7633528463178407E-06
"p514": 0
"p515": 0
"p516": 0.0007940674505730643
"p517": 0.0001486524374295547
"p518": 1.3171734962112444E-05
"p519": 0
"p520": 1.8816764231589204E-06
"p521": 0
"p522": 0
"p523": 0
"p524": 8.655711546531035E-05
"p525": 2.6343469924224887E-05
"p526": 0
"p527": 0
"p528": 0.00022391949435591154
"p529": 2.6343469924224887E-05
"p530": 0
"p531": 0
"p532": 0.001616360047493512
"p533": 0.0002822514634738381
"p534": 7.5267056926356815E-06
"p535": 0
"p536": 3.0106822770542726E-05
"p537": 0
"p538": 0
"p539": 0
"p540": 0.0005532128684087225
"p541": 0.00017123255450746176
"p542": 2.4461793501065963E-05
"p543": 0
"p544": 0.00040079707813285
"p545": 0.0001279539967748066
"p546": 2.6343469924224887E-05
"p547": 1.8816764231589204E-06
"p548": 0.0025383814948413833
"p549": 0.0008674528310762623
"p550": 0.00012983567319796552
"p551": 1.3171734962112444E-05
"p552": 4.704191057897301E-05
"p553": 9.408382115794602E-06
"p554": 0
"p555": 0
"p556": 0.00039515204886337327
"p557": 8.27937626189925E-05
"p558": 7.5267056926356815E-06
"p559": 0
"p560": 0.0017160888979209353
"p561": 0.0006040181318340134
"p562": 0.00012042729108217089
"p563": 1.8816764231589204E-06
"p564": 0.006960321089264847
"p565": 0.0026136485517677405
"p566": 0.0004421939594423464
