"p504": 7.5267056926356815E-06
"p505": 0
"p506": 0
"p507": 0
"p508": 7.5267056926356815E-06
"p509": 0
"p510": 0
"p511": 0
"p512": 0.00010537387969689952
"p513": 2.2580117077907045E-05
"p514": 0
"p515": 0
"p516": 0.0003029499041285862
"p517": 7.338538050319788E-05
"p518": 5.645029269476761E-06
"p519": 0
"p520": 9.408382115794602E-06
"p521": 0
"p522": 0
"p523": 0
"p524": 2.0698440654748124E-05
"p525": 1.8816764231589204E-06
"p526": 1.8816764231589204E-06
"p527": 0
"p528": 0.00020133937727800444
"p529": 2.0698440654748124E-05
"p530": 0
"p531": 0
"p532": 0.00041773216594128033
"p533": 7.903040977267466E-05
"p534": 0
"p535": 0
"p536": 3.387017561686057E-05
"p537": 1.1290058538953523E-05
"p538": 1.8816764231589204E-06
"p539": 1.8816764231589204E-06
"p540": 9.22021447347871E-05
"p541": 2.0698440654748124E-05
"p542": 1.8816764231589204E-06
"p543": 1.8816764231589204E-06
"p544": 0.0007865407448804287
"p545": 0.0001956943480085277
"p546": 2.4461793501065966E-05
"p547": 0
"p548": 0.0009239031237710299
"p549": 0.00023709122931802394
"p550": 3.0106822770542726E-05
"p551": 0
"p552": 0.00029730487485910944
"p553": 4.3278557732655166E-05
"p554": 0
"p555": 0
"p556": 0.00021262943581695798
"p557": 3.0106822770542726E-05
"p558": 0
"p559": 0
"p560": 0.0017781842198851799
"p561": 0.0005776746619097886
"p562": 0.00012419064392848873
"p563": 1.6935087808430286E-05
"p564": 0.002150756151670646
"p565": 0.0007037469822614361
"p566": 0.0001392440553137601
