"p504": 1.5053411385271363E-05
"p505": 3.7633528463178407E-06
"p506": 0
"p507": 0
"p508": 5.456861627160869E-05
"p509": 3.7633528463178407E-06
"p510": 0
"p511": 0
"p512": 0.0006115448375266492
"p513": 0.00015241579027587253
"p514": 1.3171734962112442E-05
"p515": 0
"p516": 1.6935087808430286E-05
"p517": 0
"p518": 0
"p519": 0
"p520": 0.0007282087757625021
"p521": 0.00018816764231589203
"p522": 9.408382115794602E-06
"p523": 0
"p524": 0.0006002547789876957
"p525": 0.00014112573173691902
"p526": 7.5267056926356815E-06
"p527": 0
"p528": 3.3870175616860565E-05
"p529": 1.8816764231589204E-06
"p530": 0
"p531": 0
"p532": 1.8816764231589204E-06
"p533": 0
"p534": 0
"p535": 0
"p536": 0
"p537": 0
"p538": 0
"p539": 0
"p540": 5.645029269476761E-06
"p541": 0
"p542": 0
"p543": 0
"p544": 0.00044595731228866414
"p545": 0.00019381267158536877
"p546": 4.8923587002131926E-05
"p547": 0
"p548": 0
"p549": 0
"p550": 0
"p551": 0
"p552": 0.0004873541935981603
"p553": 0.00023520955289486507
"p554": 2.634346992422489E-05
"p555": 0
"p556": 0.00024085458216434178
"p557": 0.00010161052685058169
"p558": 1.1290058538953523E-05
"p559": 0
"p560": 0.0009596549758110495
"p561": 0.00025402631712645424
"p562": 9.408382115794602E-06
"p563": 0
"p564": 0
"p565": 0
"p566": 0
