"p504": 0.02148498139962856
"p505": 0.007031824793344889
"p506": 0.001100780707547969
"p507": 6.774035123372113E-05
"p508": 0.014095638085883471
"p509": 0.0053514877474639694
"p510": 0.0009446015644257779
"p511": 4.3278557732655166E-05
"p512": 0
"p513": 0
"p514": 0
"p515": 0
"p516": 1.3171734962112442E-05
"p517": 0
"p518": 0
"p519": 0
"p520": 3.387017561686057E-05
"p521": 3.7633528463178407E-06
"p522": 0
"p523": 0
"p524": 0.0007940674505730643
"p525": 0.0001486524374295547
"p526": 1.3171734962112444E-05
"p527": 0
"p528": 7.5267056926356815E-06
"p529": 0
"p530": 0
"p531": 0
"p532": 0.0006265982489119205
"p533": 6.774035123372114E-05
"p534": 1.8816764231589204E-06
"p535": 0
"p536": 0.00024273625858750074
"p537": 2.6343469924224887E-05
"p538": 0
"p539": 0
"p540": 0.0015147495206429306
"p541": 0.0002822514634738381
"p542": 7.5267056926356815E-06
"p543": 0
"p544": 2.0698440654748124E-05
"p545": 1.8816764231589204E-06
"p546": 0
"p547": 0
"p548": 0.0001768775837769385
"p549": 2.8225146347383808E-05
"p550": 0
"p551": 0
"p552": 0.0004290222244802338
"p553": 0.00013171734962112442
"p554": 2.6343469924224887E-05
"p555": 1.8816764231589204E-06
"p556": 0.0026061218460751035
"p557": 0.0008730978603457391
"p558": 0.00012983567319796552
"p559": 1.3171734962112444E-05
"p560": 0.00023520955289486504
"p561": 7.338538050319788E-05
"p562": 1.3171734962112444E-05
"p563": 0
"p564": 0.0008373460083057195
"p565": 0.0002107477593937991
"p566": 2.2580117077907045E-05
