"p504": 0.013452104749163123
"p505": 0.004395596124499238
"p506": 0.0006454150131435097
"p507": 1.3171734962112444E-05
"p508": 0.0020303288605884747
"p509": 0.0006981019529919595
"p510": 0.00011478226181269414
"p511": 5.645029269476761E-06
"p512": 0.00024461793501065964
"p513": 3.575185204001948E-05
"p514": 0
"p515": 0
"p516": 0
"p517": 0
"p518": 0
"p519": 0
"p520": 0.006154963580152829
"p521": 0.0020641990362053352
"p522": 0.00031800331551385747
"p523": 1.5053411385271363E-05
"p524": 0.0012136812929375036
"p525": 0.000284133139896997
"p526": 4.3278557732655166E-05
"p527": 0
"p528": 0.0010687922083542668
"p529": 0.00027096140493488457
"p530": 3.0106822770542726E-05
"p531": 0
"p532": 6.021364554108545E-05
"p533": 1.6935087808430286E-05
"p534": 0
"p535": 0
"p536": 0.010729318964852165
"p537": 0.004606343883893037
"p538": 0.0010537387969689954
"p539": 4.139688130949625E-05
"p540": 0.0029354152201279157
"p541": 0.0011120707660869221
"p542": 0.0002258011707790705
"p543": 9.408382115794602E-06
"p544": 1.5053411385271363E-05
"p545": 0
"p546": 0
"p547": 0
"p548": 0
"p549": 0
"p550": 0
"p551": 0
"p552": 0.002568488317611926
"p553": 0.0008787428896152158
"p554": 4.1396881309496255E-05
"p555": 1.8816764231589204E-06
"p556": 0.0003274116976296522
"p557": 7.714873334951574E-05
"p558": 5.645029269476761E-06
"p559": 0
"p560": 0.0007451438635709322
"p561": 0.00024085458216434178
"p562": 4.1396881309496255E-05
"p563": 0
"p564": 0
"p565": 0
"p566": 0
