"p504": 0.0008542810961141498
"p505": 0.0002521446407032953
"p506": 3.9515204886337324E-05
"p507": 1.8816764231589204E-06
"p508": 0.0009032046831162816
"p509": 0.0002690797285117256
"p510": 2.4461793501065963E-05
"p511": 0
"p512": 0.00014300740816007796
"p513": 2.2580117077907045E-05
"p514": 5.645029269476761E-06
"p515": 0
"p516": 0.00019945770085484554
"p517": 5.080526342529085E-05
"p518": 1.1290058538953523E-05
"p519": 0
"p520": 3.0106822770542726E-05
"p521": 0
"p522": 0
"p523": 0
"p524": 1.3171734962112444E-05
"p525": 1.8816764231589204E-06
"p526": 1.8816764231589204E-06
"p527": 0
"p528": 0.0002860148163201559
"p529": 9.22021447347871E-05
"p530": 2.6343469924224884E-05
"p531": 5.645029269476761E-06
"p532": 0.00026907972851172564
"p533": 0.0001091372325432174
"p534": 3.0106822770542726E-05
"p535": 5.645029269476761E-06
"p536": 0.00013736237889060116
"p537": 4.516023415581409E-05
"p538": 1.1290058538953523E-05
"p539": 0
"p540": 6.774035123372113E-05
"p541": 2.2580117077907045E-05
"p542": 1.1290058538953523E-05
"p543": 0
"p544": 1.1290058538953523E-05
"p545": 0
"p546": 0
"p547": 0
"p548": 1.5053411385271363E-05
"p549": 0
"p550": 0
"p551": 0
"p552": 0
"p553": 0
"p554": 0
"p555": 0
"p556": 0
"p557": 0
"p558": 0
"p559": 0
"p560": 0.00012607232035164766
"p561": 4.8923587002131926E-05
"p562": 5.645029269476761E-06
"p563": 0
"p564": 0.0002897781691664738
"p565": 0.00011666393823585305
"p566": 1.6935087808430286E-05
