"p504": 0.001512867844219772
"p505": 0.0003989154017096912
"p506": 3.9515204886337324E-05
"p507": 1.8816764231589204E-06
"p508": 0.0018515696003883772
"p509": 0.0006755218359140524
"p510": 8.467543904215141E-05
"p511": 3.7633528463178407E-06
"p512": 2.8225146347383805E-05
"p513": 5.645029269476761E-06
"p514": 0
"p515": 0
"p516": 5.645029269476761E-05
"p517": 1.1290058538953523E-05
"p518": 0
"p519": 0
"p520": 1.8816764231589204E-06
"p521": 0
"p522": 0
"p523": 0
"p524": 3.7633528463178407E-06
"p525": 1.8816764231589204E-06
"p526": 0
"p527": 0
"p528": 0.00013548070246744229
"p529": 3.575185204001949E-05
"p530": 5.645029269476761E-06
"p531": 0
"p532": 0.0001862859658927331
"p533": 5.2686939848449775E-05
"p534": 5.645029269476761E-06
"p535": 0
"p536": 4.516023415581409E-05
"p537": 7.5267056926356815E-06
"p538": 0
"p539": 0
"p540": 6.209532196424438E-05
"p541": 1.5053411385271363E-05
"p542": 0
"p543": 0
"p544": 1.8816764231589204E-06
"p545": 0
"p546": 0
"p547": 0
"p548": 1.8816764231589204E-06
"p549": 0
"p550": 0
"p551": 0
"p552": 0
"p553": 0
"p554": 0
"p555": 0
"p556": 0
"p557": 0
"p558": 0
"p559": 0
"p560": 2.2580117077907045E-05
"p561": 5.645029269476761E-06
"p562": 0
"p563": 0
"p564": 0.00010537387969689954
"p565": 2.0698440654748124E-05
"p566": 0
