"p504": 0.003104766098212218
"p505": 0.0010330403563142472
"p506": 0.00011854561465901196
"p507": 7.5267056926356815E-06
"p508": 0.002224141532173844
"p509": 0.0007639606278025217
"p510": 9.596549758110493E-05
"p511": 3.7633528463178407E-06
"p512": 0.00024273625858750077
"p513": 7.338538050319791E-05
"p514": 2.2580117077907045E-05
"p515": 5.645029269476761E-06
"p516": 0.00023709122931802394
"p517": 8.27937626189925E-05
"p518": 2.6343469924224887E-05
"p519": 5.645029269476761E-06
"p520": 0.00012795399677480656
"p521": 4.516023415581409E-05
"p522": 1.1290058538953523E-05
"p523": 0
"p524": 6.962202765688005E-05
"p525": 2.4461793501065966E-05
"p526": 1.3171734962112442E-05
"p527": 0
"p528": 0
"p529": 0
"p530": 0
"p531": 0
"p532": 1.1290058538953523E-05
"p533": 5.645029269476761E-06
"p534": 0
"p535": 0
"p536": 0
"p537": 0
"p538": 0
"p539": 0
"p540": 0
"p541": 0
"p542": 0
"p543": 0
"p544": 5.080526342529084E-05
"p545": 1.8816764231589203E-05
"p546": 3.7633528463178407E-06
"p547": 0
"p548": 5.833196911792653E-05
"p549": 2.6343469924224887E-05
"p550": 3.7633528463178407E-06
"p551": 0
"p552": 9.408382115794602E-06
"p553": 0
"p554": 0
"p555": 0
"p556": 0
"p557": 0
"p558": 0
"p559": 0
"p560": 0.00019945770085484554
"p561": 6.021364554108546E-05
"p562": 5.645029269476761E-06
"p563": 0
"p564": 0.0003838619903244198
"p565": 0.00013736237889060116
"p566": 1.6935087808430286E-05
