"p504": 0.012114232812297131
"p505": 0.0037163109357388683
"p506": 0.0006247165724887616
"p507": 4.51602341558141E-05
"p508": 0.01370236771344326
"p509": 0.00522917877995864
"p510": 0.0009634183286573671
"p511": 3.7633528463178407E-05
"p512": 9.220214473478709E-05
"p513": 0
"p514": 0
"p515": 0
"p516": 0.0007413805107246147
"p517": 0.0001016105268505817
"p518": 7.5267056926356815E-06
"p519": 0
"p520": 0.0006962202765688005
"p521": 0.00017123255450746173
"p522": 7.5267056926356815E-06
"p523": 0
"p524": 0.0020980692118221962
"p525": 0.0006002547789876955
"p526": 6.962202765688005E-05
"p527": 0
"p528": 0
"p529": 0
"p530": 0
"p531": 0
"p532": 0
"p533": 0
"p534": 0
"p535": 0
"p536": 0
"p537": 0
"p538": 0
"p539": 0
"p540": 0.00034434678543808245
"p541": 2.8225146347383805E-05
"p542": 0
"p543": 0
"p544": 0.0003612818732465127
"p545": 0.00010161052685058171
"p546": 1.8816764231589203E-05
"p547": 0
"p548": 0.0012023912343985502
"p549": 0.00031612163909069865
"p550": 3.0106822770542726E-05
"p551": 0
"p552": 0.005024076049834318
"p553": 0.0019174282751989401
"p554": 0.00035940019682335385
"p555": 1.1290058538953523E-05
"p556": 0.011894076670787538
"p557": 0.004499088327772979
"p558": 0.0009878801221584333
"p559": 4.139688130949624E-05
"p560": 1.5053411385271363E-05
"p561": 3.7633528463178407E-06
"p562": 0
"p563": 0
"p564": 0.00010913723254321737
"p565": 9.408382115794602E-06
"p566": 0
