"p504": 0
"p505": 0
"p506": 0
"p507": 0
"p508": 0
"p509": 0
"p510": 0
"p511": 0
"p512": 0.01019304118425187
"p513": 0.004766286379861545
"p514": 0.0013755054653291706
"p515": 0.00018252261304641524
"p516": 0.00015053411385271363
"p517": 2.6343469924224887E-05
"p518": 0
"p519": 0
"p520": 0.010185514478559237
"p521": 0.004830263378248949
"p522": 0.001277658291324907
"p523": 0.00012607232035164768
"p524": 0.008350879965979288
"p525": 0.003339975651107084
"p526": 0.0006999836294151184
"p527": 4.327855773265517E-05
"p528": 0.0006849302180298468
"p529": 0.00011854561465901196
"p530": 5.645029269476761E-06
"p531": 0
"p532": 0.00016182417239166716
"p533": 1.6935087808430282E-05
"p534": 0
"p535": 0
"p536": 2.8225146347383805E-05
"p537": 1.8816764231589204E-06
"p538": 0
"p539": 0
"p540": 9.784717400426385E-05
"p541": 2.6343469924224887E-05
"p542": 0
"p543": 0
"p544": 0.006183188726500213
"p545": 0.0019531801272389595
"p546": 0.00025026296428013644
"p547": 9.408382115794602E-06
"p548": 1.3171734962112444E-05
"p549": 0
"p550": 0
"p551": 0
"p552": 0.004096409573216969
"p553": 0.001509104491373454
"p554": 0.00023709122931802394
"p555": 7.5267056926356815E-06
"p556": 0.0028074612233531093
"p557": 0.0006661134537982578
"p558": 6.0213645541085445E-05
"p559": 0
"p560": 0.015617914312219042
"p561": 0.005626212505245172
"p562": 0.0009653000050805262
"p563": 7.714873334951574E-05
"p564": 3.9515204886337324E-05
"p565": 9.408382115794602E-06
"p566": 0
