"p504": 5.2686939848449775E-05
"p505": 0
"p506": 0
"p507": 0
"p508": 0.00012795399677480656
"p509": 1.8816764231589207E-05
"p510": 0
"p511": 0
"p512": 0.0002860148163201559
"p513": 6.209532196424438E-05
"p514": 1.8816764231589204E-06
"p515": 0
"p516": 0.00018252261304641527
"p517": 2.634346992422489E-05
"p518": 0
"p519": 0
"p520": 0.0008128842148046535
"p521": 0.00021827446508643477
"p522": 1.3171734962112442E-05
"p523": 0
"p524": 0.0009126130652320764
"p525": 0.00023709122931802394
"p526": 1.5053411385271363E-05
"p527": 0
"p528": 0
"p529": 0
"p530": 0
"p531": 0
"p532": 1.1290058538953523E-05
"p533": 0
"p534": 0
"p535": 0
"p536": 0
"p537": 0
"p538": 0
"p539": 0
"p540": 3.3870175616860565E-05
"p541": 1.8816764231589204E-06
"p542": 0
"p543": 0
"p544": 7.33853805031979E-05
"p545": 1.6935087808430282E-05
"p546": 0
"p547": 0
"p548": 5.268693984844977E-05
"p549": 1.1290058538953523E-05
"p550": 0
"p551": 0
"p552": 0.0005701479562171528
"p553": 0.0002446179350106597
"p554": 3.7633528463178407E-05
"p555": 0
"p556": 0.0005814380147561064
"p557": 0.0002333278764717061
"p558": 4.8923587002131926E-05
"p559": 0
"p560": 6.962202765688005E-05
"p561": 5.645029269476761E-06
"p562": 0
"p563": 0
"p564": 0.00012419064392848875
"p565": 3.9515204886337324E-05
"p566": 3.7633528463178407E-06
