"p504": 0.0001787592602000974
"p505": 2.6343469924224887E-05
"p506": 0
"p507": 0
"p508": 0.0004835908407518426
"p509": 8.655711546531033E-05
"p510": 5.645029269476761E-06
"p511": 0
"p512": 5.080526342529086E-05
"p513": 5.645029269476761E-06
"p514": 0
"p515": 0
"p516": 0
"p517": 0
"p518": 0
"p519": 0
"p520": 7.5267056926356815E-06
"p521": 0
"p522": 0
"p523": 0
"p524": 2.0698440654748124E-05
"p525": 1.8816764231589204E-06
"p526": 0
"p527": 0
"p528": 0.00024461793501065964
"p529": 3.010682277054273E-05
"p530": 0
"p531": 0
"p532": 7.5267056926356815E-06
"p533": 0
"p534": 0
"p535": 0
"p536": 4.892358700213193E-05
"p537": 5.645029269476761E-06
"p538": 0
"p539": 0
"p540": 0.00011290058538953522
"p541": 2.0698440654748124E-05
"p542": 3.7633528463178407E-06
"p543": 0
"p544": 0.0002803697870506791
"p545": 5.833196911792653E-05
"p546": 0
"p547": 0
"p548": 0
"p549": 0
"p550": 0
"p551": 0
"p552": 0.00016935087808430283
"p553": 5.645029269476761E-06
"p554": 0
"p555": 0
"p556": 0.0002878964927433148
"p557": 3.010682277054273E-05
"p558": 0
"p559": 0
"p560": 0.001367978759636535
"p561": 0.00045160234155814093
"p562": 6.774035123372113E-05
"p563": 0
"p564": 1.6935087808430286E-05
"p565": 0
"p566": 0
