"p504": 0
"p505": 0
"p506": 0
"p507": 0
"p508": 0
"p509": 0
"p510": 0
"p511": 0
"p512": 0.0006679951302214168
"p513": 0.00018064093662325633
"p514": 2.4461793501065966E-05
"p515": 0
"p516": 0.0007827773920341108
"p517": 0.0002088660829706401
"p518": 3.0106822770542726E-05
"p519": 0
"p520": 0.00027848811062752024
"p521": 4.3278557732655166E-05
"p522": 0
"p523": 0
"p524": 0.00022015614150959367
"p525": 3.198849919370165E-05
"p526": 1.8816764231589204E-06
"p527": 0
"p528": 0.001302120084825973
"p529": 0.00046101072367393553
"p530": 0.00010725555612005847
"p531": 1.6935087808430286E-05
"p532": 0.0012588415270933177
"p533": 0.00043278557732655173
"p534": 9.4083821157946E-05
"p535": 1.6935087808430286E-05
"p536": 0.0007564339221098859
"p537": 0.000259671346395931
"p538": 4.139688130949625E-05
"p539": 0
"p540": 0.0004309039009033928
"p541": 0.00014112573173691902
"p542": 2.4461793501065963E-05
"p543": 0
"p544": 0.0002107477593937991
"p545": 3.9515204886337324E-05
"p546": 0
"p547": 0
"p548": 0.0002709614049348845
"p549": 5.833196911792654E-05
"p550": 0
"p551": 0
"p552": 3.7633528463178407E-05
"p553": 5.645029269476761E-06
"p554": 0
"p555": 0
"p556": 1.3171734962112444E-05
"p557": 5.645029269476761E-06
"p558": 0
"p559": 0
"p560": 0.0008185292440741303
"p561": 0.00023709122931802397
"p562": 2.0698440654748124E-05
"p563": 0
"p564": 0.0014263107287544618
"p565": 0.00043843060659602847
"p566": 5.456861627160869E-05
