"p504": 0.051638846080750284
"p505": 0.02206265606153835
"p506": 0.005673254415824146
"p507": 0.0007921857741499059
"p508": 0.017490182353262166
"p509": 0.006856828885991106
"p510": 0.0013849138474449653
"p511": 0.00012983567319796552
"p512": 0
"p513": 0
"p514": 0
"p515": 0
"p516": 0
"p517": 0
"p518": 0
"p519": 0
"p520": 2.2580117077907045E-05
"p521": 5.645029269476761E-06
"p522": 0
"p523": 0
"p524": 0
"p525": 0
"p526": 0
"p527": 0
"p528": 1.5053411385271363E-05
"p529": 0
"p530": 0
"p531": 0
"p532": 0
"p533": 0
"p534": 0
"p535": 0
"p536": 5.2686939848449775E-05
"p537": 1.8816764231589204E-06
"p538": 0
"p539": 0
"p540": 1.8816764231589204E-06
"p541": 0
"p542": 0
"p543": 0
"p544": 0
"p545": 0
"p546": 0
"p547": 0
"p548": 0
"p549": 0
"p550": 0
"p551": 0
"p552": 6.209532196424438E-05
"p553": 1.1290058538953523E-05
"p554": 0
"p555": 0
"p556": 2.4461793501065966E-05
"p557": 5.645029269476761E-06
"p558": 0
"p559": 0
"p560": 1.1290058538953523E-05
"p561": 0
"p562": 0
"p563": 0
"p564": 0
"p565": 0
"p566": 0
