"p504": 0
"p505": 0
"p506": 0
"p507": 0
"p508": 0
"p509": 0
"p510": 0
"p511": 0
"p512": 0.003942112106517937
"p513": 0.0014677076100639579
"p514": 0.00026907972851172564
"p515": 1.8816764231589207E-05
"p516": 2.0698440654748124E-05
"p517": 0
"p518": 0
"p519": 0
"p520": 0.0020322105370116335
"p521": 0.0007903040977267465
"p522": 0.0001279539967748066
"p523": 1.1290058538953523E-05
"p524": 0.0032722352998733623
"p525": 0.0010499754441226775
"p526": 0.00021827446508643474
"p527": 1.8816764231589207E-05
"p528": 0.009167527533630261
"p529": 0.0037031392007767544
"p530": 0.0009182580945015532
"p531": 0.00011101890896637629
"p532": 0.0003744536082086252
"p533": 5.2686939848449775E-05
"p534": 0
"p535": 0
"p536": 0.006077814846803313
"p537": 0.002271183442752817
"p538": 0.00045536569440445863
"p539": 3.3870175616860565E-05
"p540": 0.009543862818262045
"p541": 0.0036147004088882863
"p542": 0.0008072391855351769
"p543": 8.279376261899248E-05
"p544": 0.0010142235920826582
"p545": 0.0003180033155138576
"p546": 3.575185204001948E-05
"p547": 0
"p548": 0
"p549": 0
"p550": 0
"p551": 0
"p552": 0.0004327855773265517
"p553": 0.00015053411385271363
"p554": 1.5053411385271365E-05
"p555": 0
"p556": 0.00045536569440445874
"p557": 0.00013736237889060116
"p558": 2.8225146347383805E-05
"p559": 0
"p560": 0.006802260269719497
"p561": 0.0022824735012917704
"p562": 0.0003387017561686057
"p563": 2.2580117077907045E-05
"p564": 3.198849919370165E-05
"p565": 9.408382115794602E-06
"p566": 0
