"p504": 0.03237047950760291
"p505": 0.012227133397686668
"p506": 0.0025459082005340194
"p507": 0.00020510273012432236
"p508": 0.007925621094345373
"p509": 0.002609885198921422
"p510": 0.0004610107236739354
"p511": 4.7041910578973015E-05
"p512": 1.1290058538953523E-05
"p513": 0
"p514": 0
"p515": 0
"p516": 0
"p517": 0
"p518": 0
"p519": 0
"p520": 0.00018440428946957417
"p521": 3.575185204001949E-05
"p522": 5.645029269476761E-06
"p523": 0
"p524": 5.645029269476761E-05
"p525": 2.2580117077907045E-05
"p526": 5.645029269476761E-06
"p527": 0
"p528": 5.645029269476761E-06
"p529": 0
"p530": 0
"p531": 0
"p532": 0
"p533": 0
"p534": 0
"p535": 0
"p536": 7.5267056926356815E-06
"p537": 0
"p538": 0
"p539": 0
"p540": 0
"p541": 0
"p542": 0
"p543": 0
"p544": 0
"p545": 0
"p546": 0
"p547": 0
"p548": 0
"p549": 0
"p550": 0
"p551": 0
"p552": 0.00010913723254321738
"p553": 2.6343469924224887E-05
"p554": 0
"p555": 0
"p556": 1.8816764231589203E-05
"p557": 3.7633528463178407E-06
"p558": 0
"p559": 0
"p560": 9.408382115794602E-06
"p561": 0
"p562": 0
"p563": 0
"p564": 0
"p565": 0
"p566": 0
