"p504": 0.019973995231831944
"p505": 0.007003599646997502
"p506": 0.0012889483498638606
"p507": 6.0213645541085445E-05
"p508": 0.0050824080189522435
"p509": 0.0015505013726829504
"p510": 0.00029542319843595046
"p511": 2.8225146347383805E-05
"p512": 1.5053411385271363E-05
"p513": 0
"p514": 0
"p515": 0
"p516": 0
"p517": 0
"p518": 0
"p519": 0
"p520": 0.0005231060456381798
"p521": 0.0001561791431221904
"p522": 4.892358700213193E-05
"p523": 1.1290058538953523E-05
"p524": 9.220214473478709E-05
"p525": 2.2580117077907045E-05
"p526": 0
"p527": 0
"p528": 5.645029269476761E-06
"p529": 5.645029269476761E-06
"p530": 0
"p531": 0
"p532": 0
"p533": 0
"p534": 0
"p535": 0
"p536": 9.408382115794602E-06
"p537": 3.7633528463178407E-06
"p538": 0
"p539": 0
"p540": 0
"p541": 0
"p542": 0
"p543": 0
"p544": 0
"p545": 0
"p546": 0
"p547": 0
"p548": 0
"p549": 0
"p550": 0
"p551": 0
"p552": 0.00010725555612005845
"p553": 4.516023415581409E-05
"p554": 7.5267056926356815E-06
"p555": 0
"p556": 1.1290058538953523E-05
"p557": 0
"p558": 0
"p559": 0
"p560": 2.8225146347383805E-05
"p561": 5.645029269476761E-06
"p562": 0
"p563": 0
"p564": 0
"p565": 0
"p566": 0
