"p504": 0.006836130445336359
"p505": 0.0021375844167085337
"p506": 0.00034622846186124133
"p507": 1.3171734962112444E-05
"p508": 0.003998562399212705
"p509": 0.0013284635547501978
"p510": 0.0001749959073537796
"p511": 9.408382115794602E-06
"p512": 5.645029269476761E-05
"p513": 1.1290058538953523E-05
"p514": 0
"p515": 0
"p516": 0
"p517": 0
"p518": 0
"p519": 0
"p520": 7.5267056926356815E-06
"p521": 0
"p522": 0
"p523": 0
"p524": 2.6343469924224887E-05
"p525": 7.5267056926356815E-06
"p526": 0
"p527": 0
"p528": 0.00018440428946957417
"p529": 5.2686939848449775E-05
"p530": 5.645029269476761E-06
"p531": 0
"p532": 1.8816764231589204E-06
"p533": 0
"p534": 0
"p535": 0
"p536": 0.00012607232035164768
"p537": 1.6935087808430286E-05
"p538": 0
"p539": 0
"p540": 0.00011666393823585305
"p541": 4.139688130949624E-05
"p542": 5.645029269476761E-06
"p543": 0
"p544": 1.8816764231589204E-06
"p545": 0
"p546": 0
"p547": 0
"p548": 0
"p549": 0
"p550": 0
"p551": 0
"p552": 1.8816764231589204E-06
"p553": 0
"p554": 0
"p555": 0
"p556": 0
"p557": 0
"p558": 0
"p559": 0
"p560": 0.00010537387969689954
"p561": 2.0698440654748124E-05
"p562": 0
"p563": 0
"p564": 0
"p565": 0
"p566": 0
