"p504": 8.27937626189925E-05
"p505": 1.1290058538953523E-05
"p506": 0
"p507": 0
"p508": 6.39769983874033E-05
"p509": 2.2580117077907045E-05
"p510": 0
"p511": 0
"p512": 0
"p513": 0
"p514": 0
"p515": 0
"p516": 5.080526342529086E-05
"p517": 5.645029269476761E-06
"p518": 0
"p519": 0
"p520": 0.0002051027301243223
"p521": 5.2686939848449775E-05
"p522": 5.645029269476761E-06
"p523": 0
"p524": 0.0015787265190303336
"p525": 0.0004252588716339159
"p526": 6.962202765688005E-05
"p527": 5.645029269476761E-06
"p528": 6.0213645541085445E-05
"p529": 5.645029269476761E-06
"p530": 0
"p531": 0
"p532": 0.0013999672588302368
"p533": 0.00027096140493488446
"p534": 2.6343469924224887E-05
"p535": 1.8816764231589204E-06
"p536": 0.0008881512717310103
"p537": 0.00017687758377693847
"p538": 1.8816764231589203E-05
"p539": 0
"p540": 0.003466047971458731
"p541": 0.0009088497123857585
"p542": 0.00011854561465901199
"p543": 7.5267056926356815E-06
"p544": 0.00026155302281908997
"p545": 6.962202765688005E-05
"p546": 3.7633528463178407E-06
"p547": 0
"p548": 0.00044407563586550526
"p549": 0.00010161052685058167
"p550": 1.3171734962112444E-05
"p551": 0
"p552": 0.002269301766329658
"p553": 0.0007940674505730644
"p554": 0.00016935087808430283
"p555": 1.5053411385271365E-05
"p556": 0.006597157539595174
"p557": 0.0024725228200308215
"p558": 0.00041208713667180365
"p559": 2.6343469924224887E-05
"p560": 0.0013416352897123102
"p561": 0.0005739113090634706
"p562": 0.00012419064392848873
"p563": 3.7633528463178407E-06
"p564": 0.0019099015695063038
"p565": 0.000590846396871901
"p566": 0.00010913723254321738
