"p504": 0.02407416815789523
"p505": 0.007925621094345373
"p506": 0.0012513148214006822
"p507": 4.892358700213193E-05
"p508": 0.005486968449931412
"p509": 0.0018308711597336295
"p510": 0.0003198849919370164
"p511": 2.8225146347383805E-05
"p512": 0.0007733690099183164
"p513": 0.0002408545821643418
"p514": 3.0106822770542726E-05
"p515": 0
"p516": 6.021364554108545E-05
"p517": 1.6935087808430286E-05
"p518": 0
"p519": 0
"p520": 0.009560797906070475
"p521": 0.004088882867524334
"p522": 0.0009483649172720961
"p523": 4.139688130949625E-05
"p524": 0.0027792360770057256
"p525": 0.0010518571205458366
"p526": 0.00021262943581695803
"p527": 9.408382115794602E-06
"p528": 0.00020886608297064017
"p529": 0
"p530": 0
"p531": 0
"p532": 0
"p533": 0
"p534": 0
"p535": 0
"p536": 0.0003142399626675397
"p537": 4.516023415581409E-05
"p538": 0
"p539": 0
"p540": 1.5053411385271363E-05
"p541": 0
"p542": 0
"p543": 0
"p544": 0.0002709614049348845
"p545": 5.833196911792653E-05
"p546": 0
"p547": 0
"p548": 0
"p549": 0
"p550": 0
"p551": 0
"p552": 0.004713599440013095
"p553": 0.0015091044913734543
"p554": 0.00014300740816007796
"p555": 1.8816764231589204E-06
"p556": 0.0006510600424129865
"p557": 0.00015806081954534932
"p558": 1.8816764231589203E-05
"p559": 0
"p560": 0.0008091208619583356
"p561": 0.00024838128785697745
"p562": 4.1396881309496255E-05
"p563": 0
"p564": 0
"p565": 0
"p566": 0
