"p504": 0
"p505": 0
"p506": 0
"p507": 0
"p508": 0
"p509": 0
"p510": 0
"p511": 0
"p512": 0.00019757602443168658
"p513": 2.0698440654748124E-05
"p514": 0
"p515": 0
"p516": 0.000329293374052811
"p517": 6.962202765688005E-05
"p518": 0
"p519": 0
"p520": 3.387017561686057E-05
"p521": 1.1290058538953523E-05
"p522": 1.8816764231589204E-06
"p523": 1.8816764231589204E-06
"p524": 9.22021447347871E-05
"p525": 2.0698440654748124E-05
"p526": 1.8816764231589204E-06
"p527": 1.8816764231589204E-06
"p528": 3.7633528463178407E-06
"p529": 0
"p530": 0
"p531": 0
"p532": 8.843879188846926E-05
"p533": 9.408382115794602E-06
"p534": 0
"p535": 0
"p536": 0
"p537": 0
"p538": 0
"p539": 0
"p540": 0
"p541": 0
"p542": 0
"p543": 0
"p544": 0.0014582992279481633
"p545": 0.000472300782212889
"p546": 0.00010725555612005847
"p547": 1.6935087808430286E-05
"p548": 0.0014959327564113417
"p549": 0.0004666557529434123
"p550": 9.4083821157946E-05
"p551": 1.6935087808430286E-05
"p552": 0.0007846590684572697
"p553": 0.000259671346395931
"p554": 4.139688130949625E-05
"p555": 0
"p556": 0.0004741824586360479
"p557": 0.00014300740816007796
"p558": 2.4461793501065963E-05
"p559": 0
"p560": 0.001177929440897484
"p561": 0.0003255300212064933
"p562": 4.704191057897301E-05
"p563": 0
"p564": 0.0018214627776178345
"p565": 0.0005513311919855637
"p566": 9.220214473478709E-05
