"p504": 0
"p505": 0
"p506": 0
"p507": 0
"p508": 0
"p509": 0
"p510": 0
"p511": 0
"p512": 0.001465825933640799
"p513": 0.00040079707813285
"p514": 5.645029269476761E-05
"p515": 1.1290058538953523E-05
"p516": 0.004184848365105439
"p517": 0.0012701315856322713
"p518": 0.00022203781793275258
"p519": 1.8816764231589203E-05
"p520": 0.00031235828624438073
"p521": 9.972885042742276E-05
"p522": 3.3870175616860565E-05
"p523": 5.645029269476761E-06
"p524": 0.0016276501060324662
"p525": 0.0005795563383329473
"p526": 0.0001279539967748066
"p527": 7.5267056926356815E-06
"p528": 3.387017561686057E-05
"p529": 0
"p530": 0
"p531": 0
"p532": 0.0007507888928404092
"p533": 0.00013359902604428335
"p534": 1.1290058538953523E-05
"p535": 0
"p536": 0
"p537": 0
"p538": 0
"p539": 0
"p540": 0
"p541": 0
"p542": 0
"p543": 0
"p544": 0.010123419156594992
"p545": 0.00435796259603606
"p546": 0.0010932540018553328
"p547": 0.00011478226181269414
"p548": 0.019494167743926417
"p549": 0.00798583473988646
"p550": 0.0020510273012432235
"p551": 0.00023520955289486507
"p552": 0.0056393842402072845
"p553": 0.0023897290574118285
"p554": 0.0004835908407518426
"p555": 1.3171734962112442E-05
"p556": 0.006025127906954863
"p557": 0.002222259855750685
"p558": 0.0003989154017096912
"p559": 1.5053411385271363E-05
"p560": 0.005684544474363099
"p561": 0.0021150042996306265
"p562": 0.00043090390090339274
"p563": 4.5160234155814084E-05
"p564": 0.014737289746180663
"p565": 0.005319499248270267
"p566": 0.0010368037091605651
