"p504": 5.645029269476761E-06
"p505": 0
"p506": 0
"p507": 0
"p508": 1.1290058538953523E-05
"p509": 1.1290058538953523E-05
"p510": 0
"p511": 0
"p512": 6.0213645541085445E-05
"p513": 5.645029269476761E-06
"p514": 0
"p515": 0
"p516": 0.001224971351476457
"p517": 0.00025402631712645424
"p518": 2.6343469924224887E-05
"p519": 1.8816764231589204E-06
"p520": 0.00087121618392258
"p521": 0.00017687758377693847
"p522": 1.8816764231589203E-05
"p523": 0
"p524": 0.0030840676575574696
"p525": 0.000848636066844673
"p526": 0.00011290058538953522
"p527": 7.5267056926356815E-06
"p528": 0
"p529": 0
"p530": 0
"p531": 0
"p532": 0
"p533": 0
"p534": 0
"p535": 0
"p536": 1.6935087808430286E-05
"p537": 0
"p538": 0
"p539": 0
"p540": 0.00038762534317073765
"p541": 6.021364554108546E-05
"p542": 5.645029269476761E-06
"p543": 0
"p544": 0.0014488908458323688
"p545": 0.0006077814846803312
"p546": 0.0001279539967748066
"p547": 3.7633528463178407E-06
"p548": 0.002305053618369677
"p549": 0.0006567050716824632
"p550": 0.00011290058538953522
"p551": 2.2580117077907045E-05
"p552": 0.007347946432435584
"p553": 0.0027717093713130895
"p554": 0.0006153081903729669
"p555": 7.52670569263568E-05
"p556": 0.01710255701009143
"p557": 0.0067777984762184326
"p558": 0.0015486196962597918
"p559": 0.0001637058488148261
"p560": 0.0001637058488148261
"p561": 4.139688130949625E-05
"p562": 0
"p563": 0
"p564": 0.0002784881106275202
"p565": 5.833196911792653E-05
"p566": 9.408382115794602E-06
