"p504": 0
"p505": 0
"p506": 0
"p507": 0
"p508": 0
"p509": 0
"p510": 0
"p511": 0
"p512": 0.004519786768427727
"p513": 0.001842161218272583
"p514": 0.00046477407652025334
"p515": 6.585867481056221E-05
"p516": 0.01030782344606457
"p517": 0.004286458891956021
"p518": 0.0010782005904700614
"p519": 0.0001279539967748066
"p520": 0.0020340922134347928
"p521": 0.0007150370408003897
"p522": 0.00012230896750532982
"p523": 7.5267056926356815E-06
"p524": 0.005946097497182188
"p525": 0.0021658095630559173
"p526": 0.0003857436667475786
"p527": 2.0698440654748124E-05
"p528": 3.198849919370164E-05
"p529": 5.645029269476761E-06
"p530": 0
"p531": 0
"p532": 0.0005475678391392457
"p533": 7.526705692635681E-05
"p534": 5.645029269476761E-06
"p535": 0
"p536": 0
"p537": 0
"p538": 0
"p539": 0
"p540": 9.220214473478709E-05
"p541": 2.2580117077907045E-05
"p542": 0
"p543": 0
"p544": 0.0013152918197880852
"p545": 0.0005061709578297496
"p546": 0.00010913723254321736
"p547": 7.5267056926356815E-06
"p548": 0.003949638812210574
"p549": 0.0013096467905186087
"p550": 0.00019945770085484557
"p551": 7.5267056926356815E-06
"p552": 0.0005456861627160869
"p553": 0.00018816764231589203
"p554": 2.0698440654748124E-05
"p555": 0
"p556": 0.00139432222956076
"p557": 0.0004403122830191873
"p558": 6.962202765688005E-05
"p559": 0
"p560": 0.0031010027453659003
"p561": 0.00099352515142791
"p562": 0.00017123255450746173
"p563": 1.3171734962112444E-05
"p564": 0.010638998496540538
"p565": 0.003759589493471523
"p566": 0.000617189866796126
