"p504": 0.00943096223287251
"p505": 0.003072777599018517
"p506": 0.0006021364554108545
"p507": 4.892358700213193E-05
"p508": 0.011798111173206432
"p509": 0.0046797292643962355
"p510": 0.0009784717400426384
"p511": 4.516023415581409E-05
"p512": 0
"p513": 0
"p514": 0
"p515": 0
"p516": 2.8225146347383808E-05
"p517": 9.408382115794602E-06
"p518": 0
"p519": 0
"p520": 3.9515204886337324E-05
"p521": 9.408382115794602E-06
"p522": 0
"p523": 0
"p524": 6.774035123372113E-05
"p525": 3.010682277054273E-05
"p526": 0
"p527": 0
"p528": 0
"p529": 0
"p530": 0
"p531": 0
"p532": 0
"p533": 0
"p534": 0
"p535": 0
"p536": 0
"p537": 0
"p538": 0
"p539": 0
"p540": 2.0698440654748124E-05
"p541": 5.645029269476761E-06
"p542": 0
"p543": 0
"p544": 3.010682277054273E-05
"p545": 3.7633528463178407E-06
"p546": 0
"p547": 0
"p548": 1.6935087808430282E-05
"p549": 1.8816764231589204E-06
"p550": 0
"p551": 0
"p552": 0.00037633528463178407
"p553": 0.00010725555612005845
"p554": 2.6343469924224884E-05
"p555": 5.645029269476761E-06
"p556": 0.0003161216390906987
"p557": 0.00011290058538953522
"p558": 3.0106822770542726E-05
"p559": 5.645029269476761E-06
"p560": 5.645029269476761E-06
"p561": 0
"p562": 0
"p563": 0
"p564": 3.7633528463178407E-06
"p565": 0
"p566": 0
