"p504": 0.0026851522558477784
"p505": 0.0008806245660383747
"p506": 7.903040977267466E-05
"p507": 5.645029269476761E-06
"p508": 0.0018760313938894439
"p509": 0.0006529417188361453
"p510": 7.714873334951574E-05
"p511": 3.7633528463178407E-06
"p512": 3.9515204886337324E-05
"p513": 9.408382115794602E-06
"p514": 0
"p515": 0
"p516": 6.962202765688005E-05
"p517": 3.1988499193701654E-05
"p518": 0
"p519": 0
"p520": 1.8816764231589204E-06
"p521": 1.8816764231589204E-06
"p522": 1.8816764231589204E-06
"p523": 1.8816764231589204E-06
"p524": 2.6343469924224887E-05
"p525": 7.5267056926356815E-06
"p526": 1.8816764231589204E-06
"p527": 1.8816764231589204E-06
"p528": 0
"p529": 0
"p530": 0
"p531": 0
"p532": 2.0698440654748124E-05
"p533": 5.645029269476761E-06
"p534": 0
"p535": 0
"p536": 0
"p537": 0
"p538": 0
"p539": 0
"p540": 0
"p541": 0
"p542": 0
"p543": 0
"p544": 0.00029165984558963265
"p545": 9.22021447347871E-05
"p546": 2.6343469924224884E-05
"p547": 5.645029269476761E-06
"p548": 0.0002860148163201559
"p549": 0.0001091372325432174
"p550": 3.0106822770542726E-05
"p551": 5.645029269476761E-06
"p552": 0.00013736237889060116
"p553": 4.516023415581409E-05
"p554": 1.1290058538953523E-05
"p555": 0
"p556": 6.774035123372113E-05
"p557": 2.2580117077907045E-05
"p558": 1.1290058538953523E-05
"p559": 0
"p560": 0.00015053411385271363
"p561": 3.387017561686057E-05
"p562": 5.645029269476761E-06
"p563": 0
"p564": 0.0003631635496696716
"p565": 0.00011854561465901197
"p566": 1.6935087808430286E-05
