"p504": 9.408382115794602E-06
"p505": 0
"p506": 0
"p507": 0
"p508": 2.0698440654748124E-05
"p509": 1.1290058538953523E-05
"p510": 0
"p511": 0
"p512": 0.0014620625807944807
"p513": 0.0002973048748591094
"p514": 3.575185204001949E-05
"p515": 1.8816764231589204E-06
"p516": 0
"p517": 0
"p518": 0
"p519": 0
"p520": 0.004696664352204666
"p521": 0.0014056122880997137
"p522": 0.0002464996114338185
"p523": 1.8816764231589203E-05
"p524": 0.0011158341189332398
"p525": 0.00027660643420436126
"p526": 3.7633528463178407E-05
"p527": 1.1290058538953523E-05
"p528": 0
"p529": 0
"p530": 0
"p531": 0
"p532": 0
"p533": 0
"p534": 0
"p535": 0
"p536": 0.0007620789513793628
"p537": 0.00013359902604428335
"p538": 1.1290058538953523E-05
"p539": 0
"p540": 2.2580117077907045E-05
"p541": 0
"p542": 0
"p543": 0
"p544": 0.0020322105370116335
"p545": 0.0006284799253350794
"p546": 0.00010537387969689955
"p547": 2.2580117077907045E-05
"p548": 0.00012419064392848875
"p549": 2.8225146347383808E-05
"p550": 0
"p551": 0
"p552": 0.02855443972143662
"p553": 0.011897840023633853
"p554": 0.002982457130706889
"p555": 0.00033117505047597
"p556": 0.008584207842450994
"p557": 0.0030671325697490402
"p558": 0.0006341249546045562
"p559": 4.327855773265517E-05
"p560": 0.000284133139896997
"p561": 8.27937626189925E-05
"p562": 9.408382115794602E-06
"p563": 0
"p564": 7.5267056926356815E-06
"p565": 0
"p566": 0
