"p504": 5.645029269476761E-06
"p505": 0
"p506": 0
"p507": 0
"p508": 2.0698440654748124E-05
"p509": 1.1290058538953523E-05
"p510": 0
"p511": 0
"p512": 0.0013886772002912832
"p513": 0.00038574366674757867
"p514": 6.209532196424438E-05
"p515": 1.1290058538953523E-05
"p516": 0.0001956943480085277
"p517": 4.892358700213193E-05
"p518": 5.645029269476761E-06
"p519": 0
"p520": 0.012306163807459341
"p521": 0.004830263378248949
"p522": 0.0011459409417037825
"p523": 0.00013171734962112442
"p524": 0.006106039993150696
"p525": 0.0023069352947928364
"p526": 0.0005852013676024242
"p527": 7.52670569263568E-05
"p528": 0.0003443467854380824
"p529": 5.080526342529086E-05
"p530": 0
"p531": 0
"p532": 0
"p533": 0
"p534": 0
"p535": 0
"p536": 0.00044407563586550515
"p537": 6.021364554108546E-05
"p538": 5.645029269476761E-06
"p539": 0
"p540": 1.88167642315892E-05
"p541": 3.7633528463178407E-06
"p542": 0
"p543": 0
"p544": 0.0005964914261413777
"p545": 0.00021074775939379907
"p546": 4.516023415581409E-05
"p547": 1.1290058538953523E-05
"p548": 5.645029269476761E-06
"p549": 0
"p550": 0
"p551": 0
"p552": 0.004553656944044587
"p553": 0.001465825933640799
"p554": 0.00020886608297064017
"p555": 7.5267056926356815E-06
"p556": 0.001885439776005238
"p557": 0.0007884224213035876
"p558": 0.0001862859658927331
"p559": 1.8816764231589203E-05
"p560": 0.0014488908458323683
"p561": 0.0004440756358655052
"p562": 6.39769983874033E-05
"p563": 1.8816764231589204E-06
"p564": 1.1290058538953523E-05
"p565": 0
"p566": 0
