"p504": 0.009478004143451485
"p505": 0.0028676748688941946
"p506": 0.0004083237838254857
"p507": 2.2580117077907045E-05
"p508": 0.002878964927433148
"p509": 0.0008523994196909908
"p510": 9.972885042742278E-05
"p511": 0
"p512": 0.0036184637617346035
"p513": 0.0013040017612491316
"p514": 0.0002559079935496132
"p515": 1.1290058538953523E-05
"p516": 9.972885042742278E-05
"p517": 1.3171734962112444E-05
"p518": 0
"p519": 0
"p520": 0.0019531801272389595
"p521": 0.0006981019529919595
"p522": 0.0001317173496211244
"p523": 7.5267056926356815E-06
"p524": 0.0031254645388669668
"p525": 0.0010819639433163795
"p526": 0.00019381267158536877
"p527": 1.8816764231589204E-06
"p528": 0.00018064093662325633
"p529": 1.6935087808430282E-05
"p530": 0
"p531": 0
"p532": 4.3278557732655166E-05
"p533": 0
"p534": 0
"p535": 0
"p536": 1.8816764231589204E-06
"p537": 0
"p538": 0
"p539": 0
"p540": 3.0106822770542726E-05
"p541": 5.645029269476761E-06
"p542": 0
"p543": 0
"p544": 0.0013792688181754884
"p545": 0.0004196138423644392
"p546": 4.704191057897301E-05
"p547": 0
"p548": 7.5267056926356815E-06
"p549": 0
"p550": 0
"p551": 0
"p552": 0.00043654893017286954
"p553": 0.00013359902604428333
"p554": 1.6935087808430286E-05
"p555": 0
"p556": 0.00047982748790552474
"p557": 0.00016182417239166713
"p558": 3.1988499193701654E-05
"p559": 0
"p560": 0.003562013469039836
"p561": 0.001108307413240604
"p562": 0.00011854561465901199
"p563": 7.5267056926356815E-06
"p564": 3.575185204001949E-05
"p565": 9.408382115794602E-06
"p566": 0
