"p504": 3.7633528463178407E-06
"p505": 0
"p506": 0
"p507": 0
"p508": 0
"p509": 0
"p510": 0
"p511": 0
"p512": 5.645029269476761E-05
"p513": 1.3171734962112442E-05
"p514": 0
"p515": 0
"p516": 0
"p517": 0
"p518": 0
"p519": 0
"p520": 0.0014338374344470973
"p521": 0.0003594001968233538
"p522": 4.327855773265517E-05
"p523": 0
"p524": 0.0002671980520885667
"p525": 6.585867481056221E-05
"p526": 1.1290058538953523E-05
"p527": 0
"p528": 0.00017123255450746173
"p529": 2.4461793501065963E-05
"p530": 0
"p531": 0
"p532": 1.6935087808430286E-05
"p533": 0
"p534": 0
"p535": 0
"p536": 0.0030577241876332453
"p537": 0.0009747083871963208
"p538": 0.00022015614150959367
"p539": 3.387017561686057E-05
"p540": 0.0006265982489119205
"p541": 0.00018816764231589203
"p542": 1.3171734962112442E-05
"p543": 0
"p544": 0
"p545": 0
"p546": 0
"p547": 0
"p548": 0
"p549": 0
"p550": 0
"p551": 0
"p552": 0.00039515204886337327
"p553": 7.903040977267465E-05
"p554": 0
"p555": 0
"p556": 9.408382115794602E-05
"p557": 1.8816764231589203E-05
"p558": 0
"p559": 0
"p560": 0.00010913723254321737
"p561": 3.575185204001949E-05
"p562": 7.5267056926356815E-06
"p563": 0
"p564": 0
"p565": 0
"p566": 0
