"p504": 7.903040977267465E-05
"p505": 5.645029269476761E-06
"p506": 0
"p507": 0
"p508": 7.526705692635681E-05
"p509": 1.3171734962112442E-05
"p510": 0
"p511": 0
"p512": 5.456861627160869E-05
"p513": 3.7633528463178407E-06
"p514": 0
"p515": 0
"p516": 0
"p517": 0
"p518": 0
"p519": 0
"p520": 0.00023520955289486504
"p521": 2.6343469924224887E-05
"p522": 0
"p523": 0
"p524": 5.645029269476761E-05
"p525": 7.5267056926356815E-06
"p526": 0
"p527": 0
"p528": 0
"p529": 0
"p530": 0
"p531": 0
"p532": 0
"p533": 0
"p534": 0
"p535": 0
"p536": 3.575185204001949E-05
"p537": 3.7633528463178407E-06
"p538": 0
"p539": 0
"p540": 0
"p541": 0
"p542": 0
"p543": 0
"p544": 0.00023709122931802397
"p545": 3.7633528463178407E-05
"p546": 0
"p547": 0
"p548": 2.2580117077907045E-05
"p549": 0
"p550": 0
"p551": 0
"p552": 0.002256130031367545
"p553": 0.0007131553643772308
"p554": 9.784717400426384E-05
"p555": 0
"p556": 0.0007827773920341108
"p557": 0.00021827446508643477
"p558": 1.8816764231589203E-05
"p559": 0
"p560": 2.6343469924224887E-05
"p561": 1.8816764231589204E-06
"p562": 0
"p563": 0
"p564": 0
"p565": 0
"p566": 0
