"p504": 0
"p505": 0
"p506": 0
"p507": 0
"p508": 0
"p509": 0
"p510": 0
"p511": 0
"p512": 0.007801430450416884
"p513": 0.003212021654332276
"p514": 0.0008166475676509715
"p515": 0.00010349220327374062
"p516": 0.0002577896699727721
"p517": 3.575185204001949E-05
"p518": 0
"p519": 0
"p520": 0.005199071957188096
"p521": 0.0019644701857779133
"p522": 0.0004177321659412803
"p523": 3.3870175616860565E-05
"p524": 0.00866511992864683
"p525": 0.0032251933892943896
"p526": 0.0007112736879540719
"p527": 7.526705692635681E-05
"p528": 0.00043090390090339274
"p529": 5.833196911792653E-05
"p530": 5.645029269476761E-06
"p531": 0
"p532": 0.00011666393823585305
"p533": 1.6935087808430282E-05
"p534": 0
"p535": 0
"p536": 1.3171734962112442E-05
"p537": 1.8816764231589204E-06
"p538": 0
"p539": 0
"p540": 0.00011101890896637629
"p541": 2.6343469924224887E-05
"p542": 0
"p543": 0
"p544": 0.003037025746978497
"p545": 0.0010085785628131815
"p546": 0.00015994249596850823
"p547": 7.5267056926356815E-06
"p548": 1.3171734962112444E-05
"p549": 0
"p550": 0
"p551": 0
"p552": 0.0016182417239166715
"p553": 0.0005325144277539744
"p554": 6.209532196424438E-05
"p555": 0
"p556": 0.002173336268748553
"p557": 0.0007545522456867272
"p558": 0.00015617914312219037
"p559": 7.5267056926356815E-06
"p560": 0.008889039423002742
"p561": 0.003108529451058536
"p562": 0.000519342692791862
"p563": 3.9515204886337324E-05
"p564": 3.951520488633733E-05
"p565": 9.408382115794602E-06
"p566": 0
