"p504": 3.7633528463178407E-06
"p505": 3.7633528463178407E-06
"p506": 0
"p507": 0
"p508": 1.6935087808430286E-05
"p509": 3.7633528463178407E-06
"p510": 0
"p511": 0
"p512": 0.00022015614150959367
"p513": 3.3870175616860565E-05
"p514": 0
"p515": 0
"p516": 0.00027096140493488457
"p517": 5.833196911792653E-05
"p518": 0
"p519": 0
"p520": 9.972885042742278E-05
"p521": 0
"p522": 0
"p523": 0
"p524": 0.00014865243742955472
"p525": 3.7633528463178407E-06
"p526": 0
"p527": 0
"p528": 0.0010236319741984527
"p529": 0.000353755167553877
"p530": 5.080526342529085E-05
"p531": 0
"p532": 0.0010179869449289758
"p533": 0.00034622846186124133
"p534": 6.209532196424438E-05
"p535": 0
"p536": 0.0005720296326403118
"p537": 0.0001938126715853688
"p538": 1.8816764231589204E-06
"p539": 0
"p540": 0.0005889647204487421
"p541": 0.0001542974666990315
"p542": 1.8816764231589204E-06
"p543": 0
"p544": 1.8816764231589203E-05
"p545": 1.8816764231589204E-06
"p546": 0
"p547": 0
"p548": 3.198849919370165E-05
"p549": 1.8816764231589204E-06
"p550": 0
"p551": 0
"p552": 5.645029269476761E-06
"p553": 1.8816764231589204E-06
"p554": 0
"p555": 0
"p556": 5.645029269476761E-06
"p557": 1.8816764231589204E-06
"p558": 0
"p559": 0
"p560": 0.00030483158055174517
"p561": 7.903040977267465E-05
"p562": 3.7633528463178407E-06
"p563": 0
"p564": 0.0006472966895666686
"p565": 0.00017499590735377957
"p566": 9.408382115794602E-06
