"p504": 0.04038077604099044
"p505": 0.01438541625504995
"p506": 0.0027152590786183226
"p507": 0.00018816764231589203
"p508": 0.013709894419135893
"p509": 0.005099343106760673
"p510": 0.0011384142360111467
"p511": 0.00015994249596850823
"p512": 3.9515204886337324E-05
"p513": 1.8816764231589204E-06
"p514": 0
"p515": 0
"p516": 0
"p517": 0
"p518": 0
"p519": 0
"p520": 0.0022787101484454523
"p521": 0.0006303616017582384
"p522": 4.139688130949625E-05
"p523": 1.8816764231589204E-06
"p524": 0.0004459573122886642
"p525": 0.00012607232035164766
"p526": 0
"p527": 0
"p528": 0.0008110025383814947
"p529": 0.0001016105268505817
"p530": 7.5267056926356815E-06
"p531": 0
"p532": 0
"p533": 0
"p534": 0
"p535": 0
"p536": 0.0025967134639593103
"p537": 0.0006416516602971917
"p538": 7.150370408003898E-05
"p539": 0
"p540": 0.0006548233952593041
"p541": 0.00014677076100639576
"p542": 5.645029269476761E-06
"p543": 0
"p544": 0.00023709122931802392
"p545": 3.575185204001948E-05
"p546": 0
"p547": 0
"p548": 0
"p549": 0
"p550": 0
"p551": 0
"p552": 0.007142843702311262
"p553": 0.0023125803240623133
"p554": 0.0003424651090149235
"p555": 1.5053411385271363E-05
"p556": 0.0013830321710218067
"p557": 0.0003123582862443808
"p558": 4.3278557732655166E-05
"p559": 0
"p560": 0.0008655711546531036
"p561": 0.00027096140493488457
"p562": 3.0106822770542726E-05
"p563": 0
"p564": 6.021364554108545E-05
"p565": 1.6935087808430286E-05
"p566": 0
