"p504": 9.408382115794602E-06
"p505": 0
"p506": 0
"p507": 0
"p508": 0.00013171734962112442
"p509": 1.8816764231589207E-05
"p510": 0
"p511": 0
"p512": 1.3171734962112444E-05
"p513": 0
"p514": 0
"p515": 0
"p516": 5.456861627160869E-05
"p517": 3.7633528463178407E-06
"p518": 0
"p519": 0
"p520": 7.338538050319788E-05
"p521": 9.408382115794602E-06
"p522": 0
"p523": 0
"p524": 0.0002107477593937991
"p525": 2.6343469924224887E-05
"p526": 0
"p527": 0
"p528": 0
"p529": 0
"p530": 0
"p531": 0
"p532": 0
"p533": 0
"p534": 0
"p535": 0
"p536": 0
"p537": 0
"p538": 0
"p539": 0
"p540": 3.575185204001949E-05
"p541": 3.7633528463178407E-06
"p542": 0
"p543": 0
"p544": 0.00036504522609283053
"p545": 7.903040977267466E-05
"p546": 1.8816764231589204E-06
"p547": 0
"p548": 0.0002427362585875007
"p549": 3.7633528463178407E-05
"p550": 0
"p551": 0
"p552": 0.0013717421124828527
"p553": 0.0004610107236739355
"p554": 5.080526342529085E-05
"p555": 0
"p556": 0.0014771159921797526
"p557": 0.0004685374293665712
"p558": 6.39769983874033E-05
"p559": 0
"p560": 1.6935087808430286E-05
"p561": 0
"p562": 0
"p563": 0
"p564": 2.6343469924224887E-05
"p565": 1.8816764231589204E-06
"p566": 0
