"p504": 0.0007319721286088201
"p505": 0.00016935087808430283
"p506": 2.8225146347383805E-05
"p507": 0
"p508": 0.000683048541606688
"p509": 0.00018816764231589203
"p510": 2.2580117077907045E-05
"p511": 0
"p512": 0.00038574366674757867
"p513": 0.00012607232035164766
"p514": 2.6343469924224887E-05
"p515": 1.8816764231589204E-06
"p516": 0.002340805470409696
"p517": 0.000780895715610952
"p518": 0.00012042729108217092
"p519": 1.3171734962112444E-05
"p520": 4.704191057897301E-05
"p521": 9.408382115794602E-06
"p522": 0
"p523": 0
"p524": 0.00040832378382548573
"p525": 9.220214473478709E-05
"p526": 7.5267056926356815E-06
"p527": 0
"p528": 0.0016427035174177373
"p529": 0.000590846396871901
"p530": 0.00012042729108217089
"p531": 1.8816764231589204E-06
"p532": 0.005876475469525309
"p533": 0.002135702740285375
"p534": 0.0004252588716339161
"p535": 1.8816764231589203E-05
"p536": 0.0004120871366718036
"p537": 0.00011478226181269415
"p538": 1.1290058538953523E-05
"p539": 0
"p540": 0.0022072064443654136
"p541": 0.0007545522456867271
"p542": 0.00010913723254321738
"p543": 0
"p544": 5.2686939848449775E-05
"p545": 2.2580117077907045E-05
"p546": 0
"p547": 0
"p548": 0.0006435333367203507
"p549": 0.0002145111122401169
"p550": 1.1290058538953523E-05
"p551": 0
"p552": 7.5267056926356815E-06
"p553": 5.645029269476761E-06
"p554": 1.8816764231589204E-06
"p555": 0
"p556": 6.774035123372114E-05
"p557": 3.0106822770542726E-05
"p558": 1.3171734962112442E-05
"p559": 0
"p560": 0.0004196138423644392
"p561": 0.00012419064392848875
"p562": 5.645029269476761E-06
"p563": 0
"p564": 0.0031010027453659
"p565": 0.0009069680359625996
"p566": 4.139688130949625E-05
