"p504": 3.198849919370165E-05
"p505": 9.408382115794602E-06
"p506": 0
"p507": 0
"p508": 6.39769983874033E-05
"p509": 2.0698440654748124E-05
"p510": 0
"p511": 0
"p512": 0.00019757602443168663
"p513": 5.2686939848449775E-05
"p514": 5.645029269476761E-06
"p515": 0
"p516": 0.0015787265190303336
"p517": 0.0004252588716339159
"p518": 6.962202765688005E-05
"p519": 5.645029269476761E-06
"p520": 7.5267056926356815E-06
"p521": 0
"p522": 0
"p523": 0
"p524": 0.00020322105370116337
"p525": 5.833196911792653E-05
"p526": 5.645029269476761E-06
"p527": 0
"p528": 0.0008110025383814945
"p529": 0.00017499590735377957
"p530": 1.8816764231589203E-05
"p531": 0
"p532": 0.003622227114580921
"p533": 0.0009163764180783942
"p534": 0.00011854561465901199
"p535": 7.5267056926356815E-06
"p536": 0.00013359902604428335
"p537": 1.8816764231589203E-05
"p538": 5.645029269476761E-06
"p539": 0
"p540": 0.0014959327564113417
"p541": 0.0005080526342529084
"p542": 9.596549758110495E-05
"p543": 1.3171734962112444E-05
"p544": 0.0018816764231589203
"p545": 0.0006981019529919595
"p546": 0.00015617914312219037
"p547": 1.5053411385271365E-05
"p548": 0.005840723617485289
"p549": 0.0022429582964054334
"p550": 0.00039891540170969113
"p551": 2.4461793501065966E-05
"p552": 0.0007037469822614364
"p553": 0.00024838128785697745
"p554": 4.1396881309496255E-05
"p555": 5.645029269476761E-06
"p556": 0.0022429582964054325
"p557": 0.0006736401594908935
"p558": 0.00010913723254321737
"p559": 7.5267056926356815E-06
"p560": 0.005895292233756898
"p561": 0.0023897290574118285
"p562": 0.0005795563383329474
"p563": 7.33853805031979E-05
"p564": 0.015296147643858867
"p565": 0.00630926104685186
"p566": 0.001422547375908144
