"p504": 8.27937626189925E-05
"p505": 1.5053411385271363E-05
"p506": 0
"p507": 0
"p508": 0.0001373623788906012
"p509": 2.6343469924224887E-05
"p510": 0
"p511": 0
"p512": 9.032046831162817E-05
"p513": 1.1290058538953523E-05
"p514": 0
"p515": 0
"p516": 0
"p517": 0
"p518": 0
"p519": 0
"p520": 0.004181085012259121
"p521": 0.0013566887010975817
"p522": 0.00018628596589273313
"p523": 1.5053411385271365E-05
"p524": 0.0008147658912278125
"p525": 0.00024461793501065964
"p526": 2.2580117077907045E-05
"p527": 0
"p528": 0.001650230223110373
"p529": 0.00031423996266753966
"p530": 3.575185204001949E-05
"p531": 1.8816764231589204E-06
"p532": 0
"p533": 0
"p534": 0
"p535": 0
"p536": 0.005424873127967168
"p537": 0.0015335662848745201
"p538": 0.0002577896699727721
"p539": 1.8816764231589203E-05
"p540": 0.0011704027352048485
"p541": 0.00027660643420436126
"p542": 3.7633528463178407E-05
"p543": 1.1290058538953523E-05
"p544": 0.0005513311919855637
"p545": 0.0001373623788906012
"p546": 1.3171734962112444E-05
"p547": 0
"p548": 1.1290058538953523E-05
"p549": 0
"p550": 0
"p551": 0
"p552": 0.014853953684416516
"p553": 0.005244232191343911
"p554": 0.0009972885042742279
"p555": 6.585867481056221E-05
"p556": 0.004085119514678016
"p557": 0.0010819639433163795
"p558": 0.00015429746669903146
"p559": 9.408382115794602E-06
"p560": 0.0014902877271418648
"p561": 0.0005456861627160869
"p562": 0.00010161052685058171
"p563": 2.2580117077907045E-05
"p564": 0.0001204272910821709
"p565": 2.8225146347383808E-05
"p566": 0
