"p504": 7.5267056926356815E-06
"p505": 0
"p506": 0
"p507": 0
"p508": 2.6343469924224887E-05
"p509": 3.7633528463178407E-06
"p510": 0
"p511": 0
"p512": 0.0002860148163201559
"p513": 6.774035123372113E-05
"p514": 5.645029269476761E-06
"p515": 0
"p516": 0
"p517": 0
"p518": 0
"p519": 0
"p520": 4.8923587002131926E-05
"p521": 5.645029269476761E-06
"p522": 0
"p523": 0
"p524": 9.972885042742278E-05
"p525": 2.2580117077907045E-05
"p526": 1.8816764231589204E-06
"p527": 0
"p528": 0.00040456043097916787
"p529": 7.33853805031979E-05
"p530": 0
"p531": 0
"p532": 5.645029269476761E-06
"p533": 1.8816764231589204E-06
"p534": 0
"p535": 0
"p536": 0.00011478226181269412
"p537": 2.0698440654748124E-05
"p538": 1.8816764231589204E-06
"p539": 1.8816764231589204E-06
"p540": 0.00022203781793275258
"p541": 3.575185204001949E-05
"p542": 1.8816764231589204E-06
"p543": 1.8816764231589204E-06
"p544": 0.000920139770924712
"p545": 0.00023709122931802394
"p546": 3.0106822770542726E-05
"p547": 0
"p548": 0
"p549": 0
"p550": 0
"p551": 0
"p552": 0.0007470255399940914
"p553": 0.0001542974666990315
"p554": 1.3171734962112442E-05
"p555": 0
"p556": 0.0004760641350592068
"p557": 9.596549758110493E-05
"p558": 1.1290058538953523E-05
"p559": 0
"p560": 0.0021168859760537857
"p561": 0.0006886935708761648
"p562": 0.0001392440553137601
"p563": 1.6935087808430286E-05
"p564": 1.3171734962112444E-05
"p565": 0
"p566": 0
