"p504": 0.026830824117823046
"p505": 0.009765900636194797
"p506": 0.0015711998133376985
"p507": 0.00010913723254321738
"p508": 0.01549372366829055
"p509": 0.005955505879297984
"p510": 0.0012362614100154107
"p511": 0.000165587525237985
"p512": 0.0019512984508158
"p513": 0.0005588578976781993
"p514": 3.951520488633733E-05
"p515": 1.8816764231589204E-06
"p516": 0
"p517": 0
"p518": 0
"p519": 0
"p520": 0.0003424651090149235
"p521": 7.903040977267465E-05
"p522": 1.8816764231589204E-06
"p523": 0
"p524": 0.0005889647204487421
"p525": 0.00016935087808430283
"p526": 0
"p527": 0
"p528": 0.0020924241825527193
"p529": 0.000519342692791862
"p530": 4.704191057897301E-05
"p531": 0
"p532": 0.00014300740816007796
"p533": 0
"p534": 0
"p535": 0
"p536": 0.0005532128684087226
"p537": 0.00015994249596850823
"p538": 3.575185204001948E-05
"p539": 0
"p540": 0.0012155629693606626
"p541": 0.000378216961054943
"p542": 4.704191057897301E-05
"p543": 0
"p544": 0.004839671760364744
"p545": 0.0015429746669903149
"p546": 0.00021074775939379907
"p547": 7.5267056926356815E-06
"p548": 1.6935087808430286E-05
"p549": 0
"p550": 0
"p551": 0
"p552": 0.0023878473809886697
"p553": 0.0007884224213035877
"p554": 0.00013171734962112442
"p555": 7.5267056926356815E-06
"p556": 0.001757485779230432
"p557": 0.00041208713667180343
"p558": 5.6450292694767596E-05
"p559": 0
"p560": 0.009308653265367181
"p561": 0.003652333937351464
"p562": 0.0007075103351077541
"p563": 3.0106822770542726E-05
"p564": 9.032046831162818E-05
"p565": 1.8816764231589203E-05
"p566": 0
