"p504": 0.00508805304822172
"p505": 0.0015260395791818844
"p506": 0.00020698440654748124
"p507": 1.8816764231589204E-06
"p508": 0.002679507226578303
"p509": 0.0008900329481541692
"p510": 0.00014300740816007793
"p511": 5.645029269476761E-06
"p512": 0.004201783452913868
"p513": 0.0013679787596365355
"p514": 0.00019569434800852773
"p515": 7.5267056926356815E-06
"p516": 1.6935087808430286E-05
"p517": 0
"p518": 0
"p519": 0
"p520": 0.0020340922134347923
"p521": 0.0007150370408003899
"p522": 0.00012230896750532982
"p523": 7.5267056926356815E-06
"p524": 0.0016427035174177377
"p525": 0.0004045604309791678
"p526": 5.6450292694767596E-05
"p527": 0
"p528": 0.0062020054907318024
"p529": 0.0026776255501551435
"p530": 0.0006303616017582384
"p531": 2.8225146347383808E-05
"p532": 0.0001674692016611439
"p533": 1.8816764231589203E-05
"p534": 0
"p535": 0
"p536": 0.005010904314872206
"p537": 0.0021996797386727774
"p538": 0.00046853742936657115
"p539": 1.3171734962112444E-05
"p540": 0.004066302750446427
"p541": 0.001559909754798745
"p542": 0.0002935415220127916
"p543": 9.408382115794602E-06
"p544": 0.0018459245711189005
"p545": 0.0006002547789876956
"p546": 3.575185204001949E-05
"p547": 1.8816764231589204E-06
"p548": 0
"p549": 0
"p550": 0
"p551": 0
"p552": 0.0007489072164172502
"p553": 0.0002935415220127916
"p554": 9.408382115794602E-06
"p555": 0
"p556": 0.00040644210740232686
"p557": 0.0001204272910821709
"p558": 2.0698440654748124E-05
"p559": 0
"p560": 0.0060439446711864535
"p561": 0.0018252261304641524
"p562": 0.00012042729108217089
"p563": 1.8816764231589204E-06
"p564": 3.198849919370165E-05
"p565": 9.408382115794602E-06
"p566": 0
