"p504": 5.645029269476761E-06
"p505": 0
"p506": 0
"p507": 0
"p508": 1.5053411385271363E-05
"p509": 1.1290058538953523E-05
"p510": 0
"p511": 0
"p512": 0.0001731142309306207
"p513": 5.645029269476761E-06
"p514": 0
"p515": 0
"p516": 0.001512867844219772
"p517": 0.0002973048748591094
"p518": 3.575185204001949E-05
"p519": 1.8816764231589204E-06
"p520": 0.0016031883125314002
"p521": 0.0004177321659412803
"p522": 5.833196911792654E-05
"p523": 1.1290058538953523E-05
"p524": 0.0040493676626379965
"p525": 0.0012851849970175425
"p526": 0.0002258011707790704
"p527": 1.8816764231589203E-05
"p528": 0
"p529": 0
"p530": 0
"p531": 0
"p532": 0
"p533": 0
"p534": 0
"p535": 0
"p536": 3.387017561686057E-05
"p537": 0
"p538": 0
"p539": 0
"p540": 0.0007507888928404092
"p541": 0.00013359902604428335
"p542": 1.1290058538953523E-05
"p543": 0
"p544": 0.0016314134588787837
"p545": 0.0007018653058382773
"p546": 0.00017311423093062066
"p547": 3.7633528463178407E-06
"p548": 0.0020604356833590176
"p549": 0.0006190715432192848
"p550": 9.972885042742278E-05
"p551": 2.2580117077907045E-05
"p552": 0.01399967258830237
"p553": 0.0058407236174852885
"p554": 0.0013510436718281048
"p555": 0.0001298356731979655
"p556": 0.02268360928118079
"p557": 0.009321825000329291
"p558": 0.0023332787647170616
"p559": 0.00025026296428013644
"p560": 0.00020510273012432233
"p561": 5.268693984844976E-05
"p562": 0
"p563": 0
"p564": 0.0002803697870506791
"p565": 8.27937626189925E-05
"p566": 9.408382115794602E-06
