"p504": 0.007974544681347505
"p505": 0.0024047824687971
"p506": 0.00034058343259176454
"p507": 2.2580117077907045E-05
"p508": 0.0026287019631530116
"p509": 0.0007884224213035876
"p510": 9.032046831162818E-05
"p511": 0
"p512": 0.0011497042945501003
"p513": 0.00023709122931802394
"p514": 7.5267056926356815E-06
"p515": 0
"p516": 0.00010725555612005845
"p517": 0
"p518": 0
"p519": 0
"p520": 0.00027848811062752024
"p521": 4.327855773265517E-05
"p522": 0
"p523": 0
"p524": 0.0007188003936467075
"p525": 0.00018816764231589203
"p526": 2.4461793501065963E-05
"p527": 0
"p528": 0.0001580608195453493
"p529": 5.645029269476761E-06
"p530": 0
"p531": 0
"p532": 0
"p533": 0
"p534": 0
"p535": 0
"p536": 0
"p537": 0
"p538": 0
"p539": 0
"p540": 0
"p541": 0
"p542": 0
"p543": 0
"p544": 0.004907412111598464
"p545": 0.0016728103401882802
"p546": 0.00030294990412858624
"p547": 1.1290058538953523E-05
"p548": 0.00010725555612005845
"p549": 1.3171734962112444E-05
"p550": 0
"p551": 0
"p552": 0.0023615039110644444
"p553": 0.0007921857741499055
"p554": 0.0001467707610063958
"p555": 7.5267056926356815E-06
"p556": 0.0035130898820377046
"p557": 0.0011892194994364378
"p558": 0.00021262943581695798
"p559": 1.8816764231589204E-06
"p560": 0.0023934924102581457
"p561": 0.0008185292440741303
"p562": 0.00010537387969689954
"p563": 7.5267056926356815E-06
"p564": 3.7633528463178407E-06
"p565": 0
"p566": 0
