"p504": 0
"p505": 0
"p506": 0
"p507": 0
"p508": 0
"p509": 0
"p510": 0
"p511": 0
"p512": 0.0035036814999219097
"p513": 0.001087608972585856
"p514": 0.0001806409366232563
"p515": 1.8816764231589203E-05
"p516": 0.00022768284720222937
"p517": 1.6935087808430282E-05
"p518": 0
"p519": 0
"p520": 0.0013171734962112442
"p521": 0.00040079707813285
"p522": 9.784717400426385E-05
"p523": 5.645029269476761E-06
"p524": 0.002478167849300298
"p525": 0.0008185292440741303
"p526": 0.00016182417239166713
"p527": 1.8816764231589203E-05
"p528": 0.0007507888928404092
"p529": 0.00013359902604428335
"p530": 1.1290058538953523E-05
"p531": 0
"p532": 0
"p533": 0
"p534": 0
"p535": 0
"p536": 1.1290058538953523E-05
"p537": 0
"p538": 0
"p539": 0
"p540": 2.2580117077907045E-05
"p541": 0
"p542": 0
"p543": 0
"p544": 0.015469261874789484
"p545": 0.006294207635466589
"p546": 0.001608833341800877
"p547": 0.00019193099516220987
"p548": 0.0001637058488148261
"p549": 2.6343469924224887E-05
"p550": 0
"p551": 0
"p552": 0.013943222295607597
"p553": 0.006124856757382286
"p554": 0.0015166311970660898
"p555": 0.00013359902604428335
"p556": 0.010708620524197417
"p557": 0.003802868051204178
"p558": 0.0007338538050319789
"p559": 4.327855773265517E-05
"p560": 0.012296755425343548
"p561": 0.004487798269234024
"p562": 0.0008806245660383747
"p563": 8.091208619583358E-05
"p564": 7.5267056926356815E-06
"p565": 0
"p566": 0
