"p504": 0.011713435734164281
"p505": 0.003942112106517939
"p506": 0.0006529417188361453
"p507": 1.3171734962112444E-05
"p508": 0.0020021037142410906
"p509": 0.0006228348960656026
"p510": 9.596549758110493E-05
"p511": 5.645029269476761E-06
"p512": 3.7633528463178407E-06
"p513": 0
"p514": 0
"p515": 0
"p516": 0
"p517": 0
"p518": 0
"p519": 0
"p520": 0.00033305672689912887
"p521": 6.962202765688006E-05
"p522": 1.6935087808430286E-05
"p523": 0
"p524": 4.7041910578973015E-05
"p525": 3.7633528463178407E-06
"p526": 0
"p527": 0
"p528": 2.0698440654748124E-05
"p529": 5.645029269476761E-06
"p530": 0
"p531": 0
"p532": 0
"p533": 0
"p534": 0
"p535": 0
"p536": 0.0006021364554108546
"p537": 0.00019945770085484557
"p538": 5.645029269476761E-05
"p539": 1.1290058538953523E-05
"p540": 9.596549758110495E-05
"p541": 2.2580117077907045E-05
"p542": 0
"p543": 0
"p544": 0
"p545": 0
"p546": 0
"p547": 0
"p548": 0
"p549": 0
"p550": 0
"p551": 0
"p552": 1.8816764231589203E-05
"p553": 0
"p554": 0
"p555": 0
"p556": 7.5267056926356815E-06
"p557": 0
"p558": 0
"p559": 0
"p560": 2.4461793501065966E-05
"p561": 5.645029269476761E-06
"p562": 0
"p563": 0
"p564": 0
"p565": 0
"p566": 0
