"p504": 0.00025026296428013644
"p505": 5.268693984844977E-05
"p506": 5.645029269476761E-06
"p507": 0
"p508": 0.0004704191057897302
"p509": 7.338538050319791E-05
"p510": 5.645029269476761E-06
"p511": 0
"p512": 0
"p513": 0
"p514": 0
"p515": 0
"p516": 0
"p517": 0
"p518": 0
"p519": 0
"p520": 7.5267056926356815E-06
"p521": 0
"p522": 0
"p523": 0
"p524": 5.8331969117926534E-05
"p525": 5.645029269476761E-06
"p526": 0
"p527": 0
"p528": 1.8816764231589203E-05
"p529": 0
"p530": 0
"p531": 0
"p532": 6.209532196424438E-05
"p533": 3.7633528463178407E-06
"p534": 0
"p535": 0
"p536": 7.338538050319788E-05
"p537": 9.408382115794602E-06
"p538": 0
"p539": 0
"p540": 0.0002464996114338186
"p541": 3.010682277054273E-05
"p542": 0
"p543": 0
"p544": 1.8816764231589203E-05
"p545": 0
"p546": 0
"p547": 0
"p548": 2.6343469924224887E-05
"p549": 1.8816764231589204E-06
"p550": 0
"p551": 0
"p552": 0.0002747247577812024
"p553": 3.3870175616860565E-05
"p554": 0
"p555": 0
"p556": 0.0002991865512822683
"p557": 5.833196911792653E-05
"p558": 0
"p559": 0
"p560": 0.0003594001968233538
"p561": 7.903040977267466E-05
"p562": 1.8816764231589204E-06
"p563": 0
"p564": 0.00023520955289486504
"p565": 3.7633528463178407E-05
"p566": 0
