"p504": 2.6343469924224887E-05
"p505": 3.7633528463178407E-06
"p506": 0
"p507": 0
"p508": 1.8816764231589203E-05
"p509": 3.7633528463178407E-06
"p510": 0
"p511": 0
"p512": 0
"p513": 0
"p514": 0
"p515": 0
"p516": 0
"p517": 0
"p518": 0
"p519": 0
"p520": 0.00010913723254321737
"p521": 2.2580117077907045E-05
"p522": 0
"p523": 0
"p524": 0.0003029499041285862
"p525": 7.338538050319788E-05
"p526": 5.645029269476761E-06
"p527": 0
"p528": 1.3171734962112444E-05
"p529": 0
"p530": 0
"p531": 0
"p532": 8.091208619583358E-05
"p533": 1.5053411385271363E-05
"p534": 0
"p535": 0
"p536": 0.00020886608297064014
"p537": 2.0698440654748124E-05
"p538": 0
"p539": 0
"p540": 0.0004196138423644392
"p541": 7.714873334951574E-05
"p542": 0
"p543": 0
"p544": 5.645029269476761E-05
"p545": 1.1290058538953523E-05
"p546": 0
"p547": 0
"p548": 5.645029269476761E-05
"p549": 1.3171734962112442E-05
"p550": 0
"p551": 0
"p552": 0.0010029335335437046
"p553": 0.00022768284720222937
"p554": 2.4461793501065966E-05
"p555": 0
"p556": 0.0009803534164657976
"p557": 0.00024838128785697745
"p558": 3.0106822770542726E-05
"p559": 0
"p560": 0.00028789649274331484
"p561": 8.091208619583358E-05
"p562": 1.3171734962112442E-05
"p563": 0
"p564": 0.00016746920166114393
"p565": 1.8816764231589203E-05
"p566": 0
