"p504": 0.010215621301329778
"p505": 0.0032985787697975867
"p506": 0.00040832378382548573
"p507": 1.5053411385271361E-05
"p508": 0.006471085219243528
"p509": 0.002066080712628494
"p510": 0.000259671346395931
"p511": 1.3171734962112442E-05
"p512": 2.0698440654748124E-05
"p513": 5.645029269476761E-06
"p514": 0
"p515": 0
"p516": 9.596549758110492E-05
"p517": 4.139688130949624E-05
"p518": 5.645029269476761E-06
"p519": 0
"p520": 0
"p521": 0
"p522": 0
"p523": 0
"p524": 1.8816764231589204E-06
"p525": 1.8816764231589204E-06
"p526": 1.8816764231589204E-06
"p527": 0
"p528": 3.9515204886337324E-05
"p529": 9.408382115794602E-06
"p530": 0
"p531": 0
"p532": 9.032046831162815E-05
"p533": 3.7633528463178407E-05
"p534": 0
"p535": 0
"p536": 1.8816764231589204E-06
"p537": 1.8816764231589204E-06
"p538": 1.8816764231589204E-06
"p539": 1.8816764231589204E-06
"p540": 2.6343469924224887E-05
"p541": 7.5267056926356815E-06
"p542": 1.8816764231589204E-06
"p543": 1.8816764231589204E-06
"p544": 0.00015241579027587256
"p545": 2.2580117077907045E-05
"p546": 5.645029269476761E-06
"p547": 0
"p548": 0.00019945770085484557
"p549": 4.516023415581409E-05
"p550": 1.1290058538953523E-05
"p551": 0
"p552": 3.0106822770542726E-05
"p553": 0
"p554": 0
"p555": 0
"p556": 1.1290058538953523E-05
"p557": 0
"p558": 0
"p559": 0
"p560": 0.0003499918147075592
"p561": 0.00011478226181269415
"p562": 3.198849919370165E-05
"p563": 5.645029269476761E-06
"p564": 0.00046289240009709436
"p565": 0.00018252261304641524
"p566": 4.139688130949625E-05
