"p504": 0.008926672951465918
"p505": 0.002634346992422488
"p506": 0.00040079707813285
"p507": 2.2580117077907045E-05
"p508": 0.008717806868495277
"p509": 0.003245891829949138
"p510": 0.0005400411334466101
"p511": 1.3171734962112444E-05
"p512": 7.5267056926356815E-06
"p513": 0
"p514": 0
"p515": 0
"p516": 0.0005249877220613388
"p517": 6.774035123372114E-05
"p518": 1.8816764231589204E-06
"p519": 0
"p520": 0.00024273625858750074
"p521": 2.6343469924224887E-05
"p522": 0
"p523": 0
"p524": 0.0013623337303670581
"p525": 0.0002766064342043613
"p526": 7.5267056926356815E-06
"p527": 0
"p528": 0
"p529": 0
"p530": 0
"p531": 0
"p532": 0
"p533": 0
"p534": 0
"p535": 0
"p536": 0
"p537": 0
"p538": 0
"p539": 0
"p540": 0.0001580608195453493
"p541": 5.645029269476761E-06
"p542": 0
"p543": 0
"p544": 0.00023709122931802397
"p545": 7.338538050319788E-05
"p546": 1.3171734962112444E-05
"p547": 0
"p548": 0.001038685385583724
"p549": 0.00023144620004854723
"p550": 2.2580117077907045E-05
"p551": 0
"p552": 0.0019023748638136685
"p553": 0.0006510600424129864
"p554": 0.00012607232035164766
"p555": 1.8816764231589204E-06
"p556": 0.007327247991780837
"p557": 0.00256284328834245
"p558": 0.0004892358700213194
"p559": 1.8816764231589203E-05
"p560": 9.408382115794602E-06
"p561": 1.8816764231589204E-06
"p562": 0
"p563": 0
"p564": 8.091208619583358E-05
"p565": 7.5267056926356815E-06
"p566": 0
