"p504": 0.015928390922040268
"p505": 0.005470033362122982
"p506": 0.0009878801221584331
"p507": 7.714873334951573E-05
"p508": 0.009605958140226288
"p509": 0.0032797620055659985
"p510": 0.0005268693984844977
"p511": 4.516023415581409E-05
"p512": 0.00011290058538953522
"p513": 3.387017561686057E-05
"p514": 5.645029269476761E-06
"p515": 0
"p516": 0
"p517": 0
"p518": 0
"p519": 0
"p520": 8.655711546531035E-05
"p521": 9.408382115794602E-06
"p522": 0
"p523": 0
"p524": 9.972885042742277E-05
"p525": 3.9515204886337324E-05
"p526": 5.645029269476761E-06
"p527": 0
"p528": 7.5267056926356815E-06
"p529": 0
"p530": 0
"p531": 0
"p532": 1.8816764231589204E-06
"p533": 0
"p534": 0
"p535": 0
"p536": 0
"p537": 0
"p538": 0
"p539": 0
"p540": 0
"p541": 0
"p542": 0
"p543": 0
"p544": 6.962202765688005E-05
"p545": 1.8816764231589203E-05
"p546": 0
"p547": 0
"p548": 0
"p549": 0
"p550": 0
"p551": 0
"p552": 3.9515204886337324E-05
"p553": 7.5267056926356815E-06
"p554": 0
"p555": 0
"p556": 1.8816764231589203E-05
"p557": 3.7633528463178407E-06
"p558": 0
"p559": 0
"p560": 0.00012607232035164763
"p561": 2.0698440654748124E-05
"p562": 0
"p563": 0
"p564": 0
"p565": 0
"p566": 0
