"p504": 0.01651171061321953
"p505": 0.006198242137885483
"p506": 0.0012607232035164765
"p507": 6.774035123372113E-05
"p508": 0.0041773216594128025
"p509": 0.0012682499092091125
"p510": 0.00024461793501065964
"p511": 2.2580117077907045E-05
"p512": 2.8225146347383808E-05
"p513": 9.408382115794602E-06
"p514": 0
"p515": 0
"p516": 0
"p517": 0
"p518": 0
"p519": 0
"p520": 9.22021447347871E-05
"p521": 3.575185204001949E-05
"p522": 0
"p523": 0
"p524": 1.5053411385271363E-05
"p525": 3.7633528463178407E-06
"p526": 0
"p527": 0
"p528": 0
"p529": 0
"p530": 0
"p531": 0
"p532": 0
"p533": 0
"p534": 0
"p535": 0
"p536": 2.0698440654748124E-05
"p537": 5.645029269476761E-06
"p538": 0
"p539": 0
"p540": 0
"p541": 0
"p542": 0
"p543": 0
"p544": 1.6935087808430282E-05
"p545": 1.8816764231589204E-06
"p546": 0
"p547": 0
"p548": 0
"p549": 0
"p550": 0
"p551": 0
"p552": 0.0006209532196424437
"p553": 0.0002013393772780045
"p554": 5.645029269476761E-05
"p555": 1.1290058538953523E-05
"p556": 0.00010161052685058171
"p557": 2.2580117077907045E-05
"p558": 0
"p559": 0
"p560": 3.7633528463178407E-06
"p561": 0
"p562": 0
"p563": 0
"p564": 0
"p565": 0
"p566": 0
