"p504": 0
"p505": 0
"p506": 0
"p507": 0
"p508": 0
"p509": 0
"p510": 0
"p511": 0
"p512": 0.002751010930658341
"p513": 0.0007752506863414751
"p514": 0.00011290058538953522
"p515": 7.5267056926356815E-06
"p516": 0.00018064093662325633
"p517": 1.6935087808430282E-05
"p518": 0
"p519": 0
"p520": 0.0006924569237224827
"p521": 0.00015053411385271363
"p522": 1.3171734962112442E-05
"p523": 0
"p524": 0.0019456534215463238
"p525": 0.0005852013676024242
"p526": 0.00010725555612005845
"p527": 1.3171734962112444E-05
"p528": 0.00038762534317073765
"p529": 6.021364554108546E-05
"p530": 5.645029269476761E-06
"p531": 0
"p532": 0
"p533": 0
"p534": 0
"p535": 0
"p536": 5.645029269476761E-06
"p537": 0
"p538": 0
"p539": 0
"p540": 1.1290058538953523E-05
"p541": 0
"p542": 0
"p543": 0
"p544": 0.010522334558304683
"p545": 0.00413027974883383
"p546": 0.0009709450343500028
"p547": 0.00011101890896637629
"p548": 0.00027096140493488457
"p549": 3.575185204001949E-05
"p550": 0
"p551": 0
"p552": 0.00676274506483316
"p553": 0.0024612327614918677
"p554": 0.0004779458114823658
"p555": 3.3870175616860565E-05
"p556": 0.010629590114424742
"p557": 0.0038913068430926475
"p558": 0.0008486360668446731
"p559": 8.279376261899248E-05
"p560": 0.006185070402923371
"p561": 0.002325752059024425
"p562": 0.00043466725374971066
"p563": 3.76335284631784E-05
"p564": 7.5267056926356815E-06
"p565": 0
"p566": 0
