"p504": 2.2580117077907045E-05
"p505": 3.7633528463178407E-06
"p506": 0
"p507": 0
"p508": 2.6343469924224887E-05
"p509": 3.7633528463178407E-06
"p510": 0
"p511": 0
"p512": 0
"p513": 0
"p514": 0
"p515": 0
"p516": 0
"p517": 0
"p518": 0
"p519": 0
"p520": 0.000329293374052811
"p521": 7.338538050319788E-05
"p522": 5.645029269476761E-06
"p523": 0
"p524": 7.903040977267465E-05
"p525": 2.0698440654748128E-05
"p526": 0
"p527": 0
"p528": 8.091208619583358E-05
"p529": 1.5053411385271363E-05
"p530": 0
"p531": 0
"p532": 0
"p533": 0
"p534": 0
"p535": 0
"p536": 0.0004929992228676371
"p537": 8.279376261899248E-05
"p538": 0
"p539": 0
"p540": 0.00015053411385271363
"p541": 1.5053411385271365E-05
"p542": 0
"p543": 0
"p544": 5.645029269476761E-05
"p545": 1.3171734962112442E-05
"p546": 0
"p547": 0
"p548": 0
"p549": 0
"p550": 0
"p551": 0
"p552": 0.0016257684296093072
"p553": 0.0003913886960170554
"p554": 4.327855773265517E-05
"p555": 0
"p556": 0.00033682007974544673
"p557": 7.714873334951573E-05
"p558": 1.1290058538953523E-05
"p559": 0
"p560": 0.00016182417239166716
"p561": 1.8816764231589203E-05
"p562": 0
"p563": 0
"p564": 1.6935087808430286E-05
"p565": 0
"p566": 0
