"p504": 0.007914331035806419
"p505": 0.0028018161940836324
"p506": 0.0005005259285602728
"p507": 3.7633528463178407E-05
"p508": 0.005010904314872205
"p509": 0.001693508780843028
"p510": 0.00029165984558963265
"p511": 2.2580117077907045E-05
"p512": 6.0213645541085445E-05
"p513": 2.6343469924224887E-05
"p514": 0
"p515": 0
"p516": 1.8816764231589204E-06
"p517": 1.8816764231589204E-06
"p518": 0
"p519": 0
"p520": 3.387017561686057E-05
"p521": 1.1290058538953523E-05
"p522": 1.8816764231589204E-06
"p523": 1.8816764231589204E-06
"p524": 4.139688130949625E-05
"p525": 1.1290058538953523E-05
"p526": 1.8816764231589204E-06
"p527": 1.8816764231589204E-06
"p528": 2.0698440654748124E-05
"p529": 5.645029269476761E-06
"p530": 0
"p531": 0
"p532": 0
"p533": 0
"p534": 0
"p535": 0
"p536": 0
"p537": 0
"p538": 0
"p539": 0
"p540": 0
"p541": 0
"p542": 0
"p543": 0
"p544": 0.0002860148163201559
"p545": 0.0001091372325432174
"p546": 3.0106822770542726E-05
"p547": 5.645029269476761E-06
"p548": 0
"p549": 0
"p550": 0
"p551": 0
"p552": 0.0003612818732465128
"p553": 0.00011854561465901196
"p554": 3.7633528463178407E-05
"p555": 5.645029269476761E-06
"p556": 0.00013548070246744229
"p557": 4.139688130949624E-05
"p558": 1.1290058538953523E-05
"p559": 0
"p560": 0.0003405834325917646
"p561": 0.00010725555612005845
"p562": 1.6935087808430286E-05
"p563": 0
"p564": 0
"p565": 0
"p566": 0
