"p504": 0.010298415063948773
"p505": 0.003274116976296522
"p506": 0.0005042892814065906
"p507": 3.387017561686057E-05
"p508": 0.00556223550685777
"p509": 0.0018515696003883774
"p510": 0.00031988499193701646
"p511": 2.2580117077907045E-05
"p512": 0.0017988826605399278
"p513": 0.0004967625757139549
"p514": 4.704191057897301E-05
"p515": 0
"p516": 0.00014300740816007796
"p517": 0
"p518": 0
"p519": 0
"p520": 0.0005532128684087226
"p521": 0.00015994249596850823
"p522": 3.575185204001948E-05
"p523": 0
"p524": 0.0012155629693606626
"p525": 0.000378216961054943
"p526": 4.704191057897301E-05
"p527": 0
"p528": 0.00034434678543808245
"p529": 2.8225146347383805E-05
"p530": 0
"p531": 0
"p532": 0
"p533": 0
"p534": 0
"p535": 0
"p536": 0
"p537": 0
"p538": 0
"p539": 0
"p540": 0
"p541": 0
"p542": 0
"p543": 0
"p544": 0.008463780551368826
"p545": 0.0031311095681364432
"p546": 0.0006642317773750989
"p547": 3.0106822770542726E-05
"p548": 9.972885042742278E-05
"p549": 1.8816764231589203E-05
"p550": 0
"p551": 0
"p552": 0.005564117183280928
"p553": 0.0022730651191759754
"p554": 0.0004779458114823658
"p555": 1.3171734962112444E-05
"p556": 0.004730534527821525
"p557": 0.0016445851938408963
"p558": 0.0002935415220127916
"p559": 9.408382115794602E-06
"p560": 0.006185070402923373
"p561": 0.0020115120963568856
"p562": 0.00025967134639593104
"p563": 9.408382115794602E-06
"p564": 7.5267056926356815E-06
"p565": 0
"p566": 0
