"p504": 9.032046831162818E-05
"p505": 1.8816764231589203E-05
"p506": 0
"p507": 0
"p508": 0.00031423996266753966
"p509": 4.516023415581409E-05
"p510": 0
"p511": 0
"p512": 7.5267056926356815E-06
"p513": 0
"p514": 0
"p515": 0
"p516": 5.8331969117926534E-05
"p517": 5.645029269476761E-06
"p518": 0
"p519": 0
"p520": 0
"p521": 0
"p522": 0
"p523": 0
"p524": 1.3171734962112442E-05
"p525": 1.8816764231589204E-06
"p526": 0
"p527": 0
"p528": 7.338538050319788E-05
"p529": 9.408382115794602E-06
"p530": 0
"p531": 0
"p532": 0.0002540263171264543
"p533": 3.010682277054273E-05
"p534": 0
"p535": 0
"p536": 2.2580117077907045E-05
"p537": 5.645029269476761E-06
"p538": 0
"p539": 0
"p540": 6.962202765688005E-05
"p541": 1.3171734962112444E-05
"p542": 3.7633528463178407E-06
"p543": 0
"p544": 0.00022768284720222934
"p545": 3.3870175616860565E-05
"p546": 0
"p547": 0
"p548": 0.0002803697870506791
"p549": 5.833196911792653E-05
"p550": 0
"p551": 0
"p552": 9.972885042742278E-05
"p553": 0
"p554": 0
"p555": 0
"p556": 0.0001467707610063958
"p557": 1.8816764231589204E-06
"p558": 0
"p559": 0
"p560": 0.001155349323819577
"p561": 0.00038009863747810193
"p562": 5.080526342529085E-05
"p563": 0
"p564": 0.0013453986425586279
"p565": 0.0004591290472507766
"p566": 6.774035123372113E-05
