"p504": 7.714873334951573E-05
"p505": 5.645029269476761E-06
"p506": 0
"p507": 0
"p508": 0.00012419064392848875
"p509": 1.3171734962112442E-05
"p510": 0
"p511": 0
"p512": 0.00017687758377693853
"p513": 2.634346992422489E-05
"p514": 0
"p515": 0
"p516": 2.2580117077907045E-05
"p517": 0
"p518": 0
"p519": 0
"p520": 0.001386795523868124
"p521": 0.0003499918147075592
"p522": 2.2580117077907045E-05
"p523": 0
"p524": 0.0005569762212550404
"p525": 0.00014300740816007793
"p526": 7.5267056926356815E-06
"p527": 0
"p528": 1.1290058538953523E-05
"p529": 0
"p530": 0
"p531": 0
"p532": 0
"p533": 0
"p534": 0
"p535": 0
"p536": 3.3870175616860565E-05
"p537": 1.8816764231589204E-06
"p538": 0
"p539": 0
"p540": 0
"p541": 0
"p542": 0
"p543": 0
"p544": 5.268693984844977E-05
"p545": 1.1290058538953523E-05
"p546": 0
"p547": 0
"p548": 0
"p549": 0
"p550": 0
"p551": 0
"p552": 0.0008862695953078514
"p553": 0.0003650452260928306
"p554": 7.526705692635681E-05
"p555": 0
"p556": 0.00023144620004854723
"p557": 7.714873334951574E-05
"p558": 1.1290058538953523E-05
"p559": 0
"p560": 0.00012419064392848875
"p561": 3.9515204886337324E-05
"p562": 3.7633528463178407E-06
"p563": 0
"p564": 0
"p565": 0
"p566": 0
