"p504": 0.020745482565327097
"p505": 0.007144725378734422
"p506": 0.0012437881157080467
"p507": 5.645029269476761E-05
"p508": 0.004822736672556313
"p509": 0.0015918982539924464
"p510": 0.0002728430813580434
"p511": 2.2580117077907045E-05
"p512": 0.0007075103351077539
"p513": 0.0001016105268505817
"p514": 7.5267056926356815E-06
"p515": 0
"p516": 0
"p517": 0
"p518": 0
"p519": 0
"p520": 0.0022862368541380885
"p521": 0.0006190715432192848
"p522": 7.150370408003898E-05
"p523": 0
"p524": 0.0006228348960656026
"p525": 0.00014677076100639576
"p526": 5.645029269476761E-06
"p527": 0
"p528": 0
"p529": 0
"p530": 0
"p531": 0
"p532": 0
"p533": 0
"p534": 0
"p535": 0
"p536": 0.00034434678543808245
"p537": 2.8225146347383805E-05
"p538": 0
"p539": 0
"p540": 0
"p541": 0
"p542": 0
"p543": 0
"p544": 0.0011252425010490345
"p545": 0.0002991865512822684
"p546": 3.0106822770542726E-05
"p547": 0
"p548": 6.021364554108545E-05
"p549": 1.6935087808430286E-05
"p550": 0
"p551": 0
"p552": 0.013536780188205273
"p553": 0.005131331605954376
"p554": 0.0010970173547016507
"p555": 4.327855773265517E-05
"p556": 0.003449112883650301
"p557": 0.0011647577059353718
"p558": 0.0002258011707790705
"p559": 9.408382115794602E-06
"p560": 0.00010913723254321737
"p561": 9.408382115794602E-06
"p562": 0
"p563": 0
"p564": 0
"p565": 0
"p566": 0
