"p504": 9.408382115794602E-06
"p505": 0
"p506": 0
"p507": 0
"p508": 2.0698440654748124E-05
"p509": 1.1290058538953523E-05
"p510": 0
"p511": 0
"p512": 0.001234379733592252
"p513": 0.00040267875455600894
"p514": 6.585867481056221E-05
"p515": 1.1290058538953523E-05
"p516": 0.0001204272910821709
"p517": 2.8225146347383808E-05
"p518": 0
"p519": 0
"p520": 0.01952051121385064
"p521": 0.00908097041816495
"p522": 0.0025026296428013644
"p523": 0.000308594933398063
"p524": 0.00634501289889188
"p525": 0.002470641143607663
"p526": 0.0005419228098697691
"p527": 3.7633528463178407E-05
"p528": 0.00046289240009709436
"p529": 5.080526342529086E-05
"p530": 0
"p531": 0
"p532": 0
"p533": 0
"p534": 0
"p535": 0
"p536": 0.0007131553643772307
"p537": 0.00012042729108217089
"p538": 5.645029269476761E-06
"p539": 0
"p540": 3.3870175616860565E-05
"p541": 3.7633528463178407E-06
"p542": 0
"p543": 0
"p544": 0.0006322432781813973
"p545": 0.00020886608297064017
"p546": 3.951520488633734E-05
"p547": 1.1290058538953523E-05
"p548": 3.7633528463178407E-06
"p549": 0
"p550": 0
"p551": 0
"p552": 0.010228793036291893
"p553": 0.003437822825111347
"p554": 0.0004911175464444782
"p555": 2.2580117077907045E-05
"p556": 0.0024687594671845034
"p557": 0.0007018653058382773
"p558": 9.784717400426385E-05
"p559": 5.645029269476761E-06
"p560": 0.0016596386052261677
"p561": 0.0005626212505245172
"p562": 9.032046831162817E-05
"p563": 1.8816764231589204E-06
"p564": 7.5267056926356815E-06
"p565": 0
"p566": 0
