"p504": 0.01638751996929104
"p505": 0.006333722840352926
"p506": 0.0011497042945501005
"p507": 4.139688130949624E-05
"p508": 0.010915604930744898
"p509": 0.004137806454526466
"p510": 0.0007056286586845952
"p511": 4.327855773265517E-05
"p512": 0
"p513": 0
"p514": 0
"p515": 0
"p516": 2.2580117077907045E-05
"p517": 5.645029269476761E-06
"p518": 0
"p519": 0
"p520": 0
"p521": 0
"p522": 0
"p523": 0
"p524": 1.8816764231589204E-06
"p525": 1.8816764231589204E-06
"p526": 0
"p527": 0
"p528": 9.408382115794602E-06
"p529": 0
"p530": 0
"p531": 0
"p532": 4.704191057897301E-05
"p533": 1.8816764231589204E-06
"p534": 0
"p535": 0
"p536": 0
"p537": 0
"p538": 0
"p539": 0
"p540": 1.3171734962112444E-05
"p541": 3.7633528463178407E-06
"p542": 3.7633528463178407E-06
"p543": 0
"p544": 3.0106822770542726E-05
"p545": 5.645029269476761E-06
"p546": 0
"p547": 0
"p548": 5.268693984844977E-05
"p549": 1.1290058538953523E-05
"p550": 0
"p551": 0
"p552": 1.8816764231589204E-06
"p553": 0
"p554": 0
"p555": 0
"p556": 1.8816764231589204E-06
"p557": 0
"p558": 0
"p559": 0
"p560": 0.00014112573173691902
"p561": 3.575185204001949E-05
"p562": 5.645029269476761E-06
"p563": 0
"p564": 0.00023520955289486504
"p565": 7.150370408003898E-05
"p566": 5.645029269476761E-06
