"p504": 0.005614922446706219
"p505": 0.0015147495206429308
"p506": 0.0002239194943559115
"p507": 5.645029269476761E-06
"p508": 0.0084374370814446
"p509": 0.0031047660982122184
"p510": 0.0005400411334466101
"p511": 1.3171734962112444E-05
"p512": 7.5267056926356815E-06
"p513": 0
"p514": 0
"p515": 0
"p516": 3.7633528463178407E-06
"p517": 0
"p518": 0
"p519": 0
"p520": 0.000165587525237985
"p521": 2.2580117077907045E-05
"p522": 5.645029269476761E-06
"p523": 0
"p524": 0.0002069844065474812
"p525": 5.080526342529085E-05
"p526": 1.1290058538953523E-05
"p527": 0
"p528": 3.010682277054273E-05
"p529": 3.7633528463178407E-06
"p530": 0
"p531": 0
"p532": 2.0698440654748124E-05
"p533": 5.645029269476761E-06
"p534": 0
"p535": 0
"p536": 0.0003706902553623073
"p537": 0.00010725555612005845
"p538": 2.6343469924224884E-05
"p539": 5.645029269476761E-06
"p540": 0.0002973048748591094
"p541": 0.00011101890896637629
"p542": 3.0106822770542726E-05
"p543": 5.645029269476761E-06
"p544": 0
"p545": 0
"p546": 0
"p547": 0
"p548": 0
"p549": 0
"p550": 0
"p551": 0
"p552": 1.1290058538953523E-05
"p553": 0
"p554": 0
"p555": 0
"p556": 1.5053411385271363E-05
"p557": 0
"p558": 0
"p559": 0
"p560": 0
"p561": 0
"p562": 0
"p563": 0
"p564": 2.4461793501065966E-05
"p565": 5.645029269476761E-06
"p566": 0
