"p504": 0
"p505": 0
"p506": 0
"p507": 0
"p508": 0
"p509": 0
"p510": 0
"p511": 0
"p512": 0.0007827773920341108
"p513": 0.0002088660829706401
"p514": 3.0106822770542726E-05
"p515": 0
"p516": 0
"p517": 0
"p518": 0
"p519": 0
"p520": 0.0006924569237224827
"p521": 0.00015053411385271363
"p522": 1.3171734962112442E-05
"p523": 0
"p524": 0.00041396881309496247
"p525": 8.655711546531035E-05
"p526": 1.3171734962112444E-05
"p527": 0
"p528": 0.0012795399677480658
"p529": 0.0004309039009033928
"p530": 9.4083821157946E-05
"p531": 1.6935087808430286E-05
"p532": 1.5053411385271363E-05
"p533": 1.8816764231589204E-06
"p534": 0
"p535": 0
"p536": 0.0017687758377693853
"p537": 0.0006002547789876956
"p538": 0.0001373623788906012
"p539": 1.6935087808430286E-05
"p540": 0.0006510600424129864
"p541": 0.00019757602443168663
"p542": 2.4461793501065963E-05
"p543": 0
"p544": 0.0002709614049348845
"p545": 5.833196911792654E-05
"p546": 0
"p547": 0
"p548": 0
"p549": 0
"p550": 0
"p551": 0
"p552": 0.00013736237889060116
"p553": 2.6343469924224887E-05
"p554": 0
"p555": 0
"p556": 0.00010725555612005845
"p557": 2.4461793501065966E-05
"p558": 0
"p559": 0
"p560": 0.001439482463716574
"p561": 0.00044219395944234633
"p562": 5.456861627160869E-05
"p563": 0
"p564": 0
"p565": 0
"p566": 0
