"p504": 1.5053411385271363E-05
"p505": 3.7633528463178407E-06
"p506": 0
"p507": 0
"p508": 5.456861627160869E-05
"p509": 3.7633528463178407E-06
"p510": 0
"p511": 0
"p512": 0.00027096140493488457
"p513": 5.833196911792653E-05
"p514": 0
"p515": 0
"p516": 0
"p517": 0
"p518": 0
"p519": 0
"p520": 0.0001674692016611439
"p521": 5.645029269476761E-06
"p522": 0
"p523": 0
"p524": 0.000284133139896997
"p525": 3.1988499193701654E-05
"p526": 0
"p527": 0
"p528": 0.0010499754441226773
"p529": 0.00034622846186124133
"p530": 6.209532196424438E-05
"p531": 0
"p532": 1.8816764231589203E-05
"p533": 0
"p534": 0
"p535": 0
"p536": 0.0012099179400911857
"p537": 0.0004214955187875982
"p538": 3.575185204001949E-05
"p539": 0
"p540": 0.0008222925969204483
"p541": 0.00023709122931802397
"p542": 1.8816764231589203E-05
"p543": 0
"p544": 3.198849919370165E-05
"p545": 1.8816764231589204E-06
"p546": 0
"p547": 0
"p548": 0
"p549": 0
"p550": 0
"p551": 0
"p552": 7.5267056926356815E-06
"p553": 1.8816764231589204E-06
"p554": 0
"p555": 0
"p556": 2.2580117077907045E-05
"p557": 3.7633528463178407E-06
"p558": 0
"p559": 0
"p560": 0.0006642317773750989
"p561": 0.0001768775837769385
"p562": 9.408382115794602E-06
"p563": 0
"p564": 0
"p565": 0
"p566": 0
