"p504": 0.00010913723254321738
"p505": 1.5053411385271363E-05
"p506": 0
"p507": 0
"p508": 8.27937626189925E-05
"p509": 2.6343469924224887E-05
"p510": 0
"p511": 0
"p512": 0
"p513": 0
"p514": 0
"p515": 0
"p516": 9.032046831162817E-05
"p517": 1.1290058538953523E-05
"p518": 0
"p519": 0
"p520": 0.001228734704322775
"p521": 0.00036504522609283053
"p522": 3.763352846317841E-05
"p523": 0
"p524": 0.0038837801374000105
"p525": 0.0012908300262870194
"p526": 0.00017687758377693853
"p527": 1.5053411385271365E-05
"p528": 0.0002051027301243223
"p529": 5.645029269476761E-06
"p530": 0
"p531": 0
"p532": 0.0017179705743440943
"p533": 0.00031423996266753966
"p534": 3.575185204001949E-05
"p535": 1.8816764231589204E-06
"p536": 0.0016370584881482608
"p537": 0.0004177321659412803
"p538": 5.833196911792654E-05
"p539": 1.1290058538953523E-05
"p540": 0.004749351292053115
"p541": 0.0014131389937923492
"p542": 0.00023709122931802394
"p543": 1.8816764231589203E-05
"p544": 0.0003518734911307181
"p545": 8.467543904215141E-05
"p546": 3.7633528463178407E-06
"p547": 0
"p548": 0.0005456861627160869
"p549": 0.0001373623788906012
"p550": 1.3171734962112444E-05
"p551": 0
"p552": 0.006503073718437229
"p553": 0.0022391949435591153
"p554": 0.0004403122830191874
"p555": 3.575185204001949E-05
"p556": 0.01255642677173948
"p557": 0.004354199243189741
"p558": 0.0007564339221098859
"p559": 4.327855773265516E-05
"p560": 0.0014281924051776204
"p561": 0.0006585867481056221
"p562": 0.0001693508780843028
"p563": 3.7633528463178407E-06
"p564": 0.0015034594621039772
"p565": 0.0005362777806002923
"p566": 9.596549758110495E-05
