"p504": 0.01933422524795791
"p505": 0.006510600424129865
"p506": 0.0012437881157080467
"p507": 0.00011854561465901199
"p508": 0.020713494066133396
"p509": 0.008533402579025707
"p510": 0.0018383978654262652
"p511": 0.00014112573173691905
"p512": 1.6935087808430286E-05
"p513": 0
"p514": 0
"p515": 0
"p516": 1.1290058538953523E-05
"p517": 0
"p518": 0
"p519": 0
"p520": 9.408382115794603E-05
"p521": 2.4461793501065963E-05
"p522": 5.645029269476761E-06
"p523": 0
"p524": 0.0001298356731979655
"p525": 3.387017561686057E-05
"p526": 5.645029269476761E-06
"p527": 0
"p528": 0
"p529": 0
"p530": 0
"p531": 0
"p532": 5.645029269476761E-06
"p533": 0
"p534": 0
"p535": 0
"p536": 0
"p537": 0
"p538": 0
"p539": 0
"p540": 7.5267056926356815E-06
"p541": 0
"p542": 0
"p543": 0
"p544": 0
"p545": 0
"p546": 0
"p547": 0
"p548": 0
"p549": 0
"p550": 0
"p551": 0
"p552": 5.8331969117926534E-05
"p553": 1.1290058538953523E-05
"p554": 0
"p555": 0
"p556": 6.962202765688005E-05
"p557": 1.8816764231589203E-05
"p558": 0
"p559": 0
"p560": 0
"p561": 0
"p562": 0
"p563": 0
"p564": 9.408382115794602E-06
"p565": 0
"p566": 0
