"p504": 0.0046308056773941035
"p505": 0.0012494331449775231
"p506": 0.0001486524374295547
"p507": 0
"p508": 0.005940452467912711
"p509": 0.001979523597163184
"p510": 0.00027848811062752024
"p511": 0
"p512": 1.8816764231589207E-05
"p513": 1.8816764231589204E-06
"p514": 0
"p515": 0
"p516": 0.0001712325545074617
"p517": 2.8225146347383808E-05
"p518": 0
"p519": 0
"p520": 0.00041396881309496247
"p521": 0.0001298356731979655
"p522": 2.6343469924224887E-05
"p523": 1.8816764231589204E-06
"p524": 0.002402900792373941
"p525": 0.0007865407448804288
"p526": 0.00012042729108217092
"p527": 1.3171734962112444E-05
"p528": 0.00023520955289486504
"p529": 7.338538050319788E-05
"p530": 1.3171734962112444E-05
"p531": 0
"p532": 0.0009577732993878904
"p533": 0.0002107477593937991
"p534": 2.2580117077907045E-05
"p535": 0
"p536": 0.001840279541849424
"p537": 0.000637888307450874
"p538": 0.00012607232035164766
"p539": 1.8816764231589204E-06
"p540": 0.006486138630628799
"p541": 0.0023972557631044646
"p542": 0.00047794581148236586
"p543": 1.8816764231589203E-05
"p544": 1.8816764231589204E-06
"p545": 0
"p546": 0
"p547": 0
"p548": 1.1290058538953523E-05
"p549": 0
"p550": 0
"p551": 0
"p552": 5.45686162716087E-05
"p553": 2.2580117077907045E-05
"p554": 0
"p555": 0
"p556": 0.0006491783659898275
"p557": 0.0002145111122401169
"p558": 1.1290058538953523E-05
"p559": 0
"p560": 7.526705692635681E-05
"p561": 3.387017561686057E-05
"p562": 0
"p563": 0
"p564": 0.0005268693984844977
"p565": 0.00017123255450746173
"p566": 2.4461793501065963E-05
