"p504": 0.012936525409217579
"p505": 0.004359844272459219
"p506": 0.0004196138423644392
"p507": 1.5053411385271361E-05
"p508": 0.00724821758200816
"p509": 0.0024480610265297555
"p510": 0.00025778966997277205
"p511": 1.3171734962112442E-05
"p512": 0.0005513311919855637
"p513": 0.0001580608195453493
"p514": 1.8816764231589204E-06
"p515": 0
"p516": 0.002173336268748553
"p517": 0.0006153081903729669
"p518": 3.951520488633733E-05
"p519": 1.8816764231589204E-06
"p520": 3.9515204886337324E-05
"p521": 7.5267056926356815E-06
"p522": 0
"p523": 0
"p524": 0.0001580608195453493
"p525": 4.327855773265517E-05
"p526": 0
"p527": 0
"p528": 0.0006679951302214168
"p529": 0.00016370584881482606
"p530": 7.5267056926356815E-06
"p531": 0
"p532": 0.0024988662899550463
"p533": 0.0006190715432192846
"p534": 6.962202765688005E-05
"p535": 0
"p536": 0.00012795399677480656
"p537": 4.5160234155814084E-05
"p538": 1.1290058538953521E-05
"p539": 0
"p540": 0.0007206820700698664
"p541": 0.00023520955289486504
"p542": 4.139688130949624E-05
"p543": 0
"p544": 0.0017480773971146372
"p545": 0.0005249877220613388
"p546": 8.843879188846926E-05
"p547": 1.8816764231589204E-06
"p548": 0.006328077811083448
"p549": 0.002054790654089541
"p550": 0.0002935415220127916
"p551": 1.3171734962112444E-05
"p552": 0.0004120871366718036
"p553": 9.972885042742278E-05
"p554": 9.408382115794602E-06
"p555": 0
"p556": 0.0006058998082571724
"p557": 0.0001298356731979655
"p558": 1.3171734962112444E-05
"p559": 0
"p560": 0.004363607625305536
"p561": 0.0018553329532346955
"p562": 0.00032364834478333437
"p563": 1.1290058538953523E-05
"p564": 0.012114232812297131
"p565": 0.00477569476197734
"p566": 0.0009765900636194797
