"p504": 0
"p505": 0
"p506": 0
"p507": 0
"p508": 0
"p509": 0
"p510": 0
"p511": 0
"p512": 0.004128398072410671
"p513": 0.0015354479612976787
"p514": 0.00034811013828440026
"p515": 3.3870175616860565E-05
"p516": 0.009406500439371445
"p517": 0.003479219706420843
"p518": 0.0006567050716824632
"p519": 4.327855773265516E-05
"p520": 0.0019531801272389595
"p521": 0.0006981019529919595
"p522": 0.00013171734962112442
"p523": 7.5267056926356815E-06
"p524": 0.0021507561516706454
"p525": 0.0006585867481056222
"p526": 9.784717400426384E-05
"p527": 5.645029269476761E-06
"p528": 0.008390395170865626
"p529": 0.003923295342286349
"p530": 0.0010368037091605653
"p531": 0.00011478226181269414
"p532": 0.014438103194898399
"p533": 0.006719466507100506
"p534": 0.0018873214524283972
"p535": 0.00023332787647170614
"p536": 0.005009022638449046
"p537": 0.002226023208597003
"p538": 0.000474182458636048
"p539": 1.3171734962112442E-05
"p540": 0.005005259285602728
"p541": 0.0020322105370116335
"p542": 0.00039138869601705546
"p543": 1.5053411385271363E-05
"p544": 0.0013792688181754882
"p545": 0.0004196138423644392
"p546": 4.704191057897301E-05
"p547": 0
"p548": 0.004254470392762319
"p549": 0.001367978759636535
"p550": 0.00012230896750532982
"p551": 1.8816764231589204E-06
"p552": 0.00035940019682335385
"p553": 8.467543904215141E-05
"p554": 5.645029269476761E-06
"p555": 0
"p556": 0.00033493840332228785
"p557": 8.655711546531033E-05
"p558": 1.5053411385271363E-05
"p559": 0
"p560": 0.005020312696987999
"p561": 0.0014940510799881829
"p562": 0.0001825226130464153
"p563": 5.645029269476761E-06
"p564": 0.014184076877771939
"p565": 0.0048697785831352865
"p566": 0.0006548233952593044
