"p504": 0.0010368037091605651
"p505": 0.0002897781691664737
"p506": 5.080526342529085E-05
"p507": 1.8816764231589204E-06
"p508": 0.0010311586798910882
"p509": 0.0003085949333980629
"p510": 3.3870175616860565E-05
"p511": 0
"p512": 0.0015222762263355665
"p513": 0.0004835908407518425
"p514": 8.655711546531035E-05
"p515": 1.8816764231589204E-06
"p516": 0.005430518157236644
"p517": 0.001819581101194676
"p518": 0.0002709614049348845
"p519": 1.3171734962112444E-05
"p520": 0.00037445360820862513
"p521": 9.784717400426385E-05
"p522": 9.408382115794602E-06
"p523": 0
"p524": 0.0006510600424129863
"p525": 0.0001505341138527136
"p526": 1.3171734962112444E-05
"p527": 0
"p528": 0.0034980364706524328
"p529": 0.0014978144328345008
"p530": 0.00031988499193701656
"p531": 1.1290058538953523E-05
"p532": 0.008347116613132973
"p533": 0.0036259904674272392
"p534": 0.0008712161839225801
"p535": 3.9515204886337324E-05
"p536": 0.001584371548299811
"p537": 0.0006679951302214167
"p538": 9.596549758110493E-05
"p539": 0
"p540": 0.0022636567370601813
"p541": 0.0008712161839225803
"p542": 0.0001486524374295547
"p543": 0
"p544": 0.0005061709578297496
"p545": 0.0001637058488148261
"p546": 9.408382115794602E-06
"p547": 0
"p548": 0.0023615039110644444
"p549": 0.000803475832688859
"p550": 3.7633528463178407E-05
"p551": 1.8816764231589204E-06
"p552": 6.962202765688005E-05
"p553": 1.6935087808430282E-05
"p554": 3.7633528463178407E-06
"p555": 0
"p556": 0.00010161052685058169
"p557": 4.3278557732655166E-05
"p558": 1.5053411385271363E-05
"p559": 0
"p560": 0.0017405506914220015
"p561": 0.0005155793399455442
"p562": 3.951520488633733E-05
"p563": 0
"p564": 0.007172950525081805
"p565": 0.002233549914289639
"p566": 0.00012042729108217089
