"p504": 0
"p505": 0
"p506": 0
"p507": 0
"p508": 3.7633528463178407E-06
"p509": 0
"p510": 0
"p511": 0
"p512": 5.645029269476761E-05
"p513": 1.1290058538953523E-05
"p514": 0
"p515": 0
"p516": 5.645029269476761E-05
"p517": 1.3171734962112442E-05
"p518": 0
"p519": 0
"p520": 0.0008655711546531033
"p521": 0.00021262943581695798
"p522": 2.4461793501065966E-05
"p523": 0
"p524": 0.0008392276847288784
"p525": 0.00022015614150959365
"p526": 3.0106822770542726E-05
"p527": 0
"p528": 0.00028789649274331484
"p529": 8.091208619583358E-05
"p530": 1.3171734962112442E-05
"p531": 0
"p532": 0.0001768775837769385
"p533": 2.4461793501065963E-05
"p534": 0
"p535": 0
"p536": 0.0018534512768115367
"p537": 0.0006171898667961258
"p538": 0.00012419064392848875
"p539": 1.6935087808430286E-05
"p540": 0.001610715018224036
"p541": 0.0005513311919855637
"p542": 0.00010725555612005845
"p543": 1.6935087808430286E-05
"p544": 0
"p545": 0
"p546": 0
"p547": 0
"p548": 0
"p549": 0
"p550": 0
"p551": 0
"p552": 0.00023520955289486504
"p553": 3.9515204886337324E-05
"p554": 0
"p555": 0
"p556": 0.0002709614049348845
"p557": 5.833196911792654E-05
"p558": 0
"p559": 0
"p560": 4.139688130949625E-05
"p561": 1.1290058538953523E-05
"p562": 0
"p563": 0
"p564": 0.00010913723254321737
"p565": 3.575185204001949E-05
"p566": 7.5267056926356815E-06
