"p504": 0.009701923637807395
"p505": 0.0029993922185153196
"p506": 0.00039138869601705546
"p507": 0
"p508": 0.0007489072164172504
"p509": 0.00022391949435591154
"p510": 2.8225146347383805E-05
"p511": 0
"p512": 0.0001712325545074617
"p513": 2.8225146347383808E-05
"p514": 0
"p515": 0
"p516": 0
"p517": 0
"p518": 0
"p519": 0
"p520": 0.0024029007923739407
"p521": 0.0007997124798425412
"p522": 0.00012042729108217092
"p523": 1.3171734962112444E-05
"p524": 0.00040079707813285006
"p525": 0.00011101890896637632
"p526": 2.6343469924224887E-05
"p527": 1.8816764231589204E-06
"p528": 0.0009069680359625995
"p529": 0.00019945770085484557
"p530": 2.2580117077907045E-05
"p531": 0
"p532": 5.080526342529086E-05
"p533": 1.1290058538953523E-05
"p534": 0
"p535": 0
"p536": 0.006269745841965523
"p537": 0.002239194943559115
"p538": 0.0004327855773265518
"p539": 1.8816764231589203E-05
"p540": 0.0020736074183211302
"p541": 0.0007432621871477736
"p542": 0.00016935087808430283
"p543": 1.8816764231589204E-06
"p544": 1.1290058538953523E-05
"p545": 0
"p546": 0
"p547": 0
"p548": 0
"p549": 0
"p550": 0
"p551": 0
"p552": 0.0006454150131435096
"p553": 0.0002145111122401169
"p554": 1.1290058538953523E-05
"p555": 0
"p556": 5.833196911792654E-05
"p557": 2.0698440654748124E-05
"p558": 0
"p559": 0
"p560": 0.0005268693984844977
"p561": 0.00017123255450746173
"p562": 2.4461793501065963E-05
"p563": 0
"p564": 0
"p565": 0
"p566": 0
