"p504": 0.015420338287787353
"p505": 0.0050842896953754045
"p506": 0.0008392276847288786
"p507": 3.575185204001949E-05
"p508": 0.002165809563055917
"p509": 0.0006905752472993237
"p510": 7.33853805031979E-05
"p511": 0
"p512": 0.00045536569440445874
"p513": 6.774035123372114E-05
"p514": 1.8816764231589204E-06
"p515": 0
"p516": 0
"p517": 0
"p518": 0
"p519": 0
"p520": 0.0014865243742955467
"p521": 0.0002803697870506791
"p522": 7.5267056926356815E-06
"p523": 0
"p524": 0.00017875926020009746
"p525": 1.6935087808430282E-05
"p526": 0
"p527": 0
"p528": 0
"p529": 0
"p530": 0
"p531": 0
"p532": 0
"p533": 0
"p534": 0
"p535": 0
"p536": 0.0001580608195453493
"p537": 5.645029269476761E-06
"p538": 0
"p539": 0
"p540": 0
"p541": 0
"p542": 0
"p543": 0
"p544": 0.0009558916229647314
"p545": 0.0002201561415095937
"p546": 2.2580117077907045E-05
"p547": 0
"p548": 5.080526342529086E-05
"p549": 1.1290058538953523E-05
"p550": 0
"p551": 0
"p552": 0.00712967196734915
"p553": 0.0024010191159507823
"p554": 0.0004440756358655053
"p555": 1.8816764231589203E-05
"p556": 0.0021488744752474866
"p557": 0.000758315598533045
"p558": 0.00016935087808430283
"p559": 1.8816764231589204E-06
"p560": 8.091208619583358E-05
"p561": 7.5267056926356815E-06
"p562": 0
"p563": 0
"p564": 0
"p565": 0
"p566": 0
