"p504": 5.645029269476761E-06
"p505": 0
"p506": 0
"p507": 0
"p508": 2.0698440654748124E-05
"p509": 1.1290058538953523E-05
"p510": 0
"p511": 0
"p512": 0.0011384142360111467
"p513": 0.00025402631712645424
"p514": 2.6343469924224887E-05
"p515": 1.8816764231589204E-06
"p516": 0
"p517": 0
"p518": 0
"p519": 0
"p520": 0.0034735746771513663
"p521": 0.0009088497123857583
"p522": 0.0001204272910821709
"p523": 7.5267056926356815E-06
"p524": 0.0005343961041771334
"p525": 9.22021447347871E-05
"p526": 1.1290058538953523E-05
"p527": 0
"p528": 0
"p529": 0
"p530": 0
"p531": 0
"p532": 0
"p533": 0
"p534": 0
"p535": 0
"p536": 0.00039327037244021434
"p537": 6.021364554108546E-05
"p538": 5.645029269476761E-06
"p539": 0
"p540": 1.1290058538953523E-05
"p541": 0
"p542": 0
"p543": 0
"p544": 0.002122531005323262
"p545": 0.0006134265139498082
"p546": 0.00010725555612005848
"p547": 2.2580117077907045E-05
"p548": 0.00020133937727800444
"p549": 4.892358700213193E-05
"p550": 5.645029269476761E-06
"p551": 0
"p552": 0.016536172406720593
"p553": 0.0061775436972307364
"p554": 0.001349161995404946
"p555": 0.00013924405531376012
"p556": 0.007929384447191691
"p557": 0.0030727775990185167
"p558": 0.0007714873334951574
"p559": 9.4083821157946E-05
"p560": 0.0002671980520885667
"p561": 5.833196911792653E-05
"p562": 9.408382115794602E-06
"p563": 0
"p564": 1.1290058538953523E-05
"p565": 0
"p566": 0
