"p504": 0.003987272340673752
"p505": 0.0011384142360111467
"p506": 0.0001373623788906012
"p507": 7.5267056926356815E-06
"p508": 0.0024499427029529147
"p509": 0.0007771323627646342
"p510": 0.00010537387969689952
"p511": 3.7633528463178407E-06
"p512": 0.0031235828624438075
"p513": 0.0013566887010975819
"p514": 0.00029165984558963265
"p515": 1.1290058538953523E-05
"p516": 0.007492835517018822
"p517": 0.0032440101535259787
"p518": 0.0007903040977267465
"p519": 3.9515204886337324E-05
"p520": 0.0014658259336407984
"p521": 0.0006265982489119206
"p522": 9.408382115794602E-05
"p523": 0
"p524": 0.002241076619982274
"p525": 0.0008599261253836267
"p526": 0.00014300740816007796
"p527": 0
"p528": 2.2580117077907045E-05
"p529": 0
"p530": 0
"p531": 0
"p532": 0.0003838619903244198
"p533": 4.516023415581409E-05
"p534": 0
"p535": 0
"p536": 0
"p537": 0
"p538": 0
"p539": 0
"p540": 2.0698440654748124E-05
"p541": 5.645029269476761E-06
"p542": 0
"p543": 0
"p544": 0.0010142235920826582
"p545": 0.0003180033155138575
"p546": 3.575185204001949E-05
"p547": 0
"p548": 0.004137806454526466
"p549": 0.0013021200848259728
"p550": 0.00011666393823585305
"p551": 1.8816764231589204E-06
"p552": 0.00020886608297064014
"p553": 6.209532196424438E-05
"p554": 5.645029269476761E-06
"p555": 0
"p556": 0.00037633528463178407
"p557": 0.0001016105268505817
"p558": 2.0698440654748124E-05
"p559": 0
"p560": 0.0025515532298034964
"p561": 0.0008260559497667659
"p562": 0.00010725555612005845
"p563": 1.8816764231589204E-06
"p564": 0.009429080556449353
"p565": 0.0031932048901006883
"p566": 0.000355636843977036
