"p567": 0
"p568": 3.9515204886337324E-05
"p569": 1.5053411385271363E-05
"p570": 1.8816764231589204E-06
"p571": 0
"p572": 0.00013736237889060122
"p573": 3.3870175616860565E-05
"p574": 1.8816764231589204E-06
"p575": 0
"p576": 0.0008561627725373089
"p577": 0.0002032210537011634
"p578": 1.8816764231589203E-05
"p579": 0
"p580": 0.0010424487384300418
"p581": 0.0002690797285117256
"p582": 3.0106822770542726E-05
"p583": 0
"p584": 0.0002427362585875007
"p585": 2.6343469924224887E-05
"p586": 0
"p587": 0
"p588": 9.784717400426387E-05
"p589": 1.5053411385271363E-05
"p590": 0
"p591": 0
"p592": 0.0015956616068387643
"p593": 0.0004817091643286837
"p594": 8.655711546531033E-05
"p595": 1.1290058538953523E-05
"p596": 0.0015505013726829502
"p597": 0.0004854725171750014
"p598": 8.091208619583358E-05
"p599": 1.1290058538953523E-05
"p600": 0.0007601972749562039
"p601": 0.00017311423093062064
"p602": 7.5267056926356815E-06
"p603": 0
"p604": 0.0003612818732465127
"p605": 8.091208619583358E-05
"p606": 1.8816764231589204E-06
"p607": 0
"p608": 0.00017687758377693853
"p609": 2.8225146347383808E-05
"p610": 0
"p611": 0
"p612": 0.00023709122931802392
"p613": 3.575185204001949E-05
"p614": 0
"p615": 0
"p616": 1.5053411385271363E-05
"p617": 1.8816764231589204E-06
"p618": 0
"p619": 0
"p620": 9.408382115794602E-06
"p621": 1.8816764231589204E-06
"p622": 0
"p623": 0
"p624": 0.0008222925969204481
"p625": 0.00018064093662325633
"p626": 3.7633528463178407E-06
"p627": 0
"p628": 0.0014978144328345005
"p629": 0.0003800986374781019
