"p567": 0
"p568": 0.004786984820516293
"p569": 0.0015749631661840166
"p570": 0.00023332787647170614
"p571": 1.6935087808430286E-05
"p572": 0.006230230637079186
"p573": 0.0019607068329315944
"p574": 0.0003462284618612414
"p575": 2.822514634738381E-05
"p576": 0.00609851328745806
"p577": 0.002026565507742157
"p578": 0.00040644210740232675
"p579": 6.021364554108545E-05
"p580": 0.0003274116976296521
"p581": 5.080526342529086E-05
"p582": 0
"p583": 0
"p584": 0.0030577241876332453
"p585": 0.0009747083871963208
"p586": 0.00022015614150959367
"p587": 3.3870175616860565E-05
"p588": 0.00416414992445069
"p589": 0.0014432458165628916
"p590": 0.00030106822770542725
"p591": 3.7633528463178407E-05
"p592": 0.0011497042945501003
"p593": 0.00025778966997277205
"p594": 2.2580117077907045E-05
"p595": 0
"p596": 0
"p597": 0
"p598": 0
"p599": 0
"p600": 3.387017561686057E-05
"p601": 0
"p602": 0
"p603": 0
"p604": 6.774035123372114E-05
"p605": 0
"p606": 0
"p607": 0
"p608": 0.03575749706928897
"p609": 0.016067634977354025
"p610": 0.00451414173915825
"p611": 0.0007131553643772311
"p612": 0.0003142399626675397
"p613": 6.209532196424438E-05
"p614": 5.645029269476761E-06
"p615": 0
"p616": 0.03745476920297832
"p617": 0.01633859638228891
"p618": 0.004150978189488579
"p619": 0.00046289240009709447
"p620": 0.03060734869910301
"p621": 0.01151021468046312
"p622": 0.002357740558218127
"p623": 0.0001975760244316866
"p624": 0.022813444954378752
"p625": 0.008174002382202351
"p626": 0.0017725391906157032
"p627": 0.0001731142309306207
"p628": 1.8816764231589203E-05
"p629": 3.7633528463178407E-06
