"p567": 0
"p568": 0.0014470091694092097
"p569": 0.00032364834478333426
"p570": 3.387017561686057E-05
"p571": 0
"p572": 8.843879188846925E-05
"p573": 7.5267056926356815E-06
"p574": 0
"p575": 0
"p576": 0.00011478226181269414
"p577": 1.5053411385271363E-05
"p578": 0
"p579": 0
"p580": 5.645029269476761E-06
"p581": 0
"p582": 0
"p583": 0
"p584": 0.002792407811967838
"p585": 0.0007489072164172503
"p586": 0.00012607232035164766
"p587": 2.2580117077907045E-05
"p588": 0.0004817091643286836
"p589": 0.00011478226181269414
"p590": 1.3171734962112442E-05
"p591": 0
"p592": 1.1290058538953523E-05
"p593": 0
"p594": 0
"p595": 0
"p596": 0
"p597": 0
"p598": 0
"p599": 0
"p600": 8.467543904215141E-05
"p601": 3.7633528463178407E-06
"p602": 0
"p603": 0
"p604": 0
"p605": 0
"p606": 0
"p607": 0
"p608": 5.645029269476762E-05
"p609": 1.3171734962112442E-05
"p610": 0
"p611": 0
"p612": 0
"p613": 0
"p614": 0
"p615": 0
"p616": 0.0010612655026616309
"p617": 0.00024838128785697745
"p618": 2.634346992422488E-05
"p619": 0
"p620": 9.22021447347871E-05
"p621": 1.3171734962112444E-05
"p622": 0
"p623": 0
"p624": 0.00015053411385271363
"p625": 2.6343469924224884E-05
"p626": 0
"p627": 0
"p628": 0
"p629": 0
