"p567": 0
"p568": 0.005285629072653407
"p569": 0.0016916271044198693
"p570": 0.00026343469924224885
"p571": 1.5053411385271365E-05
"p572": 0.004028669221983249
"p573": 0.00113276920674167
"p574": 0.0001298356731979655
"p575": 5.645029269476761E-06
"p576": 3.198849919370165E-05
"p577": 5.645029269476761E-06
"p578": 0
"p579": 0
"p580": 0
"p581": 0
"p582": 0
"p583": 0
"p584": 3.198849919370165E-05
"p585": 5.645029269476761E-06
"p586": 0
"p587": 0
"p588": 0
"p589": 0
"p590": 0
"p591": 0
"p592": 3.1988499193701654E-05
"p593": 5.645029269476761E-06
"p594": 0
"p595": 0
"p596": 0
"p597": 0
"p598": 0
"p599": 0
"p600": 7.714873334951573E-05
"p601": 5.645029269476761E-06
"p602": 0
"p603": 0
"p604": 5.645029269476761E-06
"p605": 0
"p606": 0
"p607": 0
"p608": 1.6935087808430286E-05
"p609": 0
"p610": 0
"p611": 0
"p612": 0
"p613": 0
"p614": 0
"p615": 0
"p616": 1.1290058538953523E-05
"p617": 0
"p618": 0
"p619": 0
"p620": 0
"p621": 0
"p622": 0
"p623": 0
"p624": 3.3870175616860565E-05
"p625": 0
"p626": 0
"p627": 0
"p628": 0
"p629": 0
