"p567": 0
"p568": 0.008083681913890722
"p569": 0.0025063929956476816
"p570": 0.0004064421074023268
"p571": 2.0698440654748124E-05
"p572": 0.006183188726500212
"p573": 0.0017349056621525248
"p574": 0.00019004931873905096
"p575": 7.52670569263568E-06
"p576": 0.00019945770085484557
"p577": 4.327855773265517E-05
"p578": 5.645029269476761E-06
"p579": 0
"p580": 0
"p581": 0
"p582": 0
"p583": 0
"p584": 0.00044407563586550515
"p585": 6.021364554108545E-05
"p586": 5.645029269476761E-06
"p587": 0
"p588": 5.2686939848449775E-05
"p589": 0
"p590": 0
"p591": 0
"p592": 0.00025402631712645424
"p593": 5.080526342529086E-05
"p594": 5.645029269476761E-06
"p595": 0
"p596": 0
"p597": 0
"p598": 0
"p599": 0
"p600": 0.0010142235920826582
"p601": 0.000165587525237985
"p602": 5.645029269476761E-06
"p603": 0
"p604": 6.209532196424438E-05
"p605": 5.645029269476761E-06
"p606": 0
"p607": 0
"p608": 9.972885042742278E-05
"p609": 1.8816764231589203E-05
"p610": 0
"p611": 0
"p612": 0
"p613": 0
"p614": 0
"p615": 0
"p616": 0.00011666393823585305
"p617": 1.6935087808430282E-05
"p618": 0
"p619": 0
"p620": 3.7633528463178407E-06
"p621": 3.7633528463178407E-06
"p622": 0
"p623": 0
"p624": 0.0003405834325917646
"p625": 4.516023415581409E-05
"p626": 0
"p627": 0
"p628": 0
"p629": 0
