"p567": 0
"p568": 5.456861627160869E-05
"p569": 1.6935087808430286E-05
"p570": 1.8816764231589204E-06
"p571": 0
"p572": 0.00016182417239166716
"p573": 3.7633528463178407E-05
"p574": 1.8816764231589204E-06
"p575": 0
"p576": 0.001343516966135469
"p577": 0.00040832378382548573
"p578": 7.33853805031979E-05
"p579": 1.1290058538953523E-05
"p580": 0.0012663682327859532
"p581": 0.0003838619903244198
"p582": 6.774035123372113E-05
"p583": 1.1290058538953523E-05
"p584": 0.0006962202765688005
"p585": 0.00017123255450746173
"p586": 7.5267056926356815E-06
"p587": 0
"p588": 0.0003669269025159895
"p589": 7.714873334951573E-05
"p590": 1.8816764231589204E-06
"p591": 0
"p592": 5.645029269476761E-06
"p593": 0
"p594": 0
"p595": 0
"p596": 8.279376261899248E-05
"p597": 3.7633528463178407E-06
"p598": 0
"p599": 0
"p600": 0
"p601": 0
"p602": 0
"p603": 0
"p604": 3.7633528463178407E-06
"p605": 3.7633528463178407E-06
"p606": 0
"p607": 0
"p608": 0.00044407563586550526
"p609": 0.00010161052685058169
"p610": 1.317173496211244E-05
"p611": 0
"p612": 0.000545686162716087
"p613": 0.00013736237889060116
"p614": 1.317173496211244E-05
"p615": 0
"p616": 8.655711546531033E-05
"p617": 5.645029269476761E-06
"p618": 0
"p619": 0
"p620": 2.8225146347383805E-05
"p621": 5.645029269476761E-06
"p622": 0
"p623": 0
"p624": 0.001390558876714442
"p625": 0.00030294990412858624
"p626": 1.1290058538953523E-05
"p627": 0
"p628": 0.0021921530329801417
"p629": 0.0005343961041771334
