"p567": 0.00017123255450746176
"p568": 0.0016389401645714194
"p569": 0.0005061709578297497
"p570": 0.00011290058538953522
"p571": 3.7633528463178407E-06
"p572": 0.0030182089827469082
"p573": 0.0010066968863900224
"p574": 0.00015053411385271363
"p575": 9.408382115794602E-06
"p576": 3.9515204886337324E-05
"p577": 5.645029269476761E-06
"p578": 0
"p579": 0
"p580": 2.8225146347383805E-05
"p581": 5.645029269476761E-06
"p582": 0
"p583": 0
"p584": 2.2580117077907045E-05
"p585": 0
"p586": 0
"p587": 0
"p588": 5.645029269476761E-06
"p589": 0
"p590": 0
"p591": 0
"p592": 0
"p593": 0
"p594": 0
"p595": 0
"p596": 0
"p597": 0
"p598": 0
"p599": 0
"p600": 0
"p601": 0
"p602": 0
"p603": 0
"p604": 0
"p605": 0
"p606": 0
"p607": 0
"p608": 2.0698440654748124E-05
"p609": 0
"p610": 0
"p611": 0
"p612": 2.0698440654748124E-05
"p613": 0
"p614": 0
"p615": 0
"p616": 5.645029269476761E-06
"p617": 0
"p618": 0
"p619": 0
"p620": 0
"p621": 0
"p622": 0
"p623": 0
"p624": 4.8923587002131926E-05
"p625": 5.645029269476761E-06
"p626": 0
"p627": 0
"p628": 6.585867481056221E-05
"p629": 5.645029269476761E-06
