"p567": 0
"p568": 0.002884609956702624
"p569": 0.0008636894782299442
"p570": 0.00016935087808430283
"p571": 1.5053411385271365E-05
"p572": 0.004899885405905829
"p573": 0.0015260395791818842
"p574": 0.0002333278764717061
"p575": 3.7633528463178407E-05
"p576": 0.012612877064434244
"p577": 0.0057184146499799585
"p578": 0.0015128678442197722
"p579": 0.000190049318739051
"p580": 0.00024461793501065964
"p581": 5.2686939848449775E-05
"p582": 5.645029269476761E-06
"p583": 0
"p584": 0.011869614877286471
"p585": 0.005317617571847108
"p586": 0.0012927117027101784
"p587": 0.00012983567319796552
"p588": 0.010834692844549064
"p589": 0.004327855773265516
"p590": 0.0008542810961141498
"p591": 4.139688130949625E-05
"p592": 0.0008467543904215141
"p593": 0.0001580608195453493
"p594": 5.645029269476761E-06
"p595": 0
"p596": 0.00012419064392848875
"p597": 1.6935087808430282E-05
"p598": 0
"p599": 0
"p600": 3.387017561686057E-05
"p601": 1.8816764231589204E-06
"p602": 0
"p603": 0
"p604": 0.0001016105268505817
"p605": 2.6343469924224887E-05
"p606": 0
"p607": 0
"p608": 0.011491397916231523
"p609": 0.004092646220370652
"p610": 0.0007470255399940913
"p611": 4.327855773265517E-05
"p612": 1.6935087808430282E-05
"p613": 1.8816764231589204E-06
"p614": 0
"p615": 0
"p616": 0.006981019529919596
"p617": 0.0025383814948413837
"p618": 0.00045724737082761767
"p619": 3.010682277054273E-05
"p620": 0.005404174687312421
"p621": 0.001768775837769385
"p622": 0.000237091229318024
"p623": 7.5267056926356815E-06
"p624": 0.021797339685872934
"p625": 0.007780732009762137
"p626": 0.00158625322472297
"p627": 0.00018440428946957417
"p628": 0.00010913723254321737
"p629": 1.5053411385271363E-05
