"p567": 0.0001298356731979655
"p568": 0.004521668444850885
"p569": 0.001349161995404946
"p570": 0.00021074775939379904
"p571": 1.3171734962112442E-05
"p572": 0.005144503340916489
"p573": 0.001699153810112505
"p574": 0.00023709122931802392
"p575": 1.3171734962112442E-05
"p576": 0.0003650452260928305
"p577": 8.091208619583358E-05
"p578": 5.645029269476761E-06
"p579": 0
"p580": 0.00018440428946957417
"p581": 4.327855773265517E-05
"p582": 5.645029269476761E-06
"p583": 0
"p584": 0.00031423996266753977
"p585": 4.516023415581409E-05
"p586": 0
"p587": 0
"p588": 7.150370408003896E-05
"p589": 5.645029269476761E-06
"p590": 0
"p591": 0
"p592": 0
"p593": 0
"p594": 0
"p595": 0
"p596": 2.258011707790704E-05
"p597": 0
"p598": 0
"p599": 0
"p600": 0
"p601": 0
"p602": 0
"p603": 0
"p604": 0
"p605": 0
"p606": 0
"p607": 0
"p608": 0.0002709614049348845
"p609": 3.575185204001949E-05
"p610": 0
"p611": 0
"p612": 0.00016370584881482606
"p613": 2.6343469924224887E-05
"p614": 0
"p615": 0
"p616": 0.00014488908458323686
"p617": 2.0698440654748124E-05
"p618": 0
"p619": 0
"p620": 1.5053411385271363E-05
"p621": 3.7633528463178407E-06
"p622": 0
"p623": 0
"p624": 0.0006472966895666686
"p625": 9.972885042742277E-05
"p626": 5.645029269476761E-06
"p627": 0
"p628": 0.000519342692791862
"p629": 8.843879188846925E-05
