"p567": 2.0698440654748128E-05
"p568": 0.016474077084756344
"p569": 0.005212243692150209
"p570": 0.000920139770924712
"p571": 8.279376261899251E-05
"p572": 0.02686657596986307
"p573": 0.009551389523954682
"p574": 0.0017687758377693853
"p575": 0.00014112573173691902
"p576": 3.575185204001949E-05
"p577": 5.645029269476761E-06
"p578": 0
"p579": 0
"p580": 7.5267056926356815E-06
"p581": 0
"p582": 0
"p583": 0
"p584": 0.0006134265139498081
"p585": 0.00012042729108217092
"p586": 5.645029269476761E-06
"p587": 0
"p588": 0.00023709122931802397
"p589": 4.892358700213193E-05
"p590": 5.645029269476761E-06
"p591": 0
"p592": 0
"p593": 0
"p594": 0
"p595": 0
"p596": 0
"p597": 0
"p598": 0
"p599": 0
"p600": 0
"p601": 0
"p602": 0
"p603": 0
"p604": 2.258011707790704E-05
"p605": 0
"p606": 0
"p607": 0
"p608": 1.6935087808430286E-05
"p609": 0
"p610": 0
"p611": 0
"p612": 1.3171734962112444E-05
"p613": 0
"p614": 0
"p615": 0
"p616": 0.0004177321659412803
"p617": 5.268693984844976E-05
"p618": 0
"p619": 0
"p620": 0.00019193099516220984
"p621": 2.6343469924224887E-05
"p622": 0
"p623": 0
"p624": 1.1290058538953523E-05
"p625": 0
"p626": 0
"p627": 0
"p628": 1.3171734962112442E-05
"p629": 7.5267056926356815E-06
