"p567": 2.0698440654748128E-05
"p568": 0.00852211252048675
"p569": 0.002572251670458244
"p570": 0.0004158504895181214
"p571": 3.1988499193701654E-05
"p572": 0.01894283655194085
"p573": 0.00681543200468161
"p574": 0.001204272910821709
"p575": 8.467543904215141E-05
"p576": 0.002989983836399524
"p577": 0.00132470020190388
"p578": 0.0003085949333980629
"p579": 1.6935087808430282E-05
"p580": 0.0027190224314646394
"p581": 0.0009728267107731619
"p582": 0.00019381267158536877
"p583": 3.0106822770542726E-05
"p584": 0.024211530536785833
"p585": 0.01090055151935963
"p586": 0.0028112245761994278
"p587": 0.00032176666836017544
"p588": 0.02870685551171249
"p589": 0.01372118447767485
"p590": 0.003895070195938966
"p591": 0.0006247165724887617
"p592": 0
"p593": 0
"p594": 0
"p595": 0
"p596": 0.000541922809869769
"p597": 8.467543904215139E-05
"p598": 0
"p599": 0
"p600": 0.00010913723254321738
"p601": 1.1290058538953523E-05
"p602": 0
"p603": 0
"p604": 0.0011816927937438016
"p605": 0.000212629435816958
"p606": 1.1290058538953523E-05
"p607": 0
"p608": 0.0010066968863900224
"p609": 0.0003443467854380824
"p610": 6.209532196424438E-05
"p611": 0
"p612": 0.0015015777856808184
"p613": 0.00046665575294341233
"p614": 9.408382115794602E-05
"p615": 1.6935087808430282E-05
"p616": 0.01876407729174076
"p617": 0.0070788667039238615
"p618": 0.001520394549912408
"p619": 0.0001448890845832369
"p620": 0.026874102675555716
"p621": 0.010744372376237436
"p622": 0.0026061218460751052
"p623": 0.0002822514634738381
"p624": 0.001360452053943899
"p625": 0.0004139688130949624
"p626": 5.645029269476761E-05
"p627": 0
"p628": 0.0029956288656690015
"p629": 0.0010311586798910884
