"p567": 0
"p568": 0.02756467792285503
"p569": 0.011954290316328622
"p570": 0.0030558425112100864
"p571": 0.00034999181470755925
"p572": 0.018271078068873122
"p573": 0.0071748322015049645
"p574": 0.0015203945499124077
"p575": 0.00012607232035164766
"p576": 8.279376261899251E-05
"p577": 1.5053411385271363E-05
"p578": 0
"p579": 0
"p580": 0
"p581": 0
"p582": 0
"p583": 0
"p584": 3.3870175616860565E-05
"p585": 1.8816764231589204E-06
"p586": 0
"p587": 0
"p588": 4.3278557732655166E-05
"p589": 7.5267056926356815E-06
"p590": 0
"p591": 0
"p592": 8.655711546531035E-05
"p593": 3.7633528463178407E-06
"p594": 0
"p595": 0
"p596": 0
"p597": 0
"p598": 0
"p599": 0
"p600": 5.645029269476761E-05
"p601": 3.7633528463178407E-06
"p602": 0
"p603": 0
"p604": 4.139688130949625E-05
"p605": 7.5267056926356815E-06
"p606": 0
"p607": 0
"p608": 0.0002615530228190899
"p609": 5.456861627160869E-05
"p610": 5.645029269476761E-06
"p611": 0
"p612": 0
"p613": 0
"p614": 0
"p615": 0
"p616": 0.0005099343106760674
"p617": 6.585867481056221E-05
"p618": 5.645029269476761E-06
"p619": 0
"p620": 5.2686939848449775E-05
"p621": 0
"p622": 0
"p623": 0
"p624": 0.0004290222244802338
"p625": 6.962202765688005E-05
"p626": 5.645029269476761E-06
"p627": 0
"p628": 0
"p629": 0
