"p567": 9.408382115794602E-06
"p568": 0.00935945852879247
"p569": 0.0026174119046140573
"p570": 0.0003518734911307181
"p571": 1.6935087808430286E-05
"p572": 0.01962024006427807
"p573": 0.006557642334708837
"p574": 0.0011064257368174452
"p575": 7.714873334951574E-05
"p576": 5.645029269476761E-06
"p577": 0
"p578": 0
"p579": 0
"p580": 5.645029269476761E-06
"p581": 0
"p582": 0
"p583": 0
"p584": 0.00041396881309496247
"p585": 7.150370408003896E-05
"p586": 5.645029269476761E-06
"p587": 0
"p588": 0.0002051027301243223
"p589": 4.327855773265517E-05
"p590": 5.645029269476761E-06
"p591": 0
"p592": 4.704191057897301E-05
"p593": 5.645029269476761E-06
"p594": 0
"p595": 0
"p596": 1.5053411385271363E-05
"p597": 0
"p598": 0
"p599": 0
"p600": 0.0008806245660383746
"p601": 0.0001599424959685082
"p602": 5.645029269476761E-06
"p603": 0
"p604": 0.000329293374052811
"p605": 5.6450292694767617E-05
"p606": 5.645029269476761E-06
"p607": 0
"p608": 0
"p609": 0
"p610": 0
"p611": 0
"p612": 0
"p613": 0
"p614": 0
"p615": 0
"p616": 0.0001298356731979655
"p617": 1.3171734962112442E-05
"p618": 0
"p619": 0
"p620": 9.972885042742278E-05
"p621": 1.8816764231589203E-05
"p622": 0
"p623": 0
"p624": 1.1290058538953523E-05
"p625": 0
"p626": 0
"p627": 0
"p628": 1.3171734962112442E-05
"p629": 7.5267056926356815E-06
