"p567": 0
"p568": 0.00023332787647170614
"p569": 4.892358700213193E-05
"p570": 5.645029269476761E-06
"p571": 0
"p572": 0.00012607232035164766
"p573": 2.0698440654748128E-05
"p574": 0
"p575": 0
"p576": 0.0003970337252865322
"p577": 0.00010537387969689954
"p578": 1.1290058538953523E-05
"p579": 0
"p580": 3.7633528463178407E-06
"p581": 0
"p582": 0
"p583": 0
"p584": 0.00020886608297064014
"p585": 2.0698440654748124E-05
"p586": 0
"p587": 0
"p588": 0.0002615530228190899
"p589": 5.833196911792653E-05
"p590": 0
"p591": 0
"p592": 7.714873334951573E-05
"p593": 3.7633528463178407E-06
"p594": 0
"p595": 0
"p596": 0
"p597": 0
"p598": 0
"p599": 0
"p600": 3.7633528463178407E-06
"p601": 0
"p602": 0
"p603": 0
"p604": 0
"p605": 0
"p606": 0
"p607": 0
"p608": 0.0017236156036135705
"p609": 0.0005042892814065906
"p610": 8.091208619583358E-05
"p611": 1.1290058538953523E-05
"p612": 5.645029269476761E-06
"p613": 0
"p614": 0
"p615": 0
"p616": 0.0020510273012432226
"p617": 0.0005061709578297496
"p618": 7.150370408003898E-05
"p619": 1.1290058538953523E-05
"p620": 0.0007188003936467076
"p621": 0.00015994249596850823
"p622": 1.3171734962112442E-05
"p623": 0
"p624": 0.0018609779825041726
"p625": 0.0003989154017096911
"p626": 1.8816764231589203E-05
"p627": 0
"p628": 0
"p629": 0
