"p567": 0
"p568": 0.0017104438686514583
"p569": 0.0004102054602486446
"p570": 6.021364554108546E-05
"p571": 5.645029269476761E-06
"p572": 0.0013002384084028137
"p573": 0.00024085458216434178
"p574": 2.2580117077907045E-05
"p575": 0
"p576": 0.0006924569237224825
"p577": 0.0001618241723916671
"p578": 2.2580117077907045E-05
"p579": 0
"p580": 1.1290058538953521E-05
"p581": 0
"p582": 0
"p583": 0
"p584": 0.0004929992228676371
"p585": 8.279376261899248E-05
"p586": 0
"p587": 0
"p588": 0.0005080526342529085
"p589": 0.0001430074081600779
"p590": 1.1290058538953523E-05
"p591": 0
"p592": 0.00019004931873905094
"p593": 1.8816764231589203E-05
"p594": 0
"p595": 0
"p596": 0
"p597": 0
"p598": 0
"p599": 0
"p600": 9.408382115794602E-06
"p601": 0
"p602": 0
"p603": 0
"p604": 3.7633528463178407E-06
"p605": 0
"p606": 0
"p607": 0
"p608": 0.004273287156993908
"p609": 0.0013717421124828527
"p610": 0.00026343469924224885
"p611": 4.139688130949624E-05
"p612": 2.069844065474812E-05
"p613": 0
"p614": 0
"p615": 0
"p616": 0.007795785421147408
"p617": 0.0021601645337864404
"p618": 0.00035187349113071807
"p619": 4.139688130949624E-05
"p620": 0.002568488317611926
"p621": 0.0005588578976781993
"p622": 3.9515204886337324E-05
"p623": 0
"p624": 0.005332670983232381
"p625": 0.0017330239857293655
"p626": 0.00030294990412858613
"p627": 7.5267056926356815E-06
"p628": 0
"p629": 0
