"p567": 1.3171734962112444E-05
"p568": 0.005599869035320947
"p569": 0.001653993575956691
"p570": 0.00023709122931802397
"p571": 1.5053411385271363E-05
"p572": 0.014112573173691908
"p573": 0.0046251606481246274
"p574": 0.0007338538050319789
"p575": 5.2686939848449775E-05
"p576": 0
"p577": 0
"p578": 0
"p579": 0
"p580": 0
"p581": 0
"p582": 0
"p583": 0
"p584": 3.198849919370165E-05
"p585": 5.645029269476761E-06
"p586": 0
"p587": 0
"p588": 3.198849919370165E-05
"p589": 5.645029269476761E-06
"p590": 0
"p591": 0
"p592": 5.645029269476761E-06
"p593": 0
"p594": 0
"p595": 0
"p596": 0
"p597": 0
"p598": 0
"p599": 0
"p600": 7.150370408003896E-05
"p601": 5.645029269476761E-06
"p602": 0
"p603": 0
"p604": 3.7633528463178407E-05
"p605": 5.645029269476761E-06
"p606": 0
"p607": 0
"p608": 0
"p609": 0
"p610": 0
"p611": 0
"p612": 0
"p613": 0
"p614": 0
"p615": 0
"p616": 1.1290058538953523E-05
"p617": 0
"p618": 0
"p619": 0
"p620": 1.6935087808430286E-05
"p621": 0
"p622": 0
"p623": 0
"p624": 0
"p625": 0
"p626": 0
"p627": 0
"p628": 0
"p629": 0
