"p567": 0
"p568": 0.0002897781691664738
"p569": 5.456861627160869E-05
"p570": 5.645029269476761E-06
"p571": 0
"p572": 0.0007451438635709324
"p573": 0.0001618241723916671
"p574": 1.8816764231589203E-05
"p575": 0
"p576": 1.3171734962112444E-05
"p577": 0
"p578": 0
"p579": 0
"p580": 0.00010537387969689954
"p581": 1.5053411385271363E-05
"p582": 0
"p583": 0
"p584": 0.0002897781691664737
"p585": 4.516023415581409E-05
"p586": 0
"p587": 0
"p588": 0.00042337719521075713
"p589": 0.00010537387969689954
"p590": 1.1290058538953523E-05
"p591": 0
"p592": 0
"p593": 0
"p594": 0
"p595": 0
"p596": 0
"p597": 0
"p598": 0
"p599": 0
"p600": 3.7633528463178407E-06
"p601": 0
"p602": 0
"p603": 0
"p604": 7.714873334951573E-05
"p605": 3.7633528463178407E-06
"p606": 0
"p607": 0
"p608": 0.00018440428946957422
"p609": 2.6343469924224884E-05
"p610": 1.8816764231589204E-06
"p611": 0
"p612": 0.0001749959073537796
"p613": 2.8225146347383805E-05
"p614": 0
"p615": 0
"p616": 0.002241076619982274
"p617": 0.0005946097497182188
"p618": 9.22021447347871E-05
"p619": 1.1290058538953523E-05
"p620": 0.0019268366573147342
"p621": 0.0005532128684087226
"p622": 8.27937626189925E-05
"p623": 1.1290058538953523E-05
"p624": 1.129005853895352E-05
"p625": 0
"p626": 0
"p627": 0
"p628": 1.8816764231589203E-05
"p629": 0
