"p567": 0
"p568": 0.004190493394374916
"p569": 0.0013265818783270388
"p570": 0.00018628596589273313
"p571": 1.1290058538953523E-05
"p572": 0.0006792851887603701
"p573": 0.0001505341138527136
"p574": 1.1290058538953523E-05
"p575": 0
"p576": 0.00019757602443168663
"p577": 2.2580117077907045E-05
"p578": 0
"p579": 0
"p580": 0
"p581": 0
"p582": 0
"p583": 0
"p584": 0.0011177157953563986
"p585": 0.0002069844065474812
"p586": 2.2580117077907045E-05
"p587": 0
"p588": 0.0002747247577812024
"p589": 7.150370408003898E-05
"p590": 1.1290058538953523E-05
"p591": 0
"p592": 0
"p593": 0
"p594": 0
"p595": 0
"p596": 0
"p597": 0
"p598": 0
"p599": 0
"p600": 0.00019945770085484554
"p601": 1.8816764231589203E-05
"p602": 0
"p603": 0
"p604": 3.7633528463178407E-06
"p605": 0
"p606": 0
"p607": 0
"p608": 0.0005193426927918621
"p609": 4.7041910578972995E-05
"p610": 0
"p611": 0
"p612": 3.951520488633733E-05
"p613": 0
"p614": 0
"p615": 0
"p616": 0.011837626378092773
"p617": 0.003396425943801851
"p618": 0.0006153081903729669
"p619": 8.279376261899248E-05
"p620": 0.002410427498066577
"p621": 0.0005475678391392457
"p622": 3.9515204886337324E-05
"p623": 0
"p624": 9.596549758110492E-05
"p625": 2.258011707790704E-05
"p626": 0
"p627": 0
"p628": 0
"p629": 0
