"p567": 0
"p568": 0.0040982912496401284
"p569": 0.0009991701806973867
"p570": 0.00014677076100639576
"p571": 7.5267056926356815E-06
"p572": 0.0017988826605399276
"p573": 0.0004120871366718035
"p574": 4.5160234155814084E-05
"p575": 0
"p576": 0.00010913723254321737
"p577": 1.5053411385271363E-05
"p578": 0
"p579": 0
"p580": 0
"p581": 0
"p582": 0
"p583": 0
"p584": 9.220214473478711E-05
"p585": 9.408382115794602E-06
"p586": 0
"p587": 0
"p588": 3.387017561686057E-05
"p589": 5.645029269476761E-06
"p590": 0
"p591": 0
"p592": 1.5053411385271363E-05
"p593": 0
"p594": 0
"p595": 0
"p596": 0
"p597": 0
"p598": 0
"p599": 0
"p600": 0
"p601": 0
"p602": 0
"p603": 0
"p604": 0
"p605": 0
"p606": 0
"p607": 0
"p608": 0.00037633528463178407
"p609": 8.655711546531033E-05
"p610": 5.645029269476761E-06
"p611": 0
"p612": 0
"p613": 0
"p614": 0
"p615": 0
"p616": 0.0010838456197395383
"p617": 0.00018816764231589206
"p618": 1.6935087808430286E-05
"p619": 0
"p620": 0.00013548070246744226
"p621": 5.645029269476761E-06
"p622": 0
"p623": 0
"p624": 0.000496762575713955
"p625": 0.00011666393823585305
"p626": 5.645029269476761E-06
"p627": 0
"p628": 0
"p629": 0
