"p567": 0
"p568": 0.00036692690251598946
"p569": 6.209532196424436E-05
"p570": 1.1290058538953521E-05
"p571": 0
"p572": 0.00033493840332228785
"p573": 6.585867481056221E-05
"p574": 1.1290058538953521E-05
"p575": 0
"p576": 0.00026907972851172564
"p577": 5.45686162716087E-05
"p578": 5.645029269476761E-06
"p579": 0
"p580": 0.0002521446407032953
"p581": 6.585867481056221E-05
"p582": 5.645029269476761E-06
"p583": 0
"p584": 0.00015806081954534932
"p585": 5.645029269476761E-06
"p586": 0
"p587": 0
"p588": 7.33853805031979E-05
"p589": 0
"p590": 0
"p591": 0
"p592": 0.0005588578976781993
"p593": 0.00013171734962112442
"p594": 1.6935087808430286E-05
"p595": 0
"p596": 0.00033682007974544673
"p597": 7.526705692635681E-05
"p598": 5.645029269476761E-06
"p599": 0
"p600": 0.00045724737082761767
"p601": 3.387017561686057E-05
"p602": 0
"p603": 0
"p604": 0.0001298356731979655
"p605": 5.645029269476761E-06
"p606": 0
"p607": 0
"p608": 5.080526342529086E-05
"p609": 1.1290058538953523E-05
"p610": 0
"p611": 0
"p612": 6.021364554108545E-05
"p613": 1.6935087808430286E-05
"p614": 0
"p615": 0
"p616": 1.1290058538953523E-05
"p617": 1.8816764231589204E-06
"p618": 0
"p619": 0
"p620": 5.645029269476761E-06
"p621": 1.8816764231589204E-06
"p622": 0
"p623": 0
"p624": 0.00021262943581695803
"p625": 3.3870175616860565E-05
"p626": 0
"p627": 0
"p628": 0.0002991865512822683
"p629": 6.209532196424438E-05
