"p567": 0
"p568": 0.02070220400759444
"p569": 0.007037469822614363
"p570": 0.0011628760295122127
"p571": 6.39769983874033E-05
"p572": 0.006089104905342266
"p573": 0.0020359738898579516
"p574": 0.00038009863747810193
"p575": 4.51602341558141E-05
"p576": 0.0025967134639593094
"p577": 0.0009653000050805262
"p578": 0.00019945770085484554
"p579": 3.0106822770542726E-05
"p580": 0.0003594001968233538
"p581": 8.655711546531033E-05
"p582": 5.645029269476761E-06
"p583": 0
"p584": 0.03938348753671621
"p585": 0.018425375535572153
"p586": 0.0052065986628807345
"p587": 0.0008072391855351771
"p588": 0.0159039291285392
"p589": 0.006506837071283547
"p590": 0.0014865243742955467
"p591": 0.00013359902604428335
"p592": 0.000541922809869769
"p593": 8.467543904215139E-05
"p594": 0
"p595": 0
"p596": 0
"p597": 0
"p598": 0
"p599": 0
"p600": 0.0012381430864385693
"p601": 0.00021639278866327584
"p602": 1.1290058538953523E-05
"p603": 0
"p604": 5.268693984844977E-05
"p605": 7.5267056926356815E-06
"p606": 0
"p607": 0
"p608": 0.0014959327564113415
"p609": 0.00046665575294341233
"p610": 9.408382115794602E-05
"p611": 1.6935087808430282E-05
"p612": 1.6935087808430282E-05
"p613": 0
"p614": 0
"p615": 0
"p616": 0.03491262435529061
"p617": 0.014029779411072918
"p618": 0.003420887737302919
"p619": 0.00036880857893914834
"p620": 0.010774479199007978
"p621": 0.003509326529191387
"p622": 0.0006021364554108545
"p623": 4.892358700213193E-05
"p624": 0.0029843388071300477
"p625": 0.0010311586798910884
"p626": 0.00020322105370116337
"p627": 2.0698440654748128E-05
"p628": 3.3870175616860565E-05
"p629": 0
