"p567": 4.139688130949624E-05
"p568": 0.003074659275441676
"p569": 0.0008881512717310104
"p570": 8.655711546531033E-05
"p571": 0
"p572": 0.0014752343157565931
"p573": 0.0003556368439770359
"p574": 2.82251463473838E-05
"p575": 0
"p576": 3.575185204001949E-05
"p577": 3.7633528463178407E-06
"p578": 0
"p579": 0
"p580": 7.526705692635681E-05
"p581": 1.5053411385271363E-05
"p582": 0
"p583": 0
"p584": 5.645029269476761E-06
"p585": 0
"p586": 0
"p587": 0
"p588": 1.1290058538953523E-05
"p589": 0
"p590": 0
"p591": 0
"p592": 7.714873334951574E-05
"p593": 3.7633528463178407E-06
"p594": 0
"p595": 0
"p596": 0.00012419064392848875
"p597": 1.5053411385271363E-05
"p598": 0
"p599": 0
"p600": 2.0698440654748124E-05
"p601": 5.645029269476761E-06
"p602": 0
"p603": 0
"p604": 3.387017561686057E-05
"p605": 5.645029269476761E-06
"p606": 0
"p607": 0
"p608": 0.0003029499041285862
"p609": 6.021364554108545E-05
"p610": 5.645029269476761E-06
"p611": 0
"p612": 0.00028789649274331484
"p613": 7.714873334951573E-05
"p614": 5.645029269476761E-06
"p615": 0
"p616": 0.00016370584881482606
"p617": 5.645029269476761E-06
"p618": 0
"p619": 0
"p620": 6.774035123372114E-05
"p621": 0
"p622": 0
"p623": 0
"p624": 0.0006830485416066881
"p625": 0.00014865243742955472
"p626": 1.6935087808430286E-05
"p627": 0
"p628": 0.000517461016368703
"p629": 0.00011478226181269414
