"p567": 0
"p568": 0.002703969020079368
"p569": 0.0006472966895666685
"p570": 6.021364554108546E-05
"p571": 0
"p572": 0.003428414442995553
"p573": 0.0010687922083542668
"p574": 0.00014677076100639576
"p575": 0
"p576": 5.645029269476761E-06
"p577": 0
"p578": 0
"p579": 0
"p580": 5.645029269476761E-06
"p581": 0
"p582": 0
"p583": 0
"p584": 0.00034246510901492347
"p585": 6.021364554108545E-05
"p586": 5.645029269476761E-06
"p587": 0
"p588": 0.00025778966997277205
"p589": 6.585867481056221E-05
"p590": 5.645029269476761E-06
"p591": 0
"p592": 6.774035123372114E-05
"p593": 5.645029269476761E-06
"p594": 0
"p595": 0
"p596": 3.387017561686057E-05
"p597": 0
"p598": 0
"p599": 0
"p600": 0.0008128842148046537
"p601": 0.00015994249596850825
"p602": 1.6935087808430286E-05
"p603": 0
"p604": 0.0004384306065960284
"p605": 8.091208619583357E-05
"p606": 5.645029269476761E-06
"p607": 0
"p608": 0
"p609": 0
"p610": 0
"p611": 0
"p612": 0
"p613": 0
"p614": 0
"p615": 0
"p616": 5.645029269476761E-05
"p617": 1.1290058538953523E-05
"p618": 0
"p619": 0
"p620": 6.021364554108545E-05
"p621": 1.6935087808430286E-05
"p622": 0
"p623": 0
"p624": 9.408382115794602E-06
"p625": 0
"p626": 0
"p627": 0
"p628": 2.2580117077907045E-05
"p629": 3.7633528463178407E-06
