"p567": 0
"p568": 0.0018496879239652188
"p569": 0.0006209532196424438
"p570": 0.0001486524374295547
"p571": 1.8816764231589207E-05
"p572": 0.002794289488390996
"p573": 0.0008636894782299445
"p574": 0.00015429746669903146
"p575": 2.8225146347383808E-05
"p576": 0.004470863181425595
"p577": 0.0014620625807944812
"p578": 0.00024085458216434175
"p579": 3.0106822770542726E-05
"p580": 0.0002878964927433148
"p581": 3.3870175616860565E-05
"p582": 0
"p583": 0
"p584": 0.0018534512768115367
"p585": 0.0006171898667961258
"p586": 0.00012419064392848875
"p587": 1.6935087808430282E-05
"p588": 0.0027340758428499113
"p589": 0.0009107313888089175
"p590": 0.0001749959073537796
"p591": 1.8816764231589203E-05
"p592": 0.0007959491269962233
"p593": 0.00015994249596850823
"p594": 1.6935087808430286E-05
"p595": 0
"p596": 0
"p597": 0
"p598": 0
"p599": 0
"p600": 1.6935087808430282E-05
"p601": 0
"p602": 0
"p603": 0
"p604": 3.3870175616860565E-05
"p605": 0
"p606": 0
"p607": 0
"p608": 0.02239947614128379
"p609": 0.00900946671408491
"p610": 0.002103714241091673
"p611": 0.0002220378179327526
"p612": 0.0002615530228190899
"p613": 5.456861627160869E-05
"p614": 5.645029269476761E-06
"p615": 0
"p616": 0.017881571049279222
"p617": 0.007391224990168239
"p618": 0.0016596386052261675
"p619": 0.00015241579027587253
"p620": 0.015446681757711583
"p621": 0.005690189503632576
"p622": 0.001017986944928976
"p623": 4.139688130949625E-05
"p624": 0.017354701650794724
"p625": 0.0062753908712349996
"p626": 0.0013943222295607596
"p627": 0.00018816764231589206
"p628": 2.6343469924224887E-05
"p629": 3.7633528463178407E-06
