"p567": 0
"p568": 0.005641265916630444
"p569": 0.001765012484923067
"p570": 0.00023709122931802394
"p571": 1.1290058538953523E-05
"p572": 0.0007394988343014555
"p573": 0.0001223089675053298
"p574": 0
"p575": 0
"p576": 0.00031612163909069854
"p577": 2.634346992422488E-05
"p578": 0
"p579": 0
"p580": 3.951520488633733E-05
"p581": 0
"p582": 0
"p583": 0
"p584": 0.007748743510568435
"p585": 0.002321988706178108
"p586": 0.0004327855773265517
"p587": 3.7633528463178407E-05
"p588": 0.0014808793450260705
"p589": 0.0003763352846317841
"p590": 3.9515204886337324E-05
"p591": 0
"p592": 1.5053411385271363E-05
"p593": 0
"p594": 0
"p595": 0
"p596": 0
"p597": 0
"p598": 0
"p599": 0
"p600": 0.00013924405531376007
"p601": 3.7633528463178407E-06
"p602": 0
"p603": 0
"p604": 0
"p605": 0
"p606": 0
"p607": 0
"p608": 0.00019381267158536877
"p609": 2.2580117077907042E-05
"p610": 0
"p611": 0
"p612": 0
"p613": 0
"p614": 0
"p615": 0
"p616": 0.004668439205857282
"p617": 0.0012494331449775234
"p618": 0.00020510273012432228
"p619": 4.516023415581408E-05
"p620": 0.0010142235920826577
"p621": 0.00018440428946957417
"p622": 0
"p623": 0
"p624": 0.000378216961054943
"p625": 0.00011101890896637629
"p626": 1.505341138527136E-05
"p627": 0
"p628": 0
"p629": 0
