"p567": 0
"p568": 0.0009558916229647312
"p569": 0.0002897781691664738
"p570": 3.3870175616860565E-05
"p571": 0
"p572": 0.0006698768066445756
"p573": 0.00017311423093062064
"p574": 1.1290058538953523E-05
"p575": 0
"p576": 0.0027472475778120235
"p577": 0.000944601564425778
"p578": 0.0001674692016611439
"p579": 7.5267056926356815E-06
"p580": 0
"p581": 0
"p582": 0
"p583": 0
"p584": 0.003893188519515807
"p585": 0.0009690633579268438
"p586": 0.00012607232035164766
"p587": 7.5267056926356815E-06
"p588": 0.0014018489352533954
"p589": 0.00027096140493488446
"p590": 2.258011707790704E-05
"p591": 0
"p592": 0.003116056156751171
"p593": 0.0011214791482027165
"p594": 0.00024838128785697745
"p595": 4.139688130949624E-05
"p596": 2.4461793501065963E-05
"p597": 0
"p598": 0
"p599": 0
"p600": 0.006900107443723762
"p601": 0.002049145624820064
"p602": 0.0003443467854380824
"p603": 4.139688130949624E-05
"p604": 0.0019456534215463238
"p605": 0.0004967625757139549
"p606": 3.9515204886337324E-05
"p607": 0
"p608": 0.0012023912343985498
"p609": 0.0003161216390906986
"p610": 3.0106822770542726E-05
"p611": 0
"p612": 0
"p613": 0
"p614": 0
"p615": 0
"p616": 0.0009069680359625995
"p617": 0.00022580117077907044
"p618": 2.2580117077907045E-05
"p619": 0
"p620": 0.00036316354966967155
"p621": 6.39769983874033E-05
"p622": 0
"p623": 0
"p624": 0.0036598606430441006
"p625": 0.001108307413240604
"p626": 0.00014677076100639576
"p627": 0
"p628": 0
"p629": 0
