"p567": 0
"p568": 0.006380764750931901
"p569": 0.0021281760345927387
"p570": 0.0003274116976296521
"p571": 1.6935087808430282E-05
"p572": 0.0067702717705257955
"p573": 0.0024687594671845025
"p574": 0.0004421939594423463
"p575": 1.8816764231589203E-05
"p576": 0
"p577": 0
"p578": 0
"p579": 0
"p580": 7.5267056926356815E-06
"p581": 0
"p582": 0
"p583": 0
"p584": 0.00047606413505920693
"p585": 9.408382115794603E-05
"p586": 5.645029269476761E-06
"p587": 0
"p588": 0.000897559653846805
"p589": 0.00023520955289486504
"p590": 2.0698440654748124E-05
"p591": 0
"p592": 3.951520488633732E-05
"p593": 0
"p594": 0
"p595": 0
"p596": 0.00020886608297064014
"p597": 2.2580117077907045E-05
"p598": 0
"p599": 0
"p600": 0.0006661134537982578
"p601": 0.00012042729108217092
"p602": 1.1290058538953523E-05
"p603": 0
"p604": 0.0009088497123857585
"p605": 0.000188167642315892
"p606": 2.2580117077907045E-05
"p607": 0
"p608": 0.0001994577008548455
"p609": 3.387017561686056E-05
"p610": 0
"p611": 0
"p612": 0.00017499590735377957
"p613": 2.82251463473838E-05
"p614": 0
"p615": 0
"p616": 0.005022194373411159
"p617": 0.0013058834376722904
"p618": 0.00015994249596850823
"p619": 7.5267056926356815E-06
"p620": 0.0038009863747810184
"p621": 0.0011948645287059147
"p622": 0.0001862859658927331
"p623": 7.5267056926356815E-06
"p624": 0.0009351931823099835
"p625": 0.00022203781793275258
"p626": 2.82251463473838E-05
"p627": 0
"p628": 0.0004271405480570749
"p629": 4.139688130949624E-05
