"p567": 5.2686939848449775E-05
"p568": 0.0008317009790362427
"p569": 0.00020322105370116337
"p570": 3.387017561686057E-05
"p571": 1.8816764231589204E-06
"p572": 0.0020698440654748126
"p573": 0.0006698768066445757
"p574": 8.655711546531032E-05
"p575": 3.7633528463178407E-06
"p576": 2.6343469924224884E-05
"p577": 5.645029269476761E-06
"p578": 0
"p579": 0
"p580": 3.198849919370165E-05
"p581": 5.645029269476761E-06
"p582": 0
"p583": 0
"p584": 5.645029269476761E-06
"p585": 0
"p586": 0
"p587": 0
"p588": 0
"p589": 0
"p590": 0
"p591": 0
"p592": 4.8923587002131926E-05
"p593": 5.645029269476761E-06
"p594": 0
"p595": 0
"p596": 3.1988499193701654E-05
"p597": 5.645029269476761E-06
"p598": 0
"p599": 0
"p600": 2.8225146347383805E-05
"p601": 0
"p602": 0
"p603": 0
"p604": 5.645029269476761E-06
"p605": 0
"p606": 0
"p607": 0
"p608": 1.1290058538953523E-05
"p609": 0
"p610": 0
"p611": 0
"p612": 1.6935087808430286E-05
"p613": 0
"p614": 0
"p615": 0
"p616": 0
"p617": 0
"p618": 0
"p619": 0
"p620": 0
"p621": 0
"p622": 0
"p623": 0
"p624": 2.2580117077907045E-05
"p625": 0
"p626": 0
"p627": 0
"p628": 3.3870175616860565E-05
"p629": 0
