"p567": 8.467543904215141E-05
"p568": 0.0003443467854380824
"p569": 0.00011666393823585305
"p570": 2.4461793501065966E-05
"p571": 1.8816764231589204E-06
"p572": 0.0014959327564113417
"p573": 0.0004421939594423462
"p574": 6.585867481056221E-05
"p575": 5.645029269476761E-06
"p576": 0.0019249549808915756
"p577": 0.0005663846033708352
"p578": 8.655711546531033E-05
"p579": 1.1290058538953523E-05
"p580": 0.005518956949125114
"p581": 0.0018308711597336295
"p582": 0.0003161216390906986
"p583": 4.139688130949625E-05
"p584": 0.0003706902553623073
"p585": 0.00010725555612005845
"p586": 2.6343469924224884E-05
"p587": 5.645029269476761E-06
"p588": 0.0015693181369145397
"p589": 0.0005456861627160869
"p590": 0.0001110189089663763
"p591": 7.5267056926356815E-06
"p592": 5.080526342529084E-05
"p593": 0
"p594": 0
"p595": 0
"p596": 0.0007959491269962233
"p597": 0.00015994249596850823
"p598": 1.6935087808430286E-05
"p599": 0
"p600": 0
"p601": 0
"p602": 0
"p603": 0
"p604": 0
"p605": 0
"p606": 0
"p607": 0
"p608": 0.0140485961753045
"p609": 0.005934807438643235
"p610": 0.001277658291324907
"p611": 9.596549758110493E-05
"p612": 0.028362508726274417
"p613": 0.011461291093460987
"p614": 0.002709614049348846
"p615": 0.0002954231984359505
"p616": 0.005964914261413778
"p617": 0.0023690306167570806
"p618": 0.0004290222244802339
"p619": 1.1290058538953523E-05
"p620": 0.00789927762442115
"p621": 0.0028959000152415783
"p622": 0.0004986442521371138
"p623": 1.8816764231589207E-05
"p624": 0.007440148577170372
"p625": 0.0026061218460751044
"p626": 0.000521224369215021
"p627": 7.526705692635681E-05
"p628": 0.02055355157016489
"p629": 0.007522942339789364
