"p567": 0
"p568": 0.0010292770034679296
"p569": 0.00023897290574118285
"p570": 1.8816764231589203E-05
"p571": 0
"p572": 5.268693984844976E-05
"p573": 5.645029269476761E-06
"p574": 0
"p575": 0
"p576": 2.4461793501065963E-05
"p577": 1.8816764231589204E-06
"p578": 0
"p579": 0
"p580": 0
"p581": 0
"p582": 0
"p583": 0
"p584": 0.0018741497174662846
"p585": 0.00044031228301918735
"p586": 4.892358700213193E-05
"p587": 0
"p588": 0.00017123255450746176
"p589": 2.2580117077907045E-05
"p590": 0
"p591": 0
"p592": 0.00017123255450746173
"p593": 2.6343469924224884E-05
"p594": 0
"p595": 0
"p596": 5.645029269476761E-06
"p597": 0
"p598": 0
"p599": 0
"p600": 0.0034095976787639638
"p601": 0.0009314298294636656
"p602": 0.00015241579027587256
"p603": 2.2580117077907045E-05
"p604": 0.0005381594570234513
"p605": 0.00012607232035164768
"p606": 1.3171734962112442E-05
"p607": 0
"p608": 3.7633528463178407E-06
"p609": 0
"p610": 0
"p611": 0
"p612": 0
"p613": 0
"p614": 0
"p615": 0
"p616": 0.0003970337252865322
"p617": 6.39769983874033E-05
"p618": 0
"p619": 0
"p620": 2.2580117077907042E-05
"p621": 0
"p622": 0
"p623": 0
"p624": 0.00013359902604428335
"p625": 2.6343469924224884E-05
"p626": 0
"p627": 0
"p628": 0
"p629": 0
