"p567": 6.39769983874033E-05
"p568": 0.0022523666785212275
"p569": 0.0006755218359140525
"p570": 9.596549758110495E-05
"p571": 9.408382115794602E-06
"p572": 0.0061530819037296704
"p573": 0.0018478062475420598
"p574": 0.00025402631712645424
"p575": 1.6935087808430282E-05
"p576": 0.016615202816493264
"p577": 0.007929384447191691
"p578": 0.0022128514736348905
"p579": 0.0003010682277054273
"p580": 0.022640330723448135
"p581": 0.011135761072254493
"p582": 0.003341857327530243
"p583": 0.0005870830440255833
"p584": 0.010729318964852163
"p585": 0.0046063438838930375
"p586": 0.0010537387969689954
"p587": 4.1396881309496235E-05
"p588": 0.010420724031454102
"p589": 0.004173558306566485
"p590": 0.0008222925969204484
"p591": 4.704191057897301E-05
"p592": 0.00010913723254321738
"p593": 1.1290058538953523E-05
"p594": 0
"p595": 0
"p596": 0.001384913847444965
"p597": 0.0002464996114338185
"p598": 1.1290058538953523E-05
"p599": 0
"p600": 0
"p601": 0
"p602": 0
"p603": 0
"p604": 9.032046831162818E-05
"p605": 3.3870175616860565E-05
"p606": 0
"p607": 0
"p608": 0.01390747044356758
"p609": 0.005477560067815617
"p610": 0.0012720132620554303
"p611": 0.00013548070246744229
"p612": 0.02409486659854998
"p613": 0.009811060870350613
"p614": 0.0024762861728771395
"p615": 0.0002766064342043613
"p616": 0.006143673521613876
"p617": 0.002273065119175976
"p618": 0.0004290222244802338
"p619": 1.1290058538953523E-05
"p620": 0.004903648758752146
"p621": 0.0015636731076450628
"p622": 0.00024461793501065964
"p623": 1.3171734962112444E-05
"p624": 0.01787404434358658
"p625": 0.005836960264638971
"p626": 0.001085727296162697
"p627": 9.97288504274228E-05
"p628": 0.032833371907700006
"p629": 0.011461291093460986
