"p567": 0
"p568": 0.013723066154098008
"p569": 0.004536721856236157
"p570": 0.0007338538050319789
"p571": 4.139688130949625E-05
"p572": 0.002523328083456112
"p573": 0.0008128842148046537
"p574": 0.00011101890896637629
"p575": 5.645029269476761E-06
"p576": 0.0015975432832619233
"p577": 0.00047982748790552474
"p578": 7.526705692635681E-05
"p579": 1.1290058538953523E-05
"p580": 5.080526342529084E-05
"p581": 0
"p582": 0
"p583": 0
"p584": 0.030067307565656398
"p585": 0.012097297724488703
"p586": 0.0029354152201279166
"p587": 0.0003706902553623075
"p588": 0.011064257368174454
"p589": 0.003774642904856794
"p590": 0.0007714873334951572
"p591": 8.655711546531035E-05
"p592": 0.0033983076202250095
"p593": 0.0011911011758595968
"p594": 0.0002408545821643418
"p595": 4.139688130949624E-05
"p596": 0.0003594001968233538
"p597": 8.655711546531033E-05
"p598": 5.645029269476761E-06
"p599": 0
"p600": 0.047049437284665686
"p601": 0.02150379816386016
"p602": 0.005946097497182193
"p603": 0.0009032046831162823
"p604": 0.018131834013559365
"p605": 0.007334774697473472
"p606": 0.0016370584881482608
"p607": 0.0001392440553137601
"p608": 0.0002860148163201559
"p609": 0.0001091372325432174
"p610": 3.0106822770542726E-05
"p611": 5.645029269476761E-06
"p612": 0
"p613": 0
"p614": 0
"p615": 0
"p616": 0.01745254882479899
"p617": 0.006329959487506611
"p618": 0.0013284635547501985
"p619": 5.080526342529085E-05
"p620": 0.004756877997745751
"p621": 0.0013660970832133767
"p622": 0.0001862859658927331
"p623": 9.408382115794602E-06
"p624": 0.002389729057411829
"p625": 0.0007865407448804287
"p626": 0.00015053411385271363
"p627": 9.408382115794602E-06
"p628": 0
"p629": 0
