"p567": 0
"p568": 0.005167083457994395
"p569": 0.0013359902604428335
"p570": 0.00019193099516220987
"p571": 7.5267056926356815E-06
"p572": 0.001571199813337698
"p573": 0.0003330567268991288
"p574": 3.3870175616860565E-05
"p575": 0
"p576": 0.00027284308135804345
"p577": 6.39769983874033E-05
"p578": 5.645029269476761E-06
"p579": 0
"p580": 0
"p581": 0
"p582": 0
"p583": 0
"p584": 0.0007620789513793627
"p585": 0.00013359902604428335
"p586": 1.1290058538953523E-05
"p587": 0
"p588": 0.00011854561465901199
"p589": 5.645029269476761E-06
"p590": 0
"p591": 0
"p592": 1.6935087808430286E-05
"p593": 0
"p594": 0
"p595": 0
"p596": 0
"p597": 0
"p598": 0
"p599": 0
"p600": 0
"p601": 0
"p602": 0
"p603": 0
"p604": 5.645029269476761E-06
"p605": 0
"p606": 0
"p607": 0
"p608": 0.00012419064392848875
"p609": 2.8225146347383808E-05
"p610": 0
"p611": 0
"p612": 0
"p613": 0
"p614": 0
"p615": 0
"p616": 0.0003424651090149235
"p617": 6.209532196424438E-05
"p618": 5.645029269476761E-06
"p619": 0
"p620": 2.8225146347383805E-05
"p621": 1.8816764231589204E-06
"p622": 0
"p623": 0
"p624": 0.0005362777806002922
"p625": 0.0001279539967748066
"p626": 5.645029269476761E-06
"p627": 0
"p628": 0
"p629": 0
