"p567": 6.962202765688005E-05
"p568": 0.001836516189003106
"p569": 0.0005249877220613389
"p570": 5.45686162716087E-05
"p571": 5.645029269476761E-06
"p572": 0.0037652345227410003
"p573": 0.0010142235920826582
"p574": 0.00013359902604428335
"p575": 9.408382115794602E-06
"p576": 0.0030200906591700675
"p577": 0.0008712161839225801
"p578": 0.00014112573173691902
"p579": 2.2580117077907045E-05
"p580": 0.007438266900747211
"p581": 0.0024932212606855694
"p582": 0.0005231060456381798
"p583": 8.279376261899248E-05
"p584": 0.0006021364554108545
"p585": 0.00019945770085484557
"p586": 5.645029269476761E-05
"p587": 1.1290058538953523E-05
"p588": 0.002662572138769872
"p589": 0.0009765900636194797
"p590": 0.00020698440654748124
"p591": 1.5053411385271363E-05
"p592": 0.00010161052685058171
"p593": 0
"p594": 0
"p595": 0
"p596": 0.0011497042945501003
"p597": 0.00025778966997277205
"p598": 2.2580117077907045E-05
"p599": 0
"p600": 0
"p601": 0
"p602": 0
"p603": 0
"p604": 0
"p605": 0
"p606": 0
"p607": 0
"p608": 0.029149049471154844
"p609": 0.012885720145792291
"p610": 0.0033380939746839255
"p611": 0.00043090390090339285
"p612": 0.04433982323531683
"p613": 0.019964586849716158
"p614": 0.005554708801165136
"p615": 0.0008655711546531041
"p616": 0.016658481374225924
"p617": 0.006781561829064749
"p618": 0.0014695892864871175
"p619": 5.080526342529084E-05
"p620": 0.015068464796656633
"p621": 0.0056149224467062185
"p622": 0.0010405670620068828
"p623": 5.833196911792653E-05
"p624": 0.012972277261257598
"p625": 0.00439183277165292
"p626": 0.0008806245660383747
"p627": 9.972885042742278E-05
"p628": 0.027101785522757934
"p629": 0.009585259699571542
