"p567": 7.5267056926356815E-06
"p568": 0.00805357509112018
"p569": 0.0030953577160964247
"p570": 0.0006585867481056222
"p571": 7.150370408003898E-05
"p572": 0.020162162874147835
"p573": 0.008394158523711948
"p574": 0.0019193099516220994
"p575": 0.00022580117077907047
"p576": 1.6935087808430282E-05
"p577": 0
"p578": 0
"p579": 0
"p580": 0.00017311423093062066
"p581": 9.408382115794602E-06
"p582": 0
"p583": 0
"p584": 0.001518512873489249
"p585": 0.00044783898871182307
"p586": 5.080526342529085E-05
"p587": 0
"p588": 0.00536654115884924
"p589": 0.0018572146296578543
"p590": 0.00029730487485910944
"p591": 1.6935087808430282E-05
"p592": 0.0002784881106275202
"p593": 5.6450292694767617E-05
"p594": 0
"p595": 0
"p596": 0.0016803370458809159
"p597": 0.0003462284618612413
"p598": 3.198849919370165E-05
"p599": 1.8816764231589204E-06
"p600": 0.0021168859760537857
"p601": 0.0005833196911792653
"p602": 9.22021447347871E-05
"p603": 1.1290058538953523E-05
"p604": 0.006000666113453797
"p605": 0.001977641920740025
"p606": 0.00033870175616860566
"p607": 4.139688130949625E-05
"p608": 0.0004045604309791679
"p609": 0.00010161052685058169
"p610": 9.408382115794602E-06
"p611": 0
"p612": 0.0011647577059353718
"p613": 0.0002878964927433148
"p614": 3.0106822770542726E-05
"p615": 0
"p616": 0.009082852094588112
"p617": 0.0033136321811828595
"p618": 0.0006755218359140525
"p619": 7.33853805031979E-05
"p620": 0.01986485799928873
"p621": 0.007257625964123958
"p622": 0.0014564175515250047
"p623": 0.0001749959073537796
"p624": 0.0016069516653777181
"p625": 0.0006021364554108546
"p626": 9.972885042742277E-05
"p627": 5.645029269476761E-06
"p628": 0.0028243963111615395
"p629": 0.001017986944928976
