"p567": 0
"p568": 0.00318944153725437
"p569": 0.0009257848001941887
"p570": 0.00011854561465901197
"p571": 3.76335284631784E-06
"p572": 0.004973270786409027
"p573": 0.0015730814897608578
"p574": 0.0002314462000485472
"p575": 1.3171734962112442E-05
"p576": 0.016391283322137358
"p577": 0.006926450913647986
"p578": 0.0018026460133862457
"p579": 0.00023709122931802403
"p580": 4.3278557732655166E-05
"p581": 5.645029269476761E-06
"p582": 0
"p583": 0
"p584": 0.014517133604671073
"p585": 0.00557728891824304
"p586": 0.0012738949384785894
"p587": 0.00013924405531376012
"p588": 0.013196196755613511
"p589": 0.0044407563586550515
"p590": 0.0008881512717310107
"p591": 9.220214473478711E-05
"p592": 0.02112934455565152
"p593": 0.01009519401024761
"p594": 0.003005037247784796
"p595": 0.0005306327513308157
"p596": 0.0004929992228676371
"p597": 9.408382115794602E-05
"p598": 5.645029269476761E-06
"p599": 0
"p600": 0.027336995075652803
"p601": 0.012349442365191997
"p602": 0.0032421284771028203
"p603": 0.0003706902553623074
"p604": 0.02108042096864939
"p605": 0.00847318893348462
"p606": 0.001808291042655723
"p607": 0.00014300740816007793
"p608": 0.01094571175351544
"p609": 0.00413027974883383
"p610": 0.0009126130652320765
"p611": 4.139688130949625E-05
"p612": 0
"p613": 0
"p614": 0
"p615": 0
"p616": 0.006700649742868917
"p617": 0.0022975269126770414
"p618": 0.0004290222244802338
"p619": 1.1290058538953523E-05
"p620": 0.005202835310034416
"p621": 0.0015298029320282027
"p622": 0.000212629435816958
"p623": 1.1290058538953523E-05
"p624": 0.022352434230704814
"p625": 0.007643369630871535
"p626": 0.0013849138474449653
"p627": 9.972885042742281E-05
"p628": 6.021364554108545E-05
"p629": 1.1290058538953523E-05
