"p567": 1.1290058538953523E-05
"p568": 0.006439096720049827
"p569": 0.0021074775939379908
"p570": 0.00036880857893914834
"p571": 2.6343469924224887E-05
"p572": 0.014353427755856248
"p573": 0.005532128684087226
"p574": 0.001083845619739538
"p575": 9.032046831162817E-05
"p576": 0.0003142399626675397
"p577": 4.8923587002131926E-05
"p578": 0
"p579": 0
"p580": 0.002273065119175976
"p581": 0.0005249877220613388
"p582": 6.39769983874033E-05
"p583": 3.76335284631784E-06
"p584": 0.0033418573275302435
"p585": 0.0009314298294636657
"p586": 0.00015241579027587256
"p587": 2.2580117077907045E-05
"p588": 0.007317839609665041
"p589": 0.002523328083456112
"p590": 0.0005343961041771333
"p591": 8.279376261899248E-05
"p592": 0
"p593": 0
"p594": 0
"p595": 0
"p596": 0
"p597": 0
"p598": 0
"p599": 0
"p600": 0.00010161052685058171
"p601": 0
"p602": 0
"p603": 0
"p604": 0.0011497042945501003
"p605": 0.00025778966997277205
"p606": 2.2580117077907045E-05
"p607": 0
"p608": 0.003979745634981117
"p609": 0.0016445851938408965
"p610": 0.00036504522609283053
"p611": 1.6935087808430282E-05
"p612": 0.004224363569991776
"p613": 0.001371742112482853
"p614": 0.00026343469924224885
"p615": 4.139688130949624E-05
"p616": 0.0414552132786142
"p617": 0.017409270267066342
"p618": 0.004184848365105441
"p619": 0.0004610107236739356
"p620": 0.053168649012778485
"p621": 0.023487085113869655
"p622": 0.006237757342771824
"p623": 0.0009088497123857593
"p624": 0.000826055949766766
"p625": 0.00028789649274331484
"p626": 4.516023415581409E-05
"p627": 0
"p628": 0.000989761798581592
"p629": 0.0003443467854380824
