"p567": 0
"p568": 0.03589297777175641
"p569": 0.012356969070884632
"p570": 0.0023050536183696776
"p571": 0.00019004931873905094
"p572": 0.0070939201153091295
"p573": 0.0020547906540895407
"p574": 0.0002991865512822684
"p575": 2.6343469924224887E-05
"p576": 7.5267056926356815E-06
"p577": 0
"p578": 0
"p579": 0
"p580": 0
"p581": 0
"p582": 0
"p583": 0
"p584": 0.0008561627725373088
"p585": 0.00016370584881482606
"p586": 1.1290058538953523E-05
"p587": 0
"p588": 4.704191057897301E-05
"p589": 5.645029269476761E-06
"p590": 0
"p591": 0
"p592": 0
"p593": 0
"p594": 0
"p595": 0
"p596": 0
"p597": 0
"p598": 0
"p599": 0
"p600": 2.258011707790704E-05
"p601": 0
"p602": 0
"p603": 0
"p604": 0
"p605": 0
"p606": 0
"p607": 0
"p608": 1.3171734962112444E-05
"p609": 0
"p610": 0
"p611": 0
"p612": 0
"p613": 0
"p614": 0
"p615": 0
"p616": 0.0006153081903729669
"p617": 8.467543904215141E-05
"p618": 0
"p619": 0
"p620": 2.8225146347383808E-05
"p621": 0
"p622": 0
"p623": 0
"p624": 1.3171734962112442E-05
"p625": 7.5267056926356815E-06
"p626": 0
"p627": 0
"p628": 0
"p629": 0
