"p567": 1.1290058538953523E-05
"p568": 0.012932762056371262
"p569": 0.00432221074399604
"p570": 0.0008599261253836267
"p571": 9.4083821157946E-05
"p572": 0.02209464456073204
"p573": 0.00801970491550332
"p574": 0.0016013066361082412
"p575": 0.00014112573173691902
"p576": 0
"p577": 0
"p578": 0
"p579": 0
"p580": 5.645029269476761E-06
"p581": 0
"p582": 0
"p583": 0
"p584": 8.467543904215141E-05
"p585": 3.7633528463178407E-06
"p586": 0
"p587": 0
"p588": 6.962202765688006E-05
"p589": 3.7633528463178407E-06
"p590": 0
"p591": 0
"p592": 0
"p593": 0
"p594": 0
"p595": 0
"p596": 0
"p597": 0
"p598": 0
"p599": 0
"p600": 0
"p601": 0
"p602": 0
"p603": 0
"p604": 1.6935087808430286E-05
"p605": 0
"p606": 0
"p607": 0
"p608": 5.268693984844977E-05
"p609": 5.645029269476761E-06
"p610": 0
"p611": 0
"p612": 2.0698440654748128E-05
"p613": 0
"p614": 0
"p615": 0
"p616": 0.000989761798581592
"p617": 0.00016558752523798497
"p618": 5.645029269476761E-06
"p619": 0
"p620": 0.00039515204886337327
"p621": 6.774035123372114E-05
"p622": 5.645029269476761E-06
"p623": 0
"p624": 0
"p625": 0
"p626": 0
"p627": 0
"p628": 0
"p629": 0
