"p567": 0
"p568": 0.0018101727190788812
"p569": 0.0005136976635223853
"p570": 6.209532196424438E-05
"p571": 1.8816764231589204E-06
"p572": 0.003040789099824815
"p573": 0.0009464832408489372
"p574": 0.00012419064392848875
"p575": 9.408382115794602E-06
"p576": 0.01110753592590711
"p577": 0.004395596124499238
"p578": 0.0010048152099668634
"p579": 0.0001373623788906012
"p580": 4.327855773265517E-05
"p581": 5.645029269476761E-06
"p582": 0
"p583": 0
"p584": 0.006749573329871047
"p585": 0.0025948317875361506
"p586": 0.0005814380147561064
"p587": 7.526705692635681E-05
"p588": 0.0064466234257424615
"p589": 0.0021262943581695803
"p590": 0.0003932703724402143
"p591": 3.198849919370165E-05
"p592": 0.01549560534471371
"p593": 0.007005481323420661
"p594": 0.0018271078068873116
"p595": 0.00021639278866327586
"p596": 0.0003688085789391484
"p597": 6.962202765688006E-05
"p598": 5.645029269476761E-06
"p599": 0
"p600": 0.015066583120233481
"p601": 0.006638554420904672
"p602": 0.001576844842607175
"p603": 0.00014865243742955472
"p604": 0.012501858155467869
"p605": 0.004920583846560576
"p606": 0.0009483649172720959
"p607": 4.139688130949625E-05
"p608": 0.006328077811083449
"p609": 0.002054790654089541
"p610": 0.0002935415220127916
"p611": 1.3171734962112444E-05
"p612": 0
"p613": 0
"p614": 0
"p615": 0
"p616": 0.002922243485165803
"p617": 0.0009257848001941889
"p618": 0.00013548070246744226
"p619": 9.408382115794602E-06
"p620": 0.0021865080037106652
"p621": 0.000684930218029847
"p622": 8.655711546531035E-05
"p623": 7.5267056926356815E-06
"p624": 0.016221932444053053
"p625": 0.005430518157236644
"p626": 0.000922021447347871
"p627": 6.774035123372114E-05
"p628": 8.27937626189925E-05
"p629": 1.1290058538953523E-05
