"p567": 0
"p568": 0.0004817091643286836
"p569": 9.596549758110493E-05
"p570": 7.5267056926356815E-06
"p571": 0
"p572": 0.0010556204733921542
"p573": 0.00023709122931802394
"p574": 2.6343469924224887E-05
"p575": 0
"p576": 0.0001580608195453493
"p577": 2.4461793501065963E-05
"p578": 1.8816764231589204E-06
"p579": 0
"p580": 0.00011478226181269414
"p581": 1.5053411385271363E-05
"p582": 0
"p583": 0
"p584": 0.0017838292491546561
"p585": 0.0005024076049834317
"p586": 7.903040977267466E-05
"p587": 1.1290058538953523E-05
"p588": 0.001437600787293415
"p589": 0.00041961384236443927
"p590": 6.962202765688005E-05
"p591": 1.1290058538953523E-05
"p592": 0
"p593": 0
"p594": 0
"p595": 0
"p596": 1.1290058538953523E-05
"p597": 0
"p598": 0
"p599": 0
"p600": 5.645029269476761E-06
"p601": 0
"p602": 0
"p603": 0
"p604": 7.903040977267465E-05
"p605": 3.7633528463178407E-06
"p606": 0
"p607": 0
"p608": 2.634346992422489E-05
"p609": 1.8816764231589204E-06
"p610": 0
"p611": 0
"p612": 5.645029269476762E-05
"p613": 1.3171734962112442E-05
"p614": 0
"p615": 0
"p616": 0.0005287510749076565
"p617": 0.00010913723254321736
"p618": 1.317173496211244E-05
"p619": 0
"p620": 0.000588964720448742
"p621": 0.0001505341138527136
"p622": 1.317173496211244E-05
"p623": 0
"p624": 4.139688130949624E-05
"p625": 0
"p626": 0
"p627": 0
"p628": 0.00015053411385271363
"p629": 2.6343469924224884E-05
