"p567": 0
"p568": 0.0009446015644257779
"p569": 0.00020322105370116337
"p570": 2.446179350106597E-05
"p571": 0
"p572": 8.655711546531033E-05
"p573": 1.3171734962112442E-05
"p574": 0
"p575": 0
"p576": 0.00010537387969689954
"p577": 1.5053411385271363E-05
"p578": 0
"p579": 0
"p580": 0
"p581": 0
"p582": 0
"p583": 0
"p584": 0.0005852013676024243
"p585": 0.00011666393823585307
"p586": 1.1290058538953523E-05
"p587": 0
"p588": 0.00013171734962112442
"p589": 2.2580117077907045E-05
"p590": 0
"p591": 0
"p592": 0
"p593": 0
"p594": 0
"p595": 0
"p596": 0
"p597": 0
"p598": 0
"p599": 0
"p600": 8.091208619583359E-05
"p601": 3.7633528463178407E-06
"p602": 0
"p603": 0
"p604": 0
"p605": 0
"p606": 0
"p607": 0
"p608": 0.0001749959073537796
"p609": 2.8225146347383805E-05
"p610": 0
"p611": 0
"p612": 5.645029269476761E-06
"p613": 0
"p614": 0
"p615": 0
"p616": 0.003680559083698848
"p617": 0.0009634183286573671
"p618": 0.00015241579027587256
"p619": 2.2580117077907045E-05
"p620": 0.0005757929854866297
"p621": 0.0001279539967748066
"p622": 1.3171734962112442E-05
"p623": 0
"p624": 1.8816764231589203E-05
"p625": 0
"p626": 0
"p627": 0
"p628": 0
"p629": 0
