"p567": 0
"p568": 0.0015448563434134735
"p569": 0.00043843060659602836
"p570": 4.139688130949625E-05
"p571": 0
"p572": 0.000846754390421514
"p573": 0.00020698440654748124
"p574": 1.3171734962112442E-05
"p575": 0
"p576": 0.00035563684397703593
"p577": 6.021364554108546E-05
"p578": 0
"p579": 0
"p580": 0
"p581": 0
"p582": 0
"p583": 0
"p584": 7.338538050319788E-05
"p585": 9.408382115794602E-06
"p586": 0
"p587": 0
"p588": 0.00010349220327374062
"p589": 1.5053411385271363E-05
"p590": 0
"p591": 0
"p592": 0.00047418245863604794
"p593": 0.00010913723254321737
"p594": 1.1290058538953523E-05
"p595": 0
"p596": 3.7633528463178407E-06
"p597": 0
"p598": 0
"p599": 0
"p600": 0.00021262943581695798
"p601": 2.0698440654748124E-05
"p602": 0
"p603": 0
"p604": 0.0002615530228190899
"p605": 5.833196911792653E-05
"p606": 0
"p607": 0
"p608": 0.0011647577059353716
"p609": 0.0002878964927433148
"p610": 3.0106822770542726E-05
"p611": 0
"p612": 0
"p613": 0
"p614": 0
"p615": 0
"p616": 0.0009747083871963208
"p617": 0.00018816764231589203
"p618": 1.8816764231589203E-05
"p619": 0
"p620": 0.00025402631712645424
"p621": 3.575185204001949E-05
"p622": 0
"p623": 0
"p624": 0.0023765573224497163
"p625": 0.0006886935708761649
"p626": 9.22021447347871E-05
"p627": 1.1290058538953523E-05
"p628": 5.645029269476761E-06
"p629": 0
