"p567": 4.139688130949625E-05
"p568": 0.0006868118944530061
"p569": 0.00021451111224011696
"p570": 4.139688130949624E-05
"p571": 3.76335284631784E-06
"p572": 0.0033136321811828586
"p573": 0.0010368037091605653
"p574": 0.00013736237889060116
"p575": 7.52670569263568E-06
"p576": 0.0123720224822699
"p577": 0.005142621664493329
"p578": 0.001283303320594384
"p579": 0.00017875926020009743
"p580": 0.020022918818834074
"p581": 0.008426147022905646
"p582": 0.00210935927036115
"p583": 0.00027096140493488457
"p584": 0.0062697458419655235
"p585": 0.0022391949435591153
"p586": 0.0004327855773265517
"p587": 1.88167642315892E-05
"p588": 0.005818143500407381
"p589": 0.0018252261304641526
"p590": 0.000284133139896997
"p591": 1.6935087808430286E-05
"p592": 0.01993448002694561
"p593": 0.009400855410101966
"p594": 0.0025515532298034964
"p595": 0.0003349384033222879
"p596": 0.02632841651283963
"p597": 0.01262604879939636
"p598": 0.0037106659064693923
"p599": 0.000643533336720351
"p600": 0.013049425994607117
"p601": 0.005539655389779862
"p602": 0.0012268530278996164
"p603": 4.1396881309496235E-05
"p604": 0.011013452104749162
"p605": 0.004405004506615033
"p606": 0.0008580444489604678
"p607": 4.704191057897301E-05
"p608": 0.00665737118513626
"p609": 0.002297526912677042
"p610": 0.00043654893017286954
"p611": 1.8816764231589203E-05
"p612": 0.013627100656516903
"p613": 0.005063591254720656
"p614": 0.0010819639433163797
"p615": 4.139688130949625E-05
"p616": 0.001797000984116769
"p617": 0.0004817091643286836
"p618": 3.0106822770542726E-05
"p619": 1.8816764231589204E-06
"p620": 0.0012626048799396358
"p621": 0.0003462284618612414
"p622": 2.6343469924224887E-05
"p623": 1.8816764231589204E-06
"p624": 0.011497042945501003
"p625": 0.0034340594722650293
"p626": 0.0005174610163687033
"p627": 2.8225146347383815E-05
"p628": 0.025357471478489612
"p629": 0.008480715639177256
