"p567": 0
"p568": 0.025001834634512575
"p569": 0.008215399263511844
"p570": 0.001401848935253396
"p571": 9.408382115794604E-05
"p572": 0.0037200742885851856
"p573": 0.0008204109204972894
"p574": 4.327855773265517E-05
"p575": 0
"p576": 5.645029269476761E-06
"p577": 0
"p578": 0
"p579": 0
"p580": 0
"p581": 0
"p582": 0
"p583": 0
"p584": 0.000590846396871901
"p585": 0.00010349220327374063
"p586": 1.1290058538953523E-05
"p587": 0
"p588": 5.645029269476761E-06
"p589": 0
"p590": 0
"p591": 0
"p592": 1.5053411385271363E-05
"p593": 0
"p594": 0
"p595": 0
"p596": 0
"p597": 0
"p598": 0
"p599": 0
"p600": 0.0012381430864385698
"p601": 0.00021639278866327584
"p602": 1.1290058538953523E-05
"p603": 0
"p604": 6.962202765688005E-05
"p605": 5.645029269476761E-06
"p606": 0
"p607": 0
"p608": 0
"p609": 0
"p610": 0
"p611": 0
"p612": 0
"p613": 0
"p614": 0
"p615": 0
"p616": 0.00021262943581695803
"p617": 3.1988499193701654E-05
"p618": 0
"p619": 0
"p620": 0
"p621": 0
"p622": 0
"p623": 0
"p624": 1.3171734962112442E-05
"p625": 7.5267056926356815E-06
"p626": 0
"p627": 0
"p628": 0
"p629": 0
