"p567": 0
"p568": 0.00021639278866327584
"p569": 6.39769983874033E-05
"p570": 7.5267056926356815E-06
"p571": 0
"p572": 0.0005061709578297496
"p573": 0.00013359902604428333
"p574": 1.1290058538953523E-05
"p575": 0
"p576": 0.003069014246172199
"p577": 0.0009446015644257779
"p578": 0.00014112573173691902
"p579": 7.5267056926356815E-06
"p580": 0.0027472475778120235
"p581": 0.000944601564425778
"p582": 0.0001674692016611439
"p583": 7.5267056926356815E-06
"p584": 0.001670928663765121
"p585": 0.0002860148163201559
"p586": 7.5267056926356815E-06
"p587": 0
"p588": 0.000803475832688859
"p589": 9.032046831162817E-05
"p590": 0
"p591": 0
"p592": 0.004405004506615033
"p593": 0.0015128678442197718
"p594": 0.00030294990412858613
"p595": 4.139688130949624E-05
"p596": 0.0030520791583637675
"p597": 0.0011214791482027165
"p598": 0.00024838128785697745
"p599": 4.139688130949624E-05
"p600": 0.0032665902706038863
"p601": 0.0008862695953078514
"p602": 8.655711546531033E-05
"p603": 0
"p604": 0.0013849138474449649
"p605": 0.00034434678543808245
"p606": 2.82251463473838E-05
"p607": 0
"p608": 0.001038685385583724
"p609": 0.00023144620004854723
"p610": 2.2580117077907045E-05
"p611": 0
"p612": 0.0012023912343985498
"p613": 0.0003161216390906986
"p614": 3.0106822770542726E-05
"p615": 0
"p616": 0.0002220378179327526
"p617": 3.575185204001949E-05
"p618": 0
"p619": 0
"p620": 6.397699838740328E-05
"p621": 2.2580117077907045E-05
"p622": 0
"p623": 0
"p624": 0.0026456370509614414
"p625": 0.0006510600424129864
"p626": 6.021364554108546E-05
"p627": 0
"p628": 0.0036259904674272392
"p629": 0.0011007807075479683
