"p567": 2.8225146347383808E-05
"p568": 0.0002973048748591094
"p569": 0.00010725555612005845
"p570": 2.4461793501065963E-05
"p571": 1.8816764231589204E-06
"p572": 0.0019607068329315952
"p573": 0.0006134265139498082
"p574": 7.526705692635683E-05
"p575": 3.7633528463178407E-06
"p576": 0.006021364554108545
"p577": 0.002414190850912895
"p578": 0.0005381594570234513
"p579": 6.962202765688005E-05
"p580": 0.013928168884222335
"p581": 0.0055358920369335445
"p582": 0.0012531964978238412
"p583": 0.00017311423093062066
"p584": 0.0018402795418494236
"p585": 0.000637888307450874
"p586": 0.00012607232035164766
"p587": 1.8816764231589204E-06
"p588": 0.0027152590786183217
"p589": 0.0008166475676509716
"p590": 0.00011854561465901197
"p591": 5.645029269476761E-06
"p592": 0.011468817799153621
"p593": 0.005170846810840714
"p594": 0.0011986278815522323
"p595": 9.408382115794603E-05
"p596": 0.01990813655702138
"p597": 0.009043336889701773
"p598": 0.0023840840281423525
"p599": 0.0002878964927433148
"p600": 0.005502021861316683
"p601": 0.002237313267135956
"p602": 0.0004158504895181214
"p603": 1.1290058538953523E-05
"p604": 0.006683714655060487
"p605": 0.002611766875344581
"p606": 0.0004760641350592069
"p607": 1.8816764231589207E-05
"p608": 0.002538381494841384
"p609": 0.0008674528310762623
"p610": 0.00012983567319796552
"p611": 1.3171734962112444E-05
"p612": 0.008015941562657003
"p613": 0.002585423405420357
"p614": 0.0003424651090149235
"p615": 1.3171734962112444E-05
"p616": 0.00044219395944234633
"p617": 0.00012607232035164768
"p618": 2.0698440654748124E-05
"p619": 1.8816764231589204E-06
"p620": 0.0005136976635223854
"p621": 0.00015429746669903146
"p622": 2.4461793501065963E-05
"p623": 1.8816764231589204E-06
"p624": 0.007125908614502831
"p625": 0.0022918818834075654
"p626": 0.00035375516755387705
"p627": 2.2580117077907045E-05
"p628": 0.018850634407206076
"p629": 0.006252810754157095
