"p567": 0
"p568": 0.0027867627826983613
"p569": 0.0006604684245287812
"p570": 9.4083821157946E-05
"p571": 5.645029269476761E-06
"p572": 0.003857436667475788
"p573": 0.001279539967748066
"p574": 0.00016182417239166713
"p575": 5.645029269476761E-06
"p576": 0.0007714873334951572
"p577": 0.000188167642315892
"p578": 2.82251463473838E-05
"p579": 0
"p580": 0.00032176666836017533
"p581": 2.634346992422488E-05
"p582": 0
"p583": 0
"p584": 0.0052668123084218185
"p585": 0.0015429746669903147
"p586": 0.0002521446407032953
"p587": 1.8816764231589203E-05
"p588": 0.003419006060879758
"p589": 0.0010913723254321736
"p590": 0.00020322105370116337
"p591": 1.8816764231589203E-05
"p592": 0
"p593": 0
"p594": 0
"p595": 0
"p596": 1.5053411385271363E-05
"p597": 0
"p598": 0
"p599": 0
"p600": 5.645029269476761E-06
"p601": 0
"p602": 0
"p603": 0
"p604": 0.0001335990260442833
"p605": 3.7633528463178407E-06
"p606": 0
"p607": 0
"p608": 0.0002427362585875007
"p609": 3.76335284631784E-05
"p610": 0
"p611": 0
"p612": 0.00019381267158536877
"p613": 2.2580117077907042E-05
"p614": 0
"p615": 0
"p616": 0.003185678184408052
"p617": 0.0008411093611520375
"p618": 0.0001279539967748066
"p619": 2.258011707790704E-05
"p620": 0.0024386526444139605
"p621": 0.0006962202765688005
"p622": 9.972885042742277E-05
"p623": 2.258011707790704E-05
"p624": 0.00022580117077907044
"p625": 4.516023415581408E-05
"p626": 0
"p627": 0
"p628": 0.000378216961054943
"p629": 0.00011101890896637629
