"p567": 0
"p568": 0.002286236854138088
"p569": 0.0005381594570234512
"p570": 7.150370408003898E-05
"p571": 0
"p572": 0.0006472966895666685
"p573": 0.00011666393823585304
"p574": 1.1290058538953521E-05
"p575": 0
"p576": 0.0002521446407032953
"p577": 6.585867481056221E-05
"p578": 5.645029269476761E-06
"p579": 0
"p580": 0
"p581": 0
"p582": 0
"p583": 0
"p584": 0.0003932703724402144
"p585": 6.021364554108545E-05
"p586": 5.645029269476761E-06
"p587": 0
"p588": 7.33853805031979E-05
"p589": 0
"p590": 0
"p591": 0
"p592": 0.00033682007974544673
"p593": 7.526705692635681E-05
"p594": 5.645029269476761E-06
"p595": 0
"p596": 0
"p597": 0
"p598": 0
"p599": 0
"p600": 0.0010161052685058172
"p601": 0.00018252261304641527
"p602": 1.6935087808430286E-05
"p603": 0
"p604": 0.0001298356731979655
"p605": 5.645029269476761E-06
"p606": 0
"p607": 0
"p608": 6.021364554108545E-05
"p609": 1.6935087808430286E-05
"p610": 0
"p611": 0
"p612": 0
"p613": 0
"p614": 0
"p615": 0
"p616": 6.209532196424438E-05
"p617": 1.3171734962112444E-05
"p618": 0
"p619": 0
"p620": 5.645029269476761E-06
"p621": 1.8816764231589204E-06
"p622": 0
"p623": 0
"p624": 0.00030106822770542725
"p625": 6.209532196424438E-05
"p626": 0
"p627": 0
"p628": 0
"p629": 0
