"p567": 0
"p568": 0.02031457866442371
"p569": 0.008042285032581227
"p570": 0.0017894742784241337
"p571": 0.00021262943581695803
"p572": 0.007974544681347505
"p573": 0.0031706247730227803
"p574": 0.0007545522456867271
"p575": 8.467543904215141E-05
"p576": 0.0001561791431221904
"p577": 9.408382115794602E-06
"p578": 0
"p579": 0
"p580": 0
"p581": 0
"p582": 0
"p583": 0
"p584": 0.005771101589828409
"p585": 0.0019588251565084364
"p586": 0.0003085949333980629
"p587": 1.6935087808430282E-05
"p588": 0.001081963943316379
"p589": 0.00030859493339806287
"p590": 3.3870175616860565E-05
"p591": 0
"p592": 0.0015617914312219038
"p593": 0.0003462284618612413
"p594": 3.198849919370165E-05
"p595": 1.8816764231589204E-06
"p596": 0
"p597": 0
"p598": 0
"p599": 0
"p600": 0.006856828885991107
"p601": 0.0021319393874390568
"p602": 0.0003612818732465127
"p603": 4.139688130949625E-05
"p604": 0.0016201234003398303
"p605": 0.00045912904725077655
"p606": 6.962202765688005E-05
"p607": 1.1290058538953523E-05
"p608": 0.0011365325595879881
"p609": 0.0002878964927433148
"p610": 3.0106822770542726E-05
"p611": 0
"p612": 2.8225146347383808E-05
"p613": 0
"p614": 0
"p615": 0
"p616": 0.022773929749492425
"p617": 0.00828502129116873
"p618": 0.001716088897920936
"p619": 0.0002163927886632759
"p620": 0.006356302957430834
"p621": 0.002037855566281111
"p622": 0.00036692690251598946
"p623": 2.6343469924224887E-05
"p624": 0.0025703699940350854
"p625": 0.0009464832408489372
"p626": 0.00017311423093062066
"p627": 7.5267056926356815E-06
"p628": 0.00027848811062752024
"p629": 7.714873334951573E-05
