"p567": 0
"p568": 0.00027660643420436126
"p569": 7.150370408003898E-05
"p570": 3.7633528463178407E-06
"p571": 0
"p572": 0.00018252261304641524
"p573": 3.951520488633733E-05
"p574": 1.8816764231589204E-06
"p575": 0
"p576": 0.0010424487384300418
"p577": 0.0002690797285117256
"p578": 3.0106822770542726E-05
"p579": 0
"p580": 0
"p581": 0
"p582": 0
"p583": 0
"p584": 0.0008881512717310104
"p585": 0.00017687758377693853
"p586": 1.8816764231589203E-05
"p587": 0
"p588": 0.00024461793501065964
"p589": 3.575185204001949E-05
"p590": 0
"p591": 0
"p592": 0.001558028078375586
"p593": 0.0004854725171750014
"p594": 8.091208619583358E-05
"p595": 1.1290058538953523E-05
"p596": 9.408382115794602E-06
"p597": 0
"p598": 0
"p599": 0
"p600": 0.0019456534215463233
"p601": 0.0004929992228676371
"p602": 7.150370408003898E-05
"p603": 1.1290058538953523E-05
"p604": 0.0006755218359140525
"p605": 0.00015994249596850825
"p606": 1.3171734962112442E-05
"p607": 0
"p608": 0.00023709122931802392
"p609": 3.575185204001949E-05
"p610": 0
"p611": 0
"p612": 0
"p613": 0
"p614": 0
"p615": 0
"p616": 0.00016935087808430283
"p617": 3.010682277054273E-05
"p618": 0
"p619": 0
"p620": 3.198849919370165E-05
"p621": 1.8816764231589204E-06
"p622": 0
"p623": 0
"p624": 0.0015034594621039772
"p625": 0.0003800986374781019
"p626": 2.6343469924224884E-05
"p627": 0
"p628": 0
"p629": 0
