"p567": 0
"p568": 0.014133271614346654
"p569": 0.004625160648124627
"p570": 0.0008429910375751963
"p571": 6.39769983874033E-05
"p572": 0.010038743717552841
"p573": 0.003052079158363768
"p574": 0.0004271405480570749
"p575": 2.8225146347383808E-05
"p576": 0.00018440428946957417
"p577": 4.327855773265517E-05
"p578": 5.645029269476761E-06
"p579": 0
"p580": 0
"p581": 0
"p582": 0
"p583": 0
"p584": 0.0007131553643772308
"p585": 0.0001204272910821709
"p586": 5.645029269476761E-06
"p587": 0
"p588": 6.585867481056221E-05
"p589": 5.645029269476761E-06
"p590": 0
"p591": 0
"p592": 2.258011707790704E-05
"p593": 0
"p594": 0
"p595": 0
"p596": 0
"p597": 0
"p598": 0
"p599": 0
"p600": 0
"p601": 0
"p602": 0
"p603": 0
"p604": 0
"p605": 0
"p606": 0
"p607": 0
"p608": 0.00016370584881482606
"p609": 2.6343469924224887E-05
"p610": 0
"p611": 0
"p612": 0
"p613": 0
"p614": 0
"p615": 0
"p616": 0.00044407563586550515
"p617": 6.209532196424438E-05
"p618": 0
"p619": 0
"p620": 1.5053411385271363E-05
"p621": 3.7633528463178407E-06
"p622": 0
"p623": 0
"p624": 0.0005231060456381798
"p625": 8.843879188846925E-05
"p626": 5.645029269476761E-06
"p627": 0
"p628": 0
"p629": 0
