"p567": 0
"p568": 0.003055842511210087
"p569": 0.0008806245660383747
"p570": 0.00011478226181269412
"p571": 0
"p572": 0.0005212243692150209
"p573": 0.00013359902604428333
"p574": 1.3171734962112442E-05
"p575": 0
"p576": 0
"p577": 0
"p578": 0
"p579": 0
"p580": 0
"p581": 0
"p582": 0
"p583": 0
"p584": 0.000423377195210757
"p585": 6.962202765688005E-05
"p586": 0
"p587": 0
"p588": 8.843879188846926E-05
"p589": 1.5053411385271363E-05
"p590": 0
"p591": 0
"p592": 0.00010913723254321738
"p593": 1.5053411385271363E-05
"p594": 0
"p595": 0
"p596": 0
"p597": 0
"p598": 0
"p599": 0
"p600": 0.0006661134537982578
"p601": 0.0001204272910821709
"p602": 1.1290058538953523E-05
"p603": 0
"p604": 0.00013171734962112442
"p605": 2.2580117077907045E-05
"p606": 0
"p607": 0
"p608": 2.8225146347383805E-05
"p609": 1.8816764231589204E-06
"p610": 0
"p611": 0
"p612": 0
"p613": 0
"p614": 0
"p615": 0
"p616": 0.0020830158004369248
"p617": 0.0004704191057897301
"p618": 4.892358700213193E-05
"p619": 0
"p620": 0.00019004931873905096
"p621": 2.2580117077907045E-05
"p622": 0
"p623": 0
"p624": 0.00016182417239166713
"p625": 2.6343469924224884E-05
"p626": 0
"p627": 0
"p628": 5.645029269476761E-06
"p629": 0
