"p567": 4.139688130949624E-05
"p568": 0.01940008392276847
"p569": 0.007487190487749345
"p570": 0.0016502302231103732
"p571": 0.000212629435816958
"p572": 0.0343819916039598
"p573": 0.01482196518522282
"p574": 0.003663623995890419
"p575": 0.00046665575294341233
"p576": 3.9515204886337324E-05
"p577": 1.6935087808430282E-05
"p578": 0
"p579": 0
"p580": 0.0002897781691664737
"p581": 5.456861627160869E-05
"p582": 0
"p583": 0
"p584": 0.002679507226578303
"p585": 0.0007846590684572697
"p586": 0.00010725555612005847
"p587": 0
"p588": 0.008113788736661267
"p589": 0.0030520791583637692
"p590": 0.0006040181318340133
"p591": 3.575185204001949E-05
"p592": 0.0003424651090149235
"p593": 4.8923587002131926E-05
"p594": 0
"p595": 0
"p596": 0.0024649961143381857
"p597": 0.0005419228098697691
"p598": 6.39769983874033E-05
"p599": 3.76335284631784E-06
"p600": 0.003409597678763964
"p601": 0.0009314298294636657
"p602": 0.00015241579027587256
"p603": 2.2580117077907045E-05
"p604": 0.008162712323663397
"p605": 0.002696442314386732
"p606": 0.0005456861627160869
"p607": 8.279376261899248E-05
"p608": 0.0013811504945986477
"p609": 0.0004327855773265517
"p610": 6.585867481056221E-05
"p611": 0
"p612": 0.0017123255450746176
"p613": 0.0005042892814065907
"p614": 8.091208619583358E-05
"p615": 1.1290058538953523E-05
"p616": 0.022723124486067132
"p617": 0.008527757549756232
"p618": 0.0018176994247715175
"p619": 0.00020510273012432233
"p620": 0.03226510562790602
"p621": 0.012708842562015352
"p622": 0.0028733198981636724
"p623": 0.00030671325697490405
"p624": 0.003430296119418712
"p625": 0.0015203945499124077
"p626": 0.000353755167553877
"p627": 1.6935087808430282E-05
"p628": 0.0030727775990185167
"p629": 0.001159112676665895
