"p567": 0
"p568": 0.015166311970660897
"p569": 0.005562235506857769
"p570": 0.0010217502977752939
"p571": 6.962202765688005E-05
"p572": 0.004672202558703599
"p573": 0.0016878637515735516
"p574": 0.00034246510901492347
"p575": 3.951520488633733E-05
"p576": 0.002199679738672778
"p577": 0.0005249877220613388
"p578": 6.39769983874033E-05
"p579": 3.76335284631784E-06
"p580": 0
"p581": 0
"p582": 0
"p583": 0
"p584": 0.008949253068543824
"p585": 0.0028620298396247177
"p586": 0.0005814380147561064
"p587": 8.279376261899248E-05
"p588": 0.002022802154895839
"p589": 0.0005964914261413778
"p590": 0.00010537387969689955
"p591": 2.2580117077907045E-05
"p592": 0
"p593": 0
"p594": 0
"p595": 0
"p596": 0
"p597": 0
"p598": 0
"p599": 0
"p600": 0.0011835744701669609
"p601": 0.00025778966997277205
"p602": 2.2580117077907045E-05
"p603": 0
"p604": 6.774035123372114E-05
"p605": 0
"p606": 0
"p607": 0
"p608": 0.004079474485408539
"p609": 0.0013642154067902172
"p610": 0.0002690797285117256
"p611": 4.139688130949624E-05
"p612": 0.00037633528463178407
"p613": 8.655711546531033E-05
"p614": 5.645029269476761E-06
"p615": 0
"p616": 0.07115747561817777
"p617": 0.03111728300977909
"p618": 0.008249269439128713
"p619": 0.001172284411628009
"p620": 0.02590692099405202
"p621": 0.009792244106119024
"p622": 0.0020510273012432235
"p623": 0.00018252261304641527
"p624": 0.000967181681503685
"p625": 0.0003443467854380824
"p626": 5.833196911792653E-05
"p627": 1.1290058538953523E-05
"p628": 3.3870175616860565E-05
"p629": 0
