"p567": 1.3171734962112444E-05
"p568": 0.002111240946784309
"p569": 0.0005870830440255832
"p570": 6.774035123372113E-05
"p571": 5.645029269476761E-06
"p572": 0.008189055793587623
"p573": 0.0027152590786183217
"p574": 0.00042149551878759814
"p575": 2.8225146347383808E-05
"p576": 0.0003857436667475787
"p577": 0.00010161052685058169
"p578": 9.408382115794602E-06
"p579": 0
"p580": 0.0011007807075479688
"p581": 0.00027660643420436126
"p582": 3.0106822770542726E-05
"p583": 0
"p584": 0.007394988343014558
"p585": 0.0028789649274331484
"p586": 0.0006303616017582385
"p587": 7.150370408003898E-05
"p588": 0.015209590528393557
"p589": 0.005961150908567461
"p590": 0.0013228185254807213
"p591": 0.00017311423093062066
"p592": 0.0015956616068387645
"p593": 0.0006021364554108546
"p594": 9.972885042742277E-05
"p595": 5.645029269476761E-06
"p596": 0.00311981950959749
"p597": 0.0010537387969689956
"p598": 0.00017875926020009743
"p599": 7.5267056926356815E-06
"p600": 0.0150703464730798
"p601": 0.006493665336321437
"p602": 0.0014244290523313034
"p603": 9.596549758110493E-05
"p604": 0.023415581409789617
"p605": 0.01066722364288792
"p606": 0.002747247577812024
"p607": 0.0003085949333980629
"p608": 5.268693984844977E-05
"p609": 1.1290058538953523E-05
"p610": 0
"p611": 0
"p612": 0.00019945770085484557
"p613": 4.516023415581409E-05
"p614": 1.1290058538953523E-05
"p615": 0
"p616": 0.0028676748688941946
"p617": 0.0009370748587331424
"p618": 0.00013359902604428335
"p619": 1.3171734962112444E-05
"p620": 0.00824550608628239
"p621": 0.0026305836395761712
"p622": 0.0003424651090149235
"p623": 1.3171734962112444E-05
"p624": 0.0004421939594423463
"p625": 0.00013548070246744229
"p626": 1.6935087808430286E-05
"p627": 0
"p628": 0.0016163600474935124
"p629": 0.0005513311919855636
