"p567": 0
"p568": 0.012592178623779496
"p569": 0.004254470392762319
"p570": 0.0008015941562657
"p571": 8.843879188846925E-05
"p572": 0.0029071900737805316
"p573": 0.000922021447347871
"p574": 0.0001599424959685082
"p575": 2.8225146347383805E-05
"p576": 0.0023088169712159956
"p577": 0.0008523994196909909
"p578": 0.00016182417239166716
"p579": 7.5267056926356815E-06
"p580": 0.00027848811062752024
"p581": 7.714873334951573E-05
"p582": 5.645029269476761E-06
"p583": 0
"p584": 0.023607512404951816
"p585": 0.010578784850999452
"p586": 0.002700205667233051
"p587": 0.0003161216390906987
"p588": 0.008638776458722604
"p589": 0.003545078381231406
"p590": 0.0007451438635709325
"p591": 3.7633528463178407E-05
"p592": 0.00033870175616860566
"p593": 5.080526342529086E-05
"p594": 0
"p595": 0
"p596": 0
"p597": 0
"p598": 0
"p599": 0
"p600": 0.0008806245660383748
"p601": 0.00015994249596850823
"p602": 5.645029269476761E-06
"p603": 0
"p604": 3.763352846317841E-05
"p605": 3.7633528463178407E-06
"p606": 0
"p607": 0
"p608": 0.0009239031237710302
"p609": 0.00023709122931802397
"p610": 3.0106822770542726E-05
"p611": 0
"p612": 9.408382115794602E-06
"p613": 0
"p614": 0
"p615": 0
"p616": 0.018195811011946766
"p617": 0.006469203542820371
"p618": 0.001164757705935372
"p619": 7.150370408003898E-05
"p620": 0.004435111329385576
"p621": 0.0015015777856808186
"p622": 0.00022203781793275263
"p623": 1.1290058538953523E-05
"p624": 0.0020961875353990374
"p625": 0.0006924569237224828
"p626": 0.00013736237889060116
"p627": 1.3171734962112444E-05
"p628": 1.8816764231589203E-05
"p629": 0
