"p567": 7.5267056926356815E-06
"p568": 0.0014902877271418646
"p569": 0.0002766064342043613
"p570": 7.5267056926356815E-06
"p571": 0
"p572": 0.0006378883074508741
"p573": 8.843879188846924E-05
"p574": 0
"p575": 0
"p576": 7.714873334951574E-05
"p577": 3.7633528463178407E-06
"p578": 0
"p579": 0
"p580": 0.00010913723254321737
"p581": 1.5053411385271363E-05
"p582": 0
"p583": 0
"p584": 2.0698440654748124E-05
"p585": 5.645029269476761E-06
"p586": 0
"p587": 0
"p588": 3.387017561686057E-05
"p589": 5.645029269476761E-06
"p590": 0
"p591": 0
"p592": 0
"p593": 0
"p594": 0
"p595": 0
"p596": 1.5053411385271363E-05
"p597": 0
"p598": 0
"p599": 0
"p600": 0
"p601": 0
"p602": 0
"p603": 0
"p604": 0
"p605": 0
"p606": 0
"p607": 0
"p608": 0.0006096631611034902
"p609": 0.0001373623788906012
"p610": 1.6935087808430286E-05
"p611": 0
"p612": 0.00037633528463178407
"p613": 8.655711546531033E-05
"p614": 5.645029269476761E-06
"p615": 0
"p616": 0.00047418245863604794
"p617": 3.387017561686057E-05
"p618": 0
"p619": 0
"p620": 0.00013548070246744226
"p621": 5.645029269476761E-06
"p622": 0
"p623": 0
"p624": 0.00040456043097916787
"p625": 7.150370408003898E-05
"p626": 5.645029269476761E-06
"p627": 0
"p628": 0.000496762575713955
"p629": 0.00011666393823585305
