"p567": 0
"p568": 0.010383090502990923
"p569": 0.0031725064494459395
"p570": 0.0005005259285602728
"p571": 1.5053411385271363E-05
"p572": 0.0010066968863900224
"p573": 0.0002239194943559115
"p574": 2.258011707790704E-05
"p575": 0
"p576": 2.2580117077907045E-05
"p577": 0
"p578": 0
"p579": 0
"p580": 0
"p581": 0
"p582": 0
"p583": 0
"p584": 0.0009107313888089176
"p585": 0.00019757602443168666
"p586": 1.6935087808430286E-05
"p587": 0
"p588": 6.774035123372114E-05
"p589": 5.645029269476761E-06
"p590": 0
"p591": 0
"p592": 0
"p593": 0
"p594": 0
"p595": 0
"p596": 0
"p597": 0
"p598": 0
"p599": 0
"p600": 1.6935087808430286E-05
"p601": 0
"p602": 0
"p603": 0
"p604": 0
"p605": 0
"p606": 0
"p607": 0
"p608": 1.6935087808430282E-05
"p609": 0
"p610": 0
"p611": 0
"p612": 0
"p613": 0
"p614": 0
"p615": 0
"p616": 0.00041585048951812146
"p617": 8.843879188846926E-05
"p618": 5.645029269476761E-06
"p619": 0
"p620": 3.951520488633733E-05
"p621": 0
"p622": 0
"p623": 0
"p624": 2.2580117077907045E-05
"p625": 3.7633528463178407E-06
"p626": 0
"p627": 0
"p628": 0
"p629": 0
