"p567": 0
"p568": 0.0012362614100154103
"p569": 0.0002991865512822683
"p570": 3.0106822770542726E-05
"p571": 0
"p572": 0.002340805470409697
"p573": 0.000780895715610952
"p574": 9.22021447347871E-05
"p575": 0
"p576": 0.00018816764231589198
"p577": 3.387017561686056E-05
"p578": 0
"p579": 0
"p580": 0.0001599424959685082
"p581": 2.82251463473838E-05
"p582": 0
"p583": 0
"p584": 0.004179203335835962
"p585": 0.0011515859709732594
"p586": 0.0001486524374295547
"p587": 7.5267056926356815E-06
"p588": 0.0029674037193216174
"p589": 0.0009784717400426384
"p590": 0.0001674692016611439
"p591": 7.5267056926356815E-06
"p592": 0.0009333115058868245
"p593": 0.00022203781793275258
"p594": 2.82251463473838E-05
"p595": 0
"p596": 0.0004384306065960284
"p597": 4.139688130949624E-05
"p598": 0
"p599": 0
"p600": 0.006856828885991107
"p601": 0.0021319393874390563
"p602": 0.00036128187324651267
"p603": 4.139688130949624E-05
"p604": 0.0042770505098402275
"p605": 0.001433837434447097
"p606": 0.0002766064342043613
"p607": 4.139688130949624E-05
"p608": 1.3171734962112444E-05
"p609": 0
"p610": 0
"p611": 0
"p612": 1.6935087808430282E-05
"p613": 1.8816764231589204E-06
"p614": 0
"p615": 0
"p616": 0.0012080362636680267
"p617": 0.00024273625858750077
"p618": 2.2580117077907045E-05
"p619": 0
"p620": 0.001224971351476457
"p621": 0.0003161216390906986
"p622": 3.0106822770542726E-05
"p623": 0
"p624": 0.00012607232035164768
"p625": 2.2580117077907042E-05
"p626": 0
"p627": 0
"p628": 0.0002935415220127916
"p629": 8.843879188846925E-05
