"p567": 4.139688130949624E-05
"p568": 0.028370035431967047
"p569": 0.012108587783027655
"p570": 0.0029749304250142536
"p571": 0.00034434678543808245
"p572": 0.03902973236916233
"p573": 0.017159007302786203
"p574": 0.004485916592810866
"p575": 0.0006548233952593044
"p576": 0
"p577": 0
"p578": 0
"p579": 0
"p580": 0
"p581": 0
"p582": 0
"p583": 0
"p584": 7.150370408003896E-05
"p585": 9.408382115794602E-06
"p586": 0
"p587": 0
"p588": 8.279376261899251E-05
"p589": 1.5053411385271363E-05
"p590": 0
"p591": 0
"p592": 0
"p593": 0
"p594": 0
"p595": 0
"p596": 5.645029269476761E-06
"p597": 0
"p598": 0
"p599": 0
"p600": 8.467543904215141E-05
"p601": 3.7633528463178407E-06
"p602": 0
"p603": 0
"p604": 8.655711546531035E-05
"p605": 3.7633528463178407E-06
"p606": 0
"p607": 0
"p608": 5.645029269476761E-06
"p609": 0
"p610": 0
"p611": 0
"p612": 5.645029269476761E-06
"p613": 0
"p614": 0
"p615": 0
"p616": 0.0005005259285602729
"p617": 7.714873334951573E-05
"p618": 5.645029269476761E-06
"p619": 0
"p620": 0.0002671980520885667
"p621": 5.456861627160869E-05
"p622": 5.645029269476761E-06
"p623": 0
"p624": 4.704191057897301E-05
"p625": 5.645029269476761E-06
"p626": 0
"p627": 0
"p628": 1.5053411385271363E-05
"p629": 0
