"p567": 0
"p568": 0.010430132413569895
"p569": 0.003776524581279953
"p570": 0.0006849302180298469
"p571": 3.575185204001948E-05
"p572": 0.002818751281892064
"p573": 0.0007827773920341108
"p574": 9.032046831162817E-05
"p575": 1.8816764231589204E-06
"p576": 7.5267056926356815E-06
"p577": 0
"p578": 0
"p579": 0
"p580": 0
"p581": 0
"p582": 0
"p583": 0
"p584": 0.0010932540018553324
"p585": 0.00025778966997277205
"p586": 2.0698440654748124E-05
"p587": 0
"p588": 0.00024461793501065964
"p589": 6.774035123372114E-05
"p590": 5.645029269476761E-06
"p591": 0
"p592": 0.00020886608297064014
"p593": 2.2580117077907045E-05
"p594": 0
"p595": 0
"p596": 0
"p597": 0
"p598": 0
"p599": 0
"p600": 0.001317173496211244
"p601": 0.0002258011707790704
"p602": 2.2580117077907045E-05
"p603": 0
"p604": 0.0002860148163201559
"p605": 7.150370408003898E-05
"p606": 1.1290058538953523E-05
"p607": 0
"p608": 0.00017499590735377957
"p609": 2.82251463473838E-05
"p610": 0
"p611": 0
"p612": 0
"p613": 0
"p614": 0
"p615": 0
"p616": 0.007633961248755738
"p617": 0.002210969797211731
"p618": 0.00032364834478333426
"p619": 1.5053411385271363E-05
"p620": 0.0010706738847774257
"p621": 0.00024273625858750068
"p622": 2.258011707790704E-05
"p623": 0
"p624": 0.0004214955187875981
"p625": 4.139688130949624E-05
"p626": 0
"p627": 0
"p628": 3.951520488633733E-05
"p629": 0
