"p567": 0
"p568": 0.0003217666683601754
"p569": 6.585867481056221E-05
"p570": 1.8816764231589204E-06
"p571": 0
"p572": 0.0007752506863414751
"p573": 0.00018252261304641527
"p574": 1.6935087808430282E-05
"p575": 0
"p576": 2.4461793501065963E-05
"p577": 1.8816764231589204E-06
"p578": 0
"p579": 0
"p580": 2.4461793501065963E-05
"p581": 1.8816764231589204E-06
"p582": 0
"p583": 0
"p584": 0.001017986944928976
"p585": 0.0002220378179327526
"p586": 1.8816764231589203E-05
"p587": 0
"p588": 0.0010669105319311078
"p589": 0.0002709614049348845
"p590": 3.0106822770542726E-05
"p591": 0
"p592": 0.0001749959073537796
"p593": 2.4461793501065963E-05
"p594": 1.8816764231589204E-06
"p595": 0
"p596": 0.00017123255450746173
"p597": 2.6343469924224884E-05
"p598": 0
"p599": 0
"p600": 0.0021168859760537853
"p601": 0.0005833196911792653
"p602": 9.22021447347871E-05
"p603": 1.1290058538953523E-05
"p604": 0.0017518407499609546
"p605": 0.0005325144277539745
"p606": 8.27937626189925E-05
"p607": 1.1290058538953523E-05
"p608": 0
"p609": 0
"p610": 0
"p611": 0
"p612": 3.7633528463178407E-06
"p613": 0
"p614": 0
"p615": 0
"p616": 0.00018252261304641527
"p617": 2.8225146347383808E-05
"p618": 0
"p619": 0
"p620": 0.00023709122931802392
"p621": 3.575185204001949E-05
"p622": 0
"p623": 0
"p624": 3.0106822770542726E-05
"p625": 0
"p626": 0
"p627": 0
"p628": 0.00013359902604428335
"p629": 2.6343469924224884E-05
