"p567": 0.0004007970781328501
"p568": 0.007776968656915817
"p569": 0.002581660052574039
"p570": 0.0003669269025159894
"p571": 1.505341138527136E-05
"p572": 0.01526039579181885
"p573": 0.005537773713356704
"p574": 0.001019868621352135
"p575": 7.338538050319788E-05
"p576": 0.002427362585875008
"p577": 0.0007470255399940912
"p578": 0.00010725555612005847
"p579": 0
"p580": 0.007972663004924347
"p581": 0.003014445629900591
"p582": 0.0006040181318340133
"p583": 3.575185204001949E-05
"p584": 0.00029542319843595046
"p585": 6.209532196424436E-05
"p586": 5.645029269476761E-06
"p587": 0
"p588": 0.0006792851887603701
"p589": 0.0002051027301243223
"p590": 1.6935087808430286E-05
"p591": 0
"p592": 0.003087831010403789
"p593": 0.0008712161839225801
"p594": 0.00014112573173691902
"p595": 2.2580117077907045E-05
"p596": 0.008283139614745567
"p597": 0.0026663354916161897
"p598": 0.0005343961041771333
"p599": 8.279376261899248E-05
"p600": 0.0006021364554108545
"p601": 0.00019945770085484557
"p602": 5.645029269476761E-05
"p603": 1.1290058538953523E-05
"p604": 0.002662572138769872
"p605": 0.0009765900636194797
"p606": 0.00020698440654748124
"p607": 1.5053411385271363E-05
"p608": 0.01676197357749967
"p609": 0.00664043609732783
"p610": 0.0015429746669903149
"p611": 0.0001919309951622099
"p612": 0.028362508726274417
"p613": 0.011461291093460987
"p614": 0.0027096140493488466
"p615": 0.00029542319843595057
"p616": 0.007744980157722118
"p617": 0.0025929501111129926
"p618": 0.00044407563586550515
"p619": 1.88167642315892E-05
"p620": 0.006602802568864652
"p621": 0.0019512984508158005
"p622": 0.0002728430813580435
"p623": 1.6935087808430286E-05
"p624": 0.025295376156525374
"p625": 0.011148932807216603
"p626": 0.0028432130753931286
"p627": 0.00036316354966967166
"p628": 0.04147403004284577
"p629": 0.01799823498751508
