"p567": 5.645029269476761E-06
"p568": 0.0007884224213035875
"p569": 0.00011854561465901199
"p570": 1.1290058538953523E-05
"p571": 0
"p572": 0.0007865407448804288
"p573": 9.784717400426385E-05
"p574": 1.1290058538953523E-05
"p575": 0
"p576": 0.0006077814846803314
"p577": 0.00011666393823585308
"p578": 1.1290058538953523E-05
"p579": 0
"p580": 0.0007112736879540719
"p581": 0.0001618241723916671
"p582": 2.2580117077907045E-05
"p583": 0
"p584": 0.0001129005853895352
"p585": 4.139688130949624E-05
"p586": 0
"p587": 0
"p588": 0.000284133139896997
"p589": 7.903040977267465E-05
"p590": 0
"p591": 0
"p592": 1.3171734962112444E-05
"p593": 0
"p594": 0
"p595": 0
"p596": 0.00019004931873905094
"p597": 1.8816764231589203E-05
"p598": 0
"p599": 0
"p600": 0
"p601": 0
"p602": 0
"p603": 0
"p604": 0
"p605": 0
"p606": 0
"p607": 0
"p608": 0.005432399833659805
"p609": 0.0016652836344956444
"p610": 0.00031047660982122185
"p611": 4.139688130949624E-05
"p612": 0.004224363569991776
"p613": 0.0013717421124828527
"p614": 0.00026343469924224885
"p615": 4.139688130949624E-05
"p616": 0.003588356938964061
"p617": 0.0009013230066931227
"p618": 8.655711546531033E-05
"p619": 0
"p620": 0.0016257684296093066
"p621": 0.0003499918147075592
"p622": 2.82251463473838E-05
"p623": 0
"p624": 0.004521668444850886
"p625": 0.001273894938478589
"p626": 0.0001900493187390509
"p627": 7.5267056926356815E-06
"p628": 0.005462506656430347
"p629": 0.0017480773971146365
