"p567": 0
"p568": 0.005959269232144299
"p569": 0.0016031883125313998
"p570": 0.00020322105370116337
"p571": 7.5267056926356815E-06
"p572": 0.0056638460337083505
"p573": 0.0019136649223526218
"p574": 0.0003198849919370165
"p575": 7.5267056926356815E-06
"p576": 5.080526342529085E-05
"p577": 5.645029269476761E-06
"p578": 0
"p579": 0
"p580": 2.2580117077907045E-05
"p581": 0
"p582": 0
"p583": 0
"p584": 0.0006096631611034902
"p585": 0.00011666393823585307
"p586": 1.1290058538953523E-05
"p587": 0
"p588": 0.0003405834325917646
"p589": 6.962202765688006E-05
"p590": 5.645029269476761E-06
"p591": 0
"p592": 0
"p593": 0
"p594": 0
"p595": 0
"p596": 0
"p597": 0
"p598": 0
"p599": 0
"p600": 0
"p601": 0
"p602": 0
"p603": 0
"p604": 1.6935087808430286E-05
"p605": 0
"p606": 0
"p607": 0
"p608": 2.2580117077907045E-05
"p609": 0
"p610": 0
"p611": 0
"p612": 1.6935087808430282E-05
"p613": 0
"p614": 0
"p615": 0
"p616": 0.0002803697870506791
"p617": 5.45686162716087E-05
"p618": 5.645029269476761E-06
"p619": 0
"p620": 0.00016370584881482606
"p621": 2.8225146347383808E-05
"p622": 0
"p623": 0
"p624": 9.408382115794602E-06
"p625": 0
"p626": 0
"p627": 0
"p628": 2.2580117077907045E-05
"p629": 3.7633528463178407E-06
