"p567": 0
"p568": 0.006433451690780348
"p569": 0.001979523597163184
"p570": 0.0002615530228190899
"p571": 9.408382115794602E-06
"p572": 0.009400855410101968
"p573": 0.002952350307936346
"p574": 0.0004873541935981603
"p575": 4.1396881309496255E-05
"p576": 0.018318119979452086
"p577": 0.008930436304312235
"p578": 0.0027020873436562095
"p579": 0.0004817091643286836
"p580": 0.0002897781691664737
"p581": 6.021364554108546E-05
"p582": 5.645029269476761E-06
"p583": 0
"p584": 0.02241829290551538
"p585": 0.010313468475334044
"p586": 0.0027754727241594075
"p587": 0.0003292933740528111
"p588": 0.01910842407717884
"p589": 0.00777508698049266
"p590": 0.0017047988393819819
"p591": 0.00014300740816007793
"p592": 0.0011816927937438016
"p593": 0.000212629435816958
"p594": 1.1290058538953523E-05
"p595": 0
"p596": 0.00020322105370116337
"p597": 3.387017561686056E-05
"p598": 0
"p599": 0
"p600": 5.645029269476761E-05
"p601": 3.7633528463178407E-06
"p602": 0
"p603": 0
"p604": 0.00014300740816007793
"p605": 4.139688130949625E-05
"p606": 0
"p607": 0
"p608": 0.019494167743926417
"p609": 0.00798583473988646
"p610": 0.0020510273012432235
"p611": 0.00023520955289486507
"p612": 2.4461793501065963E-05
"p613": 1.8816764231589204E-06
"p614": 0
"p615": 0
"p616": 0.01617677220989724
"p617": 0.006542588923323567
"p618": 0.001522276226335567
"p619": 0.00013548070246744226
"p620": 0.012520674919699458
"p621": 0.004081356161831699
"p622": 0.0007169187172235485
"p623": 5.645029269476761E-05
"p624": 0.02863158845478613
"p625": 0.010174224420020285
"p626": 0.0019945770085484558
"p627": 0.0001674692016611439
"p628": 7.903040977267466E-05
"p629": 1.5053411385271363E-05
