"p567": 8.655711546531033E-05
"p568": 0.0005795563383329475
"p569": 0.00019757602443168663
"p570": 4.8923587002131926E-05
"p571": 3.7633528463178407E-06
"p572": 0.0029636403664753
"p573": 0.0009069680359625997
"p574": 0.00011854561465901199
"p575": 9.408382115794602E-06
"p576": 0.009048981918971247
"p577": 0.004103936278909606
"p578": 0.0009671816815036851
"p579": 8.279376261899248E-05
"p580": 0.016088333418008773
"p581": 0.0073761715787829685
"p582": 0.0019814052735863436
"p583": 0.00025402631712645424
"p584": 0.004416294565153986
"p585": 0.0018327528361567885
"p586": 0.00035751852040019486
"p587": 1.1290058538953523E-05
"p588": 0.006134265139498081
"p589": 0.0024123091744897357
"p590": 0.0004459573122886641
"p591": 1.8816764231589207E-05
"p592": 7.150370408003898E-05
"p593": 5.645029269476761E-06
"p594": 0
"p595": 0
"p596": 0.000970945034350003
"p597": 0.0001749959073537796
"p598": 5.645029269476761E-06
"p599": 0
"p600": 0
"p601": 0
"p602": 0
"p603": 0
"p604": 6.39769983874033E-05
"p605": 2.2580117077907045E-05
"p606": 0
"p607": 0
"p608": 0.005840723617485288
"p609": 0.0022429582964054334
"p610": 0.0003989154017096912
"p611": 2.4461793501065966E-05
"p612": 0.014460683311976306
"p613": 0.005121923223838583
"p614": 0.0009126130652320764
"p615": 5.268693984844977E-05
"p616": 0.0017236156036135712
"p617": 0.0006190715432192848
"p618": 8.843879188846926E-05
"p619": 1.8816764231589204E-06
"p620": 0.0020340922134347923
"p621": 0.0006303616017582384
"p622": 8.279376261899251E-05
"p623": 1.8816764231589204E-06
"p624": 0.010561849763191022
"p625": 0.0036090553796188094
"p626": 0.0006905752472993237
"p627": 7.526705692635681E-05
"p628": 0.025438383564685453
"p629": 0.009111077240935496
