"p567": 0
"p568": 0.02801063523514369
"p569": 0.009700041961384237
"p570": 0.0019023748638136687
"p571": 0.00017311423093062064
"p572": 0.006237757342771822
"p573": 0.0021977980622496186
"p574": 0.00046289240009709436
"p575": 5.4568616271608685E-05
"p576": 5.645029269476761E-06
"p577": 0
"p578": 0
"p579": 0
"p580": 0
"p581": 0
"p582": 0
"p583": 0
"p584": 0.00012230896750532982
"p585": 3.7633528463178407E-06
"p586": 0
"p587": 0
"p588": 3.198849919370165E-05
"p589": 3.7633528463178407E-06
"p590": 0
"p591": 0
"p592": 0
"p593": 0
"p594": 0
"p595": 0
"p596": 0
"p597": 0
"p598": 0
"p599": 0
"p600": 1.6935087808430286E-05
"p601": 0
"p602": 0
"p603": 0
"p604": 0
"p605": 0
"p606": 0
"p607": 0
"p608": 2.0698440654748128E-05
"p609": 0
"p610": 0
"p611": 0
"p612": 0
"p613": 0
"p614": 0
"p615": 0
"p616": 0.001390558876714442
"p617": 0.00023332787647170614
"p618": 1.1290058538953523E-05
"p619": 0
"p620": 8.091208619583358E-05
"p621": 5.645029269476761E-06
"p622": 0
"p623": 0
"p624": 0
"p625": 0
"p626": 0
"p627": 0
"p628": 0
"p629": 0
