"p567": 0.0006115448375266493
"p568": 0.012086007665949744
"p569": 0.004922465522983737
"p570": 0.0010876089725858561
"p571": 4.1396881309496235E-05
"p572": 0.010689803759965831
"p573": 0.004256352069185478
"p574": 0.000805357509112018
"p575": 4.704191057897301E-05
"p576": 6.774035123372113E-05
"p577": 9.408382115794602E-06
"p578": 0
"p579": 0
"p580": 8.279376261899251E-05
"p581": 1.5053411385271363E-05
"p582": 0
"p583": 0
"p584": 7.5267056926356815E-06
"p585": 0
"p586": 0
"p587": 0
"p588": 7.5267056926356815E-06
"p589": 0
"p590": 0
"p591": 0
"p592": 7.903040977267466E-05
"p593": 3.7633528463178407E-06
"p594": 0
"p595": 0
"p596": 8.655711546531035E-05
"p597": 3.7633528463178407E-06
"p598": 0
"p599": 0
"p600": 9.408382115794602E-06
"p601": 3.7633528463178407E-06
"p602": 0
"p603": 0
"p604": 9.408382115794602E-06
"p605": 3.7633528463178407E-06
"p606": 0
"p607": 0
"p608": 0.0003594001968233538
"p609": 6.021364554108546E-05
"p610": 5.645029269476761E-06
"p611": 0
"p612": 0.0002615530228190899
"p613": 5.456861627160869E-05
"p614": 5.645029269476761E-06
"p615": 0
"p616": 0.00019945770085484554
"p617": 1.6935087808430286E-05
"p618": 0
"p619": 0
"p620": 4.8923587002131926E-05
"p621": 0
"p622": 0
"p623": 0
"p624": 0.0006962202765688005
"p625": 0.00011666393823585305
"p626": 5.645029269476761E-06
"p627": 0
"p628": 0.0004290222244802338
"p629": 6.962202765688005E-05
