"p567": 0
"p568": 0.00042714054805707494
"p569": 0.00010349220327374062
"p570": 9.408382115794602E-06
"p571": 0
"p572": 0.00022956452362538825
"p573": 4.327855773265517E-05
"p574": 1.8816764231589204E-06
"p575": 0
"p576": 0.0012776582913249068
"p577": 0.0003838619903244198
"p578": 6.774035123372113E-05
"p579": 1.1290058538953523E-05
"p580": 5.645029269476761E-06
"p581": 0
"p582": 0
"p583": 0
"p584": 0.0016370584881482606
"p585": 0.0004177321659412803
"p586": 5.833196911792653E-05
"p587": 1.1290058538953523E-05
"p588": 0.0006585867481056221
"p589": 0.0001561791431221904
"p590": 1.3171734962112442E-05
"p591": 0
"p592": 7.903040977267465E-05
"p593": 3.7633528463178407E-06
"p594": 0
"p595": 0
"p596": 3.7633528463178407E-06
"p597": 0
"p598": 0
"p599": 0
"p600": 5.645029269476761E-06
"p601": 0
"p602": 0
"p603": 0
"p604": 3.7633528463178407E-06
"p605": 3.7633528463178407E-06
"p606": 0
"p607": 0
"p608": 0.000545686162716087
"p609": 0.00013736237889060116
"p610": 1.317173496211244E-05
"p611": 0
"p612": 0
"p613": 0
"p614": 0
"p615": 0
"p616": 0.000496762575713955
"p617": 0.00010725555612005844
"p618": 1.317173496211244E-05
"p619": 0
"p620": 7.714873334951573E-05
"p621": 5.645029269476761E-06
"p622": 0
"p623": 0
"p624": 0.0021977980622496186
"p625": 0.0005343961041771334
"p626": 3.387017561686057E-05
"p627": 0
"p628": 0
"p629": 0
