"p567": 0
"p568": 0.0069527943835722104
"p569": 0.002054790654089541
"p570": 0.00035375516755387695
"p571": 4.139688130949624E-05
"p572": 0.0025590799354961316
"p573": 0.00066235010095194
"p574": 6.209532196424438E-05
"p575": 0
"p576": 7.526705692635681E-05
"p577": 1.5053411385271363E-05
"p578": 0
"p579": 0
"p580": 0
"p581": 0
"p582": 0
"p583": 0
"p584": 3.575185204001949E-05
"p585": 3.7633528463178407E-06
"p586": 0
"p587": 0
"p588": 1.1290058538953523E-05
"p589": 0
"p590": 0
"p591": 0
"p592": 0.00012419064392848875
"p593": 1.5053411385271363E-05
"p594": 0
"p595": 0
"p596": 0
"p597": 0
"p598": 0
"p599": 0
"p600": 9.220214473478711E-05
"p601": 9.408382115794602E-06
"p602": 0
"p603": 0
"p604": 3.387017561686057E-05
"p605": 5.645029269476761E-06
"p606": 0
"p607": 0
"p608": 0.00028789649274331484
"p609": 7.714873334951573E-05
"p610": 5.645029269476761E-06
"p611": 0
"p612": 0
"p613": 0
"p614": 0
"p615": 0
"p616": 0.00043278557732655173
"p617": 6.585867481056221E-05
"p618": 5.645029269476761E-06
"p619": 0
"p620": 6.774035123372114E-05
"p621": 0
"p622": 0
"p623": 0
"p624": 0.000517461016368703
"p625": 0.00011478226181269414
"p626": 5.645029269476761E-06
"p627": 0
"p628": 0
"p629": 0
