"p567": 0
"p568": 0.005835078588215812
"p569": 0.0020679623890516533
"p570": 0.00028225146347383805
"p571": 1.8816764231589203E-05
"p572": 0.0032270750657175493
"p573": 0.0008655711546531033
"p574": 8.27937626189925E-05
"p575": 1.8816764231589204E-06
"p576": 0.0008486360668446729
"p577": 0.00022768284720222934
"p578": 2.0698440654748124E-05
"p579": 0
"p580": 0
"p581": 0
"p582": 0
"p583": 0
"p584": 0.00027096140493488457
"p585": 3.010682277054273E-05
"p586": 0
"p587": 0
"p588": 0.00033493840332228785
"p589": 6.774035123372114E-05
"p590": 5.645029269476761E-06
"p591": 0
"p592": 0.0008825062424615336
"p593": 0.00018064093662325633
"p594": 2.2580117077907045E-05
"p595": 0
"p596": 1.1290058538953521E-05
"p597": 0
"p598": 0
"p599": 0
"p600": 0.0005024076049834318
"p601": 8.279376261899248E-05
"p602": 0
"p603": 0
"p604": 0.0005118159870992264
"p605": 0.0001430074081600779
"p606": 1.1290058538953523E-05
"p607": 0
"p608": 0.0035507234105008824
"p609": 0.001160994353089054
"p610": 0.0001862859658927331
"p611": 7.5267056926356815E-06
"p612": 0
"p613": 0
"p614": 0
"p615": 0
"p616": 0.004502851680619297
"p617": 0.0010951356782784914
"p618": 0.00013736237889060116
"p619": 7.5267056926356815E-06
"p620": 0.0015900165775692874
"p621": 0.00029918655128226827
"p622": 2.258011707790704E-05
"p623": 0
"p624": 0.005278102366960772
"p625": 0.0017932376312704509
"p626": 0.0003575185204001948
"p627": 4.139688130949624E-05
"p628": 2.069844065474812E-05
"p629": 0
