"p567": 0.00020510273012432236
"p568": 0.0022862368541380885
"p569": 0.0007300904521856612
"p570": 0.00011854561465901199
"p571": 1.8816764231589204E-06
"p572": 0.007361118167397699
"p573": 0.002626820286729853
"p574": 0.00044595731228866414
"p575": 2.8225146347383808E-05
"p576": 0.0013943222295607603
"p577": 0.00043278557732655173
"p578": 5.080526342529085E-05
"p579": 0
"p580": 0.005279984043383931
"p581": 0.0018383978654262652
"p582": 0.00029730487485910944
"p583": 1.6935087808430282E-05
"p584": 0.00015241579027587256
"p585": 3.575185204001949E-05
"p586": 5.645029269476761E-06
"p587": 0
"p588": 0.0004403122830191874
"p589": 0.00014112573173691902
"p590": 1.1290058538953523E-05
"p591": 0
"p592": 0.0019757602443168667
"p593": 0.0005663846033708352
"p594": 8.655711546531033E-05
"p595": 1.1290058538953523E-05
"p596": 0.006145555198037035
"p597": 0.0019738785678937074
"p598": 0.00033305672689912887
"p599": 4.139688130949625E-05
"p600": 0.0003706902553623073
"p601": 0.00010725555612005845
"p602": 2.6343469924224884E-05
"p603": 5.645029269476761E-06
"p604": 0.0015693181369145397
"p605": 0.0005456861627160869
"p606": 0.0001110189089663763
"p607": 7.5267056926356815E-06
"p608": 0.007487190487749345
"p609": 0.002811224576199427
"p610": 0.0005795563383329474
"p611": 7.150370408003898E-05
"p612": 0.018419730506302683
"p613": 0.006794733564026862
"p614": 0.0013867955238681246
"p615": 0.0001749959073537796
"p616": 0.0021018325646685134
"p617": 0.0006811668651835292
"p618": 0.0001298356731979655
"p619": 1.8816764231589204E-06
"p620": 0.002869556545317353
"p621": 0.0008034758326888592
"p622": 0.00011290058538953523
"p623": 5.645029269476761E-06
"p624": 0.014430576489205761
"p625": 0.006207650520001279
"p626": 0.0013548070246744229
"p627": 0.00011666393823585307
"p628": 0.02994499859815106
"p629": 0.012562071801008956
