"p567": 0
"p568": 0.036007760033569106
"p569": 0.014556648809557414
"p570": 0.003428414442995554
"p571": 0.00041208713667180365
"p572": 0.01747324726545374
"p573": 0.007060049939692269
"p574": 0.0018007643369630866
"p575": 0.0002615530228190899
"p576": 0.0002784881106275202
"p577": 5.456861627160869E-05
"p578": 0
"p579": 0
"p580": 0
"p581": 0
"p582": 0
"p583": 0
"p584": 0.009035810184009136
"p585": 0.0032722352998733628
"p586": 0.0006284799253350793
"p587": 3.575185204001949E-05
"p588": 0.001650230223110373
"p589": 0.000494880899290796
"p590": 6.774035123372113E-05
"p591": 0
"p592": 0.0023746756460265575
"p593": 0.0005419228098697691
"p594": 6.39769983874033E-05
"p595": 3.76335284631784E-06
"p596": 0
"p597": 0
"p598": 0
"p599": 0
"p600": 0.009833640987428519
"p601": 0.003035144070555338
"p602": 0.0005927280732950598
"p603": 8.279376261899248E-05
"p604": 0.0020961875353990374
"p605": 0.0005964914261413778
"p606": 0.00010537387969689955
"p607": 2.2580117077907045E-05
"p608": 0.001695390457266187
"p609": 0.0005042892814065907
"p610": 8.091208619583358E-05
"p611": 1.1290058538953523E-05
"p612": 5.080526342529084E-05
"p613": 0
"p614": 0
"p615": 0
"p616": 0.04111651152244559
"p617": 0.01594344433342554
"p618": 0.0036542156137746255
"p619": 0.0003989154017096913
"p620": 0.014407996372127859
"p621": 0.004749351292053117
"p622": 0.0009088497123857584
"p623": 9.596549758110493E-05
"p624": 0.002950468631513187
"p625": 0.0011515859709732594
"p626": 0.0002464996114338186
"p627": 4.139688130949624E-05
"p628": 0.0003594001968233538
"p629": 8.655711546531033E-05
