"p567": 0
"p568": 0.052848764020841446
"p569": 0.02294704398042304
"p570": 0.006030772936224341
"p571": 0.0008712161839225806
"p572": 0.015121151736505085
"p573": 0.006013837848415908
"p574": 0.0013416352897123104
"p575": 0.0001223089675053298
"p576": 0
"p577": 0
"p578": 0
"p579": 0
"p580": 0
"p581": 0
"p582": 0
"p583": 0
"p584": 0.0001129005853895352
"p585": 1.6935087808430282E-05
"p586": 0
"p587": 0
"p588": 3.575185204001949E-05
"p589": 7.5267056926356815E-06
"p590": 0
"p591": 0
"p592": 5.645029269476761E-06
"p593": 0
"p594": 0
"p595": 0
"p596": 0
"p597": 0
"p598": 0
"p599": 0
"p600": 0.0001392440553137601
"p601": 3.7633528463178407E-06
"p602": 0
"p603": 0
"p604": 3.198849919370165E-05
"p605": 3.7633528463178407E-06
"p606": 0
"p607": 0
"p608": 5.645029269476761E-06
"p609": 0
"p610": 0
"p611": 0
"p612": 0
"p613": 0
"p614": 0
"p615": 0
"p616": 0.0007188003936467076
"p617": 0.00012042729108217092
"p618": 1.1290058538953523E-05
"p619": 0
"p620": 9.408382115794602E-06
"p621": 0
"p622": 0
"p623": 0
"p624": 1.5053411385271363E-05
"p625": 0
"p626": 0
"p627": 0
"p628": 0
"p629": 0
