"p567": 9.408382115794602E-06
"p568": 0.004271405480570749
"p569": 0.0011704027352048485
"p570": 0.00014865243742955475
"p571": 5.645029269476761E-06
"p572": 0.012347560688768836
"p573": 0.004280813862686544
"p574": 0.000709392011530913
"p575": 4.139688130949625E-05
"p576": 0.0012437881157080467
"p577": 0.0004045604309791678
"p578": 6.585867481056221E-05
"p579": 0
"p580": 0.0016144783710703538
"p581": 0.00047982748790552474
"p582": 7.526705692635681E-05
"p583": 1.1290058538953523E-05
"p584": 0.017055515099512458
"p585": 0.006734519918485777
"p586": 0.0015467380198366327
"p587": 0.00019193099516220987
"p588": 0.023257520590244257
"p589": 0.009511874319068345
"p590": 0.0022730651191759763
"p591": 0.0002822514634738381
"p592": 0.0033456206803765603
"p593": 0.0014959327564113417
"p594": 0.000353755167553877
"p595": 1.6935087808430282E-05
"p596": 0.0035206165877303395
"p597": 0.0011986278815522323
"p598": 0.00023520955289486504
"p599": 4.139688130949624E-05
"p600": 0.029596888459866667
"p601": 0.013119048022263997
"p602": 0.003281643681989158
"p603": 0.0003612818732465127
"p604": 0.032953799198782184
"p605": 0.015527593843907415
"p606": 0.004346672537497108
"p607": 0.0006868118944530062
"p608": 0.0001825226130464153
"p609": 5.2686939848449775E-05
"p610": 5.645029269476761E-06
"p611": 0
"p612": 0.0002860148163201559
"p613": 0.0001091372325432174
"p614": 3.0106822770542726E-05
"p615": 5.645029269476761E-06
"p616": 0.008160830647240238
"p617": 0.0026512820802309187
"p618": 0.0004478389887118231
"p619": 1.8816764231589203E-05
"p620": 0.014372244520087837
"p621": 0.005234823809228118
"p622": 0.0010819639433163797
"p623": 4.139688130949625E-05
"p624": 0.0006585867481056222
"p625": 0.0001674692016611439
"p626": 1.1290058538953523E-05
"p627": 0
"p628": 0.002389729057411829
"p629": 0.0007865407448804287
