"p567": 0
"p568": 0.01074060902339112
"p569": 0.003368200797454467
"p570": 0.000568266279793994
"p571": 4.327855773265517E-05
"p572": 0.007325366315357679
"p573": 0.002431125938721325
"p574": 0.0004610107236739354
"p575": 4.8923587002131926E-05
"p576": 6.962202765688006E-05
"p577": 3.7633528463178407E-06
"p578": 0
"p579": 0
"p580": 0
"p581": 0
"p582": 0
"p583": 0
"p584": 5.645029269476761E-05
"p585": 3.7633528463178407E-06
"p586": 0
"p587": 0
"p588": 4.139688130949625E-05
"p589": 7.5267056926356815E-06
"p590": 0
"p591": 0
"p592": 1.6935087808430286E-05
"p593": 0
"p594": 0
"p595": 0
"p596": 0
"p597": 0
"p598": 0
"p599": 0
"p600": 0
"p601": 0
"p602": 0
"p603": 0
"p604": 0
"p605": 0
"p606": 0
"p607": 0
"p608": 0.0003142399626675397
"p609": 6.209532196424438E-05
"p610": 5.645029269476761E-06
"p611": 0
"p612": 0
"p613": 0
"p614": 0
"p615": 0
"p616": 0.0011064257368174452
"p617": 0.00017123255450746173
"p618": 5.645029269476761E-06
"p619": 0
"p620": 7.903040977267466E-05
"p621": 5.645029269476761E-06
"p622": 0
"p623": 0
"p624": 0.0004327855773265517
"p625": 6.774035123372113E-05
"p626": 5.645029269476761E-06
"p627": 0
"p628": 0
"p629": 0
