"p567": 0
"p568": 0.00517461016368703
"p569": 0.00139432222956076
"p570": 0.00019193099516220987
"p571": 7.5267056926356815E-06
"p572": 0.005142621664493329
"p573": 0.0016728103401882802
"p574": 0.0002973048748591094
"p575": 7.5267056926356815E-06
"p576": 0
"p577": 0
"p578": 0
"p579": 0
"p580": 1.1290058538953523E-05
"p581": 0
"p582": 0
"p583": 0
"p584": 8.091208619583359E-05
"p585": 3.7633528463178407E-06
"p586": 0
"p587": 0
"p588": 0.00010913723254321737
"p589": 1.5053411385271363E-05
"p590": 0
"p591": 0
"p592": 0
"p593": 0
"p594": 0
"p595": 0
"p596": 0
"p597": 0
"p598": 0
"p599": 0
"p600": 0
"p601": 0
"p602": 0
"p603": 0
"p604": 1.5053411385271363E-05
"p605": 0
"p606": 0
"p607": 0
"p608": 7.338538050319788E-05
"p609": 5.645029269476761E-06
"p610": 0
"p611": 0
"p612": 3.951520488633733E-05
"p613": 0
"p614": 0
"p615": 0
"p616": 0.0008749795367688981
"p617": 0.000165587525237985
"p618": 1.6935087808430286E-05
"p619": 0
"p620": 0.0004835908407518425
"p621": 9.22021447347871E-05
"p622": 5.645029269476761E-06
"p623": 0
"p624": 0
"p625": 0
"p626": 0
"p627": 0
"p628": 0
"p629": 0
