"p567": 0
"p568": 0.008591734548143631
"p569": 0.0027604193127741365
"p570": 0.0004233771952107571
"p571": 2.8225146347383808E-05
"p572": 0.0016257684296093066
"p573": 0.0004986442521371139
"p574": 7.150370408003898E-05
"p575": 5.645029269476761E-06
"p576": 0.0010725555612005847
"p577": 0.00027660643420436126
"p578": 3.0106822770542726E-05
"p579": 0
"p580": 2.8225146347383808E-05
"p581": 0
"p582": 0
"p583": 0
"p584": 0.01759931958580539
"p585": 0.006871882297376378
"p586": 0.0015580280783755866
"p587": 0.00021262943581695806
"p588": 0.005225415427112323
"p589": 0.0017763025434620208
"p590": 0.00034811013828440026
"p591": 2.6343469924224887E-05
"p592": 0.0028657931924710367
"p593": 0.0009822350928889566
"p594": 0.00017311423093062066
"p595": 7.5267056926356815E-06
"p596": 0.00027848811062752024
"p597": 7.714873334951573E-05
"p598": 5.645029269476761E-06
"p599": 0
"p600": 0.029596888459866674
"p601": 0.013119048022263997
"p602": 0.003281643681989158
"p603": 0.0003612818732465127
"p604": 0.010307823446064568
"p605": 0.004198020100067552
"p606": 0.0008730978603457393
"p607": 4.327855773265517E-05
"p608": 0.00019945770085484557
"p609": 4.516023415581409E-05
"p610": 1.1290058538953523E-05
"p611": 0
"p612": 0
"p613": 0
"p614": 0
"p615": 0
"p616": 0.00917129088647658
"p617": 0.00292977019085844
"p618": 0.0004120871366718036
"p619": 2.0698440654748134E-05
"p620": 0.001921191628045258
"p621": 0.0005814380147561064
"p622": 6.209532196424438E-05
"p623": 5.645029269476761E-06
"p624": 0.0016163600474935124
"p625": 0.0005513311919855636
"p626": 0.00011478226181269414
"p627": 1.3171734962112444E-05
"p628": 0
"p629": 0
