"p567": 0
"p568": 0.0022373132671359556
"p569": 0.0005381594570234513
"p570": 8.467543904215141E-05
"p571": 5.645029269476761E-06
"p572": 0.00303326239413218
"p573": 0.001016105268505817
"p574": 0.00013171734962112442
"p575": 5.645029269476761E-06
"p576": 3.198849919370164E-05
"p577": 0
"p578": 0
"p579": 0
"p580": 0.00019757602443168663
"p581": 2.2580117077907045E-05
"p582": 0
"p583": 0
"p584": 0.0006529417188361454
"p585": 0.00012042729108217092
"p586": 1.1290058538953523E-05
"p587": 0
"p588": 0.0007188003936467076
"p589": 0.0001693508780843028
"p590": 2.2580117077907045E-05
"p591": 0
"p592": 0
"p593": 0
"p594": 0
"p595": 0
"p596": 0
"p597": 0
"p598": 0
"p599": 0
"p600": 1.3171734962112444E-05
"p601": 0
"p602": 0
"p603": 0
"p604": 0.00019004931873905094
"p605": 1.8816764231589203E-05
"p606": 0
"p607": 0
"p608": 0.0010198686213521348
"p609": 0.00022580117077907038
"p610": 2.82251463473838E-05
"p611": 0
"p612": 0.0005249877220613388
"p613": 4.7041910578972995E-05
"p614": 0
"p615": 0
"p616": 0.008102498678122311
"p617": 0.0022956452362538826
"p618": 0.0003688085789391483
"p619": 4.139688130949624E-05
"p620": 0.005537773713356703
"p621": 0.0016878637515735514
"p622": 0.0002916598455896326
"p623": 4.139688130949624E-05
"p624": 0.00010161052685058169
"p625": 2.258011707790704E-05
"p626": 0
"p627": 0
"p628": 9.596549758110492E-05
"p629": 2.258011707790704E-05
