"p567": 0
"p568": 0.000660468424528781
"p569": 0.00016935087808430283
"p570": 1.8816764231589204E-06
"p571": 0
"p572": 0.0005588578976781993
"p573": 0.00012230896750532982
"p574": 1.8816764231589204E-06
"p575": 0
"p576": 0.00013359902604428333
"p577": 1.8816764231589203E-05
"p578": 0
"p579": 0
"p580": 0.0003857436667475786
"p581": 6.774035123372114E-05
"p582": 0
"p583": 0
"p584": 9.408382115794602E-06
"p585": 0
"p586": 0
"p587": 0
"p588": 1.8816764231589203E-05
"p589": 0
"p590": 0
"p591": 0
"p592": 0.0002747247577812024
"p593": 4.516023415581409E-05
"p594": 0
"p595": 0
"p596": 0.0004929992228676371
"p597": 0.00010913723254321737
"p598": 1.1290058538953523E-05
"p599": 0
"p600": 3.9515204886337324E-05
"p601": 9.408382115794602E-06
"p602": 0
"p603": 0
"p604": 0.00015429746669903143
"p605": 3.575185204001949E-05
"p606": 0
"p607": 0
"p608": 0.0009558916229647316
"p609": 0.0002145111122401169
"p610": 1.8816764231589203E-05
"p611": 0
"p612": 0.0011647577059353716
"p613": 0.0002878964927433148
"p614": 3.0106822770542726E-05
"p615": 0
"p616": 0.0002483812878569775
"p617": 2.6343469924224887E-05
"p618": 0
"p619": 0
"p620": 8.843879188846926E-05
"p621": 1.5053411385271363E-05
"p622": 0
"p623": 0
"p624": 0.0020265655077421566
"p625": 0.0005701479562171528
"p626": 8.655711546531033E-05
"p627": 1.1290058538953523E-05
"p628": 0.0024405343208371193
"p629": 0.0006999836294151185
