"p567": 0
"p568": 0.01619370729770567
"p569": 0.005917872350834805
"p570": 0.0011346508831648289
"p571": 8.655711546531033E-05
"p572": 0.022196255087582627
"p573": 0.008642539811568923
"p574": 0.0019983403613947734
"p575": 0.00025214464070329537
"p576": 0.006802260269719498
"p577": 0.002581660052574039
"p578": 0.0005362777806002922
"p579": 3.575185204001949E-05
"p580": 0
"p581": 0
"p582": 0
"p583": 0
"p584": 0.0022655384134833397
"p585": 0.0007150370408003897
"p586": 9.784717400426387E-05
"p587": 0
"p588": 0.002148874475247487
"p589": 0.0006454150131435097
"p590": 8.467543904215141E-05
"p591": 0
"p592": 0.006943386001456415
"p593": 0.002199679738672778
"p594": 0.0004177321659412803
"p595": 6.021364554108545E-05
"p596": 0.0003274116976296521
"p597": 5.080526342529086E-05
"p598": 0
"p599": 0
"p600": 0.003080304304711152
"p601": 0.0009747083871963208
"p602": 0.00022015614150959367
"p603": 3.3870175616860565E-05
"p604": 0.004209310158606505
"p605": 0.0014432458165628916
"p606": 0.00030106822770542725
"p607": 3.7633528463178407E-05
"p608": 0.022657265811256568
"p609": 0.009225859502748188
"p610": 0.0022693017663296578
"p611": 0.0002559079935496132
"p612": 4.3278557732655166E-05
"p613": 5.645029269476761E-06
"p614": 0
"p615": 0
"p616": 0.019426427392692694
"p617": 0.007172950525081806
"p618": 0.0015260395791818846
"p619": 0.00014865243742955472
"p620": 0.01660203108153116
"p621": 0.005372186188118719
"p622": 0.001014223592082658
"p623": 0.0001016105268505817
"p624": 0.033584160800540414
"p625": 0.014562293838826887
"p626": 0.003951520488633733
"p627": 0.0006190715432192849
"p628": 0.0002897781691664737
"p629": 6.021364554108546E-05
