"p567": 0
"p568": 0.005682662797939939
"p569": 0.0015975432832619233
"p570": 0.0002069844065474812
"p571": 0
"p572": 0.00040267875455600894
"p573": 5.8331969117926534E-05
"p574": 0
"p575": 0
"p576": 5.645029269476761E-06
"p577": 0
"p578": 0
"p579": 0
"p580": 0
"p581": 0
"p582": 0
"p583": 0
"p584": 0.000566384603370835
"p585": 0.00012607232035164768
"p586": 1.1290058538953523E-05
"p587": 0
"p588": 5.645029269476761E-06
"p589": 0
"p590": 0
"p591": 0
"p592": 3.387017561686057E-05
"p593": 0
"p594": 0
"p595": 0
"p596": 0
"p597": 0
"p598": 0
"p599": 0
"p600": 0.0011835744701669609
"p601": 0.0002577896699727721
"p602": 2.2580117077907045E-05
"p603": 0
"p604": 0.00010161052685058169
"p605": 5.645029269476761E-06
"p606": 0
"p607": 0
"p608": 0
"p609": 0
"p610": 0
"p611": 0
"p612": 0
"p613": 0
"p614": 0
"p615": 0
"p616": 0.00011666393823585305
"p617": 2.8225146347383805E-05
"p618": 0
"p619": 0
"p620": 0
"p621": 0
"p622": 0
"p623": 0
"p624": 2.2580117077907045E-05
"p625": 3.7633528463178407E-06
"p626": 0
"p627": 0
"p628": 0
"p629": 0
