"p567": 7.5267056926356815E-06
"p568": 0.0016013066361082412
"p569": 0.000306713256974904
"p570": 1.8816764231589203E-05
"p571": 0
"p572": 0.0008053575091120179
"p573": 0.0001392440553137601
"p574": 1.1290058538953521E-05
"p575": 0
"p576": 0.000423377195210757
"p577": 9.408382115794603E-05
"p578": 1.1290058538953523E-05
"p579": 0
"p580": 0.00027284308135804345
"p581": 6.39769983874033E-05
"p582": 5.645029269476761E-06
"p583": 0
"p584": 0.00034434678543808245
"p585": 2.8225146347383805E-05
"p586": 0
"p587": 0
"p588": 0.00011854561465901199
"p589": 5.645029269476761E-06
"p590": 0
"p591": 0
"p592": 0
"p593": 0
"p594": 0
"p595": 0
"p596": 1.6935087808430286E-05
"p597": 0
"p598": 0
"p599": 0
"p600": 0
"p601": 0
"p602": 0
"p603": 0
"p604": 5.645029269476761E-06
"p605": 0
"p606": 0
"p607": 0
"p608": 0.00020133937727800447
"p609": 4.892358700213193E-05
"p610": 5.645029269476761E-06
"p611": 0
"p612": 0.00012419064392848875
"p613": 2.8225146347383808E-05
"p614": 0
"p615": 0
"p616": 0.00013548070246744226
"p617": 7.5267056926356815E-06
"p618": 0
"p619": 0
"p620": 2.8225146347383805E-05
"p621": 1.8816764231589204E-06
"p622": 0
"p623": 0
"p624": 0.0004666557529434122
"p625": 8.843879188846925E-05
"p626": 5.645029269476761E-06
"p627": 0
"p628": 0.0005343961041771334
"p629": 0.0001279539967748066
