"p567": 0
"p568": 0.007349828108858745
"p569": 0.002687033932270938
"p570": 0.000545686162716087
"p571": 5.080526342529084E-05
"p572": 0.011075547426713406
"p573": 0.004141569807372783
"p574": 0.0008618078018067855
"p575": 8.655711546531033E-05
"p576": 0.0044162945651539855
"p577": 0.0015185128734892489
"p578": 0.0002634346992422489
"p579": 1.6935087808430282E-05
"p580": 0
"p581": 0
"p582": 0
"p583": 0
"p584": 0.0013660970832133758
"p585": 0.0004610107236739355
"p586": 5.080526342529086E-05
"p587": 0
"p588": 0.0014187840230618256
"p589": 0.00043090390090339274
"p590": 4.516023415581409E-05
"p591": 0
"p592": 0.005097461430337516
"p593": 0.0016050699889545589
"p594": 0.0002577896699727721
"p595": 3.0106822770542726E-05
"p596": 0.0002878964927433148
"p597": 3.3870175616860565E-05
"p598": 0
"p599": 0
"p600": 0.001870386364619967
"p601": 0.0006171898667961258
"p602": 0.00012419064392848875
"p603": 1.6935087808430282E-05
"p604": 0.002767946018466772
"p605": 0.0009107313888089175
"p606": 0.0001749959073537796
"p607": 1.8816764231589203E-05
"p608": 0.01455853048598057
"p609": 0.0053759495409650354
"p610": 0.0011177157953563986
"p611": 0.00013924405531376012
"p612": 4.327855773265517E-05
"p613": 5.645029269476761E-06
"p614": 0
"p615": 0
"p616": 0.008495769050562525
"p617": 0.0030332623941321797
"p618": 0.0006265982489119204
"p619": 7.714873334951573E-05
"p620": 0.007566220897522017
"p621": 0.0023370421175633784
"p622": 0.00040644210740232675
"p623": 3.198849919370165E-05
"p624": 0.023825786870038255
"p625": 0.00988256457443065
"p626": 0.002357740558218127
"p627": 0.00027096140493488446
"p628": 0.00024461793501065964
"p629": 5.2686939848449775E-05
