"p567": 0.00016935087808430286
"p568": 0.0011704027352048482
"p569": 0.00036880857893914834
"p570": 8.655711546531033E-05
"p571": 1.8816764231589204E-06
"p572": 0.0015994249596850817
"p573": 0.0005852013676024243
"p574": 8.091208619583358E-05
"p575": 5.645029269476761E-06
"p576": 5.645029269476761E-06
"p577": 0
"p578": 0
"p579": 0
"p580": 5.645029269476761E-06
"p581": 0
"p582": 0
"p583": 0
"p584": 0
"p585": 0
"p586": 0
"p587": 0
"p588": 0
"p589": 0
"p590": 0
"p591": 0
"p592": 0
"p593": 0
"p594": 0
"p595": 0
"p596": 0
"p597": 0
"p598": 0
"p599": 0
"p600": 0
"p601": 0
"p602": 0
"p603": 0
"p604": 0
"p605": 0
"p606": 0
"p607": 0
"p608": 5.456861627160869E-05
"p609": 5.645029269476761E-06
"p610": 0
"p611": 0
"p612": 4.3278557732655166E-05
"p613": 5.645029269476761E-06
"p614": 0
"p615": 0
"p616": 2.8225146347383805E-05
"p617": 0
"p618": 0
"p619": 0
"p620": 5.645029269476761E-06
"p621": 0
"p622": 0
"p623": 0
"p624": 3.575185204001949E-05
"p625": 5.645029269476761E-06
"p626": 0
"p627": 0
"p628": 5.268693984844976E-05
"p629": 5.645029269476761E-06
