"p567": 0.0002860148163201559
"p568": 0.005044774490489065
"p569": 0.00202280215489584
"p570": 0.00037633528463178407
"p571": 1.1290058538953523E-05
"p572": 0.006220822254963392
"p573": 0.0024725228200308215
"p574": 0.0004403122830191873
"p575": 1.8816764231589207E-05
"p576": 3.7633528463178407E-06
"p577": 0
"p578": 0
"p579": 0
"p580": 9.408382115794602E-06
"p581": 0
"p582": 0
"p583": 0
"p584": 0
"p585": 0
"p586": 0
"p587": 0
"p588": 0
"p589": 0
"p590": 0
"p591": 0
"p592": 5.645029269476761E-06
"p593": 0
"p594": 0
"p595": 0
"p596": 5.645029269476761E-06
"p597": 0
"p598": 0
"p599": 0
"p600": 0
"p601": 0
"p602": 0
"p603": 0
"p604": 0
"p605": 0
"p606": 0
"p607": 0
"p608": 3.198849919370165E-05
"p609": 5.645029269476761E-06
"p610": 0
"p611": 0
"p612": 4.327855773265517E-05
"p613": 5.645029269476761E-06
"p614": 0
"p615": 0
"p616": 5.645029269476761E-06
"p617": 0
"p618": 0
"p619": 0
"p620": 0
"p621": 0
"p622": 0
"p623": 0
"p624": 5.833196911792653E-05
"p625": 5.645029269476761E-06
"p626": 0
"p627": 0
"p628": 4.7041910578973E-05
"p629": 5.645029269476761E-06
