"p567": 0
"p568": 0.0024405343208371193
"p569": 0.0008241742733436072
"p570": 0.00015429746669903146
"p571": 3.010682277054273E-05
"p572": 0.008597379577413106
"p573": 0.003212021654332277
"p574": 0.0007056286586845952
"p575": 8.467543904215141E-05
"p576": 0.0002220378179327526
"p577": 3.9515204886337324E-05
"p578": 0
"p579": 0
"p580": 0.001482761021449229
"p581": 0.00031235828624438073
"p582": 3.198849919370165E-05
"p583": 1.8816764231589204E-06
"p584": 0.002066080712628495
"p585": 0.0005833196911792653
"p586": 9.22021447347871E-05
"p587": 1.1290058538953523E-05
"p588": 0.005374067864541877
"p589": 0.0018346345125799472
"p590": 0.0003217666683601754
"p591": 4.139688130949625E-05
"p592": 0
"p593": 0
"p594": 0
"p595": 0
"p596": 0
"p597": 0
"p598": 0
"p599": 0
"p600": 5.080526342529084E-05
"p601": 0
"p602": 0
"p603": 0
"p604": 0.0007959491269962233
"p605": 0.00015994249596850823
"p606": 1.6935087808430286E-05
"p607": 0
"p608": 0.0017574857792304317
"p609": 0.0006322432781813972
"p610": 9.972885042742277E-05
"p611": 5.645029269476761E-06
"p612": 0.003558250116193518
"p613": 0.0011609943530890541
"p614": 0.0001862859658927331
"p615": 7.5267056926356815E-06
"p616": 0.017941784694820315
"p617": 0.007336656373896634
"p618": 0.0015109861677966134
"p619": 9.784717400426387E-05
"p620": 0.03235542609621765
"p621": 0.01318114334422824
"p622": 0.0030765409518648357
"p623": 0.00031612163909069865
"p624": 0.00022956452362538827
"p625": 4.51602341558141E-05
"p626": 0
"p627": 0
"p628": 0.0007150370408003897
"p629": 0.00016558752523798497
