"p567": 0
"p568": 0.0023012902655233595
"p569": 0.0006096631611034901
"p570": 8.843879188846925E-05
"p571": 5.645029269476761E-06
"p572": 0.0015787265190303338
"p573": 0.000306713256974904
"p574": 2.2580117077907045E-05
"p575": 0
"p576": 0.002551553229803496
"p577": 0.0008523994196909909
"p578": 0.0001749959073537796
"p579": 1.8816764231589203E-05
"p580": 2.069844065474812E-05
"p581": 0
"p582": 0
"p583": 0
"p584": 0.005424873127967167
"p585": 0.00153356628487452
"p586": 0.0002577896699727721
"p587": 1.8816764231589203E-05
"p588": 0.0017405506914220015
"p589": 0.0003800986374781019
"p590": 3.9515204886337324E-05
"p591": 0
"p592": 0.0001335990260442833
"p593": 3.7633528463178407E-06
"p594": 0
"p595": 0
"p596": 3.7633528463178407E-06
"p597": 0
"p598": 0
"p599": 0
"p600": 5.645029269476761E-06
"p601": 0
"p602": 0
"p603": 0
"p604": 9.408382115794602E-06
"p605": 3.7633528463178407E-06
"p606": 0
"p607": 0
"p608": 0.0020604356833590176
"p609": 0.0006190715432192849
"p610": 9.972885042742277E-05
"p611": 2.258011707790704E-05
"p612": 0
"p613": 0
"p614": 0
"p615": 0
"p616": 0.0026550454330772364
"p617": 0.0007263270993393432
"p618": 0.00010537387969689952
"p619": 2.258011707790704E-05
"p620": 0.000985998445735274
"p621": 0.00021451111224011688
"p622": 0
"p623": 0
"p624": 0.005995021084184321
"p625": 0.0019908136557021377
"p626": 0.00032553002120649325
"p627": 7.5267056926356815E-06
"p628": 0
"p629": 0
