"p567": 0
"p568": 0.007750625186991595
"p569": 0.0023784389988728747
"p570": 0.0003932703724402143
"p571": 4.139688130949624E-05
"p572": 0.006322432781813972
"p573": 0.002098069211822196
"p574": 0.0003913886960170554
"p575": 4.139688130949624E-05
"p576": 0
"p577": 0
"p578": 0
"p579": 0
"p580": 0
"p581": 0
"p582": 0
"p583": 0
"p584": 3.575185204001949E-05
"p585": 3.7633528463178407E-06
"p586": 0
"p587": 0
"p588": 7.526705692635681E-05
"p589": 1.5053411385271363E-05
"p590": 0
"p591": 0
"p592": 0
"p593": 0
"p594": 0
"p595": 0
"p596": 1.1290058538953523E-05
"p597": 0
"p598": 0
"p599": 0
"p600": 8.091208619583359E-05
"p601": 3.7633528463178407E-06
"p602": 0
"p603": 0
"p604": 0.00012419064392848875
"p605": 1.5053411385271363E-05
"p606": 0
"p607": 0
"p608": 5.645029269476761E-06
"p609": 0
"p610": 0
"p611": 0
"p612": 5.645029269476761E-06
"p613": 0
"p614": 0
"p615": 0
"p616": 0.00038198031390126086
"p617": 6.585867481056221E-05
"p618": 5.645029269476761E-06
"p619": 0
"p620": 0.0002935415220127916
"p621": 7.714873334951573E-05
"p622": 5.645029269476761E-06
"p623": 0
"p624": 6.774035123372114E-05
"p625": 5.645029269476761E-06
"p626": 0
"p627": 0
"p628": 3.387017561686057E-05
"p629": 0
