"p567": 7.714873334951574E-05
"p568": 0.0015711998133376985
"p569": 0.00041396881309496247
"p570": 5.268693984844977E-05
"p571": 3.76335284631784E-06
"p572": 0.0033268039161449717
"p573": 0.0011101890896637629
"p574": 0.00015241579027587256
"p575": 7.52670569263568E-06
"p576": 0.0002897781691664738
"p577": 5.45686162716087E-05
"p578": 5.645029269476761E-06
"p579": 0
"p580": 0.00019945770085484557
"p581": 4.327855773265517E-05
"p582": 5.645029269476761E-06
"p583": 0
"p584": 0.00018252261304641527
"p585": 1.6935087808430286E-05
"p586": 0
"p587": 0
"p588": 5.2686939848449775E-05
"p589": 0
"p590": 0
"p591": 0
"p592": 0.0005136976635223853
"p593": 0.00010349220327374063
"p594": 5.645029269476761E-06
"p595": 0
"p596": 0.00025402631712645424
"p597": 5.080526342529086E-05
"p598": 5.645029269476761E-06
"p599": 0
"p600": 0.00042149551878759814
"p601": 6.209532196424438E-05
"p602": 0
"p603": 0
"p604": 6.774035123372113E-05
"p605": 5.645029269476761E-06
"p606": 0
"p607": 0
"p608": 0.00010725555612005845
"p609": 1.3171734962112442E-05
"p610": 0
"p611": 0
"p612": 9.972885042742278E-05
"p613": 1.8816764231589203E-05
"p614": 0
"p615": 0
"p616": 2.6343469924224887E-05
"p617": 3.7633528463178407E-06
"p618": 0
"p619": 0
"p620": 3.7633528463178407E-06
"p621": 3.7633528463178407E-06
"p622": 0
"p623": 0
"p624": 0.0003725719317854662
"p625": 4.5160234155814084E-05
"p626": 0
"p627": 0
"p628": 0.0003368200797454468
"p629": 4.516023415581409E-05
