"p567": 1.6935087808430282E-05
"p568": 0.003069014246172199
"p569": 0.0009257848001941887
"p570": 4.139688130949625E-05
"p571": 1.8816764231589204E-06
"p572": 0.002549671553380337
"p573": 0.0006190715432192847
"p574": 3.763352846317841E-05
"p575": 1.8816764231589204E-06
"p576": 0.000449720665134982
"p577": 9.22021447347871E-05
"p578": 5.645029269476761E-06
"p579": 0
"p580": 0.0008862695953078514
"p581": 0.00023520955289486504
"p582": 2.0698440654748124E-05
"p583": 0
"p584": 5.268693984844977E-05
"p585": 1.8816764231589204E-06
"p586": 0
"p587": 0
"p588": 0.00010161052685058169
"p589": 0
"p590": 0
"p591": 0
"p592": 0.0006209532196424437
"p593": 0.00011666393823585308
"p594": 1.1290058538953523E-05
"p595": 0
"p596": 0.0009013230066931229
"p597": 0.00018064093662325633
"p598": 2.2580117077907045E-05
"p599": 0
"p600": 0.0001129005853895352
"p601": 4.139688130949624E-05
"p602": 0
"p603": 0
"p604": 0.000284133139896997
"p605": 7.903040977267465E-05
"p606": 0
"p607": 0
"p608": 0.0037727612284336356
"p609": 0.001087608972585856
"p610": 0.00015241579027587256
"p611": 7.5267056926356815E-06
"p612": 0.003558250116193518
"p613": 0.001160994353089054
"p614": 0.0001862859658927331
"p615": 7.5267056926356815E-06
"p616": 0.0018195811011946755
"p617": 0.00029730487485910944
"p618": 7.5267056926356815E-06
"p619": 0
"p620": 0.0007959491269962234
"p621": 9.032046831162817E-05
"p622": 0
"p623": 0
"p624": 0.005889647204487422
"p625": 0.0018892031288515558
"p626": 0.000351873491130718
"p627": 4.139688130949624E-05
"p628": 0.005328907630386064
"p629": 0.0018082910426557223
