"p567": 5.645029269476761E-06
"p568": 0.000918258094501553
"p569": 0.00017311423093062066
"p570": 1.8816764231589203E-05
"p571": 0
"p572": 0.0011083074132406038
"p573": 0.0001994577008548455
"p574": 2.2580117077907045E-05
"p575": 0
"p576": 0.003447231207227142
"p577": 0.0010970173547016505
"p578": 0.00020886608297064017
"p579": 1.8816764231589203E-05
"p580": 0.002483812878569774
"p581": 0.0008523994196909909
"p582": 0.0001749959073537796
"p583": 1.8816764231589203E-05
"p584": 0.0025967134639593103
"p585": 0.000641651660297192
"p586": 7.150370408003898E-05
"p587": 0
"p588": 0.0013190551726344028
"p589": 0.0002653163756654078
"p590": 2.82251463473838E-05
"p591": 0
"p592": 5.645029269476761E-06
"p593": 0
"p594": 0
"p595": 0
"p596": 0.00013736237889060116
"p597": 3.7633528463178407E-06
"p598": 0
"p599": 0
"p600": 0
"p601": 0
"p602": 0
"p603": 0
"p604": 9.408382115794602E-06
"p605": 3.7633528463178407E-06
"p606": 0
"p607": 0
"p608": 0.002305053618369677
"p609": 0.0006567050716824632
"p610": 0.0001129005853895352
"p611": 2.258011707790704E-05
"p612": 0.0020604356833590176
"p613": 0.0006190715432192849
"p614": 9.972885042742277E-05
"p615": 2.258011707790704E-05
"p616": 0.0010650288555079488
"p617": 0.0002841331398969969
"p618": 1.5053411385271361E-05
"p619": 0
"p620": 0.00037445360820862524
"p621": 0.00010725555612005845
"p622": 0
"p623": 0
"p624": 0.005323262601116587
"p625": 0.001501577785680818
"p626": 0.00020133937727800447
"p627": 7.5267056926356815E-06
"p628": 0.00596115090856746
"p629": 0.001983286950009502
