"p567": 0
"p568": 1.5053411385271363E-05
"p569": 1.8816764231589204E-06
"p570": 0
"p571": 0
"p572": 5.2686939848449775E-05
"p573": 9.408382115794602E-06
"p574": 0
"p575": 0
"p576": 0.0002709614049348845
"p577": 4.516023415581409E-05
"p578": 0
"p579": 0
"p580": 0.0004158504895181214
"p581": 0.00010537387969689954
"p582": 1.1290058538953523E-05
"p583": 0
"p584": 3.9515204886337324E-05
"p585": 9.408382115794602E-06
"p586": 0
"p587": 0
"p588": 0.00015429746669903143
"p589": 3.575185204001949E-05
"p590": 0
"p591": 0
"p592": 3.7633528463178407E-06
"p593": 0
"p594": 0
"p595": 0
"p596": 7.714873334951573E-05
"p597": 3.7633528463178407E-06
"p598": 0
"p599": 0
"p600": 0
"p601": 0
"p602": 0
"p603": 0
"p604": 0
"p605": 0
"p606": 0
"p607": 0
"p608": 0.0017160888979209353
"p609": 0.0004929992228676371
"p610": 8.655711546531033E-05
"p611": 1.1290058538953523E-05
"p612": 0.0017123255450746172
"p613": 0.0005042892814065906
"p614": 8.091208619583358E-05
"p615": 1.1290058538953523E-05
"p616": 0.0007733690099183163
"p617": 0.00017499590735377957
"p618": 7.5267056926356815E-06
"p619": 0
"p620": 0.00037633528463178407
"p621": 8.091208619583358E-05
"p622": 1.8816764231589204E-06
"p623": 0
"p624": 0.001085727296162697
"p625": 0.0002145111122401169
"p626": 7.5267056926356815E-06
"p627": 0
"p628": 0.0019362450394305292
"p629": 0.00041020546024864466
