"p567": 0
"p568": 0.001633295135301943
"p569": 0.000472300782212889
"p570": 5.080526342529085E-05
"p571": 0
"p572": 0.001956943480085277
"p573": 0.0005757929854866297
"p574": 7.526705692635681E-05
"p575": 0
"p576": 0
"p577": 0
"p578": 0
"p579": 0
"p580": 0
"p581": 0
"p582": 0
"p583": 0
"p584": 0.00013736237889060116
"p585": 1.8816764231589203E-05
"p586": 0
"p587": 0
"p588": 0.0003895070195938965
"p589": 6.774035123372114E-05
"p590": 0
"p591": 0
"p592": 1.3171734962112444E-05
"p593": 0
"p594": 0
"p595": 0
"p596": 0.00010913723254321738
"p597": 1.5053411385271363E-05
"p598": 0
"p599": 0
"p600": 0.00029354152201279153
"p601": 4.516023415581409E-05
"p602": 0
"p603": 0
"p604": 0.0005005259285602729
"p605": 0.00010913723254321737
"p606": 1.1290058538953523E-05
"p607": 0
"p608": 2.4461793501065963E-05
"p609": 1.8816764231589204E-06
"p610": 0
"p611": 0
"p612": 2.8225146347383805E-05
"p613": 1.8816764231589204E-06
"p614": 0
"p615": 0
"p616": 0.0011233608246258755
"p617": 0.00023332787647170608
"p618": 1.8816764231589203E-05
"p619": 0
"p620": 0.0011892194994364376
"p621": 0.0002897781691664737
"p622": 3.0106822770542726E-05
"p623": 0
"p624": 0.0001749959073537796
"p625": 2.4461793501065963E-05
"p626": 1.8816764231589204E-06
"p627": 0
"p628": 0.00016182417239166713
"p629": 2.6343469924224884E-05
