"p567": 1.3171734962112444E-05
"p568": 0.0036523339373514645
"p569": 0.0011346508831648289
"p570": 0.000188167642315892
"p571": 3.575185204001948E-05
"p572": 0.012038965755370777
"p573": 0.004222481893568618
"p574": 0.0008072391855351768
"p575": 8.655711546531033E-05
"p576": 0.0014545358751018454
"p577": 0.000568266279793994
"p578": 9.972885042742277E-05
"p579": 5.645029269476761E-06
"p580": 0.0025628432883424497
"p581": 0.0009239031237710301
"p582": 0.0001674692016611439
"p583": 7.5267056926356815E-06
"p584": 0.011758595968320094
"p585": 0.005123804900261742
"p586": 0.0011515859709732596
"p587": 8.46754390421514E-05
"p588": 0.01919874454549047
"p589": 0.008757322073381615
"p590": 0.002280591824868611
"p591": 0.00026907972851172564
"p592": 0
"p593": 0
"p594": 0
"p595": 0
"p596": 0.00033870175616860566
"p597": 5.080526342529086E-05
"p598": 0
"p599": 0
"p600": 7.150370408003898E-05
"p601": 5.645029269476761E-06
"p602": 0
"p603": 0
"p604": 0.0008467543904215141
"p605": 0.0001580608195453493
"p606": 5.645029269476761E-06
"p607": 0
"p608": 0.00028036978705067917
"p609": 5.833196911792653E-05
"p610": 0
"p611": 0
"p612": 0.0009333115058868248
"p613": 0.00023709122931802397
"p614": 3.0106822770542726E-05
"p615": 0
"p616": 0.007125908614502831
"p617": 0.002656927109500396
"p618": 0.0004478389887118231
"p619": 2.4461793501065966E-05
"p620": 0.015397758170709451
"p621": 0.005468151685699823
"p622": 0.0009803534164657976
"p623": 5.8331969117926534E-05
"p624": 0.0006435333367203509
"p625": 0.00018064093662325636
"p626": 1.6935087808430286E-05
"p627": 0
"p628": 0.0021150042996306265
"p629": 0.0006924569237224828
