"p567": 0
"p568": 0.0032477735063722968
"p569": 0.0010292770034679294
"p570": 0.00011854561465901199
"p571": 0
"p572": 0.0002784881106275202
"p573": 5.080526342529084E-05
"p574": 0
"p575": 0
"p576": 0.0001599424959685082
"p577": 2.82251463473838E-05
"p578": 0
"p579": 0
"p580": 0
"p581": 0
"p582": 0
"p583": 0
"p584": 0.006222703931386552
"p585": 0.0018685046881968081
"p586": 0.0002935415220127916
"p587": 1.5053411385271363E-05
"p588": 0.0008523994196909907
"p589": 0.00021451111224011688
"p590": 2.258011707790704E-05
"p591": 0
"p592": 0.0004327855773265517
"p593": 4.139688130949624E-05
"p594": 0
"p595": 0
"p596": 3.951520488633733E-05
"p597": 0
"p598": 0
"p599": 0
"p600": 0.00983364098742852
"p601": 0.0030351440705553385
"p602": 0.0005927280732950598
"p603": 8.279376261899248E-05
"p604": 0.0019136649223526223
"p605": 0.00048735419359816035
"p606": 3.9515204886337324E-05
"p607": 0
"p608": 1.6935087808430282E-05
"p609": 1.8816764231589204E-06
"p610": 0
"p611": 0
"p612": 0
"p613": 0
"p614": 0
"p615": 0
"p616": 0.0020641990362053357
"p617": 0.000517461016368703
"p618": 5.268693984844977E-05
"p619": 0
"p620": 0.0003236483447833343
"p621": 4.139688130949624E-05
"p622": 0
"p623": 0
"p624": 0.0002935415220127916
"p625": 8.843879188846925E-05
"p626": 1.505341138527136E-05
"p627": 0
"p628": 0
"p629": 0
