"p567": 0
"p568": 0.008894684452272216
"p569": 0.0032139033307554362
"p570": 0.0006981019529919596
"p571": 8.655711546531033E-05
"p572": 0.0017499590735377962
"p573": 0.0005701479562171527
"p574": 0.0001110189089663763
"p575": 2.2580117077907045E-05
"p576": 0.001392440553137601
"p577": 0.00031235828624438073
"p578": 3.198849919370165E-05
"p579": 1.8816764231589204E-06
"p580": 0
"p581": 0
"p582": 0
"p583": 0
"p584": 0.006185070402923372
"p585": 0.001988931979278979
"p586": 0.00034434678543808245
"p587": 4.139688130949625E-05
"p588": 0.0015298029320282023
"p589": 0.0004421939594423463
"p590": 6.962202765688005E-05
"p591": 1.1290058538953523E-05
"p592": 0
"p593": 0
"p594": 0
"p595": 0
"p596": 0
"p597": 0
"p598": 0
"p599": 0
"p600": 0.0008128842148046536
"p601": 0.00015994249596850823
"p602": 1.6935087808430286E-05
"p603": 0
"p604": 3.3870175616860565E-05
"p605": 0
"p606": 0
"p607": 0
"p608": 0.003266590270603886
"p609": 0.0010894906490090152
"p610": 0.00018064093662325633
"p611": 7.5267056926356815E-06
"p612": 0.00028789649274331484
"p613": 7.714873334951573E-05
"p614": 5.645029269476761E-06
"p615": 0
"p616": 0.03921413665863192
"p617": 0.015826780395189685
"p618": 0.0036353988495430355
"p619": 0.0003706902553623074
"p620": 0.012535728331084729
"p621": 0.0047907481733626125
"p622": 0.0009239031237710299
"p623": 4.327855773265517E-05
"p624": 0.0006792851887603704
"p625": 0.00016558752523798497
"p626": 2.2580117077907045E-05
"p627": 0
"p628": 1.8816764231589203E-05
"p629": 0
