"p567": 0
"p568": 0.00045724737082761767
"p569": 6.774035123372114E-05
"p570": 0
"p571": 0
"p572": 0.0007300904521856611
"p573": 0.00019757602443168663
"p574": 5.645029269476761E-06
"p575": 0
"p576": 9.408382115794602E-06
"p577": 0
"p578": 0
"p579": 0
"p580": 7.526705692635681E-05
"p581": 1.3171734962112444E-05
"p582": 0
"p583": 0
"p584": 0.00020886608297064014
"p585": 2.0698440654748124E-05
"p586": 0
"p587": 0
"p588": 0.0003368200797454468
"p589": 6.774035123372113E-05
"p590": 0
"p591": 0
"p592": 0
"p593": 0
"p594": 0
"p595": 0
"p596": 0
"p597": 0
"p598": 0
"p599": 0
"p600": 3.7633528463178407E-06
"p601": 0
"p602": 0
"p603": 0
"p604": 8.843879188846926E-05
"p605": 9.408382115794602E-06
"p606": 0
"p607": 0
"p608": 0.0003029499041285862
"p609": 8.091208619583358E-05
"p610": 1.3171734962112442E-05
"p611": 0
"p612": 0.0001938126715853688
"p613": 2.2580117077907045E-05
"p614": 0
"p615": 0
"p616": 0.002054790654089541
"p617": 0.0006284799253350794
"p618": 0.00012419064392848875
"p619": 1.6935087808430286E-05
"p620": 0.0018666230117736493
"p621": 0.0005870830440255831
"p622": 0.00010725555612005845
"p623": 1.6935087808430286E-05
"p624": 4.327855773265517E-05
"p625": 1.1290058538953523E-05
"p626": 0
"p627": 0
"p628": 3.575185204001949E-05
"p629": 1.1290058538953523E-05
