"p567": 0
"p568": 0.0008730978603457389
"p569": 0.00023144620004854718
"p570": 1.3171734962112444E-05
"p571": 0
"p572": 0.00011290058538953522
"p573": 2.4461793501065963E-05
"p574": 0
"p575": 0
"p576": 5.645029269476761E-05
"p577": 1.3171734962112442E-05
"p578": 0
"p579": 0
"p580": 0
"p581": 0
"p582": 0
"p583": 0
"p584": 0.0014488908458323685
"p585": 0.0003594001968233538
"p586": 4.327855773265517E-05
"p587": 0
"p588": 0.0002671980520885667
"p589": 6.585867481056221E-05
"p590": 1.1290058538953523E-05
"p591": 0
"p592": 0.00017123255450746173
"p593": 2.4461793501065963E-05
"p594": 0
"p595": 0
"p596": 1.6935087808430286E-05
"p597": 0
"p598": 0
"p599": 0
"p600": 0.003080304304711153
"p601": 0.0009747083871963208
"p602": 0.00022015614150959367
"p603": 3.387017561686057E-05
"p604": 0.0006265982489119205
"p605": 0.00018816764231589203
"p606": 1.3171734962112442E-05
"p607": 0
"p608": 0
"p609": 0
"p610": 0
"p611": 0
"p612": 0
"p613": 0
"p614": 0
"p615": 0
"p616": 0.00039515204886337327
"p617": 7.903040977267465E-05
"p618": 0
"p619": 0
"p620": 9.408382115794602E-05
"p621": 1.8816764231589203E-05
"p622": 0
"p623": 0
"p624": 0.00010913723254321737
"p625": 3.575185204001949E-05
"p626": 7.5267056926356815E-06
"p627": 0
"p628": 0
"p629": 0
