"p567": 0
"p568": 1.8816764231589204E-06
"p569": 1.8816764231589204E-06
"p570": 1.8816764231589204E-06
"p571": 0
"p572": 1.3171734962112444E-05
"p573": 3.7633528463178407E-06
"p574": 1.8816764231589204E-06
"p575": 0
"p576": 0.00024273625858750077
"p577": 7.338538050319791E-05
"p578": 2.2580117077907045E-05
"p579": 5.645029269476761E-06
"p580": 0.00023709122931802394
"p581": 8.27937626189925E-05
"p582": 2.6343469924224887E-05
"p583": 5.645029269476761E-06
"p584": 0.00012795399677480656
"p585": 4.516023415581409E-05
"p586": 1.1290058538953523E-05
"p587": 0
"p588": 6.962202765688005E-05
"p589": 2.4461793501065966E-05
"p590": 1.3171734962112442E-05
"p591": 0
"p592": 0
"p593": 0
"p594": 0
"p595": 0
"p596": 1.1290058538953523E-05
"p597": 5.645029269476761E-06
"p598": 0
"p599": 0
"p600": 0
"p601": 0
"p602": 0
"p603": 0
"p604": 0
"p605": 0
"p606": 0
"p607": 0
"p608": 5.080526342529084E-05
"p609": 1.8816764231589203E-05
"p610": 3.7633528463178407E-06
"p611": 0
"p612": 5.833196911792653E-05
"p613": 2.6343469924224887E-05
"p614": 3.7633528463178407E-06
"p615": 0
"p616": 9.408382115794602E-06
"p617": 0
"p618": 0
"p619": 0
"p620": 0
"p621": 0
"p622": 0
"p623": 0
"p624": 0.00019945770085484554
"p625": 6.021364554108546E-05
"p626": 5.645029269476761E-06
"p627": 0
"p628": 0.0003838619903244198
"p629": 0.00013736237889060116
