"p567": 1.8816764231589204E-06
"p568": 0.005616804123129377
"p569": 0.0015467380198366325
"p570": 0.0001825226130464153
"p571": 5.645029269476761E-06
"p572": 0.01443057648920576
"p573": 0.004913057140867942
"p574": 0.0006548233952593044
"p575": 4.516023415581409E-05
"p576": 0
"p577": 0
"p578": 0
"p579": 0
"p580": 0
"p581": 0
"p582": 0
"p583": 0
"p584": 1.3171734962112444E-05
"p585": 1.8816764231589204E-06
"p586": 0
"p587": 0
"p588": 1.3171734962112444E-05
"p589": 1.8816764231589204E-06
"p590": 0
"p591": 0
"p592": 1.8816764231589204E-06
"p593": 0
"p594": 0
"p595": 0
"p596": 0
"p597": 0
"p598": 0
"p599": 0
"p600": 3.3870175616860565E-05
"p601": 1.8816764231589204E-06
"p602": 0
"p603": 0
"p604": 2.2580117077907045E-05
"p605": 1.8816764231589204E-06
"p606": 0
"p607": 0
"p608": 0
"p609": 0
"p610": 0
"p611": 0
"p612": 0
"p613": 0
"p614": 0
"p615": 0
"p616": 7.5267056926356815E-06
"p617": 0
"p618": 0
"p619": 0
"p620": 9.408382115794602E-06
"p621": 0
"p622": 0
"p623": 0
"p624": 0
"p625": 0
"p626": 0
"p627": 0
"p628": 0
"p629": 0
