"p567": 0.0001561791431221904
"p568": 0.0025082746720708413
"p569": 0.0008881512717310105
"p570": 0.0001392440553137601
"p571": 7.5267056926356815E-06
"p572": 0.006740164947755253
"p573": 0.002453706055799232
"p574": 0.00042714054805707494
"p575": 2.0698440654748124E-05
"p576": 0.0013604520539438995
"p577": 0.00041208713667180343
"p578": 4.139688130949625E-05
"p579": 0
"p580": 0.005080526342529086
"p581": 0.0018760313938894434
"p582": 0.00026343469924224885
"p583": 1.8816764231589203E-05
"p584": 0.00012607232035164763
"p585": 1.6935087808430286E-05
"p586": 0
"p587": 0
"p588": 0.00032929337405281106
"p589": 0.00010349220327374062
"p590": 5.645029269476761E-06
"p591": 0
"p592": 0.0017593674556535903
"p593": 0.0004572473708276177
"p594": 6.585867481056221E-05
"p595": 1.1290058538953523E-05
"p596": 0.006196360461462326
"p597": 0.0018760313938894432
"p598": 0.00031423996266753966
"p599": 4.139688130949625E-05
"p600": 0.00036128187324651267
"p601": 0.00011854561465901196
"p602": 3.7633528463178407E-05
"p603": 5.645029269476761E-06
"p604": 0.0016483485466872142
"p605": 0.0005833196911792652
"p606": 0.0001298356731979655
"p607": 7.5267056926356815E-06
"p608": 0.0063073793704287
"p609": 0.0022523666785212275
"p610": 0.000492999222867637
"p611": 4.3278557732655166E-05
"p612": 0.014460683311976306
"p613": 0.005121923223838583
"p614": 0.0009126130652320764
"p615": 5.2686939848449775E-05
"p616": 0.002549671553380337
"p617": 0.0008561627725373087
"p618": 0.0001467707610063958
"p619": 7.5267056926356815E-06
"p620": 0.002604240169651945
"p621": 0.0007263270993393433
"p622": 9.972885042742277E-05
"p623": 5.645029269476761E-06
"p624": 0.013884890326489674
"p625": 0.006025127906954863
"p626": 0.0014187840230618259
"p627": 0.00015053411385271365
"p628": 0.028584546544207168
"p629": 0.012074717607410794
