"p567": 8.655711546531035E-05
"p568": 0.001981405273586343
"p569": 0.0006303616017582384
"p570": 0.0001204272910821709
"p571": 7.5267056926356815E-06
"p572": 0.0017763025434620208
"p573": 0.0006792851887603704
"p574": 9.596549758110493E-05
"p575": 5.645029269476761E-06
"p576": 5.645029269476761E-06
"p577": 0
"p578": 0
"p579": 0
"p580": 5.645029269476761E-06
"p581": 0
"p582": 0
"p583": 0
"p584": 0
"p585": 0
"p586": 0
"p587": 0
"p588": 0
"p589": 0
"p590": 0
"p591": 0
"p592": 0
"p593": 0
"p594": 0
"p595": 0
"p596": 0
"p597": 0
"p598": 0
"p599": 0
"p600": 0
"p601": 0
"p602": 0
"p603": 0
"p604": 0
"p605": 0
"p606": 0
"p607": 0
"p608": 2.8225146347383805E-05
"p609": 1.8816764231589204E-06
"p610": 0
"p611": 0
"p612": 2.4461793501065963E-05
"p613": 1.8816764231589204E-06
"p614": 0
"p615": 0
"p616": 9.408382115794602E-06
"p617": 0
"p618": 0
"p619": 0
"p620": 1.8816764231589204E-06
"p621": 0
"p622": 0
"p623": 0
"p624": 2.0698440654748124E-05
"p625": 1.8816764231589204E-06
"p626": 0
"p627": 0
"p628": 2.6343469924224884E-05
"p629": 1.8816764231589204E-06
