"p567": 0
"p568": 5.645029269476761E-06
"p569": 5.645029269476761E-06
"p570": 0
"p571": 0
"p572": 2.0698440654748128E-05
"p573": 3.7633528463178407E-06
"p574": 0
"p575": 0
"p576": 6.0213645541085445E-05
"p577": 2.6343469924224887E-05
"p578": 0
"p579": 0
"p580": 1.8816764231589204E-06
"p581": 1.8816764231589204E-06
"p582": 0
"p583": 0
"p584": 3.387017561686057E-05
"p585": 1.1290058538953523E-05
"p586": 1.8816764231589204E-06
"p587": 1.8816764231589204E-06
"p588": 4.139688130949625E-05
"p589": 1.1290058538953523E-05
"p590": 1.8816764231589204E-06
"p591": 1.8816764231589204E-06
"p592": 2.0698440654748124E-05
"p593": 5.645029269476761E-06
"p594": 0
"p595": 0
"p596": 0
"p597": 0
"p598": 0
"p599": 0
"p600": 0
"p601": 0
"p602": 0
"p603": 0
"p604": 0
"p605": 0
"p606": 0
"p607": 0
"p608": 0.0002860148163201559
"p609": 0.0001091372325432174
"p610": 3.0106822770542726E-05
"p611": 5.645029269476761E-06
"p612": 0
"p613": 0
"p614": 0
"p615": 0
"p616": 0.0003612818732465128
"p617": 0.00011854561465901196
"p618": 3.7633528463178407E-05
"p619": 5.645029269476761E-06
"p620": 0.00013548070246744229
"p621": 4.139688130949624E-05
"p622": 1.1290058538953523E-05
"p623": 0
"p624": 0.0003405834325917646
"p625": 0.00010725555612005845
"p626": 1.6935087808430286E-05
"p627": 0
"p628": 0
"p629": 0
