"p567": 1.3171734962112444E-05
"p568": 3.575185204001949E-05
"p569": 7.5267056926356815E-06
"p570": 0
"p571": 0
"p572": 0.00034811013828440026
"p573": 9.596549758110493E-05
"p574": 7.5267056926356815E-06
"p575": 0
"p576": 0.0007225637464930254
"p577": 0.00016558752523798497
"p578": 7.5267056926356815E-06
"p579": 0
"p580": 0.002749129254235182
"p581": 0.0008335826554594016
"p582": 8.467543904215141E-05
"p583": 0
"p584": 0.00013736237889060116
"p585": 4.5160234155814084E-05
"p586": 1.1290058538953521E-05
"p587": 0
"p588": 0.000728208775762502
"p589": 0.00023520955289486504
"p590": 4.139688130949624E-05
"p591": 0
"p592": 0
"p593": 0
"p594": 0
"p595": 0
"p596": 0.00045724737082761767
"p597": 3.387017561686057E-05
"p598": 0
"p599": 0
"p600": 0
"p601": 0
"p602": 0
"p603": 0
"p604": 0
"p605": 0
"p606": 0
"p607": 0
"p608": 0.00507299963683645
"p609": 0.0019437717451231647
"p610": 0.00037821696105494305
"p611": 1.1290058538953523E-05
"p612": 0.013627100656516905
"p613": 0.005063591254720655
"p614": 0.0010819639433163795
"p615": 4.139688130949624E-05
"p616": 0.0018120543955020404
"p617": 0.0007244454229161844
"p618": 9.784717400426387E-05
"p619": 0
"p620": 0.002756655959927818
"p621": 0.00099352515142791
"p622": 0.0001561791431221904
"p623": 0
"p624": 0.00242171755660553
"p625": 0.0008241742733436071
"p626": 9.032046831162818E-05
"p627": 1.8816764231589204E-06
"p628": 0.009854339428083267
"p629": 0.003223311712871231
