"p567": 0
"p568": 0.0044050045066150335
"p569": 0.0013773871417523296
"p570": 0.0001580608195453493
"p571": 1.3171734962112444E-05
"p572": 0.0006642317773750989
"p573": 0.0002163927886632758
"p574": 3.010682277054273E-05
"p575": 1.8816764231589204E-06
"p576": 0.0007733690099183164
"p577": 0.0002408545821643418
"p578": 3.0106822770542726E-05
"p579": 0
"p580": 6.021364554108545E-05
"p581": 1.6935087808430286E-05
"p582": 0
"p583": 0
"p584": 0.011338982125955657
"p585": 0.004805801584747882
"p586": 0.0010876089725858561
"p587": 4.139688130949625E-05
"p588": 0.003633517173119875
"p589": 0.0013905588767144422
"p590": 0.00026343469924224885
"p591": 9.408382115794602E-06
"p592": 0.00020886608297064017
"p593": 0
"p594": 0
"p595": 0
"p596": 0
"p597": 0
"p598": 0
"p599": 0
"p600": 0.0004214955187875981
"p601": 6.209532196424438E-05
"p602": 0
"p603": 0
"p604": 1.8816764231589203E-05
"p605": 0
"p606": 0
"p607": 0
"p608": 0.0002709614049348845
"p609": 5.833196911792653E-05
"p610": 0
"p611": 0
"p612": 0
"p613": 0
"p614": 0
"p615": 0
"p616": 0.006072169817533836
"p617": 0.0020340922134347928
"p618": 0.00017687758377693853
"p619": 1.8816764231589204E-06
"p620": 0.0010330403563142472
"p621": 0.00028789649274331473
"p622": 3.010682277054273E-05
"p623": 0
"p624": 0.0008091208619583356
"p625": 0.00024838128785697745
"p626": 4.1396881309496255E-05
"p627": 0
"p628": 0
"p629": 0
