"p567": 0
"p568": 0.0031649797437533034
"p569": 0.0010763189140469023
"p570": 0.00016370584881482606
"p571": 1.3171734962112444E-05
"p572": 0.005078644666105926
"p573": 0.0016351768117251015
"p574": 0.00029730487485910944
"p575": 2.0698440654748128E-05
"p576": 0.012437881157080461
"p577": 0.005789918354059999
"p578": 0.0016539935759566908
"p579": 0.00021639278866327584
"p580": 0.00015053411385271363
"p581": 2.6343469924224887E-05
"p582": 0
"p583": 0
"p584": 0.011824454643130656
"p585": 0.005534010360510384
"p586": 0.0014281924051776208
"p587": 0.00013359902604428335
"p588": 0.01073872734696796
"p589": 0.004335382478958153
"p590": 0.0009239031237710298
"p591": 6.209532196424438E-05
"p592": 0.0009784717400426386
"p593": 0.00016370584881482604
"p594": 5.645029269476761E-06
"p595": 0
"p596": 0.00016182417239166716
"p597": 1.6935087808430282E-05
"p598": 0
"p599": 0
"p600": 3.575185204001948E-05
"p601": 1.8816764231589204E-06
"p602": 0
"p603": 0
"p604": 0.00010537387969689954
"p605": 2.6343469924224887E-05
"p606": 0
"p607": 0
"p608": 0.007746861834145277
"p609": 0.0024649961143381853
"p610": 0.0003067132569749041
"p611": 9.408382115794602E-06
"p612": 1.3171734962112444E-05
"p613": 0
"p614": 0
"p615": 0
"p616": 0.004892358700213192
"p617": 0.001791355954847292
"p618": 0.000259671346395931
"p619": 7.5267056926356815E-06
"p620": 0.003883780137400012
"p621": 0.0010010518571205457
"p622": 9.972885042742277E-05
"p623": 0
"p624": 0.02047828451323853
"p625": 0.007364881520244015
"p626": 0.0012362614100154107
"p627": 9.784717400426388E-05
"p628": 3.9515204886337324E-05
"p629": 9.408382115794602E-06
