"p567": 0
"p568": 0.000308594933398063
"p569": 7.714873334951572E-05
"p570": 3.7633528463178407E-06
"p571": 0
"p572": 0.0006642317773750989
"p573": 0.0001768775837769385
"p574": 9.408382115794602E-06
"p575": 0
"p576": 5.645029269476761E-05
"p577": 1.1290058538953523E-05
"p578": 0
"p579": 0
"p580": 5.645029269476761E-05
"p581": 1.3171734962112442E-05
"p582": 0
"p583": 0
"p584": 0.0008712161839225803
"p585": 0.00021262943581695798
"p586": 2.4461793501065966E-05
"p587": 0
"p588": 0.0008486360668446731
"p589": 0.00022015614150959365
"p590": 3.0106822770542726E-05
"p591": 0
"p592": 0.00028789649274331484
"p593": 8.091208619583358E-05
"p594": 1.3171734962112442E-05
"p595": 0
"p596": 0.0001768775837769385
"p597": 2.4461793501065963E-05
"p598": 0
"p599": 0
"p600": 0.001870386364619967
"p601": 0.0006171898667961258
"p602": 0.00012419064392848875
"p603": 1.6935087808430286E-05
"p604": 0.0016163600474935127
"p605": 0.0005513311919855637
"p606": 0.00010725555612005845
"p607": 1.6935087808430286E-05
"p608": 0
"p609": 0
"p610": 0
"p611": 0
"p612": 0
"p613": 0
"p614": 0
"p615": 0
"p616": 0.00023520955289486504
"p617": 3.9515204886337324E-05
"p618": 0
"p619": 0
"p620": 0.0002709614049348845
"p621": 5.833196911792654E-05
"p622": 0
"p623": 0
"p624": 4.139688130949625E-05
"p625": 1.1290058538953523E-05
"p626": 0
"p627": 0
"p628": 0.00010913723254321737
"p629": 3.575185204001949E-05
