"p567": 0
"p568": 0.0012908300262870194
"p569": 0.0003161216390906986
"p570": 1.3171734962112444E-05
"p571": 0
"p572": 0.0002954231984359505
"p573": 5.8331969117926534E-05
"p574": 0
"p575": 0
"p576": 0.0001279539967748066
"p577": 1.1290058538953523E-05
"p578": 0
"p579": 0
"p580": 1.6935087808430286E-05
"p581": 0
"p582": 0
"p583": 0
"p584": 0.0023257520590244255
"p585": 0.0006679951302214168
"p586": 0.00014112573173691902
"p587": 1.1290058538953523E-05
"p588": 0.00047418245863604794
"p589": 0.00014112573173691902
"p590": 1.3171734962112442E-05
"p591": 0
"p592": 9.408382115794602E-06
"p593": 5.645029269476761E-06
"p594": 0
"p595": 0
"p596": 0
"p597": 0
"p598": 0
"p599": 0
"p600": 5.64502926947676E-05
"p601": 3.7633528463178407E-06
"p602": 0
"p603": 0
"p604": 0
"p605": 0
"p606": 0
"p607": 0
"p608": 5.456861627160869E-05
"p609": 9.408382115794602E-06
"p610": 0
"p611": 0
"p612": 0
"p613": 0
"p614": 0
"p615": 0
"p616": 0.001234379733592252
"p617": 0.00038386199032441974
"p618": 7.903040977267465E-05
"p619": 2.2580117077907045E-05
"p620": 0.00028789649274331484
"p621": 6.585867481056221E-05
"p622": 0
"p623": 0
"p624": 0.00014488908458323683
"p625": 4.704191057897301E-05
"p626": 7.5267056926356815E-06
"p627": 0
"p628": 0
"p629": 0
