"p567": 0
"p568": 0.005112514841722786
"p569": 0.0017217339271904117
"p570": 0.00021262943581695803
"p571": 7.5267056926356815E-06
"p572": 0.004175439982989644
"p573": 0.0011214791482027165
"p574": 0.00012795399677480661
"p575": 3.7633528463178407E-06
"p576": 1.3171734962112444E-05
"p577": 1.8816764231589204E-06
"p578": 0
"p579": 0
"p580": 0
"p581": 0
"p582": 0
"p583": 0
"p584": 1.3171734962112444E-05
"p585": 1.8816764231589204E-06
"p586": 0
"p587": 0
"p588": 0
"p589": 0
"p590": 0
"p591": 0
"p592": 2.0698440654748124E-05
"p593": 1.8816764231589204E-06
"p594": 0
"p595": 0
"p596": 0
"p597": 0
"p598": 0
"p599": 0
"p600": 3.575185204001949E-05
"p601": 1.8816764231589204E-06
"p602": 0
"p603": 0
"p604": 1.8816764231589204E-06
"p605": 0
"p606": 0
"p607": 0
"p608": 9.408382115794602E-06
"p609": 0
"p610": 0
"p611": 0
"p612": 0
"p613": 0
"p614": 0
"p615": 0
"p616": 7.5267056926356815E-06
"p617": 0
"p618": 0
"p619": 0
"p620": 0
"p621": 0
"p622": 0
"p623": 0
"p624": 2.6343469924224887E-05
"p625": 0
"p626": 0
"p627": 0
"p628": 0
"p629": 0
