"p567": 0
"p568": 0.0031386362738290794
"p569": 0.0009013230066931229
"p570": 4.139688130949625E-05
"p571": 0
"p572": 0.00044972066513498195
"p573": 0.0001486524374295547
"p574": 5.645029269476761E-06
"p575": 0
"p576": 0.00024461793501065964
"p577": 3.575185204001948E-05
"p578": 0
"p579": 0
"p580": 0
"p581": 0
"p582": 0
"p583": 0
"p584": 0.00753611407475148
"p585": 0.0025233280834561123
"p586": 0.00036692690251598946
"p587": 1.5053411385271363E-05
"p588": 0.001702917162958823
"p589": 0.00044407563586550515
"p590": 6.962202765688005E-05
"p591": 0
"p592": 0.0010687922083542668
"p593": 0.00027096140493488457
"p594": 3.0106822770542726E-05
"p595": 0
"p596": 6.021364554108545E-05
"p597": 1.6935087808430286E-05
"p598": 0
"p599": 0
"p600": 0.013049425994607117
"p601": 0.005539655389779862
"p602": 0.0012268530278996166
"p603": 4.139688130949625E-05
"p604": 0.004055012691907473
"p605": 0.0015335662848745203
"p606": 0.0002878964927433148
"p607": 9.408382115794602E-06
"p608": 1.5053411385271363E-05
"p609": 0
"p610": 0
"p611": 0
"p612": 0
"p613": 0
"p614": 0
"p615": 0
"p616": 0.0032553002120649308
"p617": 0.001204272910821709
"p618": 4.327855773265517E-05
"p619": 1.8816764231589204E-06
"p620": 0.00046477407652025334
"p621": 0.0001298356731979655
"p622": 7.5267056926356815E-06
"p623": 0
"p624": 0.0007451438635709322
"p625": 0.00024085458216434178
"p626": 4.1396881309496255E-05
"p627": 0
"p628": 0
"p629": 0
