"p567": 0
"p568": 0.007400633372284034
"p569": 0.002717140755041481
"p570": 0.00044972066513498206
"p571": 1.8816764231589203E-05
"p572": 0.0021225310053232618
"p573": 0.0007470255399940914
"p574": 0.00016935087808430283
"p575": 1.8816764231589204E-06
"p576": 3.9515204886337324E-05
"p577": 1.8816764231589204E-06
"p578": 0
"p579": 0
"p580": 0
"p581": 0
"p582": 0
"p583": 0
"p584": 0.0030050372477847956
"p585": 0.0009220214473478711
"p586": 4.139688130949625E-05
"p587": 1.8816764231589204E-06
"p588": 0.0005099343106760674
"p589": 0.00013548070246744226
"p590": 0
"p591": 0
"p592": 0.0008110025383814947
"p593": 0.0001016105268505817
"p594": 7.5267056926356815E-06
"p595": 0
"p596": 0
"p597": 0
"p598": 0
"p599": 0
"p600": 0.0032665902706038854
"p601": 0.0008862695953078515
"p602": 8.655711546531035E-05
"p603": 0
"p604": 0.0007018653058382773
"p605": 0.00014677076100639576
"p606": 5.645029269476761E-06
"p607": 0
"p608": 0.00023709122931802392
"p609": 3.575185204001948E-05
"p610": 0
"p611": 0
"p612": 0
"p613": 0
"p614": 0
"p615": 0
"p616": 0.008917264569350127
"p617": 0.002862029839624718
"p618": 0.0003932703724402144
"p619": 1.5053411385271363E-05
"p620": 0.0019588251565084364
"p621": 0.0004911175464444781
"p622": 7.150370408003896E-05
"p623": 0
"p624": 0.0008655711546531036
"p625": 0.00027096140493488457
"p626": 3.0106822770542726E-05
"p627": 0
"p628": 6.021364554108545E-05
"p629": 1.6935087808430286E-05
