"p567": 0
"p568": 1.1290058538953523E-05
"p569": 1.8816764231589204E-06
"p570": 1.8816764231589204E-06
"p571": 0
"p572": 2.6343469924224887E-05
"p573": 9.408382115794602E-06
"p574": 1.8816764231589204E-06
"p575": 0
"p576": 0.00019945770085484554
"p577": 5.080526342529085E-05
"p578": 1.1290058538953523E-05
"p579": 0
"p580": 0
"p581": 0
"p582": 0
"p583": 0
"p584": 0.00013359902604428335
"p585": 1.8816764231589203E-05
"p586": 5.645029269476761E-06
"p587": 0
"p588": 5.268693984844977E-05
"p589": 5.645029269476761E-06
"p590": 1.8816764231589204E-06
"p591": 0
"p592": 0.0002671980520885667
"p593": 0.00010725555612005848
"p594": 3.0106822770542726E-05
"p595": 5.645029269476761E-06
"p596": 1.8816764231589204E-06
"p597": 1.8816764231589204E-06
"p598": 0
"p599": 0
"p600": 0.0003612818732465128
"p601": 0.00011854561465901196
"p602": 3.7633528463178407E-05
"p603": 5.645029269476761E-06
"p604": 0.00012983567319796552
"p605": 4.139688130949624E-05
"p606": 1.1290058538953523E-05
"p607": 0
"p608": 1.5053411385271363E-05
"p609": 0
"p610": 0
"p611": 0
"p612": 0
"p613": 0
"p614": 0
"p615": 0
"p616": 3.7633528463178407E-06
"p617": 0
"p618": 0
"p619": 0
"p620": 7.5267056926356815E-06
"p621": 0
"p622": 0
"p623": 0
"p624": 0.0002897781691664738
"p625": 0.00011666393823585305
"p626": 1.6935087808430286E-05
"p627": 0
"p628": 0
"p629": 0
