"p567": 0
"p568": 0.00034622846186124133
"p569": 8.091208619583358E-05
"p570": 5.645029269476761E-06
"p571": 0
"p572": 8.091208619583358E-05
"p573": 2.6343469924224884E-05
"p574": 5.645029269476761E-06
"p575": 0
"p576": 0
"p577": 0
"p578": 0
"p579": 0
"p580": 0
"p581": 0
"p582": 0
"p583": 0
"p584": 0.00010913723254321738
"p585": 4.139688130949624E-05
"p586": 5.645029269476761E-06
"p587": 0
"p588": 7.5267056926356815E-06
"p589": 5.645029269476761E-06
"p590": 0
"p591": 0
"p592": 3.010682277054273E-05
"p593": 1.1290058538953523E-05
"p594": 0
"p595": 0
"p596": 0
"p597": 0
"p598": 0
"p599": 0
"p600": 0.00011290058538953522
"p601": 4.139688130949624E-05
"p602": 0
"p603": 0
"p604": 1.5053411385271363E-05
"p605": 3.7633528463178407E-06
"p606": 0
"p607": 0
"p608": 3.7633528463178407E-06
"p609": 0
"p610": 0
"p611": 0
"p612": 0
"p613": 0
"p614": 0
"p615": 0
"p616": 0.0003368200797454468
"p617": 6.39769983874033E-05
"p618": 1.6935087808430286E-05
"p619": 0
"p620": 5.268693984844977E-05
"p621": 3.7633528463178407E-06
"p622": 0
"p623": 0
"p624": 1.5053411385271363E-05
"p625": 0
"p626": 0
"p627": 0
"p628": 0
"p629": 0
