"p567": 0
"p568": 0.008286902967591884
"p569": 0.0031160561567511722
"p570": 0.0005588578976781993
"p571": 4.8923587002131926E-05
"p572": 0.0017913559548472918
"p573": 0.0005927280732950598
"p574": 0.0001204272910821709
"p575": 1.1290058538953523E-05
"p576": 0.0014620625807944807
"p577": 0.0002973048748591094
"p578": 3.575185204001949E-05
"p579": 1.8816764231589204E-06
"p580": 0
"p581": 0
"p582": 0
"p583": 0
"p584": 0.005934807438643235
"p585": 0.0018722680410431256
"p586": 0.0003274116976296522
"p587": 4.139688130949625E-05
"p588": 0.001296475055556496
"p589": 0.0003180033155138575
"p590": 4.704191057897302E-05
"p591": 1.1290058538953523E-05
"p592": 0
"p593": 0
"p594": 0
"p595": 0
"p596": 0
"p597": 0
"p598": 0
"p599": 0
"p600": 0.001016105268505817
"p601": 0.00018252261304641527
"p602": 1.6935087808430286E-05
"p603": 0
"p604": 3.3870175616860565E-05
"p605": 0
"p606": 0
"p607": 0
"p608": 0.0020322105370116335
"p609": 0.0006284799253350794
"p610": 0.00010537387969689955
"p611": 2.2580117077907045E-05
"p612": 0.00012419064392848875
"p613": 2.8225146347383808E-05
"p614": 0
"p615": 0
"p616": 0.03449301051292617
"p617": 0.01418784023061826
"p618": 0.003479219706420844
"p619": 0.0003725719317854663
"p620": 0.011986278815522323
"p621": 0.004365489301728695
"p622": 0.000897559653846805
"p623": 6.209532196424438E-05
"p624": 0.000284133139896997
"p625": 8.27937626189925E-05
"p626": 9.408382115794602E-06
"p627": 0
"p628": 7.5267056926356815E-06
"p629": 0
