"p567": 0
"p568": 0.008318891466785588
"p569": 0.0026964423143867326
"p570": 0.0003725719317854663
"p571": 2.2580117077907045E-05
"p572": 0.0013792688181754886
"p573": 0.000378216961054943
"p574": 3.575185204001949E-05
"p575": 0
"p576": 0.0005155793399455441
"p577": 0.00011101890896637632
"p578": 9.408382115794602E-06
"p579": 0
"p580": 1.1290058538953523E-05
"p581": 0
"p582": 0
"p583": 0
"p584": 0.014884060507187064
"p585": 0.00542110977512085
"p586": 0.0010443304148532008
"p587": 7.526705692635683E-05
"p588": 0.004830263378248948
"p589": 0.0013905588767144422
"p590": 0.00024461793501065964
"p591": 1.8816764231589203E-05
"p592": 0.0019343633630073704
"p593": 0.0005889647204487421
"p594": 9.972885042742278E-05
"p595": 2.2580117077907045E-05
"p596": 0.0001204272910821709
"p597": 2.8225146347383808E-05
"p598": 0
"p599": 0
"p600": 0.027336995075652806
"p601": 0.012349442365191995
"p602": 0.0032421284771028207
"p603": 0.0003706902553623074
"p604": 0.009916434750047512
"p605": 0.003928940371555826
"p606": 0.0008618078018067855
"p607": 6.209532196424438E-05
"p608": 5.8331969117926534E-05
"p609": 2.6343469924224887E-05
"p610": 3.7633528463178407E-06
"p611": 0
"p612": 0
"p613": 0
"p614": 0
"p615": 0
"p616": 0.006179425373653895
"p617": 0.002037855566281111
"p618": 0.00017875926020009746
"p619": 1.8816764231589204E-06
"p620": 0.0014714709629102757
"p621": 0.0003932703724402144
"p622": 3.010682277054273E-05
"p623": 0
"p624": 0.001484642697872388
"p625": 0.0004986442521371138
"p626": 8.279376261899248E-05
"p627": 1.8816764231589204E-06
"p628": 0
"p629": 0
