"p567": 0
"p568": 2.2580117077907045E-05
"p569": 5.645029269476761E-06
"p570": 0
"p571": 0
"p572": 0.00010537387969689954
"p573": 2.0698440654748124E-05
"p574": 0
"p575": 0
"p576": 7.5267056926356815E-06
"p577": 0
"p578": 0
"p579": 0
"p580": 3.7633528463178407E-06
"p581": 0
"p582": 0
"p583": 0
"p584": 0.000165587525237985
"p585": 2.2580117077907045E-05
"p586": 5.645029269476761E-06
"p587": 0
"p588": 0.0002069844065474812
"p589": 5.080526342529085E-05
"p590": 1.1290058538953523E-05
"p591": 0
"p592": 3.010682277054273E-05
"p593": 3.7633528463178407E-06
"p594": 0
"p595": 0
"p596": 2.0698440654748124E-05
"p597": 5.645029269476761E-06
"p598": 0
"p599": 0
"p600": 0.0003706902553623073
"p601": 0.00010725555612005845
"p602": 2.6343469924224884E-05
"p603": 5.645029269476761E-06
"p604": 0.0002973048748591094
"p605": 0.00011101890896637629
"p606": 3.0106822770542726E-05
"p607": 5.645029269476761E-06
"p608": 0
"p609": 0
"p610": 0
"p611": 0
"p612": 0
"p613": 0
"p614": 0
"p615": 0
"p616": 1.1290058538953523E-05
"p617": 0
"p618": 0
"p619": 0
"p620": 1.5053411385271363E-05
"p621": 0
"p622": 0
"p623": 0
"p624": 0
"p625": 0
"p626": 0
"p627": 0
"p628": 2.4461793501065966E-05
"p629": 5.645029269476761E-06
