"p567": 2.2580117077907045E-05
"p568": 0.0074570836649788036
"p569": 0.0028394497225468105
"p570": 0.0006190715432192848
"p571": 7.52670569263568E-05
"p572": 0.018227799511140466
"p573": 0.007528587369058841
"p574": 0.0016916271044198697
"p575": 0.0001844042894695742
"p576": 0
"p577": 0
"p578": 0
"p579": 0
"p580": 9.032046831162817E-05
"p581": 1.1290058538953523E-05
"p582": 0
"p583": 0
"p584": 0.0014714709629102761
"p585": 0.0004214955187875981
"p586": 4.139688130949625E-05
"p587": 0
"p588": 0.005136976635223853
"p589": 0.001889203128851556
"p590": 0.00026343469924224885
"p591": 1.8816764231589203E-05
"p592": 0.0002051027301243223
"p593": 5.645029269476761E-06
"p594": 0
"p595": 0
"p596": 0.0017179705743440943
"p597": 0.00031423996266753966
"p598": 3.575185204001949E-05
"p599": 1.8816764231589204E-06
"p600": 0.0019456534215463233
"p601": 0.0004929992228676371
"p602": 7.150370408003898E-05
"p603": 1.1290058538953523E-05
"p604": 0.006081578199649633
"p605": 0.0018948481581210325
"p606": 0.00031988499193701646
"p607": 4.139688130949625E-05
"p608": 0.0003518734911307181
"p609": 8.467543904215141E-05
"p610": 3.7633528463178407E-06
"p611": 0
"p612": 0.0005456861627160869
"p613": 0.0001373623788906012
"p614": 1.3171734962112444E-05
"p615": 0
"p616": 0.008143895559431808
"p617": 0.0028074612233531093
"p618": 0.0005588578976781994
"p619": 4.516023415581409E-05
"p620": 0.01588887571715393
"p621": 0.005470033362122983
"p622": 0.0009295481530405069
"p623": 5.2686939848449775E-05
"p624": 0.0014281924051776204
"p625": 0.0006585867481056221
"p626": 0.0001693508780843028
"p627": 3.7633528463178407E-06
"p628": 0.0015034594621039772
"p629": 0.0005362777806002923
