"p567": 2.2580117077907045E-05
"p568": 0.00030859493339806287
"p569": 9.220214473478709E-05
"p570": 2.0698440654748124E-05
"p571": 1.8816764231589204E-06
"p572": 0.001860977982504172
"p573": 0.0005757929854866297
"p574": 8.279376261899251E-05
"p575": 3.7633528463178407E-06
"p576": 0.005221652074266004
"p577": 0.0019400083922768464
"p578": 0.0004403122830191874
"p579": 4.3278557732655166E-05
"p580": 0.011670157176431625
"p581": 0.004310920685457086
"p582": 0.000805357509112018
"p583": 5.2686939848449775E-05
"p584": 0.0021977980622496186
"p585": 0.000782777392034111
"p586": 0.0001448890845832369
"p587": 7.5267056926356815E-06
"p588": 0.002451824379376073
"p589": 0.00073197212860882
"p590": 0.00010537387969689954
"p591": 5.645029269476761E-06
"p592": 0.010766952493315343
"p593": 0.004941282287215324
"p594": 0.0012701315856322715
"p595": 0.00013359902604428335
"p596": 0.018081028750134072
"p597": 0.008305719731823475
"p598": 0.0022824735012917704
"p599": 0.0002747247577812024
"p600": 0.005829433558946336
"p601": 0.0025289731127255887
"p602": 0.0005249877220613389
"p603": 1.3171734962112442E-05
"p604": 0.005637502563784123
"p605": 0.002241076619982274
"p606": 0.0004196138423644392
"p607": 1.5053411385271363E-05
"p608": 0.001723615603613571
"p609": 0.0005249877220613388
"p610": 6.021364554108545E-05
"p611": 0
"p612": 0.005394766305196625
"p613": 0.0018064093662325635
"p614": 0.00015053411385271365
"p615": 1.8816764231589204E-06
"p616": 0.00040832378382548573
"p617": 9.220214473478711E-05
"p618": 5.645029269476761E-06
"p619": 0
"p620": 0.00039703372528653236
"p621": 9.972885042742278E-05
"p622": 1.5053411385271363E-05
"p623": 0
"p624": 0.006913279178685875
"p625": 0.002084897476860084
"p626": 0.0002653163756654078
"p627": 1.1290058538953523E-05
"p628": 0.018984233433250352
"p629": 0.006608447598134128
