"p567": 0
"p568": 1.6935087808430286E-05
"p569": 0
"p570": 0
"p571": 0
"p572": 9.596549758110495E-05
"p573": 2.4461793501065963E-05
"p574": 0
"p575": 0
"p576": 0
"p577": 0
"p578": 0
"p579": 0
"p580": 2.8225146347383808E-05
"p581": 9.408382115794602E-06
"p582": 0
"p583": 0
"p584": 3.9515204886337324E-05
"p585": 9.408382115794602E-06
"p586": 0
"p587": 0
"p588": 6.774035123372113E-05
"p589": 3.010682277054273E-05
"p590": 0
"p591": 0
"p592": 0
"p593": 0
"p594": 0
"p595": 0
"p596": 0
"p597": 0
"p598": 0
"p599": 0
"p600": 0
"p601": 0
"p602": 0
"p603": 0
"p604": 2.0698440654748124E-05
"p605": 5.645029269476761E-06
"p606": 0
"p607": 0
"p608": 3.010682277054273E-05
"p609": 3.7633528463178407E-06
"p610": 0
"p611": 0
"p612": 1.6935087808430282E-05
"p613": 1.8816764231589204E-06
"p614": 0
"p615": 0
"p616": 0.00037633528463178407
"p617": 0.00010725555612005845
"p618": 2.6343469924224884E-05
"p619": 5.645029269476761E-06
"p620": 0.0003161216390906987
"p621": 0.00011290058538953522
"p622": 3.0106822770542726E-05
"p623": 5.645029269476761E-06
"p624": 5.645029269476761E-06
"p625": 0
"p626": 0
"p627": 0
"p628": 3.7633528463178407E-06
"p629": 0
