"p567": 0
"p568": 1.1290058538953523E-05
"p569": 1.8816764231589204E-06
"p570": 1.8816764231589204E-06
"p571": 0
"p572": 3.7633528463178407E-05
"p573": 9.408382115794602E-06
"p574": 1.8816764231589204E-06
"p575": 0
"p576": 0.00023709122931802394
"p577": 8.27937626189925E-05
"p578": 2.6343469924224887E-05
"p579": 5.645029269476761E-06
"p580": 0
"p581": 0
"p582": 0
"p583": 0
"p584": 0.0003123582862443808
"p585": 9.972885042742278E-05
"p586": 3.3870175616860565E-05
"p587": 5.645029269476761E-06
"p588": 0.0001279539967748066
"p589": 4.327855773265517E-05
"p590": 1.3171734962112442E-05
"p591": 0
"p592": 9.408382115794602E-06
"p593": 3.7633528463178407E-06
"p594": 0
"p595": 0
"p596": 1.8816764231589204E-06
"p597": 1.8816764231589204E-06
"p598": 0
"p599": 0
"p600": 0
"p601": 0
"p602": 0
"p603": 0
"p604": 0
"p605": 0
"p606": 0
"p607": 0
"p608": 5.833196911792653E-05
"p609": 2.6343469924224887E-05
"p610": 3.7633528463178407E-06
"p611": 0
"p612": 0
"p613": 0
"p614": 0
"p615": 0
"p616": 4.8923587002131926E-05
"p617": 1.8816764231589203E-05
"p618": 3.7633528463178407E-06
"p619": 0
"p620": 1.1290058538953523E-05
"p621": 0
"p622": 0
"p623": 0
"p624": 0.0003838619903244198
"p625": 0.00013736237889060116
"p626": 1.6935087808430286E-05
"p627": 0
"p628": 0
"p629": 0
