"p567": 0
"p568": 0.00011478226181269412
"p569": 2.0698440654748124E-05
"p570": 0
"p571": 0
"p572": 1.3171734962112442E-05
"p573": 5.645029269476761E-06
"p574": 0
"p575": 0
"p576": 3.7633528463178407E-06
"p577": 0
"p578": 0
"p579": 0
"p580": 0
"p581": 0
"p582": 0
"p583": 0
"p584": 0.00033305672689912887
"p585": 6.962202765688006E-05
"p586": 1.6935087808430286E-05
"p587": 0
"p588": 4.7041910578973015E-05
"p589": 3.7633528463178407E-06
"p590": 0
"p591": 0
"p592": 2.0698440654748124E-05
"p593": 5.645029269476761E-06
"p594": 0
"p595": 0
"p596": 0
"p597": 0
"p598": 0
"p599": 0
"p600": 0.0006021364554108546
"p601": 0.00019945770085484557
"p602": 5.645029269476761E-05
"p603": 1.1290058538953523E-05
"p604": 9.596549758110495E-05
"p605": 2.2580117077907045E-05
"p606": 0
"p607": 0
"p608": 0
"p609": 0
"p610": 0
"p611": 0
"p612": 0
"p613": 0
"p614": 0
"p615": 0
"p616": 1.8816764231589203E-05
"p617": 0
"p618": 0
"p619": 0
"p620": 7.5267056926356815E-06
"p621": 0
"p622": 0
"p623": 0
"p624": 2.4461793501065966E-05
"p625": 5.645029269476761E-06
"p626": 0
"p627": 0
"p628": 0
"p629": 0
