"p567": 0
"p568": 0.00013171734962112442
"p569": 2.2580117077907045E-05
"p570": 0
"p571": 0
"p572": 0.00012419064392848875
"p573": 4.327855773265516E-05
"p574": 5.645029269476761E-06
"p575": 0
"p576": 8.655711546531033E-05
"p577": 3.575185204001948E-05
"p578": 5.645029269476761E-06
"p579": 0
"p580": 0
"p581": 0
"p582": 0
"p583": 0
"p584": 2.2580117077907045E-05
"p585": 5.645029269476761E-06
"p586": 0
"p587": 0
"p588": 9.408382115794602E-06
"p589": 7.5267056926356815E-06
"p590": 1.8816764231589204E-06
"p591": 0
"p592": 8.091208619583358E-05
"p593": 3.1988499193701654E-05
"p594": 0
"p595": 0
"p596": 1.8816764231589204E-06
"p597": 1.8816764231589204E-06
"p598": 0
"p599": 0
"p600": 3.387017561686057E-05
"p601": 1.1290058538953523E-05
"p602": 1.8816764231589204E-06
"p603": 1.8816764231589204E-06
"p604": 4.139688130949625E-05
"p605": 1.1290058538953523E-05
"p606": 1.8816764231589204E-06
"p607": 1.8816764231589204E-06
"p608": 0.00019945770085484557
"p609": 4.516023415581409E-05
"p610": 1.1290058538953523E-05
"p611": 0
"p612": 0
"p613": 0
"p614": 0
"p615": 0
"p616": 0.0001373623788906012
"p617": 1.8816764231589203E-05
"p618": 5.645029269476761E-06
"p619": 0
"p620": 5.6450292694767617E-05
"p621": 3.7633528463178407E-06
"p622": 0
"p623": 0
"p624": 0.0004403122830191873
"p625": 0.00017123255450746173
"p626": 4.139688130949625E-05
"p627": 5.645029269476761E-06
"p628": 0
"p629": 0
