"p567": 4.516023415581409E-05
"p568": 0.0008900329481541695
"p569": 0.0002032210537011634
"p570": 3.0106822770542726E-05
"p571": 1.8816764231589204E-06
"p572": 0.0021112409467843084
"p573": 0.000684930218029847
"p574": 9.784717400426387E-05
"p575": 3.7633528463178407E-06
"p576": 1.1290058538953523E-05
"p577": 1.8816764231589204E-06
"p578": 0
"p579": 0
"p580": 1.3171734962112444E-05
"p581": 1.8816764231589204E-06
"p582": 0
"p583": 0
"p584": 1.8816764231589204E-06
"p585": 0
"p586": 0
"p587": 0
"p588": 0
"p589": 0
"p590": 0
"p591": 0
"p592": 2.6343469924224884E-05
"p593": 1.8816764231589204E-06
"p594": 0
"p595": 0
"p596": 2.0698440654748124E-05
"p597": 1.8816764231589204E-06
"p598": 0
"p599": 0
"p600": 9.408382115794602E-06
"p601": 0
"p602": 0
"p603": 0
"p604": 1.8816764231589204E-06
"p605": 0
"p606": 0
"p607": 0
"p608": 7.5267056926356815E-06
"p609": 0
"p610": 0
"p611": 0
"p612": 9.408382115794602E-06
"p613": 0
"p614": 0
"p615": 0
"p616": 0
"p617": 0
"p618": 0
"p619": 0
"p620": 0
"p621": 0
"p622": 0
"p623": 0
"p624": 2.2580117077907045E-05
"p625": 0
"p626": 0
"p627": 0
"p628": 2.6343469924224887E-05
"p629": 0
