"p567": 0
"p568": 0.002385965704565511
"p569": 0.0008222925969204481
"p570": 0.00016935087808430283
"p571": 1.3171734962112444E-05
"p572": 0.008234216027743435
"p573": 0.003121701186020649
"p574": 0.0005550945448318814
"p575": 5.080526342529084E-05
"p576": 0.0001731142309306207
"p577": 5.645029269476761E-06
"p578": 0
"p579": 0
"p580": 0.001512867844219772
"p581": 0.0002973048748591094
"p582": 3.575185204001949E-05
"p583": 1.8816764231589204E-06
"p584": 0.0018948481581210325
"p585": 0.0004929992228676371
"p586": 7.150370408003898E-05
"p587": 1.1290058538953523E-05
"p588": 0.0051501483701859654
"p589": 0.001717970574344094
"p590": 0.0003029499041285862
"p591": 4.139688130949625E-05
"p592": 0
"p593": 0
"p594": 0
"p595": 0
"p596": 0
"p597": 0
"p598": 0
"p599": 0
"p600": 5.080526342529084E-05
"p601": 0
"p602": 0
"p603": 0
"p604": 0.0009991701806973867
"p605": 0.00018252261304641527
"p606": 1.6935087808430286E-05
"p607": 0
"p608": 0.0016314134588787837
"p609": 0.0007018653058382773
"p610": 0.00017311423093062066
"p611": 3.7633528463178407E-06
"p612": 0.0020604356833590176
"p613": 0.0006190715432192848
"p614": 9.972885042742278E-05
"p615": 2.2580117077907045E-05
"p616": 0.01754098761668746
"p617": 0.0072595076405471155
"p618": 0.0016483485466872146
"p619": 0.00014865243742955472
"p620": 0.027973001706680514
"p621": 0.011370970625149357
"p622": 0.0027867627826983618
"p623": 0.0002916598455896327
"p624": 0.00020510273012432233
"p625": 5.268693984844976E-05
"p626": 0
"p627": 0
"p628": 0.0002803697870506791
"p629": 8.27937626189925E-05
