"p567": 0
"p568": 0.0005833196911792653
"p569": 0.0001938126715853688
"p570": 1.8816764231589204E-06
"p571": 0
"p572": 0.0006058998082571724
"p573": 0.00016182417239166716
"p574": 1.8816764231589204E-06
"p575": 0
"p576": 0.00010537387969689952
"p577": 2.2580117077907045E-05
"p578": 0
"p579": 0
"p580": 0.00030483158055174506
"p581": 7.338538050319788E-05
"p582": 5.645029269476761E-06
"p583": 0
"p584": 9.408382115794602E-06
"p585": 0
"p586": 0
"p587": 0
"p588": 2.0698440654748124E-05
"p589": 1.8816764231589204E-06
"p590": 1.8816764231589204E-06
"p591": 0
"p592": 0.00020510273012432228
"p593": 2.0698440654748124E-05
"p594": 0
"p595": 0
"p596": 0.0004233771952107571
"p597": 7.903040977267466E-05
"p598": 0
"p599": 0
"p600": 3.387017561686057E-05
"p601": 1.1290058538953523E-05
"p602": 1.8816764231589204E-06
"p603": 1.8816764231589204E-06
"p604": 9.22021447347871E-05
"p605": 2.0698440654748124E-05
"p606": 1.8816764231589204E-06
"p607": 1.8816764231589204E-06
"p608": 0.0007921857741499055
"p609": 0.0001956943480085277
"p610": 2.4461793501065966E-05
"p611": 0
"p612": 0.0009333115058868244
"p613": 0.00023709122931802394
"p614": 3.0106822770542726E-05
"p615": 0
"p616": 0.00029730487485910944
"p617": 4.3278557732655166E-05
"p618": 0
"p619": 0
"p620": 0.00021262943581695798
"p621": 3.0106822770542726E-05
"p622": 0
"p623": 0
"p624": 0.0018007643369630868
"p625": 0.0005776746619097886
"p626": 0.00012419064392848873
"p627": 1.6935087808430286E-05
"p628": 0.002165809563055917
"p629": 0.0007037469822614361
