"p567": 4.8923587002131926E-05
"p568": 0.0006698768066445755
"p569": 0.00022956452362538825
"p570": 3.951520488633733E-05
"p571": 5.645029269476761E-06
"p572": 0.0020077487435105675
"p573": 0.0006472966895666686
"p574": 0.00010537387969689954
"p575": 7.5267056926356815E-06
"p576": 0.0017085621922282995
"p577": 0.0004572473708276177
"p578": 6.585867481056221E-05
"p579": 1.1290058538953523E-05
"p580": 0.00526493063199866
"p581": 0.0016991538101125048
"p582": 0.0002973048748591094
"p583": 4.139688130949625E-05
"p584": 0.00036128187324651267
"p585": 0.00011854561465901196
"p586": 3.7633528463178407E-05
"p587": 5.645029269476761E-06
"p588": 0.0016483485466872142
"p589": 0.0005833196911792652
"p590": 0.0001298356731979655
"p591": 7.5267056926356815E-06
"p592": 5.080526342529084E-05
"p593": 0
"p594": 0
"p595": 0
"p596": 0.0009991701806973867
"p597": 0.00018252261304641527
"p598": 1.6935087808430286E-05
"p599": 0
"p600": 0
"p601": 0
"p602": 0
"p603": 0
"p604": 0
"p605": 0
"p606": 0
"p607": 0
"p608": 0.012799163030326978
"p609": 0.005464388332853505
"p610": 0.0013397536132891512
"p611": 0.00013359902604428335
"p612": 0.024094866598549976
"p613": 0.009811060870350611
"p614": 0.002476286172877139
"p615": 0.0002766064342043613
"p616": 0.006504955394860389
"p617": 0.0027020873436562095
"p618": 0.0005343961041771334
"p619": 1.3171734962112442E-05
"p620": 0.006713821477831029
"p621": 0.0024461793501065966
"p622": 0.0004271405480570749
"p623": 1.5053411385271363E-05
"p624": 0.007188003936467076
"p625": 0.0026080035224982628
"p626": 0.0005193426927918621
"p627": 5.2686939848449775E-05
"p628": 0.019454652539040083
"p629": 0.007073221674654382
