"p567": 0
"p568": 0.006883172355915331
"p569": 0.0026230569338835347
"p570": 0.0004986442521371139
"p571": 3.951520488633733E-05
"p572": 0.01011024742163288
"p573": 0.003816039786166291
"p574": 0.0008429910375751963
"p575": 8.279376261899248E-05
"p576": 0.0043372641553813115
"p577": 0.0015693181369145393
"p578": 0.00024085458216434183
"p579": 1.8816764231589203E-05
"p580": 0
"p581": 0
"p582": 0
"p583": 0
"p584": 0.0012099179400911855
"p585": 0.00042149551878759803
"p586": 3.575185204001949E-05
"p587": 0
"p588": 0.0012550781742469996
"p589": 0.0003688085789391484
"p590": 2.8225146347383805E-05
"p591": 0
"p592": 0.005221652074266004
"p593": 0.0015316846084513606
"p594": 0.00023897290574118285
"p595": 3.0106822770542726E-05
"p596": 0.00022768284720222937
"p597": 1.6935087808430282E-05
"p598": 0
"p599": 0
"p600": 0.0017857109255778152
"p601": 0.0006002547789876955
"p602": 0.0001373623788906012
"p603": 1.6935087808430282E-05
"p604": 0.0026926789615404146
"p605": 0.0008599261253836264
"p606": 0.00017123255450746173
"p607": 1.8816764231589203E-05
"p608": 0.011186566335679785
"p609": 0.00393646707724846
"p610": 0.000733853805031979
"p611": 4.704191057897301E-05
"p612": 2.0698440654748124E-05
"p613": 0
"p614": 0
"p615": 0
"p616": 0.00760009107313888
"p617": 0.0027190224314646394
"p618": 0.000521224369215021
"p619": 3.387017561686057E-05
"p620": 0.006858710562414265
"p621": 0.002005867067087409
"p622": 0.0003518734911307181
"p623": 2.446179350106597E-05
"p624": 0.022755112985260832
"p625": 0.009485530849144119
"p626": 0.0023050536183696776
"p627": 0.0002747247577812024
"p628": 0.00015053411385271363
"p629": 2.6343469924224887E-05
