"p567": 0
"p568": 0.0001580608195453493
"p569": 1.5053411385271363E-05
"p570": 3.7633528463178407E-06
"p571": 0
"p572": 0.0002502629642801364
"p573": 3.0106822770542726E-05
"p574": 3.7633528463178407E-06
"p575": 0
"p576": 0.0009596549758110495
"p577": 0.00028601481632015586
"p578": 6.209532196424438E-05
"p579": 5.645029269476761E-06
"p580": 0.0009653000050805259
"p581": 0.00028225146347383805
"p582": 5.456861627160869E-05
"p583": 5.645029269476761E-06
"p584": 0.0005532128684087226
"p585": 0.00015994249596850823
"p586": 3.575185204001949E-05
"p587": 0
"p588": 0.00040079707813285006
"p589": 0.00010537387969689954
"p590": 2.6343469924224884E-05
"p591": 0
"p592": 0
"p593": 0
"p594": 0
"p595": 0
"p596": 5.833196911792653E-05
"p597": 5.645029269476761E-06
"p598": 0
"p599": 0
"p600": 0
"p601": 0
"p602": 0
"p603": 0
"p604": 0
"p605": 0
"p606": 0
"p607": 0
"p608": 0.0006021364554108545
"p609": 0.0002107477593937991
"p610": 4.516023415581409E-05
"p611": 1.1290058538953523E-05
"p612": 0.0006303616017582384
"p613": 0.00020886608297064017
"p614": 3.9515204886337324E-05
"p615": 1.1290058538953523E-05
"p616": 0.00025026296428013644
"p617": 0.00010537387969689952
"p618": 5.645029269476761E-06
"p619": 0
"p620": 9.408382115794602E-05
"p621": 4.516023415581409E-05
"p622": 0
"p623": 0
"p624": 0.001458299227948163
"p625": 0.0004403122830191873
"p626": 5.080526342529085E-05
"p627": 0
"p628": 0.0020905425061295605
"p629": 0.0006736401594908933
