"p567": 0
"p568": 0.011617470236583174
"p569": 0.003960928870749527
"p570": 0.0006341249546045562
"p571": 4.5160234155814084E-05
"p572": 0.0027039690200793684
"p573": 0.0007997124798425411
"p574": 0.00012607232035164766
"p575": 1.1290058538953523E-05
"p576": 0.001234379733592252
"p577": 0.00040267875455600894
"p578": 6.585867481056221E-05
"p579": 1.1290058538953523E-05
"p580": 0.0001204272910821709
"p581": 2.8225146347383808E-05
"p582": 0
"p583": 0
"p584": 0.023404291351250654
"p585": 0.010808349374624842
"p586": 0.002931651867281598
"p587": 0.0003499918147075592
"p588": 0.00873286027988055
"p589": 0.003466047971458731
"p590": 0.0007658423042256805
"p591": 5.64502926947676E-05
"p592": 0.00046289240009709436
"p593": 5.080526342529086E-05
"p594": 0
"p595": 0
"p596": 0
"p597": 0
"p598": 0
"p599": 0
"p600": 0.001014223592082658
"p601": 0.00016558752523798497
"p602": 5.645029269476761E-06
"p603": 0
"p604": 4.139688130949624E-05
"p605": 3.7633528463178407E-06
"p606": 0
"p607": 0
"p608": 0.0006322432781813973
"p609": 0.00020886608297064017
"p610": 3.951520488633734E-05
"p611": 1.1290058538953523E-05
"p612": 3.7633528463178407E-06
"p613": 0
"p614": 0
"p615": 0
"p616": 0.012588415270933179
"p617": 0.004231890275684412
"p618": 0.0005701479562171529
"p619": 2.2580117077907045E-05
"p620": 0.003545078381231405
"p621": 0.0010368037091605655
"p622": 0.00013736237889060116
"p623": 5.645029269476761E-06
"p624": 0.0016596386052261677
"p625": 0.0005626212505245172
"p626": 9.032046831162817E-05
"p627": 1.8816764231589204E-06
"p628": 7.5267056926356815E-06
"p629": 0
