"p567": 0
"p568": 4.516023415581409E-05
"p569": 7.5267056926356815E-06
"p570": 0
"p571": 0
"p572": 6.39769983874033E-05
"p573": 1.6935087808430286E-05
"p574": 0
"p575": 0
"p576": 2.0698440654748124E-05
"p577": 5.645029269476761E-06
"p578": 0
"p579": 0
"p580": 9.596549758110492E-05
"p581": 4.139688130949624E-05
"p582": 5.645029269476761E-06
"p583": 0
"p584": 0
"p585": 0
"p586": 0
"p587": 0
"p588": 1.8816764231589204E-06
"p589": 1.8816764231589204E-06
"p590": 1.8816764231589204E-06
"p591": 0
"p592": 3.9515204886337324E-05
"p593": 9.408382115794602E-06
"p594": 0
"p595": 0
"p596": 9.032046831162815E-05
"p597": 3.7633528463178407E-05
"p598": 0
"p599": 0
"p600": 1.8816764231589204E-06
"p601": 1.8816764231589204E-06
"p602": 1.8816764231589204E-06
"p603": 1.8816764231589204E-06
"p604": 2.6343469924224887E-05
"p605": 7.5267056926356815E-06
"p606": 1.8816764231589204E-06
"p607": 1.8816764231589204E-06
"p608": 0.00015241579027587256
"p609": 2.2580117077907045E-05
"p610": 5.645029269476761E-06
"p611": 0
"p612": 0.00019945770085484557
"p613": 4.516023415581409E-05
"p614": 1.1290058538953523E-05
"p615": 0
"p616": 3.0106822770542726E-05
"p617": 0
"p618": 0
"p619": 0
"p620": 1.1290058538953523E-05
"p621": 0
"p622": 0
"p623": 0
"p624": 0.0003499918147075592
"p625": 0.00011478226181269415
"p626": 3.198849919370165E-05
"p627": 5.645029269476761E-06
"p628": 0.00046289240009709436
"p629": 0.00018252261304641524
