"p567": 0
"p568": 0.002647518727384601
"p569": 0.0008392276847288785
"p570": 0.0001034922032737406
"p571": 0
"p572": 0.0008279376261899249
"p573": 0.00023144620004854718
"p574": 1.8816764231589203E-05
"p575": 0
"p576": 0
"p577": 0
"p578": 0
"p579": 0
"p580": 0
"p581": 0
"p582": 0
"p583": 0
"p584": 0.00033117505047596993
"p585": 7.338538050319788E-05
"p586": 5.645029269476761E-06
"p587": 0
"p588": 7.903040977267465E-05
"p589": 2.0698440654748128E-05
"p590": 0
"p591": 0
"p592": 8.091208619583358E-05
"p593": 1.5053411385271363E-05
"p594": 0
"p595": 0
"p596": 0
"p597": 0
"p598": 0
"p599": 0
"p600": 0.0005024076049834318
"p601": 8.279376261899248E-05
"p602": 0
"p603": 0
"p604": 0.00015053411385271363
"p605": 1.5053411385271365E-05
"p606": 0
"p607": 0
"p608": 5.645029269476761E-05
"p609": 1.3171734962112442E-05
"p610": 0
"p611": 0
"p612": 0
"p613": 0
"p614": 0
"p615": 0
"p616": 0.0016408218409945787
"p617": 0.0003913886960170554
"p618": 4.327855773265517E-05
"p619": 0
"p620": 0.00033682007974544673
"p621": 7.714873334951573E-05
"p622": 1.1290058538953523E-05
"p623": 0
"p624": 0.00016182417239166716
"p625": 1.8816764231589203E-05
"p626": 0
"p627": 0
"p628": 1.6935087808430286E-05
"p629": 0
