"p567": 0
"p568": 0.0006134265139498081
"p569": 0.000118545614659012
"p570": 3.7633528463178407E-06
"p571": 0
"p572": 0.0009765900636194797
"p573": 0.00025402631712645424
"p574": 9.408382115794602E-06
"p575": 0
"p576": 0.0002464996114338186
"p577": 6.962202765688006E-05
"p578": 1.3171734962112442E-05
"p579": 0
"p580": 0.00013359902604428335
"p581": 1.1290058538953523E-05
"p582": 0
"p583": 0
"p584": 0.0013378719368659921
"p585": 0.0003838619903244197
"p586": 7.33853805031979E-05
"p587": 5.645029269476761E-06
"p588": 0.001245669792131205
"p589": 0.0003744536082086252
"p590": 6.774035123372113E-05
"p591": 5.645029269476761E-06
"p592": 0
"p593": 0
"p594": 0
"p595": 0
"p596": 9.408382115794602E-06
"p597": 5.645029269476761E-06
"p598": 0
"p599": 0
"p600": 0
"p601": 0
"p602": 0
"p603": 0
"p604": 5.64502926947676E-05
"p605": 3.7633528463178407E-06
"p606": 0
"p607": 0
"p608": 5.2686939848449775E-05
"p609": 1.1290058538953523E-05
"p610": 0
"p611": 0
"p612": 5.456861627160869E-05
"p613": 9.408382115794602E-06
"p614": 0
"p615": 0
"p616": 0.0008091208619583357
"p617": 0.0002690797285117256
"p618": 5.080526342529086E-05
"p619": 1.1290058538953523E-05
"p620": 0.0007150370408003896
"p621": 0.00023709122931802397
"p622": 3.9515204886337324E-05
"p623": 1.1290058538953523E-05
"p624": 8.467543904215141E-05
"p625": 2.2580117077907045E-05
"p626": 0
"p627": 0
"p628": 0.00014488908458323683
"p629": 4.704191057897301E-05
