"p567": 0
"p568": 0.0005776746619097885
"p569": 0.00017875926020009743
"p570": 5.645029269476761E-06
"p571": 0
"p572": 0.0009540099465415727
"p573": 0.00029542319843595057
"p574": 3.1988499193701654E-05
"p575": 0
"p576": 0.005204716986457572
"p577": 0.0016803370458809163
"p578": 0.00022768284720222934
"p579": 7.5267056926356815E-06
"p580": 1.6935087808430286E-05
"p581": 0
"p582": 0
"p583": 0
"p584": 0.0024123091744897352
"p585": 0.0008618078018067856
"p586": 0.0001392440553137601
"p587": 7.5267056926356815E-06
"p588": 0.0021319393874390563
"p589": 0.0005645029269476762
"p590": 8.279376261899248E-05
"p591": 0
"p592": 0.007703583276412622
"p593": 0.0032816436819891564
"p594": 0.0007470255399940914
"p595": 2.8225146347383808E-05
"p596": 0.0001674692016611439
"p597": 1.8816764231589203E-05
"p598": 0
"p599": 0
"p600": 0.005829433558946337
"p601": 0.002528973112725589
"p602": 0.0005249877220613389
"p603": 1.3171734962112444E-05
"p604": 0.005185900222225985
"p605": 0.001981405273586343
"p606": 0.00035563684397703593
"p607": 9.408382115794602E-06
"p608": 0.0023615039110644444
"p609": 0.000803475832688859
"p610": 3.763352846317841E-05
"p611": 1.8816764231589204E-06
"p612": 0
"p613": 0
"p614": 0
"p615": 0
"p616": 0.0009201397709247119
"p617": 0.0004158504895181215
"p618": 9.408382115794602E-06
"p619": 0
"p620": 0.000543804486292928
"p621": 0.00017311423093062066
"p622": 2.2580117077907045E-05
"p623": 0
"p624": 0.008032876650465431
"p625": 0.002434889291567643
"p626": 0.0001392440553137601
"p627": 1.8816764231589204E-06
"p628": 3.198849919370165E-05
"p629": 9.408382115794602E-06
