"p567": 0
"p568": 0.0017010354865356638
"p569": 0.0005080526342529086
"p570": 5.456861627160869E-05
"p571": 1.8816764231589204E-06
"p572": 0.0028601481632015585
"p573": 0.0008636894782299444
"p574": 0.00011854561465901199
"p575": 3.7633528463178407E-06
"p576": 0.009310534941790339
"p577": 0.003400189296648169
"p578": 0.0006661134537982578
"p579": 4.704191057897301E-05
"p580": 2.0698440654748124E-05
"p581": 0
"p582": 0
"p583": 0
"p584": 0.006077814846803313
"p585": 0.0022711834427528166
"p586": 0.0004553656944044587
"p587": 3.387017561686057E-05
"p588": 0.005970559290683254
"p589": 0.0018252261304641526
"p590": 0.00033305672689912887
"p591": 2.446179350106597E-05
"p592": 0.014184076877771944
"p593": 0.006465440189974051
"p594": 0.0017875926020009742
"p595": 0.0002239194943559115
"p596": 0.0003123582862443808
"p597": 4.327855773265517E-05
"p598": 0
"p599": 0
"p600": 0.013886772002912832
"p601": 0.0063600663102771505
"p602": 0.0015937799304156055
"p603": 0.00014112573173691905
"p604": 0.0116438137065074
"p605": 0.004606343883893037
"p606": 0.0009615366522342083
"p607": 6.209532196424438E-05
"p608": 0.004137806454526468
"p609": 0.0013021200848259728
"p610": 0.00011666393823585307
"p611": 1.8816764231589204E-06
"p612": 0
"p613": 0
"p614": 0
"p615": 0
"p616": 0.002077370771167448
"p617": 0.000756433922109886
"p618": 6.585867481056222E-05
"p619": 0
"p620": 0.0015862532247229695
"p621": 0.000427140548057075
"p622": 4.516023415581409E-05
"p623": 0
"p624": 0.016451496967678444
"p625": 0.005628094181668331
"p626": 0.0008053575091120178
"p627": 5.8331969117926534E-05
"p628": 3.198849919370165E-05
"p629": 9.408382115794602E-06
