"p567": 0
"p568": 0
"p569": 0
"p570": 0
"p571": 0
"p572": 3.7633528463178407E-06
"p573": 3.7633528463178407E-06
"p574": 0
"p575": 0
"p576": 3.9515204886337324E-05
"p577": 9.408382115794602E-06
"p578": 0
"p579": 0
"p580": 6.962202765688005E-05
"p581": 3.1988499193701654E-05
"p582": 0
"p583": 0
"p584": 1.8816764231589204E-06
"p585": 1.8816764231589204E-06
"p586": 1.8816764231589204E-06
"p587": 1.8816764231589204E-06
"p588": 2.6343469924224887E-05
"p589": 7.5267056926356815E-06
"p590": 1.8816764231589204E-06
"p591": 1.8816764231589204E-06
"p592": 0
"p593": 0
"p594": 0
"p595": 0
"p596": 2.0698440654748124E-05
"p597": 5.645029269476761E-06
"p598": 0
"p599": 0
"p600": 0
"p601": 0
"p602": 0
"p603": 0
"p604": 0
"p605": 0
"p606": 0
"p607": 0
"p608": 0.00029165984558963265
"p609": 9.22021447347871E-05
"p610": 2.6343469924224884E-05
"p611": 5.645029269476761E-06
"p612": 0.0002860148163201559
"p613": 0.0001091372325432174
"p614": 3.0106822770542726E-05
"p615": 5.645029269476761E-06
"p616": 0.00013736237889060116
"p617": 4.516023415581409E-05
"p618": 1.1290058538953523E-05
"p619": 0
"p620": 6.774035123372113E-05
"p621": 2.2580117077907045E-05
"p622": 1.1290058538953523E-05
"p623": 0
"p624": 0.00015053411385271363
"p625": 3.387017561686057E-05
"p626": 5.645029269476761E-06
"p627": 0
"p628": 0.0003631635496696716
"p629": 0.00011854561465901197
