"p567": 0
"p568": 9.596549758110495E-05
"p569": 2.4461793501065963E-05
"p570": 0
"p571": 0
"p572": 1.6935087808430286E-05
"p573": 0
"p574": 0
"p575": 0
"p576": 2.8225146347383808E-05
"p577": 9.408382115794602E-06
"p578": 0
"p579": 0
"p580": 0
"p581": 0
"p582": 0
"p583": 0
"p584": 9.22021447347871E-05
"p585": 3.575185204001949E-05
"p586": 0
"p587": 0
"p588": 1.5053411385271363E-05
"p589": 3.7633528463178407E-06
"p590": 0
"p591": 0
"p592": 0
"p593": 0
"p594": 0
"p595": 0
"p596": 0
"p597": 0
"p598": 0
"p599": 0
"p600": 2.0698440654748124E-05
"p601": 5.645029269476761E-06
"p602": 0
"p603": 0
"p604": 0
"p605": 0
"p606": 0
"p607": 0
"p608": 1.6935087808430282E-05
"p609": 1.8816764231589204E-06
"p610": 0
"p611": 0
"p612": 0
"p613": 0
"p614": 0
"p615": 0
"p616": 0.0006209532196424437
"p617": 0.0002013393772780045
"p618": 5.645029269476761E-05
"p619": 1.1290058538953523E-05
"p620": 0.00010161052685058171
"p621": 2.2580117077907045E-05
"p622": 0
"p623": 0
"p624": 3.7633528463178407E-06
"p625": 0
"p626": 0
"p627": 0
"p628": 0
"p629": 0
