"p567": 0
"p568": 0.0003895070195938966
"p569": 7.33853805031979E-05
"p570": 7.5267056926356815E-06
"p571": 0
"p572": 0.0004817091643286836
"p573": 8.655711546531035E-05
"p574": 3.7633528463178407E-06
"p575": 0
"p576": 0.000987880122158433
"p577": 0.00028225146347383805
"p578": 5.456861627160869E-05
"p579": 5.645029269476761E-06
"p580": 1.3171734962112444E-05
"p581": 0
"p582": 0
"p583": 0
"p584": 0.0013284635547501978
"p585": 0.00040079707813285
"p586": 9.784717400426387E-05
"p587": 5.645029269476761E-06
"p588": 0.000541922809869769
"p589": 0.00014300740816007796
"p590": 2.6343469924224884E-05
"p591": 0
"p592": 5.64502926947676E-05
"p593": 3.7633528463178407E-06
"p594": 0
"p595": 0
"p596": 1.8816764231589204E-06
"p597": 1.8816764231589204E-06
"p598": 0
"p599": 0
"p600": 0
"p601": 0
"p602": 0
"p603": 0
"p604": 0
"p605": 0
"p606": 0
"p607": 0
"p608": 0.0006303616017582384
"p609": 0.00020886608297064017
"p610": 3.9515204886337324E-05
"p611": 1.1290058538953523E-05
"p612": 0
"p613": 0
"p614": 0
"p615": 0
"p616": 0.0006171898667961258
"p617": 0.00022203781793275258
"p618": 3.9515204886337324E-05
"p619": 1.1290058538953523E-05
"p620": 0.0002860148163201559
"p621": 8.279376261899251E-05
"p622": 0
"p623": 0
"p624": 0.002103714241091673
"p625": 0.0006774035123372112
"p626": 9.596549758110493E-05
"p627": 0
"p628": 0
"p629": 0
