"p567": 8.279376261899251E-05
"p568": 0.0023520955289486503
"p569": 0.0007601972749562039
"p570": 0.00015053411385271363
"p571": 9.408382115794602E-06
"p572": 0.003227075065717548
"p573": 0.0011177157953563986
"p574": 0.00018252261304641527
"p575": 9.408382115794602E-06
"p576": 2.0698440654748124E-05
"p577": 1.8816764231589204E-06
"p578": 0
"p579": 0
"p580": 1.6935087808430286E-05
"p581": 1.8816764231589204E-06
"p582": 0
"p583": 0
"p584": 7.5267056926356815E-06
"p585": 0
"p586": 0
"p587": 0
"p588": 1.8816764231589204E-06
"p589": 0
"p590": 0
"p591": 0
"p592": 0
"p593": 0
"p594": 0
"p595": 0
"p596": 0
"p597": 0
"p598": 0
"p599": 0
"p600": 0
"p601": 0
"p602": 0
"p603": 0
"p604": 0
"p605": 0
"p606": 0
"p607": 0
"p608": 1.3171734962112444E-05
"p609": 0
"p610": 0
"p611": 0
"p612": 1.3171734962112444E-05
"p613": 0
"p614": 0
"p615": 0
"p616": 1.8816764231589204E-06
"p617": 0
"p618": 0
"p619": 0
"p620": 0
"p621": 0
"p622": 0
"p623": 0
"p624": 3.3870175616860565E-05
"p625": 1.8816764231589204E-06
"p626": 0
"p627": 0
"p628": 3.951520488633732E-05
"p629": 1.8816764231589204E-06
