"p567": 0
"p568": 0.001509104491373454
"p569": 0.0004873541935981603
"p570": 5.080526342529085E-05
"p571": 0
"p572": 0.001815817748348358
"p573": 0.0005833196911792654
"p574": 6.962202765688006E-05
"p575": 0
"p576": 0
"p577": 0
"p578": 0
"p579": 0
"p580": 0
"p581": 0
"p582": 0
"p583": 0
"p584": 0.00010913723254321737
"p585": 2.2580117077907045E-05
"p586": 0
"p587": 0
"p588": 0.00030483158055174506
"p589": 7.338538050319788E-05
"p590": 5.645029269476761E-06
"p591": 0
"p592": 1.3171734962112444E-05
"p593": 0
"p594": 0
"p595": 0
"p596": 8.091208619583358E-05
"p597": 1.5053411385271363E-05
"p598": 0
"p599": 0
"p600": 0.00021262943581695798
"p601": 2.0698440654748124E-05
"p602": 0
"p603": 0
"p604": 0.000425258871633916
"p605": 7.714873334951574E-05
"p606": 0
"p607": 0
"p608": 5.645029269476761E-05
"p609": 1.1290058538953523E-05
"p610": 0
"p611": 0
"p612": 5.645029269476761E-05
"p613": 1.3171734962112442E-05
"p614": 0
"p615": 0
"p616": 0.0010085785628131815
"p617": 0.00022768284720222937
"p618": 2.4461793501065966E-05
"p619": 0
"p620": 0.0009897617985815922
"p621": 0.00024838128785697745
"p622": 3.0106822770542726E-05
"p623": 0
"p624": 0.00028789649274331484
"p625": 8.091208619583358E-05
"p626": 1.3171734962112442E-05
"p627": 0
"p628": 0.00016746920166114393
"p629": 1.8816764231589203E-05
