"p567": 1.3171734962112444E-05
"p568": 9.220214473478711E-05
"p569": 3.1988499193701654E-05
"p570": 5.645029269476761E-06
"p571": 0
"p572": 0.0008561627725373086
"p573": 0.00025590799354961323
"p574": 3.387017561686057E-05
"p575": 0
"p576": 0.0038141581097431315
"p577": 0.0016351768117251018
"p578": 0.0003368200797454468
"p579": 1.1290058538953523E-05
"p580": 0.009064035330356521
"p581": 0.0038969518723621244
"p582": 0.0009257848001941889
"p583": 3.9515204886337324E-05
"p584": 0.0015843715482998107
"p585": 0.0006679951302214168
"p586": 9.596549758110493E-05
"p587": 0
"p588": 0.0024405343208371197
"p589": 0.0009333115058868244
"p590": 0.00015053411385271363
"p591": 0
"p592": 2.8225146347383805E-05
"p593": 0
"p594": 0
"p595": 0
"p596": 0.0004892358700213193
"p597": 6.209532196424438E-05
"p598": 0
"p599": 0
"p600": 0
"p601": 0
"p602": 0
"p603": 0
"p604": 2.0698440654748124E-05
"p605": 5.645029269476761E-06
"p606": 0
"p607": 0
"p608": 0.0013698604360596943
"p609": 0.00043843060659602847
"p610": 4.704191057897301E-05
"p611": 0
"p612": 0.005394766305196625
"p613": 0.0018064093662325635
"p614": 0.00015053411385271365
"p615": 1.8816764231589204E-06
"p616": 0.0002521446407032953
"p617": 7.150370408003898E-05
"p618": 5.645029269476761E-06
"p619": 0
"p620": 0.00043090390090339285
"p621": 0.00011666393823585305
"p622": 2.0698440654748124E-05
"p623": 0
"p624": 0.0034039526494944864
"p625": 0.0011177157953563986
"p626": 0.0001373623788906012
"p627": 1.8816764231589204E-06
"p628": 0.012420946069272036
"p629": 0.004256352069185479
