"p567": 4.5160234155814084E-05
"p568": 0.0008768612131920568
"p569": 0.00029542319843595046
"p570": 6.021364554108545E-05
"p571": 7.5267056926356815E-06
"p572": 0.003338093974683925
"p573": 0.0010800822668932202
"p574": 0.0001768775837769385
"p575": 1.1290058538953523E-05
"p576": 0.009261611354788207
"p577": 0.004341027508227629
"p578": 0.0011459409417037825
"p579": 0.00012607232035164768
"p580": 0.015747749985417003
"p581": 0.007449556959286166
"p582": 0.002120649328900104
"p583": 0.0002671980520885667
"p584": 0.005010904314872205
"p585": 0.002199679738672778
"p586": 0.00046853742936657115
"p587": 1.3171734962112442E-05
"p588": 0.005411701393005054
"p589": 0.002169572915902235
"p590": 0.0004083237838254857
"p591": 1.5053411385271363E-05
"p592": 7.714873334951573E-05
"p593": 5.645029269476761E-06
"p594": 0
"p595": 0
"p596": 0.0011402959124343058
"p597": 0.00018064093662325633
"p598": 5.645029269476761E-06
"p599": 0
"p600": 0
"p601": 0
"p602": 0
"p603": 0
"p604": 6.39769983874033E-05
"p605": 2.2580117077907045E-05
"p606": 0
"p607": 0
"p608": 0.003949638812210573
"p609": 0.0013096467905186087
"p610": 0.00019945770085484554
"p611": 7.5267056926356815E-06
"p612": 0.009735793813424256
"p613": 0.0031649797437533042
"p614": 0.0003782169610549431
"p615": 9.408382115794602E-06
"p616": 0.0015429746669903149
"p617": 0.000521224369215021
"p618": 6.962202765688005E-05
"p619": 0
"p620": 0.0015147495206429302
"p621": 0.00037445360820862513
"p622": 3.9515204886337324E-05
"p623": 0
"p624": 0.01008014059886234
"p625": 0.0034302961194187117
"p626": 0.0006190715432192849
"p627": 4.704191057897301E-05
"p628": 0.024130618450589995
"p629": 0.008845760865270084
