"p567": 0
"p568": 0.0002389729057411829
"p569": 2.6343469924224887E-05
"p570": 0
"p571": 0
"p572": 0.00040079707813285006
"p573": 5.833196911792653E-05
"p574": 0
"p575": 0
"p576": 0.0003217666683601754
"p577": 6.39769983874033E-05
"p578": 0
"p579": 0
"p580": 5.645029269476761E-06
"p581": 1.8816764231589204E-06
"p582": 0
"p583": 0
"p584": 0.00011478226181269412
"p585": 2.0698440654748124E-05
"p586": 1.8816764231589204E-06
"p587": 1.8816764231589204E-06
"p588": 0.00022203781793275258
"p589": 3.575185204001949E-05
"p590": 1.8816764231589204E-06
"p591": 1.8816764231589204E-06
"p592": 8.843879188846926E-05
"p593": 9.408382115794602E-06
"p594": 0
"p595": 0
"p596": 0
"p597": 0
"p598": 0
"p599": 0
"p600": 3.7633528463178407E-06
"p601": 0
"p602": 0
"p603": 0
"p604": 0
"p605": 0
"p606": 0
"p607": 0
"p608": 0.0015166311970660896
"p609": 0.0004666557529434123
"p610": 9.4083821157946E-05
"p611": 1.6935087808430286E-05
"p612": 1.3171734962112444E-05
"p613": 0
"p614": 0
"p615": 0
"p616": 0.0018666230117736489
"p617": 0.0006002547789876956
"p618": 0.0001373623788906012
"p619": 1.6935087808430286E-05
"p620": 0.0007884224213035876
"p621": 0.00021074775939379907
"p622": 2.4461793501065963E-05
"p623": 0
"p624": 0.0017781842198851794
"p625": 0.0005362777806002923
"p626": 9.220214473478709E-05
"p627": 0
"p628": 0
"p629": 0
