"p567": 0
"p568": 0.0006303616017582384
"p569": 0.00026343469924224885
"p570": 3.951520488633733E-05
"p571": 5.645029269476761E-06
"p572": 0.000588964720448742
"p573": 0.00016370584881482606
"p574": 3.198849919370165E-05
"p575": 1.8816764231589204E-06
"p576": 0.002169572915902235
"p577": 0.000636006631027715
"p578": 5.645029269476761E-05
"p579": 0
"p580": 0.00014300740816007796
"p581": 0
"p582": 0
"p583": 0
"p584": 0.000756433922109886
"p585": 0.000259671346395931
"p586": 4.139688130949625E-05
"p587": 0
"p588": 0.0012626048799396355
"p589": 0.000378216961054943
"p590": 4.704191057897301E-05
"p591": 0
"p592": 0.00045724737082761767
"p593": 3.387017561686057E-05
"p594": 0
"p595": 0
"p596": 0
"p597": 0
"p598": 0
"p599": 0
"p600": 0
"p601": 0
"p602": 0
"p603": 0
"p604": 0
"p605": 0
"p606": 0
"p607": 0
"p608": 0.01047529264772571
"p609": 0.0038028680512041777
"p610": 0.000780895715610952
"p611": 3.0106822770542726E-05
"p612": 9.972885042742278E-05
"p613": 1.8816764231589203E-05
"p614": 0
"p615": 0
"p616": 0.006542588923323567
"p617": 0.0026192935810372166
"p618": 0.0005343961041771335
"p619": 1.3171734962112444E-05
"p620": 0.0059272807329506004
"p621": 0.002079252447590607
"p622": 0.00035563684397703593
"p623": 9.408382115794602E-06
"p624": 0.008102498678122313
"p625": 0.002568488317611926
"p626": 0.0002935415220127916
"p627": 9.408382115794602E-06
"p628": 7.5267056926356815E-06
"p629": 0
