"p567": 0
"p568": 0.0019155465987757809
"p569": 0.0006510600424129865
"p570": 0.00012607232035164766
"p571": 1.8816764231589204E-06
"p572": 0.007615144484524152
"p573": 0.0028752015745868303
"p574": 0.0004948808992907962
"p575": 1.8816764231589203E-05
"p576": 0
"p577": 0
"p578": 0
"p579": 0
"p580": 3.9515204886337324E-05
"p581": 1.8816764231589204E-06
"p582": 0
"p583": 0
"p584": 0.000660468424528781
"p585": 0.00016935087808430283
"p586": 1.8816764231589204E-06
"p587": 0
"p588": 0.0028940183388184194
"p589": 0.0009050863595394408
"p590": 3.951520488633733E-05
"p591": 1.8816764231589204E-06
"p592": 0.00012419064392848875
"p593": 0
"p594": 0
"p595": 0
"p596": 0.0008618078018067854
"p597": 0.0001016105268505817
"p598": 7.5267056926356815E-06
"p599": 0
"p600": 0.0007601972749562039
"p601": 0.00017311423093062066
"p602": 7.5267056926356815E-06
"p603": 0
"p604": 0.003038907423401656
"p605": 0.0008655711546531032
"p606": 8.467543904215141E-05
"p607": 0
"p608": 3.198849919370165E-05
"p609": 1.8816764231589204E-06
"p610": 0
"p611": 0
"p612": 0.00023709122931802392
"p613": 3.575185204001948E-05
"p614": 0
"p615": 0
"p616": 0.002594831787536151
"p617": 0.0007696056570719986
"p618": 0.00012230896750532982
"p619": 1.8816764231589204E-06
"p620": 0.008335826554594021
"p621": 0.002647518727384601
"p622": 0.00034811013828440026
"p623": 1.3171734962112444E-05
"p624": 0.00031988499193701646
"p625": 0.00010161052685058171
"p626": 1.8816764231589203E-05
"p627": 0
"p628": 0.000925784800194189
"p629": 0.0002878964927433148
