"p567": 0
"p568": 1.8816764231589204E-06
"p569": 1.8816764231589204E-06
"p570": 1.8816764231589204E-06
"p571": 0
"p572": 1.3171734962112444E-05
"p573": 3.7633528463178407E-06
"p574": 1.8816764231589204E-06
"p575": 0
"p576": 0.00014300740816007796
"p577": 2.2580117077907045E-05
"p578": 5.645029269476761E-06
"p579": 0
"p580": 0.00019945770085484554
"p581": 5.080526342529085E-05
"p582": 1.1290058538953523E-05
"p583": 0
"p584": 3.0106822770542726E-05
"p585": 0
"p586": 0
"p587": 0
"p588": 1.3171734962112444E-05
"p589": 1.8816764231589204E-06
"p590": 1.8816764231589204E-06
"p591": 0
"p592": 0.0002860148163201559
"p593": 9.22021447347871E-05
"p594": 2.6343469924224884E-05
"p595": 5.645029269476761E-06
"p596": 0.00026907972851172564
"p597": 0.0001091372325432174
"p598": 3.0106822770542726E-05
"p599": 5.645029269476761E-06
"p600": 0.00013736237889060116
"p601": 4.516023415581409E-05
"p602": 1.1290058538953523E-05
"p603": 0
"p604": 6.774035123372113E-05
"p605": 2.2580117077907045E-05
"p606": 1.1290058538953523E-05
"p607": 0
"p608": 1.1290058538953523E-05
"p609": 0
"p610": 0
"p611": 0
"p612": 1.5053411385271363E-05
"p613": 0
"p614": 0
"p615": 0
"p616": 0
"p617": 0
"p618": 0
"p619": 0
"p620": 0
"p621": 0
"p622": 0
"p623": 0
"p624": 0.00012607232035164766
"p625": 4.8923587002131926E-05
"p626": 5.645029269476761E-06
"p627": 0
"p628": 0.0002897781691664738
"p629": 0.00011666393823585305
