"p567": 0
"p568": 0.0006661134537982578
"p569": 0.00019757602443168663
"p570": 3.010682277054273E-05
"p571": 1.8816764231589204E-06
"p572": 0.004374897683844491
"p573": 0.0013792688181754886
"p574": 0.0001580608195453493
"p575": 1.3171734962112444E-05
"p576": 0.0002973048748591094
"p577": 9.97288504274228E-05
"p578": 1.8816764231589203E-05
"p579": 0
"p580": 0.0008335826554594018
"p581": 0.00025778966997277205
"p582": 3.0106822770542726E-05
"p583": 0
"p584": 0.004749351292053115
"p585": 0.001981405273586343
"p586": 0.0003744536082086252
"p587": 1.1290058538953523E-05
"p588": 0.010097075686670766
"p589": 0.004290222244802338
"p590": 0.000995406827851069
"p591": 3.9515204886337324E-05
"p592": 0
"p593": 0
"p594": 0
"p595": 0
"p596": 0.00020886608297064017
"p597": 0
"p598": 0
"p599": 0
"p600": 2.8225146347383805E-05
"p601": 0
"p602": 0
"p603": 0
"p604": 0.00041208713667180354
"p605": 6.209532196424438E-05
"p606": 0
"p607": 0
"p608": 3.198849919370165E-05
"p609": 1.8816764231589204E-06
"p610": 0
"p611": 0
"p612": 0.0002709614049348845
"p613": 5.833196911792653E-05
"p614": 0
"p615": 0
"p616": 0.001556146401952427
"p617": 0.00048170916432868356
"p618": 4.892358700213192E-05
"p619": 0
"p620": 0.005573525565396724
"p621": 0.0018703863646199665
"p622": 0.0001637058488148261
"p623": 1.8816764231589204E-06
"p624": 0.0001561791431221904
"p625": 5.456861627160869E-05
"p626": 0
"p627": 0
"p628": 0.0008091208619583356
"p629": 0.00024838128785697745
