"p567": 1.8816764231589204E-06
"p568": 0.0020228021548958394
"p569": 0.0005325144277539744
"p570": 5.645029269476761E-05
"p571": 0
"p572": 0.007880460860189559
"p573": 0.0026249386103066935
"p574": 0.0003631635496696717
"p575": 2.2580117077907045E-05
"p576": 0.00028225146347383805
"p577": 6.585867481056221E-05
"p578": 3.7633528463178407E-06
"p579": 0
"p580": 0.0005099343106760673
"p581": 0.00011101890896637632
"p582": 9.408382115794602E-06
"p583": 0
"p584": 0.006747691653447889
"p585": 0.002429244262298166
"p586": 0.0005042892814065906
"p587": 4.516023415581409E-05
"p588": 0.012870666734407017
"p589": 0.004596935501777242
"p590": 0.0008222925969204483
"p591": 5.2686939848449775E-05
"p592": 0.0014074939645228723
"p593": 0.0006510600424129864
"p594": 0.0001693508780843028
"p595": 3.7633528463178407E-06
"p596": 0.0019475350979694826
"p597": 0.0005795563383329475
"p598": 9.408382115794602E-05
"p599": 2.2580117077907045E-05
"p600": 0.015066583120233481
"p601": 0.006638554420904673
"p602": 0.0015768448426071754
"p603": 0.00014865243742955472
"p604": 0.021246008493887372
"p605": 0.009716977049192665
"p606": 0.002585423405420357
"p607": 0.0002897781691664738
"p608": 6.962202765688005E-05
"p609": 1.8816764231589203E-05
"p610": 0
"p611": 0
"p612": 5.8331969117926534E-05
"p613": 2.6343469924224887E-05
"p614": 3.7633528463178407E-06
"p615": 0
"p616": 0.0020566723305127
"p617": 0.0005908463968719009
"p618": 6.209532196424438E-05
"p619": 0
"p620": 0.0056506742987462374
"p621": 0.0018685046881968077
"p622": 0.00015053411385271365
"p623": 1.8816764231589204E-06
"p624": 0.0003274116976296521
"p625": 7.526705692635681E-05
"p626": 0
"p627": 0
"p628": 0.001484642697872388
"p629": 0.0004986442521371138
