"p567": 0
"p568": 0.0030088006006311137
"p569": 0.0010763189140469023
"p570": 0.00014488908458323686
"p571": 1.3171734962112444E-05
"p572": 0.00027660643420436126
"p573": 7.150370408003898E-05
"p574": 2.446179350106597E-05
"p575": 1.8816764231589204E-06
"p576": 0.0007075103351077539
"p577": 0.0001016105268505817
"p578": 7.5267056926356815E-06
"p579": 0
"p580": 0
"p581": 0
"p582": 0
"p583": 0
"p584": 0.002860148163201559
"p585": 0.0008580444489604676
"p586": 8.655711546531035E-05
"p587": 0
"p588": 0.0006698768066445757
"p589": 0.00014677076100639576
"p590": 5.645029269476761E-06
"p591": 0
"p592": 0
"p593": 0
"p594": 0
"p595": 0
"p596": 0
"p597": 0
"p598": 0
"p599": 0
"p600": 0.00045724737082761767
"p601": 3.387017561686057E-05
"p602": 0
"p603": 0
"p604": 0
"p605": 0
"p606": 0
"p607": 0
"p608": 0.0011252425010490345
"p609": 0.0002991865512822684
"p610": 3.0106822770542726E-05
"p611": 0
"p612": 6.021364554108545E-05
"p613": 1.6935087808430286E-05
"p614": 0
"p615": 0
"p616": 0.0165267640246048
"p617": 0.006149318550883353
"p618": 0.0012701315856322717
"p619": 4.327855773265517E-05
"p620": 0.004645859088779374
"p621": 0.0015994249596850826
"p622": 0.0002878964927433148
"p623": 9.408382115794602E-06
"p624": 0.00010913723254321737
"p625": 9.408382115794602E-06
"p626": 0
"p627": 0
"p628": 0
"p629": 0
