"p567": 0
"p568": 0.0009201397709247121
"p569": 0.00031047660982122185
"p570": 4.516023415581409E-05
"p571": 5.645029269476761E-06
"p572": 0.0013416352897123102
"p573": 0.00041396881309496247
"p574": 6.397699838740331E-05
"p575": 1.8816764231589204E-06
"p576": 0.006811668651835292
"p577": 0.00283944972254681
"p578": 0.0006585867481056221
"p579": 2.8225146347383808E-05
"p580": 9.032046831162818E-05
"p581": 1.8816764231589203E-05
"p582": 0
"p583": 0
"p584": 0.005009022638449046
"p585": 0.002226023208597003
"p586": 0.00047418245863604805
"p587": 1.3171734962112444E-05
"p588": 0.004824618348979471
"p589": 0.0018760313938894436
"p590": 0.0003387017561686057
"p591": 9.408382115794602E-06
"p592": 0.00041208713667180354
"p593": 6.209532196424438E-05
"p594": 0
"p595": 0
"p596": 7.714873334951574E-05
"p597": 0
"p598": 0
"p599": 0
"p600": 9.408382115794602E-06
"p601": 0
"p602": 0
"p603": 0
"p604": 3.9515204886337324E-05
"p605": 5.645029269476761E-06
"p606": 0
"p607": 0
"p608": 0.00425447039276232
"p609": 0.001367978759636535
"p610": 0.00012230896750532982
"p611": 1.8816764231589204E-06
"p612": 9.408382115794602E-06
"p613": 0
"p614": 0
"p615": 0
"p616": 0.0018666230117736487
"p617": 0.0006943386001456417
"p618": 5.833196911792653E-05
"p619": 0
"p620": 0.0012607232035164765
"p621": 0.00033870175616860566
"p622": 3.7633528463178407E-05
"p623": 0
"p624": 0.010275834946870864
"p625": 0.003343739003953401
"p626": 0.0003330567268991289
"p627": 9.408382115794602E-06
"p628": 3.9515204886337324E-05
"p629": 9.408382115794602E-06
