"p567": 0
"p568": 0.002448061026529755
"p569": 0.0009144947416552353
"p570": 0.00014488908458323686
"p571": 7.5267056926356815E-06
"p572": 0.003426532766572394
"p573": 0.0011685210587816896
"p574": 0.00021262943581695798
"p575": 1.8816764231589204E-06
"p576": 0.002448061026529755
"p577": 0.0007357354814551377
"p578": 3.951520488633733E-05
"p579": 1.8816764231589204E-06
"p580": 0
"p581": 0
"p582": 0
"p583": 0
"p584": 0.0005720296326403118
"p585": 0.00019381267158536877
"p586": 1.8816764231589204E-06
"p587": 0
"p588": 0.0006529417188361453
"p589": 0.00017875926020009743
"p590": 0
"p591": 0
"p592": 0.0025590799354961316
"p593": 0.0006642317773750988
"p594": 5.645029269476761E-05
"p595": 0
"p596": 0.00014300740816007796
"p597": 0
"p598": 0
"p599": 0
"p600": 0.000756433922109886
"p601": 0.000259671346395931
"p602": 4.139688130949625E-05
"p603": 0
"p604": 0.0012626048799396355
"p605": 0.000378216961054943
"p606": 4.704191057897301E-05
"p607": 0
"p608": 0.0061116850224201755
"p609": 0.0019155465987757809
"p610": 0.0002446179350106597
"p611": 7.5267056926356815E-06
"p612": 1.6935087808430286E-05
"p613": 0
"p614": 0
"p615": 0
"p616": 0.0028902549859721005
"p617": 0.0009653000050805263
"p618": 0.00014865243742955472
"p619": 7.5267056926356815E-06
"p620": 0.0023332787647170608
"p621": 0.0005908463968719009
"p622": 8.467543904215141E-05
"p623": 0
"p624": 0.011888431641518062
"p625": 0.004572473708276177
"p626": 0.000827937626189925
"p627": 3.0106822770542726E-05
"p628": 9.032046831162818E-05
"p629": 1.8816764231589203E-05
