"p567": 0
"p568": 0.00015806081954534932
"p569": 3.575185204001949E-05
"p570": 5.645029269476761E-06
"p571": 0
"p572": 0.0002521446407032953
"p573": 7.150370408003898E-05
"p574": 5.645029269476761E-06
"p575": 0
"p576": 0
"p577": 0
"p578": 0
"p579": 0
"p580": 0
"p581": 0
"p582": 0
"p583": 0
"p584": 2.0698440654748124E-05
"p585": 5.645029269476761E-06
"p586": 0
"p587": 0
"p588": 9.596549758110492E-05
"p589": 4.139688130949624E-05
"p590": 5.645029269476761E-06
"p591": 0
"p592": 0
"p593": 0
"p594": 0
"p595": 0
"p596": 3.010682277054273E-05
"p597": 1.1290058538953523E-05
"p598": 0
"p599": 0
"p600": 3.9515204886337324E-05
"p601": 9.408382115794602E-06
"p602": 0
"p603": 0
"p604": 8.843879188846925E-05
"p605": 3.575185204001949E-05
"p606": 0
"p607": 0
"p608": 7.5267056926356815E-06
"p609": 0
"p610": 0
"p611": 0
"p612": 3.7633528463178407E-06
"p613": 0
"p614": 0
"p615": 0
"p616": 0.00017499590735377962
"p617": 2.2580117077907045E-05
"p618": 5.645029269476761E-06
"p619": 0
"p620": 0.00020698440654748126
"p621": 4.516023415581409E-05
"p622": 1.1290058538953523E-05
"p623": 0
"p624": 3.010682277054273E-05
"p625": 3.7633528463178407E-06
"p626": 0
"p627": 0
"p628": 1.5053411385271363E-05
"p629": 0
