"p567": 0
"p568": 0.002374675646026557
"p569": 0.0009276664766173478
"p570": 0.00015241579027587256
"p571": 1.6935087808430282E-05
"p572": 0.0031555713616375092
"p573": 0.0010650288555079488
"p574": 0.00022015614150959367
"p575": 1.6935087808430286E-05
"p576": 0.004290222244802339
"p577": 0.0013548070246744226
"p578": 0.00022203781793275258
"p579": 3.0106822770542726E-05
"p580": 0.00022768284720222937
"p581": 1.6935087808430282E-05
"p582": 0
"p583": 0
"p584": 0.0017687758377693849
"p585": 0.0006002547789876955
"p586": 0.0001373623788906012
"p587": 1.6935087808430282E-05
"p588": 0.002658808785923554
"p589": 0.0008599261253836264
"p590": 0.00017123255450746173
"p591": 1.8816764231589203E-05
"p592": 0.0009991701806973867
"p593": 0.00018252261304641527
"p594": 1.6935087808430286E-05
"p595": 0
"p596": 0
"p597": 0
"p598": 0
"p599": 0
"p600": 1.6935087808430282E-05
"p601": 0
"p602": 0
"p603": 0
"p604": 3.3870175616860565E-05
"p605": 0
"p606": 0
"p607": 0
"p608": 0.019016221932444052
"p609": 0.0076810031593347134
"p610": 0.001932481686584211
"p611": 0.00022580117077907044
"p612": 0.0001637058488148261
"p613": 2.6343469924224887E-05
"p614": 0
"p615": 0
"p616": 0.016334833029442594
"p617": 0.0070280614404985686
"p618": 0.0016897454279967109
"p619": 0.00014112573173691905
"p620": 0.014110691497268745
"p621": 0.0051012247831838334
"p622": 0.0009972885042742279
"p623": 6.209532196424438E-05
"p624": 0.01607139833020034
"p625": 0.005795563383329476
"p626": 0.0011290058538953524
"p627": 0.00010725555612005845
"p628": 7.5267056926356815E-06
"p629": 0
