"p567": 1.8816764231589204E-06
"p568": 0.003513089882037704
"p569": 0.001061265502661631
"p570": 0.0001825226130464153
"p571": 1.3171734962112444E-05
"p572": 0.011231726569835596
"p573": 0.003919531989440031
"p574": 0.0006228348960656026
"p575": 4.7041910578973E-05
"p576": 0.001153467647396418
"p577": 0.0005080526342529085
"p578": 0.00012419064392848875
"p579": 3.7633528463178407E-06
"p580": 0.001247551468554364
"p581": 0.0003932703724402144
"p582": 6.0213645541085445E-05
"p583": 1.1290058538953523E-05
"p584": 0.012752121119748005
"p585": 0.0057259413556725956
"p586": 0.001396203905983919
"p587": 0.00013548070246744229
"p588": 0.018656821735620697
"p589": 0.008627486400183652
"p590": 0.00235397720537181
"p591": 0.00027660643420436136
"p592": 0
"p593": 0
"p594": 0
"p595": 0
"p596": 0.00046289240009709436
"p597": 5.080526342529086E-05
"p598": 0
"p599": 0
"p600": 7.714873334951573E-05
"p601": 5.645029269476761E-06
"p602": 0
"p603": 0
"p604": 0.0009784717400426386
"p605": 0.00016370584881482604
"p606": 5.645029269476761E-06
"p607": 0
"p608": 0.00044595731228866414
"p609": 0.00019381267158536877
"p610": 4.892358700213193E-05
"p611": 0
"p612": 0.0006303616017582385
"p613": 0.00020886608297064017
"p614": 3.951520488633734E-05
"p615": 1.1290058538953523E-05
"p616": 0.005216007044996527
"p617": 0.0017198522507672533
"p618": 0.0002577896699727721
"p619": 1.3171734962112444E-05
"p620": 0.010729318964852167
"p621": 0.003546960057654565
"p622": 0.0004553656944044587
"p623": 1.5053411385271363E-05
"p624": 0.0005118159870992264
"p625": 0.00012042729108217089
"p626": 0
"p627": 0
"p628": 0.0016558752523798499
"p629": 0.0005626212505245172
