"p567": 0
"p568": 0.0008881512717310103
"p569": 0.00021639278866327584
"p570": 5.645029269476761E-06
"p571": 0
"p572": 0.0002483812878569775
"p573": 4.7041910578973015E-05
"p574": 0
"p575": 0
"p576": 7.526705692635681E-05
"p577": 1.3171734962112444E-05
"p578": 0
"p579": 0
"p580": 0
"p581": 0
"p582": 0
"p583": 0
"p584": 0.0004102054602486447
"p585": 7.33853805031979E-05
"p586": 0
"p587": 0
"p588": 0.0001467707610063958
"p589": 1.5053411385271365E-05
"p590": 0
"p591": 0
"p592": 0
"p593": 0
"p594": 0
"p595": 0
"p596": 0
"p597": 0
"p598": 0
"p599": 0
"p600": 9.220214473478711E-05
"p601": 9.408382115794602E-06
"p602": 0
"p603": 0
"p604": 0
"p605": 0
"p606": 0
"p607": 0
"p608": 0.00018816764231589203
"p609": 2.2580117077907045E-05
"p610": 0
"p611": 0
"p612": 1.6935087808430286E-05
"p613": 0
"p614": 0
"p615": 0
"p616": 0.003392662590955534
"p617": 0.0010104602392363403
"p618": 0.00022015614150959367
"p619": 3.387017561686057E-05
"p620": 0.0007470255399940914
"p621": 0.0001994577008548455
"p622": 1.3171734962112442E-05
"p623": 0
"p624": 3.575185204001949E-05
"p625": 1.1290058538953523E-05
"p626": 0
"p627": 0
"p628": 0
"p629": 0
