"p567": 0
"p568": 0.0003424651090149235
"p569": 9.784717400426385E-05
"p570": 2.446179350106597E-05
"p571": 1.8816764231589204E-06
"p572": 0.0029730487485910943
"p573": 0.001061265502661631
"p574": 0.00014488908458323686
"p575": 1.3171734962112444E-05
"p576": 9.220214473478709E-05
"p577": 0
"p578": 0
"p579": 0
"p580": 0.0007413805107246147
"p581": 0.0001016105268505817
"p582": 7.5267056926356815E-06
"p583": 0
"p584": 0.0007601972749562039
"p585": 0.00017311423093062066
"p586": 7.5267056926356815E-06
"p587": 0
"p588": 0.0026494004038077595
"p589": 0.0008373460083057195
"p590": 8.467543904215141E-05
"p591": 0
"p592": 0
"p593": 0
"p594": 0
"p595": 0
"p596": 0
"p597": 0
"p598": 0
"p599": 0
"p600": 0
"p601": 0
"p602": 0
"p603": 0
"p604": 0.00045724737082761767
"p605": 3.387017561686057E-05
"p606": 0
"p607": 0
"p608": 0.0003612818732465127
"p609": 0.00010161052685058171
"p610": 1.8816764231589203E-05
"p611": 0
"p612": 0.0012023912343985502
"p613": 0.00031612163909069865
"p614": 3.0106822770542726E-05
"p615": 0
"p616": 0.006192597108616006
"p617": 0.0023332787647170616
"p618": 0.0004177321659412804
"p619": 1.1290058538953523E-05
"p620": 0.014829491890915456
"p621": 0.005520838625548274
"p622": 0.001164757705935372
"p623": 4.139688130949624E-05
"p624": 1.5053411385271363E-05
"p625": 3.7633528463178407E-06
"p626": 0
"p627": 0
"p628": 0.00010913723254321737
"p629": 9.408382115794602E-06
