"p567": 0
"p568": 5.080526342529085E-05
"p569": 1.5053411385271363E-05
"p570": 3.7633528463178407E-06
"p571": 0
"p572": 0.00010537387969689954
"p573": 2.8225146347383805E-05
"p574": 3.7633528463178407E-06
"p575": 0
"p576": 0.0006736401594908935
"p577": 0.00018064093662325633
"p578": 2.4461793501065966E-05
"p579": 0
"p580": 0.0007921857741499054
"p581": 0.0002088660829706401
"p582": 3.0106822770542726E-05
"p583": 0
"p584": 0.00027848811062752024
"p585": 4.3278557732655166E-05
"p586": 0
"p587": 0
"p588": 0.00022015614150959367
"p589": 3.198849919370165E-05
"p590": 1.8816764231589204E-06
"p591": 0
"p592": 0.0013190551726344033
"p593": 0.00046101072367393553
"p594": 0.00010725555612005847
"p595": 1.6935087808430286E-05
"p596": 0.0012644865563627944
"p597": 0.00043278557732655173
"p598": 9.4083821157946E-05
"p599": 1.6935087808430286E-05
"p600": 0.0007564339221098859
"p601": 0.000259671346395931
"p602": 4.139688130949625E-05
"p603": 0
"p604": 0.0004309039009033928
"p605": 0.00014112573173691902
"p606": 2.4461793501065963E-05
"p607": 0
"p608": 0.0002107477593937991
"p609": 3.9515204886337324E-05
"p610": 0
"p611": 0
"p612": 0.0002709614049348845
"p613": 5.833196911792654E-05
"p614": 0
"p615": 0
"p616": 3.7633528463178407E-05
"p617": 5.645029269476761E-06
"p618": 0
"p619": 0
"p620": 1.3171734962112444E-05
"p621": 5.645029269476761E-06
"p622": 0
"p623": 0
"p624": 0.0008185292440741303
"p625": 0.00023709122931802397
"p626": 2.0698440654748124E-05
"p627": 0
"p628": 0.0014338374344470973
"p629": 0.00043843060659602847
