"p567": 0
"p568": 0.00041585048951812135
"p569": 0.00011290058538953522
"p570": 5.645029269476761E-06
"p571": 0
"p572": 0.0031386362738290785
"p573": 0.0009182580945015532
"p574": 4.139688130949625E-05
"p575": 0
"p576": 3.010682277054273E-05
"p577": 1.8816764231589204E-06
"p578": 0
"p579": 0
"p580": 0.00024461793501065964
"p581": 3.575185204001948E-05
"p582": 0
"p583": 0
"p584": 0.0022467216492517515
"p585": 0.000709392011530913
"p586": 0.00011854561465901199
"p587": 1.8816764231589204E-06
"p588": 0.007039351499037524
"p589": 0.002320107029754949
"p590": 0.0003236483447833343
"p591": 1.3171734962112444E-05
"p592": 0.00031988499193701646
"p593": 0.00010161052685058171
"p594": 1.8816764231589203E-05
"p595": 0
"p596": 0.001129005853895352
"p597": 0.0002878964927433148
"p598": 3.0106822770542726E-05
"p599": 0
"p600": 0.005502021861316684
"p601": 0.0022373132671359565
"p602": 0.00041585048951812146
"p603": 1.1290058538953523E-05
"p604": 0.011450001034922035
"p605": 0.004928110552253214
"p606": 0.0011233608246258757
"p607": 3.9515204886337324E-05
"p608": 1.8816764231589204E-06
"p609": 0
"p610": 0
"p611": 0
"p612": 1.5053411385271363E-05
"p613": 0
"p614": 0
"p615": 0
"p616": 0.0006886935708761649
"p617": 0.00021639278866327584
"p618": 1.1290058538953523E-05
"p619": 0
"p620": 0.00306713256974904
"p621": 0.001130887530318511
"p622": 3.951520488633733E-05
"p623": 1.8816764231589204E-06
"p624": 0.00014112573173691902
"p625": 5.080526342529084E-05
"p626": 0
"p627": 0
"p628": 0.0007451438635709322
"p629": 0.00024085458216434178
