"p567": 0.00026907972851172564
"p568": 0.005475678391392459
"p569": 0.002290000206984406
"p570": 0.000474182458636048
"p571": 1.3171734962112442E-05
"p572": 0.005340197688925015
"p573": 0.002169572915902235
"p574": 0.00039703372528653225
"p575": 1.5053411385271363E-05
"p576": 3.7633528463178407E-06
"p577": 0
"p578": 0
"p579": 0
"p580": 5.645029269476761E-06
"p581": 0
"p582": 0
"p583": 0
"p584": 0
"p585": 0
"p586": 0
"p587": 0
"p588": 0
"p589": 0
"p590": 0
"p591": 0
"p592": 5.645029269476761E-06
"p593": 0
"p594": 0
"p595": 0
"p596": 5.645029269476761E-06
"p597": 0
"p598": 0
"p599": 0
"p600": 0
"p601": 0
"p602": 0
"p603": 0
"p604": 0
"p605": 0
"p606": 0
"p607": 0
"p608": 1.3171734962112444E-05
"p609": 1.8816764231589204E-06
"p610": 0
"p611": 0
"p612": 1.6935087808430282E-05
"p613": 1.8816764231589204E-06
"p614": 0
"p615": 0
"p616": 1.8816764231589204E-06
"p617": 0
"p618": 0
"p619": 0
"p620": 0
"p621": 0
"p622": 0
"p623": 0
"p624": 3.575185204001948E-05
"p625": 1.8816764231589204E-06
"p626": 0
"p627": 0
"p628": 3.198849919370165E-05
"p629": 1.8816764231589204E-06
