"p567": 0
"p568": 3.3870175616860565E-05
"p569": 5.645029269476761E-06
"p570": 0
"p571": 0
"p572": 0.00012607232035164763
"p573": 2.0698440654748124E-05
"p574": 0
"p575": 0
"p576": 3.010682277054273E-05
"p577": 3.7633528463178407E-06
"p578": 0
"p579": 0
"p580": 1.5053411385271363E-05
"p581": 0
"p582": 0
"p583": 0
"p584": 0.0003180033155138575
"p585": 8.843879188846926E-05
"p586": 2.2580117077907045E-05
"p587": 5.645029269476761E-06
"p588": 0.0002671980520885667
"p589": 8.655711546531033E-05
"p590": 2.6343469924224887E-05
"p591": 5.645029269476761E-06
"p592": 0
"p593": 0
"p594": 0
"p595": 0
"p596": 5.645029269476761E-06
"p597": 5.645029269476761E-06
"p598": 0
"p599": 0
"p600": 0
"p601": 0
"p602": 0
"p603": 0
"p604": 9.408382115794602E-06
"p605": 3.7633528463178407E-06
"p606": 0
"p607": 0
"p608": 0
"p609": 0
"p610": 0
"p611": 0
"p612": 0
"p613": 0
"p614": 0
"p615": 0
"p616": 6.021364554108546E-05
"p617": 1.8816764231589203E-05
"p618": 3.7633528463178407E-06
"p619": 0
"p620": 5.833196911792653E-05
"p621": 2.6343469924224887E-05
"p622": 3.7633528463178407E-06
"p623": 0
"p624": 5.645029269476761E-06
"p625": 0
"p626": 0
"p627": 0
"p628": 2.8225146347383805E-05
"p629": 5.645029269476761E-06
