"p567": 0
"p568": 5.8331969117926534E-05
"p569": 2.4461793501065963E-05
"p570": 5.645029269476761E-06
"p571": 0
"p572": 0.0006491783659898276
"p573": 0.0002013393772780045
"p574": 2.6343469924224894E-05
"p575": 0
"p576": 0.0019324816865842114
"p577": 0.0006153081903729669
"p578": 0.00010725555612005848
"p579": 1.8816764231589204E-06
"p580": 0.006740164947755255
"p581": 0.0022598933842138636
"p582": 0.0003180033155138576
"p583": 1.3171734962112444E-05
"p584": 0.00041208713667180354
"p585": 0.00011478226181269415
"p586": 1.1290058538953523E-05
"p587": 0
"p588": 0.0007583155985330449
"p589": 0.0001806409366232563
"p590": 1.8816764231589203E-05
"p591": 0
"p592": 0.004421939594423463
"p593": 0.0018515696003883776
"p594": 0.0003763352846317841
"p595": 1.1290058538953523E-05
"p596": 0.010368037091605655
"p597": 0.004474626534271914
"p598": 0.0010405670620068832
"p599": 3.9515204886337324E-05
"p600": 0.0017461957206914781
"p601": 0.0007188003936467076
"p602": 9.784717400426387E-05
"p603": 0
"p604": 0.0025139197013403173
"p605": 0.0009577732993878905
"p606": 0.0001561791431221904
"p607": 0
"p608": 0.0006435333367203508
"p609": 0.0002145111122401169
"p610": 1.1290058538953523E-05
"p611": 0
"p612": 0.0030332623941321793
"p613": 0.0011290058538953522
"p614": 3.951520488633733E-05
"p615": 1.8816764231589204E-06
"p616": 7.338538050319788E-05
"p617": 1.6935087808430282E-05
"p618": 3.7633528463178407E-06
"p619": 0
"p620": 0.0001129005853895352
"p621": 4.516023415581409E-05
"p622": 1.5053411385271363E-05
"p623": 0
"p624": 0.0023445688232560146
"p625": 0.0007075103351077541
"p626": 5.080526342529084E-05
"p627": 0
"p628": 0.009636064962996833
"p629": 0.0030765409518648357
