"p567": 0
"p568": 0.017907914519203448
"p569": 0.0070092446762669795
"p570": 0.0014978144328345008
"p571": 0.00015994249596850823
"p572": 0.007496598869865138
"p573": 0.0029749304250142527
"p574": 0.0007639606278025217
"p575": 9.4083821157946E-05
"p576": 9.032046831162817E-05
"p577": 1.1290058538953523E-05
"p578": 0
"p579": 0
"p580": 0
"p581": 0
"p582": 0
"p583": 0
"p584": 0.005532128684087226
"p585": 0.001983286950009502
"p586": 0.0002766064342043613
"p587": 1.8816764231589203E-05
"p588": 0.0009822350928889564
"p589": 0.00027848811062752013
"p590": 2.2580117077907045E-05
"p591": 0
"p592": 0.001650230223110373
"p593": 0.00031423996266753966
"p594": 3.575185204001949E-05
"p595": 1.8816764231589204E-06
"p596": 0
"p597": 0
"p598": 0
"p599": 0
"p600": 0.006900107443723762
"p601": 0.002049145624820064
"p602": 0.00034434678543808245
"p603": 4.139688130949625E-05
"p604": 0.0013623337303670584
"p605": 0.0003180033155138575
"p606": 4.704191057897302E-05
"p607": 1.1290058538953523E-05
"p608": 0.0005513311919855637
"p609": 0.0001373623788906012
"p610": 1.3171734962112444E-05
"p611": 0
"p612": 1.1290058538953523E-05
"p613": 0
"p614": 0
"p615": 0
"p616": 0.01828048645098892
"p617": 0.006403344868009807
"p618": 0.0011779294408974844
"p619": 7.526705692635683E-05
"p620": 0.00582002517683054
"p621": 0.0016427035174177377
"p622": 0.00026907972851172564
"p623": 1.8816764231589203E-05
"p624": 0.0014902877271418648
"p625": 0.0005456861627160869
"p626": 0.00010161052685058171
"p627": 2.2580117077907045E-05
"p628": 0.0001204272910821709
"p629": 2.8225146347383808E-05
