"p567": 1.8816764231589203E-05
"p568": 0.0004139688130949625
"p569": 0.00011478226181269415
"p570": 1.1290058538953523E-05
"p571": 0
"p572": 0.002246721649251751
"p573": 0.0007658423042256805
"p574": 0.00010913723254321738
"p575": 0
"p576": 0.0006303616017582383
"p577": 0.00016935087808430283
"p578": 1.8816764231589204E-06
"p579": 0
"p580": 0.002878964927433148
"p581": 0.0009050863595394408
"p582": 3.951520488633733E-05
"p583": 1.8816764231589204E-06
"p584": 4.516023415581409E-05
"p585": 7.5267056926356815E-06
"p586": 0
"p587": 0
"p588": 0.0001580608195453493
"p589": 4.327855773265517E-05
"p590": 0
"p591": 0
"p592": 0.0007225637464930254
"p593": 0.00016558752523798497
"p594": 7.5267056926356815E-06
"p595": 0
"p596": 0.0031386362738290785
"p597": 0.0008618078018067854
"p598": 8.467543904215141E-05
"p599": 0
"p600": 0.00013736237889060116
"p601": 4.5160234155814084E-05
"p602": 1.1290058538953521E-05
"p603": 0
"p604": 0.000728208775762502
"p605": 0.00023520955289486504
"p606": 4.139688130949624E-05
"p607": 0
"p608": 0.0022448399728285913
"p609": 0.0006736401594908935
"p610": 0.00011101890896637632
"p611": 1.8816764231589204E-06
"p612": 0.008015941562657003
"p613": 0.002585423405420357
"p614": 0.0003424651090149235
"p615": 1.3171734962112444E-05
"p616": 0.0004534840179812998
"p617": 0.00011666393823585307
"p618": 1.1290058538953523E-05
"p619": 0
"p620": 0.0007244454229161844
"p621": 0.00016182417239166713
"p622": 1.8816764231589203E-05
"p623": 0
"p624": 0.005434281510082961
"p625": 0.0022297865614433207
"p626": 0.000380098637478102
"p627": 1.1290058538953523E-05
"p628": 0.015505013726829513
"p629": 0.006132383463074922
