"p567": 0
"p568": 0.00011854561465901199
"p569": 0
"p570": 0
"p571": 0
"p572": 0.00018064093662325636
"p573": 1.1290058538953523E-05
"p574": 0
"p575": 0
"p576": 0.00020133937727800442
"p577": 2.0698440654748124E-05
"p578": 0
"p579": 0
"p580": 0.0003349384033222878
"p581": 6.962202765688005E-05
"p582": 0
"p583": 0
"p584": 3.387017561686057E-05
"p585": 1.1290058538953523E-05
"p586": 1.8816764231589204E-06
"p587": 1.8816764231589204E-06
"p588": 9.22021447347871E-05
"p589": 2.0698440654748124E-05
"p590": 1.8816764231589204E-06
"p591": 1.8816764231589204E-06
"p592": 3.7633528463178407E-06
"p593": 0
"p594": 0
"p595": 0
"p596": 8.843879188846926E-05
"p597": 9.408382115794602E-06
"p598": 0
"p599": 0
"p600": 0
"p601": 0
"p602": 0
"p603": 0
"p604": 0
"p605": 0
"p606": 0
"p607": 0
"p608": 0.0014752343157565936
"p609": 0.000472300782212889
"p610": 0.00010725555612005847
"p611": 1.6935087808430286E-05
"p612": 0.0015015777856808184
"p613": 0.0004666557529434123
"p614": 9.4083821157946E-05
"p615": 1.6935087808430286E-05
"p616": 0.0007846590684572697
"p617": 0.000259671346395931
"p618": 4.139688130949625E-05
"p619": 0
"p620": 0.0004741824586360479
"p621": 0.00014300740816007796
"p622": 2.4461793501065963E-05
"p623": 0
"p624": 0.0011892194994364376
"p625": 0.0003255300212064933
"p626": 4.704191057897301E-05
"p627": 0
"p628": 0.0018421612182725829
"p629": 0.0005513311919855637
