"p567": 0
"p568": 0.00013548070246744226
"p569": 2.0698440654748124E-05
"p570": 0
"p571": 0
"p572": 2.4461793501065966E-05
"p573": 5.645029269476761E-06
"p574": 0
"p575": 0
"p576": 1.5053411385271363E-05
"p577": 0
"p578": 0
"p579": 0
"p580": 0
"p581": 0
"p582": 0
"p583": 0
"p584": 0.0005231060456381798
"p585": 0.0001561791431221904
"p586": 4.892358700213193E-05
"p587": 1.1290058538953523E-05
"p588": 9.220214473478709E-05
"p589": 2.2580117077907045E-05
"p590": 0
"p591": 0
"p592": 5.645029269476761E-06
"p593": 5.645029269476761E-06
"p594": 0
"p595": 0
"p596": 0
"p597": 0
"p598": 0
"p599": 0
"p600": 9.408382115794602E-06
"p601": 3.7633528463178407E-06
"p602": 0
"p603": 0
"p604": 0
"p605": 0
"p606": 0
"p607": 0
"p608": 0
"p609": 0
"p610": 0
"p611": 0
"p612": 0
"p613": 0
"p614": 0
"p615": 0
"p616": 0.00010725555612005845
"p617": 4.516023415581409E-05
"p618": 7.5267056926356815E-06
"p619": 0
"p620": 1.1290058538953523E-05
"p621": 0
"p622": 0
"p623": 0
"p624": 2.8225146347383805E-05
"p625": 5.645029269476761E-06
"p626": 0
"p627": 0
"p628": 0
"p629": 0
