"p567": 0
"p568": 0.001273894938478589
"p569": 0.00044031228301918735
"p570": 3.575185204001949E-05
"p571": 0
"p572": 0.0008956779774236461
"p573": 0.00025778966997277205
"p574": 1.8816764231589203E-05
"p575": 0
"p576": 0.00028789649274331484
"p577": 6.774035123372113E-05
"p578": 5.645029269476761E-06
"p579": 0
"p580": 0
"p581": 0
"p582": 0
"p583": 0
"p584": 4.8923587002131926E-05
"p585": 5.645029269476761E-06
"p586": 0
"p587": 0
"p588": 9.972885042742278E-05
"p589": 2.2580117077907045E-05
"p590": 1.8816764231589204E-06
"p591": 0
"p592": 0.00041020546024864466
"p593": 7.33853805031979E-05
"p594": 0
"p595": 0
"p596": 5.645029269476761E-06
"p597": 1.8816764231589204E-06
"p598": 0
"p599": 0
"p600": 0.00011854561465901196
"p601": 2.0698440654748124E-05
"p602": 1.8816764231589204E-06
"p603": 1.8816764231589204E-06
"p604": 0.00022203781793275258
"p605": 3.575185204001949E-05
"p606": 1.8816764231589204E-06
"p607": 1.8816764231589204E-06
"p608": 0.0009295481530405067
"p609": 0.00023709122931802394
"p610": 3.0106822770542726E-05
"p611": 0
"p612": 0
"p613": 0
"p614": 0
"p615": 0
"p616": 0.0007526705692635682
"p617": 0.0001542974666990315
"p618": 1.3171734962112442E-05
"p619": 0
"p620": 0.0004760641350592068
"p621": 9.596549758110493E-05
"p622": 1.1290058538953523E-05
"p623": 0
"p624": 0.0021319393874390568
"p625": 0.0006886935708761648
"p626": 0.0001392440553137601
"p627": 1.6935087808430286E-05
"p628": 1.3171734962112444E-05
"p629": 0
