"p567": 0
"p568": 0.00022203781793275258
"p569": 6.585867481056221E-05
"p570": 7.5267056926356815E-06
"p571": 0
"p572": 0.00018252261304641527
"p573": 5.080526342529086E-05
"p574": 3.7633528463178407E-06
"p575": 0
"p576": 0.0007921857741499054
"p577": 0.0002088660829706401
"p578": 3.0106822770542726E-05
"p579": 0
"p580": 0
"p581": 0
"p582": 0
"p583": 0
"p584": 0.0006981019529919595
"p585": 0.00015053411385271363
"p586": 1.3171734962112442E-05
"p587": 0
"p588": 0.00041396881309496247
"p589": 8.655711546531035E-05
"p590": 1.3171734962112444E-05
"p591": 0
"p592": 0.0012851849970175425
"p593": 0.0004309039009033928
"p594": 9.4083821157946E-05
"p595": 1.6935087808430286E-05
"p596": 1.5053411385271363E-05
"p597": 1.8816764231589204E-06
"p598": 0
"p599": 0
"p600": 0.0017857109255778156
"p601": 0.0006002547789876956
"p602": 0.0001373623788906012
"p603": 1.6935087808430286E-05
"p604": 0.0006510600424129864
"p605": 0.00019757602443168663
"p606": 2.4461793501065963E-05
"p607": 0
"p608": 0.0002709614049348845
"p609": 5.833196911792654E-05
"p610": 0
"p611": 0
"p612": 0
"p613": 0
"p614": 0
"p615": 0
"p616": 0.00013736237889060116
"p617": 2.6343469924224887E-05
"p618": 0
"p619": 0
"p620": 0.00010725555612005845
"p621": 2.4461793501065966E-05
"p622": 0
"p623": 0
"p624": 0.0014470091694092097
"p625": 0.00044219395944234633
"p626": 5.456861627160869E-05
"p627": 0
"p628": 0
"p629": 0
