"pr69": 1.502403640263554E-05
"pr70": 4.104643078865522E-05
"pr71": 1.5024036403174344E-05
"pr11": 4.104643078914948E-05
"pr12": 1.5024036403434207E-05
"pr13": 4.1046430789387696E-05
"pr14": 1.5024036403559641E-05
"pr15": 4.1046430789502614E-05
"pr16": 1.5024036403620234E-05
"pr17": 4.104643078955809E-05
"pr18": 1.5024036403649525E-05
"pr19": 4.10464307895849E-05
"pr20": 1.5024036403663694E-05
"pr21": 4.1046430789597855E-05
"pr22": 1.5024036403670555E-05
"pr23": 4.1046430789604116E-05
"pr24": 1.5024036403673879E-05
"pr25": 4.104643078960715E-05
"pr26": 1.502403640367549E-05
"pr27": 4.104643078960862E-05
"pr28": 1.502403640367627E-05
"pr29": 4.1046430789609334E-05
"pr30": 1.5024036403676649E-05
"pr31": 4.104643078960968E-05
"pr32": 1.5024036403676832E-05
"pr33": 4.1046430789609835E-05
"pr34": 1.5024036403676918E-05
"pr35": 4.1046430789609917E-05
"pr36": 1.5024036403676959E-05
"pr37": 4.104643078960995E-05
"pr38": 1.5024036403676979E-05
"pr39": 4.104643078960997E-05
"pr40": 1.5024036403676989E-05
"pr41": 4.104643078960997E-05
"pr42": 1.5024036403676994E-05
"pr43": 4.104643078960997E-05
"pr44": 1.5024036403676994E-05
"pr45": 4.104643078960997E-05
"pr46": 1.5024036403676992E-05
"pr47": 4.104643078960997E-05
"pr48": 1.5024036403676989E-05
"pr49": 4.104643078960997E-05
