"pr06": 1.6935087808430282E-05
"pr07": 5.645029269476759E-06
"pr08": 2.88523718217701E-05
"pr09": 1.0035607590180904E-05
"pr10": 3.5217548858134836E-05
"pr11": 1.2544509487726128E-05
"pr12": 3.8325283307357523E-05
"pr13": 1.3830508128397456E-05
"pr14": 3.978858634977072E-05
"pr15": 1.4458657727091906E-05
"pr16": 4.046700453407497E-05
"pr17": 1.4758343096598908E-05
"pr18": 4.077959381048155E-05
"pr19": 1.4899635631658779E-05
"pr20": 4.0923383665337416E-05
"pr21": 1.4965864962962525E-05
"pr22": 4.098956814685698E-05
"pr23": 1.499683201394874E-05
"pr24": 4.102008697318013E-05
"pr25": 1.5011302639590518E-05
"pr26": 4.103419337100079E-05
"pr27": 1.5018067952831038E-05
"pr28": 4.1040730895916706E-05
"pr29": 1.5021234438616346E-05
"pr30": 4.104376893518868E-05
"pr31": 1.502271870943713E-05
"pr32": 4.1045184553505844E-05
"pr33": 1.5023415623201711E-05
"pr34": 4.104584591286207E-05
"pr35": 1.5023743427404359E-05
"pr36": 4.1046155669365066E-05
"pr37": 1.5023897892647188E-05
"pr38": 4.1046301095374205E-05
"pr39": 1.5023970808420869E-05
"pr40": 4.1046369525547544E-05
"pr41": 1.5024005288604897E-05
"pr42": 4.104640179433731E-05
"pr43": 1.5024021621061285E-05
"pr44": 4.1046417041692954E-05
"pr45": 1.502402936996296E-05
"pr46": 4.104642425996107E-05
"pr47": 1.502403305215641E-05
"pr48": 4.104642768330678E-05
"pr49": 1.5024034804508575E-05
"pr50": 4.104642930961694E-05
"pr51": 1.5024035639640821E-05
"pr52": 4.104643008345378E-05
"pr53": 1.502403603818789E-05
"pr54": 4.104643045221921E-05
"pr55": 1.5024036228631728E-05
"pr56": 4.104643062820187E-05
"pr57": 1.5024036319746917E-05
"pr58": 4.104643071229781E-05
"pr59": 1.5024036363391069E-05
"pr60": 4.104643075253565E-05
"pr61": 1.502403638432009E-05
"pr62": 4.104643077181178E-05
"pr63": 1.50240363943671E-05
"pr64": 4.1046430781056713E-05
"pr65": 1.502403639919511E-05
"pr66": 4.1046430785495464E-05
"pr67": 1.5024036401517438E-05
"pr68": 4.104643078762885E-05
