"pr11": 0.24999999999999994
"pr12": 0.003472222222222222
"pr13": 0.3402777777777777
"pr14": 0.00935570987654321
"pr15": 0.3968942901234567
"pr16": 0.015641075102880653
"pr17": 0.4296714248971192
"pr18": 0.021031592935528115
"pr19": 0.44771840706447164
"pr20": 0.025089663351623222
"pr21": 0.45733221164837645
"pr22": 0.027894024586572155
"pr23": 0.4623403504134274
"pr24": 0.029719379806654206
"pr25": 0.46490952644334543
"pr26": 0.030856519684658065
"pr27": 0.4662137928153416
"pr28": 0.031541733004029654
"pr29": 0.46687135293346993
"pr30": 0.03194405509683443
"pr31": 0.4672014527156651
"pr32": 0.03217545928150467
"pr33": 0.4673667770466198
"pr34": 0.03230636232396465
"pr35": 0.46744949705103467
"pr36": 0.03237941502264021
"pr37": 0.4674908852703279
"pr38": 0.03241972970750037
"pr39": 0.4675116057417177
"pr40": 0.03244177132118782
"pr41": 0.467521989054788
"pr42": 0.032453728313638006
"pr43": 0.4675271982000331
"pr44": 0.032460171718723826
"pr45": 0.46752981470095306
"pr46": 0.032463624269572465
"pr47": 0.46753113052168643
"pr48": 0.032465465184267794
"pr49": 0.46753179300207165
"pr50": 0.03246644258369551
"pr51": 0.4675321269048289
"pr52": 0.032466959573774525
"pr53": 0.4675322953681647
"pr54": 0.032467232127352294
"pr55": 0.46753238044245565
"pr56": 0.03246737539156222
"pr57": 0.46753242344276064
"pr58": 0.032467450496958386
"pr59": 0.4675324451949122
"pr60": 0.03246748977622162
"pr61": 0.4675324562070679
"pr62": 0.03246751027409987
"pr63": 0.4675324617862217
"pr64": 0.032467520949618245
"pr65": 0.4675324646148807
"pr66": 0.03246752649936903
"pr67": 0.46753246605004917
"pr68": 0.03246752937957238
"pr69": 0.4675324667787208
"pr70": 0.0324675308719921
"pr71": 0.46753246714894614
