"pr11": 0.032467531644180786
"pr12": 0.4675324673371838
"pr13": 0.03246753204317032
"pr14": 0.46753246743295945
"pr15": 0.032467532249063236
"pr16": 0.46753246748172506
"pr17": 0.032467532355182765
"pr18": 0.46753246750657274
"pr19": 0.03246753240981537
"pr20": 0.4675324675192426
"pr21": 0.03246753243791087
"pr22": 0.4675324675257079
"pr23": 0.032467532452344405
"pr24": 0.46753246752900945
"pr25": 0.03246753245975205
"pr26": 0.46753246753069677
"pr27": 0.03246753246355024
"pr28": 0.46753246753155964
"pr29": 0.03246753246549597
"pr30": 0.4675324675320014
"pr31": 0.03246753246649183
"pr32": 0.46753246753222766
"pr33": 0.032467532467001126
"pr34": 0.46753246753234357
"pr35": 0.03246753246726136
"pr36": 0.4675324675324031
"pr37": 0.03246753246739423
"pr38": 0.46753246753243355
"pr39": 0.03246753246746201
"pr40": 0.46753246753244926
"pr41": 0.03246753246749655
"pr42": 0.46753246753245736
"pr43": 0.03246753246751416
"pr44": 0.4675324675324615
"pr45": 0.03246753246752311
"pr46": 0.4675324675324636
"pr47": 0.03246753246752767
"pr48": 0.4675324675324647
"pr49": 0.03246753246752998
"pr50": 0.4675324675324652
"pr51": 0.03246753246753116
"pr52": 0.46753246753246547
"pr53": 0.03246753246753176
"pr54": 0.4675324675324656
"pr55": 0.03246753246753206
"pr56": 0.4675324675324657
"pr57": 0.032467532467532215
"pr58": 0.4675324675324657
"pr59": 0.03246753246753229
"pr60": 0.4675324675324657
"pr61": 0.03246753246753231
"pr62": 0.4675324675324657
"pr63": 0.032467532467532347
"pr64": 0.4675324675324657
"pr65": 0.03246753246753235
"pr66": 0.4675324675324657
"pr67": 0.03246753246753235
"pr68": 0.4675324675324657
"pr69": 0.03246753246753237
"pr70": 0.4675324675324657
"pr71": 0.03246753246753237
